32
1 0.0328397386 0.0249770754 0.036977773 0.0039934123 0.0393596205 0.0443539895 0.0334144561 0.0233463278 0.0403315605 0.0279568234 0.0343500392 0.0478371855 0.0277285891 0.0224868244 0.0166825726 0.0289816706 0.0433999429 0.0268727904 0.047081918 0.0173785113 0.0139067346 0.0407960929 0.0133703227 0.0250572007 0.0446152311 0.0523476072 0.0377076247 0.0306321194 0.0285975911 0.0415009146 0.0036185936 0.0474991463 
2 0.0249770754 0.0614883687 0.0184907118 0.0264401205 0.0098775809 0.0335036923 0.0000523841000000000 0.0140812495 0.0355849409 0.0386917912 0.0314610977 0.0303945484 0.0182315578 0.0215958705 0.0388681096 0.0331591076 0.0198970393 0.0214273818 0.0197101626 0.0748278177 0.0327094214 0.0369086101 0.0198652549 0.0691805708 0.0473134962 0.0324881047 0.0215130518 0.0240147948 0.028227595 0.0404314739 0.037703699 0.0368833193 
3 0.036977773 0.0184907118 0.0328427581 0.0504230617 0.0276004592 0.0236736056 0.0215090048 0.0432409996 0.0141819499 0.0357258098 0.0386173427 0.0347656528 0.0397079604 0.0436295163 0.006950016 0.0869472066 0.0432728114 0.0372852246 0.0268536818 0.0211577738 0.0324862735 0.009957961 0.0561322578 0.0179230817 0.0351300588 0.0364995659 0.0235794935 0.036160147 0.0214520453 0.0199161485 0.0163127591 0.0105968878 
4 0.0039934123 0.0264401205 0.0504230617 0.0295731023 0.0262537263 0.0236607977 0.0199297784 0.023902482 0.0420580792 0.0410183711 0.068135967 0.0311397365 0.0213393438 0.0125221716 0.04292508 0.0153799388 0.0455840774 0.0398908548 0.0536055637 0.0413450949 0.0442593689 0.0427833787 0.0108604252 0.0182047293 0.0377610793 0.0200323966 0.0348222022 0.0104620234 0.0201967346 0.0344412551 0.0332370509 0.0338185956 
5 0.0393596205 0.0098775809 0.0276004592 0.0262537263 0.0279705929 0.0394614887 0.0526732522 0.0321069762 0.0525519285 0.0190525066 0.0323585807 0.0147536113 0.030062607 0.037356624 0.0313541867 0.0367932189 0.0396222653 0.0547345615 0.033381075 0.0296243964 0.0120713399 0.0138164148 0.0250028165 0.0334731557 0.0200204808 0.056596553 0.0513448887 0.0179858415 0.0390128324 0.027211172 0.0201462264 0.0163690196 
6 0.0443539895 0.0335036923 0.0236736056 0.0236607977 0.0394614887 0.0449897778 0.031337365 0.0194188603 0.0470177104 0.0314347693 0.0095508936 0.0240759469 0.0212897563 0.050704343 0.0351879529 0.0284051812 0.0643919288 0.0133999196 0.0345080916 0.0353010157 0.0620009619 0.0138568229 0.0463429582 0.026560203 0.0267005749 0.0587604069 0.0123373757 0.0350284782 0.0127563989 0.0046612989 0.0205160702 0.0248113643 
7 0.0334144561 0.0000523841000000000 0.0215090048 0.0199297784 0.0526732522 0.031337365 0.0189044423 0.0168677343 0.0105992282 0.0461633058 0.0286762772 0.0169803257 0.0345588998 0.0280464423 0.0175324749 0.0157312072 0.0267246926 0.0444517969 0.0378672017 0.0582775234 0.0291964352 0.0257492666 0.0446544455 0.0399759928 0.0605962853 0.0117068583 0.0557888395 0.0253550905 0.0393340433 0.0705182 0.0143548832 0.0224718671 
8 0.0233463278 0.0140812495 0.0432409996 0.023902482 0.0321069762 0.0194188603 0.0168677343 0.0569461663 0.0246937057 0.0394369331 0.0323779262 0.0263694968 0.0470972863 0.0405866929 0.0193684842 0.04367163 0.0313478589 0.0181219581 0.0178297039 0.0215623347 0.0426155641 0.0571285665 0.0193844372 0.025704473 0.0313964112 0.0331569803 0.0379899184 0.0425439468 0.0221649896 0.0241267455 0.0464287736 0.0249843869 
9 0.0403315605 0.0355849409 0.0141819499 0.0420580792 0.0525519285 0.0470177104 0.0105992282 0.0246937057 0.0784812991 0.0052043353 0.0197604053 0.0355972414 0.0321155328 0.0469980099 0.0311564036 0.0097026931 0.0356977145 0.020512495 0.0433818952 0.0215936723 0.0366554124 0.0367137001 0.053573921 0.0491644682 0.0288821926 0.0 0.0315139573 0.0139570845 0.0371977104 0.0116324073 0.0263722171 0.0271161284 
10 0.0279568234 0.0386917912 0.0357258098 0.0410183711 0.0190525066 0.0314347693 0.0461633058 0.0394369331 0.0052043353 0.0321376115 0.0577455139 0.0205193347 0.0218127737 0.0279890352 0.0622014748 0.0390284138 0.0193435487 0.0137638677 0.0102368807 0.0354912794 0.0412675046 0.0436107617 0.0216385114 0.0263491651 0.0356215192 0.0336675306 0.027431004 0.0272339164 0.0327706813 0.0319222686 0.0101943572 0.0433384004 
11 0.0343500392 0.0314610977 0.0386173427 0.068135967 0.0323585807 0.0095508936 0.0286762772 0.0323779262 0.0197604053 0.0577455139 0.0244424006 0.0457758901 0.0459075484 0.0345638033 0.0304813425 0.0495161886 0.008171965 0.0183581052 0.0374546343 0.0294173548 0.0078463532 0.0108291728 0.040590062 0.0361805209 0.017860441 0.0166927956 0.0276189363 0.0059420447 0.036766941 0.0364116649 0.0351766736 0.0509611176 
12 0.0478371855 0.0303945484 0.0347656528 0.0311397365 0.0147536113 0.0240759469 0.0169803257 0.0263694968 0.0355972414 0.0205193347 0.0457758901 0.0261649354 0.0394252242 0.0460302554 0.0027150753 0.0200482146 0.0382745669 0.0370873546 0.0402059673 0.0353412206 0.0258787118 0.035239521 0.0495070354 0.0371720549 0.0449210254 0.0133991739 0.0477916025 0.0342361915 0.0273565303 0.0140903776 0.0394155036 0.0174904879 
13 0.0277285891 0.0182315578 0.0397079604 0.0213393438 0.030062607 0.0212897563 0.0345588998 0.0470972863 0.0321155328 0.0218127737 0.0459075484 0.0394252242 0.0241637149 0.0208608489 0.0352458561 0.0479358374 0.0382987603 0.0197487124 0.0209995092 0.019326496 0.0123486692 0.0215333279 0.043144657 0.0214891125 0.0171028857 0.0515894171 0.0605471206 0.0251556569 0.0662048132 0.0420632261 0.0250624078 0.0079018912 
14 0.0224868244 0.0215958705 0.0436295163 0.0125221716 0.037356624 0.050704343 0.0280464423 0.0405866929 0.0469980099 0.0279890352 0.0345638033 0.0460302554 0.0208608489 0.0155293438 0.0375562621 0.0237356826 0.0261670539 0.0151560523 0.0262012285 0.0250788049 0.0319002558 0.0345760011 0.0089854491 0.0633936861 0.0306421326 0.0255296166 0.0245684466 0.0385657739 0.0366868739 0.037737559 0.0274273338 0.0371920058 
15 0.0166825726 0.0388681096 0.006950016 0.04292508 0.0313541867 0.0351879529 0.0175324749 0.0193684842 0.0311564036 0.0622014748 0.0304813425 0.0027150753 0.0352458561 0.0375562621 0.0054628113 0.0519017298 0.0269417307 0.0531092021 0.0500015657 0.0111670545 0.0521557136 0.0308989135 0.036370406 0.0168149999 0.031113397 0.0402370905 0.0271177485 0.0327802921 0.0184129764 0.032653264 0.0287621567 0.0458736562 
16 0.0289816706 0.0331591076 0.0869472066 0.0153799388 0.0367932189 0.0284051812 0.0157312072 0.04367163 0.0097026931 0.0390284138 0.0495161886 0.0200482146 0.0479358374 0.0237356826 0.0519017298 0.0288358718 0.0374226769 0.0363017306 0.0235130562 0.0374847343 0.0084321882 0.0240336243 0.0258789586 0.016745452 0.038372119 0.0063017677 0.0288489049 0.0341336572 0.0215371964 0.0328894036 0.024152067 0.0441786705 
17 0.0433999429 0.0198970393 0.0432728114 0.0455840774 0.0396222653 0.0643919288 0.0267246926 0.0313478589 0.0356977145 0.0193435487 0.008171965 0.0382745669 0.0382987603 0.0261670539 0.0269417307 0.0374226769 0.0059935232 0.0268477306 0.0377099016 0.0179649752 0.0278116484 0.026989008 0.0354056757 0.0432287039 0.0559969881 0.0246766003 0.010941881 0.0185427382 0.030697622 0.0333467264 0.0395622508 0.0197253931 
18 0.0268727904 0.0214273818 0.0372852246 0.0398908548 0.0547345615 0.0133999196 0.0444517969 0.0181219581 0.020512495 0.0137638677 0.0183581052 0.0370873546 0.0197487124 0.0151560523 0.0531092021 0.0363017306 0.0268477306 0.0031832838 0.0539765489 0.0302815884 0.0457303902 0.044948164 0.0315359524 0.0303813446 0.0149027773 0.0423724874 0.0308814855 0.0380603429 0.0529465804 0.0504109517 0.0238878575 0.0094305068 
19 0.047081918 0.0197101626 0.0268536818 0.0536055637 0.033381075 0.0345080916 0.0378672017 0.0178297039 0.0433818952 0.0102368807 0.0374546343 0.0402059673 0.0209995092 0.0262012285 0.0500015657 0.0235130562 0.0377099016 0.0539765489 0.0104015441 0.0161582115 0.0480710114 0.0392126191 0.0363913479 0.0141316377 0.0285168194 0.0096004638 0.0218391137 0.0466051065 0.0387620862 0.0209575476 0.0195767337 0.0352571717 
20 0.0173785113 0.0748278177 0.0211577738 0.0413450949 0.0296243964 0.0353010157 0.0582775234 0.0215623347 0.0215936723 0.0354912794 0.0294173548 0.0353412206 0.019326496 0.0250788049 0.0111670545 0.0374847343 0.0179649752 0.0302815884 0.0161582115 0.003714367 0.0159851792 0.0402710184 0.0409017313 0.0491313652 0.0201792685 0.0389629886 0.039056172 0.0533317129 0.0205023464 0.0512680739 0.0153091302 0.0326067865 
21 0.0139067346 0.0327094214 0.0324862735 0.0442593689 0.0120713399 0.0620009619 0.0291964352 0.0426155641 0.0366554124 0.0412675046 0.0078463532 0.0258787118 0.0123486692 0.0319002558 0.0521557136 0.0084321882 0.0278116484 0.0457303902 0.0480710114 0.0159851792 0.0 0.0583246602 0.0285031844 0.0291752501 0.0202602712 0.0405543017 0.041025395 0.0199063112 0.0306584979 0.0075767975 0.053955749 0.0467304444 
22 0.0407960929 0.0369086101 0.009957961 0.0427833787 0.0138164148 0.0138568229 0.0257492666 0.0571285665 0.0367137001 0.0436107617 0.0108291728 0.035239521 0.0215333279 0.0345760011 0.0308989135 0.0240336243 0.026989008 0.044948164 0.0392126191 0.0402710184 0.0583246602 0.0259164721 0.0260274144 0.0330575616 0.0267862567 0.0314476813 0.0241795967 0.0280975415 0.0279264466 0.0074167724 0.0651043086 0.0158623424 
23 0.0133703227 0.0198652549 0.0561322578 0.0108604252 0.0250028165 0.0463429582 0.0446544455 0.0193844372 0.053573921 0.0216385114 0.040590062 0.0495070354 0.043144657 0.0089854491 0.036370406 0.0258789586 0.0354056757 0.0315359524 0.0363913479 0.0409017313 0.0285031844 0.0260274144 0.0252129545 0.0110049086 0.0220451647 0.0400523445 0.0394956877 0.042537059 0.0357824001 0.0374853532 0.0235585577 0.0087583454 
24 0.0250572007 0.0691805708 0.0179230817 0.0182047293 0.0334731557 0.026560203 0.0399759928 0.025704473 0.0491644682 0.0263491651 0.0361805209 0.0371720549 0.0214891125 0.0633936861 0.0168149999 0.016745452 0.0432287039 0.0303813446 0.0141316377 0.0491313652 0.0291752501 0.0330575616 0.0110049086 0.0160543189 0.0261892259 0.0343089407 0.021791074 0.0672031944 0.0336434406 0.0327659127 0.0289541906 0.0055900638 
25 0.0446152311 0.0473134962 0.0351300588 0.0377610793 0.0200204808 0.0267005749 0.0605962853 0.0313964112 0.0288821926 0.0356215192 0.017860441 0.0449210254 0.0171028857 0.0306421326 0.031113397 0.038372119 0.0559969881 0.0149027773 0.0285168194 0.0201792685 0.0202602712 0.0267862567 0.0220451647 0.0261892259 0.0405870922 0.0373917808 0.0095246751 0.0401109317 0.0272344733 0.023607889 0.0263489757 0.0322680805 
26 0.0523476072 0.0324881047 0.0364995659 0.0200323966 0.056596553 0.0587604069 0.0117068583 0.0331569803 0.0 0.0336675306 0.0166927956 0.0133991739 0.0515894171 0.0255296166 0.0402370905 0.0063017677 0.0246766003 0.0423724874 0.0096004638 0.0389629886 0.0405543017 0.0314476813 0.0400523445 0.0343089407 0.0373917808 0.0091771783 0.0183460105 0.0671348928 0.0218041692 0.0281794453 0.0321377984 0.0348470515 
27 0.0377076247 0.0215130518 0.0235794935 0.0348222022 0.0513448887 0.0123373757 0.0557888395 0.0379899184 0.0315139573 0.027431004 0.0276189363 0.0477916025 0.0605471206 0.0245684466 0.0271177485 0.0288489049 0.010941881 0.0308814855 0.0218391137 0.039056172 0.041025395 0.0241795967 0.0394956877 0.021791074 0.0095246751 0.0183460105 0.0306182993 0.0265157813 0.0046863185 0.0428291026 0.035324988 0.0524233041 
28 0.0306321194 0.0240147948 0.036160147 0.0104620234 0.0179858415 0.0350284782 0.0253550905 0.0425439468 0.0139570845 0.0272339164 0.0059420447 0.0342361915 0.0251556569 0.0385657739 0.0327802921 0.0341336572 0.0185427382 0.0380603429 0.0466051065 0.0533317129 0.0199063112 0.0280975415 0.042537059 0.0672031944 0.0401109317 0.0671348928 0.0265157813 0.0 0.0507193698 0.002097031 0.0218221663 0.0431287616 
29 0.0285975911 0.028227595 0.0214520453 0.0201967346 0.0390128324 0.0127563989 0.0393340433 0.0221649896 0.0371977104 0.0327706813 0.036766941 0.0273565303 0.0662048132 0.0366868739 0.0184129764 0.0215371964 0.030697622 0.0529465804 0.0387620862 0.0205023464 0.0306584979 0.0279264466 0.0357824001 0.0336434406 0.0272344733 0.0218041692 0.0046863185 0.0507193698 0.0408235513 0.0196141827 0.0374080839 0.0381144782 
30 0.0415009146 0.0404314739 0.0199161485 0.0344412551 0.027211172 0.0046612989 0.0705182 0.0241267455 0.0116324073 0.0319222686 0.0364116649 0.0140903776 0.0420632261 0.037737559 0.032653264 0.0328894036 0.0333467264 0.0504109517 0.0209575476 0.0512680739 0.0075767975 0.0074167724 0.0374853532 0.0327659127 0.023607889 0.0281794453 0.0428291026 0.002097031 0.0196141827 0.0315251506 0.0564169774 0.0522947065 
31 0.0036185936 0.037703699 0.0163127591 0.0332370509 0.0201462264 0.0205160702 0.0143548832 0.0464287736 0.0263722171 0.0101943572 0.0351766736 0.0394155036 0.0250624078 0.0274273338 0.0287621567 0.024152067 0.0395622508 0.0238878575 0.0195767337 0.0153091302 0.053955749 0.0651043086 0.0235585577 0.0289541906 0.0263489757 0.0321377984 0.035324988 0.0218221663 0.0374080839 0.0564169774 0.0530445116 0.0587069477 
32 0.0474991463 0.0368833193 0.0105968878 0.0338185956 0.0163690196 0.0248113643 0.0224718671 0.0249843869 0.0271161284 0.0433384004 0.0509611176 0.0174904879 0.0079018912 0.0371920058 0.0458736562 0.0441786705 0.0197253931 0.0094305068 0.0352571717 0.0326067865 0.0467304444 0.0158623424 0.0087583454 0.0055900638 0.0322680805 0.0348470515 0.0524233041 0.0431287616 0.0381144782 0.0522947065 0.0587069477 0.022768671 
