10
1 0.0 0.0668833231 0.1520688705 0.1245344259 0.0674998886 0.0847919603 0.1522010305 0.1324155783 0.1214568589 0.0981480643
2 0.0668833231 0.0 0.1693898961 0.0906737479 0.0875854836 0.0642346582 0.1006622685 0.1961819381 0.1041833457 0.1202053389
3 0.1520688705 0.1693898961 0.0 0.1063550626 0.1813539326 0.0065890347 0.0218488186 0.0560825832 0.1745148613 0.13179694
4 0.1245344259 0.0906737479 0.1063550626 0.0 0.1221437363 0.0618585124 0.1621247821 0.1308660831 0.1246601447 0.0767835051
5 0.0674998886 0.0875854836 0.1813539326 0.1221437363 0.0 0.1659157464 0.1099315176 0.0843941954 0.0631738427 0.118001657
6 0.0847919603 0.0642346582 0.0065890347 0.0618585124 0.1659157464 0.0 0.1577404542 0.1468841812 0.0852268178 0.2267586347
7 0.1522010305 0.1006622685 0.0218488186 0.1621247821 0.1099315176 0.1577404542 0.0 0.0975496213 0.1665752919 0.0313662153
8 0.1324155783 0.1961819381 0.0560825832 0.1308660831 0.0843941954 0.1468841812 0.0975496213 0.0 0.059447506 0.0961783134
9 0.1214568589 0.1041833457 0.1745148613 0.1246601447 0.0631738427 0.0852268178 0.1665752919 0.059447506 0.0 0.1007613313
10 0.0981480643 0.1202053389 0.13179694 0.0767835051 0.118001657 0.2267586347 0.0313662153 0.0961783134 0.1007613313 0.0
