32
1 0.0050337427 0.0269733243 0.0527301654 0.0353956599 0.0189673831 0.0245595947 0.011566218 0.0244038419 0.036973985 0.017879823 0.042029221 0.0579469063 0.0288854082 0.033425534 0.0314805203 0.0194993519 0.050866212 0.0590169919 0.0488574557 0.020334201 0.024892014 0.0191553793 0.0257889636 0.0504224887 0.0129529543 0.0425684228 0.0338471507 0.0100083602 0.0405016843 0.0287223885 0.0235070693 0.0408075841 
2 0.0269733243 0.0059628518 0.0599998381 0.0402341925 0.0398612959 0.0136152823 0.0338409082 0.0289340438 0.0250639527 0.032502584 0.0216909865 0.0299484602 0.0260653622 0.0433002257 0.0056645149 0.0519444285 0.0432972838 0.0516647198 0.0332992278 0.0160129595 0.0493767884 0.0392084267 0.038021299 0.0366966652 0.0187646236 0.026037623 0.0190048319 0.0235111818 0.0221803851 0.0268703546 0.0254701577 0.0449812206 
3 0.0527301654 0.0599998381 0.0522855167 0.0330663008 0.0381840903 0.0204254326 0.0314766363 0.0059618643 0.0224015893 0.0279230647 0.0442388824 0.0098093309 0.0151045293 0.0282516297 0.0373077843 0.034801758 0.0355011956 0.0529275265 0.0182485949 0.0183397606 0.0299987163 0.0324984198 0.0267809517 0.0434336742 0.0155666557 0.0462473779 0.0310806503 0.0242197227 0.0241012786 0.0384804286 0.0202375042 0.0283691294 
4 0.0353956599 0.0402341925 0.0330663008 0.0382850927 0.0382238357 0.020004059 0.0401945007 0.0545791849 0.0246741759 0.0 0.0263664193 0.0495298466 0.0207524875 0.0218994049 0.0234927793 0.0461106273 0.0263983884 0.0458191721 0.0295395605 0.0346208177 0.0202421221 0.0312153566 0.0127492819 0.0179864666 0.0405090874 0.028391033 0.0360911085 0.0222900708 0.0294542719 0.0437459913 0.0322265113 0.0359121929 
5 0.0189673831 0.0398612959 0.0381840903 0.0382238357 0.014059032 0.0501639477 0.021539502 0.0164190628 0.0092607776 0.0363222563 0.0573825636 0.0408409954 0.0188121584 0.0174151019 0.0366867986 0.0389819049 0.0415264994 0.0156639699 0.0232879692 0.0473004331 0.0269197522 0.034114599 0.0209078196 0.027641302 0.0349991627 0.013432109 0.0322179585 0.0527131974 0.0371025055 0.0204449483 0.0566576812 0.021949387 
6 0.0245595947 0.0136152823 0.0204254326 0.020004059 0.0501639477 0.0 0.0270557563 0.0337745543 0.0284455752 0.0291762741 0.0362054671 0.0318907917 0.0457907011 0.0423503528 0.0352306279 0.0335432926 0.0470018794 0.0461759374 0.0440707694 0.0153913812 0.0170646424 0.0126912745 0.0433013307 0.0380067346 0.0490671413 0.023538099 0.0418137403 0.0499288108 0.0314352248 0.0189923437 0.0331858718 0.0161031095 
7 0.011566218 0.0338409082 0.0314766363 0.0401945007 0.021539502 0.0270557563 0.0279847084 0.0418602799 0.024932638 0.0368675931 0.0085703844 0.0314888423 0.0199609014 0.0557537165 0.0493861128 0.0287618867 0.0597706433 0.0157686755 0.0295368624 0.0620360766 0.0259102962 0.0390905572 0.0229986017 0.0230766769 0.0225846174 0.0303691466 0.0480883292 0.0266890376 0.0505809069 0.0316979857 0.0126262875 0.0079347142 
8 0.0244038419 0.0289340438 0.0059618643 0.0545791849 0.0164190628 0.0337745543 0.0418602799 0.009992405 0.0197367151 0.027214822 0.0160764491 0.0388157714 0.0137306013 0.0288944639 0.0453574381 0.0152069766 0.0129539992 0.0512922834 0.0416764303 0.036931544 0.0434270491 0.0479813442 0.0823045778 0.0301525775 0.0442974462 0.0212922505 0.0252846228 0.0105247919 0.0536196384 0.0193032094 0.0342730509 0.02372671 
9 0.036973985 0.0250639527 0.0224015893 0.0246741759 0.0092607776 0.0284455752 0.024932638 0.0197367151 0.0659178913 0.0233571049 0.029572709 0.0215551445 0.0220914997 0.029934868 0.0434333754 0.0301990963 0.0383600314 0.0369751929 0.0219751056 0.014622202 0.0191864814 0.0245304021 0.0523857535 0.0455800635 0.0145384393 0.0455345643 0.0317558138 0.0339865123 0.0387443218 0.0579075537 0.0282894314 0.038077033 
10 0.017879823 0.032502584 0.0279230647 0.0 0.0363222563 0.0291762741 0.0368675931 0.027214822 0.0233571049 0.0506832754 0.0339628758 0.041643695 0.021127042 0.0174517923 0.0142239658 0.040365224 0.0325761737 0.0332510418 0.0388560115 0.003729343 0.0364675745 0.0518769571 0.040288216 0.0246231615 0.0408930208 0.0250981564 0.0350781103 0.0298885927 0.0335155828 0.0373144718 0.046890943 0.0389512506 
11 0.042029221 0.0216909865 0.0442388824 0.0263664193 0.0573825636 0.0362054671 0.0085703844 0.0160764491 0.029572709 0.0339628758 0.0328679276 0.0244225622 0.0330180066 0.0328454225 0.0295536813 0.038876992 0.0302866074 0.0234605971 0.0153414555 0.0285520264 0.0516042607 0.0305928177 0.02121682 0.0440980306 0.0439074895 0.0157465055 0.0487130077 0.0436237001 0.0378908065 0.0229382834 0.0124242132 0.021922828 
12 0.0579469063 0.0299484602 0.0098093309 0.0495298466 0.0408409954 0.0318907917 0.0314888423 0.0388157714 0.0215551445 0.041643695 0.0244225622 0.011555651 0.034216753 0.0220080378 0.0111693965 0.0052258296 0.0131645433 0.023649706 0.0309917594 0.0414608952 0.0314672395 0.0325371165 0.0539330254 0.040468798 0.0438892429 0.04031909 0.0382734104 0.05351712 0.0298887201 0.0176571018 0.0121560404 0.0345581767 
13 0.0288854082 0.0260653622 0.0151045293 0.0207524875 0.0188121584 0.0457907011 0.0199609014 0.0137306013 0.0220914997 0.021127042 0.0330180066 0.034216753 0.04707323 0.0458393208 0.0403624973 0.024310082 0.0328897421 0.0346987358 0.0209117735 0.0338573771 0.0660408534 0.0291320873 0.028115186 0.0242785175 0.0150531401 0.0306455371 0.0242047956 0.0438471863 0.0275656842 0.0315683493 0.0594356295 0.0406148245 
14 0.033425534 0.0433002257 0.0282516297 0.0218994049 0.0174151019 0.0423503528 0.0557537165 0.0288944639 0.029934868 0.0174517923 0.0328454225 0.0220080378 0.0458393208 0.024827072 0.0362807562 0.0234343304 0.0185814684 0.0366945481 0.0224445605 0.0328233958 0.0453361316 0.0442015733 0.0339350886 0.0242386586 0.0291905896 0.0284099998 0.0155828442 0.0563706559 0.0182895178 0.0332018092 0.0304362776 0.0263508514 
15 0.0314805203 0.0056645149 0.0373077843 0.0234927793 0.0366867986 0.0352306279 0.0493861128 0.0453574381 0.0434333754 0.0142239658 0.0295536813 0.0111693965 0.0403624973 0.0362807562 0.0223477111 0.0223789969 0.0177684511 0.0188959082 0.0335337012 0.0363599603 0.0415139132 0.0405751794 0.0287420082 0.0183176901 0.0359165374 0.0357966336 0.0295450429 0.0379803209 0.0300892332 0.0282748699 0.032108875 0.0502247188 
16 0.0194993519 0.0519444285 0.034801758 0.0461106273 0.0389819049 0.0335432926 0.0287618867 0.0152069766 0.0301990963 0.040365224 0.038876992 0.0052258296 0.024310082 0.0234343304 0.0223789969 0.0309903732 0.0328651778 0.0273747709 0.0111846389 0.0541536472 0.0146262656 0.0299993192 0.0278822341 0.0499377462 0.0415678207 0.0107014905 0.0367489907 0.0386500514 0.0451017871 0.0360574055 0.0337496965 0.0247678066 
17 0.050866212 0.0432972838 0.0355011956 0.0263983884 0.0415264994 0.0470018794 0.0597706433 0.0129539992 0.0383600314 0.0325761737 0.0302866074 0.0131645433 0.0328897421 0.0185814684 0.0177684511 0.0328651778 0.077252195 0.0205120458 0.0333035308 0.0277129584 0.0195270483 0.0134073235 0.0252171714 0.0454967486 0.053138648 0.03691892 0.0229774698 0.0108098492 0.0169705712 0.0239320759 0.0128715113 0.0261436365 
18 0.0590169919 0.0516647198 0.0529275265 0.0458191721 0.0156639699 0.0461759374 0.0157686755 0.0512922834 0.0369751929 0.0332510418 0.0234605971 0.023649706 0.0346987358 0.0366945481 0.0188959082 0.0273747709 0.0205120458 0.0415193247 0.0241587913 0.0501541109 0.0228746588 0.0342700518 0.0168579102 0.0327517682 0.0145294128 0.0123283713 0.0206448301 0.0041952974 0.0168740211 0.0352827116 0.0265766691 0.0531402477 
19 0.0488574557 0.0332992278 0.0182485949 0.0295395605 0.0232879692 0.0440707694 0.0295368624 0.0416764303 0.0219751056 0.0388560115 0.0153414555 0.0309917594 0.0209117735 0.0224445605 0.0335337012 0.0111846389 0.0333035308 0.0241587913 0.0281228706 0.0440983374 0.0357495879 0.0280464303 0.0328841875 0.0289791843 0.028216882 0.0111525211 0.041762182 0.0237202079 0.0211369372 0.0571043421 0.0375515229 0.0602566084 
20 0.020334201 0.0160129595 0.0183397606 0.0346208177 0.0473004331 0.0153913812 0.0620360766 0.036931544 0.014622202 0.003729343 0.0285520264 0.0414608952 0.0338573771 0.0328233958 0.0363599603 0.0541536472 0.0277129584 0.0501541109 0.0440983374 0.0460945141 0.0207813136 0.0269789614 0.0207624715 0.0199987892 0.0667786109 0.019183545 0.0311824606 0.0376390311 0.0318751609 0.0163719874 0.0185792587 0.0252824681 
21 0.024892014 0.0493767884 0.0299987163 0.0202421221 0.0269197522 0.0170646424 0.0259102962 0.0434270491 0.0191864814 0.0364675745 0.0516042607 0.0314672395 0.0660408534 0.0453361316 0.0415139132 0.0146262656 0.0195270483 0.0228746588 0.0357495879 0.0207813136 0.0262056754 0.0351850433 0.0166323247 0.0174837646 0.0363296121 0.0405565188 0.0305264241 0.0238783422 0.0447980954 0.0437319701 0.0366693176 0.0049962025 
22 0.0191553793 0.0392084267 0.0324984198 0.0312153566 0.034114599 0.0126912745 0.0390905572 0.0479813442 0.0245304021 0.0518769571 0.0305928177 0.0325371165 0.0291320873 0.0442015733 0.0405751794 0.0299993192 0.0134073235 0.0342700518 0.0280464303 0.0269789614 0.0351850433 0.0258274206 0.0107966492 0.0227612845 0.0196290993 0.0445915475 0.037139705 0.0118938551 0.0287119121 0.0572820654 0.0238385613 0.04023928 
23 0.0257889636 0.038021299 0.0267809517 0.0127492819 0.0209078196 0.0433013307 0.0229986017 0.0823045778 0.0523857535 0.040288216 0.02121682 0.0539330254 0.028115186 0.0339350886 0.0287420082 0.0278822341 0.0252171714 0.0168579102 0.0328841875 0.0207624715 0.0166323247 0.0107966492 0.0577173219 0.0357067602 0.0184670367 0.0171421416 0.0488563895 0.0543357756 0.026208496 0.023851352 0.0099960933 0.0252167609 
24 0.0504224887 0.0366966652 0.0434336742 0.0179864666 0.027641302 0.0380067346 0.0230766769 0.0301525775 0.0455800635 0.0246231615 0.0440980306 0.040468798 0.0242785175 0.0242386586 0.0183176901 0.0499377462 0.0454967486 0.0327517682 0.0289791843 0.0199987892 0.0174837646 0.0227612845 0.0357067602 0.0184323465 0.0120748694 0.0113968941 0.0307236379 0.0500100967 0.0389225593 0.0328712562 0.0344631897 0.0289675992 
25 0.0129529543 0.0187646236 0.0155666557 0.0405090874 0.0349991627 0.0490671413 0.0225846174 0.0442974462 0.0145384393 0.0408930208 0.0439074895 0.0438892429 0.0150531401 0.0291905896 0.0359165374 0.0415678207 0.053138648 0.0145294128 0.028216882 0.0667786109 0.0363296121 0.0196290993 0.0184670367 0.0120748694 0.0165451538 0.0323856625 0.0326585238 0.0480974889 0.0314536751 0.0261835349 0.0237190076 0.0360948134 
26 0.0425684228 0.026037623 0.0462473779 0.028391033 0.013432109 0.023538099 0.0303691466 0.0212922505 0.0455345643 0.0250981564 0.0157465055 0.04031909 0.0306455371 0.0284099998 0.0357966336 0.0107014905 0.03691892 0.0123283713 0.0111525211 0.019183545 0.0405565188 0.0445915475 0.0171421416 0.0113968941 0.0323856625 0.0318038588 0.0358494711 0.0348066427 0.0420412881 0.0442381479 0.0492579124 0.072218518 
27 0.0338471507 0.0190048319 0.0310806503 0.0360911085 0.0322179585 0.0418137403 0.0480883292 0.0252846228 0.0317558138 0.0350781103 0.0487130077 0.0382734104 0.0242047956 0.0155828442 0.0295450429 0.0367489907 0.0229774698 0.0206448301 0.041762182 0.0311824606 0.0305264241 0.037139705 0.0488563895 0.0307236379 0.0326585238 0.0358494711 0.0234058316 0.0044745983 0.0259290491 0.0203296013 0.0367169196 0.0294924981 
28 0.0100083602 0.0235111818 0.0242197227 0.0222900708 0.0527131974 0.0499288108 0.0266890376 0.0105247919 0.0339865123 0.0298885927 0.0436237001 0.05351712 0.0438471863 0.0563706559 0.0379803209 0.0386500514 0.0108098492 0.0041952974 0.0237202079 0.0376390311 0.0238783422 0.0118938551 0.0543357756 0.0500100967 0.0480974889 0.0348066427 0.0044745983 0.0259894988 0.037237903 0.024269992 0.0338497201 0.0170423879 
29 0.0405016843 0.0221803851 0.0241012786 0.0294542719 0.0371025055 0.0314352248 0.0505809069 0.0536196384 0.0387443218 0.0335155828 0.0378908065 0.0298887201 0.0275656842 0.0182895178 0.0300892332 0.0451017871 0.0169705712 0.0168740211 0.0211369372 0.0318751609 0.0447980954 0.0287119121 0.026208496 0.0389225593 0.0314536751 0.0420412881 0.0259290491 0.037237903 0.0196564028 0.0297938919 0.0306729707 0.0076555171 
30 0.0287223885 0.0268703546 0.0384804286 0.0437459913 0.0204449483 0.0189923437 0.0316979857 0.0193032094 0.0579075537 0.0373144718 0.0229382834 0.0176571018 0.0315683493 0.0332018092 0.0282748699 0.0360574055 0.0239320759 0.0352827116 0.0571043421 0.0163719874 0.0437319701 0.0572820654 0.023851352 0.0328712562 0.0261835349 0.0442381479 0.0203296013 0.024269992 0.0297938919 0.0149625798 0.0354893017 0.0211276949 
31 0.0235070693 0.0254701577 0.0202375042 0.0322265113 0.0566576812 0.0331858718 0.0126262875 0.0342730509 0.0282894314 0.046890943 0.0124242132 0.0121560404 0.0594356295 0.0304362776 0.032108875 0.0337496965 0.0128715113 0.0265766691 0.0375515229 0.0185792587 0.0366693176 0.0238385613 0.0099960933 0.0344631897 0.0237190076 0.0492579124 0.0367169196 0.0338497201 0.0306729707 0.0354893017 0.0579501249 0.0381226788 
32 0.0408075841 0.0449812206 0.0283691294 0.0359121929 0.021949387 0.0161031095 0.0079347142 0.02372671 0.038077033 0.0389512506 0.021922828 0.0345581767 0.0406148245 0.0263508514 0.0502247188 0.0247678066 0.0261436365 0.0531402477 0.0602566084 0.0252824681 0.0049962025 0.04023928 0.0252167609 0.0289675992 0.0360948134 0.072218518 0.0294924981 0.0170423879 0.0076555171 0.0211276949 0.0381226788 0.0187515513 
