60
1 0.0 0.009664388 0.0051818347 0.019095245 0.0256782407 0.0144298764 0.0194363804 0.012861107 0.0227815244 0.0070021394 0.0213976888 0.0139717165 0.0155280424 0.0266159235 0.0065547815 0.0094741013 0.030715598 0.0270851056 0.0090877025 0.0204117819 0.0207829451 0.0284936163 0.0240204043 0.0203525631 0.0037795847 0.0108396696 0.0127012549 0.0078300886 0.0326862066 0.0255533965 0.0062654782 0.0309486909 0.0010457185 0.0041204535 0.0283597046 0.0169739821 0.0226820081 0.0238465088 0.0069770826 0.0179249502 0.0172661541 0.0142028299 0.0268663793 0.0153196237 0.0204529797 0.0201514412 0.0150790508 0.0146979169 0.0107557781 0.0079331637 0.0137008674 0.0157849642 0.0083158529 0.022122594 0.0203969242 0.0270094693 0.013766913 0.0185600658 0.021906271 0.0125532751
2 0.009664388 0.0 0.0166963099 0.0183609196 0.0159161706 0.0179008111 0.031695009 0.0176557229 0.0193273528 0.0227666628 0.0154205469 0.0154786918 0.0033567263 0.0160884641 0.0226406111 0.0190460126 0.0174887954 0.0082768081 0.0231066268 0.0090838402 0.0102015503 0.0096876619 0.0215468389 0.0244964522 0.0166005999 0.0209868475 0.0136968897 0.0161639175 0.019821561 0.0182107325 0.0220548153 0.0164355037 0.0264089786 0.0102207503 0.0058455075 0.0109086391 0.0119043866 0.0178675304 0.0182491547 0.0156511037 0.0178614085 0.0051037181 0.0217379072 0.0195398988 0.0154252274 0.0071641075 0.021199662 0.0153766954 0.0100033793 0.0270076362 0.0146993526 0.0216080529 0.0132264193 0.0178605348 0.0298527465 0.0071348807 0.019025245 0.0265789336 0.0234493402 0.0192149625
3 0.0051818347 0.0166963099 0.0 0.0133091296 0.0093823574 0.0138580997 0.0305103117 0.0084220185 0.0137776447 0.0178867722 0.0098633058 0.0149274706 0.0199051187 0.0293863982 0.0162067702 0.0190428825 0.0187160527 0.0115773313 0.014948203 0.0198722404 0.0201480118 0.0232198848 0.0177071196 0.0283719277 0.0196606913 0.0068910206 0.0231120767 0.0220187564 0.0180866243 0.0135767374 0.0150453848 0.0129929336 0.0079308724 0.0080443575 0.01358784 0.0045379615 0.0287287715 0.0158789172 0.0202871585 0.0146540962 0.0169434869 0.0272642373 0.0145015186 0.0201092334 0.0244725997 0.0105670217 0.0276616635 0.0147485621 0.0132996238 0.0017964903 0.0124422336 0.0224333601 0.0200078237 0.0079484418 0.0152827258 0.0295474156 0.0156378207 0.0180767744 0.0309043761 0.0184031954
4 0.019095245 0.0183609196 0.0133091296 0.0 0.017839024 0.0154337432 0.0072969974 0.0139410594 0.016266874 0.0104900937 0.0204412195 0.020047897 0.0096726816 0.0145566081 0.0084071083 0.0196296646 0.0052141715 0.022543585 0.0111375393 0.012866114 0.0081682889 0.0067036248 0.0293307582 0.0031057063 0.0114054755 0.0211927058 0.01521304 0.0325023452 0.0125973115 0.0137624534 0.0333515163 0.0279217465 0.0089940176 0.0227684739 0.0281958229 0.0175390596 0.0166544095 0.0084560662 0.0085005538 0.0257370155 0.0148975842 0.0224333873 0.0053701541 0.0215371374 0.0192034783 0.0253668403 0.0176759967 0.0172672101 0.0258999452 0.0134732194 0.0058778467 0.02325559 0.0262279673 0.014795051 0.0266877256 0.0172809463 0.0220204512 0.0048181435 0.0249613979 0.0222998612
5 0.0256782407 0.0159161706 0.0093823574 0.017839024 0.0 0.0210210323 0.0068076279 0.0044127109 0.0239051636 0.0140095657 0.0226142927 0.0132769216 0.0197020395 0.0057780134 0.0160303924 0.016720739 0.0215566205 0.0193502727 0.0134141364 0.0013285742 0.0179417523 0.0005154983 0.0258131231 0.011540233 0.0169926496 0.011746926 0.0255882316 0.0314710581 0.02569748 0.0295031956 0.0192335061 0.0162792473 0.016044163 0.0295581698 0.0083682696 0.0149762473 0.0172519166 0.0136155997 0.019538119 0.0156552564 0.0214048289 0.0178872245 0.0327204203 0.0152300341 0.0258036239 0.0199429411 0.0150060722 0.0183890382 0.01009666 0.0187873056 0.0134348 0.0206115687 0.0162288208 0.0292276514 0.0056560404 0.0009851626 0.0271167661 0.0035639693 0.0183841841 0.0134483502
6 0.0144298764 0.0179008111 0.0138580997 0.0154337432 0.0210210323 0.0 0.003982858 0.0216909101 0.0149007879 0.0244452937 0.0250747477 0.0186000301 0.0301243248 0.0224316887 0.0159564113 0.009315539 0.0198265813 0.0112000265 0.0091726594 0.0085718618 0.0265954424 0.0158139123 0.0157403969 0.0169727892 0.0224594603 0.0070541641 0.0188642247 0.0201835254 0.0205041076 0.0175571966 0.0336810217 0.0138894147 0.0299195514 0.0121270272 0.0101749755 0.0165565698 0.0168716327 0.0188186231 0.0220315247 0.0275809864 0.0019850951 0.0044298348 0.011009032 0.0216724883 0.0174423838 0.0315710981 0.0098302099 0.0068848327 0.0153819031 0.0207726259 0.012765195 0.0142101537 0.0142780682 0.0146408141 0.0215927497 0.0228093268 0.0166351534 0.0072271016 0.0215763157 0.0119517886
7 0.0194363804 0.031695009 0.0305103117 0.0072969974 0.0068076279 0.003982858 0.0 0.0127784154 0.0076037145 0.0156138382 0.0037070255 0.021516596 0.008860249 0.0057405788 0.0181497974 0.0073533934 0.0191158717 0.0338945955 0.008511588 0.0203883793 0.013662951 0.0042453106 0.0117110941 0.0239776475 0.0215935011 0.0183920838 0.0210858265 0.0198575543 0.0285280754 0.0199739804 0.0099195213 0.0195382388 0.0139355439 0.0102288322 0.0141742215 0.0124119501 0.0191353191 0.0229763053 0.0129416174 0.0222881576 0.023414567 0.0235894008 0.0145211688 0.0186003773 0.0227154952 0.0088300311 0.026114351 0.0204139184 0.0151258205 0.009480764 0.0320541742 0.0168417986 0.0078054713 0.0039866962 0.0195953529 0.0131914643 0.0261329259 0.0343403235 0.0155185199 0.02418642
8 0.012861107 0.0176557229 0.0084220185 0.0139410594 0.0044127109 0.0216909101 0.0127784154 0.0 0.0181424838 0.0226124357 0.0259612563 0.0248766619 0.0177815713 0.0228405755 0.0174672971 0.0235017874 0.0199280514 0.0118476203 0.0191563801 0.0088871517 0.0209091976 0.0083426741 0.0233656502 0.0209420812 0.0198458712 0.0225012524 0.0146996048 0.0306799927 0.0034882157 0.0190926738 0.0249404172 0.0103148682 0.02603513 0.0086736747 0.0233018471 0.0175762276 0.015469126 0.0125678799 0.0311765454 0.0192786392 0.0101059538 0.0120348627 0.014677585 0.0147284713 0.0065431559 0.0080978306 0.0107717612 0.0235133893 0.0147713726 0.0174866469 0.0272374879 0.0142241077 0.0261882889 0.0116893058 0.0190813697 0.0088124458 0.0189322905 0.0179368008 0.0180032241 0.007196864
9 0.0227815244 0.0193273528 0.0137776447 0.016266874 0.0239051636 0.0149007879 0.0076037145 0.0181424838 0.0 0.0081977736 0.0176458264 0.0213768129 0.020037641 0.0226686588 0.0119838556 0.0175367909 0.013591715 0.0204211633 0.0207336651 0.0199866248 0.0160875799 0.0204459947 0.0198244673 0.0238100228 0.0182705923 0.0125955808 0.0062575668 0.0180653377 0.0187715131 0.0167747971 0.0218863114 0.0191104612 0.0190706418 0.0232061149 0.0133996476 0.0202311812 0.0131578265 0.0154532962 0.018925866 0.0104082387 0.0162596456 0.0228111868 0.0150681129 0.0154259127 0.0179899957 0.0211371657 0.0040185761 0.0136582504 0.017943518 0.014306971 0.0142418755 0.0102331689 0.0142088808 0.0164330446 0.0125476619 0.0203042805 0.0204291433 0.0178115189 0.0196580052 0.0188739749
10 0.0070021394 0.0227666628 0.0178867722 0.0104900937 0.0140095657 0.0244452937 0.0156138382 0.0226124357 0.0081977736 0.0 0.0090560068 0.0138900419 0.0274923901 0.0205280349 0.0207362657 0.0151825544 0.0189887711 0.0133158587 0.0330666769 0.0148755876 0.0144084626 0.0162675288 0.0150264174 0.0195589973 0.0186068764 0.014820849 0.0177991827 0.0151734128 0.0176450461 0.0129107413 0.0143115982 0.0155637761 0.0277497643 0.0159562301 0.0216925355 0.0203943653 0.0235158906 0.0255126553 0.0252244782 0.0105689942 0.0058615467 0.0173579367 0.0078487795 0.0193737076 0.0081458592 0.0261122679 0.0063251887 0.0228467611 0.011526386 0.0163636552 0.0289561052 0.0190213214 0.0112696106 0.0204446317 0.0200390562 0.0151166767 0.0126033605 0.0112672031 0.0098291056 0.0168262754
11 0.0213976888 0.0154205469 0.0098633058 0.0204412195 0.0226142927 0.0250747477 0.0037070255 0.0259612563 0.0176458264 0.0090560068 0.0 0.0117864254 0.0089055781 0.01460067 0.0190048896 0.0144404021 0.013933911 0.0213133083 0.0238710421 0.0164185672 0.0219950168 0.0153073538 0.0241545301 0.01109841 0.0130385783 0.0206065808 0.0092830472 0.020177694 0.0268930351 0.0253599399 0.0204737925 0.0218094189 0.0317075449 0.0062118756 0.0157767211 0.0103838815 0.0063178448 0.017581799 0.0144147281 0.0038690688 0.0123431867 0.0242400469 0.0164383026 0.0073500322 0.0164344958 0.0064172605 0.0143410188 0.0186364575 0.0231194937 0.0263907213 0.0176386124 0.0188514873 0.0225871273 0.0273425213 0.0216727741 0.0115501976 0.0055746119 0.0217876286 0.0153011917 0.0200652601
12 0.0139717165 0.0154786918 0.0149274706 0.020047897 0.0132769216 0.0186000301 0.021516596 0.0248766619 0.0213768129 0.0138900419 0.0117864254 0.0 0.0070346333 0.0246169495 0.0066209241 0.0083868669 0.0159144275 0.0180055403 0.0204144262 0.0157209949 0.0247226498 0.0209935918 0.0226013654 0.0202466763 0.0126002598 0.0253863826 0.0248743618 0.0075835711 0.0149164901 0.0098225184 0.0279921659 0.0053001564 0.0098059759 0.0068700387 0.0049096866 0.013273111 0.0113264783 0.0165608723 0.03327406 0.0202696164 0.0174534516 0.0080493182 0.0207123358 0.0100789723 0.0055619537 0.0235600396 0.0218011428 0.0196470512 0.0157650385 0.0123572838 0.0251359181 0.0267363953 0.0172833353 0.0134104196 0.022528108 0.007434413 0.0184849054 0.021544615 0.0298472847 0.0228139613
13 0.0155280424 0.0033567263 0.0199051187 0.0096726816 0.0197020395 0.0301243248 0.008860249 0.0177815713 0.020037641 0.0274923901 0.0089055781 0.0070346333 0.0 0.0087027236 0.0203393785 0.0093889942 0.0092995732 0.0308644679 0.0324255604 0.0287241874 0.0089629438 0.0188912253 0.0025154594 0.0209285052 0.0300618517 0.0119768191 0.0255006221 0.0173378204 0.0250383091 0.0207023554 0.0006884296 0.0167384124 0.0143298932 0.0257142719 0.0208619364 0.008167586 0.0245380346 0.0117304119 0.0116356663 0.019061686 0.0148655728 0.0154955188 0.013652662 0.0273595526 0.0198781891 0.0238742367 0.0095563827 0.0246982802 0.0289591013 0.0146037009 0.0237591624 0.0111488345 0.0254564403 0.0088996338 0.0068151081 0.0172293198 0.0123477568 0.0132900665 0.0128090965 0.0117732628
14 0.0266159235 0.0160884641 0.0293863982 0.0145566081 0.0057780134 0.0224316887 0.0057405788 0.0228405755 0.0226686588 0.0205280349 0.01460067 0.0246169495 0.0087027236 0.0 0.0125651522 0.0044706791 0.0208697205 0.0118523014 0.0254257007 0.0100255082 0.009258975 0.0091287551 0.0055487841 0.0009479382 0.0260630661 0.0259275129 0.0163960507 0.0199879176 0.0231727036 0.0253965135 0.0260491473 0.020263842 0.0005431278 0.0283887585 0.0212234126 0.0097808087 0.024080008 0.0243562833 0.0233470894 0.0098642544 0.0083910717 0.0288221168 0.0034239842 0.0213307456 0.0108541475 0.0302938176 0.0183629885 0.0053789404 0.0297036077 0.0106040506 0.0143401853 0.0086138543 0.0091785931 0.0153304486 0.0130760603 0.0183621157 0.0089549541 0.0288387799 0.0276157526 0.0190344876
15 0.0065547815 0.0226406111 0.0162067702 0.0084071083 0.0160303924 0.0159564113 0.0181497974 0.0174672971 0.0119838556 0.0207362657 0.0190048896 0.0066209241 0.0203393785 0.0125651522 0.0 0.0114142874 0.0182600501 0.0176887316 0.0082273236 0.0217649239 0.0268246867 0.0190900271 0.0270262769 0.0081475522 0.0124935983 0.0163384585 0.0298624932 0.0123458677 0.0149582231 0.0206717503 0.0179688848 0.0131374318 0.0176221767 0.0069816756 0.0099962244 0.0215191239 0.0173493137 0.0229187593 0.0063559615 0.0158411513 0.0172027698 0.0118113697 0.0110515518 0.0219344767 0.0223855104 0.0234871957 0.010398328 0.0199232729 0.0132871558 0.027331414 0.0135128566 0.0154090947 0.017579981 0.0101918998 0.0166587617 0.0220186066 0.0184880805 0.0310331161 0.0316257247 0.0172002449
16 0.0094741013 0.0190460126 0.0190428825 0.0196296646 0.016720739 0.009315539 0.0073533934 0.0235017874 0.0175367909 0.0151825544 0.0144404021 0.0083868669 0.0093889942 0.0044706791 0.0114142874 0.0 0.0101748522 0.0198354849 0.0183122268 0.0052104507 0.0025592904 0.014621209 0.0215281996 0.0085003434 0.0275363209 0.0156067866 0.0105163959 0.0194393103 0.0313554301 0.0222569262 0.0152336363 0.0183947007 0.0142449571 0.0208077625 0.0204038117 0.0130694192 0.0067014224 0.0084740811 0.0168900063 0.0311328639 0.0236388817 0.0191344407 0.0167375248 0.0260877056 0.0220382975 0.023832568 0.0177511064 0.0031717359 0.017069624 0.0334182853 0.0262333127 0.0287567248 0.0175573638 0.0262927718 0.010596636 0.0236376847 0.0224994197 0.0066788379 0.0171887653 0.0199677304
17 0.030715598 0.0174887954 0.0187160527 0.0052141715 0.0215566205 0.0198265813 0.0191158717 0.0199280514 0.013591715 0.0189887711 0.013933911 0.0159144275 0.0092995732 0.0208697205 0.0182600501 0.0101748522 0.0 0.0156580769 0.0313013961 0.0243966248 0.0210723052 0.0204944789 0.0223477904 0.0129775247 0.0139766555 0.0053470744 0.0236674414 0.0067800646 0.0197891966 0.021975343 0.0203801168 0.002740481 0.0150285643 0.0223796969 0.0191697466 0.0127948286 0.011985774 0.0183364311 0.0101163423 0.0138353409 0.0128207115 0.0246022777 0.0057954672 0.0167191934 0.0139957029 0.0100189005 0.0268896776 0.0324772085 0.0114271448 0.0077031545 0.0151284215 0.0198055582 0.0163904187 0.027823595 0.0146961956 0.027181737 0.0133058428 0.014605649 0.0040458492 0.0244212362
18 0.0270851056 0.0082768081 0.0115773313 0.022543585 0.0193502727 0.0112000265 0.0338945955 0.0118476203 0.0204211633 0.0133158587 0.0213133083 0.0180055403 0.0308644679 0.0118523014 0.0176887316 0.0198354849 0.0156580769 0.0 0.0193235828 0.0078707788 0.0175063331 0.0148169608 0.0271991047 0.0170105409 0.0209656936 0.0193115014 0.0145387496 0.0246716858 0.0148427088 0.0182072076 0.0255761025 0.0071602964 0.0245437036 0.0130000758 0.0168344761 0.0119216924 0.0068125665 0.020263462 0.0098971692 0.0151601049 0.0156971069 0.0169671924 0.0041772677 0.0053687651 0.0198364819 0.0183631906 0.0222551324 0.0193525813 0.0291985289 0.0211665257 0.0169773347 0.0033494796 0.0136980106 0.0203303041 0.0192241873 0.0175121943 0.0149130368 0.0151094414 0.0165374433 0.0078010195
19 0.0090877025 0.0231066268 0.014948203 0.0111375393 0.0134141364 0.0091726594 0.008511588 0.0191563801 0.0207336651 0.0330666769 0.0238710421 0.0204144262 0.0324255604 0.0254257007 0.0082273236 0.0183122268 0.0313013961 0.0193235828 0.0 0.0131090548 0.0156286939 0.0115598937 0.0056849981 0.0026725473 0.0221474864 0.0125877746 0.0212630506 0.0186062824 0.0028144253 0.0180740646 0.0142597543 0.0257511419 0.0191670356 0.005520856 0.0242085599 0.0122536461 0.0199255083 0.0149546682 0.0256438868 0.0191650749 0.0113603084 0.0183769112 0.0217062785 0.0117951811 0.0175575892 0.0213837079 0.022152906 0.0148520088 0.0163492362 0.016599959 0.0224696988 0.0228747885 0.0177414101 0.0120229961 0.0205716412 0.0227327328 0.0049644122 0.0094895759 0.0222415959 0.0061222217
20 0.0204117819 0.0090838402 0.0198722404 0.012866114 0.0013285742 0.0085718618 0.0203883793 0.0088871517 0.0199866248 0.0148755876 0.0164185672 0.0157209949 0.0287241874 0.0100255082 0.0217649239 0.0052104507 0.0243966248 0.0078707788 0.0131090548 0.0 0.0200329376 0.0234657581 0.025735715 0.0203476359 0.0086780075 0.0196893256 0.0058186102 0.0177180813 0.0134596185 0.0097359023 0.0125087585 0.0090077989 0.0173756184 0.01230936 0.0217794666 0.0170372487 0.0091584455 0.0332422369 0.0052933907 0.0176418946 0.0137070252 0.014840904 0.0220824056 0.0197432385 0.0232891662 0.0062951343 0.0253285259 0.0194622511 0.0162561471 0.02911639 0.0081110636 0.0262277917 0.0233969538 0.0209079684 0.0226948851 0.0183932331 0.0247160012 0.0302488188 0.00915711 0.0264759287
21 0.0207829451 0.0102015503 0.0201480118 0.0081682889 0.0179417523 0.0265954424 0.013662951 0.0209091976 0.0160875799 0.0144084626 0.0219950168 0.0247226498 0.0089629438 0.009258975 0.0268246867 0.0025592904 0.0210723052 0.0175063331 0.0156286939 0.0200329376 0.0 0.0203768167 0.018628932 0.0221503385 0.0289919444 0.0125612403 0.0086777724 0.0066375328 0.0303088923 0.0197309892 0.0145122233 0.0200237559 0.0151656266 0.0059960436 0.0232970456 0.0047311185 0.0260814151 0.0140833619 0.002544702 0.0207959626 0.0099965818 0.0172627797 0.021785019 0.0275771707 0.0167966778 0.0218097234 0.0201590367 0.0100122313 0.0104834981 0.025261957 0.0130924808 0.0174805088 0.0078028324 0.0117362201 0.0114343123 0.0126947402 0.0132781069 0.0227102488 0.0260612554 0.0297988911
22 0.0284936163 0.0096876619 0.0232198848 0.0067036248 0.0005154983 0.0158139123 0.0042453106 0.0083426741 0.0204459947 0.0162675288 0.0153073538 0.0209935918 0.0188912253 0.0091287551 0.0190900271 0.014621209 0.0204944789 0.0148169608 0.0115598937 0.0234657581 0.0203768167 0.0 0.0148320243 0.0254253205 0.0137061484 0.0146264234 0.0237858312 0.0148146929 0.0168252776 0.0212288667 0.0167871125 0.0117791094 0.0274684224 0.0187573213 0.0144203685 0.017868076 0.0218962143 0.0293498106 0.0147756948 0.0134863453 0.0084065061 0.0160246495 0.0055224231 0.0064284335 0.0271563461 0.0090939612 0.0129165521 0.0299973972 0.0153144988 0.0244682774 0.0207361159 0.0129671263 0.0135633039 0.0154371572 0.0298238229 0.0110826894 0.027541031 0.0171266369 0.0224129293 0.0196653049
23 0.0240204043 0.0215468389 0.0177071196 0.0293307582 0.0258131231 0.0157403969 0.0117110941 0.0233656502 0.0198244673 0.0150264174 0.0241545301 0.0226013654 0.0025154594 0.0055487841 0.0270262769 0.0215281996 0.0223477904 0.0271991047 0.0056849981 0.025735715 0.018628932 0.0148320243 0.0 0.015104159 0.0061825363 0.0120887156 0.0177655953 0.0221303097 0.0059351038 0.0106237407 0.010719511 0.0086849514 0.0141901568 0.0286783207 0.0091532134 0.0224769113 0.0232436391 0.0121262184 0.0184790273 0.0243510387 0.0146286995 0.0228484183 0.0083445559 0.0186851928 0.0200802724 0.0158355793 0.0199344644 0.0085565417 0.0186358695 0.0114947614 0.0128796731 0.0121029179 0.0167578397 0.0143548676 0.0214962497 0.0098678173 0.0118943271 0.01796256 0.0225581726 0.0172586214
24 0.0203525631 0.0244964522 0.0283719277 0.0031057063 0.011540233 0.0169727892 0.0239776475 0.0209420812 0.0238100228 0.0195589973 0.01109841 0.0202466763 0.0209285052 0.0009479382 0.0081475522 0.0085003434 0.0129775247 0.0170105409 0.0026725473 0.0203476359 0.0221503385 0.0254253205 0.015104159 0.0 0.0157962185 0.0240210825 0.008443433 0.0127732673 0.0220045042 0.0133993144 0.0068076384 0.0087866519 0.0228606115 0.0239734007 0.0044201932 0.0105239718 0.0183905994 0.0189992824 0.0142793842 0.016335185 0.0321850905 0.0255441024 0.0291414503 0.0160007347 0.012845386 0.0222857537 0.011748724 0.0272864078 0.0282214741 0.0058449579 0.0206956957 0.0179453256 0.0174960596 0.0193890916 0.0238286445 0.024367934 0.0048831689 0.0004822638 0.0142624933 0.025044591
25 0.0037795847 0.0166005999 0.0196606913 0.0114054755 0.0169926496 0.0224594603 0.0215935011 0.0198458712 0.0182705923 0.0186068764 0.0130385783 0.0126002598 0.0300618517 0.0260630661 0.0124935983 0.0275363209 0.0139766555 0.0209656936 0.0221474864 0.0086780075 0.0289919444 0.0137061484 0.0061825363 0.0157962185 0.0 0.0111845414 0.0162409877 0.0152261152 0.004625244 0.013256802 0.0338416292 0.0222405303 0.0101617754 0.0293513724 0.0151670816 0.0195048331 0.0099324695 0.0175770855 0.0155316872 0.019444651 0.0135014328 0.0216973881 0.0177802941 0.0079197464 0.0096734171 0.0083290724 0.016852074 0.0134775987 0.0207284494 0.0226910379 0.016026302 0.0169552687 0.0107909728 0.005429632 0.0072526912 0.0249435773 0.0265809447 0.0170485125 0.0193606554 0.0282204588
26 0.0108396696 0.0209868475 0.0068910206 0.0211927058 0.011746926 0.0070541641 0.0183920838 0.0225012524 0.0125955808 0.014820849 0.0206065808 0.0253863826 0.0119768191 0.0259275129 0.0163384585 0.0156067866 0.0053470744 0.0193115014 0.0125877746 0.0196893256 0.0125612403 0.0146264234 0.0120887156 0.0240210825 0.0111845414 0.0 0.0146114023 0.0232277342 0.0310339683 0.0169078285 0.0263053526 0.0148547056 0.0196580284 0.017137269 0.023142255 0.0259660022 0.0077902493 0.0147587191 0.0291337631 0.0081785501 0.0239572451 0.0078660757 0.0239527529 0.0244993724 0.0222895253 0.0062193839 0.0230021377 0.0198132426 0.0097938992 0.0103762123 0.0189050989 0.0140564872 0.0239868122 0.0155472999 0.0010913598 0.0274697676 0.0026828459 0.0179902753 0.0211438111 0.0183692479
27 0.0127012549 0.0136968897 0.0231120767 0.01521304 0.0255882316 0.0188642247 0.0210858265 0.0146996048 0.0062575668 0.0177991827 0.0092830472 0.0248743618 0.0255006221 0.0163960507 0.0298624932 0.0105163959 0.0236674414 0.0145387496 0.0212630506 0.0058186102 0.0086777724 0.0237858312 0.0177655953 0.008443433 0.0162409877 0.0146114023 0.0 0.0127339333 0.0124765145 0.0168253162 0.0222725063 0.0161935186 0.0134888883 0.0267692684 0.023196424 0.00955311 0.0142616964 0.0198595224 0.0256506082 0.0183556904 0.0003005289 0.0115905098 0.0234691279 0.024988349 0.0161856857 0.0090136507 0.0148630551 0.0162538416 0.0197758742 0.0284526079 0.024313031 0.0132212487 0.0227599533 0.005143991 0.0148500564 0.0166795033 0.0252494985 0.0117526459 0.0136370168 0.0155990845
28 0.0078300886 0.0161639175 0.0220187564 0.0325023452 0.0314710581 0.0201835254 0.0198575543 0.0306799927 0.0180653377 0.0151734128 0.020177694 0.0075835711 0.0173378204 0.0199879176 0.0123458677 0.0194393103 0.0067800646 0.0246716858 0.0186062824 0.0177180813 0.0066375328 0.0148146929 0.0221303097 0.0127732673 0.0152261152 0.0232277342 0.0127339333 0.0 0.0184443386 0.0068799592 0.0206844236 0.0155270947 0.0112919302 0.0199498807 0.007985726 0.0113574277 0.0294193679 0.0095238263 0.0224759224 0.0125231174 0.0262265619 0.0174748769 0.0058322638 0.0172275872 0.0188686015 0.0148906684 0.0175686344 0.0268971502 0.010805294 0.0147491246 0.0200450175 0.0123356015 0.0104400859 0.021837292 0.0263879892 0.0052205695 0.0192512379 0.02067594 0.0164908891 0.0045737306
29 0.0326862066 0.019821561 0.0180866243 0.0125973115 0.02569748 0.0205041076 0.0285280754 0.0034882157 0.0187715131 0.0176450461 0.0268930351 0.0149164901 0.0250383091 0.0231727036 0.0149582231 0.0313554301 0.0197891966 0.0148427088 0.0028144253 0.0134596185 0.0303088923 0.0168252776 0.0059351038 0.0220045042 0.004625244 0.0310339683 0.0124765145 0.0184443386 0.0 0.0203172313 0.0076549483 0.0208245102 0.0076607891 0.0171084084 0.0069864087 0.0310191032 0.0149887401 0.0197878562 0.0202412399 0.0139708666 0.0252974171 0.0145105594 0.0137300453 0.0274548392 0.013195675 0.0187122716 0.0131142439 0.0111933743 0.0054620477 0.0178198228 0.0186583567 0.013088026 0.0176968159 0.0168216621 0.0108533698 0.0140468824 0.0174962292 0.0071802143 0.007603741 0.0087841793
30 0.0255533965 0.0182107325 0.0135767374 0.0137624534 0.0295031956 0.0175571966 0.0199739804 0.0190926738 0.0167747971 0.0129107413 0.0253599399 0.0098225184 0.0207023554 0.0253965135 0.0206717503 0.0222569262 0.021975343 0.0182072076 0.0180740646 0.0097359023 0.0197309892 0.0212288667 0.0106237407 0.0133993144 0.013256802 0.0169078285 0.0168253162 0.0068799592 0.0203172313 0.0 0.0211857921 0.0254250793 0.0168198623 0.0220364193 0.0075923308 0.0301397292 0.0070075367 0.0129867171 0.0119910928 0.0087710823 0.0053665189 0.0141084924 0.0177927135 0.0225546003 0.0213050978 0.0117260726 0.004521183 0.011841844 0.0237955216 0.0065206943 0.0219645396 0.0175277603 0.0083053592 0.0208690634 0.0042902291 0.0110633887 0.0225920643 0.0276422325 0.0165798783 0.0273886307
31 0.0062654782 0.0220548153 0.0150453848 0.0333515163 0.0192335061 0.0336810217 0.0099195213 0.0249404172 0.0218863114 0.0143115982 0.0204737925 0.0279921659 0.0006884296 0.0260491473 0.0179688848 0.0152336363 0.0203801168 0.0255761025 0.0142597543 0.0125087585 0.0145122233 0.0167871125 0.010719511 0.0068076384 0.0338416292 0.0263053526 0.0222725063 0.0206844236 0.0076549483 0.0211857921 0.0 0.0128283292 0.0217946155 0.0058208832 0.0224495972 0.0303992306 0.0115244127 0.0093747458 0.0214157435 0.0075333204 0.0223448763 0.0245107089 0.0124381122 0.0071167403 0.0175658081 0.0089465161 0.0179930127 0.0085631831 0.0089584979 0.0131099116 0.0201813936 0.011278275 0.0196680143 0.0089480283 0.0203585859 0.0171794568 0.012066108 0.0160779293 0.0119241314 0.0150383358
32 0.0309486909 0.0164355037 0.0129929336 0.0279217465 0.0162792473 0.0138894147 0.0195382388 0.0103148682 0.0191104612 0.0155637761 0.0218094189 0.0053001564 0.0167384124 0.020263842 0.0131374318 0.0183947007 0.002740481 0.0071602964 0.0257511419 0.0090077989 0.0200237559 0.0117791094 0.0086849514 0.0087866519 0.0222405303 0.0148547056 0.0161935186 0.0155270947 0.0208245102 0.0254250793 0.0128283292 0.0 0.0150903562 0.019667705 0.0111978411 0.0121512345 0.0092020914 0.0196848421 0.0054068501 0.0230269897 0.0116225372 0.015343679 0.0223891563 0.019754661 0.010919531 0.0224252449 0.0169353229 0.024661967 0.0206149892 0.0124622736 0.0252997495 0.0141264488 0.0189475822 0.0224065145 0.0198654004 0.0220732765 0.0184441808 0.0240987985 0.0114569282 0.0302570502
33 0.0010457185 0.0264089786 0.0079308724 0.0089940176 0.016044163 0.0299195514 0.0139355439 0.02603513 0.0190706418 0.0277497643 0.0317075449 0.0098059759 0.0143298932 0.0005431278 0.0176221767 0.0142449571 0.0150285643 0.0245437036 0.0191670356 0.0173756184 0.0151656266 0.0274684224 0.0141901568 0.0228606115 0.0101617754 0.0196580284 0.0134888883 0.0112919302 0.0076607891 0.0168198623 0.0217946155 0.0150903562 0.0 0.0204852722 0.0202834647 0.019075341 0.0166115776 0.0289414623 0.0287457292 0.0133747558 0.0124912734 0.0210109139 0.0132651552 0.0158624305 0.0130271255 0.0228801584 0.0212362695 0.0140485475 0.0222225301 0.0270241271 0.0103431076 0.0206449845 0.0137237651 0.0231656122 0.0142018816 0.0068775022 0.0047226589 0.0083520845 0.0172052298 0.013022998
34 0.0041204535 0.0102207503 0.0080443575 0.0227684739 0.0295581698 0.0121270272 0.0102288322 0.0086736747 0.0232061149 0.0159562301 0.0062118756 0.0068700387 0.0257142719 0.0283887585 0.0069816756 0.0208077625 0.0223796969 0.0130000758 0.005520856 0.01230936 0.0059960436 0.0187573213 0.0286783207 0.0239734007 0.0293513724 0.017137269 0.0267692684 0.0199498807 0.0171084084 0.0220364193 0.0058208832 0.019667705 0.0204852722 0.0 0.0127606927 0.025501427 0.0183893014 0.0150953472 0.0169287374 0.0237675013 0.0224695308 0.0098923091 0.0196262924 0.0016400489 0.0193356824 0.0291898892 0.0139025486 0.0269142124 0.0166342243 0.0255411429 0.009260339 0.0090971109 0.0269142989 0.0226775641 0.0113049778 0.017855311 0.0222555895 0.019754925 0.0095162953 0.0049546796
35 0.0283597046 0.0058455075 0.01358784 0.0281958229 0.0083682696 0.0101749755 0.0141742215 0.0233018471 0.0133996476 0.0216925355 0.0157767211 0.0049096866 0.0208619364 0.0212234126 0.0099962244 0.0204038117 0.0191697466 0.0168344761 0.0242085599 0.0217794666 0.0232970456 0.0144203685 0.0091532134 0.0044201932 0.0151670816 0.023142255 0.023196424 0.007985726 0.0069864087 0.0075923308 0.0224495972 0.0111978411 0.0202834647 0.0127606927 0.0 0.026584044 0.028609079 0.0231498694 0.0040209799 0.020108388 0.0223075775 0.0134420426 0.017227096 0.0112656433 0.0206580355 0.0097505995 0.0118963987 0.0173374688 0.023637101 0.0174777774 0.0227605075 0.0135604073 0.0237778186 0.0107309733 0.0281451843 0.0149702554 0.0165408048 0.0243400013 0.0052636267 0.0281212637
36 0.0169739821 0.0109086391 0.0045379615 0.0175390596 0.0149762473 0.0165565698 0.0124119501 0.0175762276 0.0202311812 0.0203943653 0.0103838815 0.013273111 0.008167586 0.0097808087 0.0215191239 0.0130694192 0.0127948286 0.0119216924 0.0122536461 0.0170372487 0.0047311185 0.017868076 0.0224769113 0.0105239718 0.0195048331 0.0259660022 0.00955311 0.0113574277 0.0310191032 0.0301397292 0.0303992306 0.0121512345 0.019075341 0.025501427 0.026584044 0.0 0.0232026974 0.0240603813 0.0188595036 0.0149597413 0.0193227196 0.0103458649 0.0222207836 0.013193042 0.0156907703 0.0169936852 0.0254576021 0.0180520329 0.0190257867 0.0039352592 0.0223928513 0.0117114313 0.0204494452 0.0191172215 0.0135776231 0.0266080519 0.0172541528 0.0210770306 0.0094632079 0.0138700243
37 0.0226820081 0.0119043866 0.0287287715 0.0166544095 0.0172519166 0.0168716327 0.0191353191 0.015469126 0.0131578265 0.0235158906 0.0063178448 0.0113264783 0.0245380346 0.024080008 0.0173493137 0.0067014224 0.011985774 0.0068125665 0.0199255083 0.0091584455 0.0260814151 0.0218962143 0.0232436391 0.0183905994 0.0099324695 0.0077902493 0.0142616964 0.0294193679 0.0149887401 0.0070075367 0.0115244127 0.0092020914 0.0166115776 0.0183893014 0.028609079 0.0232026974 0.0 0.0171727235 0.0028401511 0.014512668 0.0171645335 0.0255725861 0.024465693 0.0262327652 0.0203285438 0.0271518991 0.0146901839 0.0211710016 0.0103125325 0.0193827357 0.0102016172 0.0205414113 0.0242405852 0.0227098137 0.012551869 0.0143892333 0.0162933018 0.0121645839 0.0143650192 0.0074267777
38 0.0238465088 0.0178675304 0.0158789172 0.0084560662 0.0136155997 0.0188186231 0.0229763053 0.0125678799 0.0154532962 0.0255126553 0.017581799 0.0165608723 0.0117304119 0.0243562833 0.0229187593 0.0084740811 0.0183364311 0.020263462 0.0149546682 0.0332422369 0.0140833619 0.0293498106 0.0121262184 0.0189992824 0.0175770855 0.0147587191 0.0198595224 0.0095238263 0.0197878562 0.0129867171 0.0093747458 0.0196848421 0.0289414623 0.0150953472 0.0231498694 0.0240603813 0.0171727235 0.0 0.0130486565 0.0162642459 0.0289655821 0.0179509857 0.0099168654 0.0036933442 0.0253429811 0.0072904734 0.0111661933 0.0129807365 0.0134031887 0.0091420684 0.0153376742 0.0093066706 0.0263459363 0.0139012797 0.0216664053 0.0227912019 0.0169721993 0.0158657282 0.0125386952 0.0061647292
39 0.0069770826 0.0182491547 0.0202871585 0.0085005538 0.019538119 0.0220315247 0.0129416174 0.0311765454 0.018925866 0.0252244782 0.0144147281 0.03327406 0.0116356663 0.0233470894 0.0063559615 0.0168900063 0.0101163423 0.0098971692 0.0256438868 0.0052933907 0.002544702 0.0147756948 0.0184790273 0.0142793842 0.0155316872 0.0291337631 0.0256506082 0.0224759224 0.0202412399 0.0119910928 0.0214157435 0.0054068501 0.0287457292 0.0169287374 0.0040209799 0.0188595036 0.0028401511 0.0130486565 0.0 0.0238707384 0.0166221146 0.0180026143 0.0312769982 0.0088571283 0.0063357962 0.0250975876 0.0170973997 0.0243811144 0.0124372168 0.0232582135 0.0308917336 0.0136674586 0.0065826792 0.0193436539 0.013902447 0.0169658794 0.0231478234 0.017434024 0.0117196493 0.0120178554
40 0.0179249502 0.0156511037 0.0146540962 0.0257370155 0.0156552564 0.0275809864 0.0222881576 0.0192786392 0.0104082387 0.0105689942 0.0038690688 0.0202696164 0.019061686 0.0098642544 0.0158411513 0.0311328639 0.0138353409 0.0151601049 0.0191650749 0.0176418946 0.0207959626 0.0134863453 0.0243510387 0.016335185 0.019444651 0.0081785501 0.0183556904 0.0125231174 0.0139708666 0.0087710823 0.0075333204 0.0230269897 0.0133747558 0.0237675013 0.020108388 0.0149597413 0.014512668 0.0162642459 0.0238707384 0.0 0.0180133708 0.0192204132 0.0118927303 0.0033928941 0.0082101158 0.0271399974 0.0266114153 0.0153971281 0.0098350558 0.0253182219 0.0210182183 0.0140598844 0.0190665634 0.012050499 0.0156201234 0.0126098359 0.0161186238 0.017532068 0.016585066 0.0310884428
41 0.0172661541 0.0178614085 0.0169434869 0.0148975842 0.0214048289 0.0019850951 0.023414567 0.0101059538 0.0162596456 0.0058615467 0.0123431867 0.0174534516 0.0148655728 0.0083910717 0.0172027698 0.0236388817 0.0128207115 0.0156971069 0.0113603084 0.0137070252 0.0099965818 0.0084065061 0.0146286995 0.0321850905 0.0135014328 0.0239572451 0.0003005289 0.0262265619 0.0252974171 0.0053665189 0.0223448763 0.0116225372 0.0124912734 0.0224695308 0.0223075775 0.0193227196 0.0171645335 0.0289655821 0.0166221146 0.0180133708 0.0 0.0223396384 0.0070310737 0.02573862 0.0217338659 0.0089697064 0.0203240094 0.0136752878 0.0223925136 0.0228092585 0.011486733 0.0207105569 0.0204302029 0.0193159553 0.0199275389 0.0164478919 0.0140305906 0.0180953141 0.029229682 0.020640505
42 0.0142028299 0.0051037181 0.0272642373 0.0224333873 0.0178872245 0.0044298348 0.0235894008 0.0120348627 0.0228111868 0.0173579367 0.0242400469 0.0080493182 0.0154955188 0.0288221168 0.0118113697 0.0191344407 0.0246022777 0.0169671924 0.0183769112 0.014840904 0.0172627797 0.0160246495 0.0228484183 0.0255441024 0.0216973881 0.0078660757 0.0115905098 0.0174748769 0.0145105594 0.0141084924 0.0245107089 0.015343679 0.0210109139 0.0098923091 0.0134420426 0.0103458649 0.0255725861 0.0179509857 0.0180026143 0.0192204132 0.0223396384 0.0 0.0249218873 0.023089615 0.0080793016 0.018515162 0.0056638328 0.0163885449 0.0198167822 0.0157015502 0.0239938742 0.0158311687 0.0048577384 0.0148827906 0.0169915762 0.0074480946 0.018699978 0.0092785378 0.027616375 0.0122088671
43 0.0268663793 0.0217379072 0.0145015186 0.0053701541 0.0327204203 0.011009032 0.0145211688 0.014677585 0.0150681129 0.0078487795 0.0164383026 0.0207123358 0.013652662 0.0034239842 0.0110515518 0.0167375248 0.0057954672 0.0041772677 0.0217062785 0.0220824056 0.021785019 0.0055224231 0.0083445559 0.0291414503 0.0177802941 0.0239527529 0.0234691279 0.0058322638 0.0137300453 0.0177927135 0.0124381122 0.0223891563 0.0132651552 0.0196262924 0.017227096 0.0222207836 0.024465693 0.0099168654 0.0312769982 0.0118927303 0.0070310737 0.0249218873 0.0 0.0055729495 0.0239363015 0.0185436941 0.0112550947 0.0205773367 0.0209378909 0.0307606165 0.0175378683 0.0125092329 0.0140382974 0.0206985763 0.0104270123 0.0086054877 0.0207738031 0.0309623361 0.0166007195 0.0321414553
44 0.0153196237 0.0195398988 0.0201092334 0.0215371374 0.0152300341 0.0216724883 0.0186003773 0.0147284713 0.0154259127 0.0193737076 0.0073500322 0.0100789723 0.0273595526 0.0213307456 0.0219344767 0.0260877056 0.0167191934 0.0053687651 0.0117951811 0.0197432385 0.0275771707 0.0064284335 0.0186851928 0.0160007347 0.0079197464 0.0244993724 0.024988349 0.0172275872 0.0274548392 0.0225546003 0.0071167403 0.019754661 0.0158624305 0.0016400489 0.0112656433 0.013193042 0.0262327652 0.0036933442 0.0088571283 0.0033928941 0.02573862 0.023089615 0.0055729495 0.0 0.0110634903 0.0149424112 0.0190367188 0.0263881872 0.022314483 0.0220912204 0.017634399 0.0202833766 0.0294314628 0.0200776561 0.0123739202 0.0183098409 0.0187606391 0.0156235338 0.010662143 0.0129558611
45 0.0204529797 0.0154252274 0.0244725997 0.0192034783 0.0258036239 0.0174423838 0.0227154952 0.0065431559 0.0179899957 0.0081458592 0.0164344958 0.0055619537 0.0198781891 0.0108541475 0.0223855104 0.0220382975 0.0139957029 0.0198364819 0.0175575892 0.0232891662 0.0167966778 0.0271563461 0.0200802724 0.012845386 0.0096734171 0.0222895253 0.0161856857 0.0188686015 0.013195675 0.0213050978 0.0175658081 0.010919531 0.0130271255 0.0193356824 0.0206580355 0.0156907703 0.0203285438 0.0253429811 0.0063357962 0.0082101158 0.0217338659 0.0080793016 0.0239363015 0.0110634903 0.0 0.023619816 0.0217703329 0.0136730749 0.0115288714 0.0197568673 0.018577883 0.0156076723 0.0141463543 0.0207650288 0.0144213963 0.0209747851 0.0143039616 0.0102832467 0.0146671493 0.0152531937
46 0.0201514412 0.0071641075 0.0105670217 0.0253668403 0.0199429411 0.0315710981 0.0088300311 0.0080978306 0.0211371657 0.0261122679 0.0064172605 0.0235600396 0.0238742367 0.0302938176 0.0234871957 0.023832568 0.0100189005 0.0183631906 0.0213837079 0.0062951343 0.0218097234 0.0090939612 0.0158355793 0.0222857537 0.0083290724 0.0062193839 0.0090136507 0.0148906684 0.0187122716 0.0117260726 0.0089465161 0.0224252449 0.0228801584 0.0291898892 0.0097505995 0.0169936852 0.0271518991 0.0072904734 0.0250975876 0.0271399974 0.0089697064 0.018515162 0.0185436941 0.0149424112 0.023619816 0.0 0.0226383015 0.0171682341 0.0113762438 0.005244402 0.0063865698 0.0244810241 0.0133031948 0.0106466227 0.021105862 0.0144903272 0.0153654815 0.0135206573 0.0230796722 0.0153536326
47 0.0150790508 0.021199662 0.0276616635 0.0176759967 0.0150060722 0.0098302099 0.026114351 0.0107717612 0.0040185761 0.0063251887 0.0143410188 0.0218011428 0.0095563827 0.0183629885 0.010398328 0.0177511064 0.0268896776 0.0222551324 0.022152906 0.0253285259 0.0201590367 0.0129165521 0.0199344644 0.011748724 0.016852074 0.0230021377 0.0148630551 0.0175686344 0.0131142439 0.004521183 0.0179930127 0.0169353229 0.0212362695 0.0139025486 0.0118963987 0.0254576021 0.0146901839 0.0111661933 0.0170973997 0.0266114153 0.0203240094 0.0056638328 0.0112550947 0.0190367188 0.0217703329 0.0226383015 0.0 0.0136249186 0.0193085413 0.0306656979 0.0075912187 0.0208645876 0.0179617105 0.0137944425 0.013667264 0.0057124525 0.0209553383 0.021579244 0.0256699171 0.0137301839
48 0.0146979169 0.0153766954 0.0147485621 0.0172672101 0.0183890382 0.0068848327 0.0204139184 0.0235133893 0.0136582504 0.0228467611 0.0186364575 0.0196470512 0.0246982802 0.0053789404 0.0199232729 0.0031717359 0.0324772085 0.0193525813 0.0148520088 0.0194622511 0.0100122313 0.0299973972 0.0085565417 0.0272864078 0.0134775987 0.0198132426 0.0162538416 0.0268971502 0.0111933743 0.011841844 0.0085631831 0.024661967 0.0140485475 0.0269142124 0.0173374688 0.0180520329 0.0211710016 0.0129807365 0.0243811144 0.0153971281 0.0136752878 0.0163885449 0.0205773367 0.0263881872 0.0136730749 0.0171682341 0.0136249186 0.0 0.0117177497 0.0177343647 0.0175851543 0.0099870786 0.0134027757 0.0083082178 0.0142983906 0.0227916393 0.0238980696 0.011368059 0.0061265839 0.0170529489
49 0.0107557781 0.0100033793 0.0132996238 0.0258999452 0.01009666 0.0153819031 0.0151258205 0.0147713726 0.017943518 0.011526386 0.0231194937 0.0157650385 0.0289591013 0.0297036077 0.0132871558 0.017069624 0.0114271448 0.0291985289 0.0163492362 0.0162561471 0.0104834981 0.0153144988 0.0186358695 0.0282214741 0.0207284494 0.0097938992 0.0197758742 0.010805294 0.0054620477 0.0237955216 0.0089584979 0.0206149892 0.0222225301 0.0166342243 0.023637101 0.0190257867 0.0103125325 0.0134031887 0.0124372168 0.0098350558 0.0223925136 0.0198167822 0.0209378909 0.022314483 0.0115288714 0.0113762438 0.0193085413 0.0117177497 0.0 0.0274564531 0.0098338848 0.0216954233 0.0098001251 0.0232493012 0.0177614207 0.0272037069 0.0116809874 0.0228610854 0.0162423085 0.0067852133
50 0.0079331637 0.0270076362 0.0017964903 0.0134732194 0.0187873056 0.0207726259 0.009480764 0.0174866469 0.014306971 0.0163636552 0.0263907213 0.0123572838 0.0146037009 0.0106040506 0.027331414 0.0334182853 0.0077031545 0.0211665257 0.016599959 0.02911639 0.025261957 0.0244682774 0.0114947614 0.0058449579 0.0226910379 0.0103762123 0.0284526079 0.0147491246 0.0178198228 0.0065206943 0.0131099116 0.0124622736 0.0270241271 0.0255411429 0.0174777774 0.0039352592 0.0193827357 0.0091420684 0.0232582135 0.0253182219 0.0228092585 0.0157015502 0.0307606165 0.0220912204 0.0197568673 0.005244402 0.0306656979 0.0177343647 0.0274564531 0.0 0.018644362 0.0224943774 0.0109148018 0.0061519063 0.0097467159 0.0109117187 0.0093032683 0.0092743394 0.0063305688 0.0129763625
51 0.0137008674 0.0146993526 0.0124422336 0.0058778467 0.0134348 0.012765195 0.0320541742 0.0272374879 0.0142418755 0.0289561052 0.0176386124 0.0251359181 0.0237591624 0.0143401853 0.0135128566 0.0262333127 0.0151284215 0.0169773347 0.0224696988 0.0081110636 0.0130924808 0.0207361159 0.0128796731 0.0206956957 0.016026302 0.0189050989 0.024313031 0.0200450175 0.0186583567 0.0219645396 0.0201813936 0.0252997495 0.0103431076 0.009260339 0.0227605075 0.0223928513 0.0102016172 0.0153376742 0.0308917336 0.0210182183 0.011486733 0.0239938742 0.0175378683 0.017634399 0.018577883 0.0063865698 0.0075912187 0.0175851543 0.0098338848 0.018644362 0.0 0.0108075963 0.013839302 0.0188466451 0.0093308298 0.011851907 0.0072005748 0.0101401793 0.0195671494 0.0154238619
52 0.0157849642 0.0216080529 0.0224333601 0.02325559 0.0206115687 0.0142101537 0.0168417986 0.0142241077 0.0102331689 0.0190213214 0.0188514873 0.0267363953 0.0111488345 0.0086138543 0.0154090947 0.0287567248 0.0198055582 0.0033494796 0.0228747885 0.0262277917 0.0174805088 0.0129671263 0.0121029179 0.0179453256 0.0169552687 0.0140564872 0.0132212487 0.0123356015 0.013088026 0.0175277603 0.011278275 0.0141264488 0.0206449845 0.0090971109 0.0135604073 0.0117114313 0.0205414113 0.0093066706 0.0136674586 0.0140598844 0.0207105569 0.0158311687 0.0125092329 0.0202833766 0.0156076723 0.0244810241 0.0208645876 0.0099870786 0.0216954233 0.0224943774 0.0108075963 0.0 0.0158774705 0.015552148 0.0242876466 0.0208716897 0.0156900878 0.0183559086 0.0305744046 0.0178461009
