30
1 0.0 0.0374492916 0.0370698634 0.0584584632 0.013762817 0.0297969016 0.0067610527 0.0234457327 0.0350085514 0.0461421197 0.0449712496 0.0287692552 0.0563437267 0.0420161806 0.009973393 0.035443206 0.0245860057 0.0337445287 0.0376717799 0.0210828871 0.0385580594 0.034973008 0.0216276159 0.0559497189 0.0418523019 0.0199902883 0.0584405852 0.0328444857 0.0286976789 0.0445692519
2 0.0374492916 0.0 0.0214323899 0.0237021648 0.0232771382 0.0523677179 0.0331593124 0.0733817085 0.0641251927 0.0093351462 0.0383987016 0.0386679787 0.0082053353 0.0382484943 0.0671367069 0.0043088437 0.045587163 0.0153009469 0.0208998193 0.0543251546 0.0199900634 0.0147984263 0.0349596206 0.0205413857 0.039409325 0.0523700916 0.0566902237 0.0490471607 0.0270847817 0.0157997147
3 0.0370698634 0.0214323899 0.0 0.0400186349 0.0442538707 0.0297015708 0.0645842949 0.0330520767 0.0371982296 0.0349069553 0.0400261987 0.0368799829 0.045103926 0.0132118628 0.0442852038 0.0474212772 0.0199798828 0.025359473 0.05350454 0.0123108619 0.0433158125 0.0325624812 0.0489907247 0.0306609959 0.0195478377 0.0273854492 0.0080548871 0.0367345058 0.031244788 0.0412014226
4 0.0584584632 0.0237021648 0.0400186349 0.0 0.0386537884 0.0508768514 0.0405371737 0.0352223586 0.0280391408 0.046987336 0.0170083439 0.0280184635 0.0624679131 0.0162920936 0.0328580536 0.0022418577 0.0152076563 0.0544881454 0.0255072244 0.0271267843 0.0413702744 0.0408498672 0.0399580796 0.0438239165 0.034875589 0.0474809482 0.0155627405 0.0397812919 0.0204403666 0.0321444783
5 0.013762817 0.0232771382 0.0442538707 0.0386537884 0.0 0.0187834497 0.0043718238 0.0223975252 0.0234940053 0.0335836698 0.0413041219 0.0279673495 0.0466783103 0.0436766465 0.0530262853 0.0472222375 0.0076621134 0.0567873462 0.0068411944 0.0442070419 0.0327931692 0.0346524687 0.0543515209 0.0457836448 0.0626010879 0.0405022428 0.0357729515 0.0294960863 0.0283443184 0.0377517743
6 0.0297969016 0.0523677179 0.0297015708 0.0508768514 0.0187834497 0.0 0.0351257749 0.0601605239 0.0413297736 0.0519794309 0.0215288354 0.0309393728 0.0348380638 0.0203375646 0.0041092281 0.0112192256 0.0298061696 0.056639791 0.0544510735 0.0461156512 0.0263674047 0.0479847062 0.0265710465 0.0480176533 0.0211287764 0.0432870433 0.0380600334 0.0251005737 0.0255837837 0.0177920085
7 0.0067610527 0.0331593124 0.0645842949 0.0405371737 0.0043718238 0.0351257749 0.0 0.0329234788 0.0337856821 0.0591893133 0.0530208276 0.0351208635 0.0174454382 0.0556088475 0.0315202295 0.0506910285 0.0384042233 0.0054636145 0.0242326758 0.0140891924 0.0371093555 0.0151486538 0.0434817112 0.0569613312 0.0130445589 0.0274009472 0.0364567902 0.0293910752 0.0497407725 0.0552299571
8 0.0234457327 0.0733817085 0.0330520767 0.0352223586 0.0223975252 0.0601605239 0.0329234788 0.0 0.0050534252 0.0257292487 0.038873273 0.0350180364 0.0160004033 0.0288514026 0.0345518668 0.0430797154 0.0391026428 0.0321005143 0.0514990154 0.057805387 0.0250970917 0.0215274421 0.047661049 0.028952051 0.0469733301 0.0210827994 0.0245517361 0.0387625992 0.0165061351 0.0406374311
9 0.0350085514 0.0641251927 0.0371982296 0.0280391408 0.0234940053 0.0413297736 0.0337856821 0.0050534252 0.0 0.0330669907 0.0368681071 0.0391155633 0.0489140211 0.0150200023 0.0393461515 0.0431206934 0.0250982531 0.0328669233 0.0362173368 0.0481756993 0.0398615082 0.0384588935 0.0323353357 0.0284103752 0.0336727846 0.0259584171 0.0322767442 0.0123797792 0.0391825885 0.0516198311
10 0.0461421197 0.0093351462 0.0349069553 0.046987336 0.0335836698 0.0519794309 0.0591893133 0.0257292487 0.0330669907 0.0 0.0532798366 0.0290510446 0.0444350822 0.0267137919 0.0457565376 0.0287709237 0.0442716795 0.0091482046 0.0387991387 0.0341292224 0.0060326269 0.0334014943 0.0124790249 0.042232186 0.0138140923 0.0295393212 0.0502707423 0.0597860939 0.014925944 0.0422428017
11 0.0449712496 0.0383987016 0.0400261987 0.0170083439 0.0413041219 0.0215288354 0.0530208276 0.038873273 0.0368681071 0.0532798366 0.0 0.0095747836 0.042877533 0.0195558934 0.0597488932 0.0345735346 0.0088219409 0.0185355799 0.0365721823 0.0100220082 0.0460717297 0.0371772928 0.0165118866 0.0250964016 0.0561603905 0.0374516187 0.0432625034 0.0424501827 0.0396942435 0.0305619061
12 0.0287692552 0.0386679787 0.0368799829 0.0280184635 0.0279673495 0.0309393728 0.0351208635 0.0350180364 0.0391155633 0.0290510446 0.0095747836 0.0 0.0207441156 0.037317809 0.0274174008 0.047642678 0.0498342048 0.0368670988 0.0426763691 0.0370176797 0.0367798827 0.0309810482 0.0437717244 0.0349391405 0.0455829927 0.0251364265 0.0411692051 0.0400137962 0.0462903292 0.0166954047
13 0.0563437267 0.0082053353 0.045103926 0.0624679131 0.0466783103 0.0348380638 0.0174454382 0.0160004033 0.0489140211 0.0444350822 0.042877533 0.0207441156 0.0 0.0226149399 0.0465882793 0.0203065677 0.0547798332 0.0713712091 0.0158468068 0.0037715764 0.0597867981 0.0097533331 0.0231295402 0.0354181226 0.0250077952 0.0404152001 0.0134573739 0.027742224 0.0294511298 0.0565054021
14 0.0420161806 0.0382484943 0.0132118628 0.0162920936 0.0436766465 0.0203375646 0.0556088475 0.0288514026 0.0150200023 0.0267137919 0.0195558934 0.037317809 0.0226149399 0.0 0.0655438816 0.0413688802 0.0370164013 0.0273860586 0.0132390045 0.0573502771 0.0391361402 0.0420671504 0.0291362042 0.0487339107 0.0301320585 0.0564591128 0.0374353304 0.0160703953 0.0359166872 0.0435429781
15 0.009973393 0.0671367069 0.0442852038 0.0328580536 0.0530262853 0.0041092281 0.0315202295 0.0345518668 0.0393461515 0.0457565376 0.0597488932 0.0274174008 0.0465882793 0.0655438816 0.0 0.0423035051 0.0291284595 0.0267402353 0.0281294338 0.0588479171 0.0196167155 0.0415942156 0.0145037126 0.0151163258 0.0295537441 0.0147289693 0.0188620378 0.0509008741 0.0287911266 0.0193206169
16 0.035443206 0.0043088437 0.0474212772 0.0022418577 0.0472222375 0.0112192256 0.0506910285 0.0430797154 0.0431206934 0.0287709237 0.0345735346 0.047642678 0.0203065677 0.0413688802 0.0423035051 0.0 0.0311427066 0.0567613164 0.055113489 0.0351855714 0.0128075776 0.0608568791 0.0356083181 0.0034297781 0.0407539359 0.0314439729 0.0383696848 0.0393759844 0.0237970553 0.035639556
17 0.0245860057 0.045587163 0.0199798828 0.0152076563 0.0076621134 0.0298061696 0.0384042233 0.0391026428 0.0250982531 0.0442716795 0.0088219409 0.0498342048 0.0547798332 0.0370164013 0.0291284595 0.0311427066 0.0 0.052442193 0.0355906815 0.0130694192 0.0436823031 0.0103927794 0.0478454536 0.0155987823 0.0421590208 0.0578600887 0.0497572591 0.0351581207 0.0519695234 0.0440450395
18 0.0337445287 0.0153009469 0.025359473 0.0544881454 0.0567873462 0.056639791 0.0054636145 0.0321005143 0.0328669233 0.0091482046 0.0185355799 0.0368670988 0.0713712091 0.0273860586 0.0267402353 0.0567613164 0.052442193 0.0 0.018506125 0.0373415477 0.0425946075 0.0051683292 0.0420223377 0.0441214885 0.0303511746 0.0322701624 0.0345025007 0.012718209 0.0543959288 0.0340044098
19 0.0376717799 0.0208998193 0.05350454 0.0255072244 0.0068411944 0.0544510735 0.0242326758 0.0514990154 0.0362173368 0.0387991387 0.0365721823 0.0426763691 0.0158468068 0.0132390045 0.0281294338 0.055113489 0.0355906815 0.018506125 0.0 0.0323863017 0.0582286706 0.0572299842 0.043078123 0.0361879999 0.035556066 0.0193771573 0.0167601508 0.0455055037 0.0401466671 0.0202454856
20 0.0210828871 0.0543251546 0.0123108619 0.0271267843 0.0442070419 0.0461156512 0.0140891924 0.057805387 0.0481756993 0.0341292224 0.0100220082 0.0370176797 0.0037715764 0.0573502771 0.0588479171 0.0351855714 0.0130694192 0.0373415477 0.0323863017 0.0 0.0466454889 0.0503462239 0.047990509 0.0184565319 0.0412189996 0.0473857459 0.0383495127 0.0361941906 0.010227206 0.0188254108
21 0.0385580594 0.0199900634 0.0433158125 0.0413702744 0.0327931692 0.0263674047 0.0371093555 0.0250970917 0.0398615082 0.0060326269 0.0460717297 0.0367798827 0.0597867981 0.0391361402 0.0196167155 0.0128075776 0.0436823031 0.0425946075 0.0582286706 0.0466454889 0.0 0.0291934455 0.0185570385 0.0616686858 0.0426811262 0.0279989755 0.0273049192 0.0351800678 0.0330700164 0.0085004452
22 0.034973008 0.0147984263 0.0325624812 0.0408498672 0.0346524687 0.0479847062 0.0151486538 0.0215274421 0.0384588935 0.0334014943 0.0371772928 0.0309810482 0.0097533331 0.0420671504 0.0415942156 0.0608568791 0.0103927794 0.0051683292 0.0572299842 0.0503462239 0.0291934455 0.0 0.0308601407 0.0215555739 0.0181784646 0.0188340135 0.0596713229 0.0708258428 0.049869361 0.0410871576
23 0.0216276159 0.0349596206 0.0489907247 0.0399580796 0.0543515209 0.0265710465 0.0434817112 0.047661049 0.0323353357 0.0124790249 0.0165118866 0.0437717244 0.0231295402 0.0291362042 0.0145037126 0.0356083181 0.0478454536 0.0420223377 0.043078123 0.047990509 0.0185570385 0.0308601407 0.0 0.0285984663 0.0470108483 0.0368503761 0.0362319707 0.014364911 0.0369754123 0.0445372977
24 0.0559497189 0.0205413857 0.0306609959 0.0438239165 0.0457836448 0.0480176533 0.0569613312 0.028952051 0.0284103752 0.042232186 0.0250964016 0.0349391405 0.0354181226 0.0487339107 0.0151163258 0.0034297781 0.0155987823 0.0441214885 0.0361879999 0.0184565319 0.0616686858 0.0215555739 0.0285984663 0.0 0.0218027258 0.035831164 0.0392895115 0.0184636192 0.0597322658 0.0346262473
25 0.0418523019 0.039409325 0.0195478377 0.034875589 0.0626010879 0.0211287764 0.0130445589 0.0469733301 0.0336727846 0.0138140923 0.0561603905 0.0455829927 0.0250077952 0.0301320585 0.0295537441 0.0407539359 0.0421590208 0.0303511746 0.035556066 0.0412189996 0.0426811262 0.0181784646 0.0470108483 0.0218027258 0.0 0.0165320744 0.0225063418 0.0282457271 0.0666200966 0.0330267335
26 0.0199902883 0.0523700916 0.0273854492 0.0474809482 0.0405022428 0.0432870433 0.0274009472 0.0210827994 0.0259584171 0.0295393212 0.0374516187 0.0251364265 0.0404152001 0.0564591128 0.0147289693 0.0314439729 0.0578600887 0.0322701624 0.0193771573 0.0473857459 0.0279989755 0.0188340135 0.0368503761 0.035831164 0.0165320744 0.0 0.044076255 0.0522566781 0.0331451373 0.0369493229
27 0.0584405852 0.0566902237 0.0080548871 0.0155627405 0.0357729515 0.0380600334 0.0364567902 0.0245517361 0.0322767442 0.0502707423 0.0432625034 0.0411692051 0.0134573739 0.0374353304 0.0188620378 0.0383696848 0.0497572591 0.0345025007 0.0167601508 0.0383495127 0.0273049192 0.0596713229 0.0362319707 0.0392895115 0.0225063418 0.044076255 0.0 0.0339693501 0.0121832876 0.0367040483
28 0.0328444857 0.0490471607 0.0367345058 0.0397812919 0.0294960863 0.0251005737 0.0293910752 0.0387625992 0.0123797792 0.0597860939 0.0424501827 0.0400137962 0.027742224 0.0160703953 0.0509008741 0.0393759844 0.0351581207 0.012718209 0.0455055037 0.0361941906 0.0351800678 0.0708258428 0.014364911 0.0184636192 0.0282457271 0.0522566781 0.0339693501 0.0 0.023510087 0.0237305848
29 0.0286976789 0.0270847817 0.031244788 0.0204403666 0.0283443184 0.0255837837 0.0497407725 0.0165061351 0.0391825885 0.014925944 0.0396942435 0.0462903292 0.0294511298 0.0359166872 0.0287911266 0.0237970553 0.0519695234 0.0543959288 0.0401466671 0.010227206 0.0330700164 0.049869361 0.0369754123 0.0597322658 0.0666200966 0.0331451373 0.0121832876 0.023510087 0.0 0.0424632818
30 0.0445692519 0.0157997147 0.0412014226 0.0321444783 0.0377517743 0.0177920085 0.0552299571 0.0406374311 0.0516198311 0.0422428017 0.0305619061 0.0166954047 0.0565054021 0.0435429781 0.0193206169 0.035639556 0.0440450395 0.0340044098 0.0202454856 0.0188254108 0.0085004452 0.0410871576 0.0445372977 0.0346262473 0.0330267335 0.0369493229 0.0367040483 0.0237305848 0.0424632818 0.0
