32
1 0.0572660753 0.0225135636 0.0126954463 0.0323707832 0.0200334416 0.0480178337 0.0260711037 0.0507330423 0.0547109195 0.0120628423 0.0641171556 0.0307797166 0.0093262352 0.050405042 0.0170679276 0.0147183595 0.0125492337 0.0273464637 0.0350857315 0.0237774815 0.044337082 0.0429669615 0.0358528025 0.0445759093 0.0146778106 0.0228216348 0.0459458576 0.034815116 0.0426985066 0.0179951023 0.0234520464 0.0082127721 
2 0.0225135636 0.0343815615 0.0535719304 0.0326598967 0.0447363636 0.0371423165 0.0374304567 0.0461275279 0.0121907656 0.0431481546 0.0211344947 0.0234185904 0.0212796254 0.0109630818 0.0285949031 0.0403120211 0.054368864 0.0261294301 0.0333220494 0.0105310206 0.0346169523 0.0379459927 0.0210910527 0.0324525293 0.0074229092 0.016994008 0.0331682741 0.069537394 0.0209278823 0.0340452584 0.0210725756 0.0367685537 
3 0.0126954463 0.0535719304 0.0140324563 0.0296900492 0.0176247494 0.0201221609 0.0346447032 0.0279412835 0.0218771601 0.0437861679 0.0068115152 0.0138807839 0.0666943243 0.0337348776 0.0338353619 0.0363132565 0.0258125257 0.0531760584 0.0381175694 0.0153982088 0.0335100047 0.0467732097 0.0399822832 0.0161144475 0.0137526651 0.0215858044 0.0089057313 0.056851933 0.0185385813 0.0446938327 0.0441872882 0.0553436299 
4 0.0323707832 0.0326598967 0.0296900492 0.0262812244 0.0369507663 0.0344286384 0.0306392585 0.0088454494 0.0283081809 0.0403783524 0.0448385089 0.0353482629 0.0251645622 0.0592056 0.0251665045 0.0439415295 0.0191815113 0.0339404861 0.0294367781 0.0486054471 0.0174663662 0.0347094414 0.0200832681 0.0342396931 0.0212177493 0.0254893008 0.0133258549 0.0418688252 0.028870369 0.0211652738 0.0433868609 0.032795207 
5 0.0200334416 0.0447363636 0.0176247494 0.0369507663 0.0149561516 0.0400492508 0.0555534625 0.0259397842 0.0308870945 0.0213706621 0.0421744755 0.0343429732 0.0195746249 0.0298029239 0.0316870971 0.0548648343 0.0428925767 0.0387702342 0.0276311852 0.0173246577 0.0204833807 0.0395782252 0.0419673209 0.0146960948 0.0435843377 0.0270533675 0.0156351692 0.0412956111 0.0413069773 0.0228347645 0.0330888637 0.0113085777 
6 0.0480178337 0.0371423165 0.0201221609 0.0344286384 0.0400492508 0.0414508643 0.0376017528 0.0176802298 0.0214861247 0.0205595264 0.0354463287 0.0163272949 0.0348078835 0.0251057231 0.0308571699 0.0478675799 0.0238263116 0.012493967 0.0488026755 0.0304138217 0.0245827667 0.0064982517 0.0296994929 0.0480767171 0.0302985243 0.0389140124 0.0217450804 0.0505812435 0.068555219 0.0173829571 0.0268413403 0.0123369404 
7 0.0260711037 0.0374304567 0.0346447032 0.0306392585 0.0555534625 0.0376017528 0.0039990502 0.0360041161 0.0211971733 0.0221412185 0.0301092973 0.0307343188 0.0255651373 0.0408147108 0.013651867 0.0179824939 0.0100267892 0.0334748823 0.0491873108 0.0347700095 0.0625731541 0.0483437016 0.0215752813 0.0415975291 0.0268732493 0.0498278435 0.0432700665 0.033968707 0.0120459966 0.0237805948 0.0262922143 0.0182525497 
8 0.0507330423 0.0461275279 0.0279412835 0.0088454494 0.0259397842 0.0176802298 0.0360041161 0.0207699645 0.0227055611 0.0137283497 0.0262276141 0.0127514811 0.0221207434 0.0523802368 0.0482029692 0.0350748768 0.0395840794 0.0166225707 0.0605187588 0.0309027708 0.0367075984 0.0388674894 0.0350400381 0.0135256667 0.0275855907 0.0553888016 0.0289492362 0.0264537509 0.0290645405 0.0360685609 0.011829639 0.0456576781 
9 0.0547109195 0.0121907656 0.0218771601 0.0283081809 0.0308870945 0.0214861247 0.0211971733 0.0227055611 0.0387198937 0.0259925877 0.0111333425 0.0515527459 0.0515884444 0.0129746055 0.0428541059 0.0350342461 0.0333919631 0.0283668676 0.0207724912 0.048988341 0.0335738672 0.0356550901 0.037321133 0.0349904891 0.035935644 0.048612266 0.0167614404 0.0423115741 0.0386127276 0.0270493223 0.0186153202 0.0158285119 
10 0.0120628423 0.0431481546 0.0437861679 0.0403783524 0.0213706621 0.0205595264 0.0221412185 0.0137283497 0.0259925877 0.0534838203 0.0521673481 0.0216813606 0.023337322 0.0137705522 0.0198838322 0.0156739362 0.0187195495 0.0386959337 0.0179514756 0.0421743624 0.0255595082 0.0467954778 0.0256496786 0.0396871845 0.0293911935 0.027006235 0.0162871008 0.0337298744 0.0447696546 0.0511026479 0.0177232784 0.0815908119 
11 0.0641171556 0.0211344947 0.0068115152 0.0448385089 0.0421744755 0.0354463287 0.0301092973 0.0262276141 0.0111333425 0.0521673481 0.0258249772 0.0258818501 0.0169874058 0.0330197419 0.030553609 0.045667809 0.0316817941 0.010718605 0.0276293351 0.049350981 0.0450564472 0.0281315305 0.0137171927 0.0326210232 0.0469257553 0.0410055994 0.0526821753 0.0109133252 0.0354501555 0.022056192 0.0219129421 0.0180514729 
12 0.0307797166 0.0234185904 0.0138807839 0.0353482629 0.0343429732 0.0163272949 0.0307343188 0.0127514811 0.0515527459 0.0216813606 0.0258818501 0.0070312048 0.0510573375 0.038978651 0.0242083033 0.0206868105 0.0412737446 0.0289905095 0.0387616558 0.0240397313 0.0378008838 0.0336296404 0.028980688 0.0332633621 0.0038094818 0.0280844247 0.0383271495 0.0194678294 0.0315076528 0.0427638723 0.0652793213 0.0653583671 
13 0.0093262352 0.0212796254 0.0666943243 0.0251645622 0.0195746249 0.0348078835 0.0255651373 0.0221207434 0.0515884444 0.023337322 0.0169874058 0.0510573375 0.0435551406 0.0158044775 0.0349144138 0.0145115444 0.0023785733 0.0387460327 0.0376999247 0.0150474197 0.0330603683 0.0181671273 0.0442529367 0.0283594961 0.0699801839 0.0309726464 0.028862987 0.0186608531 0.0262228535 0.0285509023 0.0488118145 0.0539366583 
14 0.050405042 0.0109630818 0.0337348776 0.0592056 0.0298029239 0.0251057231 0.0408147108 0.0523802368 0.0129746055 0.0137705522 0.0330197419 0.038978651 0.0158044775 0.0245636999 0.0227595453 0.0294814253 0.0525840857 0.0382752261 0.0279015005 0.0291522896 0.0219191602 0.0285245082 0.0323837395 0.0263710321 0.0506364298 0.0166573243 0.0268850222 0.0299762723 0.0194459427 0.0306100687 0.0319194571 0.0429930464 
15 0.0170679276 0.0285949031 0.0338353619 0.0251665045 0.0316870971 0.0308571699 0.013651867 0.0482029692 0.0428541059 0.0198838322 0.030553609 0.0242083033 0.0349144138 0.0227595453 0.0758923197 0.0263128632 0.0095241358 0.0301322801 0.0302335766 0.0167476654 0.0523148151 0.0110231235 0.0122114368 0.0324111778 0.0439654412 0.0394511978 0.0189494866 0.043802409 0.0468036904 0.0325063937 0.0554097609 0.0180706164 
16 0.0147183595 0.0403120211 0.0363132565 0.0439415295 0.0548648343 0.0478675799 0.0179824939 0.0350748768 0.0350342461 0.0156739362 0.045667809 0.0206868105 0.0145115444 0.0294814253 0.0263128632 0.0179019681 0.0666865658 0.0173682483 0.0230385367 0.0307390599 0.0405270694 0.0462830814 0.0465276059 0.0197351865 0.0327480504 0.0220464443 0.0316086788 0.0383902051 0.0148425373 0.0155921037 0.0402082308 0.0173128413 
17 0.0125492337 0.054368864 0.0258125257 0.0191815113 0.0428925767 0.0238263116 0.0100267892 0.0395840794 0.0333919631 0.0187195495 0.0316817941 0.0412737446 0.0023785733 0.0525840857 0.0095241358 0.0666865658 0.0531354624 0.0282946855 0.0097913929 0.029909797 0.0453494593 0.0134879797 0.037284034 0.0655932714 0.0502964213 0.020770219 0.0214575857 0.0213245528 0.0301857037 0.021175675 0.0566753524 0.0107861045 
18 0.0273464637 0.0261294301 0.0531760584 0.0339404861 0.0387702342 0.012493967 0.0334748823 0.0166225707 0.0283668676 0.0386959337 0.010718605 0.0289905095 0.0387460327 0.0382752261 0.0301322801 0.0173682483 0.0282946855 0.0430755771 0.0259272979 0.0535999557 0.0265652217 0.0230448601 0.0277191983 0.0124131012 0.0548397444 0.0137853753 0.0588175934 0.0465170868 0.033658251 0.0195437796 0.0386627243 0.020287752 
19 0.0350857315 0.0333220494 0.0381175694 0.0294367781 0.0276311852 0.0488026755 0.0491873108 0.0605187588 0.0207724912 0.0179514756 0.0276293351 0.0387616558 0.0376999247 0.0279015005 0.0302335766 0.0230385367 0.0097913929 0.0259272979 0.0412819158 0.0404779111 0.0231215089 0.0044690393 0.0331127197 0.0262587038 0.0506881543 0.0176030382 0.0504215373 0.0295221629 0.0342037071 0.0198124535 0.0148286867 0.0323892159 
20 0.0237774815 0.0105310206 0.0153982088 0.0486054471 0.0173246577 0.0304138217 0.0347700095 0.0309027708 0.048988341 0.0421743624 0.049350981 0.0240397313 0.0150474197 0.0291522896 0.0167476654 0.0307390599 0.029909797 0.0535999557 0.0404779111 0.0197418159 0.0304346949 0.0420379587 0.0210262917 0.0224492325 0.0373449837 0.0236906171 0.0201828264 0.0431641918 0.0412332194 0.0536407579 0.0255081493 0.0275943287 
21 0.044337082 0.0346169523 0.0335100047 0.0174663662 0.0204833807 0.0245827667 0.0625731541 0.0367075984 0.0335738672 0.0255595082 0.0450564472 0.0378008838 0.0330603683 0.0219191602 0.0523148151 0.0405270694 0.0453494593 0.0265652217 0.0231215089 0.0304346949 0.0072382932 0.0348007246 0.0269269163 0.0361576766 0.021102677 0.0223347278 0.0296476432 0.0145608971 0.0489785342 0.0157002223 0.0213561648 0.0316352134 
22 0.0429669615 0.0379459927 0.0467732097 0.0347094414 0.0395782252 0.0064982517 0.0483437016 0.0388674894 0.0356550901 0.0467954778 0.0281315305 0.0336296404 0.0181671273 0.0285245082 0.0110231235 0.0462830814 0.0134879797 0.0230448601 0.0044690393 0.0420379587 0.0348007246 0.0192267986 0.0336858799 0.0190668397 0.0217717537 0.0360384893 0.0374207293 0.024932657 0.0219929276 0.0354113852 0.0490677576 0.0396513672 
23 0.0358528025 0.0210910527 0.0399822832 0.0200832681 0.0419673209 0.0296994929 0.0215752813 0.0350400381 0.037321133 0.0256496786 0.0137171927 0.028980688 0.0442529367 0.0323837395 0.0122114368 0.0465276059 0.037284034 0.0277191983 0.0331127197 0.0210262917 0.0269269163 0.0336858799 0.0655453057 0.0103313485 0.0382835209 0.0263933674 0.0523635415 0.0264191344 0.0125484137 0.0364439175 0.0258134847 0.0397669751 
24 0.0445759093 0.0324525293 0.0161144475 0.0342396931 0.0146960948 0.0480767171 0.0415975291 0.0135256667 0.0349904891 0.0396871845 0.0326210232 0.0332633621 0.0283594961 0.0263710321 0.0324111778 0.0197351865 0.0655932714 0.0124131012 0.0262587038 0.0224492325 0.0361576766 0.0190668397 0.0103313485 0.0557134447 0.021052778 0.042318277 0.0235145465 0.0256749126 0.0197196855 0.0595938316 0.0359229044 0.0315019075 
25 0.0146778106 0.0074229092 0.0137526651 0.0212177493 0.0435843377 0.0302985243 0.0268732493 0.0275855907 0.035935644 0.0293911935 0.0469257553 0.0038094818 0.0699801839 0.0506364298 0.0439654412 0.0327480504 0.0502964213 0.0548397444 0.0506881543 0.0373449837 0.021102677 0.0217717537 0.0382835209 0.021052778 0.0163993649 0.0162423805 0.0551044001 0.0181359905 0.0396321205 0.0104311804 0.0171043193 0.0327651945 
26 0.0228216348 0.016994008 0.0215858044 0.0254893008 0.0270533675 0.0389140124 0.0498278435 0.0553888016 0.048612266 0.027006235 0.0410055994 0.0280844247 0.0309726464 0.0166573243 0.0394511978 0.0220464443 0.020770219 0.0137853753 0.0176030382 0.0236906171 0.0223347278 0.0360384893 0.0263933674 0.042318277 0.0162423805 0.0459457407 0.0290101771 0.0114309688 0.0382031263 0.0497125624 0.0435525004 0.0510575219 
27 0.0459458576 0.0331682741 0.0089057313 0.0133258549 0.0156351692 0.0217450804 0.0432700665 0.0289492362 0.0167614404 0.0162871008 0.0526821753 0.0383271495 0.028862987 0.0268850222 0.0189494866 0.0316086788 0.0214575857 0.0588175934 0.0504215373 0.0201828264 0.0296476432 0.0374207293 0.0523635415 0.0235145465 0.0551044001 0.0290101771 0.0501735879 0.0264833287 0.0217049016 0.0322765335 0.0380210077 0.0120907492 
28 0.034815116 0.069537394 0.056851933 0.0418688252 0.0412956111 0.0505812435 0.033968707 0.0264537509 0.0423115741 0.0337298744 0.0109133252 0.0194678294 0.0186608531 0.0299762723 0.043802409 0.0383902051 0.0213245528 0.0465170868 0.0295221629 0.0431641918 0.0145608971 0.024932657 0.0264191344 0.0256749126 0.0181359905 0.0114309688 0.0264833287 0.0055039866 0.0356565683 0.0301926943 0.0133325225 0.0345234214 
29 0.0426985066 0.0209278823 0.0185385813 0.028870369 0.0413069773 0.068555219 0.0120459966 0.0290645405 0.0386127276 0.0447696546 0.0354501555 0.0315076528 0.0262228535 0.0194459427 0.0468036904 0.0148425373 0.0301857037 0.033658251 0.0342037071 0.0412332194 0.0489785342 0.0219929276 0.0125484137 0.0197196855 0.0396321205 0.0382031263 0.0217049016 0.0356565683 0.0183010186 0.037963204 0.0333651772 0.0129901544 
30 0.0179951023 0.0340452584 0.0446938327 0.0211652738 0.0228347645 0.0173829571 0.0237805948 0.0360685609 0.0270493223 0.0511026479 0.022056192 0.0427638723 0.0285509023 0.0306100687 0.0325063937 0.0155921037 0.021175675 0.0195437796 0.0198124535 0.0536407579 0.0157002223 0.0354113852 0.0364439175 0.0595938316 0.0104311804 0.0497125624 0.0322765335 0.0301926943 0.037963204 0.0423019762 0.0206518959 0.0469500835 
31 0.0234520464 0.0210725756 0.0441872882 0.0433868609 0.0330888637 0.0268413403 0.0262922143 0.011829639 0.0186153202 0.0177232784 0.0219129421 0.0652793213 0.0488118145 0.0319194571 0.0554097609 0.0402082308 0.0566753524 0.0386627243 0.0148286867 0.0255081493 0.0213561648 0.0490677576 0.0258134847 0.0359229044 0.0171043193 0.0435525004 0.0380210077 0.0133325225 0.0333651772 0.0206518959 0.0021455071 0.0339608919 
32 0.0082127721 0.0367685537 0.0553436299 0.032795207 0.0113085777 0.0123369404 0.0182525497 0.0456576781 0.0158285119 0.0815908119 0.0180514729 0.0653583671 0.0539366583 0.0429930464 0.0180706164 0.0173128413 0.0107861045 0.020287752 0.0323892159 0.0275943287 0.0316352134 0.0396513672 0.0397669751 0.0315019075 0.0327651945 0.0510575219 0.0120907492 0.0345234214 0.0129901544 0.0469500835 0.0339608919 0.0082308841 
