15
1 0.0 0.0410764901 0.0968595564 0.0257652569 0.0965195529 0.0276251218 0.0644745096 0.1220953742 0.1191282987 0.0322042193 0.037101971 0.1188268021 0.061464777 0.0621144602 0.0947436096
2 0.0410764901 0.0 0.0993071983 0.0982525279 0.0864548742 0.0318011035 0.1161611499 0.0192086908 0.046922164 0.1142015727 0.0721772423 0.0394787209 0.0974033186 0.0869246993 0.0506302478
3 0.0968595564 0.0993071983 0.0 0.1024824442 0.0951537676 0.0657622239 0.0753832639 0.0824528246 0.096483115 0.034073384 0.0555435175 0.0376993415 0.0176369084 0.1101586971 0.0310037574
4 0.0257652569 0.0982525279 0.1024824442 0.0 0.029814721 0.1228693618 0.0299740973 0.0492592074 0.0224119493 0.0882634112 0.0568120019 0.1057079523 0.1183099473 0.1279286472 0.0221484741
5 0.0965195529 0.0864548742 0.0951537676 0.029814721 0.0 0.0911019289 0.1066083412 0.0620104752 0.0424791026 0.0952967198 0.0760114423 0.0312658326 0.0227896572 0.0533504909 0.1111430937
6 0.0276251218 0.0318011035 0.0657622239 0.1228693618 0.0911019289 0.0 0.065888565 0.0845579519 0.0666221903 0.0660445754 0.1019363722 0.029092002 0.0747582993 0.1048658556 0.0670744484
7 0.0644745096 0.1161611499 0.0753832639 0.0299740973 0.1066083412 0.065888565 0.0 0.0895078886 0.0555627218 0.0591042875 0.0649218718 0.0521671965 0.0657234232 0.067581243 0.0869414405
8 0.1220953742 0.0192086908 0.0824528246 0.0492592074 0.0620104752 0.0845579519 0.0895078886 0.0 0.0980833433 0.0701755817 0.0872218673 0.0957936224 0.0501646027 0.0185514771 0.0709170929
9 0.1191282987 0.046922164 0.096483115 0.0224119493 0.0424791026 0.0666221903 0.0555627218 0.0980833433 0.0 0.0818787773 0.0700489994 0.0828058176 0.1010269984 0.0450715688 0.0714749537
10 0.0322042193 0.1142015727 0.034073384 0.0882634112 0.0952967198 0.0660445754 0.0591042875 0.0701755817 0.0818787773 0.0 0.090587655 0.1283291364 0.0580884455 0.0554057038 0.0263465301
11 0.037101971 0.0721772423 0.0555435175 0.0568120019 0.0760114423 0.1019363722 0.0649218718 0.0872218673 0.0700489994 0.090587655 0.0 0.0378410286 0.0862336921 0.0744226814 0.0891396573
12 0.1188268021 0.0394787209 0.0376993415 0.1057079523 0.0312658326 0.029092002 0.0521671965 0.0957936224 0.0828058176 0.1283291364 0.0378410286 0.0 0.0728987913 0.0718065808 0.0962871753
13 0.061464777 0.0974033186 0.0176369084 0.1183099473 0.0227896572 0.0747582993 0.0657234232 0.0501646027 0.1010269984 0.0580884455 0.0862336921 0.0728987913 0.0 0.0565847576 0.1169163816
14 0.0621144602 0.0869246993 0.1101586971 0.1279286472 0.0533504909 0.1048658556 0.067581243 0.0185514771 0.0450715688 0.0554057038 0.0744226814 0.0718065808 0.0565847576 0.0 0.0652331374
15 0.0947436096 0.0506302478 0.0310037574 0.0221484741 0.1111430937 0.0670744484 0.0869414405 0.0709170929 0.0714749537 0.0263465301 0.0891396573 0.0962871753 0.1169163816 0.0652331374 0.0
