64
1 0.0209757176 0.0170891771 0.0289020388 0.0108756415 0.0219715854 0.0177798526 0.0161057999 0.0175562293 0.0247430363 0.0245947078 0.0257793461 0.0166333858 0.0116943114 0.0045296127 0.0133485108 0.0186091471 0.0112362555 0.0131548404 0.0281176006 0.0175807827 0.0155372048 0.0072164884 0.0089848528 0.008481749 0.0070282573 0.0096700717 0.019021921 0.0142771725 0.0150582574 0.0148788989 0.0128748427 0.0078009126 0.0060783326 0.024544681 0.0130667983 0.0120347282 0.0112485481 0.0197338451 0.0105541704 0.0146789117 0.0123035737 0.0208693486 0.0059760162 0.018786384 0.0140696393 0.0234672496 0.0197558855 0.0252679977 0.0134868968 0.014540104 0.0224360836 0.0160298621 0.014617239 0.0144191984 0.0156888787 0.0233927379 0.0210967283 0.0159159134 0.0054434351 0.0297649425 0.0068064884 0.0141504495 0.017666724 
2 0.0 0.0183125764 0.0232690089 0.0140914946 0.0174761971 0.0022337507 0.0108857677 0.0256283624 0.009395746 0.0083448083 0.0213645049 0.0262930629 0.0047557679 0.0300796664 0.0297930195 0.0133021709 0.0231485095 0.0167070082 0.021281791 0.0184273514 0.0162509828 0.0278682536 0.0136219235 0.0200578657 0.0274842843 0.018981434 0.0097775823 0.0158479402 0.0169426902 0.0191014134 0.0032201143 0.0103730675 0.0154861472 0.0223014574 0.0165578868 0.0111771465 0.006693122 0.0220191503 0.0168631496 0.0169628468 0.0174973192 0.0186002948 0.0059289038 0.0185485126 0.0234916987 0.004615797 0.0206203731 0.0260050098 0.0122210235 0.0040885243 0.0064790366 0.0126114736 0.0104865032 0.0152622772 0.0068361673 0.0193385145 0.0170191204 0.0051083044 0.0238036892 0.0060891221 0.0182806792 0.0156726194 0.0080402955 
3 0.0183125764 0.0 0.0131463577 0.0172090113 0.0150485821 0.0104649714 0.0152598472 0.010173867 0.010396248 0.0191350836 0.0192583682 0.0133942541 0.0241131706 0.017958307 0.0147984967 0.0203406744 0.0193840851 0.0288018024 0.0163039724 0.0064094442 0.0191290386 0.019441423 0.0024209917 0.025652207 0.0196170857 0.0230265945 0.0257744895 0.0098026346 0.0156183342 0.0220082364 0.0204813359 0.0061867437 0.0190006464 0.004298404 0.0177068417 0.0126364342 0.0225245415 0.0084749643 0.0140052758 0.0141406189 0.0103694647 0.0155090443 0.0188211085 0.0114772398 0.0250933023 0.0097042227 0.0127877113 0.0158044621 0.0122901965 0.020700948 0.0049110204 0.018874289 0.0065454336 0.0245733409 0.0199256088 0.0152532063 0.0102567065 0.008053195 0.0173768904 0.0127829521 0.0272678873 0.006660159 0.0260164719 
4 0.0232690089 0.0131463577 0.0 0.0175166579 0.0127261911 0.0201458612 0.0214018022 0.0133583773 0.0166613125 0.0131100778 0.0182148149 0.0104611396 0.0292268621 0.0220678318 0.0248965776 0.0139227956 0.012787773 0.0141381141 0.0185344985 0.0056557931 0.0066403059 0.0199133433 0.0190809361 0.0151789566 0.0212504899 0.0155785643 0.0195931085 0.0132029272 0.0011075483 0.0073359092 0.0102637524 0.0195528667 0.010061648 0.0248972226 0.0054862054 0.0215723207 0.0300978273 0.0103260577 0.0064319193 0.0252402723 0.0165903439 0.019681011 0.0195460088 0.0218761954 0.0195293115 0.0091093628 0.0164679073 0.0141326112 0.0117010485 0.0103822448 0.0198543494 0.0138532893 0.0199028049 0.0225313612 0.0103913379 0.0162382888 0.0106073663 0.0200911666 0.0088671725 0.0167748824 0.0037488983 0.0185448553 0.0066221145 
5 0.0140914946 0.0172090113 0.0175166579 0.0 0.021113171 0.0307758308 0.0102040507 0.0095991915 0.018021356 0.0110853473 0.0101624991 0.0190441922 0.0217915655 0.0053160784 0.0243703328 0.0077807158 0.0154368321 0.0164948889 0.0133872508 0.0201778543 0.0027954997 0.0216980733 0.0278873143 0.0156985572 0.0038458713 0.0137067626 0.0063158003 0.0082837488 0.0159606042 0.0175107829 0.0085937975 0.0219323086 0.0175842181 0.0101225371 0.0111066313 0.0191027451 0.0066256897 0.0135100143 0.0240257306 0.0222797181 0.0219966869 0.0194864238 0.0089483181 0.024468487 0.0152363624 0.0245354068 0.0197163236 0.0080357166 0.02325742 0.0161988044 0.0197799338 0.0064306157 0.0170265857 0.0148325455 0.0221800041 0.0239294263 0.0093754511 0.0229020548 0.0171812712 0.027235505 0.0186738798 0.0067918843 0.0087405256 
6 0.0174761971 0.0150485821 0.0127261911 0.021113171 0.0 0.0207196717 0.013393021 0.0164120975 0.0180785501 0.0131473438 0.010142835 0.0225751016 0.0167290932 0.0092874009 0.0171792179 0.0098512742 0.0105006287 0.0194213174 0.0239745852 0.0235299319 0.0149310082 0.0196255922 0.007439781 0.0152380613 0.0211401218 0.006549094 0.0072787975 0.0238455037 0.0149672504 0.012752872 0.019775453 0.0078745819 0.0208974228 0.0196125868 0.0109180578 0.0263749384 0.0164666164 0.0070985149 0.0278056503 0.0269807162 0.0105046174 0.0112013466 0.0109727764 0.0210684251 0.016034304 0.0279528061 0.0110536026 0.0160350322 0.0199362268 0.0108042649 0.0087528329 0.0247123647 0.0146221992 0.010125097 0.0108149743 0.0216518134 0.0137355624 0.0131736108 0.0141961449 0.0075947115 0.024046265 0.0040345314 0.0161260731 
7 0.0022337507 0.0104649714 0.0201458612 0.0307758308 0.0207196717 0.0 0.0162331473 0.0096722649 0.014866456 0.0263537591 0.0150885761 0.0216922287 0.0100948173 0.0059137428 0.015031419 0.0070035134 0.0086557996 0.0164730264 0.0091636991 0.0212703072 0.0182993724 0.0129988611 0.0082687586 0.0183636316 0.0109915734 0.0244545688 0.0191738898 0.0160222882 0.0175099045 0.0223758983 0.0268519642 0.0135277484 0.0178470822 0.0230487596 0.0164020535 0.0138691558 0.0192629816 0.0264351905 0.0189174302 0.0067084874 0.0121742024 0.0153222418 0.0164610517 0.0154979699 0.0043405552 0.0184300336 0.0261779063 0.0026430338 0.0133122509 0.0049429599 0.0074616588 0.0196315045 0.025086573 0.0235748875 0.0115600885 0.0198644921 0.0076008489 0.0143818367 0.0156903588 0.0261529497 0.028992528 0.0071439194 0.0125938531 
8 0.0108857677 0.0152598472 0.0214018022 0.0102040507 0.013393021 0.0162331473 0.0 0.0120091002 0.0117489954 0.0174862557 0.0210687276 0.0154539007 0.0100479424 0.016395913 0.0230359333 0.0162192663 0.0248495792 0.0172323274 0.0198677259 0.0181474926 0.0182359179 0.0187624539 0.008304535 0.0214120648 0.0130885776 0.0116170674 0.0186146168 0.0134687501 0.016212162 0.0154554798 0.0252336384 0.0038359079 0.0188987455 0.0106078066 0.0176075901 0.0200316944 0.0146687868 0.0211815127 0.0134370096 0.0131246372 0.0251479844 0.0158869309 0.0167945348 0.0127248048 0.0068862434 0.0218464437 0.015030415 0.0249020349 0.0199883981 0.0165002605 0.0213888942 0.0131984925 0.0148685868 0.0060967299 0.0106505837 0.0155629304 0.0170240213 0.0120219722 0.0088345652 0.0042039931 0.0173509748 0.0179138121 0.0243308428 
9 0.0256283624 0.010173867 0.0133583773 0.0095991915 0.0164120975 0.0096722649 0.0120091002 0.0 0.0338612052 0.0070291467 0.0222668829 0.0184506729 0.0166349408 0.0220667981 0.0228715941 0.0158589623 0.0071368363 0.0117580165 0.0148006454 0.0254457666 0.0139723523 0.0003181865 0.0199952004 0.008394029 0.0151945916 0.0187194686 0.0049600279 0.0226242698 0.0164832235 0.013378731 0.0265300456 0.0243335919 0.0162887403 0.0119011513 0.0154108671 0.0052910651 0.0215664117 0.0219699925 0.0243877002 0.0126236756 0.0089406453 0.0130718521 0.0149261242 0.0093208101 0.0155146102 0.0146204012 0.0024597626 0.0253428775 0.0189547467 0.0052049338 0.0161049839 0.0137111949 0.0238745074 0.0064995514 0.0188454963 0.0131475995 0.0248994712 0.0157304525 0.0214527822 0.0209231839 0.0233110719 0.0180974711 0.0081111901 
10 0.009395746 0.010396248 0.0166613125 0.018021356 0.0180785501 0.014866456 0.0117489954 0.0338612052 0.0 0.021510058 0.0136105036 0.0243704239 0.0142087883 0.0050665463 0.0198438287 0.0239433206 0.0167207979 0.0131958237 0.0103117376 0.0199104984 0.0192759706 0.0235744537 0.0217615188 0.0041386218 0.0199476006 0.0119129898 0.0159068722 0.0181491835 0.0202940828 0.027804894 0.0083742369 0.0149284947 0.016801314 0.010909979 0.0174105803 0.0030419553 0.0136905129 0.0151525729 0.010698354 0.0256535141 0.0108721212 0.013149113 0.027907543 0.0161165799 0.0061301145 0.0246507176 0.0055184301 0.0114473213 0.0171002938 0.0206252496 0.0068229146 0.035367279 0.0028932877 0.0065842637 0.0145605727 0.016917301 0.0033100307 0.0209858995 0.023338731 0.0043727603 0.0296382697 0.0125466037 0.0092516677 
11 0.0083448083 0.0191350836 0.0131100778 0.0110853473 0.0131473438 0.0263537591 0.0174862557 0.0070291467 0.021510058 0.0 0.0111005221 0.0137399899 0.0110858836 0.0153894279 0.0258356105 0.0174155409 0.0103332304 0.0143728973 0.0164177102 0.0218713068 0.001969096 0.019697717 0.0043873667 0.0178949994 0.0164082235 0.0091544859 0.007288487 0.0249411066 0.0233601816 0.0120863233 0.0200602951 0.0129666905 0.0190303166 0.0093006036 0.0133733618 0.0196048507 0.0149981065 0.0250373075 0.0272075598 0.0197350808 0.0136782249 0.016129229 0.0229658581 0.0155370155 0.016623606 0.0156147257 0.0158639292 0.0140019596 0.0198002173 0.0261652318 0.0018616379 0.0092635576 0.012634946 0.0130375783 0.0140674804 0.0228935054 0.0172146853 0.0079052841 0.0190219629 0.0231226934 0.0207155301 0.0091772796 0.0148429943 
12 0.0213645049 0.0192583682 0.0182148149 0.0101624991 0.010142835 0.0150885761 0.0210687276 0.0222668829 0.0136105036 0.0111005221 0.0 0.0043864154 0.0131702893 0.0221159112 0.0148267591 0.0227565485 0.0131522162 0.0204814453 0.0033766103 0.0147280686 0.0191395116 0.0094508652 0.0262153425 0.0073455035 0.0156860888 0.0249241292 0.0060579006 0.0166343872 0.0208648601 0.0170603065 0.0229561424 0.0198624681 0.0189499329 0.0133450898 0.0110140039 0.021550627 0.0106550105 0.0119517402 0.0160030191 0.0053931481 0.0208358248 0.0198615492 0.0200507595 0.006420784 0.0212275501 0.0143111295 0.0036172853 0.0226653299 0.0202641128 0.00619432 0.0284790875 0.0137989801 0.0137736064 0.0071523017 0.02155019 0.0149595294 0.0180954048 0.0173504014 0.0081357143 0.0128249528 0.0250080841 0.0136710375 0.0176401431 
13 0.0262930629 0.0133942541 0.0104611396 0.0190441922 0.0225751016 0.0216922287 0.0154539007 0.0184506729 0.0243704239 0.0137399899 0.0043864154 0.0 0.0168671335 0.0218094646 0.0080026566 0.0146712824 0.0151392743 0.0195293507 0.0175005411 0.0149024669 0.0042816276 0.0123208281 0.0059776797 0.0152116311 0.0057775085 0.0128233959 0.0140456491 0.0251237052 0.0173101944 0.023389506 0.0274118552 0.0208455934 0.0144642035 0.0154877584 0.0052139775 0.0080807052 0.0220381052 0.0162201937 0.0190373682 0.0113531537 0.0249320981 0.0104359282 0.0057672524 0.0168880692 0.0307520032 0.013660255 0.0135497195 0.0083075181 0.0116932706 0.0163979383 0.0171504184 0.0276924843 0.029239294 0.017789221 0.0258382153 0.0160602145 0.0131508052 0.0064284092 0.0190368235 0.0157660067 0.0018048352 0.0183557593 0.0079718839 
14 0.0047557679 0.0241131706 0.0292268621 0.0217915655 0.0167290932 0.0100948173 0.0100479424 0.0166349408 0.0142087883 0.0110858836 0.0131702893 0.0168671335 0.0 0.0222842049 0.0118744855 0.0206812402 0.0046168674 0.0236156429 0.0125828943 0.0130393895 0.0290316084 0.0240638818 0.0146002296 0.0083403857 0.0162737052 0.0193409979 0.0128576963 0.0213102084 0.0232329248 0.0174472281 0.0116059441 0.007142446 0.020712343 0.0190315126 0.0083090901 0.0078568219 0.0210862971 0.0092449043 0.0196687886 0.0256038003 0.0096474609 0.0155377887 0.0042601031 0.0172673451 0.0150347699 0.03143675 0.025792341 0.0183137587 0.0154657086 0.0266629048 0.0105861166 0.0206704532 0.017093999 0.0089963937 0.0098560929 0.0237007068 0.0078051777 0.0069133916 0.023328168 0.0089761061 0.0141100179 0.0138640477 0.008804293 
15 0.0300796664 0.017958307 0.0220678318 0.0053160784 0.0092874009 0.0059137428 0.016395913 0.0220667981 0.0050665463 0.0153894279 0.0221159112 0.0218094646 0.0222842049 0.0 0.0091853771 0.0148729356 0.0110346162 0.0175493144 0.01218286 0.0160654854 0.0101613105 0.013545822 0.025740688 0.0112700692 0.0118023735 0.0122912499 0.0165810975 0.0089473893 0.0187137671 0.0125468183 0.0265321043 0.0124151823 0.0125874368 0.0228979976 0.0169833805 0.0235590111 0.029980191 0.0062209127 0.0058106222 0.0177812957 0.0037254894 0.0182089269 0.0175102534 0.0230204652 0.0103121646 0.0224990011 0.0129795388 0.0166943228 0.016555438 0.0155811359 0.0183384437 0.0125195477 0.0125303713 0.0184769342 0.0117358956 0.0222367947 0.0255297792 0.0252169954 0.0127359868 0.0152354542 0.0110760844 0.0196595865 0.0200811759 
16 0.0297930195 0.0147984967 0.0248965776 0.0243703328 0.0171792179 0.015031419 0.0230359333 0.0228715941 0.0198438287 0.0258356105 0.0148267591 0.0080026566 0.0118744855 0.0091853771 0.0 0.0090652985 0.0076713975 0.0199609533 0.0132530563 0.0167980804 0.0207301715 0.0140732535 0.0223029634 0.0067077739 0.0286008104 0.0118633163 0.0129156004 0.0129201032 0.0076493748 0.0175470487 0.0041318246 0.0260192865 0.0191894227 0.0136878019 0.0145738525 0.0137874627 0.0089534393 0.0179293772 0.0029094814 0.0163281889 0.0055720734 0.0114759343 0.0245296015 0.0030435892 0.0220853065 0.0185505702 0.0088456723 0.0110468418 0.015184713 0.0245304196 0.0170776341 0.0149990338 0.0172418221 0.0197409781 0.0212155014 0.0197118744 0.0215427063 0.0218742629 0.0019310636 0.0242008195 0.0143421737 0.0036308124 0.023163437 
17 0.0133021709 0.0203406744 0.0139227956 0.0077807158 0.0098512742 0.0070035134 0.0162192663 0.0158589623 0.0239433206 0.0174155409 0.0227565485 0.0146712824 0.0206812402 0.0148729356 0.0090652985 0.0 0.0155809045 0.0214084752 0.0096368221 0.0217405806 0.0147473758 0.011232544 0.027090247 0.0173074356 0.0176920008 0.0123424417 0.0132632765 0.0158290012 0.0030667618 0.0168790703 0.0176012183 0.016356786 0.0168435733 0.0191292587 0.0117744719 0.0041913216 0.0252153448 0.0276189685 0.0077536755 0.0167460354 0.0110974425 0.006965995 0.0226671378 0.017540659 0.0097673787 0.0185703525 0.0202729287 0.0232520125 0.0080041483 0.0111843002 0.0218742991 0.0178619153 0.0159967407 0.0170180515 0.0146833347 0.0255943283 0.0151290392 0.0183021963 0.0186744809 0.010326957 0.0110856082 0.0200967509 0.0166916649 
18 0.0231485095 0.0193840851 0.012787773 0.0154368321 0.0105006287 0.0086557996 0.0248495792 0.0071368363 0.0167207979 0.0103332304 0.0131522162 0.0151392743 0.0046168674 0.0110346162 0.0076713975 0.0155809045 0.0 0.0198113649 0.0140735741 0.0244744081 0.0083621801 0.0100525545 0.0270368199 0.0153644794 0.0262688607 0.0073579699 0.0171480797 0.0145376071 0.0094420931 0.0240442644 0.0108597912 0.0072929748 0.0139324256 0.0085530713 0.0291943248 0.0252772465 0.0085196652 0.0311063964 0.024072362 0.0122618115 0.0134472062 0.017572022 0.0109442951 0.009681108 0.0227112112 0.0210375958 0.0127338175 0.0108623548 0.0268920175 0.0247417312 0.0175051074 0.0197919325 0.0131291548 0.0126612399 0.0257590093 0.0181868478 0.0254312741 0.0180578 0.0045323692 0.0047889578 0.0214363159 0.020015896 0.0116508075 
19 0.0167070082 0.0288018024 0.0141381141 0.0164948889 0.0194213174 0.0164730264 0.0172323274 0.0117580165 0.0131958237 0.0143728973 0.0204814453 0.0195293507 0.0236156429 0.0175493144 0.0199609533 0.0214084752 0.0198113649 0.0 0.0136089868 0.0128576777 0.0145296707 0.0226099261 0.0180697482 0.0146925478 0.0159802075 0.0156509064 0.0137246894 0.0070515818 0.0180007153 0.0153558705 0.0121413407 0.0104265162 0.0149169706 0.0149044468 0.0063047168 0.0187925265 0.0169236111 0.0218987712 0.0127117826 0.0134829021 0.0123517407 0.0141171089 0.0135254889 0.014319881 0.019683861 0.0203576387 0.0200088083 0.0160361477 0.0123940209 0.0165191508 0.0233208939 0.0294349433 0.0222429144 0.0120649546 0.0195264229 0.0098074956 0.0008594842 0.0143561055 0.0029906354 0.0187209838 0.0109049225 0.0064630367 0.0212506386 
20 0.021281791 0.0163039724 0.0185344985 0.0133872508 0.0239745852 0.0091636991 0.0198677259 0.0148006454 0.0103117376 0.0164177102 0.0033766103 0.0175005411 0.0125828943 0.01218286 0.0132530563 0.0096368221 0.0140735741 0.0136089868 0.0 0.0237911431 0.0099649051 0.0243453572 0.0063560063 0.0154315097 0.0233880746 0.022448673 0.019723057 0.003484156 0.0224543946 0.0214910349 0.0012808379 0.0250063829 0.0110864097 0.0227289 0.0134467796 0.0189930669 0.0223735845 0.0183575531 0.0010460225 0.0167056566 0.0228094579 0.0131754703 0.0143193043 0.0067631094 0.0102706821 0.0163130772 0.0228655937 0.0160906239 0.0232591603 0.0176754116 0.0215343264 0.0100062259 0.0244731102 0.0058544825 0.0179562438 0.0189231126 0.0157234686 0.0148375649 0.011874633 0.0152455559 0.0167851726 0.0132304632 0.0177336826 
21 0.0184273514 0.0064094442 0.0056557931 0.0201778543 0.0235299319 0.0212703072 0.0181474926 0.0254457666 0.0199104984 0.0218713068 0.0147280686 0.0149024669 0.0130393895 0.0160654854 0.0167980804 0.0217405806 0.0244744081 0.0128576777 0.0237911431 0.0 0.0023666091 0.0306769112 0.0204204376 0.0164030022 0.0160792547 0.0124852032 0.0236657161 0.0166537815 0.011114118 0.0136961969 0.0159950164 0.0195292361 0.0085064944 0.0211799282 0.0050651237 0.0199183537 0.0054493345 0.0026462191 0.0033603158 0.0137909561 0.0126390392 0.0156784975 0.0095509137 0.0236692899 0.0081423043 0.0164231118 0.0125475398 0.0132042766 0.0104288207 0.0101263066 0.0182808468 0.0198721037 0.0128427064 0.0105659718 0.0187799861 0.0052157903 0.0271902401 0.0187673939 0.0163950557 0.0176437946 0.0211067469 0.0297424098 0.0153608162 
22 0.0162509828 0.0191290386 0.0066403059 0.0027954997 0.0149310082 0.0182993724 0.0182359179 0.0139723523 0.0192759706 0.001969096 0.0191395116 0.0042816276 0.0290316084 0.0101613105 0.0207301715 0.0147473758 0.0083621801 0.0145296707 0.0099649051 0.0023666091 0.0 0.0092984945 0.0198979601 0.0188724354 0.0126599252 0.0239232247 0.0243869327 0.024528124 0.027021071 0.0235303139 0.0108942665 0.0232672631 0.0062278118 0.0172642948 0.0254937798 0.015170063 0.0079240202 0.0266080582 0.0113886218 0.0118467417 0.012502179 0.0235216277 0.0208393367 0.0190182323 0.0269756175 0.018968209 0.0204157304 0.0121632943 0.0075714045 0.0187157363 0.0102593268 0.0177838221 0.010204749 0.0226406338 0.0182647119 0.0059785653 0.0141309668 0.011878627 0.014941163 0.0236115957 0.0229643369 0.0139049172 0.012190095 
23 0.0278682536 0.019441423 0.0199133433 0.0216980733 0.0196255922 0.0129988611 0.0187624539 0.0003181865 0.0235744537 0.019697717 0.0094508652 0.0123208281 0.0240638818 0.013545822 0.0140732535 0.011232544 0.0100525545 0.0226099261 0.0243453572 0.0306769112 0.0092984945 0.0 0.005785861 0.0220416322 0.0154284913 0.0117630644 0.016429239 0.0125784355 0.0147474269 0.0172621749 0.019758094 0.0117542548 0.0115131423 0.0161666848 0.0179461974 0.0128353727 0.0177878916 0.02769596 0.0213136043 0.023401951 0.0191272254 0.0271761484 0.0118761525 0.014338621 0.0186990573 0.0135513264 0.0084537236 0.0019828279 0.011015079 0.0183636061 0.0098313182 0.0128038656 0.0122326596 0.0175716486 0.0167225786 0.0198956115 0.0131752522 0.0154899764 0.0165347117 0.0073170824 0.0079219201 0.0203221395 0.0166027057 
24 0.0136219235 0.0024209917 0.0190809361 0.0278873143 0.007439781 0.0082687586 0.008304535 0.0199952004 0.0217615188 0.0043873667 0.0262153425 0.0059776797 0.0146002296 0.025740688 0.0223029634 0.027090247 0.0270368199 0.0180697482 0.0063560063 0.0204204376 0.0198979601 0.005785861 0.0 0.0197076223 0.0205645254 0.0168322044 0.0122717203 0.009152067 0.0206367103 0.0131413142 0.0214520326 0.0228724602 0.0199257191 0.0077620234 0.016171568 0.0196943468 0.0176000999 0.0187205026 0.0278065896 0.0114885911 0.0290060851 0.012876721 0.02198984 0.0246195037 0.0069264762 0.0148255935 0.0244100994 0.0096248963 0.0105772869 0.0111245077 0.0120922501 0.0044891536 0.0150011254 0.0092730427 0.0189538598 0.0129650047 0.0136279506 0.0198224039 0.0095204285 0.01648478 0.0077441656 0.0132977629 0.0232998032 
25 0.0200578657 0.025652207 0.0151789566 0.0156985572 0.0152380613 0.0183636316 0.0214120648 0.008394029 0.0041386218 0.0178949994 0.0073455035 0.0152116311 0.0083403857 0.0112700692 0.0067077739 0.0173074356 0.0153644794 0.0146925478 0.0154315097 0.0164030022 0.0188724354 0.0220416322 0.0197076223 0.0 0.0232714259 0.0182695864 0.0089628048 0.0047167412 0.0158193168 0.0285749988 0.0094339284 0.0173541326 0.023285132 0.0209887092 0.0225700658 0.0101430724 0.0077566541 0.0137038235 0.0114646671 0.0127261251 0.0202232945 0.0219950797 0.022350149 0.0203488642 0.0033692846 0.0060712487 0.0222994131 0.0240723804 0.0199708666 0.0104920997 0.0045169827 0.0142542242 0.0291852634 0.0110545183 0.0170391567 0.0179162393 0.0230472 0.0081677542 0.0187019678 0.014009084 0.0124278623 0.0265797153 0.0236593954 
26 0.0274842843 0.0196170857 0.0212504899 0.0038458713 0.0211401218 0.0109915734 0.0130885776 0.0151945916 0.0199476006 0.0164082235 0.0156860888 0.0057775085 0.0162737052 0.0118023735 0.0286008104 0.0176920008 0.0262688607 0.0159802075 0.0233880746 0.0160792547 0.0126599252 0.0154284913 0.0205645254 0.0232714259 0.0 0.0220663713 0.0083757615 0.019753225 0.0056259514 0.0219631553 0.0115800812 0.0108656635 0.0165447165 0.0017906892 0.0172607908 0.0134264066 0.0137431866 0.0162590352 0.0162999163 0.0107046499 0.0169337053 0.0196414981 0.0108425257 0.0235124332 0.0065224743 0.0029084357 0.0163805335 0.0149984076 0.0183770583 0.0238311439 0.0202303519 0.0117813129 0.024390551 0.0148898721 0.0192157621 0.0216461711 0.0137563059 0.0109162985 0.0205640614 0.0058021171 0.0191135864 0.0148129926 0.0172028717 
27 0.018981434 0.0230265945 0.0155785643 0.0137067626 0.006549094 0.0244545688 0.0116170674 0.0187194686 0.0119129898 0.0091544859 0.0249241292 0.0128233959 0.0193409979 0.0122912499 0.0118633163 0.0123424417 0.0073579699 0.0156509064 0.022448673 0.0124852032 0.0239232247 0.0117630644 0.0168322044 0.0182695864 0.0220663713 0.0 0.0052905505 0.0184319431 0.0189021944 0.0152938399 0.0206335773 0.0232326861 0.0265812791 0.0156225941 0.0158433621 0.0130155946 0.0093226097 0.0198843002 0.0089771606 0.0129061733 0.009822025 0.0257745591 0.0192287025 0.0148565693 0.0157236236 0.0201263143 0.0039349997 0.021963317 0.0179736495 0.022860307 0.026472505 0.0177190824 0.0115299854 0.0061752546 0.0183228824 0.0187729317 0.0110141371 0.0195053288 0.0146511742 0.0145226026 0.0061775279 0.0240803881 0.0071004313 
28 0.0097775823 0.0257744895 0.0195931085 0.0063158003 0.0072787975 0.0191738898 0.0186146168 0.0049600279 0.0159068722 0.007288487 0.0060579006 0.0140456491 0.0128576963 0.0165810975 0.0129156004 0.0132632765 0.0171480797 0.0137246894 0.019723057 0.0236657161 0.0243869327 0.016429239 0.0122717203 0.0089628048 0.0083757615 0.0052905505 0.0 0.0060934419 0.0105207377 0.0143089749 0.0203363096 0.0217474079 0.0214768854 0.0226680471 0.0221665994 0.0146697028 0.0232081067 0.0222429071 0.0124032439 0.0192670239 0.0175615743 0.0194670776 0.00707885 0.0092622017 0.0231697801 0.0159576125 0.0177568729 0.0221222556 0.0149563794 0.0219345692 0.0154674967 0.0074678577 0.0184506084 0.0238692861 0.0157297534 0.0127551068 0.0209074631 0.0171148623 0.0141289935 0.0284802321 0.0049537211 0.0192626816 0.0216300112 
29 0.0158479402 0.0098026346 0.0132029272 0.0082837488 0.0238455037 0.0160222882 0.0134687501 0.0226242698 0.0181491835 0.0249411066 0.0166343872 0.0251237052 0.0213102084 0.0089473893 0.0129201032 0.0158290012 0.0145376071 0.0070515818 0.003484156 0.0166537815 0.024528124 0.0125784355 0.009152067 0.0047167412 0.019753225 0.0184319431 0.0060934419 0.0 0.0166003179 0.0124114174 0.0072489056 0.021786114 0.0238089952 0.0062081706 0.021073526 0.0130147793 0.0198250523 0.0163647038 0.0228443502 0.0164876402 0.0132105538 0.0105554625 0.0172698886 0.0144483524 0.0279033114 0.01766131 0.0045577824 0.0212701916 0.0192295923 0.0185411254 0.0212845701 0.0192010015 0.0087880747 0.0233484781 0.022312015 0.0284333668 0.0159602983 0.0001627716 0.0126470108 0.015483179 0.0111771741 0.015852307 0.024816787 
30 0.0169426902 0.0156183342 0.0011075483 0.0159606042 0.0149672504 0.0175099045 0.016212162 0.0164832235 0.0202940828 0.0233601816 0.0208648601 0.0173101944 0.0232329248 0.0187137671 0.0076493748 0.0030667618 0.0094420931 0.0180007153 0.0224543946 0.011114118 0.027021071 0.0147474269 0.0206367103 0.0158193168 0.0056259514 0.0189021944 0.0105207377 0.0166003179 0.0 0.0105582825 0.0142565193 0.0125022997 0.0264780006 0.0132628319 0.0217093974 0.0126364956 0.0061048388 0.0107945468 0.0313989026 0.0139575834 0.0144438532 0.0104011897 0.0214210416 0.0175373858 0.0257842918 0.0232695591 0.0053872279 0.0059976489 0.0179743619 0.0201454449 0.0131310126 0.0165954986 0.0216411916 0.0235239932 0.0148775495 0.0051476209 0.0044523785 0.0231103259 0.0240395596 0.0057255032 0.0193989954 0.0117619114 0.0253355869 
31 0.0191014134 0.0220082364 0.0073359092 0.0175107829 0.012752872 0.0223758983 0.0154554798 0.013378731 0.027804894 0.0120863233 0.0170603065 0.023389506 0.0174472281 0.0125468183 0.0175470487 0.0168790703 0.0240442644 0.0153558705 0.0214910349 0.0136961969 0.0235303139 0.0172621749 0.0131413142 0.0285749988 0.0219631553 0.0152938399 0.0143089749 0.0124114174 0.0105582825 0.0 0.0112688067 0.0145498501 0.0249429436 0.0084304488 0.0175558374 0.0110412029 0.011873157 0.010938561 0.0261557347 0.0165708596 0.0060816967 0.0125169662 0.0238218105 0.0091153864 0.0099224404 0.0128589814 0.021514833 0.0293548457 0.0152556674 0.0276774149 0.0004427053 0.0026532809 0.0074036178 0.0114222669 0.0110533556 0.016760746 0.0045292339 0.0143664569 0.0196369295 0.0259929261 0.0116452547 0.0213693384 0.0100851875 
32 0.0032201143 0.0204813359 0.0102637524 0.0085937975 0.019775453 0.0268519642 0.0252336384 0.0265300456 0.0083742369 0.0200602951 0.0229561424 0.0274118552 0.0116059441 0.0265321043 0.0041318246 0.0176012183 0.0108597912 0.0121413407 0.0012808379 0.0159950164 0.0108942665 0.019758094 0.0214520326 0.0094339284 0.0115800812 0.0206335773 0.0203363096 0.0072489056 0.0142565193 0.0112688067 0.0 0.0171465927 0.0175321006 0.0137856918 0.0118611752 0.0098468127 0.0125927029 0.0201516289 0.0197236478 0.0106255656 0.0148726964 0.0182356945 0.0223385157 0.0179382087 0.01762836 0.0135312891 0.0195760096 0.0244683424 0.0149383861 0.0136857371 0.0086880853 0.0203091528 0.0151796666 0.0207915811 0.0183341475 0.0157179085 0.011688702 0.0221611783 0.0167343066 0.0059512458 0.0091380294 0.0223020606 0.0228867057 
33 0.0103730675 0.0061867437 0.0195528667 0.0219323086 0.0078745819 0.0135277484 0.0038359079 0.0243335919 0.0149284947 0.0129666905 0.0198624681 0.0208455934 0.007142446 0.0124151823 0.0260192865 0.016356786 0.0072929748 0.0104265162 0.0250063829 0.0195292361 0.0232672631 0.0117542548 0.0228724602 0.0173541326 0.0108656635 0.0232326861 0.0217474079 0.021786114 0.0125022997 0.0145498501 0.0171465927 0.0 0.0125571962 0.023395049 0.0139873847 0.015150873 0.0229641111 0.0206212377 0.0106836908 0.0257108118 0.0178892097 0.0122636575 0.0134295173 0.0148487867 0.0060813594 0.0150586886 0.0218009543 0.0033516727 0.0268161858 0.0144046644 0.0057457461 0.0266325919 0.0111108509 0.0198116312 0.0119921135 0.010064502 0.011438181 0.0172151908 0.0146582779 0.0206938748 0.0209168314 0.0240713852 0.0093452609 
34 0.0154861472 0.0190006464 0.010061648 0.0175842181 0.0208974228 0.0178470822 0.0188987455 0.0162887403 0.016801314 0.0190303166 0.0189499329 0.0144642035 0.020712343 0.0125874368 0.0191894227 0.0168435733 0.0139324256 0.0149169706 0.0110864097 0.0085064944 0.0062278118 0.0115131423 0.0199257191 0.023285132 0.0165447165 0.0265812791 0.0214768854 0.0238089952 0.0264780006 0.0249429436 0.0175321006 0.0125571962 0.0 0.0196157907 0.022686929 0.021724807 0.0294992619 0.009149865 0.0127189955 0.0043363533 0.0227271529 0.0187225374 0.0032992178 0.0147923626 0.0138950494 0.0143297674 0.0105490653 0.0037825912 0.0115440713 0.0183741613 0.0107922888 0.0194067757 0.0019806496 0.0212761734 0.0126508815 0.0079072652 0.0152857569 0.0114014864 0.0223302909 0.0109878199 0.0224554362 0.0079800095 0.0237594383 
35 0.0223014574 0.004298404 0.0248972226 0.0101225371 0.0196125868 0.0230487596 0.0106078066 0.0119011513 0.010909979 0.0093006036 0.0133450898 0.0154877584 0.0190315126 0.0228979976 0.0136878019 0.0191292587 0.0085530713 0.0149044468 0.0227289 0.0211799282 0.0172642948 0.0161666848 0.0077620234 0.0209887092 0.0017906892 0.0156225941 0.0226680471 0.0062081706 0.0132628319 0.0084304488 0.0137856918 0.023395049 0.0196157907 0.0 0.026189981 0.014345535 0.0152317758 0.0122871766 0.0079331613 0.0133045357 0.0132480508 0.0210393471 0.0185169663 0.0039896451 0.0214731439 0.0091050121 0.0221829735 0.0206150058 0.0170038999 0.0130599145 0.0162696718 0.0207101153 0.0150254646 0.0171596753 0.0245186751 0.0124884369 0.0175304065 0.0095313922 0.0125283439 0.0224573099 0.0173832501 0.018170833 0.0172483214 
36 0.0165578868 0.0177068417 0.0054862054 0.0111066313 0.0109180578 0.0164020535 0.0176075901 0.0154108671 0.0174105803 0.0133733618 0.0110140039 0.0052139775 0.0083090901 0.0169833805 0.0145738525 0.0117744719 0.0291943248 0.0063047168 0.0134467796 0.0050651237 0.0254937798 0.0179461974 0.016171568 0.0225700658 0.0172607908 0.0158433621 0.0221665994 0.021073526 0.0217093974 0.0175558374 0.0118611752 0.0139873847 0.022686929 0.026189981 0.0 0.026009506 0.0163967696 0.0218573184 0.0199150343 0.0080700072 0.018566331 0.0155391648 0.0224279518 0.0185111757 0.0065455476 0.0167731038 0.0158153529 0.0069726628 0.0166507564 0.0139097908 0.007528199 0.007611874 0.0188692569 0.0259676618 0.0136740598 0.0212994422 0.0089104456 0.0203160463 0.023886426 0.0063602056 0.0246576091 0.0055417531 0.0219733581 
37 0.0111771465 0.0126364342 0.0215723207 0.0191027451 0.0263749384 0.0138691558 0.0200316944 0.0052910651 0.0030419553 0.0196048507 0.021550627 0.0080807052 0.0078568219 0.0235590111 0.0137874627 0.0041913216 0.0252772465 0.0187925265 0.0189930669 0.0199183537 0.015170063 0.0128353727 0.0196943468 0.0101430724 0.0134264066 0.0130155946 0.0146697028 0.0130147793 0.0126364956 0.0110412029 0.0098468127 0.015150873 0.021724807 0.014345535 0.026009506 0.0 0.0120646291 0.001598691 0.0130867559 0.0120484873 0.0195704579 0.0232263202 0.0161880559 0.0126240091 0.0228800319 0.007084081 0.013568836 0.0275070374 0.0177809987 0.0066895475 0.0166098383 0.0154382741 0.0236629937 0.0255789701 0.0164751776 0.0267399628 0.0232686821 0.0207567123 0.0263763094 0.0072317628 0.0147006107 0.0123934727 0.0153805461 
38 0.006693122 0.0225245415 0.0300978273 0.0066256897 0.0164666164 0.0192629816 0.0146687868 0.0215664117 0.0136905129 0.0149981065 0.0106550105 0.0220381052 0.0210862971 0.029980191 0.0089534393 0.0252153448 0.0085196652 0.0169236111 0.0223735845 0.0054493345 0.0079240202 0.0177878916 0.0176000999 0.0077566541 0.0137431866 0.0093226097 0.0232081067 0.0198250523 0.0061048388 0.011873157 0.0125927029 0.0229641111 0.0294992619 0.0152317758 0.0163967696 0.0120646291 0.0 0.0023826692 0.0149348686 0.0162666949 0.0147828862 0.0103118951 0.0195795213 0.0141996433 0.0207533995 0.004734678 0.0183534357 0.0193008313 0.0249019915 0.0175744888 0.0161646396 0.0221024529 0.0284794398 0.0204578783 0.0149453438 0.0081935194 0.0160741472 0.0255204683 0.0050843505 0.0069405327 0.0194270911 0.0210565768 0.0045439611 
39 0.0220191503 0.0084749643 0.0103260577 0.0135100143 0.0070985149 0.0264351905 0.0211815127 0.0219699925 0.0151525729 0.0250373075 0.0119517402 0.0162201937 0.0092449043 0.0062209127 0.0179293772 0.0276189685 0.0311063964 0.0218987712 0.0183575531 0.0026462191 0.0266080582 0.02769596 0.0187205026 0.0137038235 0.0162590352 0.0198843002 0.0222429071 0.0163647038 0.0107945468 0.010938561 0.0201516289 0.0206212377 0.009149865 0.0122871766 0.0218573184 0.001598691 0.0023826692 0.0 0.0183118296 0.0035128616 0.009062113 0.0128367918 0.0225121774 0.0087820884 0.0224395981 0.0070838669 0.0114839777 0.0063869672 0.0260684048 0.0058701444 0.0204147454 0.0247249423 0.0206236465 0.0168319162 0.0107225433 0.0205033578 0.0147296984 0.0161065281 0.0184198339 0.0156175022 0.0210347828 0.004858257 0.0156662808 
40 0.0168631496 0.0140052758 0.0064319193 0.0240257306 0.0278056503 0.0189174302 0.0134370096 0.0243877002 0.010698354 0.0272075598 0.0160030191 0.0190373682 0.0196687886 0.0058106222 0.0029094814 0.0077536755 0.024072362 0.0127117826 0.0010460225 0.0033603158 0.0113886218 0.0213136043 0.0278065896 0.0114646671 0.0162999163 0.0089771606 0.0124032439 0.0228443502 0.0313989026 0.0261557347 0.0197236478 0.0106836908 0.0127189955 0.0079331613 0.0199150343 0.0130867559 0.0149348686 0.0183118296 0.0 0.012720718 0.0151914285 0.0166740224 0.0133286158 0.0161537007 0.0158090078 0.017390331 0.0162388656 0.0257119621 0.0198707408 0.0180868221 0.0116609978 0.0104020409 0.0135692982 0.0077905581 0.005559248 0.0199856086 0.0273657826 0.0221794701 0.006813357 0.0281170119 0.0165311481 0.0180874817 0.0106936198 
41 0.0169628468 0.0141406189 0.0252402723 0.0222797181 0.0269807162 0.0067084874 0.0131246372 0.0126236756 0.0256535141 0.0197350808 0.0053931481 0.0113531537 0.0256038003 0.0177812957 0.0163281889 0.0167460354 0.0122618115 0.0134829021 0.0167056566 0.0137909561 0.0118467417 0.023401951 0.0114885911 0.0127261251 0.0107046499 0.0129061733 0.0192670239 0.0164876402 0.0139575834 0.0165708596 0.0106255656 0.0257108118 0.0043363533 0.0133045357 0.0080700072 0.0120484873 0.0162666949 0.0035128616 0.012720718 0.0 0.0264100107 0.0167758361 0.004690494 0.0266920424 0.016058576 0.0215537497 0.0182764937 0.0168608281 0.0225502744 0.022471954 0.0292175531 0.0154299365 0.0157969482 0.0057733993 0.0120631297 0.0160566026 0.0262205627 0.0117708991 0.0115868787 0.0041831953 0.0090918558 0.0196870723 0.0272529057 
42 0.0174973192 0.0103694647 0.0165903439 0.0219966869 0.0105046174 0.0121742024 0.0251479844 0.0089406453 0.0108721212 0.0136782249 0.0208358248 0.0249320981 0.0096474609 0.0037254894 0.0055720734 0.0110974425 0.0134472062 0.0123517407 0.0228094579 0.0126390392 0.012502179 0.0191272254 0.0290060851 0.0202232945 0.0169337053 0.009822025 0.0175615743 0.0132105538 0.0144438532 0.0060816967 0.0148726964 0.0178892097 0.0227271529 0.0132480508 0.018566331 0.0195704579 0.0147828862 0.009062113 0.0151914285 0.0264100107 0.0 0.0265995311 0.0170336913 0.012161106 0.0171135248 0.0226667964 0.0181119898 0.022415753 0.021323398 0.0172794533 0.0084801665 0.011497951 0.0146334322 0.0207390563 0.0116930433 0.0108257419 0.0156079486 0.0199666861 0.0164732138 0.0203479489 0.0132874863 0.0182002962 0.0151762388 
43 0.0186002948 0.0155090443 0.019681011 0.0194864238 0.0112013466 0.0153222418 0.0158869309 0.0130718521 0.013149113 0.016129229 0.0198615492 0.0104359282 0.0155377887 0.0182089269 0.0114759343 0.006965995 0.017572022 0.0141171089 0.0131754703 0.0156784975 0.0235216277 0.0271761484 0.012876721 0.0219950797 0.0196414981 0.0257745591 0.0194670776 0.0105554625 0.0104011897 0.0125169662 0.0182356945 0.0122636575 0.0187225374 0.0210393471 0.0155391648 0.0232263202 0.0103118951 0.0128367918 0.0166740224 0.0167758361 0.0265995311 0.0 0.0227334101 0.0152230842 0.0071434079 0.0150993442 0.0200070913 0.0244793992 0.0114297555 0.0045417523 0.0132128403 0.0057543408 0.0146575437 0.020512832 0.0084300841 0.0080528408 0.0142334278 0.0217376595 0.0189025824 0.0111937836 0.0162065694 0.0158894873 0.0124715787 
44 0.0059289038 0.0188211085 0.0195460088 0.0089483181 0.0109727764 0.0164610517 0.0167945348 0.0149261242 0.027907543 0.0229658581 0.0200507595 0.0057672524 0.0042601031 0.0175102534 0.0245296015 0.0226671378 0.0109442951 0.0135254889 0.0143193043 0.0095509137 0.0208393367 0.0118761525 0.02198984 0.022350149 0.0108425257 0.0192287025 0.00707885 0.0172698886 0.0214210416 0.0238218105 0.0223385157 0.0134295173 0.0032992178 0.0185169663 0.0224279518 0.0161880559 0.0195795213 0.0225121774 0.0133286158 0.004690494 0.0170336913 0.0227334101 0.0 0.0208751834 0.0125525933 0.0116940893 0.012762413 0.0135338953 0.0146773435 0.016496904 0.0165940229 0.0184514188 0.0228270261 0.0076489127 0.0089487771 0.0086460602 0.0172323494 0.0190004992 0.0230881522 0.0132965327 0.0223365206 0.013152726 0.021014795 
45 0.0185485126 0.0114772398 0.0218761954 0.024468487 0.0210684251 0.0154979699 0.0127248048 0.0093208101 0.0161165799 0.0155370155 0.006420784 0.0168880692 0.0172673451 0.0230204652 0.0030435892 0.017540659 0.009681108 0.014319881 0.0067631094 0.0236692899 0.0190182323 0.014338621 0.0246195037 0.0203488642 0.0235124332 0.0148565693 0.0092622017 0.0144483524 0.0175373858 0.0091153864 0.0179382087 0.0148487867 0.0147923626 0.0039896451 0.0185111757 0.0126240091 0.0141996433 0.0087820884 0.0161537007 0.0266920424 0.012161106 0.0152230842 0.0208751834 0.0 0.0095982488 0.0143418236 0.0244630007 0.024185544 0.0177136992 0.0150076226 0.0133325447 0.0152715203 0.0170838594 0.0127477243 0.0202461073 0.0149507628 0.0168198751 0.0202368315 0.0064663804 0.0143771074 0.0200650858 0.0185163753 0.0166905763 
46 0.0234916987 0.0250933023 0.0195293115 0.0152363624 0.016034304 0.0043405552 0.0068862434 0.0155146102 0.0061301145 0.016623606 0.0212275501 0.0307520032 0.0150347699 0.0103121646 0.0220853065 0.0097673787 0.0227112112 0.019683861 0.0102706821 0.0081423043 0.0269756175 0.0186990573 0.0069264762 0.0033692846 0.0065224743 0.0157236236 0.0231697801 0.0279033114 0.0257842918 0.0099224404 0.01762836 0.0060813594 0.0138950494 0.0214731439 0.0065455476 0.0228800319 0.0207533995 0.0224395981 0.0158090078 0.016058576 0.0171135248 0.0071434079 0.0125525933 0.0095982488 0.0 0.002179475 0.008483239 0.0190559575 0.0094105099 0.0103198313 0.021683124 0.0185962473 0.0195596047 0.0298606512 0.0199262208 0.0231343356 0.0178547317 0.0191209458 0.0204445496 0.0093843074 0.0146553265 0.0170857834 0.0113399748 
47 0.004615797 0.0097042227 0.0091093628 0.0245354068 0.0279528061 0.0184300336 0.0218464437 0.0146204012 0.0246507176 0.0156147257 0.0143111295 0.013660255 0.03143675 0.0224990011 0.0185505702 0.0185703525 0.0210375958 0.0203576387 0.0163130772 0.0164231118 0.018968209 0.0135513264 0.0148255935 0.0060712487 0.0029084357 0.0201263143 0.0159576125 0.01766131 0.0232695591 0.0128589814 0.0135312891 0.0150586886 0.0143297674 0.0091050121 0.0167731038 0.007084081 0.004734678 0.0070838669 0.017390331 0.0215537497 0.0226667964 0.0150993442 0.0116940893 0.0143418236 0.002179475 0.0 0.0291671425 0.0136837935 0.0074545802 0.0222558191 0.0175075827 0.0202815271 0.0118630155 0.0150186291 0.0067696478 0.010931132 0.0062500434 0.0215924965 0.0244783118 0.0234737093 0.0190983647 0.0177250908 0.0059177789 
48 0.0206203731 0.0127877113 0.0164679073 0.0197163236 0.0110536026 0.0261779063 0.015030415 0.0024597626 0.0055184301 0.0158639292 0.0036172853 0.0135497195 0.025792341 0.0129795388 0.0088456723 0.0202729287 0.0127338175 0.0200088083 0.0228655937 0.0125475398 0.0204157304 0.0084537236 0.0244100994 0.0222994131 0.0163805335 0.0039349997 0.0177568729 0.0045577824 0.0053872279 0.021514833 0.0195760096 0.0218009543 0.0105490653 0.0221829735 0.0158153529 0.013568836 0.0183534357 0.0114839777 0.0162388656 0.0182764937 0.0181119898 0.0200070913 0.012762413 0.0244630007 0.008483239 0.0291671425 0.0 0.0158012095 0.010942261 0.0213161368 0.0308659586 0.0140867781 0.0108983212 0.0214757287 0.0106896664 0.0056897114 0.0182582084 0.02051359 0.0180007506 0.0226106782 0.0108044742 0.0160536738 0.0073753053 
49 0.0260050098 0.0158044621 0.0141326112 0.0080357166 0.0160350322 0.0026430338 0.0249020349 0.0253428775 0.0114473213 0.0140019596 0.0226653299 0.0083075181 0.0183137587 0.0166943228 0.0110468418 0.0232520125 0.0108623548 0.0160361477 0.0160906239 0.0132042766 0.0121632943 0.0019828279 0.0096248963 0.0240723804 0.0149984076 0.021963317 0.0221222556 0.0212701916 0.0059976489 0.0293548457 0.0244683424 0.0033516727 0.0037825912 0.0206150058 0.0069726628 0.0275070374 0.0193008313 0.0063869672 0.0257119621 0.0168608281 0.022415753 0.0244793992 0.0135338953 0.024185544 0.0190559575 0.0136837935 0.0158012095 0.0 0.0094591915 0.0111635974 0.0183626312 0.0134717573 0.0160844491 0.0075291144 0.0058284789 0.007908276 0.0193096019 0.0189003706 0.0153065372 0.0211397663 0.011536497 0.0122451718 0.0199997977 
