64
1 0.0169496595 0.0145884029 0.0158584109 0.021485755 0.0142633911 0.0146108484 0.018940133 0.0113002795 0.0185922537 0.0181269416 0.008929209 0.0237158203 0.0198275254 0.0227413948 0.0352367656 0.0133752839 0.0101188408 0.0054401978 0.0179261266 0.0247582714 0.0074740716 0.0105506401 0.0112766269 0.0124706767 0.0116228086 0.0316821867 0.0123624859 0.0222620045 0.0077802847 0.0067848824 0.0122167823 0.0169100925 0.0183539388 0.0314105482 0.0224158191 0.017257288 0.0085777773 0.0127174248 0.0089793173 0.0114875522 0.0122868497 0.0162317561 0.0164463822 0.0135711436 0.0144733348 0.0210037386 0.022631616 0.011974378 0.0153741132 0.0089185239 0.0153682859 0.0101827474 0.0172710954 0.0172950619 0.0089345022 0.0137192109 0.0172156692 0.006534012 0.0092889681 0.0170641969 0.0068742506 0.0188812869 0.0233242317 0.0237559248 
2 0.0145884029 0.01268672 0.0157377793 0.0081813654 0.0331087739 0.0180195209 0.0330732511 0.0119442676 0.0118110544 0.0086370649 0.0034000247 0.0181195256 0.0045091218 0.0232927862 0.0070331045 0.0146244776 0.0088566044 0.0117475972 0.0125941754 0.0100625337 0.0161915098 0.0100781711 0.0145181446 0.0173100118 0.0273365566 0.0241884945 0.007884259 0.0189487811 0.0089694526 0.030982739 0.0203165904 0.0200199936 0.0160220628 0.0203582173 0.0080050325 0.013051614 0.0082162005 0.0067436883 0.0217489776 0.0207737928 0.0096246459 0.0149188493 0.0161063893 0.0241887502 0.012187146 0.0111535898 0.0171750341 0.0218101545 0.0114378147 0.0094552646 0.0201455868 0.0231244778 0.0169555952 0.0101021153 0.013678864 0.0133551071 0.0230225635 0.0203467907 0.0133697515 0.017094106 0.016330371 0.0183375722 0.011622335 0.0207646839 
3 0.0158584109 0.0157377793 0.0337146234 0.0119219609 0.0136588952 0.0189301141 0.0050071149 0.0169228007 0.0226368197 0.0176318751 0.0104053554 0.0121894922 0.0166974998 0.0247130346 0.0269492191 0.0118222057 0.021979057 0.0099516867 0.0156797476 0.0122049526 0.0103852062 0.0254499407 0.0207419576 0.0120546955 0.0143297092 0.0120828155 0.0252259879 0.0211216877 0.0085167002 0.0173677928 0.0079298016 0.0118978869 0.0055357864 0.0267199886 0.0040830803 0.0107322609 0.0211702766 0.0207549806 0.0173360536 0.0077182382 0.0022258945 0.01657059 0.0242749102 0.0098288549 0.0068889816 0.0145455219 0.0097116245 0.02079178 0.0095905896 0.0129338726 0.0155658039 0.0310164048 0.0074020034 0.0222929001 0.01818243 0.0131367953 0.0132698397 0.0096479853 0.0217342907 0.0088318762 0.0148144956 0.0237182559 0.0195813104 0.017675497 
4 0.021485755 0.0081813654 0.0119219609 0.0418894914 0.0193458158 0.0120029265 0.0263197837 0.0183963581 0.026516848 0.019794068 0.0209351656 0.0143949874 0.0161499023 0.0114348562 0.019382181 0.0107494082 0.0249120395 0.0087398885 0.0134471082 0.0165322857 0.0161583991 0.0283251973 0.0164887359 0.0125732938 0.0089876113 0.0132441417 0.0090198146 0.0112255542 0.0230741846 0.0125854677 0.019733763 0.0147832996 0.0178876642 0.0062391852 0.0215053384 0.0154881324 0.017321439 0.0110972405 0.0069201356 0.017861142 0.0175512196 0.0149664734 0.0165338403 0.0147483288 0.0154878916 0.0124669559 0.0195760601 0.0135601668 0.012753053 0.0054630156 0.0230862839 0.0149578136 0.0115121531 0.0114306216 0.0133630122 0.0085337328 0.01760181 0.0093111686 0.0190487469 0.0163105235 0.0094723776 0.0118929909 0.0092535586 0.0180662658 
5 0.0142633911 0.0331087739 0.0136588952 0.0193458158 0.0107585786 0.0068141296 0.0161144128 0.009746309 0.007289095 0.0128841894 0.0091572708 0.0187300162 0.0089619953 0.0162091906 0.0118973471 0.0012898808 0.0080261467 0.0193109222 0.0152649268 0.0170487929 0.0083428604 0.0124478073 0.011800774 0.0287545693 0.0213873047 0.0144953173 0.0137320057 0.0071214038 0.0137647785 0.008985212 0.0202316272 0.0182093503 0.0255320265 0.0197626593 0.0100088053 0.0163405866 0.0218092728 0.0154191168 0.0131623506 0.0197989707 0.0127261291 0.0169534686 0.0199822024 0.0169336838 0.0176739532 0.0195735235 0.019914417 0.0208590778 0.0117990072 0.0086058529 0.0220167622 0.0213715196 0.0275357983 0.0256747836 0.0163625575 0.0089491506 0.0116271762 0.0136737886 0.0178810135 0.0220407845 0.0133412928 0.0193445021 0.0128505411 0.0113221349 
6 0.0146108484 0.0180195209 0.0189301141 0.0120029265 0.0068141296 0.0134569271 0.0108251087 0.0082877873 0.0180331792 0.0266964309 0.0251791961 0.0123157666 0.0100852612 0.0075276904 0.0051633614 0.0053678068 0.0147597819 0.0163019097 0.0150859026 0.0131462611 0.0207202541 0.029691803 0.0129049865 0.0086030299 0.016953771 0.0173672239 0.0158048184 0.0151280652 0.0133436013 0.0108587573 0.0118708534 0.0271570019 0.0168317554 0.0210737312 0.0128751991 0.0219244836 0.0174861568 0.021128109 0.0136014186 0.0152222418 0.0268166381 0.0115055197 0.0219008087 0.0169281535 0.0077509442 0.0312157013 0.0114681274 0.0240892147 0.0099146634 0.0161286461 0.0117854515 0.0219854227 0.0207113521 0.0172417139 0.0114966726 0.0114360097 0.0194774582 0.0096686442 0.0111536428 0.0169377512 0.0113118244 0.0165172057 0.0174631324 0.0119381297 
7 0.018940133 0.0330732511 0.0050071149 0.0263197837 0.0161144128 0.0108251087 0.0212205533 0.0181683629 0.016217825 0.0218518022 0.0232391786 0.0103358802 0.0282755577 0.0216496245 0.0178299209 0.0096306801 0.0199846401 0.010482693 0.011711941 0.0266860059 0.0191318297 0.0127063803 0.0165898398 0.0342099055 0.0092092594 0.0097022493 0.0123926802 0.0118410715 0.0131566952 0.0183240889 0.003436949 0.0132466255 0.023754331 0.0233926435 0.0177820246 0.0104275464 0.0058988568 0.013362416 0.0193750057 0.0183879351 0.0093933342 0.0139893099 0.0079654383 0.0152067085 0.0279022463 0.0189911259 0.0138590613 0.005391672 0.0116560117 0.0191411415 0.0172658241 0.0074968891 0.024371958 0.006631048 0.0092319231 0.0159984313 0.014521454 0.0254997591 0.0037780484 0.0078171542 0.0120255052 0.014046713 0.0158487725 0.0080776672 
8 0.0113002795 0.0119442676 0.0169228007 0.0183963581 0.009746309 0.0082877873 0.0181683629 0.0193118291 0.0159571216 0.023230934 0.019684169 0.0145671429 0.0052606603 0.0148543798 0.0155892414 0.0110797494 0.0169562436 0.0188334466 0.0035228645 0.0097333464 0.0101291217 0.0064463598 0.0133311859 0.0119354276 0.0105777379 0.0089454741 0.0137416491 0.0119824328 0.0289083861 0.0225747682 0.0145923221 0.0210015705 0.0073139289 0.0117363329 0.0129025406 0.0278569679 0.0294985032 0.0145453803 0.0105997021 0.0161018844 0.008520109 0.0195851405 0.030228902 0.0202281407 0.0235692272 0.0154943195 0.0191710312 0.0198341695 0.0125318183 0.0273465387 0.0152229278 0.0121417446 0.0163272053 0.0182445272 0.0103328275 0.0159788137 0.0127502476 0.0175920522 0.0085180887 0.0135013984 0.0206149144 0.0143960355 0.0185018512 0.0212989995 
9 0.0185922537 0.0118110544 0.0226368197 0.026516848 0.007289095 0.0180331792 0.016217825 0.0159571216 0.0126270917 0.0144260428 0.0067974128 0.0073082824 0.0180115204 0.0259248662 0.0126301578 0.0111020573 0.021503902 0.0252772197 0.0127718153 0.0280852523 0.0100624666 0.0161507044 0.0127000539 0.0110258708 0.0159330093 0.0107905414 0.0250172934 0.0166558488 0.0170419171 0.0025945143 0.0236730428 0.01923179 0.0104644631 0.0091806592 0.0130832029 0.0189350972 0.0135002 0.0109283656 0.0094499453 0.0136960604 0.0118517447 0.023651257 0.0098585252 0.0219838505 0.0135098893 0.0214020484 0.0215491813 0.0175281997 0.0163805731 0.0086955574 0.0170632978 0.0097181533 0.0190374109 0.006551368 0.0182494831 0.0125130157 0.0197677719 0.0202731012 0.0234847773 0.0114880408 0.0093131883 0.0119910629 0.0157390198 0.0247646185 
10 0.0181269416 0.0086370649 0.0176318751 0.019794068 0.0128841894 0.0266964309 0.0218518022 0.023230934 0.0144260428 0.0043248734 0.0067502567 0.0108983104 0.0218117722 0.0158711025 0.0178605826 0.0194451758 0.0158612465 0.0161631384 0.02394924 0.0069667308 0.0124321297 0.0056127337 0.0209084775 0.0101516562 0.0160024452 0.0110685143 0.0228227918 0.0164328087 0.0113838726 0.0081159535 0.0129094576 0.0156287182 0.0215886673 0.0160352079 0.0127628398 0.0059232972 0.0192699417 0.0116282079 0.0224672295 0.0212842196 0.0226866068 0.0128301695 0.0057198706 0.0244061942 0.0190771671 0.0161306014 0.0164716059 0.0049041696 0.0191607401 0.0215540425 0.0129977064 0.0161494284 0.0036996331 0.0140280695 0.0145319274 0.0220834111 0.0284176373 0.017968698 0.0208922272 0.0067824112 0.0104315267 0.0123859235 0.0149666437 0.0241126406 
11 0.008929209 0.0034000247 0.0104053554 0.0209351656 0.0091572708 0.0251791961 0.0232391786 0.019684169 0.0067974128 0.0067502567 0.0180241147 0.020033016 0.0105974402 0.0336931705 0.0153035188 0.0234052712 0.0079476575 0.0137591991 0.0163337466 0.0236573372 0.002097488 0.0174636921 0.0194356296 0.0136189291 0.0167928717 0.0240934883 0.0067116369 0.0200744098 0.0238705845 0.0163474608 0.0154404499 0.023754794 0.0117091702 0.0189111025 0.0083808581 0.0148103523 0.0149706549 0.0113453091 0.0121245966 0.0137537981 0.012538198 0.0233435924 0.0201359701 0.0244403309 0.017239363 0.0153451482 0.0101566929 0.0146156335 0.016467484 0.0225982249 0.0128408661 0.0142013428 0.0024188202 0.0175815806 0.014524029 0.0178491024 0.0076129132 0.0122583787 0.0035106648 0.0192161394 0.0329744574 0.0131499106 0.0175769691 0.0144652006 
12 0.0237158203 0.0181195256 0.0121894922 0.0143949874 0.0187300162 0.0123157666 0.0103358802 0.0145671429 0.0073082824 0.0108983104 0.020033016 0.0132129656 0.0061813513 0.0149688894 0.011501882 0.0092635662 0.0121000244 0.0157970861 0.0192151289 0.0077529871 0.0101873503 0.0172070029 0.0122968631 0.0165783336 0.0150799606 0.0094441362 0.022802453 0.0199433787 0.0163075744 0.0175573992 0.0149263648 0.0149448525 0.0219385294 0.0294852519 0.014785527 0.0167308353 0.0163210296 0.023438888 0.009916002 0.012300545 0.014056577 0.0208894586 0.0099060754 0.0207385575 0.0228198769 0.0074329855 0.0250819869 0.0132909736 0.0138922981 0.019005565 0.0145503776 0.0224478339 0.0259398749 0.0164196655 0.0117967418 0.01319566 0.0203842139 0.0163939438 0.0136579464 0.0120600918 0.0192898981 0.0124491074 0.0101683985 0.0193374932 
13 0.0198275254 0.0045091218 0.0166974998 0.0161499023 0.0089619953 0.0100852612 0.0282755577 0.0052606603 0.0180115204 0.0218117722 0.0105974402 0.0061813513 0.0162980893 0.0164853495 0.0330706749 0.0167271273 0.0071837032 0.0052314338 0.0130791476 0.0175977107 0.0181586997 0.0067576253 0.0135669813 0.0166155045 0.0277533054 0.0393930709 0.0138792961 0.014739108 0.0114950411 0.0179865982 0.006846368 0.0205382876 0.0173086991 0.0203465236 0.0118534634 0.0144079826 0.0213116387 0.0166979337 0.010104672 0.0193984183 0.0107467445 0.0268080192 0.0103203229 0.0184724711 0.0144886027 0.0263411571 0.0247205321 0.0206166587 0.0147612676 0.0150955908 0.0021468185 0.023462061 0.0086217174 0.0177354541 0.0071076774 0.0160099553 0.0226743285 0.0067638465 0.0164025395 0.0064066055 0.0175815181 0.008983403 0.0148587681 0.0176718786 
14 0.0227413948 0.0232927862 0.0247130346 0.0114348562 0.0162091906 0.0075276904 0.0216496245 0.0148543798 0.0259248662 0.0158711025 0.0336931705 0.0149688894 0.0164853495 0.0139949741 0.0148372675 0.0147479304 0.0068347326 0.0099725002 0.0197646062 0.0322177661 0.0141705728 0.0076379085 0.0202677532 0.0157877251 0.015864789 0.0102007964 0.014802478 0.015046371 0.0145519845 0.0186310408 0.0125949241 0.0056657955 0.0205640734 0.0227433308 0.0240946667 0.0145170434 0.0201404061 0.011462235 0.0116811665 0.0027434661 0.0158350158 0.0129304619 0.0205878374 0.0213299078 0.0102422632 0.0120525669 0.0130184366 0.0183788802 0.0170135453 0.0138989337 0.0135432543 0.010949939 0.0091295318 0.0133610165 0.0174853093 0.0129140209 0.0172042773 0.0089902907 0.0210735721 0.0123235255 0.0136085154 0.0064597785 0.0094484856 0.023315995 
15 0.0352367656 0.0070331045 0.0269492191 0.019382181 0.0118973471 0.0051633614 0.0178299209 0.0155892414 0.0126301578 0.0178605826 0.0153035188 0.011501882 0.0330706749 0.0148372675 0.0142874595 0.0185403902 0.0103649731 0.01692522 0.0175260745 0.0102478748 0.012914777 0.0097615132 0.0224705191 0.0099996815 0.0109840641 0.0079351707 0.0218075622 0.0148838496 0.019647771 0.0119081994 0.0219133469 0.0047099458 0.0285419168 0.0117902476 0.0224852256 0.0180021389 0.0203178424 0.0216670967 0.0161861583 0.0200200233 0.0126351634 0.0140739694 0.0133259338 0.0106224939 0.0106297407 0.0156991918 0.0095558488 0.0101056304 0.0128343074 0.0170593549 0.0099905955 0.0142453358 0.0113534264 0.0182690175 0.0081524982 0.0184258003 0.0111226456 0.0158146128 0.0229591766 0.0260410639 0.0056551372 0.0181926937 0.0157503364 0.0173617584 
16 0.0133752839 0.0146244776 0.0118222057 0.0107494082 0.0012898808 0.0053678068 0.0096306801 0.0110797494 0.0111020573 0.0194451758 0.0234052712 0.0092635662 0.0167271273 0.0147479304 0.0185403902 0.0247140026 0.0195826173 0.0219032653 0.025263273 0.0161713265 0.0143442336 0.0294084917 0.0261794237 0.0205998733 0.0113573083 0.0127295209 0.0120982667 0.019493119 0.0226510793 0.0122327077 0.021399416 0.0104258404 0.0038448952 0.0264469173 0.0116446752 0.0093979236 0.0255341737 0.0063412176 0.0155902056 0.0122751039 0.0115405989 0.0151408086 0.0354713147 0.007997708 0.0122581685 0.0269658119 0.0215730462 0.0207146713 0.0111062033 0.0129029327 0.0115919743 0.0062775312 0.0111174678 0.0198590996 0.0090828476 0.0172013649 0.0076393985 0.0249337406 0.0027870197 0.0109228876 0.0240269219 0.0145316945 0.0235299845 0.0180269146 
17 0.0101188408 0.0088566044 0.021979057 0.0249120395 0.0080261467 0.0147597819 0.0199846401 0.0169562436 0.021503902 0.0158612465 0.0079476575 0.0121000244 0.0071837032 0.0068347326 0.0103649731 0.0195826173 0.0326205341 0.0177840862 0.0190903393 0.0095340495 0.0281130602 0.0167922435 0.0137981085 0.0212954554 0.0090146746 0.0158891565 0.0173213113 0.0214047579 0.0064199718 0.0181776986 0.0162099246 0.0146968428 0.008498247 0.0073476981 0.0203196596 0.0214797284 0.008687692 0.0088322213 0.0205214652 0.0134655264 0.0149300524 0.0243922633 0.0110764176 0.0219309956 0.011373295 0.0125113019 0.016269662 0.0182039438 0.0170385277 0.0090201644 0.0181860089 0.0124528811 0.0271110564 0.0087908076 0.0268385655 0.012948164 0.0176549449 0.0158977946 0.0109290937 0.026569345 0.0230723746 0.0124192863 0.0046577361 0.011438654 
18 0.0054401978 0.0117475972 0.0099516867 0.0087398885 0.0193109222 0.0163019097 0.010482693 0.0188334466 0.0252772197 0.0161631384 0.0137591991 0.0157970861 0.0052314338 0.0099725002 0.01692522 0.0219032653 0.0177840862 0.0063309856 0.0158104456 0.0074926528 0.0313717051 0.021474328 0.0147874452 0.0207953731 0.0224923051 0.0184993967 0.0145567243 0.0130377575 0.0110859355 0.0145790877 0.0212354443 0.0103304911 0.0151939769 0.0046623789 0.0102777614 0.013041233 0.0332255921 0.0235163843 0.0222217087 0.0172833372 0.0327029013 0.0071088287 0.0148904377 0.0187069666 0.0075103293 0.0121582234 0.0104751557 0.0159071177 0.0321995499 0.0203973182 0.0080477921 0.0138765447 0.0326002046 0.001337584 0.00657815 0.0126884858 0.0100958293 0.0189303627 0.0127739747 0.0101183109 0.0162284083 0.0181804034 0.0137642368 0.0257989433 
19 0.0179261266 0.0125941754 0.0156797476 0.0134471082 0.0152649268 0.0150859026 0.011711941 0.0035228645 0.0127718153 0.02394924 0.0163337466 0.0192151289 0.0130791476 0.0197646062 0.0175260745 0.025263273 0.0190903393 0.0158104456 0.0173824167 0.0123114905 0.0142084215 0.012691221 0.0181330403 0.010101105 0.0175128287 0.0205943711 0.0194823976 0.0166180841 0.0054356227 0.0240548413 0.0123815096 0.0246055174 0.0088278854 0.0127346788 0.007849676 0.019621274 0.0240888511 0.014798168 0.0184901749 0.0124771421 0.0238915566 0.0118890651 0.0109664387 0.020992511 0.0263116805 0.0204467639 0.0172628793 0.01174937 0.0147685605 0.0179955475 0.0040186705 0.0138663668 0.0117425373 0.0267644471 0.0159445198 0.0025729261 0.0151774287 0.0228014468 0.0090320265 0.0108080697 0.0190930549 0.0167487074 0.0088362797 0.0138818178 
20 0.0247582714 0.0100625337 0.0122049526 0.0165322857 0.0170487929 0.0131462611 0.0266860059 0.0097333464 0.0280852523 0.0069667308 0.0236573372 0.0077529871 0.0175977107 0.0322177661 0.0102478748 0.0161713265 0.0095340495 0.0074926528 0.0123114905 0.0114316806 0.013855485 0.0093969716 0.0100984397 0.0165888297 0.0221606815 0.0073503134 0.0060958567 0.0213448454 0.0140270731 0.0159487515 0.0072218204 0.0147783686 0.0223074574 0.0224309069 0.0209143353 0.0139882627 0.0129066905 0.0197344959 0.0204724081 0.0212292506 0.0167748574 0.0178194208 0.015063994 0.0130835485 0.0201016896 0.0108102876 0.0183798789 0.0158541875 0.0132005091 0.0092117341 0.01650489 0.0278485385 0.0176035755 0.012947317 0.0283196352 0.0084546774 0.0177106385 0.0188319529 0.0189721852 0.0120896982 0.009335393 0.0115554792 0.0157234471 0.0073119122 
21 0.0074740716 0.0161915098 0.0103852062 0.0161583991 0.0083428604 0.0207202541 0.0191318297 0.0101291217 0.0100624666 0.0124321297 0.002097488 0.0101873503 0.0181586997 0.0141705728 0.012914777 0.0143442336 0.0281130602 0.0313717051 0.0142084215 0.013855485 0.0160635121 0.0100911067 0.0131625869 0.0161318191 0.0218915996 0.0198835312 0.0192557863 0.0156981664 0.0119789997 0.013182263 0.0214660718 0.0209300704 0.0126325813 0.0221063148 0.0219522968 0.0087901821 0.0120837279 0.0090132345 0.0185858345 0.0271498166 0.0193541012 0.0176881217 0.0087844129 0.014618921 0.0049935442 0.020026609 0.0283189223 0.0083334298 0.0060779913 0.0199800398 0.0332160667 0.0111905816 0.0076867181 0.0140723547 0.0140618521 0.0143047953 0.0160449828 0.0161806538 0.0279343211 0.0231210863 0.0118433065 0.0176279586 0.0065331307 0.0155069545 
22 0.0105506401 0.0100781711 0.0254499407 0.0283251973 0.0124478073 0.029691803 0.0127063803 0.0064463598 0.0161507044 0.0056127337 0.0174636921 0.0172070029 0.0067576253 0.0076379085 0.0097615132 0.0294084917 0.0167922435 0.021474328 0.012691221 0.0093969716 0.0100911067 0.0150015805 0.0162614174 0.0253325488 0.0100635873 0.0191992499 0.014264437 0.009316929 0.0080863087 0.0195432496 0.0287859283 0.0071135216 0.005665202 0.0063803783 0.0184090785 0.0183473169 0.0153668162 0.0255907849 0.0338889841 0.026653953 0.0077593122 0.0126921346 0.0283732037 0.0178603886 0.0209615456 0.013785986 0.0105028733 0.0196023875 0.0150197439 0.0153948782 0.0014828522 0.021453423 0.0042360891 0.0147572544 0.0220739897 0.0165948244 0.0184690679 0.0217197011 0.0058284942 0.0100879247 0.0188538592 0.0163749559 0.0111061559 0.0155958405 
23 0.0112766269 0.0145181446 0.0207419576 0.0164887359 0.011800774 0.0129049865 0.0165898398 0.0133311859 0.0127000539 0.0209084775 0.0194356296 0.0122968631 0.0135669813 0.0202677532 0.0224705191 0.0261794237 0.0137981085 0.0147874452 0.0181330403 0.0100984397 0.0131625869 0.0162614174 0.0123804192 0.0037773735 0.0183277824 0.0122373233 0.0203062955 0.0201623833 0.009252081 0.0200791156 0.0269442022 0.0230030677 0.0237086845 0.0148427652 0.008900716 0.0160248649 0.0148787258 0.0147630302 0.0198916138 0.0087138546 0.0181363546 0.0074867829 0.0115610719 0.009662682 0.0228767255 0.0157312219 0.0093532048 0.0260052052 0.019325757 0.0089622498 0.0119181955 0.021442237 0.0082195205 0.0101096649 0.011215639 0.0041523565 0.014807295 0.0110932549 0.0249511387 0.0173938256 0.0216469903 0.0246862305 0.0146876962 0.0146614104 
24 0.0124706767 0.0173100118 0.0120546955 0.0125732938 0.0287545693 0.0086030299 0.0342099055 0.0119354276 0.0110258708 0.0101516562 0.0136189291 0.0165783336 0.0166155045 0.0157877251 0.0099996815 0.0205998733 0.0212954554 0.0207953731 0.010101105 0.0165888297 0.0161318191 0.0253325488 0.0037773735 0.0015725749 0.0188702223 0.0128191462 0.0064063966 0.0204140272 0.0217202531 0.0194892002 0.0191210494 0.009345536 0.0203719945 0.0097719144 0.0126913264 0.0157177456 0.0150253658 0.0144893062 0.0132639243 0.011656304 0.0034795244 0.0270641565 0.01475093 0.0204105304 0.0154684531 0.0143924957 0.0229123112 0.0088707644 0.0166575883 0.0055032203 0.0208676509 0.0133773475 0.0284553053 0.0152924065 0.0287705469 0.0133058546 0.0231899095 0.0165559807 0.0143006768 0.017212018 0.0170471396 0.0100273659 0.0107375648 0.0122922829 
25 0.0116228086 0.0273365566 0.0143297092 0.0089876113 0.0213873047 0.016953771 0.0092092594 0.0105777379 0.0159330093 0.0160024452 0.0167928717 0.0150799606 0.0277533054 0.015864789 0.0109840641 0.0113573083 0.0090146746 0.0224923051 0.0175128287 0.0221606815 0.0218915996 0.0100635873 0.0183277824 0.0188702223 0.0230034307 0.0110271177 0.0139306732 0.0120071811 0.017239614 0.0108215941 0.0110835649 0.0096355551 0.0081923117 0.0124555347 0.0150872873 0.0222213524 0.013840793 0.0137812283 0.0146147583 0.0068234658 0.0090997437 0.0053224373 0.0227245189 0.0209377027 0.0202202555 0.0061396296 0.0101327506 0.0127318479 0.0157112905 0.0113859007 0.0107740132 0.0122982029 0.0069139707 0.0120067257 0.0175654983 0.0237847622 0.0193761971 0.0202359929 0.0337442938 0.0317921394 0.0180376607 0.0164254887 0.0153483686 0.0210189523 
26 0.0316821867 0.0241884945 0.0120828155 0.0132441417 0.0144953173 0.0173672239 0.0097022493 0.0089454741 0.0107905414 0.0110685143 0.0240934883 0.0094441362 0.0393930709 0.0102007964 0.0079351707 0.0127295209 0.0158891565 0.0184993967 0.0205943711 0.0073503134 0.0198835312 0.0191992499 0.0122373233 0.0128191462 0.0110271177 0.0169481094 0.0089162008 0.0091702352 0.0077180312 0.0138241348 0.0213153901 0.0137908517 0.0021017394 0.0186257248 0.0236430252 0.0079152897 0.0061068188 0.0145346283 0.0163902048 0.0173977401 0.0146414619 0.020565373 0.0185162259 0.0124889922 0.0158602648 0.0211912071 0.0234211841 0.021545491 0.01315655 0.0177173938 0.0152576384 0.0088671442 0.009845305 0.0215430301 0.0093184431 0.0199449454 0.0176400584 0.0148831127 0.01978513 0.0152866398 0.016990642 0.0184160725 0.0176189605 0.0222378614 
27 0.0123624859 0.007884259 0.0252259879 0.0090198146 0.0137320057 0.0158048184 0.0123926802 0.0137416491 0.0250172934 0.0228227918 0.0067116369 0.022802453 0.0138792961 0.014802478 0.0218075622 0.0120982667 0.0173213113 0.0145567243 0.0194823976 0.0060958567 0.0192557863 0.014264437 0.0203062955 0.0064063966 0.0139306732 0.0089162008 0.0393078985 0.007968172 0.0226066536 0.0148234657 0.020803675 0.0267560527 0.0347647144 0.0074127704 0.007232788 0.0183089667 0.0199865684 0.0205990249 0.0194927978 0.022361624 0.0169016492 0.0044880285 0.0061486758 0.0278576338 0.0092539959 0.0230642723 0.0118713795 0.0105514338 0.0044360631 0.0097185159 0.0203762419 0.0118111621 0.0103774849 0.0165087814 0.0132430798 0.0178516027 0.0141036521 0.0110444942 0.021309604 0.0125937603 0.0133261295 0.0121751625 0.0150130138 0.0129074528 
28 0.0222620045 0.0189487811 0.0211216877 0.0112255542 0.0071214038 0.0151280652 0.0118410715 0.0119824328 0.0166558488 0.0164328087 0.0200744098 0.0199433787 0.014739108 0.015046371 0.0148838496 0.019493119 0.0214047579 0.0130377575 0.0166180841 0.0213448454 0.0156981664 0.009316929 0.0201623833 0.0204140272 0.0120071811 0.0091702352 0.007968172 0.0139978908 0.0153074008 0.0142532223 0.0164465706 0.0195503744 0.007995845 0.0151760084 0.0194638737 0.0079877284 0.0213002652 0.0183620686 0.020530269 0.0184977228 0.0202237388 0.0114750734 0.0158241298 0.0135889739 0.0019735039 0.0132178486 0.010180424 0.0290676633 0.0133558439 0.0143104606 0.0127268104 0.0116096445 0.0150244934 0.0169113745 0.0165688158 0.0219880723 0.0183372815 0.0175390463 0.0194923921 0.0136487041 0.029350472 0.0075356305 0.0081489155 0.0149890133 
29 0.0077802847 0.0089694526 0.0085167002 0.0230741846 0.0137647785 0.0133436013 0.0131566952 0.0289083861 0.0170419171 0.0113838726 0.0238705845 0.0163075744 0.0114950411 0.0145519845 0.019647771 0.0226510793 0.0064199718 0.0110859355 0.0054356227 0.0140270731 0.0119789997 0.0080863087 0.009252081 0.0217202531 0.017239614 0.0077180312 0.0226066536 0.0153074008 0.0088567371 0.0216937694 0.0201145051 0.0109933899 0.0147854368 0.0097185037 0.0198373631 0.0130251979 0.0171495342 0.01343062 0.0200749121 0.0179363064 0.0161247609 0.0309417446 0.025407965 0.0174391637 0.0366692779 0.0180811679 0.0050174406 0.0200095911 0.0139839074 0.0082157755 0.0129627826 0.0068918903 0.0332942135 0.0110993607 0.0129235407 0.017277106 0.0169472332 0.0132879896 0.0207455914 0.0073652208 0.0130424134 0.0120342488 0.0198355591 0.017443927 
30 0.0067848824 0.030982739 0.0173677928 0.0125854677 0.008985212 0.0108587573 0.0183240889 0.0225747682 0.0025945143 0.0081159535 0.0163474608 0.0175573992 0.0179865982 0.0186310408 0.0119081994 0.0122327077 0.0181776986 0.0145790877 0.0240548413 0.0159487515 0.013182263 0.0195432496 0.0200791156 0.0194892002 0.0108215941 0.0138241348 0.0148234657 0.0142532223 0.0216937694 0.0113458631 0.0151750061 0.0129749972 0.0066574603 0.0202371508 0.0201335589 0.0150751168 0.0078563231 0.0157789124 0.0070590108 0.0178064636 0.0209602471 0.0186121794 0.0234361194 0.0130385511 0.0104095596 0.0205896842 0.0160682611 0.0136303783 0.0191319519 0.0144190883 0.0241436832 0.0165729039 0.0185789254 0.0091679231 0.0141927258 0.0127197383 0.0170850965 0.0144414491 0.0112856228 0.0182054494 0.0139983136 0.0179772902 0.0180363768 0.0188906421 
31 0.0122167823 0.0203165904 0.0079298016 0.019733763 0.0202316272 0.0118708534 0.003436949 0.0145923221 0.0236730428 0.0129094576 0.0154404499 0.0149263648 0.006846368 0.0125949241 0.0219133469 0.021399416 0.0162099246 0.0212354443 0.0123815096 0.0072218204 0.0214660718 0.0287859283 0.0269442022 0.0191210494 0.0110835649 0.0213153901 0.020803675 0.0164465706 0.0201145051 0.0151750061 0.0177050935 0.0276993053 0.0083286151 0.0062598093 0.0197167759 0.0099679666 0.0067927894 0.0176901858 0.0100607601 0.0086013822 0.0210974317 0.0170528247 0.004757449 0.0050603089 0.0129022624 0.0239494951 0.0202897294 0.0212386941 0.011366628 0.0131030051 0.0081906548 0.0114528911 0.020451937 0.03855595 0.010360596 0.007990225 0.0139859765 0.0181194973 0.0108785051 0.0120621573 0.0227202328 0.0221651309 0.0109339517 0.0101550614 
32 0.0169100925 0.0200199936 0.0118978869 0.0147832996 0.0182093503 0.0271570019 0.0132466255 0.0210015705 0.01923179 0.0156287182 0.023754794 0.0149448525 0.0205382876 0.0056657955 0.0047099458 0.0104258404 0.0146968428 0.0103304911 0.0246055174 0.0147783686 0.0209300704 0.0071135216 0.0230030677 0.009345536 0.0096355551 0.0137908517 0.0267560527 0.0195503744 0.0109933899 0.0129749972 0.0276993053 0.0 0.0062698651 0.0065547373 0.0173070072 0.0126683348 0.0215756453 0.026741886 0.0099950183 0.0137138869 0.0199878802 0.0079884395 0.0223288609 0.019771459 0.0169944812 0.0164061853 0.0161712599 0.0165868156 0.0194525012 0.0173892927 0.0199997655 0.0170793127 0.0217503648 0.0085359389 0.0222464885 0.0059639588 0.0183559145 0.0138729091 0.0125975647 0.0239312059 0.0073567321 0.0027173498 0.0242268377 0.0091323141 
33 0.0183539388 0.0160220628 0.0055357864 0.0178876642 0.0255320265 0.0168317554 0.023754331 0.0073139289 0.0104644631 0.0215886673 0.0117091702 0.0219385294 0.0173086991 0.0205640734 0.0285419168 0.0038448952 0.008498247 0.0151939769 0.0088278854 0.0223074574 0.0126325813 0.005665202 0.0237086845 0.0203719945 0.0081923117 0.0021017394 0.0347647144 0.007995845 0.0147854368 0.0066574603 0.0083286151 0.0062698651 0.0102615219 0.0185084617 0.017802864 0.0174832673 0.0165864764 0.0147109083 0.0245592887 0.0126031996 0.0131136974 0.0135912162 0.0189229222 0.0192635285 0.015909081 0.0060248334 0.0143162589 0.0197383856 0.0146955514 0.0077842572 0.0093992517 0.0169765641 0.0127190355 0.016851762 0.014069308 0.0296838406 0.0288960704 0.0106517453 0.0167344792 0.0249929807 0.0244241562 0.0211951743 0.0116823087 0.0123536782 
34 0.0314105482 0.0203582173 0.0267199886 0.0062391852 0.0197626593 0.0210737312 0.0233926435 0.0117363329 0.0091806592 0.0160352079 0.0189111025 0.0294852519 0.0203465236 0.0227433308 0.0117902476 0.0264469173 0.0073476981 0.0046623789 0.0127346788 0.0224309069 0.0221063148 0.0063803783 0.0148427652 0.0097719144 0.0124555347 0.0186257248 0.0074127704 0.0151760084 0.0097185037 0.0202371508 0.0062598093 0.0065547373 0.0185084617 0.0147959202 0.0123070675 0.014561007 0.0152391836 0.0226415703 0.0032732001 0.0104516192 0.0183967774 0.0123065018 0.0134774605 0.0189800102 0.0224549006 0.0213700655 0.0198620279 0.0045930513 0.019303568 0.0149414782 0.0119432376 0.0081092638 0.0219551221 0.0060909142 0.0141620534 0.0153732001 0.0203191982 0.0148345123 0.0090484279 0.0196990331 0.0139643272 0.0218735924 0.0212626431 0.0115507817 
35 0.0224158191 0.0080050325 0.0040830803 0.0215053384 0.0100088053 0.0128751991 0.0177820246 0.0129025406 0.0130832029 0.0127628398 0.0083808581 0.014785527 0.0118534634 0.0240946667 0.0224852256 0.0116446752 0.0203196596 0.0102777614 0.007849676 0.0209143353 0.0219522968 0.0184090785 0.008900716 0.0126913264 0.0150872873 0.0236430252 0.007232788 0.0194638737 0.0198373631 0.0201335589 0.0197167759 0.0173070072 0.017802864 0.0123070675 0.0289253013 0.0167240955 0.009379606 0.018506638 0.0084830444 0.0139610521 0.011915372 0.0209537019 0.0085623409 0.0111149511 0.0211104843 0.0099717015 0.0093109278 0.0153927834 0.0274736083 0.0269594462 0.0147207283 0.0215325512 0.006005293 0.0190696532 0.0138470906 0.0183932001 0.0103190011 0.0146922077 0.0136023377 0.0166833006 0.0155810924 0.0128446536 0.0206861884 0.0207628883 
36 0.017257288 0.013051614 0.0107322609 0.0154881324 0.0163405866 0.0219244836 0.0104275464 0.0278569679 0.0189350972 0.0059232972 0.0148103523 0.0167308353 0.0144079826 0.0145170434 0.0180021389 0.0093979236 0.0214797284 0.013041233 0.019621274 0.0139882627 0.0087901821 0.0183473169 0.0160248649 0.0157177456 0.0222213524 0.0079152897 0.0183089667 0.0079877284 0.0130251979 0.0150751168 0.0099679666 0.0126683348 0.0174832673 0.014561007 0.0167240955 0.0023725107 0.0094901672 0.0253145313 0.0174072755 0.0177961653 0.0118095322 0.0166134843 0.0207636501 0.0146644625 0.0097500678 0.0183135843 0.0206439507 0.0069482492 0.0085344988 0.027492958 0.0253695076 0.0128386842 0.0100545441 0.0152684909 0.0190846738 0.0220572576 0.0135158441 0.0172626254 0.0138403653 0.0192563713 0.0142215502 0.0179409166 0.0249596365 0.0176619634 
37 0.0085777773 0.0082162005 0.0211702766 0.017321439 0.0218092728 0.0174861568 0.0058988568 0.0294985032 0.0135002 0.0192699417 0.0149706549 0.0163210296 0.0213116387 0.0201404061 0.0203178424 0.0255341737 0.008687692 0.0332255921 0.0240888511 0.0129066905 0.0120837279 0.0153668162 0.0148787258 0.0150253658 0.013840793 0.0061068188 0.0199865684 0.0213002652 0.0171495342 0.0078563231 0.0067927894 0.0215756453 0.0165864764 0.0152391836 0.009379606 0.0094901672 0.0086485518 0.0103611187 0.0139530287 0.0079539232 0.0070122673 0.0105728596 0.0138947572 0.0160030838 0.0186505099 0.0126045867 0.0187421821 0.0230357731 0.0194593192 0.0112738835 0.0176256161 0.0129334288 0.0201696138 0.0239689842 0.0086275682 0.0187728943 0.0179287057 0.0114943545 0.0204291218 0.0124732853 0.0162322282 0.0247774283 0.0166631209 0.002825803 
38 0.0127174248 0.0067436883 0.0207549806 0.0110972405 0.0154191168 0.021128109 0.013362416 0.0145453803 0.0109283656 0.0116282079 0.0113453091 0.023438888 0.0166979337 0.011462235 0.0216670967 0.0063412176 0.0088322213 0.0235163843 0.014798168 0.0197344959 0.0090132345 0.0255907849 0.0147630302 0.0144893062 0.0137812283 0.0145346283 0.0205990249 0.0183620686 0.01343062 0.0157789124 0.0176901858 0.026741886 0.0147109083 0.0226415703 0.018506638 0.0253145313 0.0103611187 0.0058533672 0.00594026 0.0242615392 0.0187810037 0.0113618329 0.0104401967 0.0174896292 0.0124129054 0.0164704181 0.0191171291 0.0145730248 0.0191838412 0.0082638326 0.0148082844 0.0175866783 0.0053105872 0.0154887877 0.0159909537 0.007731844 0.0097575814 0.0129199936 0.0226164237 0.032308535 0.0109133924 0.0207017833 0.0184400306 0.0188075884 
39 0.0089793173 0.0217489776 0.0173360536 0.0069201356 0.0131623506 0.0136014186 0.0193750057 0.0105997021 0.0094499453 0.0224672295 0.0121245966 0.009916002 0.010104672 0.0116811665 0.0161861583 0.0155902056 0.0205214652 0.0222217087 0.0184901749 0.0204724081 0.0185858345 0.0338889841 0.0198916138 0.0132639243 0.0146147583 0.0163902048 0.0194927978 0.020530269 0.0200749121 0.0070590108 0.0100607601 0.0099950183 0.0245592887 0.0032732001 0.0084830444 0.0174072755 0.0139530287 0.00594026 0.01420653 0.0176690852 0.0192731007 0.0079036635 0.0093495155 0.0248014933 0.0294702721 0.0047328041 0.0137194822 0.0234159578 0.0159478203 0.0172919523 0.0229958091 0.014617239 0.0220162663 0.0136254838 0.0116603291 0.0068574515 0.0187530653 0.0044118712 0.0052777252 0.0192300115 0.0200232869 0.0235681116 0.0144615775 0.0263072159 
40 0.0114875522 0.0207737928 0.0077182382 0.017861142 0.0197989707 0.0152222418 0.0183879351 0.0161018844 0.0136960604 0.0212842196 0.0137537981 0.012300545 0.0193984183 0.0027434661 0.0200200233 0.0122751039 0.0134655264 0.0172833372 0.0124771421 0.0212292506 0.0271498166 0.026653953 0.0087138546 0.011656304 0.0068234658 0.0173977401 0.022361624 0.0184977228 0.0179363064 0.0178064636 0.0086013822 0.0137138869 0.0126031996 0.0104516192 0.0139610521 0.0177961653 0.0079539232 0.0242615392 0.0176690852 0.0047306511 0.0164167099 0.0255938336 0.0176569209 0.0085551438 0.0302848927 0.0205848045 0.0066410694 0.0156745646 0.0301969974 0.0225577274 0.018752214 0.008189339 0.009180579 0.0199690994 0.0130355597 0.0159497241 0.007735955 0.0154089462 0.0183687882 0.0125883945 0.0119350005 0.0115519837 0.0140771123 0.0150762371 
41 0.0122868497 0.0096246459 0.0022258945 0.0175512196 0.0127261291 0.0268166381 0.0093933342 0.008520109 0.0118517447 0.0226866068 0.012538198 0.014056577 0.0107467445 0.0158350158 0.0126351634 0.0115405989 0.0149300524 0.0327029013 0.0238915566 0.0167748574 0.0193541012 0.0077593122 0.0181363546 0.0034795244 0.0090997437 0.0146414619 0.0169016492 0.0202237388 0.0161247609 0.0209602471 0.0210974317 0.0199878802 0.0131136974 0.0183967774 0.011915372 0.0118095322 0.0070122673 0.0187810037 0.0192731007 0.0164167099 0.0105818457 0.0135044011 0.0132687622 0.0186476462 0.0199763231 0.0167974421 0.0170489502 0.0118680934 0.0188346157 0.0215309991 0.0194506319 0.0236184194 0.0097999484 0.0126890209 0.0173477883 0.0123271566 0.0150696625 0.0176295257 0.0222165655 0.0119133743 0.012556676 0.0202322474 0.0227911423 0.0164792587 
42 0.0162317561 0.0149188493 0.01657059 0.0149664734 0.0169534686 0.0115055197 0.0139893099 0.0195851405 0.023651257 0.0128301695 0.0233435924 0.0208894586 0.0268080192 0.0129304619 0.0140739694 0.0151408086 0.0243922633 0.0071088287 0.0118890651 0.0178194208 0.0176881217 0.0126921346 0.0074867829 0.0270641565 0.0053224373 0.020565373 0.0044880285 0.0114750734 0.0309417446 0.0186121794 0.0170528247 0.0079884395 0.0135912162 0.0123065018 0.0209537019 0.0166134843 0.0105728596 0.0113618329 0.0079036635 0.0255938336 0.0135044011 0.0066372088 0.0056056362 0.0113062581 0.0124790741 0.0181322326 0.0140911249 0.0100392001 0.0138815987 0.0147626265 0.0185755597 0.0225643807 0.0113771252 0.0079481467 0.0252472615 0.0184286821 0.0168526791 0.0187687292 0.02070465 0.0214566421 0.018683028 0.0133938926 0.018732229 0.0109548208 
43 0.0164463822 0.0161063893 0.0242749102 0.0165338403 0.0199822024 0.0219008087 0.0079654383 0.030228902 0.0098585252 0.0057198706 0.0201359701 0.0099060754 0.0103203229 0.0205878374 0.0133259338 0.0354713147 0.0110764176 0.0148904377 0.0109664387 0.015063994 0.0087844129 0.0283732037 0.0115610719 0.01475093 0.0227245189 0.0185162259 0.0061486758 0.0158241298 0.025407965 0.0234361194 0.004757449 0.0223288609 0.0189229222 0.0134774605 0.0085623409 0.0207636501 0.0138947572 0.0104401967 0.0093495155 0.0176569209 0.0132687622 0.0056056362 0.0292194764 0.0192138478 0.0180314876 0.0075801248 0.0277454744 0.0090018839 0.012249379 0.0122843691 0.0115079056 0.0089146384 0.0169666742 0.0124990915 0.0181170913 0.0156367649 0.0201646267 0.010516507 0.0222534296 0.0134328131 0.0102374682 0.0143781022 0.0092070555 0.0155240517 
44 0.0135711436 0.0241887502 0.0098288549 0.0147483288 0.0169336838 0.0169281535 0.0152067085 0.0202281407 0.0219838505 0.0244061942 0.0244403309 0.0207385575 0.0184724711 0.0213299078 0.0106224939 0.007997708 0.0219309956 0.0187069666 0.020992511 0.0130835485 0.014618921 0.0178603886 0.009662682 0.0204105304 0.0209377027 0.0124889922 0.0278576338 0.0135889739 0.0174391637 0.0130385511 0.0050603089 0.019771459 0.0192635285 0.0189800102 0.0111149511 0.0146644625 0.0160030838 0.0174896292 0.0248014933 0.0085551438 0.0186476462 0.0113062581 0.0192138478 0.0239694986 0.0160799242 0.0084824732 0.0140694942 0.0273121363 0.0096838355 0.0098940982 0.0119114406 0.0121445914 0.0112226863 0.0107988069 0.0128089536 0.0113087136 0.0058837627 0.0167273035 0.0127563804 0.0085647677 0.0094337297 0.0050283338 0.0178719642 0.0149324442 
45 0.0144733348 0.012187146 0.0068889816 0.0154878916 0.0176739532 0.0077509442 0.0279022463 0.0235692272 0.0135098893 0.0190771671 0.017239363 0.0228198769 0.0144886027 0.0102422632 0.0106297407 0.0122581685 0.011373295 0.0075103293 0.0263116805 0.0201016896 0.0049935442 0.0209615456 0.0228767255 0.0154684531 0.0202202555 0.0158602648 0.0092539959 0.0019735039 0.0366692779 0.0104095596 0.0129022624 0.0169944812 0.015909081 0.0224549006 0.0211104843 0.0097500678 0.0186505099 0.0124129054 0.0294702721 0.0302848927 0.0199763231 0.0124790741 0.0180314876 0.0160799242 0.0054948748 0.0108750629 0.0084135599 0.0257082911 0.0235842235 0.0119807899 0.0166846277 0.0114638125 0.0057474472 0.0204937066 0.0159113688 0.0241711379 0.0159895111 0.0191366015 0.0121423903 0.0127040674 0.0025504821 0.0120385547 0.0136279108 0.004591996 
46 0.0210037386 0.0111535898 0.0145455219 0.0124669559 0.0195735235 0.0312157013 0.0189911259 0.0154943195 0.0214020484 0.0161306014 0.0153451482 0.0074329855 0.0263411571 0.0120525669 0.0156991918 0.0269658119 0.0125113019 0.0121582234 0.0204467639 0.0108102876 0.020026609 0.013785986 0.0157312219 0.0143924957 0.0061396296 0.0211912071 0.0230642723 0.0132178486 0.0180811679 0.0205896842 0.0239494951 0.0164061853 0.0060248334 0.0213700655 0.0099717015 0.0183135843 0.0126045867 0.0164704181 0.0047328041 0.0205848045 0.0167974421 0.0181322326 0.0075801248 0.0084824732 0.0108750629 0.0154138626 0.007537026 0.0091721979 0.0153978217 0.0093572248 0.0103060693 0.0143608411 0.0055950008 0.0080117492 0.0174507976 0.0271318671 0.0245706984 0.0119910353 0.0112851787 0.0225841029 0.0156683985 0.020219857 0.0149859246 0.0187038459 
47 0.022631616 0.0171750341 0.0097116245 0.0195760601 0.019914417 0.0114681274 0.0138590613 0.0191710312 0.0215491813 0.0164716059 0.0101566929 0.0250819869 0.0247205321 0.0130184366 0.0095558488 0.0215730462 0.016269662 0.0104751557 0.0172628793 0.0183798789 0.0283189223 0.0105028733 0.0093532048 0.0229123112 0.0101327506 0.0234211841 0.0118713795 0.010180424 0.0050174406 0.0160682611 0.0202897294 0.0161712599 0.0143162589 0.0198620279 0.0093109278 0.0206439507 0.0187421821 0.0191171291 0.0137194822 0.0066410694 0.0170489502 0.0140911249 0.0277454744 0.0140694942 0.0084135599 0.007537026 0.0228613804 0.009258512 0.0131039423 0.011631656 0.0103748065 0.0153148713 0.0238097389 0.0150383162 0.023808193 0.0044296537 0.0189545479 0.0174030945 0.0203444695 0.0045631036 0.0165189147 0.0116395296 0.0157180385 0.0117069546 
48 0.011974378 0.0218101545 0.02079178 0.0135601668 0.0208590778 0.0240892147 0.005391672 0.0198341695 0.0175281997 0.0049041696 0.0146156335 0.0132909736 0.0206166587 0.0183788802 0.0101056304 0.0207146713 0.0182039438 0.0159071177 0.01174937 0.0158541875 0.0083334298 0.0196023875 0.0260052052 0.0088707644 0.0127318479 0.021545491 0.0105514338 0.0290676633 0.0200095911 0.0136303783 0.0212386941 0.0165868156 0.0197383856 0.0045930513 0.0153927834 0.0069482492 0.0230357731 0.0145730248 0.0234159578 0.0156745646 0.0118680934 0.0100392001 0.0090018839 0.0273121363 0.0257082911 0.0091721979 0.009258512 0.0115198471 0.0136224068 0.0153216617 0.0101230287 0.0268261682 0.01770037 0.0134255376 0.0157626381 0.0169401005 0.0133289267 0.0138308318 0.0071668554 0.0154118969 0.0090990909 0.0202848445 0.0184067593 0.0071431802 
