64
1 0.0 0.0231637528 0.0108045072 0.0034389738 0.0187008392 0.0165247805 0.0010658291 0.0134826537 0.0226467539 0.0111294473 0.0201492132 0.0175850313 0.0079073333 0.0092243087 0.0120418025 0.0202328236 0.0070513784 0.0196365179 0.0172124768 0.0142812618 0.0072660941 0.0138026423 0.0071266616 0.0242720402 0.0176828538 0.0254872446 0.0162156518 0.0180322567 0.0185351771 0.0168971112 0.0108052227 0.0090083711 0.0088777885 0.0083207494 0.0155813842 0.0317422804 0.0245498859 0.0243801804 0.0119913203 0.0206591316 0.0179051019 0.0107896464 0.021355191 0.003609905 0.005086398 0.0174607497 0.0295462758 0.0218426821 0.0114133817 0.0172795412 0.0226044195 0.0193640227 0.0170046795 0.0197481947 0.0183296471 0.0164677113 0.024116274 0.0061480561 0.0221165208 0.0205838744 0.0098341345 0.0182942525 0.0207313487 0.0108542579
2 0.0231637528 0.0 0.0187401933 0.0134918141 0.0113804353 0.0038289741 0.0118912408 0.0180515775 0.020052845 0.0093225289 0.0209904179 0.0217578243 0.0157973336 0.0186030643 0.0215537565 0.0155782624 0.0134312001 0.0239968114 0.0178694705 0.018883678 0.016388737 0.015032753 0.0039341416 0.0179142316 0.0110117535 0.0296377941 0.0042202945 0.0144665102 0.0204745779 0.0146083481 0.0096369262 0.0163140024 0.0149157763 0.0078755777 0.0039247394 0.0126156711 0.0228609954 0.0070982832 0.0157209386 0.0157223635 0.0164764795 0.018829231 0.0197405992 0.0152140723 0.0219845259 0.0224355056 0.0229348498 0.0154797368 0.0256383975 0.0278512257 0.0020848783 0.0148445377 0.0242384696 0.0112529967 0.0090955304 0.0161923331 0.0188452306 0.0224572697 0.0142064827 0.0146308045 0.0048130382 0.0199810084 0.0078093938 0.0202038069
3 0.0108045072 0.0187401933 0.0 0.0097068954 0.0188057996 0.0191323054 0.0194748672 0.0032376062 0.0161579711 0.0162386232 0.0056141608 0.0245773462 0.0201950853 0.006621781 0.0244529856 0.0207088515 0.0101764113 0.0209970241 0.0076428597 0.0087005871 0.0035126445 0.0172275255 0.0170234503 0.0152592342 0.021357735 0.0018885772 0.0164072931 0.0212685316 0.0194879493 0.009857544 0.0093808421 0.0125510221 0.0152229298 0.0179257694 0.0258142546 0.0298022825 0.0135787513 0.0131279789 0.0147215437 0.0168918828 0.0142834136 0.0244703084 0.0114635292 0.0256604206 0.0212737618 0.011925912 0.0162585613 0.0123264178 0.016452615 0.0098831007 0.0202767534 0.0113466656 0.0129738643 0.0227335615 0.0124275695 0.0227109809 0.0060080248 0.0131431789 0.012736815 0.0118923594 0.0184208872 0.023651317 0.0307492683 0.022637111
4 0.0034389738 0.0134918141 0.0097068954 0.0 0.0033673067 0.0219357044 0.0140772133 0.0303753531 0.0114771341 0.0093142618 0.0088826292 0.0147347705 0.0237236369 0.0193809472 0.0119552327 0.0219162316 0.0209985285 0.0227523899 0.0124323142 0.0182170466 0.0206788256 0.0172772992 0.0040588875 0.0281440951 0.0060380755 0.015079299 0.014467405 0.024265786 0.0153932339 0.0130220075 0.0058664132 0.014938206 0.0048293346 0.0260264298 0.0093297765 0.0229011628 0.0193091085 0.0233766368 0.0191155201 0.0044008824 0.0187630486 0.0254208734 0.026586526 0.0198640171 0.0159603303 0.0181495865 0.0012440699 0.0215687046 0.0186476485 0.0092143092 0.0119654507 0.0171804186 0.0261759784 0.0258363306 0.0117742129 0.0010399865 0.0071478462 0.0247181727 0.017864146 0.0235156476 0.0203402958 0.0083420972 0.0135630662 0.0144204672
5 0.0187008392 0.0113804353 0.0188057996 0.0033673067 0.0 0.0057291312 0.01659944 0.0076228255 0.0170004982 0.0108898948 0.010983659 0.0129615433 0.0273593228 0.0149593487 0.0174039049 0.0139013952 0.0176369427 0.0160841945 0.0107771781 0.0096139495 0.0151568567 0.0166148256 0.0125227899 0.0204675574 0.0063571612 0.0167942128 0.0208205397 0.0131408314 0.0275530292 0.0229537937 0.0112466604 0.0278898547 0.0149046926 0.00670087 0.0265347956 0.0234051522 0.0153411342 0.0219038841 0.018763458 0.0201917646 0.0242893368 0.0178014711 0.002544011 0.0176576069 0.022261802 0.0101007964 0.0279070663 0.0141046192 0.0127657729 0.0104518513 0.0133140481 0.0108058634 0.0078225811 0.0110766383 0.028778071 0.0090143694 0.0238432942 0.0157377808 0.0023608542 0.0165395441 0.023377803 0.0166722898 0.0301779852 0.0095530697
6 0.0165247805 0.0038289741 0.0191323054 0.0219357044 0.0057291312 0.0 0.0092646586 0.0281893034 0.0076744929 0.0223950015 0.0026844991 0.0156550304 0.0173745452 0.0220870722 0.0227355674 0.0159472225 0.0145662698 0.0099005353 0.0220921275 0.0247729159 0.013560347 0.0114721881 0.0087861967 0.0239267053 0.0120724447 0.0219948557 0.0134429561 0.0081631279 0.0154006222 0.0038344842 0.0326004737 0.0199237764 0.0280061207 0.0173865408 0.0192412802 0.009533789 0.0163621187 0.0114270509 0.0251177856 0.015607507 0.0106971123 0.0065477781 0.0223220595 0.0207634524 0.0035341892 0.0202591924 0.0120787893 0.0167646472 0.0076637846 0.0137480272 0.0121675603 0.0134215977 0.0191808106 0.0147976168 0.0163191216 0.0150433303 0.0144043735 0.0109775071 0.0215125545 0.0240261874 0.0214520805 0.0233433108 0.0100687674 0.0185556413
7 0.0010658291 0.0118912408 0.0194748672 0.0140772133 0.01659944 0.0092646586 0.0 0.0092664291 0.0048950296 0.013990536 0.0060947826 0.009415999 0.0161678295 0.0126534755 0.0275006595 0.0234074738 0.0296176335 0.0233606866 0.0171673438 0.0095300002 0.0190520865 0.0171916924 0.0093624965 0.0207688645 0.0175873273 0.0023222745 0.0217121425 0.0210051258 0.0131829674 0.0045885993 0.0096717928 0.0134088394 0.0279407935 0.0160996256 0.0073770398 0.0210751457 0.0055677001 0.0222917595 0.0053258555 0.0195331903 0.0212138403 0.0185737474 0.0132034274 0.009015885 0.0112760068 0.0262196967 0.0270825695 0.022592127 0.017346905 0.0287844906 0.027774806 0.0054562337 0.0240732488 0.0161094038 0.0232534939 0.0335717696 0.0026631329 0.016247353 0.0213080341 0.019557835 0.0179836146 0.0045705246 0.0148358274 0.00677958
8 0.0134826537 0.0180515775 0.0032376062 0.0303753531 0.0076228255 0.0281893034 0.0092664291 0.0 0.0064426413 0.0166188775 0.015268821 0.0155462451 0.0192604803 0.0109182982 0.0158380533 0.0193260462 0.0067530565 0.0181184261 0.0275427692 0.0148892013 0.0061990239 0.0181672773 0.0231057879 0.0165065935 0.0122874226 0.0105392921 0.0197256445 0.0095482519 0.007574459 0.0041784773 0.0076171466 0.010495215 0.0110687989 0.00302174 0.0221939871 0.0268967417 0.0105750775 0.0183859452 0.0185963849 0.0064394166 0.0206987411 0.0289654493 0.0171531795 0.0194113871 0.0170773258 0.0130454084 0.0118088545 0.0156749847 0.0244062663 0.0161714545 0.010352892 0.007269595 0.0120623884 0.0234036631 0.0099960628 0.0296360773 0.0221934782 0.0187532826 0.0289468031 0.0220834724 0.0195675156 0.0213493745 0.0114204083 0.018680587
9 0.0226467539 0.020052845 0.0161579711 0.0114771341 0.0170004982 0.0076744929 0.0048950296 0.0064426413 0.0 0.0145293022 0.0204081364 0.0294132608 0.022348079 0.0185804774 0.0113112887 0.0096736114 0.0217245164 0.0124295236 0.0073977915 0.0181685353 0.0088468949 0.0138808233 0.0266534055 0.0094039384 0.0249076521 0.0191598169 0.0264292962 0.0079302754 0.0287757832 0.0168873146 0.0246928173 0.0153644354 0.0109154584 0.0176308105 0.0258601801 0.0176516237 0.0147612483 0.0161280165 0.0215204607 0.0192645035 0.0062964453 0.0095740114 0.0076385231 0.0021641905 0.024545947 0.0150620113 0.0090159807 0.0040500093 0.017117103 0.0142766147 0.0242578548 0.011511954 0.0191240675 0.0178237562 0.0248825498 0.0041189589 0.0118090301 0.0166209348 0.0159328297 0.0185829582 0.0188331232 0.0109607176 0.0101876676 0.0266161177
10 0.0111294473 0.0093225289 0.0162386232 0.0093142618 0.0108898948 0.0223950015 0.013990536 0.0166188775 0.0145293022 0.0 0.0191944504 0.0275099276 0.0135552508 0.0240932102 0.016644682 0.0046383679 0.0189388965 0.0225316843 0.0182417697 0.0144989862 0.0120575427 0.0265537553 0.0158743516 0.0163692134 0.0207806946 0.0099101683 0.0109126271 0.015946556 0.0143025734 0.0203896917 0.0196413465 0.0179103971 0.0136872367 0.0215880378 0.0203098125 0.018583857 0.0177450005 0.0108288347 0.0105254794 0.0125986652 0.0025561451 0.0181414343 0.0132709 0.0128851532 0.0129204318 0.0058807151 0.0235280823 0.024990605 0.0135092991 0.0191798783 0.0110688345 0.0086926743 0.0106779765 0.0119579687 0.00658016 0.0183112813 0.0071991557 0.0138668044 0.0228817914 0.028939111 0.021580025 0.0195582921 0.0176272516 0.023404489
11 0.0201492132 0.0209904179 0.0056141608 0.0088826292 0.010983659 0.0026844991 0.0060947826 0.015268821 0.0204081364 0.0191944504 0.0 0.0257621438 0.0226353378 0.0108990194 0.0125667294 0.01083014 0.0169038264 0.0158193613 0.0044949976 0.0210719978 0.0120129642 0.0094649595 0.0180481564 0.0093334819 0.0264867753 0.0196156117 0.0092173095 0.0150905604 0.0105571298 0.0116945934 0.0151732703 0.0209827297 0.0173148296 0.0143772246 0.0157318919 0.0202583949 0.0126606441 0.017580395 0.0077503236 0.0262232421 0.0044920701 0.0120650213 0.0216355419 0.0153153665 0.0165207837 0.0188218513 0.0121636728 0.0259263779 0.0280851998 0.017132045 0.0067656828 0.0257782885 0.0172222763 0.0137965832 0.0216227191 0.0224892886 0.0218794068 0.0149469261 0.0110791585 0.0179530902 0.0229572182 0.0170285212 0.0206300767 0.0128640227
12 0.0175850313 0.0217578243 0.0245773462 0.0147347705 0.0129615433 0.0156550304 0.009415999 0.0155462451 0.0294132608 0.0275099276 0.0257621438 0.0 0.0104400055 0.0035372937 0.0153831052 0.0135826542 0.0315238173 0.0136816689 0.0178057664 0.0220063226 0.0095237648 0.004831123 0.0159804323 0.0123496742 0.0174501673 0.0209304662 0.0191578924 0.0079547 0.0168129265 0.0138475124 0.0124715354 0.0174963116 0.0259567183 0.0192758628 0.005371058 0.0146275292 0.0130669773 0.0211573395 0.0064304669 0.0088037143 0.016257943 0.0215798331 0.0061524178 0.0184040006 0.0282083705 0.0220782944 0.018840863 0.0060362261 0.0155769862 0.0052208609 0.0092816509 0.0143868509 0.014856805 0.0295817545 0.0170654783 0.0136788664 0.005050352 0.0232573355 0.0103274648 0.0062948809 0.0150465141 0.024931929 0.0218935896 0.0096148043
13 0.0079073333 0.0157973336 0.0201950853 0.0237236369 0.0273593228 0.0173745452 0.0161678295 0.0192604803 0.022348079 0.0135552508 0.0226353378 0.0104400055 0.0 0.0296134454 0.0015860383 0.0151867327 0.0158464796 0.0159068593 0.0110952948 0.0191157035 0.0164995714 0.008477377 0.011885956 0.0141972915 0.0107073346 0.004035914 0.0183280249 0.013541935 0.0085569697 0.0305459504 0.024064473 0.0284460726 0.0117966795 0.0093858877 0.0134849943 0.0291848377 0.0240514192 0.0039941682 0.0144741072 0.0171687763 0.0050443489 0.0112404789 0.0280174918 0.0085043053 0.0144984533 0.0053210445 0.0004918062 0.0037673621 0.0235598844 0.0237814651 0.024603404 0.020106008 0.0222665383 0.0258083757 0.0154003227 0.0094197645 0.0175798041 0.0158942298 0.004888315 0.0171949534 0.0190801983 0.0056672752 0.0230123848 0.0169092518
14 0.0092243087 0.0186030643 0.006621781 0.0193809472 0.0149593487 0.0220870722 0.0126534755 0.0109182982 0.0185804774 0.0240932102 0.0108990194 0.0035372937 0.0296134454 0.0 0.0086444351 0.0259052086 0.0039919399 0.025736729 0.0191193087 0.0191945373 0.0213838285 0.017501415 0.0157169244 0.0094629501 0.0174179413 0.013512077 0.0151313725 0.0122943165 0.0177263071 0.0241515024 0.0227416023 0.0177865895 0.0057987819 0.0101377598 0.0184785933 0.015628762 0.0062913802 0.0135631248 0.0164183254 0.0138163709 0.0226640315 0.0188937195 0.0199071841 0.0175501671 0.0089048852 0.012879731 0.0248214106 0.0199177815 0.0175756614 0.0161499467 0.0117121759 0.0140559764 0.005902182 0.0134325482 0.0100913938 0.0182966677 0.0011136413 0.0158646514 0.0278022418 0.0201622225 0.0206456586 0.0146292032 0.0152347472 0.0230683462
15 0.0120418025 0.0215537565 0.0244529856 0.0119552327 0.0174039049 0.0227355674 0.0275006595 0.0158380533 0.0113112887 0.016644682 0.0125667294 0.0153831052 0.0015860383 0.0086444351 0.0 0.0209694826 0.0198129455 0.014800134 0.0217035963 0.0277427625 0.0277657931 0.0127238529 0.0072024318 0.0168088907 0.0161695773 0.0309262108 0.0029421777 0.0219606293 0.0203962598 0.0178046736 0.0196022644 0.0178625482 0.0150861328 0.0166185622 0.0167725505 0.0075473052 0.0123272915 0.0175404728 0.0123925597 0.0230955717 0.0168675841 0.0161133514 0.0091780015 0.01242488 0.0162284636 0.0146893428 0.0209488072 0.0036136899 0.0218063792 0.0132602063 0.0193189822 0.0173164605 0.0075759655 0.0204800135 0.0161057737 0.009558345 0.0115070961 0.0108597222 0.0108204612 0.0165614134 0.0175748994 0.0117167663 0.0226774896 0.0046029876
16 0.0202328236 0.0155782624 0.0207088515 0.0219162316 0.0139013952 0.0159472225 0.0234074738 0.0193260462 0.0096736114 0.0046383679 0.01083014 0.0135826542 0.0151867327 0.0259052086 0.0209694826 0.0 0.0146464725 0.0167693955 0.0114887514 0.0130898383 0.0150978312 0.0214614773 0.0096478229 0.0161499182 0.0094006197 0.0084112371 0.0268771056 0.0114088223 0.0178604903 0.0110431645 0.0092375997 0.0185864084 0.0160908521 0.0066014083 0.0072420425 0.0261611201 0.0131917085 0.0147011091 0.0199532152 0.0238371044 0.0216979808 0.0131731299 0.0076586582 0.0117372634 0.0235043098 0.0084248782 0.0270596932 0.0176520054 0.0213447145 0.0245743616 0.0217528263 0.0118774033 0.020259829 0.0138066347 0.01630221 0.015514769 0.0069106641 0.0162976795 0.029417677 0.0168283576 0.0127583735 0.0102489136 0.0104619222 0.0099757259
17 0.0070513784 0.0134312001 0.0101764113 0.0209985285 0.0176369427 0.0145662698 0.0296176335 0.0067530565 0.0217245164 0.0189388965 0.0169038264 0.0315238173 0.0158464796 0.0039919399 0.0198129455 0.0146464725 0.0 0.0223537702 0.0132234842 0.0258161124 0.0248206893 0.0218458225 0.0110751631 0.0267917284 0.0100658476 0.0177145745 0.014432343 0.0102329741 0.0081083982 0.0152092087 0.0089886353 0.0134867025 0.0122169638 0.0327535786 0.017757422 0.0101207658 0.0151998973 0.0086546977 0.0056660937 0.0121310394 0.0136988518 0.0092601578 0.0108781759 0.0213067199 0.0119036269 0.00596905 0.0183925438 0.0139718737 0.0166002744 0.0136818031 0.0235673738 0.0263151382 0.0192425382 0.0218969872 0.0132548672 0.0209759807 0.0025610947 0.0105223568 0.0126862129 0.0239173736 0.0181038617 0.0163852483 0.015340269 0.0172813929
18 0.0196365179 0.0239968114 0.0209970241 0.0227523899 0.0160841945 0.0099005353 0.0233606866 0.0181184261 0.0124295236 0.0225316843 0.0158193613 0.0136816689 0.0159068593 0.025736729 0.014800134 0.0167693955 0.0223537702 0.0 0.0193867293 0.0049206813 0.0163000941 0.0112621636 0.0188151379 0.0177094754 0.0175773945 0.0182279545 0.014015326 0.0201697642 0.0101345355 0.0120854639 0.024424543 0.0145434438 0.0157791669 0.0149683102 0.008373425 0.0185803072 0.0214055202 0.010537618 0.0183470158 0.0133679269 0.0178018384 0.0170622933 0.0158404068 0.0080616378 0.0109278513 0.0230149825 0.0067883706 0.0182626262 0.0157584443 0.0187498012 0.0097850962 0.0100295667 0.0256738753 0.0024991773 0.0145088838 0.0167955079 0.0152889072 0.0197290096 0.0149319922 0.0149469044 0.0142165028 0.0095272953 0.0100888141 0.0139025056
19 0.0172124768 0.0178694705 0.0076428597 0.0124323142 0.0107771781 0.0220921275 0.0171673438 0.0275427692 0.0073977915 0.0182417697 0.0044949976 0.0178057664 0.0110952948 0.0191193087 0.0217035963 0.0114887514 0.0132234842 0.0193867293 0.0 0.0187147455 0.0206766588 0.0158900371 0.0173137485 0.0223631648 0.0167203011 0.0221550665 0.0171661335 0.0163162195 0.0183336786 0.0215388398 0.017299772 0.0137563546 0.0090756638 0.0170729856 0.0059003266 0.0230776373 0.0235581409 0.0115503594 0.0120489967 0.0195548022 0.0134673143 0.0139075981 0.0181443142 0.0139784391 0.0068276426 0.0185976998 0.0281637204 0.0180134517 0.0143005141 0.0089314179 0.009386751 0.0220663781 0.0223606654 0.0148533392 0.0203480457 0.0176015182 0.0072143265 0.0170759442 0.0123893269 0.0200440512 0.0057993149 0.0110600398 0.0074573382 0.021233186
20 0.0142812618 0.018883678 0.0087005871 0.0182170466 0.0096139495 0.0247729159 0.0095300002 0.0148892013 0.0181685353 0.0144989862 0.0210719978 0.0220063226 0.0191157035 0.0191945373 0.0277427625 0.0130898383 0.0258161124 0.0049206813 0.0187147455 0.0 0.0164943155 0.0071471057 0.0269953598 0.0216962393 0.0138483415 0.0075633222 0.0184033158 0.0218750529 0.0241002907 0.0191953365 0.0156072872 0.0156385546 0.0068190957 0.019736772 0.0020905581 0.0224876971 0.0192540395 0.0074273185 0.0238104342 0.0245818257 0.0111820201 0.0115352372 0.0127430463 0.0060439648 0.0199640438 0.0094680712 0.0115809622 0.0198841052 0.0153194575 0.0191164977 0.0117340286 0.0098122715 0.0205212041 0.0111219324 0.0121761967 0.024153638 0.0285923152 0.0159558862 0.0132156478 0.0108786325 0.0154914553 0.0139620619 0.0082212072 0.0093249909
21 0.0072660941 0.016388737 0.0035126445 0.0206788256 0.0151568567 0.013560347 0.0190520865 0.0061990239 0.0088468949 0.0120575427 0.0120129642 0.0095237648 0.0164995714 0.0213838285 0.0277657931 0.0150978312 0.0248206893 0.0163000941 0.0206766588 0.0164943155 0.0 0.0228290075 0.0105523483 0.0238356037 0.0142486471 0.0190586197 0.016253222 0.0207402104 0.0129191501 0.023749234 0.0088534483 0.0269234352 0.0065443228 0.0173670775 0.0132154835 0.0283815879 0.0230973314 0.0139341254 0.0288587449 0.0290790384 0.0151687161 0.0154659355 0.022524992 0.0213133601 0.0093021069 0.0201799909 0.0255898927 0.0024636028 0.0197128392 0.0135137947 0.0148262894 0.0168767825 0.0187920915 0.0091073736 0.0103634128 0.0137618421 0.0156106854 0.0073930126 0.0078289573 0.005449339 0.006188241 0.0150552719 0.0103103833 0.0194658848
22 0.0138026423 0.015032753 0.0172275255 0.0172772992 0.0166148256 0.0114721881 0.0171916924 0.0181672773 0.0138808233 0.0265537553 0.0094649595 0.004831123 0.008477377 0.017501415 0.0127238529 0.0214614773 0.0218458225 0.0112621636 0.0158900371 0.0071471057 0.0228290075 0.0 0.013518218 0.0072024571 0.0179122131 0.0064907887 0.0213390914 0.0251265128 0.0189661165 0.0184123165 0.0179108509 0.0210027789 0.0182190174 0.0029503628 0.0303056812 0.0073509211 0.005993809 0.0076433568 0.0177695054 0.0069291531 0.0037618757 0.0247571465 0.0290848543 0.0040585627 0.0232844958 0.0217838905 0.0151874935 0.012787039 0.0212703733 0.0138063827 0.0255238554 0.0152984468 0.0213557664 0.0171414931 0.0213169146 0.0049632182 0.0252113983 0.0108312917 0.0141357899 0.0252346696 0.0155766773 0.0138330536 0.0189482145 0.015148823
23 0.0071266616 0.0039341416 0.0170234503 0.0040588875 0.0125227899 0.0087861967 0.0093624965 0.0231057879 0.0266534055 0.0158743516 0.0180481564 0.0159804323 0.011885956 0.0157169244 0.0072024318 0.0096478229 0.0110751631 0.0188151379 0.0173137485 0.0269953598 0.0105523483 0.013518218 0.0 0.0219178751 0.0162959938 0.0312925484 0.0141780256 0.0070034482 0.001706724 0.0054612866 0.0259572711 0.017869143 0.0190359556 0.0200653875 0.0253275437 0.0100685594 0.0165223975 0.0287177849 0.0269219054 0.0032153683 0.0277876442 0.0186807777 0.0053889559 0.0085878682 0.0100399332 0.0205782755 0.0278760999 0.0248581405 0.0071866594 0.0174918752 0.0153659937 0.0194821813 0.0313286452 0.0241222362 0.01067822 0.0185595953 0.0156649094 0.0196447136 0.0110421862 0.0065613855 0.0190357409 0.0158237625 0.015028375 0.0124287387
24 0.0242720402 0.0179142316 0.0152592342 0.0281440951 0.0204675574 0.0239267053 0.0207688645 0.0165065935 0.0094039384 0.0163692134 0.0093334819 0.0123496742 0.0141972915 0.0094629501 0.0168088907 0.0161499182 0.0267917284 0.0177094754 0.0223631648 0.0216962393 0.0238356037 0.0072024571 0.0219178751 0.0 0.0163307953 0.0172732422 0.0043518047 0.0017626001 0.0249134407 0.0203682604 0.01408877 0.0158860304 0.0175707513 0.0068493832 0.01231808 0.0137959772 0.0126302909 0.0090662706 0.0136665539 0.013129283 0.0146383464 0.0035548967 0.0279226708 0.0255429936 0.0160899712 0.0228061763 0.0101424683 0.0063909476 0.0112192024 0.0173746827 0.0092001898 0.0087058065 0.0026708126 0.0074503458 0.0161884605 0.0176222169 0.0226355602 0.016328644 0.0238964615 0.0130290442 0.0242450546 0.0200168207 0.0203940339 0.0150814351
25 0.0176828538 0.0110117535 0.021357735 0.0060380755 0.0063571612 0.0120724447 0.0175873273 0.0122874226 0.0249076521 0.0207806946 0.0264867753 0.0174501673 0.0107073346 0.0174179413 0.0161695773 0.0094006197 0.0100658476 0.0175773945 0.0167203011 0.0138483415 0.0142486471 0.0179122131 0.0162959938 0.0163307953 0.0 0.0163618012 0.0069205231 0.0217872912 0.0076463781 0.0199080355 0.0209500711 0.0099194403 0.0162595445 0.0063013531 0.0027193995 0.0235310889 0.013636047 0.0124419891 0.0155930688 0.0171055756 0.0171102395 0.0250164064 0.0183437501 0.0218657496 0.0152659341 0.023895149 0.016852841 0.0126360182 0.0191007881 0.0147459148 0.0081545168 0.0127975653 0.0183392791 0.0247328592 0.0286890684 0.0105218531 0.0097014946 0.0181300403 0.0229059945 0.0196906498 0.0074100483 0.0143385995 0.0177276024 0.0202309609
26 0.0254872446 0.0296377941 0.0018885772 0.015079299 0.0167942128 0.0219948557 0.0023222745 0.0105392921 0.0191598169 0.0099101683 0.0196156117 0.0209304662 0.004035914 0.013512077 0.0309262108 0.0084112371 0.0177145745 0.0182279545 0.0221550665 0.0075633222 0.0190586197 0.0064907887 0.0312925484 0.0172732422 0.0163618012 0.0 0.0064557451 0.0109743556 0.0108609013 0.0165760222 0.0118378802 0.0248862743 0.0280043102 0.0099154072 0.0265589865 0.0145014051 0.016332931 0.015621548 0.0273022157 0.0128955763 0.0048505009 0.0197059203 0.0057110947 0.0226415556 0.0101330897 0.0220215605 0.009772188 0.0223525735 0.0060944144 0.0088855851 0.0094315215 0.0284002739 0.0150678738 0.0128917466 0.0037790889 0.0155001067 0.0139506217 0.0172815091 0.0174425451 0.0055531832 0.0242324842 0.0164997659 0.0211673949 0.0275268731
27 0.0162156518 0.0042202945 0.0164072931 0.014467405 0.0208205397 0.0134429561 0.0217121425 0.0197256445 0.0264292962 0.0109126271 0.0092173095 0.0191578924 0.0183280249 0.0151313725 0.0029421777 0.0268771056 0.014432343 0.014015326 0.0171661335 0.0184033158 0.016253222 0.0213390914 0.0141780256 0.0043518047 0.0069205231 0.0064557451 0.0 0.0117363035 0.0227052011 0.0148499556 0.0217532476 0.016280014 0.0227445626 0.028672204 0.0086584105 0.0221905918 0.0159959199 0.0267652807 0.0167721113 0.0220317824 0.0193530538 0.0148996068 0.0046950177 0.02105295 0.0281142668 0.013890647 0.007954412 0.0160176333 0.0148163985 0.0190374291 0.0094923873 0.0144461637 0.0121237498 0.0299906399 0.0081785792 0.0137622987 0.0244341205 0.0169847858 0.0140385156 0.0157610799 0.0073056026 0.0162887101 0.0063122459 0.0103708576
28 0.0180322567 0.0144665102 0.0212685316 0.024265786 0.0131408314 0.0081631279 0.0210051258 0.0095482519 0.0079302754 0.015946556 0.0150905604 0.0079547 0.013541935 0.0122943165 0.0219606293 0.0114088223 0.0102329741 0.0201697642 0.0163162195 0.0218750529 0.0207402104 0.0251265128 0.0070034482 0.0017626001 0.0217872912 0.0109743556 0.0117363035 0.0 0.0232266099 0.0109210171 0.0161570695 0.0156834985 0.007653055 0.024575326 0.0190573035 0.0122237712 0.0074963411 0.0139557392 0.0271932076 0.0240063118 0.0265423 0.0106269825 0.0288255084 0.0104461716 0.0112581125 0.0140613839 0.0221146452 0.0119627218 0.0019888303 0.0099836726 0.0266808682 0.0065342327 0.0218628047 0.0168175705 0.0133740617 0.0146916828 0.0284941562 0.0125038127 0.0124269561 0.0199170769 0.0167306983 0.0198105683 0.0164666881 0.0199862947
29 0.0185351771 0.0204745779 0.0194879493 0.0153932339 0.0275530292 0.0154006222 0.0131829674 0.007574459 0.0287757832 0.0143025734 0.0105571298 0.0168129265 0.0085569697 0.0177263071 0.0203962598 0.0178604903 0.0081083982 0.0101345355 0.0183336786 0.0241002907 0.0129191501 0.0189661165 0.001706724 0.0249134407 0.0076463781 0.0108609013 0.0227052011 0.0232266099 0.0 0.0114581057 0.0010218674 0.0147206012 0.0210852566 0.0178377339 0.0171862855 0.0091272583 0.0156089787 0.0272583741 0.0118116776 0.0270379362 0.0110742129 0.0142474331 0.0155145607 0.0172389133 0.0209896043 0.0191844155 0.0068533373 0.0185157395 0.0220555519 0.0146103832 0.0110167674 0.0231900009 0.0302745014 0.0209737813 0.0149739643 0.0150809127 0.0147317879 0.0110366422 0.0013080372 0.0224279797 0.0094398558 0.0190835816 0.0126019703 0.00321011
30 0.0168971112 0.0146083481 0.009857544 0.0130220075 0.0229537937 0.0038344842 0.0045885993 0.0041784773 0.0168873146 0.0203896917 0.0116945934 0.0138475124 0.0305459504 0.0241515024 0.0178046736 0.0110431645 0.0152092087 0.0120854639 0.0215388398 0.0191953365 0.023749234 0.0184123165 0.0054612866 0.0203682604 0.0199080355 0.0165760222 0.0148499556 0.0109210171 0.0114581057 0.0 0.011317632 0.016815259 0.0075778108 0.021051179 0.0041698402 0.014367176 0.0220903109 0.0148973116 0.0134997245 0.027465294 0.0151059343 0.0146174935 0.0157178874 0.0158405734 0.0137109109 0.0157011806 0.0264526246 0.0175533305 0.013134257 0.0270108169 0.0145742709 0.0179947695 0.0169820565 0.0199111291 0.0198772689 0.0086255509 0.0227077429 0.0053739143 0.0176957705 0.0052549316 0.0137222784 0.0147750202 0.0161458752 0.032225023
31 0.0108052227 0.0096369262 0.0093808421 0.0058664132 0.0112466604 0.0326004737 0.0096717928 0.0076171466 0.0246928173 0.0196413465 0.0151732703 0.0124715354 0.024064473 0.0227416023 0.0196022644 0.0092375997 0.0089886353 0.024424543 0.017299772 0.0156072872 0.0088534483 0.0179108509 0.0259572711 0.01408877 0.0209500711 0.0118378802 0.0217532476 0.0161570695 0.0010218674 0.011317632 0.0 0.0290527671 0.0052879581 0.0055523953 0.0174570809 0.0056535218 0.0188782082 0.0314587565 0.0127094275 0.0173106228 0.0082780682 0.0210998309 0.0141104187 0.0171366469 0.0200723007 0.0122785608 0.0070984596 0.0247348473 0.0264045883 0.018794218 0.020927742 0.0133666393 0.0103573638 0.010638322 0.019707549 0.0021189058 0.0291829759 0.0134388463 0.0323467169 0.0113202124 0.029357105 0.0173214304 0.0139211097 0.0020076715
32 0.0090083711 0.0163140024 0.0125510221 0.014938206 0.0278898547 0.0199237764 0.0134088394 0.010495215 0.0153644354 0.0179103971 0.0209827297 0.0174963116 0.0284460726 0.0177865895 0.0178625482 0.0185864084 0.0134867025 0.0145434438 0.0137563546 0.0156385546 0.0269234352 0.0210027789 0.017869143 0.0158860304 0.0099194403 0.0248862743 0.016280014 0.0156834985 0.0147206012 0.016815259 0.0290527671 0.0 0.0045503096 0.0176915647 0.0143564885 0.0079054099 0.0075567037 0.0128809156 0.0117213347 0.0231883951 0.0234885574 0.0142591466 0.0202350176 0.0103483616 0.0219124712 0.0135644851 0.0198308486 0.0285884056 0.006804963 0.0123556063 0.0105591075 0.0229405462 0.0181253932 0.0119174737 0.0139268226 0.0114327988 0.0149410183 0.0210790377 0.0093412935 0.0077337039 0.0153671996 0.0113847176 0.0078885803 0.006694245
33 0.0088777885 0.0149157763 0.0152229298 0.0048293346 0.0149046926 0.0280061207 0.0279407935 0.0110687989 0.0109154584 0.0136872367 0.0173148296 0.0259567183 0.0117966795 0.0057987819 0.0150861328 0.0160908521 0.0122169638 0.0157791669 0.0090756638 0.0068190957 0.0065443228 0.0182190174 0.0190359556 0.0175707513 0.0162595445 0.0280043102 0.0227445626 0.007653055 0.0210852566 0.0075778108 0.0052879581 0.0045503096 0.0 0.0197778495 0.0069638522 0.010310008 0.0086260315 0.0169536882 0.0211444568 0.0157648072 0.0175268994 0.0191481672 0.0259848158 0.013939744 0.0131512252 0.0297970093 0.0197199462 0.0114967192 0.0158508 0.0202233465 0.0278317137 0.0193533912 0.0124731584 0.0058399056 0.0156417729 0.0198385208 0.0212443069 0.0279734277 0.020512946 0.0186766155 0.0101790862 0.0128132398 0.0275322567 0.0128736235
34 0.0083207494 0.0078755777 0.0179257694 0.0260264298 0.00670087 0.0173865408 0.0160996256 0.00302174 0.0176308105 0.0215880378 0.0143772246 0.0192758628 0.0093858877 0.0101377598 0.0166185622 0.0066014083 0.0327535786 0.0149683102 0.0170729856 0.019736772 0.0173670775 0.0029503628 0.0200653875 0.0068493832 0.0063013531 0.0099154072 0.028672204 0.024575326 0.0178377339 0.021051179 0.0055523953 0.0176915647 0.0197778495 0.0 0.0185622428 0.0317043879 0.0193379733 0.0198499268 0.0224121438 0.015267615 0.0178499946 0.0155774683 0.0214682146 0.0110240962 0.0179817694 0.0046545943 0.0077622819 0.0183376236 0.02880884 0.0176865749 0.0041198127 0.0199195626 0.0058368088 0.0137581068 0.0181679182 0.0090679256 0.0254832529 0.0147771143 0.013393667 0.0087212819 0.0139842656 0.0218340385 0.0269321434 0.0136066277
35 0.0155813842 0.0039247394 0.0258142546 0.0093297765 0.0265347956 0.0192412802 0.0073770398 0.0221939871 0.0258601801 0.0203098125 0.0157318919 0.005371058 0.0134849943 0.0184785933 0.0167725505 0.0072420425 0.017757422 0.008373425 0.0059003266 0.0020905581 0.0132154835 0.0303056812 0.0253275437 0.01231808 0.0027193995 0.0265589865 0.0086584105 0.0190573035 0.0171862855 0.0041698402 0.0174570809 0.0143564885 0.0069638522 0.0185622428 0.0 0.0109835431 0.0175009785 0.0128292836 0.0190648824 0.0246782686 0.0248311586 0.0185322267 0.0189779109 0.0139170135 0.0236993709 0.0082415636 0.0125323572 0.0207021826 0.0094498187 0.0246027177 0.0159969999 0.0076669574 0.0148415925 0.0249766997 0.0150769443 0.021707232 0.0181647192 0.0184216433 0.006786199 0.0178622292 0.0148163985 0.0214409417 0.0202576087 0.0172137673
36 0.0317422804 0.0126156711 0.0298022825 0.0229011628 0.0234051522 0.009533789 0.0210751457 0.0268967417 0.0176516237 0.018583857 0.0202583949 0.0146275292 0.0291848377 0.015628762 0.0075473052 0.0261611201 0.0101207658 0.0185803072 0.0230776373 0.0224876971 0.0283815879 0.0073509211 0.0100685594 0.0137959772 0.0235310889 0.0145014051 0.0221905918 0.0122237712 0.0091272583 0.014367176 0.0056535218 0.0079054099 0.010310008 0.0317043879 0.0109835431 0.0 0.0063784028 0.0215789044 0.0131666624 0.0123288726 0.0223757652 0.0097467854 0.0153440718 0.0116369458 0.0095700474 0.0140174406 0.0025788393 0.0169881351 0.0092190846 0.018680876 0.0249815927 0.0112408016 0.0188926882 0.0089864163 0.0036636989 0.0167175053 0.0166572852 0.0135104191 0.0064270375 0.0107521071 0.0205156165 0.0179138774 0.0078633327 0.0142895177
37 0.0245498859 0.0228609954 0.0135787513 0.0193091085 0.0153411342 0.0163621187 0.0055677001 0.0105750775 0.0147612483 0.0177450005 0.0126606441 0.0130669773 0.0240514192 0.0062913802 0.0123272915 0.0131917085 0.0151998973 0.0214055202 0.0235581409 0.0192540395 0.0230973314 0.005993809 0.0165223975 0.0126302909 0.013636047 0.016332931 0.0159959199 0.0074963411 0.0156089787 0.0220903109 0.0188782082 0.0075567037 0.0086260315 0.0193379733 0.0175009785 0.0063784028 0.0 0.0157278959 0.0229642746 0.0223794548 0.0231846402 0.0203587074 0.0176790295 0.011905849 0.0082019431 0.0192022168 0.0101561799 0.0221276729 0.0082306454 0.0042154617 0.0211178172 0.004643449 0.0094328859 0.0187574216 0.0237273707 0.0227752458 0.0086984015 0.021413832 0.0184779327 0.0233588568 0.0194067119 0.0172941056 0.0141576449 0.0210636588
38 0.0243801804 0.0070982832 0.0131279789 0.0233766368 0.0219038841 0.0114270509 0.0222917595 0.0183859452 0.0161280165 0.0108288347 0.017580395 0.0211573395 0.0039941682 0.0135631248 0.0175404728 0.0147011091 0.0086546977 0.010537618 0.0115503594 0.0074273185 0.0139341254 0.0076433568 0.0287177849 0.0090662706 0.0124419891 0.015621548 0.0267652807 0.0139557392 0.0272583741 0.0148973116 0.0314587565 0.0128809156 0.0169536882 0.0198499268 0.0128292836 0.0215789044 0.0157278959 0.0 0.016038423 0.013141569 0.0150695536 0.0159186306 0.0254523478 0.0221999897 0.0090070512 0.0233893201 0.0135902685 0.0124345529 0.0087542232 0.0205248604 0.0010732629 0.012194625 0.0233605216 0.0261439227 0.0166943492 0.0136950986 0.0012444346 0.019351173 0.0188939303 0.018246848 0.0144531148 0.017850218 0.0155812805 0.0084601059
39 0.0119913203 0.0157209386 0.0147215437 0.0191155201 0.018763458 0.0251177856 0.0053258555 0.0185963849 0.0215204607 0.0105254794 0.0077503236 0.0064304669 0.0144741072 0.0164183254 0.0123925597 0.0199532152 0.0056660937 0.0183470158 0.0120489967 0.0238104342 0.0288587449 0.0177695054 0.0269219054 0.0136665539 0.0155930688 0.0273022157 0.0167721113 0.0271932076 0.0118116776 0.0134997245 0.0127094275 0.0117213347 0.0211444568 0.0224121438 0.0190648824 0.0131666624 0.0229642746 0.016038423 0.0 0.0082723855 0.0108315315 0.0185643708 0.0043315383 0.0100738523 0.0206106445 0.0129658942 0.0213936643 0.0169359256 0.0154654012 0.0106613849 0.0084464154 0.007622493 0.0100117384 0.0152372284 0.0253461648 0.0206596736 0.0191380249 0.0092482987 0.0061117844 0.0128625564 0.0238790525 0.0164871554 0.0138556751 0.0236865407
40 0.0206591316 0.0157223635 0.0168918828 0.0044008824 0.0201917646 0.015607507 0.0195331903 0.0064394166 0.0192645035 0.0125986652 0.0262232421 0.0088037143 0.0171687763 0.0138163709 0.0230955717 0.0238371044 0.0121310394 0.0133679269 0.0195548022 0.0245818257 0.0290790384 0.0069291531 0.0032153683 0.013129283 0.0171055756 0.0128955763 0.0220317824 0.0240063118 0.0270379362 0.027465294 0.0173106228 0.0231883951 0.0157648072 0.015267615 0.0246782686 0.0123288726 0.0223794548 0.013141569 0.0082723855 0.0 0.0089590209 0.0142612826 0.0129181229 0.0213834977 0.0130504403 0.0222919596 0.0164874334 0.0059000404 0.007156444 0.0040437517 0.022815361 0.0096040548 0.0146217159 0.0106343818 0.010245366 0.0141580772 0.0184104805 0.0127771208 0.0301179472 0.0119995466 0.0044039933 0.0170672549 0.00402047 0.0235552451
41 0.0179051019 0.0164764795 0.0142834136 0.0187630486 0.0242893368 0.0106971123 0.0212138403 0.0206987411 0.0062964453 0.0025561451 0.0044920701 0.016257943 0.0050443489 0.0226640315 0.0168675841 0.0216979808 0.0136988518 0.0178018384 0.0134673143 0.0111820201 0.0151687161 0.0037618757 0.0277876442 0.0146383464 0.0171102395 0.0048505009 0.0193530538 0.0265423 0.0110742129 0.0151059343 0.0082780682 0.0234885574 0.0175268994 0.0178499946 0.0248311586 0.0223757652 0.0231846402 0.0150695536 0.0108315315 0.0089590209 0.0 0.0159480175 0.015761735 0.0165580219 0.027215394 0.0194528348 0.0101722565 0.0149460526 0.0187756711 0.0128607338 0.0151491173 0.0239150428 0.0240911387 0.0130698668 0.0034058863 0.0042313869 0.0162223306 0.0156467049 0.0071866983 0.0219553754 0.0198234985 0.0231485618 0.019126906 0.0171951073
42 0.0107896464 0.018829231 0.0244703084 0.0254208734 0.0178014711 0.0065477781 0.0185737474 0.0289654493 0.0095740114 0.0181414343 0.0120650213 0.0215798331 0.0112404789 0.0188937195 0.0161133514 0.0131731299 0.0092601578 0.0170622933 0.0139075981 0.0115352372 0.0154659355 0.0247571465 0.0186807777 0.0035548967 0.0250164064 0.0197059203 0.0148996068 0.0106269825 0.0142474331 0.0146174935 0.0210998309 0.0142591466 0.0191481672 0.0155774683 0.0185322267 0.0097467854 0.0203587074 0.0159186306 0.0185643708 0.0142612826 0.0159480175 0.0 0.0145594051 0.0066346601 0.0126250605 0.0176725812 0.0083680498 0.0224224334 0.0233587911 0.0084914011 0.0090731984 0.0158521707 0.0099302689 0.0090252363 0.0246543705 0.0147388965 0.0177076694 0.0094117788 0.0192839531 0.0224131622 0.026226512 0.0189084426 0.0076532426 0.0120567117
43 0.021355191 0.0197405992 0.0114635292 0.026586526 0.002544011 0.0223220595 0.0132034274 0.0171531795 0.0076385231 0.0132709 0.0216355419 0.0061524178 0.0280174918 0.0199071841 0.0091780015 0.0076586582 0.0108781759 0.0158404068 0.0181443142 0.0127430463 0.022524992 0.0290848543 0.0053889559 0.0279226708 0.0183437501 0.0057110947 0.0046950177 0.0288255084 0.0155145607 0.0157178874 0.0141104187 0.0202350176 0.0259848158 0.0214682146 0.0189779109 0.0153440718 0.0176790295 0.0254523478 0.0043315383 0.0129181229 0.015761735 0.0145594051 0.0 0.0252546474 0.0250027811 0.0052318459 0.0150257632 0.0060369193 0.0142755634 0.0170386812 0.0184486993 0.0226746816 0.0247207708 0.019236773 0.0051961752 0.0079694713 0.0310757168 0.0125960659 0.0084274118 0.0040663724 0.0194365085 0.0038974254 0.0102031108 0.018199511
44 0.003609905 0.0152140723 0.0256604206 0.0198640171 0.0176576069 0.0207634524 0.009015885 0.0194113871 0.0021641905 0.0128851532 0.0153153665 0.0184040006 0.0085043053 0.0175501671 0.01242488 0.0117372634 0.0213067199 0.0080616378 0.0139784391 0.0060439648 0.0213133601 0.0040585627 0.0085878682 0.0255429936 0.0218657496 0.0226415556 0.02105295 0.0104461716 0.0172389133 0.0158405734 0.0171366469 0.0103483616 0.013939744 0.0110240962 0.0139170135 0.0116369458 0.011905849 0.0221999897 0.0100738523 0.0213834977 0.0165580219 0.0066346601 0.0252546474 0.0 0.0121286161 0.0005348042 0.0207669144 0.0218558711 0.025613054 0.0025273284 0.0234973448 0.0255441071 0.0210294439 0.0119590096 0.0297339821 0.0235375974 0.0236286707 0.0253746475 0.0188464192 0.0128098145 0.0062646454 0.0119701109 0.0276786487 0.0145241109
45 0.005086398 0.0219845259 0.0212737618 0.0159603303 0.022261802 0.0035341892 0.0112760068 0.0170773258 0.024545947 0.0129204318 0.0165207837 0.0282083705 0.0144984533 0.0089048852 0.0162284636 0.0235043098 0.0119036269 0.0109278513 0.0068276426 0.0199640438 0.0093021069 0.0232844958 0.0100399332 0.0160899712 0.0152659341 0.0101330897 0.0281142668 0.0112581125 0.0209896043 0.0137109109 0.0200723007 0.0219124712 0.0131512252 0.0179817694 0.0236993709 0.0095700474 0.0082019431 0.0090070512 0.0206106445 0.0130504403 0.027215394 0.0126250605 0.0250027811 0.0121286161 0.0 0.0217109895 0.0146442483 0.0095164606 0.0133412421 0.0167557095 0.0135381459 0.0242091015 0.0145089939 0.013288168 0.0057263939 0.0174680193 0.0001653283 0.0118960072 0.0148795054 0.024739676 0.0242913881 0.018172286 0.0166834933 0.0186381528
46 0.0174607497 0.0224355056 0.011925912 0.0181495865 0.0101007964 0.0202591924 0.0262196967 0.0130454084 0.0150620113 0.0058807151 0.0188218513 0.0220782944 0.0053210445 0.012879731 0.0146893428 0.0084248782 0.00596905 0.0230149825 0.0185976998 0.0094680712 0.0201799909 0.0217838905 0.0205782755 0.0228061763 0.023895149 0.0220215605 0.013890647 0.0140613839 0.0191844155 0.0157011806 0.0122785608 0.0135644851 0.0297970093 0.0046545943 0.0082415636 0.0140174406 0.0192022168 0.0233893201 0.0129658942 0.0222919596 0.0194528348 0.0176725812 0.0052318459 0.0005348042 0.0217109895 0.0 0.019589406 0.0078681327 0.0103135806 0.0121642417 0.0056733612 0.0238629694 0.001368334 0.0213450815 0.0152372326 0.0239813274 0.0192413031 0.0091815948 0.0294370654 0.0098993134 0.0132642098 0.0207473017 0.0261662921 0.011745963
47 0.0295462758 0.0229348498 0.0162585613 0.0012440699 0.0279070663 0.0120787893 0.0270825695 0.0118088545 0.0090159807 0.0235280823 0.0121636728 0.018840863 0.0004918062 0.0248214106 0.0209488072 0.0270596932 0.0183925438 0.0067883706 0.0281637204 0.0115809622 0.0255898927 0.0151874935 0.0278760999 0.0101424683 0.016852841 0.009772188 0.007954412 0.0221146452 0.0068533373 0.0264526246 0.0070984596 0.0198308486 0.0197199462 0.0077622819 0.0125323572 0.0025788393 0.0101561799 0.0135902685 0.0213936643 0.0164874334 0.0101722565 0.0083680498 0.0150257632 0.0207669144 0.0146442483 0.019589406 0.0 0.0134617875 0.0057796424 0.0177654589 0.016057392 0.0071656288 0.0123881671 0.0299565981 0.020482814 0.0104687263 0.0163503033 0.0224676843 0.0104902353 0.0192104216 0.0173671253 0.0184163583 0.0114407736 0.0115610141
48 0.0218426821 0.0154797368 0.0123264178 0.0215687046 0.0141046192 0.0167646472 0.022592127 0.0156749847 0.0040500093 0.024990605 0.0259263779 0.0060362261 0.0037673621 0.0199177815 0.0036136899 0.0176520054 0.0139718737 0.0182626262 0.0180134517 0.0198841052 0.0024636028 0.012787039 0.0248581405 0.0063909476 0.0126360182 0.0223525735 0.0160176333 0.0119627218 0.0185157395 0.0175533305 0.0247348473 0.0285884056 0.0114967192 0.0183376236 0.0207021826 0.0169881351 0.0221276729 0.0124345529 0.0169359256 0.0059000404 0.0149460526 0.0224224334 0.0060369193 0.0218558711 0.0095164606 0.0078681327 0.0134617875 0.0 0.0146692477 0.0206211384 0.0115572387 0.0272272909 0.0119521217 0.0070568995 0.0236319458 0.0201471189 0.0208572388 0.0184768166 0.0259713397 0.0150061778 0.0057964636 0.0208004796 0.0100245791 0.0098723609
