35
1 0.0 0.0386665397 0.0189329809 0.0287838428 0.0317755313 0.0035471943 0.0172309671 0.0246545139 0.0384967614 0.0490080835 0.0391141139 0.0306104645 0.0225768966 0.0349929849 0.0094347529 0.0324762913 0.0390901542 0.0514567437 0.0214001174 0.0329493405 0.0345519775 0.0484409578 0.0187878854 0.0317544417 0.0200732176 0.0348537405 0.0344058316 0.0270663904 0.0217844336 0.0218866032 0.0347583085 0.0333191494 0.0393813955 0.0172976043 0.0164397883
2 0.0386665397 0.0 0.022063358 0.0415352932 0.0116245276 0.0132049377 0.0380259569 0.0314562418 0.00893611 0.0284583269 0.0299059952 0.0379994361 0.0062845999 0.0126512307 0.0152005497 0.0235934193 0.0231204645 0.0370346341 0.0436234903 0.0329036162 0.0255081288 0.0363673311 0.0137852837 0.0332835506 0.0209567681 0.035494378 0.0401640226 0.0213879296 0.0433311726 0.0430167247 0.0538383247 0.04418796 0.0267072868 0.022002956 0.0436794547
3 0.0189329809 0.022063358 0.0 0.0185872434 0.0150143759 0.0373517434 0.0355635913 0.0417434746 0.0427887307 0.0429000601 0.0084837834 0.0149846905 0.0073331797 0.0280803339 0.0102790616 0.04086574 0.0296859174 0.0245215668 0.0407915776 0.0458768105 0.0412534723 0.0374529834 0.041143399 0.0312776917 0.0181832218 0.0211669882 0.0354901181 0.0348020293 0.0405581066 0.045983158 0.0322853281 0.0327845305 0.0101740087 0.0199685617 0.0316281829
4 0.0287838428 0.0415352932 0.0185872434 0.0 0.0445690844 0.0135564396 0.0427460949 0.0105575078 0.0083814846 0.0264073979 0.0311274469 0.0137583725 0.0363097357 0.0374111418 0.0311680857 0.0198320283 0.0297059141 0.0442764594 0.0333165091 0.0466180194 0.0231525971 0.0382667708 0.0281174686 0.0049714602 0.0434446297 0.0261974078 0.0184378897 0.0119023042 0.0488658476 0.0281382441 0.0369952985 0.0239921499 0.0327374309 0.0352354984 0.0408969009
5 0.0317755313 0.0116245276 0.0150143759 0.0445690844 0.0 0.0472635628 0.0470004439 0.0341899029 0.0347197956 0.0127978054 0.0207031446 0.0323585928 0.009974275 0.0393382682 0.0427115285 0.0070996316 0.0211231352 0.0264174773 0.0310328338 0.024916934 0.0426325552 0.0198607569 0.0172146002 0.0486536205 0.0520792701 0.0335317765 0.0333518546 0.0312651491 0.0485348171 0.013365696 0.0157404123 0.0207168752 0.0290246713 0.0308566699 0.0285404245
6 0.0035471943 0.0132049377 0.0373517434 0.0135564396 0.0472635628 0.0 0.0143422192 0.0234521653 0.0341411088 0.0180543933 0.0362045095 0.0296202907 0.0336457423 0.0294793683 0.0369249677 0.0088391186 0.0224374911 0.0290027471 0.0331470178 0.0412607761 0.0263478582 0.0313207091 0.0414338581 0.0256651742 0.0262800202 0.0261714286 0.0270674538 0.0228148485 0.0441142154 0.0421103003 0.0324396282 0.0464667258 0.0247977861 0.0482613548 0.029232845
7 0.0172309671 0.0380259569 0.0355635913 0.0427460949 0.0470004439 0.0143422192 0.0 0.0258476325 0.0240387649 0.0126779902 0.0402475197 0.0378138027 0.0207790633 0.0233789686 0.0332338275 0.02553149 0.044991344 0.017513337 0.0243389108 0.0323946732 0.0453137874 0.0293977376 0.0263142903 0.0272557704 0.0196803059 0.0090623151 0.0247024754 0.0445503135 0.02799689 0.0298687594 0.0479437709 0.0289236825 0.0245956147 0.0394337384 0.0172639505
8 0.0246545139 0.0314562418 0.0417434746 0.0105575078 0.0341899029 0.0234521653 0.0258476325 0.0 0.0516243764 0.0346079208 0.0162764648 0.0345930443 0.0205449621 0.0407015508 0.0290969603 0.0417660207 0.0397155259 0.0398201935 0.0414413156 0.0434653123 0.0206290834 0.0167739454 0.0294209586 0.029032568 0.0394122076 0.0253528603 0.0225696003 0.0305239753 0.0153126204 0.0382705538 0.0190368747 0.0063331017 0.0253869098 0.0153369232 0.0410527316
9 0.0384967614 0.00893611 0.0427887307 0.0083814846 0.0347197956 0.0341411088 0.0240387649 0.0516243764 0.0 0.0337330723 0.015423506 0.0217180342 0.0293423724 0.019669502 0.0102462027 0.031814761 0.0367268578 0.0164714291 0.010857235 0.0510246556 0.0339749031 0.0246342668 0.0258998521 0.0343881364 0.0218571158 0.0304950848 0.0230492862 0.0097828626 0.0342180936 0.0332604812 0.0556884413 0.0593257956 0.0362028222 0.0433457292 0.0137223686
10 0.0490080835 0.0284583269 0.0429000601 0.0264073979 0.0127978054 0.0180543933 0.0126779902 0.0346079208 0.0337330723 0.0 0.0167482111 0.035734249 0.0539065407 0.0402753153 0.0209147779 0.0196399314 0.0335141979 0.0292622582 0.0486014897 0.0342314899 0.0394345064 0.0303145104 0.0184243405 0.009589726 0.0283931694 0.0297566483 0.0408981811 0.0238784652 0.0343720257 0.015395615 0.0499663297 0.0039612166 0.0299616333 0.031270351 0.0229097696
11 0.0391141139 0.0299059952 0.0084837834 0.0311274469 0.0207031446 0.0362045095 0.0402475197 0.0162764648 0.015423506 0.0167482111 0.0 0.0506047523 0.0410961915 0.0331975797 0.0232791058 0.0549403596 0.0013291803 0.0037975869 0.0299197931 0.0302664296 0.0195352146 0.0121682491 0.0534461698 0.0102694607 0.0257328699 0.0599557881 0.0213821983 0.0257475818 0.031187983 0.032726688 0.0210763403 0.0477799457 0.0217616275 0.0436831504 0.0508810589
12 0.0306104645 0.0379994361 0.0149846905 0.0137583725 0.0323585928 0.0296202907 0.0378138027 0.0345930443 0.0217180342 0.035734249 0.0506047523 0.0 0.0236512552 0.0475445577 0.031453906 0.0319687348 0.0229630198 0.0347044064 0.0150787331 0.0218915969 0.0281271855 0.019027563 0.0336965427 0.0426315057 0.0273206395 0.0297783908 0.021515994 0.0192625938 0.0285151596 0.0288472961 0.0331641145 0.029323966 0.0178833219 0.0252290916 0.0466246964
13 0.0225768966 0.0062845999 0.0073331797 0.0363097357 0.009974275 0.0336457423 0.0207790633 0.0205449621 0.0293423724 0.0539065407 0.0410961915 0.0236512552 0.0 0.0382355197 0.0145637521 0.0475506976 0.0287862504 0.0180753736 0.0282651012 0.0067298559 0.0457634411 0.0310900552 0.0402974383 0.0380072962 0.0038384244 0.0485001893 0.0279106619 0.0250305451 0.0389907883 0.0342562512 0.0425581571 0.0362278771 0.0408283988 0.030658102 0.0283910092
14 0.0349929849 0.0126512307 0.0280803339 0.0374111418 0.0393382682 0.0294793683 0.0233789686 0.0407015508 0.019669502 0.0402753153 0.0331975797 0.0475445577 0.0382355197 0.0 0.0315878712 0.0142016624 0.0280847913 0.0340403312 0.0127800418 0.0182013567 0.0273822396 0.0295936588 0.0118216817 0.0399500117 0.0558999009 0.0153157263 0.0162307447 0.0412898521 0.0311823064 0.0350517122 0.0164459732 0.0401114917 0.0215864623 0.0260362857 0.0282495763
15 0.0094347529 0.0152005497 0.0102790616 0.0311680857 0.0427115285 0.0369249677 0.0332338275 0.0290969603 0.0102462027 0.0209147779 0.0232791058 0.031453906 0.0145637521 0.0315878712 0.0 0.0414827946 0.0352509822 0.0285710621 0.0162094912 0.0171350647 0.0267770785 0.0540582469 0.043070018 0.0420181649 0.0528835791 0.0277860481 0.0270809683 0.0304467383 0.0218588147 0.0291597431 0.0428914863 0.0291595217 0.0341360112 0.0240955316 0.0358333049
16 0.0324762913 0.0235934193 0.04086574 0.0198320283 0.0070996316 0.0088391186 0.02553149 0.0417660207 0.031814761 0.0196399314 0.0549403596 0.0319687348 0.0475506976 0.0142016624 0.0414827946 0.0 0.0300933081 0.0138497497 0.0287329939 0.0255020481 0.023606938 0.0462214981 0.0279022663 0.0188797671 0.0361471214 0.0198621622 0.0416002522 0.0455848287 0.0276995425 0.0237022803 0.0157120763 0.0304691862 0.0406839383 0.0296389802 0.0325083813
17 0.0390901542 0.0231204645 0.0296859174 0.0297059141 0.0211231352 0.0224374911 0.044991344 0.0397155259 0.0367268578 0.0335141979 0.0013291803 0.0229630198 0.0287862504 0.0280847913 0.0352509822 0.0300933081 0.0 0.0321866887 0.0364491828 0.0086284661 0.0373611338 0.0265064216 0.028849106 0.0265257688 0.0166293878 0.0221937331 0.0260056608 0.0299097941 0.0344703421 0.0312137694 0.0287203926 0.0418973814 0.0305435619 0.0287969137 0.0464937609
18 0.0514567437 0.0370346341 0.0245215668 0.0442764594 0.0264174773 0.0290027471 0.017513337 0.0398201935 0.0164714291 0.0292622582 0.0037975869 0.0347044064 0.0180753736 0.0340403312 0.0285710621 0.0138497497 0.0321866887 0.0 0.0366437264 0.0307250483 0.0386808056 0.0028686113 0.0322016413 0.028517341 0.0473874038 0.0333264187 0.0379403629 0.0310704351 0.0386948585 0.0066010941 0.0514485603 0.0178332526 0.029252941 0.0230015171 0.0328039369
19 0.0214001174 0.0436234903 0.0407915776 0.0333165091 0.0310328338 0.0331470178 0.0243389108 0.0414413156 0.010857235 0.0486014897 0.0299197931 0.0150787331 0.0282651012 0.0127800418 0.0162094912 0.0287329939 0.0364491828 0.0366437264 0.0 0.0229643072 0.0110967758 0.0326909869 0.0376752973 0.0322983521 0.0415839662 0.0293269574 0.0481392224 0.0317079317 0.0199467664 0.0176079593 0.0200747007 0.0452113894 0.0107074513 0.0286961115 0.0376422638
20 0.0329493405 0.0329036162 0.0458768105 0.0466180194 0.024916934 0.0412607761 0.0323946732 0.0434653123 0.0510246556 0.0342314899 0.0302664296 0.0218915969 0.0067298559 0.0182013567 0.0171350647 0.0255020481 0.0086284661 0.0307250483 0.0229643072 0.0 0.0273613246 0.0349956869 0.0295756569 0.0265362264 0.030111301 0.0412899098 0.0392753152 0.026922436 0.0308018808 0.0216242381 0.0403598179 0.010997426 0.0221991847 0.018912268 0.0313515267
21 0.0345519775 0.0255081288 0.0412534723 0.0231525971 0.0426325552 0.0263478582 0.0453137874 0.0206290834 0.0339749031 0.0394345064 0.0195352146 0.0281271855 0.0457634411 0.0273822396 0.0267770785 0.023606938 0.0373611338 0.0386808056 0.0110967758 0.0273613246 0.0 0.0220760415 0.0442340325 0.0300570849 0.0289443966 0.0112099099 0.0242832449 0.0449058419 0.0210442473 0.0341623182 0.0263858186 0.0392418832 0.0028866648 0.0352038732 0.0168736361
22 0.0484409578 0.0363673311 0.0374529834 0.0382667708 0.0198607569 0.0313207091 0.0293977376 0.0167739454 0.0246342668 0.0303145104 0.0121682491 0.019027563 0.0310900552 0.0295936588 0.0540582469 0.0462214981 0.0265064216 0.0028686113 0.0326909869 0.0349956869 0.0220760415 0.0 0.0251991919 0.0184391334 0.0315786657 0.0161952004 0.0316577741 0.0387368855 0.0141607549 0.0294210945 0.0462992457 0.0242428963 0.0507442713 0.039151236 0.0100466617
23 0.0187878854 0.0137852837 0.041143399 0.0281174686 0.0172146002 0.0414338581 0.0263142903 0.0294209586 0.0258998521 0.0184243405 0.0534461698 0.0336965427 0.0402974383 0.0118216817 0.043070018 0.0279022663 0.028849106 0.0322016413 0.0376752973 0.0295756569 0.0442340325 0.0251991919 0.0 0.0237706494 0.02842776 0.0430565981 0.0313812927 0.0286255614 0.0278887547 0.0570242245 0.0043467141 0.0096642448 0.0279900674 0.0322825049 0.0170306491
24 0.0317544417 0.0332835506 0.0312776917 0.0049714602 0.0486536205 0.0256651742 0.0272557704 0.029032568 0.0343881364 0.009589726 0.0102694607 0.0426315057 0.0380072962 0.0399500117 0.0420181649 0.0188797671 0.0265257688 0.028517341 0.0322983521 0.0265362264 0.0300570849 0.0184391334 0.0237706494 0.0 0.0296226741 0.0366867412 0.0385863333 0.0439208132 0.0283135591 0.0291940863 0.0220131118 0.0411325471 0.0348600591 0.0344248424 0.0074723306
25 0.0200732176 0.0209567681 0.0181832218 0.0434446297 0.0520792701 0.0262800202 0.0196803059 0.0394122076 0.0218571158 0.0283931694 0.0257328699 0.0273206395 0.0038384244 0.0558999009 0.0528835791 0.0361471214 0.0166293878 0.0473874038 0.0415839662 0.030111301 0.0289443966 0.0315786657 0.02842776 0.0296226741 0.0 0.0298634614 0.0118176224 0.008360774 0.0089269741 0.0021199469 0.0228740727 0.0304562276 0.0405414971 0.0507690999 0.0478023072
26 0.0348537405 0.035494378 0.0211669882 0.0261974078 0.0335317765 0.0261714286 0.0090623151 0.0253528603 0.0304950848 0.0297566483 0.0599557881 0.0297783908 0.0485001893 0.0153157263 0.0277860481 0.0198621622 0.0221937331 0.0333264187 0.0293269574 0.0412899098 0.0112099099 0.0161952004 0.0430565981 0.0366867412 0.0298634614 0.0 0.0146863469 0.0059966899 0.044779623 0.0473066342 0.027036922 0.0123365753 0.0537865419 0.0340849771 0.0235558268
27 0.0344058316 0.0401640226 0.0354901181 0.0184378897 0.0333518546 0.0270674538 0.0247024754 0.0225696003 0.0230492862 0.0408981811 0.0213821983 0.021515994 0.0279106619 0.0162307447 0.0270809683 0.0416002522 0.0260056608 0.0379403629 0.0481392224 0.0392753152 0.0242832449 0.0316577741 0.0313812927 0.0385863333 0.0118176224 0.0146863469 0.0 0.0275993319 0.022738327 0.0362993347 0.0185892612 0.0283463427 0.039253803 0.0291880001 0.0383548912
28 0.0270663904 0.0213879296 0.0348020293 0.0119023042 0.0312651491 0.0228148485 0.0445503135 0.0305239753 0.0097828626 0.0238784652 0.0257475818 0.0192625938 0.0250305451 0.0412898521 0.0304467383 0.0455848287 0.0299097941 0.0310704351 0.0317079317 0.026922436 0.0449058419 0.0387368855 0.0286255614 0.0439208132 0.008360774 0.0059966899 0.0275993319 0.0 0.0185352415 0.0490876663 0.0116816174 0.0614916459 0.0437231248 0.0199778368 0.032409965
29 0.0217844336 0.0433311726 0.0405581066 0.0488658476 0.0485348171 0.0441142154 0.02799689 0.0153126204 0.0342180936 0.0343720257 0.031187983 0.0285151596 0.0389907883 0.0311823064 0.0218588147 0.0276995425 0.0344703421 0.0386948585 0.0199467664 0.0308018808 0.0210442473 0.0141607549 0.0278887547 0.0283135591 0.0089269741 0.044779623 0.022738327 0.0185352415 0.0 0.0209846689 0.0145143947 0.034177058 0.0381548451 0.0040147954 0.0393300912
30 0.0218866032 0.0430167247 0.045983158 0.0281382441 0.013365696 0.0421103003 0.0298687594 0.0382705538 0.0332604812 0.015395615 0.032726688 0.0288472961 0.0342562512 0.0350517122 0.0291597431 0.0237022803 0.0312137694 0.0066010941 0.0176079593 0.0216242381 0.0341623182 0.0294210945 0.0570242245 0.0291940863 0.0021199469 0.0473066342 0.0362993347 0.0490876663 0.0209846689 0.0 0.018592696 0.0165175035 0.0345663077 0.0275359242 0.0251004267
31 0.0347583085 0.0538383247 0.0322853281 0.0369952985 0.0157404123 0.0324396282 0.0479437709 0.0190368747 0.0556884413 0.0499663297 0.0210763403 0.0331641145 0.0425581571 0.0164459732 0.0428914863 0.0157120763 0.0287203926 0.0514485603 0.0200747007 0.0403598179 0.0263858186 0.0462992457 0.0043467141 0.0220131118 0.0228740727 0.027036922 0.0185892612 0.0116816174 0.0145143947 0.018592696 0.0 0.0091410513 0.021458654 0.0414412952 0.0244808093
32 0.0333191494 0.04418796 0.0327845305 0.0239921499 0.0207168752 0.0464667258 0.0289236825 0.0063331017 0.0593257956 0.0039612166 0.0477799457 0.029323966 0.0362278771 0.0401114917 0.0291595217 0.0304691862 0.0418973814 0.0178332526 0.0452113894 0.010997426 0.0392418832 0.0242428963 0.0096642448 0.0411325471 0.0304562276 0.0123365753 0.0283463427 0.0614916459 0.034177058 0.0165175035 0.0091410513 0.0 0.017833389 0.0192259478 0.0271700625
33 0.0393813955 0.0267072868 0.0101740087 0.0327374309 0.0290246713 0.0247977861 0.0245956147 0.0253869098 0.0362028222 0.0299616333 0.0217616275 0.0178833219 0.0408283988 0.0215864623 0.0341360112 0.0406839383 0.0305435619 0.029252941 0.0107074513 0.0221991847 0.0028866648 0.0507442713 0.0279900674 0.0348600591 0.0405414971 0.0537865419 0.039253803 0.0437231248 0.0381548451 0.0345663077 0.021458654 0.017833389 0.0 0.0311821172 0.0144661996
34 0.0172976043 0.022002956 0.0199685617 0.0352354984 0.0308566699 0.0482613548 0.0394337384 0.0153369232 0.0433457292 0.031270351 0.0436831504 0.0252290916 0.030658102 0.0260362857 0.0240955316 0.0296389802 0.0287969137 0.0230015171 0.0286961115 0.018912268 0.0352038732 0.039151236 0.0322825049 0.0344248424 0.0507690999 0.0340849771 0.0291880001 0.0199778368 0.0040147954 0.0275359242 0.0414412952 0.0192259478 0.0311821172 0.0 0.0197602111
35 0.0164397883 0.0436794547 0.0316281829 0.0408969009 0.0285404245 0.029232845 0.0172639505 0.0410527316 0.0137223686 0.0229097696 0.0508810589 0.0466246964 0.0283910092 0.0282495763 0.0358333049 0.0325083813 0.0464937609 0.0328039369 0.0376422638 0.0313515267 0.0168736361 0.0100466617 0.0170306491 0.0074723306 0.0478023072 0.0235558268 0.0383548912 0.032409965 0.0393300912 0.0251004267 0.0244808093 0.0271700625 0.0144661996 0.0197602111 0.0
