32
1 0.0348821764 0.0260983345 0.0305382358 0.0529622663 0.0334743115 0.0287455467 0.0361861961 0.0356734801 0.0453283034 0.0376316791 0.0074430417 0.022285263 0.0230529806 0.0273708484 0.0199170376 0.0113252405 0.0436327091 0.0337187009 0.0300393211 0.0345748754 0.009999741 0.0299471758 0.0390088599 0.0406509809 0.0247313017 0.0528416233 0.0272404856 0.0354894144 0.0417479602 0.026796199 0.017204579 0.0394611312 
2 0.0260983345 0.021971815 0.0250052701 0.0164786859 0.0343556381 0.0480042116 0.0118182547 0.0554931498 0.0583202629 0.0201737461 0.0272103507 0.0203009239 0.0467225405 0.0178715338 0.0421061758 0.0118382385 0.0368016052 0.0300496681 0.0210417531 0.022376594 0.0325787876 0.0169026661 0.0319912431 0.0326275717 0.0170518143 0.0645374487 0.047139967 0.0313553892 0.0427306635 0.0308407442 0.0365812267 0.0216237255 
3 0.0305382358 0.0250052701 0.0295417458 0.0357210796 0.055882885 0.0618088491 0.0149970255 0.0193103964 0.0172850218 0.0193785453 0.0234175185 0.035902016 0.0278410092 0.0094219047 0.0236161408 0.0324281198 0.0348052902 0.0563189627 0.024391514 0.0205924295 0.0106311076 0.0273880035 0.0381102984 0.0152378228 0.042116765 0.0308425085 0.0200470891 0.0378356999 0.0637947206 0.0355934723 0.0340191072 0.0461794451 
4 0.0529622663 0.0164786859 0.0357210796 0.0224500882 0.0177562239 0.023945921 0.0322608074 0.0385806086 0.03324083 0.0302256624 0.0086286352 0.0627244827 0.0206006769 0.0239261561 0.0252064495 0.0396030108 0.0245215258 0.0512239025 0.0358952731 0.0336367973 0.0371934989 0.0400074056 0.0471362986 0.0278068177 0.0282355168 0.039592041 0.0128073744 0.0162653391 0.0398407187 0.0488775886 0.0282849947 0.0043633227 
5 0.0334743115 0.0343556381 0.055882885 0.0177562239 0.0022717239 0.0193629471 0.0526069424 0.0317633724 0.0333986705 0.0265381345 0.0241177933 0.0449823485 0.0308507829 0.072715816 0.0421953476 0.0343314191 0.0064937194 0.0114063172 0.0276375688 0.0271940505 0.0522904854 0.039767864 0.0168850851 0.040448114 0.0133075015 0.0202548723 0.0304004744 0.0408285042 0.0240610181 0.0168559894 0.0641989308 0.0113651481 
6 0.0287455467 0.0480042116 0.0618088491 0.023945921 0.0193629471 0.0296634937 0.0329756281 0.0272117162 0.0172790746 0.0354214427 0.0414617436 0.0418004718 0.0459799583 0.0450978148 0.0162150192 0.0117229052 0.0175153292 0.0218663183 0.0334540351 0.0435754977 0.009573713 0.0348461414 0.0205742522 0.0276363094 0.0697008346 0.0299342968 0.04252538 0.0189177833 0.0251370213 0.0247861387 0.0090559095 0.0442042959 
7 0.0361861961 0.0118182547 0.0149970255 0.0322608074 0.0526069424 0.0329756281 0.0162395233 0.0464291589 0.0233437613 0.0246214427 0.0219852014 0.0119733548 0.0291923559 0.0598759614 0.0609956975 0.0446599906 0.0415804419 0.0326762998 0.0384080975 0.0124333271 0.0135350237 0.037676632 0.0110296125 0.0355968654 0.0259948672 0.0332938473 0.0199366243 0.0296053515 0.0223292711 0.0559776311 0.0215481224 0.048216683 
8 0.0356734801 0.0554931498 0.0193103964 0.0385806086 0.0317633724 0.0272117162 0.0464291589 0.019999482 0.0371411142 0.0348076264 0.0389314855 0.0291553079 0.0428525623 0.021138723 0.0036650833 0.0185566751 0.0087608553 0.0296776703 0.0404249211 0.0153364104 0.0199596723 0.0308663349 0.0132489032 0.0249580592 0.0268220043 0.0283217261 0.0312772385 0.060700505 0.0407765943 0.0348397259 0.0464902722 0.0468291649 
9 0.0453283034 0.0583202629 0.0172850218 0.03324083 0.0333986705 0.0172790746 0.0233437613 0.0371411142 0.0071029983 0.0195738002 0.0415968247 0.0081740702 0.0480451683 0.0233473351 0.0162039205 0.029197748 0.0301062629 0.0159267153 0.0323520734 0.0455408103 0.0560707607 0.0468987428 0.0367453092 0.0213764748 0.0170566857 0.0377243111 0.0423913153 0.0353643885 0.0250871508 0.0077434375 0.0488479769 0.0421886809 
10 0.0376316791 0.0201737461 0.0193785453 0.0302256624 0.0265381345 0.0354214427 0.0246214427 0.0348076264 0.0195738002 0.0414031223 0.0356250839 0.0160361894 0.0336268233 0.0341470941 0.0228537967 0.0380285472 0.0359630412 0.0213672001 0.0344847708 0.0296493742 0.0310541441 0.0229075882 0.027574854 0.0452044027 0.0233970085 0.0503322443 0.0578450038 0.0164236187 0.038148236 0.0269999795 0.0255501899 0.0430056076 
11 0.0074430417 0.0272103507 0.0234175185 0.0086286352 0.0241177933 0.0414617436 0.0219852014 0.0389314855 0.0415968247 0.0356250839 0.0321977524 0.0252260063 0.0255213056 0.0522304127 0.0319305906 0.0642232795 0.0359594517 0.0433258838 0.0317783535 0.0054388546 0.0565327478 0.0271123465 0.0144427544 0.0413821718 0.0664988637 0.0160056429 0.0202509909 0.0202442056 0.0270995654 0.0465847272 0.0123386452 0.0332577695 
12 0.022285263 0.0203009239 0.035902016 0.0627244827 0.0449823485 0.0418004718 0.0119733548 0.0291553079 0.0081740702 0.0160361894 0.0252260063 0.0436636145 0.0282467919 0.0272668387 0.0444435678 0.0088947599 0.0439274971 0.0265929676 0.0115011585 0.0495264244 0.0155997464 0.0398299579 0.0497081085 0.0125449718 0.013487853 0.0541551492 0.0287373736 0.0449126189 0.0309040901 0.0295509968 0.0312242733 0.0467208055 
13 0.0230529806 0.0467225405 0.0278410092 0.0206006769 0.0308507829 0.0459799583 0.0291923559 0.0428525623 0.0480451683 0.0336268233 0.0255213056 0.0282467919 0.0231608019 0.0191902415 0.0259353347 0.0546283768 0.0 0.0275367379 0.0297134948 0.0063280702 0.0267145737 0.0107607029 0.0235133561 0.0233217537 0.0737891563 0.0380923818 0.0228395848 0.0280666506 0.0230184344 0.0491704116 0.0342709457 0.0574160348 
14 0.0273708484 0.0178715338 0.0094219047 0.0239261561 0.072715816 0.0450978148 0.0598759614 0.021138723 0.0233473351 0.0341470941 0.0522304127 0.0272668387 0.0191902415 0.0075805642 0.0309135348 0.0355117092 0.0483599851 0.0525710906 0.0207642672 0.0225229396 0.0090562458 0.0148089589 0.0298028654 0.0344223912 0.0585302261 0.0016711234 0.0185764406 0.0320196097 0.0490650012 0.04530292 0.0316193774 0.0233000695 
15 0.0199170376 0.0421061758 0.0236161408 0.0252064495 0.0421953476 0.0162150192 0.0609956975 0.0036650833 0.0162039205 0.0228537967 0.0319305906 0.0444435678 0.0259353347 0.0309135348 0.039719228 0.0333957496 0.0106321596 0.0439914261 0.0188682001 0.0379395072 0.0375307657 0.030399577 0.0327717509 0.0359329913 0.0314496754 0.0548412884 0.0384513256 0.0195742921 0.0318160523 0.040036523 0.0163500259 0.0401017655 
16 0.0113252405 0.0118382385 0.0324281198 0.0396030108 0.0343314191 0.0117229052 0.0446599906 0.0185566751 0.029197748 0.0380285472 0.0642232795 0.0088947599 0.0546283768 0.0355117092 0.0333957496 0.0408809899 0.0448810082 0.0151477443 0.0336303354 0.0405904171 0.0565839347 0.031072739 0.0358779965 0.0341818635 0.0124051892 0.0063685937 0.0429846577 0.0293846473 0.0234409049 0.0334906113 0.0156121233 0.0351204743 
17 0.0436327091 0.0368016052 0.0348052902 0.0245215258 0.0064937194 0.0175153292 0.0415804419 0.0087608553 0.0301062629 0.0359630412 0.0359594517 0.0439274971 0.0 0.0483599851 0.0106321596 0.0448810082 0.0395188038 0.053122805 0.0555894021 0.0367389985 0.0398415887 0.0213600397 0.0155811781 0.0419692123 0.0305549317 0.0311072199 0.0409238236 0.0322762311 0.0113423322 0.0053767561 0.0587937186 0.0219620767 
18 0.0337187009 0.0300496681 0.0563189627 0.0512239025 0.0114063172 0.0218663183 0.0326762998 0.0296776703 0.0159267153 0.0213672001 0.0433258838 0.0265929676 0.0275367379 0.0525710906 0.0439914261 0.0151477443 0.053122805 0.0457596705 0.0394034148 0.0240869203 0.0189678808 0.0322283385 0.0414246376 0.0394391433 0.0287106197 0.0078139227 0.0323025704 0.0310813432 0.0129065928 0.0489676333 0.023351575 0.0070353265 
19 0.0300393211 0.0210417531 0.024391514 0.0358952731 0.0276375688 0.0334540351 0.0384080975 0.0404249211 0.0323520734 0.0344847708 0.0317783535 0.0115011585 0.0297134948 0.0207642672 0.0188682001 0.0336303354 0.0555894021 0.0394034148 0.023569331 0.0096635905 0.0633365578 0.0273534839 0.024819321 0.010490727 0.0389330532 0.0449043793 0.0375198655 0.0369831966 0.0423790096 0.0344083066 0.0378975879 0.0083636356 
20 0.0345748754 0.022376594 0.0205924295 0.0336367973 0.0271940505 0.0435754977 0.0124333271 0.0153364104 0.0455408103 0.0296493742 0.0054388546 0.0495264244 0.0063280702 0.0225229396 0.0379395072 0.0405904171 0.0367389985 0.0240869203 0.0096635905 0.0493385547 0.033016312 0.0723594802 0.0283320187 0.0469561078 0.0384204092 0.0134689249 0.0444672684 0.0246851743 0.025408577 0.0282958041 0.0395965842 0.0379088956 
21 0.009999741 0.0325787876 0.0106311076 0.0371934989 0.0522904854 0.009573713 0.0135350237 0.0199596723 0.0560707607 0.0310541441 0.0565327478 0.0155997464 0.0267145737 0.0090562458 0.0375307657 0.0565839347 0.0398415887 0.0189678808 0.0633365578 0.033016312 0.0119731749 0.0213939664 0.0336173651 0.0402152086 0.0341193581 0.0245106644 0.0454268741 0.030874489 0.0379533489 0.0146724021 0.0385728793 0.0366029814 
22 0.0299471758 0.0169026661 0.0273880035 0.0400074056 0.039767864 0.0348461414 0.037676632 0.0308663349 0.0468987428 0.0229075882 0.0271123465 0.0398299579 0.0107607029 0.0148089589 0.030399577 0.031072739 0.0213600397 0.0322283385 0.0273534839 0.0723594802 0.0213939664 0.0288783906 0.0178175158 0.0373211631 0.0386740562 0.027173008 0.0201172471 0.0149142131 0.0337500806 0.0236185138 0.0471867439 0.0546609227 
23 0.0390088599 0.0319912431 0.0381102984 0.0471362986 0.0168850851 0.0205742522 0.0110296125 0.0132489032 0.0367453092 0.027574854 0.0144427544 0.0497081085 0.0235133561 0.0298028654 0.0327717509 0.0358779965 0.0155811781 0.0414246376 0.024819321 0.0283320187 0.0336173651 0.0178175158 0.0591628133 0.0142409222 0.0439142815 0.0141481847 0.0311217967 0.0310510791 0.0417293668 0.034136395 0.0391568275 0.061324749 
24 0.0406509809 0.0326275717 0.0152378228 0.0278068177 0.040448114 0.0276363094 0.0355968654 0.0249580592 0.0213764748 0.0452044027 0.0413821718 0.0125449718 0.0233217537 0.0344223912 0.0359329913 0.0341818635 0.0419692123 0.0394391433 0.010490727 0.0469561078 0.0402152086 0.0373211631 0.0142409222 0.0489337498 0.0239949837 0.012471724 0.029694204 0.0467373818 0.0269384788 0.0252045216 0.0338878422 0.0281750678 
25 0.0247313017 0.0170518143 0.042116765 0.0282355168 0.0133075015 0.0697008346 0.0259948672 0.0268220043 0.0170566857 0.0233970085 0.0664988637 0.013487853 0.0737891563 0.0585302261 0.0314496754 0.0124051892 0.0305549317 0.0287106197 0.0389330532 0.0384204092 0.0341193581 0.0386740562 0.0439142815 0.0239949837 0.0228855138 0.0206328259 0.0216485275 0.023811524 0.0114552727 0.0292721769 0.0266364907 0.0217607122 
26 0.0528416233 0.0645374487 0.0308425085 0.039592041 0.0202548723 0.0299342968 0.0332938473 0.0283217261 0.0377243111 0.0503322443 0.0160056429 0.0541551492 0.0380923818 0.0016711234 0.0548412884 0.0063685937 0.0311072199 0.0078139227 0.0449043793 0.0134689249 0.0245106644 0.027173008 0.0141481847 0.012471724 0.0206328259 0.0492096316 0.0304441701 0.027402419 0.0318804352 0.0284332449 0.0446308221 0.0329593246 
27 0.0272404856 0.047139967 0.0200470891 0.0128073744 0.0304004744 0.04252538 0.0199366243 0.0312772385 0.0423913153 0.0578450038 0.0202509909 0.0287373736 0.0228395848 0.0185764406 0.0384513256 0.0429846577 0.0409238236 0.0323025704 0.0375198655 0.0444672684 0.0454268741 0.0201172471 0.0311217967 0.029694204 0.0216485275 0.0304441701 0.0554571769 0.0195189475 0.0241709587 0.0240296668 0.0257004639 0.0140051134 
28 0.0354894144 0.0313553892 0.0378356999 0.0162653391 0.0408285042 0.0189177833 0.0296053515 0.060700505 0.0353643885 0.0164236187 0.0202442056 0.0449126189 0.0280666506 0.0320196097 0.0195742921 0.0293846473 0.0322762311 0.0310813432 0.0369831966 0.0246851743 0.030874489 0.0149142131 0.0310510791 0.0467373818 0.023811524 0.027402419 0.0195189475 0.034995405 0.0257586192 0.057660436 0.0324493733 0.0328121498 
29 0.0417479602 0.0427306635 0.0637947206 0.0398407187 0.0240610181 0.0251370213 0.0223292711 0.0407765943 0.0250871508 0.038148236 0.0270995654 0.0309040901 0.0230184344 0.0490650012 0.0318160523 0.0234409049 0.0113423322 0.0129065928 0.0423790096 0.025408577 0.0379533489 0.0337500806 0.0417293668 0.0269384788 0.0114552727 0.0318804352 0.0241709587 0.0257586192 0.0498466905 0.0239266746 0.0389292849 0.0126268743 
30 0.026796199 0.0308407442 0.0355934723 0.0488775886 0.0168559894 0.0247861387 0.0559776311 0.0348397259 0.0077434375 0.0269999795 0.0465847272 0.0295509968 0.0491704116 0.04530292 0.040036523 0.0334906113 0.0053767561 0.0489676333 0.0344083066 0.0282958041 0.0146724021 0.0236185138 0.034136395 0.0252045216 0.0292721769 0.0284332449 0.0240296668 0.057660436 0.0239266746 0.0220882596 0.019545595 0.0269165177 
31 0.017204579 0.0365812267 0.0340191072 0.0282849947 0.0641989308 0.0090559095 0.0215481224 0.0464902722 0.0488479769 0.0255501899 0.0123386452 0.0312242733 0.0342709457 0.0316193774 0.0163500259 0.0156121233 0.0587937186 0.023351575 0.0378975879 0.0395965842 0.0385728793 0.0471867439 0.0391568275 0.0338878422 0.0266364907 0.0446308221 0.0257004639 0.0324493733 0.0389292849 0.019545595 0.0061055958 0.0143619155 
32 0.0394611312 0.0216237255 0.0461794451 0.0043633227 0.0113651481 0.0442042959 0.048216683 0.0468291649 0.0421886809 0.0430056076 0.0332577695 0.0467208055 0.0574160348 0.0233000695 0.0401017655 0.0351204743 0.0219620767 0.0070353265 0.0083636356 0.0379088956 0.0366029814 0.0546609227 0.061324749 0.0281750678 0.0217607122 0.0329593246 0.0140051134 0.0328121498 0.0126268743 0.0269165177 0.0143619155 0.0051696131 
