25
1 0.0 0.0704289786 0.0335659826 0.0525440957 0.0605717907 0.0418422482 0.0291772799 0.0508652669 0.0365835912 0.0491980867 0.0409930727 0.0425057105 0.0417760096 0.0384088639 0.0522427835 0.0484471229 0.0149463587 0.0332377675 0.0150343911 0.0432505869 0.0242703488 0.0379992772 0.0434692447 0.0470685936 0.051572548
2 0.0704289786 0.0 0.0360540534 0.0489936458 0.0294944226 0.0397631454 0.0127544687 0.0452737811 0.0328018766 0.0564177658 0.0445113946 0.0413664059 0.0338429514 0.0278719151 0.0376687413 0.0512785495 0.0435240119 0.0343341475 0.0590245893 0.0533974955 0.0354609137 0.0336075303 0.0429877869 0.0585483152 0.0305931139
3 0.0335659826 0.0360540534 0.0 0.0280290207 0.0839317314 0.0481442411 0.0494745051 0.0162511198 0.0561976698 0.0449489664 0.0184682061 0.0024036126 0.0603713037 0.0135109488 0.0374142038 0.0147968654 0.0574622577 0.0401575483 0.0472109681 0.0890588376 0.0477403539 0.0257834807 0.0423584265 0.0500504814 0.0566152151
4 0.0525440957 0.0489936458 0.0280290207 0.0 0.0578417628 0.0178398468 0.0458250013 0.0688260235 0.0021018797 0.0392598304 0.04102455 0.0621505954 0.0684848261 0.0259132504 0.0219051811 0.0477644575 0.0393106339 0.0352940451 0.03516071 0.045990411 0.0336819764 0.0671161277 0.0334869285 0.025688786 0.0557664144
5 0.0605717907 0.0294944226 0.0839317314 0.0578417628 0.0 0.0454381556 0.004717256 0.0090317696 0.0583640689 0.0487331758 0.0148752037 0.0591463703 0.034990428 0.055497284 0.0592939013 0.0349587407 0.0516728893 0.0268024613 0.0422845651 0.0122616861 0.0242375164 0.0563746017 0.0335122876 0.0536440395 0.0423238914
6 0.0418422482 0.0397631454 0.0481442411 0.0178398468 0.0454381556 0.0 0.0404695126 0.054165546 0.0390625655 0.0653284936 0.0316448057 0.0457646982 0.0622473783 0.0331206556 0.0263075122 0.0724910321 0.0407631539 0.0381478324 0.0406168964 0.0282251083 0.0595942752 0.058810359 0.0034834551 0.0493856694 0.0173434132
7 0.0291772799 0.0127544687 0.0494745051 0.0458250013 0.004717256 0.0404695126 0.0 0.0190932164 0.0632281779 0.0434954494 0.070208413 0.0593489041 0.0654505457 0.0301396585 0.0167974029 0.0364944137 0.0453168615 0.049686686 0.0555006832 0.0345589221 0.0606726084 0.0369517025 0.0420327951 0.0304616671 0.0581438687
8 0.0508652669 0.0452737811 0.0162511198 0.0688260235 0.0090317696 0.054165546 0.0190932164 0.0 0.043675083 0.0550806034 0.0458757117 0.0557588519 0.0404783941 0.044067385 0.0309113816 0.0463327319 0.0660897154 0.052662257 0.0203739614 0.046746426 0.0460756203 0.032237174 0.0579443552 0.019850514 0.032333111
9 0.0365835912 0.0328018766 0.0561976698 0.0021018797 0.0583640689 0.0390625655 0.0632281779 0.043675083 0.0 0.0448486806 0.0595192286 0.0342475177 0.0221821343 0.0452647599 0.040601762 0.0580651351 0.0165131322 0.0586469965 0.0618182718 0.0125386154 0.0582794086 0.0229385704 0.0550041545 0.0241741706 0.0533425492
10 0.0491980867 0.0564177658 0.0449489664 0.0392598304 0.0487331758 0.0653284936 0.0434954494 0.0550806034 0.0448486806 0.0 0.0276273853 0.0463450947 0.0330138191 0.0129536871 0.079117979 0.0321072577 0.0371350577 0.0476412313 0.0239526633 0.0404838268 0.0334766155 0.0581399727 0.01013494 0.0406943976 0.02986502
11 0.0409930727 0.0445113946 0.0184682061 0.04102455 0.0148752037 0.0316448057 0.070208413 0.0458757117 0.0595192286 0.0276273853 0.0 0.0552594011 0.0461388014 0.0621752773 0.0239417567 0.0407912313 0.0389527245 0.0489015789 0.0274129141 0.0589769548 0.0553768669 0.0387167314 0.0500208465 0.0497445274 0.0088424162
12 0.0425057105 0.0413664059 0.0024036126 0.0621505954 0.0591463703 0.0457646982 0.0593489041 0.0557588519 0.0342475177 0.0463450947 0.0552594011 0.0 0.0429908752 0.0393689601 0.0449449377 0.0192562705 0.0148074025 0.0610806665 0.0455768206 0.0257619143 0.0120627757 0.0657215511 0.0410672074 0.017904868 0.0651585878
13 0.0417760096 0.0338429514 0.0603713037 0.0684848261 0.034990428 0.0622473783 0.0654505457 0.0404783941 0.0221821343 0.0330138191 0.0461388014 0.0429908752 0.0 0.015145303 0.0367799989 0.0407621364 0.0421933118 0.0394560177 0.0559570661 0.0056291978 0.0324222532 0.0271453231 0.0308062642 0.0541617185 0.0675739422
14 0.0384088639 0.0278719151 0.0135109488 0.0259132504 0.055497284 0.0331206556 0.0301396585 0.044067385 0.0452647599 0.0129536871 0.0621752773 0.0393689601 0.015145303 0.0 0.0483783382 0.0710140339 0.031482923 0.0496856621 0.0751169314 0.0530318706 0.0760926319 0.0436730237 0.0337110954 0.0441485046 0.0302270366
15 0.0522427835 0.0376687413 0.0374142038 0.0219051811 0.0592939013 0.0263075122 0.0167974029 0.0309113816 0.040601762 0.079117979 0.0239417567 0.0449449377 0.0367799989 0.0483783382 0.0 0.0565702025 0.084214276 0.0423822659 0.0314372309 0.0101536998 0.0359734771 0.0512683206 0.0689054795 0.0350682038 0.0277209636
16 0.0484471229 0.0512785495 0.0147968654 0.0477644575 0.0349587407 0.0724910321 0.0364944137 0.0463327319 0.0580651351 0.0321072577 0.0407912313 0.0192562705 0.0407621364 0.0710140339 0.0565702025 0.0 0.0285082364 0.0075731575 0.0473738956 0.0349931465 0.0225211693 0.0303629393 0.0475621178 0.0260779549 0.0838972019
17 0.0149463587 0.0435240119 0.0574622577 0.0393106339 0.0516728893 0.0407631539 0.0453168615 0.0660897154 0.0165131322 0.0371350577 0.0389527245 0.0148074025 0.0421933118 0.031482923 0.084214276 0.0285082364 0.0 0.0372411102 0.02786761 0.0745383191 0.0445853694 0.0502313777 0.0301828965 0.0436585682 0.0388018026
18 0.0332377675 0.0343341475 0.0401575483 0.0352940451 0.0268024613 0.0381478324 0.049686686 0.052662257 0.0586469965 0.0476412313 0.0489015789 0.0610806665 0.0394560177 0.0496856621 0.0423822659 0.0075731575 0.0372411102 0.0 0.0163479257 0.0417581575 0.0359563878 0.0475345275 0.0540127266 0.0691188653 0.0323399779
19 0.0150343911 0.0590245893 0.0472109681 0.03516071 0.0422845651 0.0406168964 0.0555006832 0.0203739614 0.0618182718 0.0239526633 0.0274129141 0.0455768206 0.0559570661 0.0751169314 0.0314372309 0.0473738956 0.02786761 0.0163479257 0.0 0.0574597643 0.0331746241 0.0446223586 0.0512107577 0.0384238076 0.0470405939
20 0.0432505869 0.0533974955 0.0890588376 0.045990411 0.0122616861 0.0282251083 0.0345589221 0.046746426 0.0125386154 0.0404838268 0.0589769548 0.0257619143 0.0056291978 0.0530318706 0.0101536998 0.0349931465 0.0745383191 0.0417581575 0.0574597643 0.0 0.0698034353 0.0410850935 0.0477189214 0.0580307978 0.0145468118
21 0.0242703488 0.0354609137 0.0477403539 0.0336819764 0.0242375164 0.0595942752 0.0606726084 0.0460756203 0.0582794086 0.0334766155 0.0553768669 0.0120627757 0.0324222532 0.0760926319 0.0359734771 0.0225211693 0.0445853694 0.0359563878 0.0331746241 0.0698034353 0.0 0.0410280736 0.0507275192 0.030513993 0.0362717864
22 0.0379992772 0.0336075303 0.0257834807 0.0671161277 0.0563746017 0.058810359 0.0369517025 0.032237174 0.0229385704 0.0581399727 0.0387167314 0.0657215511 0.0271453231 0.0436730237 0.0512683206 0.0303629393 0.0502313777 0.0475345275 0.0446223586 0.0410850935 0.0410280736 0.0 0.0492402137 0.0201450683 0.0192666015
23 0.0434692447 0.0429877869 0.0423584265 0.0334869285 0.0335122876 0.0034834551 0.0420327951 0.0579443552 0.0550041545 0.01013494 0.0500208465 0.0410672074 0.0308062642 0.0337110954 0.0689054795 0.0475621178 0.0301828965 0.0540127266 0.0512107577 0.0477189214 0.0507275192 0.0492402137 0.0 0.0467214678 0.033698112
24 0.0470685936 0.0585483152 0.0500504814 0.025688786 0.0536440395 0.0493856694 0.0304616671 0.019850514 0.0241741706 0.0406943976 0.0497445274 0.017904868 0.0541617185 0.0441485046 0.0350682038 0.0260779549 0.0436585682 0.0691188653 0.0384238076 0.0580307978 0.030513993 0.0201450683 0.0467214678 0.0 0.0667150205
25 0.051572548 0.0305931139 0.0566152151 0.0557664144 0.0423238914 0.0173434132 0.0581438687 0.032333111 0.0533425492 0.02986502 0.0088424162 0.0651585878 0.0675739422 0.0302270366 0.0277209636 0.0838972019 0.0388018026 0.0323399779 0.0470405939 0.0145468118 0.0362717864 0.0192666015 0.033698112 0.0667150205 0.0
