64
1 0.0168069433 0.0227480934 0.0129108981 0.014117769 0.0143036079 0.015242926 0.0192692682 0.0192651616 0.019802242 0.0099625086 0.0298363241 0.0099920134 0.0076784906 0.0228531579 0.0124124767 0.0125821497 0.0128271132 0.0157040215 0.0254070867 0.0134011318 0.0121819976 0.0244751561 0.0089424298 0.0101243947 0.0169028827 0.012961074 0.0160291552 0.0088453405 0.0103324428 0.0136019514 0.0332161189 0.0162753323 0.032610438 0.0106226938 0.0155220678 0.0177932648 0.0139504371 0.0095360494 0.016783987 0.0085541815 0.0322640264 0.0113712936 0.0143580567 0.0038611482 0.0212380373 0.0088066656 0.0230170026 0.0233805456 0.0178143478 0.014891144 0.0293517449 0.0180931469 0.0080118935 0.0131452945 0.0068978932 0.014986916 0.0010946452 0.0111265611 0.0122420666 0.0078669449 0.0195871503 0.0125159465 0.0247695146 0.0129232344 
2 0.0227480934 0.0206022193 0.007857377 0.0300515991 0.0231195704 0.0132366935 0.018401386 0.0179459873 0.0174676398 0.0074122327 0.0151785077 0.0111108321 0.0166382608 0.0135247187 0.0119695722 0.0064511075 0.0144514891 0.0067734529 0.0122559015 0.0159498239 0.0123535544 0.0058108151 0.0144126826 0.0252756707 0.0220895839 0.0225610546 0.0125315617 0.0136321125 0.0215206808 0.0166947796 0.0158975669 0.004644592 0.0099894955 0.0173185495 0.0195518157 0.0238536707 0.0148866741 0.0150995988 0.0084030103 0.0156230989 0.0220113786 0.0135184149 0.0111600172 0.0177234521 0.0151702865 0.0138636621 0.006966712 0.009309288 0.0153446377 0.0240970789 0.0245456227 0.0285935624 0.0182414497 0.0207409367 0.0137451276 0.0139182488 0.0205097373 0.009896787 0.0097912603 0.0128717734 0.0253716974 0.0154469061 0.0102244199 0.0116405094 
3 0.0129108981 0.007857377 0.0048972028 0.0113200213 0.0101618611 0.0196007568 0.0135494248 0.0137426222 0.0319675382 0.0142388595 0.0079078682 0.0212851891 0.0189893828 0.0131899539 0.0220027769 0.026822048 0.009594798 0.0208959062 0.0256090487 0.0079955618 0.0118044424 0.0288189014 0.0258586945 0.0140660713 0.0131800564 0.0248975547 0.0290892928 0.0149286692 0.0145141331 0.0074834026 0.010228972 0.0131380241 0.0171716742 0.0247047088 0.0188142511 0.0133751741 0.0243125803 0.0135104421 0.0153999974 0.0199424635 0.0110147832 0.0030465355 0.0234430066 0.0200964309 0.0152347196 0.0143008413 0.0113751777 0.0076151123 0.0128760706 0.0256632559 0.0223474697 0.0225883489 0.0030075679 0.0062420602 0.0107221179 0.0197542251 0.0066854469 0.00730655 0.0090330584 0.0238357719 0.0240141339 0.0061345833 0.0135608655 0.0103232653 
4 0.014117769 0.0300515991 0.0113200213 0.0109366627 0.0163217181 0.0132821163 0.0236512052 0.0190080965 0.0199359315 0.011809306 0.0148087569 0.0264012003 0.0253565459 0.010938465 0.0149336021 0.023705629 0.0217390051 0.0155875599 0.0130444146 0.0036389807 0.0085297726 0.0121132484 0.004907437 0.0156761556 0.0099948518 0.0034966638 0.0158274448 0.0157104753 0.0185845992 0.0183599701 0.0145166859 0.0181841554 0.0102055888 0.0131081148 0.0179960912 0.012431782 0.0118412461 0.0113718411 0.018274195 0.0142008362 0.0102448728 0.0039679465 0.0150447307 0.0190585724 0.0182849429 0.0152150121 0.0086196883 0.023427946 0.0085044256 0.0209354041 0.0177393135 0.0172426787 0.0133110666 0.0157295139 0.0165396219 0.0178118023 0.0338677393 0.015066931 0.0189569991 0.0234401335 0.0243447107 0.0161069214 0.0121472126 0.0084720738 
5 0.0143036079 0.0231195704 0.0101618611 0.0163217181 0.018555572 0.0200592185 0.009209596 0.0169293671 0.0130758585 0.0194322228 0.0203475185 0.0172614372 0.0217576675 0.0116175643 0.0239875375 0.0133670433 0.0203656707 0.0166959978 0.0135025225 0.0101300359 0.0102482774 0.0119570245 0.0054094272 0.0180739925 0.0188110433 0.0131674688 0.0121831872 0.0130876919 0.0214271757 0.0118932118 0.0192517264 0.0152498297 0.0057452047 0.0099564456 0.0089730043 0.0080425333 0.0133520455 0.0214960403 0.011928549 0.0140662368 0.021137508 0.0233142545 0.0099623849 0.0125507855 0.0115026085 0.0140174425 0.020388827 0.012037837 0.0192731473 0.0176133385 0.0165752337 0.0134799431 0.0139398196 0.0225452145 0.0131625433 0.0118092646 0.0227061269 0.0217375395 0.0135954651 0.0182521366 0.0145901903 0.0100319862 0.0169643997 0.0342902999 
6 0.015242926 0.0132366935 0.0196007568 0.0132821163 0.0200592185 0.0279310701 0.0129776263 0.0212711463 0.0266356994 0.0101510373 0.0184894171 0.0213754345 0.0265869998 0.0123792718 0.0041450075 0.0051300922 0.0141665064 0.0113014471 0.0161588558 0.0140465167 0.0057253674 0.0160122409 0.0215221395 0.0196942579 0.0157778361 0.0181383453 0.0089779882 0.0172977075 0.0197136231 0.0205783626 0.0156585463 0.0136426872 0.0122590584 0.0137990973 0.0112070642 0.0131546978 0.0086586041 0.0142189994 0.0170804298 0.0244525052 0.0157227149 0.0160728948 0.0211465431 0.0081886272 0.0103834556 0.0145892635 0.0216638732 0.0120910055 0.0200337533 0.0183422172 0.0190838731 0.0206333485 0.0085534455 0.0191723216 0.008259003 0.0199995312 0.0083020527 0.0116841694 0.0211677383 0.0181808072 0.0215189479 0.0131123475 0.0093569358 0.0110037322 
7 0.0192692682 0.018401386 0.0135494248 0.0236512052 0.009209596 0.0129776263 0.003550889 0.0176877646 0.0211150215 0.0073906002 0.029858511 0.0112868996 0.0147478024 0.0017477559 0.0101791489 0.0202307909 0.01257248 0.0186697987 0.0207609775 0.0166373025 0.0208838078 0.0206528288 0.0116027135 0.0166985883 0.0163316839 0.0224786827 0.0185369494 0.0193375909 0.0148824454 0.0162628484 0.0284997608 0.0118258763 0.0137248864 0.008494359 0.0131665185 0.0126646974 0.011737587 0.0074719789 0.0132322761 0.0212308234 0.0127605559 0.0092980865 0.0132917516 0.0234187332 0.0228289605 0.0227460546 0.0139911676 0.0262400274 0.0064819116 0.0061822312 0.0188516525 0.0072534553 0.0193943962 0.0193919221 0.0296929806 0.0242537015 0.0173327915 0.011592352 0.0074869309 0.0079379386 0.0082247301 0.0210893495 0.0080887358 0.0189584311 
8 0.0192651616 0.0179459873 0.0137426222 0.0190080965 0.0169293671 0.0212711463 0.0176877646 0.0 0.0124321476 0.0104589169 0.015675842 0.0149718749 0.0154351437 0.0189227682 0.0155229997 0.0056830781 0.0262453894 0.0134742976 0.0087358226 0.0191369694 0.0169413373 0.0144674339 0.008109601 0.024064358 0.014732545 0.0124214504 0.019491166 0.0193797575 0.022121125 0.0117994654 0.0182624431 0.0204582624 0.0205407831 0.011743078 0.0123059676 0.0272317237 0.0155154172 0.0113149737 0.0110805207 0.015515147 0.0105537682 0.0136481821 0.0159780024 0.0097220171 0.0098216233 0.0160834718 0.0125815164 0.0164484244 0.0230946096 0.0102107106 0.0103842227 0.014015617 0.0212510526 0.0331894025 0.013539915 0.0196941769 0.0080458802 0.0132848194 0.0111403174 0.0257206566 0.0111254973 0.0179919985 0.0104609905 0.0219711757 
9 0.019802242 0.0174676398 0.0319675382 0.0199359315 0.0130758585 0.0266356994 0.0211150215 0.0124321476 0.0137966065 0.0109653623 0.0140532203 0.017406261 0.0152197621 0.0169452088 0.0076041329 0.0147301546 0.016700633 0.0211087586 0.004964366 0.0206594183 0.0273975474 0.0105277979 0.0203469183 0.0118554079 0.0085370916 0.0107649866 0.0143998476 0.021913195 0.0161914874 0.0158704711 0.0129029302 0.0221601608 0.0138191286 0.0056588198 0.0059856542 0.0108587968 0.0174785341 0.0146368478 0.0213405053 0.0174257903 0.014046983 0.0229110137 0.0073617901 0.0236530843 0.0207138752 0.0087776208 0.0060445749 0.0112624331 0.0062621485 0.0115082678 0.0114207248 0.0254671287 0.0121854177 0.0226070874 0.0120760718 0.0094679576 0.0156362262 0.0123811241 0.0251292865 0.0186609349 0.017927066 0.0149088978 0.0165771374 0.0163552656 
10 0.0099625086 0.0074122327 0.0142388595 0.011809306 0.0194322228 0.0101510373 0.0073906002 0.0104589169 0.0109653623 0.0175538916 0.0221877826 0.009497209 0.0123536561 0.0102360063 0.0117890379 0.0199949322 0.0174505995 0.013559869 0.0094209354 0.0110363899 0.016475113 0.0029602494 0.0152973095 0.0180904409 0.0131283309 0.0143469917 0.028265172 0.0101111316 0.0185351675 0.0164119019 0.0095116942 0.0105776986 0.0171589461 0.0187896708 0.0148067839 0.0157544308 0.0235380936 0.0152003849 0.0119386039 0.0146548011 0.0091199532 0.0279809121 0.0139530637 0.0214961363 0.0220994739 0.0217051315 0.0127185681 0.0210571701 0.0265715394 0.0195909196 0.0154272228 0.0141993498 0.0242682159 0.0256644526 0.0136908209 0.0211268388 0.0088039553 0.0358999818 0.0180198934 0.0151802727 0.0082751145 0.0182599511 0.0059183309 0.0165184597 
11 0.0298363241 0.0151785077 0.0079078682 0.0148087569 0.0203475185 0.0184894171 0.029858511 0.015675842 0.0140532203 0.0221877826 0.0217613674 0.0117402753 0.0183374324 0.0305299078 0.0090868791 0.011931044 0.0158724894 0.0261491575 0.0085132513 0.0130447896 0.0126914465 0.0151889993 0.0358997246 0.0123783729 0.0118016673 0.0313601719 0.0111055647 0.0161335604 0.0285516864 0.0031453672 0.0211324638 0.0182051975 0.0079606966 0.0127697064 0.0047078823 0.0107927358 0.0118159955 0.0086751664 0.010093865 0.0088096107 0.0123707293 0.0090188863 0.0219617465 0.007797064 0.0270463521 0.0066009164 0.0106922412 0.0225210112 0.0165453254 0.0151953936 0.0105510938 0.0290809366 0.0058779768 0.0123738623 0.0099132914 0.0175975296 0.0151466673 0.0087201177 0.0119423247 0.0157165787 0.0115886252 0.008568573 0.022386196 0.0222563374 
12 0.0099920134 0.0111108321 0.0212851891 0.0264012003 0.0172614372 0.0213754345 0.0112868996 0.0149718749 0.017406261 0.009497209 0.0117402753 0.0295375082 0.0143639168 0.0190725374 0.0114726647 0.0087009638 0.0110910425 0.0144585404 0.0152800836 0.0112438163 0.0194343734 0.0040871553 0.01583024 0.0170820982 0.0205791729 0.019070041 0.0273699457 0.0246321427 0.0255637209 0.0111963051 0.0143907789 0.0082554088 0.0117417324 0.006742525 0.0199436243 0.013727474 0.0134450658 0.0124879621 0.0164762629 0.0209949896 0.028596655 0.0149002926 0.0198600723 0.0220748137 0.0082349297 0.0100411965 0.0075864126 0.0186884754 0.0104476339 0.0234662796 0.0096422451 0.0192637764 0.0075864162 0.0189038563 0.0167281454 0.0090285986 0.0208115424 0.0075541434 0.0179466029 0.0091935224 0.0278880125 0.0105609726 0.0177994505 0.0125952349 
13 0.0076784906 0.0166382608 0.0189893828 0.0253565459 0.0217576675 0.0265869998 0.0147478024 0.0154351437 0.0152197621 0.0123536561 0.0183374324 0.0143639168 0.0277857492 0.0144339316 0.0291245874 0.0126363385 0.008052575 0.0115985658 0.0102167107 0.0188340969 0.0218700721 0.0164382974 0.0078019403 0.0122838991 0.0100352387 0.0170515966 0.0105810234 0.0108397109 0.0093255944 0.0199017449 0.0128703368 0.0152345351 0.0143881858 0.0066025277 0.0113663257 0.00741488 0.007536956 0.0201154927 0.0095939707 0.0163324166 0.0154955307 0.0164415384 0.0167747812 0.0144605116 0.0125403734 0.0295752529 0.0208117905 0.0211139461 0.0164520572 0.0189577304 0.0147372676 0.0237393945 0.0158949549 0.0110249434 0.0099802897 0.0118779309 0.012382326 0.0218172457 0.01893197 0.0121824284 0.0087906036 0.0244047127 0.0156319022 0.0182481566 
14 0.0228531579 0.0135247187 0.0131899539 0.010938465 0.0116175643 0.0123792718 0.0017477559 0.0189227682 0.0169452088 0.0102360063 0.0305299078 0.0190725374 0.0144339316 0.0151235543 0.0129045332 0.0074496453 0.0170715338 0.0164077899 0.0109260074 0.0091255127 0.021197666 0.0124368195 0.01342498 0.0210901072 0.0183574808 0.0174376672 0.0161186275 0.0141162484 0.0132722156 0.0193916251 0.0120234762 0.033522189 0.0107717386 0.0190651795 0.0197801716 0.0149018002 0.0232015487 0.006827624 0.0100137014 0.0185217637 0.0141410935 0.0144078332 0.0238200061 0.0054339775 0.0103482716 0.01903193 0.0097406326 0.0277444326 0.0142705121 0.0164197574 0.0107887965 0.0162973214 0.0155684543 0.0271425482 0.0150411015 0.0083407809 0.0151758399 0.0135571886 0.0098088643 0.0174837309 0.0179867869 0.0304535175 0.010911122 0.0152130459 
15 0.0124124767 0.0119695722 0.0220027769 0.0149336021 0.0239875375 0.0041450075 0.0101791489 0.0155229997 0.0076041329 0.0117890379 0.0090868791 0.0114726647 0.0291245874 0.0129045332 0.0228917418 0.0214882489 0.0129194875 0.0101238333 0.0147271952 0.023929174 0.0063414485 0.0082216768 0.0282847248 0.0083382832 0.0193337004 0.0172151941 0.0172048183 0.0207004746 0.0094771523 0.020204881 0.0117094267 0.0132842128 0.0179463158 0.0275909514 0.0187903515 0.0139362594 0.0145945207 0.0188162071 0.0115682956 0.0207792945 0.0060753242 0.011658827 0.01833613 0.0148691294 0.0068715452 0.0232129753 0.0084833062 0.0193227956 0.0166543648 0.0109130898 0.0090673225 0.0107482859 0.0273586673 0.0186244811 0.034391575 0.0157670895 0.0138870159 0.006667356 0.0090313852 0.017843907 0.0202652226 0.0158033459 0.0236698749 0.0129241569 
16 0.0125821497 0.0064511075 0.026822048 0.023705629 0.0133670433 0.0051300922 0.0202307909 0.0056830781 0.0147301546 0.0199949322 0.011931044 0.0087009638 0.0126363385 0.0074496453 0.0214882489 0.0199762627 0.0145748588 0.0073530849 0.01557369 0.0144085815 0.0147338089 0.015837455 0.0154260887 0.0172530673 0.0150714534 0.0284576279 0.0168666983 0.0149688887 0.0164597418 0.0183779494 0.0112393522 0.0166626993 0.0088202363 0.0185797054 0.0183696811 0.0083372817 0.0186225827 0.0119215477 0.0224526025 0.0089091669 0.0154671771 0.0153334973 0.028270695 0.0180791173 0.0192567074 0.0162015434 0.0216967209 0.0202909465 0.0157512902 0.0141226355 0.0135728866 0.0176502947 0.0134841102 0.0161627134 0.0156390939 0.0195125252 0.0210288778 0.0226036963 0.0143270235 0.0079374928 0.0137740709 0.0131070379 0.0123889877 0.0141834793 
17 0.0128271132 0.0144514891 0.009594798 0.0217390051 0.0203656707 0.0141665064 0.01257248 0.0262453894 0.016700633 0.0174505995 0.0158724894 0.0110910425 0.008052575 0.0170715338 0.0129194875 0.0145748588 0.0222482202 0.0104544195 0.0173808542 0.0272267833 0.0031385732 0.0136290208 0.0117609712 0.015106874 0.0126999693 0.0097328732 0.0247504802 0.010784583 0.019730747 0.0100161435 0.0101210304 0.0205154498 0.0120339479 0.008944787 0.0024142507 0.035365449 0.0162125883 0.0127516527 0.0092915977 0.0147682358 0.011505969 0.0083077202 0.0263607591 0.0157841826 0.0116198404 0.0197743145 0.0194203004 0.0147755859 0.0181674377 0.0118106111 0.0169557745 0.0093748649 0.0203132007 0.0269419932 0.0134288033 0.0122393325 0.0137423743 0.0135124464 0.0264550197 0.021294847 0.0127598717 0.0240563526 0.0207869597 0.0138362653 
18 0.0157040215 0.0067734529 0.0208959062 0.0155875599 0.0166959978 0.0113014471 0.0186697987 0.0134742976 0.0211087586 0.013559869 0.0261491575 0.0144585404 0.0115985658 0.0164077899 0.0101238333 0.0073530849 0.0104544195 0.0181563836 0.0195294018 0.0148078934 0.0289779669 0.0072100812 0.0164200126 0.0187452761 0.01324129 0.0153795531 0.013198061 0.0123500949 0.0233561537 0.0042210412 0.0118013684 0.0146714987 0.0148052993 0.019944327 0.0233664729 0.0099024184 0.020688954 0.0170323397 0.026153787 0.0085530472 0.0039994462 0.015922695 0.0115099321 0.0133045668 0.0187614389 0.0079882812 0.0092328741 0.0123350296 0.0136092103 0.0113944369 0.0199333543 0.0241455001 0.0101980713 0.0233470506 0.0385763819 0.0111045626 0.0190602287 0.0279383605 0.0237320798 0.0119206886 0.0152538739 0.0144210375 0.0160877864 0.00339389 
19 0.0254070867 0.0122559015 0.0256090487 0.0130444146 0.0135025225 0.0161588558 0.0207609775 0.0087358226 0.004964366 0.0094209354 0.0085132513 0.0152800836 0.0102167107 0.0109260074 0.0147271952 0.01557369 0.0173808542 0.0195294018 0.0146335677 0.0153784836 0.0125785593 0.0145222895 0.0188660625 0.0139496991 0.0092173004 0.0228792356 0.0064386771 0.0031279261 0.0189608745 0.0157273513 0.0101180439 0.0163021361 0.0198139131 0.0249825111 0.0266480265 0.0125251629 0.0146681666 0.0154507343 0.0163946378 0.0122836969 0.0150419639 0.021403197 0.0156380188 0.0074335356 0.0092848408 0.0227652043 0.0164146664 0.0202226344 0.0188917637 0.0183640894 0.0167106623 0.0203083167 0.0065075912 0.0227681525 0.013169961 0.0167557634 0.0205460318 0.0150996192 0.0114834161 0.0134211772 0.0207839962 0.0236058606 0.0263545634 0.0095507928 
20 0.0134011318 0.0159498239 0.0079955618 0.0036389807 0.0101300359 0.0140465167 0.0166373025 0.0191369694 0.0206594183 0.0110363899 0.0130447896 0.0112438163 0.0188340969 0.0091255127 0.023929174 0.0144085815 0.0272267833 0.0148078934 0.0153784836 0.0 0.0038193145 0.0133593897 0.0238943559 0.0203988909 0.0147507197 0.0117821874 0.0178510815 0.0155302651 0.0156437601 0.0176140072 0.0299532691 0.0288850778 0.0147162286 0.0108825663 0.0198351819 0.0152225883 0.0044262992 0.0215868765 0.0322587543 0.0179209001 0.0131406579 0.0163608477 0.0169661551 0.0144469591 0.0169831531 0.0190996436 0.0137137475 0.0114690551 0.0074698156 0.0143803301 0.0072624897 0.0160559174 0.0140483891 0.0149517286 0.0228702571 0.0198220775 0.0091703368 0.0203271022 0.0132176069 0.0259962802 0.0159582258 0.0095364456 0.0196706985 0.0161191036 
21 0.0121819976 0.0123535544 0.0118044424 0.0085297726 0.0102482774 0.0057253674 0.0208838078 0.0169413373 0.0273975474 0.016475113 0.0126914465 0.0194343734 0.0218700721 0.021197666 0.0063414485 0.0147338089 0.0031385732 0.0289779669 0.0125785593 0.0038193145 0.0108099417 0.0221594363 0.0119370884 0.0139868397 0.0246273282 0.0191385971 0.0218104252 0.0231132572 0.0216406042 0.0197165151 0.0111293294 0.0252703725 0.0259117961 0.0115659168 0.0116513729 0.0102149979 0.0211222243 0.0086073683 0.0084151239 0.0173775399 0.0223452557 0.0156980122 0.0033695429 0.0205558431 0.020515508 0.0252304379 0.009150555 0.010445739 0.0124788012 0.023887194 0.0039959972 0.0109144848 0.0103246467 0.0135786118 0.0133972059 0.0350054395 0.0128533163 0.0141218221 0.029180277 0.0097238394 0.0160865539 0.0130521133 0.017697456 0.0088608254 
22 0.0244751561 0.0058108151 0.0288189014 0.0121132484 0.0119570245 0.0160122409 0.0206528288 0.0144674339 0.0105277979 0.0029602494 0.0151889993 0.0040871553 0.0164382974 0.0124368195 0.0082216768 0.015837455 0.0136290208 0.0072100812 0.0145222895 0.0133593897 0.0221594363 0.0113799834 0.0184746044 0.0095362363 0.012861078 0.0153695112 0.0107929398 0.0203953744 0.0069396142 0.0327917122 0.0284461238 0.0088951088 0.0156542489 0.0148330295 0.00817706 0.0290669408 0.0233466968 0.0156562603 0.0133353172 0.0189251055 0.0113881042 0.0070368756 0.0081226303 0.0096434152 0.0169784268 0.0253808748 0.0167190689 0.013860905 0.0111732609 0.0243940402 0.0112630467 0.0140281885 0.0225215234 0.0186590773 0.0165079574 0.013322281 0.0154196046 0.0133872236 0.0165058854 0.0317702973 0.016240389 0.010748634 0.0170155046 0.0321495228 
23 0.0089424298 0.0144126826 0.0258586945 0.004907437 0.0054094272 0.0215221395 0.0116027135 0.008109601 0.0203469183 0.0152973095 0.0358997246 0.01583024 0.0078019403 0.01342498 0.0282847248 0.0154260887 0.0117609712 0.0164200126 0.0188660625 0.0238943559 0.0119370884 0.0184746044 0.0308769845 0.0103509104 0.0136058077 0.0155031081 0.0083536381 0.0197646754 0.004293203 0.0158858379 0.0157559146 0.0254718485 0.0113044309 0.0208273291 0.0176567839 0.0141539615 0.0172345677 0.0098327012 0.019089553 0.0245804719 0.0037910448 0.0159082032 0.0091352262 0.0137931132 0.0171856769 0.0103909977 0.0117484519 0.0104337948 0.0182651545 0.0138668367 0.0132123679 0.015144087 0.0131801958 0.0087072169 0.0168687437 0.0315984582 0.0188014748 0.021842822 0.0152994311 0.0129088379 0.0133367628 0.0264280262 0.0054547792 0.0137264228 
24 0.0101243947 0.0252756707 0.0140660713 0.0156761556 0.0180739925 0.0196942579 0.0166985883 0.024064358 0.0118554079 0.0180904409 0.0123783729 0.0170820982 0.0122838991 0.0210901072 0.0083382832 0.0172530673 0.015106874 0.0187452761 0.0139496991 0.0203988909 0.0139868397 0.0095362363 0.0103509104 0.0170956227 0.0164120428 0.0137265197 0.0182201541 0.0232718722 0.0227466095 0.011952688 0.0220091391 0.0168814234 0.0114762957 0.0080330646 0.0106735212 0.0147733716 0.0147824009 0.0041170649 0.0241178834 0.0209625934 0.0246637968 0.0186779164 0.0205494488 0.0263163829 0.0173447556 0.0033048785 0.0186386467 0.0180838612 0.0106792907 0.0029197466 0.0261836583 0.0097998735 0.0133030657 0.0087247733 0.0085328883 0.0118160676 0.0190172024 0.0131363724 0.0227002103 0.0224698953 0.0104122801 0.0096707536 0.0131566192 0.014525456 
25 0.0169028827 0.0220895839 0.0131800564 0.0099948518 0.0188110433 0.0157778361 0.0163316839 0.014732545 0.0085370916 0.0131283309 0.0118016673 0.0205791729 0.0100352387 0.0183574808 0.0193337004 0.0150714534 0.0126999693 0.01324129 0.0092173004 0.0147507197 0.0246273282 0.012861078 0.0136058077 0.0164120428 0.0110033187 0.0191345128 0.0235214829 0.0066030748 0.0101641237 0.0169361247 0.0098608516 0.0085849769 0.0192637358 0.0141469949 0.0283411442 0.010385543 0.0114975089 0.0153318427 0.010525353 0.0300221252 0.009852265 0.0155557543 0.0066377803 0.0197189156 0.0240003024 0.0222674304 0.0052555068 0.0183203262 0.027440382 0.0094097478 0.018704631 0.0192443319 0.0281347745 0.022059653 0.0194837297 0.0083038826 0.0091491012 0.0072081798 0.004398166 0.0235388065 0.0169125726 0.0160780804 0.0144612151 0.026461596 
26 0.012961074 0.0225610546 0.0248975547 0.0034966638 0.0131674688 0.0181383453 0.0224786827 0.0124214504 0.0107649866 0.0143469917 0.0313601719 0.019070041 0.0170515966 0.0174376672 0.0172151941 0.0284576279 0.0097328732 0.0153795531 0.0228792356 0.0117821874 0.0191385971 0.0153695112 0.0155031081 0.0137265197 0.0191345128 0.0190847198 0.0140266397 0.0182133612 0.0122889138 0.0089488843 0.0038921931 0.0063156787 0.0226922626 0.019813156 0.0161457023 0.017629264 0.0134554879 0.0238494709 0.0133832656 0.0208191588 0.0182977521 0.0174496824 0.0126198323 0.0088163399 0.0121796221 0.0073548353 0.0208193417 0.0105015543 0.0085964698 0.0141257352 0.0180466602 0.0083168466 0.0038281872 0.020580119 0.0084626636 0.0154428958 0.0203809929 0.0126183369 0.0194157472 0.022363576 0.016227674 0.0148937194 0.0182834731 0.0113471145 
27 0.0160291552 0.0125315617 0.0290892928 0.0158274448 0.0121831872 0.0089779882 0.0185369494 0.019491166 0.0143998476 0.028265172 0.0111055647 0.0273699457 0.0105810234 0.0161186275 0.0172048183 0.0168666983 0.0247504802 0.013198061 0.0064386771 0.0178510815 0.0218104252 0.0107929398 0.0083536381 0.0182201541 0.0235214829 0.0140266397 0.0 0.0226036205 0.0132901674 0.0152939981 0.0103039765 0.0206940595 0.016665847 0.0252062751 0.0168271954 0.0101526156 0.0161590952 0.0181170693 0.0223079679 0.0198029712 0.0057057922 0.0118582844 0.0029505676 0.013348231 0.0201411049 0.0169840496 0.0136995847 0.0230587661 0.0245376252 0.0085268949 0.0152906525 0.015663122 0.0095410198 0.0069093917 0.0216707576 0.0143769962 0.0188410801 0.0079202851 0.0220593131 0.0081299187 0.0160504449 0.0115742357 0.0178569286 0.0123380721 
28 0.0088453405 0.0136321125 0.0149286692 0.0157104753 0.0130876919 0.0172977075 0.0193375909 0.0193797575 0.021913195 0.0101111316 0.0161335604 0.0246321427 0.0108397109 0.0141162484 0.0207004746 0.0149688887 0.010784583 0.0123500949 0.0031279261 0.0155302651 0.0231132572 0.0203953744 0.0197646754 0.0232718722 0.0066030748 0.0182133612 0.0226036205 0.0059582014 0.0140019794 0.0117242563 0.0095743513 0.0235322327 0.0205458166 0.0301874531 0.01847493 0.0136140333 0.0084050995 0.0271115275 0.0178300866 0.0106372095 0.0224853286 0.0127555096 0.0197529063 0.0116608198 0.0079699978 0.0163557679 0.0210485486 0.0092579314 0.0222275123 0.0168955157 0.0137742951 0.014420605 0.0096517057 0.0185643167 0.0096708076 0.019825167 0.0174506605 0.0069346021 0.0081434894 0.0137082873 0.0171247599 0.0131824272 0.0163390502 0.0178100087 
29 0.0103324428 0.0215206808 0.0145141331 0.0185845992 0.0214271757 0.0197136231 0.0148824454 0.022121125 0.0161914874 0.0185351675 0.0285516864 0.0255637209 0.0093255944 0.0132722156 0.0094771523 0.0164597418 0.019730747 0.0233561537 0.0189608745 0.0156437601 0.0216406042 0.0069396142 0.004293203 0.0227466095 0.0101641237 0.0122889138 0.0132901674 0.0140019794 0.0262893997 0.0225831542 0.0181335051 0.0120498974 0.010421997 0.0052373467 0.0164806052 0.0210510654 0.0189256052 0.0104510767 0.0092105879 0.0117021087 0.0142169254 0.0238693989 0.0171511251 0.0222089528 0.0213732771 0.0128926218 0.005820236 0.0055332201 0.0228227305 0.0087469375 0.0235389407 0.0093678716 0.022336936 0.0114005523 0.0095189015 0.0206015677 0.012790925 0.0110966042 0.0170692572 0.0145281615 0.0189744737 0.0060067095 0.016239384 0.0058281986 
30 0.0136019514 0.0166947796 0.0074834026 0.0183599701 0.0118932118 0.0205783626 0.0162628484 0.0117994654 0.0158704711 0.0164119019 0.0031453672 0.0111963051 0.0199017449 0.0193916251 0.020204881 0.0183779494 0.0100161435 0.0042210412 0.0157273513 0.0176140072 0.0197165151 0.0327917122 0.0158858379 0.011952688 0.0169361247 0.0089488843 0.0152939981 0.0117242563 0.0225831542 0.0135547588 0.0082019785 0.0041482933 0.0200635834 0.0245744885 0.0230506787 0.023268104 0.0126967412 0.0150554862 0.0104571823 0.0113728816 0.0140994772 0.0221403211 0.0215910672 0.0151746501 0.020708536 0.0140648602 0.0163992795 0.0104483622 0.0148718089 0.0159081383 0.0163861691 0.0232486813 0.0190746457 0.0118834039 0.017518829 0.0156347517 0.0099513381 0.0189672199 0.0084835722 0.0155467681 0.0199702008 0.0191180076 0.0043496789 0.0234301047 
31 0.0332161189 0.0158975669 0.010228972 0.0145166859 0.0192517264 0.0156585463 0.0284997608 0.0182624431 0.0129029302 0.0095116942 0.0211324638 0.0143907789 0.0128703368 0.0120234762 0.0117094267 0.0112393522 0.0101210304 0.0118013684 0.0101180439 0.0299532691 0.0111293294 0.0284461238 0.0157559146 0.0220091391 0.0098608516 0.0038921931 0.0103039765 0.0095743513 0.0181335051 0.0082019785 0.0010315116 0.0132604605 0.016162711 0.0070470678 0.0099222181 0.0220427917 0.0133001468 0.0182831478 0.0271853682 0.0166333482 0.018903274 0.0251190857 0.0198017646 0.0226500047 0.030605417 0.016017236 0.0131131508 0.0028884907 0.0240961066 0.009822333 0.0197044131 0.0108727133 0.0162520394 0.0163706272 0.0129095173 0.0140623269 0.0171872874 0.0229648142 0.0135681078 0.0049076146 0.0128798183 0.0156913494 0.0239748076 0.0101555744 
32 0.0162753323 0.004644592 0.0131380241 0.0181841554 0.0152498297 0.0136426872 0.0118258763 0.0204582624 0.0221601608 0.0105776986 0.0182051975 0.0082554088 0.0152345351 0.033522189 0.0132842128 0.0166626993 0.0205154498 0.0146714987 0.0163021361 0.0288850778 0.0252703725 0.0088951088 0.0254718485 0.0168814234 0.0085849769 0.0063156787 0.0206940595 0.0235322327 0.0120498974 0.0041482933 0.0132604605 0.0035906342 0.0177632043 0.0060259966 0.0126803843 0.0097468085 0.010977201 0.0232365798 0.0136078464 0.0136841809 0.0119713707 0.0139232986 0.015415131 0.0186801591 0.0086988312 0.0191176836 0.0117563732 0.0283099614 0.0131859515 0.0172601523 0.0140444382 0.023590433 0.0155071026 0.0145885989 0.0264107547 0.0152747211 0.0212256229 0.0199563466 0.0185294989 0.0115770583 0.0074667015 0.0160391051 0.0157787842 0.0135797096 
33 0.032610438 0.0099894955 0.0171716742 0.0102055888 0.0057452047 0.0122590584 0.0137248864 0.0205407831 0.0138191286 0.0171589461 0.0079606966 0.0117417324 0.0143881858 0.0107717386 0.0179463158 0.0088202363 0.0120339479 0.0148052993 0.0198139131 0.0147162286 0.0259117961 0.0156542489 0.0113044309 0.0114762957 0.0192637358 0.0226922626 0.016665847 0.0205458166 0.010421997 0.0200635834 0.016162711 0.0177632043 0.0194999757 0.0253386993 0.0093221277 0.0153484793 0.0283975053 0.0130090521 0.0111620303 0.0147207873 0.0145129717 0.0126738196 0.0063962754 0.0298337634 0.0207304648 0.0091926276 0.0120242839 0.0076335927 0.0133215378 0.0187052241 0.0245045317 0.0105628617 0.0065823963 0.0170895421 0.0061252552 0.0180273915 0.0149755679 0.0156010657 0.0196561915 0.0206150956 0.0117625104 0.01887863 0.0200206969 0.0196256182 
34 0.0106226938 0.0173185495 0.0247047088 0.0131081148 0.0099564456 0.0137990973 0.008494359 0.011743078 0.0056588198 0.0187896708 0.0127697064 0.006742525 0.0066025277 0.0190651795 0.0275909514 0.0185797054 0.008944787 0.019944327 0.0249825111 0.0108825663 0.0115659168 0.0148330295 0.0208273291 0.0080330646 0.0141469949 0.019813156 0.0252062751 0.0301874531 0.0052373467 0.0245744885 0.0070470678 0.0060259966 0.0253386993 0.017460479 0.0146886569 0.0130543252 0.0099074271 0.0131462919 0.0191805005 0.0119901072 0.0115788626 0.0145407365 0.0157915407 0.01423211 0.0109908031 0.0139210585 0.0384329687 0.0110605954 0.0239121089 0.0164814123 0.0213742048 0.0154520339 0.0233489582 0.018454993 0.0057793292 0.0187006374 0.0217273077 0.0234355 0.0144636766 0.0100732031 0.0161046766 0.0116897026 0.0176238249 0.0082648249 
35 0.0155220678 0.0195518157 0.0188142511 0.0179960912 0.0089730043 0.0112070642 0.0131665185 0.0123059676 0.0059856542 0.0148067839 0.0047078823 0.0199436243 0.0113663257 0.0197801716 0.0187903515 0.0183696811 0.0024142507 0.0233664729 0.0266480265 0.0198351819 0.0116513729 0.00817706 0.0176567839 0.0106735212 0.0283411442 0.0161457023 0.0168271954 0.01847493 0.0164806052 0.0230506787 0.0099222181 0.0126803843 0.0093221277 0.0146886569 0.02397605 0.0205883322 0.0215452956 0.0135916693 0.0182640342 0.0187844203 0.0247466061 0.0084061814 0.0213399929 0.0204218247 0.0069636168 0.0204962446 0.011367741 0.0167384035 0.0079547166 0.0202525032 0.0060740008 0.0085524789 0.0138578569 0.0176786421 0.021125351 0.0189957917 0.0171534119 0.0155752476 0.0086434511 0.0023262597 0.0062932068 0.0254607827 0.0225583689 0.0226239494 
36 0.0177932648 0.0238536707 0.0133751741 0.012431782 0.0080425333 0.0131546978 0.0126646974 0.0272317237 0.0108587968 0.0157544308 0.0107927358 0.013727474 0.00741488 0.0149018002 0.0139362594 0.0083372817 0.035365449 0.0099024184 0.0125251629 0.0152225883 0.0102149979 0.0290669408 0.0141539615 0.0147733716 0.010385543 0.017629264 0.0101526156 0.0136140333 0.0210510654 0.023268104 0.0220427917 0.0097468085 0.0153484793 0.0130543252 0.0205883322 0.010077834 0.0044351286 0.013483727 0.0201486947 0.0160901954 0.0189449449 0.0170482822 0.0173006876 0.0186279782 0.0204753723 0.0170993036 0.0199657733 0.0232640002 0.0162177293 0.0223900868 0.0117016535 0.0147715189 0.0166554208 0.0161495691 0.0078904608 0.0151709256 0.0048066913 0.0220130837 0.0201206977 0.0167122749 0.0161591647 0.0062148384 0.0197686192 0.0139178878 
37 0.0139504371 0.0148866741 0.0243125803 0.0118412461 0.0133520455 0.0086586041 0.011737587 0.0155154172 0.0174785341 0.0235380936 0.0118159955 0.0134450658 0.007536956 0.0232015487 0.0145945207 0.0186225827 0.0162125883 0.020688954 0.0146681666 0.0044262992 0.0211222243 0.0233466968 0.0172345677 0.0147824009 0.0114975089 0.0134554879 0.0161590952 0.0084050995 0.0189256052 0.0126967412 0.0133001468 0.010977201 0.0283975053 0.0099074271 0.0215452956 0.0044351286 0.0210330632 0.0109868266 0.0180652266 0.009069934 0.0186439612 0.0193035752 0.0248490764 0.0198347886 0.0059177955 0.0048233636 0.0201686844 0.0198025741 0.0057135112 0.0281812889 0.006874804 0.0249444467 0.0135937146 0.0143168544 0.024663039 0.0120661905 0.0248405474 0.0125701071 0.0171340782 0.0071198665 0.0224404167 0.016010344 0.0110217862 0.0193381068 
38 0.0095360494 0.0150995988 0.0135104421 0.0113718411 0.0214960403 0.0142189994 0.0074719789 0.0113149737 0.0146368478 0.0152003849 0.0086751664 0.0124879621 0.0201154927 0.006827624 0.0188162071 0.0119215477 0.0127516527 0.0170323397 0.0154507343 0.0215868765 0.0086073683 0.0156562603 0.0098327012 0.0041170649 0.0153318427 0.0238494709 0.0181170693 0.0271115275 0.0104510767 0.0150554862 0.0182831478 0.0232365798 0.0130090521 0.0131462919 0.0135916693 0.013483727 0.0109868266 0.0133327304 0.0169825919 0.0123000479 0.0246642085 0.0116887283 0.0177487803 0.017060845 0.0197745314 0.0250927944 0.0181280601 0.0113611318 0.02143333 0.0221319574 0.018618915 0.0238795227 0.0253754719 0.017651045 0.0159136702 0.0162357388 0.0111376462 0.028624366 0.0171702523 0.0122197375 0.0086109673 0.0100655847 0.0203679343 0.0090394885 
39 0.016783987 0.0084030103 0.0153999974 0.018274195 0.011928549 0.0170804298 0.0132322761 0.0110805207 0.0213405053 0.0119386039 0.010093865 0.0164762629 0.0095939707 0.0100137014 0.0115682956 0.0224526025 0.0092915977 0.026153787 0.0163946378 0.0322587543 0.0084151239 0.0133353172 0.019089553 0.0241178834 0.010525353 0.0133832656 0.0223079679 0.0178300866 0.0092105879 0.0104571823 0.0271853682 0.0136078464 0.0111620303 0.0191805005 0.0182640342 0.0201486947 0.0180652266 0.0169825919 0.0167855426 0.0090677006 0.016593308 0.0154057637 0.0088106072 0.0067254935 0.0173832651 0.0102097585 0.0170987676 0.0118057969 0.0264019334 0.026949941 0.0152466408 0.0127014039 0.0140560216 0.0043964932 0.008065964 0.016233888 0.0143730052 0.0222664881 0.0120922326 0.0254356103 0.015616939 0.0175388883 0.0195014031 0.0162089805 
40 0.0085541815 0.0156230989 0.0199424635 0.0142008362 0.0140662368 0.0244525052 0.0212308234 0.015515147 0.0174257903 0.0146548011 0.0088096107 0.0209949896 0.0163324166 0.0185217637 0.0207792945 0.0089091669 0.0147682358 0.0085530472 0.0122836969 0.0179209001 0.0173775399 0.0189251055 0.0245804719 0.0209625934 0.0300221252 0.0208191588 0.0198029712 0.0106372095 0.0117021087 0.0113728816 0.0166333482 0.0136841809 0.0147207873 0.0119901072 0.0187844203 0.0160901954 0.009069934 0.0123000479 0.0090677006 0.0199327534 0.0213126161 0.0126252 0.0058399208 0.0215297941 0.0177929007 0.0111975562 0.0181499532 0.0195847167 0.0122037195 0.0125385698 0.0117470432 0.0091278119 0.0235501948 0.0120649425 0.0068080876 0.0051552491 0.0061511625 0.0240869458 0.0244765184 0.0148335046 0.0183710651 0.0121886602 0.0190096835 0.0176395368 
41 0.0322640264 0.0220113786 0.0110147832 0.0102448728 0.021137508 0.0157227149 0.0127605559 0.0105537682 0.014046983 0.0091199532 0.0123707293 0.028596655 0.0154955307 0.0141410935 0.0060753242 0.0154671771 0.011505969 0.0039994462 0.0150419639 0.0131406579 0.0223452557 0.0113881042 0.0037910448 0.0246637968 0.009852265 0.0182977521 0.0057057922 0.0224853286 0.0142169254 0.0140994772 0.018903274 0.0119713707 0.0145129717 0.0115788626 0.0247466061 0.0189449449 0.0186439612 0.0246642085 0.016593308 0.0213126161 0.004831215 0.0189617734 0.0083988257 0.0159542639 0.0165277789 0.0200606885 0.0148433038 0.0214334989 0.0154942405 0.0048486157 0.0100928062 0.011778083 0.0211056843 0.0111451403 0.012294378 0.0152617744 0.0208366178 0.0212871569 0.0215681667 0.0336851269 0.0092267163 0.0104833405 0.0195598 0.0168920474 
42 0.0113712936 0.0135184149 0.0030465355 0.0039679465 0.0233142545 0.0160728948 0.0092980865 0.0136481821 0.0229110137 0.0279809121 0.0090188863 0.0149002926 0.0164415384 0.0144078332 0.011658827 0.0153334973 0.0083077202 0.015922695 0.021403197 0.0163608477 0.0156980122 0.0070368756 0.0159082032 0.0186779164 0.0155557543 0.0174496824 0.0118582844 0.0127555096 0.0238693989 0.0221403211 0.0251190857 0.0139232986 0.0126738196 0.0145407365 0.0084061814 0.0170482822 0.0193035752 0.0116887283 0.0154057637 0.0126252 0.0189617734 0.0228914889 0.0203324681 0.0077699127 0.0190474506 0.0130012351 0.017905106 0.0110248451 0.0292657967 0.0101505896 0.0066031423 0.0164195921 0.0303006692 0.0105241953 0.0198990313 0.0116981118 0.0252648591 0.0171113916 0.0135486396 0.0203165088 0.0208025223 0.0092810998 0.0078230817 0.0194869904 
43 0.0143580567 0.0111600172 0.0234430066 0.0150447307 0.0099623849 0.0211465431 0.0132917516 0.0159780024 0.0073617901 0.0139530637 0.0219617465 0.0198600723 0.0167747812 0.0238200061 0.01833613 0.028270695 0.0263607591 0.0115099321 0.0156380188 0.0169661551 0.0033695429 0.0081226303 0.0091352262 0.0205494488 0.0066377803 0.0126198323 0.0029505676 0.0197529063 0.0171511251 0.0215910672 0.0198017646 0.015415131 0.0063962754 0.0157915407 0.0213399929 0.0173006876 0.0248490764 0.0177487803 0.0088106072 0.0058399208 0.0083988257 0.0203324681 0.0159379633 0.0105245287 0.0163042074 0.0213566661 0.0259232354 0.0216707664 0.0149872051 0.0197055753 0.0162181478 0.0127786116 0.0085400122 0.0077772405 0.01549983 0.0140765089 0.0088262458 0.0250038696 0.0161590523 0.02409491 0.021349874 0.0122843647 0.0085559566 0.0133223875 
44 0.0038611482 0.0177234521 0.0200964309 0.0190585724 0.0125507855 0.0081886272 0.0234187332 0.0097220171 0.0236530843 0.0214961363 0.007797064 0.0220748137 0.0144605116 0.0054339775 0.0148691294 0.0180791173 0.0157841826 0.0133045668 0.0074335356 0.0144469591 0.0205558431 0.0096434152 0.0137931132 0.0263163829 0.0197189156 0.0088163399 0.013348231 0.0116608198 0.0222089528 0.0151746501 0.0226500047 0.0186801591 0.0298337634 0.01423211 0.0204218247 0.0186279782 0.0198347886 0.017060845 0.0067254935 0.0215297941 0.0159542639 0.0077699127 0.0105245287 0.0186638361 0.0104743215 0.0154152607 0.0114895784 0.0097337257 0.012766777 0.0144638219 0.000508598 0.009253702 0.0179337283 0.0238604415 0.0088675098 0.0261984509 0.0245306487 0.0185182324 0.0193090554 0.0155607731 0.0156390519 0.0216126173 0.0159743801 0.0106905146 
45 0.0212380373 0.0151702865 0.0152347196 0.0182849429 0.0115026085 0.0103834556 0.0228289605 0.0098216233 0.0207138752 0.0220994739 0.0270463521 0.0082349297 0.0125403734 0.0103482716 0.0068715452 0.0192567074 0.0116198404 0.0187614389 0.0092848408 0.0169831531 0.020515508 0.0169784268 0.0171856769 0.0173447556 0.0240003024 0.0121796221 0.0201411049 0.0079699978 0.0213732771 0.020708536 0.030605417 0.0086988312 0.0207304648 0.0109908031 0.0069636168 0.0204753723 0.0059177955 0.0197745314 0.0173832651 0.0177929007 0.0165277789 0.0190474506 0.0163042074 0.0104743215 0.0286376172 0.0216359102 0.0084065065 0.0149047389 0.022794902 0.005143224 0.0270500196 0.0230299653 0.0227695831 0.0087444692 0.0112754598 0.0107288135 0.013821507 0.0144726111 0.0067997576 0.0102721922 0.0180413767 0.0109793611 0.0061832053 0.0059993796 
46 0.0088066656 0.0138636621 0.0143008413 0.0152150121 0.0140174425 0.0145892635 0.0227460546 0.0160834718 0.0087776208 0.0217051315 0.0066009164 0.0100411965 0.0295752529 0.01903193 0.0232129753 0.0162015434 0.0197743145 0.0079882812 0.0227652043 0.0190996436 0.0252304379 0.0253808748 0.0103909977 0.0033048785 0.0222674304 0.0073548353 0.0169840496 0.0163557679 0.0128926218 0.0140648602 0.016017236 0.0191176836 0.0091926276 0.0139210585 0.0204962446 0.0170993036 0.0048233636 0.0250927944 0.0102097585 0.0111975562 0.0200606885 0.0130012351 0.0213566661 0.0154152607 0.0216359102 0.0246865392 0.012125868 0.0077525656 0.0139639225 0.0085391417 0.0091661121 0.0029027486 0.013247164 0.0139243639 0.0279101643 0.0123199389 0.0219672456 0.0087678048 0.0138354405 0.0216161283 0.0161538987 0.0183311188 0.0091439779 0.0263852915 
47 0.0230170026 0.006966712 0.0113751777 0.0086196883 0.020388827 0.0216638732 0.0139911676 0.0125815164 0.0060445749 0.0127185681 0.0106922412 0.0075864126 0.0208117905 0.0097406326 0.0084833062 0.0216967209 0.0194203004 0.0092328741 0.0164146664 0.0137137475 0.009150555 0.0167190689 0.0117484519 0.0186386467 0.0052555068 0.0208193417 0.0136995847 0.0210485486 0.005820236 0.0163992795 0.0131131508 0.0117563732 0.0120242839 0.0384329687 0.011367741 0.0199657733 0.0201686844 0.0181280601 0.0170987676 0.0181499532 0.0148433038 0.017905106 0.0259232354 0.0114895784 0.0084065065 0.012125868 0.0377042257 0.0184656727 0.0147118028 0.0101365713 0.0207695889 0.0153827692 0.0139297616 0.0211933798 0.0116021784 0.0137125958 0.011712601 0.0210622203 0.0100808992 0.01028442 0.0250728957 0.0249250582 0.0173608575 0.0165341276 
48 0.0233805456 0.009309288 0.0076151123 0.023427946 0.012037837 0.0120910055 0.0262400274 0.0164484244 0.0112624331 0.0210571701 0.0225210112 0.0186884754 0.0211139461 0.0277444326 0.0193227956 0.0202909465 0.0147755859 0.0123350296 0.0202226344 0.0114690551 0.010445739 0.013860905 0.0104337948 0.0180838612 0.0183203262 0.0105015543 0.0230587661 0.0092579314 0.0055332201 0.0104483622 0.0028884907 0.0283099614 0.0076335927 0.0110605954 0.0167384035 0.0232640002 0.0198025741 0.0113611318 0.0118057969 0.0195847167 0.0214334989 0.0110248451 0.0216707664 0.0097337257 0.0149047389 0.0077525656 0.0184656727 0.0080037389 0.0131057463 0.0247434452 0.0190406819 0.0161386694 0.0197395315 0.0131236075 0.0223878135 0.0134091705 0.0173065673 0.0081385186 0.0170225099 0.0063875583 0.0246816541 0.012500623 0.0069214338 0.0186154917 
