128
1 0.0032640881 0.009016188 0.0047725502 0.0053788629 0.0111018614 0.0018152261 0.0103414272 0.0092879319 0.0063694101 0.016630902 0.0108229708 0.0067634193 0.0080406156 0.0140800393 0.0051247889 0.0109586851 0.008673468 0.0050623549 0.0066940844 0.0088142408 0.0069646581 0.008236811 0.0079453121 0.0055504995 0.0087274614 0.0082927682 0.0075391769 0.0074457507 0.0024084487 0.006530096 0.0054553417 0.0091295979 0.0064628089 0.010788574 0.0097864409 0.0097490955 0.008383944 0.0112149874 0.0066118566 0.0104247604 0.0074896935 0.0071947266 0.0132747574 0.0117776571 0.0061170632 0.0118590779 0.0052897498 0.0055895176 0.0046137593 0.0086587988 0.0077560862 0.0069731264 0.0031396374 0.00434161 0.0052535885 0.0104912101 0.0057973815 0.003610335 0.008934566 0.0078608108 0.0055815981 0.0086810736 0.0083216269 0.00696899 0.0068681786 0.0082119749 0.0090380792 0.0089086192 0.0099414195 0.0110815817 0.0050266405 0.0076051156 0.0037432381 0.0068964925 0.0085752334 0.004122888 0.0082063343 0.0100258088 0.0078430708 0.0088073792 0.0076205221 0.006859811 0.0088824747 0.0028709598 0.011179709 0.0084936997 0.0095063381 0.0099371345 0.0113969625 0.0130550621 0.0086086536 0.0041682284 0.0085993299 0.0034496788 0.0090673614 0.0052743298 0.0093904761 0.0086945678 0.0084964672 0.0053298958 0.0072570656 0.0079468221 0.0060371834 0.0042690944 0.0128554356 0.0090547051 0.0045349254 0.0043512134 0.0079475743 0.005882978 0.0117812402 0.0091942698 0.0122952996 0.0053488115 0.0057544142 0.0077375352 0.0086120178 0.0080766514 0.0056034319 0.0063122722 0.0083606498 0.0078494975 0.0124740679 0.011372154 0.0095235832 0.0026944164 0.0075965214 0.007254506 
2 0.009016188 0.0097790874 0.0054241732 0.0083689148 0.0070425069 0.008076538 0.0052064614 0.0089950945 0.0079109923 0.0067912774 0.0081627223 0.0068389118 0.0123099884 0.0096657254 0.0042774109 0.0067245079 0.0085083218 0.007779096 0.0042736946 0.0067045185 0.0040590495 0.0043277086 0.0114729299 0.0114156075 0.002892431 0.008223712 0.0140567584 0.0061920328 0.0055591862 0.0076487469 0.0080932459 0.0115796726 0.0039668404 0.0020024549 0.0142228009 0.0078680094 0.0074977798 0.0059529901 0.0078092027 0.0108728597 0.0062558811 0.0062917202 0.0058484251 0.0029394123 0.0043006982 0.0031968711 0.0096095276 0.0043277608 0.0118531652 0.0106267824 0.0071369518 0.0062130689 0.0096708093 0.0093542876 0.0093308071 0.0073652812 0.010090949 0.0100333747 0.0039467655 0.0173399805 0.0066118723 0.0097745932 0.0058212077 0.0117832256 0.0080471908 0.008864247 0.0107073395 0.0040034692 0.0044357166 0.0151926444 0.0118062348 0.0074382731 0.0052183639 0.007044206 0.0077925621 0.0082019394 0.0135015315 0.0063740501 0.0086916874 0.0049510616 0.0066927066 0.0111506832 0.0085028249 0.0087561219 0.0068771885 0.0060832048 0.0099032542 0.0083446592 0.0053862706 0.0157907136 0.0048184512 0.0093619606 0.0065323958 0.0085287738 0.0050424944 0.005643697 0.0086233488 0.0052115166 0.0054256507 0.0077496021 0.0055738845 0.0068513378 0.0035397832 0.0082060579 0.0070623457 0.0152151028 0.0080801916 0.0061495681 0.0028080109 0.0056282034 0.0064392712 0.0081825966 0.005294087 0.0096740786 0.0084171827 0.0108052624 0.0090852529 0.0062770586 0.008847854 0.0070591318 0.0061308113 0.0118319887 0.0073018034 0.0065989692 0.0090423648 0.0080626753 0.0074826278 0.0103628924 
3 0.0047725502 0.0054241732 0.0059913081 0.0088753778 0.0081134378 0.0020146739 0.0089158042 0.0047128135 0.0109214484 0.0072274893 0.0084941439 0.0120857226 0.0107074421 0.0064892861 0.0070902997 0.0057336861 0.0100522498 0.0088424458 0.0100145902 0.0047762523 0.0140257232 0.0055484125 0.0075351829 0.0101967923 0.0081876182 0.0067629163 0.0156466173 0.0086135642 0.0099478247 0.0083962235 0.0091646047 0.0035212411 0.009849639 0.0068074002 0.0065546553 0.0125042912 0.0030313185 0.0099378652 0.0061799111 0.0091316741 0.0074330523 0.0098577474 0.008226713 0.0097983999 0.0077439045 0.0023255116 0.0101960235 0.0079463849 0.0047332101 0.0100289406 0.0067556848 0.0066536961 0.0085784768 0.0085018621 0.0124231415 0.009238837 0.0075095495 0.0076677063 0.0080860809 0.0032397271 0.0085211636 0.0109816205 0.0061961453 0.0073457311 0.0100506963 0.007529948 0.0142171585 0.0074259323 0.0085344952 0.0077876189 0.0029732856 0.0056818042 0.0073889192 0.0081041131 0.007037576 0.0069034442 0.0049094475 0.0049676541 0.0097302067 0.0079331037 0.0122005348 0.0032762348 0.0074243798 0.0077779842 0.0053176111 0.0046107762 0.0101365464 0.0095860973 0.0114411472 0.0062969133 0.0089729232 0.0115151422 0.0050407091 0.0049934158 0.0081221987 0.0139854877 0.0065615698 0.0043299147 0.0013754216 0.0100004648 0.0092956018 0.004003045 0.0037050204 0.0046484811 0.0092363647 0.0133094882 0.0096801832 0.0057128129 0.0057049879 0.0105538407 0.011249003 0.008533047 0.0063401265 0.0125053483 0.011188279 0.0098330777 0.0089074777 0.0036069479 0.0075832169 0.0065352459 0.0030612122 0.0114052749 0.0054320217 0.0029070571 0.0043496068 0.0065448499 0.0074120036 0.0098275208 
4 0.0053788629 0.0083689148 0.0088753778 0.0104515026 0.0068301801 0.0110555321 0.005971474 0.0061491523 0.0054290069 0.0050126164 0.0113927603 0.0071566244 0.0045748545 0.004990883 0.0034340171 0.0073006722 0.0101532905 0.0051884412 0.0117359605 0.0102806276 0.0056204049 0.0048344888 0.0064384811 0.012633139 0.003750631 0.0046593996 0.0095640092 0.0097249585 0.0093220074 0.0070181939 0.0061760794 0.010569024 0.0092352975 0.0110679305 0.012156851 0.0146223144 0.0169353754 0.0103727606 0.0056753108 0.0036393193 0.0102620701 0.012423972 0.0079774652 0.0054236835 0.0023431152 0.0109449169 0.0062960779 0.0070195986 0.0127815523 0.0065488656 0.0048157132 0.0088327482 0.0060586577 0.0043252201 0.0055977431 0.0141177267 0.0085510513 0.0061710146 0.0063227926 0.0070866504 0.0058419236 0.0054437854 0.0080773727 0.0056178081 0.0096604042 0.0054391734 0.0056808572 0.00389308 0.0050596705 0.0047614601 0.0091911867 0.0109820512 0.0080117598 0.008945799 0.0076483106 0.0035337661 0.0086697023 0.0064137768 0.0097570399 0.0075142935 0.0064505751 0.0085256772 0.0042204267 0.0127283028 0.0059346847 0.0085990865 0.0134414681 0.0070010417 0.0093330493 0.0088682191 0.0111049152 0.0112596527 0.0122020764 0.0092445403 0.0153365959 0.0069660223 0.0033957928 0.0036938134 0.0044889063 0.0077215344 0.0105532222 0.007775279 0.0083096251 0.0071860748 0.0034362147 0.0097450863 0.0054346437 0.0034860733 0.013429465 0.0065746255 0.0067457949 0.006708677 0.0106707724 0.0071959033 0.0030327718 0.0058683698 0.0074031583 0.0084087122 0.0055050734 0.0047333345 0.0049440571 0.0109533848 0.0098239543 0.0074493415 0.0087109594 0.0108683554 0.0083562158 0.0083838898 
5 0.0111018614 0.0070425069 0.0081134378 0.0068301801 0.0021283312 0.0099338608 0.0125275621 0.0046662979 0.0136318499 0.0038538644 0.0059356916 0.0070410021 0.010740663 0.0132390909 0.0040501441 0.0151895569 0.0043657707 0.0101589559 0.0043283054 0.0084970403 0.0094730317 0.0121390236 0.0057246378 0.0062188039 0.0074541007 0.012646252 0.010828031 0.0012769782 0.0145587582 0.0135940771 0.003946055 0.0088284671 0.0039796596 0.0072420984 0.0033530716 0.0063100106 0.0045850117 0.0080618255 0.0061470597 0.0072944595 0.0059356985 0.0102031193 0.0080349898 0.009822364 0.0120293736 0.0064168708 0.0147289105 0.0088075306 0.0093556077 0.0046930134 0.0057217366 0.0083513377 0.011194296 0.0072240093 0.0071367599 0.0031579042 0.008738036 0.0078133488 0.0060597799 0.0095235044 0.0089763252 0.0111412583 0.0058286387 0.0065959282 0.0130351014 0.012839 0.0042718184 0.0094298447 0.0076896419 0.0056282966 0.0077171354 0.009854586 0.0057883796 0.0058683729 0.0062478153 0.0057542397 0.0067685386 0.0064718616 0.0079901221 0.0040535415 0.005264983 0.0100506293 0.0058718172 0.0039162125 0.0045070674 0.0083788595 0.0068443439 0.0111811921 0.0102032784 0.0046670659 0.0075860628 0.0055208451 0.0099137728 0.0091331358 0.0072871271 0.0076759777 0.0065852933 0.0046681491 0.0086353058 0.0048568556 0.0058843778 0.0086575386 0.0077520699 0.0082894016 0.0044288425 0.0054719037 0.0028579257 0.004093994 0.0106061932 0.0151597652 0.0110587213 0.005997885 0.0079478407 0.0102081568 0.0113138386 0.0084852594 0.004358672 0.0107814841 0.0148927718 0.0054439338 0.0032584377 0.0081167943 0.0127818926 0.0054287551 0.0074465859 0.0035438695 0.0094431369 0.0096059541 
6 0.0018152261 0.008076538 0.0020146739 0.0110555321 0.0099338608 0.009672612 0.0057617979 0.0133970314 0.0041544996 0.0121429177 0.0077226704 0.0145177575 0.0139922029 0.008511082 0.0105608687 0.0112942569 0.0058619074 0.006769187 0.0048505094 0.0115602817 0.0061750216 0.0078572738 0.0079071905 0.0131951197 0.0054437005 0.0080177694 0.0135653271 0.0087144149 0.010493667 0.0048533646 0.0054580928 0.0118361622 0.0137939271 0.0071144368 0.0064419563 0.0092375557 0.0043965699 0.0042579768 0.0136782603 0.008915597 0.0079505439 0.0052885744 0.0057573389 0.0104702492 0.0073830423 0.0103757423 0.0075762654 0.00542295 0.0087222455 0.0055499613 0.0028474673 0.0115708988 0.0045334749 0.0064608801 0.0098788956 0.0056213436 0.0101332192 0.0047921952 0.0081379454 0.0061656318 0.008619403 0.0112090374 0.004785501 0.0056489428 0.0085033345 0.0051241769 0.0069897007 0.0081036561 0.0127338386 0.0083198987 0.007595365 0.0035551853 0.0097344271 0.0064233614 0.0090612848 0.0106878209 0.0101312243 0.0047087963 0.0074829659 0.005092684 0.003953312 0.0107737796 0.0057043632 0.0059639187 0.010038443 0.0071756244 0.0078036241 0.0091769975 0.0034724947 0.006325308 0.0120372831 0.0079381501 0.0072910645 0.0054781266 0.0021089573 0.0058803757 0.0038870906 0.0114164881 0.0053584725 0.0023197836 0.0072622138 0.0107341697 0.0083485196 0.0072766037 0.0124872346 0.0075457765 0.0056559666 0.008538674 0.0137749712 0.003911777 0.0125257885 0.0014871677 0.00785364 0.007586021 0.006529009 0.0090026282 0.0063310885 0.0004672556 0.0077228044 0.0064217003 0.0070088603 0.0132201547 0.0082529749 0.0120366299 0.0108852852 0.010556385 0.0045317408 0.0037730343 
7 0.0103414272 0.0052064614 0.0089158042 0.005971474 0.0125275621 0.0057617979 0.0035847288 0.0036454079 0.0071264708 0.007810739 0.0103135466 0.00792772 0.0105042263 0.0082180549 0.0087282969 0.0069351601 0.011235541 0.0042767723 0.0077574241 0.0085826202 0.0091906609 0.0067025673 0.0075436208 0.0068580586 0.0089351976 0.0104337022 0.0157635779 0.0027147367 0.0171121579 0.0111879479 0.0086506077 0.0089386035 0.0096869328 0.0063635257 0.0064341364 0.0083108163 0.0086020372 0.0109647789 0.0062169408 0.0079386698 0.0066384342 0.0087209196 0.0056105423 0.0054982491 0.0080195824 0.0080728907 0.0056820066 0.0051157006 0.0132582185 0.0040359385 0.0094655669 0.0070312022 0.0120509631 0.0065421139 0.0069837448 0.0051034428 0.0077791061 0.0069037803 0.009472348 0.0069713918 0.0088053253 0.0067154911 0.0070692786 0.0041929006 0.0078667483 0.0127161937 0.0075190082 0.0102047163 0.0077283187 0.0125955829 0.0095722114 0.0078353197 0.0111171599 0.0108377262 0.0081529281 0.0045533216 0.0071019766 0.0059592934 0.0045091571 0.0088744992 0.0062778756 0.008253051 0.0098799059 0.007146912 0.0052173432 0.0071568745 0.0013569067 0.0119227272 0.0040275782 0.0061751333 0.0081364479 0.0088361852 0.0027265028 0.0077639906 0.0055677459 0.0086631668 0.0050386163 0.0035937163 0.0078425618 0.0065801301 0.0028008216 0.002815496 0.0067091208 0.0065344798 0.0109269917 0.0139626043 0.0066664358 0.0105349455 0.0115221456 0.0048057753 0.0052090122 0.0095504173 0.0085536073 0.0036748174 0.0059513818 0.0141272663 0.0064178138 0.0133663603 0.0086979668 0.0120717444 0.0059870762 0.012926557 0.0067592866 0.008400094 0.0085086466 0.0085348346 0.0045374038 0.0004797141 
8 0.0092879319 0.0089950945 0.0047128135 0.0061491523 0.0046662979 0.0133970314 0.0036454079 0.0040123746 0.0087862096 0.0133384171 0.0076713118 0.008164884 0.0035718198 0.0079341598 0.0088713321 0.0101394584 0.0068031105 0.0105318453 0.0106220939 0.0125770068 0.006490672 0.0064880282 0.0051355289 0.0140056145 0.0074118861 0.0065257351 0.0039739707 0.0040942792 0.0126013719 0.0042892553 0.0067117136 0.0094207443 0.0046623888 0.0097765318 0.0097652713 0.0065859362 0.0095830812 0.0093910876 0.0073057745 0.0080651615 0.0148618052 0.0048501148 0.0047453627 0.0122292457 0.0056371803 0.0041048817 0.0080290484 0.0036122676 0.0093610271 0.0077751609 0.010689286 0.0067397153 0.005170274 0.0062905765 0.0066977804 0.0038719148 0.0059353008 0.0093480458 0.0133311701 0.0109999175 0.0089769182 0.0019584068 0.0100850484 0.0048685695 0.0082367538 0.005864557 0.004655136 0.007002118 0.0042826642 0.0073192175 0.0071520205 0.0167218715 0.0051876747 0.0050526057 0.0110663225 0.0088686673 0.0108685337 0.0086776991 0.0117369209 0.0073924356 0.0018743713 0.0075059404 0.0072007921 0.0039622815 0.008688122 0.0062768939 0.0029176032 0.0134906761 0.0104646493 0.0125831753 0.0074956454 0.0050401419 0.0039311241 0.0140966817 0.0065364031 0.00734307 0.0106976299 0.0050203886 0.0080454984 0.0048592244 0.0048943347 0.0088911783 0.0081544778 0.0101817224 0.0130491675 0.0138753602 0.0103053474 0.006540276 0.0081654489 0.010563553 0.0085189707 0.0083895984 0.0110392287 0.0075348696 0.0090474516 0.005011988 0.0053408937 0.0061863339 0.0076162821 0.0095824261 0.0066883009 0.0080947493 0.0073603072 0.002709238 0.0039409745 0.0085009137 0.008687248 0.0066830443 
9 0.0063694101 0.0079109923 0.0109214484 0.0054290069 0.0136318499 0.0041544996 0.0071264708 0.0087862096 0.0073889921 0.0038056413 0.0076996473 0.0083621388 0.0099472048 0.009741644 0.0086671355 0.0049798377 0.0072609705 0.0120569912 0.0085175569 0.0074160763 0.0054030566 0.0051617204 0.0049987446 0.0094622448 0.0057085065 0.0066241038 0.0066886357 0.0112622029 0.009224857 0.0119340963 0.0121776158 0.0078357884 0.0116716376 0.0107325895 0.0064197616 0.009256718 0.0031701352 0.0084447643 0.0116196609 0.003541284 0.0051294987 0.0057076586 0.0072767272 0.0115510237 0.0060887303 0.006470624 0.0090142846 0.0155026257 0.0052659176 0.0027802444 0.0066164143 0.0027553412 0.0047826781 0.0071674088 0.0055447661 0.0088147284 0.0043237875 0.0121155324 0.0080197416 0.0053529182 0.0073817261 0.0076199539 0.0080544055 0.0088868676 0.0075642929 0.0090355463 0.0107197576 0.0058161092 0.012026068 0.0077818602 0.0047351073 0.0088089309 0.0033630912 0.0073499051 0.0102411962 0.0105486663 0.0055567296 0.0070295481 0.0053700678 0.0073460901 0.0105251112 0.0092526414 0.0060977649 0.0073337759 0.0112150175 0.0049635647 0.0059455542 0.0086084297 0.0102478811 0.0107397347 0.0084351948 0.0068534819 0.0088787294 0.0093520011 0.0128399 0.0091215619 0.0085546125 0.004174366 0.0088420013 0.0079560748 0.0069033468 0.0030779109 0.0087688405 0.0072777435 0.0091427469 0.0093668999 0.0070356966 0.003010414 0.0069451071 0.0080212491 0.006283284 0.0069578738 0.0064243959 0.0134631534 0.0081137607 0.0070330045 0.0061749872 0.006825559 0.0083381607 0.008341103 0.0072665625 0.0040413674 0.0115736857 0.0131146726 0.0118324848 0.006639601 0.006538306 0.0045222641 
10 0.016630902 0.0067912774 0.0072274893 0.0050126164 0.0038538644 0.0121429177 0.007810739 0.0133384171 0.0038056413 0.0045994223 0.0074038471 0.0039826073 0.0098322209 0.0038821062 0.0071146437 0.0074074711 0.0090943411 0.009678203 0.0029671572 0.0080294843 0.0117725868 0.0061031449 0.0057278077 0.0103418527 0.0063899499 0.0069438654 0.0070912126 0.0155276148 0.0045392356 0.003421919 0.004556634 0.0074944593 0.0063715638 0.0104002385 0.0104905046 0.0099746066 0.0098302169 0.0091414996 0.0075944665 0.0057681864 0.014199109 0.0060196038 0.0084257977 0.0098430556 0.0050333922 0.0097902697 0.0035992923 0.0042213364 0.0096919429 0.0054423003 0.0038184115 0.0065944051 0.0116682003 0.0087423389 0.0059189871 0.008778964 0.0114074065 0.0072787555 0.0053401227 0.0083417645 0.0121373947 0.0074409502 0.0102363408 0.0083135127 0.0073460994 0.0103646967 0.0070969708 0.0104009585 0.0022953615 0.0085311346 0.004891265 0.0141115609 0.0091355454 0.0109490019 0.0092456544 0.0118959424 0.0096836299 0.0060315516 0.0094736883 0.002445603 0.0079323404 0.0044427709 0.0019683283 0.012810223 0.0132900662 0.0080183011 0.0050200335 0.0092210069 0.0082478888 0.0106751436 0.006647354 0.0082008164 0.003347653 0.0072510821 0.0103759575 0.0078699623 0.0144167598 0.0098399728 0.0047032079 0.0100947616 0.0055540808 0.0088197582 0.009923659 0.0039727662 0.009601817 0.0054027998 0.0064023263 0.0035023698 0.0068532619 0.0073479496 0.006153256 0.0065152197 0.0095353535 0.004717302 0.003702065 0.0066607792 0.0078175411 0.0026311856 0.008498182 0.0082515915 0.0123585071 0.0090395813 0.0117980637 0.0083686625 0.0030572221 0.006048743 0.0074377152 0.009385358 
11 0.0108229708 0.0081627223 0.0084941439 0.0113927603 0.0059356916 0.0077226704 0.0103135466 0.0076713118 0.0076996473 0.0074038471 0.0070945499 0.0092047989 0.0131704808 0.0047003695 0.0010850477 0.0072542888 0.006424922 0.0087052615 0.0071515737 0.0051489948 0.0048949994 0.0103360486 0.0052168935 0.0035617813 0.005151938 0.0067503929 0.0067187398 0.0074595131 0.0073362828 0.0034913738 0.0122995655 0.0080248702 0.0078372978 0.0075676511 0.0118979515 0.0091276703 0.0093660714 0.0081084811 0.0113161393 0.010050542 0.0044396932 0.0055967609 0.0072747057 0.0095771088 0.0064563835 0.0085732647 0.0065180742 0.0123728528 0.0064022107 0.0093119048 0.0065775573 0.0050797242 0.0116528565 0.0077988253 0.0079641347 0.0091416416 0.0092998206 0.0090990006 0.0075833531 0.0077871626 0.0081882877 0.0069881467 0.0097244443 0.0102663474 0.0104016699 0.0093513416 0.0073603677 0.0071253907 0.0044017945 0.0080356304 0.0067000519 0.0093550049 0.0067384055 0.0058340979 0.0029548548 0.0096133896 0.0057576246 0.0061429566 0.0050425382 0.0147585745 0.0077468302 0.0061010541 0.0087203466 0.0122938578 0.00605825 0.0112360529 0.0035267346 0.0066605703 0.006437918 0.0052830555 0.0117828139 0.008662588 0.0109642498 0.0099060689 0.011511547 0.0060745439 0.0049619144 0.0109884629 0.0090021715 0.008646893 0.0079866917 0.0059039887 0.0100522406 0.0045200513 0.0060888002 0.0055231806 0.0056072586 0.0051856353 0.0044939466 0.0080712643 0.0094664817 0.0061340282 0.0020133017 0.0069657853 0.0092386333 0.0046462308 0.0135883269 0.0107221265 0.0076839443 0.0096057561 0.0063501344 0.0026815504 0.0046619334 0.0084423287 0.0107404507 0.0133346808 0.0061914577 0.0122121095 
12 0.0067634193 0.0068389118 0.0120857226 0.0071566244 0.0070410021 0.0145177575 0.00792772 0.008164884 0.0083621388 0.0039826073 0.0092047989 0.0051162882 0.0080694056 0.0088569507 0.0079788657 0.0061183578 0.0076911358 0.0097435179 0.0070926701 0.0134271134 0.0103887128 0.0119433324 0.0082027753 0.0075931253 0.0096606529 0.003713498 0.0023413463 0.0093149019 0.0062995454 0.0102010045 0.0067998686 0.0117132792 0.0059686759 0.0100693718 0.003055154 0.0099096651 0.0126475908 0.0102535592 0.0054272061 0.0082181715 0.0062735939 0.0054326751 0.0121666532 0.0043491306 0.0073230605 0.0082065591 0.0066885638 0.0061798352 0.0049581624 0.0048687488 0.0093575946 0.0130073995 0.0054624887 0.0070769009 0.0045558817 0.0092825531 0.0110055146 0.0072151851 0.0058728481 0.00580508 0.0090843928 0.0057127544 0.0060588637 0.006735276 0.0034503464 0.0047766898 0.0102714639 0.0078121476 0.0100199713 0.0090896429 0.0037791079 0.0062382218 0.0142112229 0.0089195207 0.0151914506 0.0029885363 0.0068348224 0.0048875861 0.0046014368 0.0084184697 0.0134920651 0.0053633157 0.0053304024 0.0108793804 0.0085462313 0.0129069798 0.0097001189 0.0043890853 0.0041521353 0.0116118051 0.0107606711 0.0064324834 0.0073510579 0.0063550055 0.0066751335 0.009693336 0.0041379728 0.0060297875 0.0082775292 0.01061917 0.0056592401 0.0037691208 0.0101192822 0.0049640556 0.0064806659 0.0141514682 0.0072179741 0.0076225243 0.0063039 0.0052671272 0.0112674162 0.0098479725 0.0067835363 0.0035667289 0.0043018124 0.0110884917 0.0062034938 0.0086406993 0.0106186813 0.0069621461 0.0055582127 0.0074991975 0.0072901451 0.0062203026 0.0092404012 0.0085686427 0.0099271161 0.0081242971 
13 0.0080406156 0.0123099884 0.0107074421 0.0045748545 0.010740663 0.0139922029 0.0105042263 0.0035718198 0.0099472048 0.0098322209 0.0131704808 0.0080694056 0.0057658587 0.0086131982 0.0083603593 0.0155861013 0.004966976 0.0092519109 0.0040564551 0.003638256 0.0061290683 0.0049284181 0.0041307371 0.010830026 0.0073481995 0.0031143895 0.0036948967 0.0073625924 0.007383353 0.0051814807 0.0082786975 0.0035292672 0.0096440799 0.0073764241 0.0071300909 0.00465961 0.0077180926 0.0069300103 0.0118294826 0.0093363233 0.0076141064 0.0071974178 0.0092482195 0.0084710908 0.0101597797 0.002917632 0.0064080741 0.006089752 0.0080591275 0.0087555074 0.0022826226 0.0055547539 0.0087100617 0.008861441 0.0115677499 0.005946118 0.005540792 0.0085031661 0.006969297 0.0127413689 0.0060764873 0.0081826089 0.0073610014 0.0049991664 0.0083048645 0.0072216538 0.0073057278 0.0044250699 0.0055787558 0.0060066959 0.006054576 0.0065161718 0.0062289625 0.0110447229 0.0076778592 0.006132437 0.0136458717 0.0056222351 0.0057065717 0.013097762 0.0048145528 0.0064799924 0.0061297453 0.0065334105 0.0043494158 0.0129173723 0.0095253665 0.0063238911 0.011035885 0.0057101597 0.0060860801 0.0053288201 0.0076761802 0.0124840143 0.010244841 0.0076741518 0.013259383 0.0062696477 0.0107729614 0.010165808 0.0128323455 0.0116739636 0.0091543531 0.0085410565 0.0106395509 0.0037710911 0.0103912992 0.0095733912 0.0051595739 0.0083358714 0.0065252689 0.00750898 0.0094876383 0.0062466201 0.00455634 0.0043580082 0.005885983 0.0098371532 0.0069546854 0.0056851708 0.0083058897 0.0034812467 0.0109789363 0.0089921506 0.007103752 0.0050686985 0.0135872237 0.0105593189 
14 0.0140800393 0.0096657254 0.0064892861 0.004990883 0.0132390909 0.008511082 0.0082180549 0.0079341598 0.009741644 0.0038821062 0.0047003695 0.0088569507 0.0086131982 0.0046199279 0.0039811651 0.0054168731 0.0142132699 0.0050831124 0.0105455695 0.0064692932 0.0043439763 0.0092240878 0.0080610509 0.0073429087 0.0066148351 0.0081417692 0.0070811845 0.0087850008 0.0048010981 0.0058909446 0.0112735481 0.0057020089 0.0109585273 0.0060129223 0.0054683449 0.0102886036 0.0091644585 0.0112340309 0.0065490771 0.0031946791 0.0135016128 0.0061890051 0.0033890299 0.0099249461 0.0075112255 0.0082995142 0.0084855964 0.0105605826 0.0121230957 0.0048996727 0.0036065452 0.0062596403 0.0056304188 0.0093104664 0.0064068833 0.0060016797 0.0106759256 0.0072870246 0.0079911658 0.0093691403 0.0094980757 0.0081962381 0.0084489943 0.0112798757 0.0040104827 0.0093298245 0.0065669595 0.0039903379 0.0054535402 0.0091580983 0.0052335876 0.0051166671 0.0065408084 0.0103947108 0.0034540446 0.0079455824 0.0144164654 0.0126506284 0.0087657435 0.0116292825 0.0094881082 0.0113232995 0.0091584639 0.002206541 0.0113260529 0.0063666261 0.0098790444 0.0042613776 0.0052582434 0.0107336021 0.0094081385 0.0064429225 0.0045445393 0.0105221875 0.008425374 0.0049087404 0.0060401044 0.0091793711 0.0062716689 0.0128887183 0.0080231108 0.0065088832 0.0065576268 0.0087973935 0.0073836013 0.0076773869 0.0071087696 0.0086171225 0.0083916111 0.0140454825 0.0055257755 0.0075217918 0.0080712644 0.0023991408 0.0049896498 0.007146279 0.0053386629 0.0116549091 0.0057017191 0.0141613219 0.0081519359 0.0065186726 0.0025511939 0.00901569 0.0070504841 0.0095703456 0.0055590228 0.008440052 
15 0.0051247889 0.0042774109 0.0070902997 0.0034340171 0.0040501441 0.0105608687 0.0087282969 0.0088713321 0.0086671355 0.0071146437 0.0010850477 0.0079788657 0.0083603593 0.0039811651 0.0092179733 0.0085786986 0.0149408376 0.0095378891 0.0085394744 0.0090815796 0.006072499 0.0062600063 0.0129059638 0.0069052029 0.0093292719 0.0080515872 0.0047609725 0.0082866859 0.0093277359 0.0081260079 0.0133216833 0.0052815044 0.004513509 0.0102559379 0.0098366891 0.0049866557 0.0058613639 0.0030645432 0.0089361724 0.0147229304 0.005457888 0.008006193 0.0090282801 0.0057949117 0.0091450134 0.0058600719 0.0063545024 0.0089470901 0.0086242841 0.00681068 0.0089498157 0.0085424575 0.0040206238 0.0062151351 0.0118524641 0.0109640722 0.0113221069 0.0089226452 0.0121514895 0.0096177729 0.0078284106 0.0050428739 0.0032126397 0.0061111255 0.0082537239 0.0065625813 0.0071177317 0.0066864151 0.0077550393 0.0062308461 0.003790347 0.0097572515 0.0049043191 0.0032781828 0.0140396157 0.0122588417 0.0071662373 0.0067906571 0.0097407517 0.0061572031 0.0084588718 0.0091014206 0.0075081004 0.0035304843 0.0072310616 0.0114719854 0.0043610408 0.0108098854 0.0103501738 0.0103056269 0.0081953967 0.0055080703 0.0046618076 0.0093067167 0.0112344486 0.0021928139 0.0081432749 0.002414817 0.0082603619 0.0108927404 0.0069671433 0.0085501912 0.0053210283 0.0060581133 0.005471698 0.0090962949 0.0074550602 0.0072766007 0.0095841302 0.0079192637 0.0114744123 0.0129756378 0.0078592524 0.0068228812 0.0081036774 0.0066191219 0.004863236 0.0086311526 0.0086411432 0.0048149505 0.0072647 0.0092398442 0.0120555782 0.0064157018 0.0149406821 0.0048757936 0.010444445 0.0070191249 
16 0.0109586851 0.0067245079 0.0057336861 0.0073006722 0.0151895569 0.0112942569 0.0069351601 0.0101394584 0.0049798377 0.0074074711 0.0072542888 0.0061183578 0.0155861013 0.0054168731 0.0085786986 0.005841384 0.0080903683 0.006970874 0.0083063736 0.0090996993 0.0046915257 0.0046495015 0.0067191699 0.0091775991 0.0053423749 0.0109776093 0.0074437752 0.0041027792 0.0087547359 0.0101117106 0.008399448 0.0053576098 0.0043823578 0.0163685251 0.0137920899 0.0103103691 0.0097890481 0.009631013 0.0115129238 0.0062230054 0.0056303382 0.0071348401 0.010694148 0.0116058434 0.0104367844 0.0040789966 0.0061263119 0.0043213403 0.010379949 0.00870353 0.0037126026 0.0115609161 0.0115448195 0.0097222025 0.011494669 0.008092814 0.0048896789 0.0085359749 0.0047204697 0.0078847415 0.0032138352 0.0072097216 0.0069785192 0.0087426723 0.008714845 0.011030202 0.0099768314 0.0061309654 0.0087127254 0.0093497084 0.005800035 0.01045855 0.0067110964 0.0115574528 0.0070468927 0.0047171489 0.007518593 0.0067778225 0.0034302342 0.0098941942 0.007376733 0.0088028746 0.0022650928 0.0099308396 0.0082801707 0.0065558746 0.0050329226 0.0043100383 0.0057827005 0.0060803425 0.0058967638 0.0062089915 0.0057073962 0.0051617194 0.0075185773 0.0121750969 0.0081991846 0.0096753388 0.0067424943 0.0061180499 0.0044183737 0.0146236746 0.0090833118 0.0050140085 0.0042111475 0.0048172344 0.0100628969 0.0043572746 0.0102765448 0.0057435774 0.0070861377 0.0096616925 0.0067914264 0.006231154 0.0065322521 0.0076973231 0.0131165013 0.0056964841 0.008796147 0.0113747736 0.0040690312 0.0096170398 0.0064345119 0.008913025 0.0052251868 0.0103003833 0.0079330602 0.0031881253 
17 0.008673468 0.0085083218 0.0100522498 0.0101532905 0.0043657707 0.0058619074 0.011235541 0.0068031105 0.0072609705 0.0090943411 0.006424922 0.0076911358 0.004966976 0.0142132699 0.0149408376 0.0080903683 0.0137913837 0.0088179901 0.0077609235 0.0114163141 0.0084496907 0.0054916239 0.0087783849 0.0048947692 0.0123466344 0.0060499926 0.0075317822 0.0107557834 0.0098873734 0.0067205391 0.0109854402 0.0084773946 0.0111453649 0.0056632373 0.0084069697 0.007219522 0.0077049175 0.0047587479 0.009805771 0.0085842277 0.0055748827 0.0082683221 0.0047671428 0.006662633 0.0120060072 0.0073216483 0.0095073391 0.0077223136 0.0114857588 0.0082129288 0.0142492016 0.0066447222 0.0077618145 0.0068776392 0.0056218795 0.0080254146 0.0077800345 0.0103384553 0.0098670343 0.0104061953 0.0074085837 0.010265688 0.0103044552 0.0052326972 0.0048892724 0.0069721444 0.0042698225 0.0065956986 0.0056948488 0.0040755639 0.0088468285 0.0050220451 0.0037387428 0.0088011218 0.0138016383 0.0051334938 0.0084604566 0.0073907794 0.0043012919 0.005032915 0.0055663518 0.0097364972 0.0040017675 0.0059388969 0.0061664432 0.0074382751 0.0081165304 0.0096909004 0.0070042253 0.011487735 0.0060642412 0.0116977184 0.0087443855 0.01369538 0.004841087 0.0058505798 0.005775041 0.0116022187 0.0044354519 0.0056666646 0.0159428289 0.0046818875 0.0075103469 0.00523316 0.0041629816 0.0059828617 0.0114668521 0.0041000097 0.0073573681 0.006407409 0.0090855825 0.0062717225 0.0046387438 0.0065431968 0.0072524064 0.0055658616 0.0036727663 0.0075932518 0.0098538951 0.0067627405 0.0045906215 0.0071400009 0.0084628028 0.0057677213 0.0080719024 0.0081258741 0.0043544787 0.01075962 
18 0.0050623549 0.007779096 0.0088424458 0.0051884412 0.0101589559 0.006769187 0.0042767723 0.0105318453 0.0120569912 0.009678203 0.0087052615 0.0097435179 0.0092519109 0.0050831124 0.0095378891 0.006970874 0.0088179901 0.0100441901 0.0098522785 0.004447616 0.0125315393 0.0057910394 0.0105851886 0.0113308001 0.0074481658 0.0062539807 0.0058325212 0.0094109763 0.0073230616 0.0090461101 0.0038856298 0.0087703232 0.0093275038 0.0124742772 0.0079268538 0.0119550176 0.0049559574 0.0058882649 0.0061570183 0.0087690387 0.0035329832 0.00419089 0.0104424062 0.0087287398 0.0080377193 0.0055878485 0.0108070518 0.0083566171 0.0049630051 0.0058000199 0.0049508144 0.0093202529 0.0082228734 0.0056797597 0.009579273 0.0068633997 0.0107740096 0.0104241585 0.0073295871 0.0107308131 0.0048268189 0.0072271839 0.0126673709 0.0070359678 0.0092970277 0.0039918738 0.0055997731 0.0073590931 0.0166207761 0.0060606306 0.0114433966 0.0132158533 0.005493453 0.0025068917 0.0079451481 0.0119858371 0.0084747302 0.0052636136 0.007533285 0.0078276023 0.0087217957 0.0034301344 0.0108559099 0.0051867935 0.0104166827 0.0027700459 0.0085968989 0.007785889 0.0057172918 0.0144715129 0.0060475037 0.0129361248 0.0057563906 0.0065692038 0.006911867 0.0091444874 0.0054341862 0.0086947238 0.0092467914 0.0051191217 0.0136186894 0.0094095772 0.0082726659 0.0031431773 0.0126801409 0.0094791979 0.0082599725 0.0054339584 0.0043652062 0.0051552658 0.0045640597 0.0091984989 0.0111791586 0.0042041237 0.0114181287 0.00878081 0.0068956269 0.0022247119 0.0070059333 0.0079547102 0.0078277832 0.0065306981 0.005280944 0.0041175011 0.0045097113 0.0097830322 0.0059138066 0.0038188051 
19 0.0066940844 0.0042736946 0.0100145902 0.0117359605 0.0043283054 0.0048505094 0.0077574241 0.0106220939 0.0085175569 0.0029671572 0.0071515737 0.0070926701 0.0040564551 0.0105455695 0.0085394744 0.0083063736 0.0077609235 0.0098522785 0.008900351 0.0090150973 0.0141486428 0.0103490403 0.0129952551 0.0055926709 0.0107066586 0.009105697 0.0089448331 0.00672399 0.003632335 0.0068596811 0.0092552068 0.0035422821 0.0058268618 0.0086849082 0.0110712734 0.0071807444 0.0072007822 0.0102148156 0.0116215816 0.0055286845 0.0077153849 0.003087821 0.0076233288 0.007926648 0.0061200313 0.0106310321 0.0111974176 0.0081221111 0.0075205555 0.0086316762 0.0065790372 0.0074192561 0.0095078303 0.0073993482 0.0037970056 0.0124989608 0.0086858017 0.0079422151 0.0034311036 0.0065548952 0.0075181214 0.0042649298 0.0125136715 0.0034812735 0.010826534 0.0057559321 0.0098778204 0.0083280273 0.0078692463 0.0060787381 0.0092165045 0.0087490938 0.0077163108 0.0105170193 0.0090602806 0.0064709667 0.0073333526 0.0098972511 0.0058809667 0.0090784363 0.0110012003 0.0060042629 0.0059112947 0.004548704 0.0075000324 0.0095302665 0.0040484734 0.0036193777 0.0085966402 0.0067168868 0.0063645106 0.0027057278 0.0050968377 0.0074410777 0.0115692607 0.0094525208 0.0073779317 0.0084277314 0.0127644979 0.0116949451 0.0087202204 0.0082381211 0.0144468223 0.0105188066 0.010088353 0.0040151318 0.0047846178 0.0099654089 0.0107248723 0.0078491984 0.008309307 0.0047733243 0.0054352063 0.0067083748 0.0089484017 0.0075619386 0.0100582234 0.0080330863 0.0071615989 0.0063992181 0.00735721 0.0043724662 0.0068081773 0.006679912 0.0068718103 0.0054817334 0.0065097252 0.0078125282 
20 0.0088142408 0.0067045185 0.0047762523 0.0102806276 0.0084970403 0.0115602817 0.0085826202 0.0125770068 0.0074160763 0.0080294843 0.0051489948 0.0134271134 0.003638256 0.0064692932 0.0090815796 0.0090996993 0.0114163141 0.004447616 0.0090150973 0.0038277879 0.0036843582 0.0048943977 0.0101237704 0.0063399732 0.0074654018 0.0078005897 0.0110821319 0.0062517473 0.0078793875 0.0083904748 0.0105190489 0.0072518208 0.0093504874 0.0092883976 0.003758729 0.0061020923 0.005835501 0.0036131237 0.0070815805 0.0069966985 0.0029901804 0.011022446 0.0114142012 0.0067401053 0.0093986283 0.0065624918 0.0069616215 0.0072431834 0.0078719391 0.0072256011 0.0120667544 0.0051504908 0.0108129895 0.0055639717 0.0122852163 0.0019850208 0.0102742315 0.0072571102 0.0032862229 0.0134200334 0.0047228666 0.006108219 0.0075252273 0.0131673368 0.004225864 0.0068907213 0.0043888682 0.0075628485 0.0086869278 0.0079949588 0.0088232757 0.0110883062 0.0062097822 0.0073563164 0.0101510933 0.0040804429 0.0073393423 0.0055032013 0.010926114 0.0085984639 0.0083811559 0.0064807479 0.0083073453 0.0065567941 0.0090412389 0.00670615 0.0037650371 0.0057739217 0.0149672532 0.0039227546 0.0049366626 0.000974155 0.007785352 0.0160332973 0.0098219898 0.0060612355 0.0063503419 0.0075610618 0.0123427888 0.0082578787 0.0094311922 0.0111582546 0.0089434326 0.0132812513 0.0069345794 0.0044310287 0.010567993 0.0072355759 0.0061050544 0.0061701411 0.013923486 0.0060660338 0.0071400182 0.0108241954 0.0033444613 0.008017696 0.0055142071 0.0114002178 0.0097789425 0.0134101844 0.0086846285 0.0019101223 0.0130309797 0.0088151077 0.004183734 0.0099943007 0.0045049987 0.0037687917 
21 0.0069646581 0.0040590495 0.0140257232 0.0056204049 0.0094730317 0.0061750216 0.0091906609 0.006490672 0.0054030566 0.0117725868 0.0048949994 0.0103887128 0.0061290683 0.0043439763 0.006072499 0.0046915257 0.0084496907 0.0125315393 0.0141486428 0.0036843582 0.0025988754 0.0086180347 0.0095558757 0.0067322383 0.004238042 0.0070889505 0.0072783603 0.0047103052 0.0122149652 0.0119886791 0.0072512174 0.0109540402 0.0049173407 0.0086380982 0.0057061092 0.0039314951 0.0060890442 0.0100525148 0.0028283146 0.0100521912 0.0067961971 0.0065692976 0.0049153554 0.0087945582 0.0074477565 0.0107291004 0.0084975439 0.0082233593 0.0140539695 0.0089468321 0.0079958365 0.0098831224 0.0076323784 0.0074889576 0.0126885114 0.0083213152 0.0059531818 0.0061130377 0.0076143285 0.0043727332 0.0061800915 0.0082325985 0.0091458359 0.013412416 0.0091869036 0.0048582243 0.0035243824 0.0107687487 0.0097870413 0.0089221687 0.0032369132 0.0111249148 0.0070009624 0.0053281106 0.0088084118 0.0099460418 0.0048439063 0.0071755858 0.009683435 0.0031984911 0.0078211551 0.0103906768 0.0097130859 0.0056566213 0.0110264243 0.0038152766 0.0045183844 0.0067450765 0.0128072974 0.0113662849 0.0093414605 0.0039804132 0.0115476636 0.0080888018 0.0107207008 0.0077972409 0.0113190282 0.0052776834 0.0029833584 0.0093995663 0.0062111492 0.0121385356 0.0082766196 0.0059222864 0.0079328447 0.0060722221 0.0097797607 0.0064538977 0.0118789816 0.0105666713 0.0066773259 0.0028466072 0.0082353745 0.0089501792 0.0089926073 0.0074835562 0.0058721058 0.0059745523 0.0058586995 0.0135540188 0.0075246271 0.0055928856 0.0095620457 0.0071741665 0.0081459064 0.0058741403 0.0085519979 0.0062229081 
22 0.008236811 0.0043277086 0.0055484125 0.0048344888 0.0121390236 0.0078572738 0.0067025673 0.0064880282 0.0051617204 0.0061031449 0.0103360486 0.0119433324 0.0049284181 0.0092240878 0.0062600063 0.0046495015 0.0054916239 0.0057910394 0.0103490403 0.0048943977 0.0086180347 0.010755138 0.0082606263 0.003894623 0.0087815222 0.008165875 0.0099145289 0.0035874557 0.0029389209 0.0073775462 0.0019956291 0.0102527408 0.0070179168 0.010739888 0.0069733145 0.0137971334 0.0041294276 0.0109151197 0.0092072126 0.0104362857 0.0044598569 0.0076000359 0.0089197959 0.0096999668 0.0093892509 0.0066092716 0.0080594769 0.010608704 0.0080229427 0.008808078 0.0063302712 0.0154485271 0.0141639516 0.014134859 0.0102925322 0.008138476 0.0123024113 0.0108482511 0.0071055344 0.006213282 0.0065463902 0.0031025989 0.0063672103 0.0042622888 0.0147991579 0.0040509209 0.0037986514 0.0104283579 0.0078472296 0.0069432376 0.0067469971 0.0080616844 0.00689523 0.0117852129 0.0078359055 0.007408133 0.0096718758 0.0122105569 0.0123790975 0.0096157456 0.0058713813 0.0091511273 0.0083296256 0.0094284066 0.0085065658 0.0068299947 0.0094692769 0.0057307991 0.0096513707 0.0068853639 0.0056679773 0.0055276493 0.0062702451 0.0055017893 0.0057134845 0.0090606298 0.010337491 0.0092448386 0.0076571483 0.008028079 0.0069297492 0.0062392429 0.0082378647 0.0084929766 0.0137996189 0.0083675507 0.0093878143 0.0132238871 0.0099027907 0.0093704684 0.0037938184 0.0072110766 0.0045462308 0.008193585 0.0026493313 0.0067246345 0.011847042 0.0036995915 0.001015481 0.0058892514 0.0052067069 0.0056266683 0.0085007613 0.0028541481 0.007696366 0.0058649907 0.0074051512 0.0075223858 
23 0.0079453121 0.0114729299 0.0075351829 0.0064384811 0.0057246378 0.0079071905 0.0075436208 0.0051355289 0.0049987446 0.0057278077 0.0052168935 0.0082027753 0.0041307371 0.0080610509 0.0129059638 0.0067191699 0.0087783849 0.0105851886 0.0129952551 0.0101237704 0.0095558757 0.0082606263 0.0009819293 0.0043458795 0.0082237637 0.0117633537 0.0092126561 0.0096282245 0.0039847918 0.0068942815 0.0061629905 0.006766913 0.0102606491 0.0070190438 0.0096012891 0.005507809 0.0072845919 0.0058245049 0.0078435499 0.0043337146 0.0128895665 0.010059683 0.0093305356 0.0104205879 0.0088097266 0.0080976253 0.0092026263 0.0067145756 0.0101563722 0.0044554477 0.0083850535 0.0085895208 0.0124659049 0.0083479953 0.0039728956 0.0049019868 0.0063068277 0.0077620818 0.0063206255 0.0047864602 0.0084283324 0.0059768669 0.0095480349 0.0052437315 0.0160886634 0.0090080689 0.0142539661 0.0035053819 0.007092814 0.0140234219 0.0054084593 0.0056342039 0.013782049 0.0108461687 0.0096353481 0.0076566087 0.0086108338 0.0075249968 0.0056827525 0.0044050152 0.007273971 0.0099021491 0.0103050244 0.012635922 0.0111944924 0.005075217 0.0055323188 0.0092146637 0.0068256062 0.0047204641 0.0093487273 0.0059857008 0.0072615317 0.0093998571 0.0072721946 0.0142691129 0.0056828524 0.0102802014 0.0058799665 0.0044795732 0.0078644083 0.010711312 0.0061312819 0.0072970651 0.0085504238 0.0033122647 0.0051407609 0.0087669524 0.0105057194 0.0060550771 0.0148816156 0.0050031939 0.0032787972 0.0050156063 0.0090062264 0.0085694281 0.0052538307 0.0087994942 0.005686912 0.0058771211 0.0095654709 0.0053602066 0.0068263019 0.0044098576 0.0045247968 0.0090596989 0.0096186493 0.0064510996 
24 0.0055504995 0.0114156075 0.0101967923 0.012633139 0.0062188039 0.0131951197 0.0068580586 0.0140056145 0.0094622448 0.0103418527 0.0035617813 0.0075931253 0.010830026 0.0073429087 0.0069052029 0.0091775991 0.0048947692 0.0113308001 0.0055926709 0.0063399732 0.0067322383 0.003894623 0.0043458795 0.0066649778 0.0064148539 0.0099928331 0.0122464713 0.0182522487 0.0093602395 0.0079105823 0.0046231533 0.0089264 0.006093729 0.0055273976 0.0045860237 0.0038295954 0.0096382742 0.0039777909 0.0034053176 0.0117726966 0.0090812354 0.0113979716 0.008467418 0.0047152353 0.0090633282 0.0087650466 0.0110147138 0.00839064 0.0106992529 0.0093881687 0.0133332807 0.003869623 0.0073663171 0.0120275932 0.0076698419 0.0083360515 0.006150225 0.0053552793 0.0041750566 0.0040871931 0.0072183952 0.0049917228 0.0056635796 0.0082997906 0.0022879974 0.0060650434 0.0066554456 0.0113709144 0.0034341248 0.0093983648 0.0098243882 0.0053353963 0.0048929154 0.009778314 0.008637289 0.0053977051 0.0150708427 0.0051849205 0.0115888263 0.0059030274 0.0070316636 0.0096428597 0.0094545653 0.008078959 0.0093969139 0.0082010139 0.002773022 0.0092280253 0.0061522657 0.006480939 0.0110168535 0.0060340154 0.0068694006 0.0078428203 0.0066371138 0.0094187711 0.007644645 0.0074654459 0.0074785294 0.0101948348 0.0085445865 0.0024897175 0.0152306083 0.0085440484 0.007199028 0.0050057482 0.0091440871 0.0049932392 0.0037465392 0.0089565122 0.0123440456 0.0061463705 0.0148582939 0.008437422 0.0080136727 0.004543162 0.0093364159 0.0032359279 0.0049311715 0.0076895663 0.0044370828 0.0097833425 0.0065807064 0.0073623066 0.0065430486 0.0040880026 0.0052367884 0.0135415124 
