60
1 0.0 0.0319069584 0.0310780353 0.0159117099 0.0182978078 0.0085250468 0.0234817983 0.0109404545 0.0250233291 0.0201864182 0.0157624635 0.030794939 0.0148983144 0.002153473 0.014188783 0.0173248216 0.0279666913 0.005005881 0.0178884305 0.0230014939 0.0073660336 0.0278378941 0.0322460715 0.0175305538 0.0074216105 0.0119457237 0.0274511038 0.011669698 0.0169009569 0.0247903001 0.009821141 0.0235845228 0.0065967119 0.0161559385 0.0181595368 0.0221228936 0.0127870023 0.023644892 0.0195292647 0.0130747292 0.0144662692 0.0174791934 0.0228955666 0.0070169468 0.0161993331 0.0105553298 0.0211438025 0.0069127394 0.0229345059 0.0183415979 0.0191447557 0.0046756318 0.01332919 0.0110145246 0.0106113128 0.0089034885 0.0093381876 0.0216575987 0.0228781488 0.0155284488
2 0.0319069584 0.0 0.0178060251 0.0173223795 0.0192391315 0.0307652568 0.0111394931 0.0215489795 0.0110752973 0.0038540987 0.0037619332 0.0051473982 0.027545447 0.0111029399 0.0219465437 0.0046891193 0.0258413934 0.0212699931 0.0244403707 0.0174523835 0.0125791329 0.0146301964 0.0331596859 0.013574827 0.0184510576 0.0221222799 0.0137825441 0.0219525518 0.0151300181 0.0083690446 0.0271795557 0.0095003603 0.0179705018 0.0100800921 0.0199755804 0.0213555084 0.0053065548 0.0070014575 0.0180256874 0.0143494638 0.0137976481 0.0100090967 0.005287652 0.0184659188 0.0135380884 0.0171264973 0.0265530503 0.0264854013 0.0250164533 0.0188953679 0.0177316103 0.009153103 0.0126067436 0.0228127186 0.0194275113 0.0157486764 0.0104466667 0.0234427332 0.0170244828 0.0240793373
3 0.0310780353 0.0178060251 0.0 0.0139239533 0.0100550226 0.0111651935 0.0150716218 0.0174334999 0.0307905949 0.0021183263 0.0240373506 0.024308296 0.0107798675 0.0111673648 0.018757682 0.0178353066 0.0147058832 0.0099040939 0.024133271 0.0166764429 0.0134936201 0.0175509526 0.0118910452 0.0103684881 0.0123130294 0.0246017352 0.0130887978 0.0048041287 0.0119987708 0.0226913767 0.0171364106 0.0179186466 0.0193432635 0.012898355 0.0065563044 0.0162480344 0.0113913595 0.0210507172 0.0270188602 0.0279295376 0.0140750206 0.0285070599 0.0124596285 0.0225807249 0.0162608378 0.0137085295 0.0165329247 0.0138352174 0.0126377909 0.0206637732 0.0227517552 0.0236801919 0.0175401364 0.0189637891 0.0287685774 0.0104403606 0.0117680432 0.0142954618 0.0172182022 0.0212707101
4 0.0159117099 0.0173223795 0.0139239533 0.0 0.0204570081 0.0121346609 0.0074846921 0.0191888989 0.0175312425 0.0172189693 0.0287275836 0.0273452095 0.0152005398 0.0298037158 0.0251305336 0.0125034416 0.0254532521 0.0207466574 0.0134942268 0.0257868451 0.0285582689 0.0122052042 0.0078023543 0.0206504188 0.0170412841 0.0074662921 0.0186343786 0.0035345041 0.0225695456 0.0158541097 0.0205071365 0.0134184906 0.0242470233 0.0156075656 0.0024520887 0.012421027 0.0236725392 0.012429667 0.0137338693 0.0193800507 0.0186323845 0.0068731129 0.0176932548 0.0235748797 0.0216137522 0.0047253236 0.0140666054 0.0089945377 0.0174548005 0.0178667222 0.026496675 0.010380419 0.011011758 0.0196608871 0.0102132477 0.0277891156 0.0119797779 0.0190890879 0.0242394609 0.0100928595
5 0.0182978078 0.0192391315 0.0100550226 0.0204570081 0.0 0.0056958797 0.0166707512 0.0120728144 0.0258407445 0.0117872042 0.0287894218 0.0227450489 0.0255630201 0.0251704619 0.0139293035 0.019827597 0.0097420626 0.0165470021 0.0120411291 0.0256663731 0.0192938936 0.0055836588 0.0099742817 0.0012458843 0.0230764274 0.0109208949 0.0268464227 0.0134566739 0.0073575987 0.0242143201 0.0215008551 0.0253302 0.0241911576 0.0269953041 0.0279314226 0.0314772156 0.0128460845 0.0165135509 0.0217938461 0.0186789248 0.0049080575 0.019678034 0.0174758387 0.0140809297 0.0095349406 0.0140226273 0.012883236 0.0199325853 0.0153576708 0.0013428736 0.0123690128 0.0100194159 0.0237073905 0.0066629971 0.0242953286 0.016574614 0.0167827225 0.0141430629 0.0261650101 0.0106972505
6 0.0085250468 0.0307652568 0.0111651935 0.0121346609 0.0056958797 0.0 0.0175812809 0.0165852887 0.0059668461 0.0080346668 0.0181485156 0.0208233176 0.0166052801 0.0265803271 0.0127404857 0.0066140537 0.0133020336 0.0109781163 0.0107022642 0.0229150125 0.0219765664 0.0103098015 0.0161962799 0.0267527382 0.0267122614 0.0177121176 0.0255185506 0.0242394533 0.0188985882 0.0138819644 0.0221210891 0.0164194624 0.0213939725 0.0126154224 0.0181968881 0.0278309476 0.0167759423 0.025832392 0.0136767258 0.0183183162 0.0039850238 0.0160677563 0.024665614 0.0214494194 0.0154829127 0.0129109373 0.0285866507 0.0174645201 0.0028922424 0.017930623 0.0243267085 0.0119180658 0.0090472275 0.0226522451 0.0208943202 0.0069431487 0.0085068856 0.0234888899 0.0123627925 0.0271810101
7 0.0234817983 0.0111394931 0.0150716218 0.0074846921 0.0166707512 0.0175812809 0.0 0.013037818 0.0047522902 0.0220176482 0.0303376295 0.0161312748 0.0133835843 0.0212350101 0.0229496739 0.0096066742 0.0152881157 0.018507461 0.0045011759 0.0113427016 0.0186611902 0.0179744083 0.0131628026 0.0211825411 0.0194587608 0.0016018453 0.0169780043 0.015635211 0.0156958579 0.0164427987 0.0207414207 0.0250203798 0.0187161989 0.0229546662 0.0208176832 0.0291688121 0.0144209444 0.0183352127 0.0079420043 0.0188517929 0.0160367179 0.0209827836 0.0133989475 0.0320588415 0.0158559528 0.0205380756 0.017042015 0.019495515 0.0110446401 0.0038446011 0.014449849 0.0113922943 0.0157567934 0.0263704184 0.0293522771 0.0225149238 0.0308424791 0.0111904487 0.0038733114 0.0156758848
8 0.0109404545 0.0215489795 0.0174334999 0.0191888989 0.0120728144 0.0165852887 0.013037818 0.0 0.0190437107 0.0190340043 0.0184650697 0.0068616213 0.0242788641 0.0186467699 0.0165588658 0.0171471723 0.0112260738 0.0176795423 0.0104840703 0.0090643669 0.0183254936 0.019478867 0.0231912589 0.0176239322 0.0020473702 0.0071479363 0.013009519 0.0223298752 0.0100705016 0.0084060015 0.0223762236 0.0186662586 0.0173310821 0.0248368163 0.0253932056 0.0117439235 0.0278940425 0.0128294053 0.0074990287 0.0259799506 0.0108918039 0.0232180448 0.0165420646 0.0161253524 0.0221384243 0.0276507857 0.0186349823 0.0217807974 0.0191580763 0.015143619 0.0105946603 0.0222490725 0.0106050058 0.0147380696 0.0051130179 0.0182251787 0.0120841588 0.0309323105 0.0249599759 0.023736022
9 0.0250233291 0.0110752973 0.0307905949 0.0175312425 0.0258407445 0.0059668461 0.0047522902 0.0190437107 0.0 0.0249249309 0.0174735093 0.0209134897 0.0073846897 0.028071955 0.029913941 0.0188622909 0.0122726753 0.0123712522 0.0203811599 0.0204197333 0.0132898839 0.0077152115 0.0072658574 0.0163417872 0.0297354735 0.0144123847 0.0197245792 0.0092853794 0.0153101484 0.0193820235 0.0083887446 0.0135239669 0.0178293111 0.0192345151 0.0208032443 0.0175620457 0.0244691845 0.0150257365 0.0129623789 0.0166434843 0.0116940576 0.0246189282 0.0181527881 0.014749622 0.0206230408 0.0254401592 0.0099200942 0.0230719832 0.0189863173 0.0097408961 0.0129461539 0.0296578476 0.010483192 0.0163929007 0.0140913423 0.0056325143 0.0158505853 0.0162832631 0.0109854465 0.0187598444
10 0.0201864182 0.0038540987 0.0021183263 0.0172189693 0.0117872042 0.0080346668 0.0220176482 0.0190340043 0.0249249309 0.0 0.0241407083 0.0090346438 0.0239173748 0.0058074984 0.0177893871 0.0164805519 0.0297134147 0.0336873738 0.0320570257 0.0079092492 0.0205483574 0.0245966863 0.0031389177 0.0168134216 0.0182100295 0.0244557341 0.0187531453 0.0170592761 0.0219474679 0.0225785198 0.0195361518 0.0085301312 0.028190461 0.0241923017 0.0182062496 0.0179504714 0.0090689677 0.0183250444 0.0158117334 0.0116690091 0.0214955568 0.022746232 0.0018831718 0.0032931302 0.0097847359 0.031084273 0.0064999561 0.015177829 0.004896154 0.0153058355 0.0147082001 0.030749153 0.0049301138 0.0107744067 0.02706867 0.0213389158 0.005365041 0.0310811985 0.0253335594 0.0071882954
11 0.0157624635 0.0037619332 0.0240373506 0.0287275836 0.0287894218 0.0181485156 0.0303376295 0.0184650697 0.0174735093 0.0241407083 0.0 0.0061921547 0.0225203117 0.0057422966 0.0100181052 0.0105084354 0.0218983691 0.0212664654 0.0160697949 0.0244762684 0.0150071091 0.0193133218 0.0093147678 0.0048896588 0.0182288929 0.0139707574 0.0241613323 0.023857434 0.0293830309 0.0163928698 0.003115993 0.0157815155 0.0283004398 0.007865534 0.0139160324 0.020308572 0.0195176469 0.0159728721 0.0113781282 0.0136146784 0.0196241138 0.0262512969 0.0231447415 0.027072966 0.0107388904 0.0035262708 0.0085082402 0.020894226 0.0160812574 0.0183395729 0.0144042607 0.0176973444 0.0244498374 0.0092360323 0.0138316516 0.0108177513 0.0118613211 0.0227776671 0.0183986712 0.0097169134
12 0.030794939 0.0051473982 0.024308296 0.0273452095 0.0227450489 0.0208233176 0.0161312748 0.0068616213 0.0209134897 0.0090346438 0.0061921547 0.0 0.0207837825 0.0218622371 0.0044934539 0.0047426512 0.0100570063 0.012933503 0.0040062516 0.0101427081 0.0090177757 0.0258805202 0.0095150078 0.0226711681 0.0287343929 0.0275792093 0.0236948549 0.0228909106 0.0208989853 0.013866555 0.0129886091 0.0204943833 0.010693802 0.0035810098 0.014106728 0.0177437737 0.0166253735 0.0291985034 0.0124708976 0.0213164371 0.0054350047 0.0266947904 0.0036575162 0.016437509 0.0314533344 0.0123019067 0.0231667482 0.019936802 0.0134966315 0.0281708196 0.0130111362 0.0108027639 0.0233775634 0.0198556933 0.0195608681 0.0287600424 0.0216084705 0.017313362 0.0045780514 0.0170931016
13 0.0148983144 0.027545447 0.0107798675 0.0152005398 0.0255630201 0.0166052801 0.0133835843 0.0242788641 0.0073846897 0.0239173748 0.0225203117 0.0207837825 0.0 0.0067771835 0.0202675427 0.0249877696 0.0116372545 0.0135179065 0.0027957175 0.008800385 0.0248335199 0.0238854856 0.0100428131 0.0068642776 0.0115565005 0.0201809655 0.0279221064 0.0097359336 0.0153485029 0.005660109 0.0268437203 0.0172124195 0.0112539738 0.0139436101 0.0208623125 0.0140749892 0.0206479391 0.0045390181 0.0238655671 0.0164725309 0.0242610306 0.0236405306 0.0163407862 0.011765342 0.0231929164 0.0235786543 0.0170644302 0.0107661693 0.0162019687 0.012800619 0.0192649028 0.0245446983 0.0293601929 0.0143648398 0.0085976329 0.0161494869 0.0208974933 0.0115156445 0.0158702565 0.0224312749
14 0.002153473 0.0111029399 0.0111673648 0.0298037158 0.0251704619 0.0265803271 0.0212350101 0.0186467699 0.028071955 0.0058074984 0.0057422966 0.0218622371 0.0067771835 0.0 0.0052157568 0.0095032342 0.0272046176 0.0142332987 0.0151594624 0.0188138117 0.0094849476 0.0242961123 0.01108811 0.0183586815 0.0179813156 0.0288144049 0.0204746068 0.0213545473 0.0269617474 0.0070915583 0.0205643064 0.0187687794 0.0127526626 0.0101319413 0.0068791338 0.015910356 0.0140099649 0.0148590244 0.0285408697 0.0135725746 0.0127475087 0.0244120988 0.0258318817 0.0198218022 0.0096571156 0.0192671576 0.0219852123 0.0152176473 0.0132067067 0.0254710167 0.0204680032 0.020366444 0.0257774814 0.0289410942 0.0052103707 0.0054241944 0.0200531326 0.0186130949 0.0051132386 0.016267739
15 0.014188783 0.0219465437 0.018757682 0.0251305336 0.0139293035 0.0127404857 0.0229496739 0.0165588658 0.029913941 0.0177893871 0.0100181052 0.0044934539 0.0202675427 0.0052157568 0.0 0.0280137731 0.0143435417 0.0072849465 0.0026933421 0.019239541 0.007696154 0.0189524842 0.0368285367 0.0313581444 0.0279453591 0.0137671233 0.0198186158 0.0145202817 0.004329568 0.0180382851 0.0127319642 0.0240425993 0.0088389942 0.0192334197 0.0275699172 0.0187832736 0.0033190244 0.0036227978 0.0289430364 0.028954597 0.0209496246 0.0140238461 0.0135110747 0.0120917771 0.0134849341 0.0245035294 0.0162056075 0.0127530869 0.024893014 0.017034133 0.0068460339 0.0170840332 0.0186715883 0.0273581522 0.0205616155 0.0189570827 0.0105035213 0.0093031364 0.0172267277 0.0092681032
16 0.0173248216 0.0046891193 0.0178353066 0.0125034416 0.019827597 0.0066140537 0.0096066742 0.0171471723 0.0188622909 0.0164805519 0.0105084354 0.0047426512 0.0249877696 0.0095032342 0.0280137731 0.0 0.017940112 0.0275134319 0.0044605736 0.0218276305 0.0044843714 0.0228942313 0.0178677153 0.0180778946 0.028896063 0.0119985101 0.0287236836 0.0114396403 0.019083931 0.023530378 0.015011368 0.0281997375 0.0175234646 0.0232553676 0.0223836959 0.0261487014 0.0130614391 0.0090404605 0.0111598064 0.0073650394 0.0210482691 0.0107126393 0.0109348449 0.0213901499 0.026008349 0.006472621 0.015596738 0.0110525108 0.027127286 0.0082668372 0.0274889251 0.0176823383 0.0272890171 0.02107843 0.0055231909 0.0181218057 0.0158414043 0.0209128016 0.0196966157 0.0172210866
17 0.0279666913 0.0258413934 0.0147058832 0.0254532521 0.0097420626 0.0133020336 0.0152881157 0.0112260738 0.0122726753 0.0297134147 0.0218983691 0.0100570063 0.0116372545 0.0272046176 0.0143435417 0.017940112 0.0 0.012065351 0.0161000434 0.018084565 0.0189495211 0.0128552323 0.0064826588 0.0218707619 0.0255515235 0.0237103329 0.0172650872 0.0108726055 0.0264537541 0.0210838211 0.0306624572 0.0206300012 0.0164558198 0.011205897 0.0188749235 0.0175892932 0.0148558705 0.0194538088 0.0155441486 0.0173043137 0.0133489738 0.0155675033 0.0181004131 0.0220532933 0.0073071475 0.0185538378 0.0115532706 0.004818072 0.0144948028 0.0037386755 0.006364522 0.0183066621 0.0109194052 0.0155121537 0.0161254123 0.0250454498 0.0246328625 0.0129967497 0.0197251355 0.0183213695
18 0.005005881 0.0212699931 0.0099040939 0.0207466574 0.0165470021 0.0109781163 0.018507461 0.0176795423 0.0123712522 0.0336873738 0.0212664654 0.012933503 0.0135179065 0.0142332987 0.0072849465 0.0275134319 0.012065351 0.0 0.0245125946 0.0195787591 0.0267850435 0.0201482027 0.0146060059 0.0085618295 0.014976066 0.0051084629 0.0264958318 0.0300399716 0.0213800602 0.0053869626 0.0178161677 0.0054316719 0.0132341949 0.0122912372 0.0334014372 0.0077177866 0.021334998 0.0126398209 0.0172171827 0.0262589166 0.0215878031 0.0202324237 0.0071407752 0.0136820833 0.0166226696 0.0264089625 0.0109371805 0.0141541244 0.0154232352 0.0220005703 0.0105110025 0.0280774074 0.0183689637 0.0161324171 0.0128796181 0.0202956969 0.010640408 0.0188274258 0.0170219596 0.0186197927
19 0.0178884305 0.0244403707 0.024133271 0.0134942268 0.0120411291 0.0107022642 0.0045011759 0.0104840703 0.0203811599 0.0320570257 0.0160697949 0.0040062516 0.0027957175 0.0151594624 0.0026933421 0.0044605736 0.0161000434 0.0245125946 0.0 0.0247044918 0.0169522822 0.0078612439 0.0075197177 0.0253540701 0.0197058692 0.0268346409 0.0196209926 0.0222790002 0.0169808984 0.0164165216 0.020608215 0.026823645 0.018735005 0.0159610289 0.0236108989 0.0282691607 0.0246745514 0.0138546786 0.0038197822 0.0227000294 0.0044734828 0.0193091605 0.0080705393 0.0073535414 0.0147677596 0.0195029616 0.0235485272 0.0191507011 0.0168534105 0.0037097641 0.0292042562 0.0131811297 0.0111221728 0.0220789614 0.0161891869 0.0066605475 0.0283386424 0.0171284724 0.0294772289 0.0306719258
20 0.0230014939 0.0174523835 0.0166764429 0.0257868451 0.0256663731 0.0229150125 0.0113427016 0.0090643669 0.0204197333 0.0079092492 0.0244762684 0.0101427081 0.008800385 0.0188138117 0.019239541 0.0218276305 0.018084565 0.0195787591 0.0247044918 0.0 0.0172934953 0.0098594735 0.00854476 0.0159740115 0.0154111775 0.0149140936 0.0031625361 0.0034077489 0.0207760039 0.0043893704 0.0198384755 0.0155945437 0.0154293564 0.0259772708 0.0094225063 0.0306197284 0.0200426302 0.0178778152 0.015545557 0.0165293727 0.0223552553 0.0054325231 0.0180889702 0.0162059805 0.0157054253 0.0014400418 0.0218031352 0.0208579469 0.013475646 0.024335657 0.0237530449 0.0147792157 0.0211834812 0.0169064533 0.02781595 0.0085965945 0.015566551 0.0255903826 0.0154941789 0.0241008767
21 0.0073660336 0.0125791329 0.0134936201 0.0285582689 0.0192938936 0.0219765664 0.0186611902 0.0183254936 0.0132898839 0.0205483574 0.0150071091 0.0090177757 0.0248335199 0.0094849476 0.007696154 0.0044843714 0.0189495211 0.0267850435 0.0169522822 0.0172934953 0.0 0.0155098165 0.0180659397 0.0003444998 0.0151339737 0.0230184189 0.0101556611 0.0179307527 0.0106268752 0.015506508 0.0174658271 0.0195701753 0.0238957545 0.0168003533 0.0248508746 0.0019761985 0.0139167618 0.0325717327 0.0182233609 0.0196560213 0.0194447233 0.006279198 0.024551343 0.0170447713 0.0096608579 0.0147626645 0.0181611346 0.0184920012 0.0173845701 0.0110741036 0.0233852333 0.0322814127 0.0223549792 0.0110105784 0.0169662025 0.0234080453 0.0260042623 0.0219656154 0.0130152388 0.0129368984
22 0.0278378941 0.0146301964 0.0175509526 0.0122052042 0.0055836588 0.0103098015 0.0179744083 0.019478867 0.0077152115 0.0245966863 0.0193133218 0.0258805202 0.0238854856 0.0242961123 0.0189524842 0.0228942313 0.0128552323 0.0201482027 0.0078612439 0.0098594735 0.0155098165 0.0 0.0134842261 0.0280267135 0.0095166677 0.0214701547 0.0220753664 0.023355019 0.0141870625 0.0251459289 0.0158632379 0.017736337 0.0184276789 0.0197076003 0.0213441856 0.0054734505 0.0214871203 0.0177598522 0.0223657514 0.0230959071 0.0021981899 0.0148734601 0.0311637772 0.0055277355 0.0169492309 0.0216481579 0.0209318013 0.0164919969 0.0196233709 0.002679487 0.0144902785 0.0189391848 0.0265633556 0.0087385683 0.0151842789 0.0108048695 0.0110924982 0.0223144791 0.013039737 0.0068842773
23 0.0322460715 0.0331596859 0.0118910452 0.0078023543 0.0099742817 0.0161962799 0.0131628026 0.0231912589 0.0072658574 0.0031389177 0.0093147678 0.0095150078 0.0100428131 0.01108811 0.0368285367 0.0178677153 0.0064826588 0.0146060059 0.0075197177 0.00854476 0.0180659397 0.0134842261 0.0 0.0210081247 0.0286194695 0.0285781 0.0157874952 0.0224056808 0.0115588591 0.0118949175 0.014421364 0.0098181318 0.018293002 0.0220537243 0.0316045206 0.0190486132 0.005585753 0.013608149 0.030237459 0.0226538797 0.0186238791 0.0128977538 0.0222158543 0.0225030527 0.0068040762 0.0154100002 0.0146567847 0.0239237808 0.0179724529 0.0049653905 0.0334335912 0.0260801969 0.019454514 0.0077521132 0.0307921075 0.0224320349 0.0218796195 0.0105500576 0.0045630762 0.0145236066
24 0.0175305538 0.013574827 0.0103684881 0.0206504188 0.0012458843 0.0267527382 0.0211825411 0.0176239322 0.0163417872 0.0168134216 0.0048896588 0.0226711681 0.0068642776 0.0183586815 0.0313581444 0.0180778946 0.0218707619 0.0085618295 0.0253540701 0.0159740115 0.0003444998 0.0280267135 0.0210081247 0.0 0.0098684603 0.004822194 0.022441194 0.0174304502 0.0158109595 0.0153674899 0.0088665314 0.0142063496 0.0286999124 0.0232813911 0.0253275129 0.0169485011 0.0234407739 0.0163669608 0.019290613 0.0055968387 0.0067085243 0.0258984488 0.0189011491 0.0155453121 0.0185923875 0.0172528469 0.0217273712 0.0166945764 0.0206284986 0.0143675132 0.0217889906 0.0232588896 0.0135151221 0.0192561681 0.0168030002 0.0122882763 0.0245074923 0.006599175 0.0168281736 0.0156275231
25 0.0074216105 0.0184510576 0.0123130294 0.0170412841 0.0230764274 0.0267122614 0.0194587608 0.0020473702 0.0297354735 0.0182100295 0.0182288929 0.0287343929 0.0115565005 0.0179813156 0.0279453591 0.028896063 0.0255515235 0.014976066 0.0197058692 0.0154111775 0.0151339737 0.0095166677 0.0286194695 0.0098684603 0.0 0.0110105001 0.0049508202 0.0244118486 0.0112101643 0.0172131557 0.0092552728 0.0216930981 0.012126357 0.0219648906 0.0158091475 0.0094976337 0.027021765 0.0187314594 0.0157630184 0.01550826 0.0112497427 0.0214691539 0.0114176206 0.0135103777 0.0095067593 0.016887387 0.0237322958 0.0288739355 0.005906032 0.0171770824 0.024536139 0.0192495667 0.0151572452 0.0241606292 0.0025172385 0.0244568581 0.0152421972 0.0058326837 0.0134660161 0.0128906123
26 0.0119457237 0.0221222799 0.0246017352 0.0074662921 0.0109208949 0.0177121176 0.0016018453 0.0071479363 0.0144123847 0.0244557341 0.0139707574 0.0275792093 0.0201809655 0.0288144049 0.0137671233 0.0119985101 0.0237103329 0.0051084629 0.0268346409 0.0149140936 0.0230184189 0.0214701547 0.0285781 0.004822194 0.0110105001 0.0 0.0040913805 0.0139561892 0.022368576 0.0219606895 0.0091427436 0.0175846649 0.0144687632 0.0215719138 0.0125087714 0.015609939 0.0147635774 0.0132197305 0.0194783168 0.0091972445 0.0157228879 0.0126191199 0.025946124 0.0168056621 0.0281887314 0.0275171795 0.0212691458 0.0156814298 0.0181331567 0.0272165715 0.0235646932 0.0141162549 0.0056493125 0.0063444102 0.0215129736 0.0148985423 0.0090014493 0.0233343089 0.0180652594 0.0263254749
27 0.0274511038 0.0137825441 0.0130887978 0.0186343786 0.0268464227 0.0255185506 0.0169780043 0.013009519 0.0197245792 0.0187531453 0.0241613323 0.0236948549 0.0279221064 0.0204746068 0.0198186158 0.0287236836 0.0172650872 0.0264958318 0.0196209926 0.0031625361 0.0101556611 0.0220753664 0.0157874952 0.022441194 0.0049508202 0.0040913805 0.0 0.0164695558 0.0230482661 0.0080896965 0.0077380892 0.019899936 0.0251463895 0.0128443863 0.0010065238 0.0166342541 0.0296190929 0.0190390323 0.0155457791 0.0068421389 0.0189801815 0.0185766159 0.0033231323 0.0141774762 0.0257443102 0.0032248008 0.0110365275 0.030270999 0.0189986439 0.0183684157 0.0124424316 0.017024313 0.0231263222 0.0054899777 0.006399665 0.0196871984 0.0175964172 0.0203229042 0.0180988692 0.0105590477
28 0.011669698 0.0219525518 0.0048041287 0.0035345041 0.0134566739 0.0242394533 0.015635211 0.0223298752 0.0092853794 0.0170592761 0.023857434 0.0228909106 0.0097359336 0.0213545473 0.0145202817 0.0114396403 0.0108726055 0.0300399716 0.0222790002 0.0034077489 0.0179307527 0.023355019 0.0224056808 0.0174304502 0.0244118486 0.0139561892 0.0164695558 0.0 0.0179833999 0.0266060529 0.0219588155 0.018535468 0.0079586319 0.0272952551 0.0099812792 0.0173161663 0.0153841232 0.0215605777 0.0150440174 0.0095741325 0.0126611321 0.0217818954 0.01615781 0.0201308454 0.0093350032 0.0226154742 0.0124645503 0.0229876113 0.0199237828 0.0141214035 0.0313263027 0.0073415881 0.0199754368 0.0322358385 0.0294440258 0.0066324765 0.0082016421 0.0119650663 0.015898365 0.0052775094
29 0.0169009569 0.0151300181 0.0119987708 0.0225695456 0.0073575987 0.0188985882 0.0156958579 0.0100705016 0.0153101484 0.0219474679 0.0293830309 0.0208989853 0.0153485029 0.0269617474 0.004329568 0.019083931 0.0264537541 0.0213800602 0.0169808984 0.0207760039 0.0106268752 0.0141870625 0.0115588591 0.0158109595 0.0112101643 0.022368576 0.0230482661 0.0179833999 0.0 0.0163788257 0.0154293202 0.0120774491 0.019172104 0.0157065889 0.0166062511 0.0052718445 0.0111469475 0.011550932 0.0172804918 0.0126870602 0.0281515974 0.0214224254 0.0124088278 0.020653184 0.0067899668 0.0269268327 0.014315104 0.0306938742 0.0059457994 0.0313329363 0.0214176196 0.0109049251 0.021036122 0.0122609169 0.0150596622 0.0178495444 0.0139054962 0.0135936437 0.0195383718 0.0182152367
30 0.0247903001 0.0083690446 0.0226913767 0.0158541097 0.0242143201 0.0138819644 0.0164427987 0.0084060015 0.0193820235 0.0225785198 0.0163928698 0.013866555 0.005660109 0.0070915583 0.0180382851 0.023530378 0.0210838211 0.0053869626 0.0164165216 0.0043893704 0.015506508 0.0251459289 0.0118949175 0.0153674899 0.0172131557 0.0219606895 0.0080896965 0.0266060529 0.0163788257 0.0 0.0055691368 0.0186977938 0.0128086408 0.0151461847 0.0226527054 0.022722629 0.0148516088 0.0134851948 0.0209248125 0.0253662259 0.0204760169 0.0142442116 0.0089986278 0.0148508821 0.0304880605 0.0119158053 0.0221918856 0.019861109 0.0220982618 0.0205500239 0.0024797091 0.0073077678 0.0257032774 0.0275426492 0.0107166309 0.0189332511 0.0174840898 0.0182416605 0.0184743324 0.0285866598
31 0.009821141 0.0271795557 0.0171364106 0.0205071365 0.0215008551 0.0221210891 0.0207414207 0.0223762236 0.0083887446 0.0195361518 0.003115993 0.0129886091 0.0268437203 0.0205643064 0.0127319642 0.015011368 0.0306624572 0.0178161677 0.020608215 0.0198384755 0.0174658271 0.0158632379 0.014421364 0.0088665314 0.0092552728 0.0091427436 0.0077380892 0.0219588155 0.0154293202 0.0055691368 0.0 0.0156737695 0.0047073535 0.0210419295 0.0196354439 0.0121866721 0.0120324159 0.0298872184 0.0159054619 0.0106446977 0.0261899911 0.0201862682 0.0133534328 0.0258660136 0.0261204238 0.0191750061 0.0238745987 0.0255569617 0.0060759098 0.0251985026 0.0087407279 0.0115871466 0.0263793444 0.0127794028 0.01409656 0.0119242638 0.0065461111 0.028646272 0.0137161757 0.0170715814
32 0.0235845228 0.0095003603 0.0179186466 0.0134184906 0.0253302 0.0164194624 0.0250203798 0.0186662586 0.0135239669 0.0085301312 0.0157815155 0.0204943833 0.0172124195 0.0187687794 0.0240425993 0.0281997375 0.0206300012 0.0054316719 0.026823645 0.0155945437 0.0195701753 0.017736337 0.0098181318 0.0142063496 0.0216930981 0.0175846649 0.019899936 0.018535468 0.0120774491 0.0186977938 0.0156737695 0.0 0.0246926962 0.0267142581 0.0167945076 0.0164447978 0.0267220857 0.019178878 0.0195118289 0.0070306301 0.0183410601 0.0262799516 0.0081437546 0.012347937 0.0145964223 0.01202438 0.0153385698 0.0076064681 0.0193260199 0.0254498859 0.0153329331 0.019036017 0.0083337249 0.0082335298 0.01935086 0.0189939238 0.001017654 0.0219246643 0.0064227755 0.0144248971
33 0.0065967119 0.0179705018 0.0193432635 0.0242470233 0.0241911576 0.0213939725 0.0187161989 0.0173310821 0.0178293111 0.028190461 0.0283004398 0.010693802 0.0112539738 0.0127526626 0.0088389942 0.0175234646 0.0164558198 0.0132341949 0.018735005 0.0154293564 0.0238957545 0.0184276789 0.018293002 0.0286999124 0.012126357 0.0144687632 0.0251463895 0.0079586319 0.019172104 0.0128086408 0.0047073535 0.0246926962 0.0 0.0168466443 0.0141907377 0.0121362286 0.019651722 0.0120229308 0.0200426818 0.0186704013 0.0198877463 0.0102239815 0.0094312865 0.0053281947 0.0290095518 0.0236042337 0.0248795315 0.012115335 0.0182638378 0.0144064474 0.0094480394 0.0128114388 0.0256082563 0.008090971 0.0247693394 0.0136306883 0.00287123 0.0287938823 0.0293267284 0.0045132525
34 0.0161559385 0.0100800921 0.012898355 0.0156075656 0.0269953041 0.0126154224 0.0229546662 0.0248368163 0.0192345151 0.0241923017 0.007865534 0.0035810098 0.0139436101 0.0101319413 0.0192334197 0.0232553676 0.011205897 0.0122912372 0.0159610289 0.0259772708 0.0168003533 0.0197076003 0.0220537243 0.0232813911 0.0219648906 0.0215719138 0.0128443863 0.0272952551 0.0157065889 0.0151461847 0.0210419295 0.0267142581 0.0168466443 0.0 0.0084316557 0.0062737028 0.0231356233 0.0020846693 0.0077549683 0.003355541 0.0204282268 0.0152122799 0.0158036074 0.0217561297 0.0273843493 0.0157786583 0.0099122757 0.0207007185 0.0126329971 0.015539447 0.0236223221 0.0178862596 0.024529895 0.015602101 0.0030251155 0.0215226697 0.034152337 0.0152047697 0.0160432832 0.0122339837
35 0.0181595368 0.0199755804 0.0065563044 0.0024520887 0.0279314226 0.0181968881 0.0208176832 0.0253932056 0.0208032443 0.0182062496 0.0139160324 0.014106728 0.0208623125 0.0068791338 0.0275699172 0.0223836959 0.0188749235 0.0334014372 0.0236108989 0.0094225063 0.0248508746 0.0213441856 0.0316045206 0.0253275129 0.0158091475 0.0125087714 0.0010065238 0.0099812792 0.0166062511 0.0226527054 0.0196354439 0.0167945076 0.0141907377 0.0084316557 0.0 0.0136967886 0.0171121673 0.0128549416 0.0295183482 0.0191851368 0.0256976748 0.0069672947 0.0338928919 0.003972572 0.0035671105 0.0111442467 0.0187214198 0.0059655141 0.0248675285 0.0154221565 0.0108736883 0.023596111 0.0141678409 0.0069105074 0.0159901711 0.0292018234 0.009553564 0.0068218594 0.019769174 0.0102655622
36 0.0221228936 0.0213555084 0.0162480344 0.012421027 0.0314772156 0.0278309476 0.0291688121 0.0117439235 0.0175620457 0.0179504714 0.020308572 0.0177437737 0.0140749892 0.015910356 0.0187832736 0.0261487014 0.0175892932 0.0077177866 0.0282691607 0.0306197284 0.0019761985 0.0054734505 0.0190486132 0.0169485011 0.0094976337 0.015609939 0.0166342541 0.0173161663 0.0052718445 0.022722629 0.0121866721 0.0164447978 0.0121362286 0.0062737028 0.0136967886 0.0 0.0128478536 0.0136584808 0.0134866632 0.0195022297 0.0300509523 0.0263135071 0.0262402192 0.0224717726 0.011004969 0.0128861553 0.0255551006 0.0302504115 0.0235804349 0.0228303131 0.0056790374 0.0038092302 0.0131665653 0.0168500926 0.0144697923 0.0051116757 0.0102683344 0.0157092137 0.0136734663 0.0142995952
37 0.0127870023 0.0053065548 0.0113913595 0.0236725392 0.0128460845 0.0167759423 0.0144209444 0.0278940425 0.0244691845 0.0090689677 0.0195176469 0.0166253735 0.0206479391 0.0140099649 0.0033190244 0.0130614391 0.0148558705 0.021334998 0.0246745514 0.0200426302 0.0139167618 0.0214871203 0.005585753 0.0234407739 0.027021765 0.0147635774 0.0296190929 0.0153841232 0.0111469475 0.0148516088 0.0120324159 0.0267220857 0.019651722 0.0231356233 0.0171121673 0.0128478536 0.0 0.0191176413 0.0070553734 0.0230370319 0.0123433239 0.0110316464 0.0251560303 0.0167541769 0.0167567567 0.0286451684 0.0110887656 0.023088069 0.0184808959 0.0095120325 0.0098021538 0.023965727 0.0129935873 0.0081346059 0.0097228497 0.0274594752 0.0187412316 0.0128596485 0.0173728439 0.0214395137
38 0.023644892 0.0070014575 0.0210507172 0.012429667 0.0165135509 0.025832392 0.0183352127 0.0128294053 0.0150257365 0.0183250444 0.0159728721 0.0291985034 0.0045390181 0.0148590244 0.0036227978 0.0090404605 0.0194538088 0.0126398209 0.0138546786 0.0178778152 0.0325717327 0.0177598522 0.013608149 0.0163669608 0.0187314594 0.0132197305 0.0190390323 0.0215605777 0.011550932 0.0134851948 0.0298872184 0.019178878 0.0120229308 0.0020846693 0.0128549416 0.0136584808 0.0191176413 0.0 0.0063137563 0.00350733 0.0140365003 0.0180544151 0.0187413388 0.0081695358 0.0143435466 0.0330203917 0.0281974843 0.029051282 0.0215724264 0.0139793125 0.0206276416 0.0057062623 0.0215227582 0.0130385851 0.0266711785 0.0192520895 0.0263149441 0.0176044879 0.0190938912 0.0224355851
39 0.0195292647 0.0180256874 0.0270188602 0.0137338693 0.0217938461 0.0136767258 0.0079420043 0.0074990287 0.0129623789 0.0158117334 0.0113781282 0.0124708976 0.0238655671 0.0285408697 0.0289430364 0.0111598064 0.0155441486 0.0172171827 0.0038197822 0.015545557 0.0182233609 0.0223657514 0.030237459 0.019290613 0.0157630184 0.0194783168 0.0155457791 0.0150440174 0.0172804918 0.0209248125 0.0159054619 0.0195118289 0.0200426818 0.0077549683 0.0295183482 0.0134866632 0.0070553734 0.0063137563 0.0 0.023281625 0.0160050554 0.0169530368 0.0302098567 0.0149901151 0.0134907872 0.0081991439 0.0157734655 0.0163072045 0.0057648274 0.0209702713 0.0184651404 0.0195969363 0.015512266 0.0140072308 0.0124661337 0.0255620971 0.0106403912 0.0175240705 0.0244492147 0.0196100539
40 0.0130747292 0.0143494638 0.0279295376 0.0193800507 0.0186789248 0.0183183162 0.0188517929 0.0259799506 0.0166434843 0.0116690091 0.0136146784 0.0213164371 0.0164725309 0.0135725746 0.028954597 0.0073650394 0.0173043137 0.0262589166 0.0227000294 0.0165293727 0.0196560213 0.0230959071 0.0226538797 0.0055968387 0.01550826 0.0091972445 0.0068421389 0.0095741325 0.0126870602 0.0253662259 0.0106446977 0.0070306301 0.0186704013 0.003355541 0.0191851368 0.0195022297 0.0230370319 0.00350733 0.023281625 0.0 0.0112363806 0.0201050137 0.0185560749 0.007485576 0.0222212221 0.0233750998 0.0109453076 0.0263773667 0.0254658491 0.0221860713 0.0101048984 0.0115231898 0.0167639842 0.0208869701 0.0365431888 0.0141147717 0.0089898884 0.001662024 0.0110606057 0.0330404356
41 0.0144662692 0.0137976481 0.0140750206 0.0186323845 0.0049080575 0.0039850238 0.0160367179 0.0108918039 0.0116940576 0.0214955568 0.0196241138 0.0054350047 0.0242610306 0.0127475087 0.0209496246 0.0210482691 0.0133489738 0.0215878031 0.0044734828 0.0223552553 0.0194447233 0.0021981899 0.0186238791 0.0067085243 0.0112497427 0.0157228879 0.0189801815 0.0126611321 0.0281515974 0.0204760169 0.0261899911 0.0183410601 0.0198877463 0.0204282268 0.0256976748 0.0300509523 0.0123433239 0.0140365003 0.0160050554 0.0112363806 0.0 0.0112206647 0.008808665 0.0254316284 0.0154608064 0.0192151388 0.0163178161 0.0186461139 0.0156424472 0.029571103 0.0185499162 0.0245857703 0.0186764902 0.0152184665 0.026762106 0.0152404784 0.0274861886 0.0009924629 0.0159965936 0.0319297509
42 0.0174791934 0.0100090967 0.0285070599 0.0068731129 0.019678034 0.0160677563 0.0209827836 0.0232180448 0.0246189282 0.022746232 0.0262512969 0.0266947904 0.0236405306 0.0244120988 0.0140238461 0.0107126393 0.0155675033 0.0202324237 0.0193091605 0.0054325231 0.006279198 0.0148734601 0.0128977538 0.0258984488 0.0214691539 0.0126191199 0.0185766159 0.0217818954 0.0214224254 0.0142442116 0.0201862682 0.0262799516 0.0102239815 0.0152122799 0.0069672947 0.0263135071 0.0110316464 0.0180544151 0.0169530368 0.0201050137 0.0112206647 0.0 0.0097574832 0.0206905781 0.0242007809 0.0248172531 0.0142762791 0.0087166375 0.0140332678 0.0111474329 0.0038523194 0.004521119 0.0095983388 0.0228498248 0.0014180808 0.0092609775 0.0299276189 0.0199387331 0.0173575757 0.0245683023
43 0.0228955666 0.005287652 0.0124596285 0.0176932548 0.0174758387 0.024665614 0.0133989475 0.0165420646 0.0181527881 0.0018831718 0.0231447415 0.0036575162 0.0163407862 0.0258318817 0.0135110747 0.0109348449 0.0181004131 0.0071407752 0.0080705393 0.0180889702 0.024551343 0.0311637772 0.0222158543 0.0189011491 0.0114176206 0.025946124 0.0033231323 0.01615781 0.0124088278 0.0089986278 0.0133534328 0.0081437546 0.0094312865 0.0158036074 0.0338928919 0.0262402192 0.0251560303 0.0187413388 0.0302098567 0.0185560749 0.008808665 0.0097574832 0.0 0.0099668818 0.0207535686 0.0288810437 0.0212463253 0.0112415516 0.0208287464 0.0161439602 0.0064273555 0.0156713589 0.0135904879 0.0219077001 0.0244668322 0.0253610205 0.0215410063 0.0276818339 0.0189665998 0.0068687501
44 0.0070169468 0.0184659188 0.0225807249 0.0235748797 0.0140809297 0.0214494194 0.0320588415 0.0161253524 0.014749622 0.0032931302 0.027072966 0.016437509 0.011765342 0.0198218022 0.0120917771 0.0213901499 0.0220532933 0.0136820833 0.0073535414 0.0162059805 0.0170447713 0.0055277355 0.0225030527 0.0155453121 0.0135103777 0.0168056621 0.0141774762 0.0201308454 0.020653184 0.0148508821 0.0258660136 0.012347937 0.0053281947 0.0217561297 0.003972572 0.0224717726 0.0167541769 0.0081695358 0.0149901151 0.007485576 0.0254316284 0.0206905781 0.0099668818 0.0 0.0195365099 0.0055167788 0.0285130967 0.0090618472 0.0192281356 0.019745873 0.0228218675 0.0230624704 0.022729953 0.0123337333 0.013399248 0.0161293564 0.0280947746 0.0208099269 0.0178871653 0.0238786416
45 0.0161993331 0.0135380884 0.0162608378 0.0216137522 0.0095349406 0.0154829127 0.0158559528 0.0221384243 0.0206230408 0.0097847359 0.0107388904 0.0314533344 0.0231929164 0.0096571156 0.0134849341 0.026008349 0.0073071475 0.0166226696 0.0147677596 0.0157054253 0.0096608579 0.0169492309 0.0068040762 0.0185923875 0.0095067593 0.0281887314 0.0257443102 0.0093350032 0.0067899668 0.0304880605 0.0261204238 0.0145964223 0.0290095518 0.0273843493 0.0035671105 0.011004969 0.0167567567 0.0143435466 0.0134907872 0.0222212221 0.0154608064 0.0242007809 0.0207535686 0.0195365099 0.0 0.0211969159 0.0208187604 0.0074250751 0.0125964511 0.0268060547 0.0269979945 0.0088874956 0.0232290528 0.0194228082 0.0219511726 0.0126614865 0.0196261087 0.0061489471 0.0136187447 0.0081361825
46 0.0105553298 0.0171264973 0.0137085295 0.0047253236 0.0140226273 0.0129109373 0.0205380756 0.0276507857 0.0254401592 0.031084273 0.0035262708 0.0123019067 0.0235786543 0.0192671576 0.0245035294 0.006472621 0.0185538378 0.0264089625 0.0195029616 0.0014400418 0.0147626645 0.0216481579 0.0154100002 0.0172528469 0.016887387 0.0275171795 0.0032248008 0.0226154742 0.0269268327 0.0119158053 0.0191750061 0.01202438 0.0236042337 0.0157786583 0.0111442467 0.0128861553 0.0286451684 0.0330203917 0.0081991439 0.0233750998 0.0192151388 0.0248172531 0.0288810437 0.0055167788 0.0211969159 0.0 0.012019781 0.0047645499 0.0256629982 0.0190652162 0.0065954894 0.0134372105 0.0116433283 0.0220581832 0.0188539951 0.0169901339 0.0304750195 0.0050661625 0.0051944296 0.0092142574
47 0.0211438025 0.0265530503 0.0165329247 0.0140666054 0.012883236 0.0285866507 0.017042015 0.0186349823 0.0099200942 0.0064999561 0.0085082402 0.0231667482 0.0170644302 0.0219852123 0.0162056075 0.015596738 0.0115532706 0.0109371805 0.0235485272 0.0218031352 0.0181611346 0.0209318013 0.0146567847 0.0217273712 0.0237322958 0.0212691458 0.0110365275 0.0124645503 0.014315104 0.0221918856 0.0238745987 0.0153385698 0.0248795315 0.0099122757 0.0187214198 0.0255551006 0.0110887656 0.0281974843 0.0157734655 0.0109453076 0.0163178161 0.0142762791 0.0212463253 0.0285130967 0.0208187604 0.012019781 0.0 0.0039091185 0.0244155935 0.0167619347 0.0208008001 0.0148181993 0.0131328988 0.0242022731 0.0124237547 0.0105414063 0.0082612601 0.0149391553 0.0070171202 0.0085788997
48 0.0069127394 0.0264854013 0.0138352174 0.0089945377 0.0199325853 0.0174645201 0.019495515 0.0217807974 0.0230719832 0.015177829 0.020894226 0.019936802 0.0107661693 0.0152176473 0.0127530869 0.0110525108 0.004818072 0.0141541244 0.0191507011 0.0208579469 0.0184920012 0.0164919969 0.0239237808 0.0166945764 0.0288739355 0.0156814298 0.030270999 0.0229876113 0.0306938742 0.019861109 0.0255569617 0.0076064681 0.012115335 0.0207007185 0.0059655141 0.0302504115 0.023088069 0.029051282 0.0163072045 0.0263773667 0.0186461139 0.0087166375 0.0112415516 0.0090618472 0.0074250751 0.0047645499 0.0039091185 0.0 0.0102889179 0.0200487455 0.0149622844 0.0121094731 0.0065569285 0.004325945 0.0181206913 0.0229129385 0.0154524469 0.0301764031 0.0284448665 0.0090924077
49 0.0229345059 0.0250164533 0.0126377909 0.0174548005 0.0153576708 0.0028922424 0.0110446401 0.0191580763 0.0189863173 0.004896154 0.0160812574 0.0134966315 0.0162019687 0.0132067067 0.024893014 0.027127286 0.0144948028 0.0154232352 0.0168534105 0.013475646 0.0173845701 0.0196233709 0.0179724529 0.0206284986 0.005906032 0.0181331567 0.0189986439 0.0199237828 0.0059457994 0.0220982618 0.0060759098 0.0193260199 0.0182638378 0.0126329971 0.0248675285 0.0235804349 0.0184808959 0.0215724264 0.0057648274 0.0254658491 0.0156424472 0.0140332678 0.0208287464 0.0192281356 0.0125964511 0.0256629982 0.0244155935 0.0102889179 0.0 0.0135204617 0.0213056037 0.0172223185 0.0123929525 0.0174596747 0.005626902 0.0192654464 0.0237725995 0.0184351945 0.0199346597 0.0240897229
50 0.0183415979 0.0188953679 0.0206637732 0.0178667222 0.0013428736 0.017930623 0.0038446011 0.015143619 0.0097408961 0.0153058355 0.0183395729 0.0281708196 0.012800619 0.0254710167 0.017034133 0.0082668372 0.0037386755 0.0220005703 0.0037097641 0.024335657 0.0110741036 0.002679487 0.0049653905 0.0143675132 0.0171770824 0.0272165715 0.0183684157 0.0141214035 0.0313329363 0.0205500239 0.0251985026 0.0254498859 0.0144064474 0.015539447 0.0154221565 0.0228303131 0.0095120325 0.0139793125 0.0209702713 0.0221860713 0.029571103 0.0111474329 0.0161439602 0.019745873 0.0268060547 0.0190652162 0.0167619347 0.0200487455 0.0135204617 0.0 0.0141403749 0.0132105463 0.0265342603 0.0221468629 0.0069605845 0.019163779 0.0174586094 0.0115146807 0.0256585036 0.0201100743
51 0.0191447557 0.0177316103 0.0227517552 0.026496675 0.0123690128 0.0243267085 0.014449849 0.0105946603 0.0129461539 0.0147082001 0.0144042607 0.0130111362 0.0192649028 0.0204680032 0.0068460339 0.0274889251 0.006364522 0.0105110025 0.0292042562 0.0237530449 0.0233852333 0.0144902785 0.0334335912 0.0217889906 0.024536139 0.0235646932 0.0124424316 0.0313263027 0.0214176196 0.0024797091 0.0087407279 0.0153329331 0.0094480394 0.0236223221 0.0108736883 0.0056790374 0.0098021538 0.0206276416 0.0184651404 0.0101048984 0.0185499162 0.0038523194 0.0064273555 0.0228218675 0.0269979945 0.0065954894 0.0208008001 0.0149622844 0.0213056037 0.0141403749 0.0 0.0272949642 0.0101160577 0.0085143543 0.0236672002 0.0204583629 0.0211177961 0.0118530952 0.0137128217 0.0184143027
52 0.0046756318 0.009153103 0.0236801919 0.010380419 0.0100194159 0.0119180658 0.0113922943 0.0222490725 0.0296578476 0.030749153 0.0176973444 0.0108027639 0.0245446983 0.020366444 0.0170840332 0.0176823383 0.0183066621 0.0280774074 0.0131811297 0.0147792157 0.0322814127 0.0189391848 0.0260801969 0.0232588896 0.0192495667 0.0141162549 0.017024313 0.0073415881 0.0109049251 0.0073077678 0.0115871466 0.019036017 0.0128114388 0.0178862596 0.023596111 0.0038092302 0.023965727 0.0057062623 0.0195969363 0.0115231898 0.0245857703 0.004521119 0.0156713589 0.0230624704 0.0088874956 0.0134372105 0.0148181993 0.0121094731 0.0172223185 0.0132105463 0.0272949642 0.0 0.0067051135 0.0128825153 0.019776441 0.0175333377 0.0303715266 0.0122483273 0.0285088534 0.0247333092
