128
1 0.0067516998 0.0165040534 0.0112386097 0.0113559552 0.0069709794 0.0103804304 0.0093583146 0.0152937821 0.0099551247 0.0108370045 0.0102328705 0.0089860215 0.0104972532 0.0056130963 0.0029665019 0.0092175497 0.0078435381 0.0060398597 0.0049054579 0.005067582 0.0118296087 0.0146324429 0.0103179492 0.0072597309 0.0044010627 0.011564277 0.0029395302 0.0072590184 0.0065052773 0.0054525448 0.0084449459 0.0066042517 0.0090610867 0.0049812227 0.007809728 0.003511614 0.0091677699 0.0059162771 0.0041636492 0.007433689 0.0072021106 0.0054556359 0.0064229298 0.0058109935 0.0056820662 0.0067920187 0.0104782334 0.0047595103 0.0100119027 0.0094991539 0.0047258801 0.0032778153 0.0104487096 0.0059480026 0.0080052343 0.0096372991 0.0061863862 0.0033969499 0.0053414185 0.0053548394 0.004901301 0.0048569312 0.0118803798 0.0087007911 0.0061338409 0.0026260907 0.0070648672 0.0090935357 0.0067310146 0.0077392706 0.0135568325 0.010901847 0.0131866661 0.0034272881 0.0064755025 0.0076673047 0.0107035556 0.007611556 0.0094947976 0.0110908345 0.0090062968 0.0100440469 0.0061964369 0.0047671249 0.0112623287 0.0087762427 0.0062512426 0.0108057948 0.0070055502 0.0060457334 0.0026191855 0.0082455002 0.0083359166 0.0031156922 0.0070751181 0.0085431211 0.0072942138 0.010060442 0.0049948635 0.0083249669 0.004764341 0.0097036216 0.0087886195 0.0068729535 0.0083367148 0.0131299323 0.004667334 0.0067804643 0.0087791578 0.0066665396 0.0093408492 0.0098925361 0.0050043629 0.0091593891 0.0137051985 0.0074171786 0.0093601365 0.0087435576 0.0092181109 0.0053754834 0.0083072898 0.0096262776 0.0082753287 0.0094009443 0.0063351056 0.0030518534 0.0085122766 0.0044619672 
2 0.0165040534 0.0104782692 0.0064284126 0.0020087828 0.0066476236 0.0156375858 0.0047320487 0.0090532651 0.008235554 0.01231423 0.0033438469 0.0061146073 0.007865432 0.0072756141 0.0107415177 0.0024869994 0.0073784563 0.0105079921 0.0054735115 0.0077518863 0.0074766995 0.0086472376 0.0094326087 0.0048705605 0.0047308092 0.0071982954 0.008223811 0.0145765476 0.0146075228 0.0103346219 0.0094310038 0.0030200838 0.013339295 0.0041524681 0.0126733322 0.0045224626 0.0085079092 0.0066576616 0.0104211701 0.0077539962 0.0083897743 0.0079000883 0.0048842698 0.0088646515 0.0102297875 0.0131084889 0.0110421342 0.006195834 0.0078596413 0.010158503 0.0046334256 0.0059413639 0.0109717009 0.0113909151 0.0074823073 0.0090157871 0.0044780158 0.0047429068 0.0043419377 0.0057131473 0.0075165819 0.0072268839 0.0065719657 0.0120836662 0.0080836061 0.0059170112 0.0112438566 0.0102788449 0.0077700803 0.0058706367 0.0063364217 0.0057182072 0.0044785826 0.0057941601 0.008602025 0.0088835565 0.0065816268 0.0037123422 0.0096474479 0.0056842886 0.0117601553 0.0145254303 0.0047247748 0.0056489648 0.0098829393 0.0088369437 0.0073679091 0.0077124701 0.0096385474 0.0131120441 0.0024746973 0.0072662218 0.0057960014 0.0037534393 0.0056438475 0.002588203 0.0049951832 0.0052612379 0.0098546628 0.0046678696 0.0076832946 0.0046567159 0.0117464254 0.0056623909 0.0108557452 0.006030156 0.0062721086 0.007141843 0.007471627 0.0044271581 0.002858822 0.0132052109 0.006142543 0.0093712992 0.0125516217 0.0116711635 0.0076366016 0.0054912514 0.0096740554 0.0081295989 0.0108814664 0.0061547251 0.0081771783 0.0078412466 0.0057448875 0.0027327746 0.0077278698 0.0096444188 
3 0.0112386097 0.0064284126 0.003485478 0.0103485673 0.0087113225 0.007991373 0.0054439981 0.0077333336 0.0084870782 0.0087310456 0.0104603036 0.0115928385 0.0111991748 0.0081910217 0.007721225 0.0031133776 0.0101418028 0.0093261482 0.0071554709 0.0060178252 0.0021724148 0.0085473785 0.010616977 0.0091715749 0.0129151331 0.007833757 0.0098324181 0.0054368722 0.010435622 0.0089193583 0.0055224681 0.0061327063 0.0104606782 0.0039779307 0.0073220032 0.0099316246 0.0061462413 0.0040995981 0.0080041349 0.0070094481 0.0044924081 0.0077818858 0.0030876118 0.0072619252 0.0085879222 0.0100620782 0.0127011931 0.0066694682 0.0037941763 0.004976896 0.0075069462 0.0065452726 0.0087985326 0.0075532912 0.006009801 0.0133338119 0.0047732026 0.0045241079 0.0014729345 0.0107419553 0.0044961126 0.004487218 0.002621172 0.0103264492 0.0090103438 0.0044855955 0.0103139091 0.0096294564 0.0074555976 0.0087199804 0.0067011394 0.0116258503 0.0053169646 0.0065195959 0.0100054475 0.0049598019 0.0060272941 0.0106872016 0.0135352872 0.0095241068 0.0058646675 0.0103219508 0.0200778886 0.0065049475 0.0068813535 0.0070830238 0.0069243631 0.0094720145 0.0115930101 0.0066153876 0.0077181805 0.0085942562 0.0086576709 0.0071456286 0.009176108 0.0069889751 0.0061703026 0.0083397453 0.0065274439 0.0055311137 0.0066207084 0.0113656672 0.0074818251 0.0046706492 0.0075694038 0.0098913015 0.0033414528 0.0029926831 0.0096365111 0.0049555571 0.0083933595 0.0119607625 0.00548687 0.0116323847 0.0110959445 0.0066176497 0.011241285 0.0068285951 0.0057417073 0.0074931856 0.0038343979 0.0061592076 0.0088020562 0.010973785 0.0074531852 0.0087200363 0.0063177472 0.0114033589 
4 0.0113559552 0.0020087828 0.0103485673 0.0080573781 0.0123312563 0.0062952456 0.0069282582 0.0103603299 0.0062343601 0.0119553166 0.0101782105 0.0121370947 0.0099139287 0.0111158595 0.0061082259 0.0094195033 0.0063134542 0.0090825806 0.0069294077 0.0073694302 0.0080074659 0.009794972 0.0083934611 0.0124156446 0.004938193 0.0070082402 0.0057635848 0.0060901387 0.0099178443 0.0080113201 0.0088739367 0.0035083902 0.0077412366 0.0040288985 0.0068229868 0.0040636275 0.0026696666 0.0068848585 0.0105616207 0.0055521597 0.0049165942 0.0159389762 0.0044698893 0.0132250502 0.005058325 0.0050676088 0.0082577083 0.0127756112 0.0167086118 0.00303775 0.004335814 0.0105270791 0.0190828654 0.0070702502 0.0052583119 0.0091059875 0.0047519122 0.0069327512 0.0101093991 0.0095953546 0.0043190405 0.0042797949 0.0089270949 0.0079099867 0.0046690658 0.0144520497 0.0036941176 0.0069864174 0.0064225404 0.0060447321 0.0142024129 0.0119216255 0.0087628353 0.0096124656 0.0059785077 0.0063306667 0.0047455708 0.0035247415 0.0076879551 0.0049172217 0.0047535261 0.0060143022 0.0087568747 0.0048074137 0.0074315479 0.0045910617 0.0085809301 0.007983569 0.0060466272 0.0044060449 0.009857215 0.007872009 0.0060299488 0.0043482796 0.0072005311 0.0070058071 0.0064870485 0.0025449346 0.006081299 0.0054805141 0.0054376693 0.0086317327 0.0107767262 0.0056623948 0.0092583628 0.0069748875 0.0137124952 0.0066088059 0.0101286829 0.0114810885 0.0099551954 0.0078928908 0.0050976069 0.0071852496 0.014152972 0.0090354561 0.0139679116 0.0103707731 0.0087002249 0.0116517501 0.0083500039 0.0048876911 0.0067199781 0.0051677594 0.0062020878 0.007800415 0.0065349958 0.004268623 
5 0.0069709794 0.0066476236 0.0087113225 0.0123312563 0.0125699636 0.0129642407 0.0049400004 0.0038613131 0.0114418886 0.0110845205 0.0035943119 0.007144487 0.0053566742 0.0065233815 0.0049704861 0.0074602808 0.0056029603 0.0076881418 0.0065139101 0.0078564198 0.0078941066 0.0106308966 0.0091211949 0.0077874314 0.0071818025 0.0046350235 0.0119944822 0.0078380947 0.0085612854 0.0026320993 0.0067183527 0.0096797848 0.0079532143 0.0041422144 0.0072999902 0.005867376 0.0026696775 0.0068099821 0.007871235 0.0062741325 0.0057761284 0.0083067307 0.0089989456 0.0107167163 0.0111745558 0.0047642538 0.0057446436 0.0062748266 0.0115015288 0.0050766626 0.0071587039 0.010126607 0.0073479262 0.0110497525 0.0079920185 0.0109789166 0.0044865373 0.0069370719 0.0080172556 0.0031538136 0.0027276521 0.0135100514 0.0085731303 0.0119812236 0.0075549144 0.0069506493 0.0139557601 0.0092474244 0.0054661685 0.0075666297 0.0051765776 0.0109469404 0.0100714558 0.0067523067 0.0073248497 0.0028073925 0.0081303811 0.0145431583 0.0132656484 0.0088480685 0.0086559326 0.0051339704 0.0158075294 0.011276057 0.0025474019 0.0114109418 0.0098773043 0.0101034614 0.0080515041 0.0070268874 0.0093495268 0.0116539274 0.0094419408 0.0038560385 0.0101654077 0.0150866981 0.0092502293 0.0066226779 0.009357363 0.0130288722 0.0039932432 0.0040494887 0.0059569359 0.0117390593 0.006759974 0.0103193987 0.009195754 0.0052058817 0.0085978106 0.0053687704 0.0065483323 0.0034102722 0.0041164637 0.0101212347 0.0118648106 0.0055470506 0.0065295671 0.002310364 0.0053642794 0.0025127738 0.0112929374 0.0034571368 0.0049919159 0.0042538234 0.0059968223 0.0090954481 0.0086711204 0.0062451419 
6 0.0103804304 0.0156375858 0.007991373 0.0062952456 0.0129642407 0.0030491728 0.0089553396 0.0055997253 0.007802212 0.0040240397 0.004345522 0.0057577282 0.0158423847 0.0073529614 0.0048224714 0.0062607481 0.0059860124 0.0100357658 0.0081193316 0.0063883444 0.0060873804 0.0055939704 0.0064520707 0.0067062401 0.0097786595 0.0064681069 0.0068977972 0.0051144965 0.0097168609 0.0023755098 0.0039224088 0.0059484633 0.0082513731 0.0057709195 0.0102950863 0.0028511639 0.0066882803 0.0062616083 0.0090179918 0.0046091179 0.0058633184 0.0080644725 0.0109840457 0.0046156048 0.0060643808 0.0064283217 0.0106447444 0.0072140091 0.0042848294 0.0052988219 0.0142652926 0.0070985243 0.0076690268 0.0100071259 0.0113376823 0.0074640575 0.0043036937 0.0089069535 0.0062092202 0.0070275114 0.0075207688 0.0052271198 0.0090176621 0.0041439482 0.0085939719 0.0080556529 0.0103819285 0.0052190726 0.0106471785 0.0085590557 0.0103270488 0.0124714678 0.0097075012 0.0102736117 0.0072793229 0.0061756569 0.0033080668 0.0072074367 0.008909422 0.0047980958 0.0107284123 0.0078490084 0.0073919066 0.007983646 0.0124682027 0.0120161324 0.0122045667 0.0081782371 0.0046447805 0.0063066396 0.0059845301 0.0087001523 0.0061049204 0.0128490826 0.0107301648 0.0061404091 0.008124182 0.0128375662 0.0116290358 0.0065647459 0.0077050676 0.0085606297 0.0064416609 0.0084899217 0.0043591379 0.0059199913 0.0084619501 0.0047833051 0.0062215244 0.0109089073 0.0046076581 0.0056336562 0.0130115746 0.0088764117 0.0105439256 0.0057632337 0.0074395711 0.0063578485 0.009835768 0.0041104343 0.0126909676 0.0102870156 0.0072305016 0.0067941905 0.0065145045 0.0126975958 0.0121964614 0.0061264961 
7 0.0093583146 0.0047320487 0.0054439981 0.0069282582 0.0049400004 0.0089553396 0.0046726064 0.0132893665 0.0073765247 0.0064059674 0.0087162512 0.0113812098 0.0087609099 0.0103348788 0.0079249788 0.0126189754 0.0107813503 0.0066576037 0.0050170626 0.0079716764 0.0088160315 0.0059124716 0.0056617464 0.0080621574 0.010728759 0.0091959067 0.0070004362 0.0072744846 0.0078990737 0.0085166489 0.0101482562 0.0116266207 0.0031243165 0.0180340651 0.0057414699 0.0074723476 0.0069761303 0.0067803208 0.0062902901 0.009564563 0.0083715737 0.0067815186 0.0102290224 0.0137518468 0.0089222207 0.006193678 0.0046365035 0.0057834734 0.0086467254 0.0035155884 0.0083815358 0.0100503537 0.00771281 0.0064846333 0.0023787128 0.0052583537 0.0103014875 0.0072807341 0.00366847 0.0074125274 0.0098711099 0.0023019748 0.0048555453 0.0098897634 0.0081290147 0.0086631628 0.0140843858 0.0069196516 0.0066508323 0.0113372458 0.0126841288 0.0033369386 0.0049669933 0.0090217321 0.0117819139 0.0041946703 0.0075928792 0.0071778705 0.0091987609 0.0062797777 0.0078182464 0.0123589004 0.0071256479 0.0047317874 0.0050580445 0.0091813083 0.0088910181 0.0059989343 0.0086098817 0.0028514833 0.0057965499 0.0061444458 0.0170131678 0.0044490147 0.0071741745 0.0063606938 0.0094672415 0.0058892763 0.0049143638 0.0056185129 0.0057035527 0.0087502072 0.0065904844 0.0043091617 0.0052594014 0.0125274582 0.011873804 0.0082512305 0.0016098181 0.0119795554 0.0100921848 0.0075663266 0.0079901993 0.0097414135 0.0083935014 0.0085697705 0.0068737485 0.0100765849 0.0049457254 0.0071226963 0.0048374652 0.0078417874 0.0083012732 0.0090439188 0.0087775165 0.0070263065 0.0066445799 0.0120540954 
8 0.0152937821 0.0090532651 0.0077333336 0.0103603299 0.0038613131 0.0055997253 0.0132893665 0.0056949627 0.0097072353 0.0143632264 0.0099411348 0.0076844865 0.0047137983 0.0072041724 0.0074545422 0.007880237 0.0106355359 0.0063345447 0.0059096481 0.0072576398 0.0146452875 0.0090325538 0.0082009961 0.0029522194 0.0082492726 0.0063185113 0.0044570093 0.004546047 0.0030320783 0.0114275936 0.0054363245 0.0060194856 0.009262038 0.0086162408 0.014447199 0.007806394 0.0081309055 0.0073186596 0.0102218094 0.0073884685 0.0062224784 0.0114520634 0.0057366174 0.0113761326 0.0055681905 0.0113536089 0.0016742541 0.0043934554 0.0057275605 0.006242897 0.0144081039 0.0095307882 0.005741142 0.0083897066 0.0045125712 0.0059603812 0.0104915321 0.0094790689 0.0044415743 0.0100010484 0.0067799449 0.0081733337 0.0076451189 0.0092232767 0.0072086906 0.0080781704 0.0103485583 0.0077885408 0.0116089732 0.0049616171 0.0087536292 0.0075997466 0.0061490369 0.0105875613 0.0092069329 0.0078624779 0.0101156406 0.006523874 0.0092079179 0.0061328166 0.0107429476 0.0035630714 0.0111553108 0.010553774 0.0039541026 0.0073396044 0.0072424965 0.0068164361 0.0067786131 0.009904004 0.0092627999 0.0018877186 0.0059977295 0.0035219696 0.0033280763 0.0112880961 0.0054899204 0.0077148039 0.0119403041 0.0103078958 0.0033307554 0.0054014148 0.0059126481 0.0072492218 0.0084045092 0.0066490206 0.0052961277 0.0068999861 0.0067750316 0.0094854558 0.0126671082 0.007662303 0.0064116335 0.0072847417 0.0063645612 0.0031151823 0.0111019971 0.0107769006 0.0095683642 0.0068479884 0.0043403772 0.0103852702 0.0100860647 0.0060705834 0.0116961388 0.0051955386 0.0055082072 0.0065827869 
9 0.0099551247 0.008235554 0.0084870782 0.0062343601 0.0114418886 0.007802212 0.0073765247 0.0097072353 0.0114476772 0.013518251 0.0058969261 0.0088269104 0.010190724 0.0122356292 0.0101071245 0.0085867791 0.0070606299 0.0053512598 0.006826159 0.0098953414 0.0033293447 0.0091860291 0.0056651007 0.0061885719 0.0098447114 0.0063708883 0.0093341297 0.0085863293 0.0067114826 0.009633607 0.0044942668 0.0085045474 0.0094885059 0.0058351468 0.0061729224 0.007627181 0.0059025141 0.0072340768 0.005499333 0.0053996346 0.006453791 0.0136140711 0.0198819515 0.0072847802 0.0136140448 0.0057856958 0.0039078045 0.0064676372 0.0126229847 0.0093789317 0.0036478961 0.0052497903 0.0102118451 0.0077291839 0.0082676905 0.006308514 0.0073661281 0.0041270186 0.0097827737 0.0047080912 0.0081686419 0.0079873965 0.0107093993 0.005250758 0.000652392 0.0125097538 0.0070172704 0.0130545995 0.004797781 0.0039378765 0.0061674834 0.0064585913 0.010028342 0.0083132393 0.0073088667 0.0044369634 0.0050999441 0.0043072283 0.0096627196 0.0058063651 0.0085572445 0.0030300739 0.0082844854 0.0087129959 0.0063384915 0.0053214378 0.0078959107 0.015740664 0.0053050631 0.0094897184 0.0005016388 0.0126166869 0.0052060715 0.0095618882 0.0070929913 0.0062945239 0.010339068 0.0178409679 0.0043505289 0.0036603628 0.0085273474 0.0077441436 0.0060606055 0.0055960825 0.0117129356 0.0125040305 0.0055912434 0.0074028374 0.0066319258 0.0113832255 0.0097300581 0.0092947293 0.0082812963 0.008872319 0.0099855503 0.0041602563 0.0137509497 0.0100305781 0.0111996102 0.0042069809 0.003229382 0.0066565707 0.0053457324 0.0014963483 0.0051874555 0.0074239703 0.0082878608 0.0052872125 
10 0.0108370045 0.01231423 0.0087310456 0.0119553166 0.0110845205 0.0040240397 0.0064059674 0.0143632264 0.013518251 0.0028423785 0.0085595931 0.0063967233 0.0094425982 0.005644114 0.0082280772 0.0067538351 0.0086749556 0.0044795813 0.0089660081 0.0046355701 0.0076438572 0.0076131468 0.0021798685 0.0058353098 0.0077906926 0.0161802704 0.0048886282 0.0003173649 0.0073566495 0.0096556941 0.0077184631 0.0087600708 0.0058936258 0.0073478027 0.006226885 0.0074704573 0.0137476698 0.0079889558 0.0093748469 0.0124412689 0.0084579679 0.0049414251 0.0043470016 0.0064652945 0.006225303 0.0074104541 0.0085202025 0.0100541586 0.0094467464 0.0096468008 0.0072613564 0.0042808274 0.0059006155 0.0112592177 0.0087435542 0.0122101856 0.0064796924 0.0112176198 0.0105458868 0.0036755488 0.0075299233 0.0109896187 0.0062931013 0.0058676539 0.0080114225 0.0124461368 0.0095391314 0.0065298135 0.0117736728 0.011483581 0.002117112 0.0128492042 0.0053863986 0.0126074005 0.0081377326 0.0088731226 0.0020532269 0.01120584 0.0022353118 0.0047862389 0.0052571879 0.0032189018 0.0049681445 0.0026904811 0.0074659885 0.0090359876 0.007269 0.0124559765 0.0131062011 0.0101084577 0.0105969676 0.0069484294 0.0027897439 0.007637799 0.0057098695 0.0093535148 0.0110982155 0.0076532622 0.0073775787 0.0103049375 0.0067685759 0.0076094395 0.0057864829 0.0077582846 0.0034383449 0.0044286602 0.0072789939 0.0090677094 0.0052651311 0.0061150157 0.0081814904 0.0050812323 0.0102570139 0.0102632338 0.006121753 0.008448819 0.0070664267 0.0119652592 0.009050111 0.0098691758 0.0029539803 0.0037787789 0.0086442261 0.0125433926 0.0055013216 0.0048288578 0.0080152079 0.00677237 
11 0.0102328705 0.0033438469 0.0104603036 0.0101782105 0.0035943119 0.004345522 0.0087162512 0.0099411348 0.0058969261 0.0085595931 0.0110418474 0.0083166593 0.0078610495 0.0095924092 0.008911613 0.0105916837 0.0059005499 0.0081466469 0.0054192784 0.0042977867 0.0034598488 0.0083604295 0.0057920801 0.00786222 0.0161547426 0.0067752484 0.0089067225 0.011448315 0.007455447 0.0072890897 0.0020092409 0.0086023253 0.0083949776 0.007326005 0.0092779737 0.0092454184 0.0037161109 0.0070214424 0.0086932503 0.0119030795 0.0054578615 0.0009022825 0.0093630591 0.0081155684 0.0087287867 0.0087302661 0.008565926 0.003993298 0.0057166899 0.0089707491 0.0032926786 0.0063474909 0.0095740908 0.0064225414 0.0044016543 0.002528388 0.008062881 0.013407593 0.0092759974 0.0098209135 0.0080630876 0.0044745336 0.0086835777 0.0076772172 0.01118007 0.0067497257 0.005525937 0.0131131921 0.0046064175 0.00526763 0.0173831736 0.0082857011 0.0059795938 0.011908226 0.0071601904 0.0045547503 0.0107326675 0.0039371129 0.0107259729 0.0061066261 0.0108366184 0.0119645419 0.0125956684 0.0112787214 0.0141893981 0.0042117179 0.0048292788 0.0042721642 0.0032466716 0.0066333482 0.0058735076 0.0065827174 0.0084270151 0.0037826874 0.0179485928 0.0084269533 0.01008431 0.0046123673 0.003817652 0.0177677953 0.009954457 0.0097635104 0.0062605116 0.0052523259 0.0066684796 0.0072581073 0.004687715 0.006109195 0.0076120976 0.0106748318 0.0120808269 0.0084662472 0.0051346991 0.0057194328 0.0078230547 0.0028751426 0.0067088224 0.0102759036 0.0091067464 0.0041633812 0.0066882921 0.0032109422 0.011810823 0.0105300037 0.0109701291 0.0088806949 0.004491621 0.0066036974 
12 0.0089860215 0.0061146073 0.0115928385 0.0121370947 0.007144487 0.0057577282 0.0113812098 0.0076844865 0.0088269104 0.0063967233 0.0083166593 0.0065317875 0.0067001408 0.0058448827 0.0071285859 0.0081194377 0.0084528363 0.0093289436 0.010966721 0.0087973241 0.0085782686 0.006197561 0.0091192158 0.0097108946 0.0110807964 0.0047713132 0.0072509283 0.0098671366 0.0065179965 0.0061910068 0.0093135171 0.012701389 0.0040814248 0.0056418146 0.006891315 0.0131844362 0.0105616948 0.0115441209 0.0081768582 0.0070580749 0.006471365 0.0059778678 0.0142479254 0.0086251523 0.0061528274 0.007524411 0.011077379 0.0051045436 0.0120919769 0.0087165397 0.0078557882 0.0022204492 0.0071304427 0.0093987734 0.0040144603 0.0038587183 0.0055720918 0.0025696485 0.0049027753 0.0055846416 0.0055627793 0.012751202 0.0061154793 0.010123952 0.0078498531 0.0076937268 0.0043345944 0.0082052242 0.0084420926 0.0033507038 0.0064072502 0.0059670251 0.0059900842 0.0118792571 0.0064451299 0.0022426977 0.0127920331 0.0106033838 0.012806414 0.0101282338 0.0017003178 0.003829613 0.004693618 0.0084946559 0.0091564597 0.0115252341 0.0130470308 0.0065791962 0.0056548782 0.0092768556 0.003271252 0.0102966304 0.0063602433 0.0117956083 0.0035838717 0.0052000392 0.0094476152 0.0102770704 0.0040953375 0.0058701208 0.0088859519 0.0099773227 0.0076294124 0.004262835 0.0069382593 0.0096608836 0.0097530121 0.0065896772 0.0068979083 0.00945182 0.0113668891 0.0115606341 0.0110045021 0.0068953095 0.0091614806 0.0042550992 0.0026765287 0.0072899286 0.0077341983 0.0062690457 0.009814816 0.0136079865 0.0051592494 0.0086787326 0.0080924165 0.0094604009 0.0036381678 0.0056938007 
13 0.0104972532 0.007865432 0.0111991748 0.0099139287 0.0053566742 0.0158423847 0.0087609099 0.0047137983 0.010190724 0.0094425982 0.0078610495 0.0067001408 0.0073828883 0.008861471 0.0022973297 0.0137121249 0.0075699962 0.0066758315 0.0068208002 0.0042432886 0.0114850404 0.0050306856 0.0089998084 0.0030591094 0.007270903 0.0123111161 0.0072408821 0.0052581331 0.0027426749 0.0077598772 0.0137452934 0.0063828298 0.0099036203 0.0077108518 0.0025007447 0.0059034315 0.0055775069 0.0082332099 0.0010902466 0.0056096318 0.0087885335 0.0081414792 0.0016195653 0.0023949087 0.0110932489 0.0121180134 0.0077676965 0.0052107609 0.0043782039 0.0108274624 0.0103120542 0.0127389506 0.0025655043 0.0102091378 0.0093195956 0.0079252577 0.008606338 0.006657391 0.0072120513 0.0092413545 0.0087445162 0.0025407239 0.0051400661 0.010272021 0.0048928897 0.0063637858 0.0096210097 0.0101544135 0.0094331583 0.0103962956 0.0039594266 0.009072525 0.0077649941 0.0057661192 0.0096392386 0.0071119353 0.0090498319 0.0079481062 0.0088034995 0.007554676 0.0064915975 0.0071029541 0.0102273448 0.0039171745 0.0053383226 0.0063066984 0.0114774574 0.0064632853 0.0114710456 0.0053020636 0.0053707289 0.0095556544 0.0087425023 0.0073188363 0.0077727669 0.006176074 0.0088642721 0.0101951656 0.0085555042 0.0094270472 0.0139499781 0.0078654772 0.0087540631 0.0079301565 0.0072124087 0.007461542 0.007884727 0.0100150289 0.0072144847 0.0108788029 0.0058271544 0.0107508604 0.0085880101 0.0100577056 0.0087009794 0.00493486 0.0057528351 0.0111103688 0.0075259566 0.0082271711 0.0034016462 0.0091184562 0.0098143758 0.0064540663 0.0041577554 0.010544784 0.0065253212 0.0081843933 
14 0.0056130963 0.0072756141 0.0081910217 0.0111158595 0.0065233815 0.0073529614 0.0103348788 0.0072041724 0.0122356292 0.005644114 0.0095924092 0.0058448827 0.008861471 0.0174089967 0.0116245061 0.0063018578 0.0055474247 0.0110522524 0.0094055556 0.0025535268 0.009815195 0.0093801876 0.0054397505 0.0150607951 0.0068718011 0.0083021606 0.0106164904 0.0049748311 0.0062976788 0.0084713048 0.0089963666 0.011422766 0.0041914884 0.0139169826 0.0031427869 0.007297856 0.0074002017 0.0057345336 0.009967166 0.0087289495 0.0066235025 0.0081626259 0.00611568 0.0057514403 0.0061494869 0.0077752246 0.0055751144 0.0076702496 0.007142665 0.0069703144 0.0062500014 0.0043672579 0.0100026539 0.0116194764 0.01127415 0.009070279 0.0071640483 0.015840922 0.0088983853 0.0080709 0.0045661577 0.0054807891 0.0064597959 0.0090888245 0.0095201033 0.0034376501 0.0090275685 0.0069841246 0.0065937744 0.0050482921 0.0089540932 0.00785044 0.0107196584 0.0107145913 0.0036003269 0.0086709489 0.0070940704 0.0064210977 0.0076640454 0.005803018 0.0138028243 0.0094359155 0.0131188284 0.0039522797 0.0045481049 0.0141590671 0.0078108827 0.0074246242 0.0013614619 0.007919445 0.0083099761 0.0070000574 0.0130476484 0.0030353151 0.0049823994 0.0057856431 0.0121746044 0.0063512824 0.0071909684 0.0056360809 0.0050313882 0.009761284 0.0013505127 0.008289116 0.0041175198 0.0090850348 0.0084811723 0.0086854755 0.003484439 0.0087658704 0.0114109973 0.005039712 0.0105057248 0.0057693051 0.0059569941 0.00569774 0.0052465321 0.0081529098 0.0057928101 0.0041079423 0.0071202339 0.006676619 0.007923388 0.0124822266 0.0081104925 0.0062894405 0.0087731283 0.0109379294 
15 0.0029665019 0.0107415177 0.007721225 0.0061082259 0.0049704861 0.0048224714 0.0079249788 0.0074545422 0.0101071245 0.0082280772 0.008911613 0.0071285859 0.0022973297 0.0116245061 0.0020282453 0.0074589189 0.0069620565 0.005738768 0.0089897307 0.0086979227 0.006209191 0.0093798065 0.0028164227 0.0064104054 0.0110932149 0.0057394666 0.006876749 0.0054398 0.0055824598 0.0136102998 0.0036114381 0.0039190804 0.0067598596 0.0070671012 0.0043560352 0.0044311346 0.0081341279 0.0147194005 0.0067526797 0.0087697873 0.0062640525 0.0054763665 0.0115220854 0.0083986512 0.003507915 0.0039095936 0.0093439974 0.0095877328 0.0064540329 0.0062679953 0.0101116793 0.0077001605 0.0153194485 0.0093640327 0.0104582792 0.0038215687 0.0092607699 0.0070956067 0.0066057693 0.0074120162 0.0075408083 0.010130211 0.0049469947 0.0104408076 0.012844431 0.010008413 0.0081369181 0.007816547 0.0046449707 0.0065606621 0.007960772 0.0086661759 0.0107302209 0.0070081319 0.0119384052 0.0114762566 0.0114179136 0.0064294902 0.0084072231 0.0105860712 0.0070712321 0.0048062614 0.0111502301 0.0080612938 0.0111617706 0.0057202538 0.0066877417 0.0071905625 0.0079983438 0.0067665681 0.0116257493 0.011736605 0.010985752 0.0081168679 0.0053859117 0.0069356368 0.006563538 0.0073755476 0.0081727606 0.0091473066 0.0060358895 0.0103039489 0.0108754487 0.0086150824 0.0106884879 0.0075367528 0.0077944328 0.0058111134 0.005143157 0.001954994 0.0078146825 0.0099692088 0.0054295206 0.0049523394 0.0135813334 0.0084553044 0.0098332413 0.0089993375 0.0031780382 0.0019869646 0.0091344996 0.0076210448 0.0034321778 0.0058457802 0.0149155241 0.0114615844 0.0079420989 0.0098936135 
16 0.0092175497 0.0024869994 0.0031133776 0.0094195033 0.0074602808 0.0062607481 0.0126189754 0.007880237 0.0085867791 0.0067538351 0.0105916837 0.0081194377 0.0137121249 0.0063018578 0.0074589189 0.0068972462 0.0078645276 0.0082114094 0.0132785555 0.0072031221 0.0078978198 0.0042890691 0.0098034832 0.0026248655 0.0128805 0.0063014636 0.0121056158 0.0106080226 0.0082884292 0.003327946 0.0087675277 0.0075765835 0.0089698952 0.0145421915 0.0066326163 0.0062507306 0.0050790753 0.0091265447 0.0134832682 0.0095165947 0.0091643699 0.0065007995 0.0045503584 0.0063366624 0.0045219798 0.0031799284 0.0007317946 0.0077307933 0.0041796124 0.0054918813 0.0079683327 0.0073238965 0.0097110638 0.0087625174 0.0062156104 0.0101084765 0.0100311356 0.0067661666 0.0041036575 0.0096010682 0.0064606934 0.0041801172 0.0123339709 0.0093192031 0.0127156677 0.0081866105 0.0108908578 0.0029967749 0.0117567321 0.0109403133 0.0055926782 0.0049108531 0.0111191783 0.0105940671 0.0128295968 0.009003479 0.0057059435 0.012905917 0.0120852271 0.0044699323 0.0024010931 0.0076121538 0.0034888009 0.0049562705 0.0060167196 0.0092492266 0.0109388952 0.0059621533 0.0069328418 0.0084502588 0.0066612321 0.0089501062 0.004280466 0.0153667867 0.0103576732 0.0122487519 0.0069774293 0.0070423243 0.0089951805 0.0091603127 0.0114068586 0.0075083529 0.0063675432 0.0107562773 0.0089504176 0.0102615011 0.0075097473 0.0058588048 0.0047891931 0.006941722 0.0083778389 0.0077980046 0.0064246172 0.0028916252 0.00430747 0.0083525863 0.0033609509 0.0062565147 0.0069358666 0.0028519788 0.0032309869 0.0095102842 0.0062152387 0.0111336911 0.0101843507 0.0106530831 0.0065321335 0.0050963537 
17 0.0078435381 0.0073784563 0.0101418028 0.0063134542 0.0056029603 0.0059860124 0.0107813503 0.0106355359 0.0070606299 0.0086749556 0.0059005499 0.0084528363 0.0075699962 0.0055474247 0.0069620565 0.0078645276 0.0075046497 0.0103080471 0.0125960628 0.008593125 0.0050660252 0.0094893383 0.0078581841 0.0112313476 0.0058705592 0.0058181573 0.0043745277 0.0146036397 0.0092819705 0.0038804079 0.0081117515 0.0132546617 0.0092044876 0.0067550586 0.0068278572 0.0051614115 0.0058435907 0.0099295707 0.0091995852 0.0038022139 0.0091576997 0.0052584291 0.0091204921 0.0110035575 0.0116347005 0.0047285234 0.0075109995 0.0131350046 0.0122560312 0.0097838759 0.0030081903 0.0076385275 0.0076768927 0.0072175348 0.0164736755 0.006250216 0.0062137086 0.0110017649 0.0116183159 0.0040009809 0.0053744279 0.0114231806 0.004872771 0.0035025772 0.0099044959 0.006898311 0.0080520536 0.0039360272 0.0052932739 0.0072483594 0.0101797173 0.0109333593 0.001397459 0.0038642476 0.0104034403 0.0061831014 0.0091930383 0.0119529486 0.0087791367 0.0065082336 0.0070679834 0.0104751644 0.0072024638 0.0063256823 0.0070129183 0.0035639399 0.0065795935 0.0060384998 0.0087685843 0.0100299923 0.0116688749 0.0094058703 0.0066539156 0.0103195484 0.0040047542 0.0056831541 0.0034603698 0.0030421428 0.0084207429 0.0117278495 0.0079669019 0.0075010548 0.0094152646 0.002668229 0.008602759 0.0065727184 0.0115099352 0.0149063347 0.0089048884 0.0064409131 0.0042684641 0.0090500471 0.0063598582 0.0054681621 0.009665227 0.0087923432 0.0088945055 0.0036945245 0.0060135222 0.008618543 0.0035082848 0.0128000715 0.0109031088 0.0043161626 0.0065412798 0.0091707778 0.0048046993 0.0073177766 
18 0.0060398597 0.0105079921 0.0093261482 0.0090825806 0.0076881418 0.0100357658 0.0066576037 0.0063345447 0.0053512598 0.0044795813 0.0081466469 0.0093289436 0.0066758315 0.0110522524 0.005738768 0.0082114094 0.0103080471 0.0116124887 0.0043711964 0.0108766119 0.0075021762 0.0057409184 0.0086519854 0.005314324 0.0072575188 0.0086073401 0.0116630518 0.0073968432 0.0046996838 0.0091917952 0.0092260437 0.0132581957 0.0071563357 0.011750868 0.0052968072 0.0093390578 0.0091874466 0.0092760549 0.0101355732 0.0074054915 0.01112431 0.0105576348 0.0097570767 0.0102064544 0.0057430203 0.009668026 0.0113580284 0.0064166426 0.0071919986 0.0093974255 0.0064846921 0.0089695946 0.0115131891 0.0098233354 0.0109747666 0.0022266964 0.0112683793 0.0082733186 0.0055450267 0.0042075516 0.0071789981 0.0108486103 0.0084924604 0.0049959482 0.0067040474 0.012950919 0.0088384553 0.0062663241 0.0063114 0.0032150285 0.0079260557 0.0076842596 0.0142220117 0.0080101004 0.0083835503 0.0060351242 0.0096849694 0.010972119 0.0056645172 0.0055239361 0.0085787748 0.0045501921 0.0051809498 0.0072377976 0.0080214763 0.0094298272 0.0065248222 0.0058208216 0.0074662416 0.0127423903 0.0091590452 0.007935952 0.0090215866 0.0027464169 0.0066886035 0.0056496657 0.0080773161 0.0120119924 0.0037285637 0.0006778816 0.0017941614 0.009881713 0.0085888055 0.0047169344 0.0074854198 0.0055590476 0.0112210272 0.0037665482 0.0065730149 0.0005936055 0.0104531268 0.008650389 0.0106425484 0.0022378504 0.0111996737 0.0030187898 0.0073617914 0.0072008629 0.0066683328 0.0085587608 0.0058822794 0.0045518084 0.0106095601 0.0081471857 0.0148234475 0.0077329347 0.0039878124 0.0063430633 
19 0.0049054579 0.0054735115 0.0071554709 0.0069294077 0.0065139101 0.0081193316 0.0050170626 0.0059096481 0.006826159 0.0089660081 0.0054192784 0.010966721 0.0068208002 0.0094055556 0.0089897307 0.0132785555 0.0125960628 0.0043711964 0.0047388604 0.0116650499 0.0042148326 0.0061524508 0.0020244047 0.0097158608 0.0083625309 0.0116196128 0.0084624145 0.0077371065 0.0060795252 0.0071685381 0.0122559422 0.0055530409 0.008607569 0.0099468009 0.008767 0.0138297489 0.0082655441 0.0110205658 0.0115444194 0.0054785972 0.0127076514 0.0098565449 0.0108991306 0.006256167 0.0104767472 0.0055347022 0.0090210672 0.0076655771 0.0104560843 0.0057135368 0.0023438814 0.0040553319 0.0057873397 0.0094708043 0.0067228984 0.008403847 0.008227186 0.0080587934 0.0121133084 0.0072445724 0.0063995155 0.0115574159 0.0042367964 0.006686858 0.0048239379 0.005582475 0.0051221761 0.0103252929 0.0092718014 0.0061525905 0.0115499411 0.0025877451 0.0093353307 0.0033839368 0.0050475128 0.0107101395 0.0081792592 0.0092710653 0.0089303971 0.0049100683 0.0055795666 0.0101939208 0.0097286424 0.0088752148 0.0070398256 0.0053289129 0.0090662027 0.0087388178 0.003940633 0.0153273306 0.0039229565 0.0134097195 0.0097215466 0.008464131 0.004808656 0.0066378013 0.0102156526 0.0029557114 0.0123838698 0.0082055214 0.0019744736 0.0077264873 0.007461688 0.0100066244 0.0095641485 0.0039338925 0.0039237715 0.0092646936 0.0128153541 0.009034028 0.0039837822 0.0028986861 0.0067841295 0.0095748627 0.0053533583 0.0052845907 0.0053661979 0.0075633083 0.0085295625 0.0071414561 0.0080120274 0.0054362421 0.008198663 0.0051511785 0.0082443626 0.0143560789 0.007976715 0.0139412922 
20 0.005067582 0.0077518863 0.0060178252 0.0073694302 0.0078564198 0.0063883444 0.0079716764 0.0072576398 0.0098953414 0.0046355701 0.0042977867 0.0087973241 0.0042432886 0.0025535268 0.0086979227 0.0072031221 0.008593125 0.0108766119 0.0116650499 0.0064164715 0.0087130051 0.0053607529 0.0067167079 0.0104914688 0.0072430967 0.0068714881 0.0056046269 0.0083507111 0.0066331185 0.0071070346 0.0114655103 0.0060397601 0.0050535919 0.0116415453 0.0098916711 0.0067561829 0.0065046289 0.0101436569 0.0058033401 0.0102670336 0.0109128829 0.0089030818 0.0033777291 0.0112428343 0.007698648 0.0037892336 0.0118575698 0.0129941914 0.007195627 0.00674192 0.0044407342 0.0090685821 0.0051168558 0.0052205618 0.0104229656 0.009553082 0.0071369457 0.0077277362 0.0069085793 0.009182144 0.0073912302 0.0034604212 0.0028090499 0.0064534435 0.0072456115 0.003631741 0.0040383935 0.0021525907 0.0099495739 0.0089359128 0.006902992 0.011245029 0.0087977417 0.0049971054 0.0152355433 0.0083474339 0.0074798391 0.008931425 0.0098560448 0.0076981789 0.0083787664 0.0076833456 0.0061608899 0.0121188465 0.0152404522 0.006768243 0.00883861 0.0087832165 0.0117777986 0.0075994098 0.0082197846 0.0074332786 0.0105697174 0.0043987336 0.0097767636 0.001662621 0.0047303911 0.008953306 0.0097529769 0.016087839 0.0064956867 0.0110999803 0.007307494 0.0118686254 0.0025861498 0.00600367 0.0077886977 0.0048292321 0.0084787918 0.0072671787 0.0063878636 0.0186667838 0.0072702413 0.0065128647 0.009630786 0.0079260074 0.0061261653 0.0064328456 0.0050875514 0.0090985861 0.0084403297 0.0027454509 0.006717555 0.0041336171 0.0151515627 0.0053747638 0.0106925657 0.0096778809 
21 0.0118296087 0.0074766995 0.0021724148 0.0080074659 0.0078941066 0.0060873804 0.0088160315 0.0146452875 0.0033293447 0.0076438572 0.0034598488 0.0085782686 0.0114850404 0.009815195 0.006209191 0.0078978198 0.0050660252 0.0075021762 0.0042148326 0.0087130051 0.007238621 0.0089039029 0.0071732993 0.0078011667 0.0024293856 0.0071437465 0.0070267657 0.0064018814 0.0127434195 0.0115913477 0.009718186 0.0112449165 0.008238006 0.0118311287 0.012188416 0.0057064183 0.0062537349 0.0104130993 0.0090749617 0.0050242495 0.0052639349 0.0071982624 0.0075772896 0.0104340839 0.0118802681 0.0048383652 0.0081063309 0.0100454478 0.0050215571 0.0101650193 0.0115104829 0.0044567281 0.0072644902 0.0066467117 0.0036760244 0.006967092 0.0061751139 0.0129563471 0.004548831 0.0073606949 0.0065483323 0.0138145956 0.0101540872 0.0134651633 0.0101098793 0.0067472098 0.0082987777 0.0078917138 0.0034587792 0.0065434629 0.0052371341 0.0064149573 0.0072152772 0.0064821493 0.0079035001 0.008970113 0.0075918099 0.0103727045 0.0077519049 0.0056196863 0.0079612968 0.0034427452 0.007316565 0.0061256129 0.0047616276 0.0130294506 0.0073117166 0.0078265349 0.0096036966 0.006580644 0.006603446 0.0066143554 0.0047994911 0.0102063338 0.0058062063 0.0041030828 0.004900457 0.0131411746 0.0069322499 0.0074027983 0.0105514821 0.009081127 0.0080250138 0.0135188772 0.010464841 0.0056171052 0.0072713178 0.003575236 0.0076141036 0.0043725382 0.0059111639 0.0039035466 0.0133170906 0.0060946902 0.0089175741 0.0112184848 0.0067335787 0.0071112232 0.0097051935 0.0094274454 0.0076847782 0.0083500345 0.0107519639 0.0030021742 0.011213612 0.0060642002 0.0082547209 0.0061028324 
22 0.0146324429 0.0086472376 0.0085473785 0.009794972 0.0106308966 0.0055939704 0.0059124716 0.0090325538 0.0091860291 0.0076131468 0.0083604295 0.006197561 0.0050306856 0.0093801876 0.0093798065 0.0042890691 0.0094893383 0.0057409184 0.0061524508 0.0053607529 0.0089039029 0.0028442815 0.0094855052 0.0112668814 0.0028877831 0.0052569699 0.0128901898 0.0117733626 0.0111704653 0.008768152 0.0039911958 0.0076500988 0.0063006103 0.0076928032 0.0048175705 0.012617753 0.0043229846 0.0057173031 0.0092844378 0.0046211423 0.0071775105 0.0046812432 0.0100328039 0.0041378312 0.0026604135 0.007060324 0.0052625207 0.0081613276 0.0110252566 0.0076912555 0.0089001254 0.0111695622 0.0138607196 0.0019392655 0.0090102058 0.0030016146 0.0043278618 0.0099529804 0.0039401692 0.0090207221 0.0076087538 0.005720294 0.009624302 0.0088212203 0.0063100217 0.0080715542 0.008419843 0.009152337 0.0085546535 0.0132837505 0.0127141381 0.0081218627 0.0083181319 0.0092660072 0.0054647847 0.0084075683 0.0051734154 0.0052918256 0.0019186498 0.0094941987 0.0090287237 0.0037619787 0.0075428879 0.0064188917 0.009807021 0.0096178673 0.0125363081 0.0093099669 0.003633725 0.0056734105 0.0071304002 0.0137365824 0.0078056808 0.0076654005 0.0068767337 0.0067270147 0.0086491156 0.0055293539 0.0071413951 0.0067689897 0.0125003697 0.0062008951 0.0081222446 0.0061603785 0.0031559152 0.0068920183 0.0128001102 0.00503154 0.0110275358 0.0104338062 0.006702752 0.0104473855 0.0034462887 0.0099609159 0.008553989 0.0111727747 0.0027547229 0.0060891018 0.0092731145 0.0138347031 0.0054877276 0.0039875206 0.0125161238 0.0138927849 0.0040246109 0.0112274034 0.0112105722 0.0037445294 
23 0.0103179492 0.0094326087 0.010616977 0.0083934611 0.0091211949 0.0064520707 0.0056617464 0.0082009961 0.0056651007 0.0021798685 0.0057920801 0.0091192158 0.0089998084 0.0054397505 0.0028164227 0.0098034832 0.0078581841 0.0086519854 0.0020244047 0.0067167079 0.0071732993 0.0094855052 0.0 0.010449182 0.011840488 0.0098702196 0.0065957686 0.0053176841 0.0096347879 0.014075884 0.006672756 0.0076462502 0.0064707313 0.004103476 0.0094997955 0.0126438071 0.0127778947 0.0096666083 0.0083779936 0.0077997028 0.0088665381 0.0069963222 0.0073483883 0.0122604935 0.0059197033 0.0056844226 0.0085138599 0.0079151342 0.0112098875 0.0106474456 0.0045386176 0.0033868475 0.0116706105 0.0071300669 0.0062645613 0.0086719923 0.0026917242 0.0078189405 0.0094793193 0.0108481807 0.0087703032 0.0094247959 0.0056294304 0.0107050104 0.0071044436 0.0077863437 0.0098244415 0.0057066401 0.0085071599 0.0079033061 0.0107162005 0.003985931 0.0142557497 0.0112507291 0.0081677096 0.0066586554 0.0089036711 0.0051284679 0.0041061264 0.0080883535 0.008184021 0.0049022574 0.0068596569 0.0123538444 0.00842622 0.0066356377 0.0082388721 0.0065784229 0.0029489389 0.0097995994 0.0056074062 0.0078181355 0.0061147288 0.0067523054 0.0077076489 0.009112861 0.0084982496 0.0073215644 0.0061899676 0.0090040589 0.0145115772 0.0057477496 0.0089378168 0.003591013 0.0080141195 0.0060024619 0.0078187841 0.0077637733 0.0051807504 0.0079821763 0.0057321615 0.0063267662 0.0058989726 0.010614119 0.0048558459 0.0104236807 0.0096185199 0.0063842645 0.0041141054 0.0036257077 0.0119127045 0.009027756 0.0057732429 0.0076121602 0.0075836835 0.0105908085 0.0062571026 0.0151914041 
24 0.0072597309 0.0048705605 0.0091715749 0.0124156446 0.0077874314 0.0067062401 0.0080621574 0.0029522194 0.0061885719 0.0058353098 0.00786222 0.0097108946 0.0030591094 0.0150607951 0.0064104054 0.0026248655 0.0112313476 0.005314324 0.0097158608 0.0104914688 0.0078011667 0.0112668814 0.010449182 0.0099619094 0.0146375915 0.009087186 0.0104765593 0.0046535705 0.0160358745 0.0107792734 0.010852318 0.0066970729 0.0105179911 0.0101963917 0.0057228726 0.0100429537 0.0096566237 0.0094647344 0.0122709695 0.011621797 0.0093018244 0.0078762456 0.0065573758 0.0056587125 0.0084398367 0.0072288764 0.0038963951 0.0086321414 0.0067752578 0.011101712 0.005981903 0.0049041242 0.0111436439 0.0105329451 0.0063680268 0.0026610491 0.0044328826 0.0073361526 0.0063355979 0.0108285636 0.008343015 0.0082878247 0.0044893856 0.0063934404 0.0091769761 0.0070722957 0.009596285 0.0071849138 0.009665085 0.0027803896 0.0101504374 0.0037041451 0.006951838 0.0105162145 0.0082950575 0.0071022039 0.0114253013 0.0037893137 0.0057682163 0.0120945702 0.010108709 0.0088535435 0.0037999121 0.0044526413 0.0051626706 0.0037365527 0.0127862039 0.0051606034 0.0033471087 0.0050349438 0.0071220683 0.0120893354 0.0046681218 0.0080151136 0.0051526737 0.0050031996 0.0026433587 0.0080317326 0.0104672025 0.004664016 0.0040838323 0.0090259723 0.0137063383 0.0099990508 0.0064324692 0.0082730055 0.0073901749 0.0106732418 0.0098335912 0.0054542236 0.0064805413 0.0058127087 0.0107668881 0.0058053905 0.0045276195 0.0117549214 0.0059170856 0.006344888 0.0060699972 0.0080300016 0.0093092816 0.008590591 0.0085067897 0.0028276388 0.0089838059 0.0051360133 0.005092363 0.0111680372 
