64
1 0.0147575662 0.0114100126 0.0111749313 0.0142735138 0.0246313744 0.0091497086 0.0106226024 0.0147023991 0.0122688095 0.0121026495 0.0121949462 0.0077806982 0.0131292966 0.0065480413 0.0124450738 0.0168178438 0.0255723347 0.0184709 0.0138960387 0.0120793931 0.0099654024 0.0174376171 0.0158770224 0.0127625138 0.017013326 0.01010281 0.025712932 0.0188102998 0.0266427538 0.0144005573 0.0357476593 0.010063203 0.0112718769 0.0105697065 0.0145815597 0.0156749273 0.0154832457 0.0196733406 0.0154729945 0.0135165373 0.0121300546 0.0286924776 0.0 0.0232798537 0.0158318349 0.0130946787 0.0115330128 0.0224571282 0.0145670699 0.0217397439 0.0130341247 0.0147521856 0.0182720974 0.0120116596 0.0163374875 0.0077793748 0.0177973538 0.0217520198 0.0181373327 0.0170790169 0.0210529921 0.0160235713 0.0236219202 0.0142145904 
2 0.0114100126 0.0107824041 0.02378622 0.0085435319 0.0114564967 0.00986637 0.0190017026 0.0069701801 0.0165426413 0.0210243066 0.0187722199 0.0198227768 0.020497183 0.0258987262 0.018241824 0.007066585 0.0191341861 0.0198592286 0.021670912 0.0154307689 0.004039927 0.0211305703 0.0036143075 0.0142805377 0.0250918702 0.011565708 0.0222898334 0.0060000376 0.0130713314 0.0181865158 0.0102709141 0.0101762443 0.0142016674 0.017142464 0.005178735 0.0236944473 0.0134422231 0.0256422484 0.0189626867 0.0103358418 0.0131522845 0.0238156462 0.0190558508 0.0148897405 0.010265431 0.012014516 0.0162346611 0.0192362381 0.0081910599 0.0172384931 0.0135662597 0.012277887 0.0185106435 0.0070325833 0.0248471015 0.0211716928 0.0161875431 0.0176216833 0.0123746406 0.0209334212 0.0200070396 0.012523645 0.0236741765 0.0110813742 
3 0.0111749313 0.02378622 0.0171870165 0.0259044647 0.0204063242 0.0232815048 0.017597939 0.0130071549 0.012009846 0.0135051666 0.0209322813 0.0173437166 0.0135852078 0.0055175187 0.0078011265 0.0178166658 0.021353541 0.0183998092 0.0155715675 0.0040186623 0.018992514 0.019135556 0.022306474 0.0122808202 0.0095639185 0.0185164373 0.0046195276 0.0166445064 0.0130512393 0.0157511053 0.0137091013 0.0144756052 0.0171826065 0.0209535753 0.0190883015 0.0111173137 0.0078965141 0.0095956547 0.0302604933 0.0169107728 0.0182152242 0.0168201074 0.0134014416 0.0137598597 0.0163186583 0.0188430291 0.0323541808 0.0091663592 0.0292671498 0.0232712083 0.0071744951 0.0164644672 0.0115890548 0.0181795758 0.0170887137 0.0079403146 0.0157066415 0.0074011614 0.0125270204 0.0110956358 0.0160576005 0.0171168498 0.0036338746 0.0143546744 
4 0.0142735138 0.0085435319 0.0259044647 0.0193728409 0.0107959963 0.0105340763 0.0130865234 0.0114644229 0.0170575591 0.0164829226 0.011181464 0.0107728815 0.0229914967 0.0263663639 0.020224489 0.0146598889 0.011721808 0.0273772248 0.0208604708 0.0163551049 0.0214069538 0.0048270632 0.0189474953 0.0234760082 0.0182703103 0.0182181651 0.0215279492 0.0095849341 0.0094351487 0.0181005016 0.015178833 0.0366316185 0.0088242023 0.0153273341 0.0070348695 0.0098051816 0.0099104432 0.0103057472 0.0149789317 0.0173612566 0.0116667021 0.0159649199 0.0146181716 0.0239283357 0.0138259402 0.0096070527 0.0114087858 0.0289218567 0.011007395 0.0141155593 0.00339187 0.0188335162 0.017842881 0.0113612535 0.0110329864 0.0165772058 0.010800875 0.0270897176 0.0081192292 0.0196669038 0.0302602922 0.0024235673 0.0093660839 0.0189889071 
5 0.0246313744 0.0114564967 0.0204063242 0.0107959963 0.0236877455 0.014508562 0.0070992461 0.0087431602 0.0156927929 0.025907681 0.010059734 0.0163343328 0.0148461727 0.012634412 0.0263185711 0.0158325184 0.0151875027 0.0101800895 0.0148351766 0.0062263477 0.0178908709 0.0095804118 0.0272797326 0.0140157444 0.0191305009 0.0134335975 0.0100601568 0.0130165951 0.0238405258 0.0179546204 0.0217858132 0.0196040305 0.0231735562 0.0162144358 0.0247467943 0.0139268526 0.0139581449 0.0157048121 0.0181796606 0.0091419705 0.0193667419 0.0305381122 0.0117578372 0.0199340529 0.0080830044 0.0037854606 0.0193603772 0.0188197181 0.0223766419 0.0069712504 0.0201620461 0.012194867 0.0078942409 0.0133504345 0.0045122264 0.0211855057 0.0097068735 0.0053901486 0.0160268096 0.0065682389 0.0241075258 0.0094542783 0.0134079599 0.0270225846 
6 0.0091497086 0.00986637 0.0232815048 0.0105340763 0.014508562 0.0286179928 0.0205901369 0.0214790541 0.0120374424 0.0295271766 0.0119365065 0.0104248728 0.0070654071 0.0112057511 0.0129223299 0.0165069247 0.0164922322 0.0150736939 0.0212497564 0.010075767 0.0075197387 0.0129941545 0.0195776798 0.0107569192 0.0102224288 0.0115825574 0.0282305075 0.0180973568 0.0161814877 0.0054602598 0.0069145947 0.0188653504 0.0102324052 0.0098764046 0.0130285931 0.0179725641 0.0185720639 0.0113369055 0.0181018038 0.0268148916 0.0219327717 0.0144813647 0.0095139783 0.0109527203 0.0169822995 0.014874178 0.0130572923 0.0198104151 0.0284036054 0.0196916795 0.0185587634 0.0121922168 0.0100832911 0.0099954543 0.0145897905 0.0120740846 0.0228058266 0.0107712651 0.0191175732 0.0134925694 0.0261477383 0.023171163 0.0222744262 0.0101415995 
7 0.0106226024 0.0190017026 0.017597939 0.0130865234 0.0070992461 0.0205901369 0.0344569742 0.0167204218 0.0174865525 0.0136320485 0.0096276421 0.0130589666 0.0204926868 0.0112658631 0.0206014649 0.0170636227 0.0241637704 0.0106826323 0.0064513094 0.0162397345 0.0133241723 0.0230360544 0.0188547717 0.0155643932 0.0071115906 0.0252881366 0.0117390697 0.0187527738 0.0091963533 0.0160570385 0.0115438009 0.0125029945 0.0220442856 0.0241717017 0.0124211734 0.0068117952 0.0095840821 0.0141741618 0.0181585587 0.0150925138 0.0143516806 0.0100346089 0.0089993556 0.0111199161 0.021604733 0.0128734024 0.0099917369 0.012917567 0.012177258 0.0241266454 0.0127441648 0.0063854532 0.0088281048 0.0268856758 0.0275490496 0.0159706877 0.0177677989 0.0139671531 0.0124593753 0.0266112462 0.0184150704 0.00868716 0.0155963071 0.024564587 
8 0.0147023991 0.0069701801 0.0130071549 0.0114644229 0.0087431602 0.0214790541 0.0167204218 0.0285004758 0.0103900849 0.0114830481 0.024230422 0.0194649547 0.0100121215 0.0121609491 0.0168386213 0.0225520532 0.0149065099 0.0146802155 0.0169183251 0.0202813172 0.0230053932 0.0085185467 0.0199344107 0.0095911005 0.0264586552 0.0193057069 0.0081935156 0.0114778665 0.0268872749 0.0146582184 0.0082502353 0.0046211024 0.0185678817 0.0149024353 0.0147241914 0.016449168 0.0245279436 0.0179206863 0.0202036747 0.0164196151 0.0184057507 0.0077673271 0.0268447154 0.0186723405 0.018247037 0.0139424576 0.0149280918 0.0077582143 0.0175668819 0.006482008 0.0057613678 0.0140745664 0.0097601365 0.0226355653 0.0191178405 0.0125062893 0.0247984156 0.0162010272 0.0197468767 0.0122310068 0.016774221 0.0113886209 0.0027210332 0.0215446944 
9 0.0122688095 0.0165426413 0.012009846 0.0170575591 0.0156927929 0.0120374424 0.0174865525 0.0103900849 0.0072187105 0.0066622894 0.01720428 0.0294084332 0.0060122911 0.0155005657 0.0197080944 0.0140545056 0.0174301078 0.0166194224 0.008892948 0.0197506219 0.0180204324 0.029683259 0.0114821604 0.0071229106 0.0166282408 0.0109404722 0.025698482 0.0142075228 0.009029944 0.0236536658 0.0139808869 0.0144453397 0.0120241585 0.0211964439 0.016770108 0.0208654938 0.0199063164 0.0174733022 0.0157498577 0.0146607569 0.0134039916 0.0059457629 0.0113984482 0.0160384172 0.0203345567 0.0216046413 0.0088590166 0.0138012384 0.0201576891 0.0174859006 0.0144690481 0.0097157304 0.017323612 0.039314962 0.0052547234 0.0206233098 0.0179216025 0.0164070269 0.0177586083 0.0208705337 0.0087180116 0.0121757177 0.0188682857 0.0060614129 
10 0.0121026495 0.0210243066 0.0135051666 0.0164829226 0.025907681 0.0295271766 0.0136320485 0.0114830481 0.0066622894 0.0345016987 0.0058397447 0.0193798125 0.0203105932 0.0100429738 0.0225195475 0.0279645168 0.0143045021 0.02653187 0.0205506067 0.0084441388 0.0159555874 0.0048913487 0.0221235979 0.0156940967 0.0255103263 0.0114586634 0.0134069503 0.0074276106 0.0190514846 0.0068966496 0.0168618774 0.0172434846 0.0087143756 0.0154700857 0.0129037441 0.0187155431 0.0110537814 0.0135738534 0.0214895009 0.0073710425 0.0127699293 0.0233474229 0.0093533453 0.0198165227 0.0164531956 0.03210408 0.0165377082 0.0133736639 0.0133184103 0.0045690812 0.0225765898 0.0101429065 0.0135272045 0.012049744 0.0171621577 0.0137145209 0.0035256148 0.0167229266 0.0106672941 0.0200319866 0.019939815 0.0167403706 0.0086681905 0.0063564216 
11 0.0121949462 0.0187722199 0.0209322813 0.011181464 0.010059734 0.0119365065 0.0096276421 0.024230422 0.01720428 0.0058397447 0.0041749223 0.0133688082 0.0112790842 0.0152918338 0.0093583089 0.0090983352 0.0163516266 0.0155052722 0.019788713 0.0166496161 0.0151880515 0.0111172124 0.0107997351 0.024765629 0.0130488722 0.0162419708 0.0169487878 0.0289808876 0.0275315359 0.0241593937 0.012917635 0.0163781029 0.0127891947 0.0067547155 0.0109381638 0.0235242149 0.0195137492 0.0295958316 0.0076209038 0.0079795009 0.0169862845 0.0105191948 0.0180450142 0.0132996321 0.0241519117 0.0130052285 0.0160298051 0.0246453109 0.0177089497 0.0246657797 0.0067048522 0.0121933034 0.0149388957 0.0197982623 0.020987603 0.0267443607 0.013920806 0.0168601677 0.0035523055 0.0144111565 0.0138144213 0.0184830546 0.0184297479 0.0104641029 
12 0.0077806982 0.0198227768 0.0173437166 0.0107728815 0.0163343328 0.0104248728 0.0130589666 0.0194649547 0.0294084332 0.0193798125 0.0133688082 0.0146989972 0.0156263789 0.0097096812 0.0163808711 0.0084559635 0.0179868885 0.0159870482 0.0238528282 0.0205341899 0.0222993742 0.0036462826 0.0164596306 0.025806436 0.0175835355 0.0191235794 0.0248567369 0.0075492106 0.0065061638 0.0079649241 0.0161202686 0.0152481134 0.0205956602 0.0073861292 0.0062254252 0.0139075428 0.0114084911 0.0187444055 0.0239191865 0.0184731967 0.0172503966 0.0125527168 0.0218995157 0.0016036428 0.0063761455 0.0184819712 0.0073760125 0.0045408235 0.0224203647 0.0137220725 0.0207750351 0.0095815416 0.0212959466 0.0214039474 0.0282160137 0.0258584425 0.0199259561 0.0122141725 0.0112488578 0.0136475709 0.0175676419 0.0230930391 0.0122310298 0.0124997497 
13 0.0131292966 0.020497183 0.0135852078 0.0229914967 0.0148461727 0.0070654071 0.0204926868 0.0100121215 0.0060122911 0.0203105932 0.0112790842 0.0156263789 0.0078572892 0.0171855623 0.012881705 0.022667311 0.0193025774 0.0179971688 0.010764819 0.0196346374 0.0235375006 0.0161054573 0.0230320337 0.0137723882 0.011661047 0.0118665124 0.0226786746 0.0178051822 0.0186745684 0.020913499 0.0141422213 0.025815886 0.0190715552 0.0173037051 0.0175883369 0.0061341131 0.012830142 0.0104669178 0.0218168957 0.0133160034 0.0288324747 0.0204690417 0.0326096081 0.0047631342 0.0096883075 0.0082162554 0.0113291931 0.0132428242 0.0131692146 0.0178302907 0.015309739 0.0072808218 0.0087846244 0.0102547274 0.0275012388 0.0187432754 0.0219655561 0.0064611434 0.0181773035 0.0090500789 0.0055883957 0.0229669691 0.0167223795 0.0083717732 
14 0.0065480413 0.0258987262 0.0055175187 0.0263663639 0.012634412 0.0112057511 0.0112658631 0.0121609491 0.0155005657 0.0100429738 0.0152918338 0.0097096812 0.0171855623 0.0107291408 0.0225091785 0.0148923551 0.0270888021 0.014026911 0.0199343372 0.0113752984 0.0160889547 0.021352795 0.0141302966 0.0296786932 0.0083183861 0.0140854695 0.0159348652 0.0195893164 0.0260810789 0.0067750732 0.0057845501 0.0126543344 0.0169333397 0.0162859872 0.0059512913 0.0258962717 0.0100236429 0.0105241138 0.0164298724 0.0194687734 0.0305850368 0.0159522921 0.0163307868 0.0102303092 0.0089471705 0.0160886573 0.0129088373 0.0100470311 0.0196806324 0.0152311876 0.0152925967 0.0173539557 0.009417275 0.0173363592 0.0198953563 0.0157544426 0.0188630402 0.008912581 0.0154020263 0.0204201542 0.0142424662 0.0211190746 0.0188686001 0.0192487598 
15 0.0124450738 0.018241824 0.0078011265 0.020224489 0.0263185711 0.0129223299 0.0206014649 0.0168386213 0.0197080944 0.0225195475 0.0093583089 0.0163808711 0.012881705 0.0225091785 0.0202460352 0.0211992729 0.0163479626 0.017543747 0.0119342084 0.0150360697 0.0268037765 0.0260243061 0.0206530703 0.0143445529 0.0130580256 0.0228330726 0.0187314271 0.0218220256 0.0141653071 0.014962294 0.0104604794 0.0194402297 0.0064917824 0.0205810572 0.0032995546 0.011080231 0.0219646899 0.0129953706 0.0031725297 0.0098072003 0.0105615355 0.0075636897 0.0017946127 0.0260817857 0.0146536938 0.0280558691 0.007912335 0.015412942 0.0168135784 0.0208798465 0.0109888705 0.0229803556 0.021048706 0.0125459199 0.0091882956 0.004988322 0.0090127742 0.0158335208 0.0086123343 0.0207830773 0.0131246044 0.0117373851 0.0197081176 0.015968344 
16 0.0168178438 0.007066585 0.0178166658 0.0146598889 0.0158325184 0.0165069247 0.0170636227 0.0225520532 0.0140545056 0.0279645168 0.0090983352 0.0084559635 0.022667311 0.0148923551 0.0211992729 0.013362292 0.013817598 0.0148837054 0.0247467867 0.0114579997 0.0135148801 0.0094502335 0.0143040418 0.0147903893 0.0099263692 0.0150915088 0.0186160904 0.0097009352 0.0203715625 0.0211920126 0.0249661669 0.0167403173 0.0181642437 0.014394274 0.015338184 0.012351999 0.0222983835 0.0089613938 0.0211493787 0.0176576307 0.0187795552 0.0183571697 0.0102480913 0.0129086269 0.0059280704 0.0092432481 0.0184390202 0.0254929395 0.0155100116 0.0093652037 0.016043225 0.013929952 0.0237521444 0.0158831232 0.0153159375 0.0134029894 0.0217653813 0.0231774816 0.0040615048 0.0211365354 0.0047532803 0.0084869744 0.0152565363 0.0148662584 
17 0.0255723347 0.0191341861 0.021353541 0.011721808 0.0151875027 0.0164922322 0.0241637704 0.0149065099 0.0174301078 0.0143045021 0.0163516266 0.0179868885 0.0193025774 0.0270888021 0.0163479626 0.013817598 0.0170942972 0.014316304 0.0229138542 0.0111413351 0.0133819967 0.00783466 0.0143715326 0.0193317443 0.0067803026 0.0109424714 0.0204336308 0.0104442055 0.0165967026 0.0087586548 0.0220281685 0.0196068213 0.0165520417 0.0088526888 0.0183483666 0.0156815108 0.0065354785 0.0164634804 0.0132465341 0.0055115118 0.016896314 0.0064697388 0.0246917758 0.0144562565 0.0200916208 0.0092594111 0.0163375957 0.0133863052 0.0294159393 0.0179861521 0.0134201296 0.0116907816 0.0033286195 0.0193913099 0.0104380952 0.0116101121 0.0125710717 0.0115689945 0.0250221445 0.0149805044 0.0190027881 0.0146026723 0.0177365929 0.0173148302 
18 0.0184709 0.0198592286 0.0183998092 0.0273772248 0.0101800895 0.0150736939 0.0106826323 0.0146802155 0.0166194224 0.02653187 0.0155052722 0.0159870482 0.0179971688 0.014026911 0.017543747 0.0148837054 0.014316304 0.015135379 0.0207086259 0.0226020954 0.0117857199 0.0135007494 0.0117157518 0.015954928 0.0223453583 0.0235300819 0.0140671433 0.0240471529 0.0084895876 0.0324096156 0.0103607102 0.0126230161 0.0148634184 0.0242851598 0.022312408 0.0167259668 0.008873854 0.0118997737 0.0053896301 0.0106806198 0.0103319009 0.0167620077 0.0136203938 0.0118753441 0.0141828689 0.0231870313 0.0089338315 0.0227164681 0.0162122325 0.0234559563 0.0157333788 0.0120275188 0.0137969782 0.0065507388 0.0205112124 0.0131524728 0.011374601 0.0195693107 0.0091476516 0.0091715599 0.0059166104 0.0163090473 0.0068421881 0.0161767074 
19 0.0138960387 0.021670912 0.0155715675 0.0208604708 0.0148351766 0.0212497564 0.0064513094 0.0169183251 0.008892948 0.0205506067 0.019788713 0.0238528282 0.010764819 0.0199343372 0.0119342084 0.0247467867 0.0229138542 0.0207086259 0.0079008883 0.0244382075 0.0055948109 0.0084461398 0.0194364882 0.0108669525 0.0135432629 0.0174569747 0.0228300197 0.0216012939 0.0134780683 0.0140072659 0.014406811 0.0245746667 0.0048445864 0.0107537595 0.0176296887 0.0130511797 0.0061093505 0.0112253556 0.0043020008 0.0224436639 0.0156721753 0.0235865261 0.0238945435 0.0120958925 0.0201656935 0.0158718819 0.0161141675 0.0217275402 0.0142341617 0.0132043461 0.0149170294 0.0105335322 0.0211091439 0.00770061 0.0187501558 0.0107028745 0.0066168873 0.0138345627 0.0070938894 0.0162880347 0.0146966877 0.0209497701 0.0192933304 0.0164638443 
20 0.0120793931 0.0154307689 0.0040186623 0.0163551049 0.0062263477 0.010075767 0.0162397345 0.0202813172 0.0197506219 0.0084441388 0.0166496161 0.0205341899 0.0196346374 0.0113752984 0.0150360697 0.0114579997 0.0111413351 0.0226020954 0.0244382075 0.0228925879 0.0161653196 0.0145440719 0.0092781268 0.0218370849 0.0114396093 0.0060799319 0.0124338066 0.0212430763 0.0301363708 0.019047875 0.0088711437 0.0203557301 0.0279238172 0.0115893926 0.0118538498 0.0102806564 0.0223430838 0.0142033702 0.011098886 0.0133396784 0.0211808759 0.0165297061 0.0105994929 0.0095930642 0.009773984 0.0183468353 0.0078380839 0.0129927857 0.0264574859 0.0169382119 0.0283704475 0.0130137465 0.0159862751 0.0086078852 0.016282036 0.0267073359 0.0166662325 0.0074714273 0.0174435923 0.0183562218 0.0160285825 0.0030098955 0.0267118403 0.0163651812 
21 0.0099654024 0.004039927 0.018992514 0.0214069538 0.0178908709 0.0075197387 0.0133241723 0.0230053932 0.0180204324 0.0159555874 0.0151880515 0.0222993742 0.0235375006 0.0160889547 0.0268037765 0.0135148801 0.0133819967 0.0117857199 0.0055948109 0.0161653196 0.0235603195 0.0149955164 0.0161650239 0.0109300391 0.0187857361 0.011997215 0.0162106388 0.01684396 0.0125706416 0.0146454783 0.0301421265 0.0207270534 0.0205609434 0.017937882 0.0131183733 0.0125714216 0.0214281096 0.0069342605 0.0235394731 0.0108697016 0.0077129504 0.0192698677 0.0144051352 0.0226066779 0.0112838555 0.0117781842 0.0199772981 0.0205644181 0.008591283 0.0152066976 0.0138312753 0.016713262 0.0080071082 0.0160271664 0.0082954443 0.0160396083 0.0160967742 0.0177640848 0.0159634918 0.024713284 0.008553647 0.0136432095 0.0141094258 0.0098305605 
22 0.0174376171 0.0211305703 0.019135556 0.0048270632 0.0095804118 0.0129941545 0.0230360544 0.0085185467 0.029683259 0.0048913487 0.0111172124 0.0036462826 0.0161054573 0.021352795 0.0260243061 0.0094502335 0.00783466 0.0135007494 0.0084461398 0.0145440719 0.0149955164 0.0058314413 0.0161698412 0.0221198092 0.0187551816 0.0192090866 0.0176204074 0.018802133 0.0085007464 0.0142616319 0.0166603815 0.0107504335 0.0104678214 0.0144773251 0.0055441064 0.0148921875 0.0140185766 0.0148333858 0.026877262 0.0193509237 0.016746139 0.0175439708 0.0091648519 0.0294980647 0.0123055104 0.0087943651 0.0020104443 0.021172648 0.0118979724 0.0173742868 0.0241145094 0.0160491718 0.0140533502 0.0134780876 0.0171040599 0.0239977551 0.0176951437 0.0132467277 0.0167794356 0.0222354878 0.0281349609 0.029485349 0.0159870449 0.0137359753 
23 0.0158770224 0.0036143075 0.022306474 0.0189474953 0.0272797326 0.0195776798 0.0188547717 0.0199344107 0.0114821604 0.0221235979 0.0107997351 0.0164596306 0.0230320337 0.0141302966 0.0206530703 0.0143040418 0.0143715326 0.0117157518 0.0194364882 0.0092781268 0.0161650239 0.0161698412 0.0180499212 0.0141877557 0.0242946256 0.0153921393 0.00472536 0.013061611 0.0071725362 0.0196295671 0.0113047184 0.0183640479 0.0109890353 0.0142123581 0.0169545641 0.0116584588 0.0157589848 0.0091702073 0.0322912855 0.0156708152 0.0126264571 0.0230604673 0.0150167554 0.0190671653 0.0087671371 0.01180536 0.0177003436 0.0121143541 0.0164649212 0.0125520226 0.0094854104 0.0177881212 0.0090419982 0.0167052204 0.0119081788 0.013636665 0.0197138883 0.0161472842 0.0189509634 0.0175090652 0.0183753397 0.0111355499 0.0165152798 0.014510836 
24 0.0127625138 0.0142805377 0.0122808202 0.0234760082 0.0140157444 0.0107569192 0.0155643932 0.0095911005 0.0071229106 0.0156940967 0.024765629 0.025806436 0.0137723882 0.0296786932 0.0143445529 0.0147903893 0.0193317443 0.015954928 0.0108669525 0.0218370849 0.0109300391 0.0221198092 0.0141877557 0.0247393398 0.0109145232 0.0103611043 0.0075294878 0.0189985645 0.0152023297 0.0186251467 0.009971942 0.0115050448 0.013369818 0.0279368338 0.0249312551 0.013560586 0.0335371545 0.0085747247 0.0091788804 0.0115319606 0.0123977831 0.014057538 0.0203628854 0.0210921263 0.0080255714 0.0110324584 0.0121119099 0.0113100165 0.0214987165 0.011571562 0.0145639755 0.0256238462 0.0227532533 0.0134764139 0.0188663452 0.0102885329 0.015370823 0.0096693642 0.0223183893 0.0050296338 0.0179517484 0.0137315985 0.0151438703 0.0073514953 
25 0.017013326 0.0250918702 0.0095639185 0.0182703103 0.0191305009 0.0102224288 0.0071115906 0.0264586552 0.0166282408 0.0255103263 0.0130488722 0.0175835355 0.011661047 0.0083183861 0.0130580256 0.0099263692 0.0067803026 0.0223453583 0.0135432629 0.0114396093 0.0187857361 0.0187551816 0.0242946256 0.0109145232 0.0117593541 0.0273938581 0.0116846478 0.0170590073 0.0124780998 0.0218572403 0.0169965088 0.0135777866 0.0198825516 0.0144797072 0.0168452298 0.0177033959 0.0138456005 0.0035462408 0.0210320768 0.0248209954 0.0134517621 0.0272121693 0.0250657814 0.0145641232 0.011310418 0.0126020848 0.006541173 0.0103581835 0.0207909659 0.0116081698 0.0141713606 0.0214970364 0.0090150165 0.0211002603 0.0156609252 0.0207684783 0.007393511 0.0105755551 0.0094473333 0.0039950651 0.0127618383 0.0240691008 0.0139053481 0.0217160362 
26 0.01010281 0.011565708 0.0185164373 0.0182181651 0.0134335975 0.0115825574 0.0252881366 0.0193057069 0.0109404722 0.0114586634 0.0162419708 0.0191235794 0.0118665124 0.0140854695 0.0228330726 0.0150915088 0.0109424714 0.0235300819 0.0174569747 0.0060799319 0.011997215 0.0192090866 0.0153921393 0.0103611043 0.0273938581 0.0330839026 0.0144511718 0.0124718809 0.0223099684 0.0167374619 0.0147561116 0.0057115488 0.0118294352 0.0050391713 0.0261740946 0.007186891 0.0167529536 0.0139551232 0.0201066525 0.0149026977 0.0114215609 0.0075641923 0.0116940442 0.0144373469 0.0168892355 0.0121353802 0.0188459699 0.0119749122 0.0099991726 0.0055722552 0.0170087369 0.0242263589 0.0126076007 0.0269357613 0.0066175415 0.0170306095 0.0161501565 0.0246063103 0.0218390453 0.0206112958 0.0219462639 0.016230006 0.0110743249 0.0150956223 
27 0.025712932 0.0222898334 0.0046195276 0.0215279492 0.0100601568 0.0282305075 0.0117390697 0.0081935156 0.025698482 0.0134069503 0.0169487878 0.0248567369 0.0226786746 0.0159348652 0.0187314271 0.0186160904 0.0204336308 0.0140671433 0.0228300197 0.0124338066 0.0162106388 0.0176204074 0.00472536 0.0075294878 0.0116846478 0.0144511718 0.0084985049 0.0148997958 0.017462435 0.0302273687 0.0142777191 0.0082129086 0.0242780431 0.0164275947 0.0126830115 0.0168372941 0.0122645282 0.0150554033 0.0231580037 0.0268652963 0.012472238 0.0120624955 0.0174988052 0.0114612186 0.0131308888 0.0207035052 0.0189163739 0.0131187606 0.0133023619 0.0097755596 0.0099545696 0.015909173 0.0057772365 0.0156654622 0.0159517288 0.012958106 0.013067516 0.0144669051 0.010064902 0.0216604222 0.0048774068 0.0206032918 0.013357281 0.0108640645 
28 0.0188102998 0.0060000376 0.0166445064 0.0095849341 0.0130165951 0.0180973568 0.0187527738 0.0114778665 0.0142075228 0.0074276106 0.0289808876 0.0075492106 0.0178051822 0.0195893164 0.0218220256 0.0097009352 0.0104442055 0.0240471529 0.0216012939 0.0212430763 0.01684396 0.018802133 0.013061611 0.0189985645 0.0170590073 0.0124718809 0.0148997958 0.0034192518 0.0121537282 0.0074914349 0.0068731791 0.0148961674 0.0085512489 0.0058142398 0.0250035423 0.0224201103 0.0154008871 0.0055499385 0.0131179877 0.0239166873 0.0172571664 0.0313519866 0.0139912456 0.0226769533 0.0112687437 0.0230214243 0.0175008878 0.0099939092 0.0206230933 0.0063516167 0.0240155063 0.0111025239 0.0204736543 0.0200367057 0.0161047917 0.009178217 0.0240523714 0.0071889123 0.010404967 0.0187154159 0.0185569473 0.0126446767 0.0215601956 0.0183799428 
29 0.0266427538 0.0130713314 0.0130512393 0.0094351487 0.0238405258 0.0161814877 0.0091963533 0.0268872749 0.009029944 0.0190514846 0.0275315359 0.0065061638 0.0186745684 0.0260810789 0.0141653071 0.0203715625 0.0165967026 0.0084895876 0.0134780683 0.0301363708 0.0125706416 0.0085007464 0.0071725362 0.0152023297 0.0124780998 0.0223099684 0.017462435 0.0121537282 0.0188574317 0.0147525917 0.0095162003 0.018048124 0.0147458654 0.0324409562 0.014442779 0.013188246 0.0117708051 0.0174331959 0.0111576649 0.0053959337 0.0158141877 0.0177598124 0.0202843997 0.0096952979 0.0094899492 0.0187575344 0.0086298112 0.0229360634 0.017633076 0.0106096481 0.0227838054 0.0113405255 0.0306271829 0.0100098952 0.0117627315 0.0257306833 0.0083337787 0.0071967746 0.0226378389 0.0126000446 0.0147781158 0.0046562506 0.0135087 0.0144051247 
30 0.0144005573 0.0181865158 0.0157511053 0.0181005016 0.0179546204 0.0054602598 0.0160570385 0.0146582184 0.0236536658 0.0068966496 0.0241593937 0.0079649241 0.020913499 0.0067750732 0.014962294 0.0211920126 0.0087586548 0.0324096156 0.0140072659 0.019047875 0.0146454783 0.0142616319 0.0196295671 0.0186251467 0.0218572403 0.0167374619 0.0302273687 0.0074914349 0.0147525917 0.0086077792 0.0087159851 0.0216106054 0.0094342641 0.0330769118 0.0191083115 0.0047030122 0.0146685023 0.0328391499 0.00336639 0.0165183168 0.0033482036 0.0103635475 0.0171494022 0.0045072435 0.0192588378 0.0202614272 0.0176658058 0.0152736271 0.0070957792 0.0131784678 0.0214236564 0.0106698155 0.0234926914 0.0098591266 0.0116933899 0.0153987813 0.0077344261 0.0184524787 0.0203034473 0.0180160814 0.0122986561 0.0166765964 0.0192786543 0.0144129668 
31 0.0357476593 0.0102709141 0.0137091013 0.015178833 0.0217858132 0.0069145947 0.0115438009 0.0082502353 0.0139808869 0.0168618774 0.012917635 0.0161202686 0.0141422213 0.0057845501 0.0104604794 0.0249661669 0.0220281685 0.0103607102 0.014406811 0.0088711437 0.0301421265 0.0166603815 0.0113047184 0.009971942 0.0169965088 0.0147561116 0.0142777191 0.0068731791 0.0095162003 0.0087159851 0.0026030442 0.0111485916 0.0235154265 0.0061904714 0.0181722316 0.0236451796 0.0197232924 0.0151515812 0.0152895824 0.0239204181 0.0194654375 0.0135861398 0.0056399221 0.013695799 0.033016655 0.0161803865 0.0287682227 0.0208830689 0.0065624635 0.0277929234 0.0110063 0.0145191384 0.0204795862 0.0083688606 0.0185332987 0.0222226571 0.016119337 0.0169629481 0.0224628037 0.011806882 0.0172090132 0.0133259534 0.0125924185 0.0159232226 
32 0.010063203 0.0101762443 0.0144756052 0.0366316185 0.0196040305 0.0188653504 0.0125029945 0.0046211024 0.0144453397 0.0172434846 0.0163781029 0.0152481134 0.025815886 0.0126543344 0.0194402297 0.0167403173 0.0196068213 0.0126230161 0.0245746667 0.0203557301 0.0207270534 0.0107504335 0.0183640479 0.0115050448 0.0135777866 0.0057115488 0.0082129086 0.0148961674 0.018048124 0.0216106054 0.0111485916 0.0188589242 0.0198919895 0.0174430947 0.0172465624 0.0214202147 0.0181178147 0.0086031987 0.0120879605 0.0190448792 0.0116911074 0.0071100423 0.0199394142 0.0250322998 0.0114662849 0.0081123858 0.0295790912 0.0239962747 0.0178537859 0.0096391517 0.0112800137 0.0083485661 0.0288175509 0.0116990314 0.0129676058 0.0184117472 0.0178725081 0.0087665324 0.0061215671 0.0151710749 0.0103486269 0.0155078944 0.0106217685 0.0103125327 
33 0.0112718769 0.0142016674 0.0171826065 0.0088242023 0.0231735562 0.0102324052 0.0220442856 0.0185678817 0.0120241585 0.0087143756 0.0127891947 0.0205956602 0.0190715552 0.0169333397 0.0064917824 0.0181642437 0.0165520417 0.0148634184 0.0048445864 0.0279238172 0.0205609434 0.0104678214 0.0109890353 0.013369818 0.0198825516 0.0118294352 0.0242780431 0.0085512489 0.0147458654 0.0094342641 0.0235154265 0.0198919895 0.0212704208 0.001621058 0.0118368668 0.0171065149 0.0056328298 0.0149338207 0.0076684803 0.0134036465 0.0306088133 0.016829079 0.0218433661 0.0186734024 0.0158997452 0.0177131906 0.0258439918 0.0155470172 0.0022961687 0.018955829 0.0128216355 0.0250980552 0.0130532682 0.0212799862 0.0186957663 0.0104943744 0.0083367377 0.0197378235 0.0154817473 0.0065487377 0.0163950974 0.0245735863 0.0159101198 0.0219057254 
34 0.0105697065 0.017142464 0.0209535753 0.0153273341 0.0162144358 0.0098764046 0.0241717017 0.0149024353 0.0211964439 0.0154700857 0.0067547155 0.0073861292 0.0173037051 0.0162859872 0.0205810572 0.014394274 0.0088526888 0.0242851598 0.0107537595 0.0115893926 0.017937882 0.0144773251 0.0142123581 0.0279368338 0.0144797072 0.0050391713 0.0164275947 0.0058142398 0.0324409562 0.0330769118 0.0061904714 0.0174430947 0.001621058 0.0142325661 0.0167178352 0.0173567263 0.0090779359 0.0125634527 0.0165921978 0.0144806575 0.0112888359 0.0187882081 0.0120056232 0.0170733489 0.0214435781 0.0269394155 0.0072953569 0.016622736 0.0100535331 0.0224662685 0.0164531075 0.0123018926 0.0097068499 0.0144396055 0.0071638131 0.0144951347 0.0072301937 0.0286514217 0.0220018336 0.0186746841 0.0241336684 0.0161643885 0.022031899 0.0104441721 
35 0.0145815597 0.005178735 0.0190883015 0.0070348695 0.0247467943 0.0130285931 0.0124211734 0.0147241914 0.016770108 0.0129037441 0.0109381638 0.0062254252 0.0175883369 0.0059512913 0.0032995546 0.015338184 0.0183483666 0.022312408 0.0176296887 0.0118538498 0.0131183733 0.0055441064 0.0169545641 0.0249312551 0.0168452298 0.0261740946 0.0126830115 0.0250035423 0.014442779 0.0191083115 0.0181722316 0.0172465624 0.0118368668 0.0167178352 0.0166124311 0.0216275914 0.0103665113 0.0225691006 0.0133098875 0.0199097387 0.0118851371 0.018621482 0.0099611461 0.0221617646 0.0058736856 0.0257215795 0.0124569536 0.0162315183 0.0187508787 0.0071106574 0.0092116742 0.0176543885 0.017054356 0.024424215 0.01636823 0.0167430919 0.0099880478 0.0186547591 0.0291100509 0.0163076088 0.01143924 0.0077988162 0.0277296093 0.015603746 
36 0.0156749273 0.0236944473 0.0111173137 0.0098051816 0.0139268526 0.0179725641 0.0068117952 0.016449168 0.0208654938 0.0187155431 0.0235242149 0.0139075428 0.0061341131 0.0258962717 0.011080231 0.012351999 0.0156815108 0.0167259668 0.0130511797 0.0102806564 0.0125714216 0.0148921875 0.0116584588 0.013560586 0.0177033959 0.007186891 0.0168372941 0.0224201103 0.013188246 0.0047030122 0.0236451796 0.0214202147 0.0171065149 0.0173567263 0.0216275914 0.0046738555 0.0147064303 0.0202787444 0.0056458474 0.0233443481 0.0223922809 0.0095531051 0.0078525769 0.0172476352 0.0158855311 0.0225290761 0.0229320761 0.0134315929 0.0220619278 0.0196879487 0.021264603 0.0203819852 0.0207967929 0.0263356243 0.0218325722 0.0087592694 0.0070655141 0.0229025083 0.0111830655 0.0089666974 0.0125599135 0.0082582147 0.0081807468 0.0197447133 
37 0.0154832457 0.0134422231 0.0078965141 0.0099104432 0.0139581449 0.0185720639 0.0095840821 0.0245279436 0.0199063164 0.0110537814 0.0195137492 0.0114084911 0.012830142 0.0100236429 0.0219646899 0.0222983835 0.0065354785 0.008873854 0.0061093505 0.0223430838 0.0214281096 0.0140185766 0.0157589848 0.0335371545 0.0138456005 0.0167529536 0.0122645282 0.0154008871 0.0117708051 0.0146685023 0.0197232924 0.0181178147 0.0056328298 0.0090779359 0.0103665113 0.0147064303 0.0 0.0137263664 0.0079433233 0.0158135725 0.0157239268 0.0258304539 0.0277973854 0.0297294638 0.0234879468 0.0124648633 0.0148660886 0.0149537015 0.0138970918 0.0210032887 0.0176934883 0.0254002526 0.0097354461 0.0058286717 0.0135436941 0.0178341811 0.0157773946 0.0223363177 0.0232022135 0.0083134356 0.0155971637 0.0119679057 0.0167824856 0.0254433362 
38 0.0196733406 0.0256422484 0.0095956547 0.0103057472 0.0157048121 0.0113369055 0.0141741618 0.0179206863 0.0174733022 0.0135738534 0.0295958316 0.0187444055 0.0104669178 0.0105241138 0.0129953706 0.0089613938 0.0164634804 0.0118997737 0.0112253556 0.0142033702 0.0069342605 0.0148333858 0.0091702073 0.0085747247 0.0035462408 0.0139551232 0.0150554033 0.0055499385 0.0174331959 0.0328391499 0.0151515812 0.0086031987 0.0149338207 0.0125634527 0.0225691006 0.0202787444 0.0137263664 0.0062285024 0.012718285 0.009169973 0.022275869 0.0259985178 0.0106425743 0.0127308265 0.0176017067 0.007565578 0.0224539924 0.0140665565 0.0152287771 0.030840312 0.0174768851 0.0119258065 0.010675912 0.013084637 0.0190235771 0.0222594879 0.0254441702 0.019421284 0.0276886761 0.0112243028 0.0142899798 0.0284444168 0.0268716489 0.0084491256 
39 0.0154729945 0.0189626867 0.0302604933 0.0149789317 0.0181796606 0.0181018038 0.0181585587 0.0202036747 0.0157498577 0.0214895009 0.0076209038 0.0239191865 0.0218168957 0.0164298724 0.0031725297 0.0211493787 0.0132465341 0.0053896301 0.0043020008 0.011098886 0.0235394731 0.026877262 0.0322912855 0.0091788804 0.0210320768 0.0201066525 0.0231580037 0.0131179877 0.0111576649 0.00336639 0.0152895824 0.0120879605 0.0076684803 0.0165921978 0.0133098875 0.0056458474 0.0079433233 0.012718285 0.0045294251 0.0185607719 0.0255342239 0.013952613 0.0226133553 0.0111076025 0.0176577858 0.0122717243 0.0208089979 0.0050654696 0.0207146698 0.0149402256 0.0153855667 0.0078754927 0.0203312248 0.013455887 0.0204904975 0.0037704327 0.0133390777 0.02658839 0.0189263945 0.0202543513 0.0059469334 0.0196787937 0.0215292161 0.0098856559 
40 0.0135165373 0.0103358418 0.0169107728 0.0173612566 0.0091419705 0.0268148916 0.0150925138 0.0164196151 0.0146607569 0.0073710425 0.0079795009 0.0184731967 0.0133160034 0.0194687734 0.0098072003 0.0176576307 0.0055115118 0.0106806198 0.0224436639 0.0133396784 0.0108697016 0.0193509237 0.0156708152 0.0115319606 0.0248209954 0.0149026977 0.0268652963 0.0239166873 0.0053959337 0.0165183168 0.0239204181 0.0190448792 0.0134036465 0.0144806575 0.0199097387 0.0233443481 0.0158135725 0.009169973 0.0185607719 0.0108081938 0.0091131783 0.0049399307 0.0142484486 0.0176265459 0.0066398877 0.0163796702 0.0037265059 0.0166155804 0.0116080859 0.0180307162 0.0253698738 0.0167863566 0.0198063156 0.0298523706 0.0154678152 0.0113079075 0.030461205 0.0170353051 0.0157102355 0.0135928607 0.0189426766 0.0147794205 0.0153460489 0.0120105525 
41 0.0121300546 0.0131522845 0.0182152242 0.0116667021 0.0193667419 0.0219327717 0.0143516806 0.0184057507 0.0134039916 0.0127699293 0.0169862845 0.0172503966 0.0288324747 0.0305850368 0.0105615355 0.0187795552 0.016896314 0.0103319009 0.0156721753 0.0211808759 0.0077129504 0.016746139 0.0126264571 0.0123977831 0.0134517621 0.0114215609 0.012472238 0.0172571664 0.0158141877 0.0033482036 0.0194654375 0.0116911074 0.0306088133 0.0112888359 0.0118851371 0.0223922809 0.0157239268 0.022275869 0.0255342239 0.0091131783 0.0062190637 0.0048661593 0.0183947415 0.0321420959 0.0124462335 0.0192110246 0.0135486437 0.0129516155 0.0144843575 0.0128409956 0.004436038 0.0192457364 0.0166163022 0.0104638397 0.0078303197 0.0140521819 0.0157456762 0.013561787 0.0243114308 0.013123737 0.0206411838 0.0117680119 0.0105323811 0.0248675044 
42 0.0286924776 0.0238156462 0.0168201074 0.0159649199 0.0305381122 0.0144813647 0.0100346089 0.0077673271 0.0059457629 0.0233474229 0.0105191948 0.0125527168 0.0204690417 0.0159522921 0.0075636897 0.0183571697 0.0064697388 0.0167620077 0.0235865261 0.0165297061 0.0192698677 0.0175439708 0.0230604673 0.014057538 0.0272121693 0.0075641923 0.0120624955 0.0313519866 0.0177598124 0.0103635475 0.0135861398 0.0071100423 0.016829079 0.0187882081 0.018621482 0.0095531051 0.0258304539 0.0259985178 0.013952613 0.0049399307 0.0048661593 0.0126451719 0.0215233736 0.0076782225 0.003630496 0.0090415178 0.0089756761 0.0086616618 0.0121428257 0.0159896887 0.019207903 0.0296432885 0.0148012589 0.0033646658 0.0198951812 0.0082043556 0.0254657649 0.022143907 0.0175024715 0.0182403075 0.017815674 0.0155537763 0.0140391627 0.0073420371 
43 0.0 0.0190558508 0.0134014416 0.0146181716 0.0117578372 0.0095139783 0.0089993556 0.0268447154 0.0113984482 0.0093533453 0.0180450142 0.0218995157 0.0326096081 0.0163307868 0.0017946127 0.0102480913 0.0246917758 0.0136203938 0.0238945435 0.0105994929 0.0144051352 0.0091648519 0.0150167554 0.0203628854 0.0250657814 0.0116940442 0.0174988052 0.0139912456 0.0202843997 0.0171494022 0.0056399221 0.0199394142 0.0218433661 0.0120056232 0.0099611461 0.0078525769 0.0277973854 0.0106425743 0.0226133553 0.0142484486 0.0183947415 0.0215233736 0.0097759243 0.0344995161 0.0127746288 0.0187614186 0.0155964276 0.0158473231 0.0217707566 0.0194589981 0.0140044408 0.0114533365 0.0220727235 0.0190430501 0.0134604489 0.0199680699 0.0140371161 0.016430926 0.0048902541 0.0102359395 0.0073865543 0.0235869577 0.0100189354 0.0091540416 
44 0.0232798537 0.0148897405 0.0137598597 0.0239283357 0.0199340529 0.0109527203 0.0111199161 0.0186723405 0.0160384172 0.0198165227 0.0132996321 0.0016036428 0.0047631342 0.0102303092 0.0260817857 0.0129086269 0.0144562565 0.0118753441 0.0120958925 0.0095930642 0.0226066779 0.0294980647 0.0190671653 0.0210921263 0.0145641232 0.0144373469 0.0114612186 0.0226769533 0.0096952979 0.0045072435 0.013695799 0.0250322998 0.0186734024 0.0170733489 0.0221617646 0.0172476352 0.0297294638 0.0127308265 0.0111076025 0.0176265459 0.0321420959 0.0076782225 0.0344995161 0.0127622732 0.0237129826 0.0182459507 0.0140773073 0.0192465557 0.004235656 0.0110655784 0.0098899586 0.0130597039 0.0127212072 0.0085791305 0.0066203678 0.0231253966 0.0051380826 0.0134611742 0.0102911736 0.0171839942 0.0202991959 0.0163112126 0.0102842095 0.0113847007 
45 0.0158318349 0.010265431 0.0163186583 0.0138259402 0.0080830044 0.0169822995 0.021604733 0.018247037 0.0203345567 0.0164531956 0.0241519117 0.0063761455 0.0096883075 0.0089471705 0.0146536938 0.0059280704 0.0200916208 0.0141828689 0.0201656935 0.009773984 0.0112838555 0.0123055104 0.0087671371 0.0080255714 0.011310418 0.0168892355 0.0131308888 0.0112687437 0.0094899492 0.0192588378 0.033016655 0.0114662849 0.0158997452 0.0214435781 0.0058736856 0.0158855311 0.0234879468 0.0176017067 0.0176577858 0.0066398877 0.0124462335 0.003630496 0.0127746288 0.0237129826 0.0176698134 0.0237904492 0.0127496423 0.0082276079 0.0120707926 0.0215883699 0.0219289977 0.0127374992 0.0219818987 0.0096193108 0.0325962851 0.0175091016 0.0177152262 0.0107430388 0.01551497 0.032021663 0.0267587441 0.0075448018 0.0179970154 0.0240613198 
46 0.0130946787 0.012014516 0.0188430291 0.0096070527 0.0037854606 0.014874178 0.0128734024 0.0139424576 0.0216046413 0.03210408 0.0130052285 0.0184819712 0.0082162554 0.0160886573 0.0280558691 0.0092432481 0.0092594111 0.0231870313 0.0158718819 0.0183468353 0.0117781842 0.0087943651 0.01180536 0.0110324584 0.0126020848 0.0121353802 0.0207035052 0.0230214243 0.0187575344 0.0202614272 0.0161803865 0.0081123858 0.0177131906 0.0269394155 0.0257215795 0.0225290761 0.0124648633 0.007565578 0.0122717243 0.0163796702 0.0192110246 0.0090415178 0.0187614186 0.0182459507 0.0237904492 0.0060700105 0.0155471764 0.0145871376 0.0298361172 0.021173433 0.0108723276 0.012124942 0.0128402728 0.0174737404 0.0245274403 0.0053971959 0.0176097782 0.0170164464 0.0153726114 0.0165775702 0.0067125976 0.0077145087 0.0189392782 0.011287575 
47 0.0115330128 0.0162346611 0.0323541808 0.0114087858 0.0193603772 0.0130572923 0.0099917369 0.0149280918 0.0088590166 0.0165377082 0.0160298051 0.0073760125 0.0113291931 0.0129088373 0.007912335 0.0184390202 0.0163375957 0.0089338315 0.0161141675 0.0078380839 0.0199772981 0.0020104443 0.0177003436 0.0121119099 0.006541173 0.0188459699 0.0189163739 0.0175008878 0.0086298112 0.0176658058 0.0287682227 0.0295790912 0.0258439918 0.0072953569 0.0124569536 0.0229320761 0.0148660886 0.0224539924 0.0208089979 0.0037265059 0.0135486437 0.0089756761 0.0155964276 0.0140773073 0.0127496423 0.0155471764 0.0233458273 0.0162236363 0.0197868079 0.0178433992 0.0260161681 0.0092639001 0.0123533553 0.024724607 0.0095194607 0.0258611674 0.0177431854 0.0146599241 0.0170191346 0.0152492095 0.0188899732 0.0092906669 0.011495229 0.0241044344 
48 0.0224571282 0.0192362381 0.0091663592 0.0289218567 0.0188197181 0.0198104151 0.012917567 0.0077582143 0.0138012384 0.0133736639 0.0246453109 0.0045408235 0.0132428242 0.0100470311 0.015412942 0.0254929395 0.0133863052 0.0227164681 0.0217275402 0.0129927857 0.0205644181 0.021172648 0.0121143541 0.0113100165 0.0103581835 0.0119749122 0.0131187606 0.0099939092 0.0229360634 0.0152736271 0.0208830689 0.0239962747 0.0155470172 0.016622736 0.0162315183 0.0134315929 0.0149537015 0.0140665565 0.0050654696 0.0166155804 0.0129516155 0.0086616618 0.0158473231 0.0192465557 0.0082276079 0.0145871376 0.0162236363 0.0174784371 0.0233695068 0.0161635918 0.0090670014 0.0218145574 0.0282167308 0.0180904104 0.013409034 0.020664844 0.0141564727 0.0159948019 0.0038733717 0.0137610269 0.003609924 0.0118984779 0.0146563701 0.021332125 
