32
1 0.0170438312 0.0571264435 0.0287882278 0.0443186693 0.0544249785 0.0166896497 0.0358762199 0.0205025359 0.0127544324 0.0208227236 0.0340390585 0.0411820618 0.035386565 0.0217783418 0.0121121409 0.0484611957 0.0178194444 0.0137993677 0.0364960956 0.0283299626 0.0293214582 0.0009974331 0.027256598 0.0470932111 0.0316131828 0.0378144871 0.0407210187 0.0296607941 0.0433754174 0.0390385477 0.0431994334 0.0321564726 
2 0.0571264435 0.0509724695 0.0322064956 0.0211297851 0.0279991852 0.0362431797 0.0254940306 0.048615362 0.0210417787 0.0301612675 0.0257650068 0.0316927245 0.0287739218 0.0265853454 0.0332078477 0.0311577444 0.0173285077 0.0490515505 0.0615117484 0.0579039577 0.0091055613 0.0290699104 0.0449563652 0.025024089 0.0186177918 0.0239147498 0.0188745942 0.0215665724 0.0217566013 0.0184600032 0.0199265007 0.0347589082 
3 0.0287882278 0.0322064956 0.0445066133 0.0165245756 0.0217928976 0.0240167118 0.0386804382 0.0276335927 0.0197613064 0.03293216 0.0284221217 0.0306750427 0.0338678064 0.0451408926 0.027806288 0.0223287242 0.00823127 0.0275231295 0.0433857154 0.001713923 0.0470213486 0.0215718272 0.0456097352 0.0393303005 0.0264359469 0.0322090303 0.0456346623 0.0416367726 0.040822473 0.0353304258 0.0241838945 0.0442756505 
4 0.0443186693 0.0211297851 0.0165245756 0.0605977113 0.0392542273 0.0188211719 0.039969162 0.0434384814 0.0177417504 0.0241544149 0.0300151702 0.0563096422 0.02176043 0.0231801188 0.0339935103 0.0020827685 0.0182338011 0.048759188 0.0080531383 0.044660425 0.0270571019 0.0262028903 0.0101075341 0.034267917 0.0377443929 0.0522146165 0.0415006175 0.0068589394 0.03112704 0.0439449485 0.0416335214 0.0343423389 
5 0.0544249785 0.0279991852 0.0217928976 0.0392542273 0.0321878403 0.0615710935 0.0385782261 0.031764447 0.0349693759 0.0302444025 0.029408633 0.021059426 0.0115417927 0.0193512178 0.0282608087 0.0280972858 0.032543644 0.0351086421 0.0449051577 0.0279668441 0.0530775324 0.0425993591 0.0138014641 0.0165312918 0.0404308276 0.0519503978 0.0249367733 0.0119494451 0.0166947106 0.0034306727 0.0279040441 0.0456633557 
6 0.0166896497 0.0362431797 0.0240167118 0.0188211719 0.0615710935 0.0006975737 0.0301736026 0.0260653928 0.0464366248 0.0306171319 0.0372032133 0.0026301505 0.0172271078 0.0546371765 0.0484395464 0.0192347991 0.0117139112 0.0204996926 0.0442731565 0.0290732465 0.0584656966 0.0595292832 0.0344855851 0.02012312 0.0164597279 0.0323028257 0.0215556359 0.0733509637 0.0218799728 0.018215728 0.052384459 0.0149828694 
7 0.0358762199 0.0254940306 0.0386804382 0.039969162 0.0385782261 0.0301736026 0.0103202867 0.0317130476 0.0222776366 0.0384025196 0.0158588764 0.0218173494 0.0251871273 0.0340070455 0.0398715424 0.0154241041 0.0507558846 0.0146602657 0.0257286662 0.0541272749 0.0340850171 0.0212413374 0.0182899333 0.035208177 0.0389285652 0.0430880834 0.0546604442 0.0384666087 0.0305569379 0.0404319944 0.014162269 0.0219573255 
8 0.0205025359 0.048615362 0.0276335927 0.0434384814 0.031764447 0.0260653928 0.0317130476 0.0708954806 0.0214618533 0.0365044422 0.0225811927 0.0432663168 0.0499076485 0.0504651969 0.0413518864 0.0289116271 0.017119774 0.0218002714 0.0182034905 0.0294435552 0.0230421645 0.0236440851 0.0221995335 0.0479894767 0.0330469406 0.0247972051 0.0280561141 0.0132804655 0.0383607176 0.0207459601 0.0242219689 0.0189697733 
9 0.0127544324 0.0210417787 0.0197613064 0.0177417504 0.0349693759 0.0464366248 0.0222776366 0.0214618533 0.0610968026 0.0126078895 0.018228761 0.0463530737 0.0601391605 0.0255890735 0.030405003 0.0355815716 0.038934659 0.0292097792 0.035028681 0.0334367826 0.0492214405 0.0184277975 0.0439924689 0.0196191623 0.043346536 0.0174821238 0.0409511005 0.0084284353 0.0187616062 0.0257356163 0.0441659229 0.0468117941 
10 0.0208227236 0.0301612675 0.03293216 0.0241544149 0.0302444025 0.0306171319 0.0384025196 0.0365044422 0.0126078895 0.022288929 0.0091479551 0.0548115839 0.0337715396 0.0320901141 0.0477473454 0.0477465107 0.0177056878 0.0234806221 0.0184444303 0.0237824173 0.0171009603 0.0653110746 0.0582123311 0.0414191946 0.016888106 0.0420729885 0.0364047859 0.0241193588 0.0293400614 0.0161374155 0.0436859576 0.0218436787 
11 0.0340390585 0.0257650068 0.0284221217 0.0300151702 0.029408633 0.0372032133 0.0158588764 0.0225811927 0.018228761 0.0091479551 0.0156943721 0.0394599845 0.0124112107 0.0532124426 0.0336452913 0.0372314887 0.0498145981 0.0459563264 0.0355396377 0.0264653963 0.0330816964 0.0338842662 0.0261985939 0.0202640553 0.0218393224 0.0155459503 0.0377404662 0.0282976765 0.0375146746 0.0668897433 0.0534426892 0.0252001289 
12 0.0411820618 0.0316927245 0.0306750427 0.0563096422 0.021059426 0.0026301505 0.0218173494 0.0432663168 0.0463530737 0.0548115839 0.0394599845 0.0179668747 0.0281784875 0.0278405568 0.0189416837 0.0393099121 0.0192070564 0.0143666634 0.03678577 0.034467784 0.0226044183 0.0328324238 0.0375852049 0.0090314899 0.0529936772 0.0207681009 0.0299953103 0.0449410939 0.0377949633 0.043098663 0.0191540422 0.0228784676 
13 0.035386565 0.0287739218 0.0338678064 0.02176043 0.0115417927 0.0172271078 0.0251871273 0.0499076485 0.0601391605 0.0337715396 0.0124112107 0.0281784875 0.0387694288 0.056680833 0.0095398321 0.0251459874 0.02083882 0.0337324196 0.0160446211 0.0387935639 0.0168085576 0.026803271 0.0411880024 0.0333862136 0.0402212833 0.0125249746 0.048954084 0.023707031 0.0283782168 0.042574504 0.0476371278 0.0401184301 
14 0.0217783418 0.0265853454 0.0451408926 0.0231801188 0.0193512178 0.0546371765 0.0340070455 0.0504651969 0.0255890735 0.0320901141 0.0532124426 0.0278405568 0.056680833 0.0217778825 0.0286776998 0.0272847264 0.0316465937 0.0430147551 0.0160038858 0.0343641735 0.0210188689 0.0166859968 0.0280022146 0.0476504785 0.0211281576 0.0126153252 0.0265513854 0.04094635 0.0434197445 0.0218959873 0.0085251276 0.0382322917 
15 0.0121121409 0.0332078477 0.027806288 0.0339935103 0.0282608087 0.0484395464 0.0398715424 0.0413518864 0.030405003 0.0477473454 0.0336452913 0.0189416837 0.0095398321 0.0286776998 0.017020822 0.0202675251 0.0324181013 0.0266803676 0.0319578289 0.0365201346 0.0440838056 0.0501056496 0.0363074317 0.0285571826 0.0407575074 0.0203351063 0.0230529568 0.0292994535 0.0079583197 0.0346482249 0.057549392 0.0284797643 
16 0.0484611957 0.0311577444 0.0223287242 0.0020827685 0.0280972858 0.0192347991 0.0154241041 0.0289116271 0.0355815716 0.0477465107 0.0372314887 0.0393099121 0.0251459874 0.0272847264 0.0202675251 0.0290184071 0.018442842 0.0419538448 0.0525540072 0.0173493567 0.0350024553 0.0319024751 0.0223149079 0.029183829 0.0262107279 0.0409663629 0.0095073162 0.0762425457 0.0106977226 0.0568716869 0.0461097701 0.0274057713 
17 0.0178194444 0.0173285077 0.00823127 0.0182338011 0.032543644 0.0117139112 0.0507558846 0.017119774 0.038934659 0.0177056878 0.0498145981 0.0192070564 0.02083882 0.0316465937 0.0324181013 0.018442842 0.0451280068 0.0439177079 0.0126884602 0.0234725435 0.0648332981 0.0287763064 0.0699766543 0.0569754844 0.0119883687 0.0334503391 0.058157845 0.0284753356 0.0107716419 0.0451523106 0.0382346561 0.0252464463 
18 0.0137993677 0.0490515505 0.0275231295 0.048759188 0.0351086421 0.0204996926 0.0146602657 0.0218002714 0.0292097792 0.0234806221 0.0459563264 0.0143666634 0.0337324196 0.0430147551 0.0266803676 0.0419538448 0.0439177079 0.0466370301 0.0257485188 0.0121723324 0.044305184 0.0518118792 0.0488542678 0.0282349022 0.0118703499 0.0176063923 0.0282832034 0.0173511779 0.0423639704 0.0255432993 0.0365682873 0.0291346113 
19 0.0364960956 0.0615117484 0.0433857154 0.0080531383 0.0449051577 0.0442731565 0.0257286662 0.0182034905 0.035028681 0.0184444303 0.0355396377 0.03678577 0.0160446211 0.0160038858 0.0319578289 0.0525540072 0.0126884602 0.0257485188 0.0383489228 0.0212360743 0.0394870631 0.0390611245 0.0534559089 0.0261571825 0.0329695604 0.017758423 0.0586099563 0.0219874303 0.0217388906 0.0268965242 0.0133617293 0.0255782002 
20 0.0283299626 0.0579039577 0.001713923 0.044660425 0.0279668441 0.0290732465 0.0541272749 0.0294435552 0.0334367826 0.0237824173 0.0264653963 0.034467784 0.0387935639 0.0343641735 0.0365201346 0.0173493567 0.0234725435 0.0121723324 0.0212360743 0.0543638816 0.0251932324 0.0317161743 0.0288283621 0.029434195 0.0334996012 0.0449692903 0.0214014707 0.0495645176 0.0178810848 0.0283202046 0.0084582561 0.0510899812 
21 0.0293214582 0.0091055613 0.0470213486 0.0270571019 0.0530775324 0.0584656966 0.0340850171 0.0230421645 0.0492214405 0.0171009603 0.0330816964 0.0226044183 0.0168085576 0.0210188689 0.0440838056 0.0350024553 0.0648332981 0.044305184 0.0394870631 0.0251932324 0.0233743846 0.0267757209 0.0065925542 0.0429066299 0.0253495347 0.0255490404 0.0229323751 0.0382523329 0.0282009128 0.0060344347 0.0098722585 0.0502429603 
22 0.0009974331 0.0290699104 0.0215718272 0.0262028903 0.0425993591 0.0595292832 0.0212413374 0.0236440851 0.0184277975 0.0653110746 0.0338842662 0.0328324238 0.026803271 0.0166859968 0.0501056496 0.0319024751 0.0287763064 0.0518118792 0.0390611245 0.0317161743 0.0267757209 0.0168472273 0.0235804888 0.0213396735 0.019199432 0.0446271479 0.0046819769 0.0359274582 0.0281419696 0.0487259118 0.0368376272 0.0411408013 
23 0.027256598 0.0449563652 0.0456097352 0.0101075341 0.0138014641 0.0344855851 0.0182899333 0.0221995335 0.0439924689 0.0582123311 0.0261985939 0.0375852049 0.0411880024 0.0280022146 0.0363074317 0.0223149079 0.0699766543 0.0488542678 0.0534559089 0.0288283621 0.0065925542 0.0235804888 0.017604963 0.0375575031 0.0185581734 0.0296959381 0.0355506299 0.0114895592 0.0278174422 0.0123947715 0.0306129719 0.0369219077 
24 0.0470932111 0.025024089 0.0393303005 0.034267917 0.0165312918 0.02012312 0.035208177 0.0479894767 0.0196191623 0.0414191946 0.0202640553 0.0090314899 0.0333862136 0.0476504785 0.0285571826 0.029183829 0.0569754844 0.0282349022 0.0261571825 0.029434195 0.0429066299 0.0213396735 0.0375575031 0.0113648654 0.0222068619 0.0305520674 0.0256711269 0.0364567101 0.0391759541 0.0576698233 0.0177936899 0.0218241413 
25 0.0316131828 0.0186177918 0.0264359469 0.0377443929 0.0404308276 0.0164597279 0.0389285652 0.0330469406 0.043346536 0.016888106 0.0218393224 0.0529936772 0.0402212833 0.0211281576 0.0407575074 0.0262107279 0.0119883687 0.0118703499 0.0329695604 0.0334996012 0.0253495347 0.019199432 0.0185581734 0.0222068619 0.0176927714 0.0484099915 0.0345591172 0.0510465275 0.0478245201 0.0437842226 0.0306690889 0.043709185 
26 0.0378144871 0.0239147498 0.0322090303 0.0522146165 0.0519503978 0.0323028257 0.0430880834 0.0247972051 0.0174821238 0.0420729885 0.0155459503 0.0207681009 0.0125249746 0.0126153252 0.0203351063 0.0409663629 0.0334503391 0.0176063923 0.017758423 0.0449692903 0.0255490404 0.0446271479 0.0296959381 0.0305520674 0.0484099915 0.0440926674 0.0324529147 0.0111241975 0.0628706955 0.0244393276 0.0201918815 0.0316073576 
27 0.0407210187 0.0188745942 0.0456346623 0.0415006175 0.0249367733 0.0215556359 0.0546604442 0.0280561141 0.0409511005 0.0364047859 0.0377404662 0.0299953103 0.048954084 0.0265513854 0.0230529568 0.0095073162 0.058157845 0.0282832034 0.0586099563 0.0214014707 0.0229323751 0.0046819769 0.0355506299 0.0256711269 0.0345591172 0.0324529147 0.022367566 0.0177171789 0.0382859964 0.0065688269 0.0338485847 0.0298139654 
28 0.0296607941 0.0215665724 0.0416367726 0.0068589394 0.0119494451 0.0733509637 0.0384666087 0.0132804655 0.0084284353 0.0241193588 0.0282976765 0.0449410939 0.023707031 0.04094635 0.0292994535 0.0762425457 0.0284753356 0.0173511779 0.0219874303 0.0495645176 0.0382523329 0.0359274582 0.0114895592 0.0364567101 0.0510465275 0.0111241975 0.0177171789 0.0430810441 0.0244276598 0.0403947809 0.0359500893 0.0240014941 
29 0.0433754174 0.0217566013 0.040822473 0.03112704 0.0166947106 0.0218799728 0.0305569379 0.0383607176 0.0187616062 0.0293400614 0.0375146746 0.0377949633 0.0283782168 0.0434197445 0.0079583197 0.0106977226 0.0107716419 0.0423639704 0.0217388906 0.0178810848 0.0282009128 0.0281419696 0.0278174422 0.0391759541 0.0478245201 0.0628706955 0.0382859964 0.0244276598 0.0572427604 0.0245695517 0.0362741559 0.0339736142 
30 0.0390385477 0.0184600032 0.0353304258 0.0439449485 0.0034306727 0.018215728 0.0404319944 0.0207459601 0.0257356163 0.0161374155 0.0668897433 0.043098663 0.042574504 0.0218959873 0.0346482249 0.0568716869 0.0451523106 0.0255432993 0.0268965242 0.0283202046 0.0060344347 0.0487259118 0.0123947715 0.0576698233 0.0437842226 0.0244393276 0.0065688269 0.0403947809 0.0245695517 0.0449827877 0.0298833955 0.0071897054 
31 0.0431994334 0.0199265007 0.0241838945 0.0416335214 0.0279040441 0.052384459 0.014162269 0.0242219689 0.0441659229 0.0436859576 0.0534426892 0.0191540422 0.0476371278 0.0085251276 0.057549392 0.0461097701 0.0382346561 0.0365682873 0.0133617293 0.0084582561 0.0098722585 0.0368376272 0.0306129719 0.0177936899 0.0306690889 0.0201918815 0.0338485847 0.0359500893 0.0362741559 0.0298833955 0.0185024682 0.0350547394 
32 0.0321564726 0.0347589082 0.0442756505 0.0343423389 0.0456633557 0.0149828694 0.0219573255 0.0189697733 0.0468117941 0.0218436787 0.0252001289 0.0228784676 0.0401184301 0.0382322917 0.0284797643 0.0274057713 0.0252464463 0.0291346113 0.0255782002 0.0510899812 0.0502429603 0.0411408013 0.0369219077 0.0218241413 0.043709185 0.0316073576 0.0298139654 0.0240014941 0.0339736142 0.0071897054 0.0350547394 0.0153938685 
