32
1 0.0 0.0410605892 0.035435639 0.0099709208 0.0289190794 0.0210996944 0.0329785443 0.0393098829 0.0643152933 0.0279047798 0.0151198295 0.0333334986 0.0298785042 0.0073289999 0.0190769057 0.0482952238 0.0366745926 0.0273363263 0.0453103286 0.025700023 0.0365746245 0.037048851 0.0190365902 0.0338899526 0.0224512707 0.0541619919 0.0613262648 0.0324589809 0.0457921802 0.0196765778 0.0242949804 0.0242390797 
2 0.0410605892 0.0166776006 0.0525688858 0.0250071034 0.0835753636 0.014068306 0.0338680353 0.0257390907 0.0436455155 0.0310615347 0.0063648465 0.0417562617 0.0295693866 0.0246233541 0.0485136843 0.021914952 0.0383840127 0.0269989842 0.032764391 0.0250598573 0.0272506589 0.0468823211 0.0250019642 0.0243497561 0.013850979 0.0315791507 0.0187103546 0.0210915721 0.0402416253 0.0308926603 0.021668752 0.0352584506 
3 0.035435639 0.0525688858 0.0153522203 0.0230318827 0.0273996862 0.0413898543 0.0288094283 0.0283623487 0.0436224367 0.0280661976 0.0194311306 0.0485694153 0.0280214436 0.0028379154 0.0186076201 0.0294933057 0.0446738118 0.0311101009 0.0078755665 0.027924177 0.0323251366 0.0339741477 0.0371746922 0.0352383081 0.0446436684 0.0274843589 0.0239212661 0.0262563136 0.0619417101 0.011950644 0.047646323 0.0348603649 
4 0.0099709208 0.0250071034 0.0230318827 0.031747378 0.0036029166 0.0327480538 0.0375821329 0.0028319395 0.0210226461 0.0142450665 0.0389888881 0.0426081121 0.0301153353 0.0315334595 0.0225970256 0.0441971218 0.045087951 0.0513945758 0.0402876879 0.0439967578 0.0485461133 0.0272182568 0.0576988506 0.0213194028 0.0338416221 0.0356602405 0.0215372103 0.0276131558 0.060903069 0.0184537342 0.0349131933 0.0196981961 
5 0.0289190794 0.0835753636 0.0273996862 0.0036029166 0.0574312127 0.0340674321 0.037745063 0.0380586034 0.0156000774 0.0055894794 0.0385624308 0.020355522 0.0390967796 0.0364260228 0.034011519 0.0323054612 0.0404416986 0.0338268222 0.0328284706 0.0205683427 0.0329048768 0.0144760462 0.0267385151 0.028696576 0.0518735437 0.0044911377 0.0304504068 0.0309080568 0.0255700967 0.032811792 0.0292009809 0.031465988 
6 0.0210996944 0.014068306 0.0413898543 0.0327480538 0.0340674321 0.0322059226 0.0232606799 0.0052073293 0.0574424793 0.026531852 0.0283975857 0.05301353 0.0392603118 0.0219446881 0.0267555374 0.0249295631 0.0410032481 0.0546954854 0.0369742444 0.0176832323 0.0235646806 0.0212166721 0.0286903465 0.0313086326 0.0179018889 0.0552144464 0.0170873387 0.064890993 0.0105143029 0.0134897718 0.058048869 0.0253930272 
7 0.0329785443 0.0338680353 0.0288094283 0.0375821329 0.037745063 0.0232606799 0.0147494492 0.0161894192 0.0332699163 0.0066241583 0.0305806088 0.0327880212 0.0329993532 0.0634236271 0.0404579696 0.0238728543 0.0178873292 0.0339196625 0.0406862504 0.0340163102 0.0191823727 0.0550205868 0.0401222269 0.0418292583 0.0151670901 0.02926768 0.0199500738 0.0470698283 0.0109689138 0.0343112176 0.0220145525 0.0493873857 
8 0.0393098829 0.0257390907 0.0283623487 0.0028319395 0.0380586034 0.0052073293 0.0161894192 0.0426257104 0.0651943217 0.0402839847 0.0298192198 0.0584868686 0.0495900199 0.0256609141 0.0072845862 0.0172212061 0.0360401168 0.0434602605 0.0349924347 0.0199042246 0.0456333641 0.0159572225 0.0427491008 0.0265168625 0.0239581304 0.0458078626 0.0154747272 0.04361884 0.0185951687 0.0296989721 0.0346755962 0.0310516711 
9 0.0643152933 0.0436455155 0.0436224367 0.0210226461 0.0156000774 0.0574424793 0.0332699163 0.0651943217 0.0053023545 0.0180593004 0.0264654571 0.0117246423 0.0291489166 0.0518622479 0.042581188 0.0141902502 0.0103979603 0.0203960461 0.028654258 0.0370555596 0.0410419378 0.0220308836 0.0208427575 0.0328961174 0.0216777342 0.0314436412 0.0199090924 0.0295184474 0.0119022506 0.0347560279 0.0483996007 0.0456306419 
10 0.0279047798 0.0310615347 0.0280661976 0.0142450665 0.0055894794 0.026531852 0.0066241583 0.0402839847 0.0180593004 0.0360252603 0.031835314 0.037349447 0.0309163697 0.0309916022 0.0308155386 0.0443677303 0.0298984196 0.0192234324 0.0256931657 0.0517750463 0.0499577183 0.0406394909 0.0266261506 0.0266412881 0.0296757995 0.0535200422 0.0330827984 0.0137652633 0.0358530881 0.0465155714 0.0334715557 0.0429935541 
11 0.0151198295 0.0063648465 0.0194311306 0.0389888881 0.0385624308 0.0283975857 0.0305806088 0.0298192198 0.0264654571 0.031835314 0.0925797119 0.0128846101 0.0463414893 0.053255635 0.0394713864 0.0261265644 0.0213981615 0.0286655273 0.0553122501 0.026365096 0.0345880349 0.0313538141 0.0370030426 0.0302659356 0.0211566466 0.0019105878 0.0373842498 0.0127197838 0.0457808058 0.0126322097 0.043377354 0.0238617921 
12 0.0333334986 0.0417562617 0.0485694153 0.0426081121 0.020355522 0.05301353 0.0327880212 0.0584868686 0.0117246423 0.037349447 0.0128846101 0.0320606069 0.0186517391 0.0500265383 0.0441078768 0.0167241507 0.0344863242 0.0487150416 0.0359011839 0.0219367931 0.0212385557 0.032551721 0.030687297 0.0173167924 0.0229130848 0.0206133208 0.0299266644 0.0268200379 0.014398679 0.0261996636 0.0333665753 0.0284874246 
13 0.0298785042 0.0295693866 0.0280214436 0.0301153353 0.0390967796 0.0392603118 0.0329993532 0.0495900199 0.0291489166 0.0309163697 0.0463414893 0.0186517391 0.0043967579 0.0166484612 0.0184288183 0.0399603425 0.0318934716 0.0120852196 0.0165330135 0.0333682574 0.0216237635 0.0241192447 0.028643421 0.0546089231 0.0463627835 0.0170654957 0.0426578199 0.0486523701 0.0412524979 0.0273281791 0.0316949778 0.039086533 
14 0.0073289999 0.0246233541 0.0028379154 0.0315334595 0.0364260228 0.0219446881 0.0634236271 0.0256609141 0.0518622479 0.0309916022 0.053255635 0.0500265383 0.0166484612 0.0007390374 0.0416199781 0.0223201228 0.0310136025 0.0303657247 0.0279476971 0.0521011395 0.0232623723 0.0265675572 0.0433332054 0.0277742623 0.0095007657 0.0189011124 0.0524808526 0.0356546978 0.0286482451 0.053781494 0.0329684506 0.0244562166 
15 0.0190769057 0.0485136843 0.0186076201 0.0225970256 0.034011519 0.0267555374 0.0404579696 0.0072845862 0.042581188 0.0308155386 0.0394713864 0.0441078768 0.0184288183 0.0416199781 0.0237503885 0.0222494765 0.0225298 0.0335375817 0.0268855389 0.0257110305 0.0322223407 0.0153253724 0.04588406 0.0515483589 0.0400113433 0.0246980456 0.0204307125 0.0261935044 0.0436099711 0.046649219 0.028987176 0.0354464457 
16 0.0482952238 0.021914952 0.0294933057 0.0441971218 0.0323054612 0.0249295631 0.0238728543 0.0172212061 0.0141902502 0.0443677303 0.0261265644 0.0167241507 0.0399603425 0.0223201228 0.0222494765 0.0458772834 0.0301838044 0.0227002411 0.0333518885 0.0568737841 0.0183957119 0.0446350558 0.0293127937 0.0064161349 0.0534121295 0.0452789639 0.0319140448 0.0189089056 0.054171178 0.0401942616 0.025470287 0.0147352062 
17 0.0366745926 0.0383840127 0.0446738118 0.045087951 0.0404416986 0.0410032481 0.0178873292 0.0360401168 0.0103979603 0.0298984196 0.0213981615 0.0344863242 0.0318934716 0.0310136025 0.0225298 0.0301838044 0.0358014959 0.0173227565 0.0399489224 0.0450248291 0.0320806377 0.0506772422 0.0081853101 0.0125131573 0.0238027923 0.0361121689 0.0236244726 0.0293767946 0.0222629088 0.0345756762 0.0368357653 0.0398607652 
18 0.0273363263 0.0269989842 0.0311101009 0.0513945758 0.0338268222 0.0546954854 0.0339196625 0.0434602605 0.0203960461 0.0192234324 0.0286655273 0.0487150416 0.0120852196 0.0303657247 0.0335375817 0.0227002411 0.0173227565 0.016430278 0.0321974507 0.0265657359 0.0322040647 0.0540455943 0.0421970835 0.0291169453 0.0547869376 0.0209361509 0.0277840318 0.0234563637 0.0359935022 0.0138129664 0.012673459 0.0420456471 
19 0.0453103286 0.032764391 0.0078755665 0.0402876879 0.0328284706 0.0369742444 0.0406862504 0.0349924347 0.028654258 0.0256931657 0.0553122501 0.0359011839 0.0165330135 0.0279476971 0.0268855389 0.0333518885 0.0399489224 0.0321974507 0.0429825995 0.0150123635 0.0276497034 0.0138908233 0.0433244797 0.0331540621 0.0222719616 0.0358527827 0.0317975398 0.0290861968 0.04178028 0.0267219811 0.0169718839 0.0253585994 
20 0.025700023 0.0250598573 0.027924177 0.0439967578 0.0205683427 0.0176832323 0.0340163102 0.0199042246 0.0370555596 0.0517750463 0.026365096 0.0219367931 0.0333682574 0.0521011395 0.0257110305 0.0568737841 0.0450248291 0.0265657359 0.0150123635 0.0163793129 0.0209238398 0.0399358787 0.0262471519 0.0404568392 0.0182914111 0.0564952307 0.0265371147 0.0248285327 0.015699166 0.0498741848 0.0268194925 0.030869285 
21 0.0365746245 0.0272506589 0.0323251366 0.0485461133 0.0329048768 0.0235646806 0.0191823727 0.0456333641 0.0410419378 0.0499577183 0.0345880349 0.0212385557 0.0216237635 0.0232623723 0.0322223407 0.0183957119 0.0320806377 0.0322040647 0.0276497034 0.0209238398 0.0666943659 0.0483845124 0.0181974815 0.0244498782 0.0265219665 0.0327266487 0.0375740298 0.0258721193 0.0113067118 0.0412365449 0.0224002024 0.0234650305 
22 0.037048851 0.0468823211 0.0339741477 0.0272182568 0.0144760462 0.0212166721 0.0550205868 0.0159572225 0.0220308836 0.0406394909 0.0313538141 0.032551721 0.0241192447 0.0265675572 0.0153253724 0.0446350558 0.0506772422 0.0540455943 0.0138908233 0.0399358787 0.0483845124 0.0210238303 0.0436374176 0.0271869934 0.034859683 0.0364313807 0.0290068091 0.0298598487 0.0223004546 0.0356480347 0.0121932363 0.0119010168 
23 0.0190365902 0.0250019642 0.0371746922 0.0576988506 0.0267385151 0.0286903465 0.0401222269 0.0427491008 0.0208427575 0.0266261506 0.0370030426 0.030687297 0.028643421 0.0433332054 0.04588406 0.0293127937 0.0081853101 0.0421970835 0.0433244797 0.0262471519 0.0181974815 0.0436374176 0.0281546991 0.0394104261 0.025132645 0.0252587513 0.0331614784 0.0302055272 0.0141152059 0.032198854 0.0178605585 0.0331679161 
24 0.0338899526 0.0243497561 0.0352383081 0.0213194028 0.028696576 0.0313086326 0.0418292583 0.0265168625 0.0328961174 0.0266412881 0.0302659356 0.0173167924 0.0546089231 0.0277742623 0.0515483589 0.0064161349 0.0125131573 0.0291169453 0.0331540621 0.0404568392 0.0244498782 0.0271869934 0.0394104261 0.0243032047 0.0307675699 0.0207865796 0.0456045919 0.0479427107 0.029179807 0.0371785993 0.037136402 0.0301956714 
25 0.0224512707 0.013850979 0.0446436684 0.0338416221 0.0518735437 0.0179018889 0.0151670901 0.0239581304 0.0216777342 0.0296757995 0.0211566466 0.0229130848 0.0463627835 0.0095007657 0.0400113433 0.0534121295 0.0238027923 0.0547869376 0.0222719616 0.0182914111 0.0265219665 0.034859683 0.025132645 0.0307675699 0.0461949395 0.0511238532 0.0202162445 0.0209782382 0.0664721433 0.0361616763 0.0318758443 0.0221436136 
26 0.0541619919 0.0315791507 0.0274843589 0.0356602405 0.0044911377 0.0552144464 0.02926768 0.0458078626 0.0314436412 0.0535200422 0.0019105878 0.0206133208 0.0170654957 0.0189011124 0.0246980456 0.0452789639 0.0361121689 0.0209361509 0.0358527827 0.0564952307 0.0327266487 0.0364313807 0.0252587513 0.0207865796 0.0511238532 0.0212616883 0.0154313732 0.0216035036 0.0179273742 0.0340203707 0.0369465118 0.0399875532 
27 0.0613262648 0.0187103546 0.0239212661 0.0215372103 0.0304504068 0.0170873387 0.0199500738 0.0154747272 0.0199090924 0.0330827984 0.0373842498 0.0299266644 0.0426578199 0.0524808526 0.0204307125 0.0319140448 0.0236244726 0.0277840318 0.0317975398 0.0265371147 0.0375740298 0.0290068091 0.0331614784 0.0456045919 0.0202162445 0.0154313732 0.0664232751 0.0329504586 0.0348596062 0.018726628 0.0339913377 0.0460671311 
28 0.0324589809 0.0210915721 0.0262563136 0.0276131558 0.0309080568 0.064890993 0.0470698283 0.04361884 0.0295184474 0.0137652633 0.0127197838 0.0268200379 0.0486523701 0.0356546978 0.0261935044 0.0189089056 0.0293767946 0.0234563637 0.0290861968 0.0248285327 0.0258721193 0.0298598487 0.0302055272 0.0479427107 0.0209782382 0.0216035036 0.0329504586 0.0548077104 0.0115844647 0.0471138182 0.0246768742 0.0395160876 
29 0.0457921802 0.0402416253 0.0619417101 0.060903069 0.0255700967 0.0105143029 0.0109689138 0.0185951687 0.0119022506 0.0358530881 0.0457808058 0.014398679 0.0412524979 0.0286482451 0.0436099711 0.054171178 0.0222629088 0.0359935022 0.04178028 0.015699166 0.0113067118 0.0223004546 0.0141152059 0.029179807 0.0664721433 0.0179273742 0.0348596062 0.0115844647 0.0460266132 0.0391738399 0.0188321005 0.0223420395 
30 0.0196765778 0.0308926603 0.011950644 0.0184537342 0.032811792 0.0134897718 0.0343112176 0.0296989721 0.0347560279 0.0465155714 0.0126322097 0.0261996636 0.0273281791 0.053781494 0.046649219 0.0401942616 0.0345756762 0.0138129664 0.0267219811 0.0498741848 0.0412365449 0.0356480347 0.032198854 0.0371785993 0.0361616763 0.0340203707 0.018726628 0.0471138182 0.0391738399 0.0270630557 0.014559452 0.0325923218 
31 0.0242949804 0.021668752 0.047646323 0.0349131933 0.0292009809 0.058048869 0.0220145525 0.0346755962 0.0483996007 0.0334715557 0.043377354 0.0333665753 0.0316949778 0.0329684506 0.028987176 0.025470287 0.0368357653 0.012673459 0.0169718839 0.0268194925 0.0224002024 0.0121932363 0.0178605585 0.037136402 0.0318758443 0.0369465118 0.0339913377 0.0246768742 0.0188321005 0.014559452 0.0812184778 0.0248091774 
32 0.0242390797 0.0352584506 0.0348603649 0.0196981961 0.031465988 0.0253930272 0.0493873857 0.0310516711 0.0456306419 0.0429935541 0.0238617921 0.0284874246 0.039086533 0.0244562166 0.0354464457 0.0147352062 0.0398607652 0.0420456471 0.0253585994 0.030869285 0.0234650305 0.0119010168 0.0331679161 0.0301956714 0.0221436136 0.0399875532 0.0460671311 0.0395160876 0.0223420395 0.0325923218 0.0248091774 0.0296261667 
