35
1 0.0 0.0299553346 0.0380188665 0.0344609333 0.0282098515 0.0131217653 0.0248129429 0.0275894799 0.0428446063 0.0244005901 0.0270426329 0.0213183853 0.0405140641 0.029028918 0.0389154184 0.0223856093 0.0326046228 0.0387463791 0.0437767087 0.0344569188 0.0130432389 0.0155769136 0.011145684 0.03547999 0.020154817 0.020820484 0.0314307057 0.0244507252 0.0464055597 0.0336153729 0.0384993223 0.0184724921 0.0297384511 0.0345294886 0.034432727
2 0.0299553346 0.0 0.0361171839 0.027362138 0.0310277275 0.03879989 0.0246024638 0.0310458444 0.0336789211 0.0210501574 0.0407402489 0.0367567349 0.0199698304 0.0212787297 0.0346229699 0.0400334425 0.0497339808 0.025088378 0.0363157718 0.01910403 0.0458931766 0.0253370126 0.0310430226 0.0265670074 0.0111888725 0.0097908315 0.03257662 0.0383567875 0.0459353128 0.0109619469 0.004405089 0.0274296936 0.0365268586 0.0281565192 0.0285474715
3 0.0380188665 0.0361171839 0.0 0.0226314098 0.0238992325 0.0270997142 0.0068228345 0.0431816357 0.0155062229 0.0251922528 0.0251193635 0.0187614387 0.0167825841 0.0311447841 0.0215708651 0.0430192284 0.0479209546 0.0147592026 0.0332578917 0.0279479197 0.0486748576 0.0451338004 0.0112720317 0.0217868345 0.0397110397 0.0173986967 0.025673508 0.0525592906 0.0282224343 0.0236935912 0.0169009045 0.0371953264 0.0443802202 0.0380277293 0.0306161497
4 0.0344609333 0.027362138 0.0226314098 0.0 0.0329007723 0.020418802 0.0311604503 0.0220210976 0.0151218571 0.0132566705 0.0173271097 0.012939033 0.0089445568 0.0255267168 0.0295032892 0.0377344508 0.0309905875 0.0214821891 0.0260181172 0.0250594632 0.0543347052 0.0374793372 0.0696574003 0.0477750943 0.0267689752 0.023465122 0.0313246403 0.0299567495 0.0413774567 0.02132843 0.0403547653 0.0261557737 0.0258490786 0.0451648524 0.0241479749
5 0.0282098515 0.0310277275 0.0238992325 0.0329007723 0.0 0.0171735042 0.0334285276 0.0537487309 0.0266437608 0.0237051716 0.0211288054 0.0289442845 0.0196115209 0.0375873495 0.03734842 0.0257073477 0.0562990474 0.0221899243 0.0334451427 0.0352177027 0.0369509876 0.0172928857 0.037123011 0.0192418306 0.017147064 0.0366790876 0.0139586318 0.0191617687 0.0358522698 0.0404240826 0.0339835136 0.0145989109 0.0084572466 0.0358818632 0.0450300221
6 0.0131217653 0.03879989 0.0270997142 0.020418802 0.0171735042 0.0 0.0361837451 0.0089044588 0.0414559006 0.0525555155 0.0297582427 0.0117840174 0.0370061512 0.0188012842 0.0320873041 0.0354625069 0.0090043578 0.0162793843 0.0175668005 0.0192354733 0.0330134517 0.0419101816 0.0523386098 0.0377372004 0.0610990567 0.0547410012 0.032300309 0.0289534761 0.0243922005 0.0228147405 0.0310966443 0.0261238372 0.0338933827 0.0221569467 0.0147301435
7 0.0248129429 0.0246024638 0.0068228345 0.0311604503 0.0334285276 0.0361837451 0.0 0.0308488981 0.0420135118 0.0382185974 0.0332646308 0.0264386501 0.0200882125 0.0300397765 0.0207908118 0.0177708326 0.0356296906 0.0460006203 0.0086996814 0.0303457837 0.0207644515 0.0262115678 0.0396664997 0.0310140119 0.0080680097 0.0448347681 0.0233360613 0.032817565 0.0374199598 0.0261337062 0.0271906748 0.0433824315 0.0474215583 0.0144517941 0.0401262784
8 0.0275894799 0.0310458444 0.0431816357 0.0220210976 0.0537487309 0.0089044588 0.0308488981 0.0 0.0370221862 0.0402087112 0.0290063681 0.0228988183 0.0168935433 0.0057760354 0.0265312702 0.0183572501 0.0431529257 0.0486990793 0.0235408722 0.0141558781 0.034540249 0.0538476639 0.0126471838 0.0045223933 0.0110934764 0.015643904 0.0576147256 0.0321226117 0.0426244733 0.043686433 0.0335443734 0.0476221951 0.0311432983 0.0130279161 0.0227360199
9 0.0428446063 0.0336789211 0.0155062229 0.0151218571 0.0266437608 0.0414559006 0.0420135118 0.0370221862 0.0 0.0164268914 0.0443695504 0.0374845695 0.0406266182 0.0356644328 0.0105232743 0.0076824489 0.0143771233 0.0396982058 0.0122728353 0.0251471955 0.0269677598 0.0136785271 0.0231260347 0.0299150047 0.0536837379 0.0330520639 0.0235878547 0.0310454292 0.0160435712 0.0148341125 0.0263878869 0.0505939322 0.041499484 0.0490844237 0.0279400656
10 0.0244005901 0.0210501574 0.0251922528 0.0132566705 0.0237051716 0.0525555155 0.0382185974 0.0402087112 0.0164268914 0.0 0.0484010461 0.031172301 0.0379948541 0.0102004836 0.0203374629 0.022501519 0.0333440675 0.0267363136 0.0088149108 0.0397714658 0.0326849697 0.002867597 0.0410686143 0.0260186588 0.0299604486 0.0112696636 0.0424540211 0.0331173486 0.0108923174 0.0547615561 0.0196001173 0.0580545554 0.0428455751 0.0246665029 0.0354490717
11 0.0270426329 0.0407402489 0.0251193635 0.0173271097 0.0211288054 0.0297582427 0.0332646308 0.0290063681 0.0443695504 0.0484010461 0.0 0.0450599108 0.0354344289 0.0368380106 0.0404072171 0.0055661308 0.0235258043 0.0276886079 0.002560322 0.0248472827 0.0008868623 0.0165373865 0.0387225764 0.0602612426 0.0257736755 0.0244705502 0.0223171207 0.0337717431 0.0346065325 0.0187351545 0.0294094067 0.0291381283 0.0299013587 0.0381986568 0.0391838917
12 0.0213183853 0.0367567349 0.0187614387 0.012939033 0.0289442845 0.0117840174 0.0264386501 0.0228988183 0.0374845695 0.031172301 0.0450599108 0.0 0.0137658858 0.0412153399 0.0276328093 0.0493495065 0.0373411261 0.0439443046 0.0250195377 0.0279467564 0.0158082068 0.0389307169 0.0237241831 0.0311075021 0.0321935798 0.0432648075 0.0356326039 0.0202897458 0.0186366343 0.0244621958 0.0329025015 0.042648472 0.0115541698 0.03356257 0.0355087011
13 0.0405140641 0.0199698304 0.0167825841 0.0089445568 0.0196115209 0.0370061512 0.0200882125 0.0168935433 0.0406266182 0.0379948541 0.0354344289 0.0137658858 0.0 0.0385696979 0.0141058576 0.0391415544 0.0299227888 0.03614237 0.0258672403 0.0240271022 0.0226474738 0.047796664 0.0330122908 0.0359147027 0.0331422471 0.0039790555 0.0424213339 0.0294961207 0.0228275706 0.052109591 0.033718476 0.0113307459 0.0235284289 0.0574803789 0.0351860585
14 0.029028918 0.0212787297 0.0311447841 0.0255267168 0.0375873495 0.0188012842 0.0300397765 0.0057760354 0.0356644328 0.0102004836 0.0368380106 0.0412153399 0.0385696979 0.0 0.03948422 0.0361467765 0.0181820897 0.0297869359 0.046194455 0.03265713 0.0200133241 0.0403163145 0.0381440963 0.0079407523 0.0536694118 0.035685544 0.0223125095 0.0514892313 0.006678896 0.029640119 0.0273780486 0.0335722473 0.0284734607 0.0112409226 0.0293219561
15 0.0389154184 0.0346229699 0.0215708651 0.0295032892 0.03734842 0.0320873041 0.0207908118 0.0265312702 0.0105232743 0.0203374629 0.0404072171 0.0276328093 0.0141058576 0.03948422 0.0 0.0488232957 0.0352574296 0.0141848669 0.0050088403 0.0380405517 0.0143950951 0.039870145 0.0056229958 0.027969242 0.0446246748 0.0127493509 0.0376617933 0.0490832994 0.0375656724 0.037836423 0.0326908615 0.02112258 0.0229243768 0.043812373 0.0368949427
16 0.0223856093 0.0400334425 0.0430192284 0.0377344508 0.0257073477 0.0354625069 0.0177708326 0.0183572501 0.0076824489 0.022501519 0.0055661308 0.0493495065 0.0391415544 0.0361467765 0.0488232957 0.0 0.0147332483 0.0318981921 0.0321157465 0.0309084593 0.0250304864 0.0241140709 0.012206594 0.0318659353 0.0136922623 0.0144654939 0.0427996664 0.0365444712 0.0192852367 0.0398068288 0.0306698166 0.0520134751 0.0381862685 0.0273756498 0.0326061978
17 0.0326046228 0.0497339808 0.0479209546 0.0309905875 0.0562990474 0.0090043578 0.0356296906 0.0431529257 0.0143771233 0.0333440675 0.0235258043 0.0373411261 0.0299227888 0.0181820897 0.0352574296 0.0147332483 0.0 0.0321379484 0.0413196832 0.0349601601 0.0336985581 0.0450537496 0.0507673374 0.0020283256 0.0293374524 0.0212854857 0.0135222667 0.0162257924 0.0079021737 0.0256973943 0.0278150831 0.016407785 0.0427168747 0.0331869507 0.013917134
18 0.0387463791 0.025088378 0.0147592026 0.0214821891 0.0221899243 0.0162793843 0.0460006203 0.0486990793 0.0396982058 0.0267363136 0.0276886079 0.0439443046 0.03614237 0.0297869359 0.0141848669 0.0318981921 0.0321379484 0.0 0.0302727857 0.020025145 0.0328256019 0.0155096109 0.0189654496 0.0278432331 0.036687507 0.0566332572 0.0339552287 0.0153556074 0.0228668205 0.0529403742 0.0380628999 0.0096393114 0.0240492211 0.0244251521 0.024479892
19 0.0437767087 0.0363157718 0.0332578917 0.0260181172 0.0334451427 0.0175668005 0.0086996814 0.0235408722 0.0122728353 0.0088149108 0.002560322 0.0250195377 0.0258672403 0.046194455 0.0050088403 0.0321157465 0.0413196832 0.0302727857 0.0 0.0206805967 0.0443865591 0.0446012696 0.0501590794 0.0276507225 0.0297099964 0.0243046946 0.0418446839 0.0234130174 0.0615220521 0.0249583214 0.0352455459 0.0392324539 0.0403212358 0.0058141465 0.0340882823
20 0.0344569188 0.01910403 0.0279479197 0.0250594632 0.0352177027 0.0192354733 0.0303457837 0.0141558781 0.0251471955 0.0397714658 0.0248472827 0.0279467564 0.0240271022 0.03265713 0.0380405517 0.0309084593 0.0349601601 0.020025145 0.0206805967 0.0 0.0267166754 0.0198666284 0.0353681406 0.0461117225 0.0326366749 0.0262932301 0.0336350663 0.0293996621 0.0472184141 0.0186656287 0.0186989221 0.0464981044 0.0298048934 0.0418284949 0.0227227272
21 0.0130432389 0.0458931766 0.0486748576 0.0543347052 0.0369509876 0.0330134517 0.0207644515 0.034540249 0.0269677598 0.0326849697 0.0008868623 0.0158082068 0.0226474738 0.0200133241 0.0143950951 0.0250304864 0.0336985581 0.0328256019 0.0443865591 0.0267166754 0.0 0.0260960946 0.0121691044 0.0366940112 0.0320859461 0.0255595978 0.0243036319 0.0491306266 0.0301880845 0.0258795535 0.0307434449 0.0305882433 0.0272078479 0.0317125436 0.034364579
22 0.0155769136 0.0253370126 0.0451338004 0.0374793372 0.0172928857 0.0419101816 0.0262115678 0.0538476639 0.0136785271 0.002867597 0.0165373865 0.0389307169 0.047796664 0.0403163145 0.039870145 0.0241140709 0.0450537496 0.0155096109 0.0446012696 0.0198666284 0.0260960946 0.0 0.0504233246 0.0323571214 0.0134699321 0.0415839402 0.0093225753 0.0293978637 0.0195063267 0.0395369657 0.0188421854 0.0285027842 0.0274102328 0.0227354508 0.0288831594
23 0.011145684 0.0310430226 0.0112720317 0.0696574003 0.037123011 0.0523386098 0.0396664997 0.0126471838 0.0231260347 0.0410686143 0.0387225764 0.0237241831 0.0330122908 0.0381440963 0.0056229958 0.012206594 0.0507673374 0.0189654496 0.0501590794 0.0353681406 0.0121691044 0.0504233246 0.0 0.0362725743 0.0368961449 0.0117149498 0.023624429 0.0232976493 0.0100754054 0.0322927125 0.0270354792 0.002368369 0.0365096334 0.0395918895 0.0219474993
24 0.03547999 0.0265670074 0.0217868345 0.0477750943 0.0192418306 0.0377372004 0.0310140119 0.0045223933 0.0299150047 0.0260186588 0.0602612426 0.0311075021 0.0359147027 0.0079407523 0.027969242 0.0318659353 0.0020283256 0.0278432331 0.0276507225 0.0461117225 0.0366940112 0.0323571214 0.0362725743 0.0 0.0302421979 0.0140496418 0.0200674881 0.0340395302 0.0285874829 0.0349528345 0.0430242629 0.0284058424 0.0286730476 0.0377791077 0.0161034507
25 0.020154817 0.0111888725 0.0397110397 0.0267689752 0.017147064 0.0610990567 0.0080680097 0.0110934764 0.0536837379 0.0299604486 0.0257736755 0.0321935798 0.0331422471 0.0536694118 0.0446246748 0.0136922623 0.0293374524 0.036687507 0.0297099964 0.0326366749 0.0320859461 0.0134699321 0.0368961449 0.0302421979 0.0 0.0614582868 0.0314181535 0.0271450621 0.0108055169 0.0245696582 0.0494251186 0.0030304336 0.0102517367 0.0199078475 0.0389509853
26 0.020820484 0.0097908315 0.0173986967 0.023465122 0.0366790876 0.0547410012 0.0448347681 0.015643904 0.0330520639 0.0112696636 0.0244705502 0.0432648075 0.0039790555 0.035685544 0.0127493509 0.0144654939 0.0212854857 0.0566332572 0.0243046946 0.0262932301 0.0255595978 0.0415839402 0.0117149498 0.0140496418 0.0614582868 0.0 0.0273070255 0.0256713478 0.0495256051 0.0475769946 0.0268661663 0.0604899392 0.0282256895 0.0145113649 0.0346323587
27 0.0314307057 0.03257662 0.025673508 0.0313246403 0.0139586318 0.032300309 0.0233360613 0.0576147256 0.0235878547 0.0424540211 0.0223171207 0.0356326039 0.0424213339 0.0223125095 0.0376617933 0.0427996664 0.0135222667 0.0339552287 0.0418446839 0.0336350663 0.0243036319 0.0093225753 0.023624429 0.0200674881 0.0314181535 0.0273070255 0.0 0.0347410487 0.051216649 0.0128841691 0.0184778083 0.033922146 0.0275091471 0.0063299051 0.0385164728
28 0.0244507252 0.0383567875 0.0525592906 0.0299567495 0.0191617687 0.0289534761 0.032817565 0.0321226117 0.0310454292 0.0331173486 0.0337717431 0.0202897458 0.0294961207 0.0514892313 0.0490832994 0.0365444712 0.0162257924 0.0153556074 0.0234130174 0.0293996621 0.0491306266 0.0293978637 0.0232976493 0.0340395302 0.0271450621 0.0256713478 0.0347410487 0.0 0.0318031689 0.0211271749 0.0396607848 0.0186379616 0.011256048 0.0102126111 0.0162686796
29 0.0464055597 0.0459353128 0.0282224343 0.0413774567 0.0358522698 0.0243922005 0.0374199598 0.0426244733 0.0160435712 0.0108923174 0.0346065325 0.0186366343 0.0228275706 0.006678896 0.0375656724 0.0192852367 0.0079021737 0.0228668205 0.0615220521 0.0472184141 0.0301880845 0.0195063267 0.0100754054 0.0285874829 0.0108055169 0.0495256051 0.051216649 0.0318031689 0.0 0.0150254167 0.025164538 0.0313541018 0.0333742481 0.0321947085 0.0229031892
30 0.0336153729 0.0109619469 0.0236935912 0.02132843 0.0404240826 0.0228147405 0.0261337062 0.043686433 0.0148341125 0.0547615561 0.0187351545 0.0244621958 0.052109591 0.029640119 0.037836423 0.0398068288 0.0256973943 0.0529403742 0.0249583214 0.0186656287 0.0258795535 0.0395369657 0.0322927125 0.0349528345 0.0245696582 0.0475769946 0.0128841691 0.0211271749 0.0150254167 0.0 0.0209834134 0.0252716577 0.0280943954 0.0394211866 0.0152778647
31 0.0384993223 0.004405089 0.0169009045 0.0403547653 0.0339835136 0.0310966443 0.0271906748 0.0335443734 0.0263878869 0.0196001173 0.0294094067 0.0329025015 0.033718476 0.0273780486 0.0326908615 0.0306698166 0.0278150831 0.0380628999 0.0352455459 0.0186989221 0.0307434449 0.0188421854 0.0270354792 0.0430242629 0.0494251186 0.0268661663 0.0184778083 0.0396607848 0.025164538 0.0209834134 0.0 0.0323066716 0.0281087577 0.0264862127 0.0343203033
32 0.0184724921 0.0274296936 0.0371953264 0.0261557737 0.0145989109 0.0261238372 0.0433824315 0.0476221951 0.0505939322 0.0580545554 0.0291381283 0.042648472 0.0113307459 0.0335722473 0.02112258 0.0520134751 0.016407785 0.0096393114 0.0392324539 0.0464981044 0.0305882433 0.0285027842 0.002368369 0.0284058424 0.0030304336 0.0604899392 0.033922146 0.0186379616 0.0313541018 0.0252716577 0.0323066716 0.0 0.0107895111 0.033564145 0.0095357418
33 0.0297384511 0.0365268586 0.0443802202 0.0258490786 0.0084572466 0.0338933827 0.0474215583 0.0311432983 0.041499484 0.0428455751 0.0299013587 0.0115541698 0.0235284289 0.0284734607 0.0229243768 0.0381862685 0.0427168747 0.0240492211 0.0403212358 0.0298048934 0.0272078479 0.0274102328 0.0365096334 0.0286730476 0.0102517367 0.0282256895 0.0275091471 0.011256048 0.0333742481 0.0280943954 0.0281087577 0.0107895111 0.0 0.0261119746 0.0432622878
34 0.0345294886 0.0281565192 0.0380277293 0.0451648524 0.0358818632 0.0221569467 0.0144517941 0.0130279161 0.0490844237 0.0246665029 0.0381986568 0.03356257 0.0574803789 0.0112409226 0.043812373 0.0273756498 0.0331869507 0.0244251521 0.0058141465 0.0418284949 0.0317125436 0.0227354508 0.0395918895 0.0377791077 0.0199078475 0.0145113649 0.0063299051 0.0102126111 0.0321947085 0.0394211866 0.0264862127 0.033564145 0.0261119746 0.0 0.0373677209
35 0.034432727 0.0285474715 0.0306161497 0.0241479749 0.0450300221 0.0147301435 0.0401262784 0.0227360199 0.0279400656 0.0354490717 0.0391838917 0.0355087011 0.0351860585 0.0293219561 0.0368949427 0.0326061978 0.013917134 0.024479892 0.0340882823 0.0227227272 0.034364579 0.0288831594 0.0219474993 0.0161034507 0.0389509853 0.0346323587 0.0385164728 0.0162686796 0.0229031892 0.0152778647 0.0343203033 0.0095357418 0.0432622878 0.0373677209 0.0
