25
1 0.0 0.0104300223 0.0101572785 0.0240546389 0.0121126114 0.0811723193 0.0360579969 0.0196823585 0.0575605039 0.0622601886 0.0714193466 0.015130901 0.0413965491 0.0560161017 0.0542022899 0.0449172979 0.0865021434 0.0492266383 0.0070941595 0.0504592597 0.0423510516 0.0330106405 0.0301068403 0.0449094164 0.0597694458
2 0.0104300223 0.0 0.0454394276 0.0382296685 0.0501483431 0.0349676444 0.0471550693 0.0621197294 0.0036418904 0.0485093553 0.0600099093 0.0281898189 0.0451979446 0.0349419841 0.0350348374 0.0583264381 0.0737555566 0.0551761836 0.0257835105 0.0399492689 0.0426472321 0.0034988953 0.0531185193 0.0694292744 0.0342994767
3 0.0101572785 0.0454394276 0.0 0.0539017479 0.066272566 0.0280926002 0.0577622016 0.0573735661 0.0314855765 0.0058262051 0.047278002 0.0490479769 0.0456189516 0.0472947846 0.0540931094 0.0536439209 0.0230168627 0.0510459018 0.0534887515 0.0779493026 0.0356730899 0.0310667714 0.0205579156 0.0226719523 0.0312415373
4 0.0240546389 0.0382296685 0.0539017479 0.0 0.023644902 0.043405462 0.0464000158 0.0447097513 0.0258788547 0.0282520925 0.0556475504 0.0548156692 0.0419271239 0.0627828568 0.0205643811 0.0458728219 0.0406815974 0.0498332163 0.0479896488 0.0476307685 0.0260697992 0.0431615464 0.0345366362 0.057316232 0.0426930185
5 0.0121126114 0.0501483431 0.066272566 0.023644902 0.0 0.0432894135 0.0378141305 0.0282081572 0.0291659831 0.0304389212 0.0137010965 0.0489722133 0.0696362547 0.0475394821 0.0392789487 0.0567753928 0.0380237156 0.0706479479 0.0776887928 0.00756408 0.0568070379 0.0457272038 0.0288281803 0.0475264377 0.0301881881
6 0.0811723193 0.0349676444 0.0280926002 0.043405462 0.0432894135 0.0 0.0535652314 0.038051326 0.0464683324 0.0584820335 0.0504922117 0.0202762693 0.0474292321 0.036385533 0.0211491499 0.0200681553 0.0371217036 0.0366489287 0.0545063236 0.0400377962 0.0380006596 0.0462229447 0.0506486349 0.0574347726 0.0160833224
7 0.0360579969 0.0471550693 0.0577622016 0.0464000158 0.0378141305 0.0535652314 0.0 0.0692953634 0.0255463694 0.0508233814 0.0425592871 0.0468543209 0.0320920976 0.0229746134 0.0445204886 0.0243312297 0.0256802179 0.060792412 0.0673838306 0.0382792925 0.046428598 0.0203828341 0.0349301105 0.0362436099 0.0321272976
8 0.0196823585 0.0621197294 0.0573735661 0.0447097513 0.0282081572 0.038051326 0.0692953634 0.0 0.0599979107 0.0420123653 0.0118051752 0.0327575709 0.0561752488 0.0479192666 0.0061699112 0.0329887205 0.0240160329 0.0505696065 0.0714161704 0.0412276011 0.0288387469 0.0366103818 0.0358958434 0.0511294699 0.0510297261
9 0.0575605039 0.0036418904 0.0314855765 0.0258788547 0.0291659831 0.0464683324 0.0255463694 0.0599979107 0.0 0.0424841296 0.0757138333 0.0824428128 0.0555332694 0.0281624187 0.0127847726 0.0068426768 0.0634731758 0.0528975146 0.0153136135 0.0541482982 0.0295788411 0.0902308198 0.0255962191 0.0200868557 0.0649653281
10 0.0622601886 0.0485093553 0.0058262051 0.0282520925 0.0304389212 0.0584820335 0.0508233814 0.0420123653 0.0424841296 0.0 0.0095891348 0.0556549553 0.0367643962 0.0345597753 0.0335590973 0.0513051484 0.0487602362 0.0678920806 0.0414715181 0.0411764668 0.0705344684 0.0463743813 0.0394333246 0.0213295125 0.0325068317
11 0.0714193466 0.0600099093 0.047278002 0.0556475504 0.0137010965 0.0504922117 0.0425592871 0.0118051752 0.0757138333 0.0095891348 0.0 0.0715608607 0.0421043448 0.0325390737 0.0437729558 0.0189073438 0.0215806368 0.0298080588 0.0266010436 0.0401765091 0.0407670319 0.0464166621 0.0507754525 0.0707810616 0.0259934179
12 0.015130901 0.0281898189 0.0490479769 0.0548156692 0.0489722133 0.0202762693 0.0468543209 0.0327575709 0.0824428128 0.0556549553 0.0715608607 0.0 0.0717219094 0.0410374346 0.0337910593 0.0422999975 0.0516180721 0.0303280606 0.0374941506 0.0195393944 0.0239475463 0.0556489594 0.0321737027 0.025445027 0.029251317
13 0.0413965491 0.0451979446 0.0456189516 0.0419271239 0.0696362547 0.0474292321 0.0320920976 0.0561752488 0.0555332694 0.0367643962 0.0421043448 0.0717219094 0.0 0.0598781633 0.0462810518 0.0418130213 0.0269856836 0.0150926543 0.0286273342 0.0255355818 0.0403972997 0.0435352861 0.0353424106 0.0271114145 0.0238027768
14 0.0560161017 0.0349419841 0.0472947846 0.0627828568 0.0475394821 0.036385533 0.0229746134 0.0479192666 0.0281624187 0.0345597753 0.0325390737 0.0410374346 0.0598781633 0.0 0.0579400357 0.0472498308 0.0207575742 0.0263768757 0.0159595517 0.0307722068 0.0569740455 0.0820198933 0.0362038853 0.0351977938 0.038516819
15 0.0542022899 0.0350348374 0.0540931094 0.0205643811 0.0392789487 0.0211491499 0.0445204886 0.0061699112 0.0127847726 0.0335590973 0.0437729558 0.0337910593 0.0462810518 0.0579400357 0.0 0.0521068518 0.0456679309 0.0524409846 0.0649376034 0.0478012516 0.0326424502 0.0177977283 0.0520480006 0.0688413257 0.0625737844
16 0.0449172979 0.0583264381 0.0536439209 0.0458728219 0.0567753928 0.0200681553 0.0243312297 0.0329887205 0.0068426768 0.0513051484 0.0189073438 0.0422999975 0.0418130213 0.0472498308 0.0521068518 0.0 0.0472129945 0.0303254166 0.0573762251 0.0435267579 0.0458872265 0.041248404 0.0533704999 0.0285870572 0.0550165709
17 0.0865021434 0.0737555566 0.0230168627 0.0406815974 0.0380237156 0.0371217036 0.0256802179 0.0240160329 0.0634731758 0.0487602362 0.0215806368 0.0516180721 0.0269856836 0.0207575742 0.0456679309 0.0472129945 0.0 0.0255450462 0.0344928654 0.0435649886 0.0395868109 0.0432417543 0.0521564794 0.042893833 0.0436640878
18 0.0492266383 0.0551761836 0.0510459018 0.0498332163 0.0706479479 0.0366489287 0.060792412 0.0505696065 0.0528975146 0.0678920806 0.0298080588 0.0303280606 0.0150926543 0.0263768757 0.0524409846 0.0303254166 0.0255450462 0.0 0.0201544901 0.0292505741 0.0593789688 0.0362909075 0.0291564719 0.0258799407 0.0452411195
19 0.0070941595 0.0257835105 0.0534887515 0.0479896488 0.0776887928 0.0545063236 0.0673838306 0.0714161704 0.0153136135 0.0414715181 0.0266010436 0.0374941506 0.0286273342 0.0159595517 0.0649376034 0.0573762251 0.0344928654 0.0201544901 0.0 0.0457602655 0.0589581651 0.0469801355 0.0445574635 0.0382485421 0.0177158446
20 0.0504592597 0.0399492689 0.0779493026 0.0476307685 0.00756408 0.0400377962 0.0382792925 0.0412276011 0.0541482982 0.0411764668 0.0401765091 0.0195393944 0.0255355818 0.0307722068 0.0478012516 0.0435267579 0.0435649886 0.0292505741 0.0457602655 0.0 0.0434078658 0.0455726615 0.0366877111 0.0510687758 0.0589133215
21 0.0423510516 0.0426472321 0.0356730899 0.0260697992 0.0568070379 0.0380006596 0.046428598 0.0288387469 0.0295788411 0.0705344684 0.0407670319 0.0239475463 0.0403972997 0.0569740455 0.0326424502 0.0458872265 0.0395868109 0.0593789688 0.0589581651 0.0434078658 0.0 0.0131331816 0.0650159606 0.0291268178 0.0338471047
22 0.0330106405 0.0034988953 0.0310667714 0.0431615464 0.0457272038 0.0462229447 0.0203828341 0.0366103818 0.0902308198 0.0463743813 0.0464166621 0.0556489594 0.0435352861 0.0820198933 0.0177977283 0.041248404 0.0432417543 0.0362909075 0.0469801355 0.0455726615 0.0131331816 0.0 0.0471286053 0.0291812911 0.055518111
23 0.0301068403 0.0531185193 0.0205579156 0.0345366362 0.0288281803 0.0506486349 0.0349301105 0.0358958434 0.0255962191 0.0394333246 0.0507754525 0.0321737027 0.0353424106 0.0362038853 0.0520480006 0.0533704999 0.0521564794 0.0291564719 0.0445574635 0.0366877111 0.0650159606 0.0471286053 0.0 0.0481245832 0.0636065492
24 0.0449094164 0.0694292744 0.0226719523 0.057316232 0.0475264377 0.0574347726 0.0362436099 0.0511294699 0.0200868557 0.0213295125 0.0707810616 0.025445027 0.0271114145 0.0351977938 0.0688413257 0.0285870572 0.042893833 0.0258799407 0.0382485421 0.0510687758 0.0291268178 0.0291812911 0.0481245832 0.0 0.0514350029
25 0.0597694458 0.0342994767 0.0312415373 0.0426930185 0.0301881881 0.0160833224 0.0321272976 0.0510297261 0.0649653281 0.0325068317 0.0259934179 0.029251317 0.0238027768 0.038516819 0.0625737844 0.0550165709 0.0436640878 0.0452411195 0.0177158446 0.0589133215 0.0338471047 0.055518111 0.0636065492 0.0514350029 0.0
