128
1 0.0025391958 0.0059583778 0.0067474122 0.0077715131 0.0099621969 0.0088072185 0.0087844548 0.0058283996 0.009687644 0.0066966686 0.00870681 0.0119390995 0.0041548182 0.0067858699 0.0072241422 0.0080963728 0.0042270548 0.0077778272 0.0086285357 0.0094318025 0.0082684908 0.0129125409 0.0055443878 0.00650325 0.0073658997 0.0109409821 0.010273391 0.0047701733 0.0051711474 0.0060608171 0.0076281451 0.0079171557 0.0075308962 0.0095280258 0.0072678095 0.0109881498 0.002417063 0.0058334412 0.0094315596 0.0081224678 0.0089099762 0.0062192052 0.0046430095 0.0079636176 0.0066579833 0.0125812076 0.0080193082 0.0039966725 0.0181048216 0.0063436846 0.0079962885 0.0055298259 0.0066716593 0.0051114281 0.0125393875 0.0071666169 0.0056472906 0.0068570576 0.009638838 0.0041704102 0.0058500387 0.0112054908 0.0073454407 0.0095163111 0.0103860924 0.0062842761 0.0064772077 0.0031630412 0.0092543447 0.0057351911 0.0077227672 0.0075402389 0.015072038 0.0062683936 0.0091509173 0.0078340545 0.0060740737 0.0079007147 0.0071083641 0.0115182623 0.008119868 0.0113329162 0.0098255131 0.0064258103 0.0065879126 0.0114650999 0.0093205395 0.005957619 0.0116873207 0.005857113 0.0070367755 0.0065071183 0.0109536527 0.0033892345 0.0077840411 0.0070295278 0.0086860804 0.0083999238 0.0032924594 0.0059380005 0.0093257277 0.0135146148 0.0106840634 0.0051217098 0.0118066626 0.0057262453 0.005129603 0.006194539 0.0061227989 0.0036620295 0.0072085439 0.0077578085 0.0117091201 0.0071449325 0.0093247834 0.0047176309 0.0023824291 0.0131314272 0.0075916306 0.0123327234 0.008937097 0.005604044 0.0097310052 0.0058398366 0.0071416504 0.0083815034 0.0096038374 0.00816872 
2 0.0059583778 0.0030135457 0.0020285499 0.0103194725 0.0126417992 0.0089710784 0.008667677 0.0106033567 0.0094766428 0.0076786388 0.0028332697 0.0069777405 0.0113255165 0.0099193274 0.0097386188 0.0072531551 0.0060500714 0.0047141055 0.0066250634 0.0083271687 0.0100841846 0.0065675534 0.0058775012 0.0093089041 0.0059955792 0.0081109646 0.0095554693 0.0052756622 0.0090615529 0.0049208974 0.0119086736 0.0113412315 0.0113546059 0.0092599143 0.0104677129 0.0034528831 0.0086513394 0.0046379952 0.0112094943 0.0052656797 0.006321483 0.009759926 0.0085234299 0.0094170735 0.0079582838 0.0053572383 0.0131071885 0.0085821356 0.0118767759 0.0046421582 0.0082439264 0.0094807915 0.0062094029 0.0072987508 0.0122034963 0.0106108225 0.0069486695 0.0112632104 0.0068787436 0.0101278388 0.0116421445 0.0071950432 0.0083046089 0.0053009166 0.0053432805 0.0107813824 0.0051782061 0.0064041595 0.010516075 0.00561743 0.0113312152 0.0082018278 0.0095782424 0.0050248595 0.01220013 0.007468658 0.0082550033 0.0023690759 0.0050634765 0.0097211137 0.0060039022 0.0037578014 0.008114817 0.0065023201 0.0067204959 0.0111896095 0.0079197705 0.0109957538 0.0069725425 0.0052608789 0.0073587524 0.011186252 0.001963571 0.0035652992 0.0012580969 0.0165686425 0.0034606287 0.0086825796 0.0070845916 0.009424267 0.0053484755 0.0122354913 0.0061002694 0.0117919366 0.007734186 0.0062286218 0.008749617 0.004504894 0.0066951711 0.0130882736 0.0051166047 0.0039585295 0.0083202633 0.0064957971 0.0084210419 0.0066245646 0.0083941469 0.010636861 0.0102245254 0.0082756031 0.0057068251 0.0089991114 0.0048506282 0.0035062561 0.0098331665 0.0047810119 0.005204251 0.0084441337 
3 0.0067474122 0.0020285499 0.003517349 0.0098269034 0.0084814716 0.0094901048 0.008376197 0.0040087349 0.0068797363 0.0044751144 0.0107452431 0.0036672418 0.0068798577 0.0093617113 0.0078054395 0.0058305655 0.003328846 0.0054035417 0.0082679184 0.006663832 0.0047203241 0.0048195737 0.0047376754 0.0124760312 0.0115895527 0.004349032 0.0047288259 0.0057315434 0.0113487925 0.0055896866 0.0022572065 0.0054946932 0.0129954586 0.0099885471 0.0118269797 0.0077104797 0.0064662258 0.0064047139 0.0042167442 0.0061014531 0.0091957775 0.0053204217 0.0059124387 0.0109028733 0.012475348 0.0128157267 0.0094432887 0.0067615537 0.0059759626 0.0073567971 0.0087954222 0.015540264 0.0057265989 0.0098725468 0.0090831859 0.0035677047 0.0033500625 0.0073248183 0.0054969157 0.0121444169 0.0080848784 0.0066624253 0.0124034667 0.0100121578 0.00664081 0.0061771003 0.0102524952 0.0142999196 0.0065747293 0.0058083981 0.0072507065 0.0082287799 0.0034155332 0.0060442578 0.0098807279 0.0088842957 0.012187402 0.0059501817 0.008895419 0.0101058832 0.0058518076 0.0063440275 0.0095293798 0.0039385041 0.0041478277 0.0083508389 0.0035631186 0.0067563538 0.0079673877 0.010626973 0.0099170885 0.0110009503 0.01179075 0.0112630238 0.0109847041 0.0104417345 0.0049482947 0.0073366555 0.006830382 0.0127721119 0.0015597736 0.0097900398 0.0076757504 0.0070391484 0.0057451837 0.0054363362 0.0053396698 0.0093015186 0.0085809961 0.0105087507 0.0086866329 0.014635201 0.0028818948 0.0080899694 0.0058276957 0.0061259899 0.0093390658 0.0074018464 0.008229411 0.0065192026 0.0105280951 0.0061762485 0.0119710567 0.0157830664 0.0057158556 0.008853164 0.0067247762 0.0110107456 
4 0.0077715131 0.0103194725 0.0098269034 0.0003219653 0.0062226441 0.0048902121 0.0089766217 0.0105690319 0.0030882258 0.0093888947 0.0049405016 0.0082278955 0.0057229386 0.0060650386 0.0085253744 0.0085682029 0.0106977687 0.0026682419 0.0137914615 0.0045917595 0.0026088352 0.0125106787 0.0065527358 0.0092056395 0.0110803703 0.0070453502 0.0042395558 0.0051974552 0.0055803503 0.0146918191 0.007710687 0.007517197 0.0093600216 0.0114896955 0.0103208778 0.0035113504 0.0073327703 0.0131804547 0.0075638335 0.0143587188 0.0089862723 0.0014082549 0.0071288138 0.0050767696 0.0145931329 0.0101854553 0.0039521984 0.0108298773 0.0069975912 0.0072739104 0.0081151665 0.0038058524 0.0140718826 0.0038419817 0.0060386263 0.0084154532 0.0069142603 0.0112239439 0.0073302531 0.004418999 0.0044421365 0.0033469 0.0062647751 0.009713799 0.0060746252 0.0095121868 0.0067135754 0.0071293517 0.0095127305 0.0130568345 0.0080089966 0.0067514063 0.0064482813 0.0080469325 0.0090467745 0.0056912662 0.0085215052 0.0059295849 0.0067160151 0.0080577119 0.012649113 0.0117300439 0.0033978226 0.0060923124 0.0059866469 0.0087190719 0.0064818601 0.0074342293 0.0060073808 0.0046494101 0.0062341602 0.0091823948 0.0077363177 0.0071207402 0.0110492623 0.0031854444 0.0080806136 0.012852603 0.0141669483 0.0084769995 0.0061196049 0.008923724 0.0051248206 0.0137150051 0.0107215641 0.0068222437 0.0117520909 0.003328143 0.0069561558 0.0138905013 0.0065844522 0.0084544261 0.0079273734 0.0100190615 0.0065570114 0.0129691558 0.0066534733 0.0070864837 0.0132663919 0.0087259424 0.0057877673 0.0106708292 0.007868997 0.0021855551 0.0063395391 0.0045159972 0.0041830436 0.0057901227 
5 0.0099621969 0.0126417992 0.0084814716 0.0062226441 0.0024721366 0.0068912379 0.0110903802 0.0124007234 0.007680798 0.0054022193 0.0129495582 0.0027796152 0.0024567199 0.0050863188 0.0079373008 0.0135106845 0.0033663272 0.0082415188 0.0069392033 0.0027551244 0.0158176226 0.0095010083 0.0080530399 0.0094337401 0.0104830255 0.0045465529 0.0037717764 0.0133875391 0.004646428 0.0078060237 0.0028327994 0.0087780319 0.0065009572 0.0048398708 0.015732155 0.0065452535 0.0046653767 0.0052644714 0.0085275298 0.0116870047 0.0077312495 0.0054140772 0.0044340042 0.0066180869 0.0089142608 0.0080439436 0.0113940554 0.0025865106 0.0055130902 0.0054029639 0.0056172751 0.0112434965 0.0089346246 0.008213491 0.0065809541 0.0085409029 0.0072974337 0.0097286631 0.0084838612 0.0067023671 0.0025002053 0.0086147967 0.0090975467 0.0092801579 0.0134079845 0.0051110089 0.0124374578 0.0158703833 0.0045643616 0.0086266083 0.0038561482 0.0017333367 0.0073203402 0.0057198899 0.0094797974 0.0090589493 0.0132995237 0.0078504902 0.0075699069 0.007140306 0.0051030484 0.0114431477 0.0076893411 0.0071737527 0.0065050543 0.0064619515 0.0044018031 0.0071777213 0.009437767 0.0074034166 0.0142428515 0.0107190059 0.0098357902 0.010230316 0.0088522181 0.0105059164 0.0099843979 0.0024777263 0.0074103291 0.0063418463 0.0059532799 0.0091389333 0.0070477887 0.0040831236 0.0078589747 0.0084606219 0.0062549402 0.0051890164 0.0048402337 0.0124336884 0.0122226251 0.0100771788 0.0044603809 0.0080452073 0.0033336746 0.0127864366 0.0082072162 0.0081834989 0.0053259148 0.0112737187 0.0077214691 0.0110756491 0.0033421317 0.0110644555 0.0033976332 0.0096914538 0.0065356895 0.0065749672 
6 0.0088072185 0.0089710784 0.0094901048 0.0048902121 0.0068912379 0.0079500273 0.0089950334 0.0150451109 0.0066274647 0.0039611099 0.0064864865 0.0090172099 0.0094675662 0.0087684857 0.0084621918 0.0080682425 0.0038008305 0.0066827054 0.0145258085 0.011028723 0.0110576334 0.0094002191 0.0088489922 0.0061948158 0.0071924981 0.0111683778 0.0041182634 0.0079915217 0.0091145574 0.0079313082 0.0068731829 0.0084022588 0.0038117921 0.0110564695 0.0078882923 0.0043907542 0.0089110314 0.0077247439 0.0094265292 0.0106090565 0.0056010772 0.0089475207 0.0076866723 0.0027974794 0.0060527279 0.0084298953 0.0042510184 0.0107891648 0.0028719946 0.0073501492 0.0063255806 0.0074266242 0.0071688368 0.0031528547 0.0131255059 0.0111973336 0.0050643732 0.0053141116 0.0126151723 0.0145273252 0.004907923 0.007910242 0.003357522 0.0070916566 0.0045804424 0.005785992 0.0111872813 0.0068372908 0.0099966106 0.010687942 0.0071707392 0.0116076284 0.0092228613 0.0089555591 0.0139068326 0.0075456532 0.0055298644 0.013402352 0.0057688036 0.0157190887 0.0103232102 0.0053224374 0.0064574574 0.0105862692 0.0083017705 0.009177434 0.006166646 0.0093770163 0.0095999977 0.0032626042 0.0052569511 0.0041513443 0.0050197101 0.0060555677 0.0061177945 0.0016610142 0.0043644513 0.0093767138 0.0083022719 0.0147092954 0.0026646863 0.0049882489 0.0098491927 0.0046647877 0.0040654749 0.0046730932 0.0077052497 0.0097033848 0.004283354 0.0046879975 0.0120422916 0.0057297825 0.0102415423 0.0058424114 0.008294204 0.0095845752 0.0033378916 0.0085642282 0.0091519585 0.0063793379 0.0069398396 0.0081418164 0.0109511999 0.0135373976 0.0057118375 0.0074237991 0.0057449921 0.009588619 
7 0.0087844548 0.008667677 0.008376197 0.0089766217 0.0110903802 0.0089950334 0.0152354061 0.0049731728 0.0113394068 0.008336797 0.0072875998 0.0081552714 0.0035820247 0.007336985 0.0070050853 0.0081092147 0.0051569502 0.009690337 0.0098925965 0.008922468 0.0115862054 0.0108910736 0.0053242599 0.0080654236 0.0092808097 0.0070733939 0.007917431 0.0063869555 0.0112535513 0.0029495035 0.0073273526 0.0098683913 0.0079984213 0.008131602 0.0123697006 0.0061748291 0.0062852491 0.0101656113 0.0078229231 0.0100294787 0.0099473454 0.0058812666 0.0073736974 0.0089431858 0.009650578 0.0013647972 0.0082686926 0.0041666763 0.0106219892 0.0086471964 0.0095653787 0.0099493633 0.0057106735 0.0097553578 0.0132249317 0.006918316 0.0038561137 0.0062669145 0.0087798139 0.0078596405 0.0082644765 0.0074775658 0.009549608 0.0057034603 0.012189498 0.008086102 0.0088036113 0.0076743253 0.0102296523 0.0027153966 0.0074728849 0.0129346721 0.0060531416 0.0084688383 0.0073072275 0.004855066 0.0061506962 0.0043350571 0.0072755789 0.0050852762 0.0057601873 0.0072856528 0.0067584156 0.0084127007 0.0114546938 0.0070418062 0.0088361396 0.0108289503 0.0020736977 0.003482928 0.0053824953 0.0080270247 0.0102032023 0.003730235 0.0129913027 0.0058421255 0.0097658267 0.008024065 0.0070570123 0.0085916162 0.0090107455 0.0048886851 0.0050123227 0.0076219924 0.0094426269 0.0072168428 0.0083386042 0.0060821466 0.0121530865 0.0071271317 0.0091688758 0.0011069146 0.0094025593 0.0079208026 0.0026061087 0.011286528 0.0107275442 0.0059218236 0.0035039044 0.0113796838 0.0078676372 0.0064492499 0.0077811782 0.0056743983 0.0098176433 0.0074744687 0.0050577184 0.0042087895 
8 0.0058283996 0.0106033567 0.0040087349 0.0105690319 0.0124007234 0.0150451109 0.0049731728 0.0070098735 0.0068990661 0.0078099243 0.0061626537 0.0112968303 0.0075655766 0.005869132 0.0083053639 0.0100291936 0.0066720914 0.0053999988 0.0072924158 0.004752875 0.0090515012 0.0084126228 0.0083007958 0.0105540672 0.0024384539 0.0092115108 0.006256411 0.0124578276 0.0034043599 0.0046210227 0.0070656479 0.0068735765 0.0078239504 0.0083713566 0.0078615999 0.0105915965 0.009239467 0.0086868522 0.001672697 0.0064616533 0.0099016689 0.0107543002 0.0094181218 0.0137303332 0.015912688 0.0122049763 0.0086752347 0.0058478842 0.0094794021 0.0055387522 0.0099148092 0.0055601618 0.0082536386 0.0042250691 0.0100516563 0.0104294209 0.0077637047 0.0049690552 0.0083150949 0.0082480552 0.0085534221 0.004335164 0.0104449761 0.0064041751 0.0055772631 0.0095961132 0.0025779183 0.006908024 0.0056136658 0.0028617735 0.0075003409 0.0062952411 0.0061455398 0.00721121 0.0071862498 0.0039425686 0.007493021 0.005636391 0.0081445367 0.0103600941 0.00941764 0.0095848273 0.0102118137 0.0074312859 0.0069480565 0.0089921932 0.0061547495 0.0079922128 0.004783263 0.0108311188 0.0056772148 0.0052757765 0.0056325234 0.0129556717 0.0076103001 0.0076420591 0.0058563303 0.0095474339 0.0122021355 0.0061380828 0.0011004457 0.0098113816 0.0041180132 0.0033135858 0.0056311063 0.0083030837 0.0067810141 0.0077186236 0.010468199 0.0048376975 0.0130341752 0.0084448276 0.0059716059 0.0070497545 0.0073163492 0.0092930118 0.0048058124 0.0099725113 0.0076418187 0.0076295823 0.0094215123 0.0102293357 0.0127257855 0.0079532589 0.0067808183 0.0108199424 0.00960666 0.0085031876 
9 0.009687644 0.0094766428 0.0068797363 0.0030882258 0.007680798 0.0066274647 0.0113394068 0.0068990661 0.0076974969 0.0070161152 0.0104223198 0.0082671548 0.0104967248 0.0055416569 0.0091541884 0.0051202023 0.0045377215 0.0108178311 0.0041804796 0.005906594 0.0059409266 0.0149042265 0.0066467999 0.0070417901 0.0103157175 0.0090332601 0.0068003113 0.0066078426 0.005638068 0.0059837758 0.0077304573 0.0040654438 0.0058098696 0.0030272375 0.0076438741 0.0096962827 0.0047716628 0.0066520071 0.0085075045 0.0088722976 0.0054306721 0.0073361175 0.0058061455 0.0083403124 0.0056781874 0.0060300981 0.0033485346 0.0055328157 0.0073964009 0.0090478967 0.0030961349 0.005856553 0.0096459497 0.0058952549 0.0051791075 0.0046949109 0.0067490555 0.0030747221 0.0036838286 0.0086965749 0.0102981085 0.0060176598 0.010885775 0.0023050769 0.0052979927 0.0091836282 0.0057630729 0.009214424 0.0064387491 0.0117935116 0.0108203947 0.0056337369 0.0173542711 0.0074524959 0.0044080258 0.0084547056 0.0056007351 0.0113658476 0.0109848439 0.0139321295 0.0088184854 0.010859857 0.0084327089 0.0056435199 0.0102526868 0.0114876403 0.0142747267 0.005822509 0.0093640157 0.0095758546 0.002331309 0.0073010976 0.0064666509 0.0089319034 0.0101023872 0.0085573321 0.0114881412 0.0101629983 0.0044144138 0.015613966 0.0056081734 0.0119844268 0.0159460154 0.0087285643 0.009911707 0.0072998428 0.015932981 0.0084374066 0.0088842705 0.0057878945 0.0085589251 0.0073056786 0.0031200759 0.0089863374 0.0057663499 0.0063240522 0.0072783998 0.0066538941 0.0073827467 0.0069289187 0.0047491899 0.0062053787 0.00419125 0.008004726 0.0072083917 0.0063364589 0.0141442422 0.0121802145 
10 0.0066966686 0.0076786388 0.0044751144 0.0093888947 0.0054022193 0.0039611099 0.008336797 0.0078099243 0.0070161152 0.0048033435 0.0063220274 0.0085033707 0.0064444369 0.0090530519 0.0089175081 0.0098235679 0.0055794525 0.0122399592 0.0074926284 0.0063730044 0.0048863981 0.0038952852 0.0123619301 0.0092555043 0.0048505384 0.0069736682 0.0079413468 0.010723849 0.0095527678 0.0072899436 0.0101248979 0.0033054079 0.0125774884 0.0052519765 0.0062578498 0.0066788156 0.003834537 0.0050581077 0.0079756284 0.0109311198 0.0064011441 0.0021572644 0.0050472066 0.0129327013 0.011033555 0.0143511909 0.0098633262 0.009258639 0.0057988699 0.005689082 0.0126902262 0.0073207112 0.0073667668 0.0030949727 0.0034833391 0.0048580152 0.0036721586 0.0046038918 0.0088836014 0.0099200621 0.0073241102 0.0116001085 0.0117809868 0.0108907999 0.0132704212 0.0064008051 0.013401932 0.0057871147 0.0072313724 0.0092810318 0.0123721286 0.0076859018 0.0108662827 0.0076941717 0.0101566473 0.0081291824 0.0053857246 0.0070652329 0.0106037601 0.0079965401 0.0093979536 0.0053903367 0.0098075911 0.0049462011 0.0095976581 0.0035880229 0.0028734615 0.0076852311 0.0095710921 0.0059153037 0.0127106524 0.007631627 0.0072600116 0.0073657653 0.0088888644 0.0070319187 0.0046618599 0.0061118845 0.0096445949 0.0088218787 0.0065416604 0.0073150456 0.01112442 0.0068958869 0.0056449006 0.0134547828 0.0088482212 0.0028732134 0.0101055096 0.0070309141 0.0076267977 0.0046458518 0.0077331763 0.0087175782 0.0076784454 0.0077244009 0.0057266484 0.0097716796 0.0088470014 0.0128215815 0.0062057851 0.0173666431 0.0034594316 0.0086592192 0.007696232 0.0050507952 0.0078519931 0.0042844031 
11 0.00870681 0.0028332697 0.0107452431 0.0049405016 0.0129495582 0.0064864865 0.0072875998 0.0061626537 0.0104223198 0.0063220274 0.0042641555 0.0115373496 0.0088024088 0.0118795597 0.0083520755 0.008552706 0.0073582226 0.0040088999 0.0095431011 0.0033860407 0.0066469786 0.0069211568 0.0064179612 0.0073640372 0.0042640231 0.0075853481 0.0052946517 0.0066374183 0.0099996293 0.0114343227 0.0041597447 0.0061669592 0.0105801082 0.0077309287 0.0059933453 0.0065456817 0.0024311756 0.0079623167 0.0108229854 0.0080879255 0.0123826361 0.0033143538 0.004046129 0.0072354268 0.0045410638 0.0039479552 0.0086031032 0.0117211747 0.0133258136 0.0033480812 0.0073473953 0.0086673118 0.0131656064 0.0062527834 0.0047824799 0.004565461 0.0087513771 0.0063435863 0.0122713819 0.0081583374 0.0120691213 0.0096995007 0.0135886909 0.0051091819 0.0101178834 0.0075135269 0.0065801644 0.0044943438 0.0132179957 0.0057699453 0.0065596695 0.0047514083 0.0058702379 0.0123662293 0.0076995136 0.007831614 0.0093881443 0.0072161813 0.0076033305 0.0066807517 0.0080706533 0.0044899119 0.0049790371 0.0113356998 0.0106713906 0.0091341681 0.0079971382 0.006566098 0.0066267635 0.0071489224 0.0083211332 0.0070162957 0.0105238067 0.0139070505 0.009491738 0.0071006618 0.009481093 0.0065370068 0.0083441829 0.0051457587 0.0057133915 0.0082331313 0.0078606684 0.0055484793 0.0049671261 0.004521832 0.0050342943 0.0109317334 0.0089242806 0.0098523778 0.0046038995 0.0122639658 0.0068465045 0.0106763368 0.0055290774 0.0077433024 0.0051619854 0.0086961591 0.0067806346 0.0060083401 0.0120999054 0.0119131181 0.0083202304 0.0096946007 0.0055016083 0.0085337636 0.0115607271 0.0091034361 
12 0.0119390995 0.0069777405 0.0036672418 0.0082278955 0.0027796152 0.0090172099 0.0081552714 0.0112968303 0.0082671548 0.0085033707 0.0115373496 0.0016541538 0.0078026513 0.0092058077 0.0076045425 0.0043172077 0.0070924951 0.0071465359 0.0076348689 0.0102082095 0.0022536496 0.0092105696 0.0064622608 0.0100294997 0.0083908344 0.0129859023 0.0061311 0.0134275827 0.0096808506 0.0085354041 0.0132420946 0.0103054872 0.0074300166 0.0078958981 0.0053879909 0.0048724279 0.0062640691 0.0020582095 0.0085444323 0.0079233026 0.0078755587 0.0115280796 0.0095470373 0.0090576259 0.0060941141 0.0103629069 0.0065730137 0.0105320041 0.0053101053 0.010180707 0.0044574159 0.0109845984 0.0101342878 0.0018466839 0.0069291497 0.0069438636 0.010172097 0.0064350627 0.009826917 0.0050133081 0.0059273486 0.0120296347 0.0051340578 0.0104549945 0.0072079998 0.0045075573 0.0049824292 0.015914436 0.0099108686 0.0070432343 0.009024613 0.0073872666 0.0043790084 0.0070481825 0.0056543725 0.0085829724 0.0077853041 0.0118720077 0.0049168051 0.0069463558 0.0101564698 0.010540123 0.0064306222 0.0157442938 0.0069298672 0.0022955671 0.005419778 0.005980442 0.0072075667 0.0086105959 0.0120085456 0.0108348852 0.0042237366 0.0069382973 0.0077773085 0.00437356 0.0074647712 0.0065948522 0.006074692 0.0080148896 0.0081870549 0.0041540385 0.0051539844 0.0081569349 0.00531332 0.0055508972 0.008712448 0.0092004717 0.0105480919 0.0088388904 0.0125513623 0.0149202237 0.0050647734 0.0098473204 0.0071486968 0.0073877437 0.0069893846 0.0030774884 0.0103516114 0.0062644665 0.0088800376 0.0054896155 0.0120166161 0.0068479658 0.0100341737 0.0057398275 0.0023383088 0.0070325684 
13 0.0041548182 0.0113255165 0.0068798577 0.0057229386 0.0024567199 0.0094675662 0.0035820247 0.0075655766 0.0104967248 0.0064444369 0.0088024088 0.0078026513 0.009810409 0.0081318525 0.0072591199 0.0053018516 0.0114627685 0.0015562574 0.0108619969 0.0108007364 0.0057891067 0.0055131793 0.009054518 0.0083189235 0.0121196593 0.0115369992 0.0066032321 0.0030618764 0.009313711 0.0110538646 0.0088490775 0.0074273052 0.0026022474 0.0094773879 0.0032846656 0.0040473488 0.0064228886 0.0052911191 0.0104472004 0.0047863687 0.0067867488 0.0050203217 0.0113119642 0.0062370514 0.0063933244 0.0053658299 0.0083786583 0.0109803884 0.0083081098 0.002330832 0.008738375 0.0079208326 0.0051907922 0.0143078165 0.0108383988 0.008741837 0.0098610373 0.013967555 0.0120984599 0.0089025815 0.0045129946 0.0147686746 0.0123767994 0.0066489225 0.0105739504 0.0110670972 0.0060033222 0.0080722615 0.0081391282 0.0030465219 0.0099847445 0.0114481268 0.0070902229 0.0095124738 0.0077708834 0.0082810037 0.0106765564 0.0095563141 0.0070759075 0.0064894489 0.0055148903 0.0047040438 0.0074240795 0.0087296521 0.0037451523 0.0076433871 0.0028170563 0.0081681307 0.0091124682 0.0095562157 0.0061407915 0.0082587429 0.0111671926 0.0122724693 0.004056956 0.012893151 0.010206441 0.0064978132 0.0057012779 0.0097641284 0.0079800204 0.0103272818 0.0036883317 0.0065284515 0.0080558087 0.0119514245 0.01221011 0.00912731 0.0080755047 0.0073911715 0.0066875468 0.0083809189 0.0047570191 0.0049952607 0.0071701287 0.0024698353 0.0066541772 0.0051122868 0.0079098497 0.0058124518 0.0078893822 0.0075026695 0.0062002311 0.010906566 0.01174957 0.0044363943 0.0060755421 0.005917535 
14 0.0067858699 0.0099193274 0.0093617113 0.0060650386 0.0050863188 0.0087684857 0.007336985 0.005869132 0.0055416569 0.0090530519 0.0118795597 0.0092058077 0.0081318525 0.0118192961 0.0092378148 0.0080968344 0.0078059671 0.0082161511 0.0073159264 0.0037315805 0.0070127045 0.0108037707 0.0044949782 0.0093818746 0.0082883965 0.004733131 0.0046806577 0.0051169767 0.0051623443 0.0103919524 0.0099326355 0.0073500418 0.0108702335 0.0147346446 0.005119261 0.0055468444 0.0068550615 0.0097596506 0.0075449819 0.012522068 0.0102763343 0.0073688086 0.005847641 0.0058167458 0.0025403188 0.0094379564 0.0080369945 0.0121724006 0.0049440664 0.0092107131 0.0099917381 0.0091535244 0.0124319591 0.0098570424 0.0073293179 0.0039052373 0.0081601947 0.0111026677 0.0086986061 0.00747875 0.0115625476 0.0041084763 0.0093648863 0.0054155088 0.0114278973 0.0103745143 0.0101312788 0.0077318377 0.0067155386 0.0100350322 0.0105553291 0.0134630287 0.0084019174 0.012678983 0.0059318448 0.0117742291 0.0055649139 0.011634597 0.0039594075 0.0091845801 0.0087336989 0.006590396 0.0058489851 0.0106398604 0.0104420899 0.0055059467 0.0061161678 0.0053828634 0.004064164 0.0093010207 0.0053381103 0.0046511142 0.0056750155 0.0073520503 0.0083565082 0.0089275108 0.006960818 0.0057554783 0.0078258512 0.0046417062 0.0064639859 0.0059822872 0.0088209076 0.0137594689 0.0067061613 0.0054216635 0.0057864948 0.0126391369 0.0013527052 0.0095699342 0.0071814886 0.0028220247 0.0084665479 0.0067906209 0.0040997866 0.0025010462 0.0068395522 0.0046352406 0.0061005275 0.0068255545 0.0141439443 0.0093354294 0.0041019472 0.0084809761 0.0096395861 0.0056622285 0.0065583511 0.0078951033 
15 0.0072241422 0.0097386188 0.0078054395 0.0085253744 0.0079373008 0.0084621918 0.0070050853 0.0083053639 0.0091541884 0.0089175081 0.0083520755 0.0076045425 0.0072591199 0.0092378148 0.0119901846 0.0031507658 0.007372065 0.0119866412 0.0057636866 0.0184429441 0.0061907896 0.0065572872 0.0108775572 0.0087244314 0.010685627 0.0038573369 0.0013236202 0.0119240314 0.0072229845 0.0066414603 0.0064578575 0.0176994049 0.010852492 0.0047592704 0.0072223798 0.0049117205 0.003876773 0.0078414991 0.0077225394 0.0033193919 0.0107881639 0.0054579078 0.0062798276 0.0061391625 0.011401322 0.0092953533 0.0052504757 0.008107884 0.009175252 0.0061952962 0.0060647092 0.0126841382 0.0064029939 0.0085689014 0.0035827155 0.0088873783 0.009300747 0.006190758 0.0073657772 0.0047081479 0.0164811658 0.0068423373 0.0095705185 0.0069103856 0.0057515521 0.0117900982 0.0103757624 0.0120559818 0.0051809255 0.0102037845 0.0054649866 0.0110451887 0.0118475337 0.0050170875 0.0073644036 0.0082451373 0.0046236087 0.0038078468 0.003727675 0.0091520519 0.0057574149 0.0064525248 0.0054947839 0.0065477136 0.0112252842 0.0066880707 0.0146462743 0.0112545582 0.0057391828 0.0074390446 0.006906056 0.00814832 0.0064538977 0.0045466175 0.0057410227 0.0054929205 0.0085403786 0.0056489415 0.0059055491 0.0068045786 0.0045433697 0.0052956585 0.0074571207 0.0073723407 0.0056471469 0.0105696258 0.0101785547 0.003040163 0.0042982512 0.014100449 0.0026791141 0.0033209117 0.0097767773 0.0150080013 0.0076540087 0.0110112042 0.0037482836 0.0133618859 0.0052154915 0.0075249149 0.0115515166 0.0060142248 0.0102578368 0.0105174908 0.00317741 0.0086016785 0.0067822763 0.0056527083 
16 0.0080963728 0.0072531551 0.0058305655 0.0085682029 0.0135106845 0.0080682425 0.0081092147 0.0100291936 0.0051202023 0.0098235679 0.008552706 0.0043172077 0.0053018516 0.0080968344 0.0031507658 0.0035345823 0.005370974 0.0049777448 0.0078448787 0.0102872864 0.0126649748 0.0031543924 0.0032063417 0.0087181096 0.0081687385 0.0057391115 0.0054650035 0.0071316704 0.0026147525 0.012820194 0.0101227539 0.0117721416 0.0074696585 0.0085655753 0.0089459897 0.0096975992 0.0061993112 0.0083145514 0.0094394269 0.0103964076 0.0045133301 0.0035349727 0.0086950332 0.012325048 0.0093560835 0.0088079752 0.0092731093 0.0083590962 0.0045653555 0.0074923836 0.0087138306 0.0081113945 0.0060134876 0.0091643961 0.0039739782 0.0033395827 0.0098322235 0.0103841412 0.0078390863 0.0035844227 0.0105141093 0.0091917805 0.0136212903 0.0051668181 0.0111949312 0.0079970044 0.0074292984 0.0101851591 0.0074992306 0.0045506469 0.0103970955 0.0130092326 0.0069353496 0.0080640079 0.0073617331 0.0046195991 0.0064774242 0.0101933904 0.0078078401 0.0104233852 0.0046112255 0.0066392811 0.0114525676 0.0056624004 0.0086754421 0.0098131966 0.0052803834 0.0127451118 0.0106375566 0.0084495219 0.0077113802 0.0047513786 0.0069924673 0.0069556353 0.0041013634 0.0071675668 0.0093872905 0.0096494684 0.0031916915 0.0082981198 0.0068950654 0.0050903988 0.0062879206 0.0113360179 0.0052327561 0.0111363102 0.0084458435 0.0050636829 0.0036956695 0.0102083697 0.0035135385 0.0075551115 0.0078498962 0.0101593546 0.0051455983 0.0050602554 0.0094598983 0.0124545764 0.0086435768 0.0087571225 0.007520242 0.0067626655 0.008418269 0.010793423 0.0125366913 0.0040911813 0.0086858615 0.0100584598 
17 0.0042270548 0.0060500714 0.003328846 0.0106977687 0.0033663272 0.0038008305 0.0051569502 0.0066720914 0.0045377215 0.0055794525 0.0073582226 0.0070924951 0.0114627685 0.0078059671 0.007372065 0.005370974 0.0006603872 0.0108930803 0.0035067804 0.0092550321 0.0112962989 0.0107416551 0.0103692834 0.0037327064 0.0065955255 0.013387615 0.0075666264 0.0104386737 0.0133567086 0.011030903 0.0098338986 0.0088005533 0.0067871634 0.0082938718 0.0056391828 0.0083058362 0.0127500388 0.0106246429 0.0084293336 0.0114272254 0.0060496615 0.0037141652 0.0053344133 0.0054584392 0.0107938824 0.0093298761 0.0040295898 0.0082581481 0.0071228476 0.0042249554 0.0077880491 0.0081050183 0.0043748372 0.0068864057 0.0079025168 0.0127266335 0.0069510043 0.0087970021 0.0076646408 0.006442123 0.0103176945 0.009240343 0.0080783562 0.0116708668 0.0128623401 0.0067671595 0.0067231556 0.0092391578 0.0086510923 0.0078874754 0.0075334657 0.0090900801 0.0105595462 0.0080814594 0.0055645641 0.0087505354 0.0103201291 0.0112714954 0.0087292764 0.0096250764 0.0104573254 0.0074138791 0.0114730312 0.0133628006 0.0061718358 0.0052489527 0.012779014 0.0106551973 0.0095816531 0.001569471 0.0094181827 0.0138298243 0.0107183686 0.012119328 0.0091985359 0.008872943 0.0048680526 0.0061936998 0.0078703006 0.005890383 0.0100275143 0.0101464644 0.0014448538 0.0049408478 0.0082213423 0.0069635073 0.0055157485 0.0063355922 0.0072909022 0.0075842077 0.0026432708 0.0051171688 0.0030582597 0.0060079203 0.0056363103 0.0052287977 0.010044423 0.0074134314 0.0037120686 0.0041464511 0.003341635 0.0122491302 0.0019278197 0.0103730143 0.0069358112 0.0101549622 0.0135638798 0.0057617783 
18 0.0077778272 0.0047141055 0.0054035417 0.0026682419 0.0082415188 0.0066827054 0.009690337 0.0053999988 0.0108178311 0.0122399592 0.0040088999 0.0071465359 0.0015562574 0.0082161511 0.0119866412 0.0049777448 0.0108930803 0.0069499033 0.0055615074 0.0040650863 0.0060655638 0.0062293622 0.0041439644 0.0065788528 0.004526158 0.0076883932 0.0065795551 0.0042765805 0.0105530087 0.0071584788 0.0060464653 0.0078294662 0.0071343978 0.004970787 0.0062758497 0.0033395791 0.0122599097 0.0100314162 0.005123514 0.0082620452 0.0100097876 0.0083174633 0.0081800123 0.0084102372 0.0089383387 0.0076526803 0.0064349323 0.0054901503 0.0050132492 0.0085154941 0.0076336845 0.0096038967 0.0065211231 0.0065011601 0.0107982181 0.0108971816 0.0131703259 0.0078026235 0.003754515 0.0061122236 0.0107859979 0.0087825851 0.0047802579 0.0057342796 0.0072347136 0.0115256226 0.0068421383 0.0095156945 0.0102365155 0.0061138673 0.0097218693 0.0078056175 0.0065761321 0.0076072362 0.006613313 0.0091222008 0.0074881924 0.0124874501 0.0095058078 0.0087946631 0.0022396435 0.0123149527 0.0068872197 0.0094521322 0.0121633327 0.0028159384 0.0145654976 0.0058583777 0.0061860404 0.0081040788 0.0066028855 0.0092669754 0.0099303511 0.0113121113 0.0137556399 0.0070962661 0.0080480289 0.0105970237 0.0081363183 0.0119761265 0.0048906159 0.0054578271 0.0063930101 0.0081503751 0.0083078394 0.0053312134 0.0117738791 0.0058592522 0.0111266826 0.0085197442 0.0142490371 0.0033145342 0.0049667869 0.0077758965 0.0044689489 0.0074178968 0.0068581605 0.0062019435 0.0092158269 0.0065438362 0.0120842701 0.0140602978 0.0063364902 0.0122849816 0.0076272882 0.0062283477 0.0049701698 0.0111732337 
19 0.0086285357 0.0066250634 0.0082679184 0.0137914615 0.0069392033 0.0145258085 0.0098925965 0.0072924158 0.0041804796 0.0074926284 0.0095431011 0.0076348689 0.0108619969 0.0073159264 0.0057636866 0.0078448787 0.0035067804 0.0055615074 0.0097994004 0.0071290977 0.0067661908 0.005599084 0.0068663084 0.0079670384 0.0061287969 0.0115786102 0.0041677975 0.0064580327 0.0052948943 0.0069787504 0.0075472693 0.0069955803 0.0107364845 0.0092357142 0.0092477298 0.0078874749 0.0072389545 0.0057404065 0.0096076932 0.0066510713 0.0072575204 0.0117239231 0.0127600549 0.0120878563 0.0124177275 0.0066671101 0.0063655011 0.0123012553 0.0063841895 0.0117508175 0.0131965104 0.0100063825 0.0072404533 0.0066268965 0.0071109038 0.0088716017 0.0066993135 0.0045284218 0.0112807895 0.007595682 0.0071846019 0.0064609234 0.00912309 0.0076710512 0.0068404665 0.0117225813 0.0112682052 0.0011903036 0.0086678795 0.0066685476 0.0050204375 0.0064057611 0.0068150824 0.0057560232 0.0064196358 0.011791673 0.0103336255 0.008710218 0.0060645151 0.0109980662 0.0135587202 0.0039361767 0.005843302 0.006632423 0.009593971 0.008716018 0.0064581725 0.0120327417 0.0057749476 0.0091974989 0.0039889716 0.0033354393 0.0077019589 0.0058116701 0.0012002168 0.0140868655 0.0055460853 0.0083674594 0.0020372268 0.0065235925 0.0106806656 0.0062300302 0.0053901363 0.0036205986 0.0090999187 0.0074251088 0.0053453935 0.0128759759 0.0108543614 0.0050083672 0.0131487358 0.0128361207 0.0075496723 0.0026184494 0.0076038727 0.0113599435 0.006941611 0.0076450835 0.0084831883 0.0016015492 0.0088802384 0.004389011 0.0067514389 0.0073347313 0.0068628682 0.0093616221 0.0061380121 0.0043430014 
20 0.0094318025 0.0083271687 0.006663832 0.0045917595 0.0027551244 0.011028723 0.008922468 0.004752875 0.005906594 0.0063730044 0.0033860407 0.0102082095 0.0108007364 0.0037315805 0.0184429441 0.0102872864 0.0092550321 0.0040650863 0.0071290977 0.0071334772 0.0051139946 0.0078999707 0.0066332249 0.0078482355 0.0105569066 0.0094390026 0.008337203 0.0104133583 0.0084073691 0.0078796596 0.0137034808 0.0016278497 0.0046125752 0.0089923011 0.0067355675 0.0137205269 0.0056857269 0.0052453123 0.0034864122 0.0088796736 0.0090827571 0.0044739902 0.006798141 0.007465338 0.008986051 0.0081110792 0.0049287512 0.0078636714 0.0075305862 0.0053933345 0.0096827001 0.0079890593 0.0044869518 0.0045874646 0.007814774 0.0083523836 0.0088632747 0.0105984902 0.0063246243 0.0068056508 0.0106816539 0.0086090549 0.0049381333 0.0099447548 0.0074078785 0.0070868742 0.0071192324 0.00779489 0.010324174 0.0099140718 0.0074771226 0.006934194 0.0126209959 0.0033332938 0.0084943426 0.0090467537 0.0062409646 0.0044557487 0.0060410235 0.0134042273 0.0029687219 0.0094991917 0.008935525 0.0015218467 0.0127759942 0.0067246228 0.0078664039 0.0135910711 0.0034529336 0.0072606768 0.0146266266 0.0058240924 0.0097668599 0.008198831 0.0085811794 0.007328943 0.003670787 0.0031694985 0.0130427218 0.0061121129 0.0126081229 0.0079379969 0.0091301127 0.0092089754 0.010144076 0.0040558696 0.0065929345 0.0044227632 0.0033098759 0.0067733192 0.0097762487 0.0106571066 0.0100418114 0.0090035651 0.0064396898 0.0068354508 0.0055656806 0.0132958049 0.0117625195 0.0122594128 0.0026302579 0.0065918103 0.005887251 0.0085550158 0.0071160207 0.0127430601 0.0099239946 0.0053929619 
21 0.0082684908 0.0100841846 0.0047203241 0.0026088352 0.0158176226 0.0110576334 0.0115862054 0.0090515012 0.0059409266 0.0048863981 0.0066469786 0.0022536496 0.0057891067 0.0070127045 0.0061907896 0.0126649748 0.0112962989 0.0060655638 0.0067661908 0.0051139946 0.003861886 0.0028046706 0.0048005593 0.0166358516 0.0066204851 0.0069360782 0.0101191269 0.007172022 0.006934073 0.0024925115 0.0085080542 0.0068485717 0.0072366163 0.0106096129 0.0078049507 0.0078263001 0.008337567 0.0085733561 0.0078769431 0.0040882218 0.0050280712 0.0103091543 0.0087749903 0.0096525249 0.010528379 0.0094745758 0.0022272558 0.0078057298 0.0056027894 0.0110624199 0.0053580049 0.0080286083 0.0076378323 0.0055296507 0.0073916338 0.0061889357 0.0118433367 0.0154092461 0.0035852139 0.0120242938 0.0054755586 0.013925609 0.0040344203 0.0041427209 0.0022421068 0.0038591441 0.0088226149 0.0068511847 0.0034167024 0.0110252545 0.0068599516 0.0049654059 0.0117545297 0.0032682421 0.0028898629 0.013882812 0.0115919437 0.0071732141 0.0112526614 0.0062458474 0.0062900361 0.0051677374 0.0077578451 0.0094338226 0.0093473562 0.0085351785 0.0064852056 0.0101607493 0.0073546703 0.0105051966 0.0086180735 0.0084157489 0.0097487971 0.0122194247 0.0104768111 0.0055546508 0.0086771337 0.0038657287 0.005151402 0.0097313099 0.0060355646 0.0127781197 0.0124526617 0.0104206538 0.0056164272 0.0057887964 0.0134211936 0.0061419245 0.0099590319 0.0053624447 0.0054587382 0.0126918249 0.0077339741 0.0021922668 0.0119207488 0.0162587905 0.0105409271 0.0092096451 0.0065551145 0.0060859015 0.0050972172 0.0079736982 0.0057850303 0.0072856908 0.0055831703 0.007527324 0.008316175 0.0052578009 
22 0.0129125409 0.0065675534 0.0048195737 0.0125106787 0.0095010083 0.0094002191 0.0108910736 0.0084126228 0.0149042265 0.0038952852 0.0069211568 0.0092105696 0.0055131793 0.0108037707 0.0065572872 0.0031543924 0.0107416551 0.0062293622 0.005599084 0.0078999707 0.0028046706 0.0054983612 0.0058154955 0.0063968149 0.0042178186 0.0052076149 0.0049837915 0.0100210989 0.0038040768 0.0090127369 0.0022594163 0.0088357343 0.0099893334 0.0038341095 0.0032634717 0.010942919 0.0064767683 0.0086959515 0.0020792085 0.0053033544 0.0056368224 0.0057667661 0.0082830172 0.0084681305 0.008164503 0.0115493292 0.00352092 0.0077610636 0.0078722359 0.0126767494 0.0089323869 0.0065222854 0.0054019721 0.0078340092 0.0146430967 0.0069458362 0.008744688 0.0078870233 0.007155653 0.0112359471 0.0074442353 0.012368909 0.0070860352 0.0034026769 0.009234299 0.005406594 0.010210493 0.0085051121 0.0065490346 0.0075857904 0.0088878874 0.0104748068 0.0039720185 0.012601816 0.0100691135 0.0091194912 0.010442274 0.0085421006 0.0104071287 0.0048871304 0.0080817039 0.0112422882 0.0076096754 0.0065310154 0.0115148697 0.009087946 0.0052292998 0.0062155243 0.0066908267 0.009989294 0.0062700462 0.0035408243 0.0075692575 0.0131736375 0.0109020917 0.0061810829 0.0079943266 0.003548909 0.0051563706 0.0139238228 0.0119850944 0.0097694092 0.0064899235 0.0040645643 0.0072756742 0.0114855177 0.0069184998 0.0060821214 0.0114931536 0.0052285381 0.0059409798 0.0094121745 0.0097412296 0.0093059258 0.003525738 0.0157352564 0.0029588044 0.006042 0.0067089 0.0028753943 0.0052142968 0.0118192854 0.0056258045 0.0065336648 0.0123355866 0.0097146618 0.006938813 0.0102388367 
23 0.0055443878 0.0058775012 0.0047376754 0.0065527358 0.0080530399 0.0088489922 0.0053242599 0.0083007958 0.0066467999 0.0123619301 0.0064179612 0.0064622608 0.009054518 0.0044949782 0.0108775572 0.0032063417 0.0103692834 0.0041439644 0.0068663084 0.0066332249 0.0048005593 0.0058154955 0.0063624017 0.00830478 0.0062555078 0.010146564 0.0106719304 0.0070357524 0.004140949 0.0111840668 0.0103346226 0.0055304708 0.0108663166 0.0085046005 0.009744259 0.0072897808 0.0108365148 0.0083647765 0.0069652246 0.0088430396 0.0062263846 0.0110021339 0.0157138502 0.0069204415 0.0079811844 0.0064467485 0.0047710562 0.0032173467 0.0026564859 0.0073650454 0.0072016762 0.0083005839 0.0057434123 0.0030454547 0.0066260347 0.0150213948 0.0056551936 0.0050511425 0.0085730091 0.0077084798 0.0070411748 0.0066008643 0.0091331334 0.0080619629 0.0107134087 0.0112300471 0.0111391247 0.01000006 0.0080999699 0.0083549969 0.0058997694 0.0045175937 0.0048649433 0.0062236009 0.007800302 0.0020158451 0.0159747516 0.0096392987 0.0100710781 0.0060570577 0.0107125792 0.0072930138 0.0085615704 0.01180989 0.0061349061 0.0097567495 0.0044691747 0.0095490958 0.0052299648 0.0071629311 0.0051085689 0.0104555816 0.0041979003 0.0098452868 0.0017146698 0.0083328189 0.0116395101 0.0116854339 0.0108728616 0.0039870648 0.0111861518 0.0085325102 0.0061200416 0.0062719038 0.0107864898 0.0067258829 0.0072676869 0.0070896513 0.0053800036 0.0078569259 0.0062196489 0.0075225408 0.0098676955 0.0122698949 0.0103017393 0.0109609318 0.0075143724 0.0084614306 0.0063415437 0.0126942429 0.0039505139 0.0043920236 0.0052801298 0.0077400126 0.0105062146 0.011187736 0.0091088752 0.0085054631 
24 0.00650325 0.0093089041 0.0124760312 0.0092056395 0.0094337401 0.0061948158 0.0080654236 0.0105540672 0.0070417901 0.0092555043 0.0073640372 0.0100294997 0.0083189235 0.0093818746 0.0087244314 0.0087181096 0.0037327064 0.0065788528 0.0079670384 0.0078482355 0.0166358516 0.0063968149 0.00830478 0.0037260031 0.0062351952 0.0049850739 0.0074101675 0.008587691 0.0051947611 0.0089579391 0.0032084994 0.0105139675 0.0074590817 0.0162478466 0.0087967912 0.0049217236 0.006849137 0.0054685391 0.0058286447 0.0112632163 0.0169184736 0.0067001937 0.0153581239 0.0023185916 0.0056142241 0.0050202988 0.0049951229 0.0058829599 0.0039603831 0.0048896848 0.004623076 0.0090884519 0.0102570984 0.0109073571 0.0041392114 0.0047646801 0.0055587414 0.007293458 0.0070135133 0.0086283145 0.0089792178 0.0063286115 0.0100236931 0.0073818852 0.007454672 0.0120948283 0.006816812 0.0033314497 0.0061526129 0.0044559406 0.0112576243 0.0051804775 0.0049616283 0.0068711705 0.0109002535 0.0073087416 0.0059402601 0.0082521144 0.0083315778 0.0067045487 0.0037675011 0.0056278079 0.0051120858 0.0080418562 0.0097281755 0.0095810343 0.0049628209 0.0022700153 0.0042646491 0.0071079968 0.0078864523 0.0082974181 0.0044684692 0.010092872 0.0058332869 0.0049914976 0.007182839 0.0062201815 0.007334696 0.0135360047 0.0070504521 0.008104846 0.0132143252 0.010168981 0.0120379429 0.0096332774 0.0174909315 0.0129278379 0.0059597496 0.0046390024 0.0046486695 0.0094677123 0.0172045579 0.0076938288 0.0034213129 0.0047968542 0.0113327358 0.008171434 0.0050510899 0.0106280899 0.0120775954 0.0039069139 0.0054551264 0.0060951461 0.0078603428 0.0086777767 0.0091660974 0.0104550321 
