50
1 0.0 0.0237494687 0.0263044375 0.0132427185 0.0152063399 0.0309063905 0.0238186514 0.035635888 0.0147233962 0.0380705612 0.0304741167 0.0170473756 0.0195377157 0.0142381567 0.0204918466 0.0279936906 0.014375038 0.0216462094 0.0173313051 0.0146984962 0.0146367187 0.0221389666 0.0328060466 0.0106596587 0.0236432897 0.0165713201 0.0234182421 0.0177582852 0.021311104 0.0243921336 0.0084679826 0.0183747021 0.0146221573 0.0144879963 0.0174245025 0.0311642402 0.0061081962 0.0405300514 0.0253601719 0.0181478527 0.0056069807 0.009646165 0.0093680781 0.0192118517 0.0333972959 0.0235426674 0.0278043559 0.0152032419 0.0119943095 0.0227096329
2 0.0237494687 0.0 0.0278903647 0.0315007107 0.032717066 0.041549911 0.0211079992 0.0200487343 0.0162882913 0.0311970984 0.0224147651 0.0044363838 0.0144643223 0.0241956868 0.0170567867 0.0133132267 0.0191983973 0.025444948 0.012638597 0.0174446583 0.0182905259 0.020206211 0.019843188 0.0185782774 0.0282915606 0.0173667926 0.0158485599 0.0120881128 0.0210847115 0.0194442136 0.0217527503 0.0283889505 0.0098548579 0.0128022988 0.0097070083 0.0187701274 0.0258627341 0.0161489006 0.022566745 0.017709799 0.0243563658 0.0236740997 0.0305591135 0.0206252789 0.020675089 0.0129178208 0.0185899775 0.0347546709 0.0130260575 0.0095577847
3 0.0263044375 0.0278903647 0.0 0.0244674167 0.008529712 0.0245383653 0.0090300746 0.0293624778 0.0139145706 0.0070940199 0.0118903598 0.0326348963 0.0215220895 0.0074773704 0.0218185831 0.0115416899 0.0352883143 0.0333689181 0.0255360606 0.0172448348 0.0209603909 0.0280183009 0.0237429074 0.0214071548 0.0094796251 0.0040121929 0.0056946352 0.022869372 0.0092302629 0.0220189451 0.0335560946 0.0083814567 0.0232365602 0.0117110059 0.0286232816 0.0108043903 0.036212334 0.0259509356 0.0254342908 0.0279654811 0.0159689792 0.0293220207 0.0246026964 0.0157869986 0.0171351164 0.0321362372 0.0185049878 0.0189111037 0.0167900272 0.0220776586
4 0.0132427185 0.0315007107 0.0244674167 0.0 0.0267733437 0.0181657506 0.0104691586 0.0283276598 0.0213587947 0.0066864449 0.0332693083 0.0270538532 0.018715311 0.0175197094 0.0071845649 0.0123378226 0.0125925012 0.0054941537 0.0077924281 0.0233497614 0.0255601076 0.0149640539 0.0234060643 0.0142710146 0.028480392 0.0169050926 0.0305952888 0.0222038582 0.0320955559 0.0227978012 0.0094686956 0.033589961 0.0275029355 0.0179633984 0.0195611406 0.0143805742 0.0225927831 0.0259706936 0.0285248509 0.023550052 0.0307077345 0.0228423829 0.0057202297 0.0273968693 0.030139291 0.0190238526 0.0132111596 0.0128426044 0.0222716458 0.015158504
5 0.0152063399 0.032717066 0.008529712 0.0267733437 0.0 0.0335298888 0.0148789636 0.0196216729 0.013926451 0.0068091094 0.0153903263 0.0143844023 0.0233434286 0.0196009431 0.0116069716 0.0230567 0.0227302532 0.025050783 0.0141424817 0.0347424552 0.011245962 0.0201532068 0.0270315707 0.0292737785 0.0305840277 0.0126007657 0.0243599732 0.0287801411 0.0212912151 0.0198262548 0.0226763636 0.0350369908 0.0115537949 0.0071547221 0.0196953907 0.0273728294 0.0201705197 0.0226762982 0.0079536214 0.0197978575 0.019646715 0.0233145177 0.0095482538 0.0158643687 0.0076696792 0.0240496871 0.0341541419 0.0224304577 0.0262819702 0.0217636326
6 0.0309063905 0.041549911 0.0245383653 0.0181657506 0.0335298888 0.0 0.0099705327 0.0198001965 0.0168287519 0.0249679444 0.0106133758 0.0181382641 0.0216812046 0.0183253422 0.0343256641 0.0152826591 0.0156186907 0.0247766125 0.0241106833 0.0294368735 0.0228871 0.0205172044 0.008986709 0.0207457802 0.008416682 0.019310955 0.0215194672 0.0198612645 0.0140431135 0.010701561 0.0237674347 0.0097221666 0.0274007367 0.0180300227 0.0105210979 0.0227727623 0.007255709 0.0102904403 0.0272634583 0.0310355411 0.040290734 0.0220934731 0.0139524252 0.0230244779 0.019272164 0.0260091871 0.0170838308 0.0097516803 0.0210567744 0.0198489452
7 0.0238186514 0.0211079992 0.0090300746 0.0104691586 0.0148789636 0.0099705327 0.0 0.0165443437 0.027914158 0.0158922248 0.0148024226 0.0206395166 0.0163601845 0.0280293973 0.0172649902 0.035770157 0.013610903 0.0263872019 0.0282796634 0.0340169888 0.0043556488 0.017869451 0.0163504723 0.0177800225 0.0273360147 0.0146259788 0.0227346344 0.0295692563 0.0143774736 0.0274093316 0.0236120289 0.0172531284 0.0290952372 0.0179569237 0.0144954824 0.0217582941 0.0167298302 0.0140548956 0.0165744888 0.0311745647 0.0357390006 0.0255971644 0.0219496338 0.0126550001 0.0164448862 0.021265132 0.0244513844 0.0288903891 0.0180472875 0.0150594319
8 0.035635888 0.0200487343 0.0293624778 0.0283276598 0.0196216729 0.0198001965 0.0165443437 0.0 0.0329379178 0.0125470896 0.0162705741 0.0098625893 0.0262503564 0.0261003886 0.0273684719 0.0330704238 0.0056134336 0.0178943385 0.0299850541 0.0333370223 0.0243178127 0.0260811362 0.0108221354 0.0356472098 0.0324098355 0.0262370055 0.021003481 0.0065467562 0.0132994226 0.0196636414 0.0112369015 0.0251554058 0.0230754341 0.0179093664 0.0196534207 0.0084454413 0.0217860359 0.009741068 0.026257575 0.0182126633 0.0312890019 0.009524906 0.0155130169 0.0159846585 0.0035026611 0.0174815209 0.0151375697 0.0179196158 0.0228773839 0.0126892841
9 0.0147233962 0.0162882913 0.0139145706 0.0213587947 0.013926451 0.0168287519 0.027914158 0.0329379178 0.0 0.0246879015 0.0205476452 0.0215966084 0.0261485419 0.0172727459 0.0076830697 0.0135532701 0.0172641454 0.0195013696 0.0104861212 0.0083765789 0.0110092686 0.0192594174 0.013254165 0.01267972 0.0159230429 0.0287036752 0.0313389567 0.0266500247 0.0249815063 0.0235331411 0.0208665191 0.0289494548 0.0316779007 0.0236629855 0.0216830185 0.026029766 0.0203058299 0.0288112101 0.0257662545 0.0053743196 0.0204962017 0.012813407 0.0245348713 0.0239473272 0.0181199213 0.0181138932 0.02701922 0.0261412136 0.0125717232 0.0307717157
10 0.0380705612 0.0311970984 0.0070940199 0.0066864449 0.0068091094 0.0249679444 0.0158922248 0.0125470896 0.0246879015 0.0 0.0270748183 0.0230588818 0.0105194779 0.0372806591 0.0258458479 0.0021842828 0.0302004641 0.0087959105 0.0026975465 0.0082405769 0.0224142272 0.012497906 0.0256619179 0.0078277064 0.0133496237 0.0373835711 0.0406519966 0.0135730661 0.0017906301 0.0256891023 0.0318305803 0.0291240495 0.0169479668 0.0207914988 0.0204216881 0.0305898708 0.0171487782 0.0229919421 0.0122981176 0.0397779259 0.0173090989 0.0198585772 0.0211665221 0.0071885484 0.015570433 0.0175038255 0.0401980282 0.0297731514 0.02369649 0.0211222998
11 0.0304741167 0.0224147651 0.0118903598 0.0332693083 0.0153903263 0.0106133758 0.0148024226 0.0162705741 0.0205476452 0.0270748183 0.0 0.0184238553 0.0139100835 0.0232436537 0.0220760298 0.0113778537 0.0172458023 0.0088592519 0.0171124068 0.0226613169 0.0172059468 0.0199340947 0.0248831575 0.0156208444 0.0300977405 0.0229347762 0.0162315895 0.0223983985 0.0206001708 0.0278271188 0.0280439182 0.0298531866 0.0177756892 0.0056134169 0.031890176 0.0093794588 0.0185721523 0.0126695345 0.0278856712 0.0178025691 0.0073816745 0.0261909422 0.0194918993 0.0239480359 0.0288359565 0.0192522817 0.025816872 0.0356652571 0.0271161055 0.0114233986
12 0.0170473756 0.0044363838 0.0326348963 0.0270538532 0.0143844023 0.0181382641 0.0206395166 0.0098625893 0.0215966084 0.0230588818 0.0184238553 0.0 0.0137058701 0.0173795978 0.0290010899 0.0170834464 0.0180594256 0.0219349832 0.014014799 0.0095658222 0.0264461232 0.0167888337 0.0203462743 0.0288785938 0.0235088621 0.0271013844 0.0271416441 0.0146323433 0.0174317574 0.0155607443 0.01954567 0.0191128193 0.0195733167 0.0225332527 0.0209470666 0.0157334572 0.024167059 0.0306658314 0.0352134804 0.0182794346 0.0200791194 0.0158231005 0.0209246437 0.0301278627 0.0235007499 0.0054730087 0.0260701538 0.0133622603 0.0185367524 0.0344727392
13 0.0195377157 0.0144643223 0.0215220895 0.018715311 0.0233434286 0.0216812046 0.0163601845 0.0262503564 0.0261485419 0.0105194779 0.0139100835 0.0137058701 0.0 0.0237865723 0.0167493019 0.0178344198 0.0178194915 0.0291142055 0.019390368 0.0223291422 0.0281431206 0.0219790897 0.0182410051 0.0192536499 0.0326183654 0.0109604059 0.0175914589 0.0189423054 0.0047382615 0.0191693983 0.0112001753 0.0190305308 0.027359989 0.0204508039 0.0335285765 0.0246377637 0.0209148376 0.028972499 0.023089178 0.0325649312 0.0102719468 0.02009778 0.0195885453 0.0328386209 0.02109721 0.0022631547 0.012762788 0.0256722725 0.0199362565 0.0289029922
14 0.0142381567 0.0241956868 0.0074773704 0.0175197094 0.0196009431 0.0183253422 0.0280293973 0.0261003886 0.0172727459 0.0372806591 0.0232436537 0.0173795978 0.0237865723 0.0 0.024323974 0.0310257694 0.019252781 0.0135598088 0.0305936144 0.0332621505 0.0144706616 0.0031702855 0.0202019623 0.0248879416 0.0164205375 0.0301442711 0.0284562948 0.0064078111 0.0286383972 0.0278652464 0.0130017919 0.0204027613 0.0144044449 0.0218831455 0.0063578054 0.0069863749 0.0269852312 0.0195475936 0.021853421 0.0183605627 0.0306669684 0.0200869408 0.0156248121 0.0103876994 0.0177869787 0.0262885676 0.0136258652 0.0051223027 0.0309195236 0.0325754782
15 0.0204918466 0.0170567867 0.0218185831 0.0071845649 0.0116069716 0.0343256641 0.0172649902 0.0273684719 0.0076830697 0.0258458479 0.0220760298 0.0290010899 0.0167493019 0.024323974 0.0 0.0274213247 0.0183713163 0.0236427973 0.0163357679 0.0117220066 0.0325296105 0.0117339396 0.0215085988 0.0168264927 0.0021129705 0.0200988143 0.0219862169 0.0236839462 0.0220494669 0.0195624116 0.0227535364 0.0292094689 0.0221580104 0.0149732748 0.0175976175 0.0187772203 0.01459324 0.0339282295 0.0160126058 0.0092475675 0.0230570223 0.0171052458 0.0260230878 0.0151763582 0.031468615 0.024863594 0.0274580367 0.0255871212 0.0253346111 0.0122926638
16 0.0279936906 0.0133132267 0.0115416899 0.0123378226 0.0230567 0.0152826591 0.035770157 0.0330704238 0.0135532701 0.0021842828 0.0113778537 0.0170834464 0.0178344198 0.0310257694 0.0274213247 0.0 0.0220513874 0.0159412124 0.032020474 0.0282891235 0.0261710711 0.0167120308 0.0165924296 0.0178143666 0.0096777955 0.0161606469 0.0191159188 0.03091071 0.0166170633 0.0320654859 0.0076700473 0.0186585639 0.0168886842 0.0285737573 0.0136267986 0.0205947575 0.0282133968 0.0099434462 0.0231865341 0.0357096018 0.0289626891 0.004975956 0.0275964652 0.0258598626 0.0189648303 0.0106076891 0.0285130201 0.0181274669 0.0168704433 0.0234695366
17 0.014375038 0.0191983973 0.0352883143 0.0125925012 0.0227302532 0.0156186907 0.013610903 0.0056134336 0.0172641454 0.0302004641 0.0172458023 0.0180594256 0.0178194915 0.019252781 0.0183713163 0.0220513874 0.0 0.0198195089 0.0219307084 0.0075152376 0.0141210637 0.029084982 0.007614079 0.021581337 0.0194401778 0.0280210967 0.0247975523 0.0270096842 0.0262391299 0.0175917132 0.0230788076 0.0196075809 0.0191784438 0.0326236409 0.0174630032 0.0160186578 0.0339706137 0.0272159882 0.0211084518 0.0303153196 0.0268694099 0.0053720851 0.0151280768 0.015763909 0.0181662955 0.0151746347 0.0237534291 0.0271329246 0.0282165244 0.0197835881
18 0.0216462094 0.025444948 0.0333689181 0.0054941537 0.025050783 0.0247766125 0.0263872019 0.0178943385 0.0195013696 0.0087959105 0.0088592519 0.0219349832 0.0291142055 0.0135598088 0.0236427973 0.0159412124 0.0198195089 0.0 0.0301111732 0.010575514 0.0182003529 0.0242416631 0.0216847521 0.0258346107 0.002356564 0.0386523677 0.0160798896 0.0067828096 0.0140279508 0.0104344991 0.0119967312 0.0139250631 0.0142238401 0.0225938139 0.0224682262 0.0273147371 0.0187906831 0.0233734339 0.0240632745 0.0219872707 0.0237003902 0.0198898774 0.0142040683 0.0176076561 0.0276240709 0.0283193787 0.030825481 0.0208311018 0.0197601525 0.0362863893
19 0.0173313051 0.012638597 0.0255360606 0.0077924281 0.0141424817 0.0241106833 0.0282796634 0.0299850541 0.0104861212 0.0026975465 0.0171124068 0.014014799 0.019390368 0.0305936144 0.0163357679 0.032020474 0.0219307084 0.0301111732 0.0 0.0241463248 0.0300478335 0.0226668091 0.0194059143 0.0204864883 0.0272099615 0.0124851794 0.0163898194 0.0158279518 0.0182937394 0.0171136344 0.0279270563 0.0220814176 0.016066945 0.0118592421 0.0179648277 0.0252897061 0.0300414257 0.0190311959 0.0104280042 0.021955271 0.0297125966 0.0294219069 0.0203533009 0.005460129 0.0209246742 0.0218771458 0.0261089342 0.0264505547 0.0187852866 0.019677471
20 0.0146984962 0.0174446583 0.0172448348 0.0233497614 0.0347424552 0.0294368735 0.0340169888 0.0333370223 0.0083765789 0.0082405769 0.0226613169 0.0095658222 0.0223291422 0.0332621505 0.0117220066 0.0282891235 0.0075152376 0.010575514 0.0241463248 0.0 0.0235388194 0.0329530194 0.0214455565 0.0316592586 0.020685155 0.0117091248 0.0118607153 0.0067256573 0.0091269744 0.0161915937 0.0125830158 0.0341445289 0.0163092487 0.0053583619 0.0301321253 0.0261274167 0.0243604442 0.022088784 0.0161479707 0.0366343341 0.0152943863 0.0308056061 0.0133580981 0.0120817435 0.0352893942 0.0172428973 0.0115961594 0.024167054 0.0213703964 0.018057275
21 0.0146367187 0.0182905259 0.0209603909 0.0255601076 0.011245962 0.0228871 0.0043556488 0.0243178127 0.0110092686 0.0224142272 0.0172059468 0.0264461232 0.0281431206 0.0144706616 0.0325296105 0.0261710711 0.0141210637 0.0182003529 0.0300478335 0.0235388194 0.0 0.0068952151 0.0327640865 0.0239922884 0.0177430953 0.0068021295 0.026592955 0.0244608228 0.0230616478 0.0199801245 0.0269898769 0.0078970139 0.0305596215 0.0259416176 0.0079772402 0.0128438633 0.0216304351 0.0148047565 0.0204990365 0.0332067176 0.0362885535 0.0156930573 0.019400718 0.0106944534 0.017174788 0.0289396688 0.018775446 0.0203241282 0.0191719213 0.0223423558
22 0.0221389666 0.020206211 0.0280183009 0.0149640539 0.0201532068 0.0205172044 0.017869451 0.0260811362 0.0192594174 0.012497906 0.0199340947 0.0167888337 0.0219790897 0.0031702855 0.0117339396 0.0167120308 0.029084982 0.0242416631 0.0226668091 0.0329530194 0.0068952151 0.0 0.0287993159 0.0239866109 0.0216868965 0.019933944 0.036094432 0.0141742776 0.0114477219 0.022075644 0.0172571523 0.0083857072 0.027876116 0.0188376224 0.0215050553 0.0133743466 0.0289731456 0.0277526603 0.0070016664 0.028726235 0.02442661 0.0173942684 0.0047503955 0.0161705276 0.0117951484 0.0357112957 0.0173697114 0.0259532339 0.0241586767 0.0365157655
23 0.0328060466 0.019843188 0.0237429074 0.0234060643 0.0270315707 0.008986709 0.0163504723 0.0108221354 0.013254165 0.0256619179 0.0248831575 0.0203462743 0.0182410051 0.0202019623 0.0215085988 0.0165924296 0.007614079 0.0216847521 0.0194059143 0.0214455565 0.0327640865 0.0287993159 0.0 0.0322657734 0.0301319468 0.0177826736 0.0193966562 0.0309550187 0.0314151912 0.0300696513 0.0317506538 0.0284499174 0.0117743557 0.0272738117 0.0079691782 0.0270927903 0.0165364473 0.0167812713 0.0151831639 0.0148397106 0.0038061294 0.0087180298 0.0231846742 0.0205515299 0.0247774845 0.0194823086 0.0073326952 0.0119813414 0.0258795813 0.0092257059
24 0.0106596587 0.0185782774 0.0214071548 0.0142710146 0.0292737785 0.0207457802 0.0177800225 0.0356472098 0.01267972 0.0078277064 0.0156208444 0.0288785938 0.0192536499 0.0248879416 0.0168264927 0.0178143666 0.021581337 0.0258346107 0.0204864883 0.0316592586 0.0239922884 0.0239866109 0.0322657734 0.0 0.0115506288 0.0266778837 0.0079864427 0.0236412758 0.0224185882 0.0055590433 0.0208932252 0.0117177043 0.0084797508 0.0139039097 0.0229501124 0.022180744 0.0102428646 0.0156682348 0.0334796816 0.0089703614 0.0114560216 0.0262255187 0.0306252431 0.0194052081 0.0276006164 0.0274494831 0.0194463905 0.0283653408 0.0303662005 0.0207809464
25 0.0236432897 0.0282915606 0.0094796251 0.028480392 0.0305840277 0.008416682 0.0273360147 0.0324098355 0.0159230429 0.0133496237 0.0300977405 0.0235088621 0.0326183654 0.0164205375 0.0021129705 0.0096777955 0.0194401778 0.002356564 0.0272099615 0.020685155 0.0177430953 0.0216868965 0.0301319468 0.0115506288 0.0 0.0268250042 0.0309486143 0.0475467076 0.0271613113 0.0282298217 0.0111861293 0.0065569939 0.0363430073 0.0312261975 0.0010895826 0.0189619427 0.0187540266 0.0061795252 0.0212613144 0.0177260711 0.0289383553 0.0169725517 0.016051298 0.0157026525 0.0135605328 0.0187702053 0.0071312342 0.0186108563 0.0245556824 0.0265555906
26 0.0165713201 0.0173667926 0.0040121929 0.0169050926 0.0126007657 0.019310955 0.0146259788 0.0262370055 0.0287036752 0.0373835711 0.0229347762 0.0271013844 0.0109604059 0.0301442711 0.0200988143 0.0161606469 0.0280210967 0.0386523677 0.0124851794 0.0117091248 0.0068021295 0.019933944 0.0177826736 0.0266778837 0.0268250042 0.0 0.015980833 0.0249247577 0.0145240501 0.0132473232 0.0228000622 0.0244880061 0.0112696448 0.0365452142 0.0268542659 0.0392775681 0.0269594569 0.0053081433 0.006938492 0.014425522 0.0170050058 0.0345637565 0.0238121943 0.0132975966 0.0227592551 0.0332106497 0.0152261401 0.0184651068 0.0140259636 0.0140839404
27 0.0234182421 0.0158485599 0.0056946352 0.0305952888 0.0243599732 0.0215194672 0.0227346344 0.021003481 0.0313389567 0.0406519966 0.0162315895 0.0271416441 0.0175914589 0.0284562948 0.0219862169 0.0191159188 0.0247975523 0.0160798896 0.0163898194 0.0118607153 0.026592955 0.036094432 0.0193966562 0.0079864427 0.0309486143 0.015980833 0.0 0.022802979 0.017176244 0.0214801952 0.0244097993 0.0153341608 0.0241040529 0.0142007708 0.0147086334 0.0284479039 0.0257694422 0.0120123441 0.0169687789 0.0204046919 0.0105132891 0.0308613712 0.0093091998 0.0163424146 0.015595098 0.0181521795 0.0064587157 0.0229927107 0.0213736189 0.016765138
28 0.0177582852 0.0120881128 0.022869372 0.0222038582 0.0287801411 0.0198612645 0.0295692563 0.0065467562 0.0266500247 0.0135730661 0.0223983985 0.0146323433 0.0189423054 0.0064078111 0.0236839462 0.03091071 0.0270096842 0.0067828096 0.0158279518 0.0067256573 0.0244608228 0.0141742776 0.0309550187 0.0236412758 0.0475467076 0.0249247577 0.022802979 0.0 0.0104658841 0.025619578 0.0135161786 0.0109550421 0.0184029049 0.0424332201 0.0414697972 0.0255957698 0.0173619162 0.0072074748 0.0254999973 0.0172942794 0.0163959907 0.0239808666 0.0071194071 0.0251598056 0.0127080077 0.0138060975 0.0218343714 0.0116745875 0.0136996555 0.0360715739
29 0.021311104 0.0210847115 0.0092302629 0.0320955559 0.0212912151 0.0140431135 0.0143774736 0.0132994226 0.0249815063 0.0017906301 0.0206001708 0.0174317574 0.0047382615 0.0286383972 0.0220494669 0.0166170633 0.0262391299 0.0140279508 0.0182937394 0.0091269744 0.0230616478 0.0114477219 0.0314151912 0.0224185882 0.0271613113 0.0145240501 0.017176244 0.0104658841 0.0 0.0305177122 0.0250671782 0.0254581443 0.0116491489 0.0267091424 0.024609818 0.0174952061 0.0279030653 0.0213925925 0.0191252078 0.0275157734 0.0127473394 0.0185740725 0.0350919227 0.0279789987 0.025244402 0.0044692304 0.0200264098 0.0333364657 0.0317666166 0.0243830074
30 0.0243921336 0.0194442136 0.0220189451 0.0227978012 0.0198262548 0.010701561 0.0274093316 0.0196636414 0.0235331411 0.0256891023 0.0278271188 0.0155607443 0.0191693983 0.0278652464 0.0195624116 0.0320654859 0.0175917132 0.0104344991 0.0171136344 0.0161915937 0.0199801245 0.022075644 0.0300696513 0.0055590433 0.0282298217 0.0132473232 0.0214801952 0.025619578 0.0305177122 0.0 0.0135109804 0.0299249217 0.0230008611 0.0152497719 0.0276368614 0.0207045636 0.0218638089 0.02216074 0.0134298657 0.0168274882 0.0263592504 0.0225513041 0.0209890516 0.02106568 0.0174902152 0.0107514818 0.0117809689 0.0262295692 0.0037533243 0.0190822267
31 0.0084679826 0.0217527503 0.0335560946 0.0094686956 0.0226763636 0.0237674347 0.0236120289 0.0112369015 0.0208665191 0.0318305803 0.0280439182 0.01954567 0.0112001753 0.0130017919 0.0227535364 0.0076700473 0.0230788076 0.0119967312 0.0279270563 0.0125830158 0.0269898769 0.0172571523 0.0317506538 0.0208932252 0.0111861293 0.0228000622 0.0244097993 0.0135161786 0.0250671782 0.0135109804 0.0 0.0212928959 0.0219235138 0.0252863253 0.0209959548 0.0202635399 0.0128320081 0.0181563443 0.021735687 0.0307567662 0.0322237767 0.0320837272 0.0248142996 0.0234823431 0.0199957838 0.0165080402 0.0076399854 0.0269628298 0.0242318358 0.0063970057
32 0.0183747021 0.0283889505 0.0083814567 0.033589961 0.0350369908 0.0097221666 0.0172531284 0.0251554058 0.0289494548 0.0291240495 0.0298531866 0.0191128193 0.0190305308 0.0204027613 0.0292094689 0.0186585639 0.0196075809 0.0139250631 0.0220814176 0.0341445289 0.0078970139 0.0083857072 0.0284499174 0.0117177043 0.0065569939 0.0244880061 0.0153341608 0.0109550421 0.0254581443 0.0299249217 0.0212928959 0.0 0.0255009453 0.0271683817 0.0334411174 0.0332873071 0.0103319316 0.012402847 0.0212766584 0.0212864939 0.0208760363 0.0094039204 0.0241359821 0.0060257273 0.0233883139 0.0073609319 0.007988828 0.0171505299 0.0269083287 0.021603024
33 0.0146221573 0.0098548579 0.0232365602 0.0275029355 0.0115537949 0.0274007367 0.0290952372 0.0230754341 0.0316779007 0.0169479668 0.0177756892 0.0195733167 0.027359989 0.0144044449 0.0221580104 0.0168886842 0.0191784438 0.0142238401 0.016066945 0.0163092487 0.0305596215 0.027876116 0.0117743557 0.0084797508 0.0363430073 0.0112696448 0.0241040529 0.0184029049 0.0116491489 0.0230008611 0.0219235138 0.0255009453 0.0 0.0124706365 0.0112124167 0.0177078594 0.0305582629 0.0185473708 0.0189898249 0.0151162943 0.0231795795 0.0264820038 0.0216158744 0.0344419245 0.0042364353 0.0285142771 0.0172874095 0.0294462876 0.0157948967 0.0246085298
34 0.0144879963 0.0128022988 0.0117110059 0.0179633984 0.0071547221 0.0180300227 0.0179569237 0.0179093664 0.0236629855 0.0207914988 0.0056134169 0.0225332527 0.0204508039 0.0218831455 0.0149732748 0.0285737573 0.0326236409 0.0225938139 0.0118592421 0.0053583619 0.0259416176 0.0188376224 0.0272738117 0.0139039097 0.0312261975 0.0365452142 0.0142007708 0.0424332201 0.0267091424 0.0152497719 0.0252863253 0.0271683817 0.0124706365 0.0 0.0164345859 0.0205643871 0.0325022141 0.0318624492 0.037173932 0.0139611038 0.0217175479 0.0121691729 0.0272023723 0.0224715413 0.0166184876 0.0132730038 0.006175437 0.0159213978 0.0257931829 0.019979634
35 0.0174245025 0.0097070083 0.0286232816 0.0195611406 0.0196953907 0.0105210979 0.0144954824 0.0196534207 0.0216830185 0.0204216881 0.031890176 0.0209470666 0.0335285765 0.0063578054 0.0175976175 0.0136267986 0.0174630032 0.0224682262 0.0179648277 0.0301321253 0.0079772402 0.0215050553 0.0079691782 0.0229501124 0.0010895826 0.0268542659 0.0147086334 0.0414697972 0.024609818 0.0276368614 0.0209959548 0.0334411174 0.0112124167 0.0164345859 0.0 0.018793121 0.0189788311 0.0303859016 0.0017793736 0.0129383883 0.0260062582 0.0272419139 0.03129232 0.0341825504 0.0245664583 0.0283576923 0.0197482778 0.0199476568 0.0266153074 0.0065490757
36 0.0311642402 0.0187701274 0.0108043903 0.0143805742 0.0273728294 0.0227727623 0.0217582941 0.0084454413 0.026029766 0.0305898708 0.0093794588 0.0157334572 0.0246377637 0.0069863749 0.0187772203 0.0205947575 0.0160186578 0.0273147371 0.0252897061 0.0261274167 0.0128438633 0.0133743466 0.0270927903 0.022180744 0.0189619427 0.0392775681 0.0284479039 0.0255957698 0.0174952061 0.0207045636 0.0202635399 0.0332873071 0.0177078594 0.0205643871 0.018793121 0.0 0.0255682356 0.0261201645 0.0220897002 0.0078136426 0.0092621555 0.0144903146 0.0225693264 0.0237773785 0.012742677 0.0196404345 0.0201095395 0.0153065826 0.0238987949 0.0170722946
37 0.0061081962 0.0258627341 0.036212334 0.0225927831 0.0201705197 0.007255709 0.0167298302 0.0217860359 0.0203058299 0.0171487782 0.0185721523 0.024167059 0.0209148376 0.0269852312 0.01459324 0.0282133968 0.0339706137 0.0187906831 0.0300414257 0.0243604442 0.0216304351 0.0289731456 0.0165364473 0.0102428646 0.0187540266 0.0269594569 0.0257694422 0.0173619162 0.0279030653 0.0218638089 0.0128320081 0.0103319316 0.0305582629 0.0325022141 0.0189788311 0.0255682356 0.0 0.012675313 0.0199112619 0.0094941751 0.0214946499 0.0145073823 0.027471099 0.0220774574 0.0151144941 0.0136044447 0.0189379979 0.0187028719 0.0187424233 0.0057185032
38 0.0405300514 0.0161489006 0.0259509356 0.0259706936 0.0226762982 0.0102904403 0.0140548956 0.009741068 0.0288112101 0.0229919421 0.0126695345 0.0306658314 0.028972499 0.0195475936 0.0339282295 0.0099434462 0.0272159882 0.0233734339 0.0190311959 0.022088784 0.0148047565 0.0277526603 0.0167812713 0.0156682348 0.0061795252 0.0053081433 0.0120123441 0.0072074748 0.0213925925 0.02216074 0.0181563443 0.012402847 0.0185473708 0.0318624492 0.0303859016 0.0261201645 0.012675313 0.0 0.0227915975 0.0323727208 0.0125403606 0.0135076951 0.0227903643 0.025625031 0.0216373941 0.0266642365 0.0277665044 0.0170974432 0.0098200582 0.0233654891
39 0.0253601719 0.022566745 0.0254342908 0.0285248509 0.0079536214 0.0272634583 0.0165744888 0.026257575 0.0257662545 0.0122981176 0.0278856712 0.0352134804 0.023089178 0.021853421 0.0160126058 0.0231865341 0.0211084518 0.0240632745 0.0104280042 0.0161479707 0.0204990365 0.0070016664 0.0151831639 0.0334796816 0.0212613144 0.006938492 0.0169687789 0.0254999973 0.0191252078 0.0134298657 0.021735687 0.0212766584 0.0189898249 0.037173932 0.0017793736 0.0220897002 0.0199112619 0.0227915975 0.0 0.014780026 0.0107714729 0.0180966663 0.0337469368 0.0292324277 0.0215605556 0.0066977905 0.0331367832 0.0170580558 0.01192194 0.020873939
40 0.0181478527 0.017709799 0.0279654811 0.023550052 0.0197978575 0.0310355411 0.0311745647 0.0182126633 0.0053743196 0.0397779259 0.0178025691 0.0182794346 0.0325649312 0.0183605627 0.0092475675 0.0357096018 0.0303153196 0.0219872707 0.021955271 0.0366343341 0.0332067176 0.028726235 0.0148397106 0.0089703614 0.0177260711 0.014425522 0.0204046919 0.0172942794 0.0275157734 0.0168274882 0.0307567662 0.0212864939 0.0151162943 0.0139611038 0.0129383883 0.0078136426 0.0094941751 0.0323727208 0.014780026 0.0 0.0032333018 0.0234154452 0.0104881931 0.009645619 0.0189940251 0.0193427482 0.0265376359 0.0129022387 0.0176967103 0.0236847021
41 0.0056069807 0.0243563658 0.0159689792 0.0307077345 0.019646715 0.040290734 0.0357390006 0.0312890019 0.0204962017 0.0173090989 0.0073816745 0.0200791194 0.0102719468 0.0306669684 0.0230570223 0.0289626891 0.0268694099 0.0237003902 0.0297125966 0.0152943863 0.0362885535 0.02442661 0.0038061294 0.0114560216 0.0289383553 0.0170050058 0.0105132891 0.0163959907 0.0127473394 0.0263592504 0.0322237767 0.0208760363 0.0231795795 0.0217175479 0.0260062582 0.0092621555 0.0214946499 0.0125403606 0.0107714729 0.0032333018 0.0 0.0255109198 0.0274115881 0.0110514004 0.0167896736 0.0062942484 0.0311268328 0.0094290564 0.0234013914 0.022336189
42 0.009646165 0.0236740997 0.0293220207 0.0228423829 0.0233145177 0.0220934731 0.0255971644 0.009524906 0.012813407 0.0198585772 0.0261909422 0.0158231005 0.02009778 0.0200869408 0.0171052458 0.004975956 0.0053720851 0.0198898774 0.0294219069 0.0308056061 0.0156930573 0.0173942684 0.0087180298 0.0262255187 0.0169725517 0.0345637565 0.0308613712 0.0239808666 0.0185740725 0.0225513041 0.0320837272 0.0094039204 0.0264820038 0.0121691729 0.0272419139 0.0144903146 0.0145073823 0.0135076951 0.0180966663 0.0234154452 0.0255109198 0.0 0.0071347505 0.0281102089 0.0312255876 0.0246540844 0.0302920172 0.0291404737 0.0133114261 0.0152313387
43 0.0093680781 0.0305591135 0.0246026964 0.0057202297 0.0095482538 0.0139524252 0.0219496338 0.0155130169 0.0245348713 0.0211665221 0.0194918993 0.0209246437 0.0195885453 0.0156248121 0.0260230878 0.0275964652 0.0151280768 0.0142040683 0.0203533009 0.0133580981 0.019400718 0.0047503955 0.0231846742 0.0306252431 0.016051298 0.0238121943 0.0093091998 0.0071194071 0.0350919227 0.0209890516 0.0248142996 0.0241359821 0.0216158744 0.0272023723 0.03129232 0.0225693264 0.027471099 0.0227903643 0.0337469368 0.0104881931 0.0274115881 0.0071347505 0.0 0.0271634526 0.0200623703 0.0319390773 0.0158639346 0.0171388149 0.03458581 0.0130314907
44 0.0192118517 0.0206252789 0.0157869986 0.0273968693 0.0158643687 0.0230244779 0.0126550001 0.0159846585 0.0239473272 0.0071885484 0.0239480359 0.0301278627 0.0328386209 0.0103876994 0.0151763582 0.0258598626 0.015763909 0.0176076561 0.005460129 0.0120817435 0.0106944534 0.0161705276 0.0205515299 0.0194052081 0.0157026525 0.0132975966 0.0163424146 0.0251598056 0.0279789987 0.02106568 0.0234823431 0.0060257273 0.0344419245 0.0224715413 0.0341825504 0.0237773785 0.0220774574 0.025625031 0.0292324277 0.009645619 0.0110514004 0.0281102089 0.0271634526 0.0 0.0309302424 0.0338331208 0.0242061953 0.0091329125 0.022472115 0.0248322282
45 0.0333972959 0.020675089 0.0171351164 0.030139291 0.0076696792 0.019272164 0.0164448862 0.0035026611 0.0181199213 0.015570433 0.0288359565 0.0235007499 0.02109721 0.0177869787 0.031468615 0.0189648303 0.0181662955 0.0276240709 0.0209246742 0.0352893942 0.017174788 0.0117951484 0.0247774845 0.0276006164 0.0135605328 0.0227592551 0.015595098 0.0127080077 0.025244402 0.0174902152 0.0199957838 0.0233883139 0.0042364353 0.0166184876 0.0245664583 0.012742677 0.0151144941 0.0216373941 0.0215605556 0.0189940251 0.0167896736 0.0312255876 0.0200623703 0.0309302424 0.0 0.0306102719 0.030470363 0.017572649 0.0004911009 0.0287022561
46 0.0235426674 0.0129178208 0.0321362372 0.0190238526 0.0240496871 0.0260091871 0.021265132 0.0174815209 0.0181138932 0.0175038255 0.0192522817 0.0054730087 0.0022631547 0.0262885676 0.024863594 0.0106076891 0.0151746347 0.0283193787 0.0218771458 0.0172428973 0.0289396688 0.0357112957 0.0194823086 0.0274494831 0.0187702053 0.0332106497 0.0181521795 0.0138060975 0.0044692304 0.0107514818 0.0165080402 0.0073609319 0.0285142771 0.0132730038 0.0283576923 0.0196404345 0.0136044447 0.0266642365 0.0066977905 0.0193427482 0.0062942484 0.0246540844 0.0319390773 0.0338331208 0.0306102719 0.0 0.0199512234 0.0263643323 0.0351538803 0.0170873852
47 0.0278043559 0.0185899775 0.0185049878 0.0132111596 0.0341541419 0.0170838308 0.0244513844 0.0151375697 0.02701922 0.0401980282 0.025816872 0.0260701538 0.012762788 0.0136258652 0.0274580367 0.0285130201 0.0237534291 0.030825481 0.0261089342 0.0115961594 0.018775446 0.0173697114 0.0073326952 0.0194463905 0.0071312342 0.0152261401 0.0064587157 0.0218343714 0.0200264098 0.0117809689 0.0076399854 0.007988828 0.0172874095 0.006175437 0.0197482778 0.0201095395 0.0189379979 0.0277665044 0.0331367832 0.0265376359 0.0311268328 0.0302920172 0.0158639346 0.0242061953 0.030470363 0.0199512234 0.0 0.0095234651 0.0078635368 0.0373065548
48 0.0152032419 0.0347546709 0.0189111037 0.0128426044 0.0224304577 0.0097516803 0.0288903891 0.0179196158 0.0261412136 0.0297731514 0.0356652571 0.0133622603 0.0256722725 0.0051223027 0.0255871212 0.0181274669 0.0271329246 0.0208311018 0.0264505547 0.024167054 0.0203241282 0.0259532339 0.0119813414 0.0283653408 0.0186108563 0.0184651068 0.0229927107 0.0116745875 0.0333364657 0.0262295692 0.0269628298 0.0171505299 0.0294462876 0.0159213978 0.0199476568 0.0153065826 0.0187028719 0.0170974432 0.0170580558 0.0129022387 0.0094290564 0.0291404737 0.0171388149 0.0091329125 0.017572649 0.0263643323 0.0095234651 0.0 0.0267526137 0.0077800032
49 0.0119943095 0.0130260575 0.0167900272 0.0222716458 0.0262819702 0.0210567744 0.0180472875 0.0228773839 0.0125717232 0.02369649 0.0271161055 0.0185367524 0.0199362565 0.0309195236 0.0253346111 0.0168704433 0.0282165244 0.0197601525 0.0187852866 0.0213703964 0.0191719213 0.0241586767 0.0258795813 0.0303662005 0.0245556824 0.0140259636 0.0213736189 0.0136996555 0.0317666166 0.0037533243 0.0242318358 0.0269083287 0.0157948967 0.0257931829 0.0266153074 0.0238987949 0.0187424233 0.0098200582 0.01192194 0.0176967103 0.0234013914 0.0133114261 0.03458581 0.022472115 0.0004911009 0.0351538803 0.0078635368 0.0267526137 0.0 0.010333685
50 0.0227096329 0.0095577847 0.0220776586 0.015158504 0.0217636326 0.0198489452 0.0150594319 0.0126892841 0.0307717157 0.0211222998 0.0114233986 0.0344727392 0.0289029922 0.0325754782 0.0122926638 0.0234695366 0.0197835881 0.0362863893 0.019677471 0.018057275 0.0223423558 0.0365157655 0.0092257059 0.0207809464 0.0265555906 0.0140839404 0.016765138 0.0360715739 0.0243830074 0.0190822267 0.0063970057 0.021603024 0.0246085298 0.019979634 0.0065490757 0.0170722946 0.0057185032 0.0233654891 0.020873939 0.0236847021 0.022336189 0.0152313387 0.0130314907 0.0248322282 0.0287022561 0.0170873852 0.0373065548 0.0077800032 0.010333685 0.0
