128
1 0.0090371441 0.0091896185 0.0089558905 0.0041735936 0.0081026611 0.0127020099 0.0059493479 0.0058000645 0.005527321 0.0132172392 0.0124845803 0.0063406039 0.0096877322 0.0147000764 0.0048815294 0.0134487373 0.0090298091 0.0078401699 0.0074728531 0.011421103 0.0079665893 0.0097207959 0.0044851219 0.0054611987 0.0130402293 0.0074756407 0.0077138874 0.0063923316 0.0034117413 0.0057343597 0.0109593533 0.0111855469 0.0044828344 0.0068962331 0.0062625407 0.0073331106 0.0046283919 0.0029011944 0.0064645225 0.0070054167 0.0036814637 0.0136614246 0.0082145428 0.0067056412 0.0064176335 0.0090073583 0.0065182459 0.0112721369 0.0085548773 0.0079011701 0.0039923294 0.0081710937 0.0113993881 0.0111408855 0.0052627184 0.0062378232 0.0065631567 0.0103082391 0.006208274 0.0054989255 0.0149371509 0.0060186164 0.0058438819 0.007840189 0.0039109089 0.0102490597 0.0080133269 0.0083601802 0.0109078093 0.0034025581 0.0093637791 0.0104624684 0.006366047 0.0067693621 0.0106211765 0.0059113864 0.0076937032 0.0060526806 0.0089131689 0.0077567158 0.0070248071 0.0038983764 0.0032253256 0.0058159431 0.0071958312 0.0064634713 0.0121406178 0.0093029508 0.0077485194 0.0110262298 0.0105745651 0.0048309955 0.0061911154 0.003182798 0.007838358 0.0063933249 0.0122958992 0.004884125 0.007299971 0.0107661544 0.0088181587 0.0038477495 0.0067181175 0.0090231092 0.0033554472 0.010715075 0.0086131331 0.0111007154 0.0049063647 0.0060140049 0.0067467122 0.0093521276 0.0090420809 0.01466784 0.0070264253 0.0080114658 0.008711811 0.0054123901 0.0071927804 0.0127492009 0.0053078993 0.0050602182 0.0057213919 0.0094107199 0.0087574218 0.0022077319 0.0074736182 0.0103422881 
2 0.0091896185 0.0 0.0086032949 0.0080059234 0.0106268293 0.004248 0.0115769143 0.0064183248 0.0097691648 0.0119878762 0.0121932584 0.0095817822 0.0098430695 0.0090847434 0.0063305556 0.0098490248 0.007800344 0.0148776884 0.0059769099 0.004535227 0.0079981052 0.0057438443 0.0136461993 0.0065074572 0.0041794553 0.012526397 0.0085442378 0.004351874 0.0043535226 0.0072790458 0.0094760012 0.0064519173 0.011593863 0.0082095412 0.0067699647 0.0058301143 0.0076007884 0.0070813846 0.0073649126 0.0092400268 0.0120304014 0.0024124672 0.008200299 0.0148805822 0.0068869509 0.0066017077 0.0074744108 0.0038736418 0.0042833012 0.0036604173 0.0047235004 0.0111010358 0.0088674738 0.0093201467 0.0043567867 0.0054114156 0.0064732429 0.000394642 0.0075129458 0.0086842782 0.0035018106 0.0107354906 0.0062553201 0.0047708041 0.0041066565 0.0107649979 0.0176572925 0.0139866771 0.0102936295 0.0042283881 0.0063608445 0.0020706893 0.0105175132 0.0094694599 0.0039306549 0.0082858949 0.0079094396 0.0070540621 0.0121163571 0.0090604783 0.0049480868 0.0061448343 0.0063536526 0.0059390117 0.0059228462 0.0097960303 0.0033000292 0.0046785727 0.007769598 0.0067511153 0.0069006178 0.0104868434 0.0055949784 0.0083301409 0.0029763281 0.0072701515 0.0069320715 0.010842717 0.0075081105 0.0064761378 0.0068710296 0.0097950533 0.0061721191 0.0009784468 0.0055893834 0.0086717513 0.0096228228 0.0048832711 0.0039233004 0.0100821026 0.0061026385 0.0067158663 0.0066435811 0.0088585732 0.0086619986 0.0095380697 0.0099943589 0.0046380588 0.0159975247 0.0092614728 0.0085582256 0.0072188626 0.0212454664 0.0097974214 0.0085975727 0.0149413038 0.0072019919 0.0090425486 
3 0.0089558905 0.0086032949 0.0005481419 0.0091871288 0.0063261733 0.0076889561 0.006509822 0.0126049149 0.0068166212 0.0073492366 0.0077447942 0.0122775054 0.0057182635 0.0062441925 0.008298523 0.007622207 0.0060017713 0.0083268105 0.0072990426 0.0063442293 0.009279281 0.0065219296 0.0102473183 0.0120428186 0.0073790406 0.0058031061 0.0084500344 0.0051403013 0.0096953788 0.0056912932 0.0113293013 0.0156055757 0.0056412793 0.006686433 0.0089329561 0.0056755535 0.008540854 0.0085702159 0.0060819223 0.0085423216 0.0096822396 0.0074646792 0.0087548285 0.006484003 0.0045970162 0.0059333529 0.0043587898 0.0157492992 0.0105596499 0.0086126569 0.0084412658 0.0097885951 0.0060175498 0.0087235601 0.0072709163 0.0074079471 0.0022200562 0.0104927162 0.0137692259 0.0034394588 0.0127784889 0.0063850002 0.0097835558 0.0085247437 0.0024360332 0.007292303 0.0039007368 0.0062102557 0.0091327993 0.0116149737 0.0062686321 0.0098372383 0.0078857136 0.0071629124 0.0099227313 0.0026401544 0.0127266671 0.0118288297 0.0065330013 0.009828882 0.0065201578 0.0120220172 0.0060466887 0.005892268 0.0140758172 0.0080609322 0.0024835102 0.0058637295 0.0081312211 0.0065377378 0.0085482489 0.0099987908 0.0089112149 0.0129833064 0.0040697537 0.0094579698 0.0088723952 0.0096165991 0.0070925368 0.007624641 0.0083857187 0.0075627711 0.0028047087 0.0087608597 0.0061772232 0.0060384516 0.0059449649 0.004675596 0.0063083572 0.0065064964 0.0094708172 0.0044117534 0.007842377 0.0063885443 0.0045052813 0.0056531105 0.0114574092 0.0117687389 0.0028789272 0.013627225 0.0054668626 0.0137230636 0.0100640429 0.000929888 0.0060172326 0.0080017029 0.0074199912 0.0056124548 
4 0.0041735936 0.0080059234 0.0091871288 0.0095724695 0.0112494175 0.0038816681 0.0132827382 0.0042624171 0.0069761136 0.0088799373 0.0073805864 0.0081327892 0.0105451805 0.0063716878 0.0093344776 0.0090692221 0.00707193 0.0080311745 0.0082662873 0.0031614569 0.0107159552 0.0131663167 0.0094878093 0.0039172126 0.0096275663 0.0099478882 0.0104473882 0.0070071238 0.0050993442 0.0029492014 0.0057506637 0.0090840798 0.0059073552 0.0070849897 0.0095878658 0.0081603798 0.0071871668 0.008287715 0.0058176188 0.0052233925 0.0078639092 0.0070915489 0.0084875359 0.0026288185 0.0025092287 0.0074085842 0.0081837046 0.0071561311 0.0067711383 0.0049529041 0.0077893153 0.0056479095 0.0086846595 0.0083835933 0.0103544804 0.0030832895 0.0056031898 0.0047857762 0.0055300499 0.0116079412 0.0079214651 0.0071900407 0.0072346443 0.0120909182 0.006490756 0.0023397626 0.0077949913 0.0091846931 0.0100476132 0.0122674161 0.0047768641 0.0050678442 0.0107887537 0.003341643 0.008247348 0.0080713321 0.0126086596 0.0090308268 0.0034410641 0.0134777906 0.0068497674 0.0055050574 0.0041157411 0.010810198 0.004890277 0.0073831341 0.0088527021 0.0089739193 0.0027210183 0.0054972509 0.010645144 0.0078077769 0.012595774 0.0084578384 0.0118405623 0.0067448317 0.0055297416 0.0116457424 0.0111015202 0.0076675507 0.0085167624 0.0102126281 0.0087300551 0.0096770757 0.0040951624 0.0076822806 0.0079518844 0.0079087752 0.0065516028 0.0121350223 0.009208841 0.0089638938 0.0072643902 0.0081689387 0.0055816098 0.0072919964 0.0076025594 0.0095353096 0.0062682645 0.008186418 0.0063797494 0.0143552817 0.0092828819 0.0079449913 0.0080894909 0.013865677 0.0060092659 0.005672276 
5 0.0081026611 0.0106268293 0.0063261733 0.0112494175 0.0059057144 0.006163114 0.0076736 0.0065194114 0.0090818004 0.0049041345 0.0045861253 0.0066337245 0.0060462712 0.0053857878 0.0012811089 0.0083169183 0.0049876979 0.0077091307 0.0072238221 0.0065047806 0.0133003009 0.0155306831 0.005711166 0.0091594008 0.0106525214 0.0071105887 0.0069090322 0.0033928178 0.0055447368 0.0052616995 0.0093358006 0.0091902122 0.0073509336 0.0084158182 0.0125273618 0.0038903295 0.0078812204 0.0062651158 0.0062441553 0.009628607 0.005779593 0.0067867952 0.0062721716 0.0054253075 0.0072763178 0.0088654758 0.0081230397 0.0097539875 0.0077596271 0.0053155423 0.0049731783 0.00981731 0.0085590957 0.0078157714 0.0102253071 0.0107969572 0.011164667 0.00924012 0.0085519252 0.0097136618 0.0043665636 0.003332436 0.0063250509 0.0095804332 0.0086015125 0.0049688604 0.0071743595 0.0087488253 0.0077038737 0.0079603771 0.012599183 0.0050841674 0.0063409367 0.0079009629 0.0044482498 0.0107129752 0.0052560118 0.0037856755 0.0041962696 0.0105859995 0.0091411636 0.0064123459 0.0045829415 0.0120032168 0.0115424644 0.0037769177 0.0073567415 0.0063461621 0.0088008673 0.0061517525 0.0092444143 0.0081404945 0.0053811762 0.0059375608 0.0043044129 0.0103524414 0.0082341862 0.0116672741 0.005397895 0.0055389197 0.0184896111 0.004256888 0.0101935487 0.0090710865 0.0046023442 0.0080262931 0.0082023721 0.0084512066 0.0137269971 0.010032904 0.0086549687 0.0143609746 0.0071709414 0.0107926827 0.0111821761 0.0043316236 0.012000606 0.0104827666 0.0117046142 0.003828622 0.0054966188 0.0018838002 0.0128029445 0.0049792767 0.0041176778 0.0147272024 0.0046056705 0.0110909334 
6 0.0127020099 0.004248 0.0076889561 0.0038816681 0.006163114 0.0053803843 0.0027389117 0.0065756354 0.0154450028 0.0081893935 0.0096124511 0.011470951 0.0062231192 0.0140355615 0.0101805106 0.0030576179 0.0064797112 0.0065719394 0.0157513323 0.0093045117 0.0064182928 0.0048787481 0.0155506319 0.009697234 0.0126729289 0.0106473477 0.0143923621 0.0086540088 0.0121938853 0.0074002116 0.0111522438 0.004237751 0.0107446898 0.0059274386 0.0093707538 0.0091034409 0.0125252223 0.0036584848 0.0093342609 0.0089848843 0.0057461313 0.0035608648 0.0014336209 0.0078319915 0.0045474823 0.0043260053 0.0065539937 0.0091800428 0.0047236531 0.0060357168 0.0041660463 0.0071346629 0.0106203298 0.0043879287 0.0124951776 0.0023798593 0.0051029387 0.0042101748 0.0058112028 0.0037178557 0.0102123322 0.009604896 0.0123422681 0.0097381657 0.0103263072 0.0059595081 0.0088184095 0.0115113182 0.002624147 0.0062042141 0.004836135 0.0122880125 0.0055297152 0.0077901104 0.003930965 0.0082132723 0.0052105783 0.0044665674 0.0127508982 0.0064757066 0.0060437669 0.0058893773 0.004507853 0.0035767011 0.0089286492 0.0082440089 0.0083674502 0.0163850735 0.0064465157 0.007690627 0.0061043036 0.0099116234 0.0079801884 0.0026167545 0.0086993586 0.00564492 0.0068760204 0.0058571442 0.0109415144 0.0109982829 0.0143964596 0.0068470867 0.0131032998 0.0087536062 0.007460343 0.0107359203 0.011466642 0.0052707146 0.0078361566 0.0027868756 0.0055900296 0.0070604066 0.0023471529 0.0070866298 0.0084589154 0.0059061428 0.0064740746 0.0125463806 0.0091706161 0.0031069717 0.0099489517 0.0106138147 0.005464223 0.0080493886 0.0096220804 0.0083312847 0.0060611793 0.0077497104 
7 0.0059493479 0.0115769143 0.006509822 0.0132827382 0.0076736 0.0027389117 0.0010928394 0.0069140055 0.0151783929 0.0022769681 0.0098062352 0.008609522 0.0056793819 0.0027657366 0.0095539757 0.0086346494 0.0046869527 0.0018101388 0.012956148 0.0083537025 0.0133983626 0.0113416558 0.0092417295 0.0071882358 0.0133331074 0.0068721218 0.0076162147 0.011344171 0.0094231244 0.0134055429 0.0122526961 0.0071724407 0.0036492794 0.0053857442 0.0063426674 0.0088092113 0.0113494485 0.0108777539 0.007006011 0.0091784541 0.0092207136 0.0034093572 0.0034228476 0.0040630707 0.0091133513 0.0046813162 0.0063936974 0.0104278159 0.0092993412 0.0059158634 0.0059650427 0.0036860633 0.0104306789 0.0102141501 0.0068250945 0.0076302007 0.0097128642 0.007136987 0.0056924428 0.0105828811 0.0128791356 0.0066444931 0.0086811641 0.0069615289 0.008971315 0.0106005917 0.0116466629 0.0060313691 0.0078659513 0.0109028874 0.0032936191 0.0066592148 0.0071544095 0.0078804946 0.0045387128 0.0108698758 0.0070149274 0.0069499571 0.0070288122 0.0085359438 0.0036999587 0.0062753988 0.0061089197 0.0056878178 0.0098108092 0.0091585981 0.00335272 0.0103929854 0.0083672995 0.0024726816 0.0055566715 0.0094168759 0.0042584532 0.0068335346 0.0083775348 0.0086413571 0.0142248465 0.0093327965 0.0121936813 0.0070302893 0.0053384892 0.0094514541 0.0027554099 0.0094784276 0.0085841065 0.0160987367 0.0072050896 0.0074689007 0.0053175005 0.006592463 0.0071900275 0.0066705297 0.0056128898 0.0087366677 0.0139638781 0.0062341554 0.0075641331 0.003994902 0.0050280154 0.0054391083 0.0064460181 0.0049093344 0.0058776966 0.0104223068 0.0101232914 0.0095499716 0.0094354324 0.0071450329 
8 0.0058000645 0.0064183248 0.0126049149 0.0042624171 0.0065194114 0.0065756354 0.0069140055 0.015895579 0.0065250721 0.007101132 0.0026560935 0.0058479019 0.010373386 0.0041770259 0.008621038 0.0110337859 0.0084320861 0.0070733466 0.0075044052 0.0075783354 0.0073849548 0.0107517719 0.0067780231 0.0012948333 0.009679706 0.0073436593 0.0052877982 0.0083629653 0.0108577011 0.0088133352 0.0046837373 0.0111072263 0.004951238 0.0069955492 0.0059189091 0.0056913398 0.0108103219 0.0091413759 0.0068924542 0.0034809613 0.0063694102 0.0070195619 0.0082728591 0.0091779496 0.0072531824 0.0071001033 0.0094897582 0.0113461545 0.0063720199 0.015107923 0.0065173005 0.0099580438 0.0114949852 0.002776164 0.008344842 0.0031012898 0.0116149517 0.0068513097 0.0051241064 0.0041310077 0.0062160322 0.0154430587 0.0031176886 0.0080790075 0.0098082844 0.0058646838 0.0069544769 0.0076182788 0.0082286088 0.013651353 0.0108598783 0.0142911135 0.0132724235 0.0037482302 0.0085930475 0.0060308026 0.0032097618 0.0083581137 0.0112049391 0.0089702241 0.0093537032 0.0051307423 0.008892796 0.0075389772 0.0074270738 0.0074199435 0.0069159015 0.0033735398 0.0098156401 0.0080068091 0.0107955247 0.0049637276 0.0087382224 0.009019062 0.0114180206 0.0101676992 0.006377032 0.0034415136 0.0066076627 0.0077321942 0.0093677315 0.0084167255 0.0087977339 0.0062334812 0.0063269686 0.0090533612 0.0073064944 0.0095395687 0.0116738071 0.0090852977 0.0118685041 0.0116869651 0.0070152326 0.002990041 0.0058187279 0.0056937569 0.0032284803 0.0064979154 0.0114645146 0.007206738 0.0080422473 0.0104519839 0.0067725267 0.0095011133 0.0085719418 0.0067963195 0.0039020182 0.0044692657 
9 0.005527321 0.0097691648 0.0068166212 0.0069761136 0.0090818004 0.0154450028 0.0151783929 0.0065250721 0.0038488102 0.0137987187 0.0038438926 0.0099698135 0.0087860951 0.0084431029 0.0042874395 0.0072113507 0.0098863436 0.0053555344 0.0040895961 0.0060615316 0.0061248235 0.0025560404 0.0083134184 0.0153422619 0.009416557 0.0116692158 0.0141324685 0.006902454 0.0039042755 0.0075772174 0.0033601764 0.0045075243 0.0061600902 0.0058671761 0.0140830349 0.0127443239 0.008510868 0.0124850963 0.0054025011 0.0090165541 0.0107151661 0.0061540072 0.0175780342 0.0134375433 0.0095186195 0.005596863 0.0075095686 0.0104873844 0.0050595342 0.0082472361 0.0048307281 0.0038406339 0.0064071464 0.0030899324 0.0123266451 0.0049766313 0.0120505344 0.0052908888 0.008738813 0.0010181605 0.0081831133 0.0142675783 0.0052100418 0.00797591 0.003247877 0.0054087445 0.0093566087 0.0043520705 0.0071402093 0.0084237036 0.0042531652 0.0038575903 0.0093241357 0.0069182449 0.0094004555 0.0095718469 0.0045584367 0.004327163 0.0053481879 0.0060420216 0.0093113974 0.0057985511 0.0106413574 0.0108136986 0.0077295164 0.0040035506 0.0105397186 0.0081006703 0.009629653 0.0085751875 0.0104481229 0.0121592148 0.0134646636 0.0072612937 0.0048387904 0.0080581521 0.0055652775 0.004037815 0.0133796431 0.0137133824 0.0059818419 0.0102234059 0.0098349399 0.00794971 0.0064385782 0.0073833936 0.0025958752 0.0062454616 0.0110643203 0.0080613025 0.0055239626 0.0072665062 0.0079617794 0.0056256939 0.0078846286 0.0061346572 0.0097729183 0.0059255651 0.0064945025 0.0070780853 0.0077862525 0.0083202819 0.0064415457 0.0073085913 0.0068327608 0.0054756212 0.0050228953 0.0062762965 
10 0.0132172392 0.0119878762 0.0073492366 0.0088799373 0.0049041345 0.0081893935 0.0022769681 0.007101132 0.0137987187 0.013430232 0.0072296366 0.007464549 0.005671807 0.0087301273 0.0087970711 0.0050314326 0.0126726534 0.0060178991 0.0061926648 0.0053063803 0.0062749989 0.0071457514 0.007351115 0.0073731544 0.006019372 0.0084848677 0.0047666114 0.0085514688 0.0125751081 0.0086242691 0.0092481822 0.0064997112 0.0064763661 0.0054128672 0.0058793457 0.013213709 0.006665777 0.0042912915 0.0084193632 0.0026569869 0.0073327683 0.0132844505 0.0077236609 0.0042451933 0.0075033747 0.0056165109 0.0090114802 0.0107341921 0.0100761664 0.0034068427 0.0118008931 0.0089479828 0.0084102288 0.0131774798 0.0057198318 0.0093795734 0.0080355282 0.0023254027 0.0087154942 0.0045021411 0.0115879698 0.0038598522 0.0073155633 0.0055965118 0.0055609936 0.0076895402 0.013592962 0.0077197347 0.0066667186 0.0043439799 0.0079965376 0.0106501571 0.004309522 0.0091029295 0.0083431114 0.0114883291 0.0086930655 0.0097519298 0.00687151 0.01341386 0.0027198035 0.0070739745 0.0046106259 0.0140968971 0.0034672981 0.0089198602 0.0030811121 0.0090144806 0.0098134072 0.0145569928 0.0103538507 0.0084986952 0.0049868123 0.0039593292 0.007732868 0.0073554596 0.0096319412 0.0095460124 0.0076390865 0.0068420618 0.009079313 0.0100950259 0.0053600656 0.0041433584 0.0029624359 0.0074820383 0.0114539284 0.0057053023 0.0078807151 0.0083392225 0.0087969613 0.0084928555 0.0045807925 0.00758513 0.009789302 0.002993401 0.0103375976 0.0078521435 0.0067638569 0.0122225427 0.0080883468 0.0024998786 0.0034518801 0.0110805636 0.0103693567 0.0079076053 0.0099870313 0.0061153999 
11 0.0124845803 0.0121932584 0.0077447942 0.0073805864 0.0045861253 0.0096124511 0.0098062352 0.0026560935 0.0038438926 0.0072296366 0.0061046673 0.0054308821 0.0088524319 0.0040694325 0.0051496268 0.005397939 0.0171749194 0.0083033743 0.0084089685 0.0071625084 0.0036723439 0.0107882042 0.0088239711 0.003281455 0.0060664453 0.0065288428 0.0079655266 0.0095504064 0.006687617 0.0068429146 0.0100444128 0.0022024012 0.0050042885 0.0090325588 0.004988058 0.0078379841 0.0064628677 0.0010692104 0.0109002779 0.0082602435 0.0050270308 0.0063266806 0.0091488744 0.0099019524 0.0055616527 0.0049718341 0.0055837476 0.0085073194 0.0187874659 0.0039340867 0.007330258 0.003714027 0.0078721014 0.0119663806 0.0117734302 0.0014671012 0.007363895 0.0039669268 0.004477162 0.0116316383 0.004459925 0.0075388929 0.0123795043 0.0089788962 0.0111718163 0.006557957 0.0099954611 0.0143645659 0.0058711502 0.0064061148 0.0067229548 0.0067178367 0.0083077433 0.0057750761 0.0101766724 0.0065774678 0.0077920671 0.0103061223 0.00642608 0.0073316815 0.006061082 0.0072884363 0.0063368842 0.0084145426 0.0106290983 0.010338665 0.0094687621 0.0109659847 0.0049174348 0.0055587617 0.0106729134 0.0114175263 0.0053524939 0.0076181218 0.0086480557 0.0062564809 0.0034837176 0.0100592985 0.0044732709 0.0033202955 0.0099874049 0.0086165127 0.0069196544 0.0074930975 0.0104717217 0.0069388412 0.0151440744 0.0063435072 0.0151041036 0.0117672029 0.008823877 0.0069196809 0.006799932 0.0159948249 0.0087883142 0.0079212657 0.0068621247 0.0118217418 0.0117000739 0.0034018684 0.0076587067 0.0058473315 0.0091907058 0.0106145385 0.0069562297 0.0070758556 0.0071963142 0.0035846838 
12 0.0063406039 0.0095817822 0.0122775054 0.0081327892 0.0066337245 0.011470951 0.008609522 0.0058479019 0.0099698135 0.007464549 0.0054308821 0.0179428271 0.0058603962 0.01058552 0.0045419131 0.010120638 0.0090811083 0.011339918 0.0081349393 0.0095809554 0.0062137434 0.0056579633 0.0075437933 0.016761773 0.0045496124 0.0108257312 0.005466075 0.0014991716 0.0079120535 0.0070837609 0.0099259968 0.0092349963 0.0041012475 0.0051092661 0.0072797254 0.0054166592 0.0083434434 0.0146342861 0.008765186 0.0077479811 0.009518569 0.0071185717 0.0031327734 0.0065765615 0.0041285756 0.0055944909 0.004112579 0.0107026166 0.0080099435 0.0051410169 0.0032387319 0.00547076 0.003840391 0.0062364286 0.0060175898 0.0079363296 0.0115030648 0.0079304631 0.0077135168 0.0067536773 0.0050718045 0.0089902712 0.0073907394 0.0087650021 0.0056410522 0.0047694245 0.007817829 0.0047430666 0.0056070742 0.0099309859 0.0107165493 0.0080850921 0.0031981342 0.0093197912 0.0076135315 0.0087209323 0.0036937795 0.00821971 0.0136384129 0.0070899549 0.0088030373 0.0065986638 0.0090786738 0.0056929585 0.0063455246 0.0085211474 0.0062024867 0.0113719591 0.0119208148 0.0101174012 0.0061858611 0.0070235239 0.0066029855 0.010273314 0.0061706414 0.0077313368 0.0074517752 0.0108560511 0.0085622891 0.0136281997 0.0032884295 0.0043959058 0.0065313179 0.0120322766 0.0153625706 0.0120558449 0.0066623634 0.0049141563 0.0081833893 0.005641673 0.0104666936 0.0092194034 0.0056521578 0.0077958307 0.005662414 0.0001421203 0.008069525 0.0034195601 0.0095529504 0.008399767 0.0135494879 0.0065885492 0.0098132613 0.0082796741 0.0074178863 0.0068375724 0.0091212679 0.0090848119 
13 0.0096877322 0.0098430695 0.0057182635 0.0105451805 0.0060462712 0.0062231192 0.0056793819 0.010373386 0.0087860951 0.005671807 0.0088524319 0.0058603962 0.0102196296 0.0057255308 0.0080855301 0.0111995927 0.0050927681 0.0079698916 0.0038617207 0.0071452459 0.0061180083 0.0101841574 0.0107354307 0.004924127 0.0080730886 0.0072244442 0.0143433021 0.0082917583 0.0070949984 0.006741427 0.009181945 0.0045414812 0.0077213557 0.0089660659 0.0047306496 0.0105816483 0.0098830144 0.011393672 0.007251966 0.0116931249 0.0061855122 0.0099897189 0.0048617248 0.0104596062 0.0063157622 0.0094664397 0.0057047654 0.0117900604 0.009762751 0.0045107576 0.0032033949 0.0090947011 0.0069603714 0.0050505697 0.0063809955 0.0063991384 0.008874551 0.0079279294 0.0104972279 0.0091241299 0.0139743767 0.0034872283 0.0088118006 0.0052513941 0.0052193478 0.0083686622 0.0079236599 0.006872838 0.0116795574 0.0047520969 0.0070044537 0.0083044027 0.0122570443 0.0055155967 0.0044905498 0.00678871 0.0089548437 0.005147638 0.0094260742 0.0049611474 0.0120186883 0.0042285568 0.0089978296 0.0053986236 0.0123192877 0.0071660827 0.0082235921 0.0115796937 0.010090805 0.0073786294 0.0065146659 0.0136524847 0.0079102608 0.0085092666 0.0075079407 0.0077649352 0.005862074 0.0056591794 0.0079634604 0.0065555992 0.0111115159 0.0064113516 0.0112601918 0.0087278012 0.0063970908 0.0124672201 0.0055172474 0.0097548669 0.0048942844 0.0070743393 0.0057744019 0.0067401691 0.0059840766 0.0047947405 0.0033093186 0.004819979 0.0089739725 0.0037409667 0.0170217164 0.0074545038 0.0055723247 0.007855166 0.0038108022 0.0081647748 0.0091964277 0.0106888954 0.006821666 0.0063442944 
14 0.0147000764 0.0090847434 0.0062441925 0.0063716878 0.0053857878 0.0140355615 0.0027657366 0.0041770259 0.0084431029 0.0087301273 0.0040694325 0.01058552 0.0057255308 0.0081628252 0.0070273036 0.0030732078 0.0071563812 0.0090346941 0.0079974543 0.0120793264 0.0083628982 0.0075344302 0.007649378 0.0093717388 0.0060298845 0.010278175 0.0051272643 0.0104587143 0.0124253272 0.0059898094 0.003012388 0.0037775028 0.0058571297 0.0083837865 0.0088628613 0.0071279074 0.0092678466 0.0130381392 0.0050746433 0.0080559989 0.0095991989 0.0062137279 0.0074201952 0.0051430427 0.0116068059 0.0041650819 0.0137213734 0.0092979476 0.0056696541 0.0069974576 0.004915703 0.0055361176 0.0100818658 0.0080695068 0.0065659196 0.0081830162 0.0071555091 0.0100630009 0.0043156429 0.0123599173 0.0035247204 0.0072284315 0.0099052855 0.0065160496 0.0085563828 0.0052108976 0.0126853324 0.0074724922 0.0074818212 0.0077700528 0.0051606533 0.0072625696 0.0038339371 0.0090775626 0.0034384836 0.0059950654 0.0081156625 0.006956356 0.0085965332 0.0055244243 0.0040517871 0.007594389 0.0036937698 0.0076643271 0.0060672393 0.0091415575 0.0136478626 0.0086739838 0.0082911086 0.0099785214 0.01076229 0.0071043286 0.0071388974 0.007069699 0.0070292314 0.0065212486 0.0119609116 0.0113382584 0.0128246107 0.0116485002 0.0131747416 0.0069534856 0.0092256048 0.0058276548 0.006705331 0.0040718702 0.0081280546 0.002988393 0.008625702 0.0041186662 0.0102823802 0.0062279367 0.0127913613 0.0051567521 0.010249201 0.0082226335 0.0033024828 0.009007346 0.0116698014 0.0086627038 0.0106442756 0.0071572208 0.0077799709 0.0096772526 0.0120241924 0.0082029972 0.0034084317 0.0055820943 
15 0.0048815294 0.0063305556 0.008298523 0.0093344776 0.0012811089 0.0101805106 0.0095539757 0.008621038 0.0042874395 0.0087970711 0.0051496268 0.0045419131 0.0080855301 0.0070273036 0.0031508248 0.0070732977 0.0078792189 0.0104407025 0.0105707056 0.0116635747 0.0028087861 0.0088119835 0.0098779891 0.0052776536 0.007440925 0.0075748967 0.0031217327 0.0026788775 0.0058550906 0.0102539475 0.0096688901 0.0119011944 0.0123174381 0.0083575061 0.0050634153 0.005900893 0.0105152468 0.0037485088 0.0103073733 0.009151487 0.013721152 0.0071470987 0.0096410965 0.0082374953 0.00210222 0.0071616171 0.0058792253 0.0104853815 0.0087810216 0.0095630514 0.0082655231 0.0072743042 0.0115127192 0.0095798116 0.00869527 0.0033009081 0.0109863579 0.0050497242 0.0097462903 0.0051333987 0.0121099927 0.0075124786 0.0093462854 0.0099785811 0.0113512022 0.0064794011 0.0041415911 0.0073849421 0.0100657409 0.0048105155 0.0089032925 0.0097912355 0.0045625315 0.0023243451 0.0080712092 0.0065375502 0.0069394239 0.0026684217 0.0135859945 0.005826879 0.0050031906 0.0021909116 0.0143934683 0.0056325567 0.0054412716 0.0162158286 0.0090397225 0.00911633 0.0050594674 0.0066835044 0.0150892968 0.0065328192 0.0124376449 0.0054718303 0.0079355431 0.0069841546 0.0065938883 0.0077739742 0.013778964 0.0064578044 0.0047334946 0.0118057761 0.0191753215 0.0159418382 0.0048100966 0.0064637943 0.0033408199 0.0065189197 0.0051776622 0.0073554886 0.0057518778 0.0104241192 0.0122728107 0.0093275657 0.0116990293 0.0047959506 0.0068781939 0.0071340545 0.0067291919 0.0071630803 0.0086995902 0.005892884 0.0111685479 0.0033844956 0.012301424 0.0012575996 0.0064192329 0.0031069264 
16 0.0134487373 0.0098490248 0.007622207 0.0090692221 0.0083169183 0.0030576179 0.0086346494 0.0110337859 0.0072113507 0.0050314326 0.005397939 0.010120638 0.0111995927 0.0030732078 0.0070732977 0.0052585726 0.0029652349 0.0055553716 0.0087592414 0.0061564568 0.001560987 0.0087515376 0.0060572011 0.0109322474 0.0054523913 0.0071607289 0.0072931799 0.0041792578 0.0091361322 0.0057139696 0.0042408141 0.0090627801 0.0061779727 0.0057151116 0.0109804714 0.0028185738 0.0061378812 0.0095920612 0.0106473541 0.0069543968 0.0071771931 0.006615052 0.0109512849 0.0105579364 0.0144043639 0.0152702926 0.007205826 0.0063173296 0.0064506378 0.0129926279 0.0056556295 0.0052791589 0.0100744127 0.0069607881 0.0038566645 0.0103639489 0.0083853872 0.0106951496 0.007677157 0.0046581535 0.0135124021 0.0056236598 0.010162295 0.009041072 0.0057095382 0.0092824957 0.0111134787 0.0064460438 0.0077575228 0.0058515441 0.0048407263 0.0114140772 0.0071794712 0.0051840172 0.0038573338 0.0102032638 0.0067788906 0.0099952023 0.0048027371 0.0084184424 0.0104692087 0.0071307397 0.0056489165 0.0067328695 0.0065218456 0.0035573212 0.0055428601 0.004143154 0.0080945775 0.0066587045 0.0048792007 0.0073296671 0.0078205044 0.0071831546 0.0107389101 0.0068924596 0.0045752226 0.0102897068 0.0092103535 0.0076059969 0.0122304576 0.0092961916 0.0160768831 0.0032555528 0.003974343 0.0088809486 0.0068144858 0.0061901117 0.0155840036 0.0141575468 0.0052567272 0.0058172535 0.0107939164 0.0040897411 0.0082880427 0.0054853592 0.0106283607 0.0039034079 0.0080981459 0.0063422198 0.009253798 0.0121604433 0.0094293319 0.0117925712 0.0105499541 0.0068553855 0.0083168562 0.0093298303 
17 0.0090298091 0.007800344 0.0060017713 0.00707193 0.0049876979 0.0064797112 0.0046869527 0.0084320861 0.0098863436 0.0126726534 0.0171749194 0.0090811083 0.0050927681 0.0071563812 0.0078792189 0.0029652349 0.01122329 0.0091533444 0.010164919 0.013441888 0.0021082353 0.0089926155 0.0060045939 0.0159764938 0.0047116448 0.0028310391 0.0026600796 0.0076640933 0.0037199398 0.0112802607 0.0043768892 0.0054843366 0.0078808682 0.0087263416 0.0103298186 0.0115154978 0.0091946931 0.0007935233 0.0073872016 0.0067055936 0.0076916413 0.0086116357 0.0041362665 0.0027634017 0.0071723195 0.00627181 0.0129556438 0.0059443218 0.0048675907 0.0088656776 0.010845086 0.005419873 0.0098280604 0.0112809235 0.0082022701 0.0054926082 0.0156070017 0.0079683048 0.0089879114 0.0085560043 0.0051907739 0.006033116 0.010030165 0.006481334 0.0048681636 0.0096501908 0.0123405539 0.0156044998 0.0079273342 0.011997505 0.0030795556 0.0092331707 0.0084240295 0.0115075614 0.0053788605 0.0063468559 0.0078425767 0.003796753 0.0063840964 0.0111414807 0.0008892526 0.0090177419 0.0043032658 0.0045485119 0.0040884665 0.0091769611 0.0113454311 0.0114034352 0.0058225182 0.0043444829 0.0049563299 0.0080522545 0.0105381633 0.0076109437 0.0082356699 0.0066702085 0.0099859005 0.0099945175 0.0075777031 0.0082346544 0.0039114712 0.0172767708 0.0035274324 0.0108068438 0.0044177467 0.0052693854 0.0058789875 0.0033554451 0.0101762972 0.004627805 0.0053448091 0.0100276648 0.0092618717 0.0089272986 0.0103805655 0.0082071266 0.0072033716 0.0098220717 0.0057803863 0.0068644594 0.0077121999 0.006142829 0.0073613227 0.0113091926 0.0109718013 0.0055072185 0.0089464937 0.0107316593 
18 0.0078401699 0.0148776884 0.0083268105 0.0080311745 0.0077091307 0.0065719394 0.0018101388 0.0070733466 0.0053555344 0.0060178991 0.0083033743 0.011339918 0.0079698916 0.0090346941 0.0104407025 0.0055553716 0.0091533444 0.0045232667 0.0045331478 0.0098823332 0.0062162724 0.0137727637 0.0049485893 0.0054250808 0.0111170146 0.0078986183 0.0076068376 0.0056313233 0.0116453601 0.0080309163 0.0085188597 0.0062239375 0.0079372238 0.0067097891 0.0069310057 0.0064782918 0.0048237824 0.0076865022 0.011820231 0.0063561449 0.0134433184 0.0109174401 0.0118837694 0.0047174522 0.0093456551 0.0111539161 0.0036155213 0.0077195427 0.0082733712 0.0098763361 0.004543091 0.0084696753 0.0093067226 0.0062861169 0.0083605585 0.0109901484 0.0122477556 0.0039729418 0.0081662628 0.0061065558 0.0063849242 0.0066167141 0.0062327038 0.0128639657 0.0060515858 0.0098980548 0.0036176482 0.006251874 0.0064616682 0.0102436007 0.0061443375 0.010971269 0.0057367857 0.006984368 0.0062654262 0.0030302456 0.0090948499 0.0067713102 0.0106752302 0.0038252265 0.0136494156 0.0055970172 0.0040060904 0.0102896204 0.011162387 0.0072648344 0.0093453326 0.0061686834 0.0062907881 0.0066189252 0.0080794996 0.0026752985 0.010118729 0.0015182457 0.0078078281 0.0094797084 0.0103733483 0.002587401 0.0054875705 0.0102191259 0.0121916732 0.0064979544 0.0059265133 0.0083303928 0.0043483689 0.016174338 0.0059609766 0.0103892207 0.0066723055 0.0050237189 0.0066245089 0.0129053508 0.0046096856 0.0074621169 0.0123377591 0.008560073 0.0166260169 0.0068567574 0.0043791132 0.0094111915 0.0051499178 0.0084279998 0.0086395469 0.0028668724 0.0068674946 0.0073819452 0.0091340153 0.0078579619 
19 0.0074728531 0.0059769099 0.0072990426 0.0082662873 0.0072238221 0.0157513323 0.012956148 0.0075044052 0.0040895961 0.0061926648 0.0084089685 0.0081349393 0.0038617207 0.0079974543 0.0105707056 0.0087592414 0.010164919 0.0045331478 0.0035207448 0.0113909467 0.0051824153 0.0041347468 0.0032179451 0.0139086404 0.0062042242 0.0057292285 0.0060469737 0.0077405112 0.0089768651 0.0069712119 0.0047728308 0.0073701938 0.0106797595 0.0005106894 0.0065650249 0.0099654788 0.0057287902 0.0076859835 0.0107330643 0.0031338309 0.0098390839 0.0106176328 0.0037175372 0.0080024501 0.0099715372 0.0052115711 0.010462729 0.0107275249 0.0092316645 0.0116641326 0.0076449208 0.0090874396 0.009417418 0.0015648269 0.009884794 0.0023776253 0.0091302981 0.0054777583 0.0037052592 0.0066838129 0.0131389564 0.006147376 0.0049311882 0.0049117072 0.0053877698 0.0115365454 0.0083742733 0.0152639405 0.0057369809 0.013534487 0.0097471786 0.0051535247 0.0071024591 0.006554681 0.007015591 0.0040792992 0.0102688528 0.011114693 0.0048193451 0.0078289056 0.0034258769 0.0095718975 0.0047599456 0.0055816301 0.0093560152 0.0057927752 0.008615247 0.0094741158 0.0080275519 0.0100285686 0.0101570002 0.0142614994 0.0079390073 0.0127438182 0.010260693 0.0111978142 0.0096325294 0.0047365156 0.0093657115 0.006433173 0.0080957692 0.0066209273 0.0129646779 0.0064144053 0.0086176195 0.0044076788 0.0048183323 0.006486096 0.0017054702 0.0043469889 0.0144841029 0.011210503 0.0119173429 0.0074686064 0.0103365308 0.0018048184 0.002572234 0.0115336187 0.0070677149 0.0050025648 0.0063079585 0.0048802457 0.011315518 0.0125650411 0.0099194476 0.0067178472 0.0071304069 0.0095241181 
20 0.011421103 0.004535227 0.0063442293 0.0031614569 0.0065047806 0.0093045117 0.0083537025 0.0075783354 0.0060615316 0.0053063803 0.0071625084 0.0095809554 0.0071452459 0.0120793264 0.0116635747 0.0061564568 0.013441888 0.0098823332 0.0113909467 0.0058012554 0.0018850416 0.0108342827 0.0085335362 0.0108811688 0.0090413743 0.0054113786 0.0055056886 0.0140408406 0.0049946089 0.0064346814 0.0057598455 0.0053533813 0.010880883 0.008013478 0.0058686668 0.0063609125 0.0093407808 0.0028978475 0.0037765227 0.0088585376 0.0086311187 0.0094987402 0.0079658375 0.0039125638 0.0091528309 0.0105398371 0.0085681583 0.0079070913 0.0096025806 0.0062246575 0.0082390701 0.0062126844 0.0082399722 0.0057907622 0.0086899639 0.0027633847 0.0052542629 0.004858154 0.0060969633 0.0090630221 0.0082622818 0.0096559337 0.0106259172 0.0106617356 0.0055636917 0.0059865014 0.0148324681 0.0108432053 0.0057041733 0.0080432239 0.0067450115 0.009352359 0.0104455398 0.010177606 0.0033858418 0.0044689514 0.0046641647 0.0112664749 0.0056719385 0.0049417177 0.0036129886 0.0041282927 0.0074657884 0.0106712964 0.0048404146 0.0048303343 0.0048097115 0.0060682162 0.0068377787 0.0110702265 0.011564105 0.0099742946 0.0119062705 0.0074754628 0.0125604732 0.0053911929 0.0090391452 0.0118005643 0.0074274523 0.0103732345 0.0141701911 0.0057865208 0.0074524403 0.000245248 0.0020899476 0.006635516 0.0074471794 0.0035215445 0.0137182594 0.0141615402 0.0084491378 0.0122923483 0.0089062019 0.0105000743 0.0078978912 0.0093894811 0.0087844374 0.0086051946 0.0048429048 0.0042145204 0.0119614949 0.0108516621 0.0042140996 0.0075358562 0.0063134591 0.008954616 0.0075713852 0.0055800052 
21 0.0079665893 0.0079981052 0.009279281 0.0107159552 0.0133003009 0.0064182928 0.0133983626 0.0073849548 0.0061248235 0.0062749989 0.0036723439 0.0062137434 0.0061180083 0.0083628982 0.0028087861 0.001560987 0.0021082353 0.0062162724 0.0051824153 0.0018850416 0.0058578511 0.0064710853 0.0024542998 0.0096854555 0.0064391944 0.0070606124 0.0117808939 0.0014001692 0.0091823893 0.0112058079 0.0129095865 0.0077095231 0.0037856116 0.0116214509 0.0109521005 0.0089084667 0.0075492527 0.0091959235 0.0085762648 0.0093136303 0.0069048543 0.0044423764 0.0079638587 0.012492187 0.0099091373 0.0074275696 0.0035115544 0.0084348156 0.0086125945 0.0041604993 0.0135822662 0.0099836389 0.0081906809 0.0071498769 0.0086419131 0.0030625642 0.0073715564 0.0070195686 0.0058322819 0.0056574051 0.0103081734 0.0046502029 0.0077261484 0.0078306305 0.0126005062 0.003407813 0.0090229426 0.008738121 0.0089585507 0.0113382911 0.0105122955 0.0050286354 0.0083197328 0.006846185 0.008411423 0.0114771821 0.0101138707 0.011605853 0.0046035291 0.0092555645 0.0068312577 0.0110687065 0.0044865832 0.0062105865 0.0124958767 0.0014663076 0.0034080025 0.01237498 0.0080610549 0.0102317807 0.0085196405 0.006800716 0.0047650409 0.0061346038 0.0056752058 0.007265239 0.0122142026 0.0092578593 0.0097644862 0.0077003518 0.0122949834 0.0119851697 0.0083833769 0.0109280432 0.0094585101 0.005589514 0.0028415203 0.0066795744 0.010179259 0.0049595989 0.0115311776 0.0054933635 0.0113056892 0.004437468 0.0111349692 0.0037775217 0.0105496151 0.0122693337 0.0121687445 0.0027435615 0.0095609496 0.008274653 0.0052871255 0.0066495983 0.0086788223 0.0072302841 0.0081981982 0.0065200779 
22 0.0097207959 0.0057438443 0.0065219296 0.0131663167 0.0155306831 0.0048787481 0.0113416558 0.0107517719 0.0025560404 0.0071457514 0.0107882042 0.0056579633 0.0101841574 0.0075344302 0.0088119835 0.0087515376 0.0089926155 0.0137727637 0.0041347468 0.0108342827 0.0064710853 0.0053075237 0.0062861998 0.0090456798 0.0051743512 0.0092324023 0.0051534691 0.0158948165 0.0090952378 0.0080047217 0.0110566754 0.010846447 0.0113933021 0.0099579342 0.0073408544 0.0050965294 0.0085050498 0.0089728447 0.0085018292 0.0053043422 0.0078750028 0.0059489864 0.0092350514 0.0060914858 0.0076103637 0.0124359229 0.0107355995 0.0064705217 0.0104683443 0.0076235345 0.0081328623 0.0090358405 0.0056207754 0.0087012687 0.0053063874 0.0068476354 0.0103399458 0.0070164695 0.0075673775 0.005757309 0.0035501326 0.0055944604 0.0078605303 0.0086359152 0.0078491133 0.0061462756 0.0143919126 0.0055090997 0.006545309 0.0114882927 0.005680858 0.0074555811 0.0090201337 0.0044083159 0.0098928905 0.0099981784 0.0042470859 0.0083449156 0.0060347692 0.0083749746 0.0081357643 0.0065950314 0.0097605468 0.0106352398 0.009163021 0.0072722484 0.004151173 0.0063437972 0.0055485215 0.0120370378 0.0066562542 0.0029640728 0.0104814298 0.0095053958 0.0106532898 0.0061609455 0.0044092976 0.0098928515 0.0056177871 0.0031020025 0.0133909322 0.0047931518 0.005835734 0.0020178464 0.0067293722 0.0051655394 0.0177800836 0.007882715 0.005161543 0.0055243734 0.0088078706 0.0043363602 0.0099956566 0.0082132578 0.0093739121 0.003381186 0.0051876772 0.007156179 0.006096231 0.0075336559 0.0070329771 0.0063705338 0.0061687016 0.0042482457 0.0053373789 0.0095455861 0.0060750834 0.0084615618 
23 0.0044851219 0.0136461993 0.0102473183 0.0094878093 0.005711166 0.0155506319 0.0092417295 0.0067780231 0.0083134184 0.007351115 0.0088239711 0.0075437933 0.0107354307 0.007649378 0.0098779891 0.0060572011 0.0060045939 0.0049485893 0.0032179451 0.0085335362 0.0024542998 0.0062861998 0.0079487838 0.0157266688 0.0049845307 0.0078422306 0.0104433364 0.0044229072 0.0056444258 0.0086140688 0.0058384192 0.0069698502 0.009882137 0.008903323 0.0064348031 0.0056511892 0.0174278269 0.0073271945 0.0132122781 0.0107659842 0.0052474802 0.0064347569 0.0075845656 0.0098713067 0.0053600835 0.0128509305 0.0094003065 0.0075294226 0.0093124048 0.0148541313 0.0099697976 0.0057412129 0.0080774762 0.0118349163 0.0037413771 0.0090503057 0.0055905189 0.0060237027 0.0125504274 0.0075599519 0.0029543876 0.0140104573 0.0060159422 0.0076074333 0.009144734 0.0055552099 0.0118429311 0.0068085725 0.0110182358 0.00370732 0.0082456295 0.0088583074 0.0046079738 0.0090416583 0.0127627625 0.0061414427 0.0066338103 0.0091661196 0.0067125622 0.0137625574 0.0085172673 0.0051176184 0.0089876704 0.0101711368 0.0071070706 0.0077590374 0.0096191905 0.0080134878 0.0102413262 0.0071640892 0.0072067738 0.0039119227 0.0062764554 0.0080570477 0.0057016294 0.0147136934 0.0051104492 0.0082911148 0.0059487014 0.0080835143 0.0041642464 0.0080771074 0.0059068023 0.0065052251 0.0030153554 0.0099509218 0.008757222 0.0049927373 0.0099896824 0.0056356013 0.0032187874 0.006020243 0.0048468709 0.0086522017 0.010390825 0.0063513241 0.0035187483 0.0042298936 0.0079316101 0.0060525953 0.0082949755 0.0083191902 0.0053139954 0.0084839867 0.0046145451 0.0042573128 0.0044764592 0.007863797 
24 0.0054611987 0.0065074572 0.0120428186 0.0039172126 0.0091594008 0.009697234 0.0071882358 0.0012948333 0.0153422619 0.0073731544 0.003281455 0.016761773 0.004924127 0.0093717388 0.0052776536 0.0109322474 0.0159764938 0.0054250808 0.0139086404 0.0108811688 0.0096854555 0.0090456798 0.0157266688 0.006462144 0.0102347777 0.004608499 0.0068080644 0.0088786048 0.0078402057 0.0058220298 0.0100113006 0.0128548535 0.0071232799 0.0071931211 0.0070254889 0.0129352267 0.0053216121 0.0046238304 0.0093691992 0.0056265395 0.0062314337 0.006104539 0.0085484748 0.0132936758 0.0037695811 0.0050994582 0.011031932 0.0062201472 0.0077692262 0.0082640378 0.0081911274 0.0058458915 0.0055878214 0.0094029749 0.0043575973 0.0066799324 0.0082277968 0.0119258529 0.0084951217 0.0058027792 0.0050882147 0.0056719613 0.009507623 0.0101196479 0.0038023811 0.0064447575 0.0089166158 0.0068221635 0.0070569547 0.0047180616 0.0078816491 0.0059191875 0.0075485218 0.0099885396 0.0054443618 0.0162498398 0.0066052448 0.008305101 0.0049280683 0.006914811 0.0054283536 0.0076054252 0.0073274051 0.0125076286 0.0036412099 0.021058492 0.0104723097 0.0081087538 0.0047749463 0.0068876393 0.0079734064 0.0072040947 0.0097865005 0.0035955481 0.007235556 0.0068604376 0.0032119675 0.0029281648 0.0114220951 0.0103974065 0.0078073449 0.008084779 0.010556806 0.0064745901 0.0081278294 0.0117080167 0.0046057497 0.0038597899 0.0069089938 0.0050669741 0.0062134395 0.0035601489 0.0069324624 0.0061810446 0.007460231 0.0107776943 0.0083242524 0.0121587159 0.0108705427 0.0096461548 0.0110109345 0.0035530791 0.0021244316 0.0039620273 0.0044803338 0.0077425839 0.0051474817 0.0075223533 
