128
1 0.0 0.0119167259 0.0031557722 0.0081987901 0.0150012228 0.009328611 0.0028802828 0.0097314405 0.0126102512 0.0087002813 0.005710991 0.0076689728 0.0113677284 0.0054847757 0.0054234709 0.0065982983 0.0055441998 0.0061539709 0.0104390867 0.0043617805 0.0078872961 0.0150866011 0.0030815142 0.0077284599 0.0023184943 0.0063924963 0.0029004647 0.0058309437 0.0073182156 0.0118753651 0.005578315 0.0079641611 0.0092533367 0.0126321778 0.007678774 0.0036276635 0.0058621266 0.006138201 0.0047080057 0.0112094321 0.0073585903 0.0106497618 0.0081377111 0.0082941335 0.0066887945 0.0045261135 0.0048017084 0.0068266382 0.0034348517 0.0111084808 0.0086327926 0.0029915705 0.0039928526 0.003931877 0.0077814805 0.0126349568 0.0080075411 0.0107907621 0.0077812203 0.0108376508 0.0026004138 0.0052881898 0.0059493385 0.008361598 0.0136739778 0.0095070548 0.0053212091 0.0068731186 0.0102578105 0.007155901 0.0110752303 0.0088443823 0.0071454886 0.0046611485 0.0109890432 0.0086853639 0.0047812764 0.0096573886 0.0092052359 0.0136761672 0.0085732694 0.0094840115 0.0102901846 0.0081707626 0.0122575552 0.0041674958 0.0098671362 0.0117945986 0.0077686162 0.0069711679 0.0100765468 0.0089325146 0.0025652388 0.0115718722 0.0110744731 0.0084551681 0.0077774823 0.0096060476 0.0116304932 0.0019479105 0.0080305179 0.0050899013 0.014589615 0.0115322554 0.0073407973 0.0131619697 0.0072888392 0.0126441975 0.0110804683 0.0089682718 0.0047935034 0.0133155302 0.0086271704 0.0081559646 0.0034589594 0.01008135 0.0084215687 0.0027067779 0.0040750743 0.014435009 0.0035718716 0.0034959865 0.0049030101 0.0087102131 0.0080155308 0.0068117361 0.0028940227 0.0025498201
2 0.0119167259 0.0 0.0098296617 0.0112155194 0.0061024719 0.0103402754 0.0049059054 0.0095821693 0.0083999287 0.0095989189 0.0071923732 0.0079972057 0.0086283985 0.0017883212 0.0080728109 0.0071779131 0.0101739519 0.014643149 0.010240165 0.0127173762 0.0061049262 0.004237539 0.002347337 0.0054635749 0.0037843961 0.0031597781 0.0076575192 0.0084953158 0.0155777589 0.0146513918 0.0104417022 0.0084831061 0.0036474899 0.0047916879 0.0087691812 0.0109960936 0.008922819 0.0004758287 0.0128987063 0.011902861 0.0105865823 0.0071989463 0.0084747725 0.004577815 0.0043300056 0.0083243191 0.0090760621 0.0044646754 0.003493615 0.0101006551 0.0017268679 0.0032855155 0.0089894976 0.0046741812 0.0049682571 0.0118182948 0.0127056909 0.0101230846 0.0068763653 0.0079546138 0.0103982699 0.0082432923 0.0079777642 0.0119970169 0.008378335 0.0106170489 0.0082690969 0.0052888234 0.0100617128 0.0061808684 0.0036772483 0.0084213889 0.0058495367 0.0078552286 0.0072177115 0.005307457 0.0065873789 0.008690364 0.0094241645 0.0077047311 0.0038580324 0.0083539457 0.0058587144 0.0102659513 0.0081551896 0.0111559625 0.0106569369 0.0086886732 0.0049319452 0.0059583782 0.0068990011 0.0122812349 0.0044828563 0.0128174769 0.002937299 0.005872237 0.0090403271 0.0064407129 0.00223357 0.0061657352 0.0054326475 0.0083156632 0.0026875028 0.0137887306 0.0085967613 0.0030694293 0.0040753281 0.0095499448 0.0112853222 0.011514038 0.0115813793 0.0071416323 0.013407912 0.002260648 0.0031529167 0.0133665066 0.0134366688 0.0085266516 0.007419927 0.0104099865 0.0089342047 0.0088088791 0.0080653666 0.004737135 0.0041990735 0.0074590001 0.0148712008 0.0016218547
3 0.0031557722 0.0098296617 0.0 0.0030104736 0.0125248734 0.0058834738 0.0132086008 0.0102924053 0.0121439817 0.0109295909 0.0081872849 0.0051223925 0.0020645731 0.0067661082 0.004785024 0.0067125271 0.0043987033 0.0030272416 0.0081549762 0.0141012229 0.0053418178 0.010827147 0.0147037396 0.0097859134 0.0080110431 0.010211291 0.0086925238 0.010554919 0.0081065958 0.0116418058 0.0031942981 0.0114701909 0.0071942122 0.0080054008 0.009438663 0.0048228654 0.0125429309 0.0116279874 0.0063890827 0.0028836682 0.0064113613 0.0054432716 0.0078474387 0.0050237698 0.0042485436 0.0100368466 0.0129912766 0.008502624 0.0137970149 0.0081111895 0.0070097804 0.0050501324 0.0055094379 0.0075413242 0.0117980494 0.0039186501 0.0073024156 0.0124927682 0.008463162 0.0012022963 0.0038340586 0.0106547884 0.0106845288 0.0146215088 0.0078624974 0.007286981 0.0072336161 0.0113123404 0.007685387 0.0057973565 0.0080464579 0.0053250214 0.0077959185 0.0040208929 0.0075627199 0.0086347972 0.0129376877 0.0107024432 0.0060593004 0.005524841 0.0030537601 0.0133096858 0.0028066634 0.0024346538 0.0018320303 0.0071374656 0.0048601824 0.0055501057 0.0096343261 0.0091465973 0.0085791191 0.010865493 0.0104910285 0.0077710873 0.0033680392 0.0138145427 0.0051008602 0.0074110377 0.002578156 0.0147576701 0.0072552877 0.0033601166 0.0117214658 0.0065444558 0.006907937 0.0053381407 0.0053499799 0.0106945529 0.0028417543 0.000945376 0.0113963355 0.0064596238 0.009314593 0.0131732538 0.0075150936 0.0030447903 0.0099842776 0.0066319624 0.0119827111 0.0058181957 0.0074561671 0.0096366823 0.0091207604 0.0099181498 0.0114130929 0.0093335851 0.0084657366 0.0078439392
4 0.0081987901 0.0112155194 0.0030104736 0.0 0.0034331146 0.0118672258 0.0068286251 0.0067892372 0.0079789206 0.0080231992 0.0051819787 0.0093912242 0.0090197882 0.0120247086 0.004729509 0.0112825014 0.0042564881 0.0072712585 0.0129625947 0.0092361632 0.0066221343 0.010045891 0.0078274908 0.0022835516 0.0086956403 0.007858744 0.008172181 0.0018905724 0.0093635224 0.0017277476 0.0079826294 0.0111253744 0.0114323522 0.0072986004 0.0106587295 0.0013095865 0.0093473253 0.0043111896 0.00588329 0.0074846028 0.0125189731 0.0018499634 0.0080223543 0.0077599649 0.0064254366 0.0080613945 0.0043858538 0.0060315649 0.0047202585 0.0034836829 0.005944424 0.0077097863 0.0035250851 0.0128329887 0.0093572887 0.0087133138 0.0131547836 0.0045954134 0.0047702451 0.0061714896 0.0165432355 0.0055621185 0.0098936197 0.005874256 0.0082281604 0.0075755326 0.0081175976 0.0057679545 0.0122814036 0.0065122049 0.0111154593 0.0075105933 0.0077674586 0.006525398 0.0119416049 0.0058152143 0.0100149812 0.0072845042 0.0053686059 0.0033111976 0.0048761608 0.0098871222 0.0115111965 0.0045967542 0.0089549117 0.0050988517 0.0065792234 0.0065206101 0.0126829779 0.0056069363 0.0070287405 0.0126970187 0.0114481285 0.0078118552 0.0104952652 0.0061480101 0.0117277937 0.0112630714 0.0076615242 0.0048664256 0.0061169095 0.007418614 0.0105998679 0.0151222834 0.0048096979 0.009347522 0.0069192041 0.0119108963 0.0050170261 0.0101785105 0.0134143027 0.0083020033 0.0080615188 0.006937834 0.0138007406 0.0042596378 0.0055172915 0.0072470472 0.0076476255 0.0071842248 0.0135650445 0.0118825537 0.008310943 0.0045111542 0.0087226135 0.0073552745 0.0075713054 0.0037379346
5 0.0150012228 0.0061024719 0.0125248734 0.0034331146 0.0 0.0116373683 0.0044413695 0.0074734259 0.0043645947 0.0023100248 0.0098498809 0.0029762154 0.0078851054 0.0039510543 0.0089832861 0.0112839273 0.0102019501 0.0097180869 0.0054098495 0.0029911208 0.0039474309 0.0054149747 0.0090444698 0.0020251423 0.0049942845 0.0079536093 0.0044222647 0.0105490349 0.0057085653 0.0097210878 0.0051747697 0.0058483653 0.0085251637 0.0145943148 0.0038880687 0.0050295546 0.0138135962 0.0080464134 0.0054538107 0.0110117957 0.0083949223 0.0030097395 0.0091805893 0.0108848433 0.0090480005 0.007320874 0.0111177831 0.0046257367 0.011427272 0.0082825217 0.0047643314 0.0131072322 0.0130411334 0.0038390107 0.002417638 0.0124623335 0.0084912704 0.0093204806 0.0049977072 0.003602482 0.0022715666 0.006208653 0.0094745288 0.0087927937 0.0063127549 0.0097215075 0.0135830889 0.0046511145 0.0100365373 0.0042078978 0.0093446257 0.0095463799 0.0037441644 0.0072372055 0.0079993627 0.0076238472 0.0137533961 0.0079667879 0.0116932098 0.0040230192 0.0066005406 0.0021348134 0.0078843777 0.0054811259 0.0023710551 0.0079187244 0.0115391241 0.009835587 0.0071512084 0.0055588037 0.005043112 0.0066710397 0.0091758035 0.0058190744 0.0109958985 0.003350322 0.0081604975 0.0096668874 0.0077115609 0.0021431593 0.0122866409 0.0082429332 0.0089505261 0.0164679186 0.0070125253 0.0071692741 0.0083253194 0.0070368925 0.0081382373 0.011033817 0.0128287381 0.0095012767 0.010749925 0.0100765766 0.0095724943 0.0064480113 0.011742588 0.0084717943 0.0105271105 0.0134394328 0.0095334555 0.0053584116 0.0103073418 0.0061796346 0.0083208721 0.0138996593 0.0062203003 0.003711575
6 0.009328611 0.0103402754 0.0058834738 0.0118672258 0.0116373683 0.0 0.0063288729 0.0043479464 0.0094457191 0.0041223324 0.0082161033 0.0115060873 0.0112528938 0.0036073853 0.0055286135 0.010504867 0.0086968024 0.0071364391 0.0094196032 0.0026877539 0.0118709772 0.0072895817 0.0060889804 0.008842175 0.0086915038 0.0117216246 0.0092085238 0.0120999993 0.0056507288 0.0110012237 0.0071105259 0.0106602939 0.0093493424 0.0035473601 0.0076752154 0.0089763381 0.0113403959 0.0050892837 0.0119745868 0.0040873607 0.0052857405 0.0088317728 0.0040766689 0.0028719572 0.0099545461 0.0040951963 0.0106685701 0.0118857845 0.0071569496 0.0050716097 0.0064228574 0.0055782815 0.0106889813 0.0027636516 0.0060124055 0.0042111909 0.0066374527 0.0060924198 0.0121068151 0.0082249156 0.0081512102 0.0064725171 0.0050878199 0.0037810543 0.0057976626 0.0092085957 0.009266602 0.0095847966 0.0074974374 0.0127108046 0.0097664336 0.0039772512 0.0107346734 0.0057311118 0.0074361555 0.004088126 0.0043757541 0.004527783 0.0084855889 0.0067719963 0.0070847447 0.0104148264 0.0091917779 0.0100515263 0.0110369969 0.0105091203 0.0117728866 0.0056962542 0.0048688217 0.0040280584 0.0115766795 0.0072812933 0.0041942097 0.0068499999 0.0100983702 0.0081452063 0.0094878893 0.0106142834 0.0099882397 0.009993487 0.0081092454 0.0067591502 0.0064774005 0.0043697634 0.0095399852 0.0077176919 0.0062738829 0.0100932438 0.0083075313 0.0076321006 0.0028507056 0.0114850302 0.0106440933 0.0062747058 0.0032462533 0.0083877183 0.0105121342 0.0030449485 0.0049025758 0.0105233675 0.0074994913 0.0113278405 0.003803071 0.01174884 0.0105815036 0.0104153961 0.0089944735 0.0093676487
7 0.0028802828 0.0049059054 0.0132086008 0.0068286251 0.0044413695 0.0063288729 0.0 0.0077621 0.0073940592 0.0073511999 0.0050616577 0.0088681031 0.0110741648 0.006707895 0.0118135668 0.0040428407 0.0004180302 0.0067793764 0.0044781306 0.0055750918 0.0114394379 0.0083987489 0.0079496675 0.0061649803 0.0129982553 0.0079155953 0.0049448601 0.0075559265 0.0114216495 0.0143639361 0.0056003977 0.0081152837 0.0135510932 0.0093409232 0.0095285425 0.0130419101 0.0035034385 0.0036518488 0.0137260938 0.0074023764 0.0071744078 0.0082855565 0.003975674 0.0079833002 0.0084255857 0.0033160081 0.0030086982 0.0091833632 0.0051182967 0.0040204064 0.0119497984 0.0095828994 0.0073829587 0.0101522802 0.0081856134 0.0102704422 0.0057433889 0.005326262 0.0115332132 0.0058569353 0.0105650555 0.0088116558 0.0063449101 0.0120518928 0.0097647021 0.0069236507 0.0087368794 0.0024718025 0.002806516 0.0083641429 0.0090069967 0.0060955424 0.0097990018 0.0032809828 0.003396422 0.0031833386 0.0131070507 0.0124629855 0.0039484134 0.0107248763 0.009552835 0.0094592111 0.0065695565 0.0083910477 0.0069086771 0.0080376372 0.0111885687 0.0033568182 0.0060374057 0.0108280598 0.0061323369 0.007398181 0.0090441801 0.0070465189 0.0079399885 0.0067742957 0.0127752956 0.0076788351 0.0121220582 0.0076496043 0.0086744397 0.0105883274 0.0104751532 0.0096882308 0.0085221783 0.0057076952 0.007346751 0.0087159311 0.0062558617 0.0104327747 0.004773557 0.0121197187 0.0089383566 0.0061511919 0.0048632021 0.0069258675 0.0081743673 0.007753429 0.0135582612 0.0047711279 0.0029536859 0.0101427433 0.0064819955 0.0104980717 0.0050325573 0.0066908194 0.0125536455 0.0114622038
8 0.0097314405 0.0095821693 0.0102924053 0.0067892372 0.0074734259 0.0043479464 0.0077621 0.0 0.0096788195 0.0101364036 0.0114536207 0.0090597627 0.0132153429 0.0111023325 0.009872368 0.0082915596 0.0078939497 0.0061674808 0.0075517367 0.0078750216 0.0126909166 0.0084894271 0.0104381143 0.0062903481 0.0051800564 0.0095609206 0.010527754 0.0129254803 0.0060175907 0.0081246468 0.0003123546 0.0040691714 0.0101646608 0.0108936128 0.0056584033 0.0107201456 0.0061032656 0.0032996292 0.0114262828 0.0076844904 0.0120896551 0.006794158 0.0057349631 0.0053974674 0.0003637183 0.0073341344 0.007787569 0.0065749606 0.0032898032 0.0062639203 0.012276552 0.0028186908 0.0069402231 0.0075524234 0.010406436 0.0076100577 0.0069465075 0.0138263793 0.0018779689 0.0029912534 0.008976778 0.0124471784 0.0097289445 0.0077277727 0.0054089055 0.0108000514 0.0054719211 0.0074561622 0.0057719724 0.0102171418 0.0115416784 0.0092530478 0.004448344 0.0043903663 0.0027145751 0.00815225 0.0087473133 0.0124983767 0.0046169969 0.0038032952 0.006652082 0.0078267545 0.0107813611 0.0077847694 0.007358415 0.0099349825 0.0125475784 0.0010876425 0.0038780052 0.0071588051 0.0088188655 0.0133939278 0.0053941224 0.0059489414 0.0116224481 0.0125326333 0.0006553673 0.012759025 0.009887492 0.0141846949 0.0016387857 0.0112494735 0.0083170668 0.0084830116 0.0018684119 0.0086838244 0.0115908888 0.0039592067 0.0129992143 0.0047302554 0.0053968803 0.00450038 0.0093490109 0.0039966636 0.0134943306 0.003018367 0.0121706185 0.0063274146 0.0063824777 0.0090250497 0.0039868537 0.0085066204 0.0131196548 0.0096556849 0.009639822 0.0054126606 0.0101689311 0.0042162202
9 0.0126102512 0.0083999287 0.0121439817 0.0079789206 0.0043645947 0.0094457191 0.0073940592 0.0096788195 0.0 0.004368182 0.0112044851 0.002923402 0.0039018811 0.0029384941 0.007877326 0.0085941991 0.0037254448 0.012969 0.0101414301 0.0065886929 0.0063906164 0.00432274 0.0089109556 0.0071412852 0.0125665941 0.0032843814 0.0065401459 0.0092507948 0.0078716124 0.0126257442 0.0056875645 0.0070788612 0.0092458653 0.0082716335 0.0080733021 0.0076303948 0.0049354569 0.0075048725 0.0071249525 0.0034805388 0.0051984314 0.013564471 0.0035255071 0.0082217533 0.0027755944 0.005539389 0.0032934706 0.0065851423 0.0126456162 0.008768808 0.0070920122 0.0130889702 0.0005580761 0.0076421836 0.0051801672 0.0095485566 0.0116949947 0.0049208383 0.0065077726 0.0060095073 0.0113781274 0.0045519408 0.0090232553 0.0040929802 0.0091403099 0.0099529195 0.0047595334 0.0070558966 0.0010747068 0.0071224289 0.0028224049 0.0137343646 0.0021924038 0.0155861453 0.0065497237 0.0029050347 0.0060425184 0.0114526591 0.006615287 0.0031525315 0.0026766311 0.0095751162 0.0040444268 0.0042108123 0.0045622975 0.0066502495 0.0106242331 0.0109003299 0.005984018 0.0141787705 0.0089976158 0.0143222666 0.0095193442 0.0100437317 0.0056842445 0.0079581627 0.0079550507 0.0125447832 0.0089651654 0.010226414 0.0135867938 0.0138412202 0.0074023019 0.0084018898 0.0055541702 0.0054103725 0.0077674437 0.0113053364 0.0114038577 0.0073785159 0.0076858436 0.0106242948 0.0090573898 0.0095658253 0.014322505 0.0063577608 0.0144106833 0.0026353478 0.0054878051 0.0113813775 0.0081148209 0.0106274292 0.0117598428 0.0072618178 0.0089478676 0.0080500966 0.0085493557 0.0067308129
10 0.0087002813 0.0095989189 0.0109295909 0.0080231992 0.0023100248 0.0041223324 0.0073511999 0.0101364036 0.004368182 0.0 0.009597969 0.0117143544 0.006777909 0.0035927284 0.0090564804 0.0042287222 0.0076816062 0.0110373496 0.0060824561 0.0081693194 0.0083855757 0.0139927606 0.0013686061 0.0050626952 0.0084187403 0.0099788596 0.0077005654 0.005922887 0.011498387 0.0102735992 0.0102392935 0.0084629976 0.0079443946 0.0064000524 0.0098207354 0.0081906975 0.0103216163 0.0155750458 0.0101027318 0.0053735701 0.0100021407 0.0060362801 0.0067264357 0.0087977363 0.0054021347 0.0115656471 0.009602805 0.0064636055 0.0036884687 0.0075086798 0.0128347423 0.0026263979 0.0101497455 0.0098218193 0.0093399035 0.0050696004 0.0088292827 0.0007730056 0.0030668939 0.0095213366 0.0032023837 0.009017928 0.0085628915 0.003982763 0.0110256699 0.0067416848 0.0028432886 0.0074364771 0.0078159938 0.0134229091 0.0051348694 0.0085615557 0.0085151982 0.0066798885 0.0125779883 0.0133334757 0.0075242123 0.0101008064 0.0129395252 0.0070066918 0.0141505141 0.0093804668 0.0016764478 0.0042698095 0.012604388 0.0092677493 0.0094711368 0.0054240649 0.00669602 0.0096912936 0.0023367115 0.0052942653 0.0050619875 0.0071742564 0.0105982222 0.005119967 0.0056570045 0.0125040949 0.005847507 0.0117389931 0.0087843382 0.0073627424 0.0046589457 0.008595705 0.0154730359 0.012461467 0.0067169913 0.0101488511 0.0045104972 0.0126664189 0.0064287603 0.0030305004 0.0122823265 0.0076169334 0.0082523279 0.010351829 0.0090608006 0.0065193638 0.0051741017 0.0086735301 0.0009719368 0.0017399287 0.0113357018 0.00584743 0.0073117667 0.0085838229 0.0025378458 0.0061714993
11 0.005710991 0.0071923732 0.0081872849 0.0051819787 0.0098498809 0.0082161033 0.0050616577 0.0114536207 0.0112044851 0.009597969 0.0 0.0070733986 0.0048028921 0.0095900297 0.0057379977 0.0022806986 0.0121089619 0.0076365635 0.0076420292 0.0107267734 0.0072784402 0.0130566797 0.014812948 0.0111460406 0.006815594 0.0127954616 0.004814815 0.0076444874 0.0076821829 0.0079847314 0.0087952919 0.0137608539 0.007228111 0.0104035702 0.0076385851 0.0121376617 0.0078479937 0.0087577031 0.0081556516 0.009555763 0.0039982446 0.0105907592 0.0138634242 0.0138570675 0.0039151726 0.0084111602 0.0048295256 0.0072989279 0.0123831818 0.0099918001 0.0072712283 0.0059833981 0.0093374173 0.0010257854 0.0072239524 0.0034025444 0.0097205711 0.0115708267 0.0087491474 0.0142090023 0.0087377618 0.0081287664 0.0037092475 0.0084935075 0.0066483783 0.0112930188 0.0072970918 0.0065817086 0.0006301743 0.0017499029 0.0079300838 0.0136994258 0.0065954024 0.0124732915 0.0028645823 0.0059844896 0.0054928669 0.0033004545 0.0097850981 0.0125599062 0.0128377427 0.0052471078 0.0100875729 0.005610368 0.0076845546 0.0124673008 0.0030658435 0.0087928418 0.0066998978 0.0077848604 0.0080492117 0.0115205307 0.0142195883 0.0083497361 0.0115384965 0.0092357871 0.006884776 0.0029463063 0.0069938389 0.0047521054 0.0084112245 0.0118221921 0.0134767318 0.0030206551 0.0084560669 0.0056091801 0.0116688669 0.0108833665 0.0019586849 0.0078927625 0.0031669901 0.0037378599 0.0055764332 0.0073837921 0.001688797 0.0038435684 0.0029028362 0.0095493117 0.0044761898 0.004702579 0.0077564499 0.0023245484 0.0045957922 0.0083709381 0.006128753 0.0050625657 0.0120061311 0.0096017143
12 0.0076689728 0.0079972057 0.0051223925 0.0093912242 0.0029762154 0.0115060873 0.0088681031 0.0090597627 0.002923402 0.0117143544 0.0070733986 0.0 0.0147086905 0.0047379699 0.0053782166 0.0137959181 0.0053556283 0.0060738503 0.0065583684 0.009290711 0.0074052164 0.0084790796 0.0057634994 0.005123478 0.0043612002 0.0060688025 0.0025648746 0.004419807 0.0089586348 0.0095223058 0.004985422 0.0116187134 0.003255942 0.0041879102 0.0033459511 0.0067420321 0.0090622588 0.0092241518 0.0100830831 0.0079755373 0.0151379572 0.009711148 0.0076307551 0.0102886004 0.0091533116 0.0116917013 0.0083403461 0.0120837018 0.0136609633 0.0055096696 0.0032277528 0.0071661972 0.0056382456 0.0104264893 0.0015906655 0.0111669584 0.0113087034 0.0017341616 0.0068603302 0.0093216377 0.0084917631 0.005040973 0.008758809 0.0101608742 0.0127281016 0.0120603828 0.0046857435 0.0111542509 0.0047792349 0.0072358326 0.0050529955 0.0094670969 0.0129605889 0.0094961057 0.0094555079 0.0078886236 0.0082322972 0.012398075 0.0069926246 0.0048517552 0.0028934253 0.0133542031 0.0053124907 0.0096235012 0.0055870109 0.0090047643 0.0095862826 0.0098837086 0.011353182 0.0062810244 0.0100609134 0.0079256695 0.0085566141 0.0062454486 0.0129531981 0.0068783886 0.0090246357 0.0088141093 0.0038274785 0.0107047646 0.0038646458 0.0083324478 0.0044606941 0.0113859682 0.008654615 0.0027822903 0.009269151 0.010265087 0.0126577774 0.005496788 0.0025896137 0.0120873873 0.0074155486 0.0017418484 0.010347724 0.0111624745 0.004164209 0.0083825613 0.0091390191 0.0041104329 0.0023147948 0.0015590245 0.0061593948 0.0084470027 0.0069710017 0.00809319 0.0131139446 0.0102712463
13 0.0113677284 0.0086283985 0.0020645731 0.0090197882 0.0078851054 0.0112528938 0.0110741648 0.0132153429 0.0039018811 0.006777909 0.0048028921 0.0147086905 0.0 0.0090621788 0.0117369802 0.0114300846 0.0068971014 0.0126668954 0.0054530488 0.0018247588 0.0049947284 0.0100671787 0.0137294008 0.0019429814 0.0092051825 0.0086040811 0.0086879086 0.0032011922 0.0089535336 0.0018211801 0.0065821039 0.009741095 0.0086949302 0.004511607 0.0087899699 0.0067256502 0.0076216174 0.0052937312 0.0064421185 0.0041808547 0.0118557989 0.0095675047 0.0129972441 0.0093574612 0.0080835898 0.005851746 0.0126434791 0.0091272076 0.0056215842 0.0063545809 0.0097151681 0.0060526639 0.0103969329 0.0074678143 0.0139303323 0.007627558 0.001559499 0.0061890601 0.0093127632 0.0058736111 0.0068336406 0.0127874707 0.0016929418 0.0108377303 0.0089604162 0.0092249312 0.0051259738 0.007836064 0.0058035235 0.0036049988 0.0052844587 0.0052590036 0.0081221279 0.0060994717 0.0055997488 0.0146274832 0.010232105 0.0095445891 0.0102520562 0.0157208999 0.0079256629 0.0049639252 0.0053295413 0.011150911 0.0090848697 0.0104648457 0.0020011163 0.0111773574 0.0098410984 0.006464378 0.0139195817 0.0066385364 0.0060852289 0.0017599788 0.0088040974 0.0127200336 0.0101283449 0.0118395025 0.0126213792 0.0037334989 0.0088365283 0.0066906779 0.0091887581 0.0030060404 0.0047763241 0.0062218799 0.0061540164 0.0041999971 0.0117285063 0.004976219 0.0106395396 0.0033136462 0.0039643697 0.007146601 0.0077967076 0.0106878443 0.0047100471 0.003163282 0.014362869 0.005879234 0.0064576016 0.0088160048 0.0067434519 0.003326753 0.0082536546 0.0108319251 0.0057962262 0.0090807111
14 0.0054847757 0.0017883212 0.0067661082 0.0120247086 0.0039510543 0.0036073853 0.006707895 0.0111023325 0.0029384941 0.0035927284 0.0095900297 0.0047379699 0.0090621788 0.0 0.0127570553 0.0066802334 0.0104373304 0.0130948534 0.0101585722 0.0157779071 0.011105081 0.0020209787 0.0073791829 0.0100742642 0.0042779431 0.010233516 0.0084119606 0.0099257425 0.0123377068 0.0054004821 0.0096016744 0.0100180616 0.01246838 0.0104088786 0.0011528762 0.0078985126 0.0072645648 0.0045785556 0.0022796317 0.0107337942 0.0126118125 0.007836377 0.0014551941 0.0111843236 0.008207786 0.0097038876 0.0016795917 0.0047827027 0.0073589363 0.0072585634 0.0087003645 0.0073656487 0.0065548465 0.0107096427 0.0087498517 0.0047200133 0.0061880214 0.012169979 0.0057697633 0.0102162088 0.0097265609 0.0028027223 0.0081394363 0.0112681009 0.0071869503 0.004047012 0.0133943994 0.0088898308 0.0092527033 0.0078779843 0.0125994491 0.0082194793 0.0095364874 0.0094555456 0.0065263223 0.0025016878 0.0080190427 0.0042559681 0.0072253668 0.0087950868 0.0074208757 0.0099538988 0.0057838358 0.0041972769 0.0118469411 0.0078964574 0.0078352541 0.0071850639 0.0064854841 0.0136526504 0.0067666445 0.0063848275 0.0127637345 0.0047142268 0.004709322 0.0088796238 0.0028533148 0.00533418 0.0056861008 0.0042639277 0.0059185363 0.0067045991 0.0083363416 0.0033327113 0.0140544784 0.0052140595 0.0082701935 0.0125117137 0.0076401522 0.0019351876 0.0083871592 0.0096446252 0.0111085872 0.0104316271 0.0101240134 0.0087768218 0.0021421428 0.0062750933 0.0099990606 0.0037598618 0.004496611 0.0128636942 0.0149390591 0.0123599226 0.0059288508 0.0126343094 0.0099537011 0.0068678735
15 0.0054234709 0.0080728109 0.004785024 0.004729509 0.0089832861 0.0055286135 0.0118135668 0.009872368 0.007877326 0.0090564804 0.0057379977 0.0053782166 0.0117369802 0.0127570553 0.0 0.0122404275 0.0112308313 0.015411811 0.0087365084 0.0091513647 0.001391322 0.0104696618 0.0095344174 0.0109484851 0.0087997029 0.0065123131 0.0093063581 0.0065953798 0.0109377983 0.0053912664 0.0101631324 0.0057316791 0.0037027312 0.0046485859 0.0116379688 0.0084469023 0.0073099585 0.0084384999 0.0034692106 0.0112510269 0.0099155095 0.0102095791 0.0048471248 0.0074089179 0.0077304477 0.0032740993 0.0056075023 0.0002025681 0.0092126897 0.0056338602 0.0086139035 0.0114529255 0.011984099 0.0067407726 0.0052306502 0.0114611523 0.0106508154 0.0099595037 0.0101945845 0.014383698 0.0108859175 0.0136378626 0.0030664381 0.0079577806 0.0047806316 0.004414844 0.0049842205 0.0080590006 0.0059575108 0.0057592738 0.004039074 0.0081805095 0.0129489851 0.0085829239 0.009826003 0.0102133575 0.0047946347 0.0100912293 0.01113052 0.0046506932 0.0042652145 0.0081908501 0.006734329 0.0078837966 0.0069437069 0.0085498429 0.0056832092 0.0055387635 0.0085395424 0.0033484605 0.0108379447 0.0114872729 0.0093261296 0.0059295535 0.0009883985 0.0098454518 0.0054288435 0.006674863 0.0080766168 0.0065181427 0.0094436948 0.0135288762 0.0007921994 0.0010233731 0.0056169967 0.0118736475 0.0073126868 0.0130686751 0.0042058391 0.0067052089 0.0154377712 0.0058307033 0.0012502083 0.0050811991 0.0072735289 0.0063054106 0.0109533035 0.0131738146 0.0143661651 0.0121671993 0.0109037594 0.0013611264 0.0034311417 0.0037710842 0.0091134423 0.0038537084 0.0060939145 0.0133845266
16 0.0065982983 0.0071779131 0.0067125271 0.0112825014 0.0112839273 0.010504867 0.0040428407 0.0082915596 0.0085941991 0.0042287222 0.0022806986 0.0137959181 0.0114300846 0.0066802334 0.0122404275 0.0 0.0107162258 0.0077289022 0.0042462039 0.0010533728 0.0043461445 0.0047502254 0.0063323842 0.0108212579 0.0038563074 0.0073408459 0.0006076834 0.0138894043 0.0133233582 0.008157521 0.0038918939 0.0078367363 0.0087523113 0.0064178537 0.0063557502 0.0040299467 0.0132812645 0.0110021891 0.0012191978 0.0032352852 0.0094799623 0.0126213451 0.0084215413 0.0057149197 0.0111613568 0.0074021578 0.0041175719 0.0116931016 0.0087918291 0.0135478511 0.0039500452 0.0079280396 0.0103058199 0.0053459918 0.0089888068 0.0069527087 0.0091322225 0.0080963324 0.0045017071 0.0067412434 0.0079172465 0.0076746772 0.0079796461 0.0075350337 0.0053353136 0.005377498 0.0137125357 0.0066935015 0.0086331323 0.0082049333 0.012313435 0.0025823211 0.0063042833 0.0095766372 0.0084566478 0.0079525195 0.0103095374 0.0027857639 0.0079650942 0.0072586389 0.0051661329 0.0073860165 0.0077798359 0.0062927198 0.0120132567 0.0051004461 0.0098084249 0.0064188027 0.0021191054 0.0056079154 0.0122459394 0.006936038 0.0080930612 0.008077981 0.0051845921 0.0046553294 0.0140555184 0.0065619126 0.0080560947 0.0057926398 0.0021317883 0.0089631685 0.0035417195 0.0062192872 0.008929012 0.0083651786 0.0066479397 0.0088373868 0.0123568175 0.0123269935 0.0086306894 0.0066762061 0.0121101358 0.0102117251 0.0140005854 0.0100202499 0.0063323634 0.0080304492 0.0105684224 0.0097062899 0.006649273 0.0116337501 0.009707534 0.0110128123 0.0096517092 0.0059935939 0.0105009078 0.0050923149
17 0.0055441998 0.0101739519 0.0043987033 0.0042564881 0.0102019501 0.0086968024 0.0004180302 0.0078939497 0.0037254448 0.0076816062 0.0121089619 0.0053556283 0.0068971014 0.0104373304 0.0112308313 0.0107162258 0.0 0.0091299981 0.0138578076 0.0058357303 0.0102311261 0.0153066909 0.0118450843 0.0028880637 0.0102997028 0.0052784742 0.0146772093 0.0067751028 0.008189602 0.0049482774 0.0043770201 0.0053547687 0.0049726877 0.0118298915 0.0072320635 0.0121997068 0.0098041991 0.0074956758 0.0118260673 0.0057029168 0.0104937018 0.0036689707 0.0071342385 0.0092096472 0.0112710072 0.0049927698 0.0072240082 0.0075162644 0.0112132592 0.0024671347 0.01256677 0.0137015522 0.0072705214 0.0019370831 0.0033532974 0.0064326253 0.0070292606 0.0080890618 0.0128023029 0.0075563912 0.0020268139 0.0035177722 0.0031756588 0.0075751948 0.0030871773 0.0028076445 0.0138136544 0.0121453946 0.0081211837 0.0108447215 0.0062328721 0.0138918442 0.0112136068 0.0030354465 0.004298022 0.0077029827 0.0137860149 0.0034424962 0.0071286363 0.0038848803 0.0130922097 0.006015437 0.0067525668 0.0063344818 0.0018200682 0.0132115738 0.0072677399 0.0124586966 0.0124257441 0.0098579811 0.0101032757 0.0014793636 0.0131597489 0.0045007521 0.0127598445 0.007525265 0.008814151 0.0076190211 0.0041623643 0.0101182373 0.0060406944 0.0077417522 0.0062107991 0.004958844 0.0072638947 0.0116836081 0.0058277309 0.0060406152 0.0120321422 0.0034556195 0.0117374946 0.0045239267 0.0051453412 0.0098535853 0.0126788273 0.0108908364 0.0085055085 0.0039025554 0.01425248 0.0048031314 0.0045426885 0.0032250039 0.0112112151 0.0078732534 0.0035017036 0.0095578903 0.0081043664 0.0074990114
18 0.0061539709 0.014643149 0.0030272416 0.0072712585 0.0097180869 0.0071364391 0.0067793764 0.0061674808 0.012969 0.0110373496 0.0076365635 0.0060738503 0.0126668954 0.0130948534 0.015411811 0.0077289022 0.0091299981 0.0 0.0069685194 0.0108308921 0.0103967231 0.005064574 0.007679515 0.0107078884 0.0057086115 0.0090498645 0.0060330011 0.008229315 0.0090272428 0.0031975863 0.0094204562 0.0049061836 0.0120323554 0.0087017399 0.0039947502 0.0088955778 0.009924348 0.0071495893 0.0088582661 0.0049570075 0.0097556573 0.004927169 0.0060067197 0.0067540441 0.0036188436 0.0091402686 0.0091786783 0.0071264315 0.0148788987 0.0115642102 0.0041297109 0.0069910649 0.0131606601 0.0014664801 0.0055002178 0.0103240509 0.0065575944 0.0086977391 0.0109151992 0.0096557285 0.0074357541 0.0064449992 0.0105011541 0.0097182532 0.0058261291 0.0086841851 0.0043040033 0.0050151698 0.0066112182 0.0116385056 0.0073137095 0.0085904292 0.0018635461 0.0068381896 0.0037599578 0.0093230121 0.0140010253 0.0075853518 0.0085456782 0.0057626733 0.0049305821 0.0047894867 0.0102483402 0.0063132994 0.0092193569 0.0028121284 0.0069752488 0.0023991862 0.012108573 0.0063839186 0.0067306701 0.0055890982 0.0062398631 0.0079337661 0.0039257441 0.0061756268 0.0112497186 0.003912408 0.0088965898 0.0094337344 0.0083391207 0.0050480015 0.0108554249 0.0036428463 0.0092237383 0.0136584243 0.0065931368 0.0077732547 0.0049052115 0.0071632384 0.0069756026 0.0106408224 0.0160093594 0.0054232438 0.0109138624 0.0091916252 0.0083899227 0.0120386537 0.0075171973 0.0021466796 0.0057691397 0.0071964292 0.0075565938 0.0100886972 0.0079848887 0.0087239297 0.0057689571 0.0057021135
19 0.0104390867 0.010240165 0.0081549762 0.0129625947 0.0054098495 0.0094196032 0.0044781306 0.0075517367 0.0101414301 0.0060824561 0.0076420292 0.0065583684 0.0054530488 0.0101585722 0.0087365084 0.0042462039 0.0138578076 0.0069685194 0.0 0.0043037189 0.0128202418 0.0036656673 0.0106152994 0.0095632586 0.0034205049 0.0035989538 0.003453162 0.005015705 0.0032856236 0.0111031725 0.007985612 0.0081249533 0.0051310874 0.0079744058 0.0138827519 0.0025166511 0.0095385533 0.0088894207 0.006556702 0.0119072743 0.0038407841 0.0105826714 0.0060025369 0.0082044808 0.0011888065 0.0080178116 0.006646695 0.0130559923 0.0091175744 0.0087028418 0.0106321989 0.0070103929 0.0101856346 0.0098548109 0.008427874 0.009080741 0.012808457 0.0133584872 0.0070121085 0.0098270019 0.0054171449 0.0113977097 0.0076065699 0.0127141378 0.0125928183 0.0082616838 0.0089548294 0.0027174463 0.0104909614 0.0070935041 0.0102994904 0.0120336431 0.0036315905 0.0039928642 0.0117888534 0.0142406846 0.0095928854 0.002808298 0.0067984735 0.0089874954 0.004419054 0.0111004536 0.0011341435 0.0125499346 0.0052391787 0.0049929387 0.0102316803 0.0049337894 0.0054313015 0.0058110005 0.0114371454 0.0102163734 0.0098535991 0.0057089209 0.0042179314 0.0061761812 0.0085455406 0.0124271521 0.0032928842 0.0098174854 0.0079261328 0.0077817642 0.0067806518 0.0046626064 0.0092376099 0.0115489759 0.0115197434 0.0067902281 0.0112645789 0.0053622035 0.0035192494 0.0088760829 0.0085056297 0.0077333431 0.0087851721 0.0070237484 0.0101749384 0.005091024 0.0078946153 0.0071380934 0.0065594376 0.0061749266 0.0025580788 0.0045067466 0.0124694884 0.0041745162 0.0082216635 0.0033492699
20 0.0043617805 0.0127173762 0.0141012229 0.0092361632 0.0029911208 0.0026877539 0.0055750918 0.0078750216 0.0065886929 0.0081693194 0.0107267734 0.009290711 0.0018247588 0.0157779071 0.0091513647 0.0010533728 0.0058357303 0.0108308921 0.0043037189 0.0 0.0032675671 0.0089915633 0.0035361576 0.0021345753 0.0077789074 0.0018714469 0.0078602142 0.0088897718 0.007325672 0.0071126674 0.0096067032 0.0078605469 0.0049587086 0.008338009 0.001874011 0.0092458497 0.0049092628 0.0120093143 0.0090417327 0.0045176456 0.0084944712 0.00679569 0.0061525823 0.0063784643 0.0072624688 0.0076221256 0.0072419114 0.0063726292 0.0082842067 0.0048908497 0.0074292145 0.0091658584 0.0071779553 0.0096901095 0.0119484292 0.0044471057 0.0126997532 0.0088467951 0.0080362731 0.0079320898 0.006882479 0.0052753717 0.0043548794 0.0103579622 0.0110757793 0.0110478272 0.0049598476 0.0057199315 0.0105361024 0.0077279509 0.0106904596 0.0111760725 0.0056667276 0.0088302515 0.0052686476 0.0054981731 0.0123107645 0.0104862001 0.0075145663 0.0102663797 0.0091359273 0.0032691368 0.0101135522 0.0084160462 0.0087016406 0.0057030808 0.0148257493 0.004240611 0.009286834 0.0127079597 0.0147863964 0.0083832281 0.0116838949 0.0064714382 0.0111075236 0.0071069345 0.0051995908 0.0040193269 0.0096960306 0.0091225139 0.0054521416 0.0060526358 0.011995868 0.0117050069 0.0068814796 0.0090641357 0.0112389441 0.009162118 0.0084757506 0.0087632246 0.0138499819 0.0097498781 0.0029898703 0.0084123584 0.0102095117 0.006006447 0.0065505213 0.0007121194 0.0074975329 0.0089570957 0.0111695268 0.0109940047 0.004670227 0.0085577758 0.0029256641 0.006364445 0.0132813539 0.0075885095
21 0.0078872961 0.0061049262 0.0053418178 0.0066221343 0.0039474309 0.0118709772 0.0114394379 0.0126909166 0.0063906164 0.0083855757 0.0072784402 0.0074052164 0.0049947284 0.011105081 0.001391322 0.0043461445 0.0102311261 0.0103967231 0.0128202418 0.0032675671 0.0 0.0043913265 0.0090232739 0.0036611185 0.0135267079 0.0038693442 0.0098629886 0.0055358787 0.0038742729 0.007242452 0.0081337498 0.0020762434 0.0015467322 0.0053884428 0.0073231076 0.0091678776 0.0118572582 0.0058771912 0.0056497397 0.0083903956 0.0072556039 0.00376754 0.0043234336 0.0052328132 0.0089599419 0.0030157331 0.0113373589 0.0098004242 0.0055641646 0.0088550874 0.0064395095 0.010010082 0.0139672239 0.0075694119 0.0026994965 0.0057659675 0.0028089332 0.0040305617 0.0032344899 0.0151561712 0.0038250887 0.0052963352 0.0114162195 0.0033369001 0.0069839528 0.0117832676 0.0007609585 0.0110088746 0.0145611371 0.0056591353 0.0090328684 0.0035243474 0.0039016156 0.0036229134 0.0096961382 0.009862356 0.0095751121 0.0159465699 0.0090927812 0.0101698726 0.0073179334 0.0086206911 0.0105726956 0.0098398912 0.0152540754 0.0080847426 0.0095942386 0.0073752638 0.0111098549 0.0053732554 0.0120606921 0.0060229915 0.0084537206 0.0026385723 0.0078613727 0.0047050418 0.0100200952 0.0101703529 0.0105356476 0.0110719943 0.0042405342 0.0082520025 0.0071604745 0.0031294275 0.0106092301 0.0083312937 0.0111398981 0.015230458 0.0134318261 0.007568757 0.0076429443 0.0084610275 0.0113299937 0.00862861 0.0116436328 0.0036996891 0.0031855807 0.0107183077 0.0087273728 0.0082683216 0.0069921378 0.0087988622 0.013382144 0.0127305698 0.0080661323 0.0094517489 0.0043905231 0.0089391636
22 0.0150866011 0.004237539 0.010827147 0.010045891 0.0054149747 0.0072895817 0.0083987489 0.0084894271 0.00432274 0.0139927606 0.0130566797 0.0084790796 0.0100671787 0.0020209787 0.0104696618 0.0047502254 0.0153066909 0.005064574 0.0036656673 0.0089915633 0.0043913265 0.0 0.0062421583 0.0077808665 0.0123148865 0.0012229472 0.0125250519 0.0040571101 0.0072880167 0.0098771815 0.014789466 0.0038095569 0.009295149 0.0033023321 0.0053076921 0.0071671777 0.0076371859 0.004553437 0.0042044036 0.0083120093 0.0083599721 0.0084971975 0.0044950659 0.0078737832 0.0082618855 0.0144495392 0.0139075979 0.0114237322 0.0060236707 0.0021766284 0.0104233928 0.0083545325 0.0121297963 0.0037462049 0.0081284522 0.0065344868 0.0083792368 0.0022644458 0.0094198076 0.0099915688 0.005526778 0.0058092661 0.0082820772 0.0052649166 0.0104848813 0.0016169114 0.0090854186 0.0062170081 0.0102986784 0.0115639792 0.0141812933 0.0041543177 0.0096888967 0.0093013866 0.009982046 0.0137893755 0.0048208952 0.0072186739 0.008494403 0.0035305363 0.0089227493 0.0038288689 0.0145359037 0.0099355068 0.010409658 0.0077582174 0.0139156297 0.0058913756 0.0073775922 0.0048103546 0.0015741657 0.0134073975 0.0067267952 0.0137070187 0.0072928198 0.00676084 0.0054773799 0.0017485554 0.0055353098 0.0111295434 0.0128467712 0.0083524531 0.0053069021 0.0096675984 0.0049487851 0.0066328536 0.0104820074 0.0099007175 0.0038064794 0.0061995731 0.0035599829 0.002485831 0.0085689392 0.0150231909 0.0063491647 0.0079448941 0.0094124232 0.0071748316 0.00302193 0.005773861 0.0122317419 0.0136199084 0.0041581242 0.0114067323 0.0109461716 0.0087452413 0.0001635323 0.0023152758
23 0.0030815142 0.002347337 0.0147037396 0.0078274908 0.0090444698 0.0060889804 0.0079496675 0.0104381143 0.0089109556 0.0013686061 0.014812948 0.0057634994 0.0137294008 0.0073791829 0.0095344174 0.0063323842 0.0118450843 0.007679515 0.0106152994 0.0035361576 0.0090232739 0.0062421583 0.0 0.009693468 0.0086617713 0.008341981 0.008688129 0.0044871297 0.0106187912 0.0048054632 0.0070213363 0.0090613445 0.0105221276 0.0103345807 0.0115150693 0.0072633927 0.0097430057 0.0069297043 0.009689705 0.0035238574 0.00238808 0.0086724471 0.008460333 0.0044159641 0.0104606491 0.0041387933 0.0102833012 0.0055528544 0.0060940702 0.0098817062 0.0092201759 0.0077899775 0.0109879068 0.0064493301 0.0074130995 0.0029401222 0.003713785 0.0130368694 0.0077625408 0.0060819746 0.0080079794 0.0108144562 0.007623279 0.0114456496 0.0080205998 0.009582576 0.0115015473 0.0075298285 0.0077498046 0.0107427616 0.0091895337 0.0108678944 0.0126522666 0.0096250007 0.0035374715 0.0103440133 0.0059274965 0.0077048723 0.0091178005 0.0066710122 0.0077471184 0.0061253489 0.0054241286 0.0062090964 0.0099824974 0.0087827157 0.007187849 0.0037315158 0.0043834933 0.0040877631 0.0105140726 0.0072419574 0.0125546272 0.0104325941 0.0027554858 0.0133215515 0.0029876501 0.0052287465 0.0138493244 0.0112043695 0.0046904053 0.0108379171 0.0072257634 0.0124704185 0.0087011855 0.0057374157 0.0068387834 0.0078047833 0.0052690096 0.0116078722 0.002812152 0.0052775275 0.0067054687 0.0064352168 0.011464702 0.0056772167 0.0092498618 0.005875162 0.0011603266 0.0032202323 0.0075491465 0.0081965145 0.0087521392 0.0098701739 0.0094578754 0.0056318365 0.0066556127 0.0075184977
24 0.0077284599 0.0054635749 0.0097859134 0.0022835516 0.0020251423 0.008842175 0.0061649803 0.0062903481 0.0071412852 0.0050626952 0.0111460406 0.005123478 0.0019429814 0.0100742642 0.0109484851 0.0108212579 0.0028880637 0.0107078884 0.0095632586 0.0021345753 0.0036611185 0.0077808665 0.009693468 0.0 0.0069727281 0.0098208596 0.004617038 0.0053637694 0.0066211064 0.0076497248 0.0137159594 0.0073702207 0.0048085657 0.0013507433 0.009020071 0.0073610347 0.0090014759 0.0093184871 0.0100895126 0.0058145576 0.0101043697 0.0088350705 0.0087735641 0.0089031562 0.0099894006 0.0100106971 0.0119572879 0.0067384209 0.0064021928 0.0088852894 0.0064538556 0.0140498151 0.0060633673 0.0077535379 0.0083143218 0.0074868642 0.0119953296 0.0148945502 0.013750666 0.0143136283 0.003107043 0.0033570398 0.0104964328 0.0063577491 0.0044353081 0.0043860959 0.0117514317 0.0038684591 0.0124090789 0.0103429989 0.0078982358 0.0069464591 0.0078294659 0.0056281596 0.0081663993 0.0053867159 0.0077441698 0.0114497086 0.0050448245 0.0105820273 0.0066489407 0.00872994 0.0082737915 0.0091574588 0.0059394251 0.0104958572 0.005920811 0.0109997579 0.0052605416 0.0095830564 0.0059839443 0.0116963494 0.0067148518 0.0084015216 0.0045428702 0.0095261239 0.006477255 0.007119279 0.0081178807 0.0093692717 0.0096653696 0.0086877558 0.0085679537 0.0113222408 0.0021326431 0.0084028835 0.004979582 0.0068288664 0.0114835513 0.0104786589 0.0058716412 0.0080004653 0.0120053874 0.0073368503 0.010567284 0.0102699839 0.0064729541 0.0077011212 0.0077331082 0.0024932618 0.0083539462 0.0087639107 0.0018323863 0.0065775161 0.0123216618 0.0132747809 0.0044258109 0.005456582
