128
1 0.0136549636 0.0075880671 0.0077473512 0.0123594078 0.0018697213 0.0035945991 0.0054223129 0.005311545 0.0077500823 0.0064178573 0.0055446187 0.0062600005 0.0039424545 0.0075534932 0.0127894324 0.0032399126 0.0121529522 0.0091411825 0.0082953021 0.0022691094 0.0042451211 0.0050436187 0.008018993 0.0054252767 0.013579653 0.0117563005 0.0134452841 0.0071767413 0.0058154412 0.0061942665 0.0071096588 0.005874205 0.0041191704 0.0037836152 0.0040308876 0.0099517742 0.0102754491 0.0050572051 0.0087107325 0.0144104517 0.0085311866 0.0048393465 0.0097233687 0.0087931904 0.0112332129 0.0060381132 0.0046983894 0.0105079401 0.010697752 0.0128819361 0.0113140442 0.0051669429 0.0069439584 0.0060019386 0.0070741857 0.0050258814 0.0107105621 0.0119112317 0.008245317 0.0033153752 0.0061226444 0.0107728861 0.0139807289 0.0063247262 0.0050213363 0.0080412346 0.0089273604 0.0032942113 0.0070929866 0.0120832346 0.0055108814 0.0029899438 0.0108820677 0.0089718549 0.0062286107 0.0053073565 0.0037724775 0.0108246895 0.0081952532 0.0079989662 0.0150957344 0.0101879263 0.0089473201 0.0055474397 0.0037506773 0.0032074829 0.0056281824 0.0098997227 0.0082903351 0.0104623385 0.0068939271 0.0078367931 0.01045032 0.0135192226 0.0067480335 0.0073392106 0.0080206817 0.0066194059 0.0134595876 0.0094155135 0.0043096573 0.0093077226 0.0121584502 0.0124646159 0.0064094947 0.0105982177 0.0107755388 0.0064387518 0.0033673911 0.0140652516 0.0016716238 0.0074778718 0.0048461332 0.0063863614 0.0065748578 0.0129926739 0.0109715024 0.0076204853 0.0065991207 0.0054841427 0.0031430308 0.0134641301 0.0057023425 0.0073947629 0.0074824656 0.0098891332 0.0081588799 
2 0.0 0.0085913407 0.0047521417 0.0092477464 0.0033999519 0.0054493386 0.0079375622 0.0060505512 0.0128607342 0.0100626197 0.0116525462 0.0017026042 0.0094110716 0.01223904 0.0111971433 0.0032899922 0.0047795339 0.0018212133 0.0080980666 0.0122525153 0.006939859 0.0129316616 0.0023055103 0.0020144951 0.0101078235 0.0069194207 0.0123339435 0.0109819252 0.0060625155 0.0108209935 0.0098299812 0.0144102003 0.0051348479 0.0040138589 0.0076140417 0.0103965013 0.0009942659 0.0046462746 0.0078267596 0.0113012915 0.0035736931 0.0038927192 0.0110613328 0.0138852503 0.0111259221 0.0066979222 0.003313068 0.0084102915 0.0108685549 0.0062565847 0.0108881945 0.0079988633 0.0136849726 0.0098659658 0.0068512315 0.0108007269 0.0132150524 0.013918932 0.00688657 0.0107433308 0.0062998011 0.0122741626 0.0094411664 0.0037075479 0.0116950754 0.0130474471 0.0132641751 0.0099435308 0.0059579753 0.0057960835 0.0076817513 0.0115525192 0.0151334914 0.0048105644 0.0122840544 0.0124695676 0.0041927982 0.0062393337 0.0028199762 0.0073580791 0.0079967963 0.0013239604 0.0143299257 0.0044872323 0.0036390086 0.0048478538 0.0067740808 0.0034310964 0.0127296957 0.0078857898 0.0133667562 0.0040563179 0.0023792373 0.0043207917 0.0113675964 0.0022721639 0.0067231931 0.0073516935 0.0053886789 0.007949695 0.0053115722 0.0078638309 0.0132656435 0.008284937 0.0013296971 0.0049894855 0.0031926486 0.0025380391 0.0046888963 0.0120061097 0.0018069646 0.0059229393 0.0136576834 0.0103855946 0.0048029611 0.008076232 0.0084790636 0.0107337806 0.0044305726 0.0039852252 0.0066483544 0.0079811476 0.0105324222 0.0090337522 0.0058955504 0.0064627985 0.0091274073 
3 0.0085913407 0.0 0.0088517121 0.0090784367 0.0077230774 0.005968428 0.0129797197 0.0125306779 0.0014676604 0.0060595096 0.0088865068 0.0072583613 0.0010223109 0.0015939075 0.006039995 0.0116856239 0.0030066819 0.0078340861 0.0099117439 0.0069008028 0.0021918854 0.0117385733 0.0088031703 0.0130458954 0.0102345773 0.005194104 0.0106962524 0.011922968 0.0083771979 0.0099781516 0.0091985457 0.0094043509 0.0143317637 0.0071618255 0.0031861971 0.0036753903 0.0065901773 0.0113636015 0.0077619989 0.007202927 0.0048431947 0.0076787124 0.0058077106 0.0108629081 0.0100230974 0.0022307764 0.0095466017 0.0037943091 0.0075506205 0.01089561 0.0101774769 0.0038660516 0.0056966994 0.0064097658 0.0030267042 0.0131860236 0.0098213376 0.0123503904 0.0064161317 0.0106543509 0.0069905063 0.0057327793 0.0101393391 0.0119240406 0.005799986 0.0039837428 0.010806584 0.0007095918 0.0041767963 0.0083246319 0.0053841841 0.0071107074 0.0070971246 0.0083087626 0.0084471163 0.0074441864 0.0105084609 0.0070495255 0.00305067 0.0044867441 0.0083372795 0.0103495355 0.0089237033 0.0103530458 0.0113127091 0.0054254755 0.0068855513 0.0107441608 0.012617659 0.0107159132 0.0076400074 0.0107261222 0.0137798275 0.0043330153 0.0075469229 0.0074899296 0.0111729835 0.0044939552 0.0028615661 0.0052908254 0.0094208385 0.0124522278 0.0032277981 0.0124214751 0.0082783078 0.0113122983 0.003745904 0.0092253726 0.0041651991 0.0062252557 0.0124997657 0.0036676878 0.0100411148 0.0073010966 0.0124756841 0.0131069505 0.0014201309 0.0039367728 0.0106185373 0.0080696756 0.0061257312 0.0112027317 0.0102423695 0.007302722 0.0041675106 0.0082591176 0.0087353797 
4 0.0047521417 0.0088517121 0.0 0.0062632197 0.0033646689 0.0074275914 0.0057478761 0.0122480697 0.008230559 0.0073138268 0.0101251901 0.012696121 0.0017190226 0.0078198993 0.008988612 0.0108292296 0.008509463 0.007489937 0.011605316 0.0006906445 0.0014758701 0.0029851521 0.0102977221 0.0107233993 0.0102012495 0.007839736 0.0098117783 0.0044306387 0.0078880376 0.0055958453 0.0053644228 0.0127080362 0.0128286201 0.0105717386 0.0057114383 0.0029330176 0.0130245191 0.0071084728 0.0118782824 0.0042779966 0.0093391089 0.0075572562 0.009922647 0.0056408338 0.0084519452 0.0053266647 0.0102825755 0.004716842 0.0081036352 0.0018095515 0.0093646358 0.0112069867 0.0099784711 0.0066281372 0.0092422403 0.0010239979 0.0125027837 0.011677183 0.0036832389 0.0099719105 0.0104489159 0.011081331 0.0064257984 0.0049477205 0.0027525262 0.0089750646 0.0064864564 0.012209106 0.0071244104 0.0072300774 0.0088862133 0.0078306294 0.0093795247 0.0063937569 0.0081454253 0.0064708644 0.0090387285 0.0095775362 0.0103259434 0.004758711 0.0118978947 0.014785265 0.0023019812 0.0073115193 0.0090986813 0.0080337758 0.0045588722 0.0036553423 0.0081444233 0.0120999593 0.0097930178 0.0138255342 0.005890523 0.0082812929 0.006885354 0.0143766101 0.0068669739 0.005205711 0.0114181029 0.012931322 0.0043077944 0.006827441 0.0056842926 0.0059875573 0.0145779359 0.0046647356 0.0094381798 0.0090149346 0.004226486 0.0079490333 0.0132601509 0.0072403896 0.0078869835 0.0094351588 0.002534791 0.0082050682 0.0077066906 0.0073129169 0.0082372966 0.006775159 0.0069794385 0.0103392245 0.0048702766 0.0013428163 0.0127402008 0.0026316825 0.0074653987 
5 0.0092477464 0.0090784367 0.0062632197 0.0 0.005441782 0.0064631281 0.0094863641 0.0056985248 0.0117260997 0.007257876 0.0114630347 0.0087922159 0.0031339123 0.0109046678 0.0038037006 0.0025489845 0.0126283964 0.0101749212 0.002097089 0.0124084868 0.0022802306 0.0095219091 0.0009584387 0.0132684271 0.010724906 0.0085611405 0.0009980198 0.0094127412 0.0059279977 0.0091042822 0.0064252495 0.0062577057 0.0115460858 0.0059864594 0.0067788662 0.0125098208 0.0098208742 0.0090098175 0.0081547392 0.0088367852 0.0077079759 0.0124141402 0.0136324034 0.0018406988 0.0066261433 0.0037470763 0.0087418183 0.0074799648 0.00438562 0.011313595 0.0079710764 0.0106337428 0.0083983372 0.008605071 0.0089170697 0.0092965117 0.006185505 0.0102885379 0.0128251752 0.0064932562 0.007748907 0.0072652948 0.0124875332 0.0102603442 0.0087610712 0.0069410681 0.0105787016 0.0074381109 0.0059710762 0.0101322848 0.0071578199 0.0105480269 0.0083601087 0.0085165824 0.0037593292 0.0119123956 0.0032200289 0.0116501612 0.005562109 0.0065999155 0.0097952726 0.0031961524 0.0084711698 0.0156031969 0.003064304 0.0080565743 0.0094036963 0.0125942428 0.0115261857 0.0073962577 0.0036154078 0.0119040934 0.0040064686 0.0063876598 0.0047272386 0.0073771886 0.0124142965 0.008905334 0.0027188112 0.0004527616 0.0065120872 0.0034247739 0.0113863425 0.0060332825 0.0113272909 0.0091531145 0.0022017247 0.0046394542 0.010545175 0.0102418221 0.0077172185 0.0088013778 0.0129742264 0.0031055078 0.0107977985 0.0070960723 0.0064130553 0.0090516964 0.0108469366 0.0101416665 0.0072308177 0.0098372205 0.0053843961 0.0064215442 0.0004711203 0.0060538959 0.0011369895 
6 0.0033999519 0.0077230774 0.0033646689 0.005441782 0.0 0.0043930153 0.006784923 0.0042637859 0.0123858224 0.0122014245 0.003990072 0.0065138158 0.0075429934 0.0060305181 0.0080403306 0.0163874684 0.0101622725 0.0020429941 0.0053139823 0.010015429 0.0085328138 0.0122791459 0.0119163419 0.0079270372 0.0021218701 0.0058790853 0.0050312961 0.008001214 0.0032321319 0.0075440948 0.0147346858 0.0057350323 0.0032260005 0.0093850892 0.007618358 0.0095048025 0.0054942018 0.009070529 0.0122200354 0.007907437 0.0028756867 0.0105633684 0.006332541 0.0077598887 0.0037546695 0.0118378005 0.0095192792 0.0113326319 0.009221436 0.0089049367 0.0102350987 0.0030610308 0.0115598181 0.0052128343 0.0072571 0.007792873 0.0087580178 0.0104222396 0.0035676636 0.0084368803 0.0128714587 0.0053213922 0.0051060747 0.0098443683 0.0098364373 0.0114828158 0.0077054126 0.0153503249 0.006651937 0.0064535944 0.0031453194 0.0114381348 0.0063936195 0.0121034255 0.0043499866 0.0081015211 0.0085871557 0.0107338606 0.0020913985 0.0088942571 0.0132921456 0.0114323988 0.0126962292 0.0077323389 0.0111159917 0.0083455903 0.0053452955 0.0142978922 0.0113664523 0.0010374629 0.0084623372 0.0075754422 0.0034642025 0.0128132581 0.0079704397 0.0054125108 0.0070019437 0.0044559933 0.0016084004 0.0058449128 0.0090693347 0.0094886753 0.0101290649 0.0094931957 0.011952302 0.003481483 0.0143771491 0.0047102639 0.0058984244 0.0126979175 0.0113405322 0.0063960841 0.0077352516 0.0120279993 0.0039503237 0.0153970114 0.0056873333 0.0088681433 0.0052345799 0.0050504684 0.0083079687 0.0102493944 0.0082898998 0.0011486126 0.003088205 0.0051414187 0.009420184 
7 0.0054493386 0.005968428 0.0074275914 0.0064631281 0.0043930153 0.0 0.0091917865 0.0121631265 0.0085730526 0.0098808664 0.0086489224 0.0088700141 0.0069051897 0.0028304008 0.0052162362 0.0042126243 0.0027233008 0.0088507036 0.0044292143 0.005620735 0.0101587648 0.0079081411 0.0107444674 0.0085056878 0.0066799572 0.0093922728 0.003486614 0.0121199 0.0030926141 0.0113221053 0.007588385 0.0084966493 0.0083503196 0.0082581021 0.0098046306 0.0050990697 0.0080535228 0.0075799902 0.0022096742 0.0102454686 0.0040704286 0.0061095604 0.0091859628 0.0090459153 0.013829598 0.0073042349 0.0134235374 0.0081800406 0.0040227229 0.0066974262 0.0031626207 0.009869128 0.0098750455 0.0107737509 0.0097540585 0.0073363973 0.0055071977 0.0020174344 0.0065952126 0.0075122756 0.0142583121 0.0128392775 0.0088017453 0.0051800608 0.0067735924 0.0046232009 0.0009184898 0.0086805916 0.0093891058 0.0131471505 0.0014549343 0.0076238206 0.0098535227 0.0049810177 0.0092094052 0.0056592348 0.0060905144 0.0083826136 0.0055982576 0.009947614 0.0119132953 0.0081448791 0.0081094616 0.0048415965 0.0088203279 0.0112136675 0.0114374085 0.0066681084 0.0030620668 0.008690377 0.0065721908 0.0133592859 0.0119540126 0.0122209685 0.009336504 0.0107517302 0.0089299636 0.0013614576 0.00643137 0.0124924732 0.0082153745 0.0058615228 0.0087762533 0.0092579455 0.0063808833 0.0042309237 0.0065226558 0.0105663105 0.0056879145 0.0120475091 0.0096639424 0.012054711 0.0064100494 0.0109889153 0.0068113616 0.0080037825 0.0107301402 0.0081685957 0.0107160407 0.0098101285 0.0096318005 0.0104641729 0.0067497666 0.0039091556 0.0113413408 0.0026170735 0.0098769647 
8 0.0079375622 0.0129797197 0.0057478761 0.0094863641 0.006784923 0.0091917865 0.0 0.0053675127 0.0079017958 0.0093465765 0.0074061295 0.006292957 0.0130604409 0.0080754367 0.0106080919 0.0049838124 0.0048519983 0.006406339 0.0101423196 0.0089635081 0.0081902387 0.0037520978 0.0079773365 0.0112296181 0.0140057735 0.0112602068 0.0068660749 0.0057002087 0.0067566636 0.0067576035 0.0096523883 0.0079261003 0.0081417239 0.0105766516 0.0097067877 0.011180455 0.0078197471 0.0059148832 0.0068442445 0.0071190105 0.0099059061 0.0016916714 0.0038264007 0.0059332075 0.0070908345 0.0110728975 0.0076177196 0.0097776853 0.0099195244 0.0064230775 0.0085239672 0.0138462638 0.0058455946 0.0098671232 0.0086206148 0.0071649084 0.0066131518 0.009810023 0.0096836616 0.0089190026 0.0045886778 0.0099990908 0.0121700497 0.0065268339 0.004478652 0.0022797259 0.0114537253 0.0112261833 0.0104759128 0.0107352534 0.0040540525 0.0055455598 0.0061002554 0.0120818115 0.0065439943 0.0111375526 0.0033346976 0.0096134271 0.006781019 0.0036360421 0.0109060943 0.0063182848 0.0048311675 0.0091746675 0.0071590034 0.0136392195 0.0087736837 0.00533577 0.0048811112 0.0069199959 0.0061008531 0.0071957071 0.0076814425 0.0075582985 0.0112947159 0.0098919842 0.0019493402 0.0072152549 0.0069592755 0.0087681353 0.0068156932 0.0120464847 0.0070884865 0.0073368836 0.0036316257 0.0100659353 0.0093407949 0.0102477674 0.0083171397 0.0121831619 0.0101937447 0.0040528035 0.0059109139 0.0123429732 0.0116502943 0.0065050371 0.0023800701 0.0021572037 0.0059530047 0.0092624491 0.0061725532 0.0028034194 0.0057908004 0.0128244977 0.0061482409 0.0076839603 0.0052890264 
9 0.0060505512 0.0125306779 0.0122480697 0.0056985248 0.0042637859 0.0121631265 0.0053675127 0.0 0.0061381504 0.0143273246 0.0028142435 0.0008359582 0.005430304 0.0009253939 0.0091253282 0.0105150054 0.0070953707 0.0076664983 0.0130182479 0.0124265899 0.0058043872 0.0106456681 0.0089431518 0.0043437833 0.0064594278 0.0104429271 0.0026151786 0.0101193909 0.0038522035 0.0011181142 0.0129843005 0.0089333136 0.0075564288 0.0081833865 0.0098591426 0.008207386 0.0076903492 0.0082617146 0.0107053909 0.0090680488 0.0045775394 0.0106354063 0.0025641949 0.0082693728 0.0060154558 0.0075014004 0.0106612762 0.0045841344 0.0065071441 0.0044020952 0.0076444296 0.0068529506 0.0042137887 0.0012525133 0.0107290375 0.0103569234 0.0090342592 0.0140499576 0.0091831887 0.0111137227 0.007092454 0.0056658896 0.0075828813 0.0064140048 0.004785282 0.0047378411 0.0093479202 0.0093076651 0.0069316143 0.0113332541 0.0125975409 0.0080535807 0.0067034476 0.0016132115 0.0024667128 0.0073390491 0.0053414777 0.0117352499 0.005159957 0.0068808511 0.0049950975 0.0142019124 0.0069383943 0.0134855614 0.0083823848 0.007222237 0.0122387223 0.0095419637 0.0106469956 0.0119336201 0.0085682475 0.0109149431 0.0029567615 0.0102908308 0.0090207884 0.0102368254 0.0101669052 0.0061235533 0.0036377921 0.0077144046 0.009928673 0.0047261001 0.0049761041 0.0110422317 0.0120232355 0.004774958 0.0054700033 0.0070591882 0.0081476681 0.0107851463 0.0019335768 0.0072460738 0.0096869054 0.0081438562 0.0075266896 0.0145162802 0.0097896908 0.0094511638 0.0114312166 0.0056219453 0.0064134094 0.0076410655 0.0036932994 0.0135695035 0.0125460367 0.0050640432 0.0065894163 
10 0.0128607342 0.0014676604 0.008230559 0.0117260997 0.0123858224 0.0085730526 0.0079017958 0.0061381504 0.0 0.01308913 0.0105450453 0.0085350199 0.0071915686 0.0119696633 0.0093908972 0.0069660141 0.003198167 0.0064232065 0.0086390822 0.0063502481 0.0078481609 0.0098677734 0.0043908027 0.0052185542 0.0126214714 0.0054890908 0.0050898469 0.0053133826 0.0104373441 0.0093940875 0.0077152852 0.0100110342 0.0114039685 0.0044127529 0.009746942 0.0066059013 0.003746158 0.0052572585 0.0067176784 0.004674778 0.0103763705 0.0034330568 0.0073145097 0.0078115718 0.009895378 0.0035040504 0.0119458503 0.0100944276 0.0076483435 0.0122409299 0.0117778536 0.0115059076 0.0105879891 0.0099823167 0.0111861644 0.0055704378 0.0058471868 0.0061832393 0.0052359455 0.0091789016 0.0086879833 0.0119472821 0.0096159755 0.0044899979 0.0020641581 0.0017231249 0.0082484001 0.0041355487 0.0137018216 0.0087636823 0.0055220912 0.0072756309 0.0084246151 0.0070727307 0.0057780854 0.0096254683 0.0111065794 0.0079629069 0.007612313 0.0073331574 0.006008221 0.0064755927 0.0092871096 0.00374748 0.0033975489 0.0093965661 0.0092580252 0.0088664461 0.0048488625 0.005684981 0.0083344236 0.0080886985 0.0071609833 0.0132397551 0.0095273524 0.0020850203 0.0068386222 0.0114475184 0.0117883518 0.0039384856 0.0063786028 0.0051345911 0.0133710026 0.0113327872 0.0078714007 0.0109314488 0.0068053526 0.0076010481 0.009606965 0.0054865231 0.0133208736 0.0027328526 0.0077885009 0.0111860674 0.0053718314 0.007317036 0.0056094338 0.0077602749 0.0098683221 0.0113014883 0.0033695326 0.0046729867 0.0067667995 0.0112048502 0.0026295805 0.00877432 0.0086792292 
11 0.0100626197 0.0060595096 0.0073138268 0.007257876 0.0122014245 0.0098808664 0.0093465765 0.0143273246 0.01308913 0.0 0.0082179538 0.0114967498 0.0060452498 0.0065564737 0.0049153684 0.0037493765 0.0075460354 0.0110307725 0.0021665184 0.0115448017 0.0069225229 0.0064712894 0.0022841983 0.0117012423 0.0114179973 0.0104047197 0.008343477 0.0069025499 0.007650747 0.0075537064 0.0079289365 0.0075370469 0.0084183084 0.0141253604 0.0118105566 0.0025505833 0.0085383265 0.0088183744 0.0099973384 0.0100590125 0.0093469422 0.0121751489 0.0106661513 0.0087254516 0.0094982064 0.0042676102 0.0061591081 0.010653623 0.0084592588 0.0104448628 0.0112719661 0.0067344207 0.0027594578 0.0142865244 0.0122024809 0.0074669998 0.0063136223 0.0053897759 0.0122486746 0.0075642984 0.0105318018 0.0073222042 0.0074231902 0.008644928 0.0087623662 0.0019508019 0.0082799829 0.0082516343 0.0129366501 0.0045407422 0.0015014745 0.0095919063 0.002301077 0.0028212122 0.0062894588 0.0057042565 0.004627472 0.0046074234 0.0072256262 0.0065240813 0.0040380457 0.012760687 0.0057538241 0.0116911903 0.0117305827 0.0049898025 0.0109541794 0.0076790779 0.0131243871 0.0060314776 0.0048359795 0.0062463248 0.0100124958 0.0064113717 0.0070817002 0.0056263026 0.0081420577 0.0080536662 0.0080864766 0.0119901537 0.0085422854 0.0038007726 0.0048356752 0.013524926 0.0060934577 0.0097095044 0.0011127889 0.002209771 0.0027252742 0.0037622512 0.0091978973 0.0148781144 0.0058516521 0.0040421387 0.0063904126 0.0060495882 0.0123295689 0.0046882557 0.0086845964 0.0116221619 0.0030391921 0.0041383284 0.004271193 0.0119220099 0.0089856184 0.0105867876 0.0066305148 
12 0.0116525462 0.0088865068 0.0101251901 0.0114630347 0.003990072 0.0086489224 0.0074061295 0.0028142435 0.0105450453 0.0082179538 0.0 0.0100480117 0.0101415798 0.0069461704 0.0095285287 0.0083417376 0.0055062791 0.0050377505 0.0076139282 0.0095340879 0.0100805035 0.0101619076 0.0083940689 0.0110284414 0.0030521253 0.0122561974 0.003729976 0.0022980491 0.0129762564 0.0089962751 0.007554956 0.0100397882 0.0090265138 0.0046391465 0.0090717023 0.008151532 0.0068146199 0.0059930124 0.004568137 0.0087628209 0.0039477978 0.008348117 0.0077304065 0.0054315313 0.0070848562 0.0105079401 0.0087617074 0.0070373865 0.0025810979 0.01234666 0.0078103453 0.0120215486 0.0045831385 0.0127414672 0.0077191554 0.00753203 0.0064337451 0.0109042977 0.0115315577 0.005999647 0.0064530883 0.0063494117 0.0132082227 0.0052992687 0.0102519955 0.0089675065 0.0059728089 0.0061916985 0.0099261625 0.0044840566 0.0034617485 0.0052952518 0.0026895493 0.0032960701 0.0120522049 0.0062475385 0.0027250923 0.011186058 0.0105374305 0.0076714652 0.0110927073 0.0045823096 0.0040872841 0.0068295069 0.0064345769 0.0045231 0.0103892703 0.0050039843 0.0024680084 0.0064118756 0.0087325544 0.0097733677 0.0127362446 0.0088241505 0.0048858773 0.0067689021 0.0091636786 0.009586572 0.0059675467 0.008968486 0.005676068 0.0110050955 0.010262892 0.0091751715 0.0052429802 0.0098661812 0.0034697309 0.0060353603 0.0104785839 0.0091437526 0.0133841425 0.0116866649 0.0083238538 0.0103756851 0.0085609344 0.0127240282 0.0061542729 0.009070273 0.0030333724 0.0048753728 0.0053418333 0.0081188754 0.0105639408 0.0076673661 0.0116468825 0.0103525188 0.0076247351 
13 0.0017026042 0.0072583613 0.012696121 0.0087922159 0.0065138158 0.0088700141 0.006292957 0.0008359582 0.0085350199 0.0114967498 0.0100480117 0.0 0.0076265115 0.0123305808 0.0093706147 0.0053299198 0.0017346108 0.0080981352 0.0060817034 0.0025910965 0.0099530943 0.0093046205 0.00543194 0.0098424224 0.012151409 0.0127380453 0.0121787988 0.007479619 0.0025694496 0.009924206 0.0101003611 0.0082033651 0.0057067268 0.0046237662 0.0061353613 0.0117196786 0.0118169927 0.0046069877 0.0024352165 0.0085226582 0.0091831097 0.0066814694 0.0059945815 0.004334886 0.0042556872 0.006825382 0.0108056194 0.0036031059 0.0046450277 0.0100335434 0.0061464028 0.0073108671 0.0064548079 0.0140047882 0.0108971152 0.0057445819 0.0066222684 0.0057252882 0.0082035491 0.0087301251 0.0133327469 0.0126311716 0.0138785046 0.0046626292 0.0082965071 0.0094168102 0.0079664921 0.0132202979 0.0034149033 0.0061212289 0.0046354643 0.0130910859 0.0038057253 0.0104310908 0.0091636855 0.0092542429 0.0072161783 0.0063210358 0.0079892264 0.0119612921 0.0087472395 0.0052052764 0.0101375301 0.0098206003 0.004099151 0.0082607612 0.007199469 0.0089079457 0.0074675687 0.0050634512 0.0029832904 0.0036585833 0.0107466212 0.0110071697 0.007697015 0.0131835159 0.009574843 0.0067253728 0.0061727577 0.0077182672 0.0078871354 0.0042119671 0.005969734 0.0041637051 0.0146961502 0.002807286 0.0148368419 0.0093365057 0.0127724716 0.0060747176 0.0100147119 0.0069913932 0.0051435857 0.0072987908 0.0121576059 0.0106476995 0.0009446466 0.006948418 0.0038248957 0.0062760237 0.0061638321 0.0067438348 0.0090899602 0.0088481713 0.0038557082 0.0142039238 0.0127916081 
14 0.0094110716 0.0010223109 0.0017190226 0.0031339123 0.0075429934 0.0069051897 0.0130604409 0.005430304 0.0071915686 0.0060452498 0.0101415798 0.0076265115 0.0 0.0046137242 0.0056887168 0.0033657406 0.010351773 0.0086741338 0.008130015 0.0026174296 0.0071687198 0.0101976375 0.0081518951 0.0052470611 0.0081749077 0.0088292245 0.0071051606 0.0074142029 0.0098658087 0.0056536201 0.0091286291 0.0063266228 0.0066847439 0.0133712798 0.0147642873 0.0032156611 0.0140143894 0.0082317141 0.0049455516 0.0084403633 0.0067108153 0.0156327682 0.0028680833 0.0076169782 0.0070402523 0.0070173618 0.0079261337 0.005935961 0.0077972438 0.0042901164 0.0086740013 0.0083814917 0.0009715986 0.0101499191 0.0075242946 0.0071471516 0.0060183299 0.0036626038 0.0049908934 0.0115649017 0.0087545594 0.0070829953 0.0080704968 0.0123330578 0.0046360946 0.0118433123 0.0038569176 0.0128038477 0.0031139126 0.0121551214 0.011657566 0.011020041 0.0061589682 0.0077439486 0.0122924791 0.0060624814 0.0052713095 0.0123086682 0.0102043594 0.012234506 0.008418767 0.0010565816 0.0097155246 0.0091792308 0.0133569499 0.008893715 0.0037914026 0.0053256978 0.0101870083 0.0144210502 0.0065091411 0.0053800436 0.0048258193 0.0106416502 0.0039722362 0.0049358832 0.0099260674 0.0120256758 0.0095555071 0.0082326082 0.0100381185 0.0100682336 0.0055706397 0.0074630043 0.0089865601 0.0122739223 0.0094827862 0.0069903087 0.0086595992 0.0143314939 0.0054441431 0.0094986297 0.0072525735 0.005146254 0.0096681951 0.005134108 0.0058441775 0.011166645 0.0044969676 0.0068489523 0.0087904324 0.0091111307 0.0112357835 0.0060549728 0.0093458365 0.0068454582 0.0088293481 
15 0.01223904 0.0015939075 0.0078198993 0.0109046678 0.0060305181 0.0028304008 0.0080754367 0.0009253939 0.0119696633 0.0065564737 0.0069461704 0.0123305808 0.0046137242 0.0 0.0079478627 0.0120537816 0.0022014285 0.0089412576 0.0123511284 0.0051811806 0.0032279027 0.0081570039 0.0098049504 0.0025647793 0.0034703527 0.0082983241 0.0131671981 0.0089204562 0.0064831644 0.0033398959 0.0082012135 0.0054716156 0.0049559831 0.00630699 0.0060718003 0.0011897773 0.0093666892 0.0069858357 0.0080987079 0.0075569108 0.0087708756 0.0082981301 0.0034836066 0.0019450114 0.0017730549 0.0130017587 0.0046238267 0.0137822132 0.0079735945 0.009631362 0.0085210982 0.0074674912 0.0094119622 0.0077627709 0.0101534577 0.0037215262 0.012100643 0.0115692833 0.0051234604 0.0053655062 0.0107655554 0.0086245314 0.0095018644 0.0029827194 0.0094407336 0.0082570152 0.0077918484 0.0024478656 0.0062063513 0.0066090367 0.0083844416 0.0140203692 0.0133450697 0.0046496926 0.0101773002 0.0147689804 0.0075329096 0.0119837755 0.0096390697 0.0065605399 0.006387078 0.0104812077 0.0073211891 0.0101913274 0.007111534 0.0114424066 0.0106580792 0.0076217847 0.0033801932 0.0062337771 0.0039840411 0.0101413906 0.0090578587 0.0111308311 0.0051660062 0.0103393138 0.0116560473 0.0058369354 0.0067094374 0.0088398419 0.0108350176 0.0049950304 0.0105714197 0.011545213 0.0107781137 0.0043595468 0.0058881043 0.0074954137 0.0071666531 0.0054136451 0.0114898078 0.0121314798 0.0071381467 0.0089048271 0.0063087164 0.0061702797 0.0111615774 0.0088651441 0.0067927923 0.0086531894 0.0064362078 0.0140664619 0.0124162157 0.0091151696 0.0031430616 0.0075802456 0.0080123759 
16 0.0111971433 0.006039995 0.008988612 0.0038037006 0.0080403306 0.0052162362 0.0106080919 0.0091253282 0.0093908972 0.0049153684 0.0095285287 0.0093706147 0.0056887168 0.0079478627 0.0 0.0140194314 0.009892869 0.0081273478 0.0099065925 0.0077109416 0.0120365302 0.0046530724 0.0047525111 0.0087286478 0.0028523032 0.0114717833 0.0084783292 0.0095212698 0.002301903 0.0058924431 0.0069562121 0.0087843673 0.0110156109 0.0031052431 0.008024536 0.0119071175 0.0060760645 0.0078130691 0.0047452739 0.0051124811 0.0048875248 0.0027460212 0.0034342318 0.006498343 0.0129611543 0.0053812467 0.006775354 0.0054872919 0.011332166 0.0059664128 0.0092091117 0.0091212576 0.0080140393 0.0079351193 0.0099384719 0.0118939738 0.0041724683 0.0073026778 0.0107623611 0.0077975212 0.0057270882 0.0070538187 0.0092365561 0.0047970451 0.0085526241 0.0123029158 0.0056568427 0.0091976472 0.0058046859 0.0057854674 0.0086607365 0.0109355255 0.0082175684 0.010110777 0.008487242 0.0100830825 0.0049979608 0.0046366695 0.0128176447 0.0127170276 0.0079698979 0.0060949112 0.0048932041 0.0042166068 0.0121118113 0.0009890389 0.0133008008 0.0087045022 0.0054445745 0.0054814699 0.0115019807 0.005004904 0.008830132 0.012245343 0.0076888218 0.0050735191 0.0052004069 0.0060582713 0.0119815498 0.0051990315 0.0073868502 0.0073529403 0.0129053133 0.0077228909 0.0083459696 0.0067863887 0.003779209 0.0140014432 0.0046144565 0.0063691266 0.0064926104 0.0117369626 0.0113641346 0.012824353 0.0084539149 0.0094423154 0.0085371038 0.0055652229 0.0074993618 0.0085076992 0.0036674578 0.0022631221 0.0066935924 0.0111783826 0.0107785201 0.0084253488 0.0053820484 
17 0.0032899922 0.0116856239 0.0108292296 0.0025489845 0.0163874684 0.0042126243 0.0049838124 0.0105150054 0.0069660141 0.0037493765 0.0083417376 0.0053299198 0.0033657406 0.0120537816 0.0140194314 0.0 0.0023574702 0.0043045623 0.0111191711 0.0064849424 0.0107616168 0.0069417869 0.008653594 0.0135484533 0.0091527725 0.0124109807 0.0052109529 0.0067655383 0.0063624634 0.0086132677 0.001449786 0.0125692037 0.0067770096 0.0062504412 0.0095302746 0.0062562246 0.0071082196 0.0080153559 0.0104384898 0.0079485362 0.0105366969 0.0111793992 0.0121018701 0.0038635217 0.0097959361 0.0028391833 0.0037110776 0.0105257114 0.0056303471 0.0059499803 0.0122426329 0.003805019 0.0099513846 0.0078510841 0.0044169029 0.0102696078 0.0017463889 0.0065679721 0.0107114001 0.0127806085 0.0073884126 0.0109706278 0.0098121154 0.0069731979 0.0067867901 0.0102287002 0.0038727914 0.0046074909 0.0081603599 0.0089724597 0.0121424683 0.0109531419 0.0018360615 0.0037657381 0.0051279355 0.0093727642 0.0112121312 0.0032576955 0.0070033539 0.0061495681 0.0098323856 0.0086640417 0.0083539613 0.0097565625 0.0029680955 0.0046657483 0.0143587567 0.0082429266 0.0126857171 0.0084098687 0.0120440939 0.006645991 0.0081097192 0.0086325047 0.0125238084 0.012459539 0.003435259 0.0078511185 0.0141755412 0.0067966842 0.0078920133 0.0098996086 0.0117281194 0.0040260161 0.0036191907 0.014874353 0.0041160634 0.005725552 0.014005285 0.0027160358 0.0083776957 0.0115852873 0.0087186611 0.009125717 0.0052937384 0.0024623647 0.0074842336 0.0060675996 0.0058155951 0.0143887048 0.008772071 0.0039619955 0.0058498353 0.0057459832 0.0065157553 0.0079676634 0.0070322411 
18 0.0047795339 0.0030066819 0.008509463 0.0126283964 0.0101622725 0.0027233008 0.0048519983 0.0070953707 0.003198167 0.0075460354 0.0055062791 0.0017346108 0.010351773 0.0022014285 0.009892869 0.0023574702 0.0 0.0103037017 0.0060819749 0.0066998976 0.0046204702 0.0061092695 0.008443784 0.0047214506 0.0109427693 0.0091073297 0.005149423 0.0110976444 0.0046772643 0.0113909874 0.0058685684 0.0113995181 0.0140571531 0.0077770169 0.0104362201 0.0054746765 0.0069919247 0.0087922699 0.0036403423 0.0103298091 0.0150629527 0.0103713082 0.0038017772 0.0082400749 0.0073938719 0.006767691 0.0128769803 0.0109794554 0.0033808575 0.0074274893 0.008545832 0.0099385888 0.0059318795 0.0052052307 0.0076756709 0.0055333876 0.0060444074 0.008262865 0.0093286758 0.0104005642 0.0101093977 0.0087984509 0.0100487661 0.0109996596 0.0044197721 0.0089658784 0.0108701421 0.0090966754 0.004827283 0.0125547068 0.0054809684 0.0010517195 0.0069487632 0.0082916588 0.0085471358 0.0021099826 0.0114037695 0.0096314271 0.0119499706 0.0080256917 0.0114190482 0.0089792131 0.00821426 0.0108139888 0.0090766112 0.0089585918 0.0046483321 0.0102727167 0.0068074047 0.0128114804 0.0070768359 0.0137477364 0.0024132149 0.0033400959 0.0042333154 0.0101815312 0.0085423682 0.005446417 0.0082471474 0.0063172502 0.0077182677 0.0076812664 0.0128061808 0.0091843897 0.0038127943 0.0046621562 0.0051605842 0.0068168467 0.0088030831 0.0051251489 0.0122600112 0.0094325178 0.0068038827 0.00999315 0.0095010973 0.0082659414 0.0052538906 0.0130570317 0.0075271909 0.0075187248 0.0110321675 0.0145009297 0.0059579443 0.003912314 0.0052240458 0.0083165466 0.0080108876 
19 0.0018212133 0.0078340861 0.007489937 0.0101749212 0.0020429941 0.0088507036 0.006406339 0.0076664983 0.0064232065 0.0110307725 0.0050377505 0.0080981352 0.0086741338 0.0089412576 0.0081273478 0.0043045623 0.0103037017 0.0 0.0089468573 0.0152804966 0.0036203432 0.0105484301 0.0037244645 0.0073783107 0.0082809168 0.0060411599 0.0148078998 0.0104613224 0.0028661313 0.0022705943 0.0052993596 0.0084308081 0.0059313873 0.0090051904 0.0074899821 0.0072918917 0.0120304735 0.0060402267 0.0059304168 0.0101739021 0.008614022 0.0105899071 0.0136838533 0.0061280736 0.0139477383 0.0081023617 0.0111022898 0.0082765417 0.0076883177 0.0043465146 0.0064273058 0.0058343701 0.0079030862 0.0071360166 0.0073735706 0.008183346 0.0159051889 0.0066468399 0.0043317182 0.005900353 0.0089182328 0.0026821425 0.014916015 0.0049845117 0.0134809575 0.0088605754 0.0101376995 0.0103268772 0.0105170189 0.0093616454 0.0104103073 0.0036950298 0.0037389996 0.0070195435 0.0098658609 0.0102657842 0.0070182023 0.0099531056 0.0046532549 0.0106672254 0.0087217427 0.005072305 0.0055124779 0.0067883396 0.010968992 0.003992907 0.0109906144 0.0008679297 0.0095937775 0.0082282785 0.0126227304 0.0100701326 0.0069100923 0.0134574265 0.0098762591 0.0060935296 0.0055270063 0.006984817 0.0030537279 0.0074948098 0.0085536693 0.0073940563 0.0073548344 0.0042921446 0.0015632441 0.0051426857 0.005320688 0.0061045374 0.0088204343 0.013246653 0.0070885433 0.0114874811 0.0079887993 0.0131914377 0.0021086976 0.0025524689 0.0139339808 0.0090130032 0.0147502293 0.0037267352 0.0046238309 0.0151500488 0.0037873491 0.005319754 0.0084099136 0.0066875519 0.0057456198 
20 0.0080980666 0.0099117439 0.011605316 0.002097089 0.0053139823 0.0044292143 0.0101423196 0.0130182479 0.0086390822 0.0021665184 0.0076139282 0.0060817034 0.008130015 0.0123511284 0.0099065925 0.0111191711 0.0060819749 0.0089468573 0.0 0.0075938285 0.0047296591 0.0049260262 0.0033883755 0.0050064148 0.0029459739 0.0108924207 0.0098683803 0.0092069072 0.013289398 0.013086085 0.0014151908 0.0093495458 0.0048550891 0.0055233795 0.0124341689 0.0110473326 0.0031203086 0.0083080512 0.0038505265 0.0009683326 0.0055980289 0.0107267791 0.0120234997 0.0109668528 0.0109055497 0.0121409277 0.0085456274 0.0107781563 0.0099755823 0.0029925796 0.0062590079 0.0063999273 0.0011338151 0.0061305465 0.0049415566 0.0053445224 0.0074781989 0.0097575663 0.0062032613 0.0084018203 0.0052719695 0.0064210991 0.0065084481 0.0110433217 0.010766664 0.0077520325 0.0080991216 0.0075851728 0.0043248202 0.0016912567 0.0074665263 0.0115305202 0.0057783169 0.0093265214 0.001602335 0.0055232594 0.0118637211 0.0030460395 0.0069508242 0.0086648558 0.0115013323 0.0115052626 0.0071849051 0.0119186754 0.0049808006 0.0120478158 0.0051889176 0.0050392931 0.010122412 0.0084077219 0.0031456982 0.0088464692 0.0083796333 0.0131827163 0.0113171533 0.007262915 0.0063454773 0.0108952403 0.0085792034 0.0106642499 0.0090760568 0.0061982873 0.0133631707 0.0067763951 0.0044656687 0.001429196 0.0042143747 0.0135021784 0.0079765662 0.0024967697 0.01030687 0.0111531072 0.0074590596 0.0112599299 0.0110532155 0.0125952184 0.0115380627 0.0105819281 0.0081216146 0.0031529358 0.0062247035 0.005373195 0.0089398974 0.0058492684 0.0116737267 0.0115449524 0.009483479 
21 0.0122525153 0.0069008028 0.0006906445 0.0124084868 0.010015429 0.005620735 0.0089635081 0.0124265899 0.0063502481 0.0115448017 0.0095340879 0.0025910965 0.0026174296 0.0051811806 0.0077109416 0.0064849424 0.0066998976 0.0152804966 0.0075938285 0.0 0.0081670678 0.0088885347 0.0028754892 0.0030300117 0.0062698306 0.0083090023 0.0108987793 0.0053672014 0.0085259745 0.010013629 0.009568566 0.0099615737 0.0024620751 0.0047506103 0.0126956401 0.0097213033 0.0112200169 0.0031803323 0.0089517033 0.0093827705 0.0063429514 0.0076894972 0.0070305594 0.0106353822 0.0117334252 0.0084899977 0.004701854 0.0029274143 0.0037736611 0.0095010563 0.0112012759 0.007898135 0.0071614827 0.0111010309 0.0057010077 0.0073317082 0.0059505825 0.009236777 0.0077655573 0.0086327155 0.0056142056 0.0087771465 0.0042762854 0.0067458271 0.014134274 0.0102559244 0.0030386157 0.0096968228 0.0048132017 0.0083114252 0.0128646659 0.0090057473 0.0121761426 0.0106013125 0.0028822746 0.0060318096 0.0120733051 0.0038234736 0.0098219399 0.0075583923 0.0076119052 0.003937705 0.0033655291 0.0076506933 0.0104878277 0.0103352235 0.0120527548 0.006276376 0.0039254508 0.0124351628 0.0081219615 0.0071011171 0.010433595 0.0096368546 0.0065379681 0.0086906959 0.0082766175 0.0095449319 0.011950971 0.0074351755 0.0089899791 0.0062651177 0.0056833514 0.0008871265 0.0070907463 0.0097158035 0.0074881767 0.0133994916 0.0109916863 0.0131531761 0.0083962848 0.0131150803 0.0044520818 0.0108094323 0.0054674952 0.0092695031 0.0058015953 0.0081548494 0.0053995409 0.0115491636 0.0085252166 0.0097874528 0.0041952103 0.0067636052 0.0004775242 0.0056831854 0.0079938604 
22 0.006939859 0.0021918854 0.0014758701 0.0022802306 0.0085328138 0.0101587648 0.0081902387 0.0058043872 0.0078481609 0.0069225229 0.0100805035 0.0099530943 0.0071687198 0.0032279027 0.0120365302 0.0107616168 0.0046204702 0.0036203432 0.0047296591 0.0081670678 0.0 0.0044745783 0.0040295698 0.0090966259 0.0084055654 0.0076835114 0.0108515191 0.0070431523 0.0028932424 0.0062723786 0.013237841 0.003109064 0.011380635 0.0070808668 0.0112304063 0.0050008344 0.0099595938 0.0128723984 0.0101636237 0.0088717622 0.0060620606 0.0101858224 0.0044021622 0.0063869851 0.004641049 0.010267765 0.0046075928 0.0079513108 0.0066153132 0.0083898855 0.0048874126 0.0070359358 0.0100090383 0.0051784343 0.0012860104 0.0128756967 0.0055599786 0.0042060243 0.0112352397 0.0047786083 0.006023748 0.0131795235 0.0099002371 0.0074593579 0.0082082557 0.0009920901 0.0053207749 0.0092937918 0.0078453236 0.0059481497 0.0065951804 0.0071099291 0.0085823846 0.0061171434 0.0037330944 0.0003933467 0.0069691323 0.0109448818 0.0103398911 0.0134192771 0.0099490278 0.0081033147 0.0101749929 0.0105384779 0.0064686525 0.0129992644 0.0125424952 0.0070691846 0.0101456745 0.0074623459 0.0083463852 0.0127283675 0.0015156858 0.0060697957 0.0050504311 0.0109554913 0.0136677606 0.0112054672 0.0117854476 0.0114805136 0.0103322202 0.0069533801 0.0128715568 0.0065200813 0.0069587496 0.0075234853 0.0081722056 0.0145482371 0.0050412512 0.0071893935 0.008899861 0.0052223141 0.0109058757 0.010257443 0.0111352731 0.0090472179 0.0083607269 0.0082474695 0.0057395174 0.0107396164 0.0073644182 0.0119584839 0.0129695118 0.0063675773 0.0073880257 0.0081466053 0.0053299566 
23 0.0129316616 0.0117385733 0.0029851521 0.0095219091 0.0122791459 0.0079081411 0.0037520978 0.0106456681 0.0098677734 0.0064712894 0.0101619076 0.0093046205 0.0101976375 0.0081570039 0.0046530724 0.0069417869 0.0061092695 0.0105484301 0.0049260262 0.0088885347 0.0044745783 0.0 0.002605978 0.0048901988 0.0051458678 0.01153804 0.0113004703 0.0076164981 0.0111485996 0.0090382342 0.0089400409 0.0095608606 0.0124896698 0.0133153964 0.0079254615 0.0093324334 0.0064520599 0.010192939 0.0009962106 0.0083058284 0.0052295791 0.0115944155 0.0079818386 0.0100145099 0.0074343639 0.0056569304 0.0085478524 0.0095408709 0.0061904998 0.0096293972 0.0089141846 0.0096217467 0.0110778543 0.0081287298 0.0092645329 0.0028322339 0.0056141769 0.009226655 0.0147195809 0.0052179221 0.011608066 0.0053185602 0.0091189944 0.009594946 0.0108422878 0.0022564844 0.0064658262 0.0102917563 0.0063204621 0.0037848886 0.0085235456 0.0056588622 0.0119111299 0.0077830909 0.0068735719 0.0084003384 0.0057780218 0.0058869916 0.0075225183 0.0094492064 0.0078501062 0.0028213576 0.0077706141 0.0039529817 0.0096409684 0.0114521284 0.0090655714 0.0088807585 0.0013194135 0.0038229808 0.0078256945 0.0096195184 0.0033174873 0.0103866234 0.0131707739 0.0094002382 0.0080769057 0.0066621539 0.0051385273 0.0043241199 0.0065238527 0.009745251 0.0019720845 0.0092339601 0.0079193529 0.0071641265 0.0100458569 0.0039841018 0.0093327485 0.0038666329 0.0130734608 0.0047419687 0.0066057144 0.0070924923 0.0035226225 0.0077241912 0.0075390262 0.0137088913 0.0132255742 0.0122604333 0.008040654 0.0078478007 0.006929636 0.002849557 0.0078794419 0.0048744729 0.0096670628 
24 0.0023055103 0.0088031703 0.0102977221 0.0009584387 0.0119163419 0.0107444674 0.0079773365 0.0089431518 0.0043908027 0.0022841983 0.0083940689 0.00543194 0.0081518951 0.0098049504 0.0047525111 0.008653594 0.008443784 0.0037244645 0.0033883755 0.0028754892 0.0040295698 0.002605978 0.0 0.0023577541 0.0090738524 0.0017551487 0.0054797955 0.006455171 0.0110348255 0.0104749621 0.0132454934 0.0088380661 0.0085090625 0.014344532 0.0103965244 0.006605344 0.0087157392 0.0028198507 0.014085398 0.0060564649 0.0115378909 0.0099076033 0.0120836922 0.0134444477 0.0032183707 0.012519781 0.0111699003 0.0035400917 0.007582549 0.0077975749 0.0118654999 0.0082587871 0.0075974738 0.007425643 0.0082659914 0.006642513 0.00760455 0.0074539685 0.0071457473 0.0071453697 0.0042182135 0.008157314 0.0074660343 0.0113831679 0.0063341658 0.0101564044 0.0034241648 0.0127639752 0.0086483169 0.0085273935 0.0069503058 0.0057912149 0.0058645326 0.0112841287 0.0080914426 0.007388091 0.0084814061 0.0060954913 0.0102948287 0.0025413258 0.0106412101 0.0073947221 0.0075714182 0.0129390233 0.0103406752 0.0068854655 0.0123144669 0.0103289935 0.005692359 0.0088918958 0.0098548163 0.0040980082 0.0062643887 0.0008308615 0.0124690308 0.0120960069 0.0086282384 0.005287624 0.0120575778 0.0069823276 0.0073876914 0.0096709829 0.0094491404 0.009488195 0.0110316503 0.0127580862 0.0018305452 0.0107035843 0.0068461563 0.0007241941 0.0061540559 0.0053970757 0.0093697251 0.0066170203 0.0032179602 0.013472992 0.0102423101 0.0074669519 0.0095347342 0.0128181028 0.0039004576 0.0116084057 0.0027521601 0.0074291721 0.0044937724 0.0107049059 0.0101467607 
