55
1 0.0 0.0110467234 0.0272617528 0.0203600621 0.0169457727 0.0125316595 0.0211311181 0.0308233828 0.0141807376 0.0088098359 0.0169282449 0.0253551666 0.0114104 0.0169949503 0.0211394028 0.0112126097 0.0144096533 0.0183526699 0.0148635091 0.0211465837 0.0209446038 0.0239616816 0.0170587004 0.0267622734 0.0080616782 0.02916412 0.0177216419 0.0222579297 0.0136200245 0.0237452221 0.0269023082 0.024149964 0.0083051888 0.0212565772 0.0188143861 0.0177939629 0.0226900249 0.0245595531 0.0089139467 0.0058333838 0.0170841769 0.0074825432 0.0103662494 0.0234429713 0.0159804946 0.0086175773 0.0224773545 0.0205144429 0.0137596208 0.0176865876 0.0225412488 0.0233389046 0.019357861 0.0297349659 0.0301935948
2 0.0110467234 0.0 0.0114751845 0.0149741032 0.0135366906 0.017802748 0.0051558124 0.0160853504 0.0283048419 0.0211164637 0.0118001169 0.0188901707 0.0091891923 0.0029888532 0.0203783047 0.0232103731 0.0245146539 0.0326569101 0.0239703467 0.0173756808 0.0141536223 0.019488641 0.0249442446 0.0168320888 0.0211309736 0.0220071206 0.0174439256 0.0160533548 0.025168676 0.0113269416 0.0219972959 0.0249256556 0.0185551152 0.0174057533 0.0193826566 0.020890824 0.0155442081 0.0266661751 0.0280585536 0.0176889119 0.0257167585 0.0172177911 0.0122384849 0.0074734966 0.0235755538 0.0179228941 0.028670055 0.0202285248 0.0227556709 0.0131124583 0.0202865994 0.0305694988 0.0007723741 0.0151106121 0.0202119694
3 0.0272617528 0.0114751845 0.0 0.0084217091 0.0168661494 0.0234030034 0.0230018525 0.0263953857 0.0181744479 0.0226053004 0.0283678081 0.0114533436 0.0298100949 0.0212439818 0.0019230754 0.0208888121 0.020912846 0.0172533505 0.0193840518 0.0126286064 0.0153319638 0.0186763147 0.0149596506 0.0192618693 0.018648559 0.0219435728 0.0166199841 0.0217925553 0.0118157132 0.0073523103 0.0212762772 0.0192398475 0.0142159472 0.0125189737 0.0273483044 0.0318491195 0.0155765501 0.0128878924 0.0131415086 0.0128138818 0.0192947244 0.0100223342 0.025141705 0.0229742393 0.013756182 0.0160063731 0.0102478097 0.0160419142 0.0151207812 0.0230541285 0.0344618751 0.0092973833 0.0231470817 0.0287607322 0.0239311841
4 0.0203600621 0.0149741032 0.0084217091 0.0 0.0284675003 0.0260060437 0.0177704405 0.0192945882 0.0317834349 0.0228862961 0.0072029139 0.0179080398 0.0116769393 0.0231687425 0.0131704607 0.0193593269 0.0274714962 0.0093534136 0.0311651168 0.0143629932 0.0129355642 0.0215547165 0.0222044994 0.0108282799 0.0121751924 0.0162896282 0.0322056605 0.0207184323 0.0136894711 0.0134476959 0.016477976 0.0226973587 0.0176202536 0.0208121957 0.0200114563 0.0148929709 0.0150451414 0.0200871467 0.0188280573 0.0094638348 0.0172617049 0.0237272514 0.008037646 0.0175409391 0.0307064064 0.0280627239 0.0252198709 0.0178715316 0.0206603991 0.0132029714 0.0204307651 0.0127495847 0.0168022599 0.0169883924 0.0139484008
5 0.0169457727 0.0135366906 0.0168661494 0.0284675003 0.0 0.0153594357 0.0216170936 0.014016267 0.0191038232 0.0250233302 0.0280666399 0.0236716453 0.018841422 0.0166692245 0.0021457526 0.0139698245 0.0213171359 0.0264084585 0.0224902933 0.0192799404 0.0116608756 0.0158764116 0.0221846312 0.0219888637 0.0044575199 0.0239940642 0.0291272715 0.0097589586 0.0151243793 0.0175309801 0.0133123982 0.0235947021 0.0165693421 0.0134700775 0.0169417616 0.0147224395 0.0245742782 0.0217127543 0.0201329943 0.0030757564 0.0178876666 0.02852157 0.0290031601 0.0196439704 0.0160673973 0.0299639113 0.0252846876 0.0224154862 0.019561582 0.02301577 0.0217229346 0.0092000751 0.0145533488 0.0145304798 0.0050211009
6 0.0125316595 0.017802748 0.0234030034 0.0260060437 0.0153594357 0.0 0.0195631761 0.0179671588 0.0139137603 0.0103700863 0.0213869095 0.0216884239 0.0286297704 0.0179370904 0.0213601119 0.0137152461 0.0204089217 0.0262163417 0.002256227 0.0241908143 0.0126871752 0.0266219431 0.026545966 0.0104270748 0.019450205 0.0194224961 0.0252232424 0.028609483 0.0112860369 0.0233137951 0.0139461671 0.0138445765 0.0186931175 0.0289241074 0.0179477135 0.0106714801 0.0139713967 0.0268502731 0.0307723574 0.0312152869 0.0180626218 0.0293211102 0.0198750472 0.0026648943 0.0067442608 0.0191635356 0.0134371444 0.0164623514 0.0213781236 0.0165305407 0.0149025151 0.0142529364 0.0111088892 0.0246776469 0.0062875598
7 0.0211311181 0.0051558124 0.0230018525 0.0177704405 0.0216170936 0.0195631761 0.0 0.0154399611 0.0273427558 0.0248359027 0.0175728893 0.0128802172 0.0191092657 0.035721814 0.0167482879 0.0222421903 0.0167601571 0.0141996592 0.0264804278 0.0066743216 0.0180866838 0.0150059062 0.0224912476 0.0046991356 0.0344815984 0.0121102973 0.0166503755 0.0252322805 0.0070603274 0.0206485015 0.0317836302 0.0113515905 0.0286929949 0.0232507898 0.0214520909 0.0302266118 0.0150953824 0.0252450363 0.0274203597 0.0090863055 0.0070956623 0.0173763167 0.0174544751 0.0244217489 0.0038149852 0.0141638201 0.0157513583 0.0225639174 0.0099421261 0.001974394 0.0213721009 0.0168708838 0.0122462481 0.02265743 0.0279760444
8 0.0308233828 0.0160853504 0.0263953857 0.0192945882 0.014016267 0.0179671588 0.0154399611 0.0 0.0086445862 0.0159903561 0.0257201289 0.0100854446 0.0290755147 0.0075752087 0.0150904525 0.0157147863 0.0201218737 0.0187005701 0.0162812977 0.0242080737 0.0156453864 0.0207305802 0.024740785 0.0200251253 0.0220688156 0.0313669542 0.0225282906 0.0249293465 0.0159728706 0.0093465665 0.0124391301 0.0122342587 0.0302406796 0.0137190706 0.0212566747 0.0179748556 0.0203636297 0.0149483087 0.0207154896 0.019895453 0.0198220165 0.0176222947 0.0151333346 0.0193429486 0.0262934683 0.0196985987 0.0195589176 0.0081138708 0.0182301284 0.0172323077 0.0131983536 0.0325985026 0.0173322996 0.0057238687 0.0117264314
9 0.0141807376 0.0283048419 0.0181744479 0.0317834349 0.0191038232 0.0139137603 0.0273427558 0.0086445862 0.0 0.0071550887 0.0135183994 0.0199640061 0.0197285922 0.016882171 0.0192945225 0.0332909676 0.0117128324 0.0013532658 0.0352129842 0.0173831469 0.0246536394 0.0268168004 0.0126209243 0.020851174 0.0265316586 0.0246211501 0.0166782041 0.0128800123 0.0175176984 0.0201989752 0.0153974674 0.0182303937 0.0091308449 0.0101592908 0.02443888 0.0114872221 0.0069858778 0.030132604 0.0207795995 0.0329357018 0.0268846164 0.0261059102 0.0213936409 0.0188540235 0.0220322871 0.018147164 0.0143722009 0.0147293077 0.0165807038 0.0137052459 0.018125757 0.0196647784 0.0051758003 0.0156416001 0.0085944803
10 0.0088098359 0.0211164637 0.0226053004 0.0228862961 0.0250233302 0.0103700863 0.0248359027 0.0159903561 0.0071550887 0.0 0.0153433691 0.0213622723 0.0239432851 0.0178463177 0.0219206388 0.0212687901 0.0298087126 0.0319463044 0.0224176134 0.0211976111 0.0210500994 0.0071834999 0.0220193408 0.0059359427 0.0158482857 0.0090418154 0.0055859881 0.0299575822 0.0154180975 0.0095277989 0.0170485633 0.0216113846 0.016906876 0.0048515517 0.0310532174 0.0149143845 0.0199762595 0.0095410844 0.0122662125 0.0172388873 0.0243037767 0.0219082159 0.0280315192 0.0116265543 0.0201354606 0.017740596 0.0181584472 0.0315043533 0.0082195145 0.0334323663 0.0216275412 0.0062027927 0.0312135583 0.0197596245 0.0133112326
11 0.0169282449 0.0118001169 0.0283678081 0.0072029139 0.0280666399 0.0213869095 0.0175728893 0.0257201289 0.0135183994 0.0153433691 0.0 0.0089913744 0.0164065875 0.0144502608 0.0130057078 0.0187384321 0.0151295917 0.0062432881 0.0272293324 0.019884712 0.0192380328 0.0259837544 0.0135264125 0.0238177551 0.0087246089 0.0282676808 0.0237389565 0.0090072918 0.0274975951 0.0331123063 0.0126627692 0.0127417166 0.0042160153 0.0130980032 0.03090614 0.0144086528 0.0111686978 0.0099427739 0.0253050392 0.0170144566 0.0190479923 0.0329842558 0.0274352432 0.0202187371 0.0072923836 0.0234688104 0.0185432267 0.0170327701 0.0169215834 0.0310996153 0.0245057322 0.0217933672 0.016717049 0.0201104642 0.0124634041
12 0.0253551666 0.0188901707 0.0114533436 0.0179080398 0.0236716453 0.0216884239 0.0128802172 0.0100854446 0.0199640061 0.0213622723 0.0089913744 0.0 0.0231860566 0.0244531137 0.0120770536 0.0250268299 0.0135463618 0.0292659737 0.0031352913 0.0186665204 0.0330942159 0.0141523447 0.0219948762 0.0185364076 0.0176617346 0.024100657 0.0083766975 0.0234277982 0.0261981071 0.0045020741 0.018064738 0.0129104005 0.0320516503 0.0083532707 0.0235011426 0.0064843054 0.0307809685 0.0377764554 0.0178445547 0.0281393331 0.013063706 0.0068184465 0.0057141798 0.0274897907 0.0162755411 0.0248830459 0.0129093027 0.0257427379 0.0095627634 0.0212145977 0.0134092155 0.0270824263 0.0136385947 0.0095055141 0.0231311002
13 0.0114104 0.0091891923 0.0298100949 0.0116769393 0.018841422 0.0286297704 0.0191092657 0.0290755147 0.0197285922 0.0239432851 0.0164065875 0.0231860566 0.0 0.022852468 0.0042442635 0.0203616752 0.0158828286 0.0192305499 0.020640973 0.0231652321 0.0239701482 0.0125463993 0.0034158656 0.0246666746 0.0139169427 0.0113403577 0.0157772004 0.0124304768 0.0281520198 0.0211863873 0.0058863751 0.0111014831 0.0292249145 0.0076566762 0.0156969329 0.0113621601 0.0299233278 0.0204676724 0.0157316939 0.0199777784 0.019400043 0.0114646554 0.0231942519 0.017389906 0.0201053336 0.0320144034 0.0259295412 0.0247790155 0.0138290409 0.0197006041 0.0236492108 0.0211053215 0.0120433802 0.0106172692 0.0229614253
14 0.0169949503 0.0029888532 0.0212439818 0.0231687425 0.0166692245 0.0179370904 0.035721814 0.0075752087 0.016882171 0.0178463177 0.0144502608 0.0244531137 0.022852468 0.0 0.0237162837 0.0214462586 0.015623319 0.0286538035 0.0191761104 0.0281509528 0.0165167539 0.0138792934 0.0192604663 0.0237146139 0.0215357841 0.0096993897 0.0179137909 0.0228136466 0.0092068743 0.0285744921 0.0174595246 0.0214819217 0.0129495821 0.0316542131 0.0086219226 0.0252409107 0.0278053833 0.0160868641 0.0154132963 0.0073538375 0.0172864511 0.0156410413 0.0193511611 0.0081973615 0.0287405143 0.0034558331 0.0129759626 0.0043067573 0.0315874289 0.0265326009 0.0160500317 0.0158229256 0.0208121256 0.0249760127 0.0115303061
15 0.0211394028 0.0203783047 0.0019230754 0.0131704607 0.0021457526 0.0213601119 0.0167482879 0.0150904525 0.0192945225 0.0219206388 0.0130057078 0.0120770536 0.0042442635 0.0237162837 0.0 0.0123740116 0.0158353622 0.0249670252 0.0101143116 0.015627837 0.0245362342 0.0264144845 0.014518279 0.022366066 0.0311184546 0.0246035153 0.0112374534 0.0253431896 0.0102569179 0.0285773126 0.0092193383 0.0260877102 0.0289741516 0.0301815206 0.0278372635 0.0224891432 0.0205477656 0.0276376646 0.0244119707 0.005259821 0.0207025939 0.0115548441 0.0145667284 0.0200634699 0.0179684034 0.0216738286 0.0175557095 0.0128118601 0.0266685628 0.0224361231 0.0232916847 0.0085099499 0.0173185332 0.0063751947 0.0317513915
16 0.0112126097 0.0232103731 0.0208888121 0.0193593269 0.0139698245 0.0137152461 0.0222421903 0.0157147863 0.0332909676 0.0212687901 0.0187384321 0.0250268299 0.0203616752 0.0214462586 0.0123740116 0.0 0.0172963601 0.0238735692 0.0205710995 0.0118320715 0.0081432053 0.0065132702 0.0161578449 0.0195602631 0.011336557 0.0238090179 0.0067753756 0.0172221319 0.0228458317 0.0294545509 0.0235748432 0.0123953619 0.0136552857 0.0113732983 0.0279979037 0.0132320128 0.0131731615 0.0073418051 0.0046496968 0.0285372565 0.0242573655 0.0114309402 0.0156218179 0.0310975889 0.0298427818 0.0248626438 0.0247189107 0.0222871651 0.0043493424 0.0193304976 0.0198082837 0.0280402239 0.0178668489 0.0234552196 0.0188884615
17 0.0144096533 0.0245146539 0.020912846 0.0274714962 0.0213171359 0.0204089217 0.0167601571 0.0201218737 0.0117128324 0.0298087126 0.0151295917 0.0135463618 0.0158828286 0.015623319 0.0158353622 0.0172963601 0.0 0.0235865713 0.0242796667 0.0048125043 0.0286265686 0.0211054432 0.0022968503 0.0167492663 0.0205966018 0.0208150173 0.0069559727 0.0227512254 0.026541523 0.0343274415 0.0139781164 0.0302243082 0.0237605845 0.02357158 0.0061463097 0.0153095749 0.0165567972 0.0160236102 0.0108136578 0.0162773945 0.023481213 0.0164566279 0.0144439812 0.0198794667 0.0200262796 0.0104136185 0.0080317889 0.0080959489 0.0100531739 0.0139309947 0.019358625 0.0317575683 0.0256039011 0.0235329572 0.028075163
18 0.0183526699 0.0326569101 0.0172533505 0.0093534136 0.0264084585 0.0262163417 0.0141996592 0.0187005701 0.0013532658 0.0319463044 0.0062432881 0.0292659737 0.0192305499 0.0286538035 0.0249670252 0.0238735692 0.0235865713 0.0 0.0212903694 0.0115087845 0.0197014795 0.02193523 0.0055381126 0.0193503098 0.0114232733 0.0354526728 0.0251064559 0.014503922 0.0197618934 0.0176191861 0.0156317402 0.0130296476 0.0216451149 0.0083093092 0.0107613123 0.0206914821 0.0189487508 0.0091701987 0.01496542 0.015271975 0.0101547065 0.017833517 0.0210039614 0.0114105654 0.0168581728 0.0184506446 0.0227258444 0.010363223 0.0265629217 0.0151986935 0.016985226 0.0183593963 0.0365761859 0.0215639829 0.012074594
19 0.0148635091 0.0239703467 0.0193840518 0.0311651168 0.0224902933 0.002256227 0.0264804278 0.0162812977 0.0352129842 0.0224176134 0.0272293324 0.0031352913 0.020640973 0.0191761104 0.0101143116 0.0205710995 0.0242796667 0.0212903694 0.0 0.0271837711 0.0182329871 0.0253975447 0.0173877566 0.0126285272 0.0254158482 0.0285476897 0.0094225061 0.0209848411 0.0051863881 0.0129260375 0.0206035058 0.0131626011 0.0175035932 0.0228519424 0.0215376701 0.017366923 0.0229695898 0.0159716804 0.0183740064 0.0080605812 0.0151569879 0.0124156412 0.0251126069 0.0225630641 0.0115539349 0.0180807476 0.0027980792 0.007811759 0.0072574115 0.0244523568 0.0220292441 0.0201495416 0.0171684926 0.0338945624 0.0168805572
20 0.0211465837 0.0173756808 0.0126286064 0.0143629932 0.0192799404 0.0241908143 0.0066743216 0.0242080737 0.0173831469 0.0211976111 0.019884712 0.0186665204 0.0231652321 0.0281509528 0.015627837 0.0118320715 0.0048125043 0.0115087845 0.0271837711 0.0 0.0171289434 0.0159274381 0.0198387237 0.014237803 0.016707927 0.0146092627 0.0195948845 0.0175034833 0.012339095 0.0216214805 0.0188299912 0.0210355103 0.0241527062 0.0296256231 0.0155934392 0.0286089577 0.0272657948 0.0352331819 0.0175772954 0.0150113347 0.024226383 0.0090361699 0.0141352232 0.0167211799 0.0154732767 0.0115069734 0.0258959389 0.017273887 0.0141659207 0.0183558561 0.0273131494 0.0154274045 0.0170795309 0.009752224 0.0219138485
21 0.0209446038 0.0141536223 0.0153319638 0.0129355642 0.0116608756 0.0126871752 0.0180866838 0.0156453864 0.0246536394 0.0210500994 0.0192380328 0.0330942159 0.0239701482 0.0165167539 0.0245362342 0.0081432053 0.0286265686 0.0197014795 0.0182329871 0.0171289434 0.0 0.0220503192 0.020081291 0.0328481441 0.0255204288 0.0262124628 0.0057283823 0.0182325758 0.0301084823 0.0132311528 0.0216583019 0.0173900344 0.0109808767 0.0176114565 0.013311063 0.0193090646 0.0246630387 0.0319843347 0.0115310352 0.0065584366 0.0261582378 0.0220755944 0.0237363432 0.008110059 0.0216272643 0.0159668332 0.0151365796 0.0117403311 0.0191990001 0.0074509003 0.0214220979 0.0076551691 0.0227736364 0.0160742167 0.0155246725
22 0.0239616816 0.019488641 0.0186763147 0.0215547165 0.0158764116 0.0266219431 0.0150059062 0.0207305802 0.0268168004 0.0071834999 0.0259837544 0.0141523447 0.0125463993 0.0138792934 0.0264144845 0.0065132702 0.0211054432 0.02193523 0.0253975447 0.0159274381 0.0220503192 0.0 0.0138341245 0.0322433564 0.0305523887 0.0216017067 0.029021689 0.0049936509 0.0098680117 0.0179767531 0.0272813038 0.0194691753 0.0174727564 0.0288780139 0.0127322494 0.0193923032 0.0243067318 0.0271581291 0.0040088294 0.0194480522 0.0251736303 0.0209156019 0.0123123346 0.014072777 0.0061616237 0.0095187566 0.0153684911 0.019888712 0.0114804991 0.0202563861 0.0226973195 0.0204865734 0.0158440627 0.0111910325 0.0125709571
23 0.0170587004 0.0249442446 0.0149596506 0.0222044994 0.0221846312 0.026545966 0.0224912476 0.024740785 0.0126209243 0.0220193408 0.0135264125 0.0219948762 0.0034158656 0.0192604663 0.014518279 0.0161578449 0.0022968503 0.0055381126 0.0173877566 0.0198387237 0.020081291 0.0138341245 0.0 0.0151423588 0.0109618663 0.0251157922 0.0182917013 0.0133962477 0.0245384376 0.0181368238 0.015419342 0.0280597999 0.0251142604 0.0277117698 0.0190774225 0.0233201917 0.0110887337 0.0093777581 0.0270012875 0.0242028427 0.0245424927 0.0177745232 0.006325735 0.016322522 0.0055564968 0.0178547226 0.0306259675 0.0162268554 0.0264655492 0.0211899714 0.0140054414 0.0324510197 0.0166506806 0.0132141018 0.0272166916
24 0.0267622734 0.0168320888 0.0192618693 0.0108282799 0.0219888637 0.0104270748 0.0046991356 0.0200251253 0.020851174 0.0059359427 0.0238177551 0.0185364076 0.0246666746 0.0237146139 0.022366066 0.0195602631 0.0167492663 0.0193503098 0.0126285272 0.014237803 0.0328481441 0.0322433564 0.0151423588 0.0 0.0058062184 0.019922918 0.0043714196 0.010665469 0.0201497868 0.0337413485 0.009786444 0.0273305075 0.0041173517 0.0117161321 0.0305359289 0.0268924315 0.0148946993 0.0102557793 0.0142693552 0.0263121703 0.0243590121 0.019943191 0.0251265213 0.0338570905 0.0057940968 0.0257599646 0.0011670951 0.0291376585 0.0190960661 0.0250456423 0.0149935781 0.0171926793 0.0173986083 0.0138670498 0.0230204123
25 0.0080616782 0.0211309736 0.018648559 0.0121751924 0.0044575199 0.019450205 0.0344815984 0.0220688156 0.0265316586 0.0158482857 0.0087246089 0.0176617346 0.0139169427 0.0215357841 0.0311184546 0.011336557 0.0205966018 0.0114232733 0.0254158482 0.016707927 0.0255204288 0.0305523887 0.0109618663 0.0058062184 0.0 0.0098851347 0.020330799 0.0179472818 0.0279003303 0.0265666457 0.0204465261 0.0224929604 0.008041763 0.022864269 0.0247106145 0.0172238475 0.0190994297 0.0085483208 0.0165699134 0.0277993354 0.0194258158 0.0177497888 0.0145668473 0.0132319138 0.0173598713 0.0230634721 0.0232692742 0.0147219669 0.0183203058 0.0192192083 0.0132915823 0.0280586193 0.0274898126 0.0076801819 0.0179910473
26 0.02916412 0.0220071206 0.0219435728 0.0162896282 0.0239940642 0.0194224961 0.0121102973 0.0313669542 0.0246211501 0.0090418154 0.0282676808 0.024100657 0.0113403577 0.0096993897 0.0246035153 0.0238090179 0.0208150173 0.0354526728 0.0285476897 0.0146092627 0.0262124628 0.0216017067 0.0251157922 0.019922918 0.0098851347 0.0 0.0197149666 0.0223734244 0.0193542228 0.0099962306 0.0125689663 0.0053661457 0.0251989595 0.0096916492 0.0061561499 0.0106666789 0.0192528082 0.0065885011 0.0127889184 0.0182717031 0.0216490072 0.0042053712 0.0165327175 0.029556565 0.0169129784 0.0079908297 0.0142537804 0.028231521 0.0243401575 0.021598066 0.0085538509 0.0143653969 0.006232524 0.0188681845 0.034775231
27 0.0177216419 0.0174439256 0.0166199841 0.0322056605 0.0291272715 0.0252232424 0.0166503755 0.0225282906 0.0166782041 0.0055859881 0.0237389565 0.0083766975 0.0157772004 0.0179137909 0.0112374534 0.0067753756 0.0069559727 0.0251064559 0.0094225061 0.0195948845 0.0057283823 0.029021689 0.0182917013 0.0043714196 0.020330799 0.0197149666 0.0 0.0194456709 0.0329637593 0.0267302075 0.0222029944 0.0048849487 0.0222700584 0.0282732712 0.0179445815 0.0336428643 0.0288791943 0.0282856981 0.0122993624 0.0193217395 0.0135527577 0.0148222248 0.0205293208 0.0084614475 0.0179001943 0.0068708788 0.0203055453 0.0268489715 0.0288806607 0.0217403018 0.0097612739 0.0148942665 0.0190365662 0.0303652979 0.0067431061
28 0.0222579297 0.0160533548 0.0217925553 0.0207184323 0.0097589586 0.028609483 0.0252322805 0.0249293465 0.0128800123 0.0299575822 0.0090072918 0.0234277982 0.0124304768 0.0228136466 0.0253431896 0.0172221319 0.0227512254 0.014503922 0.0209848411 0.0175034833 0.0182325758 0.0049936509 0.0133962477 0.010665469 0.0179472818 0.0223734244 0.0194456709 0.0 0.0175205572 0.0146890416 0.0168052911 0.0168138412 0.0197477843 0.0230331325 0.0115413135 0.0151603225 0.0283808065 0.0252602379 0.0127022598 0.0178436813 0.0282765064 0.0241352204 0.0125021822 0.006911922 0.0259550079 0.0176115857 0.0071393637 0.0269940067 0.021738809 0.0178403109 0.022903764 0.0144707961 0.0167599818 0.0100050095 0.0220250019
29 0.0136200245 0.025168676 0.0118157132 0.0136894711 0.0151243793 0.0112860369 0.0070603274 0.0159728706 0.0175176984 0.0154180975 0.0274975951 0.0261981071 0.0281520198 0.0092068743 0.0102569179 0.0228458317 0.026541523 0.0197618934 0.0051863881 0.012339095 0.0301084823 0.0098680117 0.0245384376 0.0201497868 0.0279003303 0.0193542228 0.0329637593 0.0175205572 0.0 0.034751978 0.0230012376 0.0213196793 0.0265817221 0.016400705 0.0254087203 0.0114677516 0.0127086958 0.0193427662 0.0135256776 0.0221755144 0.0209154412 0.0200991424 0.0233352735 0.0142833484 0.0165996052 0.0195814437 0.0175920689 0.0201264205 0.0155851622 0.0170383184 0.0257868798 0.010102654 0.006602842 0.0085083674 0.0200954563
30 0.0237452221 0.0113269416 0.0073523103 0.0134476959 0.0175309801 0.0233137951 0.0206485015 0.0093465665 0.0201989752 0.0095277989 0.0331123063 0.0045020741 0.0211863873 0.0285744921 0.0285773126 0.0294545509 0.0343274415 0.0176191861 0.0129260375 0.0216214805 0.0132311528 0.0179767531 0.0181368238 0.0337413485 0.0265666457 0.0099962306 0.0267302075 0.0146890416 0.034751978 0.0 0.0118000992 0.0115394203 0.0192704585 0.0144483295 0.0078872749 0.0189724075 0.0092111773 0.0245334667 0.0212501325 0.0192395356 0.0019931848 0.0039776449 0.0305930749 0.013202921 0.0297935309 0.0247311586 0.0219726314 0.0200652824 0.018158692 0.0272702675 0.01031828 0.0019876019 0.0186915555 0.0107598616 0.0241717732
31 0.0269023082 0.0219972959 0.0212762772 0.016477976 0.0133123982 0.0139461671 0.0317836302 0.0124391301 0.0153974674 0.0170485633 0.0126627692 0.018064738 0.0058863751 0.0174595246 0.0092193383 0.0235748432 0.0139781164 0.0156317402 0.0206035058 0.0188299912 0.0216583019 0.0272813038 0.015419342 0.009786444 0.0204465261 0.0125689663 0.0222029944 0.0168052911 0.0230012376 0.0118000992 0.0 0.015396527 0.0167847595 0.0183115476 0.011440606 0.0293351897 0.020266082 0.0022802358 0.0328514731 0.0141030505 0.0236100405 0.0288800394 0.0189549326 0.0186317694 0.0161437813 0.0133859054 0.0209993446 0.0134289489 0.0222093197 0.009656616 0.0118561642 0.0323817363 0.0335820366 0.021409642 0.0266375902
32 0.024149964 0.0249256556 0.0192398475 0.0226973587 0.0235947021 0.0138445765 0.0113515905 0.0122342587 0.0182303937 0.0216113846 0.0127417166 0.0129104005 0.0111014831 0.0214819217 0.0260877102 0.0123953619 0.0302243082 0.0130296476 0.0131626011 0.0210355103 0.0173900344 0.0194691753 0.0280597999 0.0273305075 0.0224929604 0.0053661457 0.0048849487 0.0168138412 0.0213196793 0.0115394203 0.015396527 0.0 0.0161220254 0.0172260311 0.0237691539 0.0194787923 0.0278524009 0.0259431817 0.0333198136 0.0258302215 0.0196999464 0.0062514691 0.0095530473 0.0188986812 0.0347465194 0.0122242942 0.0069633627 0.0153255447 0.0211563932 0.018436747 0.0245005635 0.0247320618 0.0190384452 0.0058803249 0.0169375464
33 0.0083051888 0.0185551152 0.0142159472 0.0176202536 0.0165693421 0.0186931175 0.0286929949 0.0302406796 0.0091308449 0.016906876 0.0042160153 0.0320516503 0.0292249145 0.0129495821 0.0289741516 0.0136552857 0.0237605845 0.0216451149 0.0175035932 0.0241527062 0.0109808767 0.0174727564 0.0251142604 0.0041173517 0.008041763 0.0251989595 0.0222700584 0.0197477843 0.0265817221 0.0192704585 0.0167847595 0.0161220254 0.0 0.0141816422 0.0177131396 0.0296568247 0.0032717956 0.0103612201 0.0140223244 0.0326246719 0.0253319439 0.0221446597 0.022911901 0.0189751966 0.0160391621 0.0256588684 0.0220464535 0.0220470681 0.021763104 0.0202199059 0.0122710559 0.0113616698 0.0132967337 0.0108481032 0.0144858215
34 0.0212565772 0.0174057533 0.0125189737 0.0208121957 0.0134700775 0.0289241074 0.0232507898 0.0137190706 0.0101592908 0.0048515517 0.0130980032 0.0083532707 0.0076566762 0.0316542131 0.0301815206 0.0113732983 0.02357158 0.0083093092 0.0228519424 0.0296256231 0.0176114565 0.0288780139 0.0277117698 0.0117161321 0.022864269 0.0096916492 0.0282732712 0.0230331325 0.016400705 0.0144483295 0.0183115476 0.0172260311 0.0141816422 0.0 0.0208512396 0.0115397018 0.0178407651 0.0229451652 0.0133357953 0.0158682751 0.010953597 0.0224437416 0.0087621044 0.0269255731 0.0107807753 0.0256971872 0.0161512098 0.0158717844 0.0269281576 0.0155982572 0.0337109696 0.0172187909 0.0253579423 0.0278809789 0.0099462147
35 0.0188143861 0.0193826566 0.0273483044 0.0200114563 0.0169417616 0.0179477135 0.0214520909 0.0212566747 0.02443888 0.0310532174 0.03090614 0.0235011426 0.0156969329 0.0086219226 0.0278372635 0.0279979037 0.0061463097 0.0107613123 0.0215376701 0.0155934392 0.013311063 0.0127322494 0.0190774225 0.0305359289 0.0247106145 0.0061561499 0.0179445815 0.0115413135 0.0254087203 0.0078872749 0.011440606 0.0237691539 0.0177131396 0.0208512396 0.0 0.0101528036 0.0116885592 0.0081314234 0.0264534975 0.0172466683 0.0059616886 0.0267682476 0.022272381 0.0192562681 0.0262246329 0.0072862338 0.0105627322 0.0269185589 0.0185047017 0.021687284 0.0151225926 0.0198156261 0.0135354494 0.02816864 0.0139153754
36 0.0177939629 0.020890824 0.0318491195 0.0148929709 0.0147224395 0.0106714801 0.0302266118 0.0179748556 0.0114872221 0.0149143845 0.0144086528 0.0064843054 0.0113621601 0.0252409107 0.0224891432 0.0132320128 0.0153095749 0.0206914821 0.017366923 0.0286089577 0.0193090646 0.0193923032 0.0233201917 0.0268924315 0.0172238475 0.0106666789 0.0336428643 0.0151603225 0.0114677516 0.0189724075 0.0293351897 0.0194787923 0.0296568247 0.0115397018 0.0101528036 0.0 0.0088012112 0.0018486006 0.0157112664 0.0142356874 0.0279622544 0.0195915505 0.0224889445 0.0231429033 0.0093182956 0.0198564657 0.0299915123 0.0281889308 0.0013186652 0.0112751879 0.0220855596 0.0347377224 0.0192810662 0.0136645586 0.0196704484
37 0.0226900249 0.0155442081 0.0155765501 0.0150451414 0.0245742782 0.0139713967 0.0150953824 0.0203636297 0.0069858778 0.0199762595 0.0111686978 0.0307809685 0.0299233278 0.0278053833 0.0205477656 0.0131731615 0.0165567972 0.0189487508 0.0229695898 0.0272657948 0.0246630387 0.0243067318 0.0110887337 0.0148946993 0.0190994297 0.0192528082 0.0288791943 0.0283808065 0.0127086958 0.0092111773 0.020266082 0.0278524009 0.0032717956 0.0178407651 0.0116885592 0.0088012112 0.0 0.0250884855 0.0081889038 0.0235110743 0.0114520213 0.0345582647 0.0088215895 0.025318938 0.0284963769 0.0266178145 0.0161789001 0.0122882249 0.0050031446 0.0184462623 0.0168289774 0.0159620981 0.0251827104 0.0186267791 0.0082603194
38 0.0245595531 0.0266661751 0.0128878924 0.0200871467 0.0217127543 0.0268502731 0.0252450363 0.0149483087 0.030132604 0.0095410844 0.0099427739 0.0377764554 0.0204676724 0.0160868641 0.0276376646 0.0073418051 0.0160236102 0.0091701987 0.0159716804 0.0352331819 0.0319843347 0.0271581291 0.0093777581 0.0102557793 0.0085483208 0.0065885011 0.0282856981 0.0252602379 0.0193427662 0.0245334667 0.0022802358 0.0259431817 0.0103612201 0.0229451652 0.0081314234 0.0018486006 0.0250884855 0.0 0.0234500796 0.032318043 0.018737606 0.0086586248 0.0293236358 0.0071378824 0.0294701723 0.0101994639 0.0239960803 0.0061612469 0.0122795939 0.0226635511 0.0121256412 0.0204533391 0.0050368738 0.0126741254 0.0290980018
39 0.0089139467 0.0280585536 0.0131415086 0.0188280573 0.0201329943 0.0307723574 0.0274203597 0.0207154896 0.0207795995 0.0122662125 0.0253050392 0.0178445547 0.0157316939 0.0154132963 0.0244119707 0.0046496968 0.0108136578 0.01496542 0.0183740064 0.0175772954 0.0115310352 0.0040088294 0.0270012875 0.0142693552 0.0165699134 0.0127889184 0.0122993624 0.0127022598 0.0135256776 0.0212501325 0.0328514731 0.0333198136 0.0140223244 0.0133357953 0.0264534975 0.0157112664 0.0081889038 0.0234500796 0.0 0.0265884575 0.0182213901 0.0202519121 0.0129954629 0.0331862422 0.0212320485 0.0276477048 0.0085504734 0.0274849461 0.0143868068 0.0165646305 0.0195180572 0.0213611451 0.0187235329 0.0029009746 0.0309905795
40 0.0058333838 0.0176889119 0.0128138818 0.0094638348 0.0030757564 0.0312152869 0.0090863055 0.019895453 0.0329357018 0.0172388873 0.0170144566 0.0281393331 0.0199777784 0.0073538375 0.005259821 0.0285372565 0.0162773945 0.015271975 0.0080605812 0.0150113347 0.0065584366 0.0194480522 0.0242028427 0.0263121703 0.0277993354 0.0182717031 0.0193217395 0.0178436813 0.0221755144 0.0192395356 0.0141030505 0.0258302215 0.0326246719 0.0158682751 0.0172466683 0.0142356874 0.0235110743 0.032318043 0.0265884575 0.0 0.0157973871 0.026582806 0.0186416604 0.0184906927 0.0151945722 0.0073625143 0.0174041033 0.0197002436 0.0251324239 0.0212254551 0.0311063041 0.0134354282 0.0138726024 0.0175922131 0.0148112614
41 0.0170841769 0.0257167585 0.0192947244 0.0172617049 0.0178876666 0.0180626218 0.0070956623 0.0198220165 0.0268846164 0.0243037767 0.0190479923 0.013063706 0.019400043 0.0172864511 0.0207025939 0.0242573655 0.023481213 0.0101547065 0.0151569879 0.024226383 0.0261582378 0.0251736303 0.0245424927 0.0243590121 0.0194258158 0.0216490072 0.0135527577 0.0282765064 0.0209154412 0.0019931848 0.0236100405 0.0196999464 0.0253319439 0.010953597 0.0059616886 0.0279622544 0.0114520213 0.018737606 0.0182213901 0.0157973871 0.0 0.0135687343 0.0075061275 0.0192126244 0.0095722345 0.0291658567 0.0249752648 0.0218548363 0.0235417216 0.0082906469 0.0233919811 0.0056215739 0.0189057516 0.0221404496 0.0082870686
42 0.0074825432 0.0172177911 0.0100223342 0.0237272514 0.02852157 0.0293211102 0.0173763167 0.0176222947 0.0261059102 0.0219082159 0.0329842558 0.0068184465 0.0114646554 0.0156410413 0.0115548441 0.0114309402 0.0164566279 0.017833517 0.0124156412 0.0090361699 0.0220755944 0.0209156019 0.0177745232 0.019943191 0.0177497888 0.0042053712 0.0148222248 0.0241352204 0.0200991424 0.0039776449 0.0288800394 0.0062514691 0.0221446597 0.0224437416 0.0267682476 0.0195915505 0.0345582647 0.0086586248 0.0202519121 0.026582806 0.0135687343 0.0 0.0305689907 0.0214474682 0.0196956514 0.0153375732 0.0272701176 0.0180488386 0.0128688882 0.015604171 0.0266417274 0.0137580234 0.0287738045 0.0145771301 0.0150677862
43 0.0103662494 0.0122384849 0.025141705 0.008037646 0.0290031601 0.0198750472 0.0174544751 0.0151333346 0.0213936409 0.0280315192 0.0274352432 0.0057141798 0.0231942519 0.0193511611 0.0145667284 0.0156218179 0.0144439812 0.0210039614 0.0251126069 0.0141352232 0.0237363432 0.0123123346 0.006325735 0.0251265213 0.0145668473 0.0165327175 0.0205293208 0.0125021822 0.0233352735 0.0305930749 0.0189549326 0.0095530473 0.022911901 0.0087621044 0.022272381 0.0224889445 0.0088215895 0.0293236358 0.0129954629 0.0186416604 0.0075061275 0.0305689907 0.0 0.0211209863 0.016938416 0.0086392643 0.020470346 0.0056355829 0.0342125258 0.0242494521 0.0132772466 0.0142032633 0.0221372584 0.0300775512 0.0234225619
44 0.0234429713 0.0074734966 0.0229742393 0.0175409391 0.0196439704 0.0026648943 0.0244217489 0.0193429486 0.0188540235 0.0116265543 0.0202187371 0.0274897907 0.017389906 0.0081973615 0.0200634699 0.0310975889 0.0198794667 0.0114105654 0.0225630641 0.0167211799 0.008110059 0.014072777 0.016322522 0.0338570905 0.0132319138 0.029556565 0.0084614475 0.006911922 0.0142833484 0.013202921 0.0186317694 0.0188986812 0.0189751966 0.0269255731 0.0192562681 0.0231429033 0.025318938 0.0071378824 0.0331862422 0.0184906927 0.0192126244 0.0214474682 0.0211209863 0.0 0.0174315909 0.0239222188 0.0184080972 0.0095703789 0.017691394 0.0159849368 0.0185837718 0.0264542282 0.0109272651 0.0290223728 0.0192310369
45 0.0159804946 0.0235755538 0.013756182 0.0307064064 0.0160673973 0.0067442608 0.0038149852 0.0262934683 0.0220322871 0.0201354606 0.0072923836 0.0162755411 0.0201053336 0.0287405143 0.0179684034 0.0298427818 0.0200262796 0.0168581728 0.0115539349 0.0154732767 0.0216272643 0.0061616237 0.0055564968 0.0057940968 0.0173598713 0.0169129784 0.0179001943 0.0259550079 0.0165996052 0.0297935309 0.0161437813 0.0347465194 0.0160391621 0.0107807753 0.0262246329 0.0093182956 0.0284963769 0.0294701723 0.0212320485 0.0151945722 0.0095722345 0.0196956514 0.016938416 0.0174315909 0.0 0.0177575983 0.0193534865 0.0176878432 0.0278032097 0.0272291523 0.0055392585 0.0239588115 0.0255563602 0.0326354167 0.0042908462
46 0.0086175773 0.0179228941 0.0160063731 0.0280627239 0.0299639113 0.0191635356 0.0141638201 0.0196985987 0.018147164 0.017740596 0.0234688104 0.0248830459 0.0320144034 0.0034558331 0.0216738286 0.0248626438 0.0104136185 0.0184506446 0.0180807476 0.0115069734 0.0159668332 0.0095187566 0.0178547226 0.0257599646 0.0230634721 0.0079908297 0.0068708788 0.0176115857 0.0195814437 0.0247311586 0.0133859054 0.0122242942 0.0256588684 0.0256971872 0.0072862338 0.0198564657 0.0266178145 0.0101994639 0.0276477048 0.0073625143 0.0291658567 0.0153375732 0.0086392643 0.0239222188 0.0177575983 0.0 0.0282615037 0.0208916073 0.0257580544 0.0094814991 0.012379833 0.0145768967 0.0308172973 0.0281673228 0.0116596333
47 0.0224773545 0.028670055 0.0102478097 0.0252198709 0.0252846876 0.0134371444 0.0157513583 0.0195589176 0.0143722009 0.0181584472 0.0185432267 0.0129093027 0.0259295412 0.0129759626 0.0175557095 0.0247189107 0.0080317889 0.0227258444 0.0027980792 0.0258959389 0.0151365796 0.0153684911 0.0306259675 0.0011670951 0.0232692742 0.0142537804 0.0203055453 0.0071393637 0.0175920689 0.0219726314 0.0209993446 0.0069633627 0.0220464535 0.0161512098 0.0105627322 0.0299915123 0.0161789001 0.0239960803 0.0085504734 0.0174041033 0.0249752648 0.0272701176 0.020470346 0.0184080972 0.0193534865 0.0282615037 0.0 0.01242832 0.0141078438 0.0189923458 0.0136783044 0.0288914919 0.0285033618 0.0196269138 0.0200954824
48 0.0205144429 0.0202285248 0.0160419142 0.0178715316 0.0224154862 0.0164623514 0.0225639174 0.0081138708 0.0147293077 0.0315043533 0.0170327701 0.0257427379 0.0247790155 0.0043067573 0.0128118601 0.0222871651 0.0080959489 0.010363223 0.007811759 0.017273887 0.0117403311 0.019888712 0.0162268554 0.0291376585 0.0147219669 0.028231521 0.0268489715 0.0269940067 0.0201264205 0.0200652824 0.0134289489 0.0153255447 0.0220470681 0.0158717844 0.0269185589 0.0281889308 0.0122882249 0.0061612469 0.0274849461 0.0197002436 0.0218548363 0.0180488386 0.0056355829 0.0095703789 0.0176878432 0.0208916073 0.01242832 0.0 0.017866792 0.0168423835 0.0277912766 0.0238012945 0.0265812265 0.0160601411 0.0225914315
49 0.0137596208 0.0227556709 0.0151207812 0.0206603991 0.019561582 0.0213781236 0.0099421261 0.0182301284 0.0165807038 0.0082195145 0.0169215834 0.0095627634 0.0138290409 0.0315874289 0.0266685628 0.0043493424 0.0100531739 0.0265629217 0.0072574115 0.0141659207 0.0191990001 0.0114804991 0.0264655492 0.0190960661 0.0183203058 0.0243401575 0.0288806607 0.021738809 0.0155851622 0.018158692 0.0222093197 0.0211563932 0.021763104 0.0269281576 0.0185047017 0.0013186652 0.0050031446 0.0122795939 0.0143868068 0.0251324239 0.0235417216 0.0128688882 0.0342125258 0.017691394 0.0278032097 0.0257580544 0.0141078438 0.017866792 0.0 0.018942937 0.0115346386 0.0162736589 0.0291266465 0.0220468697 0.0291108076
50 0.0176865876 0.0131124583 0.0230541285 0.0132029714 0.02301577 0.0165305407 0.001974394 0.0172323077 0.0137052459 0.0334323663 0.0310996153 0.0212145977 0.0197006041 0.0265326009 0.0224361231 0.0193304976 0.0139309947 0.0151986935 0.0244523568 0.0183558561 0.0074509003 0.0202563861 0.0211899714 0.0250456423 0.0192192083 0.021598066 0.0217403018 0.0178403109 0.0170383184 0.0272702675 0.009656616 0.018436747 0.0202199059 0.0155982572 0.021687284 0.0112751879 0.0184462623 0.0226635511 0.0165646305 0.0212254551 0.0082906469 0.015604171 0.0242494521 0.0159849368 0.0272291523 0.0094814991 0.0189923458 0.0168423835 0.018942937 0.0 0.0084502217 0.0109690801 0.0165441311 0.0333903681 0.0154066945
51 0.0225412488 0.0202865994 0.0344618751 0.0204307651 0.0217229346 0.0149025151 0.0213721009 0.0131983536 0.018125757 0.0216275412 0.0245057322 0.0134092155 0.0236492108 0.0160500317 0.0232916847 0.0198082837 0.019358625 0.016985226 0.0220292441 0.0273131494 0.0214220979 0.0226973195 0.0140054414 0.0149935781 0.0132915823 0.0085538509 0.0097612739 0.022903764 0.0257868798 0.01031828 0.0118561642 0.0245005635 0.0122710559 0.0337109696 0.0151225926 0.0220855596 0.0168289774 0.0121256412 0.0195180572 0.0311063041 0.0233919811 0.0266417274 0.0132772466 0.0185837718 0.0055392585 0.012379833 0.0136783044 0.0277912766 0.0115346386 0.0084502217 0.0 0.0114601317 0.0154016124 0.0166437522 0.0172961971
52 0.0233389046 0.0305694988 0.0092973833 0.0127495847 0.0092000751 0.0142529364 0.0168708838 0.0325985026 0.0196647784 0.0062027927 0.0217933672 0.0270824263 0.0211053215 0.0158229256 0.0085099499 0.0280402239 0.0317575683 0.0183593963 0.0201495416 0.0154274045 0.0076551691 0.0204865734 0.0324510197 0.0171926793 0.0280586193 0.0143653969 0.0148942665 0.0144707961 0.010102654 0.0019876019 0.0323817363 0.0247320618 0.0113616698 0.0172187909 0.0198156261 0.0347377224 0.0159620981 0.0204533391 0.0213611451 0.0134354282 0.0056215739 0.0137580234 0.0142032633 0.0264542282 0.0239588115 0.0145768967 0.0288914919 0.0238012945 0.0162736589 0.0109690801 0.0114601317 0.0 0.0169734513 0.018680365 0.0184598702
53 0.019357861 0.0007723741 0.0231470817 0.0168022599 0.0145533488 0.0111088892 0.0122462481 0.0173322996 0.0051758003 0.0312135583 0.016717049 0.0136385947 0.0120433802 0.0208121256 0.0173185332 0.0178668489 0.0256039011 0.0365761859 0.0171684926 0.0170795309 0.0227736364 0.0158440627 0.0166506806 0.0173986083 0.0274898126 0.006232524 0.0190365662 0.0167599818 0.006602842 0.0186915555 0.0335820366 0.0190384452 0.0132967337 0.0253579423 0.0135354494 0.0192810662 0.0251827104 0.0050368738 0.0187235329 0.0138726024 0.0189057516 0.0287738045 0.0221372584 0.0109272651 0.0255563602 0.0308172973 0.0285033618 0.0265812265 0.0291266465 0.0165441311 0.0154016124 0.0169734513 0.0 0.0114459655 0.0173838414
54 0.0297349659 0.0151106121 0.0287607322 0.0169883924 0.0145304798 0.0246776469 0.02265743 0.0057238687 0.0156416001 0.0197596245 0.0201104642 0.0095055141 0.0106172692 0.0249760127 0.0063751947 0.0234552196 0.0235329572 0.0215639829 0.0338945624 0.009752224 0.0160742167 0.0111910325 0.0132141018 0.0138670498 0.0076801819 0.0188681845 0.0303652979 0.0100050095 0.0085083674 0.0107598616 0.021409642 0.0058803249 0.0108481032 0.0278809789 0.02816864 0.0136645586 0.0186267791 0.0126741254 0.0029009746 0.0175922131 0.0221404496 0.0145771301 0.0300775512 0.0290223728 0.0326354167 0.0281673228 0.0196269138 0.0160601411 0.0220468697 0.0333903681 0.0166437522 0.018680365 0.0114459655 0.0 0.0279369844
55 0.0301935948 0.0202119694 0.0239311841 0.0139484008 0.0050211009 0.0062875598 0.0279760444 0.0117264314 0.0085944803 0.0133112326 0.0124634041 0.0231311002 0.0229614253 0.0115303061 0.0317513915 0.0188884615 0.028075163 0.012074594 0.0168805572 0.0219138485 0.0155246725 0.0125709571 0.0272166916 0.0230204123 0.0179910473 0.034775231 0.0067431061 0.0220250019 0.0200954563 0.0241717732 0.0266375902 0.0169375464 0.0144858215 0.0099462147 0.0139153754 0.0196704484 0.0082603194 0.0290980018 0.0309905795 0.0148112614 0.0082870686 0.0150677862 0.0234225619 0.0192310369 0.0042908462 0.0116596333 0.0200954824 0.0225914315 0.0291108076 0.0154066945 0.0172961971 0.0184598702 0.0173838414 0.0279369844 0.0
