10
1 0.0 0.0545258857 0.1149506605 0.1344873451 0.1119592452 0.1034174983 0.0856191016 0.1567738681 0.0860696638 0.1521967321
2 0.0545258857 0.0 0.1225496514 0.1429589514 0.0626726872 0.0955458528 0.0890132444 0.1668212792 0.1183779072 0.1475345411
3 0.1149506605 0.1225496514 0.0 0.183292726 0.1413125845 0.1041250786 0.0567509431 0.0208698158 0.1288611846 0.1272873555
4 0.1344873451 0.1429589514 0.183292726 0.0 0.0770884597 0.0896570513 0.0500087545 0.127609798 0.1585029821 0.0363939317
5 0.1119592452 0.0626726872 0.1413125845 0.0770884597 0.0 0.1660156138 0.1801179961 0.0808053697 0.0557374913 0.1242905527
6 0.1034174983 0.0955458528 0.1041250786 0.0896570513 0.1660156138 0.0 0.1426889152 0.0699199935 0.1186196676 0.1100103289
7 0.0856191016 0.0890132444 0.0567509431 0.0500087545 0.1801179961 0.1426889152 0.0 0.1214398271 0.1554137927 0.1189474254
8 0.1567738681 0.1668212792 0.0208698158 0.127609798 0.0808053697 0.0699199935 0.1214398271 0.0 0.1254191134 0.130340935
9 0.0860696638 0.1183779072 0.1288611846 0.1585029821 0.0557374913 0.1186196676 0.1554137927 0.1254191134 0.0 0.0529981974
10 0.1521967321 0.1475345411 0.1272873555 0.0363939317 0.1242905527 0.1100103289 0.1189474254 0.130340935 0.0529981974 0.0
