128
1 0.0073456317 0.005266801 0.0067375349 0.0072452938 0.0072128172 0.0036110141 0.0050534996 0.0053097457 0.0049857448 0.0072722976 0.0082008492 0.0079338753 0.0062207273 0.0073191406 0.0068457904 0.0030880303 0.0082289943 0.0061935009 0.0055394741 0.0043140848 0.0080503398 0.0077367303 0.0103101665 0.0084394533 0.0075689365 0.002777962 0.0088738123 0.0108148372 0.0054937342 0.0014856254 0.0078156849 0.0061747395 0.0100414381 0.0112606357 0.0083671796 0.0094376401 0.0120544 0.0112454002 0.0080180584 0.0077302766 0.0095086317 0.0078476064 0.0076227146 0.0071406712 0.0047251912 0.0094048993 0.0116815824 0.0043339464 0.0069542069 0.0092368668 0.004445491 0.0098202006 0.0110787424 0.0105345802 0.0089428844 0.0103864659 0.003519199 0.0087122779 0.0059948272 0.0106848377 0.0016109759 0.0042401484 0.0075400629 0.0142836451 0.0048337404 0.0100042833 0.0085835435 0.0090770973 0.0080042014 0.0108184919 0.004242732 0.0135926611 0.0035243113 0.0085373828 0.013383454 0.0091423746 0.0103952928 0.0081478604 0.0126786751 0.0156881264 0.0050027187 0.0066827907 0.0136645721 0.0064500894 0.0099058941 0.0063368129 0.0102284976 0.0087014925 0.0102089465 0.0069029546 0.004108816 0.0098471488 0.0069180638 0.0093021469 0.0067089122 0.0117960254 0.0089966127 0.0092133954 0.0068969387 0.0053015496 0.0056801405 0.0090011929 0.0078267582 0.0089577261 0.0073748128 0.0102584594 0.0086766208 0.0088546971 0.009581857 0.007809527 0.0086721275 0.0041496187 0.0083685739 0.0096462311 0.0090649478 0.0087463271 0.007474943 0.0058565768 0.0088362805 0.0108246841 0.0101796446 0.0024324795 0.0058765222 0.0079033794 0.0081212016 0.0016623668 0.0022821462 0.0041789966 
2 0.005266801 0.0088717308 0.013038634 0.008048075 0.0086748218 0.0029026499 0.0054971894 0.0068375286 0.0101275966 0.0065454257 0.0046053484 0.0032404613 0.0032723725 0.0179200603 0.002928532 0.0060245057 0.0087519092 0.0086511631 0.0112427091 0.0120731757 0.005895825 0.0083542332 0.0049950792 0.0053026801 0.0082967789 0.0080467613 0.0047765286 0.0066007046 0.0100657867 0.0047087619 0.0150887354 0.0095463701 0.0066436026 0.0165447365 0.0060768918 0.008682254 0.0054290831 0.0060409666 0.0067991437 0.0090440917 0.007440114 0.0115940634 0.0064094987 0.0084507065 0.0087970686 0.0059973353 0.0103328025 0.0065486096 0.0067695263 0.005779059 0.0074287271 0.0049701281 0.0054597084 0.0057373905 0.0063594414 0.0045391414 0.0050433177 0.0144609309 0.0154507773 0.004504856 0.0074791556 0.0064902537 0.0098729741 0.0106540848 0.0051770032 0.0068183945 0.005197148 0.007020307 0.0067254126 0.0057765882 0.0079527985 0.0066042802 0.0068268599 0.0110385571 0.0012459205 0.00808966 0.0069151961 0.007486213 0.0039579893 0.0080250383 0.0056243263 0.0068051609 0.0044534202 0.0056117668 0.0053042035 0.0099048142 0.0055707942 0.0127968278 0.0054170721 0.0092219757 0.0130888618 0.0097193658 0.0113035361 0.0070378547 0.0067073225 0.0083449834 0.0115321735 0.0060297567 0.0077374018 0.0107111056 0.0077330028 0.0128844546 0.0094356784 0.0079239545 0.0091564944 0.0146690981 0.0054214468 0.0134556323 0.0079267862 0.0077146373 0.0043749425 0.0077436854 0.0072704279 0.0084872152 0.0135781277 0.0093809756 0.0116795506 0.0086764095 0.0061284748 0.0077762099 0.0066377211 0.0023206444 0.0051827533 0.0093434967 0.0075748721 0.0075938652 0.0088163007 0.0053036757 
3 0.0067375349 0.013038634 0.0023413991 0.0056952697 0.0025028292 0.0044090393 0.0132102547 0.0087599106 0.0076601588 0.0067722516 0.0082364395 0.0061712821 0.0018740426 0.0112915279 0.010408965 0.0080284027 0.0122752792 0.0057518932 0.0054248452 0.0062890464 0.0074405444 0.006464681 0.0044206897 0.0054642258 0.0101908144 0.0083026408 0.0049320097 0.0111394283 0.0092194172 0.0059921011 0.0069030021 0.0072232811 0.0109481618 0.0062703687 0.006466686 0.0162277853 0.0054826837 0.0108604981 0.0128975242 0.0096633395 0.007058362 0.0049477714 0.0062352358 0.0064921515 0.0081629023 0.0076075419 0.0056582923 0.0087417295 0.010506022 0.0089754914 0.0060615606 0.0071913412 0.0072668222 0.0077798425 0.0099354592 0.0166988982 0.0068545522 0.0051811438 0.009619351 0.0089029104 0.0076856773 0.0063600718 0.0067773662 0.0078728709 0.0114441375 0.0020859611 0.0086998853 0.0025306936 0.0053489931 0.0063670433 0.009010285 0.0077215665 0.0049811813 0.0097417547 0.0061552274 0.0060488837 0.007764727 0.0124490566 0.0061189152 0.0056877402 0.0082280689 0.0032831833 0.0115337855 0.0063352463 0.0062725123 0.0101132381 0.0078071498 0.0094952142 0.0108943361 0.0115888727 0.0070336253 0.0029032823 0.0084295326 0.0090367093 0.0123773889 0.0085716984 0.0078605515 0.0078120045 0.0088677647 0.0053079922 0.0093152784 0.0075770159 0.0105260096 0.0064346425 0.0062739543 0.0047781567 0.0057999363 0.0078997554 0.0117237812 0.0106619783 0.0056077873 0.0127807988 0.0085866208 0.0128943731 0.0062364565 0.0066927185 0.0060521536 0.0038923788 0.0023984977 0.0101482776 0.0106930947 0.0093868129 0.0100858402 0.0052732324 0.0085003375 0.0099674996 0.0102710341 0.0016711125 
4 0.0072452938 0.008048075 0.0056952697 0.0113365824 0.008121357 0.0055550926 0.0058162748 0.0097370045 0.0074608572 0.0055485892 0.0056202653 0.0116273856 0.0066880115 0.0090589051 0.004731911 0.0043340197 0.0069671464 0.0147775118 0.0063525067 0.0103829618 0.0084983341 0.0067440591 0.0084081916 0.0087083046 0.0057412168 0.0074771333 0.0087384032 0.0126030666 0.0102080262 0.0085689063 0.0095588707 0.0180586112 0.0058305387 0.0080841154 0.0081386079 0.0100722123 0.0148852866 0.0102505203 0.0053491835 0.0062018995 0.0082830342 0.0069540234 0.0119104188 0.0069330769 0.0080397505 0.0128715037 0.00636698 0.0122249351 0.0076481529 0.0071885217 0.0043532527 0.0047447141 0.0091654171 0.008368381 0.0127303348 0.0120149905 0.0092069576 0.0038538158 0.0075528599 0.0106682265 0.0125427307 0.0103321215 0.009915067 0.0127311248 0.0091555842 0.0077003652 0.0078360198 0.0098523777 0.0081586529 0.0057960508 0.0062435556 0.0082144783 0.0028202467 0.0072418441 0.0072963719 0.0027598213 0.0074035583 0.0050296008 0.0065432163 0.006979068 0.00452246 0.0075869841 0.0075621531 0.0034560135 0.0166680809 0.0115665164 0.0028669318 0.0030298872 0.0093399589 0.0056683094 0.0060131771 0.0073543767 0.0062020483 0.0109880148 0.0082228807 0.0075510741 0.0089068488 0.0073829642 0.0072652827 0.0080266215 0.0037578598 0.0072692673 0.0051910752 0.0046645657 0.0095176511 0.0060336568 0.0084213722 0.0056223714 0.0119592584 0.0066711138 0.007844993 0.0060114779 0.0053743535 0.0073573065 0.0078273645 0.0088756683 0.0078845844 0.0081303613 0.0031057328 0.0057235134 0.0064877213 0.0105723127 0.003842905 0.0056809227 0.0072352523 0.005505077 0.0020149001 0.0083750653 
5 0.0072128172 0.0086748218 0.0025028292 0.008121357 0.0113745678 0.0085370942 0.0124283235 0.0079414959 0.0114175784 0.0039635578 0.0095034441 0.0059762814 0.0046045956 0.0063758423 0.0133470078 0.0072233353 0.0071730524 0.0089746576 0.0068274856 0.0026596232 0.0039644942 0.0096553388 0.0035653227 0.0115376248 0.0147980788 0.0100575144 0.0113293479 0.0122182206 0.002384779 0.0100644219 0.0055567082 0.0063059568 0.0073152393 0.0072215524 0.0071934813 0.0046537988 0.0109352414 0.0095656817 0.0080143944 0.0073709739 0.0072739202 0.0090405301 0.0082925332 0.006169581 0.0037742603 0.0056758617 0.0062852545 0.009392043 0.0092817577 0.0081776177 0.0125316065 0.0043315385 0.0077413474 0.0053335852 0.0007961969 0.0054121332 0.009891311 0.006355244 0.0082821235 0.0063422605 0.0057315245 0.0070448503 0.0102820507 0.0094882834 0.0028667886 0.0082892788 0.0071989674 0.0105926867 0.0094778366 0.0117746655 0.0058475517 0.0094009464 0.0137183578 0.0055858535 0.0058482055 0.0081072151 0.0075164121 0.0080777459 0.0117690856 0.007484648 0.0055972182 0.0042011317 0.0071563171 0.0072085683 0.003622115 0.007981272 0.0100685402 0.0107229826 0.006550327 0.0073312827 0.0076109409 0.0130956579 0.0086348284 0.0057240707 0.0089291047 0.0070329373 0.0076078166 0.0049740944 0.0060058156 0.0026703259 0.0074543915 0.0085290402 0.0050569135 0.0032767728 0.005382671 0.0102291244 0.0097276312 0.0112107059 0.0037684451 0.0079043598 0.0079165576 0.0065687146 0.0077311489 0.0052034072 0.0061707818 0.0190698218 0.0073574987 0.0127661371 0.0063052713 0.0066194289 0.0084197535 0.0096715776 0.0137611919 0.0136028716 0.0037980003 0.0077851054 0.0106225232 0.0063332069 
6 0.0036110141 0.0029026499 0.0044090393 0.0055550926 0.0085370942 0.0095793468 0.0060627867 0.0064247114 0.0097226315 0.0095123028 0.00579691 0.0101728952 0.0101597287 0.0092838997 0.0046783006 0.0067149905 0.004355785 0.0050945802 0.0100178336 0.0103949208 0.0077578006 0.0158971204 0.009008307 0.0091293507 0.0105609792 0.0069839718 0.0075467165 0.0028072293 0.0060508858 0.0060261415 0.0072606397 0.0129221148 0.0038387757 0.009676974 0.0087753878 0.0054831595 0.0129988363 0.0057796619 0.0080488814 0.0047457004 0.01204969 0.0063404311 0.0051328083 0.0108023706 0.0113217094 0.0094784761 0.0053228859 0.0049436068 0.0089121047 0.0070393771 0.0037138818 0.0078359926 0.0068977887 0.0070708561 0.0042341556 0.0093421501 0.0115649549 0.0087382411 0.0116276508 0.0030833172 0.0054840681 0.0148479098 0.0060344764 0.0043718989 0.0090718719 0.0038315353 0.0047241923 0.0054717833 0.0066196852 0.0066849904 0.003754289 0.0071124492 0.0091306161 0.0043789421 0.0078549186 0.0095296269 0.0043851944 0.0102746435 0.0061004764 0.0062738669 0.0089776684 0.0112895255 0.0116797717 0.0099245392 0.0079613402 0.0068277045 0.0090589158 0.0099348306 0.0092695878 0.0067739564 0.0060549123 0.0080298846 0.0058411135 0.0125504234 0.0104452347 0.0024062265 0.0096907946 0.0084904236 0.0065229131 0.0065859153 0.0053861489 0.0095860806 0.0091919425 0.0093848892 0.0117685498 0.0096980631 0.0058663831 0.0075022109 0.0077307272 0.0129143055 0.0048856576 0.0064293517 0.015137703 0.0104764062 0.005623788 0.0062161115 0.0134572218 0.0080077469 0.0120661674 0.0057036817 0.0055761943 0.0046980608 0.0047762536 0.0084452314 0.0108317329 0.0082925054 0.0121433219 0.00421285 
7 0.0050534996 0.0054971894 0.0132102547 0.0058162748 0.0124283235 0.0060627867 0.0041264683 0.0076104424 0.007087729 0.0067251076 0.0080947624 0.0141593893 0.0052980338 0.0072012632 0.0091340361 0.0134853045 0.0054499044 0.0061857293 0.0061010501 0.0025036075 0.0064149718 0.0072000027 0.0082306372 0.00558728 0.0123650994 0.0121439565 0.0077499315 0.0053495146 0.0092649413 0.0033565952 0.0072709515 0.0045168508 0.0069366101 0.009882289 0.0046336526 0.0093068336 0.0057009425 0.0067770145 0.0061182711 0.006573101 0.0121322524 0.0063469041 0.0057016415 0.0075946039 0.0059374463 0.0106528006 0.0067005392 0.0096316583 0.0099593808 0.011061294 0.0054042966 0.0091767878 0.0072012073 0.0109429499 0.0091397251 0.0054725779 0.0091593306 0.00706715 0.0082322267 0.0060740645 0.0083673726 0.0063023639 0.0057617418 0.0048094434 0.0051406657 0.0096038247 0.0063734755 0.0130330249 0.0101777057 0.0071480111 0.0091619083 0.013378874 0.0130445105 0.0053577557 0.004720489 0.0117946663 0.0103164518 0.0087248929 0.0073810965 0.0079187132 0.0121622268 0.00788848 0.0086698127 0.0062566847 0.0096998821 0.0094254865 0.0053351398 0.0061421022 0.0059266776 0.0053863765 0.00559692 0.0105568408 0.0078681188 0.0059887127 0.0106478618 0.0106154985 0.0053223606 0.0059112568 0.0043740093 0.0086443095 0.0102511197 0.0092209703 0.0076065332 0.007465188 0.0074963832 0.0083457217 0.0065977555 0.0049042429 0.0078763969 0.0038464775 0.0030237713 0.0048512735 0.0089455005 0.0036169323 0.0091634872 0.0086166948 0.014188298 0.0121161996 0.0051614283 0.0035255802 0.0071869464 0.0084234786 0.0062498819 0.0086715563 0.0134893925 0.0082338444 0.0110673533 0.0087224059 
8 0.0053097457 0.0068375286 0.0087599106 0.0097370045 0.0079414959 0.0064247114 0.0076104424 0.0095046555 0.0095441544 0.0060999049 0.0090828879 0.0064350637 0.0074246998 0.0062862005 0.0028467848 0.0111394627 0.00988067 0.0112779243 0.003388202 0.0061556695 0.0057796167 0.0092637466 0.0055193957 0.0084637076 0.0068984081 0.0116072308 0.0086277829 0.0084127016 0.0078772772 0.0081177976 0.0082171246 0.0032786367 0.0106846083 0.0022458147 0.0083665528 0.0096367077 0.0116250183 0.0089541659 0.0130184579 0.0108502702 0.0055713663 0.0040537872 0.0122748505 0.004952709 0.0025675122 0.0082339181 0.0104559767 0.0042345749 0.0077060375 0.007456889 0.0092259118 0.0075776097 0.0063311705 0.0065827132 0.0120571924 0.0104228554 0.011163494 0.0108238634 0.0084742233 0.0080262738 0.0051323526 0.0082460683 0.0054937084 0.0052782218 0.003635055 0.0054944206 0.0076841564 0.007605093 0.0101219157 0.0074869679 0.0088388661 0.0052284834 0.0047502146 0.0069114984 0.0111570472 0.0065070165 0.0082697558 0.0074883193 0.0135513293 0.0112300442 0.0027762964 0.0074108746 0.0077971299 0.0147702184 0.0089032735 0.0093536044 0.0095856788 0.0044436991 0.0021649249 0.0079213767 0.0028982297 0.0112988114 0.0104809068 0.0045813425 0.0085622147 0.0048229667 0.0099331435 0.0083456052 0.0062217055 0.0131797084 0.0049055786 0.0133026989 0.0099953777 0.0075225451 0.0067941802 0.0072999357 0.0043982138 0.0066284272 0.0126217471 0.0128800657 0.0060360013 0.0080088113 0.00356596 0.005654728 0.0069837336 0.0076509194 0.006880317 0.0110427863 0.0082912614 0.0057705076 0.009836409 0.0112038834 0.0039787086 0.0135533566 0.0052608842 0.0085901305 0.005310983 0.0031445333 
9 0.0049857448 0.0101275966 0.0076601588 0.0074608572 0.0114175784 0.0097226315 0.007087729 0.0095441544 0.0115137958 0.0065666958 0.0049957451 0.0143321003 0.0091416648 0.0120820822 0.0048751757 0.0074925268 0.0043682596 0.0051130076 0.0078368068 0.0060075269 0.0113936084 0.0081795564 0.0105979055 0.0102988674 0.0034097402 0.0023420358 0.0093721508 0.0091021707 0.0057623048 0.008837104 0.01049449 0.0101332949 0.0083524621 0.0033917082 0.0027149189 0.008490788 0.0057994078 0.0029329805 0.0136986268 0.0056392002 0.01042871 0.0062148917 0.0086102484 0.0077537508 0.0116216216 0.0097894176 0.0106631371 0.0094113224 0.0051579581 0.0058697345 0.0159661228 0.0040869925 0.0058496993 0.0102382458 0.0058483191 0.0100501577 0.0075712539 0.009247791 0.0055352101 0.0079022095 0.0114111534 0.0154591063 0.0042775625 0.0061319001 0.0080254312 0.0065225964 0.0079869922 0.010985533 0.0064224363 0.0061621955 0.0038315478 0.0107502965 0.0062617118 0.004007845 0.0109932456 0.008664483 0.008226695 0.0056737857 0.0068924935 0.0072701234 0.006715071 0.0112727368 0.0134554987 0.0127440988 0.0074942803 0.008823027 0.0093492247 0.006792895 0.0071216323 0.0045275308 0.0127107767 0.0090019527 0.0005457659 0.007380085 0.0072089835 0.0052337211 0.0070809154 0.010811322 0.0067503941 0.0076023324 0.0030205101 0.0078920098 0.0079670157 0.006642459 0.0058209378 0.0057228466 0.0106072355 0.0022404251 0.0131624601 0.011706654 0.0068160394 0.0047746651 0.0113046781 0.0053119979 0.0079393835 0.0063861122 0.0041840724 0.0063474416 0.0075816252 0.0053700059 0.0143237619 0.0056821749 0.0071411419 0.0094768757 0.0082554128 0.0034301548 0.0046354374 0.006585134 
10 0.0072722976 0.0065454257 0.0067722516 0.0055485892 0.0039635578 0.0095123028 0.0067251076 0.0060999049 0.0065666958 0.0211584859 0.0078960653 0.0053527149 0.007994199 0.0098747526 0.0098710673 0.0090944867 0.0053242091 0.0089316749 0.0100257315 0.0157296726 0.0036882799 0.0096778887 0.0094451858 0.0085442688 0.0095426429 0.0066465715 0.0063942562 0.0056446955 0.0095286433 0.0067296239 0.0084301631 0.0128347287 0.0061376499 0.0044547386 0.0044576091 0.0074644514 0.0093820172 0.0069572849 0.0052358314 0.0057655636 0.0081229149 0.0081369236 0.0049939092 0.013819543 0.0071815446 0.002940071 0.0073388561 0.0114363269 0.0079874713 0.0078900079 0.0093472471 0.0130533343 0.0056665884 0.011393051 0.0132643841 0.005435132 0.0064640087 0.0077137711 0.0073092539 0.0069258757 0.0039884299 0.0121859209 0.0095224667 0.0112543133 0.0043919949 0.0082385672 0.0074574062 0.0070352033 0.0111287616 0.0091710636 0.0062695075 0.0058415011 0.008572746 0.014331134 0.0065420284 0.007511393 0.0037858427 0.0062187175 0.0105355917 0.0053047198 0.0038573816 0.0087837099 0.0106702401 0.006110052 0.0036698082 0.0075965693 0.0058908718 0.0089524543 0.0069327301 0.0051984129 0.007654765 0.007222487 0.0094072113 0.0094953777 0.0050900158 0.0077316296 0.0071732555 0.0082012724 0.0068256193 0.0044984056 0.0032007296 0.0108995736 0.0063279722 0.0153138029 0.0084920562 0.0060169523 0.0118008323 0.0091570238 0.0081422936 0.0082018247 0.0041662001 0.0045699537 0.0068489819 0.0063808181 0.0075417005 0.0114430191 0.0061001416 0.0083013008 0.0054450365 0.0051182171 0.0078401466 0.0108179755 0.0047038276 0.0058699756 0.0115647211 0.0062354266 0.0068267434 0.0087816717 
11 0.0082008492 0.0046053484 0.0082364395 0.0056202653 0.0095034441 0.00579691 0.0080947624 0.0090828879 0.0049957451 0.0078960653 0.0025162651 0.008308853 0.0106314985 0.0041710433 0.0122991444 0.0092120213 0.0036243383 0.0098669259 0.0059111143 0.0102568542 0.0105861038 0.0169115206 0.0114639774 0.0100083088 0.0080953322 0.0102123642 0.0104481654 0.0080764039 0.0147906566 0.0113442894 0.0063562472 0.0034732233 0.0115747531 0.0075388839 0.0048371954 0.0042244042 0.013725795 0.0055700372 0.0087166884 0.0160068298 0.0103335874 0.0089361667 0.0087498847 0.0082205245 0.0126098714 0.0023504918 0.0051235833 0.0066631753 0.0087610572 0.0053947991 0.0111020947 0.003176232 0.0027890359 0.0043204095 0.0090947652 0.0112873668 0.003963398 0.0070086312 0.0072017969 0.0066808415 0.0063183898 0.0065189753 0.0068177346 0.0064289728 0.0049476185 0.0066564223 0.0082634255 0.0087990525 0.0094225482 0.0059145991 0.0125838473 0.0078802749 0.0151782102 0.00603663 0.0080847497 0.0064824096 0.0068986319 0.0077374522 0.0073178688 0.010067089 0.0092479562 0.0058165167 0.0082024663 0.0053272627 0.0078712221 0.0084444483 0.0035263949 0.0115160665 0.0062795618 0.0053045319 0.001841341 0.0055161997 0.006889483 0.0062763776 0.0046912988 0.0065797516 0.0083949559 0.0060970009 0.0083533512 0.0093601471 0.0063622595 0.0055507367 0.0068118481 0.00804784 0.0047510364 0.0080286754 0.009311119 0.009060363 0.0061632569 0.0041821801 0.0150302959 0.0054163238 0.0040857827 0.0097753861 0.0061835575 0.0049337936 0.0108998546 0.0062318257 0.0045405794 0.0086626802 0.0099133274 0.0087925506 0.0063230865 0.0104590236 0.0135004425 0.0080119183 0.01227121 0.0062481422 
12 0.0079338753 0.0032404613 0.0061712821 0.0116273856 0.0059762814 0.0101728952 0.0141593893 0.0064350637 0.0143321003 0.0053527149 0.008308853 0.0111342203 0.0053125387 0.0088807978 0.0031377846 0.0106253306 0.0053838949 0.0071218318 0.0063249217 0.0056829888 0.0066161619 0.0068855211 0.0136008025 0.0119372867 0.0054330111 0.0054866558 0.0094460667 0.0012718682 0.006364137 0.0082086966 0.0066846545 0.0082344698 0.0056375221 0.0165042916 0.0077165057 0.003714181 0.0092022591 0.0066908087 0.0071374604 0.0074944606 0.0141206234 0.0076721264 0.0053307229 0.0101549707 0.0052058387 0.0055717755 0.0059358828 0.0113476169 0.007899738 0.0110807825 0.0083171999 0.0105416557 0.0057456759 0.008634247 0.0111411558 0.0107952519 0.006635043 0.0084809243 0.0063931929 0.0053436675 0.0151318574 0.0120870691 0.0074283834 0.0075205689 0.0074511833 0.0063335612 0.0085128506 0.010335781 0.0069480025 0.0074968804 0.0059169266 0.0075817225 0.0065020133 0.0098675841 0.0036875831 0.0101712844 0.0140465943 0.0083389989 0.0061654883 0.0116647436 0.0059128326 0.0109237832 0.0050717614 0.0048849055 0.0048453697 0.0048596659 0.0111360246 0.0085297547 0.0099303877 0.0061969503 0.0094604024 0.0059944714 0.0022718086 0.0059373569 0.0083608768 0.0102532619 0.0040709598 0.0039290766 0.0046615194 0.002444874 0.0068405359 0.003407622 0.0115754645 0.0027436925 0.002508368 0.0098531285 0.0048638639 0.0016395404 0.0065360345 0.0050508431 0.0085701166 0.0097369091 0.0080662081 0.0078691907 0.011006076 0.0099676238 0.0053337059 0.0059396672 0.0073686104 0.0111967789 0.0106453952 0.0134230052 0.0070027329 0.0135618969 0.0092972802 0.004546479 0.0096653891 0.0109891976 
13 0.0062207273 0.0032723725 0.0018740426 0.0066880115 0.0046045956 0.0101597287 0.0052980338 0.0074246998 0.0091416648 0.007994199 0.0106314985 0.0053125387 0.0067545767 0.007782273 0.0133504301 0.007172072 0.0080299748 0.01010497 0.0084824675 0.0080689031 0.0062761296 0.0085915138 0.0100145519 0.0086618512 0.0103811761 0.0070449882 0.0062105839 0.0093445588 0.0107732564 0.0082406091 0.0071616069 0.0118457636 0.0042971655 0.0048624855 0.0129735333 0.0093277258 0.009491639 0.0110220868 0.0041973259 0.0083043062 0.0085097965 0.0120143345 0.007194277 0.0123285511 0.0075816119 0.0069646883 0.008435957 0.0105151268 0.0123449452 0.0068067985 0.0033526717 0.0071248271 0.0087029176 0.0058493489 0.0087103025 0.0101771317 0.0092244754 0.007444835 0.004371357 0.0068991085 0.0036843749 0.0069755537 0.0104455646 0.0073573912 0.0067928168 0.0054705849 0.0038764392 0.0082689205 0.0148384945 0.0058563517 0.0071839439 0.0055807011 0.0099029339 0.0057263573 0.0082626843 0.0017964486 0.0024125893 0.0051683453 0.0081481478 0.0078904335 0.00734128 0.0073936706 0.0058185661 0.0074004636 0.0050864106 0.0086389847 0.0123864034 0.005946565 0.0076226068 0.010339587 0.0071597631 0.0034844853 0.0073313329 0.0070852723 0.0040992386 0.0088470868 0.0118724134 0.0054139661 0.0054812937 0.0067112361 0.0106675774 0.0100516124 0.0094234669 0.0159447181 0.0057235667 0.0054870348 0.0110825074 0.0062626399 0.0061457925 0.0063449655 0.0104871378 0.0062937805 0.0070018508 0.0120881698 0.0066455521 0.0060893226 0.0105290355 0.0114383292 0.0095129079 0.0049758887 0.0108328814 0.0067432019 0.0095896411 0.002895173 0.0100737756 0.0049513601 0.0113605246 0.0083141831 
14 0.0073191406 0.0179200603 0.0112915279 0.0090589051 0.0063758423 0.0092838997 0.0072012632 0.0062862005 0.0120820822 0.0098747526 0.0041710433 0.0088807978 0.007782273 0.0135352 0.0055483206 0.0082498856 0.0100451337 0.0025974642 0.0067706478 0.0077960247 0.0127058674 0.0060251952 0.011671641 0.0059729891 0.0066146595 0.0044095389 0.0114735232 0.0073767189 0.0051716085 0.0066054355 0.0058269115 0.0083803019 0.0092899942 0.0041932728 0.0020886774 0.0039696952 0.0089692922 0.0134981308 0.0071767084 0.0143617183 0.0071096215 0.0088458603 0.0070871295 0.0076631926 0.0046582987 0.0061897418 0.0069104306 0.0080871158 0.0090116081 0.0104153041 0.0123791853 0.0082084537 0.0084832513 0.0042468147 0.0071307361 0.0066085425 0.0050656989 0.0058278913 0.004934367 0.0077957999 0.0114622614 0.0085544458 0.0067642781 0.0099262231 0.0078681832 0.0064839441 0.0028003991 0.0072051858 0.0050984337 0.0055891875 0.005493088 0.0121864877 0.0038133824 0.0054849256 0.01086811 0.0130301189 0.0078910718 0.0104692747 0.0047854652 0.0056323251 0.0128901497 0.0084897836 0.0086880947 0.0093696339 0.0124610757 0.0105962155 0.004054426 0.0056364894 0.0069731089 0.0050775663 0.0073635289 0.0052739129 0.0139123713 0.0076900997 0.0067139192 0.0068254728 0.0073075949 0.0062242008 0.0050120679 0.0065372801 0.0117207423 0.0077474923 0.0066754654 0.0101409123 0.0054165463 0.002625856 0.0038068171 0.0035149033 0.0067385093 0.0125789512 0.0090868082 0.0074957389 0.008221994 0.0072600418 0.0064517565 0.0059659959 0.0087505586 0.0077959586 0.014218298 0.0073872186 0.0075905138 0.0038876626 0.0073881343 0.0081080843 0.0105829081 0.0090233163 0.0093287605 0.0074748836 
15 0.0068457904 0.002928532 0.010408965 0.004731911 0.0133470078 0.0046783006 0.0091340361 0.0028467848 0.0048751757 0.0098710673 0.0122991444 0.0031377846 0.0133504301 0.0055483206 0.0107646215 0.0071046427 0.0103603284 0.0073002647 0.0081566241 0.0063815775 0.004638099 0.00820426 0.0099123729 0.0082562681 0.0076579146 0.0102406203 0.0067509834 0.0075391646 0.0091926118 0.0050342303 0.0114101116 0.0096300133 0.0069344924 0.0083695739 0.0055922484 0.0105020985 0.0063339881 0.0087450789 0.0071948589 0.0110970184 0.0103519568 0.0050441614 0.0079853013 0.0082638439 0.007739618 0.0100683368 0.0082286637 0.0084405566 0.0077836458 0.0086304393 0.0040414016 0.0077259915 0.0062023487 0.0041925691 0.0047490042 0.0066501149 0.0147091055 0.0124651257 0.0091639008 0.011333334 0.0054140865 0.0102415122 0.0016626579 0.0087893657 0.0058950161 0.0065831171 0.0053043954 0.0073468469 0.0136432895 0.002905699 0.009805767 0.0124261445 0.0096893359 0.0055178417 0.0070506555 0.0072266862 0.010165886 0.004072803 0.0126376629 0.0129287687 0.0056342621 0.0061663105 0.0114343777 0.0083879486 0.0025155071 0.0053824932 0.0067597332 0.0137928303 0.0055581781 0.0068134699 0.0076907921 0.003687577 0.0130091487 0.0079968193 0.0100348645 0.0072501404 0.0096697551 0.0048144038 0.0063881816 0.0121088225 0.0055538111 0.0071049433 0.0066423794 0.0075540304 0.0061044373 0.0059227833 0.0068900188 0.0017100971 0.0116277272 0.0098448377 0.0065774119 0.0046387432 0.0097405473 0.0082980386 0.0053336206 0.0065837828 0.0081813359 0.0096079332 0.0089877847 0.0055125008 0.0092796868 0.0083175515 0.0101500454 0.0051065618 0.0040436886 0.0073684741 0.0086126955 0.0092246421 
16 0.0030880303 0.0060245057 0.0080284027 0.0043340197 0.0072233353 0.0067149905 0.0134853045 0.0111394627 0.0074925268 0.0090944867 0.0092120213 0.0106253306 0.007172072 0.0082498856 0.0071046427 0.0048042194 0.0073927573 0.0072724966 0.0035641632 0.0038395124 0.0104639635 0.0076892295 0.0037091557 0.0114487683 0.0042435819 0.000997961 0.0108821454 0.0126912175 0.0050207575 0.0043136796 0.0091782898 0.0085077869 0.0103046329 0.0099997762 0.0076092275 0.0051745203 0.0094809691 0.0072222325 0.0083437826 0.014487612 0.0066907321 0.0077665652 0.0069882362 0.0089475429 0.0129389429 0.0113529106 0.0038305473 0.0066541703 0.0060162837 0.0075294699 0.0100080031 0.0087712189 0.0090214795 0.0078365311 0.0077439261 0.006924394 0.0079663881 0.0111051303 0.004053352 0.007702558 0.0073976634 0.0089115166 0.0091260299 0.0102222418 0.0040914051 0.0086283616 0.0073411907 0.0037745032 0.0085964972 0.0092387048 0.0060785211 0.0070444967 0.0047460265 0.0061587851 0.0040439072 0.0093375333 0.015661178 0.0044996104 0.0109033933 0.0094011863 0.0100359476 0.0056574166 0.0076560302 0.0091898113 0.009233154 0.0042554627 0.0072743606 0.0073611833 0.0096422406 0.0080633135 0.0120046361 0.011038234 0.0132892951 0.0077756335 0.0091181461 0.0037159249 0.0092767804 0.0062496034 0.0064175313 0.0050300534 0.0043433333 0.0098369213 0.0058760671 0.0067188884 0.0061133283 0.0143689921 0.0048269506 0.0042220419 0.0063727304 0.0062467967 0.0061050422 0.0083571751 0.0096453617 0.0042424474 0.0061909778 0.0103178743 0.0139543821 0.0066684459 0.0072884573 0.011017935 0.0067288082 0.0038746425 0.0128932135 0.0081027921 0.0038421768 0.0101682394 0.008564287 0.0081443422 
17 0.0082289943 0.0087519092 0.0122752792 0.0069671464 0.0071730524 0.004355785 0.0054499044 0.00988067 0.0043682596 0.0053242091 0.0036243383 0.0053838949 0.0080299748 0.0100451337 0.0103603284 0.0073927573 0.0120697275 0.0045443059 0.0101948691 0.01262809 0.0033681614 0.0119401755 0.0089796247 0.0114836334 0.008615025 0.0048339631 0.007674056 0.0075907828 0.0107689579 0.0129582501 0.0078999093 0.0079971392 0.008759711 0.0109318366 0.0073723594 0.0101892612 0.0120977336 0.0075344961 0.0040970351 0.0081384909 0.0033655319 0.0068168525 0.0133742498 0.0049841506 0.0061251151 0.0071847772 0.0064735317 0.0062340146 0.006319352 0.0070282994 0.0050086779 0.0044251092 0.0042539717 0.0111068433 0.0144655266 0.0085200792 0.0081584698 0.0073708176 0.0074263964 0.0073603978 0.010966896 0.0071158231 0.0040096138 0.0146016701 0.0068509123 0.0074922763 0.009674625 0.005661188 0.0065102266 0.0064005568 0.0149637856 0.0020858446 0.0094729665 0.0101978791 0.0040013038 0.0119164202 0.0081436512 0.0085688344 0.0067095808 0.005041676 0.0053983869 0.0054302595 0.0057573137 0.0091783414 0.0067715228 0.004420472 0.0087714794 0.0078072281 0.008672967 0.0102918089 0.0022638697 0.0092324097 0.0055064223 0.0060769406 0.0117810436 0.0044884007 0.0027353229 0.0059773207 0.0070332594 0.0065107404 0.0152526083 0.0056245505 0.0070444116 0.0062917121 0.0061953651 0.002824432 0.0088603283 0.0063359143 0.0103369062 0.0062857972 0.0040914491 0.0077125854 0.0054156367 0.0085790682 0.0091583812 0.0087015249 0.0076418133 0.0100079224 0.0138868064 0.0062507988 0.0111392379 0.0084702101 0.0106240155 0.0069987801 0.0154507885 0.0059855151 0.0058627216 0.008198083 
18 0.0061935009 0.0086511631 0.0057518932 0.0147775118 0.0089746576 0.0050945802 0.0061857293 0.0112779243 0.0051130076 0.0089316749 0.0098669259 0.0071218318 0.01010497 0.0025974642 0.0073002647 0.0072724966 0.0045443059 0.0055797816 0.0163113705 0.0108191402 0.0036972372 0.0068503973 0.0099049875 0.0057936246 0.0085911303 0.0091712723 0.0048693744 0.007205856 0.0024023772 0.0082636572 0.0088380844 0.0039436111 0.0119404634 0.0045569701 0.0100272648 0.0048997087 0.001955333 0.0067675202 0.0114151063 0.009856254 0.0096937853 0.0086315188 0.0041927044 0.0032856086 0.0016095514 0.0069482883 0.007881746 0.0129102023 0.0084893371 0.0048053568 0.0114694491 0.0094599639 0.0102753155 0.009601334 0.0133481536 0.0078832067 0.0057735865 0.0023428944 0.0067539867 0.0107730106 0.0010716814 0.0120623855 0.0094861858 0.0046119021 0.0055725648 0.0083434492 0.0060344076 0.010034753 0.0086268243 0.006226106 0.0061504143 0.0103221559 0.0069081035 0.0114284537 0.008658962 0.0138197647 0.0084394606 0.0069198645 0.0074587835 0.0059322046 0.0048817022 0.0098933636 0.0063231336 0.0143783656 0.0063260793 0.0081654518 0.0064987257 0.0061886019 0.0038764391 0.0124714927 0.0087469345 0.0096159633 0.0063462405 0.0093805585 0.0036638681 0.0072562284 0.0075926459 0.0089724643 0.0070191486 0.0080565309 0.0103238586 0.0116649434 0.0089205178 0.006467542 0.0088528994 0.0032106099 0.0088457008 0.009766231 0.0038732676 0.006089432 0.0076180483 0.0118669159 0.0062691542 0.0061673983 0.0124391174 0.0099101117 0.0103861703 0.008656139 0.0082828723 0.0056038232 0.0099136025 0.0081579193 0.0071708056 0.0029984113 0.0076587176 0.0073736446 0.009097721 0.0091026351 
19 0.0055394741 0.0112427091 0.0054248452 0.0063525067 0.0068274856 0.0100178336 0.0061010501 0.003388202 0.0078368068 0.0100257315 0.0059111143 0.0063249217 0.0084824675 0.0067706478 0.0081566241 0.0035641632 0.0101948691 0.0163113705 0.0050625555 0.0049903042 0.0100661239 0.0053214592 0.0094970577 0.0043288693 0.0084379435 0.0052251007 0.0123882947 0.0078780542 0.0098563609 0.0078233548 0.0138530193 0.0118637834 0.0053195676 0.00714986 0.005411269 0.0117907558 0.0052285921 0.0088656835 0.0069044521 0.0059802544 0.006847416 0.0125904764 0.0065461639 0.0068818113 0.0096824734 0.0097993016 0.0084559034 0.0076708759 0.0074637865 0.0081843024 0.0094189414 0.011209123 0.0105264139 0.0122104196 0.0113744271 0.0118830736 0.0199407094 0.0059861968 0.0053983394 0.0073287766 0.0083370786 0.0059874545 0.0113923975 0.002737407 0.0063943287 0.0130138218 0.0048771489 0.0027784511 0.0062075872 0.0055882935 0.0101211881 0.0083276349 0.0085539861 0.0062289555 0.0074165031 0.0106706449 0.0048594413 0.0054656174 0.0069776553 0.0071793314 0.0047567372 0.0073284179 0.0078286917 0.0102173937 0.008534615 0.0082255145 0.0092530059 0.00796114 0.0064197066 0.0079811512 0.0080982349 0.0057979373 0.0040755623 0.0129382419 0.0073862741 0.0077384975 0.0089776492 0.0069973238 0.0065207877 0.0127413071 0.0029650096 0.0032737002 0.0087921196 0.009350448 0.0059028538 0.0073580574 0.0141360393 0.004462898 0.0059458652 0.0087175915 0.0068254261 0.0057423536 0.0033248949 0.0043318984 0.0046828893 0.0066568638 0.0070909022 0.00559435 0.0046710828 0.009092361 0.0100462241 0.0135216472 0.0055758855 0.0082291254 0.0096515178 0.0037407376 0.007331266 0.0089784052 
20 0.0043140848 0.0120731757 0.0062890464 0.0103829618 0.0026596232 0.0103949208 0.0025036075 0.0061556695 0.0060075269 0.0157296726 0.0102568542 0.0056829888 0.0080689031 0.0077960247 0.0063815775 0.0038395124 0.01262809 0.0108191402 0.0049903042 0.0083344279 0.0032397228 0.0054772963 0.0110356113 0.0053492277 0.0137347792 0.0072509887 0.0053294302 0.0090185437 0.0060059662 0.0104936077 0.0149370097 0.0070605466 0.0032083024 0.0085028052 0.0108481002 0.0091766248 0.0081945484 0.0063740166 0.0055219346 0.0065489481 0.0115329352 0.0040514605 0.0052781936 0.0062343303 0.0049463272 0.0156941134 0.0077227499 0.0030382805 0.0099174422 0.007801692 0.0095973646 0.006294823 0.0075524164 0.008017861 0.0050194996 0.0093657841 0.0092352498 0.0085527282 0.0092250309 0.0079574243 0.006478382 0.0087599474 0.0051896098 0.0164384085 0.0079652653 0.0021846755 0.0065811097 0.0125839218 0.0045338773 0.0079380165 0.0080901399 0.0031719876 0.0093052954 0.0084342667 0.0109827504 0.0094285109 0.0109785568 0.0085211167 0.0076592383 0.008717719 0.011399006 0.0058635432 0.0084976226 0.0150344902 0.0117059959 0.0060817957 0.0060519312 0.0085763322 0.0096049155 0.008305366 0.0051440051 0.0048165019 0.0104324561 0.0030637323 0.0063553775 0.0090402412 0.0067761673 0.0107683392 0.0059088336 0.0070669564 0.0094986308 0.0053534654 0.0073544275 0.0075789708 0.0070035786 0.0067802189 0.0046331855 0.0099273681 0.0048069421 0.0095716917 0.0151280258 0.0091268147 0.0028189469 0.0104232521 0.0097194188 0.0053023328 0.006480306 0.0085102896 0.0058878893 0.0087261093 0.007269965 0.0033565774 0.0105877046 0.0067551507 0.008273206 0.0054966262 0.006266578 0.0032740938 
21 0.0080503398 0.005895825 0.0074405444 0.0084983341 0.0039644942 0.0077578006 0.0064149718 0.0057796167 0.0113936084 0.0036882799 0.0105861038 0.0066161619 0.0062761296 0.0127058674 0.004638099 0.0104639635 0.0033681614 0.0036972372 0.0100661239 0.0032397228 0.0022753234 0.0096133843 0.0052361697 0.010536053 0.0051013188 0.0033326696 0.0076503588 0.0045381454 0.0049944071 0.004228667 0.0095978499 0.0058454684 0.0061089295 0.0079031204 0.0081977466 0.0082919847 0.0083474331 0.0163594606 0.0038845494 0.0090937041 0.0069910483 0.0056737061 0.0105080572 0.0099410565 0.0057680119 0.0068303748 0.0083100116 0.0101271742 0.0102105865 0.0135392885 0.0153936792 0.0053503673 0.0094193422 0.0110256086 0.0134906486 0.0061377734 0.0077475614 0.0107470969 0.013221569 0.004725215 0.0075448931 0.0089354335 0.0070142475 0.0083178782 0.0047253869 0.0061946149 0.0090234874 0.0084480894 0.0053355259 0.0118457953 0.0095298841 0.0101822383 0.0135488579 0.0062658677 0.0065835986 0.0062866735 0.0054662023 0.0148338296 0.0080502602 0.0104528623 0.0099366806 0.0125798048 0.0009428262 0.0058846552 0.0068171678 0.0091928765 0.0055725838 0.0061545423 0.0048889006 0.0065710359 0.0032559493 0.0066234766 0.0070335669 0.0068014518 0.0049738183 0.0153013402 0.0093220298 0.0065914348 0.0054178306 0.0138206436 0.0128150134 0.0100340554 0.0098345612 0.0049457548 0.0094117005 0.0054343896 0.0062796471 0.0065900984 0.0086908427 0.0095462141 0.0043993772 0.0041835991 0.0053867462 0.0055333284 0.0075424566 0.0097278046 0.0065971027 0.0102586286 0.0042424566 0.0052875022 0.0070130952 0.0070741159 0.0094198337 0.0079640595 0.0107507223 0.0114935292 0.0047594692 0.0116793468 
22 0.0077367303 0.0083542332 0.006464681 0.0067440591 0.0096553388 0.0158971204 0.0072000027 0.0092637466 0.0081795564 0.0096778887 0.0169115206 0.0068855211 0.0085915138 0.0060251952 0.00820426 0.0076892295 0.0119401755 0.0068503973 0.0053214592 0.0054772963 0.0096133843 0.0043157536 0.0088059335 0.0095615852 0.0043412017 0.0071273815 0.0141464914 0.0045230076 0.0065615567 0.007923523 0.0079090293 0.0097236449 0.0049936159 0.0073693496 0.0103254853 0.0122741773 0.0044569882 0.0092927444 0.0075525075 0.0126699329 0.0044565828 0.0055219567 0.0120230459 0.0084354737 0.007279147 0.0055151733 0.0050910984 0.0072478608 0.0064189243 0.0065327744 0.0058560122 0.002973667 0.0100800904 0.0104943279 0.0078069485 0.0041920986 0.013166917 0.0149995299 0.0060491759 0.0036956149 0.0064499706 0.0062992583 0.0105666118 0.0097118891 0.0075920903 0.0030088808 0.0099844642 0.0105358463 0.0054077347 0.0034420855 0.0070810728 0.0051616207 0.0042100086 0.0072392335 0.0091620105 0.0040373906 0.0128979771 0.0047830919 0.0060807578 0.0045632924 0.0022829355 0.0058368224 0.0058653906 0.0054684083 0.0119939057 0.0045675272 0.0081249081 0.0035910631 0.0119793078 0.0121575948 0.0094240951 0.0108441432 0.0072950317 0.0110630553 0.010562585 0.006377904 0.0064917971 0.0062114511 0.0111837116 0.0046142566 0.0040661488 0.0077702183 0.01065132 0.0081391721 0.0062948061 0.0084014538 0.004098832 0.0087169938 0.0069528063 0.0080079092 0.0066857539 0.0054869289 0.0050441615 0.0108273019 0.0125887044 0.0046815828 0.0124739874 0.0076022509 0.0099556434 0.0134553889 0.0112922719 0.01057763 0.0024929443 0.0101707143 0.0049334282 0.0047163553 0.0086017876 0.0067686835 
23 0.0103101665 0.0049950792 0.0044206897 0.0084081916 0.0035653227 0.009008307 0.0082306372 0.0055193957 0.0105979055 0.0094451858 0.0114639774 0.0136008025 0.0100145519 0.011671641 0.0099123729 0.0037091557 0.0089796247 0.0099049875 0.0094970577 0.0110356113 0.0052361697 0.0088059335 0.0059268126 0.0072861051 0.0099815131 0.0118301494 0.0044808657 0.0063427644 0.0054366819 0.0109165521 0.0082699959 0.0082196685 0.0109395627 0.00517862 0.0104790446 0.0095801038 0.007676378 0.0067486593 0.006917003 0.0032100061 0.0050144014 0.0104901665 0.0047642631 0.012648212 0.0087117344 0.015935015 0.0064262665 0.002421126 0.0082798437 0.006484697 0.0058264513 0.0114294288 0.0065173758 0.0080282826 0.0063741396 0.0106942615 0.004766571 0.0067640128 0.0062686657 0.0080285288 0.0086715199 0.0094513599 0.0061600508 0.0115741887 0.0098078885 0.0088868583 0.0074439596 0.0139416874 0.0123478538 0.0070074091 0.0047366398 0.0088290819 0.0140881815 0.0031203959 0.0073557385 0.0092415128 0.0096862968 0.0106646026 0.009620123 0.0090080496 0.0053678886 0.005874931 0.0093713717 0.0051850628 0.0068011986 0.0070103712 0.0096757881 0.0075429708 0.0028886298 0.008325882 0.0090478811 0.0066395162 0.0040349964 0.0054859366 0.0058460782 0.0041588158 0.0076580145 0.0044480014 0.0070222635 0.0057861291 0.0087054553 0.0045988549 0.0064065959 0.0053053781 0.0098091447 0.0108974436 0.0052339123 0.0066637337 0.006981602 0.0045251619 0.0052033527 0.0075706486 0.0086816923 0.006003769 0.0085893558 0.0037236908 0.0054528961 0.0097518504 0.0133058943 0.0093099659 0.0081699704 0.0101838476 0.0061595573 0.0014565528 0.0092671873 0.0063238572 0.00627687 0.0119999371 
24 0.0084394533 0.0053026801 0.0054642258 0.0087083046 0.0115376248 0.0091293507 0.00558728 0.0084637076 0.0102988674 0.0085442688 0.0100083088 0.0119372867 0.0086618512 0.0059729891 0.0082562681 0.0114487683 0.0114836334 0.0057936246 0.0043288693 0.0053492277 0.010536053 0.0095615852 0.0072861051 0.012657778 0.0062078291 0.0088977734 0.0069604928 0.0039684745 0.0054997911 0.0073653228 0.0088888493 0.00680023 0.0067624808 0.0072667018 0.0088000538 0.006029984 0.0080048032 0.0090497181 0.0064282882 0.0107082361 0.0092501671 0.0074803376 0.0079506621 0.0055635456 0.0051339729 0.0082942569 0.0045871276 0.0114333779 0.0051124109 0.0046626258 0.0050403078 0.0027565395 0.0075328438 0.0111078681 0.0080621823 0.0057909112 0.0094909492 0.0073832295 0.0047519455 0.0084900271 0.0109300775 0.0098490017 0.008433572 0.009671193 0.008505127 0.0033257239 0.0087989719 0.0084755783 0.0024267031 0.0093200171 0.0112610321 0.0090569357 0.0099310413 0.0032244079 0.0091274509 0.0060694444 0.0040010387 0.0017534981 0.0083604209 0.0109375952 0.0080928939 0.0141579198 0.0049651913 0.0080854515 0.005467418 0.0081681247 0.0098419138 0.0078282642 0.0030490336 0.0083824075 0.0092763329 0.0076000073 0.0086122718 0.0071046241 0.0115827059 0.009210522 0.0061263692 0.0081252914 0.006578877 0.0075895238 0.00534883 0.0068282412 0.0083143441 0.009034474 0.0049857552 0.0085073239 0.0071537936 0.0064663003 0.0023477618 0.0112540947 0.0052055535 0.0009640858 0.0093468672 0.0151699126 0.0098187276 0.006536394 0.0042161546 0.0089450764 0.0112142492 0.0063189519 0.0103888459 0.0056950896 0.0076030175 0.0110982111 0.0117576386 0.0127029911 0.0093421973 0.0078587138 
