64
1 0.025750226 0.0219597018 0.0156632624 0.0140856677 0.009744444 0.0176025585 0.0074960598 0.0065892054 0.0153603331 0.0164382463 0.0183505395 0.0144953158 0.0200123996 0.0119049436 0.0108939647 0.0181999615 0.0130411256 0.0173444551 0.0147809833 0.01535105 0.0136952505 0.0170494665 0.0265868622 0.0137482243 0.0166170483 0.01248151 0.0239639584 0.0164213298 0.007848805 0.011570437 0.0168607515 0.0089467093 0.0084553066 0.0097911685 0.0120674172 0.0213562944 0.0159478844 0.0195165828 0.0200266821 0.0093323453 0.0224360579 0.0114834057 0.0164268335 0.0146247224 0.0256002293 0.0153688242 0.0165714844 0.0210426249 0.0143938825 0.0175292459 0.0211521274 0.0058867694 0.0155388943 0.0080805986 0.015664326 0.0055665717 0.02299349 0.0177312117 0.0085190124 0.0151704793 0.0259006404 0.0166617165 0.0207752981 0.0175330757 
2 0.0219597018 0.0104397724 0.0105758664 0.0172157478 0.0278964821 0.0172039508 0.0079876932 0.0296578693 0.0151503771 0.0049991858 0.015091271 0.0221084964 0.0147241796 0.025401053 0.0256959153 0.0218729992 0.0229465554 0.0184799379 0.0170244238 0.0114728522 0.018605508 0.0126366638 0.0170946594 0.0261511366 0.0114602413 0.0138217153 0.0086503275 0.006706016 0.0074529751 0.0158552214 0.014864926 0.022868729 0.017987836 0.0171583628 0.0189505392 0.0158996271 0.0 0.0217925237 0.0092391721 0.0189199366 0.0194002304 0.0143695229 0.0083790875 0.0180912493 0.0209184648 0.012061762 0.0163132615 0.0144834562 0.0118021036 0.0108970662 0.0049678876 0.0160621606 0.0209565529 0.0087959783 0.0254875559 0.0171471773 0.0097380845 0.0107334446 0.0072475955 0.0092893045 0.0184504362 0.0257177272 0.0106426719 0.0140267709 
3 0.0156632624 0.0105758664 0.0125984809 0.0080784939 0.0151339667 0.0241041986 0.0128970182 0.0150706359 0.0205633328 0.0168521692 0.0142973435 0.0178043739 0.0193599304 0.0197581521 0.0082277586 0.0155786552 0.0312525671 0.0264707831 0.0123415774 0.0232480098 0.0228958967 0.0105493813 0.011352391 0.0109117033 0.0101618603 0.0149565534 0.0067602197 0.017062718 0.0212036088 0.0099232412 0.0116455354 0.0171421647 0.016136723 0.0175697652 0.0204949148 0.027564259 0.0191467396 0.023056501 0.0189557352 0.0216098316 0.0120957763 0.012753623 0.022417464 0.0116453074 0.0262446258 0.0069277268 0.0092757024 0.01200277 0.0120247802 0.0186326752 0.0072719101 0.0213516667 0.01325754 0.0081894565 0.0075528632 0.0204654881 0.0166827658 0.0120280233 0.0062142965 0.0223458805 0.0154881076 0.0118727192 0.0177825287 0.0064999833 
4 0.0140856677 0.0172157478 0.0080784939 0.0207763754 0.0202784963 0.015503518 0.0178792426 0.0156304354 0.0100005245 0.0218869391 0.0101394751 0.0085662955 0.0115331067 0.024328789 0.0167693191 0.0196812838 0.0090636321 0.031426932 0.0204038876 0.0121353599 0.0076178842 0.0194989855 0.0023640527 0.0077930083 0.0152881173 0.0200713653 0.0175083508 0.0175282812 0.0216737513 0.0102070042 0.012376065 0.010253241 0.0148607712 0.0171191327 0.0200185205 0.0209293127 0.0133610579 0.0046192158 0.0128993406 0.0184567736 0.0240958302 0.0221336767 0.0106858637 0.0152720841 0.0214596023 0.012573614 0.009019298 0.0152141694 0.0178823126 0.0082259002 0.0157617251 0.0234537217 0.0077615264 0.0228217529 0.0220407204 0.0127158604 0.0233633491 0.0122597633 0.0196469171 0.0194179591 0.0091647545 0.0125499342 0.0145152246 0.0181366866 
5 0.009744444 0.0278964821 0.0151339667 0.0202784963 0.0093205531 0.0146943772 0.0176589519 0.0082389936 0.0237968574 0.0038095322 0.0058351756 0.0210247317 0.0268114928 0.012122913 0.0184451621 0.0233744293 0.0221713184 0.0215299825 0.0116682882 0.0116352428 0.0131872412 0.0131686099 0.0152212714 0.0235971117 0.0142669126 0.0248440191 0.0072596784 0.023365973 0.0194464376 0.0097650464 0.0093677502 0.0240285575 0.0266758823 0.0130043364 0.0144772035 0.0189645827 0.0213908053 0.0161106267 0.0104013267 0.0090407747 0.014749043 0.0211756698 0.0197897551 0.0162784406 0.0141246228 0.0081133042 0.0213841716 0.0177769317 0.0096232389 0.0201077172 0.0029525545 0.018528255 0.0165811095 0.0270605792 0.0075970956 0.0096297086 0.01727043 0.009061719 0.0203209316 0.0058693334 0.0157652912 0.0168750738 0.0070821094 0.0095073761 
6 0.0176025585 0.0172039508 0.0241041986 0.015503518 0.0146943772 0.0128343294 0.0143701342 0.0114372671 0.0186676567 0.0252136829 0.0127056428 0.0126379488 0.0208427473 0.0136048992 0.0182104649 0.0100200423 0.0100604401 0.0173032347 0.010486347 0.0108058332 0.0121900511 0.014549306 0.0227565875 0.0175820668 0.012066705 0.0188093174 0.0069452497 0.0052568179 0.0108365145 0.0272852781 0.0202928213 0.0195659252 0.0294048803 0.0167599722 0.0123678583 0.0184479303 0.022007108 0.0120220735 0.0211034192 0.0159210313 0.0045305381 0.0098958474 0.014541794 0.0238908202 0.0219844321 0.0179041947 0.0144954884 0.0195356387 0.016603556 0.0148539376 0.0249626206 0.0191067082 0.0183298509 0.0187496245 0.015420691 0.0047264421 0.0136482446 0.0117346218 0.0137819936 0.0183603271 0.0158183847 0.0096586718 0.0063195849 0.0066657994 
7 0.0074960598 0.0079876932 0.0128970182 0.0178792426 0.0176589519 0.0143701342 0.0061535377 0.0237679693 0.0173197364 0.0000693516000000000 0.0143788708 0.0268307127 0.0260466157 0.0195972966 0.0178269146 0.0106580989 0.0086416729 0.0048057241 0.0241472304 0.0076508542 0.0069906586 0.0351373135 0.0125255004 0.0157681366 0.0164357325 0.0163645271 0.0180120682 0.0139559775 0.0190306753 0.0240513912 0.0118756111 0.0148211591 0.0110425405 0.0068329444 0.0217787953 0.0088627153 0.0208509516 0.0198234361 0.037860646 0.00721435 0.0147580503 0.0189017073 0.0189331059 0.0145508041 0.0122135398 0.0108473819 0.0344681719 0.0266324397 0.0218949004 0.0071185378 0.0161594068 0.0114834647 0.013934685 0.0136836771 0.0085315159 0.015637943 0.0168658747 0.0154970629 0.0130300493 0.0131835097 0.0190979195 0.017003365 0.0044040978 0.0157499734 
8 0.0065892054 0.0296578693 0.0150706359 0.0156304354 0.0082389936 0.0114372671 0.0237679693 0.0085975187 0.015412619 0.0238816167 0.0147881204 0.0122475322 0.0089375171 0.0192339616 0.0173239836 0.0223473912 0.0134333337 0.0179604784 0.0284509754 0.0157712221 0.0141173214 0.0066104555 0.0113642944 0.008865017 0.0213373551 0.0224930578 0.0196029525 0.0134628723 0.0250477768 0.0188555815 0.006834056 0.0200309356 0.0306077317 0.0021100968 0.014889193 0.0068189101 0.0116256315 0.0158195793 0.0165824338 0.0054320529 0.0174738236 0.0101056556 0.0115228669 0.0043434373 0.019867192 0.0155589968 0.0104561836 0.0235698114 0.0309761433 0.0211042034 0.0136931586 0.0206298082 0.0089155991 0.0091260106 0.0188869432 0.0289208531 0.0198806881 0.0111842683 0.0150090656 0.017513684 0.0106684094 0.0084842267 0.0230979858 0.0077250345 
9 0.0153603331 0.0151503771 0.0205633328 0.0100005245 0.0237968574 0.0186676567 0.0173197364 0.015412619 0.0170321487 0.0049335699 0.0212571472 0.0150599149 0.0103978335 0.0122198835 0.0167338509 0.0271089616 0.0142556811 0.0118328249 0.0107172605 0.0145397784 0.012352747 0.0185230811 0.0132618981 0.0148360764 0.0126147786 0.0154529394 0.0177761271 0.01280999 0.016613529 0.0204579307 0.0123290039 0.0162639996 0.0182168558 0.0155339839 0.0400144939 0.0094762616 0.0081333559 0.0109725511 0.0193426759 0.0204235759 0.0293084588 0.0089745479 0.009354688 0.0194455732 0.0192958076 0.0229320499 0.0215957487 0.0043311037 0.0262526919 0.0124468526 0.0058872322 0.0092086367 0.0268212873 0.0136649067 0.0135815558 0.0149887721 0.0085821335 0.0175389842 0.0158605602 0.0064785627 0.0107441216 0.0156038163 0.0134687565 0.0158670047 
10 0.0164382463 0.0049991858 0.0168521692 0.0218869391 0.0038095322 0.0252136829 0.0000693516000000000 0.0238816167 0.0049335699 0.0287429891 0.0182400198 0.0123297924 0.0179390453 0.0084611508 0.0228664296 0.0099003332 0.0223368455 0.0159229422 0.0096751777 0.0227711 0.0126477694 0.0101186577 0.0165324719 0.0044927535 0.0108833686 0.0106717852 0.0111395887 0.0210314857 0.0202170731 0.0164517661 0.0160281493 0.0028459953 0.0230644981 0.0194591575 0.0121356962 0.0156395966 0.0217678017 0.0185168995 0.0125543631 0.0242311533 0.0114864595 0.0197361412 0.0232525837 0.0245749668 0.0134283678 0.0128017558 0.0165456539 0.0229797886 0.0243330401 0.0146503179 0.0194200026 0.0108420721 0.0185359443 0.0101738689 0.0142786635 0.0074427078 0.0174430299 0.0123080237 0.0183992286 0.0124911702 0.0161928713 0.0182516163 0.0191031786 0.0136283967 
11 0.0183505395 0.015091271 0.0142973435 0.0101394751 0.0058351756 0.0127056428 0.0143788708 0.0147881204 0.0212571472 0.0182400198 0.0194451353 0.0111095754 0.00965794 0.0178101586 0.0122220536 0.0230350334 0.0143664112 0.0161763692 0.0261034169 0.0117250273 0.0059401684 0.0198300893 0.0114191616 0.0146390841 0.0052373964 0.0251279001 0.0118851962 0.0128872868 0.0228506772 0.0121529416 0.0160427896 0.0152325325 0.014329228 0.0212650625 0.0067687131 0.0263891654 0.017529472 0.0129767866 0.015931136 0.0097364143 0.0276722479 0.018271176 0.0235684368 0.0179399681 0.0141791097 0.0135111942 0.0108676799 0.0329938187 0.021468671 0.0179389189 0.0124135501 0.0236495647 0.0118959495 0.014227769 0.0076931416 0.0227096706 0.0154068452 0.0183688933 0.0141537036 0.0074401464 0.0105958018 0.0053727614 0.0224357909 0.0103192625 
12 0.0144953158 0.0221084964 0.0178043739 0.0085662955 0.0210247317 0.0126379488 0.0268307127 0.0122475322 0.0150599149 0.0123297924 0.0111095754 0.0227294687 0.0203951968 0.0219293072 0.0163561612 0.0016906288 0.0145216607 0.0175467113 0.0127457282 0.0147969712 0.0098303896 0.0130353508 0.0206355049 0.0213820452 0.0114459984 0.0206647646 0.0237802671 0.0127697821 0.0319089388 0.0142011424 0.018591218 0.0080991721 0.012990719 0.0216154905 0.0188395162 0.0208410748 0.0062957863 0.0141980671 0.0121711896 0.0150941817 0.017389562 0.0155419444 0.0089824165 0.0112141618 0.0053849591 0.0122588224 0.0180527229 0.0211872733 0.0187908799 0.0209234359 0.0202796942 0.0159298394 0.014646445 0.0158373986 0.0223311506 0.0171493441 0.0100307741 0.0145042122 0.0075900966 0.0125901721 0.0176216894 0.0088036518 0.0162119267 0.011430304 
13 0.0200123996 0.0147241796 0.0193599304 0.0115331067 0.0268114928 0.0208427473 0.0260466157 0.0089375171 0.0103978335 0.0179390453 0.00965794 0.0203951968 0.0150086221 0.0115209113 0.0150097326 0.0125958989 0.0119840126 0.0121616267 0.0162585783 0.0277412616 0.0173648326 0.0212903924 0.0115961279 0.007119431 0.0179287654 0.0276844452 0.0243661574 0.0282536073 0.0060732595 0.0196689554 0.0275598428 0.0152044159 0.0245271487 0.0123844079 0.008150586 0.0033219874 0.0181890714 0.0149350143 0.016011982 0.0175701844 0.0103776996 0.0126491819 0.0108464738 0.0205261218 0.0129738402 0.0130066953 0.0202829083 0.0021927585 0.0175801156 0.0057951205 0.0212463637 0.0129860678 0.0163009507 0.0094720332 0.0103530896 0.0203360812 0.0166451894 0.008559398 0.0151640204 0.0231216196 0.0145537495 0.0216610451 0.0025193068 0.0127109058 
14 0.0119049436 0.025401053 0.0197581521 0.024328789 0.012122913 0.0136048992 0.0195972966 0.0192339616 0.0122198835 0.0084611508 0.0178101586 0.0219293072 0.0115209113 0.006325107 0.0304739197 0.0114660113 0.0088643497 0.0204076782 0.0131520999 0.0129702831 0.0134728485 0.0100306371 0.007201742 0.0178178357 0.0121060536 0.006402318 0.0177314605 0.0141668288 0.0084680538 0.0217252878 0.02319857 0.0214603478 0.0158533494 0.0108497797 0.0123378398 0.0243290204 0.0272966956 0.0118359523 0.0118109052 0.0161515484 0.0120619491 0.0202720165 0.015198326 0.009962877 0.0120158377 0.0112477871 0.0165366133 0.0088245498 0.0117079224 0.0184329313 0.0059376485 0.0069691591 0.0155694452 0.0161624361 0.0215555443 0.0198072531 0.0230481545 0.029561118 0.0151277251 0.0169579106 0.0212956328 0.0126108079 0.0185075728 0.0148288388 
15 0.0108939647 0.0256959153 0.0082277586 0.0167693191 0.0184451621 0.0182104649 0.0178269146 0.0173239836 0.0167338509 0.0228664296 0.0122220536 0.0163561612 0.0150097326 0.0304739197 0.0282123148 0.0195853516 0.0145637967 0.0113132173 0.0105804835 0.0112984507 0.0146746976 0.0193472534 0.0145184219 0.0088980174 0.0183233055 0.014139378 0.0125067225 0.0155689907 0.0098419382 0.0135855547 0.030267244 0.0129654732 0.0098257959 0.0201159982 0.0131705681 0.0320443023 0.0162000081 0.033356511 0.0027744689 0.0261130417 0.0105060333 0.0155413465 0.0082966455 0.0160012306 0.0116411849 0.0114908877 0.0061844603 0.0076293855 0.0145438697 0.0183681151 0.0145869649 0.0177740399 0.009289934 0.0174629284 0.021446563 0.0179639632 0.0133537513 0.0061202232 0.020524925 0.0167576229 0.0124423701 0.0070786645 0.0075495283 0.0165984258 
16 0.0181999615 0.0218729992 0.0155786552 0.0196812838 0.0233744293 0.0100200423 0.0106580989 0.0223473912 0.0271089616 0.0099003332 0.0230350334 0.0016906288 0.0125958989 0.0114660113 0.0195853516 0.0277602437 0.0157293196 0.0124526911 0.0150457957 0.0102308183 0.0230384017 0.0136347171 0.0079252627 0.0145294269 0.0147636054 0.0142354788 0.0075775964 0.0154851179 0.0154544701 0.0156433798 0.0143740663 0.0156928076 0.0211774309 0.0089764994 0.0191825957 0.0204659743 0.0130099807 0.0224474943 0.0205193982 0.0083762787 0.0115738682 0.012798697 0.0233274554 0.0177994325 0.0206449605 0.0150009751 0.0145492179 0.0179119536 0.0215205199 0.0109464813 0.0158385156 0.0182774794 0.0152776586 0.0124816886 0.0208329883 0.0147457385 0.0103659575 0.0031503218 0.0074284303 0.016316949 0.016292241 0.0177879904 0.0190877051 0.0111988431 
17 0.0130411256 0.0229465554 0.0312525671 0.0090636321 0.0221713184 0.0100604401 0.0086416729 0.0134333337 0.0142556811 0.0223368455 0.0143664112 0.0145216607 0.0119840126 0.0088643497 0.0145637967 0.0157293196 0.031845785 0.005872676 0.0121073131 0.0156419515 0.0096997062 0.0052440715 0.0097874549 0.023458481 0.0148237669 0.0140783127 0.0192315028 0.0143817709 0.0136823214 0.0093630978 0.0255044698 0.0172524299 0.0076673964 0.0159453802 0.0174185401 0.0065731754 0.0225399071 0.0102990289 0.0220487587 0.021911939 0.0077233461 0.0069580195 0.0072615085 0.025329957 0.0150001055 0.0153620386 0.0086367803 0.0157147214 0.0181579253 0.0076323552 0.026742956 0.0141443307 0.006988828 0.0165795028 0.014313985 0.0143977732 0.0253306968 0.0203226765 0.0130059899 0.0222996327 0.0051773414 0.0218130883 0.0336229727 0.0238715088 
18 0.0173444551 0.0184799379 0.0264707831 0.031426932 0.0215299825 0.0173032347 0.0048057241 0.0179604784 0.0118328249 0.0159229422 0.0161763692 0.0175467113 0.0121616267 0.0204076782 0.0113132173 0.0124526911 0.005872676 0.0124198986 0.0105124793 0.0143316061 0.0199260083 0.0167434517 0.0277476757 0.0231791141 0.0175220606 0.0235717697 0.0197577538 0.0126923175 0.0178290791 0.0151757418 0.0269544225 0.0074861877 0.0136714741 0.01051478 0.0242219146 0.009984299 0.0061137243 0.0096522542 0.0071223467 0.0088009518 0.0126119065 0.0177696032 0.0177783594 0.0079585909 0.0173208917 0.0211064381 0.0171674227 0.0114403727 0.0135634058 0.0059615567 0.0264537814 0.0165630892 0.02449161 0.0075734266 0.0149866697 0.0100627852 0.0208920668 0.0217351711 0.0159986809 0.016274759 0.0069693405 0.0084766226 0.0243457134 0.0075581605 
19 0.0147809833 0.0170244238 0.0123415774 0.0204038876 0.0116682882 0.010486347 0.0241472304 0.0284509754 0.0107172605 0.0096751777 0.0261034169 0.0127457282 0.0162585783 0.0131520999 0.0105804835 0.0150457957 0.0121073131 0.0105124793 0.0204009953 0.0139123801 0.026800409 0.0273302285 0.0099220035 0.004845678 0.0077578709 0.0114429784 0.0184466434 0.0076503504 0.0211300271 0.0135192838 0.0133467799 0.0153463668 0.010809118 0.023172632 0.0153873275 0.011002463 0.0160417164 0.0152328616 0.003282713 0.01361497 0.0152797325 0.0157912847 0.0214690684 0.0112585668 0.0160757981 0.0152380426 0.0139737709 0.0183046026 0.0207141825 0.0109658036 0.0157054972 0.0276512925 0.0212472709 0.0233450373 0.0166496341 0.0212682807 0.020172585 0.0116261282 0.0139667553 0.0074435376 0.0173570794 0.015383605 0.0161308467 0.0163837547 
20 0.01535105 0.0114728522 0.0232480098 0.0121353599 0.0116352428 0.0108058332 0.0076508542 0.0157712221 0.0145397784 0.0227711 0.0117250273 0.0147969712 0.0277412616 0.0129702831 0.0112984507 0.0102308183 0.0156419515 0.0143316061 0.0139123801 0.0169337633 0.019381218 0.0297140183 0.0176084155 0.0146082233 0.0151482345 0.0203467028 0.0173865141 0.0178737358 0.0133539158 0.0068708857 0.0203331496 0.0145191749 0.0117182522 0.0225343839 0.0100963618 0.0183814465 0.023620523 0.0250160703 0.0147381725 0.0207821007 0.0139007559 0.0125633751 0.0244674522 0.0045246647 0.0079407135 0.0172501127 0.0120516519 0.0182254106 0.019626663 0.0137599825 0.0056715342 0.0157902653 0.0096337328 0.0182655643 0.0077727235 0.0178643637 0.0192957034 0.0176704556 0.0156658305 0.0204413223 0.0220421951 0.0120600362 0.0157954998 0.0087246766 
21 0.0136952505 0.018605508 0.0228958967 0.0076178842 0.0131872412 0.0121900511 0.0069906586 0.0141173214 0.012352747 0.0126477694 0.0059401684 0.0098303896 0.0173648326 0.0134728485 0.0146746976 0.0230384017 0.0096997062 0.0199260083 0.026800409 0.019381218 0.0125011111 0.0153837198 0.0169713493 0.0194053419 0.0230051426 0.0169721624 0.0201254421 0.0296494592 0.0091399058 0.0092155212 0.0168445311 0.013883069 0.0151936926 0.0148031037 0.0075721301 0.0162901615 0.0235298737 0.0110984544 0.0054887134 0.0136614105 0.0173691251 0.025001917 0.0098693664 0.0168077811 0.0095792052 0.0179910568 0.016168708 0.017346536 0.0074910349 0.009001267 0.0097993873 0.0193267535 0.0327074155 0.0099305603 0.0246353067 0.0170598252 0.0123802682 0.0239431779 0.0123379584 0.0147910699 0.0176752966 0.026045729 0.0111661842 0.0164117659 
22 0.0170494665 0.0126366638 0.0105493813 0.0194989855 0.0131686099 0.014549306 0.0351373135 0.0066104555 0.0185230811 0.0101186577 0.0198300893 0.0130353508 0.0212903924 0.0100306371 0.0193472534 0.0136347171 0.0052440715 0.0167434517 0.0273302285 0.0297140183 0.0153837198 0.0300630196 0.0237859462 0.0124415079 0.0091335414 0.016772489 0.0173644712 0.0180480662 0.0110647966 0.018312937 0.0137285289 0.0137560884 0.0188276259 0.0081131913 0.0098037017 0.0152679209 0.0096603727 0.0153573875 0.0130927126 0.0243808165 0.0182704637 0.0124334311 0.0193512184 0.012300973 0.0222796095 0.0152506715 0.0256507857 0.0146325979 0.0054299518 0.0069374815 0.0158789693 0.0072744516 0.0118317567 0.0108247729 0.01845883 0.0228214565 0.0198277701 0.0136614019 0.0063716737 0.0186099784 0.0081392647 0.009028055 0.0174535542 0.0188799086 
23 0.0265868622 0.0170946594 0.011352391 0.0023640527 0.0152212714 0.0227565875 0.0125255004 0.0113642944 0.0132618981 0.0165324719 0.0114191616 0.0206355049 0.0115961279 0.007201742 0.0145184219 0.0079252627 0.0097874549 0.0277476757 0.0099220035 0.0176084155 0.0169713493 0.0237859462 0.0179341605 0.005046395 0.0095539638 0.0130058005 0.0140689876 0.0043167312 0.0332641874 0.0117578724 0.0063619988 0.0245538762 0.0119541179 0.0227495883 0.0075639819 0.0133135289 0.0188891649 0.0149823565 0.0080775132 0.0361486573 0.0250469949 0.0225160545 0.0229584636 0.0161842534 0.0066610645 0.0106478241 0.006761026 0.0144452046 0.0072793174 0.0207670494 0.0282443809 0.0108318401 0.0198185345 0.0069700508 0.0188994427 0.019049686 0.0165340747 0.0267324397 0.0198672925 0.0153201258 0.014750901 0.0190198159 0.0067228948 0.0222493308 
24 0.0137482243 0.0261511366 0.0109117033 0.0077930083 0.0235971117 0.0175820668 0.0157681366 0.008865017 0.0148360764 0.0044927535 0.0146390841 0.0213820452 0.007119431 0.0178178357 0.0088980174 0.0145294269 0.023458481 0.0231791141 0.004845678 0.0146082233 0.0194053419 0.0124415079 0.005046395 0.0319879026 0.0124789871 0.0115195871 0.014871346 0.0255180839 0.0047260218 0.0138674989 0.0201926438 0.0109592464 0.0112379885 0.010567635 0.0236646257 0.0222242914 0.0179082216 0.0206084177 0.0194305663 0.0067338911 0.0195892291 0.0055034138 0.0179897949 0.0194019274 0.013397494 0.0074558796 0.0106291661 0.0253305207 0.0084898252 0.0177193077 0.0211291928 0.0108739106 0.0205612876 0.0203278737 0.0132889742 0.0123796162 0.0278032931 0.0156662199 0.0058527861 0.020812179 0.0146014391 0.0160052772 0.0167545257 0.0288240957 
25 0.0166170483 0.0114602413 0.0101618603 0.0152881173 0.0142669126 0.012066705 0.0164357325 0.0213373551 0.0126147786 0.0108833686 0.0052373964 0.0114459984 0.0179287654 0.0121060536 0.0183233055 0.0147636054 0.0148237669 0.0175220606 0.0077578709 0.0151482345 0.0230051426 0.0091335414 0.0095539638 0.0124789871 0.0120347708 0.0150260595 0.0162009208 0.0173914913 0.0092266448 0.0154950365 0.00828862 0.017528737 0.0161847696 0.0155972305 0.0117791787 0.0065404146 0.0147592297 0.0235030345 0.0107216392 0.0153379166 0.0257683039 0.0203634111 0.0213016262 0.015855307 0.0257330102 0.0070892034 0.0139581608 0.038344634 0.015795896 0.0234082336 0.0287458374 0.0097528502 0.0047609221 0.0193031159 0.013399028 0.0268993914 0.0175097169 0.0330813351 0.0146673341 0.0107572317 0.0103328249 0.0206570128 0.0137013473 0.01283776 
26 0.01248151 0.0138217153 0.0149565534 0.0200713653 0.0248440191 0.0188093174 0.0163645271 0.0224930578 0.0154529394 0.0106717852 0.0251279001 0.0206647646 0.0276844452 0.006402318 0.014139378 0.0142354788 0.0140783127 0.0235717697 0.0114429784 0.0203467028 0.0169721624 0.016772489 0.0130058005 0.0115195871 0.0150260595 0.0118199807 0.0116602637 0.0184379406 0.0079528483 0.0218343977 0.0107779535 0.0091332986 0.0135601048 0.0195936401 0.0155167423 0.0127255662 0.0158263592 0.012617058 0.0123729125 0.0209953991 0.0077443127 0.0234615066 0.0136936817 0.0198433006 0.0062074401 0.0130044344 0.0259161699 0.0174201193 0.0179452975 0.0128626777 0.0179756978 0.023325501 0.0123692777 0.0130348135 0.0099609024 0.0207365705 0.0115288513 0.0124384369 0.0128221121 0.0216631384 0.0114568999 0.0082647834 0.0143337528 0.0162089196 
27 0.0239639584 0.0086503275 0.0067602197 0.0175083508 0.0072596784 0.0069452497 0.0180120682 0.0196029525 0.0177761271 0.0111395887 0.0118851962 0.0237802671 0.0243661574 0.0177314605 0.0125067225 0.0075775964 0.0192315028 0.0197577538 0.0184466434 0.0173865141 0.0201254421 0.0173644712 0.0140689876 0.014871346 0.0162009208 0.0116602637 0.0197310326 0.0100960584 0.014506003 0.0176624339 0.0176080136 0.0142882164 0.0087927047 0.009717257 0.026872448 0.0166405863 0.0030348639 0.0137062549 0.0148930646 0.0192993834 0.0064480336 0.0148680836 0.0132714143 0.0123524888 0.0112231203 0.0214759533 0.0256941307 0.0266908643 0.0135856046 0.0248277338 0.0087391395 0.0182165842 0.0019863848 0.0141222642 0.0246901159 0.0125075973 0.0183265828 0.0160187654 0.0234381744 0.0208587012 0.008401926 0.0136855783 0.021932672 0.0152099993 
28 0.0164213298 0.006706016 0.017062718 0.0175282812 0.023365973 0.0052568179 0.0139559775 0.0134628723 0.01280999 0.0210314857 0.0128872868 0.0127697821 0.0282536073 0.0141668288 0.0155689907 0.0154851179 0.0143817709 0.0126923175 0.0076503504 0.0178737358 0.0296494592 0.0180480662 0.0043167312 0.0255180839 0.0173914913 0.0184379406 0.0100960584 0.0023157246 0.0103001212 0.0061521934 0.0114527121 0.009654323 0.0224105046 0.0193721336 0.029487213 0.0134320293 0.010626966 0.0118285785 0.0131995799 0.0269179391 0.0193370456 0.0105705782 0.0149485243 0.0148415552 0.0150850238 0.0150796271 0.0092419415 0.0140263272 0.0166113606 0.0087448688 0.0116243893 0.0185540578 0.0210623381 0.0203670101 0.0275719746 0.0027491581 0.0149839733 0.0213919613 0.0243360214 0.0064501707 0.0182554976 0.0150447203 0.0235759262 0.0256068501 
29 0.007848805 0.0074529751 0.0212036088 0.0216737513 0.0194464376 0.0108365145 0.0190306753 0.0250477768 0.016613529 0.0202170731 0.0228506772 0.0319089388 0.0060732595 0.0084680538 0.0098419382 0.0154544701 0.0136823214 0.0178290791 0.0211300271 0.0133539158 0.0091399058 0.0110647966 0.0332641874 0.0047260218 0.0092266448 0.0079528483 0.014506003 0.0103001212 0.0094472477 0.0197165568 0.0188551248 0.0158158788 0.0186896872 0.0223974383 0.0170237172 0.0128811002 0.0097018833 0.002162697 0.0227062973 0.0221694695 0.0291353492 0.0083007089 0.0132593378 0.0156978952 0.0234901429 0.0117531182 0.0173870917 0.0142267129 0.024835094 0.0166187373 0.006398446 0.0162487301 0.0142332493 0.0222613397 0.0063626926 0.0152474105 0.0157696335 0.0263832361 0.0126829609 0.008065923 0.0144351482 0.0147956208 0.0087677461 0.0219322204 
30 0.011570437 0.0158552214 0.0099232412 0.0102070042 0.0097650464 0.0272852781 0.0240513912 0.0188555815 0.0204579307 0.0164517661 0.0121529416 0.0142011424 0.0196689554 0.0217252878 0.0135855547 0.0156433798 0.0093630978 0.0151757418 0.0135192838 0.0068708857 0.0092155212 0.018312937 0.0117578724 0.0138674989 0.0154950365 0.0218343977 0.0176624339 0.0061521934 0.0197165568 0.016734026 0.0202427363 0.0173129549 0.0177742182 0.0303087398 0.0220206124 0.0195731239 0.0076713825 0.0093147584 0.0120976199 0.0103192901 0.0124189403 0.008726999 0.0146030112 0.0286859465 0.0038636474 0.0184276379 0.0317566848 0.0078501114 0.0138873586 0.0108963324 0.0178356276 0.0070893037 0.0165882349 0.0195742864 0.0159815568 0.0087819593 0.0090201371 0.0239023507 0.0174748245 0.0089317038 0.0237593718 0.0108331106 0.0187660963 0.026631688 
31 0.0168607515 0.014864926 0.0116455354 0.012376065 0.0093677502 0.0202928213 0.0118756111 0.006834056 0.0123290039 0.0160281493 0.0160427896 0.018591218 0.0275598428 0.02319857 0.030267244 0.0143740663 0.0255044698 0.0269544225 0.0133467799 0.0203331496 0.0168445311 0.0137285289 0.0063619988 0.0201926438 0.00828862 0.0107779535 0.0176080136 0.0114527121 0.0188551248 0.0202427363 0.0070219423 0.0138236357 0.0131454725 0.0150177495 0.0144681125 0.0192213415 0.0195686524 0.0288351867 0.0032735821 0.0143636881 0.0123457213 0.0240386717 0.0123854612 0.0136003529 0.0172466917 0.0180149263 0.0077401507 0.0125635694 0.0146263237 0.0097073961 0.0188373694 0.0131856964 0.0137879384 0.0236917794 0.0136613596 0.0271528464 0.0096216871 0.0060409197 0.0203342193 0.0141367857 0.0103979818 0.0103729863 0.017985627 0.0167840902 
32 0.0089467093 0.022868729 0.0171421647 0.010253241 0.0240285575 0.0195659252 0.0148211591 0.0200309356 0.0162639996 0.0028459953 0.0152325325 0.0080991721 0.0152044159 0.0214603478 0.0129654732 0.0156928076 0.0172524299 0.0074861877 0.0153463668 0.0145191749 0.013883069 0.0137560884 0.0245538762 0.0109592464 0.017528737 0.0091332986 0.0142882164 0.009654323 0.0158158788 0.0173129549 0.0138236357 0.0276272491 0.0047533282 0.0155178641 0.0131012539 0.0285960765 0.0102828923 0.0232945159 0.014505001 0.0173950874 0.0183829986 0.0112336717 0.0217682557 0.0128925225 0.0159691761 0.010371501 0.0164781515 0.019208537 0.0118815439 0.007594584 0.0092179985 0.0227115637 0.0178757252 0.0249834277 0.0222418214 0.0181925891 0.010192854 0.0266470468 0.0190087766 0.0074850418 0.0206554894 0.0170932013 0.0100412957 0.0120633091 
33 0.0084553066 0.017987836 0.016136723 0.0148607712 0.0266758823 0.0294048803 0.0110425405 0.0306077317 0.0182168558 0.0230644981 0.014329228 0.012990719 0.0245271487 0.0158533494 0.0098257959 0.0211774309 0.0076673964 0.0136714741 0.010809118 0.0117182522 0.0151936926 0.0188276259 0.0119541179 0.0112379885 0.0161847696 0.0135601048 0.0087927047 0.0224105046 0.0186896872 0.0177742182 0.0131454725 0.0047533282 0.0056956664 0.0164153649 0.0134920359 0.0099606912 0.0223542189 0.0087346159 0.0173360053 0.0133906417 0.0141299421 0.0187159883 0.0145182735 0.0090761645 0.0251357998 0.0129346247 0.0189722916 0.0122439008 0.0106670045 0.0200660945 0.0109944146 0.0163782027 0.0081897656 0.0092253985 0.0252399915 0.019243683 0.0163021625 0.0259125968 0.0097136472 0.0094437475 0.0199987767 0.0208217383 0.0224805135 0.0106688842 
34 0.0097911685 0.0171583628 0.0175697652 0.0171191327 0.0130043364 0.0167599722 0.0068329444 0.0021100968 0.0155339839 0.0194591575 0.0212650625 0.0216154905 0.0123844079 0.0108497797 0.0201159982 0.0089764994 0.0159453802 0.01051478 0.023172632 0.0225343839 0.0148031037 0.0081131913 0.0227495883 0.010567635 0.0155972305 0.0195936401 0.009717257 0.0193721336 0.0223974383 0.0303087398 0.0150177495 0.0155178641 0.0164153649 0.0188278705 0.0025159054 0.0215537814 0.0067542198 0.0251502278 0.0216338377 0.0073034805 0.0147654334 0.0143661998 0.0088973107 0.0265186725 0.0201838776 0.0078639571 0.0089866011 0.0171409351 0.0121100397 0.0079943375 0.0119775866 0.0130652567 0.0230545304 0.0143147844 0.0176642359 0.0095349811 0.0256240782 0.0162504568 0.0173478514 0.0182660556 0.0115952902 0.0188919861 0.0217602618 0.0152016863 
35 0.0120674172 0.0189505392 0.0204949148 0.0200185205 0.0144772035 0.0123678583 0.0217787953 0.014889193 0.0400144939 0.0121356962 0.0067687131 0.0188395162 0.008150586 0.0123378398 0.0131705681 0.0191825957 0.0174185401 0.0242219146 0.0153873275 0.0100963618 0.0075721301 0.0098037017 0.0075639819 0.0236646257 0.0117791787 0.0155167423 0.026872448 0.029487213 0.0170237172 0.0220206124 0.0144681125 0.0131012539 0.0134920359 0.0025159054 0.0121355416 0.0209704193 0.0125686329 0.0178209592 0.0132781249 0.0027619148 0.0075680698 0.0123006827 0.0306943972 0.0172209501 0.0116607466 0.0189383345 0.0163529349 0.0084376268 0.0206918406 0.0187330938 0.0130594226 0.0017262106 0.0077248305 0.0198220459 0.0110597114 0.0160359258 0.0170853938 0.0170526531 0.0215630297 0.0146946707 0.01789634 0.0200283434 0.0168320819 0.0156348171 
36 0.0213562944 0.0158996271 0.027564259 0.0209293127 0.0189645827 0.0184479303 0.0088627153 0.0068189101 0.0094762616 0.0156395966 0.0263891654 0.0208410748 0.0033219874 0.0243290204 0.0320443023 0.0204659743 0.0065731754 0.009984299 0.011002463 0.0183814465 0.0162901615 0.0152679209 0.0133135289 0.0222242914 0.0065404146 0.0127255662 0.0166405863 0.0134320293 0.0128811002 0.0195731239 0.0192213415 0.0285960765 0.0099606912 0.0215537814 0.0209704193 0.0073548254 0.0107557883 0.0188276494 0.0196180089 0.0140895329 0.0085488942 0.004824948 0.0101983547 0.0223335237 0.0035869967 0.0077119763 0.0138640582 0.0124791051 0.0094536671 0.008868038 0.0149133242 0.0126868192 0.0187100841 0.0109914198 0.0113212115 0.0157563902 0.0148953739 0.0195375574 0.0201947277 0.0174172481 0.0360379004 0.0195906374 0.0176209005 0.0113276072 
37 0.0159478844 0.0 0.0191467396 0.0133610579 0.0213908053 0.022007108 0.0208509516 0.0116256315 0.0081333559 0.0217678017 0.017529472 0.0062957863 0.0181890714 0.0272966956 0.0162000081 0.0130099807 0.0225399071 0.0061137243 0.0160417164 0.023620523 0.0235298737 0.0096603727 0.0188891649 0.0179082216 0.0147592297 0.0158263592 0.0030348639 0.010626966 0.0097018833 0.0076713825 0.0195686524 0.0102828923 0.0223542189 0.0067542198 0.0125686329 0.0107557883 0.0267555569 0.0152825065 0.0105276865 0.0229820209 0.0178738332 0.0269240843 0.0137755354 0.0100208061 0.0116469552 0.0172685646 0.0157970527 0.0198811036 0.0217449692 0.0224580207 0.020802266 0.015877078 0.0219081769 0.0145703066 0.0066492215 0.0135211026 0.0097780933 0.0164314555 0.01385943 0.0103120369 0.0166188449 0.0216345569 0.0083428199 0.0217949719 
38 0.0195165828 0.0217925237 0.023056501 0.0046192158 0.0161106267 0.0120220735 0.0198234361 0.0158195793 0.0109725511 0.0185168995 0.0129767866 0.0141980671 0.0149350143 0.0118359523 0.033356511 0.0224474943 0.0102990289 0.0096522542 0.0152328616 0.0250160703 0.0110984544 0.0153573875 0.0149823565 0.0206084177 0.0235030345 0.012617058 0.0137062549 0.0118285785 0.002162697 0.0093147584 0.0288351867 0.0232945159 0.0087346159 0.0251502278 0.0178209592 0.0188276494 0.0152825065 0.0152050121 0.0124860606 0.0118556577 0.0140422129 0.0050166083 0.0100985347 0.015753441 0.0064281624 0.0104533135 0.0149286359 0.0174933027 0.0104680479 0.0135743691 0.0143426163 0.0218084595 0.009395857 0.0183892978 0.017548449 0.0167452294 0.0222828714 0.0209658038 0.0246424836 0.023177644 0.0143712608 0.0108826245 0.0135133858 0.0088059693 
39 0.0200266821 0.0092391721 0.0189557352 0.0128993406 0.0104013267 0.0211034192 0.037860646 0.0165824338 0.0193426759 0.0125543631 0.015931136 0.0121711896 0.016011982 0.0118109052 0.0027744689 0.0205193982 0.0220487587 0.0071223467 0.003282713 0.0147381725 0.0054887134 0.0130927126 0.0080775132 0.0194305663 0.0107216392 0.0123729125 0.0148930646 0.0131995799 0.0227062973 0.0120976199 0.0032735821 0.014505001 0.0173360053 0.0216338377 0.0132781249 0.0196180089 0.0105276865 0.0124860606 0.0196856501 0.0099686924 0.0161602912 0.0149290493 0.0018752735 0.0131461823 0.0134498025 0.0148019617 0.0132098977 0.030368438 0.0194272494 0.0279087215 0.0192894979 0.021324242 0.0266892969 0.0206839391 0.0089937727 0.0248997641 0.0167842549 0.0053444015 0.0181119475 0.024090082 0.024296503 0.012333402 0.0237612111 0.0083506841 
40 0.0093323453 0.0189199366 0.0216098316 0.0184567736 0.0090407747 0.0159210313 0.00721435 0.0054320529 0.0204235759 0.0242311533 0.0097364143 0.0150941817 0.0175701844 0.0161515484 0.0261130417 0.0083762787 0.021911939 0.0088009518 0.01361497 0.0207821007 0.0136614105 0.0243808165 0.0361486573 0.0067338911 0.0153379166 0.0209953991 0.0192993834 0.0269179391 0.0221694695 0.0103192901 0.0143636881 0.0173950874 0.0133906417 0.0073034805 0.0027619148 0.0140895329 0.0229820209 0.0118556577 0.0099686924 0.0151044229 0.0024588939 0.0076702489 0.0224294069 0.0105156371 0.019132136 0.0050090738 0.009664078 0.0129510519 0.0027453223 0.0339795841 0.0166805364 0.0114310173 0.0094692133 0.0137072467 0.0141931697 0.0156335219 0.0135390681 0.0165177307 0.0254599092 0.0102580848 0.0177128497 0.0107500353 0.0262378085 0.0379416272 
41 0.0224360579 0.0194002304 0.0120957763 0.0240958302 0.014749043 0.0045305381 0.0147580503 0.0174738236 0.0293084588 0.0114864595 0.0276722479 0.017389562 0.0103776996 0.0120619491 0.0105060333 0.0115738682 0.0077233461 0.0126119065 0.0152797325 0.0139007559 0.0173691251 0.0182704637 0.0250469949 0.0195892291 0.0257683039 0.0077443127 0.0064480336 0.0193370456 0.0291353492 0.0124189403 0.0123457213 0.0183829986 0.0141299421 0.0147654334 0.0075680698 0.0085488942 0.0178738332 0.0140422129 0.0161602912 0.0024588939 0.008075772 0.0130234343 0.0248199593 0.0182973655 0.0203417884 0.0241619266 0.0068518683 0.0153427068 0.0112158017 0.0162417092 0.0297974739 0.0247981795 0.0148740544 0.0171445594 0.0069685256 0.0104853973 0.0213325512 0.0145802392 0.0164595773 0.0153970688 0.0052706152 0.019870618 0.0173269633 0.010486387 
42 0.0114834057 0.0143695229 0.012753623 0.0221336767 0.0211756698 0.0098958474 0.0189017073 0.0101056556 0.0089745479 0.0197361412 0.018271176 0.0155419444 0.0126491819 0.0202720165 0.0155413465 0.012798697 0.0069580195 0.0177696032 0.0157912847 0.0125633751 0.025001917 0.0124334311 0.0225160545 0.0055034138 0.0203634111 0.0234615066 0.0148680836 0.0105705782 0.0083007089 0.008726999 0.0240386717 0.0112336717 0.0187159883 0.0143661998 0.0123006827 0.004824948 0.0269240843 0.0050166083 0.0149290493 0.0076702489 0.0130234343 0.0104877414 0.0176475116 0.0163534437 0.0266275082 0.0237641827 0.032342434 0.0122130965 0.0269446371 0.0079717748 0.0132902632 0.0137946132 0.0166405826 0.0098894063 0.015849528 0.0068670143 0.0186562539 0.0145074765 0.0163228225 0.0251480151 0.0088406946 0.0233007475 0.0174872686 0.0225768502 
43 0.0164268335 0.0083790875 0.022417464 0.0106858637 0.0197897551 0.014541794 0.0189331059 0.0115228669 0.009354688 0.0232525837 0.0235684368 0.0089824165 0.0108464738 0.015198326 0.0082966455 0.0233274554 0.0072615085 0.0177783594 0.0214690684 0.0244674522 0.0098693664 0.0193512184 0.0229584636 0.0179897949 0.0213016262 0.0136936817 0.0132714143 0.0149485243 0.0132593378 0.0146030112 0.0123854612 0.0217682557 0.0145182735 0.0088973107 0.0306943972 0.0101983547 0.0137755354 0.0100985347 0.0018752735 0.0224294069 0.0248199593 0.0176475116 0.0196952621 0.0242484922 0.0129729846 0.0138860074 0.0065840636 0.0099805481 0.0117791968 0.0125234728 0.0180402953 0.015283275 0.019358527 0.0084638228 0.0122852524 0.018907372 0.0186570462 0.0081994161 0.0085006305 0.0182516525 0.0098171744 0.0299437203 0.0178484212 0.0179184685 
44 0.0146247224 0.0180912493 0.0116453074 0.0152720841 0.0162784406 0.0238908202 0.0145508041 0.0043434373 0.0194455732 0.0245749668 0.0179399681 0.0112141618 0.0205261218 0.009962877 0.0160012306 0.0177994325 0.025329957 0.0079585909 0.0112585668 0.0045246647 0.0168077811 0.012300973 0.0161842534 0.0194019274 0.015855307 0.0198433006 0.0123524888 0.0148415552 0.0156978952 0.0286859465 0.0136003529 0.0128925225 0.0090761645 0.0265186725 0.0172209501 0.0223335237 0.0100208061 0.015753441 0.0131461823 0.0105156371 0.0182973655 0.0163534437 0.0242484922 0.013527409 0.0167782502 0.0187437853 0.0108431 0.0078012427 0.0123685339 0.022689254 0.0160708831 0.0175707646 0.0173784727 0.0110243502 0.0073820296 0.0085138455 0.0162617646 0.0177029754 0.0296606712 0.0108353276 0.0185609725 0.0168942328 0.0157419481 0.0064682279 
45 0.0256002293 0.0209184648 0.0262446258 0.0214596023 0.0141246228 0.0219844321 0.0122135398 0.019867192 0.0192958076 0.0134283678 0.0141791097 0.0053849591 0.0129738402 0.0120158377 0.0116411849 0.0206449605 0.0150001055 0.0173208917 0.0160757981 0.0079407135 0.0095792052 0.0222796095 0.0066610645 0.013397494 0.0257330102 0.0062074401 0.0112231203 0.0150850238 0.0234901429 0.0038636474 0.0172466917 0.0159691761 0.0251357998 0.0201838776 0.0116607466 0.0035869967 0.0116469552 0.0064281624 0.0134498025 0.019132136 0.0203417884 0.0266275082 0.0129729846 0.0167782502 0.0120134136 0.0094918589 0.0228155655 0.0203393795 0.0172825261 0.0262632144 0.0134326074 0.0080065676 0.0111533296 0.0195189418 0.0086744465 0.0177978249 0.0149128096 0.0174746965 0.0141145813 0.0059052973 0.0065660744 0.0208665582 0.0159080882 0.0304672998 
46 0.0153688242 0.012061762 0.0069277268 0.012573614 0.0081133042 0.0179041947 0.0108473819 0.0155589968 0.0229320499 0.0128017558 0.0135111942 0.0122588224 0.0130066953 0.0112477871 0.0114908877 0.0150009751 0.0153620386 0.0211064381 0.0152380426 0.0172501127 0.0179910568 0.0152506715 0.0106478241 0.0074558796 0.0070892034 0.0130044344 0.0214759533 0.0150796271 0.0117531182 0.0184276379 0.0180149263 0.010371501 0.0129346247 0.0078639571 0.0189383345 0.0077119763 0.0172685646 0.0104533135 0.0148019617 0.0050090738 0.0241619266 0.0237641827 0.0138860074 0.0187437853 0.0094918589 0.0127807826 0.0247116599 0.0160541501 0.0179662395 0.019610774 0.0171314976 0.0173146542 0.0295947779 0.0240930026 0.0213650678 0.0129998218 0.0242133038 0.0165975355 0.0138907855 0.0157624801 0.0171648963 0.0220855353 0.0202172434 0.0242917874 
47 0.0165714844 0.0163132615 0.0092757024 0.009019298 0.0213841716 0.0144954884 0.0344681719 0.0104561836 0.0215957487 0.0165456539 0.0108676799 0.0180527229 0.0202829083 0.0165366133 0.0061844603 0.0145492179 0.0086367803 0.0171674227 0.0139737709 0.0120516519 0.016168708 0.0256507857 0.006761026 0.0106291661 0.0139581608 0.0259161699 0.0256941307 0.0092419415 0.0173870917 0.0317566848 0.0077401507 0.0164781515 0.0189722916 0.0089866011 0.0163529349 0.0138640582 0.0157970527 0.0149286359 0.0132098977 0.009664078 0.0068518683 0.032342434 0.0065840636 0.0108431 0.0228155655 0.0247116599 0.0140193396 0.0151815878 0.0129956415 0.0070440702 0.0220091226 0.0101785489 0.0217805195 0.0172191867 0.0053096305 0.0154493576 0.0101743322 0.0128084774 0.0176336075 0.0240268542 0.0235953773 0.0225341506 0.0066608695 0.0096445247 
48 0.0210426249 0.0144834562 0.01200277 0.0152141694 0.0177769317 0.0195356387 0.0266324397 0.0235698114 0.0043311037 0.0229797886 0.0329938187 0.0211872733 0.0021927585 0.0088245498 0.0076293855 0.0179119536 0.0157147214 0.0114403727 0.0183046026 0.0182254106 0.017346536 0.0146325979 0.0144452046 0.0253305207 0.038344634 0.0174201193 0.0266908643 0.0140263272 0.0142267129 0.0078501114 0.0125635694 0.019208537 0.0122439008 0.0171409351 0.0084376268 0.0124791051 0.0198811036 0.0174933027 0.030368438 0.0129510519 0.0153427068 0.0122130965 0.0099805481 0.0078012427 0.0203393795 0.0160541501 0.0151815878 0.0220895723 0.0086534974 0.0200127558 0.0198893613 0.0117738059 0.0133473706 0.0094604653 0.0061687855 0.006136716 0.0125543302 0.0188487972 0.014023572 0.0112217117 0.0154984011 0.0122734573 0.0124775014 0.0035824078 
