40
1 0.0 0.0076011057 0.0225704148 0.0367324717 0.0271369556 0.026112025 0.021043512 0.0276221682 0.0355569345 0.0345304389 0.0186133759 0.0230754856 0.0310181948 0.0348069964 0.0190350141 0.0359380494 0.0254940177 0.0243029289 0.0315988674 0.0114821009 0.0439178385 0.0413637302 0.0383953128 0.0248284272 0.0171606544 0.0289428126 0.0066543302 0.0283468726 0.0108436806 0.0026920323 0.0060427435 0.0144971046 0.0293751805 0.0401405946 0.018517985 0.0333742507 0.0289425896 0.0051276548 0.043655104 0.0429100438
2 0.0076011057 0.0 0.0321330433 0.0290884331 0.0210348901 0.0256775752 0.0147318907 0.0297673615 0.0247632955 0.0276778187 0.0327717071 0.0404140201 0.0252787121 0.0213972547 0.0285788184 0.0350634051 0.0382586205 0.0302390777 0.0224407085 0.050168675 0.0295966203 0.0229957059 0.0137559931 0.0433450764 0.0268600059 0.0226130531 0.0282819892 0.0272825721 0.0334967516 0.0167558872 0.0091350858 0.0153498681 0.0275645217 0.0204819203 0.0148878715 0.0193905433 0.0181995616 0.0233462988 0.0245369603 0.0250373008
3 0.0225704148 0.0321330433 0.0 0.0390230899 0.0102497425 0.0187021434 0.0390897698 0.0415333213 0.0002417642 0.0178024734 0.0357623127 0.0143837081 0.0460165515 0.0148978084 0.0029610555 0.0197487658 0.0184859277 0.0332508112 0.0411083919 0.0231678103 0.0158776641 0.0125436825 0.0080882808 0.0234374751 0.0177946634 0.0347630367 0.0195662921 0.0228826151 0.0164756042 0.0400230893 0.0426624752 0.038568409 0.0282572274 0.0363535217 0.0299847955 0.0258094187 0.0245492984 0.0301816627 0.0285900462 0.0324618361
4 0.0367324717 0.0290884331 0.0390230899 0.0 0.0462277358 0.0368143854 0.0180567195 0.0192184134 0.0246503519 0.0279764954 0.0062771302 0.0395579556 0.0131414265 0.0280671983 0.0098459226 0.0113013877 0.0134735494 0.0342621689 0.0057093274 0.0449298669 0.0255870005 0.0102510221 0.0408144749 0.0364826336 0.0363030572 0.0169620078 0.0229911084 0.0316000077 0.0458167214 0.0308009385 0.0188386928 0.0250397378 0.0028961884 0.0393924634 0.0096799877 0.008528235 0.0427577922 0.0169496201 0.0322383387 0.0217159424
5 0.0271369556 0.0210348901 0.0102497425 0.0462277358 0.0 0.0267766084 0.0145784006 0.0364253199 0.0072571847 0.0163603653 0.0274109918 0.0304574778 0.0271789926 0.0133482176 0.0361317991 0.0413073046 0.0283603298 0.0373250393 0.0184781262 0.0287646965 0.0077328889 0.0183453772 0.0394196561 0.0344258667 0.0413570333 0.0130131707 0.0279573973 0.0274302406 0.0308103501 0.0506626562 0.0241614513 0.0218305772 0.0152685427 0.027591065 0.0184410496 0.0125275931 0.0182270548 0.0173938826 0.0296524144 0.0289415536
6 0.026112025 0.0256775752 0.0187021434 0.0368143854 0.0267766084 0.0 0.0217114272 0.0311137992 0.0349875361 0.0419024792 0.0319418883 0.008369062 0.0141361636 0.0401724333 0.017396558 0.0386635621 0.0367519375 0.0047528142 0.0199558378 0.028682284 0.0174802517 0.0182324059 0.0184612904 0.0215237071 0.0431136871 0.0099049364 0.0321203054 0.0318333908 0.0233756867 0.019189017 0.0064061767 0.0345199369 0.0255477282 0.0290266178 0.0226734316 0.0186598315 0.0431996137 0.0289451934 0.0357652848 0.0154009875
7 0.021043512 0.0147318907 0.0390897698 0.0180567195 0.0145784006 0.0217114272 0.0 0.026374518 0.0126776064 0.0392775963 0.0192377343 0.0270769063 0.0418331465 0.0126821264 0.0132900402 0.0061361325 0.0346879806 0.0141504324 0.0235344001 0.0292164565 0.0379065267 0.0224484394 0.0218439074 0.0287907204 0.028143098 0.0465792175 0.043280979 0.0258719268 0.0186288881 0.0217445473 0.0378652903 0.0312031887 0.0426169076 0.0094373283 0.019265036 0.011167141 0.0085695333 0.0410670574 0.0356679234 0.0385155468
8 0.0276221682 0.0297673615 0.0415333213 0.0192184134 0.0364253199 0.0311137992 0.026374518 0.0 0.0390405726 0.0196493783 0.0136445207 0.0240142906 0.0227855505 0.0398122133 0.0174672832 0.0360763418 0.0325266674 0.0213913104 0.0184844947 0.0087263163 0.029220442 0.0239085497 0.0158209974 0.0229274823 0.0384809068 0.0267806788 0.0218681257 0.0272565475 0.0102768909 0.0103793787 0.0273728451 0.0285642525 0.0223649451 0.0381776201 0.0103737661 0.0394272102 0.0211793741 0.0320607653 0.0274193473 0.0204660333
9 0.0355569345 0.0247632955 0.0002417642 0.0246503519 0.0072571847 0.0349875361 0.0126776064 0.0390405726 0.0 0.0222171094 0.0244374599 0.0185657269 0.0363362719 0.0301043541 0.0325751901 0.0396252686 0.035817874 0.0345572645 0.0378347351 0.0199241345 0.024916312 0.0140758844 0.0165409773 0.0078598149 0.0210661335 0.0284876183 0.0299192077 0.0205863149 0.0217998731 0.0252048869 0.0307957968 0.0355934618 0.0371580234 0.0432143841 0.0225457099 0.0324850242 0.0197724315 0.0282365406 0.0091661145 0.0194048553
10 0.0345304389 0.0276778187 0.0178024734 0.0279764954 0.0163603653 0.0419024792 0.0392775963 0.0196493783 0.0222171094 0.0 0.0110367154 0.0251037311 0.0209829409 0.0103461876 0.0271794179 0.0208850275 0.0333328008 0.0255636065 0.0281151004 0.0150176574 0.0102688491 0.0086574931 0.0342379581 0.027676146 0.0197322634 0.0333708032 0.010671362 0.0230787003 0.0397566812 0.0382711651 0.032922673 0.0139554382 0.0316249592 0.0308995801 0.023410766 0.0295843508 0.0319272865 0.033740596 0.0325986322 0.0286569559
11 0.0186133759 0.0327717071 0.0357623127 0.0062771302 0.0274109918 0.0319418883 0.0192377343 0.0136445207 0.0244374599 0.0110367154 0.0 0.0327173877 0.0220395788 0.0212272486 0.0121167922 0.0411828951 0.0110770351 0.0375740298 0.0271132223 0.0050647395 0.0303819523 0.0263866439 0.0187069576 0.0377181808 0.0332706568 0.0498297475 0.0493324117 0.0166238771 0.0164173384 0.0317588014 0.0365424212 0.0171828055 0.0206901592 0.0274917783 0.0395249135 0.0049016257 0.0293392745 0.027252603 0.0390396454 0.0163614407
12 0.0230754856 0.0404140201 0.0143837081 0.0395579556 0.0304574778 0.008369062 0.0270769063 0.0240142906 0.0185657269 0.0251037311 0.0327173877 0.0 0.0151100055 0.0163129126 0.0209312125 0.0168945146 0.0337415177 0.0410741568 0.022916922 0.0331937292 0.0230042277 0.0358510394 0.0260318376 0.0319513177 0.0393559245 0.019048411 0.0180310574 0.0049053374 0.0201450319 0.0126119026 0.013624249 0.028899179 0.0091746363 0.0248443104 0.0414190322 0.0315095436 0.041154359 0.033376032 0.0274514608 0.033700388
13 0.0310181948 0.0252787121 0.0460165515 0.0131414265 0.0271789926 0.0141361636 0.0418331465 0.0227855505 0.0363362719 0.0209829409 0.0220395788 0.0151100055 0.0 0.0144824548 0.0309780775 0.0267426096 0.0112612014 0.0081895813 0.0285800493 0.022603582 0.0395014911 0.0296682881 0.0322160699 0.0217314525 0.008359073 0.0192362896 0.0214936881 0.0179742323 0.0105453032 0.0045091547 0.0059541772 0.0414707046 0.0492895702 0.029749332 0.0400459013 0.0477311179 0.0373772401 0.0413476409 0.0165819916 0.026522191
14 0.0348069964 0.0213972547 0.0148978084 0.0280671983 0.0133482176 0.0401724333 0.0126821264 0.0398122133 0.0301043541 0.0103461876 0.0212272486 0.0163129126 0.0144824548 0.0 0.0273273055 0.0080170121 0.0235287572 0.0219100634 0.0327148769 0.0155074203 0.0424668437 0.0302214236 0.0310628357 0.0288151786 0.0220139035 0.0271368725 0.0278917536 0.0298608297 0.0510435533 0.0328107789 0.0328013705 0.0173400631 0.0135319284 0.0390944711 0.0132227718 0.0238870769 0.0196941536 0.0251343347 0.0179414852 0.04736553
15 0.0190350141 0.0285788184 0.0029610555 0.0098459226 0.0361317991 0.017396558 0.0132900402 0.0174672832 0.0325751901 0.0271794179 0.0121167922 0.0209312125 0.0309780775 0.0273273055 0.0 0.034019112 0.0293485109 0.0393834313 0.0442630787 0.0205513049 0.0304557897 0.0361869115 0.0174603611 0.0331986998 0.0143016795 0.0224216846 0.0360056171 0.0420875297 0.0354352128 0.0160370612 0.0229061019 0.0240648175 0.0224236773 0.0301174126 0.0277718886 0.0029465907 0.0386505171 0.029310214 0.0238555911 0.0309827178
16 0.0359380494 0.0350634051 0.0197487658 0.0113013877 0.0413073046 0.0386635621 0.0061361325 0.0360763418 0.0396252686 0.0208850275 0.0411828951 0.0168945146 0.0267426096 0.0080170121 0.034019112 0.0 0.0114730581 0.0263742511 0.0188693906 0.0282066035 0.004142891 0.0408209982 0.0156221113 0.0078976928 0.020709226 0.0284194662 0.0294720769 0.0194670632 0.0282176944 0.0318799801 0.018004662 0.0353530024 0.0229601976 0.0294176596 0.0480227728 0.0127774723 0.023229313 0.0282507418 0.0175802691 0.0412300175
17 0.0254940177 0.0382586205 0.0184859277 0.0134735494 0.0283603298 0.0367519375 0.0346879806 0.0325266674 0.035817874 0.0333328008 0.0110770351 0.0337415177 0.0112612014 0.0235287572 0.0293485109 0.0114730581 0.0 0.0080474645 0.0322052812 0.0409697377 0.0074315222 0.0263102649 0.0348094221 0.0396417077 0.0214716448 0.0190650418 0.0137445099 0.0329782026 0.0250919573 0.0152282064 0.0280914314 0.0174946098 0.0112865227 0.0356295476 0.0375510616 0.0497516227 0.0061892323 0.0275252877 0.0284761206 0.0233898149
18 0.0243029289 0.0302390777 0.0332508112 0.0342621689 0.0373250393 0.0047528142 0.0141504324 0.0213913104 0.0345572645 0.0255636065 0.0375740298 0.0410741568 0.0081895813 0.0219100634 0.0393834313 0.0263742511 0.0080474645 0.0 0.021881125 0.0396209159 0.0243378686 0.0215151755 0.0237928411 0.0326246776 0.0271388309 0.0055453479 0.0235924948 0.0202684341 0.0226720595 0.0249429188 0.0383998202 0.0034233306 0.0320949609 0.0322967884 0.0262148717 0.0067454255 0.0349164845 0.0379832436 0.0307293698 0.0269145828
19 0.0315988674 0.0224407085 0.0411083919 0.0057093274 0.0184781262 0.0199558378 0.0235344001 0.0184844947 0.0378347351 0.0281151004 0.0271132223 0.022916922 0.0285800493 0.0327148769 0.0442630787 0.0188693906 0.0322052812 0.021881125 0.0 0.020743847 0.0288022198 0.0118771688 0.0368634276 0.0282644234 0.0358083378 0.0316209141 0.0243044612 0.0272122947 0.0099642806 0.0211539445 0.0419278677 0.0391241789 0.0153576126 0.0260879624 0.0124866874 0.0064723625 0.0380690774 0.0231720006 0.0300254189 0.0148575765
20 0.0114821009 0.050168675 0.0231678103 0.0449298669 0.0287646965 0.028682284 0.0292164565 0.0087263163 0.0199241345 0.0150176574 0.0050647395 0.0331937292 0.022603582 0.0155074203 0.0205513049 0.0282066035 0.0409697377 0.0396209159 0.020743847 0.0 0.0306199175 0.0209238496 0.0190274253 0.0416764158 0.0328248996 0.0116197055 0.0289960235 0.0342144949 0.0099403845 0.0334229123 0.042061031 0.0352865127 0.0300967871 0.0101744117 0.0406545774 0.0321044555 0.0267577963 0.0090531347 0.0195405976 0.0044627896
21 0.0439178385 0.0295966203 0.0158776641 0.0255870005 0.0077328889 0.0174802517 0.0379065267 0.029220442 0.024916312 0.0102688491 0.0303819523 0.0230042277 0.0395014911 0.0424668437 0.0304557897 0.004142891 0.0074315222 0.0243378686 0.0288022198 0.0306199175 0.0 0.0460657259 0.0432608649 0.0095021163 0.0459636314 0.0209422199 0.0063059834 0.0279646755 0.0419862174 0.005662982 0.0376879508 0.0218132926 0.0181600952 0.0279303291 0.0179971009 0.023194368 0.0247872131 0.0267834177 0.0239879879 0.0263547107
22 0.0413637302 0.0229957059 0.0125436825 0.0102510221 0.0183453772 0.0182324059 0.0224484394 0.0239085497 0.0140758844 0.0086574931 0.0263866439 0.0358510394 0.0296682881 0.0302214236 0.0361869115 0.0408209982 0.0263102649 0.0215151755 0.0118771688 0.0209238496 0.0460657259 0.0 0.0204658757 0.029784314 0.0380106065 0.0297496712 0.0364895882 0.0182986116 0.008246091 0.0083878775 0.0462767867 0.0181835648 0.0186695822 0.0026966827 0.030450462 0.0417394007 0.0239078312 0.0297194992 0.0459482483 0.0343255266
23 0.0383953128 0.0137559931 0.0080882808 0.0408144749 0.0394196561 0.0184612904 0.0218439074 0.0158209974 0.0165409773 0.0342379581 0.0187069576 0.0260318376 0.0322160699 0.0310628357 0.0174603611 0.0156221113 0.0348094221 0.0237928411 0.0368634276 0.0190274253 0.0432608649 0.0204658757 0.0 0.0147250947 0.0116559626 0.0245642106 0.0418630823 0.0223719213 0.0395110314 0.031812333 0.0307715278 0.0191888901 0.0096756382 0.0168428183 0.0383904616 0.0283033798 0.029186751 0.0242541177 0.02738714 0.0227967616
24 0.0248284272 0.0433450764 0.0234374751 0.0364826336 0.0344258667 0.0215237071 0.0287907204 0.0229274823 0.0078598149 0.027676146 0.0377181808 0.0319513177 0.0217314525 0.0288151786 0.0331986998 0.0078976928 0.0396417077 0.0326246776 0.0282644234 0.0416764158 0.0095021163 0.029784314 0.0147250947 0.0 0.0111286054 0.0195823547 0.029513892 0.0346095579 0.0126827034 0.0466582095 0.0227415538 0.042344504 0.0358279538 0.0171764277 0.0212087657 0.0211324952 0.0273959891 0.016974793 0.0083323267 0.0038612465
25 0.0171606544 0.0268600059 0.0177946634 0.0363030572 0.0413570333 0.0431136871 0.028143098 0.0384809068 0.0210661335 0.0197322634 0.0332706568 0.0393559245 0.008359073 0.0220139035 0.0143016795 0.020709226 0.0214716448 0.0271388309 0.0358083378 0.0328248996 0.0459636314 0.0380106065 0.0116559626 0.0111286054 0.0 0.0188129958 0.0368101652 0.0281306582 0.0204611545 0.0257436909 0.0314852117 0.0093991823 0.0354335557 0.0285657124 0.0228762138 0.0218783589 0.0125217358 0.0101345402 0.0152014204 0.0305209187
26 0.0289428126 0.0226130531 0.0347630367 0.0169620078 0.0130131707 0.0099049364 0.0465792175 0.0267806788 0.0284876183 0.0333708032 0.0498297475 0.019048411 0.0192362896 0.0271368725 0.0224216846 0.0284194662 0.0190650418 0.0055453479 0.0316209141 0.0116197055 0.0209422199 0.0297496712 0.0245642106 0.0195823547 0.0188129958 0.0 0.0267608527 0.0280538382 0.0285959113 0.0336917574 0.0235814269 0.0116983328 0.0229548753 0.0298546878 0.0237340441 0.0535472105 0.0215376822 0.024998672 0.0379888779 0.0239895633
27 0.0066543302 0.0282819892 0.0195662921 0.0229911084 0.0279573973 0.0321203054 0.043280979 0.0218681257 0.0299192077 0.010671362 0.0493324117 0.0180310574 0.0214936881 0.0278917536 0.0360056171 0.0294720769 0.0137445099 0.0235924948 0.0243044612 0.0289960235 0.0063059834 0.0364895882 0.0418630823 0.029513892 0.0368101652 0.0267608527 0.0 0.0149723044 0.0186892411 0.0355520337 0.0292266998 0.0219059119 0.0231667497 0.0273450318 0.0261191978 0.0155324483 0.0284834504 0.0218641654 0.0323419475 0.0108820633
28 0.0283468726 0.0272825721 0.0228826151 0.0316000077 0.0274302406 0.0318333908 0.0258719268 0.0272565475 0.0205863149 0.0230787003 0.0166238771 0.0049053374 0.0179742323 0.0298608297 0.0420875297 0.0194670632 0.0329782026 0.0202684341 0.0272122947 0.0342144949 0.0279646755 0.0182986116 0.0223719213 0.0346095579 0.0281306582 0.0280538382 0.0149723044 0.0 0.0272310394 0.030222415 0.0071465724 0.0317522236 0.0290941291 0.0278237575 0.0221434628 0.0333554355 0.0204145911 0.0203257718 0.027169726 0.0371578245
29 0.0108436806 0.0334967516 0.0164756042 0.0458167214 0.0308103501 0.0233756867 0.0186288881 0.0102768909 0.0217998731 0.0397566812 0.0164173384 0.0201450319 0.0105453032 0.0510435533 0.0354352128 0.0282176944 0.0250919573 0.0226720595 0.0099642806 0.0099403845 0.0419862174 0.008246091 0.0395110314 0.0126827034 0.0204611545 0.0285959113 0.0186892411 0.0272310394 0.0 0.038091719 0.0290652864 0.0253272401 0.0376541923 0.0093761494 0.012830064 0.0189965911 0.0489060071 0.0348676704 0.0396275432 0.0271002039
30 0.0026920323 0.0167558872 0.0400230893 0.0308009385 0.0506626562 0.019189017 0.0217445473 0.0103793787 0.0252048869 0.0382711651 0.0317588014 0.0126119026 0.0045091547 0.0328107789 0.0160370612 0.0318799801 0.0152282064 0.0249429188 0.0211539445 0.0334229123 0.005662982 0.0083878775 0.031812333 0.0466582095 0.0257436909 0.0336917574 0.0355520337 0.030222415 0.038091719 0.0 0.0306371654 0.0080600922 0.022622874 0.0167402828 0.0263854591 0.024687717 0.0318678929 0.0429576416 0.0226885391 0.0374500586
31 0.0060427435 0.0091350858 0.0426624752 0.0188386928 0.0241614513 0.0064061767 0.0378652903 0.0273728451 0.0307957968 0.032922673 0.0365424212 0.013624249 0.0059541772 0.0328013705 0.0229061019 0.018004662 0.0280914314 0.0383998202 0.0419278677 0.042061031 0.0376879508 0.0462767867 0.0307715278 0.0227415538 0.0314852117 0.0235814269 0.0292266998 0.0071465724 0.0290652864 0.0306371654 0.0 0.0197141509 0.0278926786 0.0238094245 0.0361059979 0.019089962 0.0126682567 0.0191983232 0.0106824266 0.0257022357
32 0.0144971046 0.0153498681 0.038568409 0.0250397378 0.0218305772 0.0345199369 0.0312031887 0.0285642525 0.0355934618 0.0139554382 0.0171828055 0.028899179 0.0414707046 0.0173400631 0.0240648175 0.0353530024 0.0174946098 0.0034233306 0.0391241789 0.0352865127 0.0218132926 0.0181835648 0.0191888901 0.042344504 0.0093991823 0.0116983328 0.0219059119 0.0317522236 0.0253272401 0.0080600922 0.0197141509 0.0 0.0314384791 0.030161347 0.0247075932 0.0256838217 0.0380836546 0.0374921548 0.0300097168 0.0342746685
33 0.0293751805 0.0275645217 0.0282572274 0.0028961884 0.0152685427 0.0255477282 0.0426169076 0.0223649451 0.0371580234 0.0316249592 0.0206901592 0.0091746363 0.0492895702 0.0135319284 0.0224236773 0.0229601976 0.0112865227 0.0320949609 0.0153576126 0.0300967871 0.0181600952 0.0186695822 0.0096756382 0.0358279538 0.0354335557 0.0229548753 0.0231667497 0.0290941291 0.0376541923 0.022622874 0.0278926786 0.0314384791 0.0 0.0091580924 0.0299209711 0.0353815195 0.0249962161 0.0422055699 0.0215161353 0.0346504161
34 0.0401405946 0.0204819203 0.0363535217 0.0393924634 0.027591065 0.0290266178 0.0094373283 0.0381776201 0.0432143841 0.0308995801 0.0274917783 0.0248443104 0.029749332 0.0390944711 0.0301174126 0.0294176596 0.0356295476 0.0322967884 0.0260879624 0.0101744117 0.0279303291 0.0026966827 0.0168428183 0.0171764277 0.0285657124 0.0298546878 0.0273450318 0.0278237575 0.0093761494 0.0167402828 0.0238094245 0.030161347 0.0091580924 0.0 0.0217249321 0.0377098122 0.0159116434 0.0195582918 0.0147744681 0.0232213395
35 0.018517985 0.0148878715 0.0299847955 0.0096799877 0.0184410496 0.0226734316 0.019265036 0.0103737661 0.0225457099 0.023410766 0.0395249135 0.0414190322 0.0400459013 0.0132227718 0.0277718886 0.0480227728 0.0375510616 0.0262148717 0.0124866874 0.0406545774 0.0179971009 0.030450462 0.0383904616 0.0212087657 0.0228762138 0.0237340441 0.0261191978 0.0221434628 0.012830064 0.0263854591 0.0361059979 0.0247075932 0.0299209711 0.0217249321 0.0 0.022110944 0.0240758171 0.0378834464 0.018523863 0.0261163257
36 0.0333742507 0.0193905433 0.0258094187 0.008528235 0.0125275931 0.0186598315 0.011167141 0.0394272102 0.0324850242 0.0295843508 0.0049016257 0.0315095436 0.0477311179 0.0238870769 0.0029465907 0.0127774723 0.0497516227 0.0067454255 0.0064723625 0.0321044555 0.023194368 0.0417394007 0.0283033798 0.0211324952 0.0218783589 0.0535472105 0.0155324483 0.0333554355 0.0189965911 0.024687717 0.019089962 0.0256838217 0.0353815195 0.0377098122 0.022110944 0.0 0.0370943531 0.0228294765 0.0307022548 0.0372495594
37 0.0289425896 0.0181995616 0.0245492984 0.0427577922 0.0182270548 0.0431996137 0.0085695333 0.0211793741 0.0197724315 0.0319272865 0.0293392745 0.041154359 0.0373772401 0.0196941536 0.0386505171 0.023229313 0.0061892323 0.0349164845 0.0380690774 0.0267577963 0.0247872131 0.0239078312 0.029186751 0.0273959891 0.0125217358 0.0215376822 0.0284834504 0.0204145911 0.0489060071 0.0318678929 0.0126682567 0.0380836546 0.0249962161 0.0159116434 0.0240758171 0.0370943531 0.0 0.0076433771 0.0127205721 0.0050949825
38 0.0051276548 0.0233462988 0.0301816627 0.0169496201 0.0173938826 0.0289451934 0.0410670574 0.0320607653 0.0282365406 0.033740596 0.027252603 0.033376032 0.0413476409 0.0251343347 0.029310214 0.0282507418 0.0275252877 0.0379832436 0.0231720006 0.0090531347 0.0267834177 0.0297194992 0.0242541177 0.016974793 0.0101345402 0.024998672 0.0218641654 0.0203257718 0.0348676704 0.0429576416 0.0191983232 0.0374921548 0.0422055699 0.0195582918 0.0378834464 0.0228294765 0.0076433771 0.0 0.0153928832 0.0054616833
39 0.043655104 0.0245369603 0.0285900462 0.0322383387 0.0296524144 0.0357652848 0.0356679234 0.0274193473 0.0091661145 0.0325986322 0.0390396454 0.0274514608 0.0165819916 0.0179414852 0.0238555911 0.0175802691 0.0284761206 0.0307293698 0.0300254189 0.0195405976 0.0239879879 0.0459482483 0.02738714 0.0083323267 0.0152014204 0.0379888779 0.0323419475 0.027169726 0.0396275432 0.0226885391 0.0106824266 0.0300097168 0.0215161353 0.0147744681 0.018523863 0.0307022548 0.0127205721 0.0153928832 0.0 0.014491807
40 0.0429100438 0.0250373008 0.0324618361 0.0217159424 0.0289415536 0.0154009875 0.0385155468 0.0204660333 0.0194048553 0.0286569559 0.0163614407 0.033700388 0.026522191 0.04736553 0.0309827178 0.0412300175 0.0233898149 0.0269145828 0.0148575765 0.0044627896 0.0263547107 0.0343255266 0.0227967616 0.0038612465 0.0305209187 0.0239895633 0.0108820633 0.0371578245 0.0271002039 0.0374500586 0.0257022357 0.0342746685 0.0346504161 0.0232213395 0.0261163257 0.0372495594 0.0050949825 0.0054616833 0.014491807 0.0
