40
1 0.0 0.0101965927 0.035093302 0.0346791679 0.0441379762 0.040196167 0.0140409648 0.0089745555 0.0216080309 0.0302670954 0.0355581285 0.0167991332 0.0262801788 0.0306364653 0.0144927228 0.0209073945 0.029954603 0.0262205222 0.0246627174 0.0164510984 0.0288679219 0.0221620642 0.0141695749 0.023132771 0.0150531366 0.0369888894 0.0406624343 0.0224481726 0.0134608497 0.0353445853 0.0352354975 0.0150902033 0.0181369907 0.0416400004 0.0439990613 0.0193823654 0.0095221115 0.021885607 0.0386368785 0.0230240679
2 0.0101965927 0.0 0.0284886445 0.028642684 0.0436646582 0.0398435876 0.0213957969 0.0325340331 0.0074098553 0.0150296178 0.0247821546 0.0301687473 0.0398713098 0.0205073687 0.0089210149 0.0489109369 0.0263191855 0.0199615018 0.0266268852 0.0221232418 0.0066657143 0.0489900005 0.0290001123 0.0043556658 0.0296903468 0.0293608483 0.0495844805 0.0057545233 0.0191847141 0.0296630462 0.0086808392 0.0094728796 0.0378428302 0.0322985935 0.0366100314 0.031202017 0.022653893 0.0097741702 0.0389533799 0.0248640972
3 0.035093302 0.0284886445 0.0 0.0292339398 0.0320844535 0.0215096256 0.0261144828 0.0285705839 0.0256010284 0.0167043352 0.0293770924 0.0130071313 0.0174863817 0.0185844927 0.044402995 0.0129182743 0.0290532468 0.0223306022 0.021705633 0.039222081 0.02312783 0.0185774759 0.0164924878 0.0308214859 0.0231352936 0.0241515086 0.0284587833 0.0225967957 0.0296366357 0.0202215734 0.028914119 0.0134128613 0.0281298597 0.0266717646 0.0433456389 0.0063851642 0.0283473783 0.0215172096 0.0314103728 0.0431574356
4 0.0346791679 0.028642684 0.0292339398 0.0 0.0227489839 0.0245933409 0.0123145192 0.0269642053 0.0418949531 0.0265202833 0.0225444905 0.02057159 0.0166981206 0.0315099402 0.0241566155 0.025166573 0.0352937429 0.029417074 0.0207557127 0.0321106017 0.0171039739 0.0201175268 0.0390945854 0.0251951833 0.0160006809 0.0342448832 0.0019411801 0.0097194956 0.0356833914 0.0229400619 0.0311633293 0.0238690891 0.0253512817 0.0157169831 0.0194807451 0.037941834 0.0324837372 0.0290509354 0.0284626943 0.0286218696
5 0.0441379762 0.0436646582 0.0320844535 0.0227489839 0.0 0.0311543868 0.0211787123 0.0374534519 0.0288445016 0.0061250113 0.0188002791 0.0160505966 0.0268847118 0.0254984209 0.0377053238 0.0355085412 0.0063850593 0.0235260379 0.0381420127 0.0302434189 0.0215176166 0.0262554639 0.0251411208 0.0017145489 0.0120449421 0.0161729842 0.01957152 0.0318946752 0.03155285 0.0507983781 0.0186016655 0.0223507285 0.0076483849 0.0154314782 0.0142893885 0.0351297673 0.0286633501 0.0357822108 0.0214127577 0.0378896307
6 0.040196167 0.0398435876 0.0215096256 0.0245933409 0.0311543868 0.0 0.0381326489 0.0283003971 0.027942828 0.0424296845 0.0273625774 0.0212978207 0.009150619 0.0193241185 0.0118263914 0.0265629877 0.0148599617 0.0279676109 0.0208788825 0.0355408144 0.0356302003 0.0156872196 0.0252601993 0.0121426993 0.0139081377 0.0129255444 0.019530955 0.0146175357 0.0442878708 0.028002603 0.0245548069 0.021534596 0.0225615316 0.0230547814 0.023773873 0.0312180002 0.0315181511 0.0268419372 0.0251585188 0.0389163884
7 0.0140409648 0.0213957969 0.0261144828 0.0123145192 0.0211787123 0.0381326489 0.0 0.0189601296 0.0202430472 0.0296525861 0.0244429332 0.0271379864 0.0276177659 0.0385911995 0.0272086361 0.0170179311 0.0189669898 0.0383565279 0.0273941347 0.0308056004 0.0104979998 0.023946232 0.0411570877 0.0432603073 0.0215892887 0.0205844171 0.0092911913 0.0311377406 0.0306787105 0.0039831281 0.0271544508 0.0318102775 0.0414016009 0.0103552576 0.0291252003 0.0252069506 0.0431433648 0.0201670854 0.0198256994 0.0361114167
8 0.0089745555 0.0325340331 0.0285705839 0.0269642053 0.0374534519 0.0283003971 0.0189601296 0.0 0.0200957656 0.0310764759 0.0240717362 0.0283321006 0.0425220275 0.0245253218 0.0175925179 0.035151687 0.019991492 0.0099043913 0.0372049474 0.021116643 0.0273453408 0.0412716965 0.0159981722 0.0405167891 0.0277703894 0.0306742979 0.0318900422 0.0264628919 0.0071477431 0.0218410779 0.0273609041 0.0266607709 0.0245770975 0.009394683 0.0226347306 0.0173990276 0.0362286512 0.0289124673 0.0074179651 0.0351527992
9 0.0216080309 0.0074098553 0.0256010284 0.0418949531 0.0288445016 0.027942828 0.0202430472 0.0200957656 0.0 0.0338115793 0.0504793217 0.02333316 0.0309423786 0.0380542363 0.0394725218 0.0119423999 0.0142815455 0.0179512334 0.0077236668 0.0129660334 0.0366003254 0.0193380651 0.0118380267 0.0212584283 0.0205183248 0.0416507845 0.0322714935 0.0259380391 0.0216773822 0.0322438092 0.0458237102 0.0159759516 0.0108995367 0.0124422481 0.0372500918 0.0327123963 0.0374910601 0.0134179954 0.0266071454 0.029447099
10 0.0302670954 0.0150296178 0.0167043352 0.0265202833 0.0061250113 0.0424296845 0.0296525861 0.0310764759 0.0338115793 0.0 0.0286400599 0.0341496386 0.025533233 0.0243880917 0.0188073744 0.0333577723 0.0294641866 0.024828261 0.0436890433 0.0236314147 0.025312284 0.0253064273 0.0216616669 0.0334749157 0.0289492707 0.02554385 0.0115656031 0.0199804167 0.0155441396 0.0318295353 0.0360219138 0.0351613691 0.0194056217 0.0272345783 0.0136333402 0.0089699707 0.0155794123 0.049215266 0.0251451075 0.0123595668
11 0.0355581285 0.0247821546 0.0293770924 0.0225444905 0.0188002791 0.0273625774 0.0244429332 0.0240717362 0.0504793217 0.0286400599 0.0 0.0252019321 0.0185681862 0.0324004182 0.0139960093 0.0246818174 0.0238357291 0.0133406434 0.040532366 0.024489952 0.0192976567 0.0278879361 0.0278001726 0.0244942059 0.0088872059 0.0205328645 0.0357736257 0.0279187616 0.0445399725 0.032723794 0.0178557228 0.0348242239 0.0171509054 0.0035382276 0.0188819461 0.0292713241 0.0237062067 0.0280136987 0.0422121754 0.0115835463
12 0.0167991332 0.0301687473 0.0130071313 0.02057159 0.0160505966 0.0212978207 0.0271379864 0.0283321006 0.02333316 0.0341496386 0.0252019321 0.0 0.04225406 0.0273944717 0.0077177485 0.016413022 0.0321537418 0.0161467335 0.0164837134 0.0375354686 0.0221048923 0.0078864858 0.0187990164 0.0331786474 0.0418244521 0.0229722257 0.0336777464 0.0139696075 0.0371436323 0.0205574521 0.0410166107 0.0272220261 0.0203960348 0.0214570541 0.0432865233 0.0247823839 0.0223775742 0.0470570853 0.0149288938 0.0332128596
13 0.0262801788 0.0398713098 0.0174863817 0.0166981206 0.0268847118 0.009150619 0.0276177659 0.0425220275 0.0309423786 0.025533233 0.0185681862 0.04225406 0.0 0.0303888805 0.0263669702 0.0215000475 0.0018204881 0.0254454797 0.0195600879 0.0331127268 0.0266644389 0.0359324603 0.0459209929 0.0275601036 0.0170912437 0.0297324352 0.0077299564 0.0162278954 0.020542552 0.0340678941 0.0223757477 0.0428487544 0.0278805747 0.0417346683 0.0247460304 0.020905398 0.0084223595 0.0337417999 0.0036380778 0.0302329631
14 0.0306364653 0.0205073687 0.0185844927 0.0315099402 0.0254984209 0.0193241185 0.0385911995 0.0245253218 0.0380542363 0.0243880917 0.0324004182 0.0273944717 0.0303888805 0.0 0.0139943656 0.0279552915 0.0219884476 0.0367069804 0.0159974893 0.0227878207 0.0265042322 0.026652831 0.0149812787 0.0308611773 0.032413443 0.0363757726 0.0210511555 0.0091795864 0.0240114623 0.0064893883 0.0293292812 0.0289554405 0.0245156858 0.0298780724 0.0253653274 0.0356780371 0.0272292762 0.0279032385 0.0167368288 0.0246546636
15 0.0144927228 0.0089210149 0.044402995 0.0241566155 0.0377053238 0.0118263914 0.0272086361 0.0175925179 0.0394725218 0.0188073744 0.0139960093 0.0077177485 0.0263669702 0.0139943656 0.0 0.0239016667 0.0448882912 0.0363348014 0.0327708801 0.0263568063 0.0333975941 0.029737543 0.013408987 0.0336316862 0.0265378003 0.0388541469 0.0345859082 0.0258478913 0.0193992762 0.0248016904 0.037683867 0.0158014266 0.0021996345 0.0360039147 0.0312687643 0.0248280903 0.0316878428 0.0224928924 0.0430714951 0.0038458955
16 0.0209073945 0.0489109369 0.0129182743 0.025166573 0.0355085412 0.0265629877 0.0170179311 0.035151687 0.0119423999 0.0333577723 0.0246818174 0.016413022 0.0215000475 0.0279552915 0.0239016667 0.0 0.029966051 0.0139948567 0.0383056716 0.0366837169 0.0280307145 0.0133136485 0.0140476527 0.0247350224 0.024033094 0.0214969634 0.0214695302 0.0345807369 0.0250824154 0.0186765282 0.0254249196 0.0198251253 0.0395718825 0.0357853289 0.0187844733 0.0357947775 0.0128549118 0.0286097381 0.0337513613 0.0232845367
17 0.029954603 0.0263191855 0.0290532468 0.0352937429 0.0063850593 0.0148599617 0.0189669898 0.019991492 0.0142815455 0.0294641866 0.0238357291 0.0321537418 0.0018204881 0.0219884476 0.0448882912 0.029966051 0.0 0.0205782969 0.0345129326 0.0264172212 0.0219357113 0.0162515244 0.0401177197 0.038167409 0.0324705935 0.0210873269 0.0278433815 0.0256742084 0.0319167222 0.0210514665 0.0224432845 0.0452715871 0.0447717752 0.0195691028 0.0247215333 0.0103063445 0.0239635713 0.0335796663 0.0141792221 0.023946637
18 0.0262205222 0.0199615018 0.0223306022 0.029417074 0.0235260379 0.0279676109 0.0383565279 0.0099043913 0.0179512334 0.024828261 0.0133406434 0.0161467335 0.0254454797 0.0367069804 0.0363348014 0.0139948567 0.0205782969 0.0 0.0276586999 0.0249181556 0.023918117 0.0139032279 0.0152092944 0.0356390254 0.0337229252 0.0385833517 0.0219743361 0.0391323253 0.0346575919 0.0353971475 0.0162245864 0.0225325993 0.0280036203 0.008770502 0.0206592016 0.0436969554 0.0304119268 0.0338262248 0.0206837114 0.0274649196
19 0.0246627174 0.0266268852 0.021705633 0.0207557127 0.0381420127 0.0208788825 0.0273941347 0.0372049474 0.0077236668 0.0436890433 0.040532366 0.0164837134 0.0195600879 0.0159974893 0.0327708801 0.0383056716 0.0345129326 0.0276586999 0.0 0.037935426 0.0074726299 0.0299584726 0.0241845012 0.0024188941 0.0386855456 0.0117200985 0.039243186 0.0274915482 0.0201458509 0.0236033217 0.0261890839 0.0320956878 0.0183503174 0.0094329103 0.010246495 0.0345497293 0.0246513047 0.0406173943 0.0300762742 0.0163258518
20 0.0164510984 0.0221232418 0.039222081 0.0321106017 0.0302434189 0.0355408144 0.0308056004 0.021116643 0.0129660334 0.0236314147 0.024489952 0.0375354686 0.0331127268 0.0227878207 0.0263568063 0.0366837169 0.0264172212 0.0249181556 0.037935426 0.0 0.0090705459 0.0227073145 0.0076837176 0.0205565834 0.0327943092 0.0384338638 0.0192109595 0.0174246474 0.0242208028 0.0252534349 0.0251660137 0.0304067818 0.0288271525 0.0455091043 0.0158922042 0.0341388762 0.0090068498 0.0097060303 0.0216602672 0.0278822993
21 0.0288679219 0.0066657143 0.02312783 0.0171039739 0.0215176166 0.0356302003 0.0104979998 0.0273453408 0.0366003254 0.025312284 0.0192976567 0.0221048923 0.0266644389 0.0265042322 0.0333975941 0.0280307145 0.0219357113 0.023918117 0.0074726299 0.0090705459 0.0 0.0380467525 0.031994219 0.0407240897 0.0289487715 0.0350878166 0.0107170913 0.0336372466 0.0265618739 0.0265516882 0.0204823009 0.0149723758 0.0168913893 0.0389775769 0.0378547648 0.0350929073 0.0331116178 0.0178855767 0.0373977829 0.0239984186
22 0.0221620642 0.0489900005 0.0185774759 0.0201175268 0.0262554639 0.0156872196 0.023946232 0.0412716965 0.0193380651 0.0253064273 0.0278879361 0.0078864858 0.0359324603 0.026652831 0.029737543 0.0133136485 0.0162515244 0.0139032279 0.0299584726 0.0227073145 0.0380467525 0.0 0.0251975682 0.0390695474 0.0339802899 0.0251801431 0.0349899998 0.0245493789 0.0225467904 0.0209170562 0.0514181828 0.0198548533 0.0364233197 0.0194065184 0.0195049152 0.0161732614 0.0298014804 0.027989261 0.0180739468 0.0109931188
23 0.0141695749 0.0290001123 0.0164924878 0.0390945854 0.0251411208 0.0252601993 0.0411570877 0.0159981722 0.0118380267 0.0216616669 0.0278001726 0.0187990164 0.0459209929 0.0149812787 0.013408987 0.0140476527 0.0401177197 0.0152092944 0.0241845012 0.0076837176 0.031994219 0.0251975682 0.0 0.0308596798 0.0276365433 0.040814207 0.0262902378 0.0251225555 0.0242259402 0.0248879246 0.0407647167 0.0262090556 0.0316654483 0.0283919533 0.0374821688 0.0115306807 0.0266570376 0.0272798984 0.0306076494 0.0204161489
24 0.023132771 0.0043556658 0.0308214859 0.0251951833 0.0017145489 0.0121426993 0.0432603073 0.0405167891 0.0212584283 0.0334749157 0.0244942059 0.0331786474 0.0275601036 0.0308611773 0.0336316862 0.0247350224 0.038167409 0.0356390254 0.0024188941 0.0205565834 0.0407240897 0.0390695474 0.0308596798 0.0 0.0252836535 0.0154574025 0.0401143555 0.0167696092 0.0152021147 0.0194566505 0.0022893983 0.0288002811 0.035488862 0.0359138255 0.0069050656 0.0431348923 0.0413514292 0.0114868848 0.027624275 0.0169524338
25 0.0150531366 0.0296903468 0.0231352936 0.0160006809 0.0120449421 0.0139081377 0.0215892887 0.0277703894 0.0205183248 0.0289492707 0.0088872059 0.0418244521 0.0170912437 0.032413443 0.0265378003 0.024033094 0.0324705935 0.0337229252 0.0386855456 0.0327943092 0.0289487715 0.0339802899 0.0276365433 0.0252836535 0.0 0.018248557 0.019353628 0.0222546729 0.0219035275 0.0325049401 0.0294432285 0.0319180013 0.0199958917 0.0235285666 0.0137627539 0.0220387842 0.0394343231 0.0222820959 0.0351918312 0.0351695161
26 0.0369888894 0.0293608483 0.0241515086 0.0342448832 0.0161729842 0.0129255444 0.0205844171 0.0306742979 0.0416507845 0.02554385 0.0205328645 0.0229722257 0.0297324352 0.0363757726 0.0388541469 0.0214969634 0.0210873269 0.0385833517 0.0117200985 0.0384338638 0.0350878166 0.0251801431 0.040814207 0.0154574025 0.018248557 0.0 0.0115249577 0.0175278493 0.015143716 0.0253084446 0.0425527461 0.0145342546 0.0142342469 0.0075703706 0.0286141629 0.0106213813 0.025935348 0.0451983203 0.0301912574 0.0241677614
27 0.0406624343 0.0495844805 0.0284587833 0.0019411801 0.01957152 0.019530955 0.0092911913 0.0318900422 0.0322714935 0.0115656031 0.0357736257 0.0336777464 0.0077299564 0.0210511555 0.0345859082 0.0214695302 0.0278433815 0.0219743361 0.039243186 0.0192109595 0.0107170913 0.0349899998 0.0262902378 0.0401143555 0.019353628 0.0115249577 0.0 0.0299643673 0.0044362469 0.0278098685 0.0061896393 0.0300328673 0.0522511149 0.0316291102 0.0408927655 0.0246568142 0.025613352 0.0413366124 0.00970813 0.0251613727
28 0.0224481726 0.0057545233 0.0225967957 0.0097194956 0.0318946752 0.0146175357 0.0311377406 0.0264628919 0.0259380391 0.0199804167 0.0279187616 0.0139696075 0.0162278954 0.0091795864 0.0258478913 0.0345807369 0.0256742084 0.0391323253 0.0274915482 0.0174246474 0.0336372466 0.0245493789 0.0251225555 0.0167696092 0.0222546729 0.0175278493 0.0299643673 0.0 0.0406982155 0.0284389813 0.0501504664 0.0220117734 0.0439872253 0.0279804688 0.0289844233 0.0414129858 0.0228067462 0.0380521139 0.0206743217 0.0169791042
29 0.0134608497 0.0191847141 0.0296366357 0.0356833914 0.03155285 0.0442878708 0.0306787105 0.0071477431 0.0216773822 0.0155441396 0.0445399725 0.0371436323 0.020542552 0.0240114623 0.0193992762 0.0250824154 0.0319167222 0.0346575919 0.0201458509 0.0242208028 0.0265618739 0.0225467904 0.0242259402 0.0152021147 0.0219035275 0.015143716 0.0044362469 0.0406982155 0.0 0.0231259019 0.0113063842 0.0430454959 0.0405844552 0.0405721602 0.033594295 0.0158525878 0.0116697938 0.0136385403 0.0306541088 0.034723286
30 0.0353445853 0.0296630462 0.0202215734 0.0229400619 0.0507983781 0.028002603 0.0039831281 0.0218410779 0.0322438092 0.0318295353 0.032723794 0.0205574521 0.0340678941 0.0064893883 0.0248016904 0.0186765282 0.0210514665 0.0353971475 0.0236033217 0.0252534349 0.0265516882 0.0209170562 0.0248879246 0.0194566505 0.0325049401 0.0253084446 0.0278098685 0.0284389813 0.0231259019 0.0 0.0310112888 0.0225376668 0.0206626966 0.0254962153 0.0462287974 0.0298571441 0.0126519123 0.011222032 0.0410941083 0.0107467664
31 0.0352354975 0.0086808392 0.028914119 0.0311633293 0.0186016655 0.0245548069 0.0271544508 0.0273609041 0.0458237102 0.0360219138 0.0178557228 0.0410166107 0.0223757477 0.0293292812 0.037683867 0.0254249196 0.0224432845 0.0162245864 0.0261890839 0.0251660137 0.0204823009 0.0514181828 0.0407647167 0.0022893983 0.0294432285 0.0425527461 0.0061896393 0.0501504664 0.0113063842 0.0310112888 0.0 0.0220417857 0.0045234196 0.02289557 0.0123631606 0.0225211144 0.0184795506 0.0277970417 0.0207183724 0.0158312788
32 0.0150902033 0.0094728796 0.0134128613 0.0238690891 0.0223507285 0.021534596 0.0318102775 0.0266607709 0.0159759516 0.0351613691 0.0348242239 0.0272220261 0.0428487544 0.0289554405 0.0158014266 0.0198251253 0.0452715871 0.0225325993 0.0320956878 0.0304067818 0.0149723758 0.0198548533 0.0262090556 0.0288002811 0.0319180013 0.0145342546 0.0300328673 0.0220117734 0.0430454959 0.0225376668 0.0220417857 0.0 0.0289641767 0.0153062756 0.0152886953 0.0411566592 0.031168554 0.0306656436 0.0236416807 0.0227275242
33 0.0181369907 0.0378428302 0.0281298597 0.0253512817 0.0076483849 0.0225615316 0.0414016009 0.0245770975 0.0108995367 0.0194056217 0.0171509054 0.0203960348 0.0278805747 0.0245156858 0.0021996345 0.0395718825 0.0447717752 0.0280036203 0.0183503174 0.0288271525 0.0168913893 0.0364233197 0.0316654483 0.035488862 0.0199958917 0.0142342469 0.0522511149 0.0439872253 0.0405844552 0.0206626966 0.0045234196 0.0289641767 0.0 0.0215458057 0.0117318751 0.0067321725 0.0322235801 0.041805817 0.0306243346 0.0220418499
34 0.0416400004 0.0322985935 0.0266717646 0.0157169831 0.0154314782 0.0230547814 0.0103552576 0.009394683 0.0124422481 0.0272345783 0.0035382276 0.0214570541 0.0417346683 0.0298780724 0.0360039147 0.0357853289 0.0195691028 0.008770502 0.0094329103 0.0455091043 0.0389775769 0.0194065184 0.0283919533 0.0359138255 0.0235285666 0.0075703706 0.0316291102 0.0279804688 0.0405721602 0.0254962153 0.02289557 0.0153062756 0.0215458057 0.0 0.0442912013 0.0292592001 0.0181983567 0.0240555742 0.0397825701 0.039279427
35 0.0439990613 0.0366100314 0.0433456389 0.0194807451 0.0142893885 0.023773873 0.0291252003 0.0226347306 0.0372500918 0.0136333402 0.0188819461 0.0432865233 0.0247460304 0.0253653274 0.0312687643 0.0187844733 0.0247215333 0.0206592016 0.010246495 0.0158922042 0.0378547648 0.0195049152 0.0374821688 0.0069050656 0.0137627539 0.0286141629 0.0408927655 0.0289844233 0.033594295 0.0462287974 0.0123631606 0.0152886953 0.0117318751 0.0442912013 0.0 0.0089998838 0.034691736 0.0087575633 0.020344406 0.0317127661
36 0.0193823654 0.031202017 0.0063851642 0.037941834 0.0351297673 0.0312180002 0.0252069506 0.0173990276 0.0327123963 0.0089699707 0.0292713241 0.0247823839 0.020905398 0.0356780371 0.0248280903 0.0357947775 0.0103063445 0.0436969554 0.0345497293 0.0341388762 0.0350929073 0.0161732614 0.0115306807 0.0431348923 0.0220387842 0.0106213813 0.0246568142 0.0414129858 0.0158525878 0.0298571441 0.0225211144 0.0411566592 0.0067321725 0.0292592001 0.0089998838 0.0 0.0334298922 0.0128220804 0.0240098793 0.0311982695
37 0.0095221115 0.022653893 0.0283473783 0.0324837372 0.0286633501 0.0315181511 0.0431433648 0.0362286512 0.0374910601 0.0155794123 0.0237062067 0.0223775742 0.0084223595 0.0272292762 0.0316878428 0.0128549118 0.0239635713 0.0304119268 0.0246513047 0.0090068498 0.0331116178 0.0298014804 0.0266570376 0.0413514292 0.0394343231 0.025935348 0.025613352 0.0228067462 0.0116697938 0.0126519123 0.0184795506 0.031168554 0.0322235801 0.0181983567 0.034691736 0.0334298922 0.0 0.0065694593 0.0138895874 0.04237331
38 0.021885607 0.0097741702 0.0215172096 0.0290509354 0.0357822108 0.0268419372 0.0201670854 0.0289124673 0.0134179954 0.049215266 0.0280136987 0.0470570853 0.0337417999 0.0279032385 0.0224928924 0.0286097381 0.0335796663 0.0338262248 0.0406173943 0.0097060303 0.0178855767 0.027989261 0.0272798984 0.0114868848 0.0222820959 0.0451983203 0.0413366124 0.0380521139 0.0136385403 0.011222032 0.0277970417 0.0306656436 0.041805817 0.0240555742 0.0087575633 0.0128220804 0.0065694593 0.0 0.0136483296 0.0153945022
39 0.0386368785 0.0389533799 0.0314103728 0.0284626943 0.0214127577 0.0251585188 0.0198256994 0.0074179651 0.0266071454 0.0251451075 0.0422121754 0.0149288938 0.0036380778 0.0167368288 0.0430714951 0.0337513613 0.0141792221 0.0206837114 0.0300762742 0.0216602672 0.0373977829 0.0180739468 0.0306076494 0.027624275 0.0351918312 0.0301912574 0.00970813 0.0206743217 0.0306541088 0.0410941083 0.0207183724 0.0236416807 0.0306243346 0.0397825701 0.020344406 0.0240098793 0.0138895874 0.0136483296 0.0 0.0281546019
40 0.0230240679 0.0248640972 0.0431574356 0.0286218696 0.0378896307 0.0389163884 0.0361114167 0.0351527992 0.029447099 0.0123595668 0.0115835463 0.0332128596 0.0302329631 0.0246546636 0.0038458955 0.0232845367 0.023946637 0.0274649196 0.0163258518 0.0278822993 0.0239984186 0.0109931188 0.0204161489 0.0169524338 0.0351695161 0.0241677614 0.0251613727 0.0169791042 0.034723286 0.0107467664 0.0158312788 0.0227275242 0.0220418499 0.039279427 0.0317127661 0.0311982695 0.04237331 0.0153945022 0.0281546019 0.0
