60
1 0.0 0.0156807198 0.0051779754 0.0162978155 0.0296442492 0.0278115356 0.0097291312 0.0158914459 0.0189904065 0.0125555653 0.0251919692 0.003428932 0.0265090052 0.0167155199 0.0262038098 0.0137727124 0.0187210525 0.0206477588 0.0225180062 0.0082809274 0.0043593177 0.0173609129 0.0212446468 0.0093344853 0.0154778818 0.0198566111 0.0136872973 0.0210186374 0.0274409126 0.0161648996 0.0121810644 0.0158322296 0.0138444557 0.0172769658 0.0198376046 0.0256902198 0.0152010252 0.0045173287 0.0183277533 0.0219162554 0.0093062643 0.0188939503 0.011213688 0.021614078 0.0181032391 0.0072928905 0.0035167906 0.0229923334 0.0195019365 0.0129579747 0.0197524453 0.0210276218 0.0252763088 0.0208826399 0.0151076802 0.0191228786 0.0165807518 0.0308159381 0.006747689 0.0149538582
2 0.0156807198 0.0 0.0182319291 0.0045460861 0.0201175792 0.0156766257 0.0022244655 0.0186530468 0.0174382331 0.010533711 0.0184360676 0.0175151932 0.0173840963 0.0153520341 0.0160076116 0.0245053617 0.0079639944 0.0339912756 0.0205517158 0.0196963695 0.0196386948 0.0142504748 0.0205522559 0.0196062618 0.0148509055 0.0170134925 0.0255970411 0.0260695621 0.0042160064 0.0157179301 0.0053440776 0.0199023609 0.0218005331 0.0217883804 0.0222666296 0.0143280074 0.0177077205 0.0087393802 0.0186513029 0.0053995312 0.0072175089 0.0198420031 0.0166691745 0.0166178724 0.0108507429 0.0149472658 0.023483631 0.024093195 0.0128368954 0.0193386116 0.0281592969 0.0162985885 0.0255463715 0.0238909581 0.0177673033 0.0219616001 0.0119163111 0.0186997867 0.0129860206 0.0089301978
3 0.0051779754 0.0182319291 0.0 0.0132053874 0.0177787223 0.0136047654 0.0102085637 0.0091031134 0.0071533031 0.0126203276 0.0137648621 0.0253610711 0.0188504118 0.0222992198 0.0219268371 0.0110822088 0.0167923644 0.0224944965 0.0180446641 0.0104439886 0.0140453883 0.0216895531 0.018951479 0.0103001042 0.0271999686 0.0145750272 0.014565865 0.0201039209 0.0166135425 0.0201176257 0.0078011853 0.0132174093 0.0217167787 0.0232651903 0.0251121761 0.0175663567 0.0287799241 0.0278456732 0.0173637666 0.0121409257 0.0030754895 0.0159328843 0.016957369 0.0246317962 0.0226028112 0.0139711569 0.0087490006 0.0255424193 0.0274571207 0.0166378488 0.0170566211 0.0193270703 0.0152509088 0.0213163251 0.0212133126 0.0178995687 0.0230173524 0.003927459 0.0104712288 0.0138461848
4 0.0162978155 0.0045460861 0.0132053874 0.0 0.005272943 0.0151346416 0.0218241619 0.0178266319 0.0176655851 0.0210249022 0.0119885672 0.0097752802 0.0191010678 0.0128873044 0.0121384564 0.0229274388 0.0192967991 0.0226326077 0.0181220587 0.0021316237 0.0174505874 0.0203120915 0.0194662111 0.0300438222 0.025640376 0.006199848 0.005947137 0.0184799762 0.024140307 0.0129120608 0.0248924062 0.0226715107 0.0246687357 0.0102383825 0.0173446778 0.0164528679 0.0270440631 0.0124398376 0.0063513884 0.0246345592 0.01717453 0.0186615929 0.0193672208 0.0166733696 0.021246115 0.0118847357 0.0178146382 0.0153691058 0.0097465847 0.0136916311 0.0264786256 0.0117248051 0.0199813346 0.0209578177 0.017279904 0.0271857177 0.0089437662 0.0151428217 0.0170111738 0.0225343049
5 0.0296442492 0.0201175792 0.0177787223 0.005272943 0.0 0.022155955 0.0051863912 0.0215389731 0.0155791995 0.0071524661 0.0043625449 0.0266361841 0.0188771844 0.0127649226 0.0135413529 0.0049189638 0.0090493485 0.0234488457 0.0279043952 0.0185168618 0.0184039592 0.0178776005 0.0133976145 0.0056861596 0.0147977636 0.026658085 0.0218605994 0.0283440012 0.0128288966 0.0172830715 0.0149568292 0.0080483013 0.0085536697 0.0262401054 0.0165943553 0.0225580442 0.0063582961 0.0130551995 0.0248541693 0.0084691256 0.0195952743 0.0281272862 0.0207959179 0.0243077742 0.0140435605 0.0252137075 0.0242146719 0.0198384806 0.0027617393 0.0112495653 0.0194023669 0.0141233657 0.0251371468 0.0170231952 0.0096305928 0.0173082637 0.0313844132 0.0042897909 0.020100141 0.0201798168
6 0.0278115356 0.0156766257 0.0136047654 0.0151346416 0.022155955 0.0 0.017405358 0.0260481528 0.0228990271 0.0094030338 0.0030212506 0.0122558656 0.0191479269 0.0285575366 0.0281437939 0.0164851224 0.0193586933 0.0179284644 0.0284166224 0.0050706905 0.0280690187 0.0075262479 0.020287637 0.0130956945 0.0288204173 0.0120932119 0.0072920195 0.0140317778 0.0120418746 0.0080044821 0.0224882694 0.0192692783 0.0255121863 0.0147324307 0.0306583907 0.0235552563 0.0209286817 0.0017414732 0.0103471153 0.0309054755 0.0106075606 0.0160101085 0.0076863942 0.0248338666 0.0181722618 0.0094395881 0.0202822843 0.0230191374 0.0175613117 0.0255073979 0.0116288983 0.0151266749 0.0065529473 0.0199832623 0.0132903304 0.0188272429 0.0091308413 0.0146335787 0.0132375628 0.0045427498
7 0.0097291312 0.0022244655 0.0102085637 0.0218241619 0.0051863912 0.017405358 0.0 0.0280302723 0.0163681632 0.0294088287 0.0144646473 0.0028498971 0.0071779637 0.0264878633 0.0065993283 0.0194328853 0.0106546268 0.004667768 0.0196686582 0.0236416694 0.0070950073 0.0277865067 0.014344714 0.0128408526 0.0182519394 0.0277742296 0.0069900355 0.0240928437 0.0083680793 0.0237965252 0.0183468654 0.0230409682 0.0260266403 0.0081541595 0.0198400043 0.0221776904 0.0160802788 0.0271312066 0.0180187247 0.0142925132 0.0160634827 0.0088819148 0.0245086802 0.0119765688 0.0174630803 0.0253072141 0.0181887223 0.0106789391 0.0282100728 0.0293722963 0.0032685307 0.013794839 0.02730703 0.0108316762 0.0187948712 0.0178831575 0.0137562519 0.0210064031 0.0125881929 0.0296376485
8 0.0158914459 0.0186530468 0.0091031134 0.0178266319 0.0215389731 0.0260481528 0.0280302723 0.0 0.0164370641 0.0151453904 0.0292535246 0.020522446 0.0233240199 0.0186442139 0.0138864666 0.0147755732 0.0252093312 0.0083789535 0.0144330685 0.0162290743 0.0171620844 0.0069644508 0.0241482474 0.0244007917 0.0256324201 0.0101613555 0.0171235132 0.0206068291 0.0065618365 0.0133582223 0.0088944949 0.0105043275 0.0178637676 0.0110631281 0.0175020334 0.0173824534 0.0240246786 0.0069570083 0.0030325945 0.0088889148 0.0229218026 0.0169911908 0.0256587402 0.0063378161 0.0167558736 0.0217127416 0.0185482379 0.0192860785 0.0179300132 0.0178048779 0.0247117644 0.0159995693 0.0248430868 0.024705796 0.0100602127 0.0067443075 0.0147385067 0.0248945618 0.0130002966 0.0107906113
9 0.0189904065 0.0174382331 0.0071533031 0.0176655851 0.0155791995 0.0228990271 0.0163681632 0.0164370641 0.0 0.0047616327 0.0173979399 0.0182948281 0.0170866045 0.0110945714 0.0122263092 0.0205371702 0.0237888022 0.0195032118 0.017705707 0.0031180807 0.0223991542 0.0200879591 0.0092776805 0.0109200472 0.0139815193 0.0236375536 0.0130747827 0.0167576988 0.0044190892 0.0157295722 0.0131361242 0.0146797716 0.018364794 0.0129106663 0.0133001006 0.0173845315 0.0143615682 0.0254761487 0.0228166733 0.0162962066 0.0114198063 0.0197296819 0.0207626473 0.0273583518 0.0190906353 0.019733432 0.0233476113 0.0173740862 0.0244663952 0.0140534308 0.0286289926 0.0240743474 0.0163800385 0.0157508812 0.0132632486 0.0197407947 0.0043720402 0.0188197936 0.0193484926 0.0252278119
10 0.0125555653 0.010533711 0.0126203276 0.0210249022 0.0071524661 0.0094030338 0.0294088287 0.0151453904 0.0047616327 0.0 0.0156572046 0.0145443314 0.0108677721 0.0158566257 0.0273496644 0.0296751345 0.0189657445 0.0097385634 0.0186753586 0.0211733527 0.0179077524 0.020080326 0.0131412649 0.0101831427 0.0120798047 0.0252195135 0.0159832926 0.0119765631 0.02076075 0.0224877403 0.0159671668 0.0206925081 0.024402745 0.016327954 0.0090995484 0.0236647058 0.0230327503 0.0194743353 0.0143353746 0.0121685867 0.0217651006 0.0063163367 0.02597726 0.0173373961 0.0179173015 0.0145346553 0.0206559246 0.0123336339 0.0228898792 0.0165952853 0.0208626283 0.0184706301 0.0120257909 0.0085588355 0.0148443075 0.0174619441 0.0226869029 0.0230554202 0.01800694 0.0136083927
11 0.0251919692 0.0184360676 0.0137648621 0.0119885672 0.0043625449 0.0030212506 0.0144646473 0.0292535246 0.0173979399 0.0156572046 0.0 0.0056635215 0.0326797054 0.0189771655 0.0140752108 0.0102414409 0.0238688771 0.0351204789 0.005394103 0.0165676821 0.0087945977 0.015019833 0.0266904891 0.0103453457 0.0248890432 0.0069283908 0.0023145004 0.0079659212 0.0256224032 0.0041544168 0.0172200178 0.0176438822 0.0174753159 0.0158607434 0.0168496832 0.0083767996 0.0284483074 0.0198876529 0.0186453844 0.0094209908 0.0224577795 0.0246183987 0.0229272498 0.0081228589 0.0180218244 0.0181728247 0.0298505222 0.0268541454 0.0165628167 0.0215882714 0.0228746944 0.0275897602 0.0302908395 0.0133958934 0.0061592523 0.0175392136 0.0209444116 0.0123494963 0.0092449591 0.0117543056
12 0.003428932 0.0175151932 0.0253610711 0.0097752802 0.0266361841 0.0122558656 0.0028498971 0.020522446 0.0182948281 0.0145443314 0.0056635215 0.0 0.0184255917 0.0089017234 0.0284117719 0.0142782759 0.0271706844 0.0113160746 0.0216787603 0.0217033694 0.0231919685 0.0236692597 0.0229612296 0.0206125236 0.0140124677 0.0221336505 0.0127148193 0.0316949824 0.0165054594 0.0075268678 0.0152799173 0.0038197402 0.0113540385 0.0107067237 0.0206158165 0.0247231174 0.0019234271 0.026098909 0.0295461422 0.0021718983 0.0190572338 0.030595454 0.0218100087 0.0168087592 0.005413215 0.0230820761 0.010786167 0.0238839817 0.0252092222 0.022867677 0.007077477 0.0041479847 0.00315378 0.0105736441 0.0381622388 0.0208287431 0.0233365992 0.0077961129 0.0157710096 0.0196418551
13 0.0265090052 0.0173840963 0.0188504118 0.0191010678 0.0188771844 0.0191479269 0.0071779637 0.0233240199 0.0170866045 0.0108677721 0.0326797054 0.0184255917 0.0 0.0207835969 0.0052691787 0.0036451799 0.0206887728 0.0316193033 0.0215604913 0.0188779509 0.0156497643 0.0253239692 0.003789902 0.0140960977 0.0059640849 0.0173340229 0.011932136 0.0184000526 0.0224915529 0.0144175209 0.0134176336 0.0137808128 0.0171897956 0.0143220689 0.0163419432 0.0167029532 0.0184619994 0.0185395055 0.0071955702 0.016202585 0.0288043716 0.0136355151 0.0166623584 0.0100729614 0.0107051627 0.0190064833 0.0182254117 0.008515464 0.0239407163 0.0242392492 0.0142809325 0.0182477779 0.0210475081 0.0185186505 0.0137995537 0.0178553822 0.0184560609 0.0126081984 0.0262898564 0.0116585912
14 0.0167155199 0.0153520341 0.0222992198 0.0128873044 0.0127649226 0.0285575366 0.0264878633 0.0186442139 0.0110945714 0.0158566257 0.0189771655 0.0089017234 0.0207835969 0.0 0.022070648 0.0120306449 0.0235934341 0.0119067504 0.010073266 0.0250175214 0.0203488929 0.0185565176 0.0127549729 0.024868936 0.0184941892 0.0217605517 0.0130948576 0.0153239628 0.0104440539 0.0228304419 0.0201450034 0.029760984 0.0166479724 0.0150254608 0.0118918099 0.0199368507 0.0216287701 0.021689434 0.0198749829 0.0134733245 0.0220808571 0.0103088282 0.0084187036 0.0091134708 0.0202144905 0.014572475 0.0157123668 0.0179999264 0.0317094786 0.0077985472 0.0108019196 0.0173749613 0.015763733 0.0167359932 0.0256082579 0.0167088282 0.0094635554 0.000368983 0.0102258377 0.0164522549
15 0.0262038098 0.0160076116 0.0219268371 0.0121384564 0.0135413529 0.0281437939 0.0065993283 0.0138864666 0.0122263092 0.0273496644 0.0140752108 0.0284117719 0.0052691787 0.022070648 0.0 0.0116908502 0.0287847266 0.0139446295 0.0206681306 0.0082480815 0.0128148926 0.0179778316 0.0170478057 0.0284865518 0.0144746175 0.0109851094 0.0164263486 0.0287888175 0.0115340887 0.0157032588 0.011460548 0.0114924232 0.0199912336 0.0248753572 0.0207788857 0.0043014738 0.0298697101 0.0022304455 0.0168309323 0.0188422578 0.0191145679 0.0271390393 0.0187926123 0.0159946219 0.0251866386 0.0170363052 0.025463786 0.0141370689 0.0141337442 0.0140764094 0.0114294564 0.0235755814 0.0109629981 0.014334178 0.017544891 0.0060840061 0.0212079759 0.0095010825 0.0141967038 0.0139888854
16 0.0137727124 0.0245053617 0.0110822088 0.0229274388 0.0049189638 0.0164851224 0.0194328853 0.0147755732 0.0205371702 0.0296751345 0.0102414409 0.0142782759 0.0036451799 0.0120306449 0.0116908502 0.0 0.010065076 0.0146924163 0.0205741597 0.0053286408 0.0090425758 0.007290317 0.0075043483 0.0130541178 0.0126656898 0.0200103024 0.0164696472 0.0132426649 0.0197691466 0.0190566709 0.0187476071 0.0161412132 0.0242736467 0.0287434405 0.0150946084 0.0184470844 0.0327338248 0.0194019889 0.0217025256 0.028082191 0.006301986 0.0268086612 0.0264288433 0.0175136056 0.0189161183 0.0291828473 0.0210960811 0.0124919782 0.0201102589 0.0173863265 0.0111267969 0.0197880138 0.0231327236 0.0123747355 0.0114201151 0.02551774 0.0105407031 0.0186386086 0.0171533502 0.0119376394
17 0.0187210525 0.0079639944 0.0167923644 0.0192967991 0.0090493485 0.0193586933 0.0106546268 0.0252093312 0.0237888022 0.0189657445 0.0238688771 0.0271706844 0.0206887728 0.0235934341 0.0287847266 0.010065076 0.0 0.0151939779 0.019309016 0.0083817758 0.0165164114 0.0251279314 0.0194628725 0.0117947244 0.0137980381 0.0147432037 0.0287251314 0.0165083881 0.0211337752 0.0055489034 0.0230533461 0.0237867884 0.0195166047 0.0111265511 0.0168517833 0.0162127508 0.0247619197 0.0144055648 0.0255765173 0.02010841 0.0203503252 0.0138654659 0.0175910419 0.0042287298 0.0165738664 0.0174058509 0.0102576009 0.0207402256 0.0155237983 0.0205122467 0.0095691584 0.016855352 0.0137764448 0.0191561323 0.0112172031 0.0017502292 0.0155249303 0.0130694211 0.017976363 0.0084389007
18 0.0206477588 0.0339912756 0.0224944965 0.0226326077 0.0234488457 0.0179284644 0.004667768 0.0083789535 0.0195032118 0.0097385634 0.0351204789 0.0113160746 0.0316193033 0.0119067504 0.0139446295 0.0146924163 0.0151939779 0.0 0.0203941659 0.0080602108 0.0139972754 0.01706745 0.0166437838 0.014999644 0.0156964475 0.0250624327 0.0104355904 0.0090913587 0.0211552508 0.0050094084 0.0178285013 0.0085962876 0.0058763501 0.0161921689 0.0107230298 0.0103330389 0.010257141 0.0170372675 0.0101758225 0.0263902388 0.0218340539 0.0140351556 0.0203267461 0.023809715 0.0169495209 0.0073931879 0.0249451896 0.0091249699 0.0197501917 0.0307366206 0.0154094514 0.0157331558 0.0138770943 0.0181866201 0.0162834271 0.0365528187 0.009705194 0.0200767692 0.0220314021 0.0149902747
19 0.0225180062 0.0205517158 0.0180446641 0.0181220587 0.0279043952 0.0284166224 0.0196686582 0.0144330685 0.017705707 0.0186753586 0.005394103 0.0216787603 0.0215604913 0.010073266 0.0206681306 0.0205741597 0.019309016 0.0203941659 0.0 0.0246549709 0.018593758 0.0134995301 0.0205837128 0.0205726472 0.0155398816 0.0303453786 0.0136418386 0.0059117815 0.0094339225 0.0115483786 0.0056831248 0.0131926101 0.0129875266 0.0232285579 0.0239949465 0.0115081936 0.008240111 0.0248347547 0.0038543929 0.0235515084 0.0034978362 0.0279210442 0.005142216 0.0327923884 0.0046374414 0.0090923096 0.0210228285 0.0270139862 0.0114964152 0.0221699915 0.0151045464 0.0086330402 0.0084909887 0.0232190344 0.0209669736 0.0094980572 0.0158781221 0.0195239094 0.0272684767 0.0055365195
20 0.0082809274 0.0196963695 0.0104439886 0.0021316237 0.0185168618 0.0050706905 0.0236416694 0.0162290743 0.0031180807 0.0211733527 0.0165676821 0.0217033694 0.0188779509 0.0250175214 0.0082480815 0.0053286408 0.0083817758 0.0080602108 0.0246549709 0.0 0.028210472 0.0091677663 0.0172777282 0.0132365261 0.0223636573 0.0231375034 0.0188510032 0.0153302379 0.0105979113 0.0199766793 0.0293615528 0.010634314 0.0208956858 0.0165197346 0.0230637957 0.0186206018 0.0143885296 0.0080108916 0.0266553359 0.0220994204 0.0141288712 0.0210211513 0.0110047963 0.0097353384 0.0114586474 0.0150278162 0.018628294 0.0223334881 0.0171522468 0.0205542118 0.0186302485 0.0241610663 0.0204963379 0.0181415332 0.0111914707 0.0222812442 0.0270458703 0.0120692096 0.0282434296 0.0231525383
21 0.0043593177 0.0196386948 0.0140453883 0.0174505874 0.0184039592 0.0280690187 0.0070950073 0.0171620844 0.0223991542 0.0179077524 0.0087945977 0.0231919685 0.0156497643 0.0203488929 0.0128148926 0.0090425758 0.0165164114 0.0139972754 0.018593758 0.028210472 0.0 0.0279855272 0.0167161394 0.0044919692 0.0095365627 0.0226362429 0.0172586206 0.0119024427 0.0102984107 0.0189973959 0.0123638434 0.0106871269 0.0125381007 0.0259419031 0.0104730794 0.007335611 0.0167738292 0.0118243676 0.0276815148 0.0193564668 0.0238807745 0.0262423032 0.0195698492 0.0269974385 0.0109953947 0.0243146761 0.0255749044 0.015225208 0.0036041288 0.0142170453 0.011575099 0.016172862 0.0084022215 0.0255347595 0.0240083879 0.0138177046 0.0274087592 0.0257904965 0.0066628089 0.0215144513
22 0.0173609129 0.0142504748 0.0216895531 0.0203120915 0.0178776005 0.0075262479 0.0277865067 0.0069644508 0.0200879591 0.020080326 0.015019833 0.0236692597 0.0253239692 0.0185565176 0.0179778316 0.007290317 0.0251279314 0.01706745 0.0134995301 0.0091677663 0.0279855272 0.0 0.0145072533 0.0194754746 0.0165077053 0.0225255425 0.0114000118 0.0259517545 0.0213611289 0.0184813789 0.0206674632 0.0099755636 0.00905618 0.0148976815 0.0130385287 0.0158592271 0.0013382528 0.0191163447 0.0111586139 0.0182357119 0.0185390825 0.0020604016 0.0135522676 0.0170459636 0.0195996152 0.0288232661 0.0118463187 0.0119231864 0.0188612813 0.0174449606 0.0287826915 0.0148407109 0.0158036195 0.0145624041 0.0206889872 0.0073956118 0.0179290162 0.0241529778 0.0188303623 0.0191414014
23 0.0212446468 0.0205522559 0.018951479 0.0194662111 0.0133976145 0.020287637 0.014344714 0.0241482474 0.0092776805 0.0131412649 0.0266904891 0.0229612296 0.003789902 0.0127549729 0.0170478057 0.0075043483 0.0194628725 0.0166437838 0.0205837128 0.0172777282 0.0167161394 0.0145072533 0.0 0.0204722162 0.0285030076 0.0141207795 0.0186076803 0.0209114453 0.0116059537 0.0188051434 0.0289409867 0.0212451228 0.0168438044 0.0116768462 0.0187386715 0.0185319894 0.0214210209 0.0039490313 0.0043656164 0.0165990339 0.0085551228 0.0250159618 0.0194813436 0.0204975912 0.0218482817 0.0181039545 0.0008992104 0.0157738902 0.0308808401 0.020595224 0.004768341 0.0270492372 0.0101763629 0.0148960659 0.0157887618 0.0134038036 0.0218576797 0.014539777 0.0245773113 0.0052009009
24 0.0093344853 0.0196062618 0.0103001042 0.0300438222 0.0056861596 0.0130956945 0.0128408526 0.0244007917 0.0109200472 0.0101831427 0.0103453457 0.0206125236 0.0140960977 0.024868936 0.0284865518 0.0130541178 0.0117947244 0.014999644 0.0205726472 0.0132365261 0.0044919692 0.0194754746 0.0204722162 0.0 0.0088617028 0.0204678389 0.0273233817 0.0189701218 0.00853795 0.0252043769 0.0241106163 0.0116899343 0.01577642 0.0231978493 0.0225176328 0.0238746664 0.0130291301 0.0168319227 0.0011159652 0.0146089502 0.0201705458 0.0235063578 0.0297167104 0.0160088943 0.00638941 0.0173094153 0.0181404065 0.0061054262 0.0244846423 0.0083915948 0.0177257929 0.0086236328 0.0104983804 0.0211061646 0.0170381339 0.0228285676 0.0258631101 0.0288852102 0.0177726116 0.0203983971
25 0.0154778818 0.0148509055 0.0271999686 0.025640376 0.0147977636 0.0288204173 0.0182519394 0.0256324201 0.0139815193 0.0120798047 0.0248890432 0.0140124677 0.0059640849 0.0184941892 0.0144746175 0.0126656898 0.0137980381 0.0156964475 0.0155398816 0.0223636573 0.0095365627 0.0165077053 0.0285030076 0.0088617028 0.0 0.0277421286 0.0191265683 0.014399251 0.0250763324 0.0231170502 0.0180337495 0.0226320035 0.01769739 0.0195886121 0.002750501 0.0078068413 0.0073401606 0.0275652095 0.0158412862 0.020445167 0.0164448405 0.0117834595 0.0227906045 0.027142707 0.0229097791 0.0052347889 0.0090546842 0.0202985731 0.0138496299 0.0178896027 0.0131729583 0.0139623407 0.0049580747 0.018559855 0.0030927948 0.0281854593 0.0134535058 0.0151583071 0.017836102 0.0170195903
26 0.0198566111 0.0170134925 0.0145750272 0.006199848 0.026658085 0.0120932119 0.0277742296 0.0101613555 0.0236375536 0.0252195135 0.0069283908 0.0221336505 0.0173340229 0.0217605517 0.0109851094 0.0200103024 0.0147432037 0.0250624327 0.0303453786 0.0231375034 0.0226362429 0.0225255425 0.0141207795 0.0204678389 0.0277421286 0.0 0.0163596375 0.0118638207 0.0185133231 0.0214223698 0.0102211854 0.0143325985 0.0121717442 0.0271905964 0.0085650874 0.0129003669 0.0030803661 0.0282816714 0.0085122194 0.0240565478 0.0103484036 0.0164109258 0.02044635 0.0110141674 0.0178178539 0.0156129224 0.0137681095 0.0178141395 0.0086382445 0.0162058217 0.0298159355 0.0186938887 0.0104978259 0.0207400574 0.007655893 0.0110919767 0.0243208166 0.0035162919 0.0151708395 0.0098259958
27 0.0136872973 0.0255970411 0.014565865 0.005947137 0.0218605994 0.0072920195 0.0069900355 0.0171235132 0.0130747827 0.0159832926 0.0023145004 0.0127148193 0.011932136 0.0130948576 0.0164263486 0.0164696472 0.0287251314 0.0104355904 0.0136418386 0.0188510032 0.0172586206 0.0114000118 0.0186076803 0.0273233817 0.0191265683 0.0163596375 0.0 0.0082811648 0.0131889034 0.0093254667 0.0106009635 0.0226906618 0.0192981933 0.024218697 0.010655864 0.0227953949 0.0136393067 0.0053725395 0.0152101458 0.0279227185 0.0215508581 0.0167326781 0.0288012893 0.017254968 0.0106319378 0.0193694343 0.0137736881 0.0168236571 0.0263081247 0.0177882225 0.0251868252 0.022050362 0.0156782182 0.0082974674 0.0224289529 0.0242034239 0.0152472659 0.0225368286 0.029608206 0.0257242156
28 0.0210186374 0.0260695621 0.0201039209 0.0184799762 0.0283440012 0.0140317778 0.0240928437 0.0206068291 0.0167576988 0.0119765631 0.0079659212 0.0316949824 0.0184000526 0.0153239628 0.0287888175 0.0132426649 0.0165083881 0.0090913587 0.0059117815 0.0153302379 0.0119024427 0.0259517545 0.0209114453 0.0189701218 0.014399251 0.0118638207 0.0082811648 0.0 0.0243772882 0.0148655144 0.0136515223 0.011287873 0.0268423789 0.0135392226 0.0148734176 0.0170402408 0.0207500931 0.0148133752 0.0263182816 0.0015161376 0.0174636097 0.0075341726 0.0219104794 0.0170974966 0.0192191779 0.027114676 0.0087771986 0.0058265809 0.019527123 0.01493883 0.0182190437 0.0121308307 0.0183298543 0.017107975 0.019988139 0.0149172755 0.0178199291 0.0238556182 0.0085000834 0.0138265828
29 0.0274409126 0.0042160064 0.0166135425 0.024140307 0.0128288966 0.0120418746 0.0083680793 0.0065618365 0.0044190892 0.02076075 0.0256224032 0.0165054594 0.0224915529 0.0104440539 0.0115340887 0.0197691466 0.0211337752 0.0211552508 0.0094339225 0.0105979113 0.0102984107 0.0213611289 0.0116059537 0.00853795 0.0250763324 0.0185133231 0.0131889034 0.0243772882 0.0 0.0173046179 0.0254173826 0.0246551039 0.0133072712 0.0269248173 0.0200938928 0.0165416635 0.0265264356 0.0197314861 0.0156982287 0.022139438 0.0115396167 0.0178011648 0.0198301658 0.0146131993 0.013576971 0.0134867105 0.0109672496 0.0272700257 0.0206347305 0.0162808651 0.0248765633 0.0168636909 0.0019765831 0.0143984051 0.0091974203 0.0055863687 0.0278807819 0.0284538492 0.0176657557 0.019721396
30 0.0161648996 0.0157179301 0.0201176257 0.0129120608 0.0172830715 0.0080044821 0.0237965252 0.0133582223 0.0157295722 0.0224877403 0.0041544168 0.0075268678 0.0144175209 0.0228304419 0.0157032588 0.0190566709 0.0055489034 0.0050094084 0.0115483786 0.0199766793 0.0189973959 0.0184813789 0.0188051434 0.0252043769 0.0231170502 0.0214223698 0.0093254667 0.0148655144 0.0173046179 0.0 0.0213503699 0.0221918993 0.014328139 0.0199951876 0.0137888873 0.0122492964 0.0133349721 0.0187495794 0.0280884527 0.0195302528 0.0242573273 0.0221860772 0.004428431 0.0266365016 0.0267473176 0.0242096728 0.0198995259 0.0104055861 0.0224296346 0.0120753675 0.0049873604 0.0159162283 0.0270089857 0.0152887467 0.0216742429 0.0235775617 0.01434903 0.0161080654 0.0114421792 0.0138971308
31 0.0121810644 0.0053440776 0.0078011853 0.0248924062 0.0149568292 0.0224882694 0.0183468654 0.0088944949 0.0131361242 0.0159671668 0.0172200178 0.0152799173 0.0134176336 0.0201450034 0.011460548 0.0187476071 0.0230533461 0.0178285013 0.0056831248 0.0293615528 0.0123638434 0.0206674632 0.0289409867 0.0241106163 0.0180337495 0.0102211854 0.0106009635 0.0136515223 0.0254173826 0.0213503699 0.0 0.0195677151 0.0128582002 0.0161492122 0.0156729538 0.0125958855 0.0070482389 0.0200528115 0.0167289142 0.004277577 0.0140388315 0.0232788609 0.0135616319 0.0180743696 0.0247996079 0.0242175973 0.012799456 0.0044074606 0.0244372495 0.0179693284 0.0247236061 0.012910954 0.0257018237 0.02084762 0.0202208359 0.0198781178 0.0202493949 0.014276168 0.0181137107 0.0189780489
32 0.0158322296 0.0199023609 0.0132174093 0.0226715107 0.0080483013 0.0192692783 0.0230409682 0.0105043275 0.0146797716 0.0206925081 0.0176438822 0.0038197402 0.0137808128 0.029760984 0.0114924232 0.0161412132 0.0237867884 0.0085962876 0.0131926101 0.010634314 0.0106871269 0.0099755636 0.0212451228 0.0116899343 0.0226320035 0.0143325985 0.0226906618 0.011287873 0.0246551039 0.0221918993 0.0195677151 0.0 0.0026820068 0.0023317486 0.014499229 0.017023058 0.0211042599 0.0253884482 0.0328987028 0.0180920061 0.0212776884 0.0116001104 0.0167955128 0.0176715556 0.0247802342 0.0277577355 0.0203236919 0.0170445954 0.02238445 0.0175382152 0.0157515442 0.0141497057 0.0067668251 0.0280724565 0.0214079115 0.0100758448 0.0115273809 0.0073961601 0.0240712074 0.0219243911
33 0.0138444557 0.0218005331 0.0217167787 0.0246687357 0.0085536697 0.0255121863 0.0260266403 0.0178637676 0.018364794 0.024402745 0.0174753159 0.0113540385 0.0171897956 0.0166479724 0.0199912336 0.0242736467 0.0195166047 0.0058763501 0.0129875266 0.0208956858 0.0125381007 0.00905618 0.0168438044 0.01577642 0.01769739 0.0121717442 0.0192981933 0.0268423789 0.0133072712 0.014328139 0.0128582002 0.0026820068 0.0 0.0184906768 0.015746437 0.0184208186 0.0199974079 0.0160250992 0.0177688473 0.0178535782 0.0185405165 0.0091607343 0.0127147055 0.015832195 0.0182379056 0.0109102774 0.006623376 0.0074751194 0.0165939533 0.022921453 0.020584656 0.0224065425 0.0116294912 0.0186686443 0.0104108303 0.0207166577 0.0244939048 0.0269303525 0.0240013019 0.0144822139
34 0.0172769658 0.0217883804 0.0232651903 0.0102383825 0.0262401054 0.0147324307 0.0081541595 0.0110631281 0.0129106663 0.016327954 0.0158607434 0.0107067237 0.0143220689 0.0150254608 0.0248753572 0.0287434405 0.0111265511 0.0161921689 0.0232285579 0.0165197346 0.0259419031 0.0148976815 0.0116768462 0.0231978493 0.0195886121 0.0271905964 0.024218697 0.0135392226 0.0269248173 0.0199951876 0.0161492122 0.0023317486 0.0184906768 0.0 0.0165476566 0.0135161572 0.0253855197 0.0152108331 0.0203308175 0.0089129349 0.0210664233 0.0143098991 0.0302516155 0.0139948794 0.0201935446 0.025052905 0.0175231 0.0199786179 0.0288657386 0.0144600031 0.005684224 0.0190657727 0.0095039567 0.005949308 0.0072849171 0.0100137716 0.0062304138 0.0170311408 0.0098428942 0.0210517345
35 0.0198376046 0.0222666296 0.0251121761 0.0173446778 0.0165943553 0.0306583907 0.0198400043 0.0175020334 0.0133001006 0.0090995484 0.0168496832 0.0206158165 0.0163419432 0.0118918099 0.0207788857 0.0150946084 0.0168517833 0.0107230298 0.0239949465 0.0230637957 0.0104730794 0.0130385287 0.0187386715 0.0225176328 0.002750501 0.0085650874 0.010655864 0.0148734176 0.0200938928 0.0137888873 0.0156729538 0.014499229 0.015746437 0.0165476566 0.0 0.0184914443 0.0180670206 0.0095741575 0.0225537066 0.0279148154 0.0157314735 0.0117505103 0.0263893883 0.0064099395 0.0159943974 0.0284129171 0.0235885685 0.0117276717 0.0055398149 0.0205558639 0.0201513173 0.0107384595 0.0205420546 0.0237558145 0.0216293128 0.0093762936 0.0053759293 0.0240357395 0.021178077 0.0147916506
36 0.0256902198 0.0143280074 0.0175663567 0.0164528679 0.0225580442 0.0235552563 0.0221776904 0.0173824534 0.0173845315 0.0236647058 0.0083767996 0.0247231174 0.0167029532 0.0199368507 0.0043014738 0.0184470844 0.0162127508 0.0103330389 0.0115081936 0.0186206018 0.007335611 0.0158592271 0.0185319894 0.0238746664 0.0078068413 0.0129003669 0.0227953949 0.0170402408 0.0165416635 0.0122492964 0.0125958855 0.017023058 0.0184208186 0.0135161572 0.0184914443 0.0 0.0211516784 0.0242465664 0.0173822345 0.0205707156 0.0102541262 0.0144060663 0.0161306645 0.0079850854 0.023742988 0.0112901376 0.0190428841 0.0196124904 0.0254746305 0.0076780276 0.0194970465 0.0270510493 0.0085467697 0.0094988793 0.0174286376 0.0091556157 0.0152504194 0.0211241807 0.023412823 0.0251606246
37 0.0152010252 0.0177077205 0.0287799241 0.0270440631 0.0063582961 0.0209286817 0.0160802788 0.0240246786 0.0143615682 0.0230327503 0.0284483074 0.0019234271 0.0184619994 0.0216287701 0.0298697101 0.0327338248 0.0247619197 0.010257141 0.008240111 0.0143885296 0.0167738292 0.0013382528 0.0214210209 0.0130291301 0.0073401606 0.0030803661 0.0136393067 0.0207500931 0.0265264356 0.0133349721 0.0070482389 0.0211042599 0.0199974079 0.0253855197 0.0180670206 0.0211516784 0.0 0.0249359896 0.0126397606 0.0158233326 0.0044624976 0.0143043963 0.0111011579 0.019125923 0.0218110395 0.0149361487 0.0191152464 0.0201903292 0.0077672471 0.0120266721 0.0070878805 0.0191738953 0.0232987299 0.0189711408 0.0235913171 0.0216440709 0.0148281695 0.0064253521 0.0060282491 0.026491035
38 0.0045173287 0.0087393802 0.0278456732 0.0124398376 0.0130551995 0.0017414732 0.0271312066 0.0069570083 0.0254761487 0.0194743353 0.0198876529 0.026098909 0.0185395055 0.021689434 0.0022304455 0.0194019889 0.0144055648 0.0170372675 0.0248347547 0.0080108916 0.0118243676 0.0191163447 0.0039490313 0.0168319227 0.0275652095 0.0282816714 0.0053725395 0.0148133752 0.0197314861 0.0187495794 0.0200528115 0.0253884482 0.0160250992 0.0152108331 0.0095741575 0.0242465664 0.0249359896 0.0 0.0221688482 0.0163146111 0.004154471 0.0220151068 0.0134665844 0.0261123235 0.0170470441 0.0098715715 0.0073922757 0.0138180525 0.0160872588 0.0128508993 0.0216741132 0.0147152697 0.0184568368 0.0223422096 0.0159989138 0.0251854586 0.0205346801 0.0298280192 0.0256152389 0.0031667742
39 0.0183277533 0.0186513029 0.0173637666 0.0063513884 0.0248541693 0.0103471153 0.0180187247 0.0030325945 0.0228166733 0.0143353746 0.0186453844 0.0295461422 0.0071955702 0.0198749829 0.0168309323 0.0217025256 0.0255765173 0.0101758225 0.0038543929 0.0266553359 0.0276815148 0.0111586139 0.0043656164 0.0011159652 0.0158412862 0.0085122194 0.0152101458 0.0263182816 0.0156982287 0.0280884527 0.0167289142 0.0328987028 0.0177688473 0.0203308175 0.0225537066 0.0173822345 0.0126397606 0.0221688482 0.0 0.0113308091 0.0161328788 0.0258674814 0.0093090002 0.0213484946 0.0118544173 0.004637706 0.0201375563 0.0224989178 0.029742754 0.0194376022 0.025092297 0.0071660809 0.0281159004 0.0015812548 0.0111564147 0.0156058679 0.013218552 0.0046286495 0.0333058602 0.0172128795
40 0.0219162554 0.0053995312 0.0121409257 0.0246345592 0.0084691256 0.0309054755 0.0142925132 0.0088889148 0.0162962066 0.0121685867 0.0094209908 0.0021718983 0.016202585 0.0134733245 0.0188422578 0.028082191 0.02010841 0.0263902388 0.0235515084 0.0220994204 0.0193564668 0.0182357119 0.0165990339 0.0146089502 0.020445167 0.0240565478 0.0279227185 0.0015161376 0.022139438 0.0195302528 0.004277577 0.0180920061 0.0178535782 0.0089129349 0.0279148154 0.0205707156 0.0158233326 0.0163146111 0.0113308091 0.0 0.0184558626 0.0184660744 0.0112826153 0.0069438203 0.0196433139 0.0237769217 0.0265292118 0.0093219559 0.0160848645 0.0193736876 0.0204127313 0.0207017882 0.0209836464 0.0218484309 0.0148574394 0.0075256921 0.0064874792 0.0077740454 0.0201035932 0.0284711026
41 0.0093062643 0.0072175089 0.0030754895 0.01717453 0.0195952743 0.0106075606 0.0160634827 0.0229218026 0.0114198063 0.0217651006 0.0224577795 0.0190572338 0.0288043716 0.0220808571 0.0191145679 0.006301986 0.0203503252 0.0218340539 0.0034978362 0.0141288712 0.0238807745 0.0185390825 0.0085551228 0.0201705458 0.0164448405 0.0103484036 0.0215508581 0.0174636097 0.0115396167 0.0242573273 0.0140388315 0.0212776884 0.0185405165 0.0210664233 0.0157314735 0.0102541262 0.0044624976 0.004154471 0.0161328788 0.0184558626 0.0 0.0155648474 0.0095768805 0.0161059979 0.0251205823 0.0102331137 0.0159990621 0.0089034242 0.0026375335 0.0285295276 0.0154859961 0.0186029705 0.0257576459 0.0302316102 0.0314769048 0.0167373725 0.0262721339 0.0273706926 0.0192603798 0.0224936715
42 0.0188939503 0.0198420031 0.0159328843 0.0186615929 0.0281272862 0.0160101085 0.0088819148 0.0169911908 0.0197296819 0.0063163367 0.0246183987 0.030595454 0.0136355151 0.0103088282 0.0271390393 0.0268086612 0.0138654659 0.0140351556 0.0279210442 0.0210211513 0.0262423032 0.0020604016 0.0250159618 0.0235063578 0.0117834595 0.0164109258 0.0167326781 0.0075341726 0.0178011648 0.0221860772 0.0232788609 0.0116001104 0.0091607343 0.0143098991 0.0117505103 0.0144060663 0.0143043963 0.0220151068 0.0258674814 0.0184660744 0.0155648474 0.0 0.0093389031 0.0025275223 0.0018691518 0.0105649895 0.0199660015 0.0206490774 0.0198721607 0.0072500787 0.022170842 0.0098331017 0.0251514874 0.0199846163 0.0181034733 0.0150299819 0.0296762614 0.0038440356 0.0128601974 0.021974865
43 0.011213688 0.0166691745 0.016957369 0.0193672208 0.0207959179 0.0076863942 0.0245086802 0.0256587402 0.0207626473 0.02597726 0.0229272498 0.0218100087 0.0166623584 0.0084187036 0.0187926123 0.0264288433 0.0175910419 0.0203267461 0.005142216 0.0110047963 0.0195698492 0.0135522676 0.0194813436 0.0297167104 0.0227906045 0.02044635 0.0288012893 0.0219104794 0.0198301658 0.004428431 0.0135616319 0.0167955128 0.0127147055 0.0302516155 0.0263893883 0.0161306645 0.0111011579 0.0134665844 0.0093090002 0.0112826153 0.0095768805 0.0093389031 0.0 0.0157077511 0.0130455301 0.0137168792 0.0225507442 0.0232757193 0.0280719042 0.0126595535 0.0195044507 0.0041179467 0.0152144445 0.0139284081 0.0194318911 0.0198245838 0.0089814647 0.0131150569 0.0066508102 0.0110550425
44 0.021614078 0.0166178724 0.0246317962 0.0166733696 0.0243077742 0.0248338666 0.0119765688 0.0063378161 0.0273583518 0.0173373961 0.0081228589 0.0168087592 0.0100729614 0.0091134708 0.0159946219 0.0175136056 0.0042287298 0.023809715 0.0327923884 0.0097353384 0.0269974385 0.0170459636 0.0204975912 0.0160088943 0.027142707 0.0110141674 0.017254968 0.0170974966 0.0146131993 0.0266365016 0.0180743696 0.0176715556 0.015832195 0.0139948794 0.0064099395 0.0079850854 0.019125923 0.0261123235 0.0213484946 0.0069438203 0.0161059979 0.0025275223 0.0157077511 0.0 0.0152554779 0.017097543 0.0160676109 0.021339088 0.0085055645 0.0128973846 0.012931263 0.0170794206 0.0215172688 0.0252482303 0.0152102035 0.0320244209 0.0128417064 0.0318987621 0.0080864418 0.0099694901
45 0.0181032391 0.0108507429 0.0226028112 0.021246115 0.0140435605 0.0181722618 0.0174630803 0.0167558736 0.0190906353 0.0179173015 0.0180218244 0.005413215 0.0107051627 0.0202144905 0.0251866386 0.0189161183 0.0165738664 0.0169495209 0.0046374414 0.0114586474 0.0109953947 0.0195996152 0.0218482817 0.00638941 0.0229097791 0.0178178539 0.0106319378 0.0192191779 0.013576971 0.0267473176 0.0247996079 0.0247802342 0.0182379056 0.0201935446 0.0159943974 0.023742988 0.0218110395 0.0170470441 0.0118544173 0.0196433139 0.0251205823 0.0018691518 0.0130455301 0.0152554779 0.0 0.0170232611 0.0185459949 0.0175199913 0.0049718165 0.0256826195 0.0077696034 0.0227834264 0.0137340323 0.0119680159 0.0295920571 0.0064874884 0.0105768461 0.0331436887 0.0152139448 0.0175336937
46 0.0072928905 0.0149472658 0.0139711569 0.0118847357 0.0252137075 0.0094395881 0.0253072141 0.0217127416 0.019733432 0.0145346553 0.0181728247 0.0230820761 0.0190064833 0.014572475 0.0170363052 0.0291828473 0.0174058509 0.0073931879 0.0090923096 0.0150278162 0.0243146761 0.0288232661 0.0181039545 0.0173094153 0.0052347889 0.0156129224 0.0193694343 0.027114676 0.0134867105 0.0242096728 0.0242175973 0.0277577355 0.0109102774 0.025052905 0.0284129171 0.0112901376 0.0149361487 0.0098715715 0.004637706 0.0237769217 0.0102331137 0.0105649895 0.0137168792 0.017097543 0.0170232611 0.0 0.0149908746 0.0148611044 0.0227940218 0.00319119 0.0111884042 0.0161389492 0.023486939 0.0181703482 0.011508143 0.0179687336 0.0127895258 0.0041709203 0.0259575952 0.0256944659
47 0.0035167906 0.023483631 0.0087490006 0.0178146382 0.0242146719 0.0202822843 0.0181887223 0.0185482379 0.0233476113 0.0206559246 0.0298505222 0.010786167 0.0182254117 0.0157123668 0.025463786 0.0210960811 0.0102576009 0.0249451896 0.0210228285 0.018628294 0.0255749044 0.0118463187 0.0008992104 0.0181404065 0.0090546842 0.0137681095 0.0137736881 0.0087771986 0.0109672496 0.0198995259 0.012799456 0.0203236919 0.006623376 0.0175231 0.0235885685 0.0190428841 0.0191152464 0.0073922757 0.0201375563 0.0265292118 0.0159990621 0.0199660015 0.0225507442 0.0160676109 0.0185459949 0.0149908746 0.0 0.016286676 0.0166873674 0.0175461352 0.0136886613 0.0231155278 0.0125809482 0.016465082 0.0135484604 0.0170568206 0.0152507128 0.015387546 0.0157488831 0.0179504681
48 0.0229923334 0.024093195 0.0255424193 0.0153691058 0.0198384806 0.0230191374 0.0106789391 0.0192860785 0.0173740862 0.0123336339 0.0268541454 0.0238839817 0.008515464 0.0179999264 0.0141370689 0.0124919782 0.0207402256 0.0091249699 0.0270139862 0.0223334881 0.015225208 0.0119231864 0.0157738902 0.0061054262 0.0202985731 0.0178141395 0.0168236571 0.0058265809 0.0272700257 0.0104055861 0.0044074606 0.0170445954 0.0074751194 0.0199786179 0.0117276717 0.0196124904 0.0201903292 0.0138180525 0.0224989178 0.0093219559 0.0089034242 0.0206490774 0.0232757193 0.021339088 0.0175199913 0.0148611044 0.016286676 0.0 0.0222366066 0.0144137909 0.0207938608 0.0154115121 0.0162099124 0.0151768991 0.0199772379 0.0187352259 0.0162206631 0.0185471179 0.0136676812 0.018610284
49 0.0195019365 0.0128368954 0.0274571207 0.0097465847 0.0027617393 0.0175613117 0.0282100728 0.0179300132 0.0244663952 0.0228898792 0.0165628167 0.0252092222 0.0239407163 0.0317094786 0.0141337442 0.0201102589 0.0155237983 0.0197501917 0.0114964152 0.0171522468 0.0036041288 0.0188612813 0.0308808401 0.0244846423 0.0138496299 0.0086382445 0.0263081247 0.019527123 0.0206347305 0.0224296346 0.0244372495 0.02238445 0.0165939533 0.0288657386 0.0055398149 0.0254746305 0.0077672471 0.0160872588 0.029742754 0.0160848645 0.0026375335 0.0198721607 0.0280719042 0.0085055645 0.0049718165 0.0227940218 0.0166873674 0.0222366066 0.0 0.0054238662 0.0140013512 0.0068377478 0.0101163629 0.0232032722 0.0041475419 0.0049538841 0.0217025636 0.0043827681 0.0072205456 0.0110859428
50 0.0129579747 0.0193386116 0.0166378488 0.0136916311 0.0112495653 0.0255073979 0.0293722963 0.0178048779 0.0140534308 0.0165952853 0.0215882714 0.022867677 0.0242392492 0.0077985472 0.0140764094 0.0173863265 0.0205122467 0.0307366206 0.0221699915 0.0205542118 0.0142170453 0.0174449606 0.020595224 0.0083915948 0.0178896027 0.0162058217 0.0177882225 0.01493883 0.0162808651 0.0120753675 0.0179693284 0.0175382152 0.022921453 0.0144600031 0.0205558639 0.0076780276 0.0120266721 0.0128508993 0.0194376022 0.0193736876 0.0285295276 0.0072500787 0.0126595535 0.0128973846 0.0256826195 0.00319119 0.0175461352 0.0144137909 0.0054238662 0.0 0.0259999836 0.0195109142 0.0187235009 0.0104641914 0.0143146434 0.013927187 0.0188020828 0.0287628352 0.0012057305 0.0209170274
51 0.0197524453 0.0281592969 0.0170566211 0.0264786256 0.0194023669 0.0116288983 0.0032685307 0.0247117644 0.0286289926 0.0208626283 0.0228746944 0.007077477 0.0142809325 0.0108019196 0.0114294564 0.0111267969 0.0095691584 0.0154094514 0.0151045464 0.0186302485 0.011575099 0.0287826915 0.004768341 0.0177257929 0.0131729583 0.0298159355 0.0251868252 0.0182190437 0.0248765633 0.0049873604 0.0247236061 0.0157515442 0.020584656 0.005684224 0.0201513173 0.0194970465 0.0070878805 0.0216741132 0.025092297 0.0204127313 0.0154859961 0.022170842 0.0195044507 0.012931263 0.0077696034 0.0111884042 0.0136886613 0.0207938608 0.0140013512 0.0259999836 0.0 0.0242921196 0.0213355349 0.0169155558 0.0216662676 0.0061608972 0.0138308321 0.0106647781 0.0062832665 0.0192914532
52 0.0210276218 0.0162985885 0.0193270703 0.0117248051 0.0141233657 0.0151266749 0.013794839 0.0159995693 0.0240743474 0.0184706301 0.0275897602 0.0041479847 0.0182477779 0.0173749613 0.0235755814 0.0197880138 0.016855352 0.0157331558 0.0086330402 0.0241610663 0.016172862 0.0148407109 0.0270492372 0.0086236328 0.0139623407 0.0186938887 0.022050362 0.0121308307 0.0168636909 0.0159162283 0.012910954 0.0141497057 0.0224065425 0.0190657727 0.0107384595 0.0270510493 0.0191738953 0.0147152697 0.0071660809 0.0207017882 0.0186029705 0.0098331017 0.0041179467 0.0170794206 0.0227834264 0.0161389492 0.0231155278 0.0154115121 0.0068377478 0.0195109142 0.0242921196 0.0 0.0158516512 0.0119675349 0.0112063349 0.0244018543 0.0157838269 0.0128842536 0.0295927028 0.0201306975
