32
1 0.0810611988 0.0202295417 0.0500249318 0.0348943949 0.0156041192 0.0307762695 0.0624507395 0.0290321057 0.0265627132 0.0277671033 0.0084976878 0.0512868969 0.0270958194 0.0138220958 0.034909234 0.0344784525 0.0396938075 0.0334142496 0.0247399862 0.0095883506 0.0380813028 0.0347109706 0.0356109958 0.0154767473 0.0169447921 0.0258583449 0.0309843795 0.0328645026 0.0247220027 0.0253429264 0.027074605 0.0363987325 
2 0.0202295417 0.0454173896 0.0056897404 0.0275946481 0.0100939577 0.0386742437 0.0423865399 0.0369669824 0.0241150188 0.0327592615 0.0465478186 0.0290277187 0.0426285472 0.0267223724 0.0453953447 0.0231960633 0.0264874846 0.0274160856 0.0266964366 0.0192894852 0.0382324458 0.0533242174 0.016215579 0.0349335849 0.0196113171 0.0400808011 0.0424362739 0.0279951065 0.0319152598 0.0172036356 0.0377248263 0.042992272 
3 0.0500249318 0.0056897404 0.0272526199 0.0242940644 0.039247361 0.0489773942 0.041223596 0.0348424103 0.0339385003 0.0368434026 0.0400184663 0.0114314753 0.0251216164 0.0246838338 0.0074015125 0.0323540508 0.0391113063 0.0188598275 0.0658962952 0.0408986366 0.0349514416 0.0414173005 0.0550561466 0.0220845085 0.0310502859 0.0104836798 0.0236907668 0.0017997116 0.0217904551 0.0490526288 0.0029345756 0.0575774575 
4 0.0348943949 0.0275946481 0.0242940644 0.0566573757 0.0219234673 0.02910636 0.0145757324 0.0405436024 0.0254339472 0.0396148121 0.0364303749 0.0062026077 0.028654613 0.032847181 0.0326149459 0.0327403097 0.0242855735 0.0445978721 0.020426008 0.0319123025 0.0249664998 0.0322005118 0.0237731706 0.0415452458 0.0265531899 0.0421152652 0.0437783839 0.0206613437 0.0269193636 0.0439632345 0.0428275321 0.0253460662 
5 0.0156041192 0.0100939577 0.039247361 0.0219234673 0.0085203783 0.0197886253 0.0285841274 0.0193057435 0.0234851163 0.0341219009 0.037907565 0.0326016116 0.0099674203 0.042245777 0.0435184259 0.0480402392 0.0279960607 0.0516761714 0.0453061924 0.0284539983 0.0338069533 0.044200316 0.0310690852 0.0422921777 0.0267824658 0.0363755353 0.019082761 0.0388569654 0.0383741803 0.0369630368 0.0485326819 0.0152755826 
6 0.0307762695 0.0386742437 0.0489773942 0.02910636 0.0197886253 0.0035994231 0.0415195928 0.0446248255 0.0416542399 0.0389360953 0.0368127505 0.0269020556 0.0251278564 0.0324918787 0.0091144635 0.0227700152 0.0243253808 0.054127035 0.0334727559 0.0314542774 0.0279477357 0.0190677846 0.0177692435 0.0383812823 0.0236966824 0.0427398292 0.0479798799 0.042862973 0.0208107243 0.0172457668 0.0391513324 0.0280912276 
7 0.0624507395 0.0423865399 0.041223596 0.0145757324 0.0285841274 0.0415195928 0.0264561546 0.0216976594 0.0281910264 0.018931795 0.0405827686 0.0150164845 0.0272994256 0.0374326452 0.0335663209 0.0235679414 0.0455720528 0.0302308791 0.0235099831 0.056924591 0.0178273582 0.0413364658 0.0442031057 0.0252945548 0.0449975901 0.0273273684 0.0256588218 0.0152271358 0.0281577709 0.0101384996 0.0342170212 0.0258942521 
8 0.0290321057 0.0369669824 0.0348424103 0.0405436024 0.0193057435 0.0446248255 0.0216976594 0.0087032449 0.0186534097 0.029014687 0.0259127914 0.0337869509 0.0532739705 0.0237978157 0.0315225106 0.0287059749 0.0400729084 0.0102361947 0.0285198677 0.0305335102 0.0684399962 0.0319726822 0.020108463 0.021973403 0.0248696751 0.0157487177 0.0313254572 0.0315200519 0.0538346326 0.0523213239 0.0457604477 0.0123779837 
9 0.0265627132 0.0241150188 0.0339385003 0.0254339472 0.0234851163 0.0416542399 0.0281910264 0.0186534097 0.0184323786 0.0171418076 0.0353666123 0.0383282463 0.0418168421 0.0236382698 0.043022918 0.0331868008 0.0157071635 0.0298086722 0.0268114456 0.0331241297 0.0333997813 0.0604563632 0.0758026194 0.0103375222 0.0386487532 0.0342053132 0.0342275022 0.0209670951 0.0107152697 0.0418782174 0.030673381 0.0302689238 
10 0.0277671033 0.0327592615 0.0368434026 0.0396148121 0.0341219009 0.0389360953 0.018931795 0.029014687 0.0171418076 0.0330021921 0.0379965236 0.0260361046 0.0459237557 0.0214774202 0.0241350848 0.021984732 0.0304739674 0.049709074 0.0146637371 0.0368348096 0.0526018632 0.0188762551 0.0128940071 0.0464219156 0.0295426214 0.0581778947 0.0357051893 0.0122232535 0.037689394 0.0399311452 0.0077304987 0.0308376958 
11 0.0084976878 0.0465478186 0.0400184663 0.0364303749 0.037907565 0.0368127505 0.0405827686 0.0259127914 0.0353666123 0.0379965236 0.0338356789 0.0249499245 0.0167254143 0.0423007634 0.0656969552 0.0609001591 0.0228547201 0.0030698595 0.0102482193 0.0135684052 0.0300857951 0.015579296 0.0321215537 0.0142831817 0.0433562802 0.0436192283 0.0179999103 0.0685700483 0.0067483982 0.0365103984 0.0165507206 0.0343517304 
12 0.0512868969 0.0290277187 0.0114314753 0.0062026077 0.0326016116 0.0269020556 0.0150164845 0.0337869509 0.0383282463 0.0260361046 0.0249499245 0.0156900102 0.040217623 0.0451662731 0.0272138397 0.0183333056 0.0508652814 0.0507058165 0.0288943612 0.0497352254 0.0289730216 0.0462423216 0.0462002629 0.0177200822 0.0368176305 0.0425105632 0.0186430116 0.0256403973 0.0438828429 0.0274985619 0.0336097018 0.0098697895 
13 0.0270958194 0.0426285472 0.0251216164 0.028654613 0.0099674203 0.0251278564 0.0272994256 0.0532739705 0.0418168421 0.0459237557 0.0167254143 0.040217623 0.0413890933 0.037895883 0.0335402331 0.0274231645 0.0245714169 0.0281451152 0.0366488179 0.0339840851 0.0177298316 0.0100365481 0.0532892342 0.0438145061 0.052892768 0.0331367617 0.0162670188 0.0372216676 0.0296165581 0.0289447671 0.0126759474 0.0169236782 
14 0.0138220958 0.0267223724 0.0246838338 0.032847181 0.042245777 0.0324918787 0.0374326452 0.0237978157 0.0236382698 0.0214774202 0.0423007634 0.0451662731 0.037895883 0.0123385447 0.0443812463 0.047340932 0.0402498953 0.0205457597 0.0564670753 0.0172593767 0.0489771482 0.0148778518 0.0280918014 0.0197196518 0.0465777011 0.0310539041 0.023512278 0.0309793531 0.0204548364 0.0186624453 0.039157146 0.0348308435 
15 0.034909234 0.0453953447 0.0074015125 0.0326149459 0.0435184259 0.0091144635 0.0335663209 0.0315225106 0.043022918 0.0241350848 0.0656969552 0.0272138397 0.0335402331 0.0443812463 0.0 0.0256710735 0.0327970267 0.0312425154 0.0349266819 0.0293492429 0.0200039848 0.0137673269 0.0348271438 0.0367354345 0.0299686237 0.0206798756 0.0514637334 0.0261258322 0.0063668965 0.0252138585 0.045085077 0.0597426376 
16 0.0344784525 0.0231960633 0.0323540508 0.0327403097 0.0480402392 0.0227700152 0.0235679414 0.0287059749 0.0331868008 0.021984732 0.0609001591 0.0183333056 0.0274231645 0.047340932 0.0256710735 0.0339797866 0.0257532144 0.0095173648 0.0340262257 0.0124232896 0.0186124834 0.0158215183 0.0228837251 0.0522110966 0.0357973427 0.0312660162 0.0192348992 0.0360594663 0.0616328173 0.0158235231 0.0497433102 0.0445207061 
17 0.0396938075 0.0264874846 0.0391113063 0.0242855735 0.0279960607 0.0243253808 0.0455720528 0.0400729084 0.0157071635 0.0304739674 0.0228547201 0.0508652814 0.0245714169 0.0402498953 0.0327970267 0.0257532144 0.0297120344 0.0217783116 0.0331785615 0.0287748608 0.0272058808 0.0350936798 0.0487413094 0.0335582115 0.0288734977 0.0046239987 0.0321306973 0.0434121189 0.0112989576 0.0440340851 0.0308150717 0.035951463 
18 0.0334142496 0.0274160856 0.0188598275 0.0445978721 0.0516761714 0.054127035 0.0302308791 0.0102361947 0.0298086722 0.049709074 0.0030698595 0.0507058165 0.0281451152 0.0205457597 0.0312425154 0.0095173648 0.0217783116 0.0201514626 0.0225628363 0.0359520658 0.0274361042 0.0311091912 0.024248108 0.0369882856 0.0326387781 0.0321008193 0.0222096407 0.0426598633 0.0590994172 0.0323694334 0.0233281317 0.0420650585 
19 0.0247399862 0.0266964366 0.0658962952 0.020426008 0.0453061924 0.0334727559 0.0235099831 0.0285198677 0.0268114456 0.0146637371 0.0102482193 0.0288943612 0.0366488179 0.0564670753 0.0349266819 0.0340262257 0.0331785615 0.0225628363 0.0035761254 0.0366598438 0.0202679111 0.025616227 0.0324080386 0.0315978526 0.0363761292 0.0274624242 0.0621009765 0.0147658785 0.0436779806 0.0350158615 0.0194839264 0.0439953377 
20 0.0095883506 0.0192894852 0.0408986366 0.0319123025 0.0284539983 0.0314542774 0.056924591 0.0305335102 0.0331241297 0.0368348096 0.0135684052 0.0497352254 0.0339840851 0.0172593767 0.0293492429 0.0124232896 0.0287748608 0.0359520658 0.0366598438 0.0471894079 0.0496920364 0.0270388382 0.0327527507 0.0295801229 0.0241847312 0.0428579071 0.031064673 0.0135908463 0.025122481 0.0423041172 0.0339951577 0.0239064441 
21 0.0380813028 0.0382324458 0.0349514416 0.0249664998 0.0338069533 0.0279477357 0.0178273582 0.0684399962 0.0333997813 0.0526018632 0.0300857951 0.0289730216 0.0177298316 0.0489771482 0.0200039848 0.0186124834 0.0272058808 0.0274361042 0.0202679111 0.0496920364 0.0493473557 0.0230478439 0.0063537719 0.0290824507 0.0377202667 0.0252124422 0.0268209056 0.0231589266 0.0317019866 0.0257892468 0.0199252239 0.0426000041 
22 0.0347109706 0.0533242174 0.0414173005 0.0322005118 0.044200316 0.0190677846 0.0413364658 0.0319726822 0.0604563632 0.0188762551 0.015579296 0.0462423216 0.0100365481 0.0148778518 0.0137673269 0.0158215183 0.0350936798 0.0311091912 0.025616227 0.0270388382 0.0230478439 0.0405742959 0.0464809721 0.025671528 0.0383214078 0.0220974504 0.0428620162 0.0187897543 0.0339422106 0.0510078924 0.0246480423 0.0198109203 
23 0.0356109958 0.016215579 0.0550561466 0.0237731706 0.0310690852 0.0177692435 0.0442031057 0.020108463 0.0758026194 0.0128940071 0.0321215537 0.0462002629 0.0532892342 0.0280918014 0.0348271438 0.0228837251 0.0487413094 0.024248108 0.0324080386 0.0327527507 0.0063537719 0.0464809721 0.0428295691 0.0264673227 0.0282015021 0.0311478501 0.0232092048 0.0258221189 0.0156045402 0.0130937885 0.0323795989 0.020343417 
24 0.0154767473 0.0349335849 0.0220845085 0.0415452458 0.0422921777 0.0383812823 0.0252945548 0.021973403 0.0103375222 0.0464219156 0.0142831817 0.0177200822 0.0438145061 0.0197196518 0.0367354345 0.0522110966 0.0335582115 0.0369882856 0.0315978526 0.0295801229 0.0290824507 0.025671528 0.0264673227 0.0872023616 0.0297345004 0.0387080794 0.0170148244 0.0365866385 0.0296533082 0.0328989572 0.0180785866 0.0139520747 
25 0.0169447921 0.0196113171 0.0310502859 0.0265531899 0.0267824658 0.0236966824 0.0449975901 0.0248696751 0.0386487532 0.0295426214 0.0433562802 0.0368176305 0.052892768 0.0465777011 0.0299686237 0.0357973427 0.0288734977 0.0326387781 0.0363761292 0.0241847312 0.0377202667 0.0383214078 0.0282015021 0.0297345004 0.0277145758 0.0277319204 0.0297460664 0.0349491626 0.025043844 0.0199707488 0.0202944668 0.0303906828 
26 0.0258583449 0.0400808011 0.0104836798 0.0421152652 0.0363755353 0.0427398292 0.0273273684 0.0157487177 0.0342053132 0.0581778947 0.0436192283 0.0425105632 0.0331367617 0.0310539041 0.0206798756 0.0312660162 0.0046239987 0.0321008193 0.0274624242 0.0428579071 0.0252124422 0.0220974504 0.0311478501 0.0387080794 0.0277319204 0.0144373932 0.0131243475 0.0848585083 0.0525584483 0.0100842621 0.0186330697 0.0189819806 
27 0.0309843795 0.0424362739 0.0236907668 0.0437783839 0.019082761 0.0479798799 0.0256588218 0.0313254572 0.0342275022 0.0357051893 0.0179999103 0.0186430116 0.0162670188 0.023512278 0.0514637334 0.0192348992 0.0321306973 0.0222096407 0.0621009765 0.031064673 0.0268209056 0.0428620162 0.0232092048 0.0170148244 0.0297460664 0.0131243475 0.0452068518 0.0204741617 0.0442486063 0.0200434104 0.0402085137 0.0475448372 
28 0.0328645026 0.0279951065 0.0017997116 0.0206613437 0.0388569654 0.042862973 0.0152271358 0.0315200519 0.0209670951 0.0122232535 0.0685700483 0.0256403973 0.0372216676 0.0309793531 0.0261258322 0.0360594663 0.0434121189 0.0426598633 0.0147658785 0.0135908463 0.0231589266 0.0187897543 0.0258221189 0.0365866385 0.0349491626 0.0848585083 0.0204741617 0.0409317581 0.0363795069 0.0259129431 0.0385278841 0.0296050261 
29 0.0247220027 0.0319152598 0.0217904551 0.0269193636 0.0383741803 0.0208107243 0.0281577709 0.0538346326 0.0107152697 0.037689394 0.0067483982 0.0438828429 0.0296165581 0.0204548364 0.0063668965 0.0616328173 0.0112989576 0.0590994172 0.0436779806 0.025122481 0.0317019866 0.0339422106 0.0156045402 0.0296533082 0.025043844 0.0525584483 0.0442486063 0.0363795069 0.0314798862 0.0262745116 0.0267264555 0.0435564568 
30 0.0253429264 0.0172036356 0.0490526288 0.0439632345 0.0369630368 0.0172457668 0.0101384996 0.0523213239 0.0418782174 0.0399311452 0.0365103984 0.0274985619 0.0289447671 0.0186624453 0.0252138585 0.0158235231 0.0440340851 0.0323694334 0.0350158615 0.0423041172 0.0257892468 0.0510078924 0.0130937885 0.0328989572 0.0199707488 0.0100842621 0.0200434104 0.0259129431 0.0262745116 0.0806254913 0.0390080882 0.0148731932 
31 0.027074605 0.0377248263 0.0029345756 0.0428275321 0.0485326819 0.0391513324 0.0342170212 0.0457604477 0.030673381 0.0077304987 0.0165507206 0.0336097018 0.0126759474 0.039157146 0.045085077 0.0497433102 0.0308150717 0.0233281317 0.0194839264 0.0339951577 0.0199252239 0.0246480423 0.0323795989 0.0180785866 0.0202944668 0.0186330697 0.0402085137 0.0385278841 0.0267264555 0.0390080882 0.065310982 0.0351879959 
32 0.0363987325 0.042992272 0.0575774575 0.0253460662 0.0152755826 0.0280912276 0.0258942521 0.0123779837 0.0302689238 0.0308376958 0.0343517304 0.0098697895 0.0169236782 0.0348308435 0.0597426376 0.0445207061 0.035951463 0.0420650585 0.0439953377 0.0239064441 0.0426000041 0.0198109203 0.020343417 0.0139520747 0.0303906828 0.0189819806 0.0475448372 0.0296050261 0.0435564568 0.0148731932 0.0351879959 0.0319355289 
