128
1 0.0039112508 0.0068514753 0.0078926079 0.0078293196 0.006783324 0.0082661279 0.007526138 0.0072877421 0.0056155863 0.0110101173 0.0126672308 0.0073840506 0.0052327459 0.005763428 0.0025661583 0.0125629117 0.0073818491 0.0064194401 0.0061528537 0.0143660248 0.0052563104 0.0055812029 0.0055465973 0.0079162128 0.0052269767 0.0061233241 0.0099866882 0.010122942 0.0078341351 0.010990879 0.0111052294 0.0075354733 0.0063712317 0.0035017003 0.0090142373 0.0067992374 0.0035990672 0.0074918028 0.0109932891 0.0055946887 0.0066459569 0.009605527 0.004372206 0.0056306038 0.0084745189 0.0054600975 0.0098973595 0.005656494 0.0136760492 0.0073083388 0.0074994836 0.0072061274 0.0073373146 0.0070686665 0.0111317545 0.0038405298 0.0070054778 0.0065107903 0.0095741466 0.0094698756 0.0129865884 0.0047122944 0.0052206697 0.0045182185 0.0110719084 0.0061268849 0.0055483382 0.0088460968 0.0072007887 0.0143264819 0.0088285424 0.0104766352 0.0077641192 0.0106467082 0.0024983629 0.0128510859 0.0049582155 0.011287662 0.0116749718 0.0049424255 0.0091863155 0.0089917208 0.0041198385 0.0038423377 0.0070141925 0.008749064 0.0123857617 0.0053345992 0.0098636872 0.010301528 0.0132613024 0.0072982574 0.0045905141 0.0122785685 0.0095255702 0.0081707704 0.0054312998 0.0049198248 0.0089215237 0.0052723546 0.0048214603 0.0053235068 0.0068779284 0.0029803478 0.0093976187 0.0049732109 0.0050735936 0.0114127148 0.0099123698 0.0055917185 0.005916386 0.0111654948 0.0075558532 0.0055625464 0.0119788588 0.0092711816 0.005800484 0.0112769812 0.0104420259 0.0079964433 0.0052991338 0.0048040396 0.0138827943 0.0089416539 0.0082947501 0.0111885919 0.0051775365 0.0097018196 
2 0.0068514753 0.019086257 0.0065282517 0.0077558172 0.0066953605 0.0104356862 0.0083483156 0.0048875736 0.0082271526 0.0127397659 0.0095486177 0.0109861487 0.0083498413 0.0061930055 0.0091195328 0.0083034254 0.0044206714 0.0032400771 0.0077727074 0.0118257007 0.0087859995 0.0038477566 0.0047370865 0.0139856219 0.0070694677 0.0089743969 0.0027447306 0.0047375084 0.0102755276 0.0077665554 0.0117045536 0.0085570325 0.0111380053 0.0072785834 0.0114885136 0.0055525109 0.0064085328 0.0096770553 0.0072428684 0.0060715349 0.0104246181 0.012776442 0.006538627 0.0072056773 0.0066298917 0.0128499194 0.0080768749 0.0031636821 0.0154358863 0.0046329459 0.0072735587 0.0127253843 0.0052217142 0.0110505567 0.0066079201 0.0089352565 0.0128452036 0.0025628147 0.0081168531 0.0095864869 0.0125901634 0.0049116258 0.0096696204 0.009830178 0.0097157538 0.0086224207 0.0054876479 0.0084980077 0.0041906311 0.0106783694 0.0043229479 0.007917559 0.0070411367 0.0051866784 0.0031721514 0.009592457 0.0061146496 0.0069044743 0.0052530048 0.0100001562 0.0098352108 0.0074990295 0.0093571642 0.0078451816 0.0112870457 0.0084415351 0.0090594689 0.0027371676 0.0026259592 0.00732884 0.0052501371 0.0051571871 0.0037733194 0.0036235018 0.0062546877 0.0036222718 0.0089655407 0.008493136 0.0101527495 0.007512953 0.0108489177 0.0079341132 0.0035853297 0.0054481052 0.0040685484 0.0088041217 0.0125896769 0.0057041072 0.0052084801 0.0097216108 0.0074417723 0.0075930735 0.0079391365 0.009391107 0.0112491639 0.0047032196 0.0037848445 0.0068112839 0.0048274058 0.0033560524 0.0090189888 0.0057995878 0.0091553718 0.0064665603 0.0052361275 0.0122376625 0.0136420015 0.0068923709 
3 0.0078926079 0.0065282517 0.0087715286 0.0117176774 0.0089104516 0.005462934 0.0045535781 0.015152817 0.003654431 0.0095510499 0.0030147241 0.0045196396 0.0043357583 0.0092260699 0.0109943733 0.0069502208 0.0068203565 0.0058378741 0.0093944152 0.0154416951 0.0031842827 0.0087685119 0.0118087525 0.005086454 0.0086973826 0.0073493983 0.0073382252 0.0079615637 0.0107545562 0.009179468 0.0071911817 0.0067406225 0.0063076328 0.0067597195 0.0084973063 0.0097243758 0.0058516232 0.0046010323 0.0083445368 0.0094484594 0.005722095 0.0049677654 0.0073339469 0.0093584773 0.004719667 0.0112341689 0.0100739862 0.008193228 0.0077202016 0.0042137855 0.0059438809 0.0060587795 0.0071622373 0.0030038707 0.0094435284 0.0086811839 0.0020882719 0.0109367794 0.00953684 0.0054338369 0.0051573848 0.0075459097 0.0057872959 0.0062627349 0.0099521328 0.0045712483 0.011199863 0.0109693883 0.0087682089 0.0051969098 0.0034962186 0.0081574946 0.0031371852 0.0075528656 0.0094290148 0.0087989765 0.0024253795 0.0113245172 0.0077922252 0.0143540545 0.0037629741 0.005234279 0.0045002755 0.0088169703 0.0143157519 0.0060594854 0.0095930001 0.0048796916 0.0060788682 0.00327688 0.0078637142 0.0053138626 0.0116080399 0.0167481673 0.0090524994 0.0135741243 0.0086016985 0.0080552647 0.0063768338 0.0084774988 0.0112745594 0.0043189092 0.0097037144 0.0134147153 0.0123379671 0.0078777943 0.0028384398 0.0075809711 0.006571082 0.0103141982 0.0108779941 0.0069384897 0.0068002605 0.0061379835 0.0052682311 0.011429931 0.0048897696 0.0068760132 0.0090770373 0.0090254556 0.0061246333 0.0092399105 0.0128828359 0.0088851075 0.0071207178 0.0073044356 0.0098305723 0.0068373127 
4 0.0078293196 0.0077558172 0.0117176774 0.0081788254 0.0069715277 0.0065858517 0.0078191498 0.011557241 0.0060241705 0.0079848684 0.0060208751 0.010325679 0.0060561887 0.0041746523 0.0070281082 0.0075134014 0.0125051248 0.0071135009 0.0082934371 0.0134469042 0.007786966 0.0073500455 0.0026851393 0.0086811689 0.0135532575 0.0041943596 0.0111499896 0.0070915901 0.007690329 0.0039265935 0.0098173087 0.0085396455 0.0096396778 0.0096692756 0.012912349 0.0067803667 0.0053700777 0.010412397 0.0088754129 0.0120950721 0.0042895464 0.0080665224 0.0092199356 0.0043315094 0.009962893 0.0083345763 0.0063996643 0.0088565641 0.0067025704 0.0071226892 0.0074846118 0.0136446052 0.0044380731 0.0078188148 0.0044623017 0.005070692 0.0076491288 0.0035535907 0.0077787185 0.0065050876 0.006060671 0.0079614982 0.0058651232 0.0055659707 0.0038832778 0.014813489 0.0059956172 0.0090293681 0.012905589 0.0070853619 0.0056521279 0.0064209007 0.0084485012 0.0063602654 0.0045542236 0.0145425067 0.0087920088 0.0081848963 0.0075453911 0.0054407851 0.0039873279 0.0072727083 0.0088688077 0.0099437336 0.0114457397 0.0050190095 0.0093819836 0.0111236352 0.008909435 0.0064277092 0.0049019097 0.0062905234 0.0055027414 0.0087487377 0.0074944773 0.0086175275 0.008889273 0.0080615329 0.0088642702 0.0080508831 0.0072993155 0.0047493471 0.0056496935 0.0073099811 0.0037313804 0.0059069659 0.0071261552 0.0074990344 0.0074588922 0.0111247855 0.0061819619 0.0084265012 0.0076263774 0.0093845001 0.0106831245 0.0067441476 0.0093098995 0.0059389988 0.0072964395 0.0087082536 0.0090665071 0.0065151122 0.0059594727 0.0133383942 0.0066153657 0.0049974262 0.0069435965 0.0106833939 
5 0.006783324 0.0066953605 0.0089104516 0.0069715277 0.0065306275 0.0043288182 0.0080258183 0.0094158632 0.0055958357 0.0097948399 0.0037197068 0.0067352676 0.0117610712 0.004533001 0.0073451198 0.0056326054 0.0085892396 0.0085701323 0.0072416906 0.0085178627 0.0023219876 0.0080877716 0.0068344773 0.0053892578 0.0037713496 0.0058994757 0.004930346 0.0078680275 0.0046496219 0.0093143702 0.0112711898 0.0052574072 0.0082640224 0.0033801254 0.0035048447 0.0088529044 0.0040118579 0.0078007926 0.009387642 0.007177806 0.0040206272 0.0068198953 0.0088146223 0.0116427663 0.0082332524 0.0066521197 0.0094847303 0.006361868 0.0123317739 0.0160824483 0.0074798767 0.005684978 0.009881372 0.006395019 0.0052622594 0.0087733346 0.0069440307 0.0079763757 0.0143060751 0.0071833692 0.0143806575 0.0068348482 0.0121718874 0.0091627917 0.0074843362 0.0072777303 0.0074042948 0.010636889 0.0051511973 0.0101859625 0.0073352531 0.0051862887 0.005814902 0.012282262 0.0032856746 0.0070761373 0.0065829145 0.0066566016 0.0101910891 0.0090690211 0.0069790556 0.0087121676 0.0060599536 0.00699298 0.0067069749 0.0080638675 0.0090231099 0.0080179042 0.0043637275 0.0099402623 0.0054574057 0.0049437115 0.0135199903 0.0089167676 0.0131503926 0.0079159808 0.0076370276 0.0100876468 0.0061116101 0.0135233323 0.0126250326 0.010729529 0.0102227705 0.0058824769 0.0065431436 0.0046662161 0.0091541223 0.0047696781 0.0050393137 0.0082378106 0.0100038788 0.0065996395 0.0083684756 0.0101514984 0.0066121725 0.0050132247 0.0113979184 0.0089138158 0.0126022273 0.0101303393 0.0104957335 0.0036356295 0.0094421969 0.0080859822 0.0046748979 0.0074544885 0.0104561299 0.0037928147 
6 0.0082661279 0.0104356862 0.005462934 0.0065858517 0.0043288182 0.0074209826 0.0074183753 0.006895111 0.0105357286 0.0083969026 0.0065824673 0.0059922555 0.0034887469 0.0113634478 0.0066966294 0.0152654287 0.0023017217 0.0115688729 0.0100891057 0.0107264091 0.0066363638 0.0051418537 0.0104094875 0.0105653868 0.0051378014 0.0075478315 0.0054628328 0.0064940358 0.0086039568 0.0050269582 0.0064104295 0.0073519821 0.0072563844 0.0088792199 0.0041320742 0.012581213 0.0033527971 0.0066541479 0.0105529232 0.0078691306 0.0071206916 0.0045351196 0.0096498007 0.0081322483 0.0095448893 0.0046159733 0.0016598574 0.0092010161 0.0105322466 0.0094816962 0.004341313 0.0072169254 0.0086871759 0.0121451199 0.0055764276 0.0093918883 0.00900925 0.0127562247 0.007015165 0.0082663366 0.0114670808 0.004498713 0.0100433104 0.0113102354 0.0043761219 0.0058726449 0.007826283 0.009843833 0.0110166887 0.0055203426 0.0114621217 0.0089855577 0.0058763052 0.0128712906 0.0105803949 0.0094023385 0.006872731 0.0091477341 0.0059205368 0.0043674018 0.0098514383 0.0064970164 0.00974577 0.0121185893 0.0135376654 0.0138836941 0.0048406948 0.0053360042 0.010277912 0.0073633089 0.0031638154 0.0052638446 0.007568393 0.0121384473 0.0071051986 0.0063374789 0.0122083602 0.0009895273 0.0071867282 0.0137569532 0.0039044934 0.0042947412 0.0061164536 0.0063979867 0.0099127576 0.0101271221 0.0130356579 0.0074437527 0.0069861574 0.0029825567 0.0074818291 0.0087720345 0.0134018625 0.011767705 0.0099261709 0.0071641664 0.0060729784 0.0051371238 0.0049153677 0.0068632921 0.0050403822 0.0068083189 0.0039074816 0.007467336 0.0055780177 0.0016124467 0.0080265537 0.0076549691 
7 0.007526138 0.0083483156 0.0045535781 0.0078191498 0.0080258183 0.0074183753 0.0089912377 0.0094939262 0.0109748087 0.0076625986 0.0084720818 0.007808738 0.005643233 0.0107080763 0.008683873 0.0069527423 0.003891571 0.019432649 0.0043081149 0.0058809572 0.0070915436 0.0083252302 0.0101877326 0.012738951 0.0055274618 0.005066387 0.0057899157 0.004832206 0.0056818831 0.0089141182 0.0065394238 0.0067305432 0.0071334535 0.0088326898 0.0103838879 0.0057483438 0.0057856841 0.005639812 0.0056949452 0.0071298923 0.0087109213 0.0067986417 0.0089268358 0.0104045388 0.0097113086 0.0073422044 0.0019284978 0.0065002556 0.0123351646 0.0074038874 0.0068126477 0.0085241664 0.0057711981 0.0080628362 0.0037739776 0.0084756774 0.0076869318 0.0117370072 0.0082746255 0.0060808345 0.009409126 0.0078073104 0.0059431256 0.0101693354 0.0058228769 0.0052973281 0.0064325248 0.0117768069 0.0111670795 0.0075651479 0.003922374 0.0044815127 0.0068131385 0.0080375491 0.0119033911 0.0180528611 0.0039825073 0.0076471041 0.0070381628 0.0083725698 0.0079079379 0.0111939502 0.0076152726 0.014357026 0.0117548714 0.0045818012 0.0097606857 0.0056549029 0.0088344188 0.0084709441 0.01012913 0.0073316879 0.0075485208 0.0123799665 0.0046975263 0.0105520118 0.0051478288 0.0120675893 0.0100644996 0.0051797903 0.0029966226 0.0108925647 0.0072503339 0.0066885249 0.0070857009 0.0079609099 0.0102088545 0.0088337771 0.0031699555 0.0077446019 0.0066352083 0.0042954414 0.0059097675 0.0123645912 0.0064298853 0.0046049601 0.0066591033 0.012111906 0.0080345243 0.0053107666 0.0033928994 0.0068762721 0.0056986332 0.0078202865 0.0100073694 0.0106821364 0.0028304211 0.008999542 
8 0.0072877421 0.0048875736 0.015152817 0.011557241 0.0094158632 0.006895111 0.0094939262 0.0086953376 0.0103452059 0.0038810191 0.0074592003 0.0082331765 0.0082506073 0.0107264071 0.0075726617 0.0130423531 0.0065060825 0.0060124875 0.0032414232 0.0078116564 0.0084486911 0.0086287871 0.0036255838 0.0131982045 0.013476678 0.0055941077 0.007278544 0.006606653 0.001909663 0.0089023583 0.0041171691 0.0084366103 0.0048588195 0.0078217584 0.0052802454 0.005480131 0.0081546682 0.004656125 0.0030376942 0.0045907373 0.009972419 0.0095813842 0.0090025792 0.0127933809 0.0080815167 0.005968665 0.0088040671 0.0037952439 0.0053547394 0.011859009 0.0033515329 0.0077334461 0.0088677067 0.0060863401 0.0037795193 0.0097916544 0.0060392524 0.0089261233 0.0064626208 0.0105852313 0.0157424699 0.0066738065 0.0046423854 0.0062659819 0.0091941329 0.0058803315 0.0046086722 0.0090791406 0.0153336668 0.0027967893 0.0033572284 0.0063943259 0.0104141921 0.0172761377 0.0108541743 0.0046100368 0.0100183513 0.0044446847 0.0018155669 0.0107016613 0.0088575893 0.0068517011 0.0094024024 0.0164245333 0.0134833687 0.007860947 0.0083333421 0.0014347734 0.0140052784 0.0127830802 0.0062091515 0.0090479388 0.0071705108 0.0079491736 0.0066370414 0.0060854575 0.0050784741 0.0113697196 0.0131889717 0.0076665055 0.0075611184 0.002206808 0.0131393727 0.0077936127 0.0044034754 0.0068366614 0.0083451817 0.00769835 0.0106139392 0.0095373781 0.0142062486 0.0081744354 0.0048478196 0.0062461324 0.009634526 0.0078042246 0.005915084 0.0059021002 0.0075132309 0.0055737339 0.0037978833 0.0071905384 0.0049028427 0.0060669725 0.0062623741 0.0089040378 0.0063091365 0.0052615319 
9 0.0056155863 0.0082271526 0.003654431 0.0060241705 0.0055958357 0.0105357286 0.0109748087 0.0103452059 0.0075334983 0.007056058 0.0095561055 0.0092201676 0.0066398182 0.0032866278 0.007011945 0.0097795667 0.0061179109 0.0084335992 0.0064863901 0.0096726667 0.0071543024 0.0028218129 0.0087756489 0.0062550182 0.0133962506 0.004750761 0.0134847932 0.0121850441 0.0098965091 0.0017033612 0.0180563481 0.0080443454 0.0089644396 0.0084783985 0.0094288403 0.0050361244 0.0074611394 0.0050806623 0.0053547779 0.0061033488 0.006020568 0.0058143224 0.0053705741 0.0083736133 0.0116501862 0.0055694181 0.0113534309 0.0027292516 0.0063051125 0.0043006974 0.0070163375 0.0086274644 0.0084379985 0.0099614678 0.0062661595 0.0091778026 0.007231777 0.0073590852 0.0105576913 0.0061524632 0.0064152235 0.0077603603 0.0037033602 0.0091973685 0.006261183 0.0136488162 0.0082269137 0.0084236242 0.0060850867 0.0076321845 0.0108228478 0.0136341877 0.0108601391 0.0064437671 0.0059446259 0.0052984891 0.0027458782 0.0089929677 0.0075703408 0.0077150591 0.0082701373 0.0128456542 0.0074912253 0.0019131051 0.0066640738 0.0052520788 0.0050440159 0.0093535135 0.0106930412 0.0073997724 0.009335667 0.0129559259 0.0037165375 0.0118965797 0.0087806438 0.0121025753 0.0044673229 0.0095085811 0.0060955816 0.0096985205 0.0024320298 0.0114457799 0.007955868 0.0067289383 0.0077520156 0.0089715121 0.007601127 0.0077862038 0.0038869918 0.002973744 0.0082620077 0.0080714594 0.007101872 0.0076832213 0.0030713541 0.0060264204 0.0085268195 0.0097382054 0.0172136487 0.0088412425 0.0062025953 0.0058977551 0.0077563535 0.0119067123 0.008143562 0.0050347828 0.0107273378 0.008918843 
10 0.0110101173 0.0127397659 0.0095510499 0.0079848684 0.0097948399 0.0083969026 0.0076625986 0.0038810191 0.007056058 0.0070325564 0.0050751752 0.0067791379 0.0073327603 0.0085366108 0.0072001055 0.006586669 0.0066700755 0.0087541303 0.0049060459 0.0102625373 0.0066895672 0.005569224 0.0066405778 0.0141248791 0.0066449763 0.0045434408 0.0069239147 0.0055336581 0.0032353752 0.005548839 0.0072096091 0.0075880855 0.0061239247 0.0139544382 0.0055749751 0.0085084575 0.0074795136 0.0067379183 0.0062879735 0.0110772859 0.0126271195 0.0096725057 0.0124784179 0.0073245842 0.0125545192 0.0062143049 0.0100346997 0.0038225409 0.0041062988 0.0098427279 0.0068952114 0.0074807066 0.0075631986 0.0134066892 0.0088959445 0.0111381925 0.0060256647 0.0085927196 0.0036268172 0.0081243191 0.0047463815 0.0106036453 0.0077133248 0.0101425644 0.0067041929 0.0068116009 0.0111518886 0.0091273535 0.0063065717 0.0059387159 0.006818541 0.0062156028 0.0053757184 0.0063067928 0.0055172142 0.0025408784 0.0104442096 0.0056565893 0.0125768775 0.0052556861 0.0144319619 0.0055995082 0.0116070237 0.0101628878 0.0057729489 0.0058803418 0.0084520027 0.0130183117 0.0038833714 0.0042925354 0.0062650075 0.0085117983 0.0062164714 0.0054969984 0.0075419931 0.0114072314 0.0068201982 0.0122596734 0.0099771071 0.0074380761 0.0147298665 0.0092805939 0.0091928438 0.0120115515 0.0104326511 0.0117248943 0.0057175475 0.0016421525 0.0104615118 0.0085961982 0.0121124098 0.0086566289 0.00777479 0.0026892914 0.0058234487 0.0043521065 0.0090902324 0.0107628649 0.0044647985 0.0085672936 0.0076439151 0.0050997706 0.0057195599 0.0054562596 0.00690861 0.0039945685 0.0084737828 0.0039932203 
11 0.0126672308 0.0095486177 0.0030147241 0.0060208751 0.0037197068 0.0065824673 0.0084720818 0.0074592003 0.0095561055 0.0050751752 0.0085236319 0.0028658724 0.0067612371 0.0129506785 0.0028954387 0.0034998069 0.0128403577 0.0047405511 0.0109275473 0.008051158 0.0106589365 0.0129667668 0.0067661165 0.0064503573 0.0102731147 0.0109725607 0.0070444641 0.010880048 0.0099438956 0.0107915741 0.0078538055 0.0016959946 0.0088646349 0.0037164926 0.0100101543 0.0082762688 0.0058188841 0.0054648721 0.0152669694 0.0080571632 0.0188642896 0.0113801595 0.0063533604 0.0052487706 0.0058092919 0.0138491555 0.0064200757 0.0144038181 0.0133914919 0.0086814212 0.0079452044 0.0078971054 0.0088618912 0.0088635297 0.0036609637 0.0097098435 0.0062253715 0.0087231366 0.0087508544 0.0091507417 0.0066693071 0.0033850362 0.0057574366 0.0071335777 0.0094482898 0.008815308 0.0068663944 0.0120599595 0.0128719788 0.0077235741 0.0040599134 0.0053843679 0.0037640746 0.0071467759 0.0045018638 0.0047634872 0.0127948196 0.0079710715 0.0132686405 0.0043161618 0.0047385353 0.0082566309 0.0052037793 0.0085084278 0.0119447045 0.0132037676 0.0126891701 0.0113782809 0.0139273965 0.0054341398 0.0036133594 0.0097062839 0.0061050377 0.0072553604 0.0119511015 0.0029168243 0.0042032557 0.0024025651 0.0074205436 0.0052113956 0.0061557498 0.0062845802 0.0068087289 0.0087474947 0.0050593891 0.0083003723 0.0063100161 0.0058589839 0.003710729 0.0036317133 0.0064126524 0.0045773691 0.0086179928 0.0074774658 0.006779172 0.0118952653 0.0051257019 0.0056118042 0.0121681175 0.0057975473 0.0086921338 0.0043885521 0.0063297806 0.0081271373 0.007080285 0.0055437986 0.0060536341 0.0115452199 
12 0.0073840506 0.0109861487 0.0045196396 0.010325679 0.0067352676 0.0059922555 0.007808738 0.0082331765 0.0092201676 0.0067791379 0.0028658724 0.0052799901 0.004640364 0.012430488 0.0050099513 0.0099007584 0.0084490198 0.0150952684 0.0127557419 0.0112865104 0.0056152285 0.0102468167 0.0057770742 0.0118653257 0.0062857298 0.007814336 0.0074078054 0.0095836945 0.0071921658 0.0063820276 0.0091783627 0.0083316696 0.0094026555 0.008988489 0.006127292 0.0068117693 0.0074475729 0.008952237 0.0067244653 0.0041168713 0.0123162277 0.0092589245 0.0047775907 0.0127493527 0.0066852596 0.0052957172 0.0171934875 0.0058070501 0.0082107809 0.0104996645 0.0051897355 0.0079124686 0.0050424663 0.0050437026 0.0122493834 0.0097384061 0.0068720552 0.0070945033 0.0052095676 0.0087768488 0.0089156219 0.0058607473 0.0062612836 0.0113025564 0.0086915986 0.0089744481 0.0048194444 0.0070183426 0.0069290342 0.0047346196 0.0087079176 0.0084384266 0.0105195608 0.006766687 0.0085908317 0.0015575177 0.0044130865 0.0074419041 0.0059260152 0.0042243329 0.0144943959 0.0077359062 0.0074708483 0.007339439 0.0055133692 0.0050114211 0.008690903 0.0097429041 0.0040000545 0.0068209801 0.0079131483 0.0061606151 0.0089803625 0.0083294284 0.0072526111 0.0108186473 0.0082899286 0.0092039175 0.012488931 0.0103853051 0.0041113269 0.0054575638 0.0086283153 0.0055598292 0.0062347158 0.0096836623 0.0056564723 0.0086958354 0.0052130567 0.0063926416 0.0093788998 0.0036829476 0.008074387 0.0095710587 0.0059297887 0.007912122 0.0074457118 0.0045447573 0.0060172702 0.0116083425 0.0057885925 0.0045574006 0.0064123752 0.0132758114 0.0056116335 0.0092433415 0.0098168754 0.0128851648 
13 0.0052327459 0.0083498413 0.0043357583 0.0060561887 0.0117610712 0.0034887469 0.005643233 0.0082506073 0.0066398182 0.0073327603 0.0067612371 0.004640364 0.0037134029 0.0052850705 0.0091290869 0.0107919425 0.0052171723 0.0096905913 0.0088655708 0.0049565401 0.0011951775 0.005431568 0.0102999635 0.0074229635 0.006324323 0.0129615848 0.0155813693 0.0064654174 0.0036475341 0.0057885155 0.0092269304 0.0084254718 0.0084882902 0.0093463613 0.0064228816 0.0101108864 0.0042150725 0.0069403209 0.0065320608 0.0187351804 0.0077715561 0.0068374775 0.009004352 0.0120348598 0.0101498333 0.0109237444 0.0040993287 0.0035264409 0.00425463 0.0101567395 0.0066135915 0.0068764366 0.0090574262 0.0086295149 0.0099171018 0.0088731334 0.0101987433 0.0075138364 0.0084326841 0.0068551829 0.004708707 0.0094972271 0.007288156 0.0067490393 0.0077980505 0.0120878481 0.0090414479 0.0083719971 0.008083893 0.0036158406 0.0090565275 0.0039618256 0.0041578291 0.002532706 0.0104811356 0.0065605314 0.0088730624 0.0082848417 0.0042256431 0.0093627001 0.0118419038 0.0101995251 0.011369243 0.0058620352 0.0053850318 0.0086032117 0.0117894353 0.0110689936 0.0080665312 0.0045267789 0.0040125073 0.0075560005 0.0090358349 0.0079703768 0.0063416795 0.0080439626 0.0124662457 0.0087509437 0.0138685903 0.0083934576 0.0049372224 0.0135326148 0.006005036 0.0066998016 0.0069405588 0.0079872459 0.0120440569 0.0072322107 0.009303358 0.0043230002 0.0077864113 0.0075828241 0.0071872378 0.0103438564 0.0073200072 0.0053515285 0.0045602926 0.0064294584 0.0012947744 0.0114932364 0.012833143 0.0108062679 0.005647558 0.0095260397 0.0082685532 0.0056267146 0.0099584114 0.0076570463 
14 0.005763428 0.0061930055 0.0092260699 0.0041746523 0.004533001 0.0113634478 0.0107080763 0.0107264071 0.0032866278 0.0085366108 0.0129506785 0.012430488 0.0052850705 0.0102883092 0.0024003884 0.0032047813 0.0097614424 0.007793669 0.0055943 0.008240116 0.013257604 0.0079106546 0.0066704476 0.0067829543 0.0062533517 0.0081425619 0.0083791913 0.0086978066 0.0081407071 0.004846044 0.0039265085 0.0076736565 0.0050860676 0.0064326201 0.0098188179 0.0063840132 0.0053767083 0.0062942097 0.0067450072 0.0090220797 0.0038265342 0.0083513059 0.0056443247 0.0013491452 0.0108974481 0.0062972523 0.007620688 0.0074296652 0.0064701538 0.0099610533 0.0088423857 0.0086292879 0.0089326842 0.0091951465 0.0080569601 0.0114202919 0.0060399368 0.0065992615 0.0062756076 0.0068176599 0.0130619562 0.0084509555 0.0083640165 0.0044080663 0.0101644133 0.005801248 0.0014655349 0.0060414055 0.0071158947 0.0065598304 0.0119978663 0.0074584159 0.0076259943 0.0070819738 0.0071307568 0.0013022155 0.0039998799 0.0077802467 0.0075744406 0.0072081052 0.010342394 0.0083244353 0.0066789287 0.0052337732 0.0085892208 0.0044438443 0.0078172425 0.0068197618 0.0070462371 0.0031282386 0.0082040727 0.011570166 0.0111416249 0.0120766266 0.0125429969 0.0054045111 0.005311356 0.011271539 0.00822198 0.0087299987 0.0116396525 0.009375199 0.0103288822 0.0070462435 0.0111145304 0.00515338 0.0125600424 0.0036250694 0.0098492668 0.0064068991 0.0109058707 0.0071550504 0.0117987953 0.0065264335 0.0088708276 0.0074003859 0.0105082283 0.0094977191 0.0053854398 0.0099244552 0.0157719435 0.0087234765 0.0115844268 0.0076617505 0.0085357288 0.0067172353 0.0086917328 0.0067907959 
15 0.0025661583 0.0091195328 0.0109943733 0.0070281082 0.0073451198 0.0066966294 0.008683873 0.0075726617 0.007011945 0.0072001055 0.0028954387 0.0050099513 0.0091290869 0.0024003884 0.0113665903 0.014304452 0.0106352161 0.0079232971 0.006680885 0.0039024751 0.0064447513 0.0063580243 0.0081160078 0.0093764593 0.0066356212 0.0140736267 0.0072554565 0.0053218188 0.0025291921 0.0069899275 0.0028452337 0.0045354215 0.0109690027 0.0077419542 0.0055741332 0.0088180847 0.0037582372 0.0097010449 0.0128402288 0.0059617872 0.011842802 0.0083449162 0.0110840861 0.0097666454 0.00355537 0.0146697081 0.0081419156 0.0076632459 0.0078062558 0.0060393781 0.0023339209 0.0122178356 0.0060076469 0.0043786794 0.0104019565 0.011195928 0.0078470143 0.0059606455 0.0082946709 0.0061464661 0.0078947824 0.0140306976 0.0062781736 0.0078659077 0.0113116751 0.0110087646 0.0117023644 0.0049410801 0.0085711176 0.0078746231 0.0051561026 0.0017871857 0.0052167628 0.0050183712 0.0063706259 0.0077059403 0.0079749973 0.0079393247 0.0083481827 0.0086381933 0.0094438434 0.0038636847 0.0090697249 0.0066103499 0.0141498961 0.0048517529 0.0040908878 0.0097612846 0.006554633 0.0093173638 0.0064892069 0.0134292321 0.0049348081 0.0064392038 0.0122639217 0.0048029178 0.0052266208 0.0082288135 0.002572124 0.0083363498 0.0041863062 0.0074754441 0.0076239986 0.0062215449 0.0090401713 0.0089971829 0.0141894525 0.0111383415 0.0065908398 0.0088059033 0.0104805211 0.0075075639 0.0077027845 0.0092274129 0.0047263862 0.0087430572 0.0055706777 0.0068984171 0.0122481569 0.0096047515 0.0120840467 0.0067447756 0.0096426578 0.0059741017 0.0094924531 0.0071943005 0.0073505059 0.0104553634 
16 0.0125629117 0.0083034254 0.0069502208 0.0075134014 0.0056326054 0.0152654287 0.0069527423 0.0130423531 0.0097795667 0.006586669 0.0034998069 0.0099007584 0.0107919425 0.0032047813 0.014304452 0.0219361742 0.0045361529 0.0022825413 0.0052536045 0.0050838359 0.0060068408 0.0081012323 0.0105134067 0.0071418998 0.0034281112 0.0086202616 0.0093150288 0.0098892873 0.0081212569 0.0109276252 0.0114218537 0.0043195655 0.0091781218 0.007498407 0.0053242471 0.0044939617 0.0119194175 0.0089257619 0.0072047984 0.0076686085 0.0074788691 0.0075681131 0.0034791056 0.0073571252 0.0059125997 0.0070111989 0.0033115203 0.0072885294 0.0081601467 0.0040989168 0.0030419643 0.0104178572 0.0083056724 0.0067326502 0.0035642801 0.0120569374 0.0074282173 0.0142332245 0.0010195298 0.0047428073 0.0032476021 0.0048040791 0.0046225987 0.0068856866 0.0074919483 0.0099119994 0.0025460305 0.0108676748 0.0146507434 0.0104953573 0.0058882567 0.0125100938 0.0084676168 0.0035619498 0.0114997302 0.0052223611 0.0089657194 0.0058351321 0.0093146628 0.0069490807 0.0057403509 0.0124699499 0.0067040519 0.0047972571 0.0069058132 0.007871083 0.0097245199 0.0086379337 0.0107521353 0.0073800637 0.0072426289 0.0054671265 0.0053231158 0.0084996156 0.0057065858 0.0080074471 0.0098910414 0.0047945229 0.001962156 0.0098775848 0.0096791229 0.0027252573 0.0100390116 0.0107085539 0.0094693511 0.0098083596 0.0092227363 0.0093518308 0.0057397896 0.0051824241 0.0076782896 0.0082323962 0.0061389674 0.0109608835 0.0144605111 0.0105102666 0.005889227 0.0064099901 0.0073391416 0.0069107172 0.0067800014 0.0098509278 0.0109370592 0.0044776899 0.0090123179 0.0089426059 0.0066069496 0.0088299809 
17 0.0073818491 0.0044206714 0.0068203565 0.0125051248 0.0085892396 0.0023017217 0.003891571 0.0065060825 0.0061179109 0.0066700755 0.0128403577 0.0084490198 0.0052171723 0.0097614424 0.0106352161 0.0045361529 0.0148041295 0.0084380685 0.0077924304 0.0021869012 0.0070674583 0.0065023291 0.0075994022 0.0095872658 0.0098565292 0.0099701594 0.0091297021 0.0096048663 0.0049991711 0.0060829289 0.0078151815 0.0019042158 0.0146398085 0.0069980694 0.0104257057 0.0085203195 0.0070082712 0.0076662977 0.0036020574 0.0064699752 0.0091268817 0.0060831416 0.0101679231 0.008988621 0.0042008863 0.007324939 0.0073618088 0.010657149 0.0053779303 0.0087589125 0.0055871153 0.0142735428 0.0016480192 0.0126353277 0.0090592654 0.0093982763 0.0098329994 0.007953795 0.0051418725 0.0071886572 0.0084715095 0.0084570104 0.0053527301 0.0049938727 0.0112101654 0.0097002036 0.0092264627 0.0083046963 0.0085434624 0.0103492547 0.0090064918 0.0060367719 0.0045505673 0.0051901981 0.0111074764 0.0078616693 0.0076099186 0.0048244938 0.0102974 0.011471938 0.0052327723 0.0079715554 0.0056294152 0.007202214 0.0079760954 0.0066055938 0.0062222243 0.0084177692 0.0104325854 0.0142072736 0.0071378723 0.0079852982 0.0070602551 0.0052132691 0.006779036 0.0057546026 0.0066274104 0.0129292312 0.0063590228 0.0058424043 0.0024351939 0.0046518412 0.0095700467 0.0043562901 0.0083525418 0.0103816146 0.0069070227 0.0092274285 0.0051227672 0.0092013688 0.0146552175 0.0060003786 0.0071229118 0.0051197858 0.0035447203 0.0084874569 0.0044151337 0.0111650586 0.0067174002 0.0092842718 0.0052330667 0.0099626886 0.0077895985 0.0061108068 0.0096326526 0.0128748744 0.0076351828 0.0138082125 
18 0.0064194401 0.0032400771 0.0058378741 0.0071135009 0.0085701323 0.0115688729 0.019432649 0.0060124875 0.0084335992 0.0087541303 0.0047405511 0.0150952684 0.0096905913 0.007793669 0.0079232971 0.0022825413 0.0084380685 0.007000407 0.0082312241 0.0030763032 0.0034750219 0.0027562863 0.0045046552 0.0027024035 0.0057217302 0.0104084392 0.0057045898 0.0062499312 0.0107249537 0.0028881452 0.0041065599 0.0130529211 0.0111117353 0.0084936574 0.0063897738 0.0078970507 0.0107809278 0.0076902213 0.0111102548 0.0030196037 0.0139264164 0.010636848 0.0073786415 0.0093223706 0.005038798 0.0073973827 0.0068858857 0.0051761871 0.0111599663 0.0070174873 0.0102162527 0.0079943049 0.0038050512 0.0109781575 0.004842681 0.0086376367 0.0098053552 0.00789391 0.0049838962 0.0066658413 0.0097943685 0.0099557936 0.006634872 0.007207187 0.004804953 0.0075598955 0.0074917594 0.0092642195 0.0078098061 0.0044953178 0.0074710808 0.0102046896 0.0062673402 0.007634817 0.0113807047 0.0112259928 0.0063906612 0.0151514231 0.0086806727 0.006903795 0.0092192579 0.0077611613 0.0065390405 0.0071207402 0.0118349013 0.009422408 0.0065378217 0.0037412881 0.006141115 0.0102684872 0.0054235798 0.0099831783 0.0069256704 0.0059314514 0.006803274 0.0069784838 0.0052880748 0.010200711 0.0082173806 0.00960744 0.0049786921 0.0075445146 0.0058532665 0.0077485176 0.0073089055 0.006629345 0.0111323005 0.0103549938 0.0052735333 0.0110913512 0.0118320762 0.0070962127 0.0060806467 0.0076954864 0.0071080982 0.0077680015 0.0055923388 0.0063925872 0.0045437909 0.012389587 0.0101112362 0.0091044436 0.0046675964 0.0103859543 0.0078513833 0.0087001484 0.0070183811 0.0092651793 
19 0.0061528537 0.0077727074 0.0093944152 0.0082934371 0.0072416906 0.0100891057 0.0043081149 0.0032414232 0.0064863901 0.0049060459 0.0109275473 0.0127557419 0.0088655708 0.0055943 0.006680885 0.0052536045 0.0077924304 0.0082312241 0.0070900316 0.00592067 0.00628204 0.0031801091 0.0038706924 0.0058902647 0.0096326641 0.007300467 0.0113634284 0.0117039354 0.0132682432 0.0100143041 0.0116474631 0.0069662819 0.0099129864 0.0092857863 0.0086989179 0.0055898857 0.0097200384 0.0066900025 0.0065752639 0.0042853464 0.0102636967 0.0090046316 0.0049067318 0.0074253687 0.0082325305 0.0063294373 0.007512398 0.0049285766 0.0070406099 0.0075672831 0.0053339183 0.0083616624 0.0086623792 0.0096919213 0.0061662195 0.0082276728 0.0017158701 0.0098541155 0.0083286227 0.0098141056 0.0076248702 0.0087735361 0.0103691736 0.0043262965 0.0100667833 0.0049739098 0.0065425474 0.0107881846 0.0110132651 0.0048976792 0.0108239854 0.0064376651 0.0075507863 0.0101671708 0.0115289359 0.0043357028 0.0042086775 0.0046119233 0.0080814406 0.0134764802 0.0078273471 0.0055669615 0.0062569067 0.0095733643 0.0076639856 0.0052916337 0.0062443239 0.0117369101 0.0088971053 0.0129538532 0.0062811003 0.0049550877 0.0084551342 0.0111017309 0.0062394793 0.0124565907 0.0115480235 0.0066506638 0.0070293894 0.0071503601 0.0072253935 0.0070090576 0.0089244972 0.0068632961 0.0071985485 0.0158491806 0.0066327694 0.0061426962 0.0041331428 0.0051143729 0.0076334359 0.0070471055 0.0117801958 0.004753878 0.0056071671 0.0025396728 0.0062050501 0.0033497775 0.009060833 0.0113152333 0.0078987064 0.0097730536 0.0129113513 0.007672865 0.0087923312 0.0112823664 0.0048601172 0.0097008785 
20 0.0143660248 0.0118257007 0.0154416951 0.0134469042 0.0085178627 0.0107264091 0.0058809572 0.0078116564 0.0096726667 0.0102625373 0.008051158 0.0112865104 0.0049565401 0.008240116 0.0039024751 0.0050838359 0.0021869012 0.0030763032 0.00592067 0.0039794965 0.0115102108 0.0087609715 0.0052628377 0.013132928 0.0053923044 0.0077472289 0.0053213413 0.0096558699 0.0075309854 0.0093377507 0.0101801048 0.0022284381 0.0045372704 0.0058476903 0.0105881265 0.0093955391 0.0101054416 0.0069254128 0.0082940302 0.0087989067 0.0127947458 0.0098668015 0.0022405204 0.0074464027 0.014216681 0.0065131018 0.0058857136 0.0078910287 0.004388824 0.0115134259 0.0078005486 0.0047629659 0.0054700794 0.0083363433 0.0084174659 0.0132161166 0.0090957583 0.0076336805 0.009447571 0.0125646114 0.0113694085 0.0068231182 0.0051307587 0.0071795154 0.0113669959 0.004089663 0.0045729926 0.0086083612 0.0139330002 0.0108217458 0.0131850025 0.0061906914 0.0081358061 0.0056793145 0.0057500661 0.003687931 0.0068367253 0.0082830431 0.0058829861 0.007067784 0.0041024932 0.0042682148 0.0041521227 0.0072494229 0.0063179148 0.004789791 0.0046202894 0.0051234221 0.0039624219 0.0058108362 0.0113909633 0.009688337 0.0049454533 0.0072288372 0.0050338926 0.0118746749 0.0077130803 0.0072856351 0.0023427509 0.0059043131 0.0088767224 0.0057213318 0.0070639542 0.0054552851 0.0109832397 0.0096827133 0.0101145666 0.0197118653 0.0078437039 0.0058208208 0.008295606 0.0084512771 0.0057081538 0.0046923946 0.0062493082 0.00425109 0.0044544575 0.0072003177 0.0101168093 0.0053985209 0.0047333967 0.0122985934 0.0083302295 0.0032946508 0.0146305095 0.0060452299 0.0089950869 0.0124881931 
21 0.0052563104 0.0087859995 0.0031842827 0.007786966 0.0023219876 0.0066363638 0.0070915436 0.0084486911 0.0071543024 0.0066895672 0.0106589365 0.0056152285 0.0011951775 0.013257604 0.0064447513 0.0060068408 0.0070674583 0.0034750219 0.00628204 0.0115102108 0.0042375474 0.0113288643 0.0071677583 0.0061134813 0.0064986922 0.0098870789 0.007273312 0.0109119916 0.0019216922 0.0038855447 0.0135884754 0.0054572235 0.0055011798 0.0027202224 0.0078474831 0.0107503374 0.0051797374 0.011094708 0.0057415464 0.0076333167 0.003822234 0.0068267148 0.0099681757 0.011100427 0.0077687694 0.0077289006 0.0129951032 0.0060296376 0.0064028409 0.0087739848 0.0032263307 0.0087899388 0.0094664698 0.0084541745 0.0093191611 0.0084839697 0.0061758171 0.010048291 0.0090548146 0.0091475814 0.0101618697 0.013616745 0.0125994969 0.0060749433 0.0065395578 0.0064774433 0.0093517407 0.0080684356 0.0061954838 0.0068004339 0.0070135573 0.007929153 0.0120853167 0.0107271472 0.0078401368 0.0069626396 0.0087342454 0.0042224008 0.0070550984 0.0071672575 0.0060906972 0.0038352368 0.0057672511 0.012946208 0.0084689157 0.0039716 0.0102092939 0.0065191841 0.0092810129 0.0101641636 0.0064411706 0.0049222124 0.0097048245 0.0100311235 0.0140018125 0.0116352672 0.011156817 0.0051291262 0.0115399814 0.0073460457 0.0069311572 0.0081417596 0.0058694233 0.0142816503 0.0079390968 0.0111795839 0.0084743751 0.0035000882 0.0066137485 0.0080626919 0.004238374 0.0107397962 0.0124026798 0.0085981768 0.0045448741 0.0104701544 0.0062344977 0.005716382 0.0006086746 0.0095250575 0.0062144571 0.0071984138 0.0077191886 0.0112030486 0.0128872079 0.0069789998 0.0089520051 0.0067965766 
22 0.0055812029 0.0038477566 0.0087685119 0.0073500455 0.0080877716 0.0051418537 0.0083252302 0.0086287871 0.0028218129 0.005569224 0.0129667668 0.0102468167 0.005431568 0.0079106546 0.0063580243 0.0081012323 0.0065023291 0.0027562863 0.0031801091 0.0087609715 0.0113288643 0.0043939884 0.009208776 0.0085962437 0.0095532211 0.0088928599 0.0105370991 0.001638253 0.0093446282 0.0093165043 0.0075624673 0.0057623179 0.0086204384 0.0085949081 0.0120015087 0.0066078034 0.0116682145 0.0060965393 0.0072512262 0.0090191938 0.0045498591 0.0071112161 0.0076409575 0.011816293 0.0057994387 0.0114107061 0.0073545122 0.0091086001 0.0057570899 0.0074371997 0.0137258404 0.006274287 0.0088034293 0.0096852925 0.0073195196 0.0071697493 0.010346935 0.0082338275 0.0083059103 0.0048371034 0.0061330685 0.0083272448 0.0113266066 0.0104956001 0.0045022758 0.0053877729 0.008215343 0.0153989553 0.0081342142 0.0034796801 0.0064667824 0.0108608322 0.0092695324 0.009512769 0.01155688 0.0093556375 0.0079694142 0.0076568105 0.0058705229 0.0110871504 0.0031731428 0.0078356645 0.00759627 0.010494999 0.0092928346 0.0075970152 0.0130885256 0.0068168698 0.0013885827 0.0079315777 0.0139370016 0.0087933668 0.0025633595 0.0045886467 0.0104605798 0.0024623641 0.0047328518 0.0065676248 0.0099715389 0.0050177107 0.008991805 0.0071953617 0.0096044242 0.0086421479 0.0095226391 0.0126324574 0.0108942864 0.0084256416 0.006086154 0.0086876685 0.0031184111 0.0054690668 0.012075447 0.0020574118 0.007451908 0.0050925318 0.0071047222 0.00382085 0.005169274 0.0085137677 0.0097550094 0.0092067583 0.0072020277 0.0066890227 0.0079231227 0.0122909421 0.0100056519 0.0060340925 
23 0.0055465973 0.0047370865 0.0118087525 0.0026851393 0.0068344773 0.0104094875 0.0101877326 0.0036255838 0.0087756489 0.0066405778 0.0067661165 0.0057770742 0.0102999635 0.0066704476 0.0081160078 0.0105134067 0.0075994022 0.0045046552 0.0038706924 0.0052628377 0.0071677583 0.009208776 0.0107382129 0.0066795954 0.0126050939 0.0109874271 0.0094041217 0.0078469095 0.0053328983 0.0082562928 0.0093896624 0.0078178882 0.0132341264 0.0067880993 0.0061271964 0.0060637477 0.0040638898 0.0092578796 0.0125383297 0.0073442938 0.0050702542 0.0088884783 0.0079119781 0.0061773204 0.0051647604 0.010510659 0.0056820537 0.0107358504 0.0082031633 0.0048174201 0.0057523335 0.0113509443 0.0082563419 0.0086856726 0.0148861115 0.0108956984 0.0053027527 0.010332351 0.0077916257 0.0105286323 0.0037967367 0.0098499117 0.0080654577 0.0044855761 0.0096626031 0.0079236106 0.0071899107 0.0073039279 0.0114967769 0.0127992475 0.0094483401 0.0097065695 0.0102637286 0.0082347836 0.0071915139 0.0093094357 0.0077098338 0.0091418355 0.0075082646 0.0077777755 0.0065284951 0.0052843372 0.0114637464 0.0065121677 0.0075052732 0.0079761198 0.006221766 0.0082880801 0.010132751 0.0077952163 0.0067911681 0.0044646734 0.0070314425 0.0144870501 0.0068502154 0.0090414606 0.0043904103 0.0055199879 0.0084323308 0.0099344305 0.0087539798 0.0094281723 0.0058909229 0.0034268974 0.0080170449 0.0082242545 0.0032239601 0.0074047753 0.0060135984 0.0132739405 0.0089127911 0.0100087697 0.0088676539 0.0064907198 0.0081386885 0.0041189595 0.0136726848 0.0029469733 0.0055910135 0.0056742878 0.004981782 0.0090941971 0.0088485788 0.0076049295 0.003002471 0.0048597806 0.0038858541 0.0076970681 
24 0.0079162128 0.0139856219 0.005086454 0.0086811689 0.0053892578 0.0105653868 0.012738951 0.0131982045 0.0062550182 0.0141248791 0.0064503573 0.0118653257 0.0074229635 0.0067829543 0.0093764593 0.0071418998 0.0095872658 0.0027024035 0.0058902647 0.013132928 0.0061134813 0.0085962437 0.0066795954 0.0126350952 0.0105473012 0.0091477649 0.0104566025 0.0076819593 0.0111849482 0.0097992981 0.0063208181 0.0056007711 0.0078824977 0.0070212911 0.0061970885 0.0071888705 0.0082364638 0.0133853328 0.0078035336 0.004406914 0.0092716251 0.0072027671 0.003034985 0.0025819662 0.0167700651 0.0068168552 0.0063771315 0.0054281824 0.0063925087 0.0094998172 0.0099375004 0.0046815108 0.0129188618 0.0072712275 0.0062197441 0.0075761971 0.0074384913 0.0066187151 0.0048145048 0.0050303152 0.0050124861 0.0056764426 0.0069806907 0.0077303711 0.0069874009 0.0052193932 0.009378403 0.005966355 0.0092580266 0.0094125077 0.0056932445 0.0051551414 0.0103296277 0.0098386759 0.0038926916 0.0098549752 0.005649299 0.0097209559 0.0012455402 0.0037320596 0.0087440365 0.0061367453 0.0150649397 0.0038198487 0.0048487002 0.0102634116 0.0034386561 0.0100167913 0.0079427029 0.0124203592 0.0051135297 0.0052333508 0.0070637156 0.0094519069 0.0060145045 0.0119910384 0.0092172884 0.005640504 0.0106608898 0.0057993693 0.0134116003 0.0107582371 0.0064090194 0.0080711063 0.0078849687 0.0018503206 0.009856521 0.0090051001 0.0081803339 0.0076551235 0.0098595705 0.0093590531 0.0059413781 0.004757118 0.0095008192 0.0050489166 0.0057419397 0.0132245353 0.0113318516 0.0042135721 0.006914128 0.0055226125 0.0086562322 0.0039297715 0.0085464716 0.0079290018 0.0045988618 0.005162439 
