100
1 0.11957587000000000 0.0000000000000000000 0.18556837000000001 0.17262627000000000 0.23173172000000000 0.23371874000000001 0.26210886000000000 0.20829221000000001 0.24373422000000000 0.27672059999999998 0.26004469000000002 0.25184477000000000 0.18556837000000001 0.18930781999999999 0.20637183000000001 0.22777351000000001 0.27042326999999999 0.22777351000000001 0.22777351000000001 0.25184477000000000 0.28520078999999998 0.39777719000000000 0.35441908999999999 0.37098177999999998 0.39037316000000000 0.45982044999999999 0.42557338000000000 0.42815254000000003 0.40776519999999999 0.41280992000000000 0.41280992000000000 0.42815254000000003 0.38304207000000001 0.39037316000000000 0.38792143000000001 0.45177625999999999 0.42044169999999997 0.44118415999999999 0.43333783999999997 0.45177625999999999 0.39037316000000000 0.38061432000000001 0.39283299999999999 0.36621186000000000 0.39037316000000000 0.44646137000000002 0.38547775000000001 0.40026165000000002 0.43333783999999997 0.42815254000000003 0.44118415999999999 0.45444801000000001 0.37819448000000000 0.42044169999999997 0.41788906999999997 0.42300312000000001 0.41534515999999999 0.41028329000000002 0.42044169999999997 0.40776519999999999 0.40525559999999999 0.42815254000000003 0.39037316000000000 0.46252127999999998 0.40275443999999999 0.45177625999999999 0.44118415999999999 0.41280992000000000 0.38792143000000001 0.43594410000000000 0.44118415999999999 0.44911406999999998 0.43074067999999999 0.40776519999999999 0.42815254000000003 0.39777719000000000 0.40525559999999999 0.38547775000000001 0.42300312000000001 0.39037316000000000 0.39283299999999999 0.42815254000000003 0.39530099000000002 0.42044169999999997 0.39777719000000000 0.40525559999999999 0.37098177999999998 0.39283299999999999 0.39037316000000000 0.40525559999999999 0.36621186000000000 0.37337826000000002 0.38547775000000001 0.38061432000000001 0.40275443999999999 0.40776519999999999 0.41028329000000002 0.41028329000000002 0.38547775000000001 0.39777719000000000
2 0.13684260000000001 0.18556837000000001 0.0000000000000000000 0.10940489000000000 0.20064024999999999 0.20637183000000001 0.24575358000000000 0.17262627000000000 0.20637183000000001 0.21991970000000000 0.24373422000000000 0.23571107999999999 0.13335706000000000 0.13335706000000000 0.12299731999999999 0.16351778000000000 0.19306615999999999 0.16351778000000000 0.15810572000000001 0.21408325000000000 0.26004469000000002 0.33137971999999999 0.29593871999999999 0.32685619999999999 0.33821696000000001 0.42300312000000001 0.35911379999999998 0.34511758999999997 0.36621186000000000 0.40776519999999999 0.33365181999999999 0.40776519999999999 0.33593088999999998 0.33137971999999999 0.34281025999999998 0.40776519999999999 0.38304207000000001 0.37578246999999998 0.40776519999999999 0.39530099000000002 0.32460471000000002 0.35676275000000002 0.34051007000000000 0.32460471000000002 0.33365181999999999 0.37819448000000000 0.35441908999999999 0.38304207000000001 0.39777719000000000 0.43333783999999997 0.41788906999999997 0.40525559999999999 0.38061432000000001 0.42815254000000003 0.39283299999999999 0.38792143000000001 0.38792143000000001 0.38547775000000001 0.37819448000000000 0.39530099000000002 0.37337826000000002 0.38061432000000001 0.35208279999999997 0.40776519999999999 0.40525559999999999 0.40525559999999999 0.41534515999999999 0.40776519999999999 0.38304207000000001 0.40525559999999999 0.40525559999999999 0.40525559999999999 0.41028329000000002 0.34281025999999998 0.37337826000000002 0.35676275000000002 0.36859300000000000 0.33137971999999999 0.40026165000000002 0.41534515999999999 0.35208279999999997 0.37578246999999998 0.33365181999999999 0.40026165000000002 0.37819448000000000 0.39530099000000002 0.35208279999999997 0.34511758999999997 0.34511758999999997 0.37337826000000002 0.34743209000000003 0.34743209000000003 0.36859300000000000 0.36147231000000002 0.37098177999999998 0.37098177999999998 0.37337826000000002 0.37337826000000002 0.34975381000000000 0.38547775000000001
3 0.15631039999999999 0.17262627000000000 0.10940489000000000 0.0000000000000000000 0.18930781999999999 0.19306615999999999 0.24575358000000000 0.18184760999999999 0.17630111000000001 0.22187540000000000 0.23371874000000001 0.24980883000000001 0.17814535000000001 0.17446142000000001 0.19306615999999999 0.20254588000000001 0.23971184000000001 0.21602365000000001 0.21602365000000001 0.24575358000000000 0.28947739000000000 0.37578246999999998 0.32236000999999997 0.33821696000000001 0.36147231000000002 0.45982044999999999 0.39530099000000002 0.38547775000000001 0.39777719000000000 0.41788906999999997 0.34975381000000000 0.43074067999999999 0.37098177999999998 0.35208279999999997 0.34975381000000000 0.43333783999999997 0.38547775000000001 0.40275443999999999 0.40026165000000002 0.41028329000000002 0.33365181999999999 0.39037316000000000 0.36859300000000000 0.32236000999999997 0.36621186000000000 0.37578246999999998 0.37819448000000000 0.39777719000000000 0.39777719000000000 0.41534515999999999 0.43594410000000000 0.40275443999999999 0.37578246999999998 0.40026165000000002 0.37578246999999998 0.37337826000000002 0.38547775000000001 0.37819448000000000 0.38792143000000001 0.40525559999999999 0.35441908999999999 0.41534515999999999 0.38547775000000001 0.42300312000000001 0.40776519999999999 0.41534515999999999 0.41534515999999999 0.40776519999999999 0.40776519999999999 0.41534515999999999 0.41534515999999999 0.40525559999999999 0.40525559999999999 0.37098177999999998 0.40275443999999999 0.36621186000000000 0.38547775000000001 0.34975381000000000 0.43074067999999999 0.39530099000000002 0.37098177999999998 0.37578246999999998 0.37337826000000002 0.41788906999999997 0.38061432000000001 0.41534515999999999 0.36147231000000002 0.36621186000000000 0.35441908999999999 0.38792143000000001 0.34975381000000000 0.35676275000000002 0.37337826000000002 0.35911379999999998 0.37819448000000000 0.36859300000000000 0.37819448000000000 0.37337826000000002 0.35208279999999997 0.38061432000000001
4 0.19684357000000000 0.23173172000000000 0.20064024999999999 0.18930781999999999 0.0000000000000000000 0.09771179000000001 0.12128463000000000 0.15451941000000000 0.15990536999999999 0.22580227999999999 0.24575358000000000 0.27042326999999999 0.17999418000000000 0.20445640000000001 0.22187540000000000 0.27251646000000002 0.29377871000000000 0.27251646000000002 0.26004469000000002 0.28520078999999998 0.31344830000000001 0.42557338000000000 0.37578246999999998 0.36147231000000002 0.40776519999999999 0.5013995400000000 0.45712937999999997 0.45444801000000001 0.45177625999999999 0.43594410000000000 0.39037316000000000 0.42557338000000000 0.43074067999999999 0.41280992000000000 0.43333783999999997 0.45444801000000001 0.43594410000000000 0.42815254000000003 0.42044169999999997 0.43594410000000000 0.40776519999999999 0.40525559999999999 0.42815254000000003 0.37098177999999998 0.39777719000000000 0.42815254000000003 0.39777719000000000 0.44911406999999998 0.43855951999999998 0.44381809000000000 0.43855951999999998 0.44118415999999999 0.41788906999999997 0.45712937999999997 0.44911406999999998 0.47068307999999998 0.45444801000000001 0.43074067999999999 0.43333783999999997 0.43855951999999998 0.40525559999999999 0.43074067999999999 0.41534515999999999 0.49008270999999998 0.45982044999999999 0.42044169999999997 0.44646137000000002 0.45712937999999997 0.44911406999999998 0.45444801000000001 0.47617442999999998 0.47342369000000001 0.46252127999999998 0.41534515999999999 0.44118415999999999 0.43855951999999998 0.43074067999999999 0.43594410000000000 0.42557338000000000 0.43594410000000000 0.41280992000000000 0.41280992000000000 0.39037316000000000 0.44646137000000002 0.42557338000000000 0.44911406999999998 0.42300312000000001 0.42044169999999997 0.39283299999999999 0.44118415999999999 0.38304207000000001 0.40776519999999999 0.42300312000000001 0.40026165000000002 0.40275443999999999 0.40275443999999999 0.39777719000000000 0.42044169999999997 0.40525559999999999 0.44118415999999999
5 0.20064024999999999 0.23371874000000001 0.20637183000000001 0.19306615999999999 0.09771179000000001 0.0000000000000000000 0.12471396000000000 0.16351778000000000 0.16533058000000000 0.20254588000000001 0.25184477000000000 0.26625444999999998 0.18556837000000001 0.20445640000000001 0.21021755000000000 0.26210886000000000 0.28733602000000003 0.25593344000000001 0.24777845000000001 0.26417877000000001 0.33365181999999999 0.42044169999999997 0.38061432000000001 0.35441908999999999 0.40026165000000002 0.48448817000000000 0.47068307999999998 0.42557338000000000 0.46523195000000001 0.43594410000000000 0.37578246999999998 0.44381809000000000 0.41028329000000002 0.40525559999999999 0.40525559999999999 0.45982044999999999 0.43594410000000000 0.39530099000000002 0.40776519999999999 0.42557338000000000 0.40776519999999999 0.40776519999999999 0.42557338000000000 0.35676275000000002 0.39530099000000002 0.42815254000000003 0.39037316000000000 0.44911406999999998 0.44381809000000000 0.46252127999999998 0.44381809000000000 0.45444801000000001 0.43333783999999997 0.48448817000000000 0.45712937999999997 0.46523195000000001 0.45177625999999999 0.43594410000000000 0.42044169999999997 0.44646137000000002 0.43074067999999999 0.42300312000000001 0.40275443999999999 0.46252127999999998 0.47617442999999998 0.45177625999999999 0.44911406999999998 0.42815254000000003 0.44911406999999998 0.48728018000000001 0.5071231400000000 0.48448817000000000 0.49289581999999998 0.41534515999999999 0.45177625999999999 0.42815254000000003 0.43333783999999997 0.42815254000000003 0.44381809000000000 0.45444801000000001 0.40776519999999999 0.40525559999999999 0.36621186000000000 0.46252127999999998 0.41028329000000002 0.44911406999999998 0.42815254000000003 0.43074067999999999 0.40776519999999999 0.46252127999999998 0.42300312000000001 0.42300312000000001 0.44381809000000000 0.42557338000000000 0.43074067999999999 0.42300312000000001 0.42815254000000003 0.43594410000000000 0.41788906999999997 0.43333783999999997
6 0.25184477000000000 0.26210886000000000 0.24575358000000000 0.24575358000000000 0.12128463000000000 0.12471396000000000 0.0000000000000000000 0.18930781999999999 0.20254588000000001 0.24172030999999999 0.27042326999999999 0.28947739000000000 0.22974997999999999 0.26004469000000002 0.26417877000000001 0.30464202000000001 0.31789081000000002 0.28733602000000003 0.27672059999999998 0.32685619999999999 0.32685619999999999 0.46795251999999998 0.42557338000000000 0.39777719000000000 0.45712937999999997 0.5424210100000000 0.49571960999999998 0.49008270999999998 0.48170658999999999 0.47342369000000001 0.42300312000000001 0.45982044999999999 0.46523195000000001 0.45177625999999999 0.46523195000000001 0.5157919200000000 0.49289581999999998 0.46795251999999998 0.45177625999999999 0.48448817000000000 0.43333783999999997 0.45177625999999999 0.45982044999999999 0.41280992000000000 0.43333783999999997 0.47893537000000003 0.44381809000000000 0.49289581999999998 0.45444801000000001 0.47342369000000001 0.47068307999999998 0.47617442999999998 0.44646137000000002 0.48448817000000000 0.45982044999999999 0.49571960999999998 0.49008270999999998 0.45712937999999997 0.47068307999999998 0.47342369000000001 0.45712937999999997 0.47068307999999998 0.44911406999999998 0.49571960999999998 0.5071231400000000 0.46795251999999998 0.47893537000000003 0.47342369000000001 0.47617442999999998 0.5216277100000000 0.5424210100000000 0.5424210100000000 0.5334383700000001 0.44911406999999998 0.48728018000000001 0.46252127999999998 0.45982044999999999 0.45982044999999999 0.47617442999999998 0.48728018000000001 0.44118415999999999 0.46523195000000001 0.40525559999999999 0.47893537000000003 0.45177625999999999 0.49855416000000002 0.43855951999999998 0.44646137000000002 0.44381809000000000 0.46523195000000001 0.43855951999999998 0.44381809000000000 0.46795251999999998 0.43855951999999998 0.43333783999999997 0.42300312000000001 0.44118415999999999 0.44118415999999999 0.44646137000000002 0.46252127999999998
7 0.19873948999999999 0.20829221000000001 0.17262627000000000 0.18184760999999999 0.15451941000000000 0.16351778000000000 0.18930781999999999 0.0000000000000000000 0.09605624000000000 0.24172030999999999 0.25388630000000001 0.24777845000000001 0.15810572000000001 0.19684357000000000 0.21602365000000001 0.22777351000000001 0.26417877000000001 0.23173172000000000 0.23173172000000000 0.26625444999999998 0.28947739000000000 0.42557338000000000 0.37098177999999998 0.36147231000000002 0.39283299999999999 0.5100015300000000 0.44381809000000000 0.43333783999999997 0.45444801000000001 0.44118415999999999 0.41280992000000000 0.46523195000000001 0.42300312000000001 0.40776519999999999 0.41788906999999997 0.48728018000000001 0.43855951999999998 0.43333783999999997 0.43855951999999998 0.44911406999999998 0.41788906999999997 0.40026165000000002 0.41788906999999997 0.39037316000000000 0.40525559999999999 0.43855951999999998 0.40026165000000002 0.46795251999999998 0.45712937999999997 0.46523195000000001 0.47617442999999998 0.44381809000000000 0.43855951999999998 0.47342369000000001 0.44646137000000002 0.46252127999999998 0.43594410000000000 0.43855951999999998 0.45712937999999997 0.43074067999999999 0.43594410000000000 0.47068307999999998 0.41534515999999999 0.48170658999999999 0.48448817000000000 0.43594410000000000 0.45712937999999997 0.46795251999999998 0.46523195000000001 0.48448817000000000 0.5042558300000000 0.49289581999999998 0.5128910900000000 0.44911406999999998 0.48170658999999999 0.46795251999999998 0.47617442999999998 0.44646137000000002 0.46252127999999998 0.46252127999999998 0.43074067999999999 0.42815254000000003 0.40026165000000002 0.45712937999999997 0.40525559999999999 0.47893537000000003 0.44381809000000000 0.41788906999999997 0.41788906999999997 0.45712937999999997 0.42815254000000003 0.41788906999999997 0.44646137000000002 0.44381809000000000 0.45177625999999999 0.44118415999999999 0.45712937999999997 0.44911406999999998 0.41788906999999997 0.46795251999999998
8 0.21991970000000000 0.24373422000000000 0.20637183000000001 0.17630111000000001 0.15990536999999999 0.16533058000000000 0.20254588000000001 0.09605624000000000 0.0000000000000000000 0.22777351000000001 0.25184477000000000 0.25184477000000000 0.19118462000000000 0.21796913000000001 0.22974997999999999 0.23371874000000001 0.27251646000000002 0.24575358000000000 0.24575358000000000 0.27251646000000002 0.30027765000000001 0.40275443999999999 0.35911379999999998 0.34051007000000000 0.39283299999999999 0.48728018000000001 0.44118415999999999 0.40275443999999999 0.43855951999999998 0.42557338000000000 0.38792143000000001 0.43594410000000000 0.40525559999999999 0.40275443999999999 0.40776519999999999 0.47617442999999998 0.43594410000000000 0.41534515999999999 0.43074067999999999 0.41788906999999997 0.39037316000000000 0.39530099000000002 0.39777719000000000 0.36621186000000000 0.39777719000000000 0.42815254000000003 0.39777719000000000 0.44381809000000000 0.40525559999999999 0.42044169999999997 0.43333783999999997 0.42044169999999997 0.40275443999999999 0.44646137000000002 0.43074067999999999 0.42300312000000001 0.42300312000000001 0.40026165000000002 0.42557338000000000 0.41280992000000000 0.40026165000000002 0.44118415999999999 0.40275443999999999 0.43855951999999998 0.45982044999999999 0.42815254000000003 0.44646137000000002 0.43594410000000000 0.44118415999999999 0.45177625999999999 0.46523195000000001 0.44911406999999998 0.45982044999999999 0.42300312000000001 0.45712937999999997 0.41534515999999999 0.43074067999999999 0.40776519999999999 0.47068307999999998 0.43333783999999997 0.38792143000000001 0.42044169999999997 0.38792143000000001 0.47068307999999998 0.40026165000000002 0.45982044999999999 0.42044169999999997 0.40776519999999999 0.39530099000000002 0.44118415999999999 0.40275443999999999 0.40275443999999999 0.41534515999999999 0.41788906999999997 0.42557338000000000 0.41028329000000002 0.42557338000000000 0.42557338000000000 0.38304207000000001 0.44118415999999999
9 0.21408325000000000 0.27672059999999998 0.21991970000000000 0.22187540000000000 0.22580227999999999 0.20254588000000001 0.24172030999999999 0.24172030999999999 0.22777351000000001 0.0000000000000000000 0.28094861999999998 0.27672059999999998 0.23371874000000001 0.23571107999999999 0.23971184000000001 0.28733602000000003 0.31566623999999999 0.27251646000000002 0.27461555999999998 0.29593871999999999 0.32236000999999997 0.42044169999999997 0.35676275000000002 0.35676275000000002 0.39037316000000000 0.48448817000000000 0.44381809000000000 0.43074067999999999 0.47342369000000001 0.46523195000000001 0.41788906999999997 0.43855951999999998 0.40776519999999999 0.41788906999999997 0.43333783999999997 0.45177625999999999 0.42557338000000000 0.43333783999999997 0.45444801000000001 0.48728018000000001 0.39530099000000002 0.42557338000000000 0.44911406999999998 0.37819448000000000 0.41280992000000000 0.46252127999999998 0.41788906999999997 0.45982044999999999 0.40275443999999999 0.42557338000000000 0.44118415999999999 0.42557338000000000 0.41534515999999999 0.44381809000000000 0.42044169999999997 0.42300312000000001 0.43074067999999999 0.44118415999999999 0.41280992000000000 0.43333783999999997 0.42815254000000003 0.42044169999999997 0.41028329000000002 0.47617442999999998 0.47342369000000001 0.43074067999999999 0.45712937999999997 0.45444801000000001 0.45444801000000001 0.47068307999999998 0.48170658999999999 0.47893537000000003 0.47893537000000003 0.38061432000000001 0.41788906999999997 0.37819448000000000 0.41534515999999999 0.42300312000000001 0.46523195000000001 0.45444801000000001 0.41028329000000002 0.42557338000000000 0.38547775000000001 0.47342369000000001 0.41028329000000002 0.44118415999999999 0.40026165000000002 0.41534515999999999 0.40275443999999999 0.44911406999999998 0.42044169999999997 0.40776519999999999 0.41788906999999997 0.41028329000000002 0.42044169999999997 0.41534515999999999 0.41788906999999997 0.45444801000000001 0.40026165000000002 0.42300312000000001
10 0.21796913000000001 0.26004469000000002 0.24373422000000000 0.23371874000000001 0.24575358000000000 0.25184477000000000 0.27042326999999999 0.25388630000000001 0.25184477000000000 0.28094861999999998 0.0000000000000000000 0.07647167000000001 0.22187540000000000 0.23770877000000001 0.26417877000000001 0.27883161000000001 0.30903214000000001 0.27251646000000002 0.27672059999999998 0.30464202000000001 0.30464202000000001 0.42044169999999997 0.37819448000000000 0.38547775000000001 0.41280992000000000 0.5245628500000000 0.49289581999999998 0.46795251999999998 0.48448817000000000 0.45177625999999999 0.42815254000000003 0.48170658999999999 0.44381809000000000 0.45177625999999999 0.43333783999999997 0.46252127999999998 0.43074067999999999 0.47068307999999998 0.46795251999999998 0.47342369000000001 0.44118415999999999 0.44381809000000000 0.43594410000000000 0.41028329000000002 0.42300312000000001 0.46523195000000001 0.44118415999999999 0.47068307999999998 0.48448817000000000 0.48448817000000000 0.46795251999999998 0.47342369000000001 0.45712937999999997 0.5013995400000000 0.47342369000000001 0.49855416000000002 0.47342369000000001 0.46795251999999998 0.47068307999999998 0.46795251999999998 0.46795251999999998 0.48728018000000001 0.43333783999999997 0.46252127999999998 0.49289581999999998 0.48728018000000001 0.48448817000000000 0.46523195000000001 0.45444801000000001 0.49571960999999998 0.49571960999999998 0.47617442999999998 0.49855416000000002 0.42815254000000003 0.47068307999999998 0.43594410000000000 0.45712937999999997 0.44646137000000002 0.47068307999999998 0.45177625999999999 0.45444801000000001 0.46523195000000001 0.42044169999999997 0.42044169999999997 0.42044169999999997 0.46252127999999998 0.44118415999999999 0.44911406999999998 0.45444801000000001 0.49289581999999998 0.45712937999999997 0.44911406999999998 0.47893537000000003 0.46795251999999998 0.47893537000000003 0.47893537000000003 0.47893537000000003 0.48728018000000001 0.47617442999999998 0.48728018000000001
11 0.23173172000000000 0.25184477000000000 0.23571107999999999 0.24980883000000001 0.27042326999999999 0.26625444999999998 0.28947739000000000 0.24777845000000001 0.25184477000000000 0.27672059999999998 0.07647167000000001 0.0000000000000000000 0.22777351000000001 0.25388630000000001 0.26417877000000001 0.28094861999999998 0.31123694000000002 0.28094861999999998 0.28094861999999998 0.31344830000000001 0.28947739000000000 0.43333783999999997 0.38792143000000001 0.37337826000000002 0.42300312000000001 0.5424210100000000 0.5042558300000000 0.47893537000000003 0.49571960999999998 0.48170658999999999 0.45177625999999999 0.48728018000000001 0.45444801000000001 0.47342369000000001 0.45177625999999999 0.48448817000000000 0.44381809000000000 0.49008270999999998 0.48728018000000001 0.5071231400000000 0.44911406999999998 0.44381809000000000 0.44911406999999998 0.40525559999999999 0.44381809000000000 0.49008270999999998 0.46252127999999998 0.46523195000000001 0.48728018000000001 0.5071231400000000 0.47893537000000003 0.47893537000000003 0.43594410000000000 0.5013995400000000 0.45982044999999999 0.49008270999999998 0.45982044999999999 0.46252127999999998 0.46795251999999998 0.47342369000000001 0.46252127999999998 0.48448817000000000 0.42815254000000003 0.47617442999999998 0.49289581999999998 0.49855416000000002 0.49571960999999998 0.47893537000000003 0.46795251999999998 0.5042558300000000 0.5071231400000000 0.48170658999999999 0.5157919200000000 0.43855951999999998 0.47342369000000001 0.44381809000000000 0.45712937999999997 0.45444801000000001 0.5071231400000000 0.46252127999999998 0.46252127999999998 0.48170658999999999 0.43855951999999998 0.44118415999999999 0.44646137000000002 0.48448817000000000 0.45177625999999999 0.46523195000000001 0.46252127999999998 0.49289581999999998 0.46252127999999998 0.45177625999999999 0.48170658999999999 0.48728018000000001 0.49008270999999998 0.49571960999999998 0.49571960999999998 0.5071231400000000 0.48728018000000001 0.49008270999999998
12 0.11109043000000000 0.18556837000000001 0.13335706000000000 0.17814535000000001 0.17999418000000000 0.18556837000000001 0.22974997999999999 0.15810572000000001 0.19118462000000000 0.23371874000000001 0.22187540000000000 0.22777351000000001 0.0000000000000000000 0.11617008000000000 0.15095031000000000 0.16896949000000000 0.20829221000000001 0.17262627000000000 0.17079563000000000 0.19873948999999999 0.28520078999999998 0.34051007000000000 0.29162494000000000 0.30683384000000002 0.38061432000000001 0.44911406999999998 0.40525559999999999 0.36383831000000000 0.39777719000000000 0.40026165000000002 0.34281025999999998 0.42044169999999997 0.36383831000000000 0.38304207000000001 0.37098177999999998 0.44118415999999999 0.40776519999999999 0.40026165000000002 0.41788906999999997 0.43074067999999999 0.33821696000000001 0.33593088999999998 0.35208279999999997 0.32460471000000002 0.36147231000000002 0.38547775000000001 0.34511758999999997 0.41028329000000002 0.40026165000000002 0.42557338000000000 0.42815254000000003 0.42044169999999997 0.39530099000000002 0.44911406999999998 0.43333783999999997 0.42300312000000001 0.40525559999999999 0.39777719000000000 0.40776519999999999 0.41280992000000000 0.39777719000000000 0.42815254000000003 0.35441908999999999 0.45177625999999999 0.45712937999999997 0.41028329000000002 0.42300312000000001 0.41534515999999999 0.41534515999999999 0.43855951999999998 0.45982044999999999 0.43074067999999999 0.45444801000000001 0.38061432000000001 0.40275443999999999 0.41534515999999999 0.41028329000000002 0.38061432000000001 0.40776519999999999 0.41788906999999997 0.37578246999999998 0.37337826000000002 0.35208279999999997 0.41280992000000000 0.37337826000000002 0.40525559999999999 0.38304207000000001 0.37098177999999998 0.35676275000000002 0.41788906999999997 0.37578246999999998 0.37819448000000000 0.37819448000000000 0.38061432000000001 0.39283299999999999 0.38792143000000001 0.39530099000000002 0.39530099000000002 0.34975381000000000 0.42044169999999997
13 0.10940489000000000 0.18930781999999999 0.13335706000000000 0.17446142000000001 0.20445640000000001 0.20445640000000001 0.26004469000000002 0.19684357000000000 0.21796913000000001 0.23571107999999999 0.23770877000000001 0.25388630000000001 0.11617008000000000 0.0000000000000000000 0.11787103000000000 0.15451941000000000 0.18370565999999999 0.16351778000000000 0.16533058000000000 0.22580227999999999 0.30245664000000000 0.34281025999999998 0.28947739000000000 0.31566623999999999 0.34743209000000003 0.45444801000000001 0.40525559999999999 0.36383831000000000 0.41534515999999999 0.40525559999999999 0.34511758999999997 0.42557338000000000 0.33821696000000001 0.35911379999999998 0.35911379999999998 0.40776519999999999 0.40026165000000002 0.40525559999999999 0.42300312000000001 0.43074067999999999 0.34743209000000003 0.37337826000000002 0.37337826000000002 0.33365181999999999 0.38061432000000001 0.40026165000000002 0.34975381000000000 0.42300312000000001 0.40026165000000002 0.40525559999999999 0.41534515999999999 0.42044169999999997 0.39283299999999999 0.43594410000000000 0.40275443999999999 0.41534515999999999 0.41534515999999999 0.39777719000000000 0.40776519999999999 0.39283299999999999 0.40776519999999999 0.41280992000000000 0.35208279999999997 0.43594410000000000 0.45177625999999999 0.40275443999999999 0.42300312000000001 0.39777719000000000 0.40026165000000002 0.46523195000000001 0.47068307999999998 0.45712937999999997 0.46795251999999998 0.38304207000000001 0.39777719000000000 0.40776519999999999 0.40275443999999999 0.37098177999999998 0.39037316000000000 0.43074067999999999 0.36859300000000000 0.37819448000000000 0.37098177999999998 0.44911406999999998 0.39777719000000000 0.42044169999999997 0.37819448000000000 0.37578246999999998 0.36621186000000000 0.39777719000000000 0.36859300000000000 0.37578246999999998 0.39283299999999999 0.37337826000000002 0.38547775000000001 0.37578246999999998 0.38547775000000001 0.39037316000000000 0.35911379999999998 0.41280992000000000
14 0.14739822999999999 0.20637183000000001 0.12299731999999999 0.19306615999999999 0.22187540000000000 0.21021755000000000 0.26417877000000001 0.21602365000000001 0.22974997999999999 0.23971184000000001 0.26417877000000001 0.26417877000000001 0.15095031000000000 0.11787103000000000 0.0000000000000000000 0.13859151000000000 0.17262627000000000 0.12299731999999999 0.13859151000000000 0.20829221000000001 0.26833594000000000 0.31789081000000002 0.27883161000000001 0.29810502999999999 0.32460471000000002 0.41028329000000002 0.36147231000000002 0.33593088999999998 0.39037316000000000 0.37578246999999998 0.32236000999999997 0.40026165000000002 0.32911452000000002 0.33593088999999998 0.34051007000000000 0.36147231000000002 0.35911379999999998 0.36621186000000000 0.38792143000000001 0.38547775000000001 0.30245664000000000 0.33593088999999998 0.34281025999999998 0.31123694000000002 0.35911379999999998 0.38792143000000001 0.33137971999999999 0.36383831000000000 0.37337826000000002 0.38792143000000001 0.40275443999999999 0.39283299999999999 0.38061432000000001 0.41788906999999997 0.41028329000000002 0.41280992000000000 0.39037316000000000 0.38061432000000001 0.38061432000000001 0.36621186000000000 0.38304207000000001 0.38792143000000001 0.34051007000000000 0.40525559999999999 0.41534515999999999 0.38547775000000001 0.38061432000000001 0.36147231000000002 0.37337826000000002 0.42557338000000000 0.43594410000000000 0.40525559999999999 0.43594410000000000 0.35441908999999999 0.37578246999999998 0.36859300000000000 0.36383831000000000 0.35676275000000002 0.38792143000000001 0.39530099000000002 0.34511758999999997 0.37819448000000000 0.34281025999999998 0.39037316000000000 0.36621186000000000 0.38304207000000001 0.35208279999999997 0.34743209000000003 0.35911379999999998 0.37819448000000000 0.35208279999999997 0.34975381000000000 0.38304207000000001 0.36383831000000000 0.37578246999999998 0.38061432000000001 0.37337826000000002 0.37098177999999998 0.35676275000000002 0.38792143000000001
15 0.16896949000000000 0.22777351000000001 0.16351778000000000 0.20254588000000001 0.27251646000000002 0.26210886000000000 0.30464202000000001 0.22777351000000001 0.23371874000000001 0.28733602000000003 0.27883161000000001 0.28094861999999998 0.16896949000000000 0.15451941000000000 0.13859151000000000 0.0000000000000000000 0.09771179000000001 0.08456938000000000 0.09440437000000000 0.13162039000000000 0.24575358000000000 0.32685619999999999 0.28947739000000000 0.31344830000000001 0.34511758999999997 0.44646137000000002 0.38792143000000001 0.34051007000000000 0.39777719000000000 0.38061432000000001 0.32685619999999999 0.39283299999999999 0.34051007000000000 0.34743209000000003 0.35676275000000002 0.42300312000000001 0.38547775000000001 0.40275443999999999 0.41788906999999997 0.41280992000000000 0.32236000999999997 0.35911379999999998 0.34511758999999997 0.34281025999999998 0.38061432000000001 0.42557338000000000 0.37098177999999998 0.40525559999999999 0.39037316000000000 0.43074067999999999 0.41788906999999997 0.41534515999999999 0.39777719000000000 0.42815254000000003 0.41280992000000000 0.41534515999999999 0.39037316000000000 0.39037316000000000 0.40275443999999999 0.38547775000000001 0.38304207000000001 0.41280992000000000 0.36383831000000000 0.40776519999999999 0.42815254000000003 0.39777719000000000 0.42557338000000000 0.39777719000000000 0.39530099000000002 0.45177625999999999 0.45982044999999999 0.42300312000000001 0.43855951999999998 0.39037316000000000 0.38792143000000001 0.40776519999999999 0.39283299999999999 0.38792143000000001 0.41280992000000000 0.40275443999999999 0.37098177999999998 0.40275443999999999 0.37337826000000002 0.43333783999999997 0.38061432000000001 0.41788906999999997 0.37098177999999998 0.38547775000000001 0.36147231000000002 0.38547775000000001 0.35911379999999998 0.37098177999999998 0.38547775000000001 0.37337826000000002 0.38547775000000001 0.37578246999999998 0.38792143000000001 0.37819448000000000 0.36147231000000002 0.39777719000000000
16 0.19495246999999999 0.27042326999999999 0.19306615999999999 0.23971184000000001 0.29377871000000000 0.28733602000000003 0.31789081000000002 0.26417877000000001 0.27251646000000002 0.31566623999999999 0.30903214000000001 0.31123694000000002 0.20829221000000001 0.18370565999999999 0.17262627000000000 0.09771179000000001 0.0000000000000000000 0.09111158000000000 0.09937103000000000 0.14562853000000001 0.27042326999999999 0.31789081000000002 0.28520078999999998 0.32236000999999997 0.34743209000000003 0.43855951999999998 0.37578246999999998 0.34975381000000000 0.38547775000000001 0.38061432000000001 0.32236000999999997 0.40026165000000002 0.33593088999999998 0.33365181999999999 0.34281025999999998 0.37578246999999998 0.37337826000000002 0.38061432000000001 0.39777719000000000 0.39530099000000002 0.32460471000000002 0.35911379999999998 0.34511758999999997 0.34511758999999997 0.38304207000000001 0.41280992000000000 0.36383831000000000 0.41028329000000002 0.38061432000000001 0.41280992000000000 0.41028329000000002 0.40776519999999999 0.40776519999999999 0.42557338000000000 0.41788906999999997 0.41788906999999997 0.36621186000000000 0.40275443999999999 0.39037316000000000 0.38304207000000001 0.38304207000000001 0.41028329000000002 0.37098177999999998 0.42044169999999997 0.41028329000000002 0.38304207000000001 0.42815254000000003 0.39283299999999999 0.39037316000000000 0.43074067999999999 0.42300312000000001 0.41280992000000000 0.43074067999999999 0.38061432000000001 0.39530099000000002 0.41280992000000000 0.38792143000000001 0.38304207000000001 0.40026165000000002 0.41280992000000000 0.39037316000000000 0.38061432000000001 0.36859300000000000 0.44911406999999998 0.39777719000000000 0.42557338000000000 0.36859300000000000 0.36621186000000000 0.34975381000000000 0.38061432000000001 0.34743209000000003 0.35208279999999997 0.37337826000000002 0.35208279999999997 0.36621186000000000 0.35441908999999999 0.36621186000000000 0.35441908999999999 0.34975381000000000 0.38547775000000001
17 0.16896949000000000 0.22777351000000001 0.16351778000000000 0.21602365000000001 0.27251646000000002 0.25593344000000001 0.28733602000000003 0.23173172000000000 0.24575358000000000 0.27251646000000002 0.27251646000000002 0.28094861999999998 0.17262627000000000 0.16351778000000000 0.12299731999999999 0.08456938000000000 0.09111158000000000 0.0000000000000000000 0.044934099999999998 0.11787103000000000 0.25184477000000000 0.30683384000000002 0.26210886000000000 0.28733602000000003 0.32236000999999997 0.41788906999999997 0.36859300000000000 0.31566623999999999 0.39037316000000000 0.36383831000000000 0.30903214000000001 0.37098177999999998 0.32012205999999999 0.33137971999999999 0.33593088999999998 0.38304207000000001 0.37337826000000002 0.36147231000000002 0.37337826000000002 0.38792143000000001 0.29162494000000000 0.34281025999999998 0.33137971999999999 0.33593088999999998 0.37098177999999998 0.40275443999999999 0.35676275000000002 0.38792143000000001 0.40776519999999999 0.43594410000000000 0.43594410000000000 0.42815254000000003 0.42300312000000001 0.42815254000000003 0.41788906999999997 0.42815254000000003 0.38792143000000001 0.40026165000000002 0.38792143000000001 0.38304207000000001 0.38792143000000001 0.39777719000000000 0.34975381000000000 0.39037316000000000 0.40275443999999999 0.38061432000000001 0.40525559999999999 0.36383831000000000 0.37098177999999998 0.43333783999999997 0.43855951999999998 0.41028329000000002 0.42557338000000000 0.36383831000000000 0.37578246999999998 0.38547775000000001 0.37337826000000002 0.36621186000000000 0.39530099000000002 0.39530099000000002 0.36859300000000000 0.36621186000000000 0.34743209000000003 0.39530099000000002 0.37819448000000000 0.39777719000000000 0.34975381000000000 0.35441908999999999 0.36147231000000002 0.38547775000000001 0.35911379999999998 0.36383831000000000 0.38061432000000001 0.36859300000000000 0.38061432000000001 0.36859300000000000 0.38061432000000001 0.35911379999999998 0.35676275000000002 0.37578246999999998
18 0.17446142000000001 0.22777351000000001 0.15810572000000001 0.21602365000000001 0.26004469000000002 0.24777845000000001 0.27672059999999998 0.23173172000000000 0.24575358000000000 0.27461555999999998 0.27672059999999998 0.28094861999999998 0.17079563000000000 0.16533058000000000 0.13859151000000000 0.09440437000000000 0.09937103000000000 0.044934099999999998 0.0000000000000000000 0.10604522000000000 0.24575358000000000 0.32911452000000002 0.29162494000000000 0.31566623999999999 0.35676275000000002 0.42815254000000003 0.38792143000000001 0.34051007000000000 0.39037316000000000 0.39037316000000000 0.32911452000000002 0.39777719000000000 0.33821696000000001 0.34743209000000003 0.35208279999999997 0.41028329000000002 0.40525559999999999 0.39530099000000002 0.40275443999999999 0.40275443999999999 0.33137971999999999 0.36383831000000000 0.35208279999999997 0.35441908999999999 0.38547775000000001 0.41788906999999997 0.37098177999999998 0.39777719000000000 0.40026165000000002 0.44381809000000000 0.44646137000000002 0.43594410000000000 0.43333783999999997 0.43855951999999998 0.42815254000000003 0.42300312000000001 0.39777719000000000 0.40525559999999999 0.39777719000000000 0.40275443999999999 0.40275443999999999 0.41534515999999999 0.37098177999999998 0.41280992000000000 0.40525559999999999 0.41028329000000002 0.43594410000000000 0.39283299999999999 0.36859300000000000 0.42300312000000001 0.43333783999999997 0.41534515999999999 0.42044169999999997 0.36859300000000000 0.39037316000000000 0.38061432000000001 0.37337826000000002 0.35676275000000002 0.41280992000000000 0.40525559999999999 0.36383831000000000 0.38061432000000001 0.34743209000000003 0.42300312000000001 0.37337826000000002 0.40026165000000002 0.34743209000000003 0.36621186000000000 0.36621186000000000 0.38792143000000001 0.36383831000000000 0.37098177999999998 0.38792143000000001 0.37578246999999998 0.38061432000000001 0.36621186000000000 0.37819448000000000 0.36147231000000002 0.36383831000000000 0.38547775000000001
19 0.20445640000000001 0.25184477000000000 0.21408325000000000 0.24575358000000000 0.28520078999999998 0.26417877000000001 0.32685619999999999 0.26625444999999998 0.27251646000000002 0.29593871999999999 0.30464202000000001 0.31344830000000001 0.19873948999999999 0.22580227999999999 0.20829221000000001 0.13162039000000000 0.14562853000000001 0.11787103000000000 0.10604522000000000 0.0000000000000000000 0.27672059999999998 0.34051007000000000 0.32460471000000002 0.34975381000000000 0.37578246999999998 0.44118415999999999 0.39530099000000002 0.36147231000000002 0.39777719000000000 0.38061432000000001 0.34051007000000000 0.40275443999999999 0.37819448000000000 0.38792143000000001 0.39037316000000000 0.46252127999999998 0.41534515999999999 0.41028329000000002 0.40525559999999999 0.41028329000000002 0.33365181999999999 0.37337826000000002 0.37337826000000002 0.36859300000000000 0.38304207000000001 0.42815254000000003 0.37337826000000002 0.40525559999999999 0.42557338000000000 0.45444801000000001 0.47342369000000001 0.45982044999999999 0.43074067999999999 0.45712937999999997 0.44646137000000002 0.45444801000000001 0.42557338000000000 0.42300312000000001 0.42557338000000000 0.42300312000000001 0.43333783999999997 0.44381809000000000 0.37578246999999998 0.42044169999999997 0.42044169999999997 0.41028329000000002 0.43855951999999998 0.40275443999999999 0.41788906999999997 0.44381809000000000 0.46523195000000001 0.44118415999999999 0.45712937999999997 0.39283299999999999 0.39777719000000000 0.41280992000000000 0.39777719000000000 0.38304207000000001 0.41534515999999999 0.41788906999999997 0.39037316000000000 0.38547775000000001 0.37819448000000000 0.43333783999999997 0.39530099000000002 0.44646137000000002 0.39530099000000002 0.39037316000000000 0.37098177999999998 0.40525559999999999 0.36621186000000000 0.38547775000000001 0.39037316000000000 0.38792143000000001 0.39530099000000002 0.38061432000000001 0.40026165000000002 0.39037316000000000 0.36859300000000000 0.40026165000000002
