55
1 0.0 0.0163132016 0.0167186755 0.007781459 0.0115173845 0.0205270237 0.0122466171 0.0274424109 0.0166656624 0.0245006816 0.0191993063 0.028140819 0.0166200966 0.0132548922 0.0253412715 0.0172089606 0.0222526545 0.0203555822 0.0143666203 0.0055450319 0.0051695705 0.0046151912 0.0167528696 0.0270468 0.0323275522 0.018602 0.0190588764 0.0190181613 0.0103892063 0.0165347131 0.0290092842 0.0296553644 0.0233980795 0.0138224891 0.0187638394 0.0164448407 0.0261162913 0.0125322146 0.0320337415 0.0292849186 0.0139641185 0.0256945 0.0193865202 0.0029467792 0.029764745 0.0098146155 0.021087446 0.0131981893 0.0036700767 0.0245241368 0.0168272967 0.0262745006 0.0149741946 0.0185395859 0.0227589394
2 0.0163132016 0.0 0.02165831 0.017496254 0.0213821396 0.0285965113 0.0068631648 0.0235890006 0.0271612606 0.0079293437 0.0158974857 0.0136602393 0.0194076551 0.0216515799 0.006758099 0.0217664975 0.0056474984 0.0091648451 0.0106704492 0.0016180995 0.0185623195 0.0071396753 0.0213361681 0.0057200732 0.0132468737 0.0126623365 0.0074404071 0.0249332453 0.0206899491 0.0262403666 0.0192580362 0.0253501063 0.0312873184 0.0250397959 0.0189316702 0.0288714948 0.0235021805 0.0214216517 0.0168771036 0.0286723111 0.0374742393 0.0276033133 0.0186932114 0.016047904 0.0122048339 0.0280139846 0.0067696682 0.0041046237 0.0215316716 0.0141311365 0.0127355778 0.026181408 0.0350070846 0.0187947795 0.0262918458
3 0.0167186755 0.02165831 0.0 0.0199971276 0.0118492599 0.0180649384 0.0067899503 0.0298823827 0.0159560991 0.0081070335 0.0235736102 0.0138631834 0.005968412 0.0334503841 0.0190786086 0.0211399082 0.0230790386 0.0195626 0.0158621023 0.0139607698 0.0281247327 0.0345204304 0.0322876635 0.0145305727 0.0011887365 0.0143289907 0.0205818426 0.0205589888 0.0240448889 0.0154201776 0.0214349898 0.0135834473 0.0283393821 0.0056531174 0.0086757668 0.0160594753 0.0282855235 0.0140443182 0.0261196974 0.0209242319 0.013874369 0.0168702742 0.0274702981 0.0378703496 0.0059679207 0.0234740477 0.0262004462 0.0124895741 0.0024194633 0.0076997856 0.0211576403 0.0160552939 0.0212220486 0.0187849835 0.0211741368
4 0.007781459 0.017496254 0.0199971276 0.0 0.0251574199 0.013947011 0.0156502952 0.0189081038 0.0302088813 0.0155851717 0.0213336627 0.0167333777 0.0278696387 0.017794152 0.0131721475 0.0181894567 0.0104160635 0.0225326297 0.0164434545 0.0215641959 0.0317657018 0.017278471 0.016368732 0.0199380559 0.0258417886 0.0124556534 0.015602034 0.0070553006 0.0045077948 0.0284396779 0.0141789161 0.0214759533 0.0237726563 0.0234891189 0.0158342061 0.0207990684 0.013497949 0.0140845021 0.0223967875 0.016412682 0.018373703 0.0114933547 0.019532665 0.0123790303 0.0236484621 0.0183593202 0.007962165 0.0316650632 0.0129801904 0.0100230517 0.0333744305 0.0187433278 0.0201443233 0.0242980901 0.0210472703
5 0.0115173845 0.0213821396 0.0118492599 0.0251574199 0.0 0.0166239447 0.0180374564 0.0173466007 0.0226256172 0.0097295147 0.0312918517 0.0212686036 0.0185157167 0.0308010057 0.0173065069 0.0207530353 0.0190282621 0.0122340569 0.0233812349 0.0201618463 0.0287123466 0.0270944233 0.0056470953 0.0227520298 0.0244720959 0.0281524512 0.0225739022 0.0070637369 0.0141307427 0.0282236571 0.0085149341 0.0123284835 0.0118732089 0.0300412509 0.021839177 0.0186641567 0.0168805797 0.0184262266 0.0143273702 0.0063729872 0.010695951 0.0137551833 0.0153185248 0.0296464681 0.0235290854 0.0271463559 0.0191979382 0.0226988605 0.0038606046 0.0217355699 0.0149986813 0.0178302842 0.0064946885 0.0160361392 0.0199533517
6 0.0205270237 0.0285965113 0.0180649384 0.013947011 0.0166239447 0.0 0.0205399276 0.0192529449 0.0302442231 0.0178008711 0.0176424835 0.0228196525 0.0154869034 0.0140735536 0.0182548761 0.0127625418 0.0184841532 0.0188042234 0.0225279542 0.029789013 0.0196326626 0.0287298264 0.0196375744 0.0088675945 0.0227864861 0.0117918888 0.0132322149 0.0152303611 0.0221071057 0.0074955985 0.0211076134 0.013528907 0.0096572868 0.0070206786 0.0227552788 0.0109518394 0.0273990528 0.016632496 0.0368516282 0.017995115 0.0072329452 0.0217589817 0.0171347767 0.0267176197 0.026260914 0.0286841695 0.0066547635 0.0128355253 0.0240571373 0.0075408807 0.0255052447 0.0136831515 0.0218339684 0.0155947708 0.0148511916
7 0.0122466171 0.0068631648 0.0067899503 0.0156502952 0.0180374564 0.0205399276 0.0 0.0209959126 0.006693865 0.0151617654 0.0185938242 0.0162815155 0.0162201364 0.0119602858 0.0068321601 0.0192025042 0.0115647269 0.0112506612 0.0191389678 0.0210853827 0.0197360631 0.0299212746 0.0286798082 0.0099765144 0.0223082098 0.015225505 0.0209104862 0.0322315619 0.0143289545 0.0155574022 0.0232827463 0.0154189049 0.0176315638 0.0249347622 0.0185514896 0.0176977325 0.0150997254 0.0263974903 0.0299901971 0.0058316877 0.0198714297 0.0183819593 0.0215222593 0.0276224937 0.025875597 0.0209207572 0.0248400061 0.0275101138 0.0168168774 0.0230514948 0.0126699628 0.0258203953 0.024528604 0.015764268 0.0159825828
8 0.0274424109 0.0235890006 0.0298823827 0.0189081038 0.0173466007 0.0192529449 0.0209959126 0.0 0.0224925205 0.0068002118 0.0098733671 0.0042438724 0.0148355611 0.0139534927 0.0048929871 0.0117031798 0.0314783366 0.0184907425 0.0265600438 0.024402101 0.0168625336 0.0201458627 0.0236191336 0.0234184107 0.0157560136 0.020355098 0.0198789871 0.0287532291 0.0166372601 0.0272576586 0.023690368 0.0163579431 0.0090784949 0.0044009019 0.0071275621 0.022908725 0.022687488 0.0184680094 0.0165143209 0.0176228166 0.005640407 0.0141300525 0.0239045365 0.0233421779 0.0184738435 0.0316487849 0.0288253123 0.0112654937 0.0108229959 0.0362908192 0.0227176133 0.0197122165 0.016349353 0.0109239403 0.0072678643
9 0.0166656624 0.0271612606 0.0159560991 0.0302088813 0.0226256172 0.0302442231 0.006693865 0.0224925205 0.0 0.0121536317 0.0094220064 0.0078864412 0.0231433284 0.0113772256 0.0116928133 0.017433399 0.0161511781 0.0209020959 0.0126466297 0.0194697555 0.0093034499 0.0266348684 0.0145593644 0.0267229446 0.0079641668 0.020798198 0.0055518696 0.0273624679 0.0220666353 0.0095440767 0.0316826549 0.0176411371 0.0197719719 0.0218488384 0.0173682049 0.010189611 0.0349714756 0.0072707694 0.0130004275 0.0211910876 0.037855968 0.0291357507 0.0205264557 0.0115136001 0.0229232715 0.0147083467 0.0058647729 0.0263753354 0.0162918615 0.0270147904 0.0092825041 0.0115387005 0.0106830493 0.0308473814 0.0256673577
10 0.0245006816 0.0079293437 0.0081070335 0.0155851717 0.0097295147 0.0178008711 0.0151617654 0.0068002118 0.0121536317 0.0 0.027796598 0.0203291523 0.0099383182 0.0287541796 0.0134520416 0.0302365794 0.02508203 0.0232718835 0.0283219244 0.0086618574 0.0091271035 0.0290052244 0.0008163011 0.0205107629 0.0273920702 0.0116666186 0.0231459737 0.0297910007 0.0346637812 0.0129993137 0.0169908463 0.0207118789 0.0206727992 0.0286862519 0.0125494191 0.0094550066 0.0288293154 0.0160131496 0.0326028441 0.0276235982 0.0179837241 0.011502145 0.0172086695 0.0134570475 0.0248808312 0.0149483082 0.0245033227 0.0178214749 0.0211825709 0.0161054745 0.0204644069 0.0185515718 0.0092579864 0.021750589 0.0035158285
11 0.0191993063 0.0158974857 0.0235736102 0.0213336627 0.0312918517 0.0176424835 0.0185938242 0.0098733671 0.0094220064 0.027796598 0.0 0.0043713205 0.0204620959 0.0141467651 0.0175476007 0.0153412432 0.0188307873 0.0162322329 0.0212861224 0.0236720596 0.0016592197 0.0260143287 0.0130956679 0.0056235493 0.0266775411 0.0110984049 0.0170969819 0.0200619943 0.0187692458 0.0203716937 0.0147234618 0.02004242 0.0228473341 0.0263572439 0.0225746034 0.0122635869 0.0208056394 0.0222613884 0.0215430379 0.0200236384 0.0181114939 0.0242603525 0.0129003488 0.0239446624 0.0185196003 0.0066000467 0.0199289381 0.0286287407 0.012898889 0.0089118835 0.0335485068 0.0187778241 0.032311149 0.0222731198 0.0079590393
12 0.028140819 0.0136602393 0.0138631834 0.0167333777 0.0212686036 0.0228196525 0.0162815155 0.0042438724 0.0078864412 0.0203291523 0.0043713205 0.0 0.0108804131 0.014790773 0.0281018974 0.0214372501 0.0118468274 0.0126376327 0.010247252 0.0337507352 0.0234108288 0.0152975692 0.015358058 0.0094725202 0.0174091663 0.0189068368 0.0075859826 0.0140075457 0.0272102877 0.0319930728 0.0216029867 0.0231278373 0.0155372098 0.0156065451 0.0020731195 0.0271291628 0.0203517094 0.0211979586 0.028231988 0.0178236385 0.0119819027 0.0159577474 0.0293854442 0.0169890252 0.0174043668 0.0291546482 0.0240185259 0.0179826175 0.0259874973 0.0363497182 0.0161279902 0.0174380075 0.0137948812 0.0180182652 0.0227843805
13 0.0166200966 0.0194076551 0.005968412 0.0278696387 0.0185157167 0.0154869034 0.0162201364 0.0148355611 0.0231433284 0.0099383182 0.0204620959 0.0108804131 0.0 0.0053538048 0.0264389832 0.0227998383 0.0023306177 0.0189169631 0.0172168952 0.0253332913 0.0155785951 0.0131624101 0.019367532 0.0162693892 0.0223222631 0.0286722035 0.0179382054 0.0255277361 0.0164559279 0.0161216655 0.0240597825 0.027182573 0.024911005 0.0012386633 0.0166891111 0.0340205126 0.0182858994 0.0162088715 0.0106853189 0.0138096747 0.0222793297 0.0246823379 0.0132087878 0.0186355876 0.0195548589 0.0141647298 0.0250819254 0.0157061901 0.0245730838 0.0078214179 0.023442902 0.0228161826 0.0206689226 0.0186210268 0.032496708
14 0.0132548922 0.0216515799 0.0334503841 0.017794152 0.0308010057 0.0140735536 0.0119602858 0.0139534927 0.0113772256 0.0287541796 0.0141467651 0.014790773 0.0053538048 0.0 0.0204390645 0.0212582128 0.0271176806 0.0275246479 0.0293307905 0.0180817894 0.0181678559 0.0041848855 0.0333961487 0.019380387 0.0130723055 0.0093145033 0.0308126649 0.0296008253 0.0056587387 0.0130792106 0.0131896198 0.0296177855 0.0103452273 0.0074596895 0.010538214 0.0326865739 0.0119737145 0.0305204626 0.0255215727 0.0103138903 0.0085868425 0.0099610303 0.0085652027 0.0064662208 0.0083992952 0.0204098353 0.0236040464 0.0273382754 0.0216388729 0.0225717334 0.0318139944 0.0179167253 0.0148639373 0.023335151 0.0205802817
15 0.0253412715 0.006758099 0.0190786086 0.0131721475 0.0173065069 0.0182548761 0.0068321601 0.0048929871 0.0116928133 0.0134520416 0.0175476007 0.0281018974 0.0264389832 0.0204390645 0.0 0.004483113 0.0151902484 0.0215019093 0.0145690321 0.0126774986 0.0283796248 0.0110975488 0.0128464944 0.0108622642 0.0242263729 0.0123191631 0.0232906686 0.0121544426 0.0302437972 0.0199482141 0.0231664452 0.023294334 0.0219633293 0.0319766829 0.0187537601 0.0070649099 0.025220998 0.0260285063 0.0212220792 0.0125134279 0.0074217603 0.0190039634 0.0206569598 0.0269306648 0.0102928771 0.0238683673 0.0223559477 0.0296554667 0.0092156732 0.0232187182 0.0264682704 0.0191358192 0.0205560783 0.0216988484 0.0252166626
16 0.0172089606 0.0217664975 0.0211399082 0.0181894567 0.0207530353 0.0127625418 0.0192025042 0.0117031798 0.017433399 0.0302365794 0.0153412432 0.0214372501 0.0227998383 0.0212582128 0.004483113 0.0 0.0262585132 0.0159279551 0.0145411045 0.0128903287 0.0237676946 0.0169836044 0.0121536502 0.0146780663 0.0156288632 0.0146948638 0.029072939 0.0170344569 0.0123629832 0.0164922803 0.0243582974 0.023470142 0.0199230324 0.0241746988 0.0202123844 0.0238656634 0.007995644 0.0207898362 0.0099995718 0.0153514397 0.0079081627 0.0052859256 0.0282801105 0.017554827 0.0314609192 0.0211421182 0.0239460973 0.0150601843 0.0177999129 0.0377338855 0.0269967999 0.0187085374 0.0211160228 0.0085064407 0.0101563224
17 0.0222526545 0.0056474984 0.0230790386 0.0104160635 0.0190282621 0.0184841532 0.0115647269 0.0314783366 0.0161511781 0.02508203 0.0188307873 0.0118468274 0.0023306177 0.0271176806 0.0151902484 0.0262585132 0.0 0.0205882593 0.0303644112 0.0186267735 0.0134186025 0.0172550811 0.0172184395 0.0121920409 0.018894824 0.0184558821 0.0101930386 0.0242439977 0.0205760334 0.0259209746 0.0322438838 0.0049667974 0.0224321247 0.0288576081 0.0127894261 0.0160168218 0.0265811944 0.0136576143 0.026973672 0.0194203558 0.0097256637 0.0236625967 0.0157002437 0.0154416083 0.0324836898 0.013319826 0.0119269381 0.0118256415 0.0180326513 0.0196421669 0.0212848813 0.0157940544 0.0132338792 0.011537433 0.0297422524
18 0.0203555822 0.0091648451 0.0195626 0.0225326297 0.0122340569 0.0188042234 0.0112506612 0.0184907425 0.0209020959 0.0232718835 0.0162322329 0.0126376327 0.0189169631 0.0275246479 0.0215019093 0.0159279551 0.0205882593 0.0 0.0171284974 0.022376824 0.0153971392 0.016208401 0.0198051573 0.0172801536 0.019901166 0.0133676969 0.0134442165 0.0255273705 0.0275306532 0.0149890548 0.0253371123 0.0179344663 0.022611586 0.0091064988 0.0232108905 0.0176044198 0.0179312838 0.0230104582 0.0167192599 0.0228303107 0.015945912 0.0224630957 0.027613525 0.0197482544 0.0201944243 0.0148351959 0.0159981329 0.0206846932 0.0230149419 0.0107622961 0.0137434035 0.0110244616 0.014369629 0.0146173757 0.0258331215
19 0.0143666203 0.0106704492 0.0158621023 0.0164434545 0.0233812349 0.0225279542 0.0191389678 0.0265600438 0.0126466297 0.0283219244 0.0212861224 0.010247252 0.0172168952 0.0293307905 0.0145690321 0.0145411045 0.0303644112 0.0171284974 0.0 0.0266218506 0.0054597544 0.0130129734 0.0093263477 0.0286187861 0.021233241 0.0279354061 0.0272182646 0.0050677329 0.0211677334 0.0268905513 0.0073609182 0.0153535162 0.0188477753 0.0347337024 0.0262517364 0.0103528915 0.0077265204 0.0143910789 0.0209066451 0.0191189766 0.0260979122 0.0269702833 0.025951457 0.0120739751 0.0180922899 0.0116261452 0.0145749779 0.0103207241 0.0180744974 0.0096641825 0.0236183231 0.0206813069 0.0239592466 0.0239865343 0.0021082557
20 0.0055450319 0.0016180995 0.0139607698 0.0215641959 0.0201618463 0.029789013 0.0210853827 0.024402101 0.0194697555 0.0086618574 0.0236720596 0.0337507352 0.0253332913 0.0180817894 0.0126774986 0.0128903287 0.0186267735 0.022376824 0.0266218506 0.0 0.0355610751 0.0305606236 0.0219758082 0.0155170113 0.0261742531 0.0128545026 0.0218538302 0.0028298449 0.0140771012 0.015518819 0.0154741266 0.0074552935 0.0048016996 0.0063539786 0.0312925416 0.0198655798 0.0136501513 0.0169563893 0.0168474423 0.0323546471 0.0173832958 0.0208635314 0.0227408205 0.0189563022 0.0084904294 0.0211058929 0.0211309012 0.0126259803 0.0154251694 0.03013 0.0209262007 0.0003471067 0.0186067424 0.0228713182 0.0261323864
21 0.0051695705 0.0185623195 0.0281247327 0.0317657018 0.0287123466 0.0196326626 0.0197360631 0.0168625336 0.0093034499 0.0091271035 0.0016592197 0.0234108288 0.0155785951 0.0181678559 0.0283796248 0.0237676946 0.0134186025 0.0153971392 0.0054597544 0.0355610751 0.0 0.0023450062 0.0194892407 0.0184101952 0.0213382997 0.0020783295 0.0155063953 0.0231098543 0.0007809472 0.0195877833 0.0134411928 0.0245123508 0.0237542134 0.0272309693 0.0094793 0.0272321081 0.0283804026 0.01367027 0.0264451799 0.0261717031 0.0285622886 0.0222558362 0.02077852 0.0214051237 0.0289497257 0.0160351632 0.0255465745 0.0138149963 0.0256238978 0.0107160044 0.019398699 0.0077328035 0.0083472691 0.0247716818 0.0153008008
22 0.0046151912 0.0071396753 0.0345204304 0.017278471 0.0270944233 0.0287298264 0.0299212746 0.0201458627 0.0266348684 0.0290052244 0.0260143287 0.0152975692 0.0131624101 0.0041848855 0.0110975488 0.0169836044 0.0172550811 0.016208401 0.0130129734 0.0305606236 0.0023450062 0.0 0.0132792068 0.0213720816 0.0180875761 0.0249638122 0.024456192 0.0036274898 0.014226239 0.0160431012 0.0202427608 0.0172292808 0.006698218 0.0246746917 0.0247406548 0.02406806 0.0104428263 0.0180796942 0.0219083007 0.0244113361 0.0155247704 0.0143003119 0.0098643868 0.0256840523 0.0294030069 0.0066934275 0.0322124269 0.0235809447 0.0172395753 0.0033019423 0.0180525518 0.0247584067 0.0326288011 0.0142794515 0.0127167424
23 0.0167528696 0.0213361681 0.0322876635 0.016368732 0.0056470953 0.0196375744 0.0286798082 0.0236191336 0.0145593644 0.0008163011 0.0130956679 0.015358058 0.019367532 0.0333961487 0.0128464944 0.0121536502 0.0172184395 0.0198051573 0.0093263477 0.0219758082 0.0194892407 0.0132792068 0.0 0.0110544137 0.0233361295 0.0182514939 0.0216144328 0.0029969091 0.0132345395 0.0174007578 0.0058350725 0.0198141685 0.0188279506 0.0257623659 0.0258800453 0.0022694193 0.0184065649 0.0267556403 0.0257268322 0.0247389844 0.0266313015 0.0147679096 0.0195060007 0.0154791702 0.0189389634 0.0360068515 0.0145148482 0.0253666421 0.0207806553 0.0311861623 0.0195020925 0.0082719773 0.0087490762 0.01796743 0.0334087373
24 0.0270468 0.0057200732 0.0145305727 0.0199380559 0.0227520298 0.0088675945 0.0099765144 0.0234184107 0.0267229446 0.0205107629 0.0056235493 0.0094725202 0.0162693892 0.019380387 0.0108622642 0.0146780663 0.0121920409 0.0172801536 0.0286187861 0.0155170113 0.0184101952 0.0213720816 0.0110544137 0.0 0.0160981009 0.0234645584 0.0273463996 0.0148169362 0.0101973666 0.0207571663 0.0222277085 0.0224465584 0.0224480931 0.0212283568 0.0100286291 0.0321244661 0.0213740953 0.0269754051 0.0275568489 0.016116015 0.0211271018 0.0238632745 0.0158965833 0.0061291375 0.0164960077 0.0174778497 0.0199422785 0.0143880603 0.0269959404 0.0226142553 0.0123203217 0.0194514658 0.0228010281 0.0156602369 0.0294151367
25 0.0323275522 0.0132468737 0.0011887365 0.0258417886 0.0244720959 0.0227864861 0.0223082098 0.0157560136 0.0079641668 0.0273920702 0.0266775411 0.0174091663 0.0223222631 0.0130723055 0.0242263729 0.0156288632 0.018894824 0.019901166 0.021233241 0.0261742531 0.0213382997 0.0180875761 0.0233361295 0.0160981009 0.0 0.0181853819 0.0218816132 0.0252457597 0.0128875366 0.0135865478 0.0112441171 0.0125794824 0.0271298286 0.0173441816 0.0229135396 0.0128571649 0.0216613583 0.0189798875 0.0086516662 0.0185844646 0.0334787742 0.0075456998 0.0215383461 0.0065249148 0.0193333178 0.0274638043 0.0098703777 0.0141514289 0.0135044756 0.0243655529 0.0079068909 0.0110331584 0.0235070785 0.0204614378 0.0178981168
26 0.018602 0.0126623365 0.0143289907 0.0124556534 0.0281524512 0.0117918888 0.015225505 0.020355098 0.020798198 0.0116666186 0.0110984049 0.0189068368 0.0286722035 0.0093145033 0.0123191631 0.0146948638 0.0184558821 0.0133676969 0.0279354061 0.0128545026 0.0020783295 0.0249638122 0.0182514939 0.0234645584 0.0181853819 0.0 0.0248973655 0.0062317843 0.0199024531 0.0228059466 0.0207408923 0.0273743156 0.0216699567 0.0007339377 0.0210873352 0.0134676278 0.0067255387 0.0311103439 0.0107880649 0.0246130521 0.0134609245 0.0133584173 0.0155816893 0.0330674601 0.0153857348 0.0294225215 0.0291883713 0.0234823686 0.0230419361 0.0326630257 0.0238463869 0.0237145715 0.0058773572 0.0145821708 0.0305766711
27 0.0190588764 0.0074404071 0.0205818426 0.015602034 0.0225739022 0.0132322149 0.0209104862 0.0198789871 0.0055518696 0.0231459737 0.0170969819 0.0075859826 0.0179382054 0.0308126649 0.0232906686 0.029072939 0.0101930386 0.0134442165 0.0272182646 0.0218538302 0.0155063953 0.024456192 0.0216144328 0.0273463996 0.0218816132 0.0248973655 0.0 0.0053253669 0.0250684227 0.0169129995 0.0134953442 0.0162063246 0.0218963392 0.0211054697 0.0101738664 0.0039320828 0.0177683552 0.0186366226 0.0221494391 0.0234326766 0.0153735639 0.0115740771 0.0275522236 0.0126654563 0.0271996898 0.0127950391 0.0218010476 0.0173521764 0.0181020573 0.0215039772 0.0123785002 0.0240178707 0.0248689487 0.0138070511 0.0207192271
28 0.0190181613 0.0249332453 0.0205589888 0.0070553006 0.0070637369 0.0152303611 0.0322315619 0.0287532291 0.0273624679 0.0297910007 0.0200619943 0.0140075457 0.0255277361 0.0296008253 0.0121544426 0.0170344569 0.0242439977 0.0255273705 0.0050677329 0.0028298449 0.0231098543 0.0036274898 0.0029969091 0.0148169362 0.0252457597 0.0062317843 0.0053253669 0.0 0.0038207469 0.0209579052 0.0079990128 0.0234580498 0.0177913626 0.0096637868 0.0238134609 0.0203971897 0.0157876816 0.0258368541 0.0230215981 0.0155914927 0.0189608216 0.0242573091 0.0158072258 0.0375602588 0.0208269822 0.0241289169 0.0076650876 0.0219195303 0.0113082933 0.0240519837 0.0077980282 0.0228583265 0.0298936511 0.0228543093 0.0325620337
29 0.0103892063 0.0206899491 0.0240448889 0.0045077948 0.0141307427 0.0221071057 0.0143289545 0.0166372601 0.0220666353 0.0346637812 0.0187692458 0.0272102877 0.0164559279 0.0056587387 0.0302437972 0.0123629832 0.0205760334 0.0275306532 0.0211677334 0.0140771012 0.0007809472 0.014226239 0.0132345395 0.0101973666 0.0128875366 0.0199024531 0.0250684227 0.0038207469 0.0 0.0132316244 0.0283983138 0.0278151391 0.0139884663 0.0134743956 0.0218595414 0.0183201136 0.0102476328 0.0200483758 0.0297709463 0.0143791536 0.0297054211 0.0261081577 0.0232986966 0.0308988197 0.0302613814 0.015596867 0.0074487126 0.0082978697 0.0219079654 0.0248771765 0.0148071896 0.0096348412 0.0173821051 0.0242516045 0.0262524174
30 0.0165347131 0.0262403666 0.0154201776 0.0284396779 0.0282236571 0.0074955985 0.0155574022 0.0272576586 0.0095440767 0.0129993137 0.0203716937 0.0319930728 0.0161216655 0.0130792106 0.0199482141 0.0164922803 0.0259209746 0.0149890548 0.0268905513 0.015518819 0.0195877833 0.0160431012 0.0174007578 0.0207571663 0.0135865478 0.0228059466 0.0169129995 0.0209579052 0.0132316244 0.0 0.0297655261 0.0172683444 0.0216017101 0.0085175475 0.0086447363 0.0210607874 0.0216062356 0.0097126368 0.0026894769 0.0239696723 0.016103501 0.0174067286 0.029301948 0.0163563408 0.0067157501 0.0151031382 0.0054707532 0.0147499117 0.0269138913 0.0167555401 0.0266342049 0.0253684259 0.0207661355 0.0273446502 0.0198503962
31 0.0290092842 0.0192580362 0.0214349898 0.0141789161 0.0085149341 0.0211076134 0.0232827463 0.023690368 0.0316826549 0.0169908463 0.0147234618 0.0216029867 0.0240597825 0.0131896198 0.0231664452 0.0243582974 0.0322438838 0.0253371123 0.0073609182 0.0154741266 0.0134411928 0.0202427608 0.0058350725 0.0222277085 0.0112441171 0.0207408923 0.0134953442 0.0079990128 0.0283983138 0.0297655261 0.0 0.0060483734 0.0125673658 0.0143555183 0.0033605718 0.0257565845 0.0248916467 0.0246904825 0.0177616513 0.012591335 0.0166767006 0.0090638799 0.0070858945 0.0219356821 0.0257796158 0.0196520005 0.0143979179 0.0068330721 0.0283554452 0.0327821686 0.0091609022 0.0278755506 0.013837678 0.0189452153 0.0215377832
32 0.0296553644 0.0253501063 0.0135834473 0.0214759533 0.0123284835 0.013528907 0.0154189049 0.0163579431 0.0176411371 0.0207118789 0.02004242 0.0231278373 0.027182573 0.0296177855 0.023294334 0.023470142 0.0049667974 0.0179344663 0.0153535162 0.0074552935 0.0245123508 0.0172292808 0.0198141685 0.0224465584 0.0125794824 0.0273743156 0.0162063246 0.0234580498 0.0278151391 0.0172683444 0.0060483734 0.0 0.0215736542 0.0140102735 0.0287936542 0.0193722413 0.0122141142 0.017069931 0.0185333923 0.0161531859 0.0142271507 0.0131564247 0.0185110266 0.0148517129 0.0108291546 0.0098877739 0.0065777411 0.0305804951 0.0172383225 0.0144878935 0.0349660385 0.0168783136 0.0155849905 0.0185401725 0.0227126638
33 0.0233980795 0.0312873184 0.0283393821 0.0237726563 0.0118732089 0.0096572868 0.0176315638 0.0090784949 0.0197719719 0.0206727992 0.0228473341 0.0155372098 0.024911005 0.0103452273 0.0219633293 0.0199230324 0.0224321247 0.022611586 0.0188477753 0.0048016996 0.0237542134 0.006698218 0.0188279506 0.0224480931 0.0271298286 0.0216699567 0.0218963392 0.0177913626 0.0139884663 0.0216017101 0.0125673658 0.0215736542 0.0 0.0234872924 0.0251892162 0.0319541161 0.0051250606 0.0138671985 0.0148047951 0.0277364089 0.0196393995 0.0125578439 0.0094576488 0.0181070699 0.0209267625 0.0288268661 0.0165093049 0.0049196443 0.011612099 0.030520579 0.0162365056 0.0102866366 0.014097739 0.0124021275 0.0220854417
34 0.0138224891 0.0250397959 0.0056531174 0.0234891189 0.0300412509 0.0070206786 0.0249347622 0.0044009019 0.0218488384 0.0286862519 0.0263572439 0.0156065451 0.0012386633 0.0074596895 0.0319766829 0.0241746988 0.0288576081 0.0091064988 0.0347337024 0.0063539786 0.0272309693 0.0246746917 0.0257623659 0.0212283568 0.0173441816 0.0007339377 0.0211054697 0.0096637868 0.0134743956 0.0085175475 0.0143555183 0.0140102735 0.0234872924 0.0 0.0232830161 0.0137982723 0.0195871187 0.0263257543 0.0259250835 0.0182904373 0.0094283809 0.0203900382 0.0291782245 0.005107869 0.0154352542 0.0188307208 0.0243458763 0.017263645 0.0203310148 0.0251628728 0.0111147046 0.0182395664 0.02049075 0.0141659555 0.0309141414
35 0.0187638394 0.0189316702 0.0086757668 0.0158342061 0.021839177 0.0227552788 0.0185514896 0.0071275621 0.0173682049 0.0125494191 0.0225746034 0.0020731195 0.0166891111 0.010538214 0.0187537601 0.0202123844 0.0127894261 0.0232108905 0.0262517364 0.0312925416 0.0094793 0.0247406548 0.0258800453 0.0100286291 0.0229135396 0.0210873352 0.0101738664 0.0238134609 0.0218595414 0.0086447363 0.0033605718 0.0287936542 0.0251892162 0.0232830161 0.0 0.0162979892 0.0192389659 0.0057394667 0.0296073895 0.0127527038 0.0170742055 0.0180142392 0.0178240188 0.0180216074 0.0280292605 0.0200065649 0.0059768395 0.0150424305 0.025824019 0.0188161977 0.0355185098 0.0236824386 0.0218240753 0.0209193519 0.0237597579
36 0.0164448407 0.0288714948 0.0160594753 0.0207990684 0.0186641567 0.0109518394 0.0176977325 0.022908725 0.010189611 0.0094550066 0.0122635869 0.0271291628 0.0340205126 0.0326865739 0.0070649099 0.0238656634 0.0160168218 0.0176044198 0.0103528915 0.0198655798 0.0272321081 0.02406806 0.0022694193 0.0321244661 0.0128571649 0.0134676278 0.0039320828 0.0203971897 0.0183201136 0.0210607874 0.0257565845 0.0193722413 0.0319541161 0.0137982723 0.0162979892 0.0 0.009203724 0.0236023303 0.0088059654 0.0354645834 0.0219833544 0.0265232037 0.0196003093 0.0200833214 0.0107340729 0.0145560713 0.020284717 0.0159937794 0.0161947957 0.0137939141 0.0233541161 0.0184146075 0.0159512465 0.0197619213 0.0098736711
37 0.0261162913 0.0235021805 0.0282855235 0.013497949 0.0168805797 0.0273990528 0.0150997254 0.022687488 0.0349714756 0.0288293154 0.0208056394 0.0203517094 0.0182858994 0.0119737145 0.025220998 0.007995644 0.0265811944 0.0179312838 0.0077265204 0.0136501513 0.0283804026 0.0104428263 0.0184065649 0.0213740953 0.0216613583 0.0067255387 0.0177683552 0.0157876816 0.0102476328 0.0216062356 0.0248916467 0.0122141142 0.0051250606 0.0195871187 0.0192389659 0.009203724 0.0 0.0102017755 0.0090879998 0.0155796274 0.0152640614 0.0251482652 0.0154418531 0.0361880846 0.0098160546 0.0251734917 0.0301393689 0.0130418989 0.0287243947 0.010809362 0.0038888658 0.0179629383 0.0176596859 0.0302939951 0.0151246203
38 0.0125322146 0.0214216517 0.0140443182 0.0140845021 0.0184262266 0.016632496 0.0263974903 0.0184680094 0.0072707694 0.0160131496 0.0222613884 0.0211979586 0.0162088715 0.0305204626 0.0260285063 0.0207898362 0.0136576143 0.0230104582 0.0143910789 0.0169563893 0.01367027 0.0180796942 0.0267556403 0.0269754051 0.0189798875 0.0311103439 0.0186366226 0.0258368541 0.0200483758 0.0097126368 0.0246904825 0.017069931 0.0138671985 0.0263257543 0.0057394667 0.0236023303 0.0102017755 0.0 0.0098995343 0.0197675298 0.0316416021 0.0345633116 0.0120292623 0.0203185639 0.0162039415 0.0165543884 0.0332127766 0.0152663657 0.0276390819 0.0222975407 0.0031782404 0.0182179654 0.0030600941 0.012454637 0.0020791029
39 0.0320337415 0.0168771036 0.0261196974 0.0223967875 0.0143273702 0.0368516282 0.0299901971 0.0165143209 0.0130004275 0.0326028441 0.0215430379 0.028231988 0.0106853189 0.0255215727 0.0212220792 0.0099995718 0.026973672 0.0167192599 0.0209066451 0.0168474423 0.0264451799 0.0219083007 0.0257268322 0.0275568489 0.0086516662 0.0107880649 0.0221494391 0.0230215981 0.0297709463 0.0026894769 0.0177616513 0.0185333923 0.0148047951 0.0259250835 0.0296073895 0.0088059654 0.0090879998 0.0098995343 0.0 0.0118238256 0.0116798376 0.004784595 0.0261065238 0.0107241075 0.0010415564 0.0111501088 0.0020147359 0.0222359668 0.0206243371 0.0086986961 0.0215840711 0.0240980646 0.0333898788 0.0099820769 0.0075627477
40 0.0292849186 0.0286723111 0.0209242319 0.016412682 0.0063729872 0.017995115 0.0058316877 0.0176228166 0.0211910876 0.0276235982 0.0200236384 0.0178236385 0.0138096747 0.0103138903 0.0125134279 0.0153514397 0.0194203558 0.0228303107 0.0191189766 0.0323546471 0.0261717031 0.0244113361 0.0247389844 0.016116015 0.0185844646 0.0246130521 0.0234326766 0.0155914927 0.0143791536 0.0239696723 0.012591335 0.0161531859 0.0277364089 0.0182904373 0.0127527038 0.0354645834 0.0155796274 0.0197675298 0.0118238256 0.0 0.0188243137 0.021701152 0.0203187936 0.0038800929 0.0150475691 0.0014330542 0.032381959 0.0216898397 0.0154153516 0.0137394015 0.0071838341 0.009193348 0.0282073997 0.0303970957 0.0029271719
41 0.0139641185 0.0374742393 0.013874369 0.018373703 0.010695951 0.0072329452 0.0198714297 0.005640407 0.037855968 0.0179837241 0.0181114939 0.0119819027 0.0222793297 0.0085868425 0.0074217603 0.0079081627 0.0097256637 0.015945912 0.0260979122 0.0173832958 0.0285622886 0.0155247704 0.0266313015 0.0211271018 0.0334787742 0.0134609245 0.0153735639 0.0189608216 0.0297054211 0.016103501 0.0166767006 0.0142271507 0.0196393995 0.0094283809 0.0170742055 0.0219833544 0.0152640614 0.0316416021 0.0116798376 0.0188243137 0.0 0.0097478048 0.0137445319 0.0179250418 0.0058832982 0.0252689971 0.0371533904 0.0247427575 0.0142123213 0.0225445452 0.014381627 0.0207548662 0.0245027257 0.019929013 0.0254324744
42 0.0256945 0.0276033133 0.0168702742 0.0114933547 0.0137551833 0.0217589817 0.0183819593 0.0141300525 0.0291357507 0.011502145 0.0242603525 0.0159577474 0.0246823379 0.0099610303 0.0190039634 0.0052859256 0.0236625967 0.0224630957 0.0269702833 0.0208635314 0.0222558362 0.0143003119 0.0147679096 0.0238632745 0.0075456998 0.0133584173 0.0115740771 0.0242573091 0.0261081577 0.0174067286 0.0090638799 0.0131564247 0.0125578439 0.0203900382 0.0180142392 0.0265232037 0.0251482652 0.0345633116 0.004784595 0.021701152 0.0097478048 0.0 0.0148114747 0.0355773562 0.0302881231 0.0054404094 0.0179605403 0.0197354013 0.0233058663 0.0072507212 0.018720737 0.0254687647 0.0035798779 0.0309225157 0.0124133534
43 0.0193865202 0.0186932114 0.0274702981 0.019532665 0.0153185248 0.0171347767 0.0215222593 0.0239045365 0.0205264557 0.0172086695 0.0129003488 0.0293854442 0.0132087878 0.0085652027 0.0206569598 0.0282801105 0.0157002437 0.027613525 0.025951457 0.0227408205 0.02077852 0.0098643868 0.0195060007 0.0158965833 0.0215383461 0.0155816893 0.0275522236 0.0158072258 0.0232986966 0.029301948 0.0070858945 0.0185110266 0.0094576488 0.0291782245 0.0178240188 0.0196003093 0.0154418531 0.0120292623 0.0261065238 0.0203187936 0.0137445319 0.0148114747 0.0 0.0106363378 0.0164293396 0.0078295593 0.0090730302 0.0181739765 0.0276356507 0.0047373978 0.0108266251 0.0269237456 0.0264549401 0.0171435852 0.0151998127
44 0.0029467792 0.016047904 0.0378703496 0.0123790303 0.0296464681 0.0267176197 0.0276224937 0.0233421779 0.0115136001 0.0134570475 0.0239446624 0.0169890252 0.0186355876 0.0064662208 0.0269306648 0.017554827 0.0154416083 0.0197482544 0.0120739751 0.0189563022 0.0214051237 0.0256840523 0.0154791702 0.0061291375 0.0065249148 0.0330674601 0.0126654563 0.0375602588 0.0308988197 0.0163563408 0.0219356821 0.0148517129 0.0181070699 0.005107869 0.0180216074 0.0200833214 0.0361880846 0.0203185639 0.0107241075 0.0038800929 0.0179250418 0.0355773562 0.0106363378 0.0 0.0069912068 0.0064051207 0.0179875557 0.0317799927 0.0206430951 0.0316760415 0.0242820685 0.0109893298 0.0103870819 0.0152782176 0.0061681103
45 0.029764745 0.0122048339 0.0059679207 0.0236484621 0.0235290854 0.026260914 0.025875597 0.0184738435 0.0229232715 0.0248808312 0.0185196003 0.0174043668 0.0195548589 0.0083992952 0.0102928771 0.0314609192 0.0324836898 0.0201944243 0.0180922899 0.0084904294 0.0289497257 0.0294030069 0.0189389634 0.0164960077 0.0193333178 0.0153857348 0.0271996898 0.0208269822 0.0302613814 0.0067157501 0.0257796158 0.0108291546 0.0209267625 0.0154352542 0.0280292605 0.0107340729 0.0098160546 0.0162039415 0.0010415564 0.0150475691 0.0058832982 0.0302881231 0.0164293396 0.0069912068 0.0 0.0191501768 0.0317524024 0.0117929885 0.0203446325 0.0182683546 0.0171343235 0.0061400066 0.0148757182 0.0091623455 0.0260110266
46 0.0098146155 0.0280139846 0.0234740477 0.0183593202 0.0271463559 0.0286841695 0.0209207572 0.0316487849 0.0147083467 0.0149483082 0.0066000467 0.0291546482 0.0141647298 0.0204098353 0.0238683673 0.0211421182 0.013319826 0.0148351959 0.0116261452 0.0211058929 0.0160351632 0.0066934275 0.0360068515 0.0174778497 0.0274638043 0.0294225215 0.0127950391 0.0241289169 0.015596867 0.0151031382 0.0196520005 0.0098877739 0.0288268661 0.0188307208 0.0200065649 0.0145560713 0.0251734917 0.0165543884 0.0111501088 0.0014330542 0.0252689971 0.0054404094 0.0078295593 0.0064051207 0.0191501768 0.0 0.0173390683 0.0316473522 0.0055936602 0.023911727 0.0024053783 0.029620847 0.0291970598 0.0199402622 0.0155102664
47 0.021087446 0.0067696682 0.0262004462 0.007962165 0.0191979382 0.0066547635 0.0248400061 0.0288253123 0.0058647729 0.0245033227 0.0199289381 0.0240185259 0.0250819254 0.0236040464 0.0223559477 0.0239460973 0.0119269381 0.0159981329 0.0145749779 0.0211309012 0.0255465745 0.0322124269 0.0145148482 0.0199422785 0.0098703777 0.0291883713 0.0218010476 0.0076650876 0.0074487126 0.0054707532 0.0143979179 0.0065777411 0.0165093049 0.0243458763 0.0059768395 0.020284717 0.0301393689 0.0332127766 0.0020147359 0.032381959 0.0371533904 0.0179605403 0.0090730302 0.0179875557 0.0317524024 0.0173390683 0.0 0.0198784772 0.032055205 0.0010733066 0.0213666187 0.0198578111 0.0062238696 0.0098690941 0.0244356433
48 0.0131981893 0.0041046237 0.0124895741 0.0316650632 0.0226988605 0.0128355253 0.0275101138 0.0112654937 0.0263753354 0.0178214749 0.0286287407 0.0179826175 0.0157061901 0.0273382754 0.0296554667 0.0150601843 0.0118256415 0.0206846932 0.0103207241 0.0126259803 0.0138149963 0.0235809447 0.0253666421 0.0143880603 0.0141514289 0.0234823686 0.0173521764 0.0219195303 0.0082978697 0.0147499117 0.0068330721 0.0305804951 0.0049196443 0.017263645 0.0150424305 0.0159937794 0.0130418989 0.0152663657 0.0222359668 0.0216898397 0.0247427575 0.0197354013 0.0181739765 0.0317799927 0.0117929885 0.0316473522 0.0198784772 0.0 0.0281932834 0.0102427471 0.0099856328 0.013686315 0.0230759338 0.0243275596 0.0229737481
49 0.0036700767 0.0215316716 0.0024194633 0.0129801904 0.0038606046 0.0240571373 0.0168168774 0.0108229959 0.0162918615 0.0211825709 0.012898889 0.0259874973 0.0245730838 0.0216388729 0.0092156732 0.0177999129 0.0180326513 0.0230149419 0.0180744974 0.0154251694 0.0256238978 0.0172395753 0.0207806553 0.0269959404 0.0135044756 0.0230419361 0.0181020573 0.0113082933 0.0219079654 0.0269138913 0.0283554452 0.0172383225 0.011612099 0.0203310148 0.025824019 0.0161947957 0.0287243947 0.0276390819 0.0206243371 0.0154153516 0.0142123213 0.0233058663 0.0276356507 0.0206430951 0.0203446325 0.0055936602 0.032055205 0.0281932834 0.0 0.0104377328 0.0175015449 0.0126697989 0.0296430243 0.0107338168 0.0093581796
50 0.0245241368 0.0141311365 0.0076997856 0.0100230517 0.0217355699 0.0075408807 0.0230514948 0.0362908192 0.0270147904 0.0161054745 0.0089118835 0.0363497182 0.0078214179 0.0225717334 0.0232187182 0.0377338855 0.0196421669 0.0107622961 0.0096641825 0.03013 0.0107160044 0.0033019423 0.0311861623 0.0226142553 0.0243655529 0.0326630257 0.0215039772 0.0240519837 0.0248771765 0.0167555401 0.0327821686 0.0144878935 0.030520579 0.0251628728 0.0188161977 0.0137939141 0.010809362 0.0222975407 0.0086986961 0.0137394015 0.0225445452 0.0072507212 0.0047373978 0.0316760415 0.0182683546 0.023911727 0.0010733066 0.0102427471 0.0104377328 0.0 0.012579408 0.0290105599 0.0096371041 0.0137892312 0.0067737349
51 0.0168272967 0.0127355778 0.0211576403 0.0333744305 0.0149986813 0.0255052447 0.0126699628 0.0227176133 0.0092825041 0.0204644069 0.0335485068 0.0161279902 0.023442902 0.0318139944 0.0264682704 0.0269967999 0.0212848813 0.0137434035 0.0236183231 0.0209262007 0.019398699 0.0180525518 0.0195020925 0.0123203217 0.0079068909 0.0238463869 0.0123785002 0.0077980282 0.0148071896 0.0266342049 0.0091609022 0.0349660385 0.0162365056 0.0111147046 0.0355185098 0.0233541161 0.0038888658 0.0031782404 0.0215840711 0.0071838341 0.014381627 0.018720737 0.0108266251 0.0242820685 0.0171343235 0.0024053783 0.0213666187 0.0099856328 0.0175015449 0.012579408 0.0 0.0276877628 0.0333416713 0.0162320707 0.0170192466
52 0.0262745006 0.026181408 0.0160552939 0.0187433278 0.0178302842 0.0136831515 0.0258203953 0.0197122165 0.0115387005 0.0185515718 0.0187778241 0.0174380075 0.0228161826 0.0179167253 0.0191358192 0.0187085374 0.0157940544 0.0110244616 0.0206813069 0.0003471067 0.0077328035 0.0247584067 0.0082719773 0.0194514658 0.0110331584 0.0237145715 0.0240178707 0.0228583265 0.0096348412 0.0253684259 0.0278755506 0.0168783136 0.0102866366 0.0182395664 0.0236824386 0.0184146075 0.0179629383 0.0182179654 0.0240980646 0.009193348 0.0207548662 0.0254687647 0.0269237456 0.0109893298 0.0061400066 0.029620847 0.0198578111 0.013686315 0.0126697989 0.0290105599 0.0276877628 0.0 0.0196903805 0.0176896225 0.0210880363
53 0.0149741946 0.0350070846 0.0212220486 0.0201443233 0.0064946885 0.0218339684 0.024528604 0.016349353 0.0106830493 0.0092579864 0.032311149 0.0137948812 0.0206689226 0.0148639373 0.0205560783 0.0211160228 0.0132338792 0.014369629 0.0239592466 0.0186067424 0.0083472691 0.0326288011 0.0087490762 0.0228010281 0.0235070785 0.0058773572 0.0248689487 0.0298936511 0.0173821051 0.0207661355 0.013837678 0.0155849905 0.014097739 0.02049075 0.0218240753 0.0159512465 0.0176596859 0.0030600941 0.0333898788 0.0282073997 0.0245027257 0.0035798779 0.0264549401 0.0103870819 0.0148757182 0.0291970598 0.0062238696 0.0230759338 0.0296430243 0.0096371041 0.0333416713 0.0196903805 0.0 0.0160053407 0.0004844944
54 0.0185395859 0.0187947795 0.0187849835 0.0242980901 0.0160361392 0.0155947708 0.015764268 0.0109239403 0.0308473814 0.021750589 0.0222731198 0.0180182652 0.0186210268 0.023335151 0.0216988484 0.0085064407 0.011537433 0.0146173757 0.0239865343 0.0228713182 0.0247716818 0.0142794515 0.01796743 0.0156602369 0.0204614378 0.0145821708 0.0138070511 0.0228543093 0.0242516045 0.0273446502 0.0189452153 0.0185401725 0.0124021275 0.0141659555 0.0209193519 0.0197619213 0.0302939951 0.012454637 0.0099820769 0.0303970957 0.019929013 0.0309225157 0.0171435852 0.0152782176 0.0091623455 0.0199402622 0.0098690941 0.0243275596 0.0107338168 0.0137892312 0.0162320707 0.0176896225 0.0160053407 0.0 0.018334712
55 0.0227589394 0.0262918458 0.0211741368 0.0210472703 0.0199533517 0.0148511916 0.0159825828 0.0072678643 0.0256673577 0.0035158285 0.0079590393 0.0227843805 0.032496708 0.0205802817 0.0252166626 0.0101563224 0.0297422524 0.0258331215 0.0021082557 0.0261323864 0.0153008008 0.0127167424 0.0334087373 0.0294151367 0.0178981168 0.0305766711 0.0207192271 0.0325620337 0.0262524174 0.0198503962 0.0215377832 0.0227126638 0.0220854417 0.0309141414 0.0237597579 0.0098736711 0.0151246203 0.0020791029 0.0075627477 0.0029271719 0.0254324744 0.0124133534 0.0151998127 0.0061681103 0.0260110266 0.0155102664 0.0244356433 0.0229737481 0.0093581796 0.0067737349 0.0170192466 0.0210880363 0.0004844944 0.018334712 0.0
