64
1 0.0312878775 0.0157535865 0.0133876808 0.0058884308 0.01493635 0.021754607 0.017615734 0.0232055478 0.0092106171 0.0260033975 0.0121894228 0.0147033914 0.0219355123 0.0179370765 0.0101548754 0.0256820287 0.0128606895 0.0136845588 0.0211286349 0.0201632537 0.0226801905 0.0105946858 0.0224681711 0.0152167542 0.0086329518 0.0099683223 0.0110529806 0.0072941883 0.0171683092 0.0108775205 0.0135874168 0.0124263654 0.0172035555 0.0215462515 0.0094099067 0.0193906113 0.0135586653 0.0075210612 0.0148352307 0.0234845379 0.0120240021 0.0205297881 0.0253227562 0.0130113123 0.0124452161 0.0141170468 0.0150382439 0.0109968429 0.0234113226 0.0150526027 0.0099951673 0.0187939858 0.0241665854 0.0149827473 0.0188896915 0.0181713668 0.0145158957 0.0144529783 0.011632555 0.0093289394 0.0166714712 0.0033874413 0.0148414865 0.009819605 
2 0.0157535865 0.0196084596 0.0151652449 0.016187885 0.01802756 0.0106692357 0.0064712206 0.0118099875 0.0176108955 0.0185315984 0.0224502796 0.0226946426 0.018012624 0.0222963895 0.0153849055 0.0079382982 0.016043119 0.0202519903 0.0076666061 0.006984982 0.0095061681 0.0164626598 0.0141775302 0.0158260703 0.0129197255 0.0050880131 0.018894955 0.0182811915 0.0230574471 0.0199785145 0.0182736997 0.0200061988 0.013081764 0.0120630143 0.0165246473 0.0183632515 0.0142795948 0.0090418188 0.0208787101 0.0111692655 0.0132333409 0.0122110031 0.0098134499 0.021933063 0.0187257795 0.015860025 0.0202748457 0.0280479783 0.0142055323 0.0089022899 0.0149343269 0.0220754757 0.0131577231 0.016821729 0.0155369012 0.0288787588 0.0154588576 0.0134630034 0.0243610791 0.0018374489 0.0169939664 0.010835939 0.0073561188 0.0176476142 
3 0.0133876808 0.0151652449 0.0166679131 0.0040353514 0.0040441668 0.0217537419 0.0173852111 0.0205054662 0.0308210512 0.0074997978 0.0260417587 0.0107798084 0.0288423368 0.0090386525 0.0097228851 0.0140178161 0.0119521602 0.0161818017 0.0179021728 0.007770521 0.0167922732 0.0060581771 0.0207639145 0.0123644358 0.0132013502 0.0111361492 0.0112098449 0.0209830086 0.0226965939 0.0098718082 0.0210944038 0.0198022966 0.0104773689 0.0202231631 0.0150302934 0.006348821 0.014402198 0.0159078438 0.017560171 0.0133703853 0.0211762784 0.0128210498 0.024589177 0.0137683278 0.0078176868 0.0131955387 0.020584581 0.0136414194 0.0056040882 0.0281833285 0.0098288463 0.0261387792 0.0042502064 0.0171239009 0.0211158905 0.0065159181 0.0152732764 0.0161982848 0.0258558636 0.0105707738 0.0166496895 0.0168715646 0.0168223896 0.0325931018 
4 0.0058884308 0.016187885 0.0040353514 0.0034603587 0.0239695073 0.0278364344 0.0182355582 0.0188977227 0.0107564768 0.011080158 0.0104059973 0.0224137766 0.0320055048 0.0185898226 0.0150507731 0.0271515561 0.021685532 0.0188287135 0.0247848827 0.0143241755 0.021084394 0.0246792668 0.01477368 0.015878527 0.009938937 0.011006277 0.0090071907 0.0217281897 0.0061445741 0.0176232807 0.011929124 0.0091287571 0.0238785796 0.0170894777 0.010716941 0.0119659694 0.0037585376 0.0208644759 0.0142500194 0.0138835741 0.0168902287 0.0113467816 0.0221068272 0.0211717946 0.0112484622 0.0142899381 0.0181521156 0.0163476226 0.0145506642 0.0096291916 0.0094112421 0.0192091133 0.0172385062 0.0102596065 0.011282704 0.0186621209 0.010408126 0.0170336125 0.0231945433 0.0113111438 0.0125049737 0.0141725766 0.0167832257 0.0178764884 
5 0.01493635 0.01802756 0.0040441668 0.0239695073 0.0069914782 0.0164245282 0.0177125733 0.031597829 0.0114829043 0.0185559065 0.0047462553 0.0243550644 0.014857543 0.0083242948 0.0222678916 0.0159868373 0.0213010061 0.0161480881 0.0075359052 0.0169884971 0.0203709645 0.0103093818 0.0244096321 0.0208000088 0.0271079807 0.0199669036 0.0121972883 0.0198211271 0.0137312346 0.0036495261 0.0179691499 0.0155837772 0.0269649009 0.0126731333 0.0159645039 0.0111766055 0.010936577 0.0121784088 0.0047608636 0.0161546595 0.0106933925 0.0204722875 0.0158160582 0.009053011 0.0186661319 0.0144184182 0.0068916599 0.0162080216 0.0118519427 0.0151057362 0.0173918918 0.0116221046 0.0214118157 0.0169253446 0.0110383177 0.0116841242 0.0076995597 0.012344354 0.0152218286 0.0243203617 0.0283340648 0.0122159045 0.0203148699 0.0173179848 
6 0.021754607 0.0106692357 0.0217537419 0.0278364344 0.0164245282 0.0050805905 0.0177311711 0.0086092823 0.0176488105 0.0125344197 0.0060525833 0.0086449897 0.0103459093 0.0243549136 0.0136166631 0.004176437 0.0147729288 0.0138408042 0.0190954016 0.0221346182 0.0150127894 0.0074346333 0.0215479448 0.0182630862 0.0220644693 0.0074413052 0.0271326866 0.0089504814 0.0092817086 0.0111836433 0.0240910505 0.0190865001 0.0121190927 0.0114173566 0.0098265301 0.0193672352 0.0156911707 0.0202740257 0.0114301345 0.0038078726 0.005986138 0.0120134726 0.0153102139 0.0156671466 0.0226397922 0.0168023774 0.0143422998 0.0168562997 0.0134478547 0.0128151586 0.0169747777 0.0212691942 0.0115983351 0.0096910728 0.0144319192 0.019516101 0.0177730781 0.0243811624 0.0223577002 0.0182894001 0.0232218058 0.0281713302 0.0147652371 0.0191763459 
7 0.017615734 0.0064712206 0.0173852111 0.0182355582 0.0177125733 0.0177311711 0.0114114904 0.0186355721 0.0116952129 0.0243240767 0.0093074913 0.0058968513 0.0156668163 0.0164138015 0.007754213 0.0134413608 0.0151992146 0.0155646622 0.0308468697 0.0212374398 0.0112500927 0.0194922267 0.0143288777 0.0083885112 0.0083445351 0.016832883 0.0222483191 0.0131667579 0.0116817803 0.0140027792 0.020368266 0.0175179301 0.0056851803 0.0154456731 0.022865336 0.0211017778 0.0181913701 0.0142116702 0.011293594 0.0226466117 0.0078554422 0.0194590847 0.0159226152 0.0065362143 0.0114310549 0.0077879731 0.0067656152 0.0286095055 0.0107591591 0.0145665762 0.0121112355 0.0219356856 0.0086747571 0.0179860691 0.0113995538 0.0135225489 0.0252666384 0.0209316883 0.0214228441 0.0221456347 0.0159882586 0.0270809557 0.0230591733 0.0071710032 
8 0.0232055478 0.0118099875 0.0205054662 0.0188977227 0.031597829 0.0086092823 0.0186355721 0.0163029497 0.0107434642 0.0006452987 0.0108546682 0.0039858908 0.0083756467 0.0107981079 0.0166108738 0.015856252 0.0152865728 0.0163482363 0.0235649971 0.0090256986 0.0137640597 0.0112036123 0.0157458176 0.0258614261 0.019737792 0.0169741324 0.0058646889 0.0116884149 0.0122397013 0.0220747985 0.0238518511 0.0331478208 0.0155563846 0.016156948 0.0171884027 0.0204413274 0.0186565587 0.0165963015 0.0200757368 0.0124332837 0.0165182678 0.0098249818 0.0102788585 0.0202155157 0.0272583465 0.0229327645 0.0148526555 0.0087884089 0.014354972 0.0007063327 0.0209179072 0.0207721075 0.0143987631 0.023746239 0.011896215 0.0128920989 0.0232702658 0.0137857146 0.0125530191 0.0092941873 0.014435021 0.0046753611 0.015553217 0.0151596559 
9 0.0092106171 0.0176108955 0.0308210512 0.0107564768 0.0114829043 0.0176488105 0.0116952129 0.0107434642 0.0163363154 0.0172785473 0.0141031348 0.0188630245 0.0157920352 0.0229227818 0.017726578 0.0063432823 0.0114981006 0.0090960672 0.0162495444 0.0176986251 0.0134217972 0.0125691436 0.0135307993 0.0208206538 0.0218903778 0.0227038961 0.0216629128 0.0125501336 0.022572342 0.0184802143 0.0213495336 0.0162522825 0.0158680808 0.0187045482 0.0213751835 0.0176927663 0.016422991 0.0158970005 0.0184058903 0.0117468151 0.0107996347 0.0144679325 0.0116545363 0.0174177666 0.004633268 0.0096524026 0.0146691216 0.0095021596 0.0073006566 0.0082796805 0.0207545262 0.0094253378 0.0127547685 0.0225725833 0.0139490905 0.0211362525 0.0151255047 0.0117627621 0.0187650551 0.0162952335 0.0086715008 0.0174825321 0.0248636485 0.0202692136 
10 0.0260033975 0.0185315984 0.0074997978 0.011080158 0.0185559065 0.0125344197 0.0243240767 0.0006452987 0.0172785473 0.0170954569 0.0202542667 0.0174638441 0.0205005863 0.0085563031 0.0128210974 0.0126445155 0.0214657585 0.0161802022 0.0196135294 0.0289322352 0.0126306838 0.0117289321 0.01197247 0.0124624695 0.0195249768 0.0151673439 0.003940877 0.0260073004 0.0301544576 0.0203291311 0.0154390348 0.0248104433 0.0224537493 0.0135135823 0.0138385893 0.0133249807 0.0062177066 0.0211487928 0.016010075 0.0094691323 0.0183233125 0.0176467498 0.013293449 0.0089483972 0.0134003255 0.019548188 0.0131446439 0.0066396063 0.0174072075 0.0180381803 0.0136448191 0.0252667223 0.0141702306 0.0194346958 0.0110300149 0.0111618904 0.013442748 0.006814549 0.0188920288 0.0080390702 0.012616233 0.0130138678 0.0156802644 0.0182770812 
11 0.0121894228 0.0224502796 0.0260417587 0.0104059973 0.0047462553 0.0060525833 0.0093074913 0.0108546682 0.0141031348 0.0202542667 0.0180175608 0.0143815789 0.0148754069 0.0062266333 0.0127615495 0.0186806154 0.0113118762 0.0414355699 0.0176014776 0.0133186176 0.0193246937 0.0173694069 0.0218328466 0.0272311277 0.0102793114 0.0175110418 0.0156826789 0.0242693031 0.0212411378 0.0136873586 0.005916017 0.0143597122 0.0151072486 0.0179947627 0.0138799103 0.0068823476 0.0149005903 0.0278672278 0.0160512207 0.0112902033 0.01158553 0.0142599579 0.0183062526 0.0102847389 0.0170651974 0.0124023483 0.0111878995 0.0121410095 0.0134830678 0.0180458041 0.0095896382 0.0218325617 0.0137228014 0.015610243 0.0153125413 0.0096045077 0.0118431649 0.0198875399 0.0103502101 0.025249876 0.0113967373 0.0244979378 0.0171225147 0.017523029 
12 0.0147033914 0.0226946426 0.0107798084 0.0224137766 0.0243550644 0.0086449897 0.0058968513 0.0039858908 0.0188630245 0.0174638441 0.0143815789 0.0216188974 0.0209693221 0.0067422633 0.0106165269 0.0222727782 0.0084678412 0.01135243 0.0121616198 0.0142414018 0.0104193211 0.0153245078 0.0110444141 0.0144858893 0.0232119765 0.0074829404 0.0053023121 0.0119418427 0.0163738188 0.0232384257 0.0251172296 0.0238604448 0.0223296785 0.0151623402 0.0252592482 0.032331441 0.0079646847 0.0193702571 0.0143580605 0.0214285969 0.0111626796 0.0040717624 0.0251446554 0.017707841 0.0149218133 0.0025550349 0.0075980416 0.0136233027 0.0192063736 0.0209078541 0.0110349333 0.017521159 0.0136036714 0.0150946561 0.0164401539 0.0198048983 0.0073972012 0.0164229492 0.0063479351 0.007323014 0.0181529846 0.0413713744 0.0284427059 0.0055096316 
13 0.0219355123 0.018012624 0.0288423368 0.0320055048 0.014857543 0.0103459093 0.0156668163 0.0083756467 0.0157920352 0.0205005863 0.0148754069 0.0209693221 0.0046520466 0.0056953734 0.0092276586 0.0083381902 0.0122729526 0.0077852164 0.0174994902 0.0167353216 0.0139712227 0.0154759445 0.0144820968 0.0188355306 0.0127724132 0.0211078336 0.0179353399 0.0193347653 0.0254701006 0.0222861616 0.0102625711 0.0065217782 0.0221307994 0.0079214588 0.0157896046 0.0148812569 0.0208711152 0.0298412238 0.0133124081 0.0225557159 0.0143722197 0.0128783774 0.010933883 0.0144870128 0.0065865156 0.0056463812 0.0129046983 0.0107332931 0.02484785 0.0169891244 0.0135995001 0.0179040923 0.0310083819 0.0156491256 0.0107949326 0.0191463506 0.0225373057 0.0068241033 0.0060156937 0.019152632 0.0102173677 0.020115609 0.012249822 0.014260894 
14 0.0179370765 0.0222963895 0.0090386525 0.0185898226 0.0083242948 0.0243549136 0.0164138015 0.0107981079 0.0229227818 0.0085563031 0.0062266333 0.0067422633 0.0056953734 0.0 0.0099715993 0.0159573621 0.0256342555 0.0127715454 0.0154138806 0.0089684788 0.0204960278 0.0118524418 0.0094658946 0.0218960085 0.0160222948 0.0205476489 0.0096601699 0.0111718514 0.0196702233 0.003906557 0.0196610932 0.0108679102 0.0281397521 0.0153612444 0.0161941714 0.0103018505 0.0093647447 0.008270497 0.0165681149 0.0142266841 0.0146080732 0.0182406989 0.0205114826 0.0207952088 0.0175115135 0.0123379705 0.0235165434 0.0111264953 0.0287010036 0.0132744562 0.0225551896 0.0148147264 0.0218720066 0.0132579499 0.0336646103 0.0178204718 0.0270262804 0.0264225165 0.0175841191 0.011128474 0.013175027 0.011981412 0.0142115479 0.0136035066 
15 0.0101548754 0.0153849055 0.0097228851 0.0150507731 0.0222678916 0.0136166631 0.007754213 0.0166108738 0.017726578 0.0128210974 0.0127615495 0.0106165269 0.0092276586 0.0099715993 0.0196635775 0.0125570821 0.0205769329 0.0291909645 0.0148874276 0.0196151271 0.0221141656 0.0194186814 0.0088144618 0.0219491387 0.0261308534 0.0153948837 0.0117159087 0.0177059513 0.0075871622 0.0137669138 0.0132570194 0.0104390939 0.0202950243 0.0274464694 0.0184131045 0.0130575514 0.0181569479 0.016356194 0.0103366367 0.0249801655 0.0146366412 0.0178057348 0.0152937323 0.0167675101 0.0173928825 0.0287922111 0.0202175776 0.0125711092 0.0114203324 0.0118802149 0.0093129925 0.0121020337 0.0069212566 0.0213312763 0.0142211311 0.0250235199 0.0147066174 0.0094994303 0.0148939259 0.0109026457 0.0222940735 0.0147646214 0.0113123332 0.0084206669 
16 0.0256820287 0.0079382982 0.0140178161 0.0271515561 0.0159868373 0.004176437 0.0134413608 0.015856252 0.0063432823 0.0126445155 0.0186806154 0.0222727782 0.0083381902 0.0159573621 0.0125570821 0.0069382561 0.0089705419 0.0097370945 0.0287771707 0.0160661193 0.0074646199 0.012259879 0.01018712 0.0174007652 0.0126075131 0.0061629613 0.0111920469 0.0117589473 0.024406843 0.0119324955 0.0219625826 0.0166383033 0.01206426 0.0050886141 0.0130157267 0.0301098098 0.0256919952 0.0059996196 0.0154373042 0.0194403601 0.0178344671 0.0332241258 0.0161274192 0.0190126057 0.0176205893 0.0129583737 0.0148418631 0.0128282481 0.0160770548 0.018729708 0.0204267762 0.018501566 0.0175907582 0.0068418545 0.0190996082 0.0147966239 0.0216591313 0.0111433429 0.0203068842 0.0290238583 0.0118588296 0.0095727521 0.0134444255 0.024123773 
17 0.0128606895 0.016043119 0.0119521602 0.021685532 0.0213010061 0.0147729288 0.0151992146 0.0152865728 0.0114981006 0.0214657585 0.0113118762 0.0084678412 0.0122729526 0.0256342555 0.0205769329 0.0089705419 0.0146960834 0.0203264843 0.0168463457 0.0266398889 0.0187867565 0.0158403457 0.0075640842 0.0145573589 0.0272449287 0.0122657054 0.0063636779 0.0276852414 0.0113040409 0.0074907528 0.0068294989 0.0108171819 0.0069243424 0.0218045791 0.0171801364 0.0137383479 0.0169753662 0.0054771065 0.0353859419 0.0141643041 0.0127844907 0.0116617887 0.0136274443 0.0056008162 0.0245610241 0.0083858531 0.0305412009 0.0277448424 0.0156597492 0.0284756575 0.0060258429 0.0100325169 0.0100628195 0.0146257947 0.0131453743 0.0158879028 0.0096700392 0.0186766479 0.027574771 0.007558221 0.0113798579 0.0188717021 0.0174020681 0.0138355924 
18 0.0136845588 0.0202519903 0.0161818017 0.0188287135 0.0161480881 0.0138408042 0.0155646622 0.0163482363 0.0090960672 0.0161802022 0.0414355699 0.01135243 0.0077852164 0.0127715454 0.0291909645 0.0097370945 0.0203264843 0.0090364203 0.0079282991 0.0169311581 0.0078953815 0.0241391852 0.0126930038 0.0084620208 0.0093693526 0.0167478374 0.0290151826 0.0149064072 0.0148027551 0.0114403153 0.0151516573 0.0140071928 0.0199663682 0.0143277779 0.0192299972 0.0203399038 0.0140391285 0.0089059406 0.0094301655 0.0115023746 0.0180428171 0.0076944796 0.0192877623 0.0126161157 0.0189224115 0.0212862323 0.0155051171 0.0199923871 0.0082004457 0.0303016318 0.0110427531 0.013839492 0.0199699334 0.016526892 0.0113453721 0.0085605532 0.0184546783 0.0159468885 0.0151247398 0.0142810537 0.0203965317 0.0024630329 0.0274463233 0.0137601009 
19 0.0211286349 0.0076666061 0.0179021728 0.0247848827 0.0075359052 0.0190954016 0.0308468697 0.0235649971 0.0162495444 0.0196135294 0.0176014776 0.0121616198 0.0174994902 0.0154138806 0.0148874276 0.0287771707 0.0168463457 0.0079282991 0.0011942311 0.0152426342 0.0146949765 0.0261530887 0.0205485723 0.0180602794 0.0079416174 0.0196714644 0.0097227956 0.0144054493 0.0052743873 0.0059165081 0.0146043812 0.0186973804 0.0095306111 0.0143970878 0.0168896234 0.0100243428 0.0214089326 0.0148887187 0.009870708 0.0192070157 0.0180189045 0.008698255 0.0076351416 0.0147936405 0.0154737857 0.0134303452 0.0117220488 0.0070155148 0.0054107653 0.0082811608 0.0288968101 0.0120022239 0.0137395942 0.0247438979 0.0133589007 0.0205844109 0.0153177602 0.0153188257 0.0191856438 0.014709891 0.0184380061 0.0244043317 0.0180126982 0.0229583823 
20 0.0201632537 0.006984982 0.007770521 0.0143241755 0.0169884971 0.0221346182 0.0212374398 0.0090256986 0.0176986251 0.0289322352 0.0133186176 0.0142414018 0.0167353216 0.0089684788 0.0196151271 0.0160661193 0.0266398889 0.0169311581 0.0152426342 0.0064710037 0.0144383519 0.0167562939 0.0267440587 0.0112599975 0.0113362084 0.0181768849 0.0203459258 0.0212283572 0.0225277481 0.0176234214 0.0138001511 0.0131183679 0.0278706808 0.0119134525 0.0164774117 0.0157397466 0.0101473394 0.0170830545 0.0177009193 0.0261378163 0.0191168469 0.0123533336 0.0095279044 0.003797445 0.0157935569 0.0096655869 0.0122898859 0.0152822302 0.014137684 0.024452578 0.01675248 0.0071094892 0.0066761808 0.0149838433 0.0059294295 0.0156144618 0.0188615135 0.0169116909 0.009053661 0.0381207723 0.0052192553 0.0040950313 0.0164895284 0.0178496254 
21 0.0226801905 0.0095061681 0.0167922732 0.021084394 0.0203709645 0.0150127894 0.0112500927 0.0137640597 0.0134217972 0.0126306838 0.0193246937 0.0104193211 0.0139712227 0.0204960278 0.0221141656 0.0074646199 0.0187867565 0.0078953815 0.0146949765 0.0144383519 0.0099433873 0.0144701322 0.0139830131 0.0146980382 0.0234044105 0.0175616788 0.0175411796 0.0100996064 0.0166472718 0.0141383864 0.02176233 0.0090453585 0.0083824181 0.0136279669 0.0171722993 0.0117380091 0.0273932051 0.0239553761 0.0230152154 0.012179758 0.0160610458 0.0269718316 0.0121738301 0.0104240025 0.0093370634 0.0244637163 0.0200336142 0.0126701225 0.017176245 0.016898441 0.013355129 0.0203619793 0.018359121 0.0070703399 0.014227556 0.0119316307 0.0110159403 0.0152790969 0.0109891166 0.0172845357 0.0241642198 0.0076857536 0.0187843173 0.0164033809 
22 0.0105946858 0.0164626598 0.0060581771 0.0246792668 0.0103093818 0.0074346333 0.0194922267 0.0112036123 0.0125691436 0.0117289321 0.0173694069 0.0153245078 0.0154759445 0.0118524418 0.0194186814 0.012259879 0.0158403457 0.0241391852 0.0261530887 0.0167562939 0.0144701322 0.0201236008 0.0230570802 0.0149779218 0.0159960953 0.0260975334 0.0202055606 0.0204583739 0.0182787236 0.0133589305 0.024313743 0.0243011473 0.0108495016 0.0169404979 0.0092692606 0.0125212023 0.0044210002 0.0226593369 0.0146621578 0.0061693288 0.0248172748 0.0147217252 0.0244930215 0.0074255995 0.007004379 0.0168064418 0.0162621912 0.0097108818 0.0211951236 0.0137866277 0.0203097043 0.0168160986 0.0226537705 0.017243458 0.0089198299 0.0030054364 0.0193185561 0.0030237514 0.0177358504 0.0135984926 0.0282122343 0.0150464511 0.0104285143 0.0092109629 
23 0.0224681711 0.0141775302 0.0207639145 0.01477368 0.0244096321 0.0215479448 0.0143288777 0.0157458176 0.0135307993 0.01197247 0.0218328466 0.0110444141 0.0144820968 0.0094658946 0.0088144618 0.01018712 0.0075640842 0.0126930038 0.0205485723 0.0267440587 0.0139830131 0.0230570802 0.0360912179 0.0071351172 0.0220350207 0.0079386014 0.0160953322 0.025249176 0.0092670286 0.0283491266 0.0237095928 0.0180767275 0.0203311334 0.0135900694 0.0219374446 0.0146887326 0.0104510125 0.0141435801 0.0253574657 0.0232894892 0.0093948893 0.0033312117 0.0059127406 0.0199726207 0.0040166379 0.0119342042 0.0083163644 0.0144934234 0.0200674409 0.0109923686 0.0232533337 0.0209026732 0.0156334005 0.0099882715 0.009995606 0.0115907823 0.0206792683 0.0074801314 0.021402109 0.010906448 0.0048219413 0.0208233563 0.0048248282 0.017394597 
24 0.0152167542 0.0158260703 0.0123644358 0.015878527 0.0208000088 0.0182630862 0.0083885112 0.0258614261 0.0208206538 0.0124624695 0.0272311277 0.0144858893 0.0188355306 0.0218960085 0.0219491387 0.0174007652 0.0145573589 0.0084620208 0.0180602794 0.0112599975 0.0146980382 0.0149779218 0.0071351172 0.0099785569 0.0104240693 0.02897176 0.0231347063 0.0184585961 0.0056199019 0.0156470996 0.0087115401 0.0156439248 0.0247239396 0.0126400252 0.017174125 0.0165850832 0.0040227727 0.0172433267 0.0267746376 0.0293258547 0.0152626293 0.0180426279 0.0167995732 0.0144438381 0.019766633 0.0109638687 0.0200382598 0.0103558101 0.0093177318 0.0066119718 0.0095275448 0.0083710312 0.0109527524 0.0144863139 0.0155418416 0.0129314859 0.0109294805 0.0169940515 0.0036683407 0.0228496695 0.0103290831 0.0236100882 0.0185451748 0.017749142 
25 0.0086329518 0.0129197255 0.0132013502 0.009938937 0.0271079807 0.0220644693 0.0083445351 0.019737792 0.0218903778 0.0195249768 0.0102793114 0.0232119765 0.0127724132 0.0160222948 0.0261308534 0.0126075131 0.0272449287 0.0093693526 0.0079416174 0.0113362084 0.0234044105 0.0159960953 0.0220350207 0.0104240693 0.0207174085 0.0125616509 0.0246257438 0.0213118303 0.0145151849 0.0106709487 0.011487229 0.001542844 0.0289254637 0.0057090699 0.0038533564 0.0182665952 0.0257232652 0.0104880953 0.0217295494 0.0131089909 0.0190097761 0.012999188 0.0170632519 0.0184213315 0.0193141841 0.0251637231 0.0148567074 0.0220982081 0.0152130934 0.0212091601 0.0131200578 0.0131559648 0.0134362049 0.0110298924 0.0212740937 0.0152941072 0.0127156725 0.0166492519 0.008005178 0.0111501326 0.0148408589 0.0049945921 0.0082306821 0.0133782998 
26 0.0099683223 0.0050880131 0.0111361492 0.011006277 0.0199669036 0.0074413052 0.016832883 0.0169741324 0.0227038961 0.0151673439 0.0175110418 0.0074829404 0.0211078336 0.0205476489 0.0153948837 0.0061629613 0.0122657054 0.0167478374 0.0196714644 0.0181768849 0.0175616788 0.0260975334 0.0079386014 0.02897176 0.0125616509 0.0207561399 0.0233686944 0.0081934643 0.0087198937 0.0179425798 0.0166301566 0.0187607521 0.0069373545 0.0241012597 0.0191295302 0.0084135404 0.0128430832 0.0124607835 0.0043984161 0.0162079014 0.011605981 0.0160329698 0.0191914725 0.016012984 0.0220144905 0.0254541968 0.0098977061 0.0172243516 0.004995884 0.017535545 0.0101012484 0.0159575893 0.0207611181 0.0227299881 0.0259583738 0.017868007 0.0208813909 0.0144715326 0.0057520359 0.020085033 0.0198633891 0.0185911175 0.0088740817 0.0147903117 
27 0.0110529806 0.018894955 0.0112098449 0.0090071907 0.0121972883 0.0271326866 0.0222483191 0.0058646889 0.0216629128 0.003940877 0.0156826789 0.0053023121 0.0179353399 0.0096601699 0.0117159087 0.0111920469 0.0063636779 0.0290151826 0.0097227956 0.0203459258 0.0175411796 0.0202055606 0.0160953322 0.0231347063 0.0246257438 0.0233686944 0.0322776499 0.0095174929 0.0147925307 0.013747144 0.0122588738 0.0120669441 0.0082988588 0.0164111358 0.0109517503 0.007821077 0.0191522973 0.0186397682 0.0117146833 0.0085113189 0.0065268847 0.0251919765 0.0172648674 0.022217763 0.0203877494 0.0185336257 0.0105843048 0.0189640845 0.0130674204 0.0135805777 0.0067356611 0.0174273656 0.0221088719 0.0101649384 0.0132280947 0.0111824814 0.019202582 0.0177160777 0.0159917046 0.0245147534 0.0165683581 0.0157293238 0.018832851 0.0229971581 
28 0.0072941883 0.0182811915 0.0209830086 0.0217281897 0.0198211271 0.0089504814 0.0131667579 0.0116884149 0.0125501336 0.0260073004 0.0242693031 0.0119418427 0.0193347653 0.0111718514 0.0177059513 0.0117589473 0.0276852414 0.0149064072 0.0144054493 0.0212283572 0.0100996064 0.0204583739 0.025249176 0.0184585961 0.0213118303 0.0081934643 0.0095174929 0.0184935667 0.0158118128 0.013350632 0.0061116388 0.025973379 0.0249358356 0.0152295185 0.0111018098 0.0127363343 0.0167974645 0.0157699248 0.0027138058 0.0123536187 0.0086930975 0.0211203936 0.0015866203 0.0241751629 0.0059265046 0.0156125137 0.0229740591 0.0165888965 0.0132690529 0.0147381718 0.022453275 0.0166012371 0.01507794 0.0162933973 0.0149670823 0.0119551637 0.0124723322 0.0179252918 0.0136108846 0.0085664967 0.0090230864 0.0202503228 0.0157180994 0.0208541272 
29 0.0171683092 0.0230574471 0.0226965939 0.0061445741 0.0137312346 0.0092817086 0.0116817803 0.0122397013 0.022572342 0.0301544576 0.0212411378 0.0163738188 0.0254701006 0.0196702233 0.0075871622 0.024406843 0.0113040409 0.0148027551 0.0052743873 0.0225277481 0.0166472718 0.0182787236 0.0092670286 0.0056199019 0.0145151849 0.0087198937 0.0147925307 0.0158118128 0.0017598652 0.0143506286 0.0134988803 0.0123969764 0.0246830336 0.0079774251 0.0062232943 0.0317584884 0.016075995 0.0185736948 0.0225486429 0.0206767887 0.0211095822 0.0079474222 0.0109687725 0.0193002811 0.012703487 0.0098436403 0.0117772485 0.0228944554 0.0198824653 0.0150687312 0.0156751965 0.0166223002 0.016687909 0.0208653049 0.0093427034 0.0041752485 0.0287138201 0.0123391337 0.0178522081 0.000677952 0.0128328403 0.021419654 0.0197277574 0.0200094591 
30 0.0108775205 0.0199785145 0.0098718082 0.0176232807 0.0036495261 0.0111836433 0.0140027792 0.0220747985 0.0184802143 0.0203291311 0.0136873586 0.0232384257 0.0222861616 0.003906557 0.0137669138 0.0119324955 0.0074907528 0.0114403153 0.0059165081 0.0176234214 0.0141383864 0.0133589305 0.0283491266 0.0156470996 0.0106709487 0.0179425798 0.013747144 0.013350632 0.0143506286 0.0108040841 0.0191175501 0.0188503186 0.0143955366 0.0116515993 0.023860631 0.0166735436 0.011938936 0.0183056602 0.0191615656 0.0119865468 0.0160479086 0.0191848138 0.0135835832 0.0130539315 0.0155912822 0.0097648786 0.0160154277 0.0268571217 0.0292510043 0.0184684775 0.0234575322 0.0199909815 0.0115383365 0.0118912216 0.0174697686 0.0110487164 0.0049442611 0.0342371782 0.0214777235 0.0176744035 0.0112034223 0.0162400468 0.0110447283 0.0123016759 
31 0.0135874168 0.0182736997 0.0210944038 0.011929124 0.0179691499 0.0240910505 0.020368266 0.0238518511 0.0213495336 0.0154390348 0.005916017 0.0251172296 0.0102625711 0.0196610932 0.0132570194 0.0219625826 0.0068294989 0.0151516573 0.0146043812 0.0138001511 0.02176233 0.024313743 0.0237095928 0.0087115401 0.011487229 0.0166301566 0.0122588738 0.0061116388 0.0134988803 0.0191175501 0.0192982353 0.0135542393 0.0105287765 0.0176756222 0.0164392036 0.0129106372 0.0166187726 0.0191407796 0.0195835754 0.0051497612 0.0203978193 0.011416208 0.0139823929 0.0192251177 0.0149538493 0.0184601695 0.0159668187 0.0096013386 0.0226126992 0.0175402398 0.0071363657 0.0129734209 0.0133111671 0.0149268326 0.0303273926 0.0145165625 0.0107800309 0.0140140142 0.0145479995 0.0094506386 0.013284332 0.0191669221 0.0027192597 0.0156715396 
32 0.0124263654 0.0200061988 0.0198022966 0.0091287571 0.0155837772 0.0190865001 0.0175179301 0.0331478208 0.0162522825 0.0248104433 0.0143597122 0.0238604448 0.0065217782 0.0108679102 0.0104390939 0.0166383033 0.0108171819 0.0140071928 0.0186973804 0.0131183679 0.0090453585 0.0243011473 0.0180767275 0.0156439248 0.001542844 0.0187607521 0.0120669441 0.025973379 0.0123969764 0.0188503186 0.0135542393 0.009774381 0.0248684591 0.0248477598 0.0144033787 0.0210547448 0.0260630615 0.0157126328 0.008984808 0.0200731442 0.0192738086 0.0129632773 0.0257485262 0.011159153 0.0127068031 0.0153948398 0.0112669201 0.0164673879 0.0038685861 0.0096203383 0.0140957078 0.017372276 0.0178461113 0.011702516 0.0136931666 0.0158613646 0.0056824351 0.0082298116 0.0112734274 0.0199611818 0.0257167843 0.0039891183 0.0175559862 0.0154657535 
33 0.0172035555 0.013081764 0.0104773689 0.0238785796 0.0269649009 0.0121190927 0.0056851803 0.0155563846 0.0158680808 0.0224537493 0.0151072486 0.0223296785 0.0221307994 0.0281397521 0.0202950243 0.01206426 0.0069243424 0.0199663682 0.0095306111 0.0278706808 0.0083824181 0.0108495016 0.0203311334 0.0247239396 0.0289254637 0.0069373545 0.0082988588 0.0249358356 0.0246830336 0.0143955366 0.0105287765 0.0248684591 0.0037238927 0.0159211844 0.017049642 0.0078749793 0.014247313 0.0199890624 0.0102797192 0.0120558903 0.0056868449 0.0215111443 0.0110225003 0.0140637276 0.0164269574 0.0115879877 0.0160154899 0.0095373138 0.0157017146 0.0176536503 0.0151083996 0.0147264491 0.0325778156 0.0104149045 0.0064920156 0.0089012158 0.0124142612 0.0133322252 0.02132442 0.0075965173 0.0169368075 0.0204797531 0.018669964 0.0051685039 
34 0.0215462515 0.0120630143 0.0202231631 0.0170894777 0.0126731333 0.0114173566 0.0154456731 0.016156948 0.0187045482 0.0135135823 0.0179947627 0.0151623402 0.0079214588 0.0153612444 0.0274464694 0.0050886141 0.0218045791 0.0143277779 0.0143970878 0.0119134525 0.0136279669 0.0169404979 0.0135900694 0.0126400252 0.0057090699 0.0241012597 0.0164111358 0.0152295185 0.0079774251 0.0116515993 0.0176756222 0.0248477598 0.0159211844 0.0100065026 0.0262581025 0.0119656347 0.0203475615 0.0161564777 0.0198232384 0.0090444808 0.0208664411 0.0149339536 0.0141983575 0.0124548908 0.0214816084 0.0196212392 0.0137719674 0.0197705685 0.0169369373 0.0180000244 0.0127017415 0.006394657 0.0245810639 0.0220524278 0.0149072015 0.0152703296 0.0066574081 0.0260939052 0.0097863095 0.0123371742 0.0096666417 0.0180586535 0.0097433229 0.0195371081 
35 0.0094099067 0.0165246473 0.0150302934 0.010716941 0.0159645039 0.0098265301 0.022865336 0.0171884027 0.0213751835 0.0138385893 0.0138799103 0.0252592482 0.0157896046 0.0161941714 0.0184131045 0.0130157267 0.0171801364 0.0192299972 0.0168896234 0.0164774117 0.0171722993 0.0092692606 0.0219374446 0.017174125 0.0038533564 0.0191295302 0.0109517503 0.0111018098 0.0062232943 0.023860631 0.0164392036 0.0144033787 0.017049642 0.0262581025 0.0219973809 0.0150995025 0.0108821805 0.0147975919 0.0161874462 0.0216394246 0.0229597279 0.011014387 0.0161459906 0.0086143719 0.019690443 0.0087692393 0.0346546953 0.0152568584 0.0066502503 0.0041641749 0.020765524 0.0140227475 0.0189855153 0.0070585916 0.010155152 0.0184434039 0.0197486119 0.0133689196 0.0133155064 0.0152667666 0.0105938662 0.0221709589 0.006047493 0.0216401815 
36 0.0193906113 0.0183632515 0.006348821 0.0119659694 0.0111766055 0.0193672352 0.0211017778 0.0204413274 0.0176927663 0.0133249807 0.0068823476 0.032331441 0.0148812569 0.0103018505 0.0130575514 0.0301098098 0.0137383479 0.0203399038 0.0100243428 0.0157397466 0.0117380091 0.0125212023 0.0146887326 0.0165850832 0.0182665952 0.0084135404 0.007821077 0.0127363343 0.0317584884 0.0166735436 0.0129106372 0.0210547448 0.0078749793 0.0119656347 0.0150995025 0.0043169249 0.0102569052 0.0088950422 0.0142476753 0.0124018239 0.0196232529 0.0167658634 0.0139159773 0.0136048046 0.0146990865 0.027870027 0.0120813039 0.0210520052 0.0100133323 0.0142871604 0.0136288533 0.0076292042 0.0143671006 0.0261014682 0.0089067152 0.0338751367 0.0134355968 0.0110342992 0.0228950999 0.0236310192 0.0128362213 0.0167027696 0.0253960549 0.0088412266 
37 0.0135586653 0.0142795948 0.014402198 0.0037585376 0.010936577 0.0156911707 0.0181913701 0.0186565587 0.016422991 0.0062177066 0.0149005903 0.0079646847 0.0208711152 0.0093647447 0.0181569479 0.0256919952 0.0169753662 0.0140391285 0.0214089326 0.0101473394 0.0273932051 0.0044210002 0.0104510125 0.0040227727 0.0257232652 0.0128430832 0.0191522973 0.0167974645 0.016075995 0.011938936 0.0166187726 0.0260630615 0.014247313 0.0203475615 0.0108821805 0.0102569052 0.0158840841 0.0149291341 0.0128243708 0.0105380882 0.0162068675 0.0119013459 0.0286532304 0.0238725359 0.0282320687 0.0128774991 0.0123252756 0.0015576272 0.0225899488 0.0215588289 0.0188778871 0.0142046557 0.0236499372 0.021154044 0.0160501392 0.0150963885 0.0201908945 0.0112006939 0.0101079922 0.0141130869 0.0142314653 0.0125326029 0.0166813587 0.0190869079 
38 0.0075210612 0.0090418188 0.0159078438 0.0208644759 0.0121784088 0.0202740257 0.0142116702 0.0165963015 0.0158970005 0.0211487928 0.0278672278 0.0193702571 0.0298412238 0.008270497 0.016356194 0.0059996196 0.0054771065 0.0089059406 0.0148887187 0.0170830545 0.0239553761 0.0226593369 0.0141435801 0.0172433267 0.0104880953 0.0124607835 0.0186397682 0.0157699248 0.0185736948 0.0183056602 0.0191407796 0.0157126328 0.0199890624 0.0161564777 0.0147975919 0.0088950422 0.0149291341 0.0088470695 0.0094023312 0.0329544582 0.024445821 0.0045768628 0.0164821697 0.0189049645 0.0068833383 0.0182778304 0.0300019498 0.0212220082 0.0041508568 0.0103652484 0.019698612 0.0169415518 0.0043433641 0.0122343624 0.0179051426 0.0116251018 0.0221393408 0.0144341521 0.0134188467 0.0144913773 0.0163486972 0.0176670584 0.0098753146 0.0128006635 
39 0.0148352307 0.0208787101 0.017560171 0.0142500194 0.0047608636 0.0114301345 0.011293594 0.0200757368 0.0184058903 0.016010075 0.0160512207 0.0143580605 0.0133124081 0.0165681149 0.0103366367 0.0154373042 0.0353859419 0.0094301655 0.009870708 0.0177009193 0.0230152154 0.0146621578 0.0253574657 0.0267746376 0.0217295494 0.0043984161 0.0117146833 0.0027138058 0.0225486429 0.0191615656 0.0195835754 0.008984808 0.0102797192 0.0198232384 0.0161874462 0.0142476753 0.0128243708 0.0094023312 0.0277169412 0.0120370718 0.0144699836 0.0201884578 0.0297328422 0.0156568461 0.0234967251 0.0140150217 0.0129832934 0.0157059097 0.0178554242 0.0207303541 0.0184343223 0.0092600927 0.0096502846 0.0136346973 0.019244192 0.0113796208 0.0037303745 0.0123069042 0.0122497065 0.0173922419 0.0179573418 0.014081931 0.0103095141 0.0144186959 
40 0.0234845379 0.0111692655 0.0133703853 0.0138835741 0.0161546595 0.0038078726 0.0226466117 0.0124332837 0.0117468151 0.0094691323 0.0112902033 0.0214285969 0.0225557159 0.0142266841 0.0249801655 0.0194403601 0.0141643041 0.0115023746 0.0192070157 0.0261378163 0.012179758 0.0061693288 0.0232894892 0.0293258547 0.0131089909 0.0162079014 0.0085113189 0.0123536187 0.0206767887 0.0119865468 0.0051497612 0.0200731442 0.0120558903 0.0090444808 0.0216394246 0.0124018239 0.0105380882 0.0329544582 0.0120370718 0.0243866194 0.0094378975 0.0063618332 0.0094797324 0.0185402791 0.0161933106 0.0121399478 0.0187851899 0.0075404354 0.0122039832 0.0195261672 0.0423892144 0.0061445661 0.0089710067 0.015921392 0.0147004025 0.0176822227 0.0135127192 0.0204376494 0.0107851142 0.013655925 0.0197778104 0.0147602673 0.0214077297 0.0124554712 
41 0.0120240021 0.0132333409 0.0211762784 0.0168902287 0.0106933925 0.005986138 0.0078554422 0.0165182678 0.0107996347 0.0183233125 0.01158553 0.0111626796 0.0143722197 0.0146080732 0.0146366412 0.0178344671 0.0127844907 0.0180428171 0.0180189045 0.0191168469 0.0160610458 0.0248172748 0.0093948893 0.0152626293 0.0190097761 0.011605981 0.0065268847 0.0086930975 0.0211095822 0.0160479086 0.0203978193 0.0192738086 0.0056868449 0.0208664411 0.0229597279 0.0196232529 0.0162068675 0.024445821 0.0144699836 0.0094378975 0.0264398687 0.0157084131 0.0248524502 0.0142504054 0.0184662615 0.0123306137 0.0118045176 0.0161495035 0.0177354465 0.018252956 0.0167829914 0.0243740253 0.0190261845 0.0002455997 0.0073855747 0.0134555389 0.0143595323 0.0195987778 0.0303474529 0.0160398228 0.0145492976 0.006654744 0.0187586636 0.0148711173 
42 0.0205297881 0.0122110031 0.0128210498 0.0113467816 0.0204722875 0.0120134726 0.0194590847 0.0098249818 0.0144679325 0.0176467498 0.0142599579 0.0040717624 0.0128783774 0.0182406989 0.0178057348 0.0332241258 0.0116617887 0.0076944796 0.008698255 0.0123533336 0.0269718316 0.0147217252 0.0033312117 0.0180426279 0.012999188 0.0160329698 0.0251919765 0.0211203936 0.0079474222 0.0191848138 0.011416208 0.0129632773 0.0215111443 0.0149339536 0.011014387 0.0167658634 0.0119013459 0.0045768628 0.0201884578 0.0063618332 0.0157084131 0.0113228008 0.0179584106 0.0200536638 0.0201819518 0.0183516797 0.0160061012 0.0273693285 0.0143761048 0.0104974793 0.0180084397 0.0143153136 0.0102193794 0.0219658913 0.0236327517 0.0221543586 0.0104591903 0.0100007204 0.0104762008 0.018163282 0.0220015258 0.019570077 0.021282301 0.0170654958 
43 0.0253227562 0.0098134499 0.024589177 0.0221068272 0.0158160582 0.0153102139 0.0159226152 0.0102788585 0.0116545363 0.013293449 0.0183062526 0.0251446554 0.010933883 0.0205114826 0.0152937323 0.0161274192 0.0136274443 0.0192877623 0.0076351416 0.0095279044 0.0121738301 0.0244930215 0.0059127406 0.0167995732 0.0170632519 0.0191914725 0.0172648674 0.0015866203 0.0109687725 0.0135835832 0.0139823929 0.0257485262 0.0110225003 0.0141983575 0.0161459906 0.0139159773 0.0286532304 0.0164821697 0.0297328422 0.0094797324 0.0248524502 0.0179584106 0.0077547881 0.0187681553 0.0142733023 0.0086773751 0.0152241463 0.0156697621 0.0120709784 0.014169272 0.0337019094 0.0166473259 0.0161884293 0.0192053214 0.0176228718 0.0062925893 0.0165178892 0.0140908266 0.0125002071 0.0090600901 0.0129741768 0.0064899026 0.0180763251 0.012310423 
44 0.0130113123 0.021933063 0.0137683278 0.0211717946 0.009053011 0.0156671466 0.0065362143 0.0202155157 0.0174177666 0.0089483972 0.0102847389 0.017707841 0.0144870128 0.0207952088 0.0167675101 0.0190126057 0.0056008162 0.0126161157 0.0147936405 0.003797445 0.0104240025 0.0074255995 0.0199726207 0.0144438381 0.0184213315 0.016012984 0.022217763 0.0241751629 0.0193002811 0.0130539315 0.0192251177 0.011159153 0.0140637276 0.0124548908 0.0086143719 0.0136048046 0.0238725359 0.0189049645 0.0156568461 0.0185402791 0.0142504054 0.0200536638 0.0187681553 0.0254073505 0.0190677735 0.0170636782 0.005580911 0.0206968603 0.0150561896 0.0102962669 0.0169980132 0.0149478839 0.019718486 0.0112981114 0.0149820893 0.0192678969 0.0154165513 0.027828377 0.0007154731 0.023157901 0.0181503382 0.0108127486 0.0203554541 0.0149797316 
45 0.0124452161 0.0187257795 0.0078176868 0.0112484622 0.0186661319 0.0226397922 0.0114310549 0.0272583465 0.004633268 0.0134003255 0.0170651974 0.0149218133 0.0065865156 0.0175115135 0.0173928825 0.0176205893 0.0245610241 0.0189224115 0.0154737857 0.0157935569 0.0093370634 0.007004379 0.0040166379 0.019766633 0.0193141841 0.0220144905 0.0203877494 0.0059265046 0.012703487 0.0155912822 0.0149538493 0.0127068031 0.0164269574 0.0214816084 0.019690443 0.0146990865 0.0282320687 0.0068833383 0.0234967251 0.0161933106 0.0184662615 0.0201819518 0.0142733023 0.0190677735 0.0087783316 0.013715842 0.0103190038 0.015450192 0.0134623673 0.0223904531 0.0114667178 0.0199539153 0.0098968903 0.0226593614 0.0246005601 0.0117415912 0.006222102 0.0157191271 0.025193425 0.0144726221 0.01371511 0.0242914488 0.0115939967 0.0074256984 
46 0.0141170468 0.015860025 0.0131955387 0.0142899381 0.0144184182 0.0168023774 0.0077879731 0.0229327645 0.0096524026 0.019548188 0.0124023483 0.0025550349 0.0056463812 0.0123379705 0.0287922111 0.0129583737 0.0083858531 0.0212862323 0.0134303452 0.0096655869 0.0244637163 0.0168064418 0.0119342042 0.0109638687 0.0251637231 0.0254541968 0.0185336257 0.0156125137 0.0098436403 0.0097648786 0.0184601695 0.0153948398 0.0115879877 0.0196212392 0.0087692393 0.027870027 0.0128774991 0.0182778304 0.0140150217 0.0121399478 0.0123306137 0.0183516797 0.0086773751 0.0170636782 0.013715842 0.017844671 0.0240439623 0.0156549824 0.0203212202 0.0135873303 0.006335923 0.0127762812 0.0152164066 0.0135278179 0.0247874725 0.0270811539 0.0175582401 0.0127353719 0.0088131788 0.0234169607 0.0206745721 0.009381173 0.0240875269 0.0183969461 
47 0.0150382439 0.0202748457 0.020584581 0.0181521156 0.0068916599 0.0143422998 0.0067656152 0.0148526555 0.0146691216 0.0131446439 0.0111878995 0.0075980416 0.0129046983 0.0235165434 0.0202175776 0.0148418631 0.0305412009 0.0155051171 0.0117220488 0.0122898859 0.0200336142 0.0162621912 0.0083163644 0.0200382598 0.0148567074 0.0098977061 0.0105843048 0.0229740591 0.0117772485 0.0160154277 0.0159668187 0.0112669201 0.0160154899 0.0137719674 0.0346546953 0.0120813039 0.0123252756 0.0300019498 0.0129832934 0.0187851899 0.0118045176 0.0160061012 0.0152241463 0.005580911 0.0103190038 0.0240439623 0.0227673798 0.0179820478 0.0161244621 0.0190160264 0.00813178 0.0214443838 0.0179318996 0.0170961903 0.0020726073 0.0118434752 0.0134567546 0.0195254559 0.0251159453 0.0071879364 0.0156720455 0.0123255674 0.0095069161 0.0261710386 
48 0.0109968429 0.0280479783 0.0136414194 0.0163476226 0.0162080216 0.0168562997 0.0286095055 0.0087884089 0.0095021596 0.0066396063 0.0121410095 0.0136233027 0.0107332931 0.0111264953 0.0125711092 0.0128282481 0.0277448424 0.0199923871 0.0070155148 0.0152822302 0.0126701225 0.0097108818 0.0144934234 0.0103558101 0.0220982081 0.0172243516 0.0189640845 0.0165888965 0.0228944554 0.0268571217 0.0096013386 0.0164673879 0.0095373138 0.0197705685 0.0152568584 0.0210520052 0.0015576272 0.0212220082 0.0157059097 0.0075404354 0.0161495035 0.0273693285 0.0156697621 0.0206968603 0.015450192 0.0156549824 0.0179820478 0.0107945948 0.0182852741 0.0081886122 0.0205785283 0.0125839487 0.0063185602 0.007397085 0.0060484209 0.0180423754 0.0187044777 0.0233481794 0.0321464669 0.0115406006 0.0161257562 0.02971369 0.0123953047 0.0105503428 
