64
1 0.0096587009 0.0124257234 0.0201618404 0.0194531256 0.0121476192 0.0092348263 0.0227712734 0.034092136 0.0160281463 0.0199372028 0.0084913317 0.0167329012 0.0212819794 0.0249404651 0.0080597238 0.0238855926 0.0165691385 0.0227682672 0.0167769019 0.0132783017 0.0186065472 0.0106051313 0.0143773712 0.0130117541 0.0183619828 0.0205010906 0.0191053326 0.0088971589 0.0274701951 0.014209392 0.0119956701 0.0118680634 0.0117732565 0.0035223711 0.0154363752 0.0151492122 0.0195011638 0.0175887883 0.0229990756 0.0131870513 0.0184943604 0.0116732568 0.0212624074 0.0197244249 0.0142822875 0.0065458446 0.0055538129 0.0224686335 0.010638636 0.0148933241 0.0106951476 0.018660525 0.0102529047 0.0163697876 0.0216019413 0.0111649328 0.0109557298 0.0159915189 0.010318654 0.0117169043 0.0172417918 0.0142309248 0.0122047336 0.0161953354 
2 0.0124257234 0.0080126802 0.0127451593 0.0157325229 0.0130296948 0.0143337115 0.0231085538 0.021631218 0.0111528685 0.0105728893 0.0161467433 0.009396106 0.0076883272 0.018524483 0.0138705087 0.0194318145 0.0339752904 0.0143761503 0.0234277952 0.0161414129 0.0168375798 0.0130316813 0.0180797706 0.0052564843 0.0172448935 0.0148128884 0.0068275653 0.0139933291 0.0144090909 0.0162822586 0.0133535481 0.0269679896 0.0084561745 0.0210803023 0.0157833274 0.0155371112 0.0136209899 0.0134420036 0.0171116541 0.0110795801 0.0098276589 0.0159470247 0.0197432436 0.0111050658 0.0083292283 0.0087650279 0.0133006035 0.0135452432 0.0181306586 0.0096535558 0.0214232792 0.0102601993 0.0117413795 0.0297626302 0.0162285537 0.0301147887 0.0188991408 0.0155413345 0.0144999332 0.0199002794 0.0169144619 0.0091305209 0.0240088067 0.0242955062 
3 0.0201618404 0.0127451593 0.0324193967 0.0133723319 0.0244447988 0.0101296752 0.0126385157 0.0124721329 0.0177258075 0.0103575775 0.0148969779 0.0188500473 0.0245764675 0.0127640452 0.015647886 0.0164214567 0.0119501536 0.0257742724 0.0106796739 0.0067240117 0.0124469345 0.016855063 0.0183709563 0.0041708391 0.0235733276 0.0079348152 0.0030511186 0.0158421743 0.0285672878 0.0167334924 0.0191196752 0.0175679644 0.0131374039 0.0269557917 0.0112028945 0.010534237 0.0220130182 0.0162910998 0.0141201075 0.0187941727 0.0209446444 0.02370049 0.0153173207 0.0112522143 0.0123480973 0.0013735321 0.0129450723 0.0115785894 0.0221003912 0.0088436446 0.0114113745 0.0165697328 0.0173236026 0.0148732802 0.0158412826 0.0147480789 0.0152744007 0.0152189435 0.0130323783 0.017652956 0.0158422538 0.0174070671 0.0199294141 0.0124366368 
4 0.0194531256 0.0157325229 0.0133723319 0.0109809242 0.0250496248 0.0146228147 0.0083850966 0.0058277052 0.0283557174 0.0193862434 0.0174406713 0.0173506785 0.0036098638 0.0113705866 0.0236591489 0.0157664819 0.0140471999 0.0160212352 0.0298927061 0.0248542111 0.010658869 0.0106118892 0.02609156 0.0143883282 0.0242969015 0.0161312792 0.0036929769 0.0275944378 0.0141663832 0.019063955 0.0074949117 0.0110377716 0.0164864329 0.0080447759 0.014984813 0.0181233642 0.0156179311 0.0093181161 0.0140295109 0.0072080521 0.0106841771 0.0134392247 0.0191104684 0.009666554 0.0197132868 0.0176354586 0.0166433186 0.0184572764 0.0154222359 0.0230766261 0.0116186539 0.0212207191 0.0249010514 0.0155601746 0.0158798072 0.0027260272 0.0235055211 0.0102135058 0.0086953608 0.0050151828 0.0339662691 0.014624422 0.010210814 0.0137927147 
5 0.0121476192 0.0130296948 0.0244447988 0.0250496248 0.0092298631 0.0189732021 0.0211447215 0.0109884783 0.031380917 0.0156069051 0.0157505035 0.0068767425 0.0202744187 0.0180389662 0.00783048 0.012383499 0.0232068413 0.0224587236 0.014170991 0.0200012911 0.0231838193 0.0075875748 0.0228521102 0.0156482076 0.0227312723 0.0066551085 0.0115493077 0.0139009697 0.0138900314 0.0112506601 0.0199915816 0.0201447732 0.0146934505 0.0149529847 0.0244255881 0.0126991198 0.0127039516 0.0168709532 0.0225737994 0.0151815859 0.0050440083 0.0112946026 0.0101795808 0.0128441821 0.0196690353 0.0116044952 0.0162898408 0.0151654655 0.023908291 0.0062707281 0.0148106419 0.0204793569 0.0152930485 0.0169957209 0.0147155321 0.0116876851 0.0124794748 0.0091950935 0.0143587779 0.0120667032 0.0138718474 0.0242673334 0.0098920321 0.0111413915 
6 0.0092348263 0.0143337115 0.0101296752 0.0146228147 0.0189732021 0.012494128 0.0144213289 0.013648142 0.022243787 0.0118099059 0.0126442468 0.0135990778 0.0108859158 0.0171469612 0.0153225242 0.0136618557 0.0069560522 0.0188155249 0.0162838286 0.0148845058 0.0104980726 0.0200357412 0.0165625124 0.0170153653 0.0216367442 0.0216596776 0.0097708381 0.0204378901 0.0153295059 0.0267325446 0.0253153858 0.0136169271 0.0192045798 0.0223062045 0.0098740573 0.0104668304 0.0083525412 0.005258577 0.0201700699 0.0117222201 0.0212653441 0.0228891275 0.0060478282 0.0104498836 0.0206867219 0.0137938871 0.0075580215 0.0259765871 0.025777144 0.0044989119 0.0188264766 0.0241925557 0.0143529204 0.024373766 0.016307911 0.0077404406 0.019220604 0.0127785751 0.0198436507 0.0124963097 0.0093864737 0.0202978719 0.0139263625 0.019234326 
7 0.0227712734 0.0231085538 0.0126385157 0.0083850966 0.0211447215 0.0144213289 0.0230676598 0.0073031857 0.0248453775 0.0186670607 0.0111571207 0.0102092004 0.0205438162 0.0192554106 0.0133370579 0.0117793518 0.0029903363 0.0069928859 0.005522594 0.0098576312 0.0206554874 0.0187022238 0.015116472 0.0214531728 0.016995867 0.0242483989 0.0128253287 0.0187755318 0.0134434185 0.0221550124 0.0123862627 0.0196064612 0.0113353162 0.0157404913 0.0146868358 0.017687272 0.00906469 0.0150909413 0.0098055312 0.0163405715 0.0142624527 0.0287241406 0.017433617 0.0147665988 0.0188801301 0.0300481376 0.0077764232 0.007417363 0.0108385754 0.0196993146 0.0071234935 0.0124949003 0.0156191836 0.0164380976 0.0124928598 0.0150404827 0.0110181197 0.0112107508 0.0219498417 0.0160280133 0.0151060909 0.0133137503 0.0304603236 0.0177438738 
8 0.034092136 0.021631218 0.0124721329 0.0058277052 0.0109884783 0.013648142 0.0073031857 0.0 0.010215469 0.0199124906 0.0202027614 0.0223431576 0.0114660788 0.0122165955 0.0144203295 0.0114108937 0.0177723785 0.0185897283 0.0211511629 0.0185088814 0.0068742939 0.005127824 0.0214025615 0.0148606758 0.0210537696 0.0140469513 0.0106531278 0.015138242 0.0027361464 0.0267045522 0.0230368606 0.0062474039 0.0141696222 0.0274994041 0.0183517866 0.0182878573 0.01063604 0.024113906 0.015855385 0.0133812599 0.0188309531 0.0154126426 0.0090665088 0.0142135901 0.0085956972 0.010169531 0.0199094069 0.0089435399 0.01211726 0.0274680567 0.0207063927 0.0134477994 0.0162109018 0.0054217233 0.0250230541 0.0167268868 0.0133426329 0.0225718275 0.0295800803 0.0213915462 0.0269130483 0.0120263872 0.0081414241 0.0094185137 
9 0.0160281463 0.0111528685 0.0177258075 0.0283557174 0.031380917 0.022243787 0.0248453775 0.010215469 0.0118216442 0.0117356829 0.0307081237 0.0033521813 0.0096325549 0.0208337359 0.0137709345 0.0142705063 0.0115265021 0.0178975239 0.0102525636 0.0154784183 0.0273073951 0.0207793519 0.0185115819 0.0096342435 0.0172463209 0.0202932593 0.0127746644 0.0201038298 0.0133295275 0.0166633537 0.0175406374 0.0229271346 0.0079916336 0.0157884523 0.0146532064 0.0152740132 0.0079422699 0.0254045662 0.0209461617 0.0086305344 0.0155989944 0.0113852571 0.0071088007 0.0144312021 0.0144260062 0.0208448333 0.0127426867 0.0251932193 0.0154215205 0.0096338368 0.01108622 0.0185576206 0.0071494376 0.0107253565 0.024210952 0.019552784 0.0188302417 0.0178854736 0.005521783 0.0112426573 0.0112367769 0.0138863112 0.0094707516 0.0068866775 
10 0.0199372028 0.0105728893 0.0103575775 0.0193862434 0.0156069051 0.0118099059 0.0186670607 0.0199124906 0.0117356829 0.0159009993 0.0029216423 0.0131526831 0.0200327346 0.0154039507 0.01793513 0.022850808 0.0290317094 0.0063469017 0.0081123404 0.009544179 0.0208381348 0.0092086944 0.0235707522 0.0165635746 0.0143627151 0.0182884088 0.0146416588 0.0155369863 0.0094603613 0.0154336233 0.0138356806 0.0265869881 0.0082622803 0.0112234244 0.0125684283 0.0161260237 0.0112261689 0.0247002905 0.0133300688 0.0105416785 0.0124176688 0.0104857053 0.0285647798 0.0313957276 0.0172620113 0.0157775348 0.0095012204 0.0076353534 0.0236897719 0.010792396 0.0150941574 0.0216255717 0.006939564 0.0154320259 0.0119392866 0.0205988834 0.0222924674 0.0168479858 0.0182327285 0.0189278722 0.0143249134 0.013944711 0.0132780106 0.0174746744 
11 0.0084913317 0.0161467433 0.0148969779 0.0174406713 0.0157505035 0.0126442468 0.0111571207 0.0202027614 0.0307081237 0.0029216423 0.0086538132 0.0168433234 0.0213303407 0.0202267054 0.0157631965 0.0231520213 0.0168328731 0.0056617674 0.0143798178 0.0134977728 0.0087471272 0.0083684937 0.0044053664 0.0131415846 0.0142814855 0.0095886101 0.0187352238 0.0136476556 0.0136262086 0.0159207503 0.0116478077 0.0172507997 0.0146479971 0.0140830948 0.0213159205 0.0138608594 0.0186563479 0.0064464307 0.0080818187 0.0209811981 0.0132747448 0.013747019 0.0204397685 0.0235736046 0.0223533166 0.0075886894 0.0129477543 0.0103214449 0.0199264853 0.0066949638 0.0151357857 0.0221125441 0.0283296001 0.0278151626 0.0089858512 0.0197425065 0.0200842667 0.0232174429 0.0156237715 0.0210813484 0.0140208293 0.0152949738 0.0129693488 0.0305822426 
12 0.0167329012 0.009396106 0.0188500473 0.0173506785 0.0068767425 0.0135990778 0.0102092004 0.0223431576 0.0033521813 0.0131526831 0.0168433234 0.0210717353 0.011518541 0.0022193781 0.0078355743 0.0121409599 0.0263379621 0.0203234627 0.0146571447 0.0180544371 0.0156392481 0.0208102652 0.0272487403 0.0114428751 0.0137669706 0.0101039574 0.0027896089 0.0128299125 0.0072763796 0.024298253 0.0173414759 0.0195487942 0.0259478124 0.0141910353 0.0145517923 0.015649905 0.0176565695 0.0152199662 0.012641878 0.0174238771 0.009910384 0.017653772 0.0092581292 0.0084414672 0.0099169044 0.0220641267 0.0145727483 0.025139011 0.0055984738 0.0059311018 0.0178971783 0.0229697018 0.0093225673 0.0281362783 0.0162689048 0.0240320466 0.0119918869 0.030158059 0.0133681986 0.0286122097 0.0184249176 0.0084460544 0.0218516327 0.0207896342 
13 0.0212819794 0.0076883272 0.0245764675 0.0036098638 0.0202744187 0.0108859158 0.0205438162 0.0114660788 0.0096325549 0.0200327346 0.0213303407 0.011518541 0.0134024555 0.0168296411 0.0149589869 0.0135730447 0.0154154826 0.0161564251 0.006023016 0.0168669993 0.0171758676 0.0142705987 0.0055999812 0.0097125196 0.0082187589 0.0189015556 0.0238415438 0.0170372942 0.0086298723 0.0164977348 0.0238468622 0.0077253556 0.0238919847 0.0107604875 0.0303800084 0.0138952733 0.0195882101 0.0275808692 0.0106802744 0.0207189741 0.0254203972 0.0105498458 0.0180695934 0.0188840655 0.0235652899 0.0170978586 0.0134921431 0.0064640375 0.0135617813 0.0150583932 0.0073386841 0.028161414 0.0161196743 0.0045286983 0.0229506597 0.0163916475 0.0241201577 0.0205406665 0.014672321 0.0148392845 0.0092997586 0.0076830389 0.0157741632 0.01039531 
14 0.0249404651 0.018524483 0.0127640452 0.0113705866 0.0180389662 0.0171469612 0.0192554106 0.0122165955 0.0208337359 0.0154039507 0.0202267054 0.0022193781 0.0168296411 0.0117889872 0.0204570609 0.021039444 0.0199498113 0.0195390472 0.0114830793 0.0142635742 0.0192352164 0.0346838943 0.0079290321 0.0167358277 0.0155693615 0.0083693099 0.0139737556 0.0171817115 0.0133773143 0.0233708843 0.0137847223 0.0159664847 0.0061097848 0.008263329 0.0037734651 0.0209239823 0.0114073064 0.0091350003 0.0085622356 0.0269780915 0.0141603975 0.019151116 0.0203175122 0.0174657566 0.0086604865 0.0146618843 0.0134207389 0.0273592886 0.0146723083 0.0114618852 0.0143201799 0.0088334146 0.0240513538 0.0122292575 0.0091389072 0.0146947731 0.0081855158 0.015310142 0.0119787662 0.0249450165 0.0275021491 0.0117444995 0.0145405326 0.0175714799 
15 0.0080597238 0.0138705087 0.015647886 0.0236591489 0.00783048 0.0153225242 0.0133370579 0.0144203295 0.0137709345 0.01793513 0.0157631965 0.0078355743 0.0149589869 0.0204570609 0.0139723167 0.009922483 0.0189885433 0.0151050825 0.0201874824 0.0093284329 0.0127780995 0.0309843297 0.0162538498 0.0093216138 0.016161541 0.0244184016 0.0201591845 0.0265619578 0.023403563 0.0088649893 0.0173468033 0.0140042931 0.0235066973 0.0097133433 0.0115331263 0.0034867353 0.0184455291 0.0117500975 0.026180943 0.0102583418 0.020164118 0.0200243724 0.0159640417 0.0147677602 0.0241441036 0.0236459828 0.009720359 0.0176035848 0.0167836041 0.0117873811 0.0196224625 0.0093735863 0.0138220265 0.0072547413 0.0110396632 0.0099989182 0.0206003528 0.0187264442 0.0084872421 0.0195832172 0.0118291995 0.0204491533 0.0048454407 0.0242559215 
16 0.0238855926 0.0194318145 0.0164214567 0.0157664819 0.012383499 0.0136618557 0.0117793518 0.0114108937 0.0142705063 0.022850808 0.0231520213 0.0121409599 0.0135730447 0.021039444 0.009922483 0.0378989653 0.0127093948 0.011783815 0.0064803342 0.0198277578 0.0100761134 0.0260586568 0.0130828204 0.0155170582 0.0129445887 0.0021394639 0.0311536183 0.0126014145 0.0199410312 0.0156811095 0.0137047403 0.0241656858 0.0205031866 0.0166528135 0.0151112504 0.016774061 0.012563122 0.0175698524 0.0125402827 0.0125463982 0.0101076599 0.0205956965 0.0181782055 0.0070617058 0.0133317692 0.012647117 0.0200832432 0.0168419209 0.0103708527 0.0142418899 0.0164743303 0.0175208964 0.0131487173 0.0113139284 0.0138388322 0.0184108406 0.011362703 0.022421117 0.0156256536 0.0135458037 0.0174460355 0.0145906002 0.0044637061 0.0146590269 
17 0.0165691385 0.0339752904 0.0119501536 0.0140471999 0.0232068413 0.0069560522 0.0029903363 0.0177723785 0.0115265021 0.0290317094 0.0168328731 0.0263379621 0.0154154826 0.0199498113 0.0189885433 0.0127093948 0.004615224 0.0089671436 0.0069022829 0.0095194303 0.0229306054 0.02121121 0.0135618891 0.0166013398 0.015851921 0.0109737155 0.0148300547 0.0231710521 0.0193238137 0.0064163213 0.0063622625 0.0196620499 0.0160532654 0.008145958 0.0151395423 0.0182037579 0.0091617337 0.0145251495 0.0131756292 0.0121467067 0.0249922312 0.0217359844 0.0171749666 0.0111625354 0.0062329509 0.0177193609 0.0195788248 0.0234264226 0.0166623051 0.0195016383 0.0215760109 0.0216555505 0.022596635 0.0124373797 0.0183376609 0.0117913503 0.017306141 0.009207507 0.0132111519 0.0134763336 0.0071450497 0.0105495754 0.0192299137 0.0175807926 
18 0.0227682672 0.0143761503 0.0257742724 0.0160212352 0.0224587236 0.0188155249 0.0069928859 0.0185897283 0.0178975239 0.0063469017 0.0056617674 0.0203234627 0.0161564251 0.0195390472 0.0151050825 0.011783815 0.0089671436 0.009407297 0.0139921953 0.0092016897 0.0133915549 0.0218538169 0.0252230591 0.015685387 0.0105307128 0.0077782654 0.0282474403 0.0167925267 0.0128864706 0.0113595513 0.0082815667 0.0056276966 0.0158647742 0.0230021816 0.012189273 0.0150127469 0.015322586 0.0170911084 0.0161174586 0.0096854431 0.0111588247 0.0152639609 0.0120495847 0.0253332417 0.0260586383 0.0261802275 0.020344582 0.0092163812 0.0119184231 0.0165041889 0.0130068813 0.0149886521 0.0128998699 0.0123969779 0.0178930595 0.0083175987 0.0201909158 0.0165512707 0.024075358 0.0158627409 0.0187639379 0.0187964363 0.0142320394 0.0158734497 
19 0.0167769019 0.0234277952 0.0106796739 0.0298927061 0.014170991 0.0162838286 0.005522594 0.0211511629 0.0102525636 0.0081123404 0.0143798178 0.0146571447 0.006023016 0.0114830793 0.0201874824 0.0064803342 0.0069022829 0.0139921953 0.0068485813 0.0054655358 0.0203191864 0.0101093657 0.0229967252 0.021578533 0.0129150561 0.0191068515 0.0105553619 0.0168407776 0.0120773652 0.0128579226 0.0213602602 0.0131312147 0.0201971672 0.0182821191 0.0218839421 0.0119865232 0.0119994207 0.017981583 0.022398176 0.0266285685 0.011025383 0.0103113836 0.0206919436 0.0200864925 0.0266314222 0.0198553625 0.0197624529 0.0190593498 0.0112489355 0.0127600134 0.0153571876 0.0250298293 0.0094249878 0.0184910737 0.0146095957 0.0109791488 0.0187218614 0.0200852458 0.0221991561 0.008598862 0.0143845695 0.0075243821 0.015921628 0.0193435857 
20 0.0132783017 0.0161414129 0.0067240117 0.0248542111 0.0200012911 0.0148845058 0.0098576312 0.0185088814 0.0154784183 0.009544179 0.0134977728 0.0180544371 0.0168669993 0.0142635742 0.0093284329 0.0198277578 0.0095194303 0.0092016897 0.0054655358 0.006033962 0.0178137308 0.0052985455 0.0225551473 0.0078974504 0.0125664833 0.0162056905 0.015726044 0.0101930623 0.0186453001 0.010109049 0.0119298293 0.0197314456 0.0305443379 0.0183139259 0.0101371324 0.0114026167 0.0161030084 0.0197398148 0.0213600858 0.0201128619 0.0221117743 0.0087582928 0.0157395391 0.0157249412 0.0170530727 0.0208120396 0.023861347 0.0164012725 0.008194186 0.011623287 0.0186377646 0.009249873 0.0254956726 0.0242157279 0.0168788996 0.0178632016 0.0187629249 0.0171892392 0.0146925485 0.0177557878 0.0133624479 0.0162513145 0.0182883389 0.0233585088 
21 0.0186065472 0.0168375798 0.0124469345 0.010658869 0.0231838193 0.0104980726 0.0206554874 0.0068742939 0.0273073951 0.0208381348 0.0087471272 0.0156392481 0.0171758676 0.0192352164 0.0127780995 0.0100761134 0.0229306054 0.0133915549 0.0203191864 0.0178137308 0.0093235516 0.0091458214 0.0217706245 0.0118877907 0.0210200605 0.018880601 0.0115222796 0.0093950352 0.016556708 0.0219428863 0.0149274719 0.0130683341 0.0041199596 0.0038836776 0.0157297241 0.0140911467 0.0147417358 0.0240593384 0.004793914 0.0260887001 0.0295235743 0.0206385433 0.0250800894 0.0109723441 0.0061296297 0.014495881 0.0077331023 0.019666243 0.0172312274 0.0224442162 0.0124532968 0.0097546909 0.0206499793 0.0145393392 0.0133815183 0.0067928893 0.0154737827 0.018023366 0.0201910847 0.0156504504 0.0292679428 0.0133682994 0.012201827 0.0113734379 
22 0.0106051313 0.0130316813 0.016855063 0.0106118892 0.0075875748 0.0200357412 0.0187022238 0.005127824 0.0207793519 0.0092086944 0.0083684937 0.0208102652 0.0142705987 0.0346838943 0.0309843297 0.0260586568 0.02121121 0.0218538169 0.0101093657 0.0052985455 0.0091458214 0.0106642041 0.008886355 0.0086577758 0.0055262946 0.0053692721 0.0173248026 0.0137029805 0.0184282103 0.0041599558 0.018102586 0.0119250559 0.0214238678 0.0272514324 0.0212223748 0.0128072189 0.017117089 0.0151755583 0.008379516 0.0235027513 0.0107496822 0.0073154611 0.0221074261 0.018549898 0.0084850923 0.0164297868 0.017945678 0.0227157123 0.0139341421 0.0103594604 0.0288872428 0.0203599271 0.0133806571 0.0166461547 0.0239679792 0.0174536459 0.0136007273 0.0176654416 0.0182007269 0.0165295722 0.0214229855 0.016173797 0.0118705047 0.010280825 
23 0.0143773712 0.0180797706 0.0183709563 0.02609156 0.0228521102 0.0165625124 0.015116472 0.0214025615 0.0185115819 0.0235707522 0.0044053664 0.0272487403 0.0055999812 0.0079290321 0.0162538498 0.0130828204 0.0135618891 0.0252230591 0.0229967252 0.0225551473 0.0217706245 0.008886355 0.0168977863 0.0228359642 0.0209091779 0.0215132437 0.0138022581 0.0230506512 0.0278704372 0.0075773445 0.0080639623 0.0108401928 0.0188279208 0.0227040019 0.0079909768 0.0023371884 0.0203703446 0.0167035565 0.0103157079 0.0109329931 0.0140039913 0.0198820671 0.0041952588 0.0161154692 0.0039160776 0.0159746584 0.0170512754 0.0038924114 0.0176491919 0.0147710087 0.0103245308 0.0212618673 0.0243279414 0.0253359338 0.0139779903 0.0168489072 0.011748843 0.0058234323 0.0194572503 0.0152848914 0.0055941317 0.0130916691 0.0093144915 0.0121637639 
24 0.0130117541 0.0052564843 0.0041708391 0.0143883282 0.0156482076 0.0170153653 0.0214531728 0.0148606758 0.0096342435 0.0165635746 0.0131415846 0.0114428751 0.0097125196 0.0167358277 0.0093216138 0.0155170582 0.0166013398 0.015685387 0.021578533 0.0078974504 0.0118877907 0.0086577758 0.0228359642 0.0245266919 0.0251462471 0.0168997005 0.0289366432 0.0178613508 0.0213049815 0.0092892598 0.0176854173 0.0164252716 0.0183668785 0.013379734 0.0206571866 0.0148241521 0.0258810439 0.0140603421 0.0162053717 0.0218445606 0.0182787545 0.012847283 0.0207739692 0.0149397515 0.008268992 0.0170079047 0.017430136 0.0245468143 0.0129744547 0.0141794443 0.011914147 0.0114996234 0.0022900584 0.013381786 0.0216306365 0.0228618782 0.0132434053 0.0149214687 0.009375973 0.0282942291 0.0044712317 0.0159541277 0.0146063179 0.0179944147 
25 0.0183619828 0.0172448935 0.0235733276 0.0242969015 0.0227312723 0.0216367442 0.016995867 0.0210537696 0.0172463209 0.0143627151 0.0142814855 0.0137669706 0.0082187589 0.0155693615 0.016161541 0.0129445887 0.015851921 0.0105307128 0.0129150561 0.0125664833 0.0210200605 0.0055262946 0.0209091779 0.0251462471 0.0093105141 0.0205556223 0.0064056757 0.0111583659 0.0141872214 0.0067738815 0.0115535836 0.011027561 0.0116423945 0.0175385634 0.0189669436 0.0145681674 0.0134696163 0.0149962062 0.0171290522 0.0183870665 0.0164598739 0.0140344477 0.0099828876 0.002921125 0.0195869015 0.0253034745 0.0240078642 0.0131691281 0.0163298924 0.0228531223 0.0139805051 0.0037977769 0.0238150955 0.013152948 0.0107379921 0.0186997166 0.011579947 0.0210627503 0.0150981168 0.0121941878 0.0160553204 0.0264298679 0.0159845797 0.012179589 
26 0.0205010906 0.0148128884 0.0079348152 0.0161312792 0.0066551085 0.0216596776 0.0242483989 0.0140469513 0.0202932593 0.0182884088 0.0095886101 0.0101039574 0.0189015556 0.0083693099 0.0244184016 0.0021394639 0.0109737155 0.0077782654 0.0191068515 0.0162056905 0.018880601 0.0053692721 0.0215132437 0.0168997005 0.0205556223 0.0027587255 0.009159739 0.01073454 0.0169377508 0.0187664499 0.0120692756 0.0169071271 0.0168618409 0.0109274918 0.0239082847 0.0127841665 0.0132384205 0.0206853304 0.0305542436 0.0138649262 0.0209883292 0.0135922856 0.0141245237 0.0084429905 0.0010809863 0.0187821847 0.0166833243 0.0131768702 0.0288405038 0.0189402647 0.0281370553 0.0146001701 0.0157158744 0.0185488416 0.0127203003 0.0034975185 0.0287822204 0.011214919 0.0228799735 0.0145742188 0.0255416396 0.0136923249 0.0137035975 0.016204632 
27 0.0191053326 0.0068275653 0.0030511186 0.0036929769 0.0115493077 0.0097708381 0.0128253287 0.0106531278 0.0127746644 0.0146416588 0.0187352238 0.0027896089 0.0238415438 0.0139737556 0.0201591845 0.0311536183 0.0148300547 0.0282474403 0.0105553619 0.015726044 0.0115222796 0.0173248026 0.0138022581 0.0289366432 0.0064056757 0.009159739 0.0172335383 0.0154671256 0.0145631404 0.0169193721 0.0195886563 0.0155952431 0.0188240768 0.0135141941 0.0175859513 0.0166569339 0.0213428548 0.0114164905 0.0148989347 0.0167513747 0.0203071481 0.0144231097 0.0189034944 0.0066590632 0.0237040827 0.015047547 0.0207332834 0.021983057 0.0245262841 0.0074172916 0.0159716957 0.0193668639 0.0133209937 0.019259808 0.0147018092 0.0109295631 0.0144934841 0.0175684792 0.0192627837 0.0160792887 0.0086899982 0.0236615257 0.0186753666 0.0119009394 
28 0.0088971589 0.0139933291 0.0158421743 0.0275944378 0.0139009697 0.0204378901 0.0187755318 0.015138242 0.0201038298 0.0155369863 0.0136476556 0.0128299125 0.0170372942 0.0171817115 0.0265619578 0.0126014145 0.0231710521 0.0167925267 0.0168407776 0.0101930623 0.0093950352 0.0137029805 0.0230506512 0.0178613508 0.0111583659 0.01073454 0.0154671256 0.0197431438 0.0076485147 0.0162729667 0.0235236631 0.0192097997 0.0210754765 0.0174419669 0.0113269768 0.0126520626 0.0139605802 0.0257063499 0.0118671319 0.0167999226 0.0099619067 0.0253656523 0.0149689 0.0092600063 0.0126509691 0.012963141 0.0165139117 0.008849635 0.0092859218 0.0092773176 0.0227240288 0.0122069479 0.0164804853 0.00632667 0.0125888846 0.0111700034 0.0119085153 0.0139285048 0.0126286097 0.0226698646 0.0055202899 0.0303253791 0.0226510386 0.0140968972 
29 0.0274701951 0.0144090909 0.0285672878 0.0141663832 0.0138900314 0.0153295059 0.0134434185 0.0027361464 0.0133295275 0.0094603613 0.0136262086 0.0072763796 0.0086298723 0.0133773143 0.023403563 0.0199410312 0.0193238137 0.0128864706 0.0120773652 0.0186453001 0.016556708 0.0184282103 0.0278704372 0.0213049815 0.0141872214 0.0169377508 0.0145631404 0.0076485147 0.0 0.0121514959 0.0161424943 0.0060059764 0.0126076189 0.0165538508 0.0325303729 0.0154155401 0.0113012058 0.0135176986 0.012346334 0.0054060707 0.0292153179 0.0137808066 0.0132640526 0.009564086 0.0178557438 0.0249166391 0.02574298 0.0219338549 0.0140213731 0.0160691519 0.0212112412 0.0097079361 0.0215313655 0.012406742 0.0136611341 0.0161835341 0.0107152355 0.0080278596 0.0165455156 0.012834344 0.0139398158 0.0279357143 0.0190033144 0.0164673526 
30 0.014209392 0.0162822586 0.0167334924 0.019063955 0.0112506601 0.0267325446 0.0221550124 0.0267045522 0.0166633537 0.0154336233 0.0159207503 0.024298253 0.0164977348 0.0233708843 0.0088649893 0.0156811095 0.0064163213 0.0113595513 0.0128579226 0.010109049 0.0219428863 0.0041599558 0.0075773445 0.0092892598 0.0067738815 0.0187664499 0.0169193721 0.0162729667 0.0121514959 0.0149251333 0.017267412 0.0196541533 0.0133393597 0.0071427815 0.023221582 0.0205527698 0.0160826175 0.0131971582 0.0185964437 0.0102559696 0.0164853 0.0139357576 0.0169768066 0.0086542098 0.0194184489 0.0139397133 0.0096412725 0.0163327383 0.019068999 0.0044690595 0.0244215509 0.0121240971 0.0156509839 0.0138620583 0.023679768 0.0139497245 0.0155076646 0.0169584884 0.0138307916 0.0209426369 0.0164300074 0.0143582693 0.0275556206 0.0131116304 
31 0.0119956701 0.0133535481 0.0191196752 0.0074949117 0.0199915816 0.0253153858 0.0123862627 0.0230368606 0.0175406374 0.0138356806 0.0116478077 0.0173414759 0.0238468622 0.0137847223 0.0173468033 0.0137047403 0.0063622625 0.0082815667 0.0213602602 0.0119298293 0.0149274719 0.018102586 0.0080639623 0.0176854173 0.0115535836 0.0120692756 0.0195886563 0.0235236631 0.0161424943 0.017267412 0.0185888784 0.0232918462 0.0123048743 0.0170149532 0.0030574178 0.0172911857 0.0196087424 0.0052172787 0.0132232649 0.0240644762 0.0176689613 0.0099551385 0.0137913323 0.0100476086 0.0208216991 0.0160132594 0.0132765543 0.0111984126 0.0141684879 0.0183493997 0.0181834312 0.026931705 0.0041647009 0.0272308249 0.0173106233 0.0078252071 0.016866185 0.0222236791 0.0142103168 0.0224401839 0.0171723405 0.010735354 0.0114237412 0.0157268691 
32 0.0118680634 0.0269679896 0.0175679644 0.0110377716 0.0201447732 0.0136169271 0.0196064612 0.0062474039 0.0229271346 0.0265869881 0.0172507997 0.0195487942 0.0077253556 0.0159664847 0.0140042931 0.0241656858 0.0196620499 0.0056276966 0.0131312147 0.0197314456 0.0130683341 0.0119250559 0.0108401928 0.0164252716 0.011027561 0.0169071271 0.0155952431 0.0192097997 0.0060059764 0.0196541533 0.0232918462 0.0047295689 0.0262216823 0.0091469428 0.007887567 0.0128245842 0.0237264294 0.0198917545 0.0156470207 0.0307769114 0.0146652409 0.0104163776 0.0285211894 0.0168416938 0.0187709409 0.0057227017 0.0158363519 0.0158708679 0.0095480697 0.0191758294 0.003173749 0.0180929604 0.0131700403 0.0134839117 0.0195487771 0.0207274324 0.0090751936 0.0204350275 0.006585601 0.0180944199 0.0106260875 0.0126028931 0.0187255087 0.0121008155 
33 0.0117732565 0.0084561745 0.0131374039 0.0164864329 0.0146934505 0.0192045798 0.0113353162 0.0141696222 0.0079916336 0.0082622803 0.0146479971 0.0259478124 0.0238919847 0.0061097848 0.0235066973 0.0205031866 0.0160532654 0.0158647742 0.0201971672 0.0305443379 0.0041199596 0.0214238678 0.0188279208 0.0183668785 0.0116423945 0.0168618409 0.0188240768 0.0210754765 0.0126076189 0.0133393597 0.0123048743 0.0262216823 0.0142231139 0.0139513298 0.0091019255 0.0118465618 0.0094163544 0.0094174528 0.0216460325 0.0153685152 0.0045228169 0.0261843635 0.0073870995 0.0113654942 0.0093022409 0.0113795393 0.013710302 0.0214991438 0.0131283923 0.0261253521 0.0292334382 0.0089301556 0.0242618792 0.0140624564 0.0210202577 0.0116157428 0.0105640602 0.0135790304 0.0135005002 0.0207826681 0.0161253801 0.010332527 0.0195048596 0.0185179055 
34 0.0035223711 0.0210803023 0.0269557917 0.0080447759 0.0149529847 0.0223062045 0.0157404913 0.0274994041 0.0157884523 0.0112234244 0.0140830948 0.0141910353 0.0107604875 0.008263329 0.0097133433 0.0166528135 0.008145958 0.0230021816 0.0182821191 0.0183139259 0.0038836776 0.0272514324 0.0227040019 0.013379734 0.0175385634 0.0109274918 0.0135141941 0.0174419669 0.0165538508 0.0071427815 0.0170149532 0.0091469428 0.0139513298 0.0224519045 0.0268794655 0.0112461243 0.0215475143 0.0257704715 0.0198006295 0.0271385022 0.0103075225 0.0266850217 0.0137423722 0.0171922305 0.0134369759 0.0162284103 0.0093730769 0.0151237105 0.0147712515 0.0147603177 0.0110204241 0.0168788027 0.0110037685 0.0123765923 0.0158204338 0.0177528103 0.0189955246 0.0216803709 0.010958942 0.0085423529 0.0077576363 0.0193030948 0.0109502951 0.0115300397 
35 0.0154363752 0.0157833274 0.0112028945 0.014984813 0.0244255881 0.0098740573 0.0146868358 0.0183517866 0.0146532064 0.0125684283 0.0213159205 0.0145517923 0.0303800084 0.0037734651 0.0115331263 0.0151112504 0.0151395423 0.012189273 0.0218839421 0.0101371324 0.0157297241 0.0212223748 0.0079909768 0.0206571866 0.0189669436 0.0239082847 0.0175859513 0.0113269768 0.0325303729 0.023221582 0.0030574178 0.007887567 0.0091019255 0.0268794655 0.0169243311 0.0109029522 0.0102075949 0.0216147014 0.0270000626 0.0137855264 0.0194792865 0.01401826 0.006172469 0.0172717464 0.0152846785 0.0075479947 0.0258771281 0.0205038019 0.0075808449 0.0184566681 0.0074829075 0.0116503812 0.0147078302 0.0192077815 0.0126648507 0.0241503986 0.0148935459 0.0170257128 0.0126093932 0.0109265706 0.0101726608 0.0111662454 0.0167689891 0.0158951712 
36 0.0151492122 0.0155371112 0.010534237 0.0181233642 0.0126991198 0.0104668304 0.017687272 0.0182878573 0.0152740132 0.0161260237 0.0138608594 0.015649905 0.0138952733 0.0209239823 0.0034867353 0.016774061 0.0182037579 0.0150127469 0.0119865232 0.0114026167 0.0140911467 0.0128072189 0.0023371884 0.0148241521 0.0145681674 0.0127841665 0.0166569339 0.0126520626 0.0154155401 0.0205527698 0.0172911857 0.0128245842 0.0118465618 0.0112461243 0.0109029522 0.0173538183 0.0145861409 0.0162178233 0.0163453004 0.0197595268 0.0127145719 0.0196709628 0.0188272974 0.0207711068 0.0201672177 0.0087195433 0.0123667811 0.021885576 0.0398673055 0.0226195574 0.011932402 0.0243663416 0.0213958841 0.0049561518 0.0149012718 0.0162912735 0.0084537908 0.0093410216 0.0243039013 0.0154377774 0.0219141139 0.0219868783 0.0158069681 0.0151574377 
37 0.0195011638 0.0136209899 0.0220130182 0.0156179311 0.0127039516 0.0083525412 0.00906469 0.01063604 0.0079422699 0.0112261689 0.0186563479 0.0176565695 0.0195882101 0.0114073064 0.0184455291 0.012563122 0.0091617337 0.015322586 0.0119994207 0.0161030084 0.0147417358 0.017117089 0.0203703446 0.0258810439 0.0134696163 0.0132384205 0.0213428548 0.0139605802 0.0113012058 0.0160826175 0.0196087424 0.0237264294 0.0094163544 0.0215475143 0.0102075949 0.0145861409 0.0137686219 0.0098528822 0.0290366953 0.0144289205 0.0185461003 0.0170506055 0.014056004 0.0155628735 0.0247028579 0.0158099869 0.0214124449 0.0210231561 0.0235679036 0.0174691378 0.0075256766 0.0157041853 0.008934816 0.0164877253 0.0063046482 0.0185064992 0.012722421 0.027399434 0.0200339763 0.0117266812 0.011060464 0.0072574505 0.0095565711 0.0223103778 
38 0.0175887883 0.0134420036 0.0162910998 0.0093181161 0.0168709532 0.005258577 0.0150909413 0.024113906 0.0254045662 0.0247002905 0.0064464307 0.0152199662 0.0275808692 0.0091350003 0.0117500975 0.0175698524 0.0145251495 0.0170911084 0.017981583 0.0197398148 0.0240593384 0.0151755583 0.0167035565 0.0140603421 0.0149962062 0.0206853304 0.0114164905 0.0257063499 0.0135176986 0.0131971582 0.0052172787 0.0198917545 0.0094174528 0.0257704715 0.0216147014 0.0162178233 0.0098528822 0.0225480835 0.0174857232 0.0148372524 0.0066733317 0.0264135454 0.0143060798 0.0155366739 0.0233479096 0.0158039777 0.015078924 0.0120190538 0.0107072476 0.022953906 0.0124987289 0.0019291068 0.0112605304 0.007039882 0.0228590689 0.0092657171 0.0092982152 0.0046004879 0.0171686621 0.0144176908 0.0076820936 0.0188087949 0.0259303634 0.0169094419 
39 0.0229990756 0.0171116541 0.0141201075 0.0140295109 0.0225737994 0.0201700699 0.0098055312 0.015855385 0.0209461617 0.0133300688 0.0080818187 0.012641878 0.0106802744 0.0085622356 0.026180943 0.0125402827 0.0131756292 0.0161174586 0.022398176 0.0213600858 0.004793914 0.008379516 0.0103157079 0.0162053717 0.0171290522 0.0305542436 0.0148989347 0.0118671319 0.012346334 0.0185964437 0.0132232649 0.0156470207 0.0216460325 0.0198006295 0.0270000626 0.0163453004 0.0290366953 0.0174857232 0.0173433829 0.0163466645 0.0092431777 0.0127787726 0.0072720423 0.0200676831 0.010151035 0.0078449731 0.0117707868 0.0242172653 0.0191369465 0.0129396587 0.0149438308 0.0192917566 0.0020285587 0.0188822964 0.0124558579 0.0184338061 0.0166933751 0.0215890085 0.017528485 0.0084468579 0.0145245411 0.0110741274 0.0104430209 0.0166005643 
40 0.0131870513 0.0110795801 0.0187941727 0.0072080521 0.0151815859 0.0117222201 0.0163405715 0.0133812599 0.0086305344 0.0105416785 0.0209811981 0.0174238771 0.0207189741 0.0269780915 0.0102583418 0.0125463982 0.0121467067 0.0096854431 0.0266285685 0.0201128619 0.0260887001 0.0235027513 0.0109329931 0.0218445606 0.0183870665 0.0138649262 0.0167513747 0.0167999226 0.0054060707 0.0102559696 0.0240644762 0.0307769114 0.0153685152 0.0271385022 0.0137855264 0.0197595268 0.0144289205 0.0148372524 0.0163466645 0.0 0.0155673984 0.0146695022 0.0204324061 0.0185291567 0.0191828817 0.0194260063 0.0061800729 0.0083136759 0.009511562 0.0144617719 0.0101999572 0.0042473634 0.0089766205 0.0099114779 0.0114098285 0.0194145709 0.0078098978 0.0318392955 0.0152188233 0.0149026916 0.0093573009 0.0163714448 0.0211539711 0.0290245243 
41 0.0184943604 0.0098276589 0.0209446444 0.0106841771 0.0050440083 0.0212653441 0.0142624527 0.0188309531 0.0155989944 0.0124176688 0.0132747448 0.009910384 0.0254203972 0.0141603975 0.020164118 0.0101076599 0.0249922312 0.0111588247 0.011025383 0.0221117743 0.0295235743 0.0107496822 0.0140039913 0.0182787545 0.0164598739 0.0209883292 0.0203071481 0.0099619067 0.0292153179 0.0164853 0.0176689613 0.0146652409 0.0045228169 0.0103075225 0.0194792865 0.0127145719 0.0185461003 0.0066733317 0.0092431777 0.0155673984 0.0120654007 0.0159594575 0.0103574711 0.0195221684 0.0158417264 0.0222733921 0.0233974165 0.0233858289 0.0178461412 0.012616062 0.0081453889 0.0278306183 0.010483029 0.0041201703 0.0107581794 0.0138187515 0.0190013245 0.0108953968 0.0154381603 0.0223969739 0.0165476429 0.0158947331 0.014331973 0.0120141306 
42 0.0116732568 0.0159470247 0.02370049 0.0134392247 0.0112946026 0.0228891275 0.0287241406 0.0154126426 0.0113852571 0.0104857053 0.013747019 0.017653772 0.0105498458 0.019151116 0.0200243724 0.0205956965 0.0217359844 0.0152639609 0.0103113836 0.0087582928 0.0206385433 0.0073154611 0.0198820671 0.012847283 0.0140344477 0.0135922856 0.0144231097 0.0253656523 0.0137808066 0.0139357576 0.0099551385 0.0104163776 0.0261843635 0.0266850217 0.01401826 0.0196709628 0.0170506055 0.0264135454 0.0127787726 0.0146695022 0.0159594575 0.0220771318 0.0109023365 0.009234388 0.0169452656 0.0145063501 0.0136854234 0.0181560971 0.01703704 0.014560996 0.0104178802 0.0079004107 0.0143158489 0.012417248 0.0136413866 0.0124167987 0.0176584698 0.0042313823 0.0219572232 0.0128614317 0.0110855539 0.0198995341 0.0117906897 0.0199407768 
43 0.0212624074 0.0197432436 0.0153173207 0.0191104684 0.0101795808 0.0060478282 0.017433617 0.0090665088 0.0071088007 0.0285647798 0.0204397685 0.0092581292 0.0180695934 0.0203175122 0.0159640417 0.0181782055 0.0171749666 0.0120495847 0.0206919436 0.0157395391 0.0250800894 0.0221074261 0.0041952588 0.0207739692 0.0099828876 0.0141245237 0.0189034944 0.0149689 0.0132640526 0.0169768066 0.0137913323 0.0285211894 0.0073870995 0.0137423722 0.006172469 0.0188272974 0.014056004 0.0143060798 0.0072720423 0.0204324061 0.0103574711 0.0109023365 0.0275400224 0.0158924063 0.0098122146 0.0143385749 0.0261795639 0.0127171002 0.0197245528 0.006481546 0.0109438729 0.0239473208 0.0268025792 0.0133005173 0.0167902887 0.0101397927 0.0100651698 0.0208941177 0.0103654289 0.0095666759 0.0102711255 0.0234199138 0.0133948072 0.0195490608 
44 0.0197244249 0.0111050658 0.0112522143 0.009666554 0.0128441821 0.0104498836 0.0147665988 0.0142135901 0.0144312021 0.0313957276 0.0235736046 0.0084414672 0.0188840655 0.0174657566 0.0147677602 0.0070617058 0.0111625354 0.0253332417 0.0200864925 0.0157249412 0.0109723441 0.018549898 0.0161154692 0.0149397515 0.002921125 0.0084429905 0.0066590632 0.0092600063 0.009564086 0.0086542098 0.0100476086 0.0168416938 0.0113654942 0.0171922305 0.0172717464 0.0207711068 0.0155628735 0.0155366739 0.0200676831 0.0185291567 0.0195221684 0.009234388 0.0158924063 0.0341251058 0.0162377853 0.0116719638 0.0122359728 0.0148933124 0.0112224289 0.0226200961 0.0086002545 0.0138591469 0.0309526426 0.0154329253 0.02339846 0.0146518444 0.0186197268 0.0202810519 0.0181898524 0.0107658881 0.0223109602 0.0226105661 0.0135123095 0.0175425183 
45 0.0142822875 0.0083292283 0.0123480973 0.0197132868 0.0196690353 0.0206867219 0.0188801301 0.0085956972 0.0144260062 0.0172620113 0.0223533166 0.0099169044 0.0235652899 0.0086604865 0.0241441036 0.0133317692 0.0062329509 0.0260586383 0.0266314222 0.0170530727 0.0061296297 0.0084850923 0.0039160776 0.008268992 0.0195869015 0.0010809863 0.0237040827 0.0126509691 0.0178557438 0.0194184489 0.0208216991 0.0187709409 0.0093022409 0.0134369759 0.0152846785 0.0201672177 0.0247028579 0.0233479096 0.010151035 0.0191828817 0.0158417264 0.0169452656 0.0098122146 0.0162377853 0.0185094895 0.0217013539 0.0185468795 0.0112924327 0.0021198768 0.0237957683 0.0153958965 0.0073144398 0.0108822376 0.0251356796 0.0120298787 0.0177176653 0.0113504228 0.0161784721 0.0210591082 0.0153229731 0.0160578457 0.0217237302 0.0151378987 0.0114851417 
46 0.0065458446 0.0087650279 0.0013735321 0.0176354586 0.0116044952 0.0137938871 0.0300481376 0.010169531 0.0208448333 0.0157775348 0.0075886894 0.0220641267 0.0170978586 0.0146618843 0.0236459828 0.012647117 0.0177193609 0.0261802275 0.0198553625 0.0208120396 0.014495881 0.0164297868 0.0159746584 0.0170079047 0.0253034745 0.0187821847 0.015047547 0.012963141 0.0249166391 0.0139397133 0.0160132594 0.0057227017 0.0113795393 0.0162284103 0.0075479947 0.0087195433 0.0158099869 0.0158039777 0.0078449731 0.0194260063 0.0222733921 0.0145063501 0.0143385749 0.0116719638 0.0217013539 0.0186636025 0.0205129745 0.0096107939 0.0281814077 0.0182441254 0.0158910104 0.0141382369 0.0105172674 0.0147265487 0.0118186128 0.0165486903 0.0155498894 0.0042273912 0.0206024621 0.0075027961 0.0160118784 0.0209050854 0.0252907631 0.0083765745 
47 0.0055538129 0.0133006035 0.0129450723 0.0166433186 0.0162898408 0.0075580215 0.0077764232 0.0199094069 0.0127426867 0.0095012204 0.0129477543 0.0145727483 0.0134921431 0.0134207389 0.009720359 0.0200832432 0.0195788248 0.020344582 0.0197624529 0.023861347 0.0077331023 0.017945678 0.0170512754 0.017430136 0.0240078642 0.0166833243 0.0207332834 0.0165139117 0.02574298 0.0096412725 0.0132765543 0.0158363519 0.013710302 0.0093730769 0.0258771281 0.0123667811 0.0214124449 0.015078924 0.0117707868 0.0061800729 0.0233974165 0.0136854234 0.0261795639 0.0122359728 0.0185468795 0.0205129745 0.0035254601 0.0140395894 0.0134809424 0.025162241 0.0204874168 0.0073776297 0.0091959757 0.0178424165 0.0180258748 0.0252952077 0.0125328836 0.0123814704 0.0211289537 0.0233709534 0.0120851045 0.008334512 0.0215539147 0.0112513722 
48 0.0224686335 0.0135452432 0.0115785894 0.0184572764 0.0151654655 0.0259765871 0.007417363 0.0089435399 0.0251932193 0.0076353534 0.0103214449 0.025139011 0.0064640375 0.0273592886 0.0176035848 0.0168419209 0.0234264226 0.0092163812 0.0190593498 0.0164012725 0.019666243 0.0227157123 0.0038924114 0.0245468143 0.0131691281 0.0131768702 0.021983057 0.008849635 0.0219338549 0.0163327383 0.0111984126 0.0158708679 0.0214991438 0.0151237105 0.0205038019 0.021885576 0.0210231561 0.0120190538 0.0242172653 0.0083136759 0.0233858289 0.0181560971 0.0127171002 0.0148933124 0.0112924327 0.0096107939 0.0140395894 0.0057114734 0.0146173775 0.0207511041 0.0124276967 0.0171591642 0.0085615606 0.0098249649 0.0112375557 0.0224371611 0.0198191125 0.0046886236 0.0199140581 0.0120873085 0.0105122483 0.0096345359 0.0119660414 0.0184197462 
