32
1 0.0101160966 0.0297577343 0.0317289308 0.0578046594 0.037108781 0.0146431881 0.0359526809 0.039859365 0.0256116368 0.0133729012 0.0139849184 0.0368389701 0.0145366752 0.0349807825 0.0343917969 0.0406082312 0.049520805 0.0525262005 0.0351561649 0.0599698895 0.0450246446 0.0504078143 0.0256429819 0.0073955892 0.02575336 0.040136614 0.0363711823 0.0021874745 0.0423882606 0.0138628647 0.0300635807 0.012295225 
2 0.0297577343 0.0217724689 0.0444612352 0.0220902428 0.0343103986 0.0219740256 0.0344357559 0.0415083019 0.0215922979 0.0297773358 0.0206758158 0.0288308193 0.0415671289 0.0218886562 0.0258260947 0.0354946123 0.0292156082 0.0433507859 0.0513858339 0.0359593874 0.0433526538 0.0428795975 0.0580935629 0.0354612705 0.020299977 0.0095744655 0.0172588988 0.0244792644 0.0126835551 0.0183452703 0.0321776472 0.0495192975 
3 0.0317289308 0.0444612352 0.0367042861 0.0249231635 0.022921121 0.0337677492 0.043317864 0.0199771772 0.0293036808 0.0170383955 0.0614090378 0.0222670865 0.026139642 0.0143626012 0.0260547104 0.063325821 0.0366754116 0.0305596752 0.0162175434 0.0340088679 0.0436113956 0.0379637755 0.0339278088 0.0475894694 0.0223747224 0.0147961396 0.0351068828 0.0098293077 0.0303505115 0.0356041249 0.0402656138 0.0134162479 
4 0.0578046594 0.0220902428 0.0249231635 0.0426777766 0.0404582231 0.0282489174 0.0503669944 0.037770036 0.0183042328 0.0262476132 0.0418453219 0.0260167912 0.0260967089 0.0194333259 0.0145113266 0.0159396843 0.0254656503 0.0290324172 0.0235694613 0.0121978328 0.0526821102 0.0450905051 0.0174906064 0.024468975 0.0102855933 0.0320712655 0.0525495687 0.0299057723 0.0447932562 0.0651752881 0.0324067964 0.010079883 
5 0.037108781 0.0343103986 0.022921121 0.0404582231 0.0156382871 0.0354399962 0.0144726285 0.0322284228 0.0231116567 0.0265513855 0.0300040785 0.0329896026 0.0486550668 0.0246191952 0.0383707798 0.0327934886 0.0279795295 0.0157357848 0.0353196801 0.0332093053 0.0348828056 0.008466544 0.0218344754 0.0554563335 0.0356804888 0.0188460952 0.034588005 0.0659488976 0.0223925656 0.0294706218 0.0361123266 0.034403429 
6 0.0146431881 0.0219740256 0.0337677492 0.0282489174 0.0354399962 0.0243596778 0.0421993792 0.0277950774 0.0339435542 0.0295873463 0.025915422 0.019731876 0.0218286814 0.0080586392 0.0245033944 0.0189924615 0.0258538781 0.0111869505 0.0198446638 0.0340573718 0.0583517519 0.0588137193 0.0350472805 0.040002717 0.0276688508 0.0326791461 0.0224052579 0.0471455854 0.0332228888 0.0566829493 0.0601538304 0.0258937725 
7 0.0359526809 0.0344357559 0.043317864 0.0503669944 0.0144726285 0.0421993792 0.0529305684 0.026275969 0.0559528317 0.0353897339 0.0321040332 0.0183277056 0.0149733762 0.0399533121 0.0235741746 0.0306191234 0.0515063575 0.0021914846 0.0547811721 0.0210910282 0.0181867871 0.0585041272 0.0013191305 0.0222443949 0.0353134798 0.0356079547 0.0432295609 0.0339249229 0.0056903587 0.0230652492 0.01749439 0.0250034704 
8 0.039859365 0.0415083019 0.0199771772 0.037770036 0.0322284228 0.0277950774 0.026275969 0.0058796396 0.0205910582 0.0136288897 0.0455149268 0.0231309247 0.0317257728 0.0472185618 0.033353304 0.0051063112 0.0174374474 0.014931115 0.0497774497 0.0520879574 0.0178654082 0.0335375556 0.0175814902 0.0182047676 0.0434911985 0.0666651753 0.0514906468 0.0294595982 0.048357125 0.0298026541 0.0345244415 0.0232222313 
9 0.0256116368 0.0215922979 0.0293036808 0.0183042328 0.0231116567 0.0339435542 0.0559528317 0.0205910582 0.0383727684 0.0546263778 0.0212333764 0.0384011237 0.0235939915 0.0126496195 0.0169651383 0.0156167293 0.0360429615 0.0139718613 0.0214302285 0.0457514436 0.0207056006 0.0640199715 0.0507989827 0.0673785389 0.0391227543 0.0453247638 0.0218546312 0.0247347738 0.0200946574 0.0184420166 0.0431197748 0.0173369655 
10 0.0133729012 0.0297773358 0.0170383955 0.0262476132 0.0265513855 0.0295873463 0.0353897339 0.0136288897 0.0546263778 0.0703554541 0.0502067354 0.0452650097 0.0393238576 0.0260098683 0.0477368067 0.0203250735 0.0426276776 0.0169035331 0.0212573335 0.0184442404 0.040822544 0.031038887 0.0281740318 0.0123241765 0.0307848299 0.0358484701 0.0318888483 0.0381823609 0.0388823624 0.0227561523 0.0329262611 0.0116955069 
11 0.0139849184 0.0206758158 0.0614090378 0.0418453219 0.0300040785 0.025915422 0.0321040332 0.0455149268 0.0212333764 0.0502067354 0.0280102663 0.0375329076 0.0294824299 0.0288087326 0.0205512898 0.0235806065 0.0008150057 0.0408381158 0.0376329395 0.0327724363 0.0220783694 0.0325341458 0.033580706 0.0382887448 0.060028904 0.012204913 0.0 0.037823013 0.0446121213 0.0389815335 0.0253801189 0.0315690342 
12 0.0368389701 0.0288308193 0.0222670865 0.0260167912 0.0329896026 0.019731876 0.0183277056 0.0231309247 0.0384011237 0.0452650097 0.0375329076 0.0451397376 0.0232514437 0.0357353069 0.0221530353 0.0415681848 0.0275300886 0.02863523 0.0384662518 0.0305423536 0.0243428189 0.0162557372 0.0151311229 0.0329634827 0.0173331639 0.0132803587 0.0300756151 0.0447437177 0.0439701935 0.0482602877 0.027478429 0.0638106233 
13 0.0145366752 0.0415671289 0.026139642 0.0260967089 0.0486550668 0.0218286814 0.0149733762 0.0317257728 0.0235939915 0.0393238576 0.0294824299 0.0232514437 0.0601961459 0.0183367157 0.0364599389 0.026130453 0.016308212 0.03272495 0.0382252612 0.0437471101 0.0216178567 0.0352820195 0.0511483137 0.0287486338 0.0153009502 0.0325489789 0.0377732104 0.0281416949 0.0212736387 0.028917463 0.0230307524 0.0629129262 
14 0.0349807825 0.0218886562 0.0143626012 0.0194333259 0.0246191952 0.0080586392 0.0399533121 0.0472185618 0.0126496195 0.0260098683 0.0288087326 0.0357353069 0.0183367157 0.0116445332 0.0515778302 0.0322380961 0.0173889803 0.0308864113 0.0325509168 0.0156717796 0.0306074116 0.0378755391 0.0252292989 0.0373791252 0.0507902028 0.0301396838 0.0546472508 0.0496247632 0.0461882336 0.0272198522 0.0287012796 0.0575834947 
15 0.0343917969 0.0258260947 0.0260547104 0.0145113266 0.0383707798 0.0245033944 0.0235741746 0.033353304 0.0169651383 0.0477368067 0.0205512898 0.0221530353 0.0364599389 0.0515778302 0.0074815913 0.0403250535 0.035828532 0.0196234674 0.0133080118 0.0144654171 0.0363391728 0.0299221626 0.0619778469 0.0435570305 0.0395061538 0.0380935142 0.0414622129 0.0322962703 0.0333496131 0.040182145 0.0392853477 0.0169668364 
16 0.0406082312 0.0354946123 0.063325821 0.0159396843 0.0327934886 0.0189924615 0.0306191234 0.0051063112 0.0156167293 0.0203250735 0.0235806065 0.0415681848 0.026130453 0.0322380961 0.0403250535 0.0493727811 0.0527911896 0.0330851484 0.0164216434 0.0335835172 0.025082946 0.0258228649 0.0277858754 0.0185462538 0.0389376101 0.0330559881 0.0190770925 0.0161461291 0.0101599895 0.0605950918 0.0361686258 0.0607033229 
17 0.049520805 0.0292156082 0.0366754116 0.0254656503 0.0279795295 0.0258538781 0.0515063575 0.0174374474 0.0360429615 0.0426276776 0.0008150057 0.0275300886 0.016308212 0.0173889803 0.035828532 0.0527911896 0.0226062987 0.0543121704 0.026589046 0.0170653923 0.0401645122 0.022631052 0.040385632 0.0136649906 0.016371628 0.0414189368 0.058012682 0.0351058278 0.0580077085 0.0269090224 0.0105359243 0.0232318412 
18 0.0525262005 0.0433507859 0.0305596752 0.0290324172 0.0157357848 0.0111869505 0.0021914846 0.014931115 0.0139718613 0.0169035331 0.0408381158 0.02863523 0.03272495 0.0308864113 0.0196234674 0.0330851484 0.0543121704 0.0724516158 0.059447703 0.0396763728 0.0357644635 0.0215428292 0.0221979432 0.0239116152 0.0305394501 0.0366579557 0.0307088764 0.0374831697 0.0351216086 0.0247119305 0.0150216787 0.0442674861 
19 0.0351561649 0.0513858339 0.0162175434 0.0235694613 0.0353196801 0.0198446638 0.0547811721 0.0497774497 0.0214302285 0.0212573335 0.0376329395 0.0384662518 0.0382252612 0.0325509168 0.0133080118 0.0164216434 0.026589046 0.059447703 0.0747546889 0.0173990417 0.0298817777 0.0148634439 0.0154761031 0.0241034948 0.0116240891 0.0342215152 0.0438829558 0.0364284509 0.0304050389 0.0168032382 0.0325140373 0.0262608196 
20 0.0599698895 0.0359593874 0.0340088679 0.0121978328 0.0332093053 0.0340573718 0.0210910282 0.0520879574 0.0457514436 0.0184442404 0.0327724363 0.0305423536 0.0437471101 0.0156717796 0.0144654171 0.0335835172 0.0170653923 0.0396763728 0.0173990417 0.0140688705 0.0303703714 0.029749408 0.0452645849 0.0241891297 0.0493441238 0.045153101 0.0215263589 0.0307063166 0.0236776554 0.0319426235 0.0406111794 0.0216955317 
21 0.0450246446 0.0433526538 0.0436113956 0.0526821102 0.0348828056 0.0583517519 0.0181867871 0.0178654082 0.0207056006 0.040822544 0.0220783694 0.0243428189 0.0216178567 0.0306074116 0.0363391728 0.025082946 0.0401645122 0.0357644635 0.0298817777 0.0303703714 0.0176522614 0.0153513868 0.0120875252 0.0501006577 0.0191038501 0.0125403194 0.0367959912 0.0185867182 0.0487325424 0.0086105427 0.0405606714 0.0481421317 
22 0.0504078143 0.0428795975 0.0379637755 0.0450905051 0.008466544 0.0588137193 0.0585041272 0.0335375556 0.0640199715 0.031038887 0.0325341458 0.0162557372 0.0352820195 0.0378755391 0.0299221626 0.0258228649 0.022631052 0.0215428292 0.0148634439 0.029749408 0.0153513868 0.0005758526 0.0394488245 0.0358527945 0.0494581897 0.0425205297 0.0045087985 0.0092009807 0.0342046637 0.0252336527 0.017459299 0.0289833281 
23 0.0256429819 0.0580935629 0.0339278088 0.0174906064 0.0218344754 0.0350472805 0.0013191305 0.0175814902 0.0507989827 0.0281740318 0.033580706 0.0151311229 0.0511483137 0.0252292989 0.0619778469 0.0277858754 0.040385632 0.0221979432 0.0154761031 0.0452645849 0.0120875252 0.0394488245 0.0269366036 0.0502036938 0.0368218279 0.0314568237 0.0353067409 0.0219414478 0.0378877884 0.0195619727 0.0300854772 0.030173496 
24 0.0073955892 0.0354612705 0.0475894694 0.024468975 0.0554563335 0.040002717 0.0222443949 0.0182047676 0.0673785389 0.0123241765 0.0382887448 0.0329634827 0.0287486338 0.0373791252 0.0435570305 0.0185462538 0.0136649906 0.0239116152 0.0241034948 0.0241891297 0.0501006577 0.0358527945 0.0502036938 0.0025459723 0.0307121433 0.0213258421 0.0205057903 0.0509149036 0.0406456959 0.0286786147 0.0239343398 0.0287008185 
25 0.02575336 0.020299977 0.0223747224 0.0102855933 0.0356804888 0.0276688508 0.0353134798 0.0434911985 0.0391227543 0.0307848299 0.060028904 0.0173331639 0.0153009502 0.0507902028 0.0395061538 0.0389376101 0.016371628 0.0305394501 0.0116240891 0.0493441238 0.0191038501 0.0494581897 0.0368218279 0.0307121433 0.0066167634 0.0312173168 0.0220746532 0.0262766401 0.0385421198 0.0462174472 0.0470964256 0.0253110924 
26 0.040136614 0.0095744655 0.0147961396 0.0320712655 0.0188460952 0.0326791461 0.0356079547 0.0666651753 0.0453247638 0.0358484701 0.012204913 0.0132803587 0.0325489789 0.0301396838 0.0380935142 0.0330559881 0.0414189368 0.0366579557 0.0342215152 0.045153101 0.0125403194 0.0425205297 0.0314568237 0.0213258421 0.0312173168 0.0503730139 0.0339274493 0.0220112375 0.0219533016 0.0175509053 0.0433152537 0.0234829717 
27 0.0363711823 0.0172588988 0.0351068828 0.0525495687 0.034588005 0.0224052579 0.0432295609 0.0514906468 0.0218546312 0.0318888483 0.0 0.0300756151 0.0377732104 0.0546472508 0.0414622129 0.0190770925 0.058012682 0.0307088764 0.0438829558 0.0215263589 0.0367959912 0.0045087985 0.0353067409 0.0205057903 0.0220746532 0.0339274493 0.0181122834 0.0397914163 0.0298400215 0.0391071336 0.0113105948 0.0248093893 
28 0.0021874745 0.0244792644 0.0098293077 0.0299057723 0.0659488976 0.0471455854 0.0339249229 0.0294595982 0.0247347738 0.0381823609 0.037823013 0.0447437177 0.0281416949 0.0496247632 0.0322962703 0.0161461291 0.0351058278 0.0374831697 0.0364284509 0.0307063166 0.0185867182 0.0092009807 0.0219414478 0.0509149036 0.0262766401 0.0220112375 0.0397914163 0.0261459194 0.0311135602 0.0243909245 0.0537265847 0.021602356 
29 0.0423882606 0.0126835551 0.0303505115 0.0447932562 0.0223925656 0.0332228888 0.0056903587 0.048357125 0.0200946574 0.0388823624 0.0446121213 0.0439701935 0.0212736387 0.0461882336 0.0333496131 0.0101599895 0.0580077085 0.0351216086 0.0304050389 0.0236776554 0.0487325424 0.0342046637 0.0378877884 0.0406456959 0.0385421198 0.0219533016 0.0298400215 0.0311135602 0.0154486241 0.0181943509 0.0035890066 0.0342269825 
30 0.0138628647 0.0183452703 0.0356041249 0.0651752881 0.0294706218 0.0566829493 0.0230652492 0.0298026541 0.0184420166 0.0227561523 0.0389815335 0.0482602877 0.028917463 0.0272198522 0.040182145 0.0605950918 0.0269090224 0.0247119305 0.0168032382 0.0319426235 0.0086105427 0.0252336527 0.0195619727 0.0286786147 0.0462174472 0.0175509053 0.0391071336 0.0243909245 0.0181943509 0.0588314349 0.0262168476 0.0296757941 
31 0.0300635807 0.0321776472 0.0402656138 0.0324067964 0.0361123266 0.0601538304 0.01749439 0.0345244415 0.0431197748 0.0329262611 0.0253801189 0.027478429 0.0230307524 0.0287012796 0.0392853477 0.0361686258 0.0105359243 0.0150216787 0.0325140373 0.0406111794 0.0405606714 0.017459299 0.0300854772 0.0239343398 0.0470964256 0.0433152537 0.0113105948 0.0537265847 0.0035890066 0.0262168476 0.0328833437 0.0318501206 
32 0.012295225 0.0495192975 0.0134162479 0.010079883 0.034403429 0.0258937725 0.0250034704 0.0232222313 0.0173369655 0.0116955069 0.0315690342 0.0638106233 0.0629129262 0.0575834947 0.0169668364 0.0607033229 0.0232318412 0.0442674861 0.0262608196 0.0216955317 0.0481421317 0.0289833281 0.030173496 0.0287008185 0.0253110924 0.0234829717 0.0248093893 0.021602356 0.0342269825 0.0296757941 0.0318501206 0.0411735737 
