35
1 0.0 0.0124120702 0.0261108688 0.0109663914 0.0442991143 0.0351034148 0.0305279838 0.0380323991 0.0084759953 0.040795755 0.025130342 0.034761636 0.0284134469 0.0225619369 0.046711658 0.0323259358 0.0189533203 0.0446129965 0.0270524742 0.0435564574 0.0370748145 0.020568081 0.0173572448 0.0285938488 0.042234973 0.0251882285 0.0393873344 0.0235112275 0.0311234386 0.0165182914 0.0268079235 0.0362020218 0.0440689305 0.0117217899 0.0288376556
2 0.0124120702 0.0 0.0351201745 0.0392846259 0.0519147343 0.0211345647 0.0100765333 0.0195001458 0.0259935655 0.0255380199 0.0205605437 0.0409978659 0.0193931656 0.04070727 0.0441484287 0.0264640153 0.0084911133 0.0183890306 0.0130956441 0.0377177493 0.0278413191 0.0226840312 0.0367017561 0.04056791 0.0440824648 0.0081573224 0.0524103025 0.0329792991 0.0138205896 0.0336046657 0.0049783534 0.0546101236 0.0440400558 0.0196428361 0.05293971
3 0.0261108688 0.0351201745 0.0 0.0332957432 0.0334403545 0.0487170798 0.021719232 0.0283965839 0.0393724095 0.0120285836 0.0122989232 0.0304998143 0.0083676721 0.0339729404 0.0360116542 0.0288395706 0.0313594044 0.0153225493 0.060681833 0.0262121121 0.0145345443 0.0226533559 0.0083585541 0.0579352359 0.0136314078 0.0390575155 0.0338762592 0.0232905856 0.0061848278 0.0213617989 0.0305929349 0.0211370836 0.0566314239 0.0465819528 0.0424050162
4 0.0109663914 0.0392846259 0.0332957432 0.0 0.0437163027 0.0127949746 0.0367387965 0.0360718209 0.0240873967 0.0320048718 0.0445209114 0.0375106309 0.0172833288 0.034595025 0.0170146169 0.039021905 0.0223706678 0.0233693594 0.0503288223 0.0293748667 0.0269008063 0.0145457526 0.0321366471 0.0238546107 0.0161171313 0.0447712638 0.020470156 0.020445112 0.0646205916 0.0164771974 0.0181053109 0.0435928918 0.0364640493 0.0225674954 0.0145799263
5 0.0442991143 0.0519147343 0.0334403545 0.0437163027 0.0 0.0408918524 0.0388550401 0.0309568322 0.0200450023 0.0402577598 0.0432780447 0.016430745 0.0143114171 0.0253526994 0.0278854929 0.0037354245 0.0234974405 0.0437681239 0.0330560561 0.0294678279 0.0426202609 0.0183677458 0.0549585147 0.0094669333 0.0452348987 0.0303988883 0.0204571167 0.0127054979 0.0241179968 0.0239401637 0.0126011142 0.0330347766 0.0236525841 0.0148102121 0.0284730319
6 0.0351034148 0.0211345647 0.0487170798 0.0127949746 0.0408918524 0.0 0.0196498253 0.0257383089 0.0494525529 0.0380385819 0.0077472998 0.0304466868 0.0385023426 0.0159448452 0.012076654 0.0369949132 0.027998184 0.0239075726 0.0157922307 0.0105362514 0.0248143152 0.0342641905 0.0184193337 0.0184934193 0.0316622743 0.0351872471 0.0445474235 0.0468969722 0.0375597345 0.0323966462 0.0392909994 0.0149460634 0.0288643636 0.0543427705 0.0268461107
7 0.0305279838 0.0100765333 0.021719232 0.0367387965 0.0388550401 0.0196498253 0.0 0.0346082933 0.0322378398 0.0357325841 0.0107062592 0.045576578 0.0532621193 0.0389030025 0.0187709982 0.0217878474 0.0226140049 0.0116664736 0.0396276871 0.0270711363 0.0309132982 0.0208044112 0.0376983281 0.0191269051 0.0399485243 0.0524539509 0.0377067105 0.0203977446 0.0433521352 0.0429415091 0.0270972602 0.0031217768 0.0251331268 0.0188097844 0.0303622998
8 0.0380323991 0.0195001458 0.0283965839 0.0360718209 0.0309568322 0.0257383089 0.0346082933 0.0 0.0311449037 0.0405134941 0.0445862673 0.0067666121 0.0296072526 0.0363801522 0.0084910231 0.0169199778 0.0436729378 0.0415194364 0.0380025028 0.0401172789 0.0246020477 0.0257643758 0.0153124812 0.0138081663 0.0493202923 0.0310609335 0.0127355686 0.0349585571 0.0459348144 0.0353408977 0.032679687 0.029382276 0.0206580982 0.011245003 0.0261705784
9 0.0084759953 0.0259935655 0.0393724095 0.0240873967 0.0200450023 0.0494525529 0.0322378398 0.0311449037 0.0 0.0253515774 0.0105604609 0.0274270559 0.0339404131 0.0319081033 0.0300363801 0.0435466033 0.0545423032 0.0362734972 0.0074207232 0.0291176524 0.0418669219 0.0474823652 0.0289372359 0.0341397972 0.0144269146 0.029497075 0.0220058021 0.0332810856 0.0302657215 0.0253932668 0.0181279294 0.028870084 0.0251440838 0.0265619226 0.033065359
10 0.040795755 0.0255380199 0.0120285836 0.0320048718 0.0402577598 0.0380385819 0.0357325841 0.0405134941 0.0253515774 0.0 0.0284581057 0.005266383 0.0356414882 0.0231737492 0.0218633531 0.0466299587 0.0341110801 0.0333173821 0.0332646157 0.0259964056 0.0312232597 0.0136023327 0.0215297831 0.0146739503 0.043536853 0.049483771 0.0126775611 0.0461884656 0.0290392538 0.0115000928 0.0432179549 0.0222769196 0.0251049281 0.0385474828 0.0194136428
11 0.025130342 0.0205605437 0.0122989232 0.0445209114 0.0432780447 0.0077472998 0.0107062592 0.0445862673 0.0105604609 0.0284581057 0.0 0.033159163 0.044348452 0.0356908138 0.0128538889 0.0541039244 0.0408056563 0.0354980355 0.0101151684 0.0460903926 0.0296472213 0.0287601351 0.0362896303 0.048038529 0.0170150784 0.0169318401 0.0337572926 0.0147389502 0.0476621456 0.0359946801 0.0212566163 0.0066713701 0.0305610846 0.0457488773 0.0264138963
12 0.034761636 0.0409978659 0.0304998143 0.0375106309 0.016430745 0.0304466868 0.045576578 0.0067666121 0.0274270559 0.005266383 0.033159163 0.0 0.0172285325 0.0444285836 0.0252429863 0.036120137 0.0277977005 0.0115993112 0.0492733693 0.0114075602 0.0389916172 0.0255144773 0.0166597954 0.0144722472 0.0298437567 0.0430384374 0.0255323977 0.0210365218 0.0255324756 0.0387753075 0.0420282963 0.0296386126 0.0430731956 0.033458007 0.040463503
13 0.0284134469 0.0193931656 0.0083676721 0.0172833288 0.0143114171 0.0385023426 0.0532621193 0.0296072526 0.0339404131 0.0356414882 0.044348452 0.0172285325 0.0 0.0234878547 0.0176115682 0.0354961644 0.0300982486 0.0299145542 0.0270359636 0.031160458 0.0290487778 0.0456571906 0.0388489087 0.0512879297 0.0073125506 0.031529468 0.0349155948 0.0352466152 0.0301973053 0.0257359326 0.0195251453 0.0250194846 0.0470323141 0.0087243646 0.0348139757
14 0.0225619369 0.04070727 0.0339729404 0.034595025 0.0253526994 0.0159448452 0.0389030025 0.0363801522 0.0319081033 0.0231737492 0.0356908138 0.0444285836 0.0234878547 0.0 0.0096049422 0.0345340948 0.0264436253 0.0412241315 0.0155827904 0.0228449579 0.0294425206 0.0433298483 0.016351481 0.0142928406 0.0239684585 0.0356770188 0.0291418502 0.0272499189 0.0306069621 0.029606765 0.0467361619 0.0370465807 0.0199379322 0.0341700803 0.0251000626
15 0.046711658 0.0441484287 0.0360116542 0.0170146169 0.0278854929 0.012076654 0.0187709982 0.0084910231 0.0300363801 0.0218633531 0.0128538889 0.0252429863 0.0176115682 0.0096049422 0.0 0.0576103015 0.0302130688 0.0429760022 0.0254932318 0.0242747389 0.0392559659 0.0334638753 0.0262538751 0.0178001827 0.0326528289 0.0099328119 0.0314208106 0.0507373663 0.0370606898 0.0267690002 0.0454212082 0.0304942609 0.0233533915 0.0392163055 0.0472764395
16 0.0323259358 0.0264640153 0.0288395706 0.039021905 0.0037354245 0.0369949132 0.0217878474 0.0169199778 0.0435466033 0.0466299587 0.0541039244 0.036120137 0.0354961644 0.0345340948 0.0576103015 0.0 0.0143684868 0.0207446845 0.0176718387 0.0362266217 0.0221696528 0.0374765439 0.0165614675 0.0369300324 0.0346218946 0.0274337989 0.0189058416 0.0329323288 0.006505969 0.0368144285 0.0405273406 0.0357359115 0.0247922134 0.014258306 0.0111918647
17 0.0189533203 0.0084911133 0.0313594044 0.0223706678 0.0234974405 0.027998184 0.0226140049 0.0436729378 0.0545423032 0.0341110801 0.0408056563 0.0277977005 0.0300982486 0.0264436253 0.0302130688 0.0143684868 0.0 0.0495385048 0.0277647436 0.0471707615 0.0146490671 0.0225723075 0.0222822874 0.0341325564 0.0236059149 0.0146478481 0.0314132481 0.0293267063 0.0403421513 0.0321164606 0.0344368376 0.03136887 0.0209075605 0.0400034751 0.0263834568
18 0.0446129965 0.0183890306 0.0153225493 0.0233693594 0.0437681239 0.0239075726 0.0116664736 0.0415194364 0.0362734972 0.0333173821 0.0354980355 0.0115993112 0.0299145542 0.0412241315 0.0429760022 0.0207446845 0.0495385048 0.0 0.0300348421 0.0510884753 0.0095448669 0.0039015968 0.0424717771 0.0171875771 0.020775407 0.0453762358 0.0095886394 0.0172904446 0.0287922877 0.0250756474 0.0291309473 0.0529944167 0.030309053 0.0249956467 0.0378004937
19 0.0270524742 0.0130956441 0.060681833 0.0503288223 0.0330560561 0.0157922307 0.0396276871 0.0380025028 0.0074207232 0.0332646157 0.0101151684 0.0492733693 0.0270359636 0.0155827904 0.0254932318 0.0176718387 0.0277647436 0.0300348421 0.0 0.0255146559 0.0427567853 0.0310768297 0.0570270504 0.0244790366 0.0274595301 0.0355711056 0.0283441681 0.028169952 0.0288478595 0.0365643509 0.0111301702 0.028620411 0.0265928389 0.0206953973 0.0258553212
20 0.0435564574 0.0377177493 0.0262121121 0.0293748667 0.0294678279 0.0105362514 0.0270711363 0.0401172789 0.0291176524 0.0259964056 0.0460903926 0.0114075602 0.031160458 0.0228449579 0.0242747389 0.0362266217 0.0471707615 0.0510884753 0.0255146559 0.0 0.0278090029 0.0140604884 0.0214448662 0.0256662654 0.0266051685 0.0178217962 0.0273675252 0.0363746443 0.0184629385 0.0412347172 0.0190545201 0.0461736031 0.0265630917 0.0265557715 0.0298592409
21 0.0370748145 0.0278413191 0.0145345443 0.0269008063 0.0426202609 0.0248143152 0.0309132982 0.0246020477 0.0418669219 0.0312232597 0.0296472213 0.0389916172 0.0290487778 0.0294425206 0.0392559659 0.0221696528 0.0146490671 0.0095448669 0.0427567853 0.0278090029 0.0 0.0257475157 0.0444056306 0.0217738613 0.0243062211 0.0186791056 0.0547771845 0.0239715416 0.0294880613 0.0303057925 0.0329667063 0.0247490535 0.0309392054 0.018688176 0.0334948792
22 0.020568081 0.0226840312 0.0226533559 0.0145457526 0.0183677458 0.0342641905 0.0208044112 0.0257643758 0.0474823652 0.0136023327 0.0287601351 0.0255144773 0.0456571906 0.0433298483 0.0334638753 0.0374765439 0.0225723075 0.0039015968 0.0310768297 0.0140604884 0.0257475157 0.0 0.0113455264 0.0434533312 0.039044814 0.027981052 0.0533620352 0.0285688929 0.0548778544 0.0316824674 0.0212130223 0.0334582517 0.03134908 0.0500881773 0.0212780446
23 0.0173572448 0.0367017561 0.0083585541 0.0321366471 0.0549585147 0.0184193337 0.0376983281 0.0153124812 0.0289372359 0.0215297831 0.0362896303 0.0166597954 0.0388489087 0.016351481 0.0262538751 0.0165614675 0.0222822874 0.0424717771 0.0570270504 0.0214448662 0.0444056306 0.0113455264 0.0 0.0297034648 0.0160135402 0.0302907101 0.0348837317 0.0444851164 0.0026826694 0.0295914122 0.03827337 0.0655155572 0.0236877089 0.0330125295 0.0305080146
24 0.0285938488 0.04056791 0.0579352359 0.0238546107 0.0094669333 0.0184934193 0.0191269051 0.0138081663 0.0341397972 0.0146739503 0.048038529 0.0144722472 0.0512879297 0.0142928406 0.0178001827 0.0369300324 0.0341325564 0.0171875771 0.0244790366 0.0256662654 0.0217738613 0.0434533312 0.0297034648 0.0 0.0515024801 0.0579175656 0.0517095609 0.0283280494 0.0078568943 0.0362434065 0.013571313 0.02858512 0.0250707365 0.0307412085 0.0285950337
25 0.042234973 0.0440824648 0.0136314078 0.0161171313 0.0452348987 0.0316622743 0.0399485243 0.0493202923 0.0144269146 0.043536853 0.0170150784 0.0298437567 0.0073125506 0.0239684585 0.0326528289 0.0346218946 0.0236059149 0.020775407 0.0274595301 0.0266051685 0.0243062211 0.039044814 0.0160135402 0.0515024801 0.0 0.0221253145 0.0133416783 0.02259485 0.0306216341 0.0373446601 0.0399392185 0.0290898751 0.022148603 0.0325984653 0.0352723237
26 0.0251882285 0.0081573224 0.0390575155 0.0447712638 0.0303988883 0.0351872471 0.0524539509 0.0310609335 0.029497075 0.049483771 0.0169318401 0.0430384374 0.031529468 0.0356770188 0.0099328119 0.0274337989 0.0146478481 0.0453762358 0.0355711056 0.0178217962 0.0186791056 0.027981052 0.0302907101 0.0579175656 0.0221253145 0.0 0.026554237 0.032215372 0.0468626957 0.0216039103 0.0383742567 0.0048083504 0.0121592971 0.0326848489 0.0045267277
27 0.0393873344 0.0524103025 0.0338762592 0.020470156 0.0204571167 0.0445474235 0.0377067105 0.0127355686 0.0220058021 0.0126775611 0.0337572926 0.0255323977 0.0349155948 0.0291418502 0.0314208106 0.0189058416 0.0314132481 0.0095886394 0.0283441681 0.0273675252 0.0547771845 0.0533620352 0.0348837317 0.0517095609 0.0133416783 0.026554237 0.0 0.0142125704 0.0277806941 0.0136376225 0.0139300199 0.0344165217 0.0288801156 0.0321861563 0.033666269
28 0.0235112275 0.0329792991 0.0232905856 0.020445112 0.0127054979 0.0468969722 0.0203977446 0.0349585571 0.0332810856 0.0461884656 0.0147389502 0.0210365218 0.0352466152 0.0272499189 0.0507373663 0.0329323288 0.0293267063 0.0172904446 0.028169952 0.0363746443 0.0239715416 0.0285688929 0.0444851164 0.0283280494 0.02259485 0.032215372 0.0142125704 0.0 0.0312498849 0.0162696507 0.0292112125 0.0376971139 0.0305237938 0.0336940413 0.0392199145
29 0.0311234386 0.0138205896 0.0061848278 0.0646205916 0.0241179968 0.0375597345 0.0433521352 0.0459348144 0.0302657215 0.0290392538 0.0476621456 0.0255324756 0.0301973053 0.0306069621 0.0370606898 0.006505969 0.0403421513 0.0287922877 0.0288478595 0.0184629385 0.0294880613 0.0548778544 0.0026826694 0.0078568943 0.0306216341 0.0468626957 0.0277806941 0.0312498849 0.0 0.0284801936 0.04462989 0.0225600523 0.0056150961 0.0172237143 0.0300407772
30 0.0165182914 0.0336046657 0.0213617989 0.0164771974 0.0239401637 0.0323966462 0.0429415091 0.0353408977 0.0253932668 0.0115000928 0.0359946801 0.0387753075 0.0257359326 0.029606765 0.0267690002 0.0368144285 0.0321164606 0.0250756474 0.0365643509 0.0412347172 0.0303057925 0.0316824674 0.0295914122 0.0362434065 0.0373446601 0.0216039103 0.0136376225 0.0162696507 0.0284801936 0.0 0.039132972 0.0238983158 0.0402149326 0.0339545184 0.0294783254
31 0.0268079235 0.0049783534 0.0305929349 0.0181053109 0.0126011142 0.0392909994 0.0270972602 0.032679687 0.0181279294 0.0432179549 0.0212566163 0.0420282963 0.0195251453 0.0467361619 0.0454212082 0.0405273406 0.0344368376 0.0291309473 0.0111301702 0.0190545201 0.0329667063 0.0212130223 0.03827337 0.013571313 0.0399392185 0.0383742567 0.0139300199 0.0292112125 0.04462989 0.039132972 0.0 0.0156856481 0.042058169 0.0421179843 0.026149506
32 0.0362020218 0.0546101236 0.0211370836 0.0435928918 0.0330347766 0.0149460634 0.0031217768 0.029382276 0.028870084 0.0222769196 0.0066713701 0.0296386126 0.0250194846 0.0370465807 0.0304942609 0.0357359115 0.03136887 0.0529944167 0.028620411 0.0461736031 0.0247490535 0.0334582517 0.0655155572 0.02858512 0.0290898751 0.0048083504 0.0344165217 0.0376971139 0.0225600523 0.0238983158 0.0156856481 0.0 0.0112839409 0.0279494685 0.0293651922
33 0.0440689305 0.0440400558 0.0566314239 0.0364640493 0.0236525841 0.0288643636 0.0251331268 0.0206580982 0.0251440838 0.0251049281 0.0305610846 0.0430731956 0.0470323141 0.0199379322 0.0233533915 0.0247922134 0.0209075605 0.030309053 0.0265928389 0.0265630917 0.0309392054 0.03134908 0.0236877089 0.0250707365 0.022148603 0.0121592971 0.0288801156 0.0305237938 0.0056150961 0.0402149326 0.042058169 0.0112839409 0.0 0.0427174122 0.0304675892
34 0.0117217899 0.0196428361 0.0465819528 0.0225674954 0.0148102121 0.0543427705 0.0188097844 0.011245003 0.0265619226 0.0385474828 0.0457488773 0.033458007 0.0087243646 0.0341700803 0.0392163055 0.014258306 0.0400034751 0.0249956467 0.0206953973 0.0265557715 0.018688176 0.0500881773 0.0330125295 0.0307412085 0.0325984653 0.0326848489 0.0321861563 0.0336940413 0.0172237143 0.0339545184 0.0421179843 0.0279494685 0.0427174122 0.0 0.0196858182
35 0.0288376556 0.05293971 0.0424050162 0.0145799263 0.0284730319 0.0268461107 0.0303622998 0.0261705784 0.033065359 0.0194136428 0.0264138963 0.040463503 0.0348139757 0.0251000626 0.0472764395 0.0111918647 0.0263834568 0.0378004937 0.0258553212 0.0298592409 0.0334948792 0.0212780446 0.0305080146 0.0285950337 0.0352723237 0.0045267277 0.033666269 0.0392199145 0.0300407772 0.0294783254 0.026149506 0.0293651922 0.0304675892 0.0196858182 0.0
