32
1 0.0158215152 0.0301797217 0.0309219314 0.0236022208 0.0412531864 0.0333075435 0.0229231497 0.039404434 0.0529068982 0.027970286 0.0343593373 0.0304799013 0.0303799713 0.0391367534 0.0286306388 0.0270888767 0.0373539376 0.0219290064 0.019760152 0.0154308206 0.0356285683 0.0367868318 0.025394311 0.0252976797 0.045632098 0.0308301351 0.04911882 0.0152276554 0.0368347203 0.0438994785 0.0268579838 0.0256514361 
2 0.0301797217 0.0379442955 0.028184042 0.0440048488 0.0336144814 0.0098669056 0.0386150038 0.012785671 0.0305381567 0.0284788495 0.0394845685 0.009735168 0.0428049013 0.0385391826 0.0230586343 0.047660166 0.045254323 0.0212627875 0.0430586168 0.0069932623 0.0231128676 0.0295706376 0.0349469779 0.0229075224 0.0393956198 0.0358552282 0.0179041723 0.0278857278 0.0308083956 0.0561854522 0.0553544316 0.0140093809 
3 0.0309219314 0.028184042 0.0116921278 0.0344971891 0.0467985735 0.0172269865 0.0181707031 0.0345174813 0.0294828644 0.0599497759 0.0284582893 0.0236032081 0.0541224101 0.0364783354 0.0302594884 0.0223263036 0.0247421805 0.0132872094 0.0178375588 0.0086690432 0.0177447939 0.0592065454 0.0092512358 0.038398887 0.0752530346 0.0197585509 0.0420188767 0.0400157692 0.0504646531 0.0382412937 0.0240713835 0.0143492745 
4 0.0236022208 0.0440048488 0.0344971891 0.0142906742 0.0248797706 0.0488152887 0.0067681883 0.0458558619 0.0323460934 0.0242890904 0.0198886127 0.0242004904 0.0202565155 0.0628320067 0.033864311 0.0363954151 0.0321577065 0.0236692145 0.0322022323 0.0320164821 0.0383898147 0.0335647756 0.0216935303 0.0444938028 0.0165362312 0.0088870698 0.0230535557 0.0571712727 0.0219167696 0.0450190396 0.0400298715 0.0324120537 
5 0.0412531864 0.0336144814 0.0467985735 0.0248797706 0.0531870919 0.0328134043 0.0298875909 0.0204474 0.0255507974 0.0351673861 0.0417268214 0.0282173369 0.0214803578 0.0310650233 0.0183661865 0.0316371507 0.0179279428 0.0361456357 0.0293668238 0.0352029666 0.0134392678 0.0362674907 0.0447083979 0.0572216778 0.0185064739 0.0323470782 0.0101490648 0.0497941527 0.02687673 0.0310772689 0.0121735979 0.0327028713 
6 0.0333075435 0.0098669056 0.0172269865 0.0488152887 0.0328134043 0.0178763998 0.0413464649 0.0222806299 0.0161145113 0.0306800826 0.0416815181 0.0282700309 0.0194671893 0.048506396 0.0261334536 0.0365913934 0.0569255983 0.0597715096 0.0440018966 0.0253386317 0.0502856505 0.0252572689 0.0309728801 0.0409496398 0.0244658546 0.0208220554 0.0216023804 0.0284846154 0.0240949201 0.0256906568 0.0286795913 0.0216786525 
7 0.0229231497 0.0386150038 0.0181707031 0.0067681883 0.0298875909 0.0413464649 0.0122218214 0.0344106197 0.0218784913 0.0389669503 0.0385993493 0.0478197377 0.0217674819 0.0257367589 0.0521784218 0.0191497545 0.0124008563 0.0360174034 0.0308062772 0.0300959598 0.0470784151 0.0328616781 0.0525344354 0.0237316968 0.0129358361 0.0287408067 0.0644755108 0.0331786101 0.0251853605 0.0314007071 0.0381265232 0.029989436 
8 0.039404434 0.012785671 0.0345174813 0.0458558619 0.0204474 0.0222806299 0.0344106197 0.0407123105 0.0086852213 0.0619428172 0.0185965206 0.0215205284 0.0118009001 0.0266973703 0.0335418712 0.0473105647 0.0161037019 0.0405009649 0.0580874506 0.0258091234 0.0243759877 0.0426513935 0.0434796516 0.0223373404 0.0232175565 0.0263807096 0.0342585722 0.0335012777 0.0212409641 0.0317327367 0.0425307318 0.0332816357 
9 0.0529068982 0.0305381567 0.0294828644 0.0323460934 0.0255507974 0.0161145113 0.0218784913 0.0086852213 0.0165890862 0.0190059993 0.0167683209 0.0333064271 0.0452257088 0.0321368008 0.030195865 0.0371144405 0.046594264 0.0144712789 0.0585138713 0.0187350154 0.0304079618 0.0244505651 0.0513711676 0.0509987946 0.0608958132 0.0301991157 0.0337874903 0.0249102608 0.0311496131 0.0100965284 0.0268486289 0.0387239483 
10 0.027970286 0.0284788495 0.0599497759 0.0242890904 0.0351673861 0.0306800826 0.0389669503 0.0619428172 0.0190059993 0.0284589576 0.0243594607 0.0497765272 0.0287209594 0.0040592093 0.0283587133 0.04079895 0.023265857 0.0276817914 0.017080406 0.0378685395 0.0315444248 0.0355977559 0.0195393105 0.0461607438 0.0314251778 0.0260642081 0.0205864406 0.0203888816 0.0126075649 0.0350416991 0.0615933525 0.0225698317 
11 0.0343593373 0.0394845685 0.0284582893 0.0198886127 0.0417268214 0.0416815181 0.0385993493 0.0185965206 0.0167683209 0.0243594607 0.0439062907 0.0254328784 0.0527944214 0.0060439288 0.0193405464 0.0449897277 0.020683617 0.0584950794 0.0076572901 0.0518774246 0.0279040777 0.0180592898 0.0303137634 0.0353542212 0.0180817405 0.0260238671 0.0579783486 0.0145044871 0.0476927886 0.0203424259 0.0346468249 0.0339541619 
12 0.0304799013 0.009735168 0.0236032081 0.0242004904 0.0282173369 0.0282700309 0.0478197377 0.0215205284 0.0333064271 0.0497765272 0.0254328784 0.017483733 0.0461901156 0.0274314609 0.0187835437 0.0163305274 0.0502642806 0.0499097 0.054334802 0.0479921062 0.028856249 0.0136297464 0.0296605827 0.0238166438 0.0116157333 0.0379266556 0.0411258579 0.0184576374 0.034111949 0.0411532547 0.0324352517 0.0361279349 
13 0.0303799713 0.0428049013 0.0541224101 0.0202565155 0.0214803578 0.0194671893 0.0217674819 0.0118009001 0.0452257088 0.0287209594 0.0527944214 0.0461901156 0.0859847629 0.0291295787 0.0223132058 0.0253191732 0.0289877256 0.0274147185 0.0201658746 0.020655024 0.0321355663 0.0456684511 0.037251509 0.0238825122 0.0338747567 0.0340529756 0.0294115629 0.0404532738 0.0192293809 0.0151505596 0.0123151453 0.021593311 
14 0.0391367534 0.0385391826 0.0364783354 0.0628320067 0.0310650233 0.048506396 0.0257367589 0.0266973703 0.0321368008 0.0040592093 0.0060439288 0.0274314609 0.0291295787 0.0165802934 0.0722162742 0.0301095445 0.0356127193 0.021574574 0.052141136 0.0462144555 0.0178520979 0.0552618144 0.0170731511 0.0144417044 0.0062382959 0.0334755762 0.0075951514 0.0267178617 0.0484812207 0.024154082 0.0414981146 0.0249691274 
15 0.0286306388 0.0230586343 0.0302594884 0.033864311 0.0183661865 0.0261334536 0.0521784218 0.0335418712 0.030195865 0.0283587133 0.0193405464 0.0187835437 0.0223132058 0.0722162742 0.0029350556 0.0216289934 0.0331269922 0.0354417878 0.0466068231 0.0324668108 0.0238184529 0.0457198243 0.0313495263 0.0154924444 0.0524917683 0.0232180473 0.020887397 0.046384334 0.0296595478 0.0343304337 0.0293066127 0.0378939946 
16 0.0270888767 0.047660166 0.0223263036 0.0363954151 0.0316371507 0.0365913934 0.0191497545 0.0473105647 0.0371144405 0.04079895 0.0449897277 0.0163305274 0.0253191732 0.0301095445 0.0216289934 0.0434714131 0.0296620092 0.0267564713 0.0503116983 0.0220243449 0.080329095 0.017292233 0.0390200775 0.0140383898 0.0196488793 0.0150294388 0.0204115153 0.0216681366 0.032810186 0.027765674 0.0192788403 0.0360306163 
17 0.0373539376 0.045254323 0.0247421805 0.0321577065 0.0179279428 0.0569255983 0.0124008563 0.0161037019 0.046594264 0.023265857 0.020683617 0.0502642806 0.0289877256 0.0356127193 0.0331269922 0.0296620092 0.0094248426 0.0237282646 0.022164091 0.0593044457 0.0156534541 0.0113175578 0.0141063483 0.0286355608 0.0225950733 0.0415115458 0.0400495798 0.0395878746 0.0335502378 0.0716751774 0.0210046645 0.0346275701 
18 0.0219290064 0.0212627875 0.0132872094 0.0236692145 0.0361456357 0.0597715096 0.0360174034 0.0405009649 0.0144712789 0.0276817914 0.0584950794 0.0499097 0.0274147185 0.021574574 0.0354417878 0.0267564713 0.0237282646 0.0096518947 0.0300857959 0.0424774494 0.0428319483 0.0195290969 0.0614566526 0.0216680287 0.0216589509 0.0272156155 0.0264128644 0.0301402217 0.0340934563 0.0291190563 0.0408398348 0.0247617363 
19 0.019760152 0.0430586168 0.0178375588 0.0322022323 0.0293668238 0.0440018966 0.0308062772 0.0580874506 0.0585138713 0.017080406 0.0076572901 0.054334802 0.0201658746 0.052141136 0.0466068231 0.0503116983 0.022164091 0.0300857959 0.0343934285 0.0246327524 0.0200368405 0.028696454 0.0525758137 0.014280887 0.027291118 0.0316580693 0.02376566 0.0105799885 0.0509433584 0.0143705877 0.0196383793 0.0129538663 
20 0.0154308206 0.0069932623 0.0086690432 0.0320164821 0.0352029666 0.0253386317 0.0300959598 0.0258091234 0.0187350154 0.0378685395 0.0518774246 0.0479921062 0.020655024 0.0462144555 0.0324668108 0.0220243449 0.0593044457 0.0424774494 0.0246327524 0.0489322311 0.0148503855 0.0451729704 0.0178320732 0.0 0.0371495466 0.0256978283 0.02588791 0.0545820344 0.0337174751 0.0366111594 0.0356191071 0.040142621 
21 0.0356285683 0.0231128676 0.0177447939 0.0383898147 0.0134392678 0.0502856505 0.0470784151 0.0243759877 0.0304079618 0.0315444248 0.0279040777 0.028856249 0.0321355663 0.0178520979 0.0238184529 0.080329095 0.0156534541 0.0428319483 0.0200368405 0.0148503855 0.0162313754 0.0180355932 0.0311662728 0.0301787288 0.0449974519 0.0531149765 0.0329839119 0.0318506388 0.0434818676 0.0207460915 0.0127308728 0.0482062991 
22 0.0367868318 0.0295706376 0.0592065454 0.0335647756 0.0362674907 0.0252572689 0.0328616781 0.0426513935 0.0244505651 0.0355977559 0.0180592898 0.0136297464 0.0456684511 0.0552618144 0.0457198243 0.017292233 0.0113175578 0.0195290969 0.028696454 0.0451729704 0.0180355932 0.0471210843 0.0394868804 0.0125418311 0.0220753055 0.0332071549 0.0320910675 0.0358647033 0.0199653132 0.0153896249 0.025514405 0.042144656 
23 0.025394311 0.0349469779 0.0092512358 0.0216935303 0.0447083979 0.0309728801 0.0525344354 0.0434796516 0.0513711676 0.0195393105 0.0303137634 0.0296605827 0.037251509 0.0170731511 0.0313495263 0.0390200775 0.0141063483 0.0614566526 0.0525758137 0.0178320732 0.0311662728 0.0394868804 0.0111962091 0.0405502007 0.0180831275 0.0275504979 0.0305867678 0.0237224342 0.0245365938 0.0174321177 0.0337498867 0.0374076158 
24 0.0252976797 0.0229075224 0.038398887 0.0444938028 0.0572216778 0.0409496398 0.0237316968 0.0223373404 0.0509987946 0.0461607438 0.0353542212 0.0238166438 0.0238825122 0.0144417044 0.0154924444 0.0140383898 0.0286355608 0.0216680287 0.014280887 0.0 0.0301787288 0.0125418311 0.0405502007 0.0332944043 0.0281280234 0.0358781223 0.0609330888 0.053413247 0.0229185121 0.0245638474 0.0340995432 0.0593922735 
25 0.045632098 0.0393956198 0.0752530346 0.0165362312 0.0185064739 0.0244658546 0.0129358361 0.0232175565 0.0608958132 0.0314251778 0.0180817405 0.0116157333 0.0338747567 0.0062382959 0.0524917683 0.0196488793 0.0225950733 0.0216589509 0.027291118 0.0371495466 0.0449974519 0.0220753055 0.0180831275 0.0281280234 0.0311095084 0.0678619618 0.0394447775 0.0467042481 0.0235040681 0.030514296 0.0304152936 0.0182523796 
26 0.0308301351 0.0358552282 0.0197585509 0.0088870698 0.0323470782 0.0208220554 0.0287408067 0.0263807096 0.0301991157 0.0260642081 0.0260238671 0.0379266556 0.0340529756 0.0334755762 0.0232180473 0.0150294388 0.0415115458 0.0272156155 0.0316580693 0.0256978283 0.0531149765 0.0332071549 0.0275504979 0.0358781223 0.0678619618 0.0154056022 0.0364835664 0.042158654 0.0550741132 0.0251466693 0.030049548 0.0223745564 
27 0.04911882 0.0179041723 0.0420188767 0.0230535557 0.0101490648 0.0216023804 0.0644755108 0.0342585722 0.0337874903 0.0205864406 0.0579783486 0.0411258579 0.0294115629 0.0075951514 0.020887397 0.0204115153 0.0400495798 0.0264128644 0.02376566 0.02588791 0.0329839119 0.0320910675 0.0305867678 0.0609330888 0.0394447775 0.0364835664 0.0173307769 0.0190931551 0.0217499397 0.040011608 0.0268719691 0.0319386402 
28 0.0152276554 0.0278857278 0.0400157692 0.0571712727 0.0497941527 0.0284846154 0.0331786101 0.0335012777 0.0249102608 0.0203888816 0.0145044871 0.0184576374 0.0404532738 0.0267178617 0.046384334 0.0216681366 0.0395878746 0.0301402217 0.0105799885 0.0545820344 0.0318506388 0.0358647033 0.0237224342 0.053413247 0.0467042481 0.042158654 0.0190931551 0.0070653901 0.0229658019 0.0162076189 0.0207876095 0.0465324258 
29 0.0368347203 0.0308083956 0.0504646531 0.0219167696 0.02687673 0.0240949201 0.0251853605 0.0212409641 0.0311496131 0.0126075649 0.0476927886 0.034111949 0.0192293809 0.0484812207 0.0296595478 0.032810186 0.0335502378 0.0340934563 0.0509433584 0.0337174751 0.0434818676 0.0199653132 0.0245365938 0.0229185121 0.0235040681 0.0550741132 0.0217499397 0.0229658019 0.0417919692 0.0218858611 0.0410744249 0.0155822432 
30 0.0438994785 0.0561854522 0.0382412937 0.0450190396 0.0310772689 0.0256906568 0.0314007071 0.0317327367 0.0100965284 0.0350416991 0.0203424259 0.0411532547 0.0151505596 0.024154082 0.0343304337 0.027765674 0.0716751774 0.0291190563 0.0143705877 0.0366111594 0.0207460915 0.0153896249 0.0174321177 0.0245638474 0.030514296 0.0251466693 0.040011608 0.0162076189 0.0218858611 0.0488117541 0.0321237473 0.044109492 
31 0.0268579838 0.0553544316 0.0240713835 0.0400298715 0.0121735979 0.0286795913 0.0381265232 0.0425307318 0.0268486289 0.0615933525 0.0346468249 0.0324352517 0.0123151453 0.0414981146 0.0293066127 0.0192788403 0.0210046645 0.0408398348 0.0196383793 0.0356191071 0.0127308728 0.025514405 0.0337498867 0.0340995432 0.0304152936 0.030049548 0.0268719691 0.0207876095 0.0410744249 0.0321237473 0.0458256451 0.0239081836 
32 0.0256514361 0.0140093809 0.0143492745 0.0324120537 0.0327028713 0.0216786525 0.029989436 0.0332816357 0.0387239483 0.0225698317 0.0339541619 0.0361279349 0.021593311 0.0249691274 0.0378939946 0.0360306163 0.0346275701 0.0247617363 0.0129538663 0.040142621 0.0482062991 0.042144656 0.0374076158 0.0593922735 0.0182523796 0.0223745564 0.0319386402 0.0465324258 0.0155822432 0.044109492 0.0239081836 0.0417277746 
