32
1 0.0255051261 0.0502371829 0.0200293354 0.0568410354 0.0435619437 0.0246047073 0.0262396003 0.0186593348 0.023378596 0.0187921771 0.0202660111 0.0068488095 0.0288226698 0.0659975497 0.0303873497 0.0287216674 0.0583916777 0.0359033868 0.0140000221 0.0282360556 0.0164497818 0.0265075871 0.0295146 0.0279490217 0.0358695859 0.0370075917 0.0628415056 0.0092556476 0.0228101452 0.0521298378 0.0259035203 0.0283369368 
2 0.0502371829 0.0847533882 0.0414546213 0.0466540507 0.0318586025 0.0395659831 0.0189608364 0.0423934544 0.0250449007 0.0176565151 0.0208611587 0.0352380348 0.0169333166 0.0276196492 0.0256429209 0.0130394851 0.0308141347 0.0356852988 0.0531609281 0.0249317415 0.0328590288 0.0364541403 0.0237787015 0.0415051908 0.0333816324 0.0138261532 0.0137280963 0.0343430477 0.0210005356 0.0144854191 0.0187763551 0.0333554957 
3 0.0200293354 0.0414546213 0.0474761138 0.0243032236 0.05371506 0.0397685335 0.0369718461 0.023317903 0.0198568553 0.0252618736 0.0064592879 0.0235446516 0.0362551166 0.0303127127 0.0195093802 0.0143094941 0.0426260331 0.0192465106 0.0388708612 0.0598064791 0.0446313593 0.0473049559 0.0105654674 0.0301708703 0.039217112 0.0264199324 0.0412144674 0.017059733 0.0353705251 0.0383860944 0.0328253336 0.0137382564 
4 0.0568410354 0.0466540507 0.0243032236 0.0237663153 0.0148609802 0.0089805028 0.0361733399 0.0403986133 0.017156226 0.0289404611 0.0455568342 0.0599790929 0.0320555102 0.0242684999 0.016094602 0.0104515824 0.0163764493 0.0280003571 0.036447615 0.025987958 0.0252916867 0.052773169 0.0245328073 0.0456988613 0.0361788625 0.0361869895 0.0247438766 0.0267872699 0.0121817724 0.0222757614 0.0585252324 0.0415304618 
5 0.0435619437 0.0318586025 0.05371506 0.0148609802 0.0282133289 0.0392994845 0.0537252523 0.0297490675 0.0393672776 0.0227653496 0.0336733327 0.0528252134 0.028532544 0.0280508815 0.0135283053 0.0209933034 0.0252732647 0.0376725065 0.0382613814 0.0182022348 0.0175562486 0.0193861863 0.0313854123 0.0307074184 0.0215993512 0.0540754942 0.0408195569 0.0278401752 0.0205917274 0.0284642563 0.0241025813 0.0293422773 
6 0.0246047073 0.0395659831 0.0397685335 0.0089805028 0.0392994845 0.0540628215 0.0509906234 0.0153771839 0.0389698348 0.027427343 0.0564922688 0.0391528004 0.0202133528 0.0425349653 0.015043429 0.0391226398 0.0415861135 0.034059795 0.0229811911 0.0308044137 0.0063391175 0.0214704411 0.0235091357 0.0460373388 0.0495834253 0.02921431 0.0253600675 0.0259651273 0.0349800559 0.0112377075 0.0157655138 0.0294997724 
7 0.0262396003 0.0189608364 0.0369718461 0.0361733399 0.0537252523 0.0509906234 0.0422126248 0.0357149214 0.0348334592 0.0187319185 0.0319674499 0.019649693 0.0259463624 0.041618192 0.0471503414 0.0389671725 0.0214636484 0.0519418128 0.0137984742 0.014401189 0.038464454 0.0215895476 0.0434043115 0.0294201992 0.0165423889 0.046137059 0.0148726629 0.0102147684 0.034804994 0.0317773351 0.0173605333 0.0339529885 
8 0.0186593348 0.0423934544 0.023317903 0.0403986133 0.0297490675 0.0153771839 0.0357149214 0.0314515514 0.0398533555 0.0373694532 0.0185743372 0.0242535158 0.0360325157 0.0264536801 0.0194335452 0.0254084235 0.050612513 0.0090480715 0.012751714 0.039094838 0.0266176078 0.0169632544 0.0318051947 0.0305565556 0.0450091939 0.0368856637 0.0417970098 0.0326233767 0.0420608379 0.0508669013 0.0481529007 0.0207135109 
9 0.023378596 0.0250449007 0.0198568553 0.017156226 0.0393672776 0.0389698348 0.0348334592 0.0398533555 0.0183168884 0.0451579603 0.033526542 0.0267736256 0.0213277316 0.0592186954 0.0346413999 0.043516518 0.0443820435 0.0278777613 0.053717683 0.0444795036 0.0422698637 0.0341175475 0.029288924 0.0107758819 0.0365169453 0.0217086539 0.0296643021 0.0221723021 0.024340427 0.0028834386 0.0165162495 0.0383486068 
10 0.0187921771 0.0176565151 0.0252618736 0.0289404611 0.0227653496 0.027427343 0.0187319185 0.0373694532 0.0451579603 0.0550653831 0.0415078636 0.0677579439 0.0307305156 0.0293863121 0.0298020148 0.0325647658 0.0417756528 0.0364596439 0.0095933285 0.0159210153 0.0467561874 0.0259683881 0.0547987755 0.0243649496 0.0327974708 0.0399432162 0.0339376619 0.0119326961 0.0204765998 0.0156719401 0.0474353624 0.013249261 
11 0.0202660111 0.0208611587 0.0064592879 0.0455568342 0.0336733327 0.0564922688 0.0319674499 0.0185743372 0.033526542 0.0415078636 0.0 0.0277621328 0.0386042892 0.0070029981 0.0422993037 0.0429786616 0.0163711369 0.0260816858 0.0228332413 0.0368725077 0.0531933695 0.0462221146 0.0501108162 0.0154455076 0.0284398506 0.009171467 0.0168340713 0.035750963 0.0484270881 0.0683984293 0.0360909331 0.0222243465 
12 0.0068488095 0.0352380348 0.0235446516 0.0599790929 0.0528252134 0.0391528004 0.019649693 0.0242535158 0.0267736256 0.0677579439 0.0277621328 0.0002431853 0.028697053 0.0349863179 0.024484013 0.0278278415 0.0579988873 0.0204439066 0.0444518105 0.0334356036 0.0084619815 0.0120093626 0.0240021998 0.0394909083 0.0226325465 0.0204639996 0.0417446543 0.0554449453 0.0351846263 0.0231417835 0.0163185421 0.0447503178 
13 0.0288226698 0.0169333166 0.0362551166 0.0320555102 0.028532544 0.0202133528 0.0259463624 0.0360325157 0.0213277316 0.0307305156 0.0386042892 0.028697053 0.0257120066 0.0351853516 0.0512030517 0.0492969788 0.0389963329 0.0191684609 0.0221819317 0.0238852399 0.031884393 0.0410486881 0.0524308879 0.0126397792 0.0099420849 0.0319962508 0.0542889223 0.0452299539 0.0143481733 0.0318788055 0.0363227593 0.0282089698 
14 0.0659975497 0.0276196492 0.0303127127 0.0242684999 0.0280508815 0.0425349653 0.041618192 0.0264536801 0.0592186954 0.0293863121 0.0070029981 0.0349863179 0.0351853516 0.0204544906 0.050160805 0.0218828688 0.0348885441 0.0308032709 0.045257508 0.0318763473 0.0301262963 0.0194459969 0.0376932508 0.0219278744 0.0144148549 0.0399094699 0.0337247068 0.0259614837 0.0246055804 0.0193885506 0.0181193223 0.026722973 
15 0.0303873497 0.0256429209 0.0195093802 0.016094602 0.0135283053 0.015043429 0.0471503414 0.0194335452 0.0346413999 0.0298020148 0.0422993037 0.024484013 0.0512030517 0.050160805 0.0444828845 0.0351961431 0.0300617674 0.0424612736 0.0105362034 0.0249680362 0.0485823119 0.0258292824 0.0482949072 0.0281614158 0.0390458215 0.011266096 0.0036752364 0.0380647519 0.0368351944 0.0410594311 0.035112949 0.0369858325 
16 0.0287216674 0.0130394851 0.0143094941 0.0104515824 0.0209933034 0.0391226398 0.0389671725 0.0254084235 0.043516518 0.0325647658 0.0429786616 0.0278278415 0.0492969788 0.0218828688 0.0351961431 0.0439497212 0.0407397234 0.0298449312 0.0144981625 0.0336952748 0.0269517711 0.0415629033 0.0226958464 0.0361864378 0.0233932842 0.0441986898 0.011476292 0.0370220016 0.0582368173 0.026132036 0.0368585413 0.0282800205 
17 0.0583916777 0.0308141347 0.0426260331 0.0163764493 0.0252732647 0.0415861135 0.0214636484 0.050612513 0.0443820435 0.0417756528 0.0163711369 0.0579988873 0.0389963329 0.0348885441 0.0300617674 0.0407397234 0.0031255077 0.0322335047 0.0001712105 0.0100543915 0.0359733432 0.0382001947 0.0246684004 0.0405892252 0.0431056878 0.0454756153 0.0264909119 0.0155502417 0.0297040908 0.0131643675 0.0236778247 0.0254575597 
18 0.0359033868 0.0356852988 0.0192465106 0.0280003571 0.0376725065 0.034059795 0.0519418128 0.0090480715 0.0278777613 0.0364596439 0.0260816858 0.0204439066 0.0191684609 0.0308032709 0.0424612736 0.0298449312 0.0322335047 0.0235635766 0.0261665854 0.011556714 0.0196799646 0.0435864431 0.0281283232 0.0621649825 0.0163656908 0.0232311541 0.0324138202 0.0208006151 0.014790662 0.0390047901 0.0466703619 0.0749441383 
19 0.0140000221 0.0531609281 0.0388708612 0.036447615 0.0382613814 0.0229811911 0.0137984742 0.012751714 0.053717683 0.0095933285 0.0228332413 0.0444518105 0.0221819317 0.045257508 0.0105362034 0.0144981625 0.0001712105 0.0261665854 0.0362551518 0.0172174264 0.0345886473 0.0455253457 0.0527796449 0.0350797517 0.0438018638 0.0289470674 0.037624665 0.0643361353 0.0255333209 0.0150631348 0.0506701023 0.0328978907 
20 0.0282360556 0.0249317415 0.0598064791 0.025987958 0.0182022348 0.0308044137 0.014401189 0.039094838 0.0444795036 0.0159210153 0.0368725077 0.0334356036 0.0238852399 0.0318763473 0.0249680362 0.0336952748 0.0100543915 0.011556714 0.0172174264 0.044073605 0.0312681719 0.0262410384 0.0287839621 0.0328312269 0.0344207473 0.0395967342 0.0434090333 0.0413578294 0.0400114442 0.044169289 0.021003229 0.0474067191 
21 0.0164497818 0.0328590288 0.0446313593 0.0252916867 0.0175562486 0.0063391175 0.038464454 0.0266176078 0.0422698637 0.0467561874 0.0531933695 0.0084619815 0.031884393 0.0301262963 0.0485823119 0.0269517711 0.0359733432 0.0196799646 0.0345886473 0.0312681719 0.0318711006 0.0292169079 0.0603129335 0.0181503942 0.0285380879 0.0185959461 0.0362248227 0.0264583711 0.0290310167 0.0571922931 0.0242569211 0.0222056193 
22 0.0265075871 0.0364541403 0.0473049559 0.052773169 0.0193861863 0.0214704411 0.0215895476 0.0169632544 0.0341175475 0.0259683881 0.0462221146 0.0120093626 0.0410486881 0.0194459969 0.0258292824 0.0415629033 0.0382001947 0.0435864431 0.0455253457 0.0262410384 0.0292169079 0.0428215007 0.0194393548 0.0289690601 0.0452465449 0.0304406537 0.0087350517 0.034427593 0.037260846 0.0313895171 0.0338213027 0.0160250804 
23 0.0295146 0.0237787015 0.0105654674 0.0245328073 0.0313854123 0.0235091357 0.0434043115 0.0318051947 0.029288924 0.0547987755 0.0501108162 0.0240021998 0.0524308879 0.0376932508 0.0482949072 0.0226958464 0.0246684004 0.0281283232 0.0527796449 0.0287839621 0.0603129335 0.0194393548 0.0451696635 0.0058583099 0.0208876304 0.0300349633 0.0318704417 0.0210271346 0.0457901235 0.0235729232 0.0085147394 0.0153502132 
24 0.0279490217 0.0415051908 0.0301708703 0.0456988613 0.0307074184 0.0460373388 0.0294201992 0.0305565556 0.0107758819 0.0243649496 0.0154455076 0.0394909083 0.0126397792 0.0219278744 0.0281614158 0.0361864378 0.0405892252 0.0621649825 0.0350797517 0.0328312269 0.0181503942 0.0289690601 0.0058583099 0.0238189549 0.0251060821 0.0442723945 0.0201770699 0.0314212672 0.0149651912 0.0521662354 0.0318088431 0.0615828005 
25 0.0358695859 0.0333816324 0.039217112 0.0361788625 0.0215993512 0.0495834253 0.0165423889 0.0450091939 0.0365169453 0.0327974708 0.0284398506 0.0226325465 0.0099420849 0.0144148549 0.0390458215 0.0233932842 0.0431056878 0.0163656908 0.0438018638 0.0344207473 0.0285380879 0.0452465449 0.0208876304 0.0251060821 0.0228468808 0.017491538 0.0558420789 0.0355704944 0.038615709 0.0333747103 0.0112451811 0.0429766618 
26 0.0370075917 0.0138261532 0.0264199324 0.0361869895 0.0540754942 0.02921431 0.046137059 0.0368856637 0.0217086539 0.0399432162 0.009171467 0.0204639996 0.0319962508 0.0399094699 0.011266096 0.0441986898 0.0454756153 0.0232311541 0.0289470674 0.0395967342 0.0185959461 0.0304406537 0.0300349633 0.0442723945 0.017491538 0.0179555119 0.0293842435 0.0431589522 0.0389159983 0.0291445477 0.0176485973 0.0472950457 
27 0.0628415056 0.0137280963 0.0412144674 0.0247438766 0.0408195569 0.0253600675 0.0148726629 0.0417970098 0.0296643021 0.0339376619 0.0168340713 0.0417446543 0.0542889223 0.0337247068 0.0036752364 0.011476292 0.0264909119 0.0324138202 0.037624665 0.0434090333 0.0362248227 0.0087350517 0.0318704417 0.0201770699 0.0558420789 0.0293842435 0.0540271157 0.0087159833 0.0062276223 0.0278549499 0.0617043415 0.0285747582 
28 0.0092556476 0.0343430477 0.017059733 0.0267872699 0.0278401752 0.0259651273 0.0102147684 0.0326233767 0.0221723021 0.0119326961 0.035750963 0.0554449453 0.0452299539 0.0259614837 0.0380647519 0.0370220016 0.0155502417 0.0208006151 0.0643361353 0.0413578294 0.0264583711 0.034427593 0.0210271346 0.0314212672 0.0355704944 0.0431589522 0.0087159833 0.0635171872 0.0374746758 0.0426655968 0.0441896459 0.0136600336 
29 0.0228101452 0.0210005356 0.0353705251 0.0121817724 0.0205917274 0.0349800559 0.034804994 0.0420608379 0.024340427 0.0204765998 0.0484270881 0.0351846263 0.0143481733 0.0246055804 0.0368351944 0.0582368173 0.0297040908 0.014790662 0.0255333209 0.0400114442 0.0290310167 0.037260846 0.0457901235 0.0149651912 0.038615709 0.0389159983 0.0062276223 0.0374746758 0.031484214 0.0433051657 0.0508351317 0.0297996878 
30 0.0521298378 0.0144854191 0.0383860944 0.0222757614 0.0284642563 0.0112377075 0.0317773351 0.0508669013 0.0028834386 0.0156719401 0.0683984293 0.0231417835 0.0318788055 0.0193885506 0.0410594311 0.026132036 0.0131643675 0.0390047901 0.0150631348 0.044169289 0.0571922931 0.0313895171 0.0235729232 0.0521662354 0.0333747103 0.0291445477 0.0278549499 0.0426655968 0.0433051657 0.0324694866 0.0136952278 0.0235900374 
31 0.0259035203 0.0187763551 0.0328253336 0.0585252324 0.0241025813 0.0157655138 0.0173605333 0.0481529007 0.0165162495 0.0474353624 0.0360909331 0.0163185421 0.0363227593 0.0181193223 0.035112949 0.0368585413 0.0236778247 0.0466703619 0.0506701023 0.021003229 0.0242569211 0.0338213027 0.0085147394 0.0318088431 0.0112451811 0.0176485973 0.0617043415 0.0441896459 0.0508351317 0.0136952278 0.0530604837 0.023011437 
32 0.0283369368 0.0333554957 0.0137382564 0.0415304618 0.0293422773 0.0294997724 0.0339529885 0.0207135109 0.0383486068 0.013249261 0.0222243465 0.0447503178 0.0282089698 0.026722973 0.0369858325 0.0282800205 0.0254575597 0.0749441383 0.0328978907 0.0474067191 0.0222056193 0.0160250804 0.0153502132 0.0615828005 0.0429766618 0.0472950457 0.0285747582 0.0136600336 0.0297996878 0.0235900374 0.023011437 0.0259822891 
