32
1 0.0170794763 0.0067756388 0.0375015064 0.0333797694 0.0238766615 0.0395442808 0.0273909266 0.0476578953 0.0160275394 0.0404275127 0.0123144702 0.0247732037 0.0564790197 0.012846088 0.044238221 0.0503109222 0.0460178942 0.016773808 0.0318670719 0.0143293542 0.0280909778 0.0373810913 0.0182624786 0.070435548 0.0088310961 0.0580300246 0.0376101072 0.0295474547 0.0172552133 0.0388775733 0.02062909 0.0354380848 
2 0.0067756388 0.0178002679 0.0377670903 0.0193123512 0.0189237265 0.0181551939 0.0175245173 0.0691025364 0.0086329806 0.0444400269 0.0253567416 0.0222252532 0.0366912671 0.0308360889 0.0804155944 0.0653188466 0.0107527594 0.007284798 0.0124339349 0.0402958406 0.0303507276 0.0323574752 0.0332289573 0.0278512477 0.0180704824 0.0350271159 0.0185521773 0.0588865103 0.0606616605 0.0574575533 0.0236962966 0.0138143412 
3 0.0375015064 0.0377670903 0.0101130448 0.0458399233 0.0213381627 0.0259762438 0.0448444232 0.0384825304 0.0339481945 0.0328600242 0.0402252871 0.0418461782 0.0112259646 0.0262818282 0.033811716 0.0264604354 0.0534279228 0.0287297521 0.0333899714 0.0373480957 0.0213069506 0.0349913053 0.0092136712 0.0355471726 0.0161978782 0.0142382424 0.0162832774 0.0509693721 0.0575040727 0.0421250877 0.0107384851 0.0294661895 
4 0.0333797694 0.0193123512 0.0458399233 0.0236771946 0.0304974083 0.0144945344 0.031024871 0.0164208093 0.0186568532 0.0348258183 0.0262182309 0.0312520073 0.0392566045 0.0318911951 0.0398024848 0.0477404519 0.0066147854 0.0218680106 0.0159576125 0.0635655103 0.0459832264 0.026092305 0.0200923388 0.0282940496 0.0178979228 0.0178074814 0.0301829846 0.0568926659 0.0262723665 0.0473724085 0.0572246676 0.0335911563 
5 0.0238766615 0.0189237265 0.0213381627 0.0304974083 0.0439846702 0.0228765204 0.0140041319 0.0239824861 0.0593789946 0.0595016037 0.040020547 0.0176822837 0.0190895501 0.0349239556 0.030542374 0.0159514697 0.0360188165 0.0220542442 0.0107753671 0.0382985206 0.0438741292 0.0154332318 0.0366766617 0.022944463 0.0475122087 0.0208647785 0.045576297 0.0298416624 0.0538889694 0.036571421 0.0386368311 0.0244578517 
6 0.0395442808 0.0181551939 0.0259762438 0.0144945344 0.0228765204 0.0217755603 0.0305859325 0.0251603469 0.0256081194 0.0099637203 0.0246001396 0.0333183781 0.0213105949 0.0391354261 0.0266663918 0.0169892406 0.0179935638 0.0184204593 0.0436550256 0.04106627 0.0378779508 0.0556670079 0.0375241938 0.0420386351 0.0533335142 0.0433934675 0.0296971007 0.0345213276 0.0343669165 0.0447157394 0.0264833264 0.0430848778 
7 0.0273909266 0.0175245173 0.0448444232 0.031024871 0.0140041319 0.0305859325 0.0637949641 0.0734284693 0.0276766032 0.0321630128 0.0084014901 0.0122838804 0.0334949385 0.0245251768 0.0115176038 0.029999823 0.0508043017 0.0322108959 0.0112852407 0.035261968 0.0120570189 0.0265480575 0.0202038964 0.0228453414 0.0268465857 0.05247264 0.0506442632 0.0467162805 0.0273779534 0.0340915836 0.035044578 0.0329286303 
8 0.0476578953 0.0691025364 0.0384825304 0.0164208093 0.0239824861 0.0251603469 0.0734284693 0.0 0.011352825 0.0211892973 0.0438378873 0.0380215453 0.0206901756 0.0165085971 0.0309660323 0.0161190561 0.0543086673 0.0214733127 0.0507873591 0.0383026654 0.0187764325 0.0213774644 0.0205641591 0.0099073358 0.0450411072 0.0300866883 0.0204793086 0.0328441806 0.0196055344 0.0340326933 0.0468619576 0.0426306437 
9 0.0160275394 0.0086329806 0.0339481945 0.0186568532 0.0593789946 0.0256081194 0.0276766032 0.011352825 0.0125442386 0.0275045636 0.0453693429 0.0232005663 0.0214397891 0.0426585425 0.0343600355 0.0332403511 0.0579811064 0.0343037988 0.050262086 0.0320235877 0.0212099337 0.0548268133 0.0317289395 0.0218982172 0.0376480177 0.0379532205 0.0319651061 0.0572200088 0.0319780257 0.0114644265 0.0097697524 0.0361674203 
10 0.0404275127 0.0444400269 0.0328600242 0.0348258183 0.0595016037 0.0099637203 0.0321630128 0.0211892973 0.0275045636 0.0251069591 0.0211096815 0.0218338002 0.0270376697 0.0232288147 0.0420356696 0.0472622551 0.0125775121 0.0491774302 0.031732125 0.0298099657 0.0360960378 0.0196900304 0.0389985814 0.0425335742 0.0479102839 0.0304608862 0.0103879453 0.0245744798 0.0360453148 0.0230042089 0.0395903506 0.0169208438 
11 0.0123144702 0.0253567416 0.0402252871 0.0262182309 0.040020547 0.0246001396 0.0084014901 0.0438378873 0.0453693429 0.0211096815 0.0034754666 0.0174260966 0.051606049 0.0474379039 0.0245036787 0.0401137175 0.0726417968 0.026373353 0.049934884 0.0211147887 0.0528765882 0.0240008121 0.0059296171 0.0305572706 0.0365876858 0.0296221299 0.0228024581 0.0376884783 0.0242623421 0.0220092042 0.0476600641 0.0239217965 
12 0.0247732037 0.0222252532 0.0418461782 0.0312520073 0.0176822837 0.0333183781 0.0122838804 0.0380215453 0.0232005663 0.0218338002 0.0174260966 0.0082113479 0.0483679309 0.0404376206 0.015709551 0.0327175251 0.0281385063 0.0233183174 0.0227700567 0.0131685446 0.043993922 0.0312891782 0.0517487194 0.0465370457 0.0426505007 0.0327386084 0.0694684996 0.0307648198 0.0359356661 0.0378692321 0.0224448752 0.0378563392 
13 0.0564790197 0.0366912671 0.0112259646 0.0392566045 0.0190895501 0.0213105949 0.0334949385 0.0206901756 0.0214397891 0.0270376697 0.051606049 0.0483679309 0.0186017369 0.0420098528 0.0269666361 0.0190994824 0.0280060382 0.0263220273 0.0454237521 0.0487547416 0.0312878366 0.0360377902 0.0369803852 0.0217309742 0.0364978323 0.0100797057 0.0129085685 0.0248028075 0.0142299562 0.0376250488 0.0554980532 0.0404472205 
14 0.012846088 0.0308360889 0.0262818282 0.0318911951 0.0349239556 0.0391354261 0.0245251768 0.0165085971 0.0426585425 0.0232288147 0.0474379039 0.0404376206 0.0420098528 0.0411794423 0.0482673038 0.0154846301 0.0086537031 0.0209083533 0.0097450598 0.034037882 0.0416467771 0.0450875248 0.0727876403 0.0261643405 0.0320990367 0.0241215839 0.0455715147 0.0002125058 0.01251776 0.0369440182 0.0322129578 0.0396368758 
15 0.044238221 0.0804155944 0.033811716 0.0398024848 0.030542374 0.0266663918 0.0115176038 0.0309660323 0.0343600355 0.0420356696 0.0245036787 0.015709551 0.0269666361 0.0482673038 0.0232044219 0.0106923937 0.0428786331 0.0096952756 0.0522964714 0.0303087024 0.0199185828 0.0447197711 0.0232967458 0.0110894801 0.0369353747 0.0484416298 0.0402627788 0.006747244 0.0368639369 0.0179182582 0.0388070122 0.0161199947 
16 0.0503109222 0.0653188466 0.0264604354 0.0477404519 0.0159514697 0.0169892406 0.029999823 0.0161190561 0.0332403511 0.0472622551 0.0401137175 0.0327175251 0.0190994824 0.0154846301 0.0106923937 0.0 0.0236039483 0.0068302243 0.0023848247 0.0568369879 0.0340153448 0.032513779 0.0666014205 0.0454464277 0.0181279799 0.023466585 0.0323681826 0.0415400286 0.0241908328 0.0683408162 0.0210694042 0.0351626127 
17 0.0460178942 0.0107527594 0.0534279228 0.0066147854 0.0360188165 0.0179935638 0.0508043017 0.0543086673 0.0579811064 0.0125775121 0.0726417968 0.0281385063 0.0280060382 0.0086537031 0.0428786331 0.0236039483 0.0292830121 0.0316716047 0.0390477095 0.0393944549 0.0413241592 0.0016919037 0.0106907058 0.048797894 0.0201256535 0.0344571316 0.0369991716 0.0184127737 0.0211391431 0.0276119922 0.0178608235 0.0310719114 
18 0.016773808 0.007284798 0.0287297521 0.0218680106 0.0220542442 0.0184204593 0.0322108959 0.0214733127 0.0343037988 0.0491774302 0.026373353 0.0233183174 0.0263220273 0.0209083533 0.0096952756 0.0068302243 0.0316716047 0.0373150874 0.0164875562 0.0345574175 0.0481015208 0.0590859378 0.0551866385 0.0180540044 0.0260280605 0.0427258796 0.0448021954 0.0562612552 0.0374452045 0.0348567477 0.0494815471 0.0421952819 
19 0.0318670719 0.0124339349 0.0333899714 0.0159576125 0.0107753671 0.0436550256 0.0112852407 0.0507873591 0.050262086 0.031732125 0.049934884 0.0227700567 0.0454237521 0.0097450598 0.0522964714 0.0023848247 0.0390477095 0.0164875562 0.0305032449 0.025941148 0.0305442949 0.0352546597 0.0288028858 0.0704682907 0.0498017672 0.0116940708 0.0246496859 0.0471099428 0.0131649319 0.0210380048 0.0564107136 0.0243802502 
20 0.0143293542 0.0402958406 0.0373480957 0.0635655103 0.0382985206 0.04106627 0.035261968 0.0383026654 0.0320235877 0.0298099657 0.0211147887 0.0131685446 0.0487547416 0.034037882 0.0303087024 0.0568369879 0.0393944549 0.0345574175 0.025941148 0.0399703936 0.0119958387 0.0306228806 0.0319204326 0.0301531803 0.0128349164 0.0393279147 0.0135736061 0.0154897469 0.0188650797 0.0253125757 0.0303917188 0.0251252701 
21 0.0280909778 0.0303507276 0.0213069506 0.0459832264 0.0438741292 0.0378779508 0.0120570189 0.0187764325 0.0212099337 0.0360960378 0.0528765882 0.043993922 0.0312878366 0.0416467771 0.0199185828 0.0340153448 0.0413241592 0.0481015208 0.0305442949 0.0119958387 0.0337656012 0.0177866399 0.0203291727 0.0207841118 0.0221307485 0.0332585606 0.0572555384 0.0406010829 0.0214906471 0.0282329313 0.0303554019 0.0226813132 
22 0.0373810913 0.0323574752 0.0349913053 0.026092305 0.0154332318 0.0556670079 0.0265480575 0.0213774644 0.0548268133 0.0196900304 0.0240008121 0.0312891782 0.0360377902 0.0450875248 0.0447197711 0.032513779 0.0016919037 0.0590859378 0.0352546597 0.0306228806 0.0177866399 0.0134152843 0.0255574005 0.0399899725 0.0258096572 0.0615576678 0.0265423847 0.0213405995 0.026189189 0.0355033186 0.0096335704 0.0320052963 
23 0.0182624786 0.0332289573 0.0092136712 0.0200923388 0.0366766617 0.0375241938 0.0202038964 0.0205641591 0.0317289395 0.0389985814 0.0059296171 0.0517487194 0.0369803852 0.0727876403 0.0232967458 0.0666014205 0.0106907058 0.0551866385 0.0288028858 0.0319204326 0.0203291727 0.0255574005 0.036820993 0.0107267778 0.0303115947 0.0269805352 0.0230803839 0.0224739517 0.0445149846 0.0442538737 0.035229273 0.0292819904 
24 0.070435548 0.0278512477 0.0355471726 0.0282940496 0.022944463 0.0420386351 0.0228453414 0.0099073358 0.0218982172 0.0425335742 0.0305572706 0.0465370457 0.0217309742 0.0261643405 0.0110894801 0.0454464277 0.048797894 0.0180540044 0.0704682907 0.0301531803 0.0207841118 0.0399899725 0.0107267778 0.013670579 0.053185868 0.0323978914 0.0342827443 0.0133451775 0.0330539478 0.0263343814 0.017827468 0.0311065877 
25 0.0088310961 0.0180704824 0.0161978782 0.0178979228 0.0475122087 0.0533335142 0.0268465857 0.0450411072 0.0376480177 0.0479102839 0.0365876858 0.0426505007 0.0364978323 0.0320990367 0.0369353747 0.0181279799 0.0201256535 0.0260280605 0.0498017672 0.0128349164 0.0221307485 0.0258096572 0.0303115947 0.053185868 0.021669781 0.023767601 0.0433074059 0.0201321547 0.03360404 0.0177429331 0.0291156968 0.0482446141 
26 0.0580300246 0.0350271159 0.0142382424 0.0178074814 0.0208647785 0.0433934675 0.05247264 0.0300866883 0.0379532205 0.0304608862 0.0296221299 0.0327386084 0.0100797057 0.0241215839 0.0484416298 0.023466585 0.0344571316 0.0427258796 0.0116940708 0.0393279147 0.0332585606 0.0615576678 0.0269805352 0.0323978914 0.023767601 0.0325373896 0.0340697328 0.0271163129 0.0198530791 0.002306303 0.0349144194 0.0342307224 
27 0.0376101072 0.0185521773 0.0162832774 0.0301829846 0.045576297 0.0296971007 0.0506442632 0.0204793086 0.0319651061 0.0103879453 0.0228024581 0.0694684996 0.0129085685 0.0455715147 0.0402627788 0.0323681826 0.0369991716 0.0448021954 0.0246496859 0.0135736061 0.0572555384 0.0265423847 0.0230803839 0.0342827443 0.0433074059 0.0340697328 0.0220461048 0.028174544 0.0175204015 0.0138475304 0.0443621465 0.020725854 
28 0.0295474547 0.0588865103 0.0509693721 0.0568926659 0.0298416624 0.0345213276 0.0467162805 0.0328441806 0.0572200088 0.0245744798 0.0376884783 0.0307648198 0.0248028075 0.0002125058 0.006747244 0.0415400286 0.0184127737 0.0562612552 0.0471099428 0.0154897469 0.0406010829 0.0213405995 0.0224739517 0.0133451775 0.0201321547 0.0271163129 0.028174544 0.0265131272 0.033636477 0.0214719739 0.0184334038 0.0257176496 
29 0.0172552133 0.0606616605 0.0575040727 0.0262723665 0.0538889694 0.0343669165 0.0273779534 0.0196055344 0.0319780257 0.0360453148 0.0242623421 0.0359356661 0.0142299562 0.01251776 0.0368639369 0.0241908328 0.0211391431 0.0374452045 0.0131649319 0.0188650797 0.0214906471 0.026189189 0.0445149846 0.0330539478 0.03360404 0.0198530791 0.0175204015 0.033636477 0.049673766 0.0393100379 0.0313532683 0.046229281 
30 0.0388775733 0.0574575533 0.0421250877 0.0473724085 0.036571421 0.0447157394 0.0340915836 0.0340326933 0.0114644265 0.0230042089 0.0220092042 0.0378692321 0.0376250488 0.0369440182 0.0179182582 0.0683408162 0.0276119922 0.0348567477 0.0210380048 0.0253125757 0.0282329313 0.0355033186 0.0442538737 0.0263343814 0.0177429331 0.002306303 0.0138475304 0.0214719739 0.0393100379 0.0252456061 0.0302281018 0.0162844151 
31 0.02062909 0.0236962966 0.0107384851 0.0572246676 0.0386368311 0.0264833264 0.035044578 0.0468619576 0.0097697524 0.0395903506 0.0476600641 0.0224448752 0.0554980532 0.0322129578 0.0388070122 0.0210694042 0.0178608235 0.0494815471 0.0564107136 0.0303917188 0.0303554019 0.0096335704 0.035229273 0.017827468 0.0291156968 0.0349144194 0.0443621465 0.0184334038 0.0313532683 0.0302281018 0.0152937883 0.0227409568 
32 0.0354380848 0.0138143412 0.0294661895 0.0335911563 0.0244578517 0.0430848778 0.0329286303 0.0426306437 0.0361674203 0.0169208438 0.0239217965 0.0378563392 0.0404472205 0.0396368758 0.0161199947 0.0351626127 0.0310719114 0.0421952819 0.0243802502 0.0251252701 0.0226813132 0.0320052963 0.0292819904 0.0311065877 0.0482446141 0.0342307224 0.020725854 0.0257176496 0.046229281 0.0162844151 0.0227409568 0.0463337269 
