64
1 0.0160780237 0.0134263306 0.0099398726 0.0130530805 0.015879209 0.0173694554 0.0143930659 0.0144546313 0.0108094437 0.0163376087 0.0142631409 0.0135576137 0.0112224231 0.0166517441 0.0221512795 0.0077984815 0.0138499707 0.0104934021 0.0369126392 0.0073136094 0.0142183689 0.0226323252 0.02118308 0.017485007 0.014431915 0.0142916358 0.0221398546 0.0355570355 0.0088126849 0.0153244959 0.0143204427 0.0122813758 0.0110503424 0.0147254332 0.022382056 0.0228979511 0.0226722891 0.0169116548 0.0251597054 0.0217423496 0.0128133003 0.0186126553 0.0164435525 0.0100983288 0.0129769853 0.0175936792 0.0182214251 0.0166492766 0.0183792198 0.0210220603 0.019365778 0.008292934 0.0094981838 0.0092431571 0.0143268639 0.0119438294 0.0169882946 0.0108536501 0.0153186948 0.0253221387 0.0051789312 0.0047331476 0.0113783036 0.0085705812 
2 0.0134263306 0.010836631 0.013664553 0.0181387837 0.0185232309 0.0305285327 0.0214930736 0.0206623379 0.0120296636 0.0186862908 0.024100513 0.0166649178 0.0206864137 0.0105916516 0.0103790915 0.0066805405 0.0097009244 0.0126464344 0.0134696391 0.0210439137 0.0093273484 0.007933282 0.0171954672 0.0216122486 0.0184817895 0.0171233887 0.0131554079 0.0164843049 0.0266737274 0.0109448462 0.024490658 0.0167153838 0.0148375057 0.0219080075 0.0081878372 0.0198396055 0.0058456718 0.0073534601 0.0093956259 0.0239265509 0.0233507514 0.0065246687 0.0182821137 0.0184926662 0.0207721336 0.0218351029 0.0125812076 0.0190375655 0.0144762556 0.0096478887 0.0112866461 0.0092743395 0.0181612469 0.0096769205 0.0170146356 0.0064575362 0.0062391737 0.0190750541 0.0136017428 0.0192048881 0.0178703308 0.0219457286 0.0113786335 0.018427185 
3 0.0099398726 0.013664553 0.0039178877 0.0268387305 0.0100436304 0.0122601109 0.0198135255 0.0215844593 0.0167519002 0.0138238901 0.0161084684 0.0162474932 0.0055695014 0.0076333151 0.0118510523 0.0116338022 0.0131128328 0.0100523497 0.0329352356 0.0137140149 0.0188524989 0.0151511974 0.0170754708 0.0125593007 0.016428659 0.0278107358 0.0242050455 0.0161101799 0.0151107988 0.0093819765 0.0235483302 0.0126127908 0.032744956 0.0084473455 0.0079393012 0.0100116628 0.0182937964 0.0173939721 0.0215157869 0.0220439107 0.0075734291 0.0158348603 0.01746435 0.0121801713 0.0091659237 0.0219689409 0.0222681727 0.0136532962 0.0090627814 0.0126593725 0.0136627952 0.0155826712 0.0106092635 0.0161455582 0.0199975768 0.0158429914 0.0188182251 0.0087208422 0.0107700585 0.015155614 0.0285882024 0.0177227348 0.0153192111 0.0164986161 
4 0.0130530805 0.0181387837 0.0268387305 0.0091515583 0.0176905198 0.0126470102 0.0241335945 0.0166412303 0.0151278389 0.0203498648 0.0126142918 0.0120439036 0.0113570298 0.0098729138 0.0306897623 0.0062526294 0.0174984207 0.0194845309 0.0252493819 0.0099224395 0.020640625 0.0250854329 0.0099565062 0.0113769985 0.0190577674 0.0103284392 0.0163775504 0.0114697098 0.0147703582 0.026344911 0.0242737361 0.0085087302 0.0208484255 0.0125361532 0.0080323443 0.0151439002 0.0298336194 0.017360387 0.0088926802 0.0157264275 0.0205240664 0.0070759705 0.0141701691 0.0129827006 0.0155712008 0.0177171206 0.0119827056 0.0190702778 0.0226354688 0.0106087814 0.006004706 0.0062872691 0.0106319888 0.0107403334 0.0188823528 0.0159657207 0.0107158008 0.0263598839 0.0120423477 0.0055139768 0.0115690115 0.0178669253 0.0184800488 0.0212789555 
5 0.015879209 0.0185232309 0.0100436304 0.0176905198 0.0039254219 0.0045947547 0.027157475 0.0182616819 0.0070019185 0.0047429103 0.0329724277 0.0246575304 0.0122672782 0.0180911201 0.0158590292 0.0157875496 0.0149755099 0.0135796285 0.0138467891 0.0149719819 0.0072547358 0.0140714522 0.014851728 0.0101612927 0.0109190036 0.0135895789 0.0202040959 0.0170730078 0.0069992378 0.0057638902 0.0155423843 0.0182734302 0.0172277601 0.0099731976 0.0287231912 0.0143663511 0.0191507191 0.0260870544 0.0191884332 0.0218532892 0.0216338574 0.0202860227 0.0198934494 0.0183157124 0.0107872441 0.0063219153 0.0116212792 0.0184219344 0.0124075461 0.020415127 0.0100716012 0.0091026281 0.0079886831 0.0132802368 0.0164154987 0.0200499647 0.0190400152 0.0165424848 0.0165606131 0.0179047457 0.0320767023 0.0090308695 0.0181196141 0.0176088246 
6 0.0173694554 0.0305285327 0.0122601109 0.0126470102 0.0045947547 0.0059996424 0.0130067937 0.0168270984 0.0092715634 0.0197329217 0.0162351778 0.0261091998 0.0159879206 0.0176505068 0.024033497 0.0200533822 0.0105001535 0.0257912062 0.017689355 0.021592799 0.0108803594 0.0106992737 0.017821914 0.0101880076 0.0195364759 0.0117876208 0.0125774826 0.0227095056 0.021179604 0.0229762666 0.0171202198 0.0118895767 0.0224134286 0.0206059784 0.0067252691 0.0159266484 0.0173231085 0.011920616 0.0151503999 0.0126250455 0.0250764239 0.004951594 0.0249368937 0.0089630626 0.0077305002 0.0188458211 0.011112464 0.0121699052 0.0164643183 0.0175742455 0.0156907648 0.0081368508 0.0154176151 0.0245171008 0.0096683321 0.0081964894 0.0210674815 0.0222541343 0.0139421847 0.0138605222 0.0179252801 0.0070321103 0.0072102213 0.0173178013 
7 0.0143930659 0.0214930736 0.0198135255 0.0241335945 0.027157475 0.0130067937 0.0118067202 0.0056709835 0.0134970436 0.0198963265 0.0084841502 0.0145229199 0.0114866626 0.0258698348 0.0200909602 0.0152887409 0.0190195344 0.0111657219 0.0113242385 0.009766034 0.0150536666 0.0209151847 0.0155571492 0.0017293955 0.0124691478 0.0111633942 0.0100264775 0.0140324138 0.0205532577 0.0101756522 0.0075647285 0.0106578088 0.0370455238 0.0243552047 0.0221538248 0.0117140243 0.0096067666 0.0184799835 0.0268432489 0.0162911464 0.0135352544 0.0090794119 0.0154773075 0.0104356809 0.0175630518 0.0142225061 0.0235544313 0.0221410473 0.009505749 0.0103757759 0.0171105167 0.0047612082 0.0219073481 0.0099096109 0.0226809294 0.0149918956 0.0085128786 0.0139916641 0.0229147966 0.0073927805 0.014418863 0.004800714 0.0321571049 0.0242840749 
8 0.0144546313 0.0206623379 0.0215844593 0.0166412303 0.0182616819 0.0168270984 0.0056709835 0.0213007278 0.0218834887 0.0166907229 0.0035685002 0.0127370605 0.0122549104 0.0025926166 0.0193315512 0.0026894111 0.0131378391 0.0134488917 0.0099834047 0.0022075065 0.0119101583 0.0147910964 0.0281516679 0.0218074229 0.0119235584 0.0221974652 0.0169604351 0.0045613735 0.0145146601 0.0221713635 0.0114035574 0.0194707306 0.0087387438 0.0210523911 0.0182165917 0.0159269541 0.015491349 0.0119366009 0.0209243179 0.0219355407 0.0111960106 0.0234278372 0.0019589438 0.0197783602 0.0216719336 0.0193737715 0.0129607468 0.017570701 0.0168001343 0.0112402476 0.017196772 0.0164562711 0.0119101205 0.0235743486 0.0172558623 0.0145467937 0.0189368358 0.0071869567 0.0076997037 0.0218804674 0.0207135171 0.0247765416 0.0305754969 0.0112965933 
9 0.0108094437 0.0120296636 0.0167519002 0.0151278389 0.0070019185 0.0092715634 0.0134970436 0.0218834887 0.0284256012 0.0146200516 0.008992585 0.0134802362 0.0175348141 0.0146906151 0.0131064248 0.0199826986 0.0144084245 0.0082165921 0.0054359414 0.0141040001 0.0123456048 0.0137920844 0.0146338996 0.014797302 0.0135895666 0.0098950562 0.0049334381 0.0308265496 0.0169836003 0.0208554083 0.0140684586 0.0082664692 0.0211073824 0.0124438495 0.0220560139 0.0205286143 0.0219181484 0.0205344959 0.016321921 0.0079191047 0.0216117118 0.0091241228 0.0113398048 0.0213810289 0.0088514303 0.0198856655 0.0132307583 0.015444141 0.0154762064 0.0328569249 0.0101271291 0.0177981718 0.0216280303 0.0207761765 0.0134938776 0.0083521072 0.012008095 0.024387339 0.0214504703 0.014525015 0.0102994598 0.0181525627 0.0287971458 0.0118148116 
10 0.0163376087 0.0186862908 0.0138238901 0.0203498648 0.0047429103 0.0197329217 0.0198963265 0.0166907229 0.0146200516 0.0061028217 0.0099921523 0.0118980841 0.0126213188 0.007270727 0.0204906558 0.0181840407 0.0229484733 0.0170133383 0.0101422345 0.0220809664 0.0067031643 0.0114434403 0.0278713659 0.0225952986 0.0116235242 0.0117227234 0.0170770933 0.0169436679 0.0081938819 0.0156048659 0.0165145576 0.0067248559 0.021069426 0.0223700464 0.018511078 0.0068208771 0.0100110261 0.011983168 0.0131211542 0.006016169 0.0125487014 0.0162756521 0.0291899415 0.0189146716 0.0136739286 0.0136907122 0.0211787753 0.0085068962 0.0171468248 0.0236490853 0.0204016414 0.0235728936 0.016318496 0.0106760676 0.0251679765 0.0170427118 0.0189308321 0.0146810967 0.0108199398 0.0104887948 0.0190303718 0.0137238393 0.022330083 0.015493282 
11 0.0142631409 0.024100513 0.0161084684 0.0126142918 0.0329724277 0.0162351778 0.0084841502 0.0035685002 0.008992585 0.0099921523 0.0084424084 0.0254567902 0.0096012968 0.025292698 0.0186942994 0.0154097522 0.0189647825 0.0200529837 0.0173050473 0.0190476139 0.0354834227 0.0088038132 0.0084160093 0.0114701585 0.0150395249 0.0173548452 0.021964595 0.0142660794 0.0123575795 0.0113516539 0.0062512514 0.0152962029 0.0187420347 0.0118041703 0.0276333586 0.0132271506 0.0209922303 0.007924293 0.0153758176 0.0054820725 0.0094222162 0.0144462124 0.0259903743 0.006815863 0.0132529717 0.0150656399 0.0146633999 0.0205678786 0.0088136164 0.018524097 0.0090527867 0.0170774604 0.0148226795 0.0179139973 0.0157517669 0.0179426638 0.0162848838 0.0166976397 0.0160565389 0.0268032354 0.0192233146 0.0163945169 0.0093073429 0.0142735602 
12 0.0135576137 0.0166649178 0.0162474932 0.0120439036 0.0246575304 0.0261091998 0.0145229199 0.0127370605 0.0134802362 0.0118980841 0.0254567902 0.0244662563 0.0116691181 0.0260314491 0.0089488248 0.0078233568 0.0207692122 0.0191300572 0.0109351146 0.0159020561 0.0100585608 0.0242069353 0.0170605541 0.0173054847 0.0099600913 0.0150528823 0.0064334268 0.0107482327 0.0163363873 0.016923894 0.015243037 0.0289060463 0.011924189 0.0170357712 0.0160029932 0.0125996169 0.004906462 0.0095919768 0.0143651774 0.0271144589 0.011571759 0.0133787429 0.0063209637 0.0183116923 0.0176280301 0.0156449612 0.0074812722 0.0255221616 0.0027139068 0.0039965843 0.0257003373 0.0184220071 0.0059788023 0.0198011345 0.0190982472 0.0150797303 0.0106844201 0.0236225779 0.0132885527 0.0108502226 0.0212093478 0.0210434622 0.0116976344 0.026126077 
13 0.0112224231 0.0206864137 0.0055695014 0.0113570298 0.0122672782 0.0159879206 0.0114866626 0.0122549104 0.0175348141 0.0126213188 0.0096012968 0.0116691181 0.0181869634 0.0135547463 0.0335349712 0.0121537239 0.0260621734 0.0221839861 0.0165922304 0.0154999478 0.0149468786 0.0245713563 0.0127782883 0.0203567707 0.0149138789 0.0141928065 0.018021011 0.0050334244 0.0126807521 0.0116442986 0.009784367 0.0173496063 0.0162300298 0.0196543858 0.0172709091 0.0156285178 0.0201502258 0.0072119354 0.0105403688 0.0340681049 0.0201137847 0.0093984901 0.0171614431 0.0122791547 0.024139249 0.0146654403 0.0148257985 0.013458029 0.0279858217 0.0147996615 0.0177166229 0.006385534 0.0221504291 0.007356853 0.0245795684 0.0077935624 0.0114965333 0.01790705 0.0075895739 0.0164023408 0.0131705789 0.0140088489 0.0133285302 0.0242317552 
14 0.0166517441 0.0105916516 0.0076333151 0.0098729138 0.0180911201 0.0176505068 0.0258698348 0.0025926166 0.0146906151 0.007270727 0.025292698 0.0260314491 0.0135547463 0.0098076869 0.0154339396 0.0146234296 0.0067232309 0.0140195596 0.0051876132 0.0134716608 0.0122681439 0.0105761992 0.0054311744 0.0302534176 0.0178787923 0.029438037 0.021073546 0.0132064385 0.0161536512 0.0264188734 0.0157975804 0.0138924924 0.0179651112 0.0258562858 0.0162705367 0.0208557158 0.0131655669 0.0055851314 0.0122820361 0.0170696406 0.0186059821 0.0046945862 0.0141402554 0.0161802793 0.0172234071 0.0250049911 0.0079506618 0.019422115 0.0097048324 0.0273064998 0.0222782279 0.0262285436 0.0067517593 0.0126773943 0.0183499951 0.0116597997 0.0119488718 0.0134847065 0.0229904715 0.0216874578 0.0182824794 0.0132839941 0.0166484378 0.0069948212 
15 0.0221512795 0.0103790915 0.0118510523 0.0306897623 0.0158590292 0.024033497 0.0200909602 0.0193315512 0.0131064248 0.0204906558 0.0186942994 0.0089488248 0.0335349712 0.0154339396 0.0145665306 0.0145782949 0.0236740143 0.0044560786 0.0139334535 0.0080394924 0.0079562156 0.0197473938 0.0070296323 0.0113511524 0.0212020952 0.0120500326 0.0079115966 0.0136140365 0.0152683423 0.0095706989 0.0103103351 0.0202074767 0.0211006826 0.0139185691 0.0146528457 0.0122088433 0.0121860348 0.0228906227 0.0213038295 0.0133132117 0.0145348015 0.0079897135 0.0244727511 0.0072453868 0.0061253614 0.0107694321 0.0182925801 0.0186964366 0.0130678826 0.0142137962 0.0239418061 0.0122937752 0.0140358535 0.0213546345 0.0132238758 0.00882221 0.0264836855 0.0137141847 0.0098003205 0.0193507144 0.0280393388 0.019364336 0.0092489325 0.0132813402 
16 0.0077984815 0.0066805405 0.0116338022 0.0062526294 0.0157875496 0.0200533822 0.0152887409 0.0026894111 0.0199826986 0.0181840407 0.0154097522 0.0078233568 0.0121537239 0.0146234296 0.0145782949 0.019153015 0.0167858092 0.0168656179 0.0079141094 0.0173460856 0.0124623014 0.0120264541 0.0207681844 0.0117297663 0.0128624653 0.0251118024 0.0258501545 0.0151766704 0.0124119761 0.0092931645 0.0123532663 0.0105463431 0.0235163861 0.0104703602 0.0186756971 0.0152666841 0.0093013546 0.0127162454 0.0159161829 0.0136013783 0.0166823689 0.0158963061 0.0199393251 0.0228280069 0.0171058352 0.0203170919 0.0140374918 0.0156509948 0.0132786429 0.0285236512 0.0220942763 0.0161281548 0.0091746154 0.0232728593 0.0093449622 0.0225270428 0.0189866969 0.0101606587 0.0054875546 0.0101888864 0.0215164342 0.0213998231 0.0306956496 0.0277013622 
17 0.0138499707 0.0097009244 0.0131128328 0.0174984207 0.0149755099 0.0105001535 0.0190195344 0.0131378391 0.0144084245 0.0229484733 0.0189647825 0.0207692122 0.0260621734 0.0067232309 0.0236740143 0.0167858092 0.0200163211 0.0162414108 0.0245499456 0.0112344515 0.0138783249 0.0163690261 0.0178047767 0.0215409058 0.0289928612 0.0170251103 0.0108122946 0.0148831267 0.0096052757 0.0126507299 0.0076063992 0.0175728348 0.0117556123 0.0127416321 0.0155701589 0.0109471827 0.0261512656 0.0144906729 0.0096404227 0.0148385537 0.0179115802 0.0130921797 0.0199283526 0.0097585531 0.0172346531 0.0125458094 0.0265768008 0.0106565973 0.0146888861 0.010106918 0.0164632481 0.0165547181 0.007118453 0.016870745 0.0267052645 0.0070513549 0.0200750336 0.0135077264 0.0199161402 0.0127853183 0.0204046413 0.0036993423 0.018937178 0.0083599043 
18 0.0104934021 0.0126464344 0.0100523497 0.0194845309 0.0135796285 0.0257912062 0.0111657219 0.0134488917 0.0082165921 0.0170133383 0.0200529837 0.0191300572 0.0221839861 0.0140195596 0.0044560786 0.0168656179 0.0162414108 0.0278394612 0.0183323806 0.0123480913 0.0290478087 0.0248343495 0.0146460406 0.0162041383 0.0110284195 0.0123716791 0.0235956448 0.0130658596 0.0076047708 0.0159374047 0.0190025899 0.0226885231 0.0125542125 0.0186057868 0.0088403665 0.0022413872 0.0079517902 0.0160108558 0.0103658474 0.0216182411 0.0199214705 0.0237212508 0.0200377405 0.0207727671 0.0136288938 0.0225312378 0.0065829673 0.0082291663 0.0189676957 0.0170679348 0.0041485736 0.0109625906 0.0134396583 0.0205615009 0.0101820139 0.0057703266 0.0272081122 0.0168343778 0.0209832936 0.0110609615 0.0161662158 0.0126561967 0.0248013663 0.0121862485 
19 0.0369126392 0.0134696391 0.0329352356 0.0252493819 0.0138467891 0.017689355 0.0113242385 0.0099834047 0.0054359414 0.0101422345 0.0173050473 0.0109351146 0.0165922304 0.0051876132 0.0139334535 0.0079141094 0.0245499456 0.0183323806 0.0178449999 0.0215907955 0.0209828829 0.0107180531 0.0073138564 0.0169917209 0.0190907289 0.0157527011 0.0135112576 0.0121027248 0.0210823605 0.0064762963 0.012499796 0.0156061218 0.0128123878 0.0128541365 0.0199670995 0.0196892942 0.0080421928 0.0113606843 0.0054404691 0.0285177921 0.028025523 0.0221041344 0.0207759413 0.011984961 0.0140559839 0.0208101793 0.0136710691 0.0069023115 0.0237718823 0.019636386 0.0156828485 0.0217185221 0.0110930596 0.010419395 0.008129125 0.0233066854 0.0130901466 0.0119060927 0.0178312843 0.0164630115 0.0133685186 0.0138924509 0.0128221394 0.0065512429 
20 0.0073136094 0.0210439137 0.0137140149 0.0099224395 0.0149719819 0.021592799 0.009766034 0.0022075065 0.0141040001 0.0220809664 0.0190476139 0.0159020561 0.0154999478 0.0134716608 0.0080394924 0.0173460856 0.0112344515 0.0123480913 0.0215907955 0.0174572752 0.01852722 0.0181626036 0.0165306678 0.0147263438 0.0200039058 0.018897259 0.013345183 0.0219607807 0.0264709058 0.007777905 0.0154786072 0.0161765965 0.0204556899 0.0140311143 0.0257096686 0.0183561499 0.0131719703 0.0141475641 0.0152526678 0.0135797593 0.0066111888 0.0131385485 0.0234382789 0.0193306523 0.0166015953 0.0170952504 0.0286872528 0.0108494432 0.010731824 0.0095868695 0.0083094258 0.0273304022 0.0165336058 0.0180192534 0.0076964641 0.0131183014 0.0156427467 0.0058762502 0.0214600237 0.0103126362 0.0224799575 0.0142960032 0.0208406149 0.0105961134 
21 0.0142183689 0.0093273484 0.0188524989 0.020640625 0.0072547358 0.0108803594 0.0150536666 0.0119101583 0.0123456048 0.0067031643 0.0354834227 0.0100585608 0.0149468786 0.0122681439 0.0079562156 0.0124623014 0.0138783249 0.0290478087 0.0209828829 0.01852722 0.0153626239 0.0178695565 0.0198160746 0.0259541773 0.0189410489 0.0198531323 0.0205666146 0.0019358398 0.0172274069 0.0161932804 0.0120393469 0.0104726171 0.0075837893 0.0239906934 0.018282951 0.012376834 0.0175425874 0.0230958063 0.0177291455 0.0138953111 0.0134750534 0.0274244684 0.0105045125 0.0118028443 0.0126407926 0.0172335572 0.0116412293 0.0186245482 0.0137859512 0.0123849668 0.0081380568 0.0094977942 0.006554387 0.0119330388 0.0076877373 0.0144586282 0.0193607376 0.0207242752 0.0197049279 0.0187658617 0.0190733444 0.0257607072 0.0165981234 0.0186973293 
22 0.0226323252 0.007933282 0.0151511974 0.0250854329 0.0140714522 0.0106992737 0.0209151847 0.0147910964 0.0137920844 0.0114434403 0.0088038132 0.0242069353 0.0245713563 0.0105761992 0.0197473938 0.0120264541 0.0163690261 0.0248343495 0.0107180531 0.0181626036 0.0178695565 0.0023024771 0.0087065662 0.0147944578 0.0219546211 0.0155817213 0.0152332832 0.0110718176 0.0284563752 0.024844882 0.0141119523 0.0182837059 0.0086518444 0.0073564351 0.007409029 0.0277378015 0.006205675 0.0165369416 0.0123460951 0.017659884 0.0202183757 0.0064097905 0.0175826972 0.0140405399 0.0239944845 0.0118628474 0.0165056968 0.0099121005 0.0216944423 0.0045459267 0.0257593195 0.0142481764 0.0263707738 0.0195244782 0.0096055239 0.0061306326 0.0118876426 0.0164771838 0.0083706976 0.0158996596 0.0148259766 0.0241652091 0.013855161 0.0224665883 
23 0.02118308 0.0171954672 0.0170754708 0.0099565062 0.014851728 0.017821914 0.0155571492 0.0281516679 0.0146338996 0.0278713659 0.0084160093 0.0170605541 0.0127782883 0.0054311744 0.0070296323 0.0207681844 0.0178047767 0.0146460406 0.0073138564 0.0165306678 0.0198160746 0.0087065662 0.0141782267 0.006364417 0.0126631623 0.0099576889 0.0210345043 0.0088367647 0.0167009456 0.0029098572 0.0194147238 0.0063402408 0.0183756575 0.0071088979 0.0103599905 0.0168036393 0.0230516483 0.0170070905 0.0171050028 0.0103709232 0.0086595801 0.0231233237 0.0235348633 0.0056340564 0.0211322648 0.0167934205 0.0208706926 0.0226718174 0.0438592289 0.0144230908 0.013683016 0.0171246503 0.0046380575 0.019539223 0.0070152825 0.017204997 0.0290846017 0.0123923711 0.0195742507 0.00777694 0.022681091 0.0113255846 0.0219934464 0.0160806949 
24 0.017485007 0.0216122486 0.0125593007 0.0113769985 0.0101612927 0.0101880076 0.0017293955 0.0218074229 0.014797302 0.0225952986 0.0114701585 0.0173054847 0.0203567707 0.0302534176 0.0113511524 0.0117297663 0.0215409058 0.0162041383 0.0169917209 0.0147263438 0.0259541773 0.0147944578 0.006364417 0.0232811541 0.0136459436 0.0054613055 0.0191311211 0.0108205355 0.0149557403 0.0145088766 0.017727255 0.0118047715 0.0093989041 0.0265632964 0.0154420101 0.0171624471 0.0198306225 0.0225435992 0.0084821588 0.0325015557 0.0291424347 0.019713787 0.0160241865 0.0157669533 0.0228999093 0.0142199317 0.0159038474 0.0133473902 0.0071414652 0.0095888087 0.0088968091 0.0142885124 0.0128949387 0.0083142696 0.0179973813 0.0087224629 0.0167627645 0.016277436 0.0105564263 0.015402429 0.013690779 0.0050587484 0.0180588296 0.0227130173 
25 0.014431915 0.0184817895 0.016428659 0.0190577674 0.0109190036 0.0195364759 0.0124691478 0.0119235584 0.0135895666 0.0116235242 0.0150395249 0.0099600913 0.0149138789 0.0178787923 0.0212020952 0.0128624653 0.0289928612 0.0110284195 0.0190907289 0.0200039058 0.0189410489 0.0219546211 0.0126631623 0.0136459436 0.0163406052 0.0054990961 0.0125963043 0.0191886189 0.0110244711 0.0156806398 0.0279556308 0.0181689164 0.005605692 0.0053024029 0.0091877711 0.0230264646 0.0145301591 0.0187529882 0.0207099486 0.009182254 0.0131242426 0.0162789718 0.016250018 0.0153394092 0.0135239553 0.0152265497 0.0059057971 0.006949248 0.0145737637 0.02316047 0.0171675935 0.01099204 0.0173050662 0.0122149224 0.0132923545 0.0328533036 0.0137961731 0.0136210535 0.026038067 0.0126187676 0.011574943 0.0253401358 0.016275864 0.0171863809 
26 0.0142916358 0.0171233887 0.0278107358 0.0103284392 0.0135895789 0.0117876208 0.0111633942 0.0221974652 0.0098950562 0.0117227234 0.0173548452 0.0150528823 0.0141928065 0.029438037 0.0120500326 0.0251118024 0.0170251103 0.0123716791 0.0157527011 0.018897259 0.0198531323 0.0155817213 0.0099576889 0.0054613055 0.0054990961 0.0300602135 0.0159692797 0.0139592595 0.0094924092 0.0150198238 0.0136670362 0.0115566385 0.011005402 0.0151978482 0.0141794294 0.0190228264 0.0162434701 0.0237279255 0.0155135146 0.0162780096 0.0182021306 0.0204102996 0.019653883 0.0119324663 0.0170310612 0.0117155748 0.0096786117 0.0188794238 0.0150199795 0.0234186171 0.0094494665 0.0168776002 0.0171649676 0.0134685523 0.0209690526 0.0182913259 0.021585635 0.0043948055 0.0110342368 0.0107928363 0.0127992384 0.0270075241 0.0152423192 0.0105771678 
27 0.0221398546 0.0131554079 0.0242050455 0.0163775504 0.0202040959 0.0125774826 0.0100264775 0.0169604351 0.0049334381 0.0170770933 0.021964595 0.0064334268 0.018021011 0.021073546 0.0079115966 0.0258501545 0.0108122946 0.0235956448 0.0135112576 0.013345183 0.0205666146 0.0152332832 0.0210345043 0.0191311211 0.0125963043 0.0159692797 0.0249158928 0.0170440912 0.0222590214 0.0294937201 0.009844774 0.0141626422 0.0157468123 0.0153979401 0.0110345248 0.0127919044 0.0165585517 0.0102042594 0.0115474199 0.0143072789 0.0211345578 0.0196756733 0.0191225439 0.0165683988 0.0141575219 0.0126184488 0.0130015846 0.0079722966 0.0076975458 0.0084762427 0.0121459915 0.0154905189 0.0136011697 0.0166132524 0.0227387658 0.0143272404 0.0113993331 0.0204578639 0.018546047 0.0182663429 0.0211074663 0.0034280624 0.002325085 0.0191125155 
28 0.0355570355 0.0164843049 0.0161101799 0.0114697098 0.0170730078 0.0227095056 0.0140324138 0.0045613735 0.0308265496 0.0169436679 0.0142660794 0.0107482327 0.0050334244 0.0132064385 0.0136140365 0.0151766704 0.0148831267 0.0130658596 0.0121027248 0.0219607807 0.0019358398 0.0110718176 0.0088367647 0.0108205355 0.0191886189 0.0139592595 0.0170440912 0.0128772073 0.0175619236 0.0110682901 0.0168531999 0.0211355155 0.008255384 0.0457884377 0.0112960746 0.0056760042 0.0142578188 0.006093134 0.0116484044 0.0019390737 0.0046459762 0.0069109651 0.020340927 0.0239506283 0.0095132802 0.0080916538 0.0204915357 0.0145726894 0.0095144258 0.0092173496 0.0207638626 0.0306069262 0.0391858719 0.0168150433 0.024997171 0.0356824335 0.0107597039 0.0137191751 0.0192284608 0.0119579901 0.0129450554 0.012790019 0.0191174394 0.0170488994 
29 0.0088126849 0.0266737274 0.0151107988 0.0147703582 0.0069992378 0.021179604 0.0205532577 0.0145146601 0.0169836003 0.0081938819 0.0123575795 0.0163363873 0.0126807521 0.0161536512 0.0152683423 0.0124119761 0.0096052757 0.0076047708 0.0210823605 0.0264709058 0.0172274069 0.0284563752 0.0167009456 0.0149557403 0.0110244711 0.0094924092 0.0222590214 0.0175619236 0.0089986458 0.0140215702 0.0216293563 0.0122052438 0.0097968052 0.0117140624 0.016746179 0.0173928438 0.0166577537 0.0150724471 0.0144574617 0.007967627 0.0124068103 0.0172464343 0.0159428565 0.0132872274 0.0107756956 0.0091661943 0.0268609923 0.0098547512 0.0237015402 0.0089485366 0.017094694 0.0214268443 0.0069463485 0.0107950171 0.0289248315 0.0182026101 0.0087682985 0.0245566673 0.0072056794 0.0223296571 0.0212558694 0.0175296701 0.0185304356 0.0201402369 
30 0.0153244959 0.0109448462 0.0093819765 0.026344911 0.0057638902 0.0229762666 0.0101756522 0.0221713635 0.0208554083 0.0156048659 0.0113516539 0.016923894 0.0116442986 0.0264188734 0.0095706989 0.0092931645 0.0126507299 0.0159374047 0.0064762963 0.007777905 0.0161932804 0.024844882 0.0029098572 0.0145088766 0.0156806398 0.0150198238 0.0294937201 0.0110682901 0.0140215702 0.0274696301 0.0121295685 0.0118123742 0.0135905981 0.0169625339 0.009594513 0.0143104571 0.0073968374 0.0218661383 0.0160968952 0.018840145 0.014813592 0.0074145428 0.0168093422 0.0161392337 0.0117413122 0.0161309559 0.0257197641 0.030525895 0.0173158252 0.015447508 0.0273478222 0.0097646647 0.0200496682 0.0230575359 0.0212814023 0.0161969322 0.0200310494 0.0044641113 0.0076219551 0.0151432109 0.019176838 0.0181682223 0.0162529292 0.0079864606 
31 0.0143204427 0.024490658 0.0235483302 0.0242737361 0.0155423843 0.0171202198 0.0075647285 0.0114035574 0.0140684586 0.0165145576 0.0062512514 0.015243037 0.009784367 0.0157975804 0.0103103351 0.0123532663 0.0076063992 0.0190025899 0.012499796 0.0154786072 0.0120393469 0.0141119523 0.0194147238 0.017727255 0.0279556308 0.0136670362 0.009844774 0.0168531999 0.0216293563 0.0121295685 0.0025541162 0.0093562544 0.0120082134 0.009596904 0.0083077558 0.0172967677 0.0235713324 0.0187409143 0.0244448681 0.0188962762 0.0181947115 0.0206364554 0.0079036304 0.0171771183 0.0158153632 0.0145800472 0.0201194348 0.0197227576 0.0184517125 0.010948699 0.0263990797 0.0052191953 0.0149991005 0.0164583985 0.021747487 0.0135547032 0.0106083294 0.0229602274 0.0144757503 0.0135979951 0.0085010222 0.0153042243 0.0292248876 0.0200791203 
32 0.0122813758 0.0167153838 0.0126127908 0.0085087302 0.0182734302 0.0118895767 0.0106578088 0.0194707306 0.0082664692 0.0067248559 0.0152962029 0.0289060463 0.0173496063 0.0138924924 0.0202074767 0.0105463431 0.0175728348 0.0226885231 0.0156061218 0.0161765965 0.0104726171 0.0182837059 0.0063402408 0.0118047715 0.0181689164 0.0115566385 0.0141626422 0.0211355155 0.0122052438 0.0118123742 0.0093562544 0.018261956 0.0073215438 0.0115329919 0.0145299327 0.0244700363 0.021339577 0.0116583324 0.0165765046 0.0116505326 0.0245725119 0.022657868 0.0139409154 0.0188544942 0.0181315792 0.0099783319 0.017010257 0.0207101826 0.0239311025 0.0235258716 0.0227885152 0.0162705598 0.0161173085 0.0259927939 0.0110879102 0.0112816381 0.0246232063 0.0158528578 0.0173346251 0.0161189487 0.0076817869 0.0124242798 0.0128365169 0.0099922152 
33 0.0110503424 0.0148375057 0.032744956 0.0208484255 0.0172277601 0.0224134286 0.0370455238 0.0087387438 0.0211073824 0.021069426 0.0187420347 0.011924189 0.0162300298 0.0179651112 0.0211006826 0.0235163861 0.0117556123 0.0125542125 0.0128123878 0.0204556899 0.0075837893 0.0086518444 0.0183756575 0.0093989041 0.005605692 0.011005402 0.0157468123 0.008255384 0.0097968052 0.0135905981 0.0120082134 0.0073215438 0.0289870085 0.0183833461 0.0128416012 0.008836893 0.0220616306 0.0137773704 0.0195134906 0.0119533935 0.019931715 0.0047067607 0.0155692174 0.0104440552 0.0131895456 0.0119743673 0.0208301755 0.017554664 0.0168825576 0.0222753566 0.0177523184 0.023510518 0.0149266187 0.0138726512 0.0108172081 0.0100741365 0.0170058266 0.0112596674 0.0221595965 0.0132916466 0.0121010983 0.0084057006 0.009550052 0.0240793362 
34 0.0147254332 0.0219080075 0.0084473455 0.0125361532 0.0099731976 0.0206059784 0.0243552047 0.0210523911 0.0124438495 0.0223700464 0.0118041703 0.0170357712 0.0196543858 0.0258562858 0.0139185691 0.0104703602 0.0127416321 0.0186057868 0.0128541365 0.0140311143 0.0239906934 0.0073564351 0.0071088979 0.0265632964 0.0053024029 0.0151978482 0.0153979401 0.0457884377 0.0117140624 0.0169625339 0.009596904 0.0115329919 0.0183833461 0.0126884001 0.0116124732 0.0169267776 0.0152966407 0.0056759671 0.0116349951 0.0142974778 0.0173245843 0.0110353863 0.0116535332 0.0183092272 0.0252625012 0.0114104999 0.0162351672 0.0128368249 0.0146116654 0.0121417742 0.0122554382 0.017840165 0.0149519591 0.0143842981 0.0213449698 0.024113706 0.016341128 0.0139267586 0.0109009806 0.0223974621 0.005228546 0.023729332 0.0129077833 0.0104379685 
35 0.022382056 0.0081878372 0.0079393012 0.0080323443 0.0287231912 0.0067252691 0.0221538248 0.0182165917 0.0220560139 0.018511078 0.0276333586 0.0160029932 0.0172709091 0.0162705367 0.0146528457 0.0186756971 0.0155701589 0.0088403665 0.0199670995 0.0257096686 0.018282951 0.007409029 0.0103599905 0.0154420101 0.0091877711 0.0141794294 0.0110345248 0.0112960746 0.016746179 0.009594513 0.0083077558 0.0145299327 0.0128416012 0.0116124732 0.0285120016 0.0172266824 0.0314444113 0.013679963 0.0158312017 0.0218659289 0.0159219828 0.0189201164 0.0128199746 0.0093054153 0.0212891174 0.022739872 0.0257041846 0.0192242443 0.0159493578 0.0121196357 0.0079689084 0.0074377183 0.015007184 0.0120434593 0.0142873502 0.0075335893 0.0169272273 0.0232285162 0.0091874081 0.0174519766 0.0115104882 0.0222803785 0.0053176182 0.012918711 
36 0.0228979511 0.0198396055 0.0100116628 0.0151439002 0.0143663511 0.0159266484 0.0117140243 0.0159269541 0.0205286143 0.0068208771 0.0132271506 0.0125996169 0.0156285178 0.0208557158 0.0122088433 0.0152666841 0.0109471827 0.0022413872 0.0196892942 0.0183561499 0.012376834 0.0277378015 0.0168036393 0.0171624471 0.0230264646 0.0190228264 0.0127919044 0.0056760042 0.0173928438 0.0143104571 0.0172967677 0.0244700363 0.008836893 0.0169267776 0.0172266824 0.0104461189 0.0181994798 0.0208509564 0.0286302193 0.0116369213 0.0157568813 0.0153167539 0.0119383922 0.0044388764 0.0187256282 0.0226792098 0.0084684531 0.0068806038 0.010859346 0.0162264196 0.0101826682 0.0273892954 0.0259537867 0.0201704084 0.0117537485 0.0202779357 0.0201890028 0.0176500218 0.0115122206 0.0082587981 0.0076583457 0.0158327958 0.0159839674 0.0208772341 
37 0.0226722891 0.0058456718 0.0182937964 0.0298336194 0.0191507191 0.0173231085 0.0096067666 0.015491349 0.0219181484 0.0100110261 0.0209922303 0.004906462 0.0201502258 0.0131655669 0.0121860348 0.0093013546 0.0261512656 0.0079517902 0.0080421928 0.0131719703 0.0175425874 0.006205675 0.0230516483 0.0198306225 0.0145301591 0.0162434701 0.0165585517 0.0142578188 0.0166577537 0.0073968374 0.0235713324 0.021339577 0.0220616306 0.0152966407 0.0314444113 0.0181994798 0.0095581374 0.0126449908 0.0146463948 0.0102767749 0.0073076974 0.010405923 0.0219903581 0.0199020339 0.0158736237 0.0285635298 0.0165279622 0.0033795845 0.012507114 0.0133576329 0.0191410103 0.0156020341 0.0072006226 0.0157850896 0.0100605719 0.0096129657 0.009469581 0.0156396219 0.01778593 0.0058536048 0.020305987 0.0244081001 0.0160235892 0.0258157506 
38 0.0169116548 0.0073534601 0.0173939721 0.017360387 0.0260870544 0.011920616 0.0184799835 0.0119366009 0.0205344959 0.011983168 0.007924293 0.0095919768 0.0072119354 0.0055851314 0.0228906227 0.0127162454 0.0144906729 0.0160108558 0.0113606843 0.0141475641 0.0230958063 0.0165369416 0.0170070905 0.0225435992 0.0187529882 0.0237279255 0.0102042594 0.006093134 0.0150724471 0.0218661383 0.0187409143 0.0116583324 0.0137773704 0.0056759671 0.013679963 0.0208509564 0.0126449908 0.002219873 0.0244033417 0.0094814906 0.0227080083 0.0125580262 0.0161367188 0.0247027646 0.0274135992 0.0212037273 0.0065211077 0.0226981178 0.019484698 0.0195254405 0.0182973818 0.0176933166 0.0239649657 0.0238948124 0.0112302596 0.0164543499 0.0137173836 0.009963363 0.0153628558 0.0079719417 0.0060631712 0.0110125739 0.0149873735 0.0265091386 
39 0.0251597054 0.0093956259 0.0215157869 0.0088926802 0.0191884332 0.0151503999 0.0268432489 0.0209243179 0.016321921 0.0131211542 0.0153758176 0.0143651774 0.0105403688 0.0122820361 0.0213038295 0.0159161829 0.0096404227 0.0103658474 0.0054404691 0.0152526678 0.0177291455 0.0123460951 0.0171050028 0.0084821588 0.0207099486 0.0155135146 0.0115474199 0.0116484044 0.0144574617 0.0160968952 0.0244448681 0.0165765046 0.0195134906 0.0116349951 0.0158312017 0.0286302193 0.0146463948 0.0244033417 0.019314166 0.0153456611 0.0124772114 0.0010480596 0.0245694554 0.0077475378 0.0140290608 0.0321875042 0.0086350552 0.0190392633 0.0116234766 0.0193546459 0.0035330316 0.0139273546 0.0113231367 0.010321182 0.0157932721 0.0169133826 0.0231796392 0.0102093079 0.0117458221 0.0201722001 0.0214562716 0.0123021549 0.0177886855 0.0176503066 
40 0.0217423496 0.0239265509 0.0220439107 0.0157264275 0.0218532892 0.0126250455 0.0162911464 0.0219355407 0.0079191047 0.006016169 0.0054820725 0.0271144589 0.0340681049 0.0170696406 0.0133132117 0.0136013783 0.0148385537 0.0216182411 0.0285177921 0.0135797593 0.0138953111 0.017659884 0.0103709232 0.0325015557 0.009182254 0.0162780096 0.0143072789 0.0019390737 0.007967627 0.018840145 0.0188962762 0.0116505326 0.0119533935 0.0142974778 0.0218659289 0.0116369213 0.0102767749 0.0094814906 0.0153456611 0.0084716265 0.0152014398 0.0255615964 0.0124398739 0.017176461 0.0187617543 0.0070765848 0.0049145286 0.0176628863 0.0190851895 0.0148996287 0.0128307632 0.0096371235 0.0137155089 0.0111275992 0.0272515166 0.0168577322 0.005816871 0.01295155 0.0099415352 0.0206231169 0.014534625 0.0217093916 0.0091872362 0.0249345946 
41 0.0128133003 0.0233507514 0.0075734291 0.0205240664 0.0216338574 0.0250764239 0.0135352544 0.0111960106 0.0216117118 0.0125487014 0.0094222162 0.011571759 0.0201137847 0.0186059821 0.0145348015 0.0166823689 0.0179115802 0.0199214705 0.028025523 0.0066111888 0.0134750534 0.0202183757 0.0086595801 0.0291424347 0.0131242426 0.0182021306 0.0211345578 0.0046459762 0.0124068103 0.014813592 0.0181947115 0.0245725119 0.019931715 0.0173245843 0.0159219828 0.0157568813 0.0073076974 0.0227080083 0.0124772114 0.0152014398 0.0158067228 0.0112018793 0.0239641253 0.0235072436 0.0178376014 0.008049764 0.0132508892 0.013886437 0.0177482266 0.0118162065 0.0136456702 0.0203894958 0.0189349033 0.0132228222 0.0111136704 0.0114731308 0.0144924944 0.0086019029 0.0103124481 0.0166165014 0.0097433525 0.0117643669 0.0147816621 0.0093548044 
42 0.0186126553 0.0065246687 0.0158348603 0.0070759705 0.0202860227 0.004951594 0.0090794119 0.0234278372 0.0091241228 0.0162756521 0.0144462124 0.0133787429 0.0093984901 0.0046945862 0.0079897135 0.0158963061 0.0130921797 0.0237212508 0.0221041344 0.0131385485 0.0274244684 0.0064097905 0.0231233237 0.019713787 0.0162789718 0.0204102996 0.0196756733 0.0069109651 0.0172464343 0.0074145428 0.0206364554 0.022657868 0.0047067607 0.0110353863 0.0189201164 0.0153167539 0.010405923 0.0125580262 0.0010480596 0.0255615964 0.0112018793 0.0142941515 0.0338370178 0.0156836187 0.0183741019 0.0189155105 0.0132181499 0.0234876067 0.0282725731 0.0103532546 0.0156806268 0.021529739 0.0187257099 0.0223380433 0.0216632232 0.0265222198 0.0080415827 0.0095846165 0.0245404772 0.013975367 0.0059311144 0.0226082679 0.0166782768 0.0080347091 
43 0.0164435525 0.0182821137 0.01746435 0.0141701691 0.0198934494 0.0249368937 0.0154773075 0.0019589438 0.0113398048 0.0291899415 0.0259903743 0.0063209637 0.0171614431 0.0141402554 0.0244727511 0.0199393251 0.0199283526 0.0200377405 0.0207759413 0.0234382789 0.0105045125 0.0175826972 0.0235348633 0.0160241865 0.016250018 0.019653883 0.0191225439 0.020340927 0.0159428565 0.0168093422 0.0079036304 0.0139409154 0.0155692174 0.0116535332 0.0128199746 0.0119383922 0.0219903581 0.0161367188 0.0245694554 0.0124398739 0.0239641253 0.0338370178 0.0185735538 0.0111882479 0.0038839835 0.0076219961 0.0054043894 0.0137883484 0.0055724768 0.0209669824 0.0129496789 0.0114911614 0.0126435926 0.0100211592 0.0106057518 0.0068645031 0.0122202765 0.0158798519 0.00773042 0.0153005052 0.0122626647 0.0088838254 0.0184951101 0.0137605261 
44 0.0100983288 0.0184926662 0.0121801713 0.0129827006 0.0183157124 0.0089630626 0.0104356809 0.0197783602 0.0213810289 0.0189146716 0.006815863 0.0183116923 0.0122791547 0.0161802793 0.0072453868 0.0228280069 0.0097585531 0.0207727671 0.011984961 0.0193306523 0.0118028443 0.0140405399 0.0056340564 0.0157669533 0.0153394092 0.0119324663 0.0165683988 0.0239506283 0.0132872274 0.0161392337 0.0171771183 0.0188544942 0.0104440552 0.0183092272 0.0093054153 0.0044388764 0.0199020339 0.0247027646 0.0077475378 0.017176461 0.0235072436 0.0156836187 0.0111882479 0.020630109 0.0227474417 0.0192627139 0.0110192252 0.0130794911 0.015545096 0.0100334844 0.0088306796 0.0182526913 0.0093818732 0.0175397547 0.0195615784 0.0125272684 0.019537564 0.0196914484 0.0170294468 0.0206629843 0.0211248483 0.0235429516 0.0257052708 0.0143455269 
45 0.0129769853 0.0207721336 0.0091659237 0.0155712008 0.0107872441 0.0077305002 0.0175630518 0.0216719336 0.0088514303 0.0136739286 0.0132529717 0.0176280301 0.024139249 0.0172234071 0.0061253614 0.0171058352 0.0172346531 0.0136288938 0.0140559839 0.0166015953 0.0126407926 0.0239944845 0.0211322648 0.0228999093 0.0135239553 0.0170310612 0.0141575219 0.0095132802 0.0107756956 0.0117413122 0.0158153632 0.0181315792 0.0131895456 0.0252625012 0.0212891174 0.0187256282 0.0158736237 0.0274135992 0.0140290608 0.0187617543 0.0178376014 0.0183741019 0.0038839835 0.0227474417 0.0179562318 0.0135431424 0.0176826495 0.0136449515 0.0081659048 0.0127086927 0.0211992294 0.0153913465 0.0201809715 0.0165900338 0.0105574931 0.006950527 0.0253305819 0.0264456298 0.0048122868 0.0142107118 0.0116786443 0.0171947174 0.0109099259 0.0103408362 
46 0.0175936792 0.0218351029 0.0219689409 0.0177171206 0.0063219153 0.0188458211 0.0142225061 0.0193737715 0.0198856655 0.0136907122 0.0150656399 0.0156449612 0.0146654403 0.0250049911 0.0107694321 0.0203170919 0.0125458094 0.0225312378 0.0208101793 0.0170952504 0.0172335572 0.0118628474 0.0167934205 0.0142199317 0.0152265497 0.0117155748 0.0126184488 0.0080916538 0.0091661943 0.0161309559 0.0145800472 0.0099783319 0.0119743673 0.0114104999 0.022739872 0.0226792098 0.0285635298 0.0212037273 0.0321875042 0.0070765848 0.008049764 0.0189155105 0.0076219961 0.0192627139 0.0135431424 0.0165670389 0.018887864 0.0029585087 0.0193528742 0.0059026439 0.0130306462 0.0123883809 0.0210719966 0.0236247235 0.009762528 0.019119377 0.0131559555 0.0090643458 0.0162543483 0.0052491368 0.0263623986 0.0130464052 0.0112982142 0.0141514096 
47 0.0182214251 0.0125812076 0.0222681727 0.0119827056 0.0116212792 0.011112464 0.0235544313 0.0129607468 0.0132307583 0.0211787753 0.0146633999 0.0074812722 0.0148257985 0.0079506618 0.0182925801 0.0140374918 0.0265768008 0.0065829673 0.0136710691 0.0286872528 0.0116412293 0.0165056968 0.0208706926 0.0159038474 0.0059057971 0.0096786117 0.0130015846 0.0204915357 0.0268609923 0.0257197641 0.0201194348 0.017010257 0.0208301755 0.0162351672 0.0257041846 0.0084684531 0.0165279622 0.0065211077 0.0086350552 0.0049145286 0.0132508892 0.0132181499 0.0054043894 0.0110192252 0.0176826495 0.018887864 0.0361712065 0.0163558231 0.019193886 0.0095529313 0.0247804796 0.0179847785 0.0095708486 0.016677909 0.0177445371 0.0145990423 0.0157280718 0.0187455335 0.0146538337 0.0166702212 0.0042148974 0.0151565583 0.0205419894 0.0091669477 
48 0.0166492766 0.0190375655 0.0136532962 0.0190702778 0.0184219344 0.0121699052 0.0221410473 0.017570701 0.015444141 0.0085068962 0.0205678786 0.0255221616 0.013458029 0.019422115 0.0186964366 0.0156509948 0.0106565973 0.0082291663 0.0069023115 0.0108494432 0.0186245482 0.0099121005 0.0226718174 0.0133473902 0.006949248 0.0188794238 0.0079722966 0.0145726894 0.0098547512 0.030525895 0.0197227576 0.0207101826 0.017554664 0.0128368249 0.0192242443 0.0068806038 0.0033795845 0.0226981178 0.0190392633 0.0176628863 0.013886437 0.0234876067 0.0137883484 0.0130794911 0.0136449515 0.0029585087 0.0163558231 0.0172714826 0.0195145953 0.0249919336 0.006853438 0.0104228161 0.0082085766 0.0261119831 0.0128775074 0.013165405 0.0137921887 0.0236791904 0.0218609997 0.0149864029 0.0189709456 0.0123490126 0.0115180362 0.0205848549 
