32
1 0.0309693927 0.0264805254 0.025394576 0.0588407012 0.0233671218 0.0322348513 0.0442193366 0.0110039182 0.0420658609 0.0215083461 0.0413855537 0.0268396391 0.0406544514 0.0213565889 0.0053009757 0.0474728881 0.0401708905 0.0205441048 0.0283428266 0.010921339 0.0338623451 0.032508779 0.0354205569 0.0519612514 0.0215945963 0.0257599776 0.0430376941 0.0544859293 0.0371741848 0.0145611578 0.0198604885 0.0306991513 
2 0.0264805254 0.0377344025 0.0175268432 0.0187465034 0.0469841879 0.0392635139 0.0408454866 0.0263425692 0.0138199171 0.0430292266 0.0488775216 0.0402773197 0.0286688358 0.0234623949 0.0272582379 0.0384444702 0.0233495377 0.0518891182 0.0299483936 0.0092069234 0.0269527476 0.0138695432 0.0333055894 0.0733002733 0.0185695729 0.0398988908 0.0095146082 0.0332515324 0.0412418896 0.0264734898 0.0180991045 0.0333668298 
3 0.025394576 0.0175268432 0.0344105456 0.026918704 0.0471593083 0.0260185064 0.0260267208 0.0181562445 0.0299974208 0.0236573088 0.0322840794 0.0292247552 0.0225589166 0.0378960467 0.0071599163 0.0335352835 0.0052205586 0.0488472989 0.0217893704 0.0394868958 0.0360799737 0.0332958851 0.0337546993 0.0318459148 0.0445813051 0.0342364564 0.0327603529 0.0550375721 0.0469115109 0.0365407566 0.0446952077 0.0169910655 
4 0.0588407012 0.0187465034 0.026918704 0.0002550452 0.0230598501 0.0517748601 0.0386318524 0.0319241252 0.02252323 0.0316151705 0.0162008873 0.013567684 0.0371710126 0.042781681 0.0342784712 0.015451985 0.0511390909 0.0384233711 0.0504801882 0.0403628851 0.0257242077 0.0662671444 0.0207732671 0.0142664107 0.0331927299 0.0571755699 0.0315827194 0.0159057926 0.0294731842 0.0154397249 0.0146992214 0.0313527292 
5 0.0233671218 0.0469841879 0.0471593083 0.0230598501 0.0505192137 0.0526211346 0.0324519097 0.0289832767 0.0272083058 0.0493363132 0.0308697276 0.0530677923 0.0197462513 0.0157200239 0.0185539707 0.01648664 0.0312231312 0.0289942719 0.0224091214 0.0089317399 0.0475335477 0.007074639 0.0239524483 0.0138600707 0.0253695532 0.0295972131 0.0244156231 0.0431198267 0.0394980949 0.0287568492 0.033942654 0.055186188 
6 0.0322348513 0.0392635139 0.0260185064 0.0517748601 0.0526211346 0.0131486769 0.0251059301 0.0518643719 0.0205270329 0.0432014556 0.0319094094 0.0365956853 0.0151355336 0.0292028083 0.0430747012 0.0158133679 0.0203232754 0.0247101052 0.0285381868 0.028538004 0.0186368289 0.0426570204 0.0329208219 0.0435617093 0.0313810301 0.0338706403 0.0548319021 0.0194742635 0.027328374 0.0253725364 0.0198939929 0.0204694694 
7 0.0442193366 0.0408454866 0.0260267208 0.0386318524 0.0324519097 0.0251059301 0.0271971048 0.0418345916 0.0274466431 0.0225177209 0.0199729716 0.017703877 0.035533626 0.03808428 0.0418326856 0.0280741562 0.0429005885 0.0369497662 0.0353879266 0.0368798778 0.0341292111 0.0230690747 0.0279724831 0.0471417277 0.0353362331 0.0175686304 0.0435000296 0.0181611444 0.0157018763 0.0272848368 0.0233123048 0.0272253958 
8 0.0110039182 0.0263425692 0.0181562445 0.0319241252 0.0289832767 0.0518643719 0.0418345916 0.0287620287 0.0249965258 0.024852045 0.0218696744 0.0244469407 0.0224428483 0.0327853621 0.0263909017 0.0336680345 0.0362214433 0.0303064185 0.038236455 0.0348775895 0.0338537889 0.0339669604 0.0151832611 0.0343270007 0.0711686314 0.0434466166 0.0091128661 0.0289416889 0.0161793824 0.0287798129 0.0464029653 0.0486716604 
9 0.0420658609 0.0138199171 0.0299974208 0.02252323 0.0272083058 0.0205270329 0.0274466431 0.0249965258 0.028645604 0.033975746 0.0394152659 0.0212539483 0.0813110335 0.0211567338 0.0219685743 0.0505163575 0.0387354516 0.0398780602 0.0347576774 0.0232804252 0.0112750157 0.0161322528 0.0336143881 0.0480110434 0.0104482252 0.01401543 0.0369304379 0.0560024941 0.0288278316 0.0282022252 0.0416931004 0.0313677416 
10 0.0215083461 0.0430292266 0.0236573088 0.0316151705 0.0493363132 0.0432014556 0.0225177209 0.024852045 0.033975746 0.0565820033 0.0323902389 0.0373287205 0.0458662907 0.0201479487 0.0285227427 0.0128797575 0.032306137 0.0426093905 0.0377487799 0.0182276127 0.0223028631 0.0411396778 0.0373715931 0.0321896555 0.0479411553 0.0290316598 0.0198070424 0.0354389317 0.0173528298 0.0148884728 0.0293329185 0.014900245 
11 0.0413855537 0.0488775216 0.0322840794 0.0162008873 0.0308697276 0.0319094094 0.0199729716 0.0218696744 0.0394152659 0.0323902389 0.0219252105 0.0249310464 0.0361944296 0.0246632338 0.018964848 0.0232206886 0.0313631626 0.0408034199 0.0407190473 0.0561877373 0.0382996399 0.0408855385 0.0434234396 0.0245093745 0.0188874559 0.0333984108 0.000476048 0.0343056894 0.0479672356 0.0240222094 0.0493734379 0.0103033669 
12 0.0268396391 0.0402773197 0.0292247552 0.013567684 0.0530677923 0.0365956853 0.017703877 0.0244469407 0.0212539483 0.0373287205 0.0249310464 0.0112554208 0.0271464097 0.0255989371 0.0369438823 0.040176446 0.0421819824 0.0260542671 0.0302685189 0.0507224068 0.0193545687 0.0246905484 0.0419628918 0.0403877086 0.0621716912 0.012289458 0.0123364232 0.0368176979 0.0715996227 0.0137104383 0.0379248264 0.011168445 
13 0.0406544514 0.0286688358 0.0225589166 0.0371710126 0.0197462513 0.0151355336 0.035533626 0.0224428483 0.0813110335 0.0458662907 0.0361944296 0.0271464097 0.0704016709 0.0140869054 0.0426390987 0.0287353171 0.0295276899 0.0426612371 0.0380611791 0.0420587059 0.0218507797 0.0181177143 0.0061842642 0.0363449835 0.0313217368 0.0242832802 0.0322503165 0.0169841333 0.0125591979 0.031851783 0.0250586456 0.0225917215 
14 0.0213565889 0.0234623949 0.0378960467 0.042781681 0.0157200239 0.0292028083 0.03808428 0.0327853621 0.0211567338 0.0201479487 0.0246632338 0.0255989371 0.0140869054 0.0131926676 0.040773897 0.0307617594 0.0202654778 0.0044961508 0.026975395 0.0235935703 0.0321802061 0.039935162 0.0600352185 0.0266848465 0.0433423636 0.0440187209 0.051657073 0.0287980214 0.0223540337 0.0351006249 0.0734701911 0.0354216757 
15 0.0053009757 0.0272582379 0.0071599163 0.0342784712 0.0185539707 0.0430747012 0.0418326856 0.0263909017 0.0219685743 0.0285227427 0.018964848 0.0369438823 0.0426390987 0.040773897 0.0319043376 0.0553678957 0.032117967 0.0309935137 0.0318001821 0.0335658863 0.0240767377 0.0320073029 0.0303271727 0.0190902937 0.0434489272 0.042958871 0.0288863547 0.018643079 0.0293504157 0.0542926189 0.0502389373 0.0172666034 
16 0.0474728881 0.0384444702 0.0335352835 0.015451985 0.01648664 0.0158133679 0.0280741562 0.0336680345 0.0505163575 0.0128797575 0.0232206886 0.040176446 0.0287353171 0.0307617594 0.0553678957 0.0304591335 0.0409421016 0.0425101259 0.0234838182 0.0154523225 0.0143483317 0.0409743079 0.0436916003 0.0298379893 0.0223157977 0.0297271502 0.0604553644 0.019901117 0.0203699339 0.0386059425 0.0115534725 0.0447664439 
17 0.0401708905 0.0233495377 0.0052205586 0.0511390909 0.0312231312 0.0203232754 0.0429005885 0.0362214433 0.0387354516 0.032306137 0.0313631626 0.0421819824 0.0295276899 0.0202654778 0.032117967 0.0409421016 0.0628379178 0.0025569592 0.0487050193 0.0298454535 0.0344854654 0.016565118 0.0241759504 0.0349257012 0.0241152342 0.0367671009 0.0191188181 0.0315259517 0.0266532048 0.0304407806 0.0140937173 0.0451991216 
18 0.0205441048 0.0518891182 0.0488472989 0.0384233711 0.0289942719 0.0247101052 0.0369497662 0.0303064185 0.0398780602 0.0426093905 0.0408034199 0.0260542671 0.0426612371 0.0044961508 0.0309935137 0.0425101259 0.0025569592 0.0224122377 0.0293312835 0.025089706 0.0366788333 0.0239598123 0.033327683 0.0128971189 0.0306480821 0.0283860821 0.0304255978 0.0620827489 0.0138823425 0.0427114992 0.0479444752 0.0069949181 
19 0.0283428266 0.0299483936 0.0217893704 0.0504801882 0.0224091214 0.0285381868 0.0353879266 0.038236455 0.0347576774 0.0377487799 0.0407190473 0.0302685189 0.0380611791 0.026975395 0.0318001821 0.0234838182 0.0487050193 0.0293312835 0.0279080234 0.0248055777 0.0292911823 0.0056758841 0.0269811798 0.0400764984 0.0358097948 0.0171058778 0.0415156471 0.0262660062 0.0084213868 0.0249415565 0.041844357 0.0523736587 
20 0.010921339 0.0092069234 0.0394868958 0.0403628851 0.0089317399 0.028538004 0.0368798778 0.0348775895 0.0232804252 0.0182276127 0.0561877373 0.0507224068 0.0420587059 0.0235935703 0.0335658863 0.0154523225 0.0298454535 0.025089706 0.0248055777 0.0245969209 0.0441527854 0.0699126013 0.0152196527 0.0389616075 0.0423720926 0.0575285019 0.0072521588 0.0179011707 0.0500806187 0.0404472046 0.0237286179 0.0158114084 
21 0.0338623451 0.0269527476 0.0360799737 0.0257242077 0.0475335477 0.0186368289 0.0341292111 0.0338537889 0.0112750157 0.0223028631 0.0382996399 0.0193545687 0.0218507797 0.0321802061 0.0240767377 0.0143483317 0.0344854654 0.0366788333 0.0292911823 0.0441527854 0.0263363543 0.0478813977 0.044770338 0.0218317396 0.0347795897 0.0340038776 0.0405690864 0.0237290746 0.0263133533 0.0481206226 0.0008074145 0.0657880921 
22 0.032508779 0.0138695432 0.0332958851 0.0662671444 0.007074639 0.0426570204 0.0230690747 0.0339669604 0.0161322528 0.0411396778 0.0408855385 0.0246905484 0.0181177143 0.039935162 0.0320073029 0.0409743079 0.016565118 0.0239598123 0.0056758841 0.0699126013 0.0478813977 0.0222991981 0.033619866 0.0407945331 0.0130030687 0.0196925104 0.0360466553 0.0500052503 0.0178909078 0.0535014356 0.0218636622 0.020696548 
23 0.0354205569 0.0333055894 0.0337546993 0.0207732671 0.0239524483 0.0329208219 0.0279724831 0.0151832611 0.0336143881 0.0373715931 0.0434234396 0.0419628918 0.0061842642 0.0600352185 0.0303271727 0.0436916003 0.0241759504 0.033327683 0.0269811798 0.0152196527 0.044770338 0.033619866 0.0140256348 0.0210116037 0.0147000202 0.0369581882 0.0296775004 0.0367610688 0.0391280528 0.0357442602 0.0223211532 0.0516841525 
24 0.0519612514 0.0733002733 0.0318459148 0.0142664107 0.0138600707 0.0435617093 0.0471417277 0.0343270007 0.0480110434 0.0321896555 0.0245093745 0.0403877086 0.0363449835 0.0266848465 0.0190902937 0.0298379893 0.0349257012 0.0128971189 0.0400764984 0.0389616075 0.0218317396 0.0407945331 0.0210116037 0.0400376998 0.0103626892 0.0265642974 0.0361293433 0.0305691043 0.0177821485 0.022294302 0.0130856326 0.0253557269 
25 0.0215945963 0.0185695729 0.0445813051 0.0331927299 0.0253695532 0.0313810301 0.0353362331 0.0711686314 0.0104482252 0.0479411553 0.0188874559 0.0621716912 0.0313217368 0.0433423636 0.0434489272 0.0223157977 0.0241152342 0.0306480821 0.0358097948 0.0423720926 0.0347795897 0.0130030687 0.0147000202 0.0103626892 0.0371881498 0.031080164 0.0275787634 0.0190297507 0.0208000521 0.0448356005 0.0125081259 0.0401178171 
26 0.0257599776 0.0398988908 0.0342364564 0.0571755699 0.0295972131 0.0338706403 0.0175686304 0.0434466166 0.01401543 0.0290316598 0.0333984108 0.012289458 0.0242832802 0.0440187209 0.042958871 0.0297271502 0.0367671009 0.0283860821 0.0171058778 0.0575285019 0.0340038776 0.0196925104 0.0369581882 0.0265642974 0.031080164 0.011285059 0.017907814 0.0208490842 0.0468288708 0.0213388006 0.0300316447 0.0523951506 
27 0.0430376941 0.0095146082 0.0327603529 0.0315827194 0.0244156231 0.0548319021 0.0435000296 0.0091128661 0.0369304379 0.0198070424 0.000476048 0.0123364232 0.0322503165 0.051657073 0.0288863547 0.0604553644 0.0191188181 0.0304255978 0.0415156471 0.0072521588 0.0405690864 0.0360466553 0.0296775004 0.0361293433 0.0275787634 0.017907814 0.0340251084 0.0441811957 0.0325043223 0.0291678078 0.0500974739 0.0322478518 
28 0.0544859293 0.0332515324 0.0550375721 0.0159057926 0.0431198267 0.0194742635 0.0181611444 0.0289416889 0.0560024941 0.0354389317 0.0343056894 0.0368176979 0.0169841333 0.0287980214 0.018643079 0.019901117 0.0315259517 0.0620827489 0.0262660062 0.0179011707 0.0237290746 0.0500052503 0.0367610688 0.0305691043 0.0190297507 0.0208490842 0.0441811957 0.0282898441 0.0192821451 0.0309022187 0.0416204876 0.0017359845 
29 0.0371741848 0.0412418896 0.0469115109 0.0294731842 0.0394980949 0.027328374 0.0157018763 0.0161793824 0.0288278316 0.0173528298 0.0479672356 0.0715996227 0.0125591979 0.0223540337 0.0293504157 0.0203699339 0.0266532048 0.0138823425 0.0084213868 0.0500806187 0.0263133533 0.0178909078 0.0391280528 0.0177821485 0.0208000521 0.0468288708 0.0325043223 0.0192821451 0.0382330992 0.0609514007 0.0415556728 0.035802824 
30 0.0145611578 0.0264734898 0.0365407566 0.0154397249 0.0287568492 0.0253725364 0.0272848368 0.0287798129 0.0282022252 0.0148884728 0.0240222094 0.0137104383 0.031851783 0.0351006249 0.0542926189 0.0386059425 0.0304407806 0.0427114992 0.0249415565 0.0404472046 0.0481206226 0.0535014356 0.0357442602 0.022294302 0.0448356005 0.0213388006 0.0291678078 0.0309022187 0.0609514007 0.00840806 0.0447374254 0.0175735458 
31 0.0198604885 0.0180991045 0.0446952077 0.0146992214 0.033942654 0.0198939929 0.0233123048 0.0464029653 0.0416931004 0.0293329185 0.0493734379 0.0379248264 0.0250586456 0.0734701911 0.0502389373 0.0115534725 0.0140937173 0.0479444752 0.041844357 0.0237286179 0.0008074145 0.0218636622 0.0223211532 0.0130856326 0.0125081259 0.0300316447 0.0500974739 0.0416204876 0.0415556728 0.0447374254 0.0278205162 0.0263881546 
32 0.0306991513 0.0333668298 0.0169910655 0.0313527292 0.055186188 0.0204694694 0.0272253958 0.0486716604 0.0313677416 0.014900245 0.0103033669 0.011168445 0.0225917215 0.0354216757 0.0172666034 0.0447664439 0.0451991216 0.0069949181 0.0523736587 0.0158114084 0.0657880921 0.020696548 0.0516841525 0.0253557269 0.0401178171 0.0523951506 0.0322478518 0.0017359845 0.035802824 0.0175735458 0.0263881546 0.0580863128 
