32
1 0.0480904839 0.0283248028 0.0261379677 0.0274206488 0.0214337068 0.0127920828 0.0632758935 0.0382701999 0.0294270323 0.0218266172 0.0203829625 0.0400024309 0.0249907853 0.0299455911 0.0309787784 0.0418087923 0.0264048264 0.0518495984 0.0388283947 0.0116132755 0.0551836167 0.0148784616 0.0635348415 0.0292575388 0.0318704732 0.0168172445 0.031890646 0.0119436993 0.014791906 0.0522834242 0.0282007466 0.0155425304 
2 0.0283248028 0.0238066126 0.0440763026 0.0428430755 0.0299796979 0.0098431426 0.0267543357 0.0158912787 0.0212350771 0.0222374611 0.0340794874 0.0197706587 0.0268340336 0.0416798235 0.0568649144 0.0396290433 0.0179581463 0.0319879414 0.0302243883 0.036952811 0.0382469938 0.0282138902 0.0425268825 0.0217346945 0.0257776129 0.0384823606 0.0229942122 0.0341985439 0.0394028467 0.028370333 0.0371552878 0.0419233073 
3 0.0261379677 0.0440763026 0.0616699238 0.0334425344 0.0224724917 0.0277159119 0.0113596986 0.0396985313 0.0415281477 0.0243613004 0.0095721134 0.0407543392 0.0200751338 0.0444167358 0.034493053 0.0470672054 0.0197718635 0.010529705 0.0185152067 0.0389696054 0.0377595148 0.0173543798 0.0184628211 0.0341216955 0.0250321528 0.0280663882 0.0147815251 0.0325217314 0.0561318501 0.0333901053 0.0270806171 0.0586694474 
4 0.0274206488 0.0428430755 0.0334425344 0.0137278284 0.0398378249 0.0324439857 0.0285367253 0.0345167087 0.0481591091 0.0158531329 0.0273628 0.0250945327 0.038562532 0.0257173063 0.0171628293 0.044725039 0.020332731 0.0336892676 0.0427578663 0.0268656747 0.041151896 0.0290195827 0.0207222409 0.0565130306 0.0460528844 0.0292635116 0.0434078894 0.0184710084 0.0278491323 0.0093806015 0.0502964106 0.0088196589 
5 0.0214337068 0.0299796979 0.0224724917 0.0398378249 0.0485728209 0.0128768556 0.0220163599 0.0075157196 0.0314059847 0.0268698202 0.0143057174 0.0427124939 0.0305734987 0.0517264832 0.0241435135 0.0256117872 0.0671786916 0.0307561528 0.0152652103 0.0289844659 0.0444032429 0.0492464183 0.0307812172 0.0100991656 0.0201760413 0.0275600184 0.0802383571 0.0253370803 0.0391239607 0.0352277285 0.0309730628 0.0125944102 
6 0.0127920828 0.0098431426 0.0277159119 0.0324439857 0.0128768556 0.0222813895 0.0387248266 0.0319451694 0.033646422 0.017119524 0.0341850732 0.0308416809 0.0118416669 0.0508774406 0.0610783835 0.0460514315 0.0258127193 0.0432570375 0.0373365202 0.0301166563 0.0480169277 0.0550098552 0.0493470575 0.0167792863 0.0420121531 0.0259312813 0.0161654929 0.0319976004 0.0260859435 0.0419061492 0.0155871415 0.0203731913 
7 0.0632758935 0.0267543357 0.0113596986 0.0285367253 0.0220163599 0.0387248266 0.0590509332 0.0278020656 0.0228076059 0.0320373336 0.0213328063 0.0243871644 0.011013899 0.0332277424 0.0049285517 0.0192905662 0.0590231308 0.0364133834 0.0307808592 0.0469937474 0.0558410392 0.0218941599 0.0216159611 0.0124846548 0.0304714645 0.0232918405 0.0333472402 0.051003163 0.0381439205 0.0342446431 0.0206816314 0.037222653 
8 0.0382701999 0.0158912787 0.0396985313 0.0345167087 0.0075157196 0.0319451694 0.0278020656 0.0360444005 0.0052623373 0.0418870726 0.0652571196 0.0568164047 0.0198238111 0.0243628465 0.0245354935 0.0203379756 0.0408790815 0.026083798 0.0178356407 0.0186451498 0.0370074474 0.0405259848 0.0317220163 0.0253513083 0.0430813836 0.0180169828 0.0292989412 0.0294122352 0.0178172772 0.0296374201 0.0332930969 0.0714251016 
9 0.0294270323 0.0212350771 0.0415281477 0.0481591091 0.0314059847 0.033646422 0.0228076059 0.0052623373 0.0452800393 0.0376698421 0.0150634968 0.015154622 0.0187380401 0.019251421 0.0220296845 0.037109858 0.0233396527 0.0259089272 0.0175863623 0.0492538112 0.0216923226 0.0177771404 0.0448786444 0.0581505818 0.0362884975 0.0403485132 0.0474722076 0.0321331988 0.0421841613 0.0609556403 0.0336320182 0.0046296007 
10 0.0218266172 0.0222374611 0.0243613004 0.0158531329 0.0268698202 0.017119524 0.0320373336 0.0418870726 0.0376698421 0.0361019572 0.0283085166 0.0336584071 0.0325185908 0.0231271214 0.0132047304 0.0349641135 0.0267841135 0.0331990519 0.0397414018 0.0356253586 0.040492736 0.0569065102 0.0237137213 0.0455386562 0.0351495291 0.0336658958 0.0294206895 0.0224744818 0.0356207772 0.0366804804 0.0332160846 0.0300249713 
11 0.0203829625 0.0340794874 0.0095721134 0.0273628 0.0143057174 0.0341850732 0.0213328063 0.0652571196 0.0150634968 0.0283085166 0.0295666225 0.026872948 0.0390838043 0.0243900392 0.0139688277 0.0383240022 0.0470545342 0.0468016946 0.0494298183 0.0221027849 0.0275737018 0.0465247897 0.0236259105 0.0275682233 0.0559223041 0.0243806652 0.0208641822 0.0324144948 0.0181921859 0.0174357352 0.0539925254 0.0440601127 
12 0.0400024309 0.0197706587 0.0407543392 0.0250945327 0.0427124939 0.0308416809 0.0243871644 0.0568164047 0.015154622 0.0336584071 0.026872948 0.0310102856 0.0478783697 0.0196035452 0.010305128 0.0082645915 0.0253338184 0.0262818705 0.006731159 0.0267126714 0.0446774897 0.0223919265 0.0564126098 0.058224607 0.0241086017 0.034799012 0.0244738619 0.0499784277 0.0360219005 0.0287376095 0.023367077 0.038619755 
13 0.0249907853 0.0268340336 0.0200751338 0.038562532 0.0305734987 0.0118416669 0.011013899 0.0198238111 0.0187380401 0.0325185908 0.0390838043 0.0478783697 0.0131064615 0.0208312686 0.0415001446 0.0358818939 0.0256977505 0.0245933625 0.035583297 0.037175726 0.0309684007 0.0316961125 0.0187299246 0.0359216595 0.0404366918 0.0541851975 0.0259356263 0.0443093672 0.0664241725 0.0446588815 0.0335740011 0.0168558947 
14 0.0299455911 0.0416798235 0.0444167358 0.0257173063 0.0517264832 0.0508774406 0.0332277424 0.0243628465 0.019251421 0.0231271214 0.0243900392 0.0196035452 0.0208312686 0.0164219107 0.0214315301 0.0253452549 0.0170147473 0.027783858 0.0583336218 0.0458344928 0.0412791581 0.030744387 0.0279616544 0.0259146621 0.0383520732 0.0455631812 0.0367486039 0.0493503947 0.0351363352 0.0215614931 0.0162223682 0.0098429084 
15 0.0309787784 0.0568649144 0.034493053 0.0171628293 0.0241435135 0.0610783835 0.0049285517 0.0245354935 0.0220296845 0.0132047304 0.0139688277 0.010305128 0.0415001446 0.0214315301 0.0481032455 0.0287759399 0.0403985263 0.0338971855 0.0338179735 0.0309850038 0.0236919722 0.0480678348 0.0422577735 0.0318110477 0.0563769629 0.0404229165 0.0363692362 0.0375608467 0.0108286343 0.0335680193 0.0406306491 0.0058106697 
16 0.0418087923 0.0396290433 0.0470672054 0.044725039 0.0256117872 0.0460514315 0.0192905662 0.0203379756 0.037109858 0.0349641135 0.0383240022 0.0082645915 0.0358818939 0.0253452549 0.0287759399 0.034949327 0.0114950605 0.0383550199 0.0508499278 0.0258435125 0.008660263 0.0381566946 0.0360242384 0.0416341442 0.0405541993 0.0375994699 0.0140579412 0.0254902118 0.0315659824 0.0296114132 0.0210769462 0.0208881536 
17 0.0264048264 0.0179581463 0.0197718635 0.020332731 0.0671786916 0.0258127193 0.0590231308 0.0408790815 0.0233396527 0.0267841135 0.0470545342 0.0253338184 0.0256977505 0.0170147473 0.0403985263 0.0114950605 0.0314690136 0.0416621173 0.0485919446 0.0071572358 0.0532974569 0.0386685784 0.0332373813 0.0237199699 0.0226978506 0.0296770711 0.0600451037 0.0338303478 0.0260267166 0.0166974303 0.0232524364 0.0154899518 
18 0.0518495984 0.0319879414 0.010529705 0.0336892676 0.0307561528 0.0432570375 0.0364133834 0.026083798 0.0259089272 0.0331990519 0.0468016946 0.0262818705 0.0245933625 0.027783858 0.0338971855 0.0383550199 0.0416621173 0.0185379393 0.0438820139 0.0522096285 0.006041561 0.0285152712 0.0095881922 0.0141731268 0.0246455946 0.0329372899 0.0176019467 0.0141788692 0.0499226245 0.0280254683 0.0364179417 0.0602725608 
19 0.0388283947 0.0302243883 0.0185152067 0.0427578663 0.0152652103 0.0373365202 0.0307808592 0.0178356407 0.0175863623 0.0397414018 0.0494298183 0.006731159 0.035583297 0.0583336218 0.0338179735 0.0508499278 0.0485919446 0.0438820139 0.0105561065 0.0273656736 0.0198136362 0.0071279392 0.0086236574 0.0294018345 0.0188260323 0.0356479106 0.0357969722 0.0203369535 0.033526292 0.050133657 0.0533021657 0.0334495628 
20 0.0116132755 0.036952811 0.0389696054 0.0268656747 0.0289844659 0.0301166563 0.0469937474 0.0186451498 0.0492538112 0.0356253586 0.0221027849 0.0267126714 0.037175726 0.0458344928 0.0309850038 0.0258435125 0.0071572358 0.0522096285 0.0273656736 0.0306930266 0.0210771994 0.067638308 0.0341051737 0.0226282396 0.01608162 0.0435854231 0.0172466625 0.0408131359 0.0146982783 0.0212856046 0.0293399568 0.0414000864 
21 0.0551836167 0.0382469938 0.0377595148 0.041151896 0.0444032429 0.0480169277 0.0558410392 0.0370074474 0.0216923226 0.040492736 0.0275737018 0.0446774897 0.0309684007 0.0412791581 0.0236919722 0.008660263 0.0532974569 0.006041561 0.0198136362 0.0210771994 0.0485542514 0.025133047 0.0284348857 0.0262542999 0.0206603432 0.0010839733 0.0372497999 0.0383226401 0.0217839127 0.0276940911 0.0069357347 0.0210164448 
22 0.0148784616 0.0282138902 0.0173543798 0.0290195827 0.0492464183 0.0550098552 0.0218941599 0.0405259848 0.0177771404 0.0569065102 0.0465247897 0.0223919265 0.0316961125 0.030744387 0.0480678348 0.0381566946 0.0386685784 0.0285152712 0.0071279392 0.067638308 0.025133047 0.0186512066 0.0139822222 0.0168481368 0.0207753398 0.0289459481 0.0403656174 0.0385476397 0.0193515365 0.0425869274 0.0307115485 0.0137426051 
23 0.0635348415 0.0425268825 0.0184628211 0.0207222409 0.0307812172 0.0493470575 0.0216159611 0.0317220163 0.0448786444 0.0237137213 0.0236259105 0.0564126098 0.0187299246 0.0279616544 0.0422577735 0.0360242384 0.0332373813 0.0095881922 0.0086236574 0.0341051737 0.0284348857 0.0139822222 0.0313515082 0.0376629054 0.0415837044 0.0277877216 0.021942294 0.0375702249 0.0166442146 0.0468257291 0.026345686 0.0319969842 
24 0.0292575388 0.0217346945 0.0341216955 0.0565130306 0.0100991656 0.0167792863 0.0124846548 0.0253513083 0.0581505818 0.0455386562 0.0275682233 0.058224607 0.0359216595 0.0259146621 0.0318110477 0.0416341442 0.0237199699 0.0141731268 0.0294018345 0.0226282396 0.0262542999 0.0168481368 0.0376629054 0.0059287824 0.0540175674 0.0301518488 0.0101860748 0.0313106328 0.0582071331 0.0181472221 0.0581367357 0.0321205338 
25 0.0318704732 0.0257776129 0.0250321528 0.0460528844 0.0201760413 0.0420121531 0.0304714645 0.0430813836 0.0362884975 0.0351495291 0.0559223041 0.0241086017 0.0404366918 0.0383520732 0.0563769629 0.0405541993 0.0226978506 0.0246455946 0.0188260323 0.01608162 0.0206603432 0.0207753398 0.0415837044 0.0540175674 0.0 0.006292465 0.0128092753 0.0157635796 0.0667474397 0.0158715386 0.0403410208 0.0312236031 
26 0.0168172445 0.0384823606 0.0280663882 0.0292635116 0.0275600184 0.0259312813 0.0232918405 0.0180169828 0.0403485132 0.0336658958 0.0243806652 0.034799012 0.0541851975 0.0455631812 0.0404229165 0.0375994699 0.0296770711 0.0329372899 0.0356479106 0.0435854231 0.0010839733 0.0289459481 0.0277877216 0.0301518488 0.006292465 0.0852680744 0.02107442 0.028570716 0.0329610046 0.0270296861 0.0058411145 0.0447508536 
27 0.031890646 0.0229942122 0.0147815251 0.0434078894 0.0802383571 0.0161654929 0.0333472402 0.0292989412 0.0474722076 0.0294206895 0.0208641822 0.0244738619 0.0259356263 0.0367486039 0.0363692362 0.0140579412 0.0600451037 0.0176019467 0.0357969722 0.0172466625 0.0372497999 0.0403656174 0.021942294 0.0101860748 0.0128092753 0.02107442 0.0170283056 0.0389422367 0.0217660506 0.0346838789 0.0459479637 0.0598467452 
28 0.0119436993 0.0341985439 0.0325217314 0.0184710084 0.0253370803 0.0319976004 0.051003163 0.0294122352 0.0321331988 0.0224744818 0.0324144948 0.0499784277 0.0443093672 0.0493503947 0.0375608467 0.0254902118 0.0338303478 0.0141788692 0.0203369535 0.0408131359 0.0383226401 0.0385476397 0.0375702249 0.0313106328 0.0157635796 0.028570716 0.0389422367 0.034404475 0.0200358762 0.016136103 0.033213977 0.029426107 
29 0.014791906 0.0394028467 0.0561318501 0.0278491323 0.0391239607 0.0260859435 0.0381439205 0.0178172772 0.0421841613 0.0356207772 0.0181921859 0.0360219005 0.0664241725 0.0351363352 0.0108286343 0.0315659824 0.0260267166 0.0499226245 0.033526292 0.0146982783 0.0217839127 0.0193515365 0.0166442146 0.0582071331 0.0667474397 0.0329610046 0.0217660506 0.0200358762 0.0063051422 0.0191726374 0.0216843785 0.035845776 
30 0.0522834242 0.028370333 0.0333901053 0.0093806015 0.0352277285 0.0419061492 0.0342446431 0.0296374201 0.0609556403 0.0366804804 0.0174357352 0.0287376095 0.0446588815 0.0215614931 0.0335680193 0.0296114132 0.0166974303 0.0280254683 0.050133657 0.0212856046 0.0276940911 0.0425869274 0.0468257291 0.0181472221 0.0158715386 0.0270296861 0.0346838789 0.016136103 0.0191726374 0.0368381024 0.0273004315 0.0339218144 
31 0.0282007466 0.0371552878 0.0270806171 0.0502964106 0.0309730628 0.0155871415 0.0206816314 0.0332930969 0.0336320182 0.0332160846 0.0539925254 0.023367077 0.0335740011 0.0162223682 0.0406306491 0.0210769462 0.0232524364 0.0364179417 0.0533021657 0.0293399568 0.0069357347 0.0307115485 0.026345686 0.0581367357 0.0403410208 0.0058411145 0.0459479637 0.033213977 0.0216843785 0.0273004315 0.0262092514 0.0360399928 
32 0.0155425304 0.0419233073 0.0586694474 0.0088196589 0.0125944102 0.0203731913 0.037222653 0.0714251016 0.0046296007 0.0300249713 0.0440601127 0.038619755 0.0168558947 0.0098429084 0.0058106697 0.0208881536 0.0154899518 0.0602725608 0.0334495628 0.0414000864 0.0210164448 0.0137426051 0.0319969842 0.0321205338 0.0312236031 0.0447508536 0.0598467452 0.029426107 0.035845776 0.0339218144 0.0360399928 0.042154012 
