64
1 0.0116061302 0.0189819568 0.0207302572 0.0212141056 0.0105799068 0.0318400408 0.0241128203 0.0060053051 0.0107059196 0.0189126785 0.0093049516 0.0190938272 0.0149640117 0.0210032281 0.0276884102 0.0054102958 0.0071605135 0.0117779916 0.0026327303 0.018010552 0.0216061265 0.0091067834 0.0158569607 0.0270106673 0.0185344389 0.0137656504 0.0091109587 0.0238735123 0.005766334 0.0118007211 0.0073507116 0.0121803087 0.0125203945 0.0149738406 0.0182204982 0.0095412683 0.0191382629 0.0195896042 0.0189016468 0.0102797311 0.0194461451 0.0160943195 0.0123262214 0.0105130103 0.0106235045 0.0112095574 0.027635599 0.019575184 0.0165358555 0.0126033435 0.0239926673 0.0229458753 0.0159890244 0.0109375237 0.0179606149 0.0151331564 0.0146367971 0.0305458283 0.0106147096 0.0118749826 0.00750283 0.0172346075 0.0153213753 0.0178832142 
2 0.0189819568 0.0156263647 0.0128131304 0.0069127757 0.018702085 0.0190620338 0.0242249528 0.0102536553 0.0223945157 0.0089592474 0.0154923742 0.0096786406 0.0112851819 0.014929583 0.0067423553 0.0207327553 0.012020658 0.0110501522 0.004625751 0.0141715588 0.0125269248 0.0233256076 0.0110376964 0.0134575143 0.0285730498 0.0096268945 0.0211640774 0.0053845274 0.0205784775 0.0086852462 0.0202318075 0.0117604956 0.0174310238 0.0130427305 0.0253918367 0.0150126995 0.0036740714 0.0120198495 0.0126658856 0.005912999 0.0074618443 0.016068695 0.035458292 0.0146891425 0.0251628281 0.017974217 0.0160357819 0.0273990736 0.0262110187 0.0178723508 0.0189407722 0.0163613293 0.0183766696 0.0174291029 0.0178480604 0.0143807587 0.0180466663 0.0306377349 0.0080189314 0.0106193577 0.0120131183 0.0156719482 0.0164289089 0.0107302543 
3 0.0207302572 0.0128131304 0.0033297016 0.0309816431 0.0154323921 0.0139487727 0.0193345482 0.0056925247 0.0045686089 0.0071994894 0.0251302498 0.0125275045 0.0097284604 0.0194693248 0.018973803 0.0200868132 0.0126754153 0.0131085737 0.0140644755 0.0117031518 0.0168308567 0.0170846013 0.0177713301 0.0231598711 0.0303478971 0.0148283767 0.0146871982 0.0103323934 0.0103217074 0.0110619969 0.010875429 0.0230515267 0.0371466783 0.0172954299 0.0125362037 0.0141255465 0.0076940031 0.0228084958 0.0028848738 0.0182692599 0.0256034438 0.02235917 0.0298463701 0.0091499201 0.0144687329 0.0119053343 0.0189156978 0.0163410339 0.0174857485 0.029912704 0.0104082529 0.0306199813 0.0143800185 0.0098704663 0.0086787626 0.0069670388 0.0117415182 0.0028617529 0.0174032759 0.0219948388 0.0153778615 0.006198122 0.0018794899 0.0210179495 
4 0.0212141056 0.0069127757 0.0309816431 0.0084309304 0.0123084916 0.0083185462 0.0097345605 0.0167774017 0.0040492369 0.030813161 0.0047909652 0.0157698903 0.0129435422 0.0216142487 0.024290945 0.0136344275 0.0248854774 0.017702172 0.0210485157 0.0140377519 0.0194147917 0.0231544016 0.0115570237 0.0096396704 0.0081549138 0.0221467433 0.0224476359 0.0233538766 0.0087640122 0.0114950057 0.0209753897 0.0131203733 0.0150529417 0.0088591797 0.0031950214 0.0169345647 0.0106511984 0.0115453725 0.0208119691 0.0123313956 0.0306996311 0.0055765417 0.010553336 0.0204930692 0.0154198366 0.0169463471 0.0129259607 0.0180969197 0.0158349185 0.0096811762 0.0084089014 0.0174751205 0.0139329136 0.0210760796 0.0285630186 0.0 0.0221058898 0.0166484213 0.0186970368 0.0192386565 0.0159918115 0.0277174814 0.0121997969 0.0078528659 
5 0.0105799068 0.018702085 0.0154323921 0.0123084916 0.0179285069 0.013848877 0.0106668557 0.0270942352 0.0200345232 0.0161131496 0.0074141913 0.0170087291 0.0181151491 0.0196674374 0.0038929392 0.0222944101 0.0080678136 0.0198442964 0.0177324644 0.021530831 0.0124107346 0.0274602204 0.0093067684 0.0129922659 0.0136020671 0.0099352276 0.0029066432 0.0174077924 0.0104814457 0.0159789091 0.0152216981 0.0119168642 0.005296355 0.0137953944 0.0173289133 0.0182132373 0.0225247975 0.0320753809 0.0055775486 0.0255331018 0.0200309166 0.0103955689 0.0176778418 0.0139640812 0.0107860813 0.017103786 0.0071470311 0.0132825159 0.018004498 0.0134698263 0.016854003 0.0206419667 0.0148616415 0.0190221835 0.0081759154 0.016603334 0.0144103132 0.025744137 0.0157080602 0.0082880756 0.011837022 0.025622122 0.0181061988 0.0240202296 
6 0.0318400408 0.0190620338 0.0139487727 0.0083185462 0.013848877 0.0130283932 0.0188970612 0.0156044531 0.0093227799 0.0152784609 0.0101412916 0.0100375482 0.0278033331 0.0081725434 0.009221404 0.0114054013 0.0255422641 0.0188340348 0.0267445697 0.0237422932 0.0141881845 0.0126599615 0.0061059991 0.0189368587 0.0100403126 0.0292259335 0.0086915823 0.0153166992 0.0149770498 0.0120516327 0.0069921255 0.0298404368 0.0175508259 0.0150117795 0.0130967265 0.0070254151 0.0220769581 0.0124686287 0.0132174092 0.0142309321 0.0236344593 0.0046940556 0.0045134896 0.0196987151 0.0210785621 0.0215417575 0.0074791902 0.012515547 0.0107135121 0.018453188 0.0093289592 0.018916048 0.0148119539 0.0234255551 0.022126486 0.0207928397 0.0233569596 0.0169162844 0.0163153097 0.0046084997 0.0170330632 0.0119796999 0.0160858556 0.0154804564 
7 0.0241128203 0.0242249528 0.0193345482 0.0097345605 0.0106668557 0.0188970612 0.0205563088 0.0089803921 0.0149240828 0.0124472508 0.0209954348 0.0069603105 0.0125935258 0.0137330071 0.0256930051 0.0242288667 0.0077774907 0.0134444721 0.0089337131 0.0211059935 0.0101622269 0.016703678 0.016952467 0.0170575287 0.0166248275 0.0212057991 0.0086636856 0.0138766909 0.0187935502 0.0219764775 0.0224089473 0.0197291174 0.0155587547 0.0147630694 0.0175308165 0.0206217024 0.0104403548 0.0089028673 0.0224044028 0.0255898647 0.0179994883 0.0127111118 0.0215462977 0.0103281079 0.0119894911 0.0079225334 0.0185928744 0.0152460387 0.0053557279 0.0135263171 0.0160319646 0.0187670433 0.0089777665 0.0193512584 0.0147388382 0.0263321184 0.0124484069 0.0154871832 0.0115281447 0.0118344759 0.0134621245 0.0150173573 0.0090527288 0.0124411196 
8 0.0060053051 0.0102536553 0.0056925247 0.0167774017 0.0270942352 0.0156044531 0.0089803921 0.0351081927 0.0061475049 0.0239177944 0.0154298227 0.0174721614 0.0165693121 0.0084891594 0.0089385541 0.0141736284 0.0060899174 0.0130782642 0.0101601328 0.0104865856 0.0173359792 0.0113902302 0.030532019 0.0074167007 0.0141386758 0.0230974583 0.0251016246 0.0103033709 0.0102488141 0.0169018642 0.0173866162 0.0107782307 0.0271223096 0.0103904647 0.0067087951 0.0208284467 0.0159138884 0.0109326407 0.0268797781 0.0178950786 0.0220842909 0.0162912808 0.0111964197 0.0308613776 0.0118350824 0.0350688589 0.0126479238 0.0122725877 0.0164015824 0.0120877947 0.0125262434 0.0164801224 0.0244737227 0.0145470257 0.0127123011 0.014426048 0.0100380083 0.0103556047 0.016277863 0.0167386637 0.0107337144 0.0095663054 0.0167137363 0.0258914589 
9 0.0107059196 0.0223945157 0.0045686089 0.0040492369 0.0200345232 0.0093227799 0.0149240828 0.0061475049 0.0250983212 0.0035918642 0.0091822799 0.0236879469 0.0163652049 0.0136038387 0.0061133183 0.0157107077 0.0299560466 0.0144160062 0.0141527363 0.0174694362 0.0111757742 0.0082170686 0.0197072605 0.0226521532 0.0251432617 0.008200454 0.0203725663 0.021616778 0.0040193061 0.0093079091 0.0070514885 0.0266354212 0.0221059099 0.0225455711 0.0122405937 0.0118122358 0.0229676963 0.0187427079 0.0118042234 0.0309926029 0.0123006616 0.0178737154 0.0145749273 0.0119682059 0.0200069159 0.0142732651 0.0046167861 0.0108640348 0.0120270146 0.0210146481 0.0237170022 0.0273243115 0.014541602 0.0108515519 0.0187220806 0.0087123115 0.0126424573 0.0118679931 0.0166297801 0.0216683985 0.0223480317 0.0105319073 0.0241509533 0.017965583 
10 0.0189126785 0.0089592474 0.0071994894 0.030813161 0.0161131496 0.0152784609 0.0124472508 0.0239177944 0.0035918642 0.0162099477 0.0204580613 0.0129625563 0.0089361803 0.0086084214 0.0202045471 0.020549552 0.0174816039 0.0213603214 0.0208374007 0.0192399256 0.0181084118 0.0130395577 0.0184576932 0.0159571319 0.0221589986 0.0218645976 0.0145053568 0.0168032849 0.0279019867 0.017240962 0.0173548878 0.0121001643 0.0082301742 0.0212253722 0.0132863277 0.0236104054 0.008788105 0.0094992772 0.0122820872 0.0172147446 0.0177282078 0.0143856985 0.0122364468 0.0077397032 0.0204119592 0.0158622279 0.0135351051 0.013010157 0.0061553287 0.0141047408 0.0192044891 0.0166928417 0.0178181419 0.0098968831 0.0072802997 0.018718242 0.0212400474 0.0174564232 0.0109261046 0.0144134968 0.0107681132 0.0156047205 0.0202740785 0.0108254025 
11 0.0093049516 0.0154923742 0.0251302498 0.0047909652 0.0074141913 0.0101412916 0.0209954348 0.0154298227 0.0091822799 0.0204580613 0.0042831372 0.0133739305 0.0240960027 0.0199119214 0.0186775134 0.0160690869 0.0212199041 0.018100539 0.0182158374 0.0138254329 0.0108520875 0.0152140139 0.011585221 0.0296852547 0.0160155957 0.0172341514 0.0112055626 0.0162222151 0.0258543802 0.0174138062 0.0224587378 0.0209451058 0.0166395419 0.0075548732 0.0115194764 0.0165854642 0.0096045734 0.0102605251 0.0123403829 0.0098334056 0.0117756579 0.0223990911 0.0241661211 0.0139976495 0.0181512259 0.013972942 0.0277004814 0.008431572 0.0076429746 0.0194090204 0.0110241441 0.0156681029 0.018852578 0.0102857608 0.0131134352 0.0147040896 0.0179595932 0.0108209719 0.0177318572 0.0206179262 0.0065158979 0.0105997242 0.0262023826 0.023119498 
12 0.0190938272 0.0096786406 0.0125275045 0.0157698903 0.0170087291 0.0100375482 0.0069603105 0.0174721614 0.0236879469 0.0129625563 0.0133739305 0.0298389265 0.0076841687 0.0194586346 0.0054590529 0.0120633641 0.0294947573 0.0111745019 0.0190198848 0.0156461224 0.0211311512 0.0125503465 0.0102739081 0.005887709 0.0168143668 0.0166948169 0.0148372387 0.0263668631 0.0152134814 0.01277152 0.0201726872 0.0230496025 0.0120625732 0.0104933279 0.0195818793 0.0161978545 0.0294722266 0.0188535553 0.0132410767 0.025686603 0.0217363561 0.0084900724 0.0088903393 0.0263518844 0.0096039923 0.011413475 0.0132170242 0.0189950175 0.0250793129 0.0041098563 0.0143768208 0.0205152855 0.0075002476 0.0105712049 0.0195002171 0.0063911157 0.0193233845 0.0093651214 0.0185733424 0.0182701864 0.0209703387 0.0067782529 0.0183847269 0.0118271783 
13 0.0149640117 0.0112851819 0.0097284604 0.0129435422 0.0181151491 0.0278033331 0.0125935258 0.0165693121 0.0163652049 0.0089361803 0.0240960027 0.0076841687 0.0139666461 0.0136287064 0.011479683 0.0122279479 0.0159955372 0.003228011 0.0153970561 0.0162157584 0.0165765801 0.0197993623 0.0197264102 0.0237140166 0.0174734351 0.0142175303 0.0141058155 0.0098000111 0.0141528 0.0149516623 0.0271124689 0.0278558793 0.0095421683 0.0115463253 0.0170771988 0.0231617785 0.0223321171 0.0189632142 0.0217648236 0.0149605558 0.0177897476 0.0159581241 0.0248911525 0.0038477757 0.0182523778 0.0129544756 0.0154694056 0.0224915322 0.0243383054 0.0159766736 0.0050458031 0.0189491964 0.0124128472 0.0154077939 0.0104066708 0.014687299 0.0209627111 0.003407753 0.0276625335 0.0110265868 0.0154545303 0.0073852862 0.0148238842 0.0083399622 
14 0.0210032281 0.014929583 0.0194693248 0.0216142487 0.0196674374 0.0081725434 0.0137330071 0.0084891594 0.0136038387 0.0086084214 0.0199119214 0.0194586346 0.0136287064 0.0238903 0.026390031 0.0115609581 0.0153825074 0.0179400064 0.015603204 0.0229863582 0.0206820495 0.0133883622 0.0147746371 0.0013017833 0.0245565313 0.0197118781 0.0223867871 0.0213631846 0.0179389824 0.0113258689 0.0165357009 0.0064248036 0.0157082851 0.0250544314 0.0166428257 0.015373883 0.0046486051 0.0183274628 0.0077710593 0.0118516543 0.0077953527 0.0205184236 0.0074215989 0.0218289225 0.0127050473 0.0095105034 0.01826053 0.0086846555 0.010542551 0.0123082098 0.0148792424 0.0226302196 0.0276043378 0.0102144663 0.01085168 0.0116635243 0.0113676321 0.0169077036 0.0125363935 0.0199706693 0.017165563 0.0187604871 0.0243770738 0.0096830175 
15 0.0276884102 0.0067423553 0.018973803 0.024290945 0.0038929392 0.009221404 0.0256930051 0.0089385541 0.0061133183 0.0202045471 0.0186775134 0.0054590529 0.011479683 0.026390031 0.019089456 0.0107580614 0.0157140467 0.0188309654 0.0107948564 0.0121770205 0.0078386388 0.0147992207 0.0200415185 0.0145304734 0.0164768852 0.0144602377 0.0235530321 0.0146029099 0.0134551734 0.0181425621 0.0081370007 0.0251055622 0.0129781345 0.0153484151 0.0186637731 0.0123650469 0.0108407947 0.0194689352 0.0061282856 0.0192760001 0.0121993173 0.0282286282 0.0165262897 0.0235709837 0.0144472795 0.0191225488 0.0142518532 0.014579075 0.0182108418 0.0092235352 0.0137261547 0.0131930514 0.0092549391 0.0125854113 0.0130488295 0.0221167891 0.0170794419 0.0252036211 0.0070231198 0.0131540594 0.0140417702 0.0225321049 0.0269649765 0.0123728108 
16 0.0054102958 0.0207327553 0.0200868132 0.0136344275 0.0222944101 0.0114054013 0.0242288667 0.0141736284 0.0157107077 0.020549552 0.0160690869 0.0120633641 0.0122279479 0.0115609581 0.0107580614 0.0056150768 0.0170281829 0.0123363095 0.0116091014 0.0029703826 0.0235572689 0.0184714462 0.0137642201 0.0171103386 0.0211264367 0.0112415025 0.0186293347 0.0128674404 0.0208860642 0.0075013134 0.0176796455 0.0222083055 0.0213654421 0.0078735318 0.0213174986 0.0216367152 0.0110364612 0.0178581042 0.0074843491 0.0107331188 0.0187946121 0.026114172 0.0079441946 0.0052755679 0.015281696 0.0131973073 0.0085470628 0.0264346107 0.0248323713 0.0296319259 0.0129852145 0.0038215229 0.0157327953 0.0129581193 0.0123032477 0.0288371626 0.0136331845 0.0098575109 0.0230306715 0.0209981889 0.0061401834 0.0212866867 0.0215308302 0.0160172936 
17 0.0071605135 0.012020658 0.0126754153 0.0248854774 0.0080678136 0.0255422641 0.0077774907 0.0060899174 0.0299560466 0.0174816039 0.0212199041 0.0294947573 0.0159955372 0.0153825074 0.0157140467 0.0170281829 0.0237625151 0.0085407197 0.016911623 0.022383406 0.0076538007 0.0194343211 0.0090981975 0.0186060166 0.0186283804 0.0171626996 0.0057336584 0.0181200619 0.0193670504 0.0131171539 0.0307867436 0.0146703449 0.011667785 0.0103318007 0.0220186784 0.0134590018 0.0057940314 0.014643588 0.0141899782 0.0123344934 0.0177623709 0.01996277 0.0088754328 0.0261087396 0.0033140565 0.0188976693 0.01233466 0.0132144318 0.015363739 0.0137297508 0.0235365073 0.0071627524 0.0150158237 0.0153021447 0.0106181223 0.0183285751 0.0190191358 0.0058676522 0.0187659781 0.0173728173 0.0117858029 0.019087322 0.018571709 0.0150938501 
18 0.0117779916 0.0110501522 0.0131085737 0.017702172 0.0198442964 0.0188340348 0.0134444721 0.0130782642 0.0144160062 0.0213603214 0.018100539 0.0111745019 0.003228011 0.0179400064 0.0188309654 0.0123363095 0.0085407197 0.0174727323 0.0183158227 0.0142541724 0.0254602888 0.014931855 0.0237697764 0.0183151143 0.0048221081 0.0188974463 0.0344389907 0.0092415353 0.0305154616 0.0087508444 0.0083268973 0.0064347135 0.0133913977 0.0168938368 0.0170246701 0.0194919159 0.0159536736 0.0090096766 0.0067071425 0.0151939986 0.0112162504 0.0262032868 0.0129131561 0.015770973 0.007908963 0.0122866551 0.0244650165 0.0144878751 0.0176219533 0.0064567304 0.0194091286 0.0127971275 0.0126122051 0.0106728319 0.011628057 0.0197472224 0.0173826041 0.024403458 0.0237668259 0.0086340211 0.0146810067 0.0233567651 0.0172309863 0.0219654926 
19 0.0026327303 0.004625751 0.0140644755 0.0210485157 0.0177324644 0.0267445697 0.0089337131 0.0101601328 0.0141527363 0.0208374007 0.0182158374 0.0190198848 0.0153970561 0.015603204 0.0107948564 0.0116091014 0.016911623 0.0183158227 0.0149390804 0.0122532703 0.0101101384 0.0213387961 0.0149339334 0.0142272738 0.012316641 0.018367093 0.0130452375 0.025176138 0.0206448032 0.011775755 0.019946185 0.0177825075 0.0140871086 0.013330262 0.0107425317 0.0116969264 0.009840637 0.0158611333 0.0212810972 0.0153831451 0.017410374 0.0156664638 0.0002218141 0.0128097877 0.0256825513 0.0182789971 0.0132125143 0.0164358781 0.0248518394 0.0184185353 0.0219134871 0.0113598797 0.0151436616 0.0116556498 0.0092002677 0.0138450564 0.0209489232 0.0127995196 0.0100430568 0.0160647906 0.0202776521 0.0329352779 0.024092261 0.010852192 
20 0.018010552 0.0141715588 0.0117031518 0.0140377519 0.021530831 0.0237422932 0.0211059935 0.0104865856 0.0174694362 0.0192399256 0.0138254329 0.0156461224 0.0162157584 0.0229863582 0.0121770205 0.0029703826 0.022383406 0.0142541724 0.0122532703 0.006764008 0.0112299344 0.0160953262 0.0195062604 0.0222989038 0.0082676929 0.0101405579 0.019044518 0.0085229832 0.0159850309 0.0170512755 0.0045557202 0.0096519382 0.0129465083 0.0150545142 0.0142427461 0.019779816 0.0162174662 0.0183097576 0.0200317164 0.0232903726 0.0113991506 0.0262806903 0.0222923769 0.0125461358 0.0128710317 0.0111232272 0.0246145334 0.0158824424 0.0123532053 0.0097296408 0.0166286558 0.0064089407 0.0268498256 0.0032960956 0.0151061268 0.0199236426 0.0209868845 0.0217779648 0.0216253243 0.0045754715 0.0099644718 0.0167481445 0.0206996585 0.0231193083 
21 0.0216061265 0.0125269248 0.0168308567 0.0194147917 0.0124107346 0.0141881845 0.0101622269 0.0173359792 0.0111757742 0.0181084118 0.0108520875 0.0211311512 0.0165765801 0.0206820495 0.0078386388 0.0235572689 0.0076538007 0.0254602888 0.0101101384 0.0112299344 0.0351698061 0.0096416291 0.012653426 0.016926335 0.0114211028 0.0193349055 0.0059826338 0.0067394773 0.0084646492 0.0197363307 0.0171214431 0.0214538026 0.0091281222 0.0095561682 0.0135030065 0.0206258394 0.0162743029 0.002753801 0.0258781467 0.017911146 0.0133369058 0.022075837 0.0229111189 0.0207877072 0.0130886365 0.0099373695 0.0269302716 0.0255508714 0.015110693 0.007173982 0.0213019197 0.0071353589 0.0101994137 0.0208606796 0.0075805248 0.0093556611 0.0256046551 0.0204750569 0.0114920446 0.0174811708 0.0197210379 0.0120143809 0.0150951954 0.0156514841 
22 0.0091067834 0.0233256076 0.0170846013 0.0231544016 0.0274602204 0.0126599615 0.016703678 0.0113902302 0.0082170686 0.0130395577 0.0152140139 0.0125503465 0.0197993623 0.0133883622 0.0147992207 0.0184714462 0.0194343211 0.014931855 0.0213387961 0.0160953262 0.0096416291 0.0120931162 0.0149846685 0.0193121596 0.0229521868 0.0085848074 0.0204158015 0.0082372991 0.011378167 0.0274939246 0.0164864555 0.0127438763 0.0151800152 0.017771003 0.0204799289 0.027495927 0.0176886978 0.0089683071 0.0197149889 0.0251295569 0.0189254699 0.0122677594 0.0120559717 0.0250146465 0.0144232737 0.0164696129 0.0129681483 0.0172490952 0.0108674689 0.0159771364 0.0155630665 0.0084124918 0.0206191484 0.0076705523 0.0093234149 0.0080597584 0.0121518254 0.0188992043 0.0000094765000000000 0.0052158446 0.0267339401 0.0177271347 0.0137932832 0.0146845991 
23 0.0158569607 0.0110376964 0.0177713301 0.0115570237 0.0093067684 0.0061059991 0.016952467 0.030532019 0.0197072605 0.0184576932 0.011585221 0.0102739081 0.0197264102 0.0147746371 0.0200415185 0.0137642201 0.0090981975 0.0237697764 0.0149339334 0.0195062604 0.012653426 0.0149846685 0.0105579303 0.0147790696 0.0177360043 0.0194066041 0.011980151 0.0101399324 0.0190885838 0.0268774898 0.0058192345 0.0146384425 0.010486931 0.0128889175 0.0184475234 0.0117882676 0.0229197158 0.022893729 0.014973087 0.0162202521 0.0207447773 0.0201015357 0.0173441114 0.0101193824 0.0026362007 0.0159568842 0.0269331378 0.0113851805 0.0207886837 0.0149251217 0.0164561803 0.0124410726 0.0209624894 0.0088912323 0.0219465381 0.009409427 0.0195625243 0.0142007183 0.0164324559 0.0143302207 0.0080703106 0.0248225724 0.0123145437 0.0151854378 
24 0.0270106673 0.0134575143 0.0231598711 0.0096396704 0.0129922659 0.0189368587 0.0170575287 0.0074167007 0.0226521532 0.0159571319 0.0296852547 0.005887709 0.0237140166 0.0013017833 0.0145304734 0.0171103386 0.0186060166 0.0183151143 0.0142272738 0.0222989038 0.016926335 0.0193121596 0.0147790696 0.0240908182 0.0179756343 0.0142292429 0.002970964 0.0085513642 0.0089773359 0.0197956984 0.0162358763 0.0110950509 0.0231142267 0.0130815382 0.017857305 0.015115415 0.0150810439 0.0117067557 0.0223214951 0.0164619481 0.011942846 0.0090452698 0.0180287086 0.0130135857 0.0268774217 0.0101837554 0.0319719416 0.0157824987 0.0106445451 0.0197598962 0.0190621615 0.0077983531 0.0181645568 0.0124105805 0.0084163702 0.0068810268 0.0075526573 0.0184204968 0.0157326935 0.0239581919 0.030219387 0.0074733234 0.0019279247 0.0110952841 
25 0.0185344389 0.0285730498 0.0303478971 0.0081549138 0.0136020671 0.0100403126 0.0166248275 0.0141386758 0.0251432617 0.0221589986 0.0160155957 0.0168143668 0.0174734351 0.0245565313 0.0164768852 0.0211264367 0.0186283804 0.0048221081 0.012316641 0.0082676929 0.0114211028 0.0229521868 0.0177360043 0.0179756343 0.0300417878 0.0197432398 0.023830338 0.0146696526 0.0248479148 0.0186855582 0.0154608568 0.0100992695 0.0174372563 0.0203431317 0.0142497784 0.0156399665 0.0112087276 0.0053117088 0.0171936221 0.009647781 0.0176058387 0.0113053795 0.0146495917 0.0206143257 0.0074249493 0.0130451939 0.0072965476 0.0149052884 0.0076813221 0.0117149677 0.0154876279 0.0145905158 0.0077886536 0.0161059396 0.0120574509 0.0151844583 0.0105954138 0.0093164913 0.0231088319 0.0153785572 0.0200543598 0.0103637717 0.0067732884 0.0146392007 
26 0.0137656504 0.0096268945 0.0148283767 0.0221467433 0.0099352276 0.0292259335 0.0212057991 0.0230974583 0.008200454 0.0218645976 0.0172341514 0.0166948169 0.0142175303 0.0197118781 0.0144602377 0.0112415025 0.0171626996 0.0188974463 0.018367093 0.0101405579 0.0193349055 0.0085848074 0.0194066041 0.0142292429 0.0197432398 0.014632558 0.0118140205 0.0138182051 0.0242650895 0.0103176806 0.0078081551 0.0226050863 0.0144924622 0.0207945146 0.0125377242 0.0047947889 0.0131839021 0.0297254405 0.0229858912 0.0058541069 0.0099286148 0.022415894 0.0230518146 0.0086929877 0.0131135002 0.0160645356 0.0177221598 0.019504319 0.0102707971 0.0151165255 0.0174783532 0.008092792 0.0161202499 0.0227881645 0.0097926046 0.0222158293 0.0200252329 0.0040739754 0.011584405 0.0153711641 0.0214196567 0.0131570468 0.0061073479 0.0129385556 
27 0.0091109587 0.0211640774 0.0146871982 0.0224476359 0.0029066432 0.0086915823 0.0086636856 0.0251016246 0.0203725663 0.0145053568 0.0112055626 0.0148372387 0.0141058155 0.0223867871 0.0235530321 0.0186293347 0.0057336584 0.0344389907 0.0130452375 0.019044518 0.0059826338 0.0204158015 0.011980151 0.002970964 0.023830338 0.0118140205 0.0156058602 0.0022367193 0.0212721816 0.0227729571 0.019797802 0.00844745 0.0199983038 0.0099811028 0.0178629138 0.014783073 0.0120938143 0.0206555901 0.0299800089 0.0189856143 0.0104000171 0.0096960403 0.0113224789 0.022285383 0.0205546056 0.0114530344 0.0030454812 0.0212745741 0.022170988 0.0176554037 0.0078493786 0.0299974126 0.0150393332 0.0276640033 0.0145947449 0.0077943357 0.0177374949 0.0069029217 0.0276592828 0.0144926807 0.0224825922 0.0093077808 0.0093661623 0.0031550657 
28 0.0238735123 0.0053845274 0.0103323934 0.0233538766 0.0174077924 0.0153166992 0.0138766909 0.0103033709 0.021616778 0.0168032849 0.0162222151 0.0263668631 0.0098000111 0.0213631846 0.0146029099 0.0128674404 0.0181200619 0.0092415353 0.025176138 0.0085229832 0.0067394773 0.0082372991 0.0101399324 0.0085513642 0.0146696526 0.0138182051 0.0022367193 0.0238951666 0.0105917779 0.0167500997 0.0243303243 0.0154806088 0.0173030915 0.0313669308 0.0167446419 0.0174870146 0.0106189456 0.0111126507 0.0095432111 0.0195626541 0.0151361274 0.0261336919 0.0136814463 0.0109868541 0.0128257072 0.0138910592 0.0312204128 0.0155481679 0.0211629704 0.0252611566 0.009501508 0.0109562644 0.0214600082 0.0266858902 0.0129605396 0.0074382544 0.0096921759 0.0102948169 0.006566199 0.0108559513 0.0173729272 0.0248290985 0.0194683047 0.0163384312 
29 0.005766334 0.0205784775 0.0103217074 0.0087640122 0.0104814457 0.0149770498 0.0187935502 0.0102488141 0.0040193061 0.0279019867 0.0258543802 0.0152134814 0.0141528 0.0179389824 0.0134551734 0.0208860642 0.0193670504 0.0305154616 0.0206448032 0.0159850309 0.0084646492 0.011378167 0.0190885838 0.0089773359 0.0248479148 0.0242650895 0.0212721816 0.0105917779 0.0063790116 0.0190444559 0.0253732983 0.0182901938 0.0225234891 0.0106663249 0.0118288111 0.0167417169 0.0279781879 0.014942618 0.0108638677 0.0125550973 0.0218014852 0.0014092116 0.009508659 0.034710125 0.0066653487 0.0102645904 0.0077825666 0.0141972012 0.02018718 0.0153339356 0.016263248 0.0084940784 0.0170949009 0.0159223977 0.0088153346 0.0205617835 0.010166344 0.0141141941 0.0174699085 0.0141584629 0.0296461094 0.008323246 0.0079115423 0.0172594629 
30 0.0118007211 0.0086852462 0.0110619969 0.0114950057 0.0159789091 0.0120516327 0.0219764775 0.0169018642 0.0093079091 0.017240962 0.0174138062 0.01277152 0.0149516623 0.0113258689 0.0181425621 0.0075013134 0.0131171539 0.0087508444 0.011775755 0.0170512755 0.0197363307 0.0274939246 0.0268774898 0.0197956984 0.0186855582 0.0103176806 0.0227729571 0.0167500997 0.0190444559 0.02044973 0.0204466812 0.023973175 0.0032577888 0.0236960447 0.0197009906 0.0176554378 0.0179566553 0.0155541249 0.0057398597 0.011869077 0.0148203316 0.0055814099 0.0055846779 0.0104264729 0.0116564511 0.0101256108 0.0191831303 0.0265280416 0.0081526875 0.0219585893 0.0190393968 0.0090149205 0.0169058424 0.0139036159 0.0192896263 0.0140590445 0.0269184203 0.016896477 0.0077679895 0.0164126344 0.0218539217 0.0143650469 0.0197734361 0.0187059781 
31 0.0073507116 0.0202318075 0.010875429 0.0209753897 0.0152216981 0.0069921255 0.0224089473 0.0173866162 0.0070514885 0.0173548878 0.0224587378 0.0201726872 0.0271124689 0.0165357009 0.0081370007 0.0176796455 0.0307867436 0.0083268973 0.019946185 0.0045557202 0.0171214431 0.0164864555 0.0058192345 0.0162358763 0.0154608568 0.0078081551 0.019797802 0.0243303243 0.0253732983 0.0204466812 0.0114227624 0.008531916 0.0172567238 0.0100749118 0.0192307254 0.0050381897 0.0172371996 0.0103216209 0.0030572212 0.0153401654 0.01374517 0.0245772464 0.0227998376 0.0089479511 0.0313697005 0.0229843639 0.0016879063 0.0145145391 0.0104900917 0.0185914974 0.0067915632 0.0145480435 0.0197599084 0.0130008887 0.0131816872 0.0139579133 0.0151614512 0.0349218351 0.012936558 0.0083975444 0.0170044787 0.0105842373 0.0258376095 0.016255526 
32 0.0121803087 0.0117604956 0.0230515267 0.0131203733 0.0119168642 0.0298404368 0.0197291174 0.0107782307 0.0266354212 0.0121001643 0.0209451058 0.0230496025 0.0278558793 0.0064248036 0.0251055622 0.0222083055 0.0146703449 0.0064347135 0.0177825075 0.0096519382 0.0214538026 0.0127438763 0.0146384425 0.0110950509 0.0100992695 0.0226050863 0.00844745 0.0154806088 0.0182901938 0.023973175 0.008531916 0.0216859568 0.0043753432 0.0316570728 0.0117469979 0.0132403993 0.0133023862 0.0166014411 0.0163283083 0.0103591391 0.0108553038 0.0039005871 0.0138624987 0.02016284 0.0161907541 0.0176382208 0.0197375704 0.0134371475 0.0174729078 0.0085690976 0.0159050872 0.0194801754 0.0167004629 0.0079902803 0.0318777786 0.0153418704 0.0067460542 0.0168368583 0.0108683153 0.0124981452 0.027695632 0.0087712826 0.0063471144 0.0092163968 
33 0.0125203945 0.0174310238 0.0371466783 0.0150529417 0.005296355 0.0175508259 0.0155587547 0.0271223096 0.0221059099 0.0082301742 0.0166395419 0.0120625732 0.0095421683 0.0157082851 0.0129781345 0.0213654421 0.011667785 0.0133913977 0.0140871086 0.0129465083 0.0091281222 0.0151800152 0.010486931 0.0231142267 0.0174372563 0.0144924622 0.0199983038 0.0173030915 0.0225234891 0.0032577888 0.0172567238 0.0043753432 0.0004494568 0.0261580828 0.0101546607 0.0035454149 0.0095089211 0.0196896847 0.0212802037 0.012968233 0.0242702357 0.0108735736 0.0275323392 0.0233335407 0.0169045008 0.019257172 0.0157233364 0.0196219183 0.0153320961 0.006431096 0.0055970514 0.0134192776 0.01499285 0.0202113531 0.0083724289 0.0197149131 0.0128452841 0.0212921567 0.0231326666 0.0131303274 0.0250680087 0.0146456073 0.02308596 0.0084995825 
34 0.0149738406 0.0130427305 0.0172954299 0.0088591797 0.0137953944 0.0150117795 0.0147630694 0.0103904647 0.0225455711 0.0212253722 0.0075548732 0.0104933279 0.0115463253 0.0250544314 0.0153484151 0.0078735318 0.0103318007 0.0168938368 0.013330262 0.0150545142 0.0095561682 0.017771003 0.0128889175 0.0130815382 0.0203431317 0.0207945146 0.0099811028 0.0313669308 0.0106663249 0.0236960447 0.0100749118 0.0316570728 0.0261580828 0.030020175 0.0188510453 0.0166065106 0.017748273 0.0207764749 0.0108257544 0.0073370689 0.013948315 0.0123865075 0.0257793949 0.0092032464 0.0157800117 0.022422731 0.0137438174 0.0089910665 0.0101302927 0.0152803452 0.0137324704 0.0056206616 0.0096844977 0.0314212837 0.0140328353 0.0184826489 0.0148641468 0.0166802085 0.0066073957 0.0141587344 0.0045252854 0.0196720474 0.0222213869 0.0150454724 
35 0.0182204982 0.0253918367 0.0125362037 0.0031950214 0.0173289133 0.0130967265 0.0175308165 0.0067087951 0.0122405937 0.0132863277 0.0115194764 0.0195818793 0.0170771988 0.0166428257 0.0186637731 0.0213174986 0.0220186784 0.0170246701 0.0107425317 0.0142427461 0.0135030065 0.0204799289 0.0184475234 0.017857305 0.0142497784 0.0125377242 0.0178629138 0.0167446419 0.0118288111 0.0197009906 0.0192307254 0.0117469979 0.0101546607 0.0188510453 0.007775665 0.0062001553 0.0198541108 0.0148580203 0.0083173805 0.0293629372 0.0238340524 0.0095785708 0.0233447323 0.011006451 0.0180952643 0.010481478 0.0171659753 0.0238140163 0.0057913646 0.015059806 0.0107458033 0.0112030777 0.0163009169 0.0165407895 0.0328518649 0.0083547667 0.0114171646 0.0132102636 0.0226288386 0.0224526532 0.0078911088 0.020132849 0.0132380138 0.0169288449 
36 0.0095412683 0.0150126995 0.0141255465 0.0169345647 0.0182132373 0.0070254151 0.0206217024 0.0208284467 0.0118122358 0.0236104054 0.0165854642 0.0161978545 0.0231617785 0.015373883 0.0123650469 0.0216367152 0.0134590018 0.0194919159 0.0116969264 0.019779816 0.0206258394 0.027495927 0.0117882676 0.015115415 0.0156399665 0.0047947889 0.014783073 0.0174870146 0.0167417169 0.0176554378 0.0050381897 0.0132403993 0.0035454149 0.0166065106 0.0062001553 0.016800431 0.0237777106 0.026949131 0.0303083352 0.0040175242 0.0155517109 0.0072283352 0.0264037073 0.0280675731 0.0095344839 0.0077240279 0.0176803295 0.0262316053 0.0148642331 0.0180754162 0.0118209652 0.0069393018 0.0044873184 0.0133261323 0.0172247333 0.0152207473 0.025991269 0.0157721374 0.0246495375 0.0033826749 0.0287543771 0.0088930719 0.008434034 0.007657105 
37 0.0191382629 0.0036740714 0.0076940031 0.0106511984 0.0225247975 0.0220769581 0.0104403548 0.0159138884 0.0229676963 0.008788105 0.0096045734 0.0294722266 0.0223321171 0.0046486051 0.0108407947 0.0110364612 0.0057940314 0.0159536736 0.009840637 0.0162174662 0.0162743029 0.0176886978 0.0229197158 0.0150810439 0.0112087276 0.0131839021 0.0120938143 0.0106189456 0.0279781879 0.0179566553 0.0172371996 0.0133023862 0.0095089211 0.017748273 0.0198541108 0.0237777106 0.0159028094 0.0099822797 0.0165159314 0.0235633432 0.0101407238 0.0135959286 0.0248188149 0.0119033171 0.0248716509 0.0140359033 0.0165923822 0.0193271415 0.0111989465 0.0103452998 0.0198715516 0.0162048972 0.008890758 0.0068429674 0.0147480882 0.0316831065 0.0193873148 0.0216880686 0.0164707435 0.0126238333 0.0208571208 0.0097417158 0.0177395276 0.014413318 
38 0.0195896042 0.0120198495 0.0228084958 0.0115453725 0.0320753809 0.0124686287 0.0089028673 0.0109326407 0.0187427079 0.0094992772 0.0102605251 0.0188535553 0.0189632142 0.0183274628 0.0194689352 0.0178581042 0.014643588 0.0090096766 0.0158611333 0.0183097576 0.002753801 0.0089683071 0.022893729 0.0117067557 0.0053117088 0.0297254405 0.0206555901 0.0111126507 0.014942618 0.0155541249 0.0103216209 0.0166014411 0.0196896847 0.0207764749 0.0148580203 0.026949131 0.0099822797 0.0094833536 0.0117386692 0.0056683621 0.0155475443 0.0144163291 0.0222246889 0.0114109507 0.0200993369 0.0201495853 0.0185466464 0.0281078019 0.0172176913 0.0174031523 0.0195245559 0.0066778647 0.0198937167 0.0318248156 0.016973093 0.0096559493 0.0116564019 0.0129174352 0.0234781534 0.0107611821 0.0145588504 0.0048520691 0.0111385976 0.0111290478 
39 0.0189016468 0.0126658856 0.0028848738 0.0208119691 0.0055775486 0.0132174092 0.0224044028 0.0268797781 0.0118042234 0.0122820872 0.0123403829 0.0132410767 0.0217648236 0.0077710593 0.0061282856 0.0074843491 0.0141899782 0.0067071425 0.0212810972 0.0200317164 0.0258781467 0.0197149889 0.014973087 0.0223214951 0.0171936221 0.0229858912 0.0299800089 0.0095432111 0.0108638677 0.0057398597 0.0030572212 0.0163283083 0.0212802037 0.0108257544 0.0083173805 0.0303083352 0.0165159314 0.0117386692 0.0274539792 0.0185468768 0.0107678287 0.0252472319 0.0108993885 0.0134499368 0.0233570735 0.0218795865 0.0102191559 0.0090441458 0.009936081 0.0047194046 0.0128349012 0.02102159 0.0196613861 0.0198877427 0.0179186908 0.0097505169 0.009442988 0.0080899726 0.0155309823 0.0336185469 0.0182027021 0.0194365003 0.0099973818 0.0231496907 
40 0.0102797311 0.005912999 0.0182692599 0.0123313956 0.0255331018 0.0142309321 0.0255898647 0.0178950786 0.0309926029 0.0172147446 0.0098334056 0.025686603 0.0149605558 0.0118516543 0.0192760001 0.0107331188 0.0123344934 0.0151939986 0.0153831451 0.0232903726 0.017911146 0.0251295569 0.0162202521 0.0164619481 0.009647781 0.0058541069 0.0189856143 0.0195626541 0.0125550973 0.011869077 0.0153401654 0.0103591391 0.012968233 0.0073370689 0.0293629372 0.0040175242 0.0235633432 0.0056683621 0.0185468768 0.0224255126 0.0105156401 0.0233882728 0.0153982242 0.0247858842 0.0073297679 0.0148918908 0.0059644257 0.0073127653 0.0220133416 0.0086622885 0.0104424492 0.0103749915 0.0143599224 0.0409300794 0.0191361848 0.0148741681 0.0125123063 0.0128535743 0.0109345728 0.008859488 0.0158158042 0.0110017294 0.0022813798 0.0347813945 
41 0.0194461451 0.0074618443 0.0256034438 0.0306996311 0.0200309166 0.0236344593 0.0179994883 0.0220842909 0.0123006616 0.0177282078 0.0117756579 0.0217363561 0.0177897476 0.0077953527 0.0121993173 0.0187946121 0.0177623709 0.0112162504 0.017410374 0.0113991506 0.0133369058 0.0189254699 0.0207447773 0.011942846 0.0176058387 0.0099286148 0.0104000171 0.0151361274 0.0218014852 0.0148203316 0.01374517 0.0108553038 0.0242702357 0.013948315 0.0238340524 0.0155517109 0.0101407238 0.0155475443 0.0107678287 0.0105156401 0.0070585973 0.0224190924 0.0090284116 0.0210935828 0.017042006 0.0049392432 0.0295644748 0.0000606600000000000 0.0128401599 0.0199782212 0.0157153495 0.0171490796 0.0139305384 0.0111783301 0.0069370493 0.0074307014 0.0051843856 0.0150183707 0.0195414302 0.0179372553 0.0285000507 0.0253330777 0.0206808468 0.0027518687 
42 0.0160943195 0.016068695 0.02235917 0.0055765417 0.0103955689 0.0046940556 0.0127111118 0.0162912808 0.0178737154 0.0143856985 0.0223990911 0.0084900724 0.0159581241 0.0205184236 0.0282286282 0.026114172 0.01996277 0.0262032868 0.0156664638 0.0262806903 0.022075837 0.0122677594 0.0201015357 0.0090452698 0.0113053795 0.022415894 0.0096960403 0.0261336919 0.0014092116 0.0055814099 0.0245772464 0.0039005871 0.0108735736 0.0123865075 0.0095785708 0.0072283352 0.0135959286 0.0144163291 0.0252472319 0.0233882728 0.0224190924 0.0139448471 0.0150795762 0.0188431734 0.0191903681 0.0149908372 0.0175259843 0.014952776 0.0178114314 0.0176091003 0.0089018473 0.0101787126 0.0101094551 0.0192944714 0.0186767776 0.0120679324 0.0110492948 0.0167813532 0.0158764271 0.0127103059 0.0153733418 0.011543418 0.019027544 0.0145454409 
43 0.0123262214 0.035458292 0.0298463701 0.010553336 0.0176778418 0.0045134896 0.0215462977 0.0111964197 0.0145749273 0.0122364468 0.0241661211 0.0088903393 0.0248911525 0.0074215989 0.0165262897 0.0079441946 0.0088754328 0.0129131561 0.0002218141 0.0222923769 0.0229111189 0.0120559717 0.0173441114 0.0180287086 0.0146495917 0.0230518146 0.0113224789 0.0136814463 0.009508659 0.0055846779 0.0227998376 0.0138624987 0.0275323392 0.0257793949 0.0233447323 0.0264037073 0.0248188149 0.0222246889 0.0108993885 0.0153982242 0.0090284116 0.0150795762 0.0067423005 0.0111525985 0.0125196739 0.0247474928 0.010148879 0.0036387471 0.014864342 0.0175701247 0.0043816682 0.0160846923 0.0165204906 0.019501875 0.0256985047 0.0207902504 0.0102033475 0.0046604755 0.0143967322 0.0249399347 0.0195694655 0.0121729231 0.0014401396 0.0188730305 
44 0.0105130103 0.0146891425 0.0091499201 0.0204930692 0.0139640812 0.0196987151 0.0103281079 0.0308613776 0.0119682059 0.0077397032 0.0139976495 0.0263518844 0.0038477757 0.0218289225 0.0235709837 0.0052755679 0.0261087396 0.015770973 0.0128097877 0.0125461358 0.0207877072 0.0250146465 0.0101193824 0.0130135857 0.0206143257 0.0086929877 0.022285383 0.0109868541 0.034710125 0.0104264729 0.0089479511 0.02016284 0.0233335407 0.0092032464 0.011006451 0.0280675731 0.0119033171 0.0114109507 0.0134499368 0.0247858842 0.0210935828 0.0188431734 0.0111525985 0.0192295349 0.0142583231 0.0009735869 0.0131844072 0.0250856001 0.0167700612 0.010048402 0.0134068301 0.0114065425 0.0266361619 0.0119114625 0.0136198055 0.0064241848 0.0167848314 0.0150683285 0.0249408222 0.0064515523 0.0115607619 0.0091772342 0.0060869136 0.0254483846 
45 0.0106235045 0.0251628281 0.0144687329 0.0154198366 0.0107860813 0.0210785621 0.0119894911 0.0118350824 0.0200069159 0.0204119592 0.0181512259 0.0096039923 0.0182523778 0.0127050473 0.0144472795 0.015281696 0.0033140565 0.007908963 0.0256825513 0.0128710317 0.0130886365 0.0144232737 0.0026362007 0.0268774217 0.0074249493 0.0131135002 0.0205546056 0.0128257072 0.0066653487 0.0116564511 0.0313697005 0.0161907541 0.0169045008 0.0157800117 0.0180952643 0.0095344839 0.0248716509 0.0200993369 0.0233570735 0.0073297679 0.017042006 0.0191903681 0.0125196739 0.0142583231 0.0107143432 0.012547983 0.0169900595 0.0067040472 0.0224786347 0.0283131988 0.0255702784 0.0243496966 0.0139905939 0.0145970343 0.0146554308 0.0258540989 0.0090861281 0.0122919326 0.0096764681 0.0162722997 0.0082235344 0.0128116519 0.0095610669 0.029501293 
46 0.0112095574 0.017974217 0.0119053343 0.0169463471 0.017103786 0.0215417575 0.0079225334 0.0350688589 0.0142732651 0.0158622279 0.013972942 0.011413475 0.0129544756 0.0095105034 0.0191225488 0.0131973073 0.0188976693 0.0122866551 0.0182789971 0.0111232272 0.0099373695 0.0164696129 0.0159568842 0.0101837554 0.0130451939 0.0160645356 0.0114530344 0.0138910592 0.0102645904 0.0101256108 0.0229843639 0.0176382208 0.019257172 0.022422731 0.010481478 0.0077240279 0.0140359033 0.0201495853 0.0218795865 0.0148918908 0.0049392432 0.0149908372 0.0247474928 0.0009735869 0.012547983 0.0083615453 0.0120660622 0.0208502129 0.031260637 0.0210811985 0.0226316601 0.0225455197 0.0092685037 0.0153459969 0.0182407374 0.0119362845 0.0072142767 0.0233215628 0.0146908217 0.0114658307 0.0131174493 0.0201905229 0.0236424968 0.0251472466 
47 0.027635599 0.0160357819 0.0189156978 0.0129259607 0.0071470311 0.0074791902 0.0185928744 0.0126479238 0.0046167861 0.0135351051 0.0277004814 0.0132170242 0.0154694056 0.01826053 0.0142518532 0.0085470628 0.01233466 0.0244650165 0.0132125143 0.0246145334 0.0269302716 0.0129681483 0.0269331378 0.0319719416 0.0072965476 0.0177221598 0.0030454812 0.0312204128 0.0077825666 0.0191831303 0.0016879063 0.0197375704 0.0157233364 0.0137438174 0.0171659753 0.0176803295 0.0165923822 0.0185466464 0.0102191559 0.0059644257 0.0295644748 0.0175259843 0.010148879 0.0131844072 0.0169900595 0.0120660622 0.0082363378 0.007879444 0.0181870997 0.014169526 0.0168237916 0.0150771761 0.0111966421 0.0070344536 0.0227174436 0.0130280224 0.0208943074 0.0235482015 0.0042590005 0.0187743927 0.0115488079 0.0127054197 0.0182923971 0.0224272948 
48 0.019575184 0.0273990736 0.0163410339 0.0180969197 0.0132825159 0.012515547 0.0152460387 0.0122725877 0.0108640348 0.013010157 0.008431572 0.0189950175 0.0224915322 0.0086846555 0.014579075 0.0264346107 0.0132144318 0.0144878751 0.0164358781 0.0158824424 0.0255508714 0.0172490952 0.0113851805 0.0157824987 0.0149052884 0.019504319 0.0212745741 0.0155481679 0.0141972012 0.0265280416 0.0145145391 0.0134371475 0.0196219183 0.0089910665 0.0238140163 0.0262316053 0.0193271415 0.0281078019 0.0090441458 0.0073127653 0.0000606600000000000 0.014952776 0.0036387471 0.0250856001 0.0067040472 0.0208502129 0.007879444 0.0135056885 0.0061905558 0.0099968334 0.0130212816 0.01492464 0.0165862784 0.0094953341 0.0119409775 0.0138507665 0.0195762639 0.0171454213 0.023132701 0.0246009963 0.0135387333 0.007738988 0.0165419229 0.0184735621 
