32
1 0.0138863156 0.0445052843 0.0367737344 0.0292473084 0.0357147897 0.0322397974 0.0425349665 0.0265805377 0.045965988 0.049446072 0.0152395699 0.0250807741 0.0394765679 0.0130432662 0.0303751585 0.0154177792 0.0295853568 0.0182446379 0.0429156743 0.0306834481 0.0328171252 0.0499915754 0.0315061797 0.0306093848 0.0239972182 0.0299257061 0.0263040808 0.0221018434 0.0519611504 0.0189609858 0.0158241305 0.0490435929 
2 0.0445052843 0.027969966 0.0505503952 0.0138608048 0.0488365243 0.025425497 0.0399999897 0.0216982715 0.0241732958 0.0177463248 0.0354221843 0.0205080206 0.0516884748 0.0234584991 0.0500586193 0.0383440287 0.0207208517 0.0338880661 0.0321762524 0.0112345513 0.0394198947 0.0208802384 0.0200432398 0.0230676535 0.0247651358 0.0598528606 0.0207504932 0.0293733697 0.0412770642 0.027127875 0.0389640055 0.0222122681 
3 0.0367737344 0.0505503952 0.0348792511 0.0310874901 0.0193186152 0.0363932161 0.0482420425 0.0303265014 0.0261047785 0.0385501342 0.029570619 0.039743461 0.0290971703 0.018450356 0.0462062959 0.0284821674 0.0274618974 0.0322681765 0.0247117601 0.0226600593 0.0333206665 0.0237560833 0.0153868955 0.0174580902 0.0213579845 0.0318362699 0.0632676998 0.0168950103 0.035003629 0.0043559537 0.0604394354 0.0260441605 
4 0.0292473084 0.0138608048 0.0310874901 0.0453750612 0.0432418486 0.0445914207 0.0271524004 0.0208377107 0.0341676946 0.0160040603 0.0377373181 0.0278322824 0.0349286262 0.0245344613 0.0396124954 0.0113212521 0.0566159403 0.0259836039 0.0057503264 0.0491928809 0.0179267307 0.0234573109 0.0402448413 0.0155673014 0.0186323048 0.0171316183 0.0541307051 0.0057514028 0.05682207 0.0426940397 0.0510224804 0.0375442077 
5 0.0357147897 0.0488365243 0.0193186152 0.0432418486 0.0518783217 0.0217974631 0.0268397367 0.0032126319 0.0213757385 0.0126770009 0.0273906703 0.0051210996 0.0278753621 0.0308638743 0.0180731692 0.0372155714 0.0296546982 0.0581516998 0.006574824 0.0437780794 0.0410411254 0.0432326253 0.0182822283 0.0605524715 0.029400044 0.0416786811 0.0388546908 0.0268468946 0.0352734747 0.0293258639 0.0409093526 0.0250108288 
6 0.0322397974 0.025425497 0.0363932161 0.0445914207 0.0217974631 0.0312902209 0.0387903941 0.0229509384 0.0240889456 0.0230517523 0.0390581698 0.0309066124 0.0490131248 0.0357118431 0.0084075765 0.041026826 0.0303199274 0.0310139628 0.0444289354 0.0313058605 0.0149580972 0.0309430351 0.0424843955 0.0468010957 0.0240571291 0.0304887019 0.0103556708 0.0421710466 0.0224829191 0.0390438463 0.0182027858 0.0361987926 
7 0.0425349665 0.0399999897 0.0482420425 0.0271524004 0.0268397367 0.0387903941 0.0118378204 0.0303972281 0.0524217314 0.0397144287 0.0220817431 0.0142262239 0.0339480335 0.0479767753 0.040271226 0.0302119543 0.0119368625 0.0381657485 0.0218650344 0.0499987685 0.033164343 0.0331710441 0.0561645767 0.0109541729 0.0095568227 0.0073916987 0.0141710196 0.0670091716 0.0340692401 0.0365610546 0.0138664594 0.015307288 
8 0.0265805377 0.0216982715 0.0303265014 0.0208377107 0.0032126319 0.0229509384 0.0303972281 0.0403293689 0.024801238 0.0405436022 0.0286480903 0.0405523936 0.034309943 0.0204102199 0.0389082622 0.0389138576 0.0436961101 0.011887627 0.025848976 0.03290111 0.008135526 0.0242908465 0.0159481066 0.0307984081 0.0380440854 0.0488773839 0.0347940176 0.0646871501 0.0598830119 0.0319922004 0.0161831572 0.0486114878 
9 0.045965988 0.0241732958 0.0261047785 0.0341676946 0.0213757385 0.0240889456 0.0524217314 0.024801238 0.0201264109 0.0339356205 0.0328897763 0.0179334321 0.0100457341 0.0178035027 0.0232417923 0.0535717962 0.0202028538 0.0555031716 0.0246813083 0.025356469 0.0356413535 0.0252320456 0.0411133955 0.0292689458 0.0409096868 0.0382171177 0.0394861333 0.0278170379 0.0492462048 0.0378584807 0.0012225849 0.0455957353 
10 0.049446072 0.0177463248 0.0385501342 0.0160040603 0.0126770009 0.0230517523 0.0397144287 0.0405436022 0.0339356205 0.0425415414 0.0237900404 0.0407735225 0.0361821051 0.0010129839 0.0210973228 0.0148073211 0.0396321653 0.0281501675 0.048724869 0.011877227 0.0315991104 0.055383378 0.0451122162 0.0499816942 0.0174001906 0.0234258904 0.0394977525 0.0284929456 0.0409504125 0.0277673513 0.0254749959 0.0346558005 
11 0.0152395699 0.0354221843 0.029570619 0.0377373181 0.0273906703 0.0390581698 0.0220817431 0.0286480903 0.0328897763 0.0237900404 0.0669370641 0.0604826976 0.0194700524 0.0405639485 0.0386074627 0.0176294383 0.0297660358 0.0321325259 0.0450979733 0.018630231 0.0270270246 0.0186328481 0.030620501 0.0183212724 0.0636074068 0.0243603805 0.0196309937 0.0356376359 0.0256245632 0.0311710389 0.0216269816 0.0225937421 
12 0.0250807741 0.0205080206 0.039743461 0.0278322824 0.0051210996 0.0309066124 0.0142262239 0.0405523936 0.0179334321 0.0407735225 0.0604826976 0.0466533186 0.024570156 0.0364938552 0.0486217126 0.0313302831 0.0355244957 0.0240397937 0.0169729563 0.0519816624 0.0282723588 0.0466379188 0.0189689698 0.0321998677 0.0364377739 0.0423443164 0.0324972526 0.0257219578 0.0342077525 0.0243817459 0.0257409565 0.0132403759 
13 0.0394765679 0.0516884748 0.0290971703 0.0349286262 0.0278753621 0.0490131248 0.0339480335 0.034309943 0.0100457341 0.0361821051 0.0194700524 0.024570156 0.0126549581 0.0223350072 0.0237769533 0.0537310569 0.0241515356 0.0100383674 0.038560282 0.0498581961 0.033550425 0.0329614116 0.0329063303 0.0271891581 0.0710962724 0.0290159211 0.0236493327 0.0332523241 0.0093637357 0.0123814201 0.0340045556 0.0349174064 
14 0.0130432662 0.0234584991 0.018450356 0.0245344613 0.0308638743 0.0357118431 0.0479767753 0.0204102199 0.0178035027 0.0010129839 0.0405639485 0.0364938552 0.0223350072 0.0878989381 0.0072879674 0.0418320547 0.0344388894 0.0298424826 0.0468011631 0.0220104954 0.038563477 0.0570374765 0.0273702163 0.056931775 0.0359091847 0.0337976842 0.0376544492 0.013261463 0.0201062272 0.0269674088 0.0436517627 0.0059782919 
15 0.0303751585 0.0500586193 0.0462062959 0.0396124954 0.0180731692 0.0084075765 0.040271226 0.0389082622 0.0232417923 0.0210973228 0.0386074627 0.0486217126 0.0237769533 0.0072879674 0.0326614831 0.0206794649 0.0190012915 0.0300087323 0.0115082074 0.0308476764 0.0313765605 0.0359636749 0.0253980178 0.0255868007 0.0440810977 0.0347486623 0.0171456597 0.0710464084 0.0155926144 0.0232803417 0.0703860691 0.0261412232 
16 0.0154177792 0.0383440287 0.0284821674 0.0113212521 0.0372155714 0.041026826 0.0302119543 0.0389138576 0.0535717962 0.0148073211 0.0176294383 0.0313302831 0.0537310569 0.0418320547 0.0206794649 0.0193935089 0.0100232777 0.0328411954 0.0574249027 0.0395519595 0.0400995586 0.0323264791 0.0224394929 0.0304285377 0.0502368079 0.0466600238 0.0277839223 0.0264611651 0.006073534 0.0431143214 0.0056533769 0.0349730843 
17 0.0295853568 0.0207208517 0.0274618974 0.0566159403 0.0296546982 0.0303199274 0.0119368625 0.0436961101 0.0202028538 0.0396321653 0.0297660358 0.0355244957 0.0241515356 0.0344388894 0.0190012915 0.0100232777 0.0717364376 0.0403849025 0.0433029833 0.0161508952 0.0411797577 0.0342507993 0.0387867063 0.0157551987 0.0241919979 0.0095949637 0.0281019 0.0305325145 0.0286889525 0.0267918514 0.0348947989 0.0529231511 
18 0.0182446379 0.0338880661 0.0322681765 0.0259836039 0.0581516998 0.0310139628 0.0381657485 0.011887627 0.0555031716 0.0281501675 0.0321325259 0.0240397937 0.0100383674 0.0298424826 0.0300087323 0.0328411954 0.0403849025 0.0355297793 0.0464210745 0.0060707044 0.026216038 0.0351429414 0.0268460043 0.0334204976 0.0280373208 0.0443126615 0.021437783 0.028135961 0.0263568876 0.0330710898 0.0529979446 0.0234584508 
19 0.0429156743 0.0321762524 0.0247117601 0.0057503264 0.006574824 0.0444289354 0.0218650344 0.025848976 0.0246813083 0.048724869 0.0450979733 0.0169729563 0.038560282 0.0468011631 0.0115082074 0.0574249027 0.0433029833 0.0464210745 0.063371275 0.0233856206 0.0279159165 0.0347657908 0.0407993224 0.0086667971 0.0216465927 0.0216901468 0.0494615561 0.0390587861 0.023015839 0.0320623479 0.0216477439 0.0087447622 
20 0.0306834481 0.0112345513 0.0226600593 0.0491928809 0.0437780794 0.0313058605 0.0499987685 0.03290111 0.025356469 0.011877227 0.018630231 0.0519816624 0.0498581961 0.0220104954 0.0308476764 0.0395519595 0.0161508952 0.0060707044 0.0233856206 0.0125691345 0.0462174741 0.0257965177 0.0153996291 0.0202538373 0.0328714274 0.0269256966 0.0350440721 0.0454080477 0.0471986982 0.0534552721 0.0464735608 0.0249107376 
21 0.0328171252 0.0394198947 0.0333206665 0.0179267307 0.0410411254 0.0149580972 0.033164343 0.008135526 0.0356413535 0.0315991104 0.0270270246 0.0282723588 0.033550425 0.038563477 0.0313765605 0.0400995586 0.0411797577 0.026216038 0.0279159165 0.0462174741 0.0208354203 0.0233272327 0.0335678464 0.0178039317 0.0385520644 0.0289235829 0.044764439 0.0303610982 0.0267976759 0.0691927749 0.0183171621 0.0191142083 
22 0.0499915754 0.0208802384 0.0237560833 0.0234573109 0.0432326253 0.0309430351 0.0331710441 0.0242908465 0.0252320456 0.055383378 0.0186328481 0.0466379188 0.0329614116 0.0570374765 0.0359636749 0.0323264791 0.0342507993 0.0351429414 0.0347657908 0.0257965177 0.0233272327 0.0127302114 0.0163415798 0.0642148741 0.0128904622 0.0374524572 0.0297416327 0.0063193366 0.0146851716 0.0318130488 0.0372567847 0.0293731674 
23 0.0315061797 0.0200432398 0.0153868955 0.0402448413 0.0182822283 0.0424843955 0.0561645767 0.0159481066 0.0411133955 0.0451122162 0.030620501 0.0189689698 0.0329063303 0.0273702163 0.0253980178 0.0224394929 0.0387867063 0.0268460043 0.0407993224 0.0153996291 0.0335678464 0.0163415798 0.0098174076 0.0295211013 0.0552045083 0.0520783224 0.0376371515 0.0138521512 0.0458570771 0.0396796508 0.0102770887 0.0503448496 
24 0.0306093848 0.0230676535 0.0174580902 0.0155673014 0.0605524715 0.0468010957 0.0109541729 0.0307984081 0.0292689458 0.0499816942 0.0183212724 0.0321998677 0.0271891581 0.056931775 0.0255868007 0.0304285377 0.0157551987 0.0334204976 0.0086667971 0.0202538373 0.0178039317 0.0642148741 0.0295211013 0.0580635243 0.0219740626 0.0463966962 0.0302749057 0.0232946149 0.0386355117 0.0120685499 0.0370057693 0.0369334981 
25 0.0239972182 0.0247651358 0.0213579845 0.0186323048 0.029400044 0.0240571291 0.0095568227 0.0380440854 0.0409096868 0.0174001906 0.0636074068 0.0364377739 0.0710962724 0.0359091847 0.0440810977 0.0502368079 0.0241919979 0.0280373208 0.0216465927 0.0328714274 0.0385520644 0.0128904622 0.0552045083 0.0219740626 0.0267426575 0.0268413332 0.0199238524 0.0169184793 0.0218735483 0.0368603391 0.0317312257 0.0342509831 
26 0.0299257061 0.0598528606 0.0318362699 0.0171316183 0.0416786811 0.0304887019 0.0073916987 0.0488773839 0.0382171177 0.0234258904 0.0243603805 0.0423443164 0.0290159211 0.0337976842 0.0347486623 0.0466600238 0.0095949637 0.0443126615 0.0216901468 0.0269256966 0.0289235829 0.0374524572 0.0520783224 0.0463966962 0.0268413332 0.0079961886 0.017120804 0.0314253986 0.0288604415 0.0287307436 0.0357890786 0.0161085677 
27 0.0263040808 0.0207504932 0.0632676998 0.0541307051 0.0388546908 0.0103556708 0.0141710196 0.0347940176 0.0394861333 0.0394977525 0.0196309937 0.0324972526 0.0236493327 0.0376544492 0.0171456597 0.0277839223 0.0281019 0.021437783 0.0494615561 0.0350440721 0.044764439 0.0297416327 0.0376371515 0.0302749057 0.0199238524 0.017120804 0.0717397757 0.0122202761 0.0071584532 0.0260445608 0.0227621066 0.0465928575 
28 0.0221018434 0.0293733697 0.0168950103 0.0057514028 0.0268468946 0.0421710466 0.0670091716 0.0646871501 0.0278170379 0.0284929456 0.0356376359 0.0257219578 0.0332523241 0.013261463 0.0710464084 0.0264611651 0.0305325145 0.028135961 0.0390587861 0.0454080477 0.0303610982 0.0063193366 0.0138521512 0.0232946149 0.0169184793 0.0314253986 0.0122202761 0.0489070895 0.0165205924 0.0579435468 0.034093826 0.0284814543 
29 0.0519611504 0.0412770642 0.035003629 0.05682207 0.0352734747 0.0224829191 0.0340692401 0.0598830119 0.0492462048 0.0409504125 0.0256245632 0.0342077525 0.0093637357 0.0201062272 0.0155926144 0.006073534 0.0286889525 0.0263568876 0.023015839 0.0471986982 0.0267976759 0.0146851716 0.0458570771 0.0386355117 0.0218735483 0.0288604415 0.0071584532 0.0165205924 0.0240419277 0.0223266383 0.0379912703 0.0520537112 
30 0.0189609858 0.027127875 0.0043559537 0.0426940397 0.0293258639 0.0390438463 0.0365610546 0.0319922004 0.0378584807 0.0277673513 0.0311710389 0.0243817459 0.0123814201 0.0269674088 0.0232803417 0.0431143214 0.0267918514 0.0330710898 0.0320623479 0.0534552721 0.0691927749 0.0318130488 0.0396796508 0.0120685499 0.0368603391 0.0287307436 0.0260445608 0.0579435468 0.0223266383 0.0279506359 0.0358005388 0.0092244826 
31 0.0158241305 0.0389640055 0.0604394354 0.0510224804 0.0409093526 0.0182027858 0.0138664594 0.0161831572 0.0012225849 0.0254749959 0.0216269816 0.0257409565 0.0340045556 0.0436517627 0.0703860691 0.0056533769 0.0348947989 0.0529979446 0.0216477439 0.0464735608 0.0183171621 0.0372567847 0.0102770887 0.0370057693 0.0317312257 0.0357890786 0.0227621066 0.034093826 0.0379912703 0.0358005388 0.0105860576 0.0492019534 
32 0.0490435929 0.0222122681 0.0260441605 0.0375442077 0.0250108288 0.0361987926 0.015307288 0.0486114878 0.0455957353 0.0346558005 0.0225937421 0.0132403759 0.0349174064 0.0059782919 0.0261412232 0.0349730843 0.0529231511 0.0234584508 0.0087447622 0.0249107376 0.0191142083 0.0293731674 0.0503448496 0.0369334981 0.0342509831 0.0161085677 0.0465928575 0.0284814543 0.0520537112 0.0092244826 0.0492019534 0.0402148792 
