50
1 0.0 0.0051938943 0.006562415 0.0249768203 0.0185919342 0.0163029145 0.0231800797 0.0055264456 0.0231368042 0.0158075891 0.0228418391 0.0169445901 0.0170928872 0.0172314745 0.0219154799 0.0227407419 0.018471357 0.0222306648 0.0206965179 0.0260435131 0.0161956718 0.030046383 0.0274081862 0.0120108932 0.0266186205 0.0215219918 0.0312258322 0.0285441981 0.016245438 0.0174067298 0.0315496879 0.0095001419 0.0050172921 0.0211170837 0.0378523403 0.0175223042 0.0116350552 0.0287737638 0.0171758445 0.0243950072 0.0175335909 0.0294777696 0.0255503685 0.0232535298 0.0396745139 0.025020381 0.0236816219 0.0164508866 0.0137700457 0.0083368642
2 0.0051938943 0.0 0.0356597485 0.0190106401 0.0251637087 0.0047774477 0.0121637417 0.0103215011 0.0107494116 0.0231883703 0.0249641104 0.0226515651 0.0124209432 0.0081133846 0.0266470092 0.0246916387 0.0158338973 0.0187162786 0.0165300479 0.0150609404 0.0326680024 0.027536885 0.0234804164 0.0128275423 0.0150250989 0.0166153436 0.0198229037 0.0346484964 0.0246996959 0.0114807358 0.0170361113 0.0325118271 0.0298106425 0.0233150076 0.022862259 0.0296122958 0.0299245598 0.0278363698 0.031452856 0.000772545 0.0141693381 0.0348543727 0.0306992645 0.0238708183 0.0333076296 0.0244118662 0.0106200834 0.0035799592 0.0098309934 0.0188578011
3 0.006562415 0.0356597485 0.0 0.0304641837 0.0304380158 0.0263106462 0.0320456247 0.0106948754 0.0243136887 0.023669005 0.0153923802 0.028783275 0.0258684456 0.0008831228 0.0205961135 0.0284866235 0.0188123246 0.0315066831 0.0050303909 0.0209964937 0.0083501599 0.0310911612 0.0340797643 0.0251274544 0.0350224977 0.0199410313 0.0273184867 0.0088706329 0.0181624953 0.0251315372 0.0339865133 0.0182525749 0.0075411832 0.0232901208 0.0116515103 0.0165712183 0.0114354272 0.019276619 0.0266562787 0.00905693 0.0216473821 0.0221354446 0.0150365103 0.0111274691 0.0187708713 0.0142742655 0.0090031657 0.0195013172 0.0223200766 0.0188558452
4 0.0249768203 0.0190106401 0.0304641837 0.0 0.0262942796 0.0146594204 0.0297216816 0.0179958415 0.0199483591 0.0135341346 0.0175795875 0.0306900135 0.0201053512 0.0172840867 0.0011003182 0.0180867525 0.0219355844 0.0161295322 0.0136364649 0.0190173629 0.0357918559 0.0328466863 0.0116677957 0.0066687392 0.0262151347 0.0151435376 0.0160160197 0.0096568707 0.0204912612 0.0268091083 0.0344205075 0.0127682261 0.0132894839 0.0241036433 0.0227482082 0.017407008 0.0277467163 0.0186682455 0.0229522676 0.0246347408 0.0188368749 0.0159932655 0.0125926002 0.0225884304 0.022945283 0.0210641472 0.0163409071 0.0249160252 0.0304551156 0.0220508795
5 0.0185919342 0.0251637087 0.0304380158 0.0262942796 0.0 0.0160932178 0.0350039156 0.0217806116 0.0210536849 0.0282729723 0.0144333549 0.0146863627 0.0244019028 0.0266725075 0.0252724561 0.0102080681 0.0284634831 0.0253363115 0.0311187109 0.0172247397 0.0118918584 0.0284937338 0.0244359804 0.0225902995 0.0095243772 0.0218864965 0.016839513 0.0307187711 0.0056364637 0.0149130608 0.0168685048 0.0250392424 0.0202942984 0.0254620556 0.0259056025 0.0078862974 0.0104386393 0.0071168321 0.0170832881 0.020798508 0.0196004086 0.0141277813 0.0230584082 0.0294735556 0.0165474793 0.0179309736 0.0111014806 0.0287178804 0.0213836208 0.0137243511
6 0.0163029145 0.0047774477 0.0263106462 0.0146594204 0.0160932178 0.0 0.0092734776 0.0289004902 0.0220541488 0.0217839389 0.0185579369 0.0365786421 0.0073988022 0.0255343748 0.0294291561 0.0074237346 0.0228147516 0.0221211953 0.0143717398 0.001837151 0.0077205448 0.0380717365 0.0115470075 0.0299202557 0.0173561153 0.0129266975 0.0114884817 0.0270977909 0.0113595596 0.0311677771 0.0249049125 0.0294394032 0.0267415031 0.0106404923 0.0041217875 0.0151291908 0.0195486874 0.0167369223 0.0203751929 0.0306133723 0.0266653912 0.0308775775 0.0242417744 0.0227876973 0.0103848966 0.0215301297 0.0321623759 0.0309155485 0.0313470201 0.0259569712
7 0.0231800797 0.0121637417 0.0320456247 0.0297216816 0.0350039156 0.0092734776 0.0 0.0247659501 0.0204062587 0.0106827951 0.0125698481 0.0190957301 0.0192723619 0.0087462355 0.0258435113 0.0166979208 0.0263507493 0.0241687964 0.0155872654 0.0238089553 0.0258779059 0.0143263236 0.0159840375 0.0199774573 0.0254098061 0.0197300447 0.0244103149 0.0172639145 0.0172230176 0.0196304961 0.0149249267 0.0181608691 0.0209761823 0.0202174837 0.00880949 0.0321208521 0.0174581675 0.0146482495 0.0257664465 0.0128880051 0.0155980524 0.0265744308 0.010839269 0.0344463465 0.0174158385 0.0126556192 0.0257664062 0.0351271664 0.021250413 0.0251375685
8 0.0055264456 0.0103215011 0.0106948754 0.0179958415 0.0217806116 0.0289004902 0.0247659501 0.0 0.0122904845 0.019819785 0.008523755 0.0234748979 0.0186999919 0.028254004 0.0199067738 0.0216418192 0.0139178465 0.011308482 0.0146252519 0.0171995318 0.0291766647 0.020370325 0.0165741007 0.0312371736 0.0118850785 0.038055355 0.009597719 0.0196129399 0.01980117 0.0313987008 0.0110423756 0.0205591957 0.0281649486 0.0309423178 0.0146274311 0.0260936279 0.0297389129 0.0201334236 0.0307188093 0.0174966749 0.0250638427 0.0095286985 0.0143662441 0.0176700123 0.0185393956 0.0207355548 0.032625405 0.0240833697 0.0234247464 0.0270874474
9 0.0231368042 0.0107494116 0.0243136887 0.0199483591 0.0210536849 0.0220541488 0.0204062587 0.0122904845 0.0 0.0047727251 0.0190386304 0.0168237764 0.0214034844 0.0255955528 0.0184610645 0.0205244265 0.0133612527 0.025037442 0.0027086212 0.0321672603 0.0158920865 0.0073088862 0.0212580457 0.0235180097 0.0261679627 0.0229160809 0.0150052562 0.017929657 0.0236431249 0.0178746043 0.0305971862 0.0200537437 0.0147695878 0.019122921 0.0281275398 0.0179715437 0.0249563687 0.0195916469 0.0179671063 0.0097788528 0.0166480567 0.0289668082 0.0192464915 0.0378112321 0.0214410299 0.0318763342 0.0274492775 0.0162157886 0.0289986731 0.02304902
10 0.0158075891 0.0231883703 0.023669005 0.0135341346 0.0282729723 0.0217839389 0.0106827951 0.019819785 0.0047727251 0.0 0.0242506044 0.0175764239 0.0193648327 0.0188390432 0.0214071983 0.0228968119 0.0207793525 0.0048671312 0.0222919732 0.0275805909 0.0360433161 0.0241394325 0.0142666132 0.0210505434 0.012678103 0.0227025894 0.0224716593 0.0324799718 0.0186420292 0.0217438234 0.0338168594 0.0182112705 0.0355525667 0.0140834981 0.0194486323 0.0044751611 0.027278495 0.0098945695 0.0280937926 0.0168327363 0.0216720473 0.0304619665 0.0291642733 0.0172522132 0.021369825 0.0066349867 0.021492761 0.019357186 0.014386723 0.0229170775
11 0.0228418391 0.0249641104 0.0153923802 0.0175795875 0.0144333549 0.0185579369 0.0125698481 0.008523755 0.0190386304 0.0242506044 0.0 0.0190293244 0.0150250104 0.0325230128 0.0172356942 0.005857983 0.0212344625 0.0147486662 0.0202907938 0.0375353631 0.0201901493 0.0314361794 0.0223557626 0.0186929126 0.0097167246 0.0232624917 0.0190424651 0.0316736387 0.0261809017 0.0167182292 0.0264449636 0.0152733023 0.0217300381 0.0069067464 0.0188074996 0.0245224682 0.0133677033 0.0112531638 0.0137182341 0.0181259586 0.0240553762 0.0222585142 0.0209713615 0.0120351113 0.0360682438 0.0146852469 0.0370080638 0.024510383 0.0391727251 0.0181830842
12 0.0169445901 0.0226515651 0.028783275 0.0306900135 0.0146863627 0.0365786421 0.0190957301 0.0234748979 0.0168237764 0.0175764239 0.0190293244 0.0 0.0312707284 0.014371141 0.0292188175 0.0254333774 0.0191576884 0.0326769089 0.0240548512 0.0172439804 0.0339192124 0.0114830438 0.0339606361 0.011362462 0.0201355874 0.0119452818 0.0275633768 0.0203917166 0.0170161272 0.0188165398 0.0312337413 0.0042883052 0.0066641404 0.0059981937 0.0334362921 0.0137807945 0.0150829646 0.0275107599 0.0248544364 0.0293201004 0.0094672778 0.0228134365 0.0304066406 0.0145568907 0.0097827774 0.0178411637 0.0113783864 0.0115377696 0.0100294902 0.0236603602
13 0.0170928872 0.0124209432 0.0258684456 0.0201053512 0.0244019028 0.0073988022 0.0192723619 0.0186999919 0.0214034844 0.0193648327 0.0150250104 0.0312707284 0.0 0.0213356862 0.0290897856 0.0042634648 0.0377249395 0.0291998251 0.0259453985 0.0255758426 0.0085439879 0.0191744095 0.0165012697 0.0372804144 0.0271205447 0.0169256983 0.0136852478 0.0231823756 0.0206629598 0.0270744886 0.0344069263 0.0247819711 0.018996435 0.0136175617 0.0009725672 0.0306492109 0.0244599166 0.0093213585 0.0238151472 0.0133507957 0.0239831608 0.0257953667 0.0260177041 0.0103122985 0.0058339553 0.0216915648 0.0069578338 0.0214639077 0.0233765386 0.024584699
14 0.0172314745 0.0081133846 0.0008831228 0.0172840867 0.0266725075 0.0255343748 0.0087462355 0.028254004 0.0255955528 0.0188390432 0.0325230128 0.014371141 0.0213356862 0.0 0.002221982 0.0277151254 0.0077610532 0.031557811 0.0237888238 0.0063735666 0.0129337694 0.0359824875 0.0140499357 0.0132318913 0.0140900477 0.0192629043 0.0310711671 0.0341877445 0.0162552618 0.0273066466 0.019694501 0.0231439317 0.0305833351 0.0256531154 0.0262775303 0.0287897486 0.0284911746 0.0153273516 0.0036737773 0.0203964792 0.024455045 0.0253097077 0.0172420775 0.0193222899 0.0359640686 0.0194744372 0.0303217945 0.0224002408 0.0149988929 0.0053066566
15 0.0219154799 0.0266470092 0.0205961135 0.0011003182 0.0252724561 0.0294291561 0.0258435113 0.0199067738 0.0184610645 0.0214071983 0.0172356942 0.0292188175 0.0290897856 0.002221982 0.0 0.0139096021 0.0179708637 0.013558656 0.0176616803 0.0147746091 0.0161479991 0.0175059915 0.0237464294 0.0063586064 0.0231780642 0.02280511 0.0293774016 0.0155529304 0.0176864523 0.0183063206 0.0238559035 0.0311153319 0.0194083592 0.0373051029 0.0159178908 0.0199577898 0.0256540171 0.0267111016 0.0166777964 0.0281419548 0.0175828135 0.0190783206 0.0187265583 0.0091610584 0.0189782582 0.0144265267 0.0317486725 0.0322072896 0.0170922363 0.019366941
16 0.0227407419 0.0246916387 0.0284866235 0.0180867525 0.0102080681 0.0074237346 0.0166979208 0.0216418192 0.0205244265 0.0228968119 0.005857983 0.0254333774 0.0042634648 0.0277151254 0.0139096021 0.0 0.0375588305 0.0090615079 0.0143744551 0.0110271856 0.0228313363 0.0336606231 0.0132853567 0.0263050121 0.0146553624 0.006844848 0.0375117877 0.0213018203 0.0211278079 0.0264139102 0.0082150408 0.0280861043 0.0083786044 0.0429416301 0.0211876126 0.0282950161 0.0094976009 0.0368786329 0.0215383576 0.0232843442 0.0129031397 0.0119773687 0.0222930588 0.0238698313 0.0272498684 0.0290052728 0.0149767312 0.0225783432 0.0158464768 0.0244590308
17 0.018471357 0.0158338973 0.0188123246 0.0219355844 0.0284634831 0.0228147516 0.0263507493 0.0139178465 0.0133612527 0.0207793525 0.0212344625 0.0191576884 0.0377249395 0.0077610532 0.0179708637 0.0375588305 0.0 0.0284208744 0.0242465626 0.0227344683 0.020555782 0.0034693904 0.0110446324 0.0247888149 0.0144327815 0.0129075336 0.0190225067 0.0199359954 0.0161416468 0.0197062871 0.0219122915 0.0101112 0.0301786078 0.0319578515 0.013044832 0.0182128194 0.0216939801 0.0359589716 0.024456091 0.026202442 0.0224253388 0.0202324072 0.0069454732 0.0198788328 0.0041495792 0.0134360105 0.0172572418 0.0320727438 0.0291826065 0.0211349665
18 0.0222306648 0.0187162786 0.0315066831 0.0161295322 0.0253363115 0.0221211953 0.0241687964 0.011308482 0.025037442 0.0048671312 0.0147486662 0.0326769089 0.0291998251 0.031557811 0.013558656 0.0090615079 0.0284208744 0.0 0.0116750815 0.0198898205 0.021775033 0.0341263933 0.0211925456 0.0399710541 0.0124927283 0.0280447809 0.026378809 0.0111591217 0.0224719211 0.0348801364 0.0150169064 0.015274618 0.0248432189 0.0121775107 0.0136255234 0.0231267024 0.00429324 0.02254669 0.0146500216 0.0195432991 0.0197775718 0.015465636 0.0170949212 0.0228205654 0.0332811538 0.0170483339 0.0053371635 0.0190126851 0.0105171929 0.0298428535
19 0.0206965179 0.0165300479 0.0050303909 0.0136364649 0.0311187109 0.0143717398 0.0155872654 0.0146252519 0.0027086212 0.0222919732 0.0202907938 0.0240548512 0.0259453985 0.0237888238 0.0176616803 0.0143744551 0.0242465626 0.0116750815 0.0 0.0193421803 0.0389096062 0.0277199985 0.0104505171 0.0193185964 0.0390616376 0.0221768255 0.019292569 0.0128893287 0.0191915926 0.0209748092 0.0206909096 0.0105780496 0.0220604125 0.0186679327 0.0102200977 0.0163571088 0.0258319236 0.0418354277 0.012378816 0.0064723455 0.0160999611 0.0167334792 0.0307410631 0.0287768303 0.0290921639 0.0425181635 0.0033681351 0.0243084705 0.0260657505 0.0292406671
20 0.0260435131 0.0150609404 0.0209964937 0.0190173629 0.0172247397 0.001837151 0.0238089553 0.0171995318 0.0321672603 0.0275805909 0.0375353631 0.0172439804 0.0255758426 0.0063735666 0.0147746091 0.0110271856 0.0227344683 0.0198898205 0.0193421803 0.0 0.0139860317 0.012583685 0.028815521 0.015313923 0.0258152977 0.0234302256 0.0111080494 0.0298327335 0.0207818983 0.0246961667 0.0224052494 0.0230025522 0.0144984684 0.0222879862 0.0291576073 0.013409269 0.0319551463 0.0085572137 0.0102067204 0.0233077712 0.0216011543 0.0124184606 0.0337302148 0.0276539596 0.013745084 0.0289846293 0.0155808866 0.0101403983 0.0151331337 0.0404270073
21 0.0161956718 0.0326680024 0.0083501599 0.0357918559 0.0118918584 0.0077205448 0.0258779059 0.0291766647 0.0158920865 0.0360433161 0.0201901493 0.0339192124 0.0085439879 0.0129337694 0.0161479991 0.0228313363 0.020555782 0.021775033 0.0389096062 0.0139860317 0.0 0.015061732 0.0395035727 0.0244128115 0.0106166167 0.0170433438 0.0234308357 0.0086599765 0.0160049652 0.0328949741 0.0159840437 0.009612205 0.0045994964 0.0190262393 0.0087836172 0.0127688885 0.0198793513 0.0372235111 0.0273221892 0.0224656445 0.031827519 0.0167720381 0.0087454564 0.0199239683 0.0202230881 0.0283380481 0.0368875359 0.0116485528 0.0142332562 0.0167055485
22 0.030046383 0.027536885 0.0310911612 0.0328466863 0.0284937338 0.0380717365 0.0143263236 0.020370325 0.0073088862 0.0241394325 0.0314361794 0.0114830438 0.0191744095 0.0359824875 0.0175059915 0.0336606231 0.0034693904 0.0341263933 0.0277199985 0.012583685 0.015061732 0.0 0.0214742177 0.0223725444 0.0160191601 0.0111308859 0.007526807 0.0151758117 0.0331881204 0.0139124757 0.030009893 0.0276988061 0.0170486655 0.0086291311 0.023074478 0.0120588399 0.0206548217 0.0160136259 0.0191722788 0.0278423405 0.0238217572 0.0024177926 0.0182829909 0.0252943848 0.0079048665 0.0076919353 0.0149913298 0.0276837878 0.0156696824 0.016803082
23 0.0274081862 0.0234804164 0.0340797643 0.0116677957 0.0244359804 0.0115470075 0.0159840375 0.0165741007 0.0212580457 0.0142666132 0.0223557626 0.0339606361 0.0165012697 0.0140499357 0.0237464294 0.0132853567 0.0110446324 0.0211925456 0.0104505171 0.028815521 0.0395035727 0.0214742177 0.0 0.0190941467 0.0195330813 0.0136335941 0.0171143585 0.0099544062 0.0192549147 0.0083911762 0.0111523871 0.0206004074 0.0148694519 0.0370595767 0.0238028314 0.0332724521 0.0236694218 0.0204246097 0.018535042 0.0175323117 0.0181480376 0.0134998672 0.0253278643 0.022860314 0.0181281034 0.0262129088 0.028003021 0.0325732145 0.0046209769 0.0256491786
24 0.0120108932 0.0128275423 0.0251274544 0.0066687392 0.0225902995 0.0299202557 0.0199774573 0.0312371736 0.0235180097 0.0210505434 0.0186929126 0.011362462 0.0372804144 0.0132318913 0.0063586064 0.0263050121 0.0247888149 0.0399710541 0.0193185964 0.015313923 0.0244128115 0.0223725444 0.0190941467 0.0 0.0124394816 0.0214050978 0.0137716346 0.024515934 0.0192551741 0.0280077162 0.0126315683 0.0162347967 0.0157362411 0.010183586 0.033021404 0.0221529946 0.0122644845 0.0221117457 0.0290643462 0.0144842029 0.036702627 0.0115713227 0.0231839714 0.0063347973 0.0247359201 0.0206598312 0.0280299008 0.0298788358 0.0154164161 0.012774411
25 0.0266186205 0.0150250989 0.0350224977 0.0262151347 0.0095243772 0.0173561153 0.0254098061 0.0118850785 0.0261679627 0.012678103 0.0097167246 0.0201355874 0.0271205447 0.0140900477 0.0231780642 0.0146553624 0.0144327815 0.0124927283 0.0390616376 0.0258152977 0.0106166167 0.0160191601 0.0195330813 0.0124394816 0.0 0.0274636059 0.0096814542 0.0317312338 0.0327879748 0.0219035875 0.0181284585 0.0372612704 0.0167747941 0.0154225879 0.0163733463 0.0171712702 0.0379951552 0.0194962255 0.0150682167 0.0282889953 0.030616766 0.0107700909 0.0147621421 0.0175389272 0.0167522756 0.0271436887 0.0078828875 0.0192800397 0.024232563 0.0202625324
26 0.0215219918 0.0166153436 0.0199410313 0.0151435376 0.0218864965 0.0129266975 0.0197300447 0.038055355 0.0229160809 0.0227025894 0.0232624917 0.0119452818 0.0169256983 0.0192629043 0.02280511 0.006844848 0.0129075336 0.0280447809 0.0221768255 0.0234302256 0.0170433438 0.0111308859 0.0136335941 0.0214050978 0.0274636059 0.0 0.0169077316 0.0313400581 0.0215455457 0.0018278101 0.0169265458 0.0162335944 0.0381765393 0.0197044922 0.0223080847 0.0127327943 0.0317590569 0.0200116421 0.0175365509 0.0068180239 0.0151825051 0.0137649869 0.0368191307 0.0235023167 0.0271352505 0.0120795651 0.0378879674 0.0293917478 0.0340323642 0.0066543004
27 0.0312258322 0.0198229037 0.0273184867 0.0160160197 0.016839513 0.0114884817 0.0244103149 0.009597719 0.0150052562 0.0224716593 0.0190424651 0.0275633768 0.0136852478 0.0310711671 0.0293774016 0.0375117877 0.0190225067 0.026378809 0.019292569 0.0111080494 0.0234308357 0.007526807 0.0171143585 0.0137716346 0.0096814542 0.0169077316 0.0 0.0263689688 0.0222195141 0.0151376896 0.0202136319 0.0196346029 0.0187333042 0.0239046247 0.0327122714 0.0075354522 0.0075754951 0.0309574601 0.0317438123 0.0261716597 0.023862468 0.0270536867 0.0209794718 0.0170604059 0.0169851899 0.0251255385 0.0284878523 0.0149261531 0.0173370752 0.0085912837
28 0.0285441981 0.0346484964 0.0088706329 0.0096568707 0.0307187711 0.0270977909 0.0172639145 0.0196129399 0.017929657 0.0324799718 0.0316736387 0.0203917166 0.0231823756 0.0341877445 0.0155529304 0.0213018203 0.0199359954 0.0111591217 0.0128893287 0.0298327335 0.0086599765 0.0151758117 0.0099544062 0.024515934 0.0317312338 0.0313400581 0.0263689688 0.0 0.0277008018 0.0136745205 0.0059831498 0.0177581602 0.0174900527 0.023178754 0.0132631409 0.0093806256 0.018595756 0.0173120302 0.017925615 0.0279753569 0.0202593541 0.0228096278 0.0114348129 0.0186300593 0.0099468926 0.0236065332 0.0131027215 0.0353446895 0.0208383009 0.0191120069
29 0.016245438 0.0246996959 0.0181624953 0.0204912612 0.0056364637 0.0113595596 0.0172230176 0.01980117 0.0236431249 0.0186420292 0.0261809017 0.0170161272 0.0206629598 0.0162552618 0.0176864523 0.0211278079 0.0161416468 0.0224719211 0.0191915926 0.0207818983 0.0160049652 0.0331881204 0.0192549147 0.0192551741 0.0327879748 0.0215455457 0.0222195141 0.0277008018 0.0 0.0241078922 0.0227676934 0.014082634 0.020263227 0.0283774144 0.0192680738 0.011552094 0.0253396115 0.0287378025 0.0046754594 0.0254953981 0.0139972175 0.0246665771 0.0245780461 0.0134892412 0.0219713391 0.0230921349 0.0120954262 0.0333560806 0.0091033252 0.0336054761
30 0.0174067298 0.0114807358 0.0251315372 0.0268091083 0.0149130608 0.0311677771 0.0196304961 0.0313987008 0.0178746043 0.0217438234 0.0167182292 0.0188165398 0.0270744886 0.0273066466 0.0183063206 0.0264139102 0.0197062871 0.0348801364 0.0209748092 0.0246961667 0.0328949741 0.0139124757 0.0083911762 0.0280077162 0.0219035875 0.0018278101 0.0151376896 0.0136745205 0.0241078922 0.0 0.0256183268 0.0266073708 0.0165443835 0.0083697304 0.0260287432 0.0185021686 0.019231801 0.0076031214 0.0189079976 0.0246523338 0.0150832004 0.036393686 0.0207063667 0.0180726324 0.0278744848 0.0172536266 0.0096760736 0.0111099073 0.0196213891 0.019834706
31 0.0315496879 0.0170361113 0.0339865133 0.0344205075 0.0168685048 0.0249049125 0.0149249267 0.0110423756 0.0305971862 0.0338168594 0.0264449636 0.0312337413 0.0344069263 0.019694501 0.0238559035 0.0082150408 0.0219122915 0.0150169064 0.0206909096 0.0224052494 0.0159840437 0.030009893 0.0111523871 0.0126315683 0.0181284585 0.0169265458 0.0202136319 0.0059831498 0.0227676934 0.0256183268 0.0 0.0084891704 0.0214433456 0.0274162371 0.0308957794 0.0255290845 0.0048610069 0.0243239621 0.0081805815 0.0146616455 0.0246141009 0.001535677 0.03036105 0.0382973852 0.0034165822 0.0172884857 0.0171791563 0.0133008319 0.0099303736 0.0258358275
32 0.0095001419 0.0325118271 0.0182525749 0.0127682261 0.0250392424 0.0294394032 0.0181608691 0.0205591957 0.0200537437 0.0182112705 0.0152733023 0.0042883052 0.0247819711 0.0231439317 0.0311153319 0.0280861043 0.0101112 0.015274618 0.0105780496 0.0230025522 0.009612205 0.0276988061 0.0206004074 0.0162347967 0.0372612704 0.0162335944 0.0196346029 0.0177581602 0.014082634 0.0266073708 0.0084891704 0.0 0.0212764946 0.0163406806 0.0049083721 0.0378021546 0.0243842892 0.0344546783 0.017918745 0.0126639368 0.0173840184 0.0235696242 0.0193552549 0.0177120165 0.0257465894 0.0197291532 0.0296802478 0.017374159 0.023606672 0.0317280345
33 0.0050172921 0.0298106425 0.0075411832 0.0132894839 0.0202942984 0.0267415031 0.0209761823 0.0281649486 0.0147695878 0.0355525667 0.0217300381 0.0066641404 0.018996435 0.0305833351 0.0194083592 0.0083786044 0.0301786078 0.0248432189 0.0220604125 0.0144984684 0.0045994964 0.0170486655 0.0148694519 0.0157362411 0.0167747941 0.0381765393 0.0187333042 0.0174900527 0.020263227 0.0165443835 0.0214433456 0.0212764946 0.0 0.0160444001 0.0387486928 0.0317845122 0.0183974439 0.0129537278 0.0222599714 0.0145452583 0.0169783296 0.0245953691 0.0354938568 0.0168356679 0.0187836083 0.0254675506 0.030459579 0.0160455897 0.0234650052 0.0146861328
34 0.0211170837 0.0233150076 0.0232901208 0.0241036433 0.0254620556 0.0106404923 0.0202174837 0.0309423178 0.019122921 0.0140834981 0.0069067464 0.0059981937 0.0136175617 0.0256531154 0.0373051029 0.0429416301 0.0319578515 0.0121775107 0.0186679327 0.0222879862 0.0190262393 0.0086291311 0.0370595767 0.010183586 0.0154225879 0.0197044922 0.0239046247 0.023178754 0.0283774144 0.0083697304 0.0274162371 0.0163406806 0.0160444001 0.0 0.0232661569 0.0223997445 0.0202236262 0.0153580934 0.0202794077 0.0294907525 0.0334977996 0.0293961099 0.0215210552 0.0205208472 0.0055008048 0.0171144193 0.0171766323 0.0150354278 0.0205055802 0.0052478327
35 0.0378523403 0.022862259 0.0116515103 0.0227482082 0.0259056025 0.0041217875 0.00880949 0.0146274311 0.0281275398 0.0194486323 0.0188074996 0.0334362921 0.0009725672 0.0262775303 0.0159178908 0.0211876126 0.013044832 0.0136255234 0.0102200977 0.0291576073 0.0087836172 0.023074478 0.0238028314 0.033021404 0.0163733463 0.0223080847 0.0327122714 0.0132631409 0.0192680738 0.0260287432 0.0308957794 0.0049083721 0.0387486928 0.0232661569 0.0 0.0301518041 0.0146780585 0.0214172356 0.0305719168 0.0123770093 0.0074195752 0.0149527676 0.0221869108 0.0276256817 0.0346522918 0.0118790417 0.0188733517 0.0201323465 0.0198725172 0.0179522453
36 0.0175223042 0.0296122958 0.0165712183 0.017407008 0.0078862974 0.0151291908 0.0321208521 0.0260936279 0.0179715437 0.0044751611 0.0245224682 0.0137807945 0.0306492109 0.0287897486 0.0199577898 0.0282950161 0.0182128194 0.0231267024 0.0163571088 0.013409269 0.0127688885 0.0120588399 0.0332724521 0.0221529946 0.0171712702 0.0127327943 0.0075354522 0.0093806256 0.011552094 0.0185021686 0.0255290845 0.0378021546 0.0317845122 0.0223997445 0.0301518041 0.0 0.0236253102 0.0256228762 0.0261102004 0.0311933554 0.0147972421 0.0099323085 0.0023400807 0.0234652213 0.0181129839 0.0297750162 0.0132140205 0.0244320346 0.0283525553 0.0223414877
37 0.0116350552 0.0299245598 0.0114354272 0.0277467163 0.0104386393 0.0195486874 0.0174581675 0.0297389129 0.0249563687 0.027278495 0.0133677033 0.0150829646 0.0244599166 0.0284911746 0.0256540171 0.0094976009 0.0216939801 0.00429324 0.0258319236 0.0319551463 0.0198793513 0.0206548217 0.0236694218 0.0122644845 0.0379951552 0.0317590569 0.0075754951 0.018595756 0.0253396115 0.019231801 0.0048610069 0.0243842892 0.0183974439 0.0202236262 0.0146780585 0.0236253102 0.0 0.0162534878 0.0187996072 0.0183580892 0.0258583607 0.0347708458 0.0263626506 0.0274394193 0.0184235768 0.0197468716 0.0047128346 0.012720304 0.0216967588 0.0212338074
38 0.0287737638 0.0278363698 0.019276619 0.0186682455 0.0071168321 0.0167369223 0.0146482495 0.0201334236 0.0195916469 0.0098945695 0.0112531638 0.0275107599 0.0093213585 0.0153273516 0.0267111016 0.0368786329 0.0359589716 0.02254669 0.0418354277 0.0085572137 0.0372235111 0.0160136259 0.0204246097 0.0221117457 0.0194962255 0.0200116421 0.0309574601 0.0173120302 0.0287378025 0.0076031214 0.0243239621 0.0344546783 0.0129537278 0.0153580934 0.0214172356 0.0256228762 0.0162534878 0.0 0.0256077338 0.0165924359 0.0254756823 0.0093949452 0.0141887741 0.0027888433 0.022409098 0.0125456121 0.0352007699 0.0082631102 0.0136578205 0.0250220258
39 0.0171758445 0.031452856 0.0266562787 0.0229522676 0.0170832881 0.0203751929 0.0257664465 0.0307188093 0.0179671063 0.0280937926 0.0137182341 0.0248544364 0.0238151472 0.0036737773 0.0166777964 0.0215383576 0.024456091 0.0146500216 0.012378816 0.0102067204 0.0273221892 0.0191722788 0.018535042 0.0290643462 0.0150682167 0.0175365509 0.0317438123 0.017925615 0.0046754594 0.0189079976 0.0081805815 0.017918745 0.0222599714 0.0202794077 0.0305719168 0.0261102004 0.0187996072 0.0256077338 0.0 0.0225685444 0.016732815 0.0299763082 0.0221938487 0.0194646759 0.0305612184 0.0085972337 0.028831368 0.014877115 0.0212163509 0.0110895692
40 0.0243950072 0.000772545 0.00905693 0.0246347408 0.020798508 0.0306133723 0.0128880051 0.0174966749 0.0097788528 0.0168327363 0.0181259586 0.0293201004 0.0133507957 0.0203964792 0.0281419548 0.0232843442 0.026202442 0.0195432991 0.0064723455 0.0233077712 0.0224656445 0.0278423405 0.0175323117 0.0144842029 0.0282889953 0.0068180239 0.0261716597 0.0279753569 0.0254953981 0.0246523338 0.0146616455 0.0126639368 0.0145452583 0.0294907525 0.0123770093 0.0311933554 0.0183580892 0.0165924359 0.0225685444 0.0 0.0174294241 0.0187229184 0.0225045495 0.0163023352 0.0258625974 0.0308487991 0.0094155923 0.0327542142 0.0379590131 0.018610399
41 0.0175335909 0.0141693381 0.0216473821 0.0188368749 0.0196004086 0.0266653912 0.0155980524 0.0250638427 0.0166480567 0.0216720473 0.0240553762 0.0094672778 0.0239831608 0.024455045 0.0175828135 0.0129031397 0.0224253388 0.0197775718 0.0160999611 0.0216011543 0.031827519 0.0238217572 0.0181480376 0.036702627 0.030616766 0.0151825051 0.023862468 0.0202593541 0.0139972175 0.0150832004 0.0246141009 0.0173840184 0.0169783296 0.0334977996 0.0074195752 0.0147972421 0.0258583607 0.0254756823 0.016732815 0.0174294241 0.0 0.0235302397 0.0044700978 0.0178678402 0.0137546206 0.0290045088 0.0199864344 0.0298287757 0.0143539313 0.027728928
42 0.0294777696 0.0348543727 0.0221354446 0.0159932655 0.0141277813 0.0308775775 0.0265744308 0.0095286985 0.0289668082 0.0304619665 0.0222585142 0.0228134365 0.0257953667 0.0253097077 0.0190783206 0.0119773687 0.0202324072 0.015465636 0.0167334792 0.0124184606 0.0167720381 0.0024177926 0.0134998672 0.0115713227 0.0107700909 0.0137649869 0.0270536867 0.0228096278 0.0246665771 0.036393686 0.001535677 0.0235696242 0.0245953691 0.0293961099 0.0149527676 0.0099323085 0.0347708458 0.0093949452 0.0299763082 0.0187229184 0.0235302397 0.0 0.0159981458 0.0188890462 0.0232887356 0.0259063517 0.032996639 0.01172254 0.0197633134 0.0162576267
43 0.0255503685 0.0306992645 0.0150365103 0.0125926002 0.0230584082 0.0242417744 0.010839269 0.0143662441 0.0192464915 0.0291642733 0.0209713615 0.0304066406 0.0260177041 0.0172420775 0.0187265583 0.0222930588 0.0069454732 0.0170949212 0.0307410631 0.0337302148 0.0087454564 0.0182829909 0.0253278643 0.0231839714 0.0147621421 0.0368191307 0.0209794718 0.0114348129 0.0245780461 0.0207063667 0.03036105 0.0193552549 0.0354938568 0.0215210552 0.0221869108 0.0023400807 0.0263626506 0.0141887741 0.0221938487 0.0225045495 0.0044700978 0.0159981458 0.0 0.0163893348 0.0198516504 0.017844384 0.0166370194 0.0163340774 0.0302600278 0.0119227012
44 0.0232535298 0.0238708183 0.0111274691 0.0225884304 0.0294735556 0.0227876973 0.0344463465 0.0176700123 0.0378112321 0.0172522132 0.0120351113 0.0145568907 0.0103122985 0.0193222899 0.0091610584 0.0238698313 0.0198788328 0.0228205654 0.0287768303 0.0276539596 0.0199239683 0.0252943848 0.022860314 0.0063347973 0.0175389272 0.0235023167 0.0170604059 0.0186300593 0.0134892412 0.0180726324 0.0382973852 0.0177120165 0.0168356679 0.0205208472 0.0276256817 0.0234652213 0.0274394193 0.0027888433 0.0194646759 0.0163023352 0.0178678402 0.0188890462 0.0163893348 0.0 0.0210199158 0.0153980409 0.0208067978 0.0265126649 0.0197922435 0.0214960028
45 0.0396745139 0.0333076296 0.0187708713 0.022945283 0.0165474793 0.0103848966 0.0174158385 0.0185393956 0.0214410299 0.021369825 0.0360682438 0.0097827774 0.0058339553 0.0359640686 0.0189782582 0.0272498684 0.0041495792 0.0332811538 0.0290921639 0.013745084 0.0202230881 0.0079048665 0.0181281034 0.0247359201 0.0167522756 0.0271352505 0.0169851899 0.0099468926 0.0219713391 0.0278744848 0.0034165822 0.0257465894 0.0187836083 0.0055008048 0.0346522918 0.0181129839 0.0184235768 0.022409098 0.0305612184 0.0258625974 0.0137546206 0.0232887356 0.0198516504 0.0210199158 0.0 0.008895192 0.0177917483 0.0093703402 0.020940193 0.0354189272
46 0.025020381 0.0244118662 0.0142742655 0.0210641472 0.0179309736 0.0215301297 0.0126556192 0.0207355548 0.0318763342 0.0066349867 0.0146852469 0.0178411637 0.0216915648 0.0194744372 0.0144265267 0.0290052728 0.0134360105 0.0170483339 0.0425181635 0.0289846293 0.0283380481 0.0076919353 0.0262129088 0.0206598312 0.0271436887 0.0120795651 0.0251255385 0.0236065332 0.0230921349 0.0172536266 0.0172884857 0.0197291532 0.0254675506 0.0171144193 0.0118790417 0.0297750162 0.0197468716 0.0125456121 0.0085972337 0.0308487991 0.0290045088 0.0259063517 0.017844384 0.0153980409 0.008895192 0.0 0.016687824 0.0214003186 0.0344974542 0.0109243246
47 0.0236816219 0.0106200834 0.0090031657 0.0163409071 0.0111014806 0.0321623759 0.0257664062 0.032625405 0.0274492775 0.021492761 0.0370080638 0.0113783864 0.0069578338 0.0303217945 0.0317486725 0.0149767312 0.0172572418 0.0053371635 0.0033681351 0.0155808866 0.0368875359 0.0149913298 0.028003021 0.0280299008 0.0078828875 0.0378879674 0.0284878523 0.0131027215 0.0120954262 0.0096760736 0.0171791563 0.0296802478 0.030459579 0.0171766323 0.0188733517 0.0132140205 0.0047128346 0.0352007699 0.028831368 0.0094155923 0.0199864344 0.032996639 0.0166370194 0.0208067978 0.0177917483 0.016687824 0.0 0.0115869151 0.0251251502 0.0324148098
48 0.0164508866 0.0035799592 0.0195013172 0.0249160252 0.0287178804 0.0309155485 0.0351271664 0.0240833697 0.0162157886 0.019357186 0.024510383 0.0115377696 0.0214639077 0.0224002408 0.0322072896 0.0225783432 0.0320727438 0.0190126851 0.0243084705 0.0101403983 0.0116485528 0.0276837878 0.0325732145 0.0298788358 0.0192800397 0.0293917478 0.0149261531 0.0353446895 0.0333560806 0.0111099073 0.0133008319 0.017374159 0.0160455897 0.0150354278 0.0201323465 0.0244320346 0.012720304 0.0082631102 0.014877115 0.0327542142 0.0298287757 0.01172254 0.0163340774 0.0265126649 0.0093703402 0.0214003186 0.0115869151 0.0 0.0037096931 0.0103091737
49 0.0137700457 0.0098309934 0.0223200766 0.0304551156 0.0213836208 0.0313470201 0.021250413 0.0234247464 0.0289986731 0.014386723 0.0391727251 0.0100294902 0.0233765386 0.0149988929 0.0170922363 0.0158464768 0.0291826065 0.0105171929 0.0260657505 0.0151331337 0.0142332562 0.0156696824 0.0046209769 0.0154164161 0.024232563 0.0340323642 0.0173370752 0.0208383009 0.0091033252 0.0196213891 0.0099303736 0.023606672 0.0234650052 0.0205055802 0.0198725172 0.0283525553 0.0216967588 0.0136578205 0.0212163509 0.0379590131 0.0143539313 0.0197633134 0.0302600278 0.0197922435 0.020940193 0.0344974542 0.0251251502 0.0037096931 0.0 0.0176075262
50 0.0083368642 0.0188578011 0.0188558452 0.0220508795 0.0137243511 0.0259569712 0.0251375685 0.0270874474 0.02304902 0.0229170775 0.0181830842 0.0236603602 0.024584699 0.0053066566 0.019366941 0.0244590308 0.0211349665 0.0298428535 0.0292406671 0.0404270073 0.0167055485 0.016803082 0.0256491786 0.012774411 0.0202625324 0.0066543004 0.0085912837 0.0191120069 0.0336054761 0.019834706 0.0258358275 0.0317280345 0.0146861328 0.0052478327 0.0179522453 0.0223414877 0.0212338074 0.0250220258 0.0110895692 0.018610399 0.027728928 0.0162576267 0.0119227012 0.0214960028 0.0354189272 0.0109243246 0.0324148098 0.0103091737 0.0176075262 0.0
