15
1 0.0 0.0200821374 0.0427706683 0.0332171625 0.077439433 0.0716369287 0.1349339587 0.1051562656 0.141152579 0.035252031 0.0752745453 0.1253996217 0.0221322391 0.0642779415 0.0512744882
2 0.0200821374 0.0 0.0920426707 0.0386852475 0.1353933315 0.0778177832 0.031532606 0.0986627971 0.0470644068 0.0326291196 0.075723052 0.0963750073 0.0692642235 0.0908699516 0.0938576656
3 0.0427706683 0.0920426707 0.0 0.0924449281 0.0207870247 0.070424044 0.086911332 0.0606057701 0.0596158167 0.0622989292 0.0819008185 0.0437965157 0.0828332065 0.1120587141 0.0915095614
4 0.0332171625 0.0386852475 0.0924449281 0.0 0.1020755538 0.1322430648 0.0856679868 0.0904975984 0.0226402178 0.0596992879 0.0522634861 0.051793281 0.1128856407 0.0576534813 0.0682330631
5 0.077439433 0.1353933315 0.0207870247 0.1020755538 0.0 0.039419105 0.0604825675 0.022423601 0.0960935408 0.0836774213 0.0621862589 0.0200198155 0.101411218 0.0330190812 0.1455720482
6 0.0716369287 0.0778177832 0.070424044 0.1322430648 0.039419105 0.0 0.0840995353 0.0512954548 0.0664470276 0.0503349477 0.0517110525 0.0556507045 0.0929525014 0.0654146183 0.090553232
7 0.1349339587 0.031532606 0.086911332 0.0856679868 0.0604825675 0.0840995353 0.0 0.0682476503 0.0170603739 0.0835555386 0.0164100626 0.1209930013 0.0414207143 0.0984137086 0.070270964
8 0.1051562656 0.0986627971 0.0606057701 0.0904975984 0.022423601 0.0512954548 0.0682476503 0.0 0.1403698819 0.0484437991 0.1207878238 0.0835069291 0.0667286471 0.0227092661 0.0205645158
9 0.141152579 0.0470644068 0.0596158167 0.0226402178 0.0960935408 0.0664470276 0.0170603739 0.1403698819 0.0 0.0469929471 0.0643776499 0.0769876835 0.049991375 0.1041031213 0.0671033784
10 0.035252031 0.0326291196 0.0622989292 0.0596992879 0.0836774213 0.0503349477 0.0835555386 0.0484437991 0.0469929471 0.0 0.0700047447 0.1246535164 0.0876663308 0.1296514308 0.0851399557
11 0.0752745453 0.075723052 0.0819008185 0.0522634861 0.0621862589 0.0517110525 0.0164100626 0.1207878238 0.0643776499 0.0700047447 0.0 0.0759692616 0.1067878008 0.0798778734 0.0667255697
12 0.1253996217 0.0963750073 0.0437965157 0.051793281 0.0200198155 0.0556507045 0.1209930013 0.0835069291 0.0769876835 0.1246535164 0.0759692616 0.0 0.0441621772 0.0438576716 0.0368348138
13 0.0221322391 0.0692642235 0.0828332065 0.1128856407 0.101411218 0.0929525014 0.0414207143 0.0667286471 0.049991375 0.0876663308 0.1067878008 0.0441621772 0.0 0.053748161 0.0680157646
14 0.0642779415 0.0908699516 0.1120587141 0.0576534813 0.0330190812 0.0654146183 0.0984137086 0.0227092661 0.1041031213 0.1296514308 0.0798778734 0.0438576716 0.053748161 0.0 0.0443449794
15 0.0512744882 0.0938576656 0.0915095614 0.0682330631 0.1455720482 0.090553232 0.070270964 0.0205645158 0.0671033784 0.0851399557 0.0667255697 0.0368348138 0.0680157646 0.0443449794 0.0
