40
1 0.0 0.0372663907 0.0389925464 0.0327190746 0.0223227658 0.0328582653 0.0307720284 0.0132520156 0.0221443087 0.0113626251 0.0426486041 0.0344194017 0.0504383378 0.0175533535 0.0452116026 0.017757412 0.0225405482 0.035461679 0.0313683907 0.0185059296 0.0062876817 0.0417841343 0.0148901318 0.0107664782 0.0252621097 0.0241382292 0.0175585222 0.0265640822 0.0137663943 0.0358824768 0.045064054 0.0183620422 0.0232870928 0.0058739421 0.0305205615 0.0088734361 0.0123884268 0.0318797025 0.0271573985 0.0220978232
2 0.0372663907 0.0 0.0240924552 0.0065462855 0.0086605316 0.0198513246 0.0106262786 0.0067509637 0.0255536327 0.0392032027 0.0091107351 0.0189462002 0.0064724149 0.02513915 0.0456181869 0.0370883583 0.0303225497 0.0250060101 0.0288368213 0.0368673795 0.0331873309 0.0128478279 0.0434467607 0.0300398878 0.0274721625 0.0155609843 0.0252737137 0.0332590006 0.015890895 0.0232833751 0.0297208504 0.0403367865 0.0106305773 0.0260747191 0.0277353978 0.0273069514 0.0420352997 0.0417542582 0.0223387687 0.0298455809
3 0.0389925464 0.0240924552 0.0 0.0339890727 0.027511737 0.036376023 0.0305789871 0.027147786 0.0374948188 0.0226379112 0.0021275781 0.0275047857 0.0461495224 0.0255054418 0.0059176383 0.0223716598 0.0116295272 0.0159843741 0.038189064 0.0225548859 0.0191618253 0.0354363114 0.007311496 0.0077984554 0.0332074126 0.0290669671 0.0296661998 0.025498982 0.0473273086 0.0193889779 0.0361969832 0.0148978005 0.0341610384 0.0393815596 0.0187582073 0.006116598 0.0326113454 0.0228968773 0.0205218438 0.0238379957
4 0.0327190746 0.0065462855 0.0339890727 0.0 0.0173206926 0.0286473304 0.0332114015 0.0235970914 0.0311509425 0.0391625124 0.0249641836 0.0359933913 0.0427702998 0.0350855178 0.024560924 0.031737496 0.0302646537 0.0201329556 0.0189539801 0.0315553649 0.0227048564 0.0231516908 0.0163118989 0.0305812993 0.0191224543 0.0288815702 0.025330601 0.0290923325 0.0142949265 0.0326967991 0.0103837125 0.0336287529 0.030561613 0.0168592328 0.0118985178 0.02420766 0.0362592205 0.0244909883 0.017230744 0.0099479586
5 0.0223227658 0.0086605316 0.027511737 0.0173206926 0.0 0.0216499064 0.0253482524 0.0357371748 0.02344972 0.0296583908 0.0220643726 0.0325239802 0.035789892 0.0273186108 0.0091441348 0.0160866518 0.0257040789 0.0282271476 0.0238221774 0.0297198599 0.0282571742 0.0149317873 0.0167054394 0.0147117282 0.0359680354 0.0288635617 0.015980428 0.0272713762 0.0276410527 0.0282064333 0.0042573111 0.0055949581 0.036254865 0.0228804662 0.0378942814 0.0402112766 0.0384615047 0.0441028399 0.0415527289 0.0281926745
6 0.0328582653 0.0198513246 0.036376023 0.0286473304 0.0216499064 0.0 0.0375874236 0.0174357918 0.0096372441 0.0397474389 0.0080899021 0.0337582737 0.0244326307 0.016918395 0.0450996886 0.0130784581 0.0448933865 0.0409729137 0.0247759328 0.0366966068 0.0301364103 0.0280261515 0.0363159529 0.0428031022 0.0425139875 0.0204148481 0.0126440523 0.0032063374 0.0204746618 0.0375793967 0.009918871 0.0339525684 0.0287792157 0.0215569181 0.0093634993 0.0192544132 0.011437256 0.0253892395 0.0083203675 0.0254058145
7 0.0307720284 0.0106262786 0.0305789871 0.0332114015 0.0253482524 0.0375874236 0.0 0.0127980655 0.0410997671 0.0039809498 0.0335957837 0.04014882 0.0193287283 0.0299939917 0.0224216721 0.0104512466 0.0051743569 0.0142464854 0.035596545 0.0150823481 0.0351105422 0.028313152 0.0421762739 0.0167146507 0.0190327466 0.0205973549 0.0429244722 0.0242689726 0.0337086388 0.0216300854 0.0239342018 0.0358631201 0.0119078994 0.025968326 0.026779225 0.0416642326 0.0073863199 0.0380823667 0.0332145558 0.0186797314
8 0.0132520156 0.0067509637 0.027147786 0.0235970914 0.0357371748 0.0174357918 0.0127980655 0.0 0.0247831875 0.046553124 0.0195378454 0.0172925665 0.0234868213 0.0355556122 0.0155004067 0.0086332001 0.0137771614 0.0341428511 0.0193897348 0.0271597788 0.0310262825 0.0358347608 0.0345797555 0.0260365308 0.0326111562 0.0379767138 0.0222072488 0.0442412551 0.0299893525 0.0040475561 0.0322015054 0.0168561207 0.0380538982 0.0265718414 0.0316322267 0.0420462177 0.0135608017 0.0242424119 0.0267564438 0.0269967417
9 0.0221443087 0.0255536327 0.0374948188 0.0311509425 0.02344972 0.0096372441 0.0410997671 0.0247831875 0.0 0.0180768735 0.0151651869 0.03892517 0.0156048138 0.0409299432 0.0172237878 0.0167814251 0.0444146978 0.0263470224 0.0248578303 0.0323634467 0.0233728773 0.0174659516 0.0356608891 0.0179011773 0.0066090222 0.0290872961 0.0204525065 0.0365093359 0.0123183553 0.0330563858 0.0217672918 0.0291391077 0.0042131302 0.0183625431 0.032185159 0.0384379489 0.0316576616 0.0253769434 0.0277970947 0.0326255038
10 0.0113626251 0.0392032027 0.0226379112 0.0391625124 0.0296583908 0.0397474389 0.0039809498 0.046553124 0.0180768735 0.0 0.0330560155 0.0133168853 0.0258720602 0.0429971984 0.0404783468 0.0222943406 0.0344180314 0.0258689704 0.0103983506 0.018527433 0.0286851613 0.0326438366 0.0226287489 0.0223981495 0.0260508078 0.0398311368 0.0414471884 0.0154931533 0.0312001984 0.0267519983 0.0203310709 0.0179137587 0.0233833578 0.0234300035 0.0097330589 0.0243649205 0.0129748133 0.0058752975 0.0435557033 0.0136969759
11 0.0426486041 0.0091107351 0.0021275781 0.0249641836 0.0220643726 0.0080899021 0.0335957837 0.0195378454 0.0151651869 0.0330560155 0.0 0.0129707167 0.0126340628 0.0249137467 0.0250204962 0.030829559 0.0328403051 0.0342490715 0.0367387886 0.0163543663 0.0306387813 0.0473697973 0.0085258411 0.0299327512 0.0395418546 0.027171145 0.0497060442 0.0211364991 0.0195142399 0.0334282678 0.0328187552 0.0328093227 0.0190009052 0.0441574927 0.0201989987 0.0294307077 0.026101133 0.0063266645 0.0365451607 0.0087343183
12 0.0344194017 0.0189462002 0.0275047857 0.0359933913 0.0325239802 0.0337582737 0.04014882 0.0172925665 0.03892517 0.0133168853 0.0129707167 0.0 0.0291890546 0.0101679366 0.0179994334 0.0132509146 0.0318285986 0.0200426317 0.0144080709 0.0271488315 0.0300080472 0.0127451148 0.0399449395 0.0254107114 0.0230952617 0.0222947601 0.0357154808 0.0259968453 0.0222595677 0.0356667049 0.0323092473 0.0299454717 0.0240983913 0.0207051599 0.0242666054 0.0263836845 0.0386448162 0.0190778308 0.0210218002 0.0205738964
13 0.0504383378 0.0064724149 0.0461495224 0.0427702998 0.035789892 0.0244326307 0.0193287283 0.0234868213 0.0156048138 0.0258720602 0.0126340628 0.0291890546 0.0 0.03711833 0.0170675475 0.0223349897 0.0030478759 0.0253142329 0.0430051614 0.0132378349 0.026340836 0.0358212784 0.0289088227 0.0248107058 0.0293871433 0.0448059451 0.0006537896 0.0259572625 0.0043929996 0.0277596187 0.0269917704 0.0491714429 0.0252701216 0.0099426751 0.0233120286 0.0342370561 0.023560267 0.0387635114 0.0078202937 0.0187978203
14 0.0175533535 0.02513915 0.0255054418 0.0350855178 0.0273186108 0.016918395 0.0299939917 0.0355556122 0.0409299432 0.0429971984 0.0249137467 0.0101679366 0.03711833 0.0 0.0243929731 0.0240182096 0.0153283383 0.0221037721 0.0291445968 0.038723788 0.0310729377 0.0199794478 0.0289314082 0.020396269 0.0289329009 0.0242061048 0.0231462983 0.0328960834 0.0150033377 0.0220833659 0.0284986698 0.018415454 0.0287642669 0.0246452978 0.0161660924 0.0164837867 0.0143446478 0.0201483597 0.0363566109 0.026619755
15 0.0452116026 0.0456181869 0.0059176383 0.024560924 0.0091441348 0.0450996886 0.0224216721 0.0155004067 0.0172237878 0.0404783468 0.0250204962 0.0179994334 0.0170675475 0.0243929731 0.0 0.0254949784 0.0341459744 0.0270844987 0.0329713416 0.0286874967 0.0101126484 0.030510269 0.0216678605 0.0312079654 0.0240877857 0.042619748 0.0350734401 0.0146366064 0.0290548902 0.0409574324 0.0327525148 0.014019292 0.0267018995 0.0255496775 0.0257360049 0.0234793104 0.0100599253 0.0218196019 0.0191267133 0.0167852859
16 0.017757412 0.0370883583 0.0223716598 0.031737496 0.0160866518 0.0130784581 0.0104512466 0.0086332001 0.0167814251 0.0222943406 0.030829559 0.0132509146 0.0223349897 0.0240182096 0.0254949784 0.0 0.0093577302 0.0286343233 0.025677315 0.0368217747 0.0302421095 0.0209254421 0.0300621313 0.0410326095 0.0186615567 0.016976919 0.0172087185 0.0190017125 0.0325797179 0.0277092689 0.0264832397 0.0426653737 0.024014405 0.0362320138 0.0379722221 0.0396632739 0.0298503704 0.0368494204 0.0223436294 0.0368258226
17 0.0225405482 0.0303225497 0.0116295272 0.0302646537 0.0257040789 0.0448933865 0.0051743569 0.0137771614 0.0444146978 0.0344180314 0.0328403051 0.0318285986 0.0030478759 0.0153283383 0.0341459744 0.0093577302 0.0 0.0240530468 0.0166349639 0.0317402518 0.0232895411 0.0290278379 0.0298995551 0.0336812077 0.024342132 0.0078499588 0.0315263258 0.0059470288 0.0413072078 0.0190115589 0.0305886256 0.0202897774 0.0246753132 0.0302310114 0.0230854251 0.025893767 0.0432239447 0.0133006904 0.0324355558 0.048277459
18 0.035461679 0.0250060101 0.0159843741 0.0201329556 0.0282271476 0.0409729137 0.0142464854 0.0341428511 0.0263470224 0.0258689704 0.0342490715 0.0200426317 0.0253142329 0.0221037721 0.0270844987 0.0286343233 0.0240530468 0.0 0.0202012342 0.0201593471 0.0180957121 0.0178391459 0.0238594874 0.0201180975 0.0173333936 0.038558285 0.0028650927 0.0357928152 0.0196227699 0.0461511983 0.0306287457 0.008476778 0.0148873022 0.0407726535 0.0389620036 0.0259616085 0.0181199267 0.0292686225 0.0410810686 0.0233727253
19 0.0313683907 0.0288368213 0.038189064 0.0189539801 0.0238221774 0.0247759328 0.035596545 0.0193897348 0.0248578303 0.0103983506 0.0367387886 0.0144080709 0.0430051614 0.0291445968 0.0329713416 0.025677315 0.0166349639 0.0202012342 0.0 0.018065223 0.030171244 0.0126578675 0.0273067534 0.0332685116 0.0285138429 0.0235746265 0.005935643 0.0137671256 0.0300161566 0.0373496633 0.0355814123 0.0144614687 0.0135017731 0.0237700821 0.0348755213 0.0282979608 0.024483687 0.0295131926 0.023462161 0.0364557841
20 0.0185059296 0.0368673795 0.0225548859 0.0315553649 0.0297198599 0.0366966068 0.0150823481 0.0271597788 0.0323634467 0.018527433 0.0163543663 0.0271488315 0.0132378349 0.038723788 0.0286874967 0.0368217747 0.0317402518 0.0201593471 0.018065223 0.0 0.0304560111 0.0123081216 0.0235852719 0.0277489068 0.0317986344 0.0105086684 0.0435183938 0.02112789 0.0323956522 0.0215006275 0.0214497373 0.0174313699 0.0119902734 0.0390681561 0.0471039402 0.01275532 0.032438459 0.0212445737 0.0226393509 0.0189586946
21 0.0062876817 0.0331873309 0.0191618253 0.0227048564 0.0282571742 0.0301364103 0.0351105422 0.0310262825 0.0233728773 0.0286851613 0.0306387813 0.0300080472 0.026340836 0.0310729377 0.0101126484 0.0302421095 0.0232895411 0.0180957121 0.030171244 0.0304560111 0.0 0.0234129372 0.0329696178 0.0309575954 0.0366482518 0.0213100385 0.0073726159 0.0160794021 0.0277774312 0.0303987773 0.0094641352 0.0270383953 0.0399281663 0.0339162482 0.0271831584 0.0129668373 0.023061236 0.0215952453 0.012221413 0.0473404874
22 0.0417841343 0.0128478279 0.0354363114 0.0231516908 0.0149317873 0.0280261515 0.028313152 0.0358347608 0.0174659516 0.0326438366 0.0473697973 0.0127451148 0.0358212784 0.0199794478 0.030510269 0.0209254421 0.0290278379 0.0178391459 0.0126578675 0.0123081216 0.0234129372 0.0 0.0089211 0.0345243123 0.0239529227 0.0119829511 0.0373948069 0.0271547359 0.0282251053 0.0259631707 0.0186457576 0.0302017642 0.0357885861 0.035147372 0.0076268107 0.0319755121 0.0160025398 0.0407730909 0.0504886566 0.0021979414
23 0.0148901318 0.0434467607 0.007311496 0.0163118989 0.0167054394 0.0363159529 0.0421762739 0.0345797555 0.0356608891 0.0226287489 0.0085258411 0.0399449395 0.0289088227 0.0289314082 0.0216678605 0.0300621313 0.0298995551 0.0238594874 0.0273067534 0.0235852719 0.0329696178 0.0089211 0.0 0.0219487625 0.0370591277 0.0265450018 0.0313890819 0.0383926398 0.0415532565 0.0158305328 0.0135209739 0.0314109621 0.0208972378 0.0236430252 0.0317089623 0.021398944 0.0071657208 0.0106128237 0.0299787777 0.0223340334
24 0.0107664782 0.0300398878 0.0077984554 0.0305812993 0.0147117282 0.0428031022 0.0167146507 0.0260365308 0.0179011773 0.0223981495 0.0299327512 0.0254107114 0.0248107058 0.020396269 0.0312079654 0.0410326095 0.0336812077 0.0201180975 0.0332685116 0.0277489068 0.0309575954 0.0345243123 0.0219487625 0.0 0.033767353 0.0267943968 0.0372743468 0.016383226 0.0211848665 0.0107028612 0.0215634955 0.0305415039 0.0407040753 0.0126214232 0.003281139 0.0410885467 0.0342378778 0.0030172642 0.0422938069 0.0297539519
25 0.0252621097 0.0274721625 0.0332074126 0.0191224543 0.0359680354 0.0425139875 0.0190327466 0.0326111562 0.0066090222 0.0260508078 0.0395418546 0.0230952617 0.0293871433 0.0289329009 0.0240877857 0.0186615567 0.024342132 0.0173333936 0.0285138429 0.0317986344 0.0366482518 0.0239529227 0.0370591277 0.033767353 0.0 0.0184536649 0.0123634798 0.0446311103 0.0132412088 0.0244846989 0.011804855 0.0092293156 0.0222276758 0.0151160929 0.0368727443 0.0196026465 0.0434596568 0.0390088114 0.0075291377 0.0170028456
26 0.0241382292 0.0155609843 0.0290669671 0.0288815702 0.0288635617 0.0204148481 0.0205973549 0.0379767138 0.0290872961 0.0398311368 0.027171145 0.0222947601 0.0448059451 0.0242061048 0.042619748 0.016976919 0.0078499588 0.038558285 0.0235746265 0.0105086684 0.0213100385 0.0119829511 0.0265450018 0.0267943968 0.0184536649 0.0 0.0427128008 0.0189067623 0.0369848162 0.0025510706 0.025307198 0.0103248108 0.034169339 0.0217306158 0.0428796548 0.0234644882 0.0274469115 0.0342524975 0.034976797 0.0062213617
27 0.0175585222 0.0252737137 0.0296661998 0.025330601 0.015980428 0.0126440523 0.0429244722 0.0222072488 0.0204525065 0.0414471884 0.0497060442 0.0357154808 0.0006537896 0.0231462983 0.0350734401 0.0172087185 0.0315263258 0.0028650927 0.005935643 0.0435183938 0.0073726159 0.0373948069 0.0313890819 0.0372743468 0.0123634798 0.0427128008 0.0 0.0232991919 0.0245940174 0.0167228644 0.03047444 0.0329727402 0.0392368223 0.0197549448 0.0201232963 0.0053116604 0.0380428081 0.0243299304 0.0179872089 0.0398087829
28 0.0265640822 0.0332590006 0.025498982 0.0290923325 0.0272713762 0.0032063374 0.0242689726 0.0442412551 0.0365093359 0.0154931533 0.0211364991 0.0259968453 0.0259572625 0.0328960834 0.0146366064 0.0190017125 0.0059470288 0.0357928152 0.0137671256 0.02112789 0.0160794021 0.0271547359 0.0383926398 0.016383226 0.0446311103 0.0189067623 0.0232991919 0.0 0.0448503396 0.0355388677 0.0173370314 0.0231996896 0.0214164568 0.0359800253 0.0051603217 0.0293629469 0.0288758482 0.0442079175 0.011112452 0.0364463382
29 0.0137663943 0.015890895 0.0473273086 0.0142949265 0.0276410527 0.0204746618 0.0337086388 0.0299893525 0.0123183553 0.0312001984 0.0195142399 0.0222595677 0.0043929996 0.0150033377 0.0290548902 0.0325797179 0.0413072078 0.0196227699 0.0300161566 0.0323956522 0.0277774312 0.0282251053 0.0415532565 0.0211848665 0.0132412088 0.0369848162 0.0245940174 0.0448503396 0.0 0.0194177282 0.0214943632 0.0309434035 0.0408837942 0.0113645691 0.0107389804 0.0252676975 0.0167526709 0.0303317686 0.0345771054 0.0270585541
30 0.0358824768 0.0232833751 0.0193889779 0.0326967991 0.0282064333 0.0375793967 0.0216300854 0.0040475561 0.0330563858 0.0267519983 0.0334282678 0.0356667049 0.0277596187 0.0220833659 0.0409574324 0.0277092689 0.0190115589 0.0461511983 0.0373496633 0.0215006275 0.0303987773 0.0259631707 0.0158305328 0.0107028612 0.0244846989 0.0025510706 0.0167228644 0.0355388677 0.0194177282 0.0 0.0213879097 0.0277774755 0.0185213035 0.0286958035 0.0212816717 0.0406594943 0.008575844 0.021935925 0.0194822047 0.0359306051
31 0.045064054 0.0297208504 0.0361969832 0.0103837125 0.0042573111 0.009918871 0.0239342018 0.0322015054 0.0217672918 0.0203310709 0.0328187552 0.0323092473 0.0269917704 0.0284986698 0.0327525148 0.0264832397 0.0305886256 0.0306287457 0.0355814123 0.0214497373 0.0094641352 0.0186457576 0.0135209739 0.0215634955 0.011804855 0.025307198 0.03047444 0.0173370314 0.0214943632 0.0213879097 0.0 0.0235607104 0.0326644335 0.0327998475 0.0308886632 0.0386673411 0.0295701517 0.0200741496 0.0394099286 0.0294860447
32 0.0183620422 0.0403367865 0.0148978005 0.0336287529 0.0055949581 0.0339525684 0.0358631201 0.0168561207 0.0291391077 0.0179137587 0.0328093227 0.0299454717 0.0491714429 0.018415454 0.014019292 0.0426653737 0.0202897774 0.008476778 0.0144614687 0.0174313699 0.0270383953 0.0302017642 0.0314109621 0.0305415039 0.0092293156 0.0103248108 0.0329727402 0.0231996896 0.0309434035 0.0277774755 0.0235607104 0.0 0.0323506363 0.024507376 0.0479635344 0.0260278683 0.0185111332 0.0368932921 0.0166177801 0.0256968416
33 0.0232870928 0.0106305773 0.0341610384 0.030561613 0.036254865 0.0287792157 0.0119078994 0.0380538982 0.0042131302 0.0233833578 0.0190009052 0.0240983913 0.0252701216 0.0287642669 0.0267018995 0.024014405 0.0246753132 0.0148873022 0.0135017731 0.0119902734 0.0399281663 0.0357885861 0.0208972378 0.0407040753 0.0222276758 0.034169339 0.0392368223 0.0214164568 0.0408837942 0.0185213035 0.0326644335 0.0323506363 0.0 0.0289523904 0.0230932377 0.0220423207 0.0238780307 0.0147022626 0.0403252304 0.0140806617
34 0.0058739421 0.0260747191 0.0393815596 0.0168592328 0.0228804662 0.0215569181 0.025968326 0.0265718414 0.0183625431 0.0234300035 0.0441574927 0.0207051599 0.0099426751 0.0246452978 0.0255496775 0.0362320138 0.0302310114 0.0407726535 0.0237700821 0.0390681561 0.0339162482 0.035147372 0.0236430252 0.0126214232 0.0151160929 0.0217306158 0.0197549448 0.0359800253 0.0113645691 0.0286958035 0.0327998475 0.024507376 0.0289523904 0.0 0.0325933681 0.0120612283 0.0343139728 0.0068579835 0.0359620337 0.0319479078
35 0.0305205615 0.0277353978 0.0187582073 0.0118985178 0.0378942814 0.0093634993 0.026779225 0.0316322267 0.032185159 0.0097330589 0.0201989987 0.0242666054 0.0233120286 0.0161660924 0.0257360049 0.0379722221 0.0230854251 0.0389620036 0.0348755213 0.0471039402 0.0271831584 0.0076268107 0.0317089623 0.003281139 0.0368727443 0.0428796548 0.0201232963 0.0051603217 0.0107389804 0.0212816717 0.0308886632 0.0479635344 0.0230932377 0.0325933681 0.0 0.0144744623 0.0409334984 0.0357011166 0.0097802422 0.0295361602
36 0.0088734361 0.0273069514 0.006116598 0.02420766 0.0402112766 0.0192544132 0.0416642326 0.0420462177 0.0384379489 0.0243649205 0.0294307077 0.0263836845 0.0342370561 0.0164837867 0.0234793104 0.0396632739 0.025893767 0.0259616085 0.0282979608 0.01275532 0.0129668373 0.0319755121 0.021398944 0.0410885467 0.0196026465 0.0234644882 0.0053116604 0.0293629469 0.0252676975 0.0406594943 0.0386673411 0.0260278683 0.0220423207 0.0120612283 0.0144744623 0.0 0.0384983196 0.0142192694 0.0131579591 0.0346823267
37 0.0123884268 0.0420352997 0.0326113454 0.0362592205 0.0384615047 0.011437256 0.0073863199 0.0135608017 0.0316576616 0.0129748133 0.026101133 0.0386448162 0.023560267 0.0143446478 0.0100599253 0.0298503704 0.0432239447 0.0181199267 0.024483687 0.032438459 0.023061236 0.0160025398 0.0071657208 0.0342378778 0.0434596568 0.0274469115 0.0380428081 0.0288758482 0.0167526709 0.008575844 0.0295701517 0.0185111332 0.0238780307 0.0343139728 0.0409334984 0.0384983196 0.0 0.024165458 0.0201444937 0.0267640014
38 0.0318797025 0.0417542582 0.0228968773 0.0244909883 0.0441028399 0.0253892395 0.0380823667 0.0242424119 0.0253769434 0.0058752975 0.0063266645 0.0190778308 0.0387635114 0.0201483597 0.0218196019 0.0368494204 0.0133006904 0.0292686225 0.0295131926 0.0212445737 0.0215952453 0.0407730909 0.0106128237 0.0030172642 0.0390088114 0.0342524975 0.0243299304 0.0442079175 0.0303317686 0.021935925 0.0200741496 0.0368932921 0.0147022626 0.0068579835 0.0357011166 0.0142192694 0.024165458 0.0 0.0163058934 0.0406119071
39 0.0271573985 0.0223387687 0.0205218438 0.017230744 0.0415527289 0.0083203675 0.0332145558 0.0267564438 0.0277970947 0.0435557033 0.0365451607 0.0210218002 0.0078202937 0.0363566109 0.0191267133 0.0223436294 0.0324355558 0.0410810686 0.023462161 0.0226393509 0.012221413 0.0504886566 0.0299787777 0.0422938069 0.0075291377 0.034976797 0.0179872089 0.011112452 0.0345771054 0.0194822047 0.0394099286 0.0166177801 0.0403252304 0.0359620337 0.0097802422 0.0131579591 0.0201444937 0.0163058934 0.0 0.0163708854
40 0.0220978232 0.0298455809 0.0238379957 0.0099479586 0.0281926745 0.0254058145 0.0186797314 0.0269967417 0.0326255038 0.0136969759 0.0087343183 0.0205738964 0.0187978203 0.026619755 0.0167852859 0.0368258226 0.048277459 0.0233727253 0.0364557841 0.0189586946 0.0473404874 0.0021979414 0.0223340334 0.0297539519 0.0170028456 0.0062213617 0.0398087829 0.0364463382 0.0270585541 0.0359306051 0.0294860447 0.0256968416 0.0140806617 0.0319479078 0.0295361602 0.0346823267 0.0267640014 0.0406119071 0.0163708854 0.0
