128
1 0.0040389177 0.0040790987 0.0163034752 0.0059748181 0.0071513575 0.0052607966 0.00714114 0.0128632469 0.0043383678 0.008247978 0.006822894 0.0052510525 0.004349735 0.0077702224 0.0045888462 0.0115115634 0.0095039674 0.008273812 0.0168693447 0.0051523672 0.0049876173 0.0065750873 0.007835259 0.0048593934 0.0065096859 0.0072645537 0.0034231227 0.0082371349 0.0038595296 0.0049729594 0.0050119634 0.0106091722 0.0135168743 0.0092445456 0.0067875862 0.0110928043 0.0077609544 0.0069871474 0.0115356889 0.0066271949 0.0080226407 0.01318599 0.012066797 0.0066029454 0.0052528374 0.0073722576 0.0047124865 0.0077578887 0.0070078664 0.0121431652 0.0096968874 0.0042645716 0.0056510597 0.0109316554 0.0143952282 0.0099640708 0.0127532479 0.0040289981 0.0034650755 0.0046330602 0.0084599415 0.005692393 0.009950882 0.0130682271 0.0047149738 0.0081976453 0.0075872585 0.0042084299 0.0077658863 0.010427024 0.0019109463 0.0060095645 0.0058139522 0.0096211755 0.0070804777 0.0056812744 0.0081426313 0.0085568903 0.0152441874 0.0057963657 0.0069626882 0.0028506943 0.0065873048 0.0055471636 0.0085375327 0.011722886 0.0042564117 0.0053745646 0.0093751434 0.0090405519 0.0088147587 0.0110405128 0.006852252 0.0085793621 0.011767444 0.0066909949 0.007553983 0.0056800894 0.0063949424 0.0077651942 0.0124524716 0.0094660274 0.0071773736 0.0104477379 0.0104487836 0.0062324003 0.0150688748 0.0077263076 0.011595948 0.0098193727 0.0041179844 0.0025080593 0.0072843778 0.0113628648 0.0094049818 0.0039945863 0.0042831446 0.0117433777 0.0107166433 0.0066710809 0.0097592482 0.0075226316 0.0075745357 0.0101340576 0.004847363 0.0056068886 0.003684783 0.0059234869 
2 0.0040790987 0.0039048273 0.0076514347 0.0048343935 0.0119953592 0.0093221816 0.010338392 0.0021084706 0.0064984238 0.0024271406 0.0090789617 0.0070138246 0.0047352225 0.0136070978 0.0060260558 0.006435359 0.0068552721 0.0087277043 0.010512144 0.0025589269 0.0072783566 0.0073123894 0.0033702042 0.0082271369 0.0057525029 0.0090679393 0.0139377806 0.0085294014 0.012594808 0.0068945721 0.0116454745 0.0061988359 0.0055328061 0.0122083436 0.0078612785 0.0085951789 0.0087525434 0.0132033554 0.0037616683 0.0121674932 0.0049584796 0.0124943424 0.0057411994 0.006598318 0.0104047515 0.0071344154 0.0076352249 0.009849581 0.0069031943 0.0050599879 0.0100364867 0.0093286512 0.0093573321 0.0139388842 0.0118009174 0.0046316643 0.0063037602 0.0099144329 0.012453585 0.0091522796 0.0078297982 0.0075380359 0.0069018084 0.0046156169 0.007645631 0.0030234191 0.0043614316 0.0078072406 0.0095971586 0.0052116713 0.0099648844 0.0051135761 0.0124682023 0.0062496577 0.007196924 0.0090824549 0.00865504 0.0070065153 0.0067778611 0.0123300984 0.0144342076 0.0051424783 0.0079511224 0.0092777125 0.0110184376 0.0108129211 0.0066026897 0.0057244788 0.0070637489 0.0082457763 0.0100066151 0.0056617339 0.0057907448 0.0068253944 0.005904467 0.0032199965 0.0068351332 0.0060635217 0.0087293064 0.0114917961 0.0092393912 0.0073922109 0.0057549278 0.0042585355 0.0097608849 0.0038890782 0.006544469 0.002897153 0.0022437579 0.0119140306 0.0081869256 0.0057440769 0.0109234093 0.0073163983 0.0061347239 0.0082807802 0.0092639295 0.0051724286 0.0058703222 0.003352617 0.0046076127 0.0148067924 0.0093757518 0.0103910594 0.0051771538 0.0096557299 0.0130337915 0.0073329022 
3 0.0163034752 0.0076514347 0.0019217825 0.0092440578 0.0083350557 0.0050649162 0.0071251716 0.0099672196 0.0115558114 0.0091500313 0.0029773989 0.0061923429 0.0055775213 0.0118919608 0.0069346741 0.0030468875 0.0057723145 0.0110900878 0.0103212456 0.0088640946 0.0048646312 0.0106500734 0.00677037 0.0108237506 0.0169788 0.0051053769 0.0086390181 0.00675825 0.0079721007 0.0022274906 0.0044537795 0.0073178885 0.0078991964 0.0150548939 0.0108927884 0.0107741436 0.004499473 0.0101825427 0.0042701086 0.0094205102 0.0124087869 0.0084267555 0.0121290929 0.0087785382 0.0055933275 0.0034462788 0.0097207534 0.0055083817 0.0113583128 0.0063341096 0.0094716093 0.0057470655 0.0088243772 0.0044137384 0.0112284148 0.0086279657 0.0098048337 0.0058194698 0.0052570775 0.0094244097 0.0098833828 0.0124406044 0.0057788042 0.0097582456 0.0070845379 0.0116541657 0.0046156177 0.0063804918 0.0068381555 0.0094389862 0.0081271731 0.0021044318 0.0094382935 0.0128993909 0.0065659403 0.0107152163 0.0042383457 0.0056748309 0.0058416517 0.011886053 0.0056133135 0.0064168024 0.0049644484 0.0058596105 0.0055859291 0.0099651702 0.0090348762 0.0080896641 0.0051789478 0.0049480122 0.0095333541 0.0090097948 0.0110532266 0.0073102253 0.0081399213 0.0093933815 0.0090411499 0.0099818464 0.005006517 0.0058870307 0.003431501 0.0042239902 0.0083970611 0.0054387927 0.007602717 0.0029854914 0.0075706553 0.0106572189 0.0028978033 0.0066162402 0.0059223286 0.0033641901 0.0076090333 0.0048831152 0.0080827392 0.0106387017 0.009367496 0.0047259677 0.0054536996 0.0084936586 0.0079245084 0.0137294836 0.0080274481 0.0062098755 0.0134415132 0.0072123598 0.0099949689 0.0068539316 
4 0.0059748181 0.0048343935 0.0092440578 0.0107460078 0.0074391219 0.0088516971 0.0103161482 0.0108553419 0.0124840912 0.0071546191 0.0071304206 0.012746038 0.0158519434 0.0022384403 0.0069835013 0.0070936646 0.0039652982 0.0018762819 0.0055114033 0.0053323884 0.0100634296 0.0089580718 0.0060333437 0.0074918841 0.0060548086 0.0080618402 0.0122075433 0.0132282214 0.0007444296 0.0101730838 0.0118561876 0.0076827934 0.0084878914 0.0049259887 0.0054748596 0.0084981766 0.0116777537 0.0026645932 0.0092906917 0.0074899699 0.009414131 0.0057649844 0.0099915568 0.0078263551 0.0075896658 0.0046549171 0.0144470087 0.0071749822 0.0074085495 0.0029248437 0.0063923703 0.0126674147 0.006077678 0.0050029974 0.0107883498 0.0130352705 0.0058576757 0.0039010631 0.0086460482 0.0101454315 0.0029887439 0.0062112103 0.0083850007 0.0084171056 0.0081986761 0.0084928109 0.0057874093 0.0027407482 0.0029032203 0.0105053066 0.0088290439 0.0052786951 0.004263681 0.0107905321 0.0072747598 0.0049515798 0.0076395837 0.0047160784 0.0098194726 0.0076361485 0.0051605547 0.0093535587 0.0076531042 0.0101812 0.0129712631 0.0035667088 0.0093540469 0.0099576397 0.0075333549 0.0060748011 0.0101706712 0.0023230209 0.0054304572 0.009450384 0.0068121262 0.0080959965 0.0062658 0.011922168 0.011529111 0.0046473677 0.0100890443 0.0091539475 0.0096011525 0.0063430565 0.0041716278 0.0063242165 0.0061750014 0.0123326069 0.0069497657 0.0149156699 0.0036584126 0.0111690046 0.0102998642 0.0050791383 0.0095312401 0.0103667016 0.0102942146 0.0070883517 0.0090828136 0.0059635884 0.0082393106 0.0102992515 0.0030612277 0.007191007 0.0072481729 0.0085416631 0.0071290043 0.0080112706 
5 0.0071513575 0.0119953592 0.0083350557 0.0074391219 0.0107331244 0.0133107071 0.0096952079 0.011132859 0.0055510444 0.0062183186 0.0053018748 0.0023745263 0.0081742147 0.0052757225 0.0077785495 0.005158912 0.0062271207 0.0060639053 0.0074382581 0.0097331397 0.0064145598 0.0093772633 0.0061131714 0.0091753563 0.0122762234 0.0064277749 0.0098596243 0.0060242245 0.0081506466 0.0055929064 0.0069697855 0.0055848188 0.0059061909 0.0130772968 0.0057278262 0.0100527271 0.0047394795 0.0072421521 0.0058433544 0.011824768 0.0091239537 0.00717584 0.013574213 0.0087583315 0.0079316475 0.0106331864 0.0131508951 0.011359255 0.0108920974 0.0059921055 0.0075762504 0.0125745214 0.007343652 0.0037473786 0.0055669732 0.0147055304 0.0047848111 0.0109530713 0.00576936 0.005607324 0.0076430776 0.0080611915 0.0121752063 0.0082260815 0.0107157097 0.010019643 0.0071088072 0.0031385223 0.0074234732 0.0021074932 0.0067474717 0.0082426045 0.0042128225 0.0069593881 0.0061964088 0.006389375 0.0099444482 0.0086074077 0.0054410363 0.0041364299 0.0086350615 0.0021502375 0.0068942153 0.0062371452 0.0079509002 0.0090107951 0.0035504623 0.009508239 0.0081783572 0.0092900077 0.0162812784 0.0103621024 0.0113283027 0.0046206733 0.0055423604 0.0095990181 0.0043993037 0.0049604557 0.0110012656 0.0069635447 0.0114786794 0.0083362749 0.0121778348 0.008976108 0.004513031 0.0085945928 0.0068857195 0.0078761672 0.0125541527 0.0071258339 0.0046889266 0.0107294822 0.0092810516 0.0050331004 0.006813742 0.0069293814 0.0046874709 0.0043741037 0.0122242341 0.0046716856 0.0074594179 0.0051558023 0.0087935367 0.0078325115 0.0079061903 0.0055761406 0.0030039762 0.0076716017 
6 0.0052607966 0.0093221816 0.0050649162 0.0088516971 0.0133107071 0.0054694225 0.0092537819 0.007544015 0.006690952 0.0078701836 0.0105549393 0.0065579689 0.0074363469 0.009557403 0.0098631258 0.0086944056 0.0091499431 0.0100182 0.0057000586 0.004902198 0.0047106142 0.0086664321 0.0036901452 0.0095304346 0.007952192 0.0010513002 0.0088707997 0.0102070569 0.0062330825 0.0103464859 0.0048696784 0.010354485 0.0090653133 0.0118663293 0.0028428917 0.0071694896 0.0153844075 0.0068054494 0.0114746964 0.0081524282 0.0082561951 0.0065470009 0.0065741474 0.0025928541 0.0068819944 0.0046636302 0.0112314214 0.0160512197 0.0017887026 0.0085877917 0.0096617147 0.0077495406 0.0070201365 0.006478976 0.0083562669 0.005926184 0.008470372 0.0090336709 0.0104209776 0.006999601 0.0074178113 0.0059063153 0.0101055119 0.0081641968 0.0044780301 0.0064560311 0.006792043 0.0054817335 0.0039378077 0.0058790804 0.007710013 0.0046444272 0.0027041213 0.0112585536 0.0100400787 0.0098488478 0.006971779 0.0051129994 0.0035853382 0.0064805982 0.0114271726 0.0107535329 0.0060084672 0.0042619378 0.0107340894 0.0109450613 0.009075273 0.0094104207 0.0053526803 0.0029555992 0.003690866 0.010006626 0.007063898 0.008841321 0.0086422164 0.0083285265 0.0053490362 0.004632256 0.0089957667 0.0066857753 0.0140173633 0.010598096 0.0083435733 0.005149452 0.0096715879 0.0104737331 0.010085114 0.0096116299 0.0037814551 0.0100258417 0.0071745607 0.0064042815 0.0096360917 0.0109961972 0.0079260229 0.0098510933 0.0090528681 0.0061253268 0.0094914894 0.0008255169 0.0150243307 0.0070400819 0.0071162302 0.0084024463 0.0025501648 0.0114808331 0.0049339609 0.0144654652 
7 0.00714114 0.010338392 0.0071251716 0.0103161482 0.0096952079 0.0092537819 0.0110112651 0.005677261 0.0097382934 0.005923625 0.0069913683 0.0140119275 0.0064889234 0.0036829926 0.0044353052 0.0055730787 0.0047104261 0.0073201473 0.0017156596 0.0074074266 0.0082077137 0.01028078 0.008623574 0.0084684244 0.0107291935 0.0090499362 0.0052225445 0.0127827891 0.0071621347 0.0090372674 0.0171032929 0.00823314 0.0136260552 0.006606431 0.0097389681 0.004077927 0.0094556521 0.0115324995 0.0061396442 0.007561727 0.0082447946 0.0049749376 0.0086630708 0.0054596245 0.0063058235 0.0071492126 0.0057970943 0.007263042 0.0033525696 0.0048066923 0.0101081565 0.008320458 0.0090813835 0.0029520523 0.0035522278 0.0113012167 0.0022506451 0.0082114919 0.0097753331 0.0037983587 0.0003214125 0.0072587644 0.012223011 0.01282689 0.0063854723 0.0028785658 0.0084348253 0.0076585983 0.0154796154 0.0084382046 0.0079775392 0.0091983573 0.0069061536 0.0058732257 0.0031804942 0.0080849886 0.0081185166 0.0111522836 0.0025837043 0.0144492468 0.0115032567 0.0071817987 0.0086035491 0.009877417 0.0062439622 0.0074704734 0.0055212723 0.0108253548 0.0124024371 0.004089541 0.0063885574 0.0060217029 0.0012588906 0.0064358907 0.0096939656 0.0140685894 0.003005945 0.01027688 0.0094153103 0.0087052758 0.0088467717 0.0034371732 0.0070123629 0.0044791959 0.0049945737 0.0029994599 0.0094571763 0.0054222236 0.0026614977 0.0098325034 0.0075934985 0.008249646 0.0095001282 0.0063138477 0.0065603713 0.0095784081 0.0078430344 0.0103198758 0.009832173 0.0171326058 0.0125862373 0.0115365447 0.0060789359 0.004397875 0.0108779715 0.0103974457 0.0085574835 0.0015156189 
8 0.0128632469 0.0021084706 0.0099672196 0.0108553419 0.011132859 0.007544015 0.005677261 0.0059547964 0.0112234939 0.0042633539 0.0069555375 0.0043947828 0.0053491053 0.0042911105 0.0066357402 0.0070172542 0.0085060849 0.0052156478 0.0079846815 0.0064197696 0.0072397211 0.0052607332 0.0085026487 0.0043328488 0.0056717651 0.0095639368 0.0072894672 0.0037046544 0.0096187582 0.0143945845 0.0064935674 0.0065598405 0.0079499762 0.0114091385 0.0104554558 0.0070568083 0.0116564359 0.0075450309 0.0059275856 0.0109797622 0.0091411695 0.0063609454 0.00968947 0.0094858524 0.0118715952 0.004347392 0.0059206567 0.0062422936 0.012325625 0.0089925836 0.010247499 0.0110667484 0.0059057526 0.0145550541 0.0114992555 0.0066250175 0.0080240177 0.0084043783 0.0128219207 0.0060023692 0.0062487258 0.0106850275 0.0095903241 0.0113350057 0.0085572506 0.0061224559 0.0098612221 0.0076875313 0.0063466507 0.0074264747 0.0094899691 0.0082149347 0.0090048312 0.0066139039 0.007620701 0.004391319 0.0071662622 0.0065748612 0.0031087933 0.0022957443 0.005279286 0.0106123827 0.005554338 0.0056729638 0.0090116874 0.0062022611 0.0071103669 0.0097133336 0.0123091492 0.0078070432 0.0067536119 0.0105743026 0.0078494732 0.0072492892 0.009573756 0.0050132273 0.0124656841 0.0082509236 0.0104361011 0.0079788602 0.0089856469 0.0047542654 0.0065277389 0.0052595049 0.002931807 0.0085287674 0.0064291077 0.006569421 0.0065454628 0.0073706811 0.0071027207 0.0083597471 0.0038672374 0.0119396963 0.0129580687 0.0042189493 0.0102000318 0.0108092705 0.0032567325 0.0046949537 0.0096938497 0.0099097305 0.0131286584 0.0069431534 0.0046159135 0.0052030726 0.0065770162 0.0033566771 
9 0.0043383678 0.0064984238 0.0115558114 0.0124840912 0.0055510444 0.006690952 0.0097382934 0.0112234939 0.0119965423 0.0086121554 0.0125757247 0.0074344387 0.0031849801 0.0115452713 0.0106415279 0.0039539591 0.0143067048 0.0078471992 0.0067073678 0.0044895815 0.0059497951 0.004594264 0.0050630992 0.0034232991 0.0035240498 0.0038483126 0.0095559119 0.0119676232 0.0036026137 0.004595653 0.0085391165 0.0022877266 0.0105144419 0.0039220782 0.0106407885 0.0126042705 0.0077761316 0.0030369063 0.0038660476 0.0047033392 0.0059478976 0.0116449434 0.0085392769 0.0111090026 0.0032282147 0.0082062537 0.0093703417 0.0025896085 0.0091264624 0.0108050709 0.0060635312 0.0082441912 0.0123277603 0.0064683492 0.0064864085 0.0090312656 0.0073814678 0.0110287887 0.0024421332 0.0109915119 0.0101552741 0.0108991362 0.0081642959 0.0019903793 0.0074942282 0.0086484956 0.0055928081 0.0025848929 0.0087964915 0.0055698853 0.0062104017 0.0097720097 0.0041970945 0.0114677911 0.008449164 0.0101925381 0.0101211249 0.0060878887 0.0081810127 0.0107011728 0.0066152058 0.0051966935 0.0068102198 0.0043232093 0.0046965352 0.0116280563 0.0079184191 0.0075816507 0.0088311344 0.0065831541 0.0112487074 0.0031428652 0.0139275725 0.0073510161 0.0098510312 0.0065151528 0.0070237326 0.0089387468 0.0091526089 0.0028534381 0.008760635 0.0052824922 0.0080591009 0.0081861858 0.0093643805 0.0086157235 0.0182288456 0.0049019926 0.0099470778 0.006470301 0.005166794 0.0117434852 0.0082560188 0.0067063577 0.0089126335 0.0099036237 0.0097149151 0.0057592328 0.0100612934 0.0115032628 0.0066583768 0.0086538123 0.0121468279 0.0076734376 0.0077858066 0.008548707 0.0074440197 0.0036555464 
10 0.008247978 0.0024271406 0.0091500313 0.0071546191 0.0062183186 0.0078701836 0.005923625 0.0042633539 0.0086121554 0.0052291701 0.0069896389 0.0103242 0.006179155 0.0064691348 0.009438364 0.0115215165 0.0070241211 0.0096676601 0.0077756599 0.0109971528 0.0106020232 0.0066907727 0.0130069267 0.0092483939 0.0088534567 0.0056165433 0.0041427836 0.0062654148 0.0072964443 0.0090738718 0.0112946177 0.0080772549 0.010351906 0.007491924 0.0099190411 0.0101807536 0.0071191574 0.0064766651 0.0102469304 0.0055864402 0.0073613826 0.0081093444 0.0096004236 0.0105981907 0.0107547661 0.0051699375 0.0042349654 0.0085811511 0.0065914189 0.0073186919 0.0107162593 0.0027927605 0.0092940794 0.0034285337 0.0064942051 0.0038032938 0.0091958256 0.0083956954 0.0062989973 0.010224994 0.0082720429 0.0054691868 0.0108566261 0.0092178119 0.011953983 0.0084757575 0.0008572062 0.0070550204 0.0056885554 0.0088880222 0.0055935056 0.0107871008 0.0098506356 0.0093681065 0.0044722139 0.0078012743 0.00799938 0.0045241219 0.0090205246 0.0095171995 0.0062220488 0.0100222207 0.0044505683 0.0092694827 0.0065292738 0.0081644421 0.0103367781 0.0091979324 0.0064539031 0.00753446 0.0060570187 0.0106903832 0.005538432 0.0062206972 0.0043422088 0.0078022434 0.0046029795 0.013079408 0.0036734507 0.0053025262 0.0041939349 0.0033971134 0.0076256659 0.0100626614 0.009693478 0.0081336568 0.0121320633 0.0043294089 0.0227069495 0.0125295277 0.0054784907 0.0086758691 0.0032028602 0.0074732786 0.0101916155 0.0134226694 0.0048303535 0.0103122922 0.0081574097 0.0053120006 0.0059376991 0.0048822304 0.0037513563 0.0109954464 0.0060597197 0.0169549808 0.0023677634 0.0080413555 
11 0.006822894 0.0090789617 0.0029773989 0.0071304206 0.0053018748 0.0105549393 0.0069913683 0.0069555375 0.0125757247 0.0069896389 0.0051392464 0.0049618849 0.008223591 0.0114799927 0.0135119921 0.005465449 0.0030621566 0.0121525639 0.0107690257 0.0050865888 0.0090823954 0.0080597967 0.0068681216 0.0059407302 0.0058632244 0.0113673517 0.0070577574 0.01034353 0.0073215619 0.0051590659 0.0097531228 0.0064254029 0.0087283684 0.0034002349 0.0096876327 0.009794088 0.0107959989 0.0068545457 0.0058079575 0.0027297346 0.0087054402 0.0031771375 0.004890227 0.0130606929 0.0056534065 0.0104071096 0.0078567219 0.0057792151 0.0027599321 0.0063582761 0.0084564754 0.0141366683 0.0083566695 0.0084095846 0.0094971094 0.0015258453 0.0066785174 0.0086532688 0.0116705344 0.0031818694 0.0082809148 0.0106430662 0.0119177567 0.0089784939 0.0059853229 0.0073251882 0.0065252649 0.0053005537 0.0041932052 0.0042498839 0.0107582716 0.0079978247 0.004983821 0.0105491102 0.0118628138 0.0096824249 0.0107908597 0.004819582 0.0049254649 0.0142105941 0.0057831383 0.0095201845 0.007312437 0.0031957949 0.0090591069 0.0031589293 0.0038498266 0.0107803946 0.0086047195 0.0123836398 0.0069886519 0.0059960336 0.0105358512 0.0061145072 0.0095556436 0.0117064059 0.007542426 0.0053429179 0.0047395444 0.0077376287 0.0099601847 0.0064554765 0.0030982981 0.0021825916 0.0084397871 0.0086360957 0.0077784731 0.0058371185 0.0076252774 0.0083855962 0.0090054619 0.0090064299 0.0087723924 0.0103214012 0.0049611701 0.0118599495 0.0044633394 0.0059508575 0.0101218437 0.0115543399 0.0043979835 0.0136308765 0.0060268923 0.0051926932 0.0151649216 0.0114078306 0.0041629289 0.0162250169 
12 0.0052510525 0.0070138246 0.0061923429 0.012746038 0.0023745263 0.0065579689 0.0140119275 0.0043947828 0.0074344387 0.0103242 0.0049618849 0.0062691584 0.0051325806 0.0094385113 0.0109934028 0.0058465786 0.005787165 0.005781011 0.0074232809 0.0079926654 0.0047072555 0.0047227113 0.0108040889 0.0028237538 0.0079116659 0.0036093715 0.0085471653 0.005521545 0.0133992713 0.004188738 0.0035600595 0.0174869572 0.0018029327 0.0081805549 0.0061814954 0.0073014614 0.0075530662 0.008874915 0.0066981356 0.012008024 0.0089139714 0.007205777 0.0070385331 0.0057719683 0.0078697577 0.0137494422 0.0100260692 0.0050239537 0.0048667185 0.0082588621 0.0110866703 0.007322166 0.0126769128 0.0147107573 0.0073416046 0.0078255665 0.0052199476 0.0073637152 0.0101591059 0.0046263608 0.0094122266 0.0026557252 0.0079703106 0.0024946175 0.0078383105 0.0058246083 0.0055535455 0.0055477787 0.0056305775 0.0123110375 0.0078067839 0.0021038375 0.0044258221 0.013082527 0.0120023036 0.0040272354 0.0017742818 0.00368291 0.0127590767 0.0062104925 0.0161774046 0.0094641964 0.0059822664 0.0099999684 0.016288549 0.0129558861 0.0046920345 0.0069967563 0.0075498401 0.0055541442 0.0069802419 0.0098135925 0.0051514555 0.0112798123 0.0041174817 0.0179281998 0.0048339278 0.0095594405 0.0053481751 0.0066247081 0.0073569279 0.0074404731 0.0052790875 0.0079637937 0.0079611748 0.0089011559 0.0086530282 0.0097347112 0.0108084244 0.0088105084 0.0107883048 0.0023228501 0.0073295966 0.0046759207 0.0051106057 0.0124053413 0.0082753837 0.0098933184 0.0097125219 0.0042219152 0.0137868561 0.0099077107 0.006795064 0.0106218244 0.0080011179 0.0082339921 0.0094787298 0.0062492025 
13 0.004349735 0.0047352225 0.0055775213 0.0158519434 0.0081742147 0.0074363469 0.0064889234 0.0053491053 0.0031849801 0.006179155 0.008223591 0.0051325806 0.0111333749 0.0054455057 0.00399858 0.0095588 0.0035112355 0.0110658689 0.0037909461 0.009389526 0.0133085717 0.0038132984 0.0128304222 0.012175603 0.0100031187 0.0058382821 0.0088077565 0.0034312299 0.0088769099 0.0070843233 0.011209821 0.0045433747 0.0064154551 0.0069032292 0.007885704 0.0065227678 0.0088006105 0.0068731825 0.004811766 0.0063397763 0.0072614924 0.0038353641 0.010421956 0.0061809247 0.0095018263 0.0051428686 0.0068730937 0.008262997 0.0083926963 0.0095593662 0.008668701 0.0081985864 0.0062788817 0.0044827552 0.009133787 0.0060447021 0.0097536181 0.0063999523 0.0085076959 0.0062306732 0.0107557778 0.006049681 0.0122936066 0.0038841988 0.0064366537 0.0110609058 0.0042517091 0.0059376498 0.0143568862 0.0102525657 0.0083294981 0.0088954746 0.0138685909 0.0032316248 0.0053427679 0.0128245196 0.0050424388 0.0077537074 0.0095563401 0.0079672328 0.0015380732 0.0116844652 0.0074960306 0.0082808988 0.0075209463 0.0110407236 0.0099651438 0.0050876215 0.0152203796 0.0124966105 0.0065884346 0.0077187689 0.0069485014 0.0039861076 0.0094035941 0.0065642512 0.0126139377 0.0055963343 0.0069719735 0.006749868 0.0098902238 0.011880986 0.0071363232 0.0071423566 0.0055627794 0.0041098692 0.0136011717 0.0079764474 0.0128389674 0.0032332358 0.0119038546 0.0077221417 0.0050768042 0.0079252749 0.0085992395 0.0107469899 0.0064413346 0.0075181447 0.0088644703 0.0065976221 0.0034453405 0.003526586 0.0101076072 0.0098444641 0.009762787 0.0109663562 0.0075075559 0.0043222751 
14 0.0077702224 0.0136070978 0.0118919608 0.0022384403 0.0052757225 0.009557403 0.0036829926 0.0042911105 0.0115452713 0.0064691348 0.0114799927 0.0094385113 0.0054455057 0.0096496851 0.0113245308 0.0071658236 0.0117261589 0.0090787347 0.0077745938 0.009983244 0.0096951272 0.007391671 0.0057928352 0.0031154139 0.00549119 0.0095688156 0.0090344661 0.0071338657 0.0041026518 0.0104673284 0.0078467056 0.0130937697 0.003991117 0.0095614128 0.0016206885 0.0066939503 0.0125138216 0.0078246929 0.0035712041 0.011621353 0.01101024 0.0068403254 0.0095426718 0.0071688926 0.0103707213 0.0077069376 0.0101749262 0.002443387 0.0090336872 0.000125354 0.0049632541 0.0070976739 0.0081741378 0.0046412376 0.0091811735 0.0164522265 0.008261404 0.0092061458 0.0077346136 0.004659959 0.0069410101 0.0048057093 0.0079130149 0.0082711463 0.006569092 0.0098468943 0.0073961095 0.0074383237 0.0047506001 0.00683423 0.0096954334 0.0071233197 0.0039319076 0.005817754 0.0095371378 0.0025892535 0.0081679329 0.0080130775 0.006627877 0.005222768 0.0085617039 0.0067244936 0.0142194462 0.0065124272 0.0063977755 0.0088054971 0.0073731634 0.0102235325 0.0055651004 0.0096256124 0.0094039269 0.0100124578 0.0044966676 0.0089965054 0.0095940028 0.0043882192 0.0053903828 0.0086254705 0.0113084951 0.0069551736 0.0025645888 0.0040746357 0.0095814981 0.0082813829 0.0073932568 0.0083940629 0.0062352983 0.0064984454 0.01165341 0.0062151371 0.0033528503 0.0083161137 0.0086992083 0.0080668203 0.009560168 0.0060670352 0.0156916268 0.012167165 0.0053140436 0.0044415438 0.0052845762 0.0080631393 0.0138873766 0.0090388402 0.0090273321 0.0082130708 0.0117731551 0.0071543875 
15 0.0045888462 0.0060260558 0.0069346741 0.0069835013 0.0077785495 0.0098631258 0.0044353052 0.0066357402 0.0106415279 0.009438364 0.0135119921 0.0109934028 0.00399858 0.0113245308 0.0 0.0093141988 0.0049765321 0.0114446935 0.012761439 0.0076449413 0.0097205424 0.0078927337 0.0103907802 0.0062940979 0.0056197805 0.0076819834 0.0045437613 0.0063478577 0.0049573051 0.0083815165 0.0098154538 0.0041722949 0.0083266111 0.0098084942 0.0102346395 0.0073747574 0.0083913326 0.0090224936 0.0090343353 0.0068990767 0.0027264754 0.0087704033 0.0038523334 0.0128396467 0.0065668829 0.0110822003 0.009553573 0.0077248445 0.0028221035 0.0106207456 0.012201426 0.0066200489 0.0041041861 0.0076011181 0.0087831354 0.0100132933 0.0034330055 0.0089950722 0.0079637209 0.0136139543 0.0107215415 0.0096631261 0.00926058 0.0085677083 0.0064818855 0.0061662314 0.009860117 0.0073810089 0.0060193439 0.0086782796 0.0081550112 0.0053104602 0.0036108562 0.0036751011 0.0050061915 0.0107608697 0.0109659789 0.0105261948 0.0108509621 0.0137815656 0.0023309393 0.0056651945 0.0101330591 0.0091934684 0.0060580006 0.0103768255 0.0084385926 0.0072300139 0.0029470109 0.0053289176 0.0135516299 0.0052355979 0.0072333928 0.0046255013 0.0056775085 0.0087698159 0.0031101357 0.0027678122 0.0039864863 0.0075485352 0.0071011548 0.0070346456 0.0068039137 0.0087437109 0.0063679463 0.0073876002 0.0069933185 0.0033607995 0.0088693881 0.0056734561 0.0101644315 0.0148049213 0.0089016199 0.0086727983 0.0062635675 0.0068425465 0.0077190988 0.0087203249 0.0104784401 0.0131648017 0.0037352038 0.0038634539 0.0123144985 0.0058365783 0.0067836938 0.0127813535 0.0100854449 0.01078582 
16 0.0115115634 0.006435359 0.0030468875 0.0070936646 0.005158912 0.0086944056 0.0055730787 0.0070172542 0.0039539591 0.0115215165 0.005465449 0.0058465786 0.0095588 0.0071658236 0.0093141988 0.00410903 0.0077969821 0.0068325013 0.0052915579 0.0131506143 0.0066575657 0.0090960913 0.0080442188 0.0073440651 0.0102964091 0.0099348664 0.0069949172 0.0049964067 0.0055737999 0.0026035644 0.003863066 0.0059335078 0.0067332279 0.0118423475 0.0068783115 0.0078186387 0.0117504809 0.0080554932 0.01024063 0.0102429541 0.0073352957 0.0043662369 0.0045714337 0.0060918814 0.0057195623 0.0130952633 0.0050728205 0.0175987697 0.0092286033 0.0089815256 0.0053384397 0.0085720408 0.0041530198 0.0065801759 0.007222682 0.0037012144 0.0085778254 0.0089696718 0.0061416663 0.0057635928 0.0120668457 0.0104918373 0.0066417696 0.0079189213 0.0066325634 0.0093171015 0.0101996977 0.0155621023 0.0034760634 0.006429298 0.0077965052 0.0090168691 0.0037001866 0.0053837085 0.009091814 0.0029362385 0.0049503791 0.0116287624 0.0106523119 0.0068604068 0.0051352953 0.0068984235 0.0039749936 0.0122917912 0.0051217992 0.0097540893 0.0063425109 0.0104297553 0.0110331729 0.007027537 0.0133248606 0.004951268 0.0087615626 0.0114420416 0.0046059231 0.006495094 0.0060266149 0.0066355962 0.0070299245 0.0071324385 0.0087077027 0.0084939249 0.0117885593 0.0058784093 0.0109131331 0.0124432564 0.0077495268 0.0053079485 0.0069535313 0.0056026069 0.0099774337 0.0110801382 0.0081858642 0.0095839797 0.0084378545 0.0072729935 0.0088060892 0.0095361784 0.0073370279 0.0133772057 0.0070132165 0.0081389843 0.0150308422 0.0047233605 0.0067470605 0.0039660432 0.0045842678 0.0106743668 
17 0.0095039674 0.0068552721 0.0057723145 0.0039652982 0.0062271207 0.0091499431 0.0047104261 0.0085060849 0.0143067048 0.0070241211 0.0030621566 0.005787165 0.0035112355 0.0117261589 0.0049765321 0.0077969821 0.0065120887 0.0060953106 0.0048960727 0.0070074393 0.0093966826 0.0060224028 0.0001189288 0.0065932159 0.0065880341 0.0123164152 0.0035116885 0.0070204782 0.0039754457 0.0116346133 0.0122448466 0.0083635233 0.0132003431 0.0139701654 0.0131542548 0.0053667627 0.0135916421 0.0064319808 0.0085524883 0.0093338507 0.0080727627 0.0066701971 0.009134474 0.0099483315 0.00556091 0.0091829932 0.0100833122 0.005691596 0.0045852619 0.0065067609 0.0068449374 0.0088551618 0.0105810886 0.0052578542 0.0091038435 0.0134415469 0.0081991429 0.0032019167 0.0084117329 0.0066517548 0.0084686097 0.0087134895 0.0093216957 0.0074897166 0.008130773 0.0088544188 0.0029603908 0.010165929 0.0065215904 0.0067216151 0.0089261245 0.0077332284 0.0076444917 0.0109223425 0.0067590896 0.0105184423 0.0093706878 0.0070424558 0.0071791788 0.0066511073 0.0109831887 0.0056039658 0.0033047427 0.0107934165 0.008040319 0.0068116386 0.0106915115 0.0088942336 0.0082834428 0.0062896489 0.0062065382 0.0054442921 0.0073706675 0.0102518853 0.0103608858 0.0072908584 0.0069999694 0.0078858692 0.0060178712 0.0063842115 0.0092624982 0.0094157111 0.0041498039 0.0085927126 0.0118682712 0.008955979 0.0056859017 0.0167755906 0.004996563 0.0056873328 0.0111394476 0.0043594466 0.0101179754 0.008893012 0.0109768847 0.0104843607 0.0096113705 0.0062336418 0.0055309414 0.0076625815 0.006523881 0.0083766309 0.0038829459 0.0048892827 0.0016448223 0.0121036703 0.005192958 0.0082155123 
18 0.008273812 0.0087277043 0.0110900878 0.0018762819 0.0060639053 0.0100182 0.0073201473 0.0052156478 0.0078471992 0.0096676601 0.0121525639 0.005781011 0.0110658689 0.0090787347 0.0114446935 0.0068325013 0.0060953106 0.0055984005 0.0070104272 0.0039664312 0.0136639694 0.0089461411 0.0119372229 0.0076902452 0.0087715379 0.0109116105 0.0095510088 0.004571025 0.0107231296 0.0043010259 0.0093715482 0.0090475534 0.0076309051 0.0097460603 0.0051287765 0.0074537105 0.0087315415 0.0097508686 0.0069911474 0.0078640384 0.0075221742 0.0083933572 0.0094428389 0.0041401342 0.0065871395 0.0093711251 0.0033214124 0.0094087046 0.0090503799 0.0086708174 0.0045500108 0.0114734191 0.0091109622 0.0159245954 0.0147251833 0.0102516543 0.01328278 0.0051357208 0.0098460319 0.0057780442 0.010432986 0.0073041189 0.0112443005 0.0078923575 0.0048735429 0.0061760428 0.0033476468 0.0082308753 0.0070310179 0.0062246166 0.0098314093 0.008946644 0.0041822109 0.0062631419 0.0041997556 0.0070126896 0.0111360183 0.0051219842 0.0064951244 0.0105270068 0.0104823936 0.0128191253 0.00310305 0.0118791831 0.0094037467 0.0068602323 0.011395595 0.0022587019 0.0070464834 0.0074297346 0.0087419825 0.0053876205 0.006710615 0.0082565823 0.0077845978 0.008039158 0.0113302544 0.0059439641 0.0056917724 0.0093058518 0.006911306 0.0055858928 0.0060168875 0.0076796306 0.0049813358 0.0040222769 0.0078466296 0.0052998892 0.0077103295 0.0030985172 0.0051553254 0.0067403333 0.0081703383 0.0087176556 0.0042502467 0.0107962567 0.0067533868 0.0096612082 0.0101948846 0.0065982508 0.0050696915 0.0046419635 0.0089814177 0.0082036908 0.0074862477 0.0037189654 0.0051864735 0.0102806933 
19 0.0168693447 0.010512144 0.0103212456 0.0055114033 0.0074382581 0.0057000586 0.0017156596 0.0079846815 0.0067073678 0.0077756599 0.0107690257 0.0074232809 0.0037909461 0.0077745938 0.012761439 0.0052915579 0.0048960727 0.0070104272 0.0047350848 0.0130810629 0.0078778133 0.0080557421 0.0108887085 0.0070629317 0.0100245934 0.0060895467 0.0060542148 0.0074186594 0.0091927871 0.0087109955 0.0101048281 0.0049982751 0.0036946488 0.0041310474 0.0076202842 0.0082603639 0.0070155139 0.0043892644 0.0051395414 0.005461641 0.0062024759 0.0036339427 0.0071461641 0.0080191326 0.0091222821 0.0064278962 0.0080513005 0.0056678306 0.0069148514 0.0068352605 0.0093361063 0.0055687956 0.0064442882 0.0125605696 0.0102134353 0.0101900269 0.0060725769 0.0073675819 0.0101984275 0.0048181502 0.0062968947 0.0073268878 0.0051240981 0.0213941152 0.0095196718 0.0061633399 0.0084522824 0.0123952959 0.0041774418 0.0076935654 0.0095934518 0.0048924707 0.0094786047 0.0059422167 0.0079576053 0.0041392762 0.0103437728 0.0118492841 0.009873808 0.0085253429 0.0062194705 0.0095508325 0.0068118018 0.0045508163 0.0086699749 0.0081744135 0.0052403366 0.0090071912 0.008129965 0.0115445066 0.0061224132 0.0084008479 0.0078897583 0.0062326142 0.0054004816 0.0051658889 0.0105349969 0.0055555192 0.0080154739 0.0146879066 0.0096784039 0.0058962847 0.0084267562 0.0087427361 0.0052926235 0.0072953519 0.0049254419 0.0052663421 0.0087603512 0.0078766747 0.0048254155 0.0110381931 0.0103297803 0.0046906742 0.012513011 0.0101465074 0.0122363486 0.0068983352 0.0100384963 0.0067807118 0.0058017276 0.006182843 0.0097155232 0.0085490104 0.006612206 0.0094800592 0.0077664588 0.0061372864 
20 0.0051523672 0.0025589269 0.0088640946 0.0053323884 0.0097331397 0.004902198 0.0074074266 0.0064197696 0.0044895815 0.0109971528 0.0050865888 0.0079926654 0.009389526 0.009983244 0.0076449413 0.0131506143 0.0070074393 0.0039664312 0.0130810629 0.0064511554 0.0067448514 0.0109014314 0.0106654776 0.0114606321 0.0068152194 0.0113322812 0.0083328684 0.0089245401 0.00497036 0.0103661796 0.0112107943 0.0128984146 0.0020220736 0.0153312479 0.0099701392 0.0131729942 0.0033740892 0.0129044445 0.0165333567 0.0050496944 0.0089881404 0.0031429547 0.0096199967 0.0068805035 0.0083780322 0.014146141 0.0091074577 0.0056805009 0.0139651247 0.0038500987 0.0066756549 0.011085483 0.0077249001 0.0058470686 0.0077426832 0.0096535984 0.0032227515 0.006347893 0.0106988044 0.0073421939 0.0108366748 0.0069480723 0.0065736568 0.0031183019 0.0088057469 0.0044932334 0.0054034518 0.006593913 0.0096715664 0.0092587489 0.0080477656 0.0031100381 0.0123518162 0.0076996589 0.0048376857 0.0070339655 0.0034143633 0.0055070842 0.0036739183 0.0094891271 0.009623617 0.0080732269 0.0068657663 0.0102952342 0.0039075528 0.0062753984 0.0072618441 0.0093104106 0.0064314266 0.015596008 0.0044569253 0.0063890097 0.0068567212 0.0050883814 0.0043599075 0.012797326 0.0079678272 0.0083438618 0.0026577769 0.005984763 0.0065634957 0.0042289077 0.00804136 0.0131799033 0.006132929 0.0105186538 0.0084521602 0.003125226 0.0064688289 0.0135775479 0.0057033783 0.0090995278 0.0123744896 0.0078060396 0.0052283954 0.0043756589 0.0094129045 0.006246279 0.0057891622 0.0035570026 0.0093484446 0.0083359737 0.0066242408 0.005231638 0.0101223001 0.0097967585 0.0048285787 0.0077266562 
21 0.0049876173 0.0072783566 0.0048646312 0.0100634296 0.0064145598 0.0047106142 0.0082077137 0.0072397211 0.0059497951 0.0106020232 0.0090823954 0.0047072555 0.0133085717 0.0096951272 0.0097205424 0.0066575657 0.0093966826 0.0136639694 0.0078778133 0.0067448514 0.0100962178 0.0054736353 0.0077012377 0.0085377449 0.0082041212 0.0068492294 0.0106435388 0.0082694641 0.0060640468 0.0085519685 0.0085028486 0.0129117956 0.0040069774 0.0046129817 0.0102728859 0.0025287475 0.0093995059 0.0051616276 0.0105524537 0.0053456378 0.0100774541 0.0066215653 0.0031098251 0.0097863938 0.0066120757 0.0099339195 0.011285541 0.0039930032 0.0107445291 0.0043770073 0.0042857826 0.0060400253 0.0085702728 0.0069466409 0.0054691708 0.0076506154 0.0068194017 0.0071207332 0.0063851188 0.008314758 0.0037946748 0.0086791303 0.0027196728 0.0039778724 0.0089497045 0.0094954408 0.007135442 0.0022919121 0.0090571769 0.0069474202 0.0060973627 0.006667837 0.0159232866 0.0032089496 0.0056588246 0.0087746562 0.0049820528 0.0041513785 0.0065880656 0.0103154217 0.0033150598 0.0086355617 0.003431377 0.0077257244 0.0086126869 0.0067112723 0.0073835747 0.0067032218 0.0128474464 0.0106575522 0.0144463552 0.0065056959 0.0083089829 0.0021479357 0.0081008398 0.003826704 0.007412683 0.0126061559 0.0111956795 0.0120601682 0.0077307668 0.0109021137 0.0098594041 0.0087615434 0.0077417379 0.0055483149 0.0133419364 0.0115157548 0.008140913 0.0041073538 0.0094821159 0.0083643114 0.007826849 0.0094615584 0.0076258702 0.0080289879 0.0046852507 0.0090219214 0.0101222724 0.0076182943 0.0073247447 0.0087878074 0.00913358 0.011551443 0.0108839474 0.0082435813 0.0088228565 0.0083100741 
22 0.0065750873 0.0073123894 0.0106500734 0.0089580718 0.0093772633 0.0086664321 0.01028078 0.0052607332 0.004594264 0.0066907727 0.0080597967 0.0047227113 0.0038132984 0.007391671 0.0078927337 0.0090960913 0.0060224028 0.0089461411 0.0080557421 0.0109014314 0.0054736353 0.0100746543 0.0037311023 0.0046407495 0.0098698202 0.0100634601 0.0080500593 0.0053062629 0.0092576893 0.0072366064 0.0085902783 0.0036030814 0.0137953273 0.0091447856 0.0115792937 0.0104566659 0.0082003308 0.0063961506 0.0158839665 0.0072553402 0.0131877903 0.0065326826 0.0052850829 0.0076211374 0.0065618308 0.0065324811 0.0078012793 0.005411591 0.0034916359 0.0061569912 0.0068587175 0.0064948935 0.0145709154 0.0062567075 0.0067799629 0.0068285432 0.0044873296 0.0040540575 0.0109320103 0.0084738203 0.0026830682 0.0048347712 0.0075204424 0.0098921928 0.0057172739 0.0069460585 0.0064774261 0.0045645572 0.0016907187 0.0102303656 0.006275628 0.0046265544 0.0096129315 0.0044913843 0.0095471841 0.013993489 0.0071890882 0.0076956461 0.0110360244 0.0118493195 0.0028525783 0.0120305877 0.01117115 0.0071470505 0.0080665957 0.0091439365 0.0127507794 0.0113756231 0.0080481796 0.0026332242 0.0042061763 0.0079673036 0.007755087 0.0054055101 0.0062576615 0.0073829119 0.0115771963 0.0098748596 0.0032718274 0.0077998034 0.0117449996 0.0085844313 0.0079526038 0.0061433262 0.0047798358 0.0100398931 0.0059354109 0.0104936352 0.0048834777 0.0093881536 0.0076144172 0.0140775568 0.0079395253 0.0095315291 0.0083863819 0.0073516201 0.0036256763 0.0078818406 0.0077804551 0.0094197005 0.0066347285 0.0132903811 0.0034995343 0.0118062224 0.0099505014 0.005874528 0.0086382903 0.0069625717 
23 0.007835259 0.0033702042 0.00677037 0.0060333437 0.0061131714 0.0036901452 0.008623574 0.0085026487 0.0050630992 0.0130069267 0.0068681216 0.0108040889 0.0128304222 0.0057928352 0.0103907802 0.0080442188 0.0001189288 0.0119372229 0.0108887085 0.0106654776 0.0077012377 0.0037311023 0.0015882963 0.0024475585 0.0099944103 0.0077356512 0.0054121049 0.0118321557 0.0078361862 0.0082526672 0.0041430332 0.0086055233 0.0083118348 0.0066158172 0.0039554243 0.0050440352 0.013707566 0.0075659004 0.0103277491 0.006802127 0.0091894785 0.0087610124 0.0075887665 0.0028517552 0.0084108222 0.0111777314 0.0091262723 0.0053684725 0.006970154 0.0089257789 0.0039275841 0.0078435282 0.0030520438 0.0055824872 0.0048467756 0.0080605741 0.010761464 0.0072732371 0.0150458157 0.0070300618 0.0075510318 0.0102846319 0.011054567 0.0084948173 0.0044422277 0.0056369026 0.0093250724 0.0089758409 0.0108487373 0.0095590907 0.006777099 0.0054839261 0.0072090462 0.0068893739 0.0104908005 0.0041175482 0.0125883273 0.008110795 0.0057234086 0.0061400148 0.0115178105 0.011728959 0.0116070239 0.0034501776 0.0092725886 0.0051246306 0.0129089316 0.0065801166 0.0031902942 0.0112389434 0.0094771405 0.0101092136 0.0078230842 0.0115967603 0.0083638075 0.0090962477 0.0084244881 0.0089786233 0.0075304941 0.0065318199 0.0123706968 0.0085749524 0.0019654353 0.0031964574 0.0182365889 0.0090413235 0.0041869668 0.0113124352 0.0053981349 0.0027925429 0.0059965566 0.0067372201 0.0068554072 0.0111787723 0.0059436235 0.0077397806 0.0079986906 0.0102567855 0.0049689306 0.0146277935 0.0103178811 0.007881778 0.0047805824 0.0069879437 0.0058947877 0.0087712449 0.0049646755 0.0060138542 
24 0.0048593934 0.0082271369 0.0108237506 0.0074918841 0.0091753563 0.0095304346 0.0084684244 0.0043328488 0.0034232991 0.0092483939 0.0059407302 0.0028237538 0.012175603 0.0031154139 0.0062940979 0.0073440651 0.0065932159 0.0076902452 0.0070629317 0.0114606321 0.0085377449 0.0046407495 0.0024475585 0.0198815679 0.0085620049 0.0134356375 0.0079411719 0.0076332647 0.0121161988 0.0089691981 0.0135710054 0.0118499212 0.0082436417 0.0056155512 0.0051017249 0.0027330312 0.0078123353 0.0097139032 0.0088986401 0.0056444583 0.0059943127 0.0030911769 0.0049495614 0.0161590856 0.0112590311 0.002691165 0.0036917593 0.0075972364 0.0083995507 0.0103569195 0.0026497455 0.0055493465 0.0130020685 0.0084630155 0.00304173 0.005514348 0.009446107 0.0050131531 0.0063216018 0.0082367196 0.0078133356 0.0062498438 0.0098093465 0.0171402933 0.0092108708 0.0087418488 0.0036985943 0.0048798989 0.0040761174 0.0107550414 0.0072143693 0.0062493576 0.0042884141 0.0062846721 0.0105096024 0.002103615 0.0069732411 0.0071779361 0.0071452408 0.0078802048 0.0082797996 0.0093453633 0.005150351 0.0089794602 0.0106315431 0.0073698404 0.0158086534 0.0049736635 0.00385467 0.0054880407 0.0090956624 0.0089316684 0.0065326798 0.0073333096 0.0092839096 0.0067540123 0.0146588407 0.0161552071 0.0052552788 0.006177639 0.0070792903 0.0060059618 0.0091605337 0.0096640656 0.0104689153 0.0040150954 0.0132984044 0.0095074736 0.0059769492 0.0062631073 0.0077513298 0.0053371532 0.0072548399 0.010206026 0.0084251075 0.0057628663 0.0033026353 0.0164998329 0.0071318333 0.0056954242 0.0052122047 0.0071728326 0.0076041816 0.009267203 0.00786887 0.0084659955 0.0048450093 0.0116368668 
