64
1 0.0125491665 0.0236089764 0.0127418215 0.0199475582 0.015286515 0.0185764159 0.0185504728 0.0094168999 0.0129532786 0.0188419172 0.0313399408 0.0083667915 0.010838338 0.012459698 0.0178701405 0.0209135696 0.005811346 0.0232729796 0.0192509274 0.0042187442 0.0135813133 0.0122693248 0.019193694 0.0100318248 0.0235099162 0.0132139996 0.0094636976 0.0101047686 0.0078266137 0.0122599615 0.0245713091 0.013788255 0.0164681191 0.0155825614 0.0145609492 0.0182338808 0.0168125248 0.0069126498 0.0225398841 0.0181474484 0.018363587 0.0216034206 0.0071858024 0.0158185849 0.0202680421 0.0279341409 0.0133746154 0.0271446098 0.0034071002 0.012417891 0.0151887621 0.0139496104 0.018293655 0.0195378836 0.0109421258 0.0236249598 0.0091174346 0.0141671311 0.0158076286 0.0167954302 0.0229038359 0.0060620254 0.0121124974 0.0180910322 
2 0.0236089764 0.0075117464 0.0167618828 0.0154767913 0.0108203744 0.0082868413 0.0139613738 0.0244189381 0.0183815318 0.0048187551 0.0175536403 0.0182193182 0.0089986844 0.0237108737 0.0080771183 0.0186400779 0.0243009168 0.0137344441 0.0055787336 0.0147717882 0.0168730878 0.0151172814 0.0198875731 0.0128817324 0.0159241203 0.0152161108 0.013855653 0.0171339257 0.0117692989 0.0243001549 0.0061523594 0.0146267113 0.0232105627 0.0204450577 0.0102789306 0.0355533395 0.0158484639 0.0090070437 0.0108767001 0.0108060248 0.0103239153 0.0121345684 0.0141703134 0.0195147457 0.0201428134 0.0126639074 0.0152780801 0.0200269387 0.0144222772 0.0085919736 0.0178345214 0.0146393895 0.0054037723 0.0139952135 0.0162000019 0.0126720362 0.0281202701 0.0288755082 0.0090954818 0.0170018743 0.0271224828 0.0151385429 0.0069873118 0.0222471209 
3 0.0127418215 0.0167618828 0.0117258156 0.0161126979 0.0181861387 0.0109977329 0.0205204758 0.0183457135 0.017305108 0.0088413631 0.008346306 0.0137809927 0.0214272439 0.0063901773 0.0123909232 0.0071121466 0.01291293 0.0181588946 0.0124206247 0.0120556262 0.0211000264 0.0152087203 0.0130952887 0.0251914687 0.0265839755 0.0223615886 0.0137594943 0.0184138445 0.0122534079 0.013595763 0.0131634027 0.0298837841 0.0291682457 0.0043235301 0.0052125037 0.0082346231 0.0009008614 0.0277647086 0.0233007259 0.0329470661 0.0130792729 0.0142797344 0.0208009231 0.012627938 0.011188825 0.0155680656 0.0222049842 0.0141750054 0.0086190963 0.0214463644 0.0157563405 0.0079349611 0.0169920541 0.0259049538 0.0134573239 0.0144259442 0.0088135217 0.0219654914 0.0104253379 0.0158680283 0.0149154796 0.0195782298 0.0116887383 0.0152857416 
4 0.0199475582 0.0154767913 0.0161126979 0.0034932785 0.0097205838 0.0097394846 0.0113863292 0.0147544907 0.0066718543 0.009273385 0.015191402 0.0073573279 0.0180182146 0.0171093506 0.0175291266 0.0145150619 0.0157637312 0.0267084327 0.0173063774 0.0183932514 0.010054088 0.0202468199 0.0109217906 0.0166044089 0.0121302959 0.0106628458 0.0126394248 0.014983472 0.0313567377 0.0205884374 0.0034080931 0.0251515843 0.0224008426 0.0135611495 0.0169514401 0.0145636162 0.0260654662 0.0108922042 0.0261463606 0.0261143579 0.009890723 0.0060073374 0.0196950888 0.0163917115 0.0082170297 0.0013189438 0.0228625737 0.0080796603 0.0151918261 0.0143380067 0.0178431479 0.014853406 0.0214928003 0.0163548064 0.018859494 0.0057943392 0.01491134 0.0213557782 0.0303097131 0.0160328135 0.0122331531 0.02696159 0.0197096243 0.0113829272 
5 0.015286515 0.0108203744 0.0181861387 0.0097205838 0.0108810999 0.0200247459 0.0173248996 0.0156766773 0.0149789432 0.0158924641 0.0077270847 0.0244212857 0.0138009584 0.0218596054 0.020090889 0.0158869771 0.0191530131 0.0155319846 0.0084164175 0.0243411188 0.023341775 0.0050169622 0.0093015275 0.0223624229 0.010627415 0.0124593411 0.0140623364 0.0121551314 0.0148469102 0.0192459581 0.0120021794 0.0245442756 0.018782085 0.0185602784 0.014849953 0.0159730803 0.0220006976 0.0275500952 0.0260227315 0.012878779 0.0193545201 0.0054734044 0.0101236659 0.0120349793 0.0112040979 0.0111605984 0.0280596593 0.0208559936 0.0192062701 0.0132978023 0.0232691196 0.0133651781 0.004847182 0.0124249804 0.0199255187 0.01380711 0.016603693 0.0083618259 0.0144777274 0.0319663133 0.0039299712 0.0110019029 0.0093243371 0.009318438 
6 0.0185764159 0.0082868413 0.0109977329 0.0097394846 0.0200247459 0.0164718596 0.0115515554 0.0201898901 0.0157458446 0.0208028805 0.0159487769 0.0070830718 0.0113990375 0.0178621961 0.0055617317 0.0138204011 0.01458728 0.0105759851 0.0103951256 0.019736505 0.0168320159 0.011281507 0.0194797271 0.0314194091 0.0074639416 0.0200910459 0.0198212751 0.0121164168 0.0142670748 0.0156662458 0.0096868597 0.0174672932 0.0285906374 0.0126450671 0.0186287358 0.0188895487 0.0135025799 0.0126981572 0.0139938464 0.0149391001 0.0183144645 0.0057422973 0.013540309 0.0159937342 0.0197563734 0.0168813389 0.0089201266 0.0184380278 0.0196504347 0.0117678527 0.0137999484 0.0252013188 0.006300491 0.0117730062 0.0236601219 0.0153316662 0.01755595 0.0106078006 0.0106366215 0.0365516198 0.0152183371 0.0111304123 0.0236153411 0.0207745597 
7 0.0185504728 0.0139613738 0.0205204758 0.0113863292 0.0173248996 0.0115515554 0.0120757714 0.0174248596 0.0282474153 0.0099715654 0.0240697357 0.0151600461 0.013650532 0.0043691837 0.0252733118 0.0077176049 0.0235744857 0.0227125166 0.0203360485 0.0249316666 0.0068617018 0.0142960137 0.0094496623 0.0169657234 0.0109442608 0.0220199283 0.0162654025 0.0113340374 0.0053169625 0.0120926824 0.0197701649 0.00917862 0.0168109374 0.0182359044 0.0272174718 0.0082375063 0.0131563199 0.0203629023 0.0116646618 0.0271696929 0.0160860853 0.0115909636 0.0177202064 0.0209593893 0.0098951455 0.0108039584 0.0280913969 0.0193397425 0.0142852524 0.0127424511 0.014988471 0.0210708781 0.0225993359 0.0092581961 0.0095009059 0.0121690743 0.0027316666 0.0188681417 0.0108156079 0.0153288781 0.0136699828 0.016371592 0.0142310249 0.0167212463 
8 0.0094168999 0.0244189381 0.0183457135 0.0147544907 0.0156766773 0.0201898901 0.0174248596 0.0092988772 0.0211586127 0.0101090281 0.0139186733 0.0206070193 0.0209853507 0.0162824729 0.0204499458 0.0104021367 0.0118602505 0.0104268383 0.0148235836 0.0108810536 0.0222139045 0.0136570237 0.0182779937 0.0161267568 0.0225587201 0.0116895326 0.0173725907 0.0281681806 0.0104175703 0.0147136075 0.0011583534 0.0140107763 0.0118082798 0.0199099877 0.0087947135 0.021010489 0.0250934117 0.0184196053 0.0114972587 0.014496762 0.0180958229 0.014786227 0.017086339 0.0090046664 0.0143172982 0.0247482344 0.01333482 0.0250251637 0.0130249731 0.0068785597 0.017733272 0.012416539 0.0157114335 0.0108855944 0.0161204857 0.0060465927 0.0090874137 0.0155722154 0.0185134834 0.0066681589 0.0257465201 0.0174895802 0.0165294418 0.0223503347 
9 0.0129532786 0.0183815318 0.017305108 0.0066718543 0.0149789432 0.0157458446 0.0282474153 0.0211586127 0.00841731 0.0187484691 0.0090383518 0.0052044599 0.0178633601 0.0149119723 0.0105768969 0.0122775781 0.0201747283 0.0152263229 0.0185271065 0.0166034089 0.0274336958 0.0139974857 0.0170950986 0.0127606138 0.0216676676 0.0110837087 0.0290789976 0.0140339229 0.0103121049 0.016309375 0.0200525637 0.0072916299 0.0109432832 0.0244693441 0.0171549653 0.0220493202 0.0169725697 0.011644099 0.0130550787 0.009660952 0.0150978158 0.014366449 0.0200615771 0.0114219646 0.0103324799 0.0172646146 0.0127068499 0.0132186909 0.0136255459 0.0127729244 0.0290942051 0.0155667985 0.0187713394 0.0149250539 0.0090733155 0.0247824524 0.0099209025 0.0122208646 0.0080328812 0.0165297775 0.0139699093 0.0124012613 0.0293167936 0.0144465034 
10 0.0188419172 0.0048187551 0.0088413631 0.009273385 0.0158924641 0.0208028805 0.0099715654 0.0101090281 0.0187484691 0.0024482199 0.0054440519 0.0161901377 0.0070544706 0.0186085124 0.0110394168 0.0077457405 0.0063159369 0.0144874451 0.0259739242 0.0121168845 0.0299553274 0.0220377299 0.0264701395 0.0066869112 0.0056075038 0.0120616636 0.0125602009 0.0107266011 0.0306248597 0.0144183054 0.0091320445 0.0136874545 0.0205474991 0.0169047029 0.0183737412 0.0078956214 0.0132065971 0.017563316 0.022953455 0.0113298645 0.0107701187 0.0214873732 0.0225573179 0.0144261027 0.0233190443 0.0176805097 0.0102332982 0.0181384845 0.0298857236 0.0191756918 0.0120541332 0.0179115115 0.0114728821 0.0280636694 0.0079063197 0.0101985769 0.0121869622 0.0231072236 0.0118728178 0.014695018 0.0130277135 0.0236684652 0.0288794148 0.0298135204 
11 0.0313399408 0.0175536403 0.008346306 0.015191402 0.0077270847 0.0159487769 0.0240697357 0.0139186733 0.0090383518 0.0054440519 0.0217465069 0.0129811484 0.0145126688 0.020531004 0.0283127883 0.0220062587 0.0207760039 0.018611122 0.015016329 0.0148806206 0.0218271207 0.0164559205 0.0193669845 0.0242884885 0.0214798562 0.0081367566 0.0168758721 0.0148345751 0.021595429 0.0136260387 0.0142614779 0.0193757146 0.0123751674 0.0206486123 0.0214317131 0.0148974982 0.0051334577 0.0078042558 0.0188162067 0.0179071841 0.0082517111 0.0103115433 0.0126566468 0.0210696739 0.013359784 0.0157291085 0.0226990396 0.0066339561 0.0082215586 0.0127181116 0.008884949 0.0177600655 0.0163274607 0.0166112346 0.0121141001 0.008785375 0.0178350921 0.0077034998 0.016566903 0.0102821313 0.0086279199 0.0221533729 0.0155580544 0.0200479641 
12 0.0083667915 0.0182193182 0.0137809927 0.0073573279 0.0244212857 0.0070830718 0.0151600461 0.0206070193 0.0052044599 0.0161901377 0.0129811484 0.0232200571 0.0167004172 0.0105790759 0.0072368674 0.0226384065 0.0147289537 0.0083040914 0.0211611281 0.0124505384 0.0147715362 0.0180752522 0.0140612479 0.0181620249 0.0175990825 0.0061517109 0.0280778712 0.0185781163 0.0144778692 0.0177585888 0.0241673441 0.0143072328 0.0121739094 0.0352215759 0.006847499 0.0158612782 0.0165159044 0.0104906162 0.0257373619 0.0103861076 0.0059762937 0.0229713129 0.0143123914 0.0154957293 0.0155646406 0.0141536723 0.0129073303 0.0150055777 0.0050710719 0.014966527 0.0193528471 0.0163040447 0.0146520189 0.0099576905 0.0299764563 0.0183813158 0.020500116 0.009605209 0.0218813078 0.0123449365 0.0234151396 0.0118101053 0.0114100819 0.018170919 
13 0.010838338 0.0089986844 0.0214272439 0.0180182146 0.0138009584 0.0113990375 0.013650532 0.0209853507 0.0178633601 0.0070544706 0.0145126688 0.0167004172 0.0185445922 0.0081887751 0.0177704624 0.0139931401 0.0145268357 0.0095613759 0.0219875971 0.0204318765 0.0083495346 0.0114953421 0.0162554392 0.0093720985 0.0136354677 0.0188973118 0.0081084621 0.018379336 0.0154627224 0.017175496 0.0106765963 0.0272709834 0.007828836 0.0174208509 0.0120897695 0.0079422902 0.0142648214 0.016934175 0.0084745414 0.0226056483 0.02237663 0.0148728765 0.0110908022 0.0243997832 0.0218797071 0.0148956542 0.0123886019 0.01818397 0.0239404961 0.0305125356 0.0111945893 0.0216573693 0.0128075644 0.0073460673 0.0182875898 0.0177491761 0.0257758369 0.0322205469 0.0101878332 0.0080533648 0.0210062195 0.0113819782 0.0102757956 0.0146213577 
14 0.012459698 0.0237108737 0.0063901773 0.0171093506 0.0218596054 0.0178621961 0.0043691837 0.0162824729 0.0149119723 0.0186085124 0.020531004 0.0105790759 0.0081887751 0.0183940005 0.0236875979 0.0084507189 0.013798305 0.0080451808 0.0058725996 0.0048849159 0.0100278507 0.0052142725 0.0269845669 0.0114221824 0.0124868379 0.0254127928 0.0158364909 0.0133785128 0.0186485365 0.0079250606 0.0206791886 0.0047263431 0.0096276611 0.0325852067 0.0244229088 0.0133479444 0.0113863587 0.0250272553 0.0255171942 0.0219786786 0.0250995219 0.0170637598 0.0297505281 0.0146040781 0.0261262902 0.0108316425 0.0119093388 0.0059657124 0.0242763766 0.0071161902 0.0181589471 0.0227514413 0.0084055835 0.0073772289 0.0056940538 0.0210299245 0.0075755184 0.0174286349 0.0178258219 0.0238683512 0.0151995658 0.0178487227 0.0097304349 0.0217302727 
15 0.0178701405 0.0080771183 0.0123909232 0.0175291266 0.020090889 0.0055617317 0.0252733118 0.0204499458 0.0105768969 0.0110394168 0.0283127883 0.0072368674 0.0177704624 0.0236875979 0.0185712981 0.0093739436 0.0168742211 0.0074174564 0.0225232328 0.0100741751 0.0218576308 0.0175381914 0.0166238954 0.0201868322 0.0088322563 0.0179362982 0.0111946648 0.0209424132 0.0201248204 0.0066194567 0.0288925372 0.0118773423 0.0118122636 0.0075397365 0.0046550191 0.0223845513 0.0057757426 0.0135716217 0.0114569967 0.0201003612 0.021589016 0.0380883377 0.0248448897 0.0014917779 0.0080441566 0.0224444445 0.0213033044 0.0146289381 0.0139338672 0.0175428309 0.0222377584 0.0118191395 0.0215565633 0.0150457463 0.018598976 0.0135109057 0.0180513416 0.006342318 0.0176221544 0.008525274 0.0193607482 0.0042545978 0.0191310061 0.0094077323 
16 0.0209135696 0.0186400779 0.0071121466 0.0145150619 0.0158869771 0.0138204011 0.0077176049 0.0104021367 0.0122775781 0.0077457405 0.0220062587 0.0226384065 0.0139931401 0.0084507189 0.0093739436 0.0265418663 0.0185499541 0.0156610898 0.0164861416 0.0215074892 0.0116327655 0.0151114062 0.0089023091 0.0204803348 0.0096142493 0.0143563156 0.0187237685 0.0260479813 0.0196443142 0.0180069422 0.0202110528 0.0205048989 0.0066089233 0.0119707114 0.0158786878 0.0200468104 0.0224788485 0.0192376503 0.0066117963 0.0084382599 0.0227690018 0.0186737695 0.0135981408 0.0179765641 0.0119698409 0.0231013658 0.0162980415 0.0121706037 0.0108325135 0.0155458671 0.0119140649 0.0102566342 0.0191545078 0.0086088237 0.0267759175 0.0125912472 0.0187737451 0.0181909585 0.0108241302 0.0157698909 0.0158826311 0.0155877611 0.0193667663 0.0146188835 
17 0.005811346 0.0243009168 0.01291293 0.0157637312 0.0191530131 0.01458728 0.0235744857 0.0118602505 0.0201747283 0.0063159369 0.0207760039 0.0147289537 0.0145268357 0.013798305 0.0168742211 0.0185499541 0.0257351357 0.0209561096 0.0119147296 0.0159075584 0.0210969641 0.019077483 0.0106162255 0.0223548377 0.0094152304 0.0128249644 0.0149728999 0.017281334 0.0143637121 0.0071938363 0.017543698 0.0079997627 0.0134785506 0.0234044283 0.0199325792 0.0184933044 0.0089239294 0.0209005534 0.0182787792 0.0134761668 0.0221811072 0.0115474477 0.0299188971 0.0184559668 0.0209346402 0.0083114519 0.0198358482 0.0224480999 0.0110040099 0.0077270924 0.0196658822 0.0142615272 0.0166915284 0.0063833386 0.0169800489 0.0054573663 0.0110470147 0.0056348589 0.0105861386 0.017194892 0.0231742062 0.0172977977 0.009528335 0.0138808394 
18 0.0232729796 0.0137344441 0.0181588946 0.0267084327 0.0155319846 0.0105759851 0.0227125166 0.0104268383 0.0152263229 0.0144874451 0.018611122 0.0083040914 0.0095613759 0.0080451808 0.0074174564 0.0156610898 0.0209561096 0.028821677 0.0128193269 0.0133081674 0.0130851837 0.0181191844 0.0223818844 0.0142263787 0.0105020762 0.0229348802 0.0284800576 0.0191575597 0.0216223517 0.0153584607 0.0095056979 0.0186458987 0.0204832949 0.0251310773 0.0175259371 0.021630452 0.027447374 0.0097098122 0.015940244 0.0134773772 0.0157304932 0.0120113525 0.0054898231 0.014561746 0.0101923396 0.0094135564 0.0137854584 0.0190633014 0.007833665 0.012808229 0.0189929365 0.0148774209 0.0083397789 0.0229693388 0.0250719875 0.0146877133 0.0076823935 0.0175923451 0.0221465013 0.0107455323 0.0129492685 0.0053258084 0.0090875407 0.008934846 
19 0.0192509274 0.0055787336 0.0124206247 0.0173063774 0.0084164175 0.0103951256 0.0203360485 0.0148235836 0.0185271065 0.0259739242 0.015016329 0.0211611281 0.0219875971 0.0058725996 0.0225232328 0.0164861416 0.0119147296 0.0128193269 0.0184928996 0.0159571037 0.0178411344 0.0167669187 0.007238166 0.0084799602 0.0160142241 0.0161055995 0.0180651033 0.0066278781 0.021086688 0.030611501 0.0334250727 0.0147684547 0.0166766465 0.0132232922 0.019984909 0.006371491 0.0077368736 0.0080400503 0.0091789978 0.0070046901 0.0122897242 0.023996145 0.010473545 0.0088573992 0.0227544059 0.0121958109 0.0237014235 0.0103222235 0.0122425335 0.0139359597 0.0089874256 0.0237576895 0.0200145168 0.0206501173 0.008332272 0.010624742 0.0116577861 0.0161354725 0.0191820466 0.02026111 0.0140572773 0.0273244408 0.0218091049 0.01592922 
20 0.0042187442 0.0147717882 0.0120556262 0.0183932514 0.0243411188 0.019736505 0.0249316666 0.0108810536 0.0166034089 0.0121168845 0.0148806206 0.0124505384 0.0204318765 0.0048849159 0.0100741751 0.0215074892 0.0159075584 0.0133081674 0.0159571037 0.014452857 0.0176223061 0.0145477351 0.0163612545 0.0075704808 0.0117690363 0.0108878859 0.0216502389 0.0152239568 0.0158789315 0.0109913407 0.0226859707 0.0203773267 0.0231965776 0.0165066901 0.0151578533 0.0172826626 0.0094446362 0.0235950237 0.0089941636 0.0224977053 0.0087943964 0.0081774686 0.0257636311 0.0194775062 0.0184613803 0.0171812513 0.0164057997 0.0073645241 0.0136813088 0.0171099084 0.020233335 0.0058894198 0.0190054305 0.013720822 0.0129999585 0.021901997 0.015277755 0.0113656233 0.0173987338 0.0210877822 0.0183671093 0.0172734592 0.0153564364 0.0135578368 
21 0.0135813133 0.0168730878 0.0211000264 0.010054088 0.023341775 0.0168320159 0.0068617018 0.0222139045 0.0274336958 0.0299553274 0.0218271207 0.0147715362 0.0083495346 0.0100278507 0.0218576308 0.0116327655 0.0210969641 0.0130851837 0.0178411344 0.0176223061 0.0039322481 0.0215739646 0.0154184165 0.0088051205 0.0244877566 0.0217323155 0.0130927531 0.0143119334 0.0253629325 0.0089307963 0.0240517343 0.0090318285 0.0189722421 0.014070923 0.02103035 0.0195611585 0.0069639241 0.0178339276 0.0163080763 0.014121091 0.0137429576 0.0192672625 0.0059827337 0.0140243417 0.0115676713 0.0158552911 0.0173473015 0.0120877514 0.0088058266 0.0162317278 0.0125962599 0.0059074521 0.019222244 0.011749869 0.0162706889 0.018437706 0.008926428 0.0177790588 0.0110058779 0.0099549804 0.0210733194 0.0135586616 0.0152878118 0.0173643216 
22 0.0122693248 0.0151172814 0.0152087203 0.0202468199 0.0050169622 0.011281507 0.0142960137 0.0136570237 0.0139974857 0.0220377299 0.0164559205 0.0180752522 0.0114953421 0.0052142725 0.0175381914 0.0151114062 0.019077483 0.0181191844 0.0167669187 0.0145477351 0.0215739646 0.0026385 0.0170587955 0.0196944611 0.0089494798 0.015771714 0.0257934821 0.0179842427 0.0192478642 0.0261785219 0.0122207118 0.021639642 0.0239298548 0.0155891937 0.0176262606 0.012965399 0.0156538043 0.014019381 0.0118523066 0.0105602288 0.0153181456 0.0291912038 0.0196524614 0.0078627407 0.0184283109 0.0215365344 0.0015732563 0.0216042724 0.0164289387 0.0066322135 0.0101528936 0.0135158642 0.0304621325 0.0031415596 0.0163755832 0.0234148998 0.0162978514 0.0212203734 0.0110690682 0.0129522476 0.0234744044 0.0071524329 0.0155921004 0.0104721276 
23 0.019193694 0.0198875731 0.0130952887 0.0109217906 0.0093015275 0.0194797271 0.0094496623 0.0182779937 0.0170950986 0.0264701395 0.0193669845 0.0140612479 0.0162554392 0.0269845669 0.0166238954 0.0089023091 0.0106162255 0.0223818844 0.007238166 0.0163612545 0.0154184165 0.0170587955 0.0042418106 0.0275611976 0.0215361338 0.0089271817 0.0186162283 0.0204077892 0.0144672324 0.0140773894 0.0160376395 0.0132246598 0.0140799624 0.0164901571 0.0099262222 0.017490038 0.0266566667 0.0136680198 0.0061309343 0.020721729 0.0156250619 0.0131526164 0.0231344 0.013143196 0.0172384885 0.0158000427 0.019331196 0.0215027796 0.0134891086 0.0118287819 0.0102102755 0.0114003586 0.0156088554 0.0089843963 0.0059229878 0.0114005918 0.018965337 0.0124783145 0.0107165456 0.0174034275 0.0203928434 0.0198390604 0.017589917 0.0161387452 
24 0.0100318248 0.0128817324 0.0251914687 0.0166044089 0.0223624229 0.0314194091 0.0169657234 0.0161267568 0.0127606138 0.0066869112 0.0242884885 0.0181620249 0.0093720985 0.0114221824 0.0201868322 0.0204803348 0.0223548377 0.0142263787 0.0084799602 0.0075704808 0.0088051205 0.0196944611 0.0275611976 0.0034711621 0.0099380744 0.0279351096 0.0125034776 0.0123286792 0.0157379163 0.0198479067 0.0146195972 0.012563185 0.0112240261 0.0129482291 0.0190536968 0.0118689599 0.0248329695 0.0130539255 0.0204777137 0.0172766284 0.0236563206 0.014905801 0.0210163859 0.0086260979 0.0178993539 0.0168402195 0.0135042606 0.01043668 0.0222587202 0.0221350687 0.0085529309 0.0160772643 0.018457571 0.0138777165 0.0094881235 0.0160844181 0.0134443741 0.0243169555 0.0068388417 0.0133115085 0.012211646 0.0127609388 0.0148798998 0.0051019759 
25 0.0235099162 0.0159241203 0.0265839755 0.0121302959 0.010627415 0.0074639416 0.0109442608 0.0225587201 0.0216676676 0.0056075038 0.0214798562 0.0175990825 0.0136354677 0.0124868379 0.0088322563 0.0096142493 0.0094152304 0.0105020762 0.0160142241 0.0117690363 0.0244877566 0.0089494798 0.0215361338 0.0099380744 0.0180163283 0.0144308529 0.0163938453 0.0178993429 0.0150273359 0.009137713 0.0158004153 0.0053427117 0.0245200062 0.0100381077 0.0205037069 0.0239667407 0.0328545963 0.0125440817 0.0152860242 0.0165456261 0.0289419034 0.0175655165 0.0059958972 0.0339809051 0.0010284959 0.011909277 0.0162670524 0.0270486837 0.0193290746 0.0229294554 0.0088600644 0.0095338017 0.013503406 0.017962861 0.0139617611 0.0220125788 0.0154858816 0.0191143172 0.0083009905 0.0093692769 0.0046931604 0.0189204266 0.0130460106 0.0186541883 
26 0.0132139996 0.0152161108 0.0223615886 0.0106628458 0.0124593411 0.0200910459 0.0220199283 0.0116895326 0.0110837087 0.0120616636 0.0081367566 0.0061517109 0.0188973118 0.0254127928 0.0179362982 0.0143563156 0.0128249644 0.0229348802 0.0161055995 0.0108878859 0.0217323155 0.015771714 0.0089271817 0.0279351096 0.0144308529 0.0289653989 0.0133354354 0.0142481138 0.0082881777 0.0277508762 0.0161400285 0.0195419347 0.0077863209 0.0105231625 0.0123650431 0.0226029789 0.0089856888 0.0198107897 0.0111261008 0.0333010139 0.0139362054 0.0206387043 0.0148479675 0.0188314522 0.0098465073 0.0144041971 0.0051414374 0.0098416725 0.0142992443 0.0142589416 0.0133285547 0.0144323083 0.012821976 0.0198815898 0.0219723108 0.0095703346 0.0338919195 0.0129941006 0.004311492 0.01948407 0.009771517 0.0181756316 0.0053097956 0.0199355513 
27 0.0094636976 0.013855653 0.0137594943 0.0126394248 0.0140623364 0.0198212751 0.0162654025 0.0173725907 0.0290789976 0.0125602009 0.0168758721 0.0280778712 0.0081084621 0.0158364909 0.0111946648 0.0187237685 0.0149728999 0.0284800576 0.0180651033 0.0216502389 0.0130927531 0.0257934821 0.0186162283 0.0125034776 0.0163938453 0.0133354354 0.0091264647 0.0090957732 0.020990116 0.0195630843 0.0175869224 0.0099318678 0.021711207 0.0131094086 0.0049159286 0.0038448159 0.0161111856 0.0092983595 0.0181259259 0.0100902682 0.0210944745 0.0176719367 0.0058357352 0.0111400518 0.0149618742 0.0053968412 0.0138649364 0.0206734253 0.0205854368 0.0177759254 0.0095235779 0.0249289949 0.0185467079 0.0109751007 0.013954754 0.0149280929 0.0129206716 0.01782562 0.0141031373 0.0210702631 0.0144809494 0.0114251895 0.0217470119 0.0204682394 
28 0.0101047686 0.0171339257 0.0184138445 0.014983472 0.0121551314 0.0121164168 0.0113340374 0.0281681806 0.0140339229 0.0107266011 0.0148345751 0.0185781163 0.018379336 0.0133785128 0.0209424132 0.0260479813 0.017281334 0.0191575597 0.0066278781 0.0152239568 0.0143119334 0.0179842427 0.0204077892 0.0123286792 0.0178993429 0.0142481138 0.0090957732 0.0357224435 0.0235412732 0.0127478981 0.010758344 0.0151118241 0.0180673201 0.0152643287 0.017176057 0.00970169 0.0084455449 0.0103154176 0.0086463737 0.0149597751 0.0221014594 0.0106544319 0.0221550767 0.0234343007 0.0361139213 0.003743956 0.0138535482 0.013044333 0.0143938284 0.0128180934 0.0090614091 0.0135324584 0.0093228579 0.0193924596 0.0170747695 0.0206803881 0.0174947712 0.0083307265 0.0120490075 0.0239700326 0.0228907352 0.006570716 0.0138777117 0.0070828789 
29 0.0078266137 0.0117692989 0.0122534079 0.0313567377 0.0148469102 0.0142670748 0.0053169625 0.0104175703 0.0103121049 0.0306248597 0.021595429 0.0144778692 0.0154627224 0.0186485365 0.0201248204 0.0196443142 0.0143637121 0.0216223517 0.021086688 0.0158789315 0.0253629325 0.0192478642 0.0144672324 0.0157379163 0.0150273359 0.0082881777 0.020990116 0.0235412732 0.0105418477 0.0157093345 0.0092983898 0.0108206877 0.0110898429 0.0109232413 0.0204909179 0.0073903353 0.0104604454 0.0182088187 0.0173811037 0.0137860842 0.02536833 0.0131960756 0.0061393116 0.0103894228 0.0100793455 0.0150720394 0.0097101369 0.0210568349 0.014180071 0.0104592695 0.0197990003 0.0094471774 0.0205432835 0.0160063461 0.0175607823 0.0260177064 0.0253671635 0.0115301563 0.0107081372 0.0131965013 0.0060141907 0.0164904616 0.0189813097 0.0220261337 
30 0.0122599615 0.0243001549 0.013595763 0.0205884374 0.0192459581 0.0156662458 0.0120926824 0.0147136075 0.016309375 0.0144183054 0.0136260387 0.0177585888 0.017175496 0.0079250606 0.0066194567 0.0180069422 0.0071938363 0.0153584607 0.030611501 0.0109913407 0.0089307963 0.0261785219 0.0140773894 0.0198479067 0.009137713 0.0277508762 0.0195630843 0.0127478981 0.0157093345 0.0171138421 0.0067789658 0.0161996018 0.0364138689 0.0119373031 0.0149009879 0.0084377244 0.0096125131 0.0178432416 0.0068454146 0.0177517403 0.0148406369 0.0222300723 0.0156314798 0.0135405263 0.0153966655 0.0096814329 0.0229123436 0.0153267913 0.0113067416 0.0088665457 0.0318694853 0.0150943623 0.009637537 0.0142741671 0.0199737969 0.0043139239 0.0171683247 0.0164736194 0.0232754376 0.0174324489 0.0184103804 0.0104013344 0.0126140448 0.0130919645 
31 0.0245713091 0.0061523594 0.0131634027 0.0034080931 0.0120021794 0.0096868597 0.0197701649 0.0011583534 0.0200525637 0.0091320445 0.0142614779 0.0241673441 0.0106765963 0.0206791886 0.0288925372 0.0202110528 0.017543698 0.0095056979 0.0334250727 0.0226859707 0.0240517343 0.0122207118 0.0160376395 0.0146195972 0.0158004153 0.0161400285 0.0175869224 0.010758344 0.0092983898 0.0067789658 0.0263956404 0.0190000237 0.0110327295 0.014505756 0.0225340522 0.0048377017 0.0183030436 0.0266384955 0.0144348028 0.0106324408 0.0105932026 0.0163957678 0.012989507 0.0131931265 0.0090380299 0.0178165759 0.0094232602 0.022813799 0.0179207035 0.0189230462 0.0179771361 0.0055068813 0.0150566256 0.0184531625 0.0177352507 0.0157145812 0.0166377128 0.0096799205 0.0209146646 0.0091328667 0.0169549629 0.0270229427 0.011597382 0.0157554908 
32 0.013788255 0.0146267113 0.0298837841 0.0251515843 0.0245442756 0.0174672932 0.00917862 0.0140107763 0.0072916299 0.0136874545 0.0193757146 0.0143072328 0.0272709834 0.0047263431 0.0118773423 0.0205048989 0.0079997627 0.0186458987 0.0147684547 0.0203773267 0.0090318285 0.021639642 0.0132246598 0.012563185 0.0053427117 0.0195419347 0.0099318678 0.0151118241 0.0108206877 0.0161996018 0.0190000237 0.0168133291 0.0112625295 0.0128743355 0.0192785493 0.0059141369 0.0153321208 0.0177440713 0.0129272366 0.0073518385 0.0129220036 0.0281795792 0.0270648841 0.0169718408 0.0098873058 0.0178625097 0.0145277384 0.0158038047 0.0132442284 0.0209340953 0.0074568534 0.0265244252 0.0112503425 0.016423955 0.0202233332 0.009305327 0.0166796459 0.0082972962 0.0322516867 0.0189931212 0.0108082111 0.0189238458 0.0073037057 0.0167698047 
33 0.0164681191 0.0232105627 0.0291682457 0.0224008426 0.018782085 0.0285906374 0.0168109374 0.0118082798 0.0109432832 0.0205474991 0.0123751674 0.0121739094 0.007828836 0.0096276611 0.0118122636 0.0066089233 0.0134785506 0.0204832949 0.0166766465 0.0231965776 0.0189722421 0.0239298548 0.0140799624 0.0112240261 0.0245200062 0.0077863209 0.021711207 0.0180673201 0.0110898429 0.0364138689 0.0110327295 0.0112625295 0.0069954025 0.0190263844 0.0109928386 0.0184041142 0.0230885358 0.0111768072 0.0110487844 0.0136840271 0.0150862168 0.0274431072 0.0130786226 0.0225310377 0.0145003936 0.013562117 0.0060013753 0.0095673527 0.0086651069 0.0076590108 0.0166600335 0.0210568322 0.0117292656 0.0198713904 0.0066943256 0.0103726862 0.0137664433 0.0245884802 0.0162372054 0.0190270044 0.004459892 0.0080422248 0.016330639 0.0155701096 
34 0.0155825614 0.0204450577 0.0043235301 0.0135611495 0.0185602784 0.0126450671 0.0182359044 0.0199099877 0.0244693441 0.0169047029 0.0206486123 0.0352215759 0.0174208509 0.0325852067 0.0075397365 0.0119707114 0.0234044283 0.0251310773 0.0132232922 0.0165066901 0.014070923 0.0155891937 0.0164901571 0.0129482291 0.0100381077 0.0105231625 0.0131094086 0.0152643287 0.0109232413 0.0119373031 0.014505756 0.0128743355 0.0190263844 0.0120152982 0.0104478797 0.0105498653 0.0247004382 0.0069831107 0.015093065 0.0149049451 0.0065830961 0.0290710681 0.0214955804 0.0157299127 0.0161997178 0.0074835256 0.0091757004 0.0113310074 0.0173280796 0.0090323303 0.0145993715 0.0207504813 0.0162634424 0.0185723074 0.0068975154 0.0190986612 0.0153231008 0.0120038882 0.0271227094 0.0103570894 0.0109533842 0.002972375 0.0319122004 0.0094585572 
35 0.0145609492 0.0102789306 0.0052125037 0.0169514401 0.014849953 0.0186287358 0.0272174718 0.0087947135 0.0171549653 0.0183737412 0.0214317131 0.006847499 0.0120897695 0.0244229088 0.0046550191 0.0158786878 0.0199325792 0.0175259371 0.019984909 0.0151578533 0.02103035 0.0176262606 0.0099262222 0.0190536968 0.0205037069 0.0123650431 0.0049159286 0.017176057 0.0204909179 0.0149009879 0.0225340522 0.0192785493 0.0109928386 0.0104478797 0.0112513428 0.010196177 0.0212256687 0.0256985996 0.0326116881 0.0070823164 0.009370879 0.0084200613 0.0216683739 0.0172265663 0.0201453111 0.0192544079 0.0095226042 0.0124402183 0.0111410845 0.0130146436 0.0215180022 0.0088778791 0.0095790162 0.0088628478 0.0173200548 0.0179046162 0.0174077844 0.0090592431 0.0212856845 0.0102868238 0.0132152307 0.0179669699 0.0160853206 0.0291678134 
36 0.0182338808 0.0355533395 0.0082346231 0.0145636162 0.0159730803 0.0188895487 0.0082375063 0.021010489 0.0220493202 0.0078956214 0.0148974982 0.0158612782 0.0079422902 0.0133479444 0.0223845513 0.0200468104 0.0184933044 0.021630452 0.006371491 0.0172826626 0.0195611585 0.012965399 0.017490038 0.0118689599 0.0239667407 0.0226029789 0.0038448159 0.00970169 0.0073903353 0.0084377244 0.0048377017 0.0059141369 0.0184041142 0.0105498653 0.010196177 0.0227532682 0.0181191793 0.0085392865 0.0200975953 0.0164730383 0.0139336072 0.0189049239 0.016515684 0.0071145267 0.0335350525 0.017034575 0.0108491902 0.0160597548 0.0210511599 0.0151991382 0.0207033204 0.0179054293 0.0101098601 0.0207125065 0.0145477794 0.0136597064 0.0308938177 0.0088410523 0.0213873925 0.0087485 0.0172380327 0.0157098735 0.0098623147 0.0168692905 
37 0.0168125248 0.0158484639 0.0009008614 0.0260654662 0.0220006976 0.0135025799 0.0131563199 0.0250934117 0.0169725697 0.0132065971 0.0051334577 0.0165159044 0.0142648214 0.0113863587 0.0057757426 0.0224788485 0.0089239294 0.027447374 0.0077368736 0.0094446362 0.0069639241 0.0156538043 0.0266566667 0.0248329695 0.0328545963 0.0089856888 0.0161111856 0.0084455449 0.0104604454 0.0096125131 0.0183030436 0.0153321208 0.0230885358 0.0247004382 0.0212256687 0.0181191793 0.0002660719 0.0208355733 0.0160481301 0.0137013178 0.0187810158 0.0146717891 0.0108275016 0.0226352698 0.0203103358 0.0093029412 0.0156444553 0.0157680195 0.015315833 0.0202646868 0.0274623661 0.0124032171 0.0173734922 0.0188335361 0.0079238069 0.0070736365 0.0091547629 0.0135773092 0.0148132831 0.0234087304 0.0088252536 0.0068713752 0.0101770932 0.0337154325 
38 0.0069126498 0.0090070437 0.0277647086 0.0108922042 0.0275500952 0.0126981572 0.0203629023 0.0184196053 0.011644099 0.017563316 0.0078042558 0.0104906162 0.016934175 0.0250272553 0.0135716217 0.0192376503 0.0209005534 0.0097098122 0.0080400503 0.0235950237 0.0178339276 0.014019381 0.0136680198 0.0130539255 0.0125440817 0.0198107897 0.0092983595 0.0103154176 0.0182088187 0.0178432416 0.0266384955 0.0177440713 0.0111768072 0.0069831107 0.0256985996 0.0085392865 0.0208355733 0.0101726227 0.0086167817 0.0235126219 0.0123115173 0.0104447725 0.0156557853 0.0158362632 0.0184912979 0.0124225086 0.0079519469 0.0290620455 0.019010887 0.0339621513 0.0239535513 0.0182898695 0.014745036 0.0129248915 0.0057758558 0.0171130872 0.0072833396 0.0178154922 0.0086673764 0.0189191943 0.0201748072 0.0110591861 0.0126517471 0.0108376619 
39 0.0225398841 0.0108767001 0.0233007259 0.0261463606 0.0260227315 0.0139938464 0.0116646618 0.0114972587 0.0130550787 0.022953455 0.0188162067 0.0257373619 0.0084745414 0.0255171942 0.0114569967 0.0066117963 0.0182787792 0.015940244 0.0091789978 0.0089941636 0.0163080763 0.0118523066 0.0061309343 0.0204777137 0.0152860242 0.0111261008 0.0181259259 0.0086463737 0.0173811037 0.0068454146 0.0144348028 0.0129272366 0.0110487844 0.015093065 0.0326116881 0.0200975953 0.0160481301 0.0086167817 0.0060370889 0.0205717805 0.0226899685 0.0208920161 0.0135899151 0.0106003725 0.0117380642 0.0160727153 0.0106630717 0.0099293208 0.0194234015 0.0078619689 0.0208665541 0.0122640302 0.0207232253 0.0116730908 0.017628726 0.017811064 0.0179771903 0.0251785355 0.0128379597 0.0084630358 0.0105964718 0.0266005787 0.0172572555 0.0159375554 
40 0.0181474484 0.0108060248 0.0329470661 0.0261143579 0.012878779 0.0149391001 0.0271696929 0.014496762 0.009660952 0.0113298645 0.0179071841 0.0103861076 0.0226056483 0.0219786786 0.0201003612 0.0084382599 0.0134761668 0.0134773772 0.0070046901 0.0224977053 0.014121091 0.0105602288 0.020721729 0.0172766284 0.0165456261 0.0333010139 0.0100902682 0.0149597751 0.0137860842 0.0177517403 0.0106324408 0.0073518385 0.0136840271 0.0149049451 0.0070823164 0.0164730383 0.0137013178 0.0235126219 0.0205717805 0.0039384956 0.0238918263 0.0026134049 0.0170728222 0.0057914047 0.0156920056 0.0298467959 0.0267729432 0.0102432684 0.0072536597 0.0141677023 0.0118566235 0.0170282153 0.0165736476 0.0075802565 0.0290618701 0.011500282 0.0133434994 0.0090647677 0.0281571269 0.0042155575 0.0112129617 0.0098910927 0.0171991145 0.0226399172 
41 0.018363587 0.0103239153 0.0130792729 0.009890723 0.0193545201 0.0183144645 0.0160860853 0.0180958229 0.0150978158 0.0107701187 0.0082517111 0.0059762937 0.02237663 0.0250995219 0.021589016 0.0227690018 0.0221811072 0.0157304932 0.0122897242 0.0087943964 0.0137429576 0.0153181456 0.0156250619 0.0236563206 0.0289419034 0.0139362054 0.0210944745 0.0221014594 0.02536833 0.0148406369 0.0105932026 0.0129220036 0.0150862168 0.0065830961 0.009370879 0.0139336072 0.0187810158 0.0123115173 0.0226899685 0.0238918263 0.0335075173 0.0124575153 0.0172464811 0.0071047465 0.0058084937 0.0144487489 0.0137303554 0.01609202 0.0111707878 0.0037516786 0.0181725036 0.0260212974 0.0073758031 0.0202924923 0.008814676 0.0115000432 0.0138522233 0.012301863 0.0188309132 0.0143372768 0.0211913833 0.016987445 0.0126150129 0.0071656728 
42 0.0216034206 0.0121345684 0.0142797344 0.0060073374 0.0054734044 0.0057422973 0.0115909636 0.014786227 0.014366449 0.0214873732 0.0103115433 0.0229713129 0.0148728765 0.0170637598 0.0380883377 0.0186737695 0.0115474477 0.0120113525 0.023996145 0.0081774686 0.0192672625 0.0291912038 0.0131526164 0.014905801 0.0175655165 0.0206387043 0.0176719367 0.0106544319 0.0131960756 0.0222300723 0.0163957678 0.0281795792 0.0274431072 0.0290710681 0.0084200613 0.0189049239 0.0146717891 0.0104447725 0.0208920161 0.0026134049 0.0124575153 0.0084588001 0.0154990612 0.0080436903 0.0163161909 0.0114847456 0.0189837523 0.015601825 0.0103526973 0.0079631499 0.0188830861 0.0250754567 0.0226554913 0.0085138324 0.0160858517 0.0106587341 0.0114361362 0.0346384057 0.0158086144 0.0091709869 0.0123536004 0.0078133446 0.0136631105 0.0073860215 
43 0.0071858024 0.0141703134 0.0208009231 0.0196950888 0.0101236659 0.013540309 0.0177202064 0.017086339 0.0200615771 0.0225573179 0.0126566468 0.0143123914 0.0110908022 0.0297505281 0.0248448897 0.0135981408 0.0299188971 0.0054898231 0.010473545 0.0257636311 0.0059827337 0.0196524614 0.0231344 0.0210163859 0.0059958972 0.0148479675 0.0058357352 0.0221550767 0.0061393116 0.0156314798 0.012989507 0.0270648841 0.0130786226 0.0214955804 0.0216683739 0.016515684 0.0108275016 0.0156557853 0.0135899151 0.0170728222 0.0172464811 0.0154990612 0.0039964762 0.0138527922 0.0194793516 0.0307759475 0.0280778331 0.0111484067 0.007820546 0.0252820394 0.0103522736 0.0141692898 0.0249795915 0.009949401 0.0119889649 0.0123461432 0.0105702332 0.0072417214 0.0106902559 0.0091198356 0.0149472616 0.0149978484 0.0121087301 0.012168551 
44 0.0158185849 0.0195147457 0.012627938 0.0163917115 0.0120349793 0.0159937342 0.0209593893 0.0090046664 0.0114219646 0.0144261027 0.0210696739 0.0154957293 0.0243997832 0.0146040781 0.0014917779 0.0179765641 0.0184559668 0.014561746 0.0088573992 0.0194775062 0.0140243417 0.0078627407 0.013143196 0.0086260979 0.0339809051 0.0188314522 0.0111400518 0.0234343007 0.0103894228 0.0135405263 0.0131931265 0.0169718408 0.0225310377 0.0157299127 0.0172265663 0.0071145267 0.0226352698 0.0158362632 0.0106003725 0.0057914047 0.0071047465 0.0080436903 0.0138527922 0.0136847164 0.0085340046 0.0132989493 0.0232523623 0.0133417164 0.0269205515 0.016004381 0.0135738715 0.0212588241 0.0165768435 0.0190447513 0.020316993 0.0191870707 0.0268635396 0.0147774651 0.0205312518 0.0231179092 0.0061731885 0.0347646183 0.003433494 0.0091548714 
45 0.0202680421 0.0201428134 0.011188825 0.0082170297 0.0112040979 0.0197563734 0.0098951455 0.0143172982 0.0103324799 0.0233190443 0.013359784 0.0155646406 0.0218797071 0.0261262902 0.0080441566 0.0119698409 0.0209346402 0.0101923396 0.0227544059 0.0184613803 0.0115676713 0.0184283109 0.0172384885 0.0178993539 0.0010284959 0.0098465073 0.0149618742 0.0361139213 0.0100793455 0.0153966655 0.0090380299 0.0098873058 0.0145003936 0.0161997178 0.0201453111 0.0335350525 0.0203103358 0.0184912979 0.0117380642 0.0156920056 0.0058084937 0.0163161909 0.0194793516 0.0085340046 0.004981137 0.012067163 0.0061443812 0.0252430241 0.0067326518 0.0168706738 0.0169407032 0.0114030952 0.0185583329 0.0201196167 0.0219726363 0.02388939 0.0223637132 0.0176843659 0.0031310443 0.0165922953 0.0229239744 0.010634727 0.0173814027 0.0142011477 
46 0.0279341409 0.0126639074 0.0155680656 0.0013189438 0.0111605984 0.0168813389 0.0108039584 0.0247482344 0.0172646146 0.0176805097 0.0157291085 0.0141536723 0.0148956542 0.0108316425 0.0224444445 0.0231013658 0.0083114519 0.0094135564 0.0121958109 0.0171812513 0.0158552911 0.0215365344 0.0158000427 0.0168402195 0.011909277 0.0144041971 0.0053968412 0.003743956 0.0150720394 0.0096814329 0.0178165759 0.0178625097 0.013562117 0.0074835256 0.0192544079 0.017034575 0.0093029412 0.0124225086 0.0160727153 0.0298467959 0.0144487489 0.0114847456 0.0307759475 0.0132989493 0.012067163 0.0110798674 0.0182415996 0.0153405143 0.0211491006 0.0193271823 0.0108961153 0.0212580643 0.0217880371 0.0082044738 0.0102224479 0.0198664442 0.0183540643 0.0173705715 0.0228863139 0.0184636605 0.0244820149 0.0202326078 0.0095581792 0.0140224129 
47 0.0133746154 0.0152780801 0.0222049842 0.0228625737 0.0280596593 0.0089201266 0.0280913969 0.01333482 0.0127068499 0.0102332982 0.0226990396 0.0129073303 0.0123886019 0.0119093388 0.0213033044 0.0162980415 0.0198358482 0.0137854584 0.0237014235 0.0164057997 0.0173473015 0.0015732563 0.019331196 0.0135042606 0.0162670524 0.0051414374 0.0138649364 0.0138535482 0.0097101369 0.0229123436 0.0094232602 0.0145277384 0.0060013753 0.0091757004 0.0095226042 0.0108491902 0.0156444553 0.0079519469 0.0106630717 0.0267729432 0.0137303554 0.0189837523 0.0280778331 0.0232523623 0.0061443812 0.0182415996 0.0176544002 0.0157021059 0.0194333656 0.0094974462 0.0195576607 0.0156588883 0.0086388624 0.0213201379 0.0149365171 0.0025413743 0.0265543936 0.0111192166 0.014831474 0.0152062807 0.0233103833 0.0154288374 0.030752476 0.0090875504 
48 0.0271446098 0.0200269387 0.0141750054 0.0080796603 0.0208559936 0.0184380278 0.0193397425 0.0250251637 0.0132186909 0.0181384845 0.0066339561 0.0150055777 0.01818397 0.0059657124 0.0146289381 0.0121706037 0.0224480999 0.0190633014 0.0103222235 0.0073645241 0.0120877514 0.0216042724 0.0215027796 0.01043668 0.0270486837 0.0098416725 0.0206734253 0.013044333 0.0210568349 0.0153267913 0.022813799 0.0158038047 0.0095673527 0.0113310074 0.0124402183 0.0160597548 0.0157680195 0.0290620455 0.0099293208 0.0102432684 0.01609202 0.015601825 0.0111484067 0.0133417164 0.0252430241 0.0153405143 0.0157021059 0.0285553214 0.0156470656 0.0143125398 0.0085941022 0.0140329289 0.0110006555 0.0199081364 0.0107190211 0.0162705554 0.014304751 0.0145455779 0.0062006373 0.0137263756 0.0129027718 0.0248601084 0.0099682223 0.0101105782 
