60
1 0.0 0.0145258283 0.0126246673 0.0064960024 0.0180064627 0.0152266989 0.0078220125 0.0243017628 0.0225339456 0.0045618105 0.0202121595 0.0221487122 0.0108448795 0.0130004161 0.0150451191 0.02513373 0.0175785551 0.0222722169 0.018749958 0.0150420641 0.0099755259 0.0059517247 0.0054814684 0.0221446457 0.0130020333 0.0212713636 0.0229907924 0.0179807133 0.0143228657 0.0241634018 0.0133205016 0.018545377 0.0215323771 0.0212183041 0.0269209258 0.0055062396 0.0203337845 0.0092934071 0.0201470215 0.013537583 0.0140171642 0.0342118826 0.0207864037 0.0121693064 0.0240837341 0.0194846029 0.0180321134 0.0102840556 0.0129383532 0.0062523238 0.0223232453 0.0224454844 0.014745807 0.021786891 0.0203522301 0.0075494417 0.0164579412 0.0170756673 0.029996972 0.0212393223
2 0.0145258283 0.0 0.0192967005 0.0101685443 0.015182565 0.0241872748 0.0250773953 0.0148765513 0.0160686907 0.0161000625 0.0216737861 0.0327097463 0.013730593 0.0204835584 0.0161519135 0.0093181886 0.0231322663 0.0157109553 0.0045303833 0.0204758393 0.0123570402 0.0190774995 0.0311312485 0.0090910912 0.0159701347 0.015749408 0.0130680779 0.0125313243 0.0196227536 0.0121560083 0.015977286 0.0205012584 0.0126831308 0.011972847 0.0044720545 0.0276105695 0.024173552 0.0140320424 0.0266823407 0.0148893016 0.0141165287 0.0149843851 0.015909242 0.0031410887 0.0191240104 0.019041461 0.0200854926 0.0219421647 0.0287594789 0.0208358425 0.0215791257 0.0208835597 0.0189656486 0.0108923061 0.0191949205 0.0020603545 0.0165367686 0.0093501148 0.022038745 0.0134089499
3 0.0126246673 0.0192967005 0.0 0.0118864502 0.0130237365 0.0280461494 0.0244859447 0.0234822844 0.0127875985 0.0185875378 0.0076336491 0.0140950168 0.0182545332 0.0234935673 0.0180698058 0.0142343006 0.0126801968 0.0057664852 0.0151388501 0.0226730934 0.0027554914 0.0186982376 0.0285944232 0.0250093865 0.0143695922 0.0147653835 0.021150716 0.0200775739 0.0159471877 0.0195154617 0.0257253283 0.0136532675 0.0183253431 0.0224312168 0.0220222433 0.0187213374 0.0113697026 0.0154177803 0.0094619516 0.0197570659 0.0279074379 0.0046013999 0.0155980864 0.01602649 0.0088361861 0.0090919161 0.0109607991 0.0136247935 0.0274707949 0.0192107053 0.0256749341 0.0135642312 0.0167217376 0.0151882283 0.0143479023 0.0213269534 0.0088163452 0.0172997023 0.020394528 0.0193075705
4 0.0064960024 0.0101685443 0.0118864502 0.0 0.0206627716 0.0251673876 0.0161212758 0.0200956537 0.0253523168 0.0059688567 0.0087824095 0.0152268657 0.0157335461 0.0134317805 0.0235881831 0.0164662213 0.0284947746 0.0095095577 0.0217083314 0.0333051294 0.017647109 0.0169943484 0.0198664699 0.0243429043 0.0121926295 0.0186381329 0.0155939847 0.0165704001 0.0115408933 0.0142877496 0.0147906886 0.0231127284 0.0170401092 0.0253010279 0.0103799743 0.0117190314 0.0152619772 0.0164743413 0.0279302734 0.0155261212 0.013982829 0.0195905122 0.0064849901 0.0145350106 0.0138153291 0.0020418819 0.0108493759 0.0112160681 0.0258952082 0.0121949723 0.0169045597 0.0248136166 0.01637397 0.0214944177 0.0217250647 0.023905583 0.015721022 0.0251373921 0.0196568669 0.010284377
5 0.0180064627 0.015182565 0.0130237365 0.0206627716 0.0 0.008127734 0.0028976358 0.0290201039 0.0122889692 0.0021373545 0.0212390678 0.0178266407 0.0129918841 0.0178192181 0.0157066324 0.0059475816 0.0117241024 0.0284819817 0.0150416372 0.0172819864 0.0175685141 0.0229284065 0.0086475051 0.0079093821 0.0210856082 0.0162929498 0.0211360632 0.0057376089 0.0166829452 0.0148427303 0.0174716677 0.027138269 0.0176528582 0.0248111245 0.0240385925 0.0147292584 0.0189801864 0.0265354858 0.0149954733 0.0200999982 0.0198572897 0.0145410488 0.0084902676 0.0237614367 0.0189960556 0.0308968769 0.027671737 0.0100024731 0.0103369823 0.0307069251 0.0044990542 0.0193103623 0.0216602353 0.0158619812 0.0118540553 0.0194568752 0.0131771118 0.0207809243 0.0088292916 0.0246163229
6 0.0152266989 0.0241872748 0.0280461494 0.0251673876 0.008127734 0.0 0.0178908191 0.0217564468 0.0267346283 0.0154140263 0.008902912 0.0165287913 0.0135729528 0.0117847605 0.0222624053 0.0212005689 0.0133272379 0.0202453333 0.019445145 0.0076799331 0.0268560232 0.0027572706 0.0140385502 0.0220933039 0.0208679496 0.0139051393 0.0246591728 0.0082059035 0.0276354 0.0084433141 0.0178226924 0.017825924 0.0134064645 0.0265292877 0.0182497034 0.0235826661 0.0182234131 0.0213206658 0.0132093142 0.0201582561 0.0191627112 0.0160858654 0.0215226368 0.0232618245 0.0190118367 0.0108118366 0.01829491 0.0213280661 0.0170002383 0.0038827938 0.0173769395 0.0102451303 0.0193686527 0.0078479023 0.0200883472 0.0087376429 0.0089316057 0.006165658 0.0123317926 0.0212519894
7 0.0078220125 0.0250773953 0.0244859447 0.0161212758 0.0028976358 0.0178908191 0.0 0.0155214669 0.0103474604 0.0116537987 0.010790033 0.0251781735 0.0266427521 0.0156215463 0.0258182609 0.0115227741 0.0137445537 0.0202736062 0.0260266345 0.0269972229 0.0226852747 0.0165431819 0.0070652499 0.0122250049 0.0193049838 0.0073692179 0.0163462107 0.0227482059 0.0152002708 0.0266821822 0.0184470945 0.0274524825 0.008916025 0.0236956039 0.0142905256 0.024752734 0.0166468205 0.0094722142 0.0190278537 0.0190825958 0.0264688249 0.0177377055 0.0111407088 0.0181685896 0.0272876826 0.0116279182 0.0311956606 0.0148124632 0.0113438573 0.0186837082 0.0072389667 0.0100587935 0.004468462 0.0227410224 0.0160152227 0.0089637988 0.0169240874 0.0141334661 0.0058670588 0.0227349041
8 0.0243017628 0.0148765513 0.0234822844 0.0200956537 0.0290201039 0.0217564468 0.0155214669 0.0 0.0209051597 0.0028655869 0.0183461974 0.0073204363 0.0210185823 0.0113632772 0.0270011336 0.0099315167 0.0071102818 0.0258047244 0.0163310521 0.0060948182 0.0231350174 0.0260068004 0.0145420811 0.0294550432 0.0081599903 0.0296913001 0.0202255831 0.0065871567 0.0044021576 0.0221710683 0.0093935695 0.0185202006 0.0212334697 0.0161129057 0.0034606819 0.0176566886 0.0158724494 0.0267831397 0.0177016455 0.0148502696 0.0153938485 0.0100324593 0.0139116959 0.0047920656 0.0067738856 0.0157572948 0.0232040575 0.0191880258 0.0229651824 0.0087743472 0.0230184935 0.0199591129 0.0162917592 0.0166042345 0.019768581 0.026109939 0.0170509562 0.0148529603 0.012946125 0.0234967208
9 0.0225339456 0.0160686907 0.0127875985 0.0253523168 0.0122889692 0.0267346283 0.0103474604 0.0209051597 0.0 0.0037016096 0.0230088816 0.0230479194 0.0177491377 0.0237910021 0.0121030909 0.0062669077 0.0237769327 0.0229630292 0.014618664 0.026186875 0.0092752631 0.0087207398 0.0073032336 0.0181554634 0.0081411956 0.0192907582 0.0149237851 0.0179772891 0.0149358589 0.0106373889 0.0144718249 0.0163681765 0.0212613919 0.0042838689 0.0126195125 0.0235947962 0.0115935079 0.0283157001 0.0138822002 0.0218707393 0.0185784577 0.0269130669 0.0176664367 0.0164260681 0.0041816658 0.0207390288 0.0145693861 0.0088841091 0.0206801273 0.0151255219 0.0285760609 0.0214848667 0.0255282496 0.0179264738 0.009731674 0.0096934273 0.0199848951 0.0242922552 0.017395886 0.0197668298
10 0.0045618105 0.0161000625 0.0185875378 0.0059688567 0.0021373545 0.0154140263 0.0116537987 0.0028655869 0.0037016096 0.0 0.0233978579 0.0271689332 0.0103140244 0.0256898519 0.0094031572 0.004611547 0.0185903766 0.0192232803 0.0028709784 0.0254336019 0.0225657357 0.0049643926 0.0143741464 0.0306308719 0.0216209632 0.0156948408 0.0265775068 0.0288237893 0.0210447622 0.0150146214 0.0148594052 0.0238787812 0.0223183923 0.0197625909 0.0153290353 0.0350393227 0.0207161475 0.0275640317 0.0338748077 0.0208050588 0.0073909134 0.0226090619 0.005376503 0.0211262403 0.0353818182 0.0199874882 0.0236602387 0.0121145199 0.0153604195 0.0231442459 0.0220348295 0.0188165183 0.0333485334 0.0014812984 0.011682635 0.0122033302 0.0055418077 0.0062290855 0.0141521412 0.005204916
11 0.0202121595 0.0216737861 0.0076336491 0.0087824095 0.0212390678 0.008902912 0.010790033 0.0183461974 0.0230088816 0.0233978579 0.0 0.0195729136 0.0282414954 0.0236376841 0.0126979908 0.0128145137 0.0272769004 0.0212441329 0.0142632464 0.0227898364 0.0213183295 0.0106302377 0.0200141073 0.0126033917 0.0259983536 0.0244973959 0.0099111536 0.0071022175 0.0165988841 0.0109570102 0.0161235597 0.01555249 0.0165013003 0.0145753405 0.0127339907 0.0201856829 0.0117364969 0.0288846042 0.0077815695 0.0158222218 0.0174963397 0.0051255082 0.0223305732 0.010587159 0.0094376235 0.0296635258 0.018543525 0.0121617679 0.0129078251 0.0157580188 0.0229234572 0.0110917684 0.0207119303 0.0273735756 0.0162639427 0.0034268647 0.0223356779 0.021249334 0.0158151039 0.0187424741
12 0.0221487122 0.0327097463 0.0140950168 0.0152268657 0.0178266407 0.0165287913 0.0251781735 0.0073204363 0.0230479194 0.0271689332 0.0195729136 0.0 0.0112527501 0.0085384728 0.0254955726 0.026550827 0.0063705256 0.0097107299 0.0008740317 0.0260616655 0.0177143283 0.0152362361 0.0215423721 0.0127273617 0.0134083155 0.0251216847 0.0312497272 0.0259729975 0.0195345316 0.0161249091 0.0215814147 0.0181530424 0.0115478319 0.013372513 0.0238662885 0.0123473311 0.0152951805 0.0047151709 0.0135665298 0.0199710746 0.0127594028 0.0154989997 0.0165140336 0.019629965 0.0087850537 0.0107037969 0.0241776052 0.0120698894 0.0245046695 0.0122806316 0.0208844047 0.0152942418 0.0198715741 0.0050389769 0.0230563976 0.0310939394 0.0118715982 0.0110465149 0.0074615837 0.0087291557
13 0.0108448795 0.013730593 0.0182545332 0.0157335461 0.0129918841 0.0135729528 0.0266427521 0.0210185823 0.0177491377 0.0103140244 0.0282414954 0.0112527501 0.0 0.024265885 0.0237535318 0.0145647532 0.0270088113 0.0172144779 0.0272481948 0.0095786755 0.0086577686 0.0208122185 0.0253197809 0.003280239 0.0220070541 0.020401391 0.012541848 0.0140946424 0.0198614064 0.0140572763 0.0228671657 0.0120787885 0.0077358783 0.0165023647 0.0266194742 0.0229857223 0.0231017614 0.0187020754 0.0215572071 0.0141266074 0.0016794992 0.0117895868 0.0134115373 0.0299720333 0.0057992568 0.0146243743 0.0144279742 0.0104729974 0.0227382068 0.0162892133 0.0092300084 0.0155634531 0.0227467847 0.0189319881 0.0158906928 0.0222934385 0.0217539273 0.0050811828 0.0167223835 0.0192893304
14 0.0130004161 0.0204835584 0.0234935673 0.0134317805 0.0178192181 0.0117847605 0.0156215463 0.0113632772 0.0237910021 0.0256898519 0.0236376841 0.0085384728 0.024265885 0.0 0.0253109315 0.0146874882 0.0080519481 0.0233745635 0.0189273095 0.0185540343 0.011612282 0.0130732303 0.0152301191 0.0130528754 0.0117916329 0.025774026 0.0089836252 0.0148543895 0.0162175257 0.020802073 0.0246909055 0.0230328934 0.0105607614 0.0284124568 0.0070835143 0.0100785129 0.0247730954 0.0153659817 0.0177611639 0.0129630417 0.0238703084 0.0123521402 0.0170343949 0.0192497448 0.0093215553 0.0243143858 0.0087288105 0.0233506945 0.0248020333 0.010414799 0.0095806921 0.0152848609 0.0167542702 0.0226322988 0.0082896859 0.0184556024 0.0129493146 0.0117335376 0.0173486329 0.0255908364
15 0.0150451191 0.0161519135 0.0180698058 0.0235881831 0.0157066324 0.0222624053 0.0258182609 0.0270011336 0.0121030909 0.0094031572 0.0126979908 0.0254955726 0.0237535318 0.0253109315 0.0 0.0167686608 0.0139238121 0.0178518895 0.0068795847 0.0123544113 0.0275421125 0.0168931843 0.0111519804 0.0234810104 0.016390519 0.0140577212 0.0087680136 0.0216930501 0.0112612667 0.0236413597 0.01395831 0.0265858725 0.0090173939 0.0219754344 0.0255982128 0.0128490755 0.0133147639 0.012950858 0.0170042171 0.0047470255 0.0275322131 0.0101377244 0.0062118541 0.0224918467 0.0178412016 0.0126119933 0.0262159409 0.0210524861 0.0238491111 0.010797922 0.0198422438 0.0050660603 0.0088461062 0.0228015855 0.0142185422 0.0278431027 0.0038888454 0.01428827 0.0154812897 0.0159141928
16 0.02513373 0.0093181886 0.0142343006 0.0164662213 0.0059475816 0.0212005689 0.0115227741 0.0099315167 0.0062669077 0.004611547 0.0128145137 0.026550827 0.0145647532 0.0146874882 0.0167686608 0.0 0.007758118 0.0202077683 0.0080766433 0.0185816147 0.0146673603 0.0278653652 0.0181429067 0.0164253299 0.0174001834 0.0154209737 0.0187504156 0.0267915034 0.0225940028 0.0157558281 0.0205252987 0.01584863 0.0219023921 0.0174338158 0.0264454107 0.0251437957 0.0216993807 0.0149218724 0.0129896162 0.026028878 0.0189710209 0.0144084146 0.0210026912 0.0195120767 0.0223623857 0.0177131245 0.0158463044 0.0206880772 0.019941204 0.0062841465 0.0046535884 0.0225600756 0.017940301 0.0040194121 0.0179521906 0.012658928 0.0216931393 0.0150568349 0.0214055427 0.0239338591
17 0.0175785551 0.0231322663 0.0126801968 0.0284947746 0.0117241024 0.0133272379 0.0137445537 0.0071102818 0.0237769327 0.0185903766 0.0272769004 0.0063705256 0.0270088113 0.0080519481 0.0139238121 0.007758118 0.0 0.0249210001 0.0033399961 0.0253754165 0.0169132368 0.0075658876 0.0277984642 0.0086523796 0.027393289 0.003635984 0.0242046113 0.0084666762 0.0152823851 0.0218847068 0.0219316322 0.018180274 0.0114075395 0.0207042727 0.0194947867 0.0169636271 0.0207318753 0.0112156467 0.0022680692 0.0188307373 0.0103599988 0.0065288726 0.0246450751 0.0232671904 0.023573439 0.0268393527 0.0184344579 0.0093251914 0.0113494809 0.0281341409 0.0126792955 0.0293074623 0.0255816237 0.0163596683 0.0220293457 0.0124567132 0.0117322054 0.0094507377 0.0268641841 0.0133696768
18 0.0222722169 0.0157109553 0.0057664852 0.0095095577 0.0284819817 0.0202453333 0.0202736062 0.0258047244 0.0229630292 0.0192232803 0.0212441329 0.0097107299 0.0172144779 0.0233745635 0.0178518895 0.0202077683 0.0249210001 0.0 0.0137948547 0.01471235 0.0135553471 0.0100317654 0.0145870906 0.0218286448 0.0182434113 0.0072328263 0.0155746632 0.0164892079 0.0254048422 0.0118059572 0.020443876 0.0089567019 0.0068005583 0.0131806741 0.013579174 0.0183304732 0.0145596524 0.0085779213 0.0206491693 0.0187412575 0.0198682803 0.0085866165 0.0232765737 0.0243654561 0.0148452066 0.0125439104 0.0225023412 0.007743168 0.0174751919 0.0202849126 0.0109570653 0.0131203763 0.0058260936 0.0205506099 0.0297908309 0.0258579207 0.0139991762 0.016745756 0.0191405061 0.0206638563
19 0.018749958 0.0045303833 0.0151388501 0.0217083314 0.0150416372 0.019445145 0.0260266345 0.0163310521 0.014618664 0.0028709784 0.0142632464 0.0008740317 0.0272481948 0.0189273095 0.0068795847 0.0080766433 0.0033399961 0.0137948547 0.0 0.0249784116 0.0233971342 0.0243651945 0.0123117245 0.0053918039 0.0211358355 0.0156885434 0.002635377 0.0122900936 0.0144851516 0.0220956377 0.0155733428 0.0173702224 0.0044301025 0.0129595962 0.0224686995 0.0210228069 0.0190107789 0.0162671199 0.0120180745 0.0235385246 0.0165059492 0.0269339502 0.0189204538 0.0307331293 0.022207624 0.021571627 0.0211159275 0.0258311744 0.0151204114 0.0310461639 0.0178693893 0.0233160664 0.0295959003 0.0029978038 0.0106675892 0.0122445562 0.0262379986 0.0052876547 0.0289122484 0.0215847114
20 0.0150420641 0.0204758393 0.0226730934 0.0333051294 0.0172819864 0.0076799331 0.0269972229 0.0060948182 0.026186875 0.0254336019 0.0227898364 0.0260616655 0.0095786755 0.0185540343 0.0123544113 0.0185816147 0.0253754165 0.01471235 0.0249784116 0.0 0.0151105606 0.0242441659 0.0103936834 0.0237978724 0.0297212519 0.023625195 0.0081245005 0.0192518985 0.0122271674 0.022265192 0.0108046554 0.0174675059 0.0087937726 0.0150534503 0.0160765804 0.019046178 0.0179486728 0.0078460044 0.013620451 0.0025847626 0.0320820691 0.0037398503 0.0162193238 0.0092450568 0.0055445441 0.0151554454 0.0250038231 0.0161133351 0.0109979333 0.0141249406 0.0202223098 0.0196996903 0.0135098159 0.0065259756 0.0126309145 0.0139518412 0.0093640143 0.0172289094 0.0289515062 0.0175282007
21 0.0099755259 0.0123570402 0.0027554914 0.017647109 0.0175685141 0.0268560232 0.0226852747 0.0231350174 0.0092752631 0.0225657357 0.0213183295 0.0177143283 0.0086577686 0.011612282 0.0275421125 0.0146673603 0.0169132368 0.0135553471 0.0233971342 0.0151105606 0.0 0.0223775919 0.0200853889 0.0131478521 0.0040047373 0.0245558669 0.01689496 0.0243603894 0.0208355489 0.0122035838 0.022296047 0.0171069599 0.0064285175 0.0181049759 0.0161572219 0.0180660983 0.0239517996 0.0125005774 0.0285591015 0.0174488067 0.0225784755 0.0251805611 0.0262614578 0.0018710124 0.020656924 0.0225519363 0.0177800936 0.0311004166 0.015672726 0.0028737812 0.0161652922 0.0139332661 0.0033009317 0.0216268564 0.0186698994 0.0112175366 0.0271119836 0.0139835952 0.0048768732 0.0081909013
22 0.0059517247 0.0190774995 0.0186982376 0.0169943484 0.0229284065 0.0027572706 0.0165431819 0.0260068004 0.0087207398 0.0049643926 0.0106302377 0.0152362361 0.0208122185 0.0130732303 0.0168931843 0.0278653652 0.0075658876 0.0100317654 0.0243651945 0.0242441659 0.0223775919 0.0 0.0236276757 0.0250026723 0.0113082737 0.0204529128 0.0169943765 0.0311516516 0.0306268658 0.0079828891 0.0218887362 0.0201519029 0.0247981156 0.0149615932 0.0217112215 0.0075409285 0.0239046421 0.0347005956 0.0297674358 0.0145658244 0.0096625029 0.003595503 0.0100101518 0.0088928646 0.0190024997 0.0121449177 0.0178734943 0.0136644881 0.0169775773 0.0190484253 0.0120427568 0.0075156898 0.0273235211 0.0304193088 0.0098445673 0.021185611 0.0009418171 0.0225834161 0.0090238517 0.0113710424
23 0.0054814684 0.0311312485 0.0285944232 0.0198664699 0.0086475051 0.0140385502 0.0070652499 0.0145420811 0.0073032336 0.0143741464 0.0200141073 0.0215423721 0.0253197809 0.0152301191 0.0111519804 0.0181429067 0.0277984642 0.0145870906 0.0123117245 0.0103936834 0.0200853889 0.0236276757 0.0 0.0271088541 0.017315102 0.0137217446 0.0119260107 0.0260321342 0.0100943821 0.0027196841 0.0162359781 0.0051673416 0.0228187517 0.0216292016 0.0051455782 0.0175196557 0.018960175 0.0143789765 0.0143248163 0.0057073692 0.0122912758 0.0174073665 0.0164413313 0.0192576232 0.0353635735 0.0097020586 0.0251750257 0.0110972083 0.0192683935 0.0124606858 0.0196230634 0.0319853485 0.0258408988 0.0187816925 0.0129740002 0.0144756189 0.0299705804 0.0191450607 0.0171224402 0.0095613284
24 0.0221446457 0.0090910912 0.0250093865 0.0243429043 0.0079093821 0.0220933039 0.0122250049 0.0294550432 0.0181554634 0.0306308719 0.0126033917 0.0127273617 0.003280239 0.0130528754 0.0234810104 0.0164253299 0.0086523796 0.0218286448 0.0053918039 0.0237978724 0.0131478521 0.0250026723 0.0271088541 0.0 0.0167587523 0.012117858 0.001278527 0.0274173268 0.0099905458 0.010824952 0.015901928 0.0141992594 0.0192114799 0.0165770474 0.028463505 0.0188368544 0.0207781385 0.0143216676 0.0092359219 0.0278188136 0.0113611889 0.0148801367 0.014235628 0.0279762919 0.0101666244 0.0222166162 0.0170272301 0.0269373715 0.0149178094 0.0159117112 0.0187428957 0.0146843611 0.0126389068 0.0123402752 0.0206293214 0.0204391392 0.0080117957 0.0175581067 0.012146916 0.0158877118
25 0.0130020333 0.0159701347 0.0143695922 0.0121926295 0.0210856082 0.0208679496 0.0193049838 0.0081599903 0.0081411956 0.0216209632 0.0259983536 0.0134083155 0.0220070541 0.0117916329 0.016390519 0.0174001834 0.027393289 0.0182434113 0.0211358355 0.0297212519 0.0040047373 0.0113082737 0.017315102 0.0167587523 0.0 0.0214084723 0.0083102267 0.0054310507 0.0092627093 0.0216585551 0.0134154873 0.0091075507 0.009006297 0.0088669912 0.0165436034 0.0139842982 0.0149048782 0.032315822 0.0090594799 0.0071383542 0.0169633504 0.0273447019 0.0219502098 0.0189797518 0.0160020106 0.0244415821 0.0219534258 0.0268086691 0.0171867337 0.0127573276 0.0198756945 0.0153491399 0.0049646682 0.0271190921 0.0176891461 0.0272778965 0.0137895808 0.0192255494 0.0229114055 0.0194044965
26 0.0212713636 0.015749408 0.0147653835 0.0186381329 0.0162929498 0.0139051393 0.0073692179 0.0296913001 0.0192907582 0.0156948408 0.0244973959 0.0251216847 0.020401391 0.025774026 0.0140577212 0.0154209737 0.003635984 0.0072328263 0.0156885434 0.023625195 0.0245558669 0.0204529128 0.0137217446 0.012117858 0.0214084723 0.0 0.0217569456 0.0254144473 0.0118847703 0.0133144599 0.0235319536 0.016256978 0.0123887673 0.0145792307 0.0193875585 0.011708067 0.0227797949 0.017668763 0.0069743405 0.0264504287 0.0186055053 0.0275110576 0.0197309382 0.0262748137 0.0048030217 0.0136952852 0.0158009762 0.0170019167 0.0108487278 0.0173451471 0.0296858332 0.0044508401 0.0219883463 0.0024644174 0.0151775297 0.0105992241 0.024676815 0.0198650192 0.0073352903 0.0076616998
27 0.0229907924 0.0130680779 0.021150716 0.0155939847 0.0211360632 0.0246591728 0.0163462107 0.0202255831 0.0149237851 0.0265775068 0.0099111536 0.0312497272 0.012541848 0.0089836252 0.0087680136 0.0187504156 0.0242046113 0.0155746632 0.002635377 0.0081245005 0.01689496 0.0169943765 0.0119260107 0.001278527 0.0083102267 0.0217569456 0.0 0.0123967042 0.0138972944 0.0167462318 0.0263406207 0.0103140893 0.0193250966 0.0073413918 0.019933541 0.0180305165 0.0168765541 0.0080457487 0.0077906355 0.0157051564 0.0187449653 0.0315022545 0.0123884606 0.0146339265 0.0162648972 0.0234341495 0.0275914666 0.0230393982 0.0229584157 0.0289750683 0.0150851837 0.0290497332 0.0173268898 0.0112913208 0.0234371779 0.0151100922 0.0170633697 0.0142333943 0.0124914078 0.0180579729
28 0.0179807133 0.0125313243 0.0200775739 0.0165704001 0.0057376089 0.0082059035 0.0227482059 0.0065871567 0.0179772891 0.0288237893 0.0071022175 0.0259729975 0.0140946424 0.0148543895 0.0216930501 0.0267915034 0.0084666762 0.0164892079 0.0122900936 0.0192518985 0.0243603894 0.0311516516 0.0260321342 0.0274173268 0.0054310507 0.0254144473 0.0123967042 0.0 0.0073602725 0.0204369542 0.0177696828 0.0158431282 0.0090772986 0.0071147905 0.0247951151 0.0264741407 0.010841586 0.0296829194 0.0319448834 0.0298527951 0.0223675608 0.0203508436 0.0186898758 0.0161559594 0.0182219407 0.0125947835 0.0067976979 0.0133254509 0.0029660593 0.0051504136 0.0092535575 0.007106726 0.0147891841 0.0156169759 0.0222190494 0.0096654485 0.0183058848 0.0041967088 0.0268087161 0.0277732512
29 0.0143228657 0.0196227536 0.0159471877 0.0115408933 0.0166829452 0.0276354 0.0152002708 0.0044021576 0.0149358589 0.0210447622 0.0165988841 0.0195345316 0.0198614064 0.0162175257 0.0112612667 0.0225940028 0.0152823851 0.0254048422 0.0144851516 0.0122271674 0.0208355489 0.0306268658 0.0100943821 0.0099905458 0.0092627093 0.0118847703 0.0138972944 0.0073602725 0.0 0.014898086 0.0227729874 0.0214006584 0.0197351481 0.0186549738 0.0032196567 0.0288878205 0.0197690333 0.0228346451 0.0205532639 0.0089823148 0.0202149275 0.0109919917 0.0234648766 0.0199739542 0.010491481 0.0211519348 0.0091209798 0.0114636638 0.0127373408 0.0215845502 0.0257789027 0.0164014221 0.0091444661 0.0194233554 0.0205274041 0.0092856244 0.0271358768 0.0245081147 0.0169806278 0.0191552698
30 0.0241634018 0.0121560083 0.0195154617 0.0142877496 0.0148427303 0.0084433141 0.0266821822 0.0221710683 0.0106373889 0.0150146214 0.0109570102 0.0161249091 0.0140572763 0.020802073 0.0236413597 0.0157558281 0.0218847068 0.0118059572 0.0220956377 0.022265192 0.0122035838 0.0079828891 0.0027196841 0.010824952 0.0216585551 0.0133144599 0.0167462318 0.0204369542 0.014898086 0.0 0.0168350992 0.0060011334 0.0268995843 0.0190073673 0.0171087401 0.0205315742 0.0261117769 0.015035479 0.0245134403 0.0257247794 0.0256796146 0.0117355812 0.0103822463 0.0148066329 0.0246742121 0.0180310423 0.0155032162 0.0256564609 0.0134488314 0.0220776898 0.0200322273 0.0095938367 0.0180026978 0.0070656294 0.0161096092 0.0158367123 0.0262507952 0.0121825178 0.0140756158 0.012996584
31 0.0133205016 0.015977286 0.0257253283 0.0147906886 0.0174716677 0.0178226924 0.0184470945 0.0093935695 0.0144718249 0.0148594052 0.0161235597 0.0215814147 0.0228671657 0.0246909055 0.01395831 0.0205252987 0.0219316322 0.020443876 0.0155733428 0.0108046554 0.022296047 0.0218887362 0.0162359781 0.015901928 0.0134154873 0.0235319536 0.0263406207 0.0177696828 0.0227729874 0.0168350992 0.0 0.0159538419 0.004798292 0.0062198955 0.0236029113 0.0114723649 0.0146863379 0.0095334482 0.0097849728 0.0163285493 0.0258542522 0.0113939391 0.0104732268 0.0051553898 0.0179576084 0.0231023943 0.0068892405 0.025094425 0.0235160868 0.0044451214 0.0245312654 0.0234349547 0.0112817195 0.0111980777 0.0235591689 0.0252758259 0.0093053277 0.0241321285 0.0196835463 0.013566948
32 0.018545377 0.0205012584 0.0136532675 0.0231127284 0.027138269 0.017825924 0.0274524825 0.0185202006 0.0163681765 0.0238787812 0.01555249 0.0181530424 0.0120787885 0.0230328934 0.0265858725 0.01584863 0.018180274 0.0089567019 0.0173702224 0.0174675059 0.0171069599 0.0201519029 0.0051673416 0.0141992594 0.0091075507 0.016256978 0.0103140893 0.0158431282 0.0214006584 0.0060011334 0.0159538419 0.0 0.0277756644 0.0193091413 0.0195635507 0.0098089346 0.008675889 0.0155985818 0.0278172662 0.0174623805 0.013822275 0.0266840472 0.0174393226 0.0211402526 0.0231986492 0.011562899 0.0075544164 0.0158475407 0.0193444914 0.0170111762 0.0029545485 0.0231699934 0.0172437446 0.0120639371 0.0191269147 0.0231904464 0.0154458657 0.014738528 0.0083341391 0.0123896741
33 0.0215323771 0.0126831308 0.0183253431 0.0170401092 0.0176528582 0.0134064645 0.008916025 0.0212334697 0.0212613919 0.0223183923 0.0165013003 0.0115478319 0.0077358783 0.0105607614 0.0090173939 0.0219023921 0.0114075395 0.0068005583 0.0044301025 0.0087937726 0.0064285175 0.0247981156 0.0228187517 0.0192114799 0.009006297 0.0123887673 0.0193250966 0.0090772986 0.0197351481 0.0268995843 0.004798292 0.0277756644 0.0 0.0076128141 0.021648703 0.0268062095 0.0082446715 0.0160894133 0.0208330143 0.0133691734 0.0190959071 0.0256757966 0.0227141536 0.0245975864 0.0218302542 0.0065441436 0.0245567586 0.0152189177 0.013769595 0.0207783388 0.0158141371 0.0250519005 0.0107999479 0.0249387875 0.026864705 0.0237476397 0.0207309107 0.0233407007 0.0199717298 0.0140239851
34 0.0212183041 0.011972847 0.0224312168 0.0253010279 0.0248111245 0.0265292877 0.0236956039 0.0161129057 0.0042838689 0.0197625909 0.0145753405 0.013372513 0.0165023647 0.0284124568 0.0219754344 0.0174338158 0.0207042727 0.0131806741 0.0129595962 0.0150534503 0.0181049759 0.0149615932 0.0216292016 0.0165770474 0.0088669912 0.0145792307 0.0073413918 0.0071147905 0.0186549738 0.0190073673 0.0062198955 0.0193091413 0.0076128141 0.0 0.0147154659 0.0131558369 0.0074940923 0.0088153126 0.0188891065 0.0098159695 0.0225538631 0.0209654256 0.0256848348 0.0141959762 0.0199819733 0.0157253309 0.0168191305 0.0097992531 0.0017067412 0.0208788094 0.0128396474 0.0222522812 0.0258187252 0.015321954 0.0230598796 0.0196440552 0.014145429 0.0195585647 0.0276257485 0.0282684833
35 0.0269209258 0.0044720545 0.0220222433 0.0103799743 0.0240385925 0.0182497034 0.0142905256 0.0034606819 0.0126195125 0.0153290353 0.0127339907 0.0238662885 0.0266194742 0.0070835143 0.0255982128 0.0264454107 0.0194947867 0.013579174 0.0224686995 0.0160765804 0.0161572219 0.0217112215 0.0051455782 0.028463505 0.0165436034 0.0193875585 0.019933541 0.0247951151 0.0032196567 0.0171087401 0.0236029113 0.0195635507 0.021648703 0.0147154659 0.0 0.0060165282 0.0242297438 0.0259564385 0.0142167993 0.0151048358 0.0178195399 0.020719557 0.0133076698 0.0074611801 0.0170239309 0.0273463706 0.0069352165 0.014482969 0.0177028028 0.0244667583 0.0266568266 0.011053704 0.013100223 0.0032150116 0.0164583091 0.017469224 0.0069774366 0.0271022187 0.0089523257 0.0184786266
36 0.0055062396 0.0276105695 0.0187213374 0.0117190314 0.0147292584 0.0235826661 0.024752734 0.0176566886 0.0235947962 0.0350393227 0.0201856829 0.0123473311 0.0229857223 0.0100785129 0.0128490755 0.0251437957 0.0169636271 0.0183304732 0.0210228069 0.019046178 0.0180660983 0.0075409285 0.0175196557 0.0188368544 0.0139842982 0.011708067 0.0180305165 0.0264741407 0.0288878205 0.0205315742 0.0114723649 0.0098089346 0.0268062095 0.0131558369 0.0060165282 0.0 0.015833444 0.0099760916 0.0140743561 0.0247691242 0.0175071388 0.0333641575 0.0187237845 0.0218697711 0.0122930233 0.0190845568 0.0080614542 0.0094933706 0.0137155259 0.0128953619 0.0235940958 0.0017308174 0.0142120162 0.0199723479 0.0152480032 0.0123139118 0.0092699863 0.0187512385 0.0103596666 0.0121810781
37 0.0203337845 0.024173552 0.0113697026 0.0152619772 0.0189801864 0.0182234131 0.0166468205 0.0158724494 0.0115935079 0.0207161475 0.0117364969 0.0152951805 0.0231017614 0.0247730954 0.0133147639 0.0216993807 0.0207318753 0.0145596524 0.0190107789 0.0179486728 0.0239517996 0.0239046421 0.018960175 0.0207781385 0.0149048782 0.0227797949 0.0168765541 0.010841586 0.0197690333 0.0261117769 0.0146863379 0.008675889 0.0082446715 0.0074940923 0.0242297438 0.015833444 0.0 0.0139179629 0.0065145986 0.007283666 0.020895336 0.0154439982 0.0151654519 0.0222038949 0.0233972634 0.0120779357 0.0185042099 0.0195992536 0.0086322562 0.0208512187 0.0175204492 0.0150851898 0.0191606859 0.0156259499 0.0180765428 0.0190596279 0.0056224374 0.0152390572 0.0247099647 0.0120272933
38 0.0092934071 0.0140320424 0.0154177803 0.0164743413 0.0265354858 0.0213206658 0.0094722142 0.0267831397 0.0283157001 0.0275640317 0.0288846042 0.0047151709 0.0187020754 0.0153659817 0.012950858 0.0149218724 0.0112156467 0.0085779213 0.0162671199 0.0078460044 0.0125005774 0.0347005956 0.0143789765 0.0143216676 0.032315822 0.017668763 0.0080457487 0.0296829194 0.0228346451 0.015035479 0.0095334482 0.0155985818 0.0160894133 0.0088153126 0.0259564385 0.0099760916 0.0139179629 0.0 0.0065254925 0.0091516094 0.0231290546 0.0027289165 0.0176437237 0.023346552 0.0174085288 0.003360715 0.0269163566 0.0189297519 0.0160641087 0.0098007996 0.0270899217 0.0228460529 0.0177249975 0.0138442948 0.0188648036 0.0130412829 0.0182448865 0.0240118335 0.0200540314 0.0132437789
39 0.0201470215 0.0266823407 0.0094619516 0.0279302734 0.0149954733 0.0132093142 0.0190278537 0.0177016455 0.0138822002 0.0338748077 0.0077815695 0.0135665298 0.0215572071 0.0177611639 0.0170042171 0.0129896162 0.0022680692 0.0206491693 0.0120180745 0.013620451 0.0285591015 0.0297674358 0.0143248163 0.0092359219 0.0090594799 0.0069743405 0.0077906355 0.0319448834 0.0205532639 0.0245134403 0.0097849728 0.0278172662 0.0208330143 0.0188891065 0.0142167993 0.0140743561 0.0065145986 0.0065254925 0.0 0.0117099363 0.0088611657 0.0298049567 0.0231274133 0.0229480585 0.0108726729 0.0202310404 0.0112831351 0.0197213385 0.0179929764 0.0075360409 0.0220669231 0.0229780271 0.0123737053 0.0141877746 0.0208105182 0.0182238928 0.0106216612 0.0138478928 0.0130615245 0.0302314711
40 0.013537583 0.0148893016 0.0197570659 0.0155261212 0.0200999982 0.0201582561 0.0190825958 0.0148502696 0.0218707393 0.0208050588 0.0158222218 0.0199710746 0.0141266074 0.0129630417 0.0047470255 0.026028878 0.0188307373 0.0187412575 0.0235385246 0.0025847626 0.0174488067 0.0145658244 0.0057073692 0.0278188136 0.0071383542 0.0264504287 0.0157051564 0.0298527951 0.0089823148 0.0257247794 0.0163285493 0.0174623805 0.0133691734 0.0098159695 0.0151048358 0.0247691242 0.007283666 0.0091516094 0.0117099363 0.0 0.0113661141 0.0238461179 0.0041121616 0.0159467118 0.028872123 0.0080059384 0.0277273133 0.0077449045 0.0203540055 0.0247037175 0.0174089418 0.0285788666 0.0169924298 0.0261658604 0.0128621933 0.017004203 0.0151249703 0.0185001605 0.0204500346 0.0119122247
41 0.0140171642 0.0141165287 0.0279074379 0.013982829 0.0198572897 0.0191627112 0.0264688249 0.0153938485 0.0185784577 0.0073909134 0.0174963397 0.0127594028 0.0016794992 0.0238703084 0.0275322131 0.0189710209 0.0103599988 0.0198682803 0.0165059492 0.0320820691 0.0225784755 0.0096625029 0.0122912758 0.0113611889 0.0169633504 0.0186055053 0.0187449653 0.0223675608 0.0202149275 0.0256796146 0.0258542522 0.013822275 0.0190959071 0.0225538631 0.0178195399 0.0175071388 0.020895336 0.0231290546 0.0088611657 0.0113661141 0.0 0.0086050369 0.0220977208 0.0089809695 0.0344101217 0.0138368181 0.0174947465 0.0083672951 0.0155575396 0.0208802701 0.0130814886 0.0048851305 0.0123424115 0.0203225831 0.0151412336 0.0125356634 0.0006025184 0.0290125507 0.0095600696 0.014910732
42 0.0342118826 0.0149843851 0.0046013999 0.0195905122 0.0145410488 0.0160858654 0.0177377055 0.0100324593 0.0269130669 0.0226090619 0.0051255082 0.0154989997 0.0117895868 0.0123521402 0.0101377244 0.0144084146 0.0065288726 0.0085866165 0.0269339502 0.0037398503 0.0251805611 0.003595503 0.0174073665 0.0148801367 0.0273447019 0.0275110576 0.0315022545 0.0203508436 0.0109919917 0.0117355812 0.0113939391 0.0266840472 0.0256757966 0.0209654256 0.020719557 0.0333641575 0.0154439982 0.0027289165 0.0298049567 0.0238461179 0.0086050369 0.0 0.0148484012 0.0095146852 0.0081378326 0.0153510032 0.0068571007 0.0176075739 0.0231049052 0.0167072752 0.0280980354 0.0137055973 0.001157501 0.0260701285 0.0233695174 0.0091680058 0.0236846639 0.0196064008 0.0275253436 0.009345031
43 0.0207864037 0.015909242 0.0155980864 0.0064849901 0.0084902676 0.0215226368 0.0111407088 0.0139116959 0.0176664367 0.005376503 0.0223305732 0.0165140336 0.0134115373 0.0170343949 0.0062118541 0.0210026912 0.0246450751 0.0232765737 0.0189204538 0.0162193238 0.0262614578 0.0100101518 0.0164413313 0.014235628 0.0219502098 0.0197309382 0.0123884606 0.0186898758 0.0234648766 0.0103822463 0.0104732268 0.0174393226 0.0227141536 0.0256848348 0.0133076698 0.0187237845 0.0151654519 0.0176437237 0.0231274133 0.0041121616 0.0220977208 0.0148484012 0.0 0.0186306067 0.0234286315 0.0217177475 0.0111830953 0.0134936953 0.0164443345 0.0113178358 0.020368586 0.0250954884 0.0137977148 0.0211772134 0.019122151 0.0126692696 0.0258508397 0.018085528 0.0165697763 0.0157009639
44 0.0121693064 0.0031410887 0.01602649 0.0145350106 0.0237614367 0.0232618245 0.0181685896 0.0047920656 0.0164260681 0.0211262403 0.010587159 0.019629965 0.0299720333 0.0192497448 0.0224918467 0.0195120767 0.0232671904 0.0243654561 0.0307331293 0.0092450568 0.0018710124 0.0088928646 0.0192576232 0.0279762919 0.0189797518 0.0262748137 0.0146339265 0.0161559594 0.0199739542 0.0148066329 0.0051553898 0.0211402526 0.0245975864 0.0141959762 0.0074611801 0.0218697711 0.0222038949 0.023346552 0.0229480585 0.0159467118 0.0089809695 0.0095146852 0.0186306067 0.0 0.0102219629 0.0108980966 0.0077312032 0.0303592174 0.0153964957 0.0181090359 0.0147288545 0.0080901501 0.0162547549 0.0172498527 0.0219182445 0.0120920416 0.0250217155 0.0242151528 0.0197623732 0.0006746045
45 0.0240837341 0.0191240104 0.0088361861 0.0138153291 0.0189960556 0.0190118367 0.0272876826 0.0067738856 0.0041816658 0.0353818182 0.0094376235 0.0087850537 0.0057992568 0.0093215553 0.0178412016 0.0223623857 0.023573439 0.0148452066 0.022207624 0.0055445441 0.020656924 0.0190024997 0.0353635735 0.0101666244 0.0160020106 0.0048030217 0.0162648972 0.0182219407 0.010491481 0.0246742121 0.0179576084 0.0231986492 0.0218302542 0.0199819733 0.0170239309 0.0122930233 0.0233972634 0.0174085288 0.0108726729 0.028872123 0.0344101217 0.0081378326 0.0234286315 0.0102219629 0.0 0.0100746715 0.0166051019 0.0211410826 0.0124059732 0.014275198 0.0281847387 0.0137170131 0.0240665209 0.0126271218 0.0029441838 0.0228186357 0.0141871628 0.0096075119 0.0171723726 0.0182808559
46 0.0194846029 0.019041461 0.0090919161 0.0020418819 0.0308968769 0.0108118366 0.0116279182 0.0157572948 0.0207390288 0.0199874882 0.0296635258 0.0107037969 0.0146243743 0.0243143858 0.0126119933 0.0177131245 0.0268393527 0.0125439104 0.021571627 0.0151554454 0.0225519363 0.0121449177 0.0097020586 0.0222166162 0.0244415821 0.0136952852 0.0234341495 0.0125947835 0.0211519348 0.0180310423 0.0231023943 0.011562899 0.0065441436 0.0157253309 0.0273463706 0.0190845568 0.0120779357 0.003360715 0.0202310404 0.0080059384 0.0138368181 0.0153510032 0.0217177475 0.0108980966 0.0100746715 0.0 0.0037767677 0.0218652322 0.0073427898 0.0195038731 0.0129833565 0.0019752553 0.0156508927 0.0202209882 0.0260691276 0.0290077875 0.0225277637 0.0278850562 0.0308548962 0.0162304043
47 0.0180321134 0.0200854926 0.0109607991 0.0108493759 0.027671737 0.01829491 0.0311956606 0.0232040575 0.0145693861 0.0236602387 0.018543525 0.0241776052 0.0144279742 0.0087288105 0.0262159409 0.0158463044 0.0184344579 0.0225023412 0.0211159275 0.0250038231 0.0177800936 0.0178734943 0.0251750257 0.0170272301 0.0219534258 0.0158009762 0.0275914666 0.0067976979 0.0091209798 0.0155032162 0.0068892405 0.0075544164 0.0245567586 0.0168191305 0.0069352165 0.0080614542 0.0185042099 0.0269163566 0.0112831351 0.0277273133 0.0174947465 0.0068571007 0.0111830953 0.0077312032 0.0166051019 0.0037767677 0.0 0.0140303012 0.0103966432 0.0178746555 0.0137931568 0.0076155398 0.0188039975 0.017093772 0.0158718752 0.0083962151 0.0310555783 0.0261892409 0.0134838187 0.0183558719
48 0.0102840556 0.0219421647 0.0136247935 0.0112160681 0.0100024731 0.0213280661 0.0148124632 0.0191880258 0.0088841091 0.0121145199 0.0121617679 0.0120698894 0.0104729974 0.0233506945 0.0210524861 0.0206880772 0.0093251914 0.007743168 0.0258311744 0.0161133351 0.0311004166 0.0136644881 0.0110972083 0.0269373715 0.0268086691 0.0170019167 0.0230393982 0.0133254509 0.0114636638 0.0256564609 0.025094425 0.0158475407 0.0152189177 0.0097992531 0.014482969 0.0094933706 0.0195992536 0.0189297519 0.0197213385 0.0077449045 0.0083672951 0.0176075739 0.0134936953 0.0303592174 0.0211410826 0.0218652322 0.0140303012 0.0 0.0221517438 0.0153453966 0.0169186349 0.0216779674 0.0287334883 0.0150454928 0.0110299211 0.0137875259 0.0265123529 0.014031542 0.0064715531 0.0231976945
49 0.0129383532 0.0287594789 0.0274707949 0.0258952082 0.0103369823 0.0170002383 0.0113438573 0.0229651824 0.0206801273 0.0153604195 0.0129078251 0.0245046695 0.0227382068 0.0248020333 0.0238491111 0.019941204 0.0113494809 0.0174751919 0.0151204114 0.0109979333 0.015672726 0.0169775773 0.0192683935 0.0149178094 0.0171867337 0.0108487278 0.0229584157 0.0029660593 0.0127373408 0.0134488314 0.0235160868 0.0193444914 0.013769595 0.0017067412 0.0177028028 0.0137155259 0.0086322562 0.0160641087 0.0179929764 0.0203540055 0.0155575396 0.0231049052 0.0164443345 0.0153964957 0.0124059732 0.0073427898 0.0103966432 0.0221517438 0.0 0.0244176577 0.0135958703 0.01995877 0.0244104272 0.0198594625 0.0179258964 0.0159904866 0.0162665238 0.0196749429 0.0112232048 0.0176584187
50 0.0062523238 0.0208358425 0.0192107053 0.0121949723 0.0307069251 0.0038827938 0.0186837082 0.0087743472 0.0151255219 0.0231442459 0.0157580188 0.0122806316 0.0162892133 0.010414799 0.010797922 0.0062841465 0.0281341409 0.0202849126 0.0310461639 0.0141249406 0.0028737812 0.0190484253 0.0124606858 0.0159117112 0.0127573276 0.0173451471 0.0289750683 0.0051504136 0.0215845502 0.0220776898 0.0044451214 0.0170111762 0.0207783388 0.0208788094 0.0244667583 0.0128953619 0.0208512187 0.0098007996 0.0075360409 0.0247037175 0.0208802701 0.0167072752 0.0113178358 0.0181090359 0.014275198 0.0195038731 0.0178746555 0.0153453966 0.0244176577 0.0 0.0160518015 0.0265573142 0.0069542967 0.02612809 0.0114162548 0.0220060411 0.0291673588 0.0256135654 0.0170710535 0.0148246081
51 0.0223232453 0.0215791257 0.0256749341 0.0169045597 0.0044990542 0.0173769395 0.0072389667 0.0230184935 0.0285760609 0.0220348295 0.0229234572 0.0208844047 0.0092300084 0.0095806921 0.0198422438 0.0046535884 0.0126792955 0.0109570653 0.0178693893 0.0202223098 0.0161652922 0.0120427568 0.0196230634 0.0187428957 0.0198756945 0.0296858332 0.0150851837 0.0092535575 0.0257789027 0.0200322273 0.0245312654 0.0029545485 0.0158141371 0.0128396474 0.0266568266 0.0235940958 0.0175204492 0.0270899217 0.0220669231 0.0174089418 0.0130814886 0.0280980354 0.020368586 0.0147288545 0.0281847387 0.0129833565 0.0137931568 0.0169186349 0.0135958703 0.0160518015 0.0 0.0063111539 0.0202095804 0.0185090574 0.0097329808 0.0140333674 0.0110500911 0.0053282678 0.0025191146 0.0196710364
52 0.0224454844 0.0208835597 0.0135642312 0.0248136166 0.0193103623 0.0102451303 0.0100587935 0.0199591129 0.0214848667 0.0188165183 0.0110917684 0.0152942418 0.0155634531 0.0152848609 0.0050660603 0.0225600756 0.0293074623 0.0131203763 0.0233160664 0.0196996903 0.0139332661 0.0075156898 0.0319853485 0.0146843611 0.0153491399 0.0044508401 0.0290497332 0.007106726 0.0164014221 0.0095938367 0.0234349547 0.0231699934 0.0250519005 0.0222522812 0.011053704 0.0017308174 0.0150851898 0.0228460529 0.0229780271 0.0285788666 0.0048851305 0.0137055973 0.0250954884 0.0080901501 0.0137170131 0.0019752553 0.0076155398 0.0216779674 0.01995877 0.0265573142 0.0063111539 0.0 0.0249624876 0.0155978042 0.0130035843 0.0232817364 0.0162349843 0.0111943752 0.0244298684 0.0235678967
