128
1 0.0054053082 0.0054242533 0.0105552407 0.00588216 0.0061759921 0.0078181417 0.0102384168 0.0045352578 0.0051486129 0.0085984421 0.0084348484 0.0123224777 0.0074635588 0.0098818804 0.0110282151 0.0089722671 0.0105167149 0.0017831462 0.0100718063 0.0049488552 0.0074650414 0.0075592408 0.0048383181 0.0036431374 0.0042532936 0.0073827752 0.0063046831 0.0110190096 0.0108857242 0.0100132256 0.0055147505 0.0109882087 0.009135812 0.0113411271 0.0104499799 0.0050099382 0.010544218 0.016273795 0.0079293094 0.002388301 0.0070703504 0.0062268414 0.0129136925 0.0107698604 0.0137515573 0.0048233704 0.0059201149 0.0062447777 0.0059588323 0.0084141149 0.0077600876 0.0103424425 0.0117480979 0.0084432539 0.0070703693 0.0061242557 0.0106013572 0.0047685797 0.0071300148 0.0094356494 0.0068617771 0.0045826494 0.0056060279 0.0040901349 0.0055573798 0.0070804034 0.0091386352 0.007077354 0.0116029588 0.0063191797 0.0045386629 0.0068047068 0.0062358786 0.0077455223 0.0123280541 0.0114026537 0.0045639916 0.001692185 0.0053412499 0.0022221841 0.0106097786 0.0097524371 0.0075511743 0.0073363096 0.0055970573 0.009501007 0.010742204 0.008115148 0.0047991425 0.0095576914 0.0063837289 0.0096460551 0.0107052644 0.0086293453 0.0099783967 0.0076009095 0.0064441344 0.0049513395 0.0075002424 0.0052339511 0.0054872321 0.0114921705 0.0102354145 0.0076474621 0.0059338848 0.0090210389 0.0067088467 0.0044925695 0.0115696995 0.0107525572 0.006887257 0.0106342374 0.0063585472 0.0078614366 0.0079582226 0.0056501217 0.009331666 0.0112621091 0.0131629187 0.0104323411 0.007334565 0.0040905732 0.006101733 0.0098263454 0.0040750056 0.0072757395 0.0080068512 0.0053194432 
2 0.0054242533 0.0031870599 0.0108811545 0.0172104651 0.0045422278 0.0051655597 0.0092988362 0.0136931839 0.0099623794 0.0081791533 0.0106581989 0.0108173852 0.0040985989 0.0050820223 0.0057069367 0.010061557 0.0080749215 0.0090030831 0.011146206 0.0056046868 0.0098801667 0.0062899648 0.0092413086 0.0036189171 0.0084846163 0.0079377842 0.0050327553 0.0051348358 0.0063421592 0.00647973 0.0027547041 0.0079489983 0.009239992 0.0058154645 0.0124518034 0.011023997 0.0065968576 0.0051847494 0.0100486004 0.008850553 0.0059114778 0.0085793765 0.0094282477 0.0073824534 0.0085889571 0.0115822728 0.0071479011 0.0039065854 0.0096011792 0.0043361924 0.0143548953 0.0104188025 0.0066826109 0.0040221972 0.00824974 0.0026808199 0.0061137487 0.005319411 0.0078088052 0.0118086894 0.0124856777 0.0076015915 0.0080422518 0.0062345146 0.0118666194 0.0073131098 0.0087598303 0.0084414071 0.0019286243 0.0121401459 0.0081262189 0.0036857361 0.0084964982 0.0062395818 0.0058262228 0.0057167524 0.008508183 0.0084008258 0.0074574207 0.0061541743 0.010784901 0.0050444879 0.0017539064 0.0071280988 0.0119650762 0.0074206622 0.0056748153 0.0140451603 0.015178868 0.0071254558 0.010358381 0.0080992884 0.0134249003 0.0083056504 0.0042832367 0.0122252597 0.0079576222 0.0073212371 0.004817096 0.0085051317 0.0030304085 0.0075770055 0.0048905349 0.0133212609 0.0089307183 0.0108445271 0.0087449768 0.0118929139 0.0101729579 0.0068288578 0.0079103176 0.0054176045 0.008164225 0.0035771051 0.0063492726 0.0075869868 0.005628419 0.0059168982 0.0058845831 0.0093699377 0.0091574231 0.0091251532 0.0067558318 0.0057904066 0.0071005834 0.0059602287 0.0033347044 0.0058113457 
3 0.0105552407 0.0108811545 0.0039241588 0.006175527 0.0088054866 0.0048717086 0.0080585702 0.0028524662 0.0084359821 0.0049334292 0.0083756271 0.0048381946 0.0077444658 0.0099933515 0.0052940996 0.0083298585 0.009093847 0.0061751752 0.0104661501 0.0102617554 0.0035923619 0.0153458991 0.0071998391 0.0049756094 0.0101760791 0.0086304196 0.00983351 0.0047992272 0.0113260094 0.0113181787 0.0050564301 0.0094620561 0.0058002637 0.0060121857 0.0089110686 0.0069456538 0.0066189907 0.0054835472 0.008930679 0.0069573916 0.0080543298 0.0096511758 0.0053774352 0.0095983416 0.0052291554 0.0098116211 0.0048415838 0.0042461315 0.0079044532 0.008680012 0.0100066949 0.0098136042 0.0067127206 0.0055472044 0.0081374976 0.0107442485 0.011877522 0.0061836675 0.0081419136 0.0071727818 0.0042801066 0.0051398611 0.0081067644 0.0139703186 0.0157529401 0.0083533123 0.0093525556 0.0031148916 0.0045806281 0.0053391295 0.0090178143 0.0058426984 0.0093233587 0.0075400301 0.0095971555 0.0062540918 0.0101376797 0.006726229 0.0057380463 0.0096927239 0.0062919752 0.0082967017 0.0062102911 0.0051761128 0.0058704468 0.007228483 0.0036421011 0.0057573925 0.0117132613 0.0076040648 0.0093469395 0.0049277064 0.0104064226 0.0077486976 0.0081334921 0.0049144993 0.0074963914 0.0076291933 0.0026973605 0.0076188921 0.0068303892 0.0064769982 0.0106641272 0.0065645892 0.0094359121 0.0062059275 0.0094693035 0.0158239244 0.0064066891 0.0084254413 0.0072194585 0.0098906554 0.007037826 0.0045148944 0.0103720727 0.0101092911 0.0031244431 0.0062754304 0.0079370005 0.0154584217 0.0046469994 0.0203712897 0.0082606369 0.0042309539 0.0089962329 0.0042975566 0.0114947576 0.0077142731 
4 0.00588216 0.0172104651 0.006175527 0.0128345141 0.0097081151 0.0087180062 0.0066396077 0.0095824499 0.0081603098 0.0088979014 0.008660334 0.0118981173 0.0018932243 0.0086375013 0.0108718186 0.0063194087 0.0114706268 0.0072020811 0.0055273792 0.004011754 0.0104243388 0.0053578736 0.0064610309 0.005684818 0.010864376 0.0118333578 0.0079083411 0.0059954625 0.0086076071 0.0049709015 0.0088819046 0.0037697052 0.0074581448 0.0044828567 0.0066397869 0.0074301189 0.0134698506 0.0119329597 0.0051457009 0.0082522777 0.0130590917 0.0121575661 0.0089563044 0.0046003179 0.0077181408 0.0045832164 0.0093255266 0.0098864076 0.0078757071 0.0072310869 0.0077768205 0.003878744 0.0061843995 0.0086606672 0.0029807068 0.0025562639 0.0128722583 0.0069761456 0.0084329077 0.0089479423 0.0088718023 0.0101981302 0.0101963389 0.0054825296 0.0147256541 0.0086211787 0.0060195119 0.0003603574 0.0067280679 0.0037157843 0.0091944866 0.0072644155 0.0044282917 0.007511713 0.0076802919 0.0133524874 0.0037892566 0.0055076039 0.0059790233 0.0089234491 0.0093191125 0.0131212827 0.0056362976 0.0075028533 0.0090302846 0.0069556312 0.0116924562 0.0062446523 0.0106414102 0.0059740101 0.0077576168 0.0115657415 0.0078691218 0.0073702961 0.007772302 0.0057558374 0.0093457917 0.0128431032 0.0078175243 0.0052970455 0.0080790996 0.0081462007 0.0039148227 0.0122552342 0.0093829381 0.0063148443 0.0081299675 0.0050661924 0.00335729 0.0068737797 0.0078870895 0.0111774634 0.004056788 0.0061198927 0.003587946 0.0071341244 0.0043694855 0.008025883 0.0083341641 0.0071227631 0.0027977888 0.0012752631 0.0160064702 0.0066856338 0.0097606203 0.0061353391 0.0097787954 0.0096284387 
5 0.0061759921 0.0045422278 0.0088054866 0.0097081151 0.003933253 0.0085788696 0.0108072944 0.0082772818 0.0046856244 0.0084348202 0.0097219051 0.0036615398 0.0039825175 0.006631953 0.003182425 0.0037829313 0.0051706174 0.0086092202 0.0070891894 0.0108042132 0.011083395 0.0098976674 0.0117739535 0.0053391585 0.0052790066 0.0131084066 0.009288962 0.0054725507 0.0075558772 0.0147965437 0.0084147192 0.0054533035 0.006238434 0.0080745776 0.0087097077 0.0088723862 0.0087161286 0.0061192608 0.0089283413 0.0077298724 0.0061106349 0.0027422732 0.007513548 0.0069579867 0.0100921647 0.0072993656 0.0028649517 0.0097777279 0.0086789315 0.0098780015 0.0079176912 0.007701571 0.01364323 0.001554828 0.0049211955 0.0102756039 0.0098645398 0.0105049281 0.0078852184 0.0132141686 0.0097112511 0.0099035693 0.0022738251 0.0105067354 0.0021060691 0.0133759842 0.008138966 0.0063486022 0.0096422776 0.0091745959 0.0083694064 0.0077672572 0.0069204997 0.0080053798 0.0050289977 0.0050007948 0.0079754158 0.0108522168 0.0142344355 0.0082680945 0.0085268798 0.0075842661 0.0116220006 0.0187239495 0.0086093807 0.0051909218 0.0161567342 0.0055783064 0.0099420412 0.0036895583 0.0108521372 0.0092627645 0.0046227571 0.0067853827 0.0034936348 0.010210283 0.0049495081 0.0039469969 0.0111897689 0.0074769341 0.0079191497 0.0143797415 0.0067535511 0.0108057731 0.0064773402 0.0046197435 0.0052448922 0.0059805146 0.0086683591 0.0090956522 0.006560885 0.0073428198 0.008962394 0.0043133298 0.0070799375 0.0034633256 0.0056993308 0.0069629364 0.0055748153 0.008473754 0.0066047363 0.0039352518 0.0067767327 0.0130821866 0.0074764804 0.0044474049 0.0076749681 0.0067691243 
6 0.0078181417 0.0051655597 0.0048717086 0.0087180062 0.0085788696 0.0064777219 0.006911363 0.0056917144 0.0051776499 0.0071092489 0.0084693328 0.0084552639 0.0059198778 0.0095289517 0.0096779637 0.0087067608 0.0106971798 0.0083678631 0.0054169828 0.0074082536 0.0140527702 0.0058191106 0.0089925356 0.0141380749 0.0104243371 0.0110479055 0.0066306318 0.0075913754 0.007934761 0.0062657231 0.0057683108 0.0049502974 0.0133732908 0.0095574935 0.0093135001 0.007082709 0.0057374691 0.0107705119 0.0038540185 0.0082577844 0.0041485934 0.0125959558 0.0127886852 0.008823526 0.0054790295 0.0061946912 0.0035332363 0.0023100468 0.0070661473 0.0081646536 0.0074212356 0.0071845419 0.0073668636 0.0072167185 0.0067866736 0.0053164813 0.0079182185 0.012194643 0.0089293413 0.0079816207 0.0025460071 0.0101055551 0.0037764888 0.0044850802 0.0060068271 0.0053011035 0.0088279553 0.0070153489 0.0054016421 0.003098624 0.009596156 0.0071468077 0.0119191406 0.0057967186 0.0085515001 0.0082489489 0.0058845526 0.0120723759 0.0052390966 0.009907455 0.0051601242 0.0054653099 0.0062541699 0.0080476455 0.0035153435 0.0097030244 0.0056879224 0.0123263033 0.0075198533 0.0092470266 0.0121920686 0.0063977985 0.009158672 0.0069807265 0.0099723805 0.005076992 0.0139931688 0.0056783474 0.0077383168 0.0076633176 0.0059997793 0.0082625589 0.0077396054 0.0082827655 0.007421986 0.0067246071 0.002551065 0.0117092381 0.006500391 0.0073006042 0.0086694062 0.0100355106 0.0125400239 0.0071964114 0.0031906742 0.0070969305 0.0104662857 0.0142489749 0.0061616725 0.0048727576 0.0073778254 0.0038401943 0.013088068 0.0172220767 0.0105890646 0.0037713389 0.0088706439 0.0094117172 
7 0.0102384168 0.0092988362 0.0080585702 0.0066396077 0.0108072944 0.006911363 0.0037872237 0.0086909334 0.0090682137 0.0124342293 0.0033517185 0.0160301655 0.0045414406 0.0058714196 0.0046902348 0.0088262693 0.0036624628 0.0044650957 0.0040687911 0.0085952909 0.0056411735 0.0062061473 0.0089048054 0.009836607 0.0082572433 0.0089647643 0.0086255614 0.0061046782 0.0075314528 0.0131634592 0.0046839237 0.0042309789 0.0072510549 0.0126992284 0.0134279301 0.0149885888 0.0112870268 0.0097421797 0.0040275023 0.008546623 0.0070987584 0.0080476689 0.0143160904 0.0043695218 0.0059967963 0.0042178713 0.0101415711 0.0158132828 0.0063537182 0.00568006 0.0058531386 0.0077926141 0.0057308234 0.0085837981 0.0056058555 0.0064828485 0.0097624481 0.0083239017 0.0065907412 0.0099113308 0.0072253831 0.0055659915 0.0053379037 0.0094312537 0.0024378634 0.0064675037 0.0097937173 0.0088639664 0.0097793803 0.0128528041 0.008335898 0.0046995563 0.0122304093 0.0105423274 0.0079148279 0.0063328831 0.0070958181 0.0135001817 0.0083335829 0.0048099142 0.0078877425 0.0035324943 0.0054210224 0.0092295751 0.0076597637 0.0149481356 0.0073178386 0.0064558859 0.0079719906 0.0072249982 0.0052326192 0.0085302762 0.0030386907 0.0040007485 0.0105737238 0.0065306862 0.0092540822 0.0063599162 0.0045481386 0.0090184526 0.0092725144 0.0093621807 0.0080795298 0.0047575564 0.0082388692 0.0064496257 0.0103809841 0.0029286741 0.0072525562 0.009509668 0.0106257457 0.0042352641 0.0056995953 0.0067682357 0.008956775 0.0018334167 0.0068256052 0.0066877295 0.0127044731 0.0098969338 0.0115518142 0.0047444546 0.0078809103 0.0103129986 0.0070098593 0.0075912605 0.0040291986 0.0092942785 
8 0.0045352578 0.0136931839 0.0028524662 0.0095824499 0.0082772818 0.0056917144 0.0086909334 0.0159372171 0.0084206196 0.0034505861 0.0097779905 0.0066727273 0.0087470648 0.0062222448 0.0045083174 0.0051944941 0.0046388464 0.0060040977 0.0090648033 0.0100344145 0.0031574128 0.0057946375 0.0055827955 0.0090384181 0.00980859 0.003739563 0.0042661024 0.0113268743 0.0094140716 0.0087854233 0.0111196136 0.0190948218 0.0104895673 0.0037346988 0.0040151613 0.0080584823 0.0119350727 0.005698866 0.0066852028 0.0126509186 0.0099688741 0.0089072422 0.0062255726 0.0070631123 0.005672676 0.0034461517 0.0084433786 0.0068764364 0.0050155451 0.0058250879 0.0119672837 0.0070750633 0.0094577043 0.0066061664 0.0074567976 0.0062437211 0.005029332 0.0033723208 0.0063339464 0.0069635085 0.0083354699 0.0064844349 0.0104117705 0.0122930875 0.0061344973 0.0089379574 0.0072690812 0.0098866886 0.0042019497 0.0105631344 0.0104495849 0.0071692239 0.0074331363 0.006114044 0.0079345019 0.0112563424 0.0079275733 0.0057621013 0.012216477 0.0086017188 0.0127587444 0.0070978415 0.0081538003 0.0077538462 0.0071977595 0.0023015425 0.0097761402 0.0081088983 0.0077953592 0.0085805323 0.0075016735 0.004929594 0.007012721 0.0086415837 0.0164264087 0.0097533097 0.0035319823 0.0053947888 0.0043716016 0.0081746535 0.0091120459 0.0081648857 0.0072481472 0.0125701426 0.0107364856 0.0067412593 0.0054412032 0.0039431728 0.0048357079 0.0103414958 0.0031266838 0.0080078465 0.0118212452 0.0055721153 0.0097663203 0.0054484931 0.0059122286 0.0026709965 0.0097258182 0.0048659389 0.0074158812 0.0097812942 0.0113874528 0.0078049907 0.0097849521 0.0092083733 0.0085571632 0.0110191778 
9 0.0051486129 0.0099623794 0.0084359821 0.0081603098 0.0046856244 0.0051776499 0.0090682137 0.0084206196 0.0115035789 0.011344957 0.0039645559 0.0069853862 0.0102882469 0.0054773492 0.0098295662 0.0033319202 0.0081119846 0.0074675307 0.0043645935 0.0083385134 0.0062378955 0.0064375507 0.0126215533 0.0079534239 0.0101368479 0.0031460041 0.0091819589 0.0082527942 0.0087339215 0.0076347941 0.0067607421 0.004726366 0.009624642 0.0054893301 0.0096785068 0.0052654553 0.0071733636 0.0051808613 0.0069808674 0.0061808567 0.0016481077 0.0029923598 0.016255867 0.015187609 0.0062492265 0.0129558449 0.0063228286 0.0073924209 0.0144221304 0.0067594267 0.0083529861 0.0151940621 0.00930911 0.0063962023 0.0043151235 0.0050601599 0.0067664096 0.0107805808 0.0078309641 0.0093791074 0.0054627069 0.0080365448 0.0083849448 0.0022235848 0.006025846 0.003920218 0.0097715158 0.0080625319 0.006753476 0.008390799 0.0055523434 0.0065366393 0.0041413991 0.0089814989 0.0062570483 0.005683761 0.0130405303 0.0142968792 0.0075616664 0.0073293371 0.0066530457 0.0101560308 0.0047268048 0.0145366124 0.0046412023 0.0092867439 0.0023372829 0.0070845943 0.0059074734 0.0052764376 0.0101326629 0.00971061 0.0050060047 0.005710812 0.0060574607 0.0151844924 0.0071920866 0.0064247914 0.0090114882 0.0088455677 0.0082656012 0.0104752699 0.0022917402 0.006865419 0.0079134064 0.0058225389 0.011986449 0.0080633187 0.0137672274 0.0081202181 0.0074886001 0.0098438505 0.0085925737 0.0095729041 0.0086947322 0.0042932596 0.0073919448 0.016686106 0.0067743139 0.0071952007 0.0079367596 0.0127472905 0.0075517214 0.0068369427 0.006885925 0.0094485826 0.0054258977 0.0017308933 
10 0.0085984421 0.0081791533 0.0049334292 0.0088979014 0.0084348202 0.0071092489 0.0124342293 0.0034505861 0.011344957 0.010250754 0.0103014508 0.0093349737 0.0035360167 0.0049417542 0.0100965661 0.0057579767 0.0037119534 0.0137794143 0.0105675768 0.0043060697 0.0070749774 0.0021956809 0.006384692 0.0126573847 0.0061978135 0.0087100115 0.0092506636 0.0063986079 0.0087729698 0.0071080014 0.0065950316 0.0106365265 0.0100254174 0.0064053815 0.0095958863 0.0102659275 0.0032052951 0.0042677688 0.0044589798 0.0080037433 0.0114569158 0.008331055 0.0088789842 0.0118116272 0.008834264 0.0073585235 0.0101769785 0.0039082487 0.0110349312 0.0071256673 0.0141702424 0.0066389029 0.0047779009 0.0076909326 0.0085130266 0.0070956185 0.0051746614 0.0025922518 0.0022674843 0.0092669534 0.0075668308 0.0048095319 0.0122839123 0.0067016428 0.0099127274 0.0118824722 0.0040188057 0.0059638721 0.0094501526 0.009711923 0.0076599827 0.0165963299 0.0032213138 0.0040283338 0.0073780602 0.0062592169 0.0091400366 0.0082754405 0.0034705012 0.0048622913 0.0131484323 0.003766718 0.0076256552 0.013715681 0.0062858235 0.0059837486 0.0064149734 0.0132071971 0.007605155 0.0118514809 0.0037875098 0.0097940279 0.004954753 0.0046383052 0.0035596607 0.0092691381 0.0072465587 0.0069735953 0.0100420914 0.0068302535 0.0079986457 0.0096052952 0.0046389808 0.0052286958 0.0014349498 0.0100676301 0.0137077259 0.0062051641 0.003891893 0.0112344311 0.0040829219 0.013532938 0.0059291406 0.0125425196 0.0114426429 0.006977444 0.0087714543 0.0079431357 0.0063411839 0.0074498466 0.0055696303 0.0046825493 0.0061064904 0.0119919001 0.0122005079 0.0113411299 0.005417496 0.0084863164 
11 0.0084348484 0.0106581989 0.0083756271 0.008660334 0.0097219051 0.0084693328 0.0033517185 0.0097779905 0.0039645559 0.0103014508 0.0061747788 0.0099117225 0.0081593562 0.0049464729 0.0101287689 0.0109768851 0.0067718368 0.0108847928 0.0074306647 0.0070753061 0.0037613649 0.0106443977 0.0058600008 0.0085617571 0.0040860838 0.010117888 0.0037632874 0.0077725245 0.0042564044 0.0065559126 0.0093438524 0.0094120199 0.0123904657 0.0095151368 0.0064414483 0.0103900099 0.0091432451 0.0154551311 0.0111653756 0.0065539217 0.010172872 0.0053152789 0.0062827667 0.0014806328 0.0075950483 0.0043143242 0.0070449394 0.0041030588 0.0091344565 0.0106630365 0.0076373881 0.009135642 0.0066965872 0.0073452893 0.0100323175 0.0086003859 0.0072429013 0.0050773272 0.0052943657 0.006630495 0.0050772872 0.007337767 0.0051093087 0.008386919 0.007430196 0.0064396997 0.0127523703 0.0070736751 0.0115462529 0.0131061077 0.0072256785 0.0071820547 0.002300349 0.0117549422 0.0062644315 0.008606355 0.0069092031 0.0039123386 0.0063433189 0.0062662676 0.008143225 0.0085369433 0.0080414954 0.0124097585 0.0099284619 0.0103613187 0.0104428853 0.0048837406 0.009841267 0.0046841388 0.0061281546 0.0090956417 0.007005174 0.0119653645 0.0051193534 0.006920107 0.0175259122 0.0060248928 0.0022111658 0.0073892745 0.00661817 0.0048308716 0.0093725408 0.0084000896 0.0073414146 0.0125596458 0.0050146776 0.0020260816 0.0073328631 0.0095208753 0.0108222842 0.0086408592 0.0080355002 0.0083346959 0.0080578087 0.0063754446 0.0062418103 0.0045691815 0.0036346163 0.0096257071 0.0092728492 0.0107639829 0.0082530606 0.005776784 0.0062350587 0.0067604146 0.0088670925 0.0098669345 
12 0.0123224777 0.0108173852 0.0048381946 0.0118981173 0.0036615398 0.0084552639 0.0160301655 0.0066727273 0.0069853862 0.0093349737 0.0099117225 0.0030061915 0.012568348 0.0064628477 0.011380639 0.0075868847 0.0028525945 0.0033186827 0.0087377117 0.0048926044 0.0081269238 0.0057393488 0.0076205718 0.0059847638 0.0045698519 0.0156482264 0.0067840352 0.0107356221 0.0128724055 0.0073912114 0.0107109032 0.0096643014 0.0057187978 0.0033675092 0.0064516474 0.0079836896 0.0076578253 0.0047784348 0.0114754435 0.0105958774 0.0048063941 0.012875952 0.009238536 0.0116970819 0.0091447774 0.0122134664 0.0062946232 0.0085212208 0.0086744643 0.0070323199 0.0074466589 0.0070124012 0.0029708953 0.0071231827 0.0056473142 0.0025737138 0.0105336916 0.0105950747 0.0173307739 0.0061752227 0.0070418506 0.0049645072 0.0078585579 0.0038561059 0.0095737408 0.0045601198 0.0028502625 0.0071967742 0.0103402235 0.012571249 0.0043073718 0.0109419733 0.0041223269 0.0133853194 0.0057980818 0.003653058 0.0023198674 0.0079520731 0.011625236 0.0047970946 0.0046522027 0.0052149151 0.0053229534 0.0076253247 0.0056046118 0.0093259936 0.0071912527 0.0079149437 0.0171194053 0.0102697035 0.0107375939 0.0067744146 0.0067883969 0.0082278283 0.0122378113 0.0027954921 0.0065065985 0.0089836617 0.0090305094 0.0059938275 0.007099997 0.0072831163 0.0072371673 0.0073177487 0.0107641401 0.0057978016 0.0087188187 0.0077395708 0.0041560332 0.0088257443 0.0095336859 0.0067979651 0.0092886134 0.0114735126 0.008165778 0.0103702087 0.0046200244 0.0045686101 0.0062621771 0.0126796863 0.0106389486 0.0025215611 0.0031903952 0.0111463479 0.0022776279 0.0054039233 0.006238088 0.0083298609 
13 0.0074635588 0.0040985989 0.0077444658 0.0018932243 0.0039825175 0.0059198778 0.0045414406 0.0087470648 0.0102882469 0.0035360167 0.0081593562 0.012568348 0.0111123547 0.0138547091 0.0017121273 0.0089330612 0.0078366298 0.0110735805 0.0073511862 0.0097578703 0.0058915368 0.0095039165 0.0163871042 0.0079836182 0.00780988 0.0087858916 0.0063325392 0.0070742745 0.0100179044 0.0071081992 0.0100044634 0.0049939821 0.0048882136 0.0105219858 0.0087343684 0.0127053593 0.0049501163 0.0096243382 0.0066869735 0.0049523225 0.0028325277 0.0045580537 0.0061017634 0.0116028345 0.0127391666 0.0090998957 0.0112732201 0.014701795 0.0107834554 0.0051655178 0.004508816 0.0049614946 0.0064004908 0.0110175056 0.0141261598 0.0090103416 0.0034500907 0.0068853772 0.0062141144 0.0027101667 0.0088066912 0.0061957252 0.0172691327 0.0051146643 0.0047661331 0.0083238187 0.0073362465 0.0025023871 0.0096942495 0.0078980326 0.0078670432 0.0079145321 0.0082090201 0.0053882472 0.0041022658 0.0054480842 0.0082276348 0.0128453497 0.0070980162 0.0083464433 0.0105972596 0.0098622268 0.0100518974 0.0126328282 0.0086918798 0.0031637553 0.0173467527 0.008716289 0.0077719447 0.0095063735 0.0093516776 0.0029629783 0.0043427846 0.0058331655 0.008931255 0.0039942911 0.0049890109 0.0015398753 0.0084049991 0.011887399 0.006285662 0.0097337695 0.0118048433 0.0076933539 0.0043663119 0.0074802473 0.0031851159 0.0054195177 0.008027883 0.0059733818 0.0100733129 0.0082998982 0.0051341508 0.0117791959 0.0133150294 0.0080038804 0.0062081615 0.0062542321 0.007705902 0.0037800841 0.0041034068 0.0049230453 0.0136825547 0.0030886155 0.0109923087 0.003884931 0.0148296941 0.0063651393 
14 0.0098818804 0.0050820223 0.0099933515 0.0086375013 0.006631953 0.0095289517 0.0058714196 0.0062222448 0.0054773492 0.0049417542 0.0049464729 0.0064628477 0.0138547091 0.0114221165 0.017462455 0.0075196209 0.0095220968 0.0097206817 0.0099565715 0.0038163079 0.0081994194 0.0057334733 0.0081791599 0.0110783654 0.0133174615 0.0072505617 0.0069879044 0.0037711312 0.005789143 0.0084895362 0.0096153691 0.0070689093 0.0072431087 0.0081409116 0.0028488659 0.0099370436 0.0111573086 0.0087524844 0.0041812131 0.0108267732 0.0107050233 0.007365637 0.0097976791 0.0126568621 0.0056776982 0.0069137775 0.0041103996 0.0072094773 0.00509488 0.0041138244 0.010438864 0.0071130523 0.0168892162 0.005070895 0.0106157483 0.0110166393 0.0097831535 0.0088465012 0.0080530117 0.0063540871 0.0061309897 0.0078854553 0.0075094702 0.0055400283 0.0064894406 0.0099287777 0.0026100933 0.0026612667 0.009303551 0.0092909196 0.00812237 0.00544852 0.0067760383 0.0071128691 0.0111537702 0.0069724398 0.0074437695 0.0059592999 0.0140472656 0.0064388656 0.0083819877 0.0069998877 0.0059938706 0.0067554331 0.0077077968 0.0106072046 0.0063376454 0.0093469401 0.004517801 0.0067898158 0.0113964556 0.0098564889 0.0088083423 0.0111013659 0.004510835 0.0072848765 0.0083034729 0.0069718248 0.0029585244 0.0063864196 0.0082995683 0.0044237111 0.011740067 0.0061741086 0.0056482335 0.0068860253 0.0118209355 0.0067904197 0.0028902344 0.0069276239 0.0055155643 0.006190821 0.0092562139 0.0068049936 0.0120916404 0.0056018213 0.0129162675 0.0054049248 0.0066718365 0.004974339 0.0067013518 0.0104515974 0.0043162556 0.0054455493 0.0116863872 0.0117942508 0.0064421221 0.0049440683 
15 0.0110282151 0.0057069367 0.0052940996 0.0108718186 0.003182425 0.0096779637 0.0046902348 0.0045083174 0.0098295662 0.0100965661 0.0101287689 0.011380639 0.0017121273 0.017462455 0.0102529811 0.009999975 0.0031203728 0.0052403496 0.0071885875 0.0096139436 0.0030207584 0.0061492363 0.0080572743 0.0107963695 0.0127672509 0.0071723958 0.0063008487 0.0094329941 0.0054132925 0.0104429981 0.0093249982 0.0043700882 0.006118962 0.0054380695 0.0056505878 0.0048038343 0.0095270987 0.0208231335 0.0148032495 0.0121428523 0.0066085111 0.0059254374 0.0121479034 0.0147495072 0.0087685446 0.0083673385 0.0048560279 0.0068653534 0.0095796566 0.0116043221 0.0082656633 0.0071174041 0.0079642358 0.0062234274 0.0089564883 0.0068500049 0.0089996523 0.0100302694 0.0070201268 0.0088195927 0.0079309381 0.0108986776 0.0077944768 0.0109429843 0.0062483359 0.0067910185 0.0108785555 0.0054936337 0.0047573645 0.0054911922 0.0056972829 0.0070574628 0.0074850222 0.0114598659 0.0062910737 0.0097811039 0.0099140774 0.0050548162 0.0046044099 0.009690928 0.0077804497 0.0044861837 0.0069386297 0.0047951003 0.0084102271 0.0048651184 0.0051144468 0.0065475745 0.0131312658 0.0063621853 0.0038459281 0.00666401 0.0056665655 0.0089463666 0.0043545051 0.0081966905 0.0065102011 0.0103360204 0.0105630178 0.0050857604 0.003501983 0.0048187298 0.007954048 0.0113725751 0.0055815403 0.0064555609 0.002593423 0.0077933023 0.0111484289 0.0093735445 0.002980386 0.00726312 0.0110310984 0.0070198471 0.0099046801 0.0110787404 0.0093452221 0.008091652 0.0036648092 0.0088116671 0.0041433088 0.0084128726 0.0069885109 0.0053993274 0.0088517286 0.0100430528 0.0050942727 0.0051569993 
16 0.0089722671 0.010061557 0.0083298585 0.0063194087 0.0037829313 0.0087067608 0.0088262693 0.0051944941 0.0033319202 0.0057579767 0.0109768851 0.0075868847 0.0089330612 0.0075196209 0.009999975 0.0045849137 0.0048995106 0.0059942484 0.0113404252 0.0089813407 0.006125235 0.0084022761 0.0080521091 0.0103362355 0.0020560707 0.0078014731 0.0095804492 0.0036240128 0.0064690029 0.0117689316 0.0060279893 0.0058034555 0.0118374171 0.010491359 0.0118455929 0.0094983875 0.0078848193 0.0099238043 0.0070473317 0.0097731763 0.0067051179 0.0056604123 0.0036682659 0.0095333487 0.004435242 0.0120227085 0.0056807317 0.0112317667 0.008130835 0.0065847595 0.0066868635 0.0128283915 0.0064581192 0.0048832827 0.0049390459 0.0072524488 0.0057078485 0.0048686862 0.0099616012 0.0060790955 0.008567979 0.0069637421 0.00968509 0.013755365 0.0092701469 0.0063984945 0.0077646644 0.0098146335 0.00547499 0.0024827263 0.0077287218 0.0046402731 0.0097594183 0.010861885 0.0040085924 0.0044558275 0.005575905 0.0107107556 0.0127146674 0.0059161766 0.0069683442 0.0076214355 0.0077288826 0.0051782449 0.0072243773 0.0096524264 0.006259396 0.0199759882 0.0059526274 0.0089853162 0.0097638909 0.0013309865 0.0092338473 0.0048775951 0.0048688528 0.0086128166 0.0094628775 0.0113717346 0.0086330945 0.0104034098 0.0057416962 0.002486498 0.005690321 0.0043271452 0.0068591964 0.0082483118 0.0160472062 0.0150544173 0.0129962877 0.0113970681 0.0089831296 0.0042201818 0.0091695641 0.0041816429 0.0067420969 0.009189121 0.0068984072 0.0065741154 0.0087233632 0.006197426 0.0064800012 0.011378516 0.0082696571 0.0066301476 0.0078938279 0.0079552564 0.0026205101 0.0106206796 
17 0.0105167149 0.0080749215 0.009093847 0.0114706268 0.0051706174 0.0106971798 0.0036624628 0.0046388464 0.0081119846 0.0037119534 0.0067718368 0.0028525945 0.0078366298 0.0095220968 0.0031203728 0.0048995106 0.0091886461 0.0057432602 0.0089556776 0.0063510709 0.0044892769 0.0040660988 0.0064232122 0.007520699 0.0055815253 0.0147905699 0.0076287834 0.0069264934 0.0124555815 0.0044727408 0.0080478045 0.0071942407 0.0107437675 0.0067570297 0.009859354 0.0033756178 0.011680139 0.0078110635 0.0100199891 0.0112480794 0.0096589157 0.0078518206 0.0035471128 0.009669638 0.0061456093 0.0099386198 0.0088643097 0.0076956911 0.0049815354 0.0072603509 0.0137817285 0.0041921854 0.0122158213 0.0074553559 0.0084132448 0.0101513498 0.0053209398 0.0068676998 0.0094516465 0.0058128982 0.0071053304 0.0071767452 0.0055582753 0.0147921084 0.0115368368 0.0093083327 0.0075527484 0.0074876454 0.0036636734 0.0076502534 0.010787201 0.0089651042 0.0038166305 0.0060670698 0.0126404781 0.0048339178 0.0146613345 0.002323087 0.0055871927 0.0088714898 0.0068567149 0.0090824409 0.0094619351 0.0082118732 0.0094357061 0.008269103 0.0094328951 0.0123928175 0.0042542446 0.0084647788 0.0085787255 0.0082575597 0.0074042504 0.0016975353 0.0035832187 0.0090926853 0.0085283014 0.0050666056 0.0042526226 0.0014409152 0.0079286916 0.009059942 0.0148592091 0.0094731369 0.0057750937 0.0099792113 0.0054497648 0.0090437504 0.0087731854 0.0081148457 0.0094190964 0.0097407177 0.0079672794 0.0055265581 0.0145062197 0.0052915256 0.0115175262 0.0024500997 0.0049473026 0.0080423208 0.0120703874 0.0053886282 0.0070699308 0.0039959209 0.0084590256 0.005474581 0.0100578144 0.0147084605 
18 0.0017831462 0.0090030831 0.0061751752 0.0072020811 0.0086092202 0.0083678631 0.0044650957 0.0060040977 0.0074675307 0.0137794143 0.0108847928 0.0033186827 0.0110735805 0.0097206817 0.0052403496 0.0059942484 0.0057432602 0.0163039565 0.0063459395 0.0092049732 0.0088886281 0.0014520009 0.0122381962 0.0050529135 0.0077739028 0.0069688659 0.0124215947 0.0064702477 0.007819523 0.0072377945 0.0059994839 0.0065551216 0.0024639959 0.0090308465 0.0123724579 0.0067516711 0.0099529768 0.01314223 0.0043987336 0.0143847895 0.0102371319 0.0121696128 0.0043170533 0.0096608857 0.0087491225 0.0100757837 0.0013134058 0.0092879066 0.0055737352 0.0025161765 0.0104232027 0.0076727595 0.0078509095 0.0080752384 0.0111819126 0.0156499985 0.007811906 0.0067378102 0.0078334706 0.0088613254 0.0077114865 0.009855933 0.0076644476 0.010623693 0.0091788405 0.0036403939 0.0025204454 0.0100901909 0.0119838928 0.0033411062 0.0112700137 0.0061828782 0.0062834343 0.0073041736 0.0075618097 0.0067867646 0.004334785 0.0051392768 0.0084409401 0.0058828 0.0027168505 0.0070535182 0.0030067923 0.0102717287 0.0104848801 0.0066782762 0.0104257404 0.0086747874 0.0090344709 0.0113577024 0.0120876832 0.0066503198 0.006296677 0.0087790212 0.0087679941 0.0118261056 0.0064863415 0.0079874584 0.0063968765 0.0072266706 0.0080994459 0.0049812956 0.008390537 0.0058832548 0.0090154963 0.0095773054 0.0046276334 0.011361822 0.0078190546 0.0076693484 0.0090154294 0.0067817213 0.0125033111 0.0105424746 0.0086395832 0.0059813532 0.0053224668 0.00763511 0.0016794055 0.0042160831 0.0065648944 0.0143228101 0.0067282702 0.0033430491 0.0072850168 0.0028982033 0.0071599876 0.0098859422 
19 0.0100718063 0.011146206 0.0104661501 0.0055273792 0.0070891894 0.0054169828 0.0040687911 0.0090648033 0.0043645935 0.0105675768 0.0074306647 0.0087377117 0.0073511862 0.0099565715 0.0071885875 0.0113404252 0.0089556776 0.0063459395 0.0036284397 0.0064352498 0.0102029756 0.0037642119 0.0093458435 0.005794864 0.0063150289 0.0069486871 0.0193873444 0.0060263487 0.006874356 0.0022385193 0.0097436359 0.0066566226 0.0054596622 0.013362642 0.0110267369 0.006985125 0.0074934543 0.005205537 0.0032511706 0.0095622895 0.0078266595 0.0095875274 0.0039924338 0.0123317325 0.0059783464 0.0089922868 0.0132019633 0.0097016068 0.0073308446 0.0069736283 0.0165074871 0.0083793433 0.0115833732 0.0072487888 0.0081110736 0.0078720736 0.0078580576 0.0085806924 0.0038097428 0.0099903971 0.0063675691 0.008696995 0.00740272 0.0087383964 0.0092099094 0.0046537909 0.0111607552 0.0082139284 0.0045646794 0.0052036802 0.0051298669 0.0059376177 0.0118077193 0.0086359261 0.0098961888 0.0082934251 0.0133686762 0.0041435046 0.0071481757 0.0113105418 0.0109497956 0.0068351824 0.0078712363 0.009189168 0.0095652812 0.0058146945 0.0035075108 0.0066263461 0.0058580554 0.0060594937 0.0064007933 0.0056981277 0.0064783103 0.0065394754 0.0107386041 0.009750818 0.0037228827 0.0044814332 0.0111517584 0.0058527253 0.0053115367 0.0067882034 0.0102683966 0.0063675225 0.0058475869 0.0041787861 0.010511236 0.0107374593 0.0090969906 0.0088310479 0.0071735801 0.0068611336 0.0092025926 0.0049997103 0.0020367578 0.0125467774 0.0066820454 0.0093335067 0.0073723992 0.0101145299 0.0088741977 0.0030239221 0.0099973404 0.0082722016 0.0045776067 0.0029942989 0.009576201 0.0087896279 
20 0.0049488552 0.0056046868 0.0102617554 0.004011754 0.0108042132 0.0074082536 0.0085952909 0.0100344145 0.0083385134 0.0043060697 0.0070753061 0.0048926044 0.0097578703 0.0038163079 0.0096139436 0.0089813407 0.0063510709 0.0092049732 0.0064352498 0.0135503487 0.0097505101 0.0056541576 0.0041743977 0.0092652967 0.0050902453 0.007713845 0.0112757703 0.0037051302 0.0079875488 0.0056968487 0.0072439139 0.0043882634 0.0110713259 0.0052448392 0.0048722583 0.0094662612 0.0054674378 0.0060234097 0.0070519116 0.006881091 0.0085192235 0.0041664595 0.0131176041 0.0125986133 0.0096546957 0.009115315 0.006628778 0.004697804 0.0075201885 0.0104429375 0.0050888951 0.0088667589 0.0032499333 0.0162348627 0.0054636639 0.0106268745 0.0088459478 0.0110002171 0.0150814361 0.0070799713 0.007568748 0.0121077417 0.0030753825 0.0094102559 0.0031822696 0.0050556961 0.0047611194 0.0080966437 0.0126350155 0.0035531572 0.0032381135 0.0073131212 0.0103990283 0.0044998318 0.0159109154 0.011294352 0.0077882305 0.0098579229 0.0138902599 0.0054250018 0.008080817 0.006332987 0.0035949257 0.0030740014 0.0094162922 0.0093496369 0.0090277376 0.0071116581 0.009322194 0.0052734735 0.0060065492 0.0061045249 0.0146156963 0.0085593671 0.0071644304 0.0048487847 0.0074383922 0.0084983256 0.0051485248 0.0093960047 0.0038038036 0.0092614234 0.0099844276 0.0051552706 0.0072375976 0.0042046159 0.0089305986 0.0091026612 0.0078896539 0.0082888614 0.0101872437 0.0080383083 0.002487985 0.0069942087 0.0145963899 0.0084057975 0.0160557683 0.008228479 0.0097277007 0.005020296 0.0046180591 0.011675605 0.0075591465 0.0046546444 0.0041468758 0.0062311879 0.0089834564 0.0110853391 
21 0.0074650414 0.0098801667 0.0035923619 0.0104243388 0.011083395 0.0140527702 0.0056411735 0.0031574128 0.0062378955 0.0070749774 0.0037613649 0.0081269238 0.0058915368 0.0081994194 0.0030207584 0.006125235 0.0044892769 0.0088886281 0.0102029756 0.0097505101 0.0047372678 0.0094849856 0.0086619837 0.0064947086 0.0110293581 0.0107696472 0.013232245 0.0062662304 0.006455199 0.0081994482 0.0122408554 0.0081237196 0.0023028371 0.0055652138 0.0080549537 0.0061964643 0.0077530906 0.0076780523 0.0034227964 0.0061200627 0.0042147964 0.0078282805 0.0080887108 0.0046674538 0.0090868616 0.013786201 0.0089277825 0.0122962824 0.0071124958 0.0059805754 0.0126540156 0.0039058056 0.0061540074 0.0056333888 0.0039556038 0.0080063691 0.0079944805 0.0119096819 0.0091249816 0.0080804553 0.0066368174 0.0060466945 0.0065677076 0.0136377141 0.0073280801 0.0075239407 0.003160571 0.0060747369 0.007792793 0.0094592553 0.0068772615 0.0056824141 0.0091012121 0.0064698278 0.0066045221 0.0020973484 0.0053061355 0.0051581368 0.0120849059 0.012669094 0.0081275989 0.0041209155 0.0067448399 0.005305207 0.0060461449 0.0063391774 0.0067625544 0.0123701169 0.0082440623 0.0052051475 0.0063844864 0.00648561 0.0081708371 0.0087722705 0.0096005346 0.0053243228 0.0056639931 0.0078510889 0.0090065084 0.0111553985 0.0042600123 0.0052594914 0.0086945432 0.0083286379 0.0075819049 0.0097067757 0.0062822047 0.0049623218 0.007324275 0.0114171325 0.0054421035 0.0165682847 0.0050264261 0.0141638988 0.0115881904 0.0079460986 0.0102927739 0.0141722161 0.0021770925 0.0071419735 0.0071033893 0.0065350871 0.0146298073 0.004688477 0.0098151663 0.0158374522 0.005532925 0.0142978428 
22 0.0075592408 0.0062899648 0.0153458991 0.0053578736 0.0098976674 0.0058191106 0.0062061473 0.0057946375 0.0064375507 0.0021956809 0.0106443977 0.0057393488 0.0095039165 0.0057334733 0.0061492363 0.0084022761 0.0040660988 0.0014520009 0.0037642119 0.0056541576 0.0094849856 0.0039231413 0.0032488675 0.005499342 0.0032925172 0.0150546291 0.0045829971 0.0112456683 0.0101610785 0.0076264043 0.0020931952 0.0091673097 0.006610741 0.0049813121 0.0079594396 0.0061971468 0.0049748034 0.0062058935 0.0052264948 0.0085103054 0.0045395337 0.01247215 0.0034133425 0.0093361927 0.0079323146 0.0093466752 0.0084911295 0.0105615987 0.009037305 0.0030550787 0.0167544702 0.0099606984 0.0118791595 0.0044181724 0.0084556996 0.0095694076 0.0092274895 0.0099105078 0.0073124619 0.0081515196 0.0042867128 0.0081818506 0.0089036798 0.0091270466 0.0078877227 0.0073292882 0.0067815672 0.0120552542 0.0129234066 0.0096935668 0.0081268682 0.0123810954 0.0058462213 0.0123147908 0.0070941597 0.0052127613 0.0117098624 0.0075624743 0.0074233517 0.0066681379 0.006999743 0.0082149512 0.0115772208 0.0075603115 0.007726616 0.0081776368 0.0075026556 0.0068497925 0.0069976961 0.0114573833 0.005567544 0.0104821907 0.0057025881 0.012892728 0.0095708062 0.0119729924 0.0098013463 0.006147678 0.0041869444 0.0095222501 0.0146281057 0.0138499493 0.0087185235 0.0032792547 0.010892719 0.0048731639 0.0103914053 0.0061615191 0.0092340337 0.0034159846 0.0096981594 0.0060820778 0.0033054533 0.0068025409 0.0097065269 0.0031087228 0.0050756759 0.0080518682 0.0126569076 0.0102863738 0.0064035116 0.0093974371 0.0059826575 0.0068401554 0.0083757058 0.0123427624 0.0033237688 0.0048100727 
23 0.0048383181 0.0092413086 0.0071998391 0.0064610309 0.0117739535 0.0089925356 0.0089048054 0.0055827955 0.0126215533 0.006384692 0.0058600008 0.0076205718 0.0163871042 0.0081791599 0.0080572743 0.0080521091 0.0064232122 0.0122381962 0.0093458435 0.0041743977 0.0086619837 0.0032488675 0.0069986001 0.0022556086 0.0047884012 0.0044623264 0.001598525 0.0076455135 0.012640611 0.0091488143 0.0064332212 0.0083013076 0.011050559 0.005913903 0.0065221941 0.0072462679 0.0161672031 0.0028504188 0.0162143623 0.0070513424 0.0015291287 0.0140951323 0.0119934865 0.0032455864 0.00871729 0.0103209486 0.0103872337 0.0095899499 0.0096892509 0.0102690777 0.0052390694 0.0058473677 0.0108357962 0.0067005314 0.0056576707 0.0052898704 0.0028037081 0.0079602649 0.0059335684 0.0109365733 0.0066687937 0.0077853101 0.0094233146 0.0058614547 0.0120056131 0.0084587764 0.007425307 0.0079880579 0.0038678283 0.0044943234 0.0051301253 0.0073721389 0.0076221448 0.007580735 0.0075969781 0.0058988907 0.0089767738 0.0049451474 0.0045623502 0.005914109 0.0088891098 0.0061665935 0.011582706 0.0137618633 0.0094849809 0.0139843209 0.0111100461 0.0044786177 0.004567723 0.0084398216 0.0067366582 0.0077267927 0.0033369762 0.0085379547 0.0058597381 0.0125273374 0.0064085478 0.0141247003 0.0049910877 0.0042409886 0.0073957513 0.0060716229 0.0071911252 0.0125635216 0.0042159419 0.0145608646 0.0019509975 0.0101106573 0.0092282807 0.010008072 0.0071947008 0.007110453 0.0078007356 0.0104567387 0.0111942975 0.0082431034 0.0063631994 0.0059610876 0.0115803105 0.0049308866 0.0055934064 0.003774297 0.010088149 0.0079579019 0.0118125467 0.0091311488 0.0039041835 0.002491044 
24 0.0036431374 0.0036189171 0.0049756094 0.005684818 0.0053391585 0.0141380749 0.009836607 0.0090384181 0.0079534239 0.0126573847 0.0085617571 0.0059847638 0.0079836182 0.0110783654 0.0107963695 0.0103362355 0.007520699 0.0050529135 0.005794864 0.0092652967 0.0064947086 0.005499342 0.0022556086 0.0040476416 0.0059906067 0.0069646574 0.006589302 0.0021174189 0.0045653902 0.0075194867 0.0107864066 0.0112907147 0.0064893761 0.0141069516 0.0119477846 0.0035260288 0.0132668674 0.0053816049 0.012276184 0.0063297302 0.0056487139 0.0042022637 0.0074900505 0.007862184 0.0098683401 0.0044697977 0.005746314 0.0086317413 0.0131530177 0.0040571019 0.0094389661 0.0120591129 0.0068230273 0.0029362755 0.0123694369 0.0035246254 0.0092269189 0.0085915109 0.0104952468 0.0128301925 0.0105084406 0.0158002494 0.0113144397 0.0044776795 0.0072837521 0.0118622772 0.0104696335 0.0073999048 0.002757313 0.0112793325 0.0071432347 0.0065576441 0.0063469863 0.0052116009 0.0050659224 0.0081181508 0.0091069843 0.0076794046 0.0108233881 0.0075639909 0.0097609059 0.0086047078 0.0054505297 0.006824506 0.0104866139 0.0082250818 0.0051767076 0.0095748996 0.005660659 0.0062471107 0.006211748 0.0114342316 0.0071562577 0.012981322 0.0095801727 0.0071873072 0.0089622759 0.0027668001 0.0085365543 0.0081503484 0.0077771699 0.0040479303 0.0121625841 0.0082362936 0.0076830953 0.0080553428 0.0061711024 0.0066726478 0.0077467116 0.0079245896 0.0062555431 0.0080306635 0.004582647 0.0081713081 0.0083301489 0.0068050135 0.0033731702 0.0056219136 0.0104399369 0.0125039852 0.0047018555 0.0063277618 0.0078977664 0.0062716664 0.0105949031 0.0085769193 0.0069205234 0.0062366562 
