128
1 0.010537955 0.0093029281 0.0058855368 0.0079641588 0.0088666815 0.0031940155 0.0050494285 0.0065607769 0.0135362645 0.0080313029 0.008590396 0.0075389258 0.0077181956 0.0076472033 0.007000862 0.006678551 0.0069761071 0.0088433763 0.0046463477 0.0058457514 0.0083760156 0.0050754105 0.0078428098 0.006817996 0.0078762902 0.0077435386 0.0112690134 0.0087868606 0.0127480112 0.0041027819 0.0092120429 0.0078506016 0.008404312 0.0087450165 0.0021696113 0.0084358876 0.0056823594 0.0110906711 0.0071998694 0.0082830782 0.0033155908 0.0054482402 0.0153602261 0.0073991888 0.0075685236 0.0080311964 0.0016010694 0.0074359138 0.0099434675 0.0101423372 0.0109685241 0.0074839477 0.0072490453 0.0092968062 0.0106699661 0.007726053 0.0139901841 0.0126284971 0.0062816611 0.0083486337 0.0061461942 0.0065100482 0.0029496625 0.0044806158 0.0053891565 0.0138007542 0.0093417418 0.0036897892 0.009243497 0.0078921984 0.0063739267 0.0075548564 0.0051021746 0.0127101986 0.010222428 0.0057175529 0.0075881096 0.0086306844 0.0071565923 0.0106107496 0.0027699621 0.0119028866 0.0111534641 0.004713205 0.0027385537 0.006488414 0.0073855852 0.0034197933 0.0056133117 0.0089689561 0.0030237184 0.0067707633 0.0124221094 0.010041225 0.0075960141 0.0151987991 0.0054132122 0.0064593358 0.0118173368 0.0084255996 0.0105658159 0.0089815101 0.00543129 0.0059064549 0.0082340611 0.0081595143 0.0063116595 0.0056042806 0.0046621693 0.0099878906 0.0094009755 0.0052158064 0.0080523871 0.0116443547 0.0127014938 0.0093055909 0.0032151681 0.0065099565 0.0064024076 0.0080197812 0.0057252304 0.0060924881 0.0054682521 0.0053552576 0.0090516952 0.0120991955 0.0082088236 0.0112372978 
2 0.0093029281 0.0185289923 0.003442567 0.00940719 0.0084858792 0.010301346 0.01048249 0.0078476259 0.0076574577 0.0041720957 0.0069605261 0.0051981765 0.004175312 0.0040463524 0.0148205746 0.0136271794 0.007444633 0.0047108432 0.0144807974 0.0104581918 0.0072129468 0.0094595189 0.0110229417 0.0020233874 0.0021898281 0.0078405669 0.0035163855 0.0086717022 0.0060628688 0.0061324686 0.0048189043 0.0085959397 0.0124709758 0.00266909 0.00819303 0.0085242441 0.0029717645 0.0093118563 0.0092103381 0.0105817172 0.0065717401 0.0086676853 0.0086280903 0.0087270284 0.0118625314 0.0072765992 0.0078280917 0.0129914368 0.0064203663 0.0051229676 0.0075204076 0.0061929702 0.0076714888 0.007567772 0.0075375561 0.0069596571 0.0052971072 0.005048771 0.0125822999 0.010076374 0.0091965376 0.0096494021 0.009427845 0.0084021222 0.0117539589 0.0062673073 0.007679337 0.0088685769 0.0064951797 0.0063391782 0.007546076 0.0057080658 0.0079152112 0.0066696682 0.0046071644 0.0072787676 0.0094964126 0.0078556116 0.0127620857 0.00254403 0.0056619391 0.005634231 0.0110186894 0.0119916621 0.0069659606 0.007720818 0.0127361033 0.0033287531 0.003333914 0.0063669425 0.0045395548 0.0084136408 0.0040836692 0.0060138768 0.0102090053 0.0068865142 0.0077317014 0.0118777357 0.0049959441 0.010719326 0.0056150544 0.0074981013 0.0040714455 0.0093173109 0.0114027231 0.0073744172 0.0100164229 0.0032890228 0.007583994 0.0136871246 0.0077940312 0.0104678621 0.0071802719 0.0051305202 0.0139269498 0.0158604979 0.0030787843 0.0061127889 0.0063850902 0.0089067 0.0128109261 0.0049171241 0.0047537672 0.0072046157 0.0075390386 0.0016722252 0.0077271737 0.0044009227 
3 0.0058855368 0.003442567 0.0095753257 0.004512917 0.0030640125 0.0069343418 0.0116476147 0.0091144668 0.0032197167 0.0053619905 0.0069152163 0.0091039356 0.006608232 0.0071674157 0.0035402722 0.0072772462 0.01150067 0.0100104084 0.0063429609 0.0109322755 0.0127096573 0.011728342 0.0149699213 0.0091398256 0.0126729622 0.0100909892 0.0090006001 0.0103716356 0.0020345661 0.0121019441 0.0073687325 0.0073717959 0.0055605465 0.0026506201 0.0072734687 0.0080741281 0.007758251 0.0057693652 0.0098582191 0.0090453531 0.0104897697 0.0063755391 0.0072479681 0.0079757285 0.0117119077 0.0052899911 0.0030244586 0.0101417135 0.0090816298 0.0037578529 0.0098220823 0.0103456652 0.0083864352 0.0128425313 0.0117748102 0.0070435684 0.0031375618 0.0107236682 0.0064561591 0.006605034 0.0114810088 0.0034069837 0.0023979171 0.0106947693 0.0049515567 0.0071676445 0.0121238399 0.0098881336 0.0096200448 0.011189383 0.0107373114 0.0042293265 0.008700636 0.0100187331 0.0115389776 0.0045276012 0.0052666102 0.0046939021 0.0064754126 0.0043353287 0.0064605542 0.0080463158 0.0097403305 0.015472098 0.0115519941 0.0051530928 0.0044924489 0.0124667588 0.0060982206 0.0058992474 0.0089102846 0.007151136 0.0047570701 0.0064420104 0.0035147621 0.0110839992 0.0119579614 0.0064106471 0.0044775727 0.0080539036 0.0141557951 0.0051312593 0.0047677312 0.0044736773 0.0053495136 0.0083926498 0.0090181476 0.0026169411 0.0118615698 0.0090838147 0.0107018738 0.003942499 0.0061791153 0.0020044506 0.0089885942 0.0111788834 0.0083190363 0.0089259803 0.004982186 0.0036064265 0.0083876757 0.0092502232 0.006572182 0.0065034895 0.007766854 0.0081146744 0.0082846857 0.00991242 
4 0.0079641588 0.00940719 0.004512917 0.0033329593 0.0072872272 0.0114781689 0.0054413025 0.009012181 0.004816977 0.0062290814 0.0048130303 0.0117111525 0.0044145009 0.0092537446 0.006445546 0.0014774315 0.0073454692 0.0059904966 0.0090369198 0.0080275895 0.0041462505 0.005352612 0.0090351162 0.009894849 0.0081257208 0.0050522449 0.0108297474 0.007371356 0.007576647 0.0044472618 0.0063286268 0.0080901358 0.009937838 0.0048689085 0.0113720145 0.0050008863 0.0062730272 0.0089067313 0.0097659761 0.0052242673 0.0084811096 0.0081340781 0.0122529501 0.0125344266 0.0027144486 0.011484791 0.0108400858 0.0084885848 0.0065020442 0.0062715503 0.0103569448 0.0071263433 0.0053107278 0.0092417812 0.0102552506 0.0027566374 0.0057412002 0.0065777832 0.0050119986 0.0070984004 0.0063803092 0.0116763957 0.0080999001 0.0071397404 0.0043001194 0.0106211882 0.0113612726 0.0088119381 0.0172444461 0.0062406963 0.0075065621 0.0040025167 0.004063075 0.00756268 0.0059838487 0.0073076984 0.0110729681 0.0071000315 0.0059555138 0.0105131247 0.0048294871 0.0071804635 0.0053365703 0.0116717732 0.0043627689 0.008688505 0.0130752224 0.0135383298 0.008360579 0.0050483118 0.0091451609 0.0049605014 0.0058887178 0.0100756284 0.0035488191 0.0057334794 0.0095492287 0.0043139095 0.0119957018 0.0104106476 0.0067388458 0.0077484099 0.0039943279 0.007829965 0.0102446906 0.0074877926 0.0049400704 0.0096883535 0.0120870959 0.011077258 0.0125618375 0.0057583699 0.0065351783 0.0101136224 0.0085763122 0.0220115677 0.0034915909 0.0079597384 0.0085875265 0.0062337543 0.0097491282 0.0085668227 0.0087878753 0.0058453618 0.0057860799 0.0096086824 0.0060783009 0.0084742127 
5 0.0088666815 0.0084858792 0.0030640125 0.0072872272 0.0089658929 0.009752947 0.0087687104 0.008297616 0.0041352771 0.0080003769 0.0158004281 0.0077295082 0.0074697849 0.0116478311 0.0118020317 0.0014023564 0.0058211281 0.0099081015 0.0065194211 0.0038557791 0.0103975983 0.0048835896 0.0094394881 0.0065666835 0.011558345 0.0051765032 0.004617278 0.0107848303 0.0187632831 0.0063469812 0.0084605348 0.0112658439 0.0083316815 0.0073217963 0.0097274567 0.0077164041 0.0102309462 0.0023777891 0.0082205867 0.0103686798 0.0114634571 0.0061037703 0.0085799843 0.0038074113 0.0092889279 0.0125901341 0.0071103416 0.0078553916 0.0076233429 0.007999493 0.0079433053 0.0089415903 0.0114387404 0.0100016614 0.0065490649 0.0055613583 0.0075312045 0.0059468214 0.0033061669 0.0095561648 0.0073716526 0.0089170735 0.0084019324 0.0046467559 0.0099668763 0.0027355282 0.0070977992 0.0044979815 0.0060888999 0.0072832074 0.0091645149 0.0071790536 0.0054439834 0.0029508022 0.0074660419 0.0069318396 0.0033024606 0.007892633 0.0113815873 0.0063233039 0.0105726745 0.0068108568 0.0064034803 0.0083953413 0.0065155321 0.0095209829 0.0066969943 0.008175521 0.0177678687 0.0096383506 0.0114184931 0.0106286456 0.0056021622 0.011097752 0.0070700825 0.0084548593 0.0075161956 0.0032293569 0.0065078573 0.0062277496 0.0095556176 0.0057456182 0.0089080156 0.0027488745 0.0123371006 0.0102550394 0.00648798 0.0079145146 0.002614253 0.0078348794 0.0086091081 0.0089149994 0.0074130332 0.0036443963 0.0053788187 0.0101065224 0.0073261611 0.0028587444 0.0077000549 0.0094405229 0.0054037812 0.0105333405 0.0055077372 0.0055271623 0.0048599185 0.0091572849 0.0139975066 0.0065887083 
6 0.0031940155 0.010301346 0.0069343418 0.0114781689 0.009752947 0.0051201652 0.0035611756 0.0082484661 0.0051293745 0.0092987461 0.0064038888 0.0083773015 0.0099694031 0.0106948655 0.0022573537 0.0087703904 0.0058617891 0.0150012126 0.0066452048 0.0057708684 0.0055204964 0.010348293 0.0075638015 0.00510476 0.0049080253 0.01360817 0.0088329931 0.0093318385 0.0130961938 0.008334758 0.0071592837 0.0045652137 0.006815693 0.0089611566 0.0111330677 0.0082919263 0.0011458916 0.00699766 0.0071758854 0.0063906764 0.0091308892 0.0052505539 0.0107744061 0.0101587111 0.0071970764 0.0090016326 0.0059580924 0.0096530989 0.0035036125 0.015817659 0.0058861454 0.0100607397 0.0062287367 0.0040790789 0.0054617654 0.003874309 0.0068821291 0.0107486889 0.0130728721 0.0060046797 0.0094043059 0.0095302746 0.0081372158 0.0122043697 0.006434498 0.0120663328 0.0084838263 0.0050890111 0.0087598832 0.0059373984 0.0109599765 0.0082937866 0.0104502128 0.0056705873 0.0053740578 0.0069342656 0.0040793543 0.0089672092 0.0077988351 0.0091624251 0.0076249563 0.0128420085 0.0121520682 0.0041532612 0.0117007663 0.008205758 0.0095907689 0.007043839 0.0046099264 0.0094058006 0.0073156691 0.0101454786 0.0077177343 0.0051743639 0.0111381455 0.0102827447 0.0062343575 0.0079466811 0.0074966502 0.0067376856 0.0085323584 0.0031242126 0.0079329692 0.0103516298 0.0087346719 0.0033106891 0.0042380406 0.0055425293 0.0049563223 0.0052509398 0.0072275143 0.0097857985 0.0107636054 0.0085770769 0.0091498578 0.011904198 0.010398068 0.0097831563 0.0095799135 0.0062073355 0.0065180637 0.0047336983 0.0091751598 0.004987426 0.0041310175 0.005413205 0.0058176873 0.0058146799 
7 0.0050494285 0.01048249 0.0116476147 0.0054413025 0.0087687104 0.0035611756 0.0070970337 0.0066422794 0.0077198408 0.0120167335 0.0066663096 0.0058352077 0.0028869668 0.0111976894 0.0058610158 0.0020196184 0.0095788921 0.0058858205 0.0061243269 0.0065615306 0.0082098836 0.0070379387 0.0079732464 0.0099589384 0.0074820055 0.0082447069 0.0076501161 0.0071459639 0.0038412788 0.0090485196 0.0080933634 0.0086792977 0.008254778 0.0117200744 0.0099230816 0.0036244652 0.0053090843 0.0085311061 0.0118547454 0.0164769411 0.012229921 0.0087469402 0.0111288938 0.0102502574 0.0092473326 0.0033767693 0.0066981514 0.009773839 0.0086914482 0.0078804367 0.0089027708 0.0060848327 0.0060682368 0.0122489903 0.0026898459 0.0065404694 0.0077412195 0.0037671428 0.0034565149 0.0089770706 0.0071074762 0.0065878087 0.0074454701 0.0076760288 0.0026709398 0.0072369081 0.0059470842 0.0039835196 0.0108501664 0.0088560478 0.0101610489 0.0079417511 0.0062080028 0.0051034638 0.0070145071 0.0080883796 0.0155478281 0.0126124415 0.0043603229 0.008825589 0.0105190168 0.0126132037 0.0079115019 0.0065920927 0.0074434872 0.0042896484 0.0077258401 0.0069194625 0.0048054947 0.0020641474 0.0083146171 0.0053015536 0.0131452605 0.0076072455 0.0119399304 0.0066759827 0.0078212844 0.0107853997 0.0104731851 0.0023669488 0.0060535297 0.0042651845 0.0076717085 0.0094889837 0.0053838979 0.003154344 0.0079429811 0.0087466062 0.0052223148 0.0050134839 0.0108529784 0.009894196 0.0067680192 0.0110075044 0.0045879131 0.0087023258 0.0112810618 0.0107418249 0.008098284 0.0089484221 0.0124777218 0.0140885174 0.0079168076 0.0077709012 0.004918205 0.0082783947 0.0086513539 0.0079278412 
8 0.0065607769 0.0078476259 0.0091144668 0.009012181 0.008297616 0.0082484661 0.0066422794 0.0081802511 0.0147201332 0.0108358264 0.0110307638 0.0132735838 0.0085323083 0.0048049913 0.0109963353 0.0100422372 0.004471354 0.0079030238 0.0052105524 0.0080517451 0.0046505006 0.0139957725 0.0051592118 0.0045356092 0.0056239956 0.0103807942 0.0111601569 0.0074254025 0.0059729762 0.0039871303 0.0079588852 0.0105406498 0.010769527 0.0087353693 0.0080965493 0.0067528074 0.0096243038 0.0109743839 0.0095805358 0.0055111062 0.0153893619 0.0111861189 0.0089026209 0.0079770377 0.0060347076 0.00850538 0.0125720129 0.0041111914 0.0080185648 0.007128295 0.012564582 0.0076987732 0.0064627621 0.0068818538 0.0114809544 0.0066073238 0.0082212588 0.0053136426 0.0053140431 0.0027997281 0.0084342275 0.0093111863 0.0031983791 0.0050404015 0.0058522714 0.007128722 0.0029947815 0.00286657 0.0057657598 0.0094413344 0.0090066119 0.0099154437 0.0054659509 0.0099867353 0.0095158194 0.0086121904 0.0155455353 0.005801433 0.0079715948 0.004996341 0.0107427804 0.0087734419 0.0094746385 0.0035872083 0.0067679407 0.009708015 0.0066478346 0.0072004582 0.0047598567 0.0116070714 0.0142809015 0.0039260541 0.0086800345 0.0067030235 0.0103077879 0.0110455049 0.0078523594 0.005659523 0.0045561003 0.0083944713 0.0084760656 0.0100251433 0.0121323989 0.0060484584 0.0014494665 0.0069814261 0.0125777619 0.0113673327 0.0020561866 0.0066205124 0.0047773856 0.0105374492 0.0069200367 0.0044165643 0.0061829644 0.004273136 0.0106075908 0.0064781131 0.0037140897 0.0062706442 0.0037747397 0.0082455561 0.0045037625 0.0107635487 0.0056635469 0.0046522083 0.007364379 0.0072108387 
9 0.0135362645 0.0076574577 0.0032197167 0.004816977 0.0041352771 0.0051293745 0.0077198408 0.0147201332 0.0038778616 0.0049651235 0.0110234475 0.0052818312 0.0042376907 0.0061472557 0.0060262562 0.0134529786 0.0109437367 0.0129702224 0.0083440154 0.0077427967 0.0057174136 0.0048940025 0.0071813311 0.0038591931 0.0075952428 0.0077902799 0.0079837336 0.0122388809 0.0051588356 0.010549405 0.0067503888 0.0079806592 0.0104479008 0.019456969 0.0089186433 0.010250937 0.0122826115 0.0118475564 0.0056600071 0.0069826016 0.0042616866 0.0091849077 0.0072404783 0.0055778467 0.0074606806 0.009149895 0.0087612939 0.0030566588 0.0119664874 0.0085899122 0.0045844155 0.0077659399 0.0090214659 0.0120967823 0.0047125678 0.0032114651 0.0068007983 0.0018002091 0.010366756 0.0069066784 0.0076863422 0.0067368336 0.0067754872 0.0143145371 0.0031120147 0.0111262004 0.0106110278 0.0091730394 0.0074788917 0.0088804253 0.0073373852 0.0075950409 0.0036581524 0.0100963027 0.010538965 0.0135857644 0.0075633134 0.0075883692 0.0039508105 0.0078934112 0.0083656063 0.0058004933 0.0058204495 0.0080453512 0.0087308784 0.0083529942 0.0080478868 0.0087477065 0.0033610049 0.0065071203 0.0082717862 0.0027954867 0.006393955 0.0171914767 0.0075404003 0.0052480735 0.0061780972 0.0058827526 0.0099194416 0.0119000822 0.0093866555 0.009456947 0.0064567748 0.0064904275 0.0078010715 0.0058142202 0.0019895371 0.0051525628 0.0042097063 0.0058409025 0.0071192359 0.0050143623 0.0129802812 0.009741311 0.0103142451 0.0041991987 0.0111792557 0.0072842739 0.0095677448 0.0114655874 0.0078074851 0.0043185884 0.0090051426 0.0045698044 0.0098952994 0.0077373706 0.0065386001 0.0078482746 
10 0.0080313029 0.0041720957 0.0053619905 0.0062290814 0.0080003769 0.0092987461 0.0120167335 0.0108358264 0.0049651235 0.0077200976 0.0108971221 0.0058013132 0.0086509273 0.0021320201 0.0118003401 0.0076544277 0.0083802512 0.0080959343 0.0097590435 0.0101242826 0.007080377 0.0092227933 0.0166984782 0.0127184736 0.0088845077 0.005206152 0.007519834 0.0043648139 0.0124582108 0.0091613554 0.0042752234 0.0091713709 0.0082303278 0.0060256879 0.0077831573 0.0058999199 0.0115816272 0.0108776845 0.0033008785 0.0034028646 0.0051390644 0.0072676228 0.0067940765 0.0091161649 0.006390659 0.0105396325 0.0113915625 0.0060950521 0.0067319413 0.00487443 0.0091997548 0.0080297768 0.0102043434 0.0068427489 0.0092427274 0.0065223986 0.0092580657 0.0112098008 0.0057245141 0.0038604901 0.0120378875 0.0047228605 0.0098942986 0.0072546615 0.0102508547 0.0113384639 0.0093079592 0.0101783614 0.0077750706 0.0107962708 0.0079356319 0.0048951122 0.0024135798 0.0101926228 0.0066461044 0.0070518669 0.0040504224 0.0057630647 0.007779728 0.0076981032 0.0082756095 0.0131266877 0.0098447737 0.0023734236 0.0063572141 0.0078184442 0.0063591301 0.0091811798 0.0108802096 0.0069506663 0.0101183847 0.0050659111 0.0062971725 0.0096201548 0.0038061991 0.0119865968 0.0054967728 0.007337883 0.0066504414 0.0112519123 0.008829147 0.009285691 0.0084987016 0.0043888024 0.0107314226 0.0032967065 0.0166627714 0.0045368007 0.0057463761 0.0043134192 0.0075353502 0.0133660965 0.0012932879 0.0044108843 0.0067156907 0.0058031699 0.0053506251 0.0039774225 0.010878498 0.0065176318 0.0068024827 0.0184240963 0.0111273395 0.0044651472 0.0078894399 0.0034858131 0.00649251 0.0041673828 
11 0.008590396 0.0069605261 0.0069152163 0.0048130303 0.0158004281 0.0064038888 0.0066663096 0.0110307638 0.0110234475 0.0108971221 0.0032055372 0.0078911272 0.0107643341 0.0096148449 0.0047510847 0.00679777 0.0080153596 0.004976459 0.0036596261 0.0055018826 0.0079229199 0.0051447481 0.0130048423 0.0129009856 0.0080710708 0.0101259463 0.0065662271 0.0127126759 0.004823543 0.0049956408 0.0058072154 0.0033295454 0.0137822067 0.0095810158 0.0053443298 0.0066992435 0.0056950996 0.0074425654 0.0093286252 0.0145033892 0.0075034948 0.0100224806 0.0085626523 0.0048303159 0.0079102295 0.0131770379 0.0096537072 0.0080134789 0.0079763651 0.0085783401 0.0059167857 0.0090642855 0.0052953132 0.0093052218 0.0055106255 0.0145107662 0.0077224191 0.0084413782 0.0052717108 0.0082478161 0.004969686 0.008616725 0.0113930418 0.0049905785 0.0032085745 0.0068250955 0.0108601784 0.0120513698 0.0066670695 0.0053930666 0.0113333603 0.0051345088 0.0055501314 0.005748066 0.0061828597 0.005283191 0.00766393 0.0095638068 0.0084238309 0.007717075 0.0088482194 0.0113927397 0.0064580963 0.002925535 0.0109961461 0.0076010001 0.0076537133 0.0083439556 0.0088918542 0.0089032131 0.0110579524 0.0128724491 0.006512767 0.0091041529 0.0045248616 0.0062013066 0.0057714702 0.0070923907 0.0084046149 0.00864335 0.007686178 0.0093025817 0.00810396 0.0111846099 0.0058570999 0.0098048759 0.0053574699 0.0042972953 0.004282743 0.0032954918 0.0025790965 0.0068526837 0.0071845274 0.0090431737 0.0059577857 0.01223269 0.0037525214 0.0074151472 0.0126586324 0.0113633108 0.00370314 0.0084117419 0.0093332384 0.0051339726 0.0088176132 0.0074466194 0.0074420086 0.0041484443 
12 0.0075389258 0.0051981765 0.0091039356 0.0117111525 0.0077295082 0.0083773015 0.0058352077 0.0132735838 0.0052818312 0.0058013132 0.0078911272 0.0047246453 0.0081199439 0.0109119214 0.0100095021 0.0060720458 0.004737222 0.0109789143 0.0076954241 0.0113226813 0.0064977155 0.0128085943 0.0027120523 0.0064601559 0.0075744053 0.0043607882 0.0105000355 0.0082738241 0.0027400862 0.0053528946 0.0055079259 0.0086900953 0.0071258884 0.0089831648 0.004137196 0.0054162401 0.0040559231 0.007497035 0.0062239865 0.0057185094 0.0092781895 0.0047371647 0.0090935335 0.0072539207 0.004062436 0.0067544567 0.0066943796 0.0086149593 0.0028428596 0.0094162424 0.0117989305 0.0114673193 0.0082757435 0.0080040591 0.0051406401 0.0105978549 0.0076566819 0.0096346861 0.0103878793 0.0056456233 0.0058824517 0.0056983541 0.0064813719 0.0045503808 0.0115482174 0.0070542843 0.0061850808 0.004623756 0.012777606 0.0094611962 0.0056607025 0.0072211185 0.0086275787 0.0121484219 0.0054338077 0.0102600587 0.0076771901 0.0121544997 0.0102115456 0.0089404401 0.0062230109 0.0110780562 0.0054653472 0.0064124787 0.0094477107 0.0056815317 0.0031312174 0.0059715518 0.0070633839 0.0062785158 0.0069728002 0.0134938264 0.0126904322 0.0074363788 0.007337331 0.0061966685 0.0064936622 0.0056080465 0.0106989346 0.0088413783 0.0095362017 0.0121022821 0.0067860722 0.0057274804 0.0103780921 0.0111175069 0.0116749841 0.0108800799 0.0081760908 0.011694951 0.0039230071 0.0082795326 0.0110991101 0.0079458131 0.0074183607 0.0072619143 0.0067046675 0.0084658636 0.0099288715 0.0065144824 0.0099441275 0.0107858371 0.0072261844 0.0047501799 0.0055305689 0.0051344604 0.0102741631 0.0053103488 
13 0.0077181956 0.004175312 0.006608232 0.0044145009 0.0074697849 0.0099694031 0.0028869668 0.0085323083 0.0042376907 0.0086509273 0.0107643341 0.0081199439 0.0055630027 0.006337565 0.0070224337 0.0075953015 0.0097432723 0.0102022592 0.00402834 0.0137031709 0.0090024693 0.0079064878 0.0075639432 0.0120162144 0.0012536926 0.0037153145 0.0076329284 0.0101319565 0.0089612961 0.0057076744 0.0070639645 0.0065735654 0.010328792 0.0087718699 0.00793764 0.0102539499 0.0042273139 0.0087578925 0.0053531784 0.0018322874 0.0137884472 0.0126783055 0.0113662331 0.0103312416 0.0060193929 0.0093541282 0.0068044211 0.0061264308 0.0085389236 0.007821861 0.0081174723 0.0088465403 0.0100882048 0.0048448667 0.0112571611 0.0057964741 0.0091237159 0.0107751144 0.0115631389 0.0071414978 0.0080846093 0.006879724 0.0137870417 0.0066799356 0.0077987833 0.007270551 0.0039104551 0.0067362479 0.0119637608 0.0056169888 0.0028089707 0.0064305947 0.004831606 0.0105336034 0.0065861137 0.0025042664 0.008702755 0.0090304179 0.0047289989 0.008579176 0.0116988413 0.0076354197 0.0046355417 0.0107099748 0.006325017 0.012764896 0.0107210122 0.00148325 0.0084324987 0.0025241415 0.0060972669 0.0057325487 0.008718268 0.0054941073 0.008941053 0.0042670336 0.007149775 0.0059144315 0.0058198673 0.0080800682 0.0044857526 0.0122207108 0.0099754809 0.0030031934 0.0077524661 0.006643373 0.0057044515 0.0082758574 0.0055878246 0.0081832537 0.0076487008 0.0103913885 0.0036041753 0.0080693815 0.0064705112 0.0055005787 0.0121392538 0.0106044654 0.0034897451 0.0066349398 0.0110135099 0.012947452 0.0059428413 0.0117149234 0.0159954019 0.0162211499 0.015210292 0.004840366 
14 0.0076472033 0.0040463524 0.0071674157 0.0092537446 0.0116478311 0.0106948655 0.0111976894 0.0048049913 0.0061472557 0.0021320201 0.0096148449 0.0109119214 0.006337565 0.0029916783 0.0052184076 0.0048984517 0.0053474933 0.0064169027 0.0043666951 0.0051338182 0.0086521646 0.0098798676 0.006004559 0.0106026834 0.0101683224 0.0120896523 0.0064277905 0.0097689342 0.0076785339 0.0095098733 0.0075312892 0.0057026638 0.0083060132 0.0031155246 0.0055609469 0.0035608177 0.0131108045 0.0095015994 0.0091630263 0.0154552554 0.0064867261 0.0091614729 0.0049581569 0.0086448846 0.0118055018 0.008747757 0.002621869 0.0126717781 0.0108692142 0.0125537555 0.008774772 0.0068441782 0.0071164895 0.0077334378 0.0122632615 0.0103599086 0.0025687089 0.0075002175 0.006987986 0.0087895658 0.0013875331 0.0064331974 0.0142247942 0.0090388222 0.0046271974 0.0047644328 0.0075492611 0.0119497283 0.0040577866 0.0110600057 0.0101893823 0.0028888048 0.0021736657 0.0103484316 0.0057741857 0.0046525473 0.0146942621 0.009417068 0.0104640456 0.0065501458 0.0116477835 0.0110079962 0.0090743305 0.0066591988 0.0053245918 0.0077002553 0.0060375718 0.0098944659 0.0073152613 0.0144116622 0.0138262754 0.0021840983 0.006528471 0.0092790317 0.0066847226 0.0077590954 0.0069741437 0.0027929357 0.0102470214 0.0082291211 0.0073796203 0.0041022002 0.0035854353 0.0040864747 0.0039164432 0.011393484 0.0130370435 0.0085745821 0.0085051513 0.0048094291 0.0105547558 0.0061919434 0.007968155 0.0106368627 0.0063974843 0.0064877918 0.011164816 0.0080038168 0.0078957619 0.0056121097 0.0113535824 0.0025570452 0.0057900575 0.0077213659 0.0070548033 0.0064544556 0.0082468062 0.0094680803 
15 0.007000862 0.0148205746 0.0035402722 0.006445546 0.0118020317 0.0022573537 0.0058610158 0.0109963353 0.0060262562 0.0118003401 0.0047510847 0.0100095021 0.0070224337 0.0052184076 0.011117769 0.0099584298 0.0074071835 0.0097715763 0.0081960461 0.0065928714 0.0039032166 0.0038890116 0.00794984 0.0089293353 0.0039226087 0.0048888582 0.0067248085 0.0089986714 0.0083209192 0.0093819626 0.0056093964 0.0080028075 0.0081074409 0.0062718789 0.0113315738 0.011566792 0.005694041 0.0077719372 0.010544624 0.0086587624 0.0053742127 0.0101726893 0.0074067558 0.0084356322 0.006615487 0.0066200499 0.0058680626 0.0103626766 0.0109703972 0.0122190555 0.0048344156 0.0026628373 0.006398305 0.0073926344 0.0132068646 0.0076939041 0.0063014518 0.0113428476 0.0069946976 0.008215925 0.0049500593 0.0113551834 0.0060100557 0.0093853745 0.009804423 0.004789619 0.0068156653 0.0071120783 0.0061173995 0.0047764646 0.0059150017 0.0111521659 0.0058036708 0.0062212469 0.0089590506 0.0053631437 0.0061740582 0.0051823396 0.0072311928 0.0073229363 0.0063995887 0.0070124993 0.0090751386 0.0065706142 0.0041863641 0.004282047 0.0105129765 0.0055408663 0.0097450386 0.0081081654 0.0070652754 0.0055979626 0.0116871741 0.0051703318 0.0097059507 0.0087377414 0.0115357685 0.0110251421 0.008747426 0.005812114 0.006546498 0.0052331515 0.0085303432 0.0057300492 0.0113338891 0.0084853984 0.0097009791 0.0067425382 0.0093079945 0.0087649323 0.0094661127 0.0053343074 0.0081227074 0.0104110558 0.0098740997 0.0037287676 0.0124502951 0.0132957494 0.0057914568 0.0062628436 0.0120898552 0.0086403825 0.009357918 0.0115041737 0.0023334716 0.0067387651 0.0083938378 0.0087158327 
16 0.006678551 0.0136271794 0.0072772462 0.0014774315 0.0014023564 0.0087703904 0.0020196184 0.0100422372 0.0134529786 0.0076544277 0.00679777 0.0060720458 0.0075953015 0.0048984517 0.0099584298 0.0022221649 0.0104653466 0.0050828723 0.0080159323 0.0082732134 0.0082352816 0.0107956172 0.0100562718 0.0088741038 0.009054619 0.0070495942 0.006722181 0.0074227762 0.0067141764 0.0062228953 0.0038891929 0.0069917514 0.0037311471 0.0060257704 0.0072398029 0.0034895099 0.0090161779 0.0091661717 0.0119382883 0.0068696885 0.0073022819 0.0070311128 0.0086033335 0.0061320832 0.0061697121 0.0096106776 0.0095188771 0.0045937278 0.0079423319 0.0094963111 0.0125471353 0.0039684952 0.0085793104 0.0032816822 0.0091521994 0.0105232125 0.005277755 0.0121247855 0.0092601438 0.0089643212 0.0077559716 0.0072822246 0.0052099557 0.0067874515 0.0112444721 0.0040909881 0.0064036676 0.0095572894 0.0118946231 0.0105536484 0.0092573275 0.0067832199 0.0079952173 0.0087764949 0.012751587 0.0127884579 0.0104592016 0.0087825613 0.0054711751 0.0038692441 0.0085697093 0.0053917509 0.0041061216 0.0027681116 0.0116681028 0.0160970083 0.0061636123 0.0116244664 0.0053356125 0.0117278765 0.0067175212 0.0045966425 0.0083403513 0.0072377721 0.0090304545 0.0076085408 0.0100791947 0.0055686034 0.0065885667 0.0081699645 0.0086294434 0.0051853092 0.0077942174 0.0017769793 0.0077766875 0.0117389253 0.002327121 0.0032694055 0.008528595 0.0070579069 0.0096049218 0.0049301313 0.0092268268 0.011226975 0.0110921334 0.0064017034 0.0083978822 0.0069262043 0.0053113483 0.0092093928 0.0137007303 0.0092160289 0.0090885804 0.0054166128 0.0074889266 0.0100997302 0.0130106449 0.009093421 
17 0.0069761071 0.007444633 0.01150067 0.0073454692 0.0058211281 0.0058617891 0.0095788921 0.004471354 0.0109437367 0.0083802512 0.0080153596 0.004737222 0.0097432723 0.0053474933 0.0074071835 0.0104653466 0.0145827406 0.0041799509 0.0034785973 0.0056902099 0.0040897992 0.0080698078 0.0064520685 0.0138361234 0.0051696052 0.0063977964 0.0077509883 0.0058646981 0.0041695337 0.0082917049 0.0073564922 0.0060152283 0.0077620571 0.0141955644 0.0037245173 0.0048518064 0.0074425227 0.004909069 0.0087775346 0.0106420761 0.0077253693 0.0098867251 0.009186907 0.0093358225 0.0121284388 0.0102108874 0.0076773565 0.009351061 0.0074668613 0.0111407641 0.0063427908 0.0067231223 0.0043843479 0.0077126832 0.006977778 0.0100884031 0.0078680639 0.0052906436 0.0072598909 0.0129356031 0.0092157753 0.0046920453 0.0121790704 0.0057163745 0.005363974 0.012560805 0.005857474 0.0096066772 0.0083138829 0.0042002941 0.0131925677 0.0055281161 0.0041073761 0.0053924178 0.0107129412 0.006946753 0.0060773611 0.006995387 0.0056352241 0.0033621859 0.0080613137 0.0150742341 0.0086848343 0.0064295759 0.0077413666 0.0076678896 0.0072457359 0.0030983225 0.0083511301 0.0091440128 0.0077623944 0.0080852216 0.0083482388 0.0079555438 0.0095328239 0.0090698553 0.0031706542 0.0076979517 0.0083163077 0.0091196724 0.0097768905 0.0088837679 0.0052723114 0.0089016499 0.0100799386 0.0054130246 0.0081365546 0.0065661754 0.007044923 0.0115045976 0.0072487988 0.0069199128 0.0078307646 0.0068688022 0.0075798615 0.0071708003 0.0102517259 0.0061961198 0.0134328927 0.0132918773 0.0106340834 0.0037323705 0.0110925331 0.0023218431 0.0091890212 0.0075749544 0.0066309617 0.0068051412 
18 0.0088433763 0.0047108432 0.0100104084 0.0059904966 0.0099081015 0.0150012126 0.0058858205 0.0079030238 0.0129702224 0.0080959343 0.004976459 0.0109789143 0.0102022592 0.0064169027 0.0097715763 0.0050828723 0.0041799509 0.0124597152 0.0096189706 0.0101301935 0.0053842848 0.0074978406 0.0067980865 0.0052288518 0.0062587258 0.0083430331 0.0079322468 0.0105346765 0.005826945 0.0068709864 0.011497345 0.0080871808 0.0075173885 0.0067532501 0.0071473407 0.0073341897 0.0086618416 0.007973245 0.0077431291 0.0054479424 0.0107096779 0.0092350275 0.0083071038 0.0085192545 0.0077156844 0.0138824495 0.0084505183 0.007256212 0.0072221449 0.0103176321 0.0032983915 0.0075823437 0.0099131485 0.0126971839 0.0026132093 0.0069271929 0.0108282994 0.0080878474 0.0054546618 0.0137836354 0.0089004098 0.0070374102 0.005961955 0.0130982418 0.0091290836 0.0085948989 0.0139564059 0.00526621 0.008427413 0.0059216019 0.007686685 0.0060376849 0.0065588091 0.0075137557 0.010116438 0.0035035256 0.0075400663 0.0019851129 0.0044812473 0.0046831877 0.0051119764 0.0115580197 0.0077892918 0.0057861914 0.0075901274 0.0072921174 0.0072311464 0.0057316285 0.0054608042 0.0043671399 0.0154974533 0.00522616 0.0064828947 0.0128285326 0.0053740815 0.0054357472 0.0108548718 0.0099347213 0.0040381242 0.0050869919 0.0081860061 0.0044642864 0.0072398024 0.0070896718 0.0060215136 0.0066310585 0.008028826 0.0115494113 0.0144047864 0.0032155436 0.0077098998 0.0049785751 0.0056879722 0.0153892631 0.0038182531 0.0066964341 0.0135664033 0.0057184435 0.0074563555 0.0100582423 0.0039634582 0.0037868012 0.0090869776 0.0052528894 0.0069631582 0.0057843767 0.0100176054 0.007378418 
19 0.0046463477 0.0144807974 0.0063429609 0.0090369198 0.0065194211 0.0066452048 0.0061243269 0.0052105524 0.0083440154 0.0097590435 0.0036596261 0.0076954241 0.00402834 0.0043666951 0.0081960461 0.0080159323 0.0034785973 0.0096189706 0.0117165137 0.0085790719 0.0110993673 0.006072119 0.0087382438 0.0129642257 0.0110445911 0.0069221065 0.0131583216 0.0091669557 0.0060787381 0.0060889195 0.0085790294 0.0100806912 0.0050992083 0.0092164171 0.0130376117 0.0128581055 0.0090598042 0.0167602419 0.0064379559 0.0043015105 0.0131891859 0.0052694498 0.0063178184 0.0115093161 0.0095948676 0.0043568702 0.0108357627 0.0053392615 0.0075644991 0.0080870313 0.0081502026 0.0053533204 0.0092363334 0.0034437266 0.0054863637 0.0096489779 0.0043780685 0.0078184208 0.0029820632 0.0099839048 0.0088403038 0.002855306 0.00655259 0.0037588777 0.0083515694 0.0096916871 0.0064041385 0.0082571987 0.0059304059 0.00398766 0.0115574891 0.0073355879 0.0108028975 0.0039792218 0.0095610487 0.0084617664 0.0041930969 0.0108413851 0.014752738 0.0090849228 0.0081426675 0.0056041253 0.0038373351 0.0079185416 0.0069980072 0.007526289 0.008794975 0.0056311401 0.0126413166 0.0042238044 0.0111757579 0.0091155501 0.0089140216 0.005677798 0.0048123794 0.0148880526 0.0127016176 0.0015168328 0.0034739132 0.0073607583 0.0040969687 0.0039919141 0.0062161574 0.0052797631 0.0129703983 0.007533325 0.0157309675 0.0063713923 0.0085381133 0.0081335098 0.0062188496 0.0075492762 0.0051784384 0.0031508255 0.0102151589 0.0121367213 0.005148508 0.0092162545 0.0073593886 0.0071042791 0.0049706999 0.0071950056 0.007175912 0.0129726558 0.0089319447 0.0050162013 0.0079174883 0.0057506926 
20 0.0058457514 0.0104581918 0.0109322755 0.0080275895 0.0038557791 0.0057708684 0.0065615306 0.0080517451 0.0077427967 0.0101242826 0.0055018826 0.0113226813 0.0137031709 0.0051338182 0.0065928714 0.0082732134 0.0056902099 0.0101301935 0.0085790719 0.0105019995 0.012534995 0.0152554295 0.0082347307 0.0090844797 0.0072580782 0.0036360968 0.0084874115 0.0109589744 0.0081301593 0.0091675059 0.0107542521 0.0088998018 0.0058364864 0.0052026694 0.0118854358 0.0040813373 0.0052764467 0.0035225129 0.0095058601 0.0112437905 0.0059783379 0.0058140547 0.0031031686 0.0107228296 0.0069186661 0.0092439116 0.0099318244 0.0060721924 0.0091990438 0.0092283892 0.0035895191 0.0102323043 0.0069344213 0.0109709769 0.0024598309 0.0082621785 0.0155683055 0.0118154135 0.0080137502 0.0062221185 0.0055857422 0.0061951158 0.0062611972 0.0047545629 0.0089653838 0.0036208141 0.0045579298 0.0084629237 0.009415733 0.0039138998 0.0050417948 0.0079740339 0.0033783833 0.0115506712 0.0067685189 0.0045703663 0.0046093371 0.0045731161 0.010783262 0.0061698082 0.0074872604 0.0086755101 0.0081420661 0.0096872816 0.0032336346 0.0049684467 0.0081251564 0.0065184071 0.0088278964 0.0103154472 0.0117554339 0.0065747918 0.0052492332 0.0060334207 0.0067255924 0.0043235385 0.006585641 0.0123344021 0.007720911 0.0096043182 0.0098436832 0.0069521 0.0075661367 0.0072652972 0.0068006059 0.0074097943 0.0129706604 0.0068389169 0.0105695254 0.0071909806 0.0138529265 0.0050279666 0.0081852213 0.0130377228 0.010373797 0.0064097494 0.0055292094 0.0063227659 0.0105697708 0.0024033483 0.0059070612 0.0093120263 0.0088499312 0.0074128335 0.0081085836 0.0081658053 0.0063179221 0.0087270609 
21 0.0083760156 0.0072129468 0.0127096573 0.0041462505 0.0103975983 0.0055204964 0.0082098836 0.0046505006 0.0057174136 0.007080377 0.0079229199 0.0064977155 0.0090024693 0.0086521646 0.0039032166 0.0082352816 0.0040897992 0.0053842848 0.0110993673 0.012534995 0.0069485584 0.0107264838 0.008515779 0.0111552352 0.0038818348 0.0025359946 0.0054003068 0.00463477 0.0075107223 0.0109131179 0.0105011383 0.0033584577 0.0050603924 0.0130716232 0.0081856055 0.0024896455 0.011873202 0.0097056539 0.0062945607 0.0064662339 0.0062769872 0.0066575922 0.008471053 0.0080815285 0.0061988209 0.0106519778 0.0086848712 0.0098910944 0.0121301964 0.0080149123 0.0092723775 0.0067626632 0.0153974008 0.0060199333 0.0094437733 0.0059948451 0.0086107038 0.0069105245 0.0074166831 0.0079115511 0.0083413172 0.0042282859 0.0072478062 0.005794032 0.0100903194 0.0064556604 0.0058110109 0.0036216673 0.0040374861 0.0096409156 0.0080045335 0.0113757591 0.0076586892 0.0064911455 0.0035350537 0.0069492819 0.0091093697 0.0089514609 0.0096363545 0.0106312385 0.007178766 0.0056590353 0.0086036671 0.0071651581 0.0112818612 0.011596741 0.0095404873 0.0076346337 0.0062723686 0.0074003713 0.0088495612 0.0086656516 0.00417819 0.0069569997 0.0089155797 0.0068812442 0.0061187363 0.0056875286 0.0091627571 0.0036949609 0.0093870212 0.0063961886 0.0086580503 0.0054553576 0.012381921 0.0045058296 0.0110005426 0.0094361465 0.0083345681 0.0037499829 0.0092825365 0.0053960966 0.004913452 0.0074549335 0.0082311842 0.0025478747 0.0118560596 0.0067053942 0.014691204 0.0069766592 0.0124801439 0.008224186 0.0063402326 0.0114221906 0.0097420612 0.0104444483 0.0079600261 0.0075978632 
22 0.0050754105 0.0094595189 0.011728342 0.005352612 0.0048835896 0.010348293 0.0070379387 0.0139957725 0.0048940025 0.0092227933 0.0051447481 0.0128085943 0.0079064878 0.0098798676 0.0038890116 0.0107956172 0.0080698078 0.0074978406 0.006072119 0.0152554295 0.0107264838 0.0055102979 0.0081629125 0.0029157728 0.0074261543 0.0068726413 0.0075510771 0.0088991662 0.0091845708 0.0058822886 0.0065127934 0.0090806014 0.0044397637 0.0058444731 0.0108080518 0.0077536233 0.0071038966 0.0074553443 0.0084342391 0.0060671931 0.0133837743 0.00759936 0.008330162 0.0115435524 0.0059079401 0.0084725458 0.0097616137 0.0135653507 0.005735491 0.0029079424 0.0095995583 0.0139643918 0.0117588185 0.0060982897 0.0070834168 0.0073080992 0.007732891 0.0062464854 0.0054511313 0.0098079722 0.005905666 0.0069021814 0.006156691 0.0061338447 0.0072530953 0.0085549754 0.0159725043 0.0077248415 0.0071941758 0.0026275983 0.0019892534 0.0074276015 0.0063855072 0.0043568314 0.006691362 0.0069023975 0.003555702 0.0142473999 0.0054603006 0.0077948712 0.0119421976 0.0052128517 0.0108539161 0.0037792873 0.0105795816 0.0037834592 0.0037078313 0.0079508369 0.0089593273 0.0092627194 0.0081640736 0.0040172721 0.0094320198 0.0069080538 0.005093713 0.0103175771 0.0058901912 0.0073687885 0.0034924785 0.0084181856 0.0067513215 0.0084851689 0.0064777413 0.0081765439 0.0089742236 0.0052483214 0.0134865136 0.0122300646 0.0072023304 0.0069714857 0.0104545988 0.0134934949 0.0082915903 0.0124427898 0.0107054016 0.0067777738 0.0101603481 0.0056114368 0.0042829317 0.0023779327 0.0103807495 0.0041364076 0.0043395923 0.0089559449 0.0060907883 0.0061408769 0.0084982695 0.0102762666 
23 0.0078428098 0.0110229417 0.0149699213 0.0090351162 0.0094394881 0.0075638015 0.0079732464 0.0051592118 0.0071813311 0.0166984782 0.0130048423 0.0027120523 0.0075639432 0.006004559 0.00794984 0.0100562718 0.0064520685 0.0067980865 0.0087382438 0.0082347307 0.008515779 0.0081629125 0.0095525026 0.0150530147 0.0054394141 0.0092439868 0.0083661755 0.0051860504 0.0102992391 0.0026640384 0.0078651051 0.0040518991 0.0022463046 0.0135612412 0.0099764864 0.0053437732 0.0063012728 0.0106375841 0.003321495 0.0067318884 0.0070186691 0.0117953181 0.0073147915 0.0059901857 0.0056714697 0.0068587229 0.008462759 0.0055455077 0.0052677786 0.0080358418 0.0029318748 0.0083056856 0.0066602638 0.0099194379 0.0075025551 0.0130043249 0.0149560217 0.0062471216 0.0032065228 0.0107614207 0.004846441 0.005738974 0.0031601599 0.0028509676 0.0074753826 0.0061643355 0.0065809767 0.0072685727 0.0082358026 0.0072246923 0.0114376841 0.0068009814 0.0065470639 0.009324345 0.0060370661 0.0039815585 0.0050295659 0.0048033184 0.0066599128 0.0106669067 0.0134572417 0.0077446133 0.0071443655 0.0060966077 0.0063831408 0.0156493726 0.0104769768 0.0020496033 0.0054589169 0.0058781377 0.0065139698 0.0095829034 0.0078216253 0.0062378895 0.0036443414 0.0089619727 0.0071197359 0.0093435738 0.0070889974 0.0094968239 0.0101241377 0.0102978916 0.004099622 0.0107960505 0.0065682362 0.0055355519 0.0077532072 0.0032291455 0.0105280298 0.0084793738 0.0061093343 0.0092543152 0.0086906246 0.0035162427 0.0091493326 0.003969279 0.0112648753 0.0113794957 0.0069903556 0.0102350837 0.0109814677 0.0088728333 0.0032987906 0.0127434191 0.0050589151 0.0075079226 0.0185738917 0.005629638 
24 0.006817996 0.0020233874 0.0091398256 0.009894849 0.0065666835 0.00510476 0.0099589384 0.0045356092 0.0038591931 0.0127184736 0.0129009856 0.0064601559 0.0120162144 0.0106026834 0.0089293353 0.0088741038 0.0138361234 0.0052288518 0.0129642257 0.0090844797 0.0111552352 0.0029157728 0.0150530147 0.0037534581 0.008043252 0.0039521878 0.0123960213 0.0103654723 0.0103595835 0.0074622042 0.0056881093 0.0030191748 0.0097497748 0.0078850679 0.0085220985 0.0120678052 0.00216905 0.0105732101 0.0071151426 0.0093330995 0.0044146395 0.0074617404 0.0065055577 0.0078973317 0.0031739865 0.0092917415 0.0097343184 0.008165759 0.0088521249 0.0099988119 0.0052763253 0.007410271 0.009077944 0.0045150303 0.0106923249 0.0026248247 0.0102278411 0.0073983167 0.008803719 0.0112479627 0.0034398028 0.0078927966 0.0045760589 0.0066281591 0.0109605416 0.0079181882 0.0066520883 0.0033146749 0.0087474796 0.0136196139 0.0087023245 0.0050678778 0.0029813473 0.0090893973 0.0114925059 0.0103926671 0.0113748215 0.008572545 0.0103974833 0.0035715342 0.0066058326 0.0106155523 0.0042228856 0.0094236394 0.0096171244 0.0077809476 0.0073762087 0.0035106087 0.0069420362 0.0087121833 0.0121150316 0.0062374151 0.0062217239 0.0100882677 0.0057546806 0.0147711587 0.0079586268 0.0056112249 0.012448434 0.005669757 0.0039181171 0.0043800657 0.0118422554 0.0094321632 0.0050366546 0.0029059591 0.0027417814 0.0077262527 0.0053169554 0.0045404448 0.0079807993 0.0058744433 0.0071438572 0.0071070272 0.004538956 0.0118305347 0.008836224 0.0058030804 0.0022524135 0.0111169435 0.0069083584 0.0099537605 0.0098328725 0.0061351798 0.0065545739 0.0056544192 0.0165804386 0.0051140412 
