64
1 0.0179077903 0.0137987725 0.0271278256 0.0158933897 0.014690423 0.007750066 0.0103609492 0.0132939207 0.0101377587 0.0080811577 0.0030702347 0.0081598246 0.0177546434 0.0135032528 0.0231613356 0.0295823829 0.0080727425 0.0172053047 0.0166250478 0.0191254376 0.0186001408 0.0092424761 0.0148631293 0.0245852879 0.0177638198 0.0138300088 0.0131711911 0.0204839111 0.0138903264 0.0078403064 0.0260888306 0.008558154 0.0160962033 0.0182479281 0.0159154266 0.0139526039 0.0261603665 0.0081071481 0.0192473498 0.0153749709 0.0154050987 0.0119764225 0.0258303118 0.006094432 0.0076125912 0.0063548089 0.0138270468 0.0204726827 0.018129568 0.0101645265 0.0147313404 0.0112115423 0.0205540796 0.0209107042 0.0151898223 0.0179844535 0.0202555185 0.0124536796 0.0166899208 0.0281650337 0.0181344599 0.0101904599 0.0179634837 0.0223761727 
2 0.0137987725 0.0068747717 0.0188200314 0.0108245408 0.0160935016 0.020835183 0.0179261378 0.009116826 0.000748968 0.0203452806 0.0074656832 0.011363302 0.0258705439 0.0064668662 0.0222223574 0.0208414991 0.0330261222 0.0064469655 0.0054987994 0.0247584666 0.0244097682 0.0117999701 0.0065677528 0.0099071513 0.0162150841 0.0212863978 0.0145327775 0.0133555714 0.0195128277 0.0137415647 0.0159376509 0.0150544868 0.0168262551 0.0106299053 0.0116704915 0.0110917727 0.0080268731 0.0238626308 0.0236621837 0.0209212871 0.0153311657 0.0114550232 0.0272822145 0.013708568 0.0207200391 0.0191420329 0.0156063741 0.0206784264 0.0121527023 0.0148865901 0.0110923483 0.0195022163 0.0222205892 0.0062423152 0.0115165932 0.0114009356 0.0251006405 0.0179320269 0.0173963581 0.0078361568 0.018383611 0.0079211097 0.0249286323 0.019206309 
3 0.0271278256 0.0188200314 0.0120215972 0.0136506772 0.0165302674 0.0162759699 0.0157762112 0.0221162207 0.0143280328 0.0216566881 0.0195911031 0.0186673567 0.0145422104 0.0131298421 0.0151443131 0.0225022942 0.0143274459 0.01095652 0.0284459162 0.0160265671 0.0139653566 0.0126932739 0.0160483797 0.0158428704 0.0132324776 0.0217351279 0.0148555929 0.01339802 0.016250983 0.013765031 0.0145436765 0.0134265794 0.0187244134 0.0177972324 0.0144492311 0.002086022 0.0246723838 0.0236228265 0.0084814075 0.0167089661 0.0101104045 0.016677873 0.0201280472 0.0109282906 0.0185801347 0.0107757578 0.01683597 0.0201337178 0.0152359478 0.0110554492 0.011702903 0.0167169574 0.0145521748 0.0088414006 0.0109168944 0.0179176931 0.021328655 0.0091385045 0.0184352304 0.0080152253 0.0047012696 0.0218898779 0.0207180768 0.0067266023 
4 0.0158933897 0.0108245408 0.0136506772 0.0081824825 0.0080027321 0.0225137045 0.0092903641 0.0114286754 0.0220015261 0.0127881216 0.0310712829 0.0196088003 0.0184305479 0.0063083565 0.0081644165 0.0136525189 0.0072403914 0.0315707624 0.0140382124 0.0082240079 0.0152874465 0.012839214 0.0091382325 0.0204430274 0.0268397104 0.0134057639 0.01580235 0.0214296021 0.0164321298 0.017713434 0.013358873 0.0141720952 0.0245410019 0.0113493563 0.0187574383 0.0210693533 0.0142688449 0.0076841995 0.0198939214 0.0280055546 0.0257045658 0.0202643978 0.0045430687 0.0060544536 0.0154465567 0.0076842311 0.0166217687 0.0124183092 0.0191802394 0.0091902124 0.0032153851 0.0153471663 0.0217083686 0.0140768795 0.020992288 0.0182655005 0.0123662046 0.0191228403 0.0245903388 0.0245812664 0.0082289752 0.020714456 0.0171139278 0.0072515393 
5 0.014690423 0.0160935016 0.0165302674 0.0080027321 0.0174908034 0.0176700533 0.0212602492 0.0157438779 0.0156374556 0.0153663645 0.0105003787 0.0184164045 0.0234974063 0.013994379 0.0174723425 0.0234537987 0.0240493083 0.012836975 0.0124372284 0.0143881786 0.0158078622 0.0234032552 0.0178275663 0.0108362005 0.0115337803 0.0111877079 0.0120630248 0.0308948704 0.0182207776 0.0164560416 0.0175096623 0.0010326479 0.0204995375 0.0175571798 0.013326936 0.0196473709 0.0155550802 0.0122363305 0.014927035 0.0178663299 0.0102001024 0.009989444 0.0145569993 0.0168492868 0.0222895481 0.020494405 0.0216660112 0.019218924 0.0189973139 0.0133747856 0.0118145471 0.0119050941 0.0098054377 0.0168798002 0.0147724516 0.014112465 0.0091859193 0.0149115716 0.0163940613 0.0106678232 0.0144656763 0.0120423507 0.0032085423 0.0242761145 
6 0.007750066 0.020835183 0.0162759699 0.0225137045 0.0176700533 0.0320340394 0.0125146056 0.0149086181 0.0153655632 0.0248318795 0.0099976379 0.0106081959 0.0317379595 0.0152069343 0.0138176445 0.0213013024 0.0135076745 0.0228224424 0.0071207505 0.0132977071 0.0255380592 0.009177734 0.0027410758 0.0134185924 0.0139514499 0.0188952921 0.020555476 0.0188472344 0.0220469026 0.0080988819 0.0112629181 0.017309762 0.0147171656 0.0066539141 0.009973112 0.0078832699 0.0171027793 0.0309518432 0.0106524308 0.0168067374 0.0163790403 0.0145425847 0.0086850827 0.0266177029 0.0179170826 0.0188834012 0.0186913673 0.0211497822 0.0077269326 0.0155103716 0.0271689293 0.0111843918 0.0032257054 0.0169744253 0.0158651432 0.0220124244 0.0073242966 0.0159105284 0.0135717856 0.0171905172 0.0146152539 0.0114083764 0.0106367092 0.0061056031 
7 0.0103609492 0.0179261378 0.0157762112 0.0092903641 0.0212602492 0.0125146056 0.0048283818 0.0308515601 0.0168570196 0.0167740133 0.0063420384 0.0114650751 0.0166486844 0.0149102779 0.0203563405 0.0074040479 0.0177828649 0.0234983062 0.0191698053 0.0172446253 0.0131121792 0.0243715086 0.0219538732 0.0140785501 0.0085731379 0.016165973 0.0204234274 0.0080241831 0.0245644506 0.0165344235 0.0122848645 0.0136848945 0.0162111673 0.0171108199 0.0229406872 0.0120949171 0.018599529 0.0072735013 0.0073493546 0.0210535688 0.0177746196 0.0076809112 0.0100869459 0.020177099 0.0143829729 0.0136965878 0.0083593087 0.0218216306 0.012734805 0.0158998846 0.0277964755 0.0162873701 0.0213852435 0.0100998869 0.0179142909 0.0079021928 0.0248719608 0.0174847672 0.0099235591 0.0180307938 0.0046123256 0.0158341132 0.0219931977 0.0155824889 
8 0.0132939207 0.009116826 0.0221162207 0.0114286754 0.0157438779 0.0149086181 0.0308515601 0.011553334 0.0246108297 0.0037736934 0.0054043212 0.0108505053 0.0103967232 0.0162714716 0.0267535227 0.0093791441 0.0078368009 0.0120881421 0.0226644383 0.0072609553 0.0121368295 0.0136159815 0.0038110487 0.0220557576 0.0218984651 0.0175288936 0.0205314237 0.0210326182 0.0091776744 0.0108135079 0.0105944034 0.0175684029 0.0243975545 0.0176980088 0.019828851 0.0300798915 0.0201899835 0.0157211043 0.0165357487 0.0258615096 0.0271940098 0.0160328561 0.0169028166 0.0109328622 0.0184050122 0.0244502965 0.00778493 0.0183175977 0.0151081408 0.0081524431 0.01404688 0.0187905232 0.0108210097 0.0237592241 0.0183803717 0.0111087245 0.0057377547 0.0192296941 0.0056374125 0.0143165807 0.0114350836 0.009205913 0.0194198045 0.0174488194 
9 0.0101377587 0.000748968 0.0143280328 0.0220015261 0.0156374556 0.0153655632 0.0168570196 0.0246108297 0.0286682138 0.005801415 0.018813512 0.0153483744 0.010244759 0.0149450895 0.0122245554 0.0216365835 0.0092278564 0.0131743326 0.0131837171 0.0198356778 0.0245398475 0.018775101 0.014917419 0.0053096563 0.0088633351 0.0201144141 0.016903992 0.0120104694 0.0087653553 0.0284310708 0.016368931 0.0136052287 0.0234350384 0.0180173344 0.0141214442 0.0283535145 0.0232063041 0.0229384256 0.0296227163 0.0190689148 0.0097194708 0.01429619 0.0227482 0.007278541 0.0011709833 0.0084731533 0.0099778197 0.018465744 0.0065892755 0.0205009607 0.0144504994 0.0185335204 0.0050843054 0.0151777076 0.013641593 0.0188988803 0.0082792159 0.0083783852 0.0195728876 0.0171673289 0.0202408982 0.0215783655 0.0167506628 0.0128656589 
10 0.0080811577 0.0203452806 0.0216566881 0.0127881216 0.0153663645 0.0248318795 0.0167740133 0.0037736934 0.005801415 0.0174054076 0.0173839753 0.020808007 0.0079195644 0.013699354 0.0094313548 0.0133388252 0.016050289 0.006753214 0.017054377 0.0175976012 0.0275036885 0.0167338151 0.0362495632 0.0121777193 0.0174598424 0.0173504551 0.0154099194 0.0065417209 0.0121040093 0.0218810251 0.0233947129 0.0097223107 0.0159690912 0.0096390666 0.0128589618 0.0193343646 0.0276631771 0.010456369 0.009749278 0.0146398422 0.011804084 0.0212666798 0.0187438284 0.0097205727 0.0232800547 0.0266405844 0.0217272344 0.0185493134 0.0155321196 0.0105036472 0.0052817104 0.0150997002 0.0267086769 0.0002167233 0.016457281 0.0126006397 0.0249328007 0.0111658186 0.0113567946 0.0121884306 0.0076960538 0.0177026589 0.0174221161 0.0197029613 
11 0.0030702347 0.0074656832 0.0195911031 0.0310712829 0.0105003787 0.0099976379 0.0063420384 0.0054043212 0.018813512 0.0173839753 0.026886101 0.0213592717 0.0107634576 0.0102191345 0.0122082322 0.0101899744 0.0386728787 0.0235487689 0.0294747315 0.0150061865 0.024237417 0.0151906198 0.0064043862 0.0092614134 0.0164523969 0.0126135433 0.0107986647 0.0080791905 0.0044323934 0.0151168553 0.026167349 0.0130532729 0.0063007212 0.01207287 0.0146090301 0.0109502614 0.0246626034 0.0154753557 0.0229731851 0.0120165335 0.0236649313 0.0160200241 0.016949866 0.0160283061 0.0122358988 0.0100830938 0.0187808607 0.0099773532 0.0147992455 0.0190029194 0.0276105638 0.01509177 0.0055626914 0.0277321077 0.016779599 0.0138447283 0.0064417799 0.0243376274 0.0110771957 0.0229506518 0.0173265819 0.0219808555 0.0161116814 0.0067726999 
12 0.0081598246 0.011363302 0.0186673567 0.0196088003 0.0184164045 0.0106081959 0.0114650751 0.0108505053 0.0153483744 0.020808007 0.0213592717 0.0115070887 0.0089144642 0.0171688267 0.0218822725 0.0214347278 0.0271028877 0.0186742782 0.0215496413 0.0072791858 0.019191639 0.0091148585 0.019180447 0.011388422 0.020164373 0.0124013437 0.012819692 0.0258215463 0.0120162121 0.0080467271 0.0093739897 0.011727402 0.0165247283 0.0160190951 0.0191197837 0.0108927506 0.0129093559 0.0187134651 0.0117394848 0.0195770435 0.0217061575 0.0112411969 0.007750822 0.0140970349 0.0165995706 0.0162133504 0.0115330647 0.0186028443 0.0122791725 0.0194929106 0.0249496712 0.01354542 0.0255448735 0.0220527998 0.0037594969 0.011350302 0.0191132174 0.0301066303 0.017088121 0.0242175867 0.0093316643 0.013020026 0.0067393835 0.0107538333 
13 0.0177546434 0.0258705439 0.0145422104 0.0184305479 0.0234974063 0.0317379595 0.0166486844 0.0103967232 0.010244759 0.0079195644 0.0107634576 0.0089144642 0.0054076121 0.0058112551 0.0186403992 0.0098336431 0.029649637 0.0089507005 0.0267716106 0.0083214467 0.0105282565 0.0133703323 0.0096263296 0.0153047173 0.0120874495 0.0080893288 0.0126084571 0.0202569217 0.0072084574 0.014518687 0.0133674844 0.0145294623 0.019037604 0.0055730848 0.0092970343 0.0151700698 0.0086062716 0.0035611445 0.0147581419 0.0252145484 0.0336452268 0.0162561957 0.014918113 0.021624735 0.0125046326 0.0178448289 0.0214607178 0.0089788008 0.0212877427 0.0107371376 0.0238829472 0.0090723573 0.0240892421 0.0172436737 0.0172813022 0.0189129857 0.0181692444 0.0070996911 0.0143830022 0.0224857754 0.0225819162 0.0274446618 0.0174389817 0.0178350362 
14 0.0135032528 0.0064668662 0.0131298421 0.0063083565 0.013994379 0.0152069343 0.0149102779 0.0162714716 0.0149450895 0.013699354 0.0102191345 0.0171688267 0.0058112551 0.0220726344 0.0233063144 0.0242815993 0.0213887672 0.0097148877 0.0080892655 0.015515866 0.0208488024 0.0085550175 0.0162374471 0.0133358478 0.0310871714 0.0056796304 0.0136504337 0.0169641935 0.0147474353 0.0174986519 0.0124856636 0.019404432 0.0161337708 0.0250312118 0.0175021875 0.0080658489 0.0235492121 0.0126377145 0.0096293464 0.011160123 0.0167982011 0.023742532 0.0228738255 0.0294956202 0.0186213949 0.0135090757 0.0087833204 0.0179529841 0.0222219356 0.0138483363 0.0171098796 0.0107115742 0.0117424142 0.0148564777 0.0163427476 0.0151084067 0.0151214019 0.0171309662 0.0114200023 0.0103917074 0.0181992374 0.0125594358 0.0235211693 0.0177288378 
15 0.0231613356 0.0222223574 0.0151443131 0.0081644165 0.0174723425 0.0138176445 0.0203563405 0.0267535227 0.0122245554 0.0094313548 0.0122082322 0.0218822725 0.0186403992 0.0233063144 0.0115959663 0.011063846 0.0176427965 0.0222582278 0.0171412339 0.0176071738 0.0142433199 0.0186668734 0.0151699768 0.0073113846 0.0206743534 0.0182887926 0.0180424503 0.0058238446 0.0059114192 0.0273726653 0.0120702314 0.0241143935 0.0088306115 0.020516801 0.017671148 0.0151354416 0.0072133332 0.0093207522 0.0117747602 0.0081749959 0.007666271 0.0212755463 0.0095566931 0.0100063606 0.0177230248 0.0162293908 0.0084772712 0.0108589086 0.0333237389 0.0078661384 0.0276431289 0.0064094799 0.0106846393 0.0161099998 0.0280138269 0.0165176413 0.0075771175 0.0077635122 0.0214497873 0.0146146308 0.0141357504 0.01246804 0.0139255155 0.0312813925 
16 0.0295823829 0.0208414991 0.0225022942 0.0136525189 0.0234537987 0.0213013024 0.0074040479 0.0093791441 0.0216365835 0.0133388252 0.0101899744 0.0214347278 0.0098336431 0.0242815993 0.011063846 0.0180513155 0.0131516271 0.014808484 0.0134846974 0.0074692698 0.0262546982 0.0095809768 0.0135252937 0.0168772869 0.0113104479 0.0125342233 0.0095647963 0.0096285063 0.0160611597 0.0152879847 0.0112267468 0.0242234941 0.0079512983 0.021131993 0.0196816133 0.0179386715 0.0023606173 0.0107524911 0.0099172508 0.0077454059 0.0236239516 0.0157188554 0.0128623238 0.0152301129 0.0227287357 0.0155658865 0.0186334367 0.0214520049 0.018040006 0.0115968836 0.0148478014 0.0184313258 0.0149320851 0.0160915069 0.0147247677 0.0114344034 0.0222335961 0.0101565682 0.0085737245 0.0124634242 0.0241107038 0.0129895701 0.0168563766 0.0262854121 
17 0.0080727425 0.0330261222 0.0143274459 0.0072403914 0.0240493083 0.0135076745 0.0177828649 0.0078368009 0.0092278564 0.016050289 0.0386728787 0.0271028877 0.029649637 0.0213887672 0.0176427965 0.0131516271 0.0056358919 0.0137112645 0.015749451 0.0167926494 0.0108221831 0.0201620483 0.0097861032 0.0224255678 0.0100041694 0.0129299784 0.0199373854 0.0034946431 0.0117744769 0.0099680379 0.006871147 0.0246433575 0.0128440149 0.0095030504 0.0191823484 0.0284894749 0.0134673734 0.0095322888 0.0153901359 0.0071733071 0.0193656572 0.0063879888 0.0112462628 0.0128477739 0.0203752698 0.0130123678 0.019059557 0.0210475724 0.0125750632 0.0139357947 0.0125070736 0.0317203052 0.0155683243 0.0051020111 0.0125453849 0.02306524 0.0105318328 0.0076745117 0.0140499081 0.0119435946 0.0196292315 0.0204471577 0.0184720578 0.0178696202 
18 0.0172053047 0.0064469655 0.01095652 0.0315707624 0.012836975 0.0228224424 0.0234983062 0.0120881421 0.0131743326 0.006753214 0.0235487689 0.0186742782 0.0089507005 0.0097148877 0.0222582278 0.014808484 0.0137112645 0.0164735847 0.0153146656 0.0180797838 0.0154942935 0.0163934748 0.0088006582 0.0138463467 0.0080315581 0.0158133966 0.0206395282 0.0248333975 0.0141116307 0.0170811059 0.0066544892 0.0073431575 0.0189407699 0.0060662894 0.0062113901 0.022190031 0.0179304638 0.0118424521 0.0064710903 0.0146359525 0.0154037073 0.0230292463 0.0023471619 0.026797991 0.0296735577 0.0108067806 0.0226162643 0.019263014 0.024423445 0.0213745696 0.0145469706 0.0172822178 0.0092579534 0.0174367175 0.0180967685 0.0149401828 0.0109768303 0.0238380183 0.0184625859 0.0167194349 0.0084765521 0.0202466156 0.018413332 0.0033509957 
19 0.0166250478 0.0054987994 0.0284459162 0.0140382124 0.0124372284 0.0071207505 0.0191698053 0.0226644383 0.0131837171 0.017054377 0.0294747315 0.0215496413 0.0267716106 0.0080892655 0.0171412339 0.0134846974 0.015749451 0.0153146656 0.0137431014 0.0165140822 0.0179546328 0.011511477 0.0224272474 0.0118806053 0.0142343901 0.0096752731 0.0086000362 0.0197997858 0.0065268497 0.0167101176 0.0056188228 0.0168977238 0.0079840931 0.0138691975 0.0189363649 0.0104825454 0.012976098 0.0165371101 0.0318146583 0.0106343301 0.0092721725 0.0068257288 0.0162678796 0.0100629017 0.0169935688 0.0201622265 0.0213586472 0.0142423646 0.0129351771 0.0224782751 0.0250255231 0.0181016379 0.0200474869 0.0071567106 0.0068947148 0.0097386614 0.0205099998 0.0312117932 0.018021899 0.0168066879 0.0201296067 0.0108069663 0.0165276261 0.0092796127 
20 0.0191254376 0.0247584666 0.0160265671 0.0082240079 0.0143881786 0.0132977071 0.0172446253 0.0072609553 0.0198356778 0.0175976012 0.0150061865 0.0072791858 0.0083214467 0.015515866 0.0176071738 0.0074692698 0.0167926494 0.0180797838 0.0165140822 0.0262085914 0.0241309218 0.0118166923 0.0182031961 0.0056221651 0.013734729 0.0134093059 0.0155932987 0.0179481694 0.0121859109 0.0284089418 0.0096571789 0.0084573356 0.0086378108 0.0217095788 0.0103725155 0.0052595174 0.0047107928 0.0313718716 0.0134938813 0.0152870421 0.0110063191 0.0113120999 0.0230646358 0.0078812538 0.0117350288 0.044010074 0.02996672 0.0163507027 0.0163494807 0.0114481474 0.0132142355 0.0212853792 0.0161627574 0.0109107153 0.0231164676 0.0192174544 0.008553259 0.0154434838 0.0228842297 0.0227149785 0.0115225078 0.0100183292 0.0107766271 0.0144907976 
21 0.0186001408 0.0244097682 0.0139653566 0.0152874465 0.0158078622 0.0255380592 0.0131121792 0.0121368295 0.0245398475 0.0275036885 0.024237417 0.019191639 0.0105282565 0.0208488024 0.0142433199 0.0262546982 0.0108221831 0.0154942935 0.0179546328 0.0241309218 0.0123392185 0.011255591 0.0227041353 0.0239061509 0.0095623524 0.0133098574 0.0136201336 0.0163229637 0.0285525755 0.0085204533 0.0235189999 0.0170464711 0.014047958 0.0132430756 0.011952521 0.0200805911 0.0069256954 0.0193058165 0.0210506273 0.0117583915 0.0064771161 0.0097349927 0.0219991282 0.0120920592 0.0123803642 0.0085991475 0.0125068701 0.0134625713 0.0156248472 0.0133668389 0.0182245515 0.0133130502 0.006243978 0.0204744652 0.0062865865 0.0028993443 0.0140378782 0.0086387364 0.0122619799 0.0154951998 0.0170898422 0.0119672855 0.0179805629 0.0152116827 
22 0.0092424761 0.0117999701 0.0126932739 0.012839214 0.0234032552 0.009177734 0.0243715086 0.0136159815 0.018775101 0.0167338151 0.0151906198 0.0091148585 0.0133703323 0.0085550175 0.0186668734 0.0095809768 0.0201620483 0.0163934748 0.011511477 0.0118166923 0.011255591 0.0104998876 0.0148479097 0.0080327414 0.0121475706 0.0291416029 0.0176948858 0.0259390598 0.0250053126 0.0199217458 0.0119628313 0.0210287066 0.0143388957 0.0147060622 0.0222173917 0.0073312902 0.0170910279 0.0175845547 0.0081435318 0.0135773885 0.0263830443 0.018503463 0.0225772041 0.0148775661 0.020246094 0.0218688828 0.0157069418 0.0137654387 0.0101695578 0.0275487482 0.0068152243 0.0166611183 0.0233013137 0.0053925348 0.0108495726 0.0194247207 0.0166313924 0.0119348105 0.0187062766 0.0122865887 0.0144154079 0.0221407866 0.0140505585 0.0062600658 
23 0.0148631293 0.0065677528 0.0160483797 0.0091382325 0.0178275663 0.0027410758 0.0219538732 0.0038110487 0.014917419 0.0362495632 0.0064043862 0.019180447 0.0096263296 0.0162374471 0.0151699768 0.0135252937 0.0097861032 0.0088006582 0.0224272474 0.0182031961 0.0227041353 0.0148479097 0.0115766633 0.0265072015 0.0086071864 0.0086705636 0.0153501418 0.0142659428 0.0320249767 0.0169007625 0.0140496061 0.0156341712 0.0188498261 0.0093516553 0.0082285084 0.0159905476 0.019905254 0.0171104846 0.0166439056 0.0134309072 0.0201842119 0.0167824249 0.0182483453 0.0275552865 0.0131797911 0.0344191636 0.0114577747 0.0092683746 0.0169654566 0.0081087828 0.0221215229 0.0191169645 0.0088630706 0.0105132785 0.0066257547 0.0103074636 0.0217199521 0.0161519719 0.0219152681 0.0203529043 0.0183589058 0.0223191409 0.0057460599 0.015588655 
24 0.0245852879 0.0099071513 0.0158428704 0.0204430274 0.0108362005 0.0134185924 0.0140785501 0.0220557576 0.0053096563 0.0121777193 0.0092614134 0.011388422 0.0153047173 0.0133358478 0.0073113846 0.0168772869 0.0224255678 0.0138463467 0.0118806053 0.0056221651 0.0239061509 0.0080327414 0.0265072015 0.0190109537 0.0164536536 0.0137951893 0.02047585 0.0118569956 0.0235851044 0.0065726427 0.0102102444 0.0275284438 0.0091587688 0.011598856 0.0262093502 0.0118937116 0.0140880974 0.0125633923 0.00656218 0.0272917867 0.0094429602 0.0430950648 0.0097170323 0.0251011012 0.0116293497 0.0118833247 0.0183431918 0.026860819 0.0061176017 0.0119363789 0.013334372 0.0131926207 0.0072410741 0.023758946 0.0117841124 0.0266029829 0.0074252758 0.0093496507 0.0153813511 0.0165400818 0.0265645946 0.0157927229 0.0220393735 0.0136561325 
25 0.0177638198 0.0162150841 0.0132324776 0.0268397104 0.0115337803 0.0139514499 0.0085731379 0.0218984651 0.0088633351 0.0174598424 0.0164523969 0.020164373 0.0120874495 0.0310871714 0.0206743534 0.0113104479 0.0100041694 0.0080315581 0.0142343901 0.013734729 0.0095623524 0.0121475706 0.0086071864 0.0164536536 0.0106718922 0.0133579743 0.0126698413 0.0179137509 0.0206701527 0.0137745503 0.0172516698 0.0249781549 0.0097220748 0.0143960237 0.0151696587 0.0223778397 0.0110258574 0.0120195633 0.011795011 0.0125406366 0.0206928658 0.0166879125 0.0170685059 0.0202699042 0.0145774821 0.0196339698 0.0087067704 0.0074008489 0.0140817811 0.0096311117 0.022405583 0.0290706484 0.0177788189 0.014150811 0.0181550256 0.0222858499 0.0144563807 0.0103093027 0.0205393968 0.010256656 0.0157907203 0.0212619399 0.0166611826 0.0169089759 
26 0.0138300088 0.0212863978 0.0217351279 0.0134057639 0.0111877079 0.0188952921 0.016165973 0.0175288936 0.0201144141 0.0173504551 0.0126135433 0.0124013437 0.0080893288 0.0056796304 0.0182887926 0.0125342233 0.0129299784 0.0158133966 0.0096752731 0.0134093059 0.0133098574 0.0291416029 0.0086705636 0.0137951893 0.0133579743 0.0154886165 0.0099247691 0.0247140681 0.0148865472 0.0083599734 0.0241642798 0.0160938158 0.0337797202 0.0144797453 0.0043932401 0.0133137937 0.0151448292 0.0180514155 0.0097471511 0.0211287059 0.0084439349 0.0208961659 0.014576895 0.0250341725 0.0022245342 0.0137367964 0.0187185947 0.0160014468 0.0118361694 0.0229452169 0.0156050801 0.0184742387 0.0271300185 0.0179055454 0.013069572 0.0219913056 0.0124836044 0.0162376452 0.0120496889 0.0136954114 0.0157436203 0.0158073204 0.0097167231 0.0207955908 
27 0.0131711911 0.0145327775 0.0148555929 0.01580235 0.0120630248 0.020555476 0.0204234274 0.0205314237 0.016903992 0.0154099194 0.0107986647 0.012819692 0.0126084571 0.0136504337 0.0180424503 0.0095647963 0.0199373854 0.0206395282 0.0086000362 0.0155932987 0.0136201336 0.0176948858 0.0153501418 0.02047585 0.0126698413 0.0099247691 0.0188187803 0.0205028808 0.0144178337 0.0234340448 0.018393295 0.0202376086 0.0144930214 0.0244479611 0.0104558223 0.0274875422 0.020555624 0.0174659602 0.0218403096 0.010285243 0.0175846113 0.0177436968 0.0092419094 0.0143907524 0.0223750991 0.0082609065 0.0085596895 0.0209130562 0.0177502538 0.0172626235 0.0086174655 0.0017084581 0.0189929157 0.0106427838 0.0139575337 0.0167973112 0.016526611 0.0221154766 0.0131351701 0.0048745946 0.0212296967 0.0114604993 0.0131776846 0.0136057347 
28 0.0204839111 0.0133555714 0.01339802 0.0214296021 0.0308948704 0.0188472344 0.0080241831 0.0210326182 0.0120104694 0.0065417209 0.0080791905 0.0258215463 0.0202569217 0.0169641935 0.0058238446 0.0096285063 0.0034946431 0.0248333975 0.0197997858 0.0179481694 0.0163229637 0.0259390598 0.0142659428 0.0118569956 0.0179137509 0.0247140681 0.0205028808 0.0203016814 0.0034090917 0.0125215884 0.0165106595 0.0132433143 0.0201267154 0.0121544522 0.0068803274 0.0122573374 0.0124815848 0.0129665419 0.0260136143 0.0160460925 0.0163297764 0.0102041383 0.00757024 0.0174521653 0.0147059104 0.0212776147 0.0119233564 0.0141807698 0.0298375943 0.0206772762 0.0180901763 0.0193694975 0.0043469108 0.0228688155 0.0101687542 0.0141652204 0.0116482394 0.0151408243 0.017772096 0.0136395202 0.0110118397 0.0139585497 0.0089534184 0.0196102332 
29 0.0138903264 0.0195128277 0.016250983 0.0164321298 0.0182207776 0.0220469026 0.0245644506 0.0091776744 0.0087653553 0.0121040093 0.0044323934 0.0120162121 0.0072084574 0.0147474353 0.0059114192 0.0160611597 0.0117744769 0.0141116307 0.0065268497 0.0121859109 0.0285525755 0.0250053126 0.0320249767 0.0235851044 0.0206701527 0.0148865472 0.0144178337 0.0034090917 0.0327388884 0.0109377169 0.0031277345 0.0117849885 0.0156711457 0.0075058579 0.0156659828 0.0178083256 0.0157756088 0.0131278983 0.0203825581 0.0162390718 0.0269277294 0.013354062 0.0105863548 0.0202843764 0.0059821179 0.0104347338 0.0219137095 0.0104546081 0.0077453626 0.0231394017 0.0290038274 0.013428103 0.0197595509 0.0293458749 0.0152156889 0.0100960214 0.0256004673 0.0139532852 0.0202037584 0.0099522745 0.0133369533 0.0159607832 0.0124981331 0.0115640685 
30 0.0078403064 0.0137415647 0.013765031 0.017713434 0.0164560416 0.0080988819 0.0165344235 0.0108135079 0.0284310708 0.0218810251 0.0151168553 0.0080467271 0.014518687 0.0174986519 0.0273726653 0.0152879847 0.0099680379 0.0170811059 0.0167101176 0.0284089418 0.0085204533 0.0199217458 0.0169007625 0.0065726427 0.0137745503 0.0083599734 0.0234340448 0.0125215884 0.0109377169 0.0122298331 0.0201891483 0.017272273 0.0107258814 0.0140746702 0.0158310072 0.006756101 0.0175117808 0.0173602393 0.0272194776 0.0040703658 0.0139499802 0.0097453358 0.0160626322 0.0116135913 0.0208640667 0.0154992297 0.0295400278 0.0175670507 0.0187693487 0.0157586901 0.003920206 0.0230572608 0.0160870134 0.0108094828 0.0071972792 0.0190244235 0.025343823 0.0140770298 0.0232216784 0.0200720843 0.0200639252 0.0112026856 0.0166590652 0.0104247728 
31 0.0260888306 0.0159376509 0.0145436765 0.013358873 0.0175096623 0.0112629181 0.0122848645 0.0105944034 0.016368931 0.0233947129 0.026167349 0.0093739897 0.0133674844 0.0124856636 0.0120702314 0.0112267468 0.006871147 0.0066544892 0.0056188228 0.0096571789 0.0235189999 0.0119628313 0.0140496061 0.0102102444 0.0172516698 0.0241642798 0.018393295 0.0165106595 0.0031277345 0.0201891483 0.0199236175 0.0226135165 0.0138648242 0.027058619 0.0141117055 0.0125082542 0.01752901 0.025709169 0.0268215398 0.0326088512 0.030024651 0.0088870903 0.0051556313 0.008787608 0.0153750131 0.0137020622 0.0182579342 0.0152614267 0.0176718334 0.0117274802 0.0130762537 0.0083853003 0.0071092864 0.0303713138 0.0203389911 0.0060990519 0.0152154868 0.0161636475 0.0253069016 0.0084404753 0.0107477866 0.0108678956 0.0233079127 0.0127537645 
32 0.008558154 0.0150544868 0.0134265794 0.0141720952 0.0010326479 0.017309762 0.0136848945 0.0175684029 0.0136052287 0.0097223107 0.0130532729 0.011727402 0.0145294623 0.019404432 0.0241143935 0.0242234941 0.0246433575 0.0073431575 0.0168977238 0.0084573356 0.0170464711 0.0210287066 0.0156341712 0.0275284438 0.0249781549 0.0160938158 0.0202376086 0.0132433143 0.0117849885 0.017272273 0.0226135165 0.0370783758 0.0146535007 0.018592601 0.0048302023 0.0142009078 0.0141363376 0.014435071 0.0172535925 0.0106480179 0.0197282957 0.0206114205 0.0098405191 0.0141920923 0.0177217252 0.0097697596 0.0114168184 0.0180930235 0.0126349894 0.0056413715 0.0176184971 0.0201053202 0.0230614323 0.0099097039 0.0188903225 0.0218968148 0.018077042 0.0201512912 0.0082482539 0.0096293056 0.0235731924 0.005455357 0.0136573769 0.0082574106 
33 0.0160962033 0.0168262551 0.0187244134 0.0245410019 0.0204995375 0.0147171656 0.0162111673 0.0243975545 0.0234350384 0.0159690912 0.0063007212 0.0165247283 0.019037604 0.0161337708 0.0088306115 0.0079512983 0.0128440149 0.0189407699 0.0079840931 0.0086378108 0.014047958 0.0143388957 0.0188498261 0.0091587688 0.0097220748 0.0337797202 0.0144930214 0.0201267154 0.0156711457 0.0107258814 0.0138648242 0.0146535007 0.0081515853 0.0122538564 0.0094018558 0.0241508401 0.0198198332 0.0162275293 0.0118054649 0.0149627569 0.0098271688 0.0155585698 0.0086248479 0.0262454022 0.0226210508 0.0128125941 0.0201792962 0.0175822706 0.0205468919 0.0167870502 0.0144282151 0.0189185576 0.0153538479 0.0207128779 0.014578908 0.0087595249 0.0137283912 0.0200146716 0.0108239626 0.015203756 0.0134831879 0.0154744021 0.0179440686 0.008981581 
34 0.0182479281 0.0106299053 0.0177972324 0.0113493563 0.0175571798 0.0066539141 0.0171108199 0.0176980088 0.0180173344 0.0096390666 0.01207287 0.0160190951 0.0055730848 0.0250312118 0.020516801 0.021131993 0.0095030504 0.0060662894 0.0138691975 0.0217095788 0.0132430756 0.0147060622 0.0093516553 0.011598856 0.0143960237 0.0144797453 0.0244479611 0.0121544522 0.0075058579 0.0140746702 0.027058619 0.018592601 0.0122538564 0.0197784357 0.0269133824 0.0065690678 0.0145564979 0.0198988503 0.0119027294 0.0109157775 0.0058130891 0.0195622804 0.0145670784 0.0114661619 0.0174426821 0.0143453268 0.0106481223 0.0171284736 0.0156381862 0.017175554 0.0164064425 0.0297525584 0.0100264763 0.0195146881 0.022575313 0.0179404328 0.0164773372 0.0122791125 0.013226684 0.0319426488 0.0129734228 0.0166721842 0.0168611199 0.0189725301 
35 0.0159154266 0.0116704915 0.0144492311 0.0187574383 0.013326936 0.009973112 0.0229406872 0.019828851 0.0141214442 0.0128589618 0.0146090301 0.0191197837 0.0092970343 0.0175021875 0.017671148 0.0196816133 0.0191823484 0.0062113901 0.0189363649 0.0103725155 0.011952521 0.0222173917 0.0082285084 0.0262093502 0.0151696587 0.0043932401 0.0104558223 0.0068803274 0.0156659828 0.0158310072 0.0141117055 0.0048302023 0.0094018558 0.0269133824 0.001699332 0.006999791 0.0089140399 0.0024773155 0.0180830293 0.0249107724 0.0143856719 0.012670842 0.0173693355 0.0149349779 0.0224915367 0.0163538509 0.0118378979 0.0171867721 0.0221325332 0.0091078693 0.0139220771 0.0268161794 0.0218789239 0.0246015339 0.0138526921 0.0192156617 0.0147570976 0.0248129313 0.0111526155 0.0220219981 0.028878684 0.0247302492 0.0179158556 0.0152009817 
36 0.0139526039 0.0110917727 0.002086022 0.0210693533 0.0196473709 0.0078832699 0.0120949171 0.0300798915 0.0283535145 0.0193343646 0.0109502614 0.0108927506 0.0151700698 0.0080658489 0.0151354416 0.0179386715 0.0284894749 0.022190031 0.0104825454 0.0052595174 0.0200805911 0.0073312902 0.0159905476 0.0118937116 0.0223778397 0.0133137937 0.0274875422 0.0122573374 0.0178083256 0.006756101 0.0125082542 0.0142009078 0.0241508401 0.0065690678 0.006999791 0.0183937676 0.0275700421 0.0018791849 0.0159094342 0.0222381292 0.0350243075 0.0068292426 0.0231838438 0.0153124263 0.0215425958 0.0146403416 0.0179554232 0.0120261963 0.0142822237 0.0215029593 0.0010083201 0.0191740917 0.0094116673 0.0166096669 0.0077396351 0.0156871475 0.0162824641 0.0165434991 0.0171553818 0.0168567294 0.0143359332 0.0154123312 0.0141390579 0.021460323 
37 0.0261603665 0.0080268731 0.0246723838 0.0142688449 0.0155550802 0.0171027793 0.018599529 0.0201899835 0.0232063041 0.0276631771 0.0246626034 0.0129093559 0.0086062716 0.0235492121 0.0072133332 0.0023606173 0.0134673734 0.0179304638 0.012976098 0.0047107928 0.0069256954 0.0170910279 0.019905254 0.0140880974 0.0110258574 0.0151448292 0.020555624 0.0124815848 0.0157756088 0.0175117808 0.01752901 0.0141363376 0.0198198332 0.0145564979 0.0089140399 0.0275700421 0.0157727957 0.0057734418 0.0231507355 0.0128198097 0.024566532 0.0203243035 0.0260050566 0.0130258352 0.0166010339 0.0153691393 0.0066412593 0.0162439948 0.0312587062 0.0174988827 0.0067904002 0.0130651044 0.0116913457 0.0151144874 0.0133941706 0.0130694439 0.0099570761 0.0074415329 0.0076181489 0.0177274557 0.0063604027 0.012243744 0.0259915487 0.0176210491 
38 0.0081071481 0.0238626308 0.0236228265 0.0076841995 0.0122363305 0.0309518432 0.0072735013 0.0157211043 0.0229384256 0.010456369 0.0154753557 0.0187134651 0.0035611445 0.0126377145 0.0093207522 0.0107524911 0.0095322888 0.0118424521 0.0165371101 0.0313718716 0.0193058165 0.0175845547 0.0171104846 0.0125633923 0.0120195633 0.0180514155 0.0174659602 0.0129665419 0.0131278983 0.0173602393 0.025709169 0.014435071 0.0162275293 0.0198988503 0.0024773155 0.0018791849 0.0057734418 0.0127235318 0.0141079378 0.0209180819 0.0281294447 0.0102436538 0.0183799929 0.0119553556 0.0189913292 0.0265895218 0.0294757682 0.0221000042 0.0159521625 0.0066740422 0.0140859356 0.012971524 0.0104798441 0.0132832728 0.0208290745 0.015202129 0.0280921765 0.0196657518 0.0177230956 0.0196169945 0.0117976285 0.0095827575 0.0134904524 0.0103830841 
39 0.0192473498 0.0236621837 0.0084814075 0.0198939214 0.014927035 0.0106524308 0.0073493546 0.0165357487 0.0296227163 0.009749278 0.0229731851 0.0117394848 0.0147581419 0.0096293464 0.0117747602 0.0099172508 0.0153901359 0.0064710903 0.0318146583 0.0134938813 0.0210506273 0.0081435318 0.0166439056 0.00656218 0.011795011 0.0097471511 0.0218403096 0.0260136143 0.0203825581 0.0272194776 0.0268215398 0.0172535925 0.0118054649 0.0119027294 0.0180830293 0.0159094342 0.0231507355 0.0141079378 0.0380885226 0.0110776591 0.0112171494 0.0160003734 0.011816451 0.0088488053 0.0187653911 0.0106261807 0.020851261 0.0110840237 0.0151065012 0.0201255599 0.0072748615 0.0103223967 0.0223399302 0.0131161249 0.0200314672 0.0251199276 0.0088307617 0.013688621 0.0033566518 0.0056810302 0.0122201137 0.0131026906 0.0200838357 0.0147075181 
40 0.0153749709 0.0209212871 0.0167089661 0.0280055546 0.0178663299 0.0168067374 0.0210535688 0.0258615096 0.0190689148 0.0146398422 0.0120165335 0.0195770435 0.0252145484 0.011160123 0.0081749959 0.0077454059 0.0071733071 0.0146359525 0.0106343301 0.0152870421 0.0117583915 0.0135773885 0.0134309072 0.0272917867 0.0125406366 0.0211287059 0.010285243 0.0160460925 0.0162390718 0.0040703658 0.0326088512 0.0106480179 0.0149627569 0.0109157775 0.0249107724 0.0222381292 0.0128198097 0.0209180819 0.0110776591 0.0042641519 0.0177229164 0.0092837315 0.0281797527 0.0050248312 0.0186835042 0.0116952387 0.0077218312 0.0135465472 0.0099149033 0.0191249378 0.0138901948 0.0174903206 0.0138818778 0.0191776439 0.0207443932 0.0114180499 0.0194109812 0.0173077389 0.0115493086 0.0092365588 0.0238254462 0.0212743244 0.0091046075 0.0111307999 
41 0.0154050987 0.0153311657 0.0101104045 0.0257045658 0.0102001024 0.0163790403 0.0177746196 0.0271940098 0.0097194708 0.011804084 0.0236649313 0.0217061575 0.0336452268 0.0167982011 0.007666271 0.0236239516 0.0193656572 0.0154037073 0.0092721725 0.0110063191 0.0064771161 0.0263830443 0.0201842119 0.0094429602 0.0206928658 0.0084439349 0.0175846113 0.0163297764 0.0269277294 0.0139499802 0.030024651 0.0197282957 0.0098271688 0.0058130891 0.0143856719 0.0350243075 0.024566532 0.0281294447 0.0112171494 0.0177229164 0.015151411 0.0147503518 0.0169766314 0.0135578089 0.0124574862 0.0127480139 0.0094264874 0.0138558915 0.0122760263 0.0152899909 0.0161591748 0.0073880256 0.0140890338 0.0161696683 0.0041319883 0.0201231024 0.0217285283 0.0109305006 0.0117379533 0.0062380822 0.0093147666 0.0075037634 0.0129935913 0.000371108 
42 0.0119764225 0.0114550232 0.016677873 0.0202643978 0.009989444 0.0145425847 0.0076809112 0.0160328561 0.01429619 0.0212666798 0.0160200241 0.0112411969 0.0162561957 0.023742532 0.0212755463 0.0157188554 0.0063879888 0.0230292463 0.0068257288 0.0113120999 0.0097349927 0.018503463 0.0167824249 0.0430950648 0.0166879125 0.0208961659 0.0177436968 0.0102041383 0.013354062 0.0097453358 0.0088870903 0.0206114205 0.0155585698 0.0195622804 0.012670842 0.0068292426 0.0203243035 0.0102436538 0.0160003734 0.0092837315 0.0147503518 0.0068001619 0.0228284801 0.0127649712 0.0198028565 0.0095242101 0.0219169965 0.0278137819 0.0187532734 0.0164407671 0.0351856153 0.0059637251 0.028088146 0.0143103228 0.006597655 0.0095559012 0.0129092361 0.0103106114 0.0127171821 0.0120434837 0.0209290782 0.0127210794 0.016710999 0.0178505537 
43 0.0258303118 0.0272822145 0.0201280472 0.0045430687 0.0145569993 0.0086850827 0.0100869459 0.0169028166 0.0227482 0.0187438284 0.016949866 0.007750822 0.014918113 0.0228738255 0.0095566931 0.0128623238 0.0112462628 0.0023471619 0.0162678796 0.0230646358 0.0219991282 0.0225772041 0.0182483453 0.0097170323 0.0170685059 0.014576895 0.0092419094 0.00757024 0.0105863548 0.0160626322 0.0051556313 0.0098405191 0.0086248479 0.0145670784 0.0173693355 0.0231838438 0.0260050566 0.0183799929 0.011816451 0.0281797527 0.0169766314 0.0228284801 0.0092972614 0.0168265651 0.0139557821 0.0114966149 0.0106677933 0.012709578 0.0113627583 0.0200820627 0.0091612837 0.0148656352 0.0125648936 0.0204127715 0.0144503213 0.0175109493 0.0099649673 0.0155738602 0.0241939721 0.0158090466 0.0240753571 0.0165503737 0.0119977466 0.0285494398 
44 0.006094432 0.013708568 0.0109282906 0.0060544536 0.0168492868 0.0266177029 0.020177099 0.0109328622 0.007278541 0.0097205727 0.0160283061 0.0140970349 0.021624735 0.0294956202 0.0100063606 0.0152301129 0.0128477739 0.026797991 0.0100629017 0.0078812538 0.0120920592 0.0148775661 0.0275552865 0.0251011012 0.0202699042 0.0250341725 0.0143907524 0.0174521653 0.0202843764 0.0116135913 0.008787608 0.0141920923 0.0262454022 0.0114661619 0.0149349779 0.0153124263 0.0130258352 0.0119553556 0.0088488053 0.0050248312 0.0135578089 0.0127649712 0.0168265651 0.0126118949 0.0170339071 0.021936292 0.0204158594 0.0106395809 0.0161378636 0.014393214 0.0186412448 0.0164124282 0.0172390649 0.010119891 0.0168629207 0.0151927211 0.0197564581 0.0207256178 0.0202140051 0.0194817808 0.015512116 0.0146295755 0.0144948275 0.0135010217 
45 0.0076125912 0.0207200391 0.0185801347 0.0154465567 0.0222895481 0.0179170826 0.0143829729 0.0184050122 0.0011709833 0.0232800547 0.0122358988 0.0165995706 0.0125046326 0.0186213949 0.0177230248 0.0227287357 0.0203752698 0.0296735577 0.0169935688 0.0117350288 0.0123803642 0.020246094 0.0131797911 0.0116293497 0.0145774821 0.0022245342 0.0223750991 0.0147059104 0.0059821179 0.0208640667 0.0153750131 0.0177217252 0.0226210508 0.0174426821 0.0224915367 0.0215425958 0.0166010339 0.0189913292 0.0187653911 0.0186835042 0.0124574862 0.0198028565 0.0139557821 0.0170339071 0.0091563415 0.0064374405 0.0153353979 0.0126247945 0.0139451272 0.0136659899 0.0104404383 0.0143385879 0.0098738652 0.0166431449 0.0225719113 0.0130470611 0.008091637 0.0166263624 0.0102992063 0.0142005533 0.0114049624 0.0229201709 0.014627514 0.0131031323 
46 0.0063548089 0.0191420329 0.0107757578 0.0076842311 0.020494405 0.0188834012 0.0136965878 0.0244502965 0.0084731533 0.0266405844 0.0100830938 0.0162133504 0.0178448289 0.0135090757 0.0162293908 0.0155658865 0.0130123678 0.0108067806 0.0201622265 0.044010074 0.0085991475 0.0218688828 0.0344191636 0.0118833247 0.0196339698 0.0137367964 0.0082609065 0.0212776147 0.0104347338 0.0154992297 0.0137020622 0.0097697596 0.0128125941 0.0143453268 0.0163538509 0.0146403416 0.0153691393 0.0265895218 0.0106261807 0.0116952387 0.0127480139 0.0095242101 0.0114966149 0.021936292 0.0064374405 0.0022210776 0.0180086018 0.0160812294 0.0125302054 0.0243918665 0.0164768556 0.0123688557 0.0092679433 0.0124264557 0.0190668856 0.0364183859 0.0197371827 0.0137785233 0.0167217566 0.0127429817 0.015338424 0.0072351314 0.0183196731 0.0091752743 
47 0.0138270468 0.0156063741 0.01683597 0.0166217687 0.0216660112 0.0186913673 0.0083593087 0.00778493 0.0099778197 0.0217272344 0.0187808607 0.0115330647 0.0214607178 0.0087833204 0.0084772712 0.0186334367 0.019059557 0.0226162643 0.0213586472 0.02996672 0.0125068701 0.0157069418 0.0114577747 0.0183431918 0.0087067704 0.0187185947 0.0085596895 0.0119233564 0.0219137095 0.0295400278 0.0182579342 0.0114168184 0.0201792962 0.0106481223 0.0118378979 0.0179554232 0.0066412593 0.0294757682 0.020851261 0.0077218312 0.0094264874 0.0219169965 0.0106677933 0.0204158594 0.0153353979 0.0180086018 0.0144010993 0.0247294531 0.0154433468 0.0092780354 0.0116234539 0.0128428608 0.012123922 0.0107021957 0.0201998157 0.0182312177 0.0189913553 0.0156447047 0.0068903712 0.0124226344 0.0185613802 0.0205298546 0.0013021321 0.0161808015 
48 0.0204726827 0.0206784264 0.0201337178 0.0124183092 0.019218924 0.0211497822 0.0218216306 0.0183175977 0.018465744 0.0185493134 0.0099773532 0.0186028443 0.0089788008 0.0179529841 0.0108589086 0.0214520049 0.0210475724 0.019263014 0.0142423646 0.0163507027 0.0134625713 0.0137654387 0.0092683746 0.026860819 0.0074008489 0.0160014468 0.0209130562 0.0141807698 0.0104546081 0.0175670507 0.0152614267 0.0180930235 0.0175822706 0.0171284736 0.0171867721 0.0120261963 0.0162439948 0.0221000042 0.0110840237 0.0135465472 0.0138558915 0.0278137819 0.012709578 0.0106395809 0.0126247945 0.0160812294 0.0247294531 0.0069358312 0.0187967697 0.0192622495 0.0182686276 0.0147762114 0.0146046039 0.0056854765 0.0180558456 0.010800659 0.0018146103 0.0081772036 0.0190332837 0.008308477 0.0140624545 0.0177958287 0.0136443866 0.0114427773 
