40
1 0.0 0.0174333909 0.0069518411 0.0287445216 0.0079933644 0.0356421314 0.0242439708 0.0350082194 0.0103401804 0.0334855924 0.0415100168 0.0247916967 0.0164263357 0.0200742967 0.0269370767 0.0207172756 0.0384950078 0.0174949286 0.0328897581 0.0326736604 0.0228839066 0.0346753461 0.0157494649 0.0220598854 0.0321861298 0.0288946734 0.0299954489 0.0165838744 0.0226780416 0.0213495817 0.0192634417 0.032856019 0.0327239396 0.0200545516 0.0201146974 0.0279510337 0.0329331206 0.0467263371 0.0283970922 0.0200701488
2 0.0174333909 0.0 0.0346076244 0.0400300323 0.0168237209 0.0263324441 0.0293426794 0.0117697022 0.0357789733 0.023397349 0.024169321 0.0446005499 0.0369374287 0.0258347546 0.0409276712 0.019165532 0.0148771762 0.0164624709 0.0365757234 0.0033878357 0.0061789739 0.0177272811 0.0204256196 0.0271319288 0.0123514099 0.0376077504 0.0219574539 0.0367855901 0.0348657426 0.0256346082 0.0520649117 0.0096308669 0.036081236 0.008181321 0.018540715 0.0335577788 0.0246831409 0.0271532961 0.0245476527 0.0264383424
3 0.0069518411 0.0346076244 0.0 0.0321480997 0.022206538 0.0069255146 0.0253813119 0.0144022214 0.0049475118 0.0235494995 0.0079271108 0.0459638615 0.0494831639 0.035301287 0.0096872519 0.0312203166 0.0176477787 0.0211258442 0.0331474064 0.0187300686 0.03314847 0.0424254527 0.0098693652 0.0224083811 0.0405990888 0.0192949542 0.030172472 0.0244297484 0.0349803826 0.049783489 0.0127783846 0.0179856199 0.0384794731 0.0380530362 0.0142729556 0.0200511469 0.0185848274 0.0266160265 0.04185737 0.0228551038
4 0.0287445216 0.0400300323 0.0321480997 0.0 0.027215807 0.0250157555 0.0279802255 0.0297808891 0.021122475 0.0302969949 0.0264024676 0.0158136606 0.0176020479 0.0219803237 0.0110729131 0.0298399859 0.0121129848 0.031812526 0.0181324681 0.022067134 0.0223218431 0.0195493027 0.030328187 0.0258239278 0.0325123973 0.0260548129 0.01673507 0.0304680326 0.0267092767 0.0115599932 0.0276499609 0.0175451077 0.0467134669 0.0197591299 0.033379222 0.0350438358 0.0329530383 0.0201584122 0.0317266148 0.023837056
5 0.0079933644 0.0168237209 0.022206538 0.027215807 0.0 0.0360903179 0.036227354 0.0180206633 0.0249238047 0.0063988842 0.0306316559 0.0318055729 0.0387715537 0.0325203944 0.0300892227 0.031634117 0.004980798 0.0282033064 0.0154951863 0.0316952116 0.0162535287 0.041327726 0.0238563828 0.0221400082 0.0125254986 0.0168651324 0.0287376031 0.0190566208 0.0414693657 0.0364648785 0.0420559861 0.0147993994 0.0323661356 0.0222823027 0.0365935673 0.0231006299 0.0376108792 0.0184360518 0.026134962 0.016195868
6 0.0356421314 0.0263324441 0.0069255146 0.0250157555 0.0360903179 0.0 0.0153440547 0.0063974291 0.0163151049 0.0254619982 0.022482192 0.0322294484 0.0395539886 0.0169919458 0.017635599 0.0295976062 0.027415459 0.0242849017 0.0219750481 0.0318684774 0.0187638805 0.040713865 0.0334340924 0.0320448394 0.0308260633 0.0248703969 0.0371026937 0.0323542031 0.0269105223 0.0383228158 0.0448986011 0.0195391885 0.0086268788 0.0366528822 0.0111877868 0.0167478218 0.0096291564 0.022730428 0.0225010557 0.0345834113
7 0.0242439708 0.0293426794 0.0253813119 0.0279802255 0.036227354 0.0153440547 0.0 0.0387077553 0.0237089974 0.0256772776 0.0169180601 0.0218030956 0.0334268378 0.0313868421 0.0348284071 0.0191879385 0.0201177584 0.0208364459 0.020379081 0.0371325359 0.0078904554 0.0319355274 0.0246185403 0.0290488519 0.0284217781 0.0288241022 0.0318300184 0.0340004202 0.019166083 0.0319226497 0.0071747444 0.0395198667 0.0170649631 0.0308013249 0.0110302131 0.0256406535 0.0179902498 0.0190852339 0.0243822314 0.0370214632
8 0.0350082194 0.0117697022 0.0144022214 0.0297808891 0.0180206633 0.0063974291 0.0387077553 0.0 0.034606923 0.0226424441 0.0260916916 0.0296728302 0.0171893856 0.0222558783 0.0363665574 0.0309734291 0.0278143389 0.0497891728 0.0496965294 0.0335515879 0.0166768036 0.026515339 0.0258717793 0.0131378813 0.0154885621 0.0216585843 0.0478457862 0.0312197487 0.0238220543 0.0079832765 0.0255409117 0.0321181524 0.0100232118 0.0102965711 0.0253050092 0.0409305211 0.0221955299 0.0071598301 0.0396423594 0.0218304394
9 0.0103401804 0.0357789733 0.0049475118 0.021122475 0.0249238047 0.0163151049 0.0237089974 0.034606923 0.0 0.0210262996 0.0209378479 0.0190377454 0.042719467 0.0302133475 0.0460278753 0.027056826 0.0186511163 0.0366198467 0.0302511867 0.0085567949 0.0294852998 0.0269528694 0.0220356498 0.0283046872 0.0331084011 0.0341463349 0.018685296 0.0327610916 0.0245116066 0.0151384789 0.0319701868 0.0384301667 0.0328222835 0.0341919819 0.0164683458 0.0323294338 0.0308750499 0.0169455725 0.0235536051 0.0044413349
10 0.0334855924 0.023397349 0.0235494995 0.0302969949 0.0063988842 0.0254619982 0.0256772776 0.0226424441 0.0210262996 0.0 0.0363130591 0.0151172697 0.010708777 0.0094371362 0.0259844039 0.0360085742 0.0148685324 0.0312339013 0.0153175863 0.0346849373 0.021954829 0.0268015626 0.0316322395 0.022391743 0.0276616827 0.0182489165 0.0287881751 0.0353126907 0.0062361299 0.035008815 0.0292357097 0.0336767739 0.0334910842 0.0340115242 0.0170302584 0.0312672184 0.0321617762 0.0443537337 0.024369163 0.0247554577
11 0.0415100168 0.024169321 0.0079271108 0.0264024676 0.0306316559 0.022482192 0.0169180601 0.0260916916 0.0209378479 0.0363130591 0.0 0.0403307285 0.016493148 0.0325743348 0.0217415561 0.0276496292 0.0219583393 0.0140256812 0.0339740424 0.0102428634 0.0435484458 0.0022788234 0.0224192068 0.0309373125 0.0350286682 0.0139400491 0.0232390524 0.0311063775 0.0403924281 0.0261378723 0.0123594755 0.0184707968 0.0409028768 0.0148110229 0.0247302524 0.0333331287 0.0213306258 0.0236774377 0.0250497514 0.0439326501
12 0.0247916967 0.0446005499 0.0459638615 0.0158136606 0.0318055729 0.0322294484 0.0218030956 0.0296728302 0.0190377454 0.0151172697 0.0403307285 0.0 0.0118130692 0.0353899913 0.0278802202 0.0197464266 0.0275299119 0.0373960565 0.0326483056 0.0135089092 0.017451937 0.00621328 0.0316640005 0.013379805 0.0344181497 0.0114161285 0.0338570898 0.026895404 0.0109351385 0.0217220381 0.0200705645 0.0253860431 0.0525965865 0.019192173 0.0470058925 0.0174584163 0.0360717395 0.0023550592 0.020502097 0.0243291074
13 0.0164263357 0.0369374287 0.0494831639 0.0176020479 0.0387715537 0.0395539886 0.0334268378 0.0171893856 0.042719467 0.010708777 0.016493148 0.0118130692 0.0 0.0371855827 0.0201300189 0.0418431013 0.0251098773 0.0379593719 0.0277288469 0.0121604014 0.0250585255 0.0143391648 0.0166423322 0.0301511516 0.026707324 0.0351931166 0.008644594 0.0104381649 0.0237803685 0.0324464835 0.0227231277 0.0467155457 0.027749265 0.0347254047 0.0076040207 0.0176264489 0.0125835629 0.0362782207 0.020557852 0.0167929226
14 0.0200742967 0.0258347546 0.035301287 0.0219803237 0.0325203944 0.0169919458 0.0313868421 0.0222558783 0.0302133475 0.0094371362 0.0325743348 0.0353899913 0.0371855827 0.0 0.0209638025 0.024925846 0.032750623 0.0113596913 0.0158792979 0.0403638945 0.0426594182 0.0476435876 0.0241312985 0.0290679657 0.025835202 0.018796856 0.0081996473 0.0161729323 0.0222691612 0.0330043681 0.0164508332 0.0396502869 0.0113265301 0.048046475 0.0275462593 0.0092836614 0.0305865939 0.0306567435 0.0090952515 0.0121876582
15 0.0269370767 0.0409276712 0.0096872519 0.0110729131 0.0300892227 0.017635599 0.0348284071 0.0363665574 0.0460278753 0.0259844039 0.0217415561 0.0278802202 0.0201300189 0.0209638025 0.0 0.0173806323 0.0476513037 0.0140355769 0.0117718758 0.0297851262 0.0042005756 0.0396537822 0.0369499727 0.0258213816 0.0372386693 0.0383197822 0.006704384 0.0226930495 0.0276054958 0.0266240641 0.0142815841 0.0068884726 0.0489149414 0.0215622749 0.0093062459 0.0291687435 0.0345897256 0.0470894252 0.0149722787 0.0165180604
16 0.0207172756 0.019165532 0.0312203166 0.0298399859 0.031634117 0.0295976062 0.0191879385 0.0309734291 0.027056826 0.0360085742 0.0276496292 0.0197464266 0.0418431013 0.024925846 0.0173806323 0.0 0.0460358005 0.0108315168 0.0178842097 0.0291121919 0.0236101654 0.0374231782 0.0154231286 0.0110642325 0.0266277133 0.0048318997 0.0151583499 0.0199021558 0.0259672968 0.0287437976 0.0372736019 0.0322960487 0.0315735264 0.0316798454 0.0281486828 0.0202636176 0.0278726746 0.0181645455 0.0359741698 0.0171904139
17 0.0384950078 0.0148771762 0.0176477787 0.0121129848 0.004980798 0.027415459 0.0201177584 0.0278143389 0.0186511163 0.0148685324 0.0219583393 0.0275299119 0.0251098773 0.032750623 0.0476513037 0.0460358005 0.0 0.0329061192 0.025104095 0.0475043998 0.0122564512 0.0183029922 0.0400274255 0.0157023452 0.0190444664 0.0105119439 0.0201045496 0.0224505431 0.0298114454 0.0249615311 0.0187764533 0.0325188257 0.0249974238 0.0090775653 0.0353129983 0.0336951808 0.0406789176 0.0382094334 0.0188823925 0.0311456952
18 0.0174949286 0.0164624709 0.0211258442 0.031812526 0.0282033064 0.0242849017 0.0208364459 0.0497891728 0.0366198467 0.0312339013 0.0140256812 0.0373960565 0.0379593719 0.0113596913 0.0140355769 0.0108315168 0.0329061192 0.0 0.0193703361 0.0196319059 0.0426218441 0.0343784736 0.0197292154 0.0170648052 0.026358414 0.026697705 0.0032476757 0.0298910186 0.0189909497 0.0326219585 0.0184016726 0.0476520424 0.0156121057 0.0106412345 0.0374519593 0.019927963 0.0315328611 0.0534589766 0.0207901363 0.0175493885
19 0.0328897581 0.0365757234 0.0331474064 0.0181324681 0.0154951863 0.0219750481 0.020379081 0.0496965294 0.0302511867 0.0153175863 0.0339740424 0.0326483056 0.0277288469 0.0158792979 0.0117718758 0.0178842097 0.025104095 0.0193703361 0.0 0.0223981968 0.0131305205 0.0209684188 0.0207229594 0.0162304758 0.0271770635 0.0121786741 0.0511283622 0.0227819322 0.0295838433 0.036985291 0.0435856793 0.0038681787 0.0511105259 0.0235388812 0.0257701813 0.0200267855 0.0231342886 0.0176046554 0.0340282642 0.0258258391
20 0.0326736604 0.0033878357 0.0187300686 0.022067134 0.0316952116 0.0318684774 0.0371325359 0.0335515879 0.0085567949 0.0346849373 0.0102428634 0.0135089092 0.0121604014 0.0403638945 0.0297851262 0.0291121919 0.0475043998 0.0196319059 0.0223981968 0.0 0.0419492544 0.0236002366 0.0160426924 0.049843652 0.0257665957 0.0301569453 0.0290050047 0.0171648077 0.0210916937 0.0084226807 0.0373907989 0.0265957838 0.0206355275 0.0108479525 0.0284496452 0.0235622448 0.0259606232 0.0216037963 0.0402167854 0.0226371464
21 0.0228839066 0.0061789739 0.03314847 0.0223218431 0.0162535287 0.0187638805 0.0078904554 0.0166768036 0.0294852998 0.021954829 0.0435484458 0.017451937 0.0250585255 0.0426594182 0.0042005756 0.0236101654 0.0122564512 0.0426218441 0.0131305205 0.0419492544 0.0 0.0365281532 0.0193370659 0.0178107973 0.0443499551 0.0437658439 0.0176362354 0.0203898607 0.026280251 0.0211982404 0.0371521836 0.0267631826 0.0255257763 0.0324058268 0.0342462416 0.024635322 0.0191397558 0.0378145347 0.023898609 0.0290770365
22 0.0346753461 0.0177272811 0.0424254527 0.0195493027 0.041327726 0.040713865 0.0319355274 0.026515339 0.0269528694 0.0268015626 0.0022788234 0.00621328 0.0143391648 0.0476435876 0.0396537822 0.0374231782 0.0183029922 0.0343784736 0.0209684188 0.0236002366 0.0365281532 0.0 0.0311130493 0.0169229429 0.0132596185 0.0195578511 0.0058044133 0.0198744657 0.0223526639 0.0191625749 0.0050325216 0.0144370384 0.0343942184 0.0325890826 0.036640861 0.0373094578 0.0040497146 0.044958867 0.0178139884 0.0347723075
23 0.0157494649 0.0204256196 0.0098693652 0.030328187 0.0238563828 0.0334340924 0.0246185403 0.0258717793 0.0220356498 0.0316322395 0.0224192068 0.0316640005 0.0166423322 0.0241312985 0.0369499727 0.0154231286 0.0400274255 0.0197292154 0.0207229594 0.0160426924 0.0193370659 0.0311130493 0.0 0.0351902378 0.0184578218 0.026498386 0.0399097466 0.0283793363 0.005029514 0.0281046391 0.0140169101 0.0187351268 0.0087545888 0.0336053135 0.0357548123 0.0342902718 0.0325069317 0.0450064807 0.0260778803 0.0376583346
24 0.0220598854 0.0271319288 0.0224083811 0.0258239278 0.0221400082 0.0320448394 0.0290488519 0.0131378813 0.0283046872 0.022391743 0.0309373125 0.013379805 0.0301511516 0.0290679657 0.0258213816 0.0110642325 0.0157023452 0.0170648052 0.0162304758 0.049843652 0.0178107973 0.0169229429 0.0351902378 0.0 0.0311019293 0.0338789882 0.0407158662 0.0139884745 0.0332228187 0.0137218426 0.0247174986 0.0230947005 0.0225655377 0.0148135609 0.0203793404 0.0472563015 0.043633442 0.0284628968 0.0400856297 0.0146819336
25 0.0321861298 0.0123514099 0.0405990888 0.0325123973 0.0125254986 0.0308260633 0.0284217781 0.0154885621 0.0331084011 0.0276616827 0.0350286682 0.0344181497 0.026707324 0.025835202 0.0372386693 0.0266277133 0.0190444664 0.026358414 0.0271770635 0.0257665957 0.0443499551 0.0132596185 0.0184578218 0.0311019293 0.0 0.0339217832 0.0314308619 0.012161371 0.0186644604 0.0108658771 0.0221115185 0.008655342 0.0115500682 0.025512397 0.0456322373 0.0148034911 0.0278690305 0.0185660288 0.0122955984 0.0489073321
26 0.0288946734 0.0376077504 0.0192949542 0.0260548129 0.0168651324 0.0248703969 0.0288241022 0.0216585843 0.0341463349 0.0182489165 0.0139400491 0.0114161285 0.0351931166 0.018796856 0.0383197822 0.0048318997 0.0105119439 0.026697705 0.0121786741 0.0301569453 0.0437658439 0.0195578511 0.026498386 0.0338789882 0.0339217832 0.0 0.0210988747 0.0370626151 0.0418689571 0.0074530893 0.0347846218 0.031848809 0.0271766442 0.0434056021 0.0265190553 0.0206313663 0.0290753077 0.0168095887 0.0207162338 0.0254176237
27 0.0299954489 0.0219574539 0.030172472 0.01673507 0.0287376031 0.0371026937 0.0318300184 0.0478457862 0.018685296 0.0287881751 0.0232390524 0.0338570898 0.008644594 0.0081996473 0.006704384 0.0151583499 0.0201045496 0.0032476757 0.0511283622 0.0290050047 0.0176362354 0.0058044133 0.0399097466 0.0407158662 0.0314308619 0.0210988747 0.0 0.0509027797 0.0300876066 0.0331997931 0.0066122493 0.048911091 0.017641644 0.0204208651 0.0249568253 0.0226400595 0.0255738188 0.0250806288 0.0252872559 0.020950658
28 0.0165838744 0.0367855901 0.0244297484 0.0304680326 0.0190566208 0.0323542031 0.0340004202 0.0312197487 0.0327610916 0.0353126907 0.0311063775 0.026895404 0.0104381649 0.0161729323 0.0226930495 0.0199021558 0.0224505431 0.0298910186 0.0227819322 0.0171648077 0.0203898607 0.0198744657 0.0283793363 0.0139884745 0.012161371 0.0370626151 0.0509027797 0.0 0.0370167185 0.036745931 0.0122629247 0.0158378164 0.0257824466 0.0241377973 0.0469521456 0.0122925003 0.0309339441 0.0082123771 0.0334905452 0.0211075439
29 0.0226780416 0.0348657426 0.0349803826 0.0267092767 0.0414693657 0.0269105223 0.019166083 0.0238220543 0.0245116066 0.0062361299 0.0403924281 0.0109351385 0.0237803685 0.0222691612 0.0276054958 0.0259672968 0.0298114454 0.0189909497 0.0295838433 0.0210916937 0.026280251 0.0223526639 0.005029514 0.0332228187 0.0186644604 0.0418689571 0.0300876066 0.0370167185 0.0 0.0275409431 0.0155027245 0.0208483702 0.0243659295 0.0336964071 0.0335259748 0.0349521179 0.0079422927 0.0307892854 0.0306218618 0.0139140765
30 0.0213495817 0.0256346082 0.049783489 0.0115599932 0.0364648785 0.0383228158 0.0319226497 0.0079832765 0.0151384789 0.035008815 0.0261378723 0.0217220381 0.0324464835 0.0330043681 0.0266240641 0.0287437976 0.0249615311 0.0326219585 0.036985291 0.0084226807 0.0211982404 0.0191625749 0.0281046391 0.0137218426 0.0108658771 0.0074530893 0.0331997931 0.036745931 0.0275409431 0.0 0.0315497151 0.016358563 0.015763244 0.0324188476 0.0128996363 0.0418105996 0.032206878 0.0233048778 0.0306748984 0.0201811379
31 0.0192634417 0.0520649117 0.0127783846 0.0276499609 0.0420559861 0.0448986011 0.0071747444 0.0255409117 0.0319701868 0.0292357097 0.0123594755 0.0200705645 0.0227231277 0.0164508332 0.0142815841 0.0372736019 0.0187764533 0.0184016726 0.0435856793 0.0373907989 0.0371521836 0.0050325216 0.0140169101 0.0247174986 0.0221115185 0.0347846218 0.0066122493 0.0122629247 0.0155027245 0.0315497151 0.0 0.0364826285 0.0293538158 0.0118433644 0.0415329543 0.0280026854 0.0272680693 0.0141805962 0.0244488182 0.0491975703
32 0.032856019 0.0096308669 0.0179856199 0.0175451077 0.0147993994 0.0195391885 0.0395198667 0.0321181524 0.0384301667 0.0336767739 0.0184707968 0.0253860431 0.0467155457 0.0396502869 0.0068884726 0.0322960487 0.0325188257 0.0476520424 0.0038681787 0.0265957838 0.0267631826 0.0144370384 0.0187351268 0.0230947005 0.008655342 0.031848809 0.048911091 0.0158378164 0.0208483702 0.016358563 0.0364826285 0.0 0.0336053367 0.0245910316 0.0104815495 0.0233900356 0.0255698503 0.0260533784 0.0201399583 0.0380530058
33 0.0327239396 0.036081236 0.0384794731 0.0467134669 0.0323661356 0.0086268788 0.0170649631 0.0100232118 0.0328222835 0.0334910842 0.0409028768 0.0525965865 0.027749265 0.0113265301 0.0489149414 0.0315735264 0.0249974238 0.0156121057 0.0511105259 0.0206355275 0.0255257763 0.0343942184 0.0087545888 0.0225655377 0.0115500682 0.0271766442 0.017641644 0.0257824466 0.0243659295 0.015763244 0.0293538158 0.0336053367 0.0 0.0162456661 0.0313823523 0.016574977 0.0047291715 0.0116088251 0.0183520614 0.0108157148
34 0.0200545516 0.008181321 0.0380530362 0.0197591299 0.0222823027 0.0366528822 0.0308013249 0.0102965711 0.0341919819 0.0340115242 0.0148110229 0.019192173 0.0347254047 0.048046475 0.0215622749 0.0316798454 0.0090775653 0.0106412345 0.0235388812 0.0108479525 0.0324058268 0.0325890826 0.0336053135 0.0148135609 0.025512397 0.0434056021 0.0204208651 0.0241377973 0.0336964071 0.0324188476 0.0118433644 0.0245910316 0.0162456661 0.0 0.0148748555 0.0295987949 0.0229273674 0.0195843007 0.0399157383 0.0490057258
35 0.0201146974 0.018540715 0.0142729556 0.033379222 0.0365935673 0.0111877868 0.0110302131 0.0253050092 0.0164683458 0.0170302584 0.0247302524 0.0470058925 0.0076040207 0.0275462593 0.0093062459 0.0281486828 0.0353129983 0.0374519593 0.0257701813 0.0284496452 0.0342462416 0.036640861 0.0357548123 0.0203793404 0.0456322373 0.0265190553 0.0249568253 0.0469521456 0.0335259748 0.0128996363 0.0415329543 0.0104815495 0.0313823523 0.0148748555 0.0 0.0284467288 0.0324688695 0.0065178641 0.0105634912 0.0309752966
36 0.0279510337 0.0335577788 0.0200511469 0.0350438358 0.0231006299 0.0167478218 0.0256406535 0.0409305211 0.0323294338 0.0312672184 0.0333331287 0.0174584163 0.0176264489 0.0092836614 0.0291687435 0.0202636176 0.0336951808 0.019927963 0.0200267855 0.0235622448 0.024635322 0.0373094578 0.0342902718 0.0472563015 0.0148034911 0.0206313663 0.0226400595 0.0122925003 0.0349521179 0.0418105996 0.0280026854 0.0233900356 0.016574977 0.0295987949 0.0284467288 0.0 0.0175229108 0.0201971854 0.0159264289 0.0187525014
37 0.0329331206 0.0246831409 0.0185848274 0.0329530383 0.0376108792 0.0096291564 0.0179902498 0.0221955299 0.0308750499 0.0321617762 0.0213306258 0.0360717395 0.0125835629 0.0305865939 0.0345897256 0.0278726746 0.0406789176 0.0315328611 0.0231342886 0.0259606232 0.0191397558 0.0040497146 0.0325069317 0.043633442 0.0278690305 0.0290753077 0.0255738188 0.0309339441 0.0079422927 0.032206878 0.0272680693 0.0255698503 0.0047291715 0.0229273674 0.0324688695 0.0175229108 0.0 0.0252082252 0.0267426521 0.020673387
38 0.0467263371 0.0271532961 0.0266160265 0.0201584122 0.0184360518 0.022730428 0.0190852339 0.0071598301 0.0169455725 0.0443537337 0.0236774377 0.0023550592 0.0362782207 0.0306567435 0.0470894252 0.0181645455 0.0382094334 0.0534589766 0.0176046554 0.0216037963 0.0378145347 0.044958867 0.0450064807 0.0284628968 0.0185660288 0.0168095887 0.0250806288 0.0082123771 0.0307892854 0.0233048778 0.0141805962 0.0260533784 0.0116088251 0.0195843007 0.0065178641 0.0201971854 0.0252082252 0.0 0.0296134012 0.0295674422
39 0.0283970922 0.0245476527 0.04185737 0.0317266148 0.026134962 0.0225010557 0.0243822314 0.0396423594 0.0235536051 0.024369163 0.0250497514 0.020502097 0.020557852 0.0090952515 0.0149722787 0.0359741698 0.0188823925 0.0207901363 0.0340282642 0.0402167854 0.023898609 0.0178139884 0.0260778803 0.0400856297 0.0122955984 0.0207162338 0.0252872559 0.0334905452 0.0306218618 0.0306748984 0.0244488182 0.0201399583 0.0183520614 0.0399157383 0.0105634912 0.0159264289 0.0267426521 0.0296134012 0.0 0.0261538646
40 0.0200701488 0.0264383424 0.0228551038 0.023837056 0.016195868 0.0345834113 0.0370214632 0.0218304394 0.0044413349 0.0247554577 0.0439326501 0.0243291074 0.0167929226 0.0121876582 0.0165180604 0.0171904139 0.0311456952 0.0175493885 0.0258258391 0.0226371464 0.0290770365 0.0347723075 0.0376583346 0.0146819336 0.0489073321 0.0254176237 0.020950658 0.0211075439 0.0139140765 0.0201811379 0.0491975703 0.0380530058 0.0108157148 0.0490057258 0.0309752966 0.0187525014 0.020673387 0.0295674422 0.0261538646 0.0
