20
1 0.0 0.0761791129 0.0573388279 0.0281638165 0.0193951432 0.0589912182 0.0773376715 0.0543304248 0.0626886387 0.0665451949 0.0292352987 0.0505941497 0.071440313 0.0657646564 0.0708888606 0.0614207017 0.0531733193 0.0378744779 0.0211215905 0.0375165836
2 0.0761791129 0.0 0.080453179 0.0735590546 0.0284250389 0.0402746151 0.0492697065 0.0863152255 0.0743395125 0.0408691595 0.0624768067 0.0522196525 0.0410716773 0.0545168774 0.0345048471 0.0194279149 0.0359021308 0.0199727466 0.0725566776 0.0576660646
3 0.0573388279 0.080453179 0.0 0.0547438911 0.0113732059 0.0607682929 0.0418222333 0.0999548233 0.006808041 0.0443444951 0.0406016845 0.0519657255 0.0787376689 0.0686272765 0.0225002486 0.0660276843 0.0568462223 0.0709957146 0.0220293451 0.0640614402
4 0.0281638165 0.0735590546 0.0547438911 0.0 0.068277276 0.0603382518 0.0521336945 0.0287393352 0.0664680445 0.0558448887 0.0624316649 0.0477112798 0.0773873024 0.0450405753 0.0604576654 0.0237459699 0.0821567871 0.0566632593 0.0304036336 0.0257336093
5 0.0193951432 0.0284250389 0.0113732059 0.068277276 0.0 0.0329770684 0.0759392591 0.0749060119 0.0497586143 0.0880206363 0.0580622144 0.0453337854 0.0756100573 0.0482748843 0.0702266976 0.0426484127 0.0224688055 0.0174295357 0.0786431513 0.0922302019
6 0.0589912182 0.0402746151 0.0607682929 0.0603382518 0.0329770684 0.0 0.0752546701 0.0389584424 0.1010316241 0.0144602278 0.0834746089 0.0182421653 0.0564225385 0.0243971881 0.0802342498 0.0377129902 0.0273135986 0.0660003254 0.0601348781 0.0630130465
7 0.0773376715 0.0492697065 0.0418222333 0.0521336945 0.0759392591 0.0752546701 0.0 0.0732229125 0.0453439587 0.064464546 0.0650796644 0.0205386673 0.0327550144 0.0654014808 0.0307620387 0.02797633 0.0797225591 0.0309089599 0.0623610719 0.0297055613
8 0.0543304248 0.0863152255 0.0999548233 0.0287393352 0.0749060119 0.0389584424 0.0732229125 0.0 0.0628840086 0.0423037373 0.053317226 0.0675122007 0.0098574635 0.0604408952 0.0559114217 0.0322231943 0.041995944 0.0451952127 0.0297104268 0.0422210936
9 0.0626886387 0.0743395125 0.006808041 0.0664680445 0.0497586143 0.1010316241 0.0453439587 0.0628840086 0.0 0.0700963332 0.0295238201 0.0844529866 0.0303466698 0.0182629213 0.027232941 0.0991506161 0.0512590608 0.0380474009 0.011802236 0.0705025717
10 0.0665451949 0.0408691595 0.0443444951 0.0558448887 0.0880206363 0.0144602278 0.064464546 0.0423037373 0.0700963332 0.0 0.0488325931 0.0688949594 0.0453260285 0.0489128789 0.0763424218 0.0474233028 0.0082979553 0.0701501774 0.0607114987 0.0381589652
11 0.0292352987 0.0624768067 0.0406016845 0.0624316649 0.0580622144 0.0834746089 0.0650796644 0.053317226 0.0295238201 0.0488325931 0.0 0.0650293835 0.0678946686 0.0218940145 0.0265197032 0.0709971557 0.0600155698 0.0437756946 0.0254361534 0.0854020751
12 0.0505941497 0.0522196525 0.0519657255 0.0477112798 0.0453337854 0.0182421653 0.0205386673 0.0675122007 0.0844529866 0.0688949594 0.0650293835 0.0 0.0496503214 0.0534428295 0.0478180555 0.06010524 0.0517238773 0.0421680518 0.0510589717 0.0715376971
13 0.071440313 0.0410716773 0.0787376689 0.0773873024 0.0756100573 0.0564225385 0.0327550144 0.0098574635 0.0303466698 0.0453260285 0.0678946686 0.0496503214 0.0 0.0705473591 0.0350481416 0.0324462524 0.0845940838 0.0543540466 0.0739376599 0.0125727331
14 0.0657646564 0.0545168774 0.0686272765 0.0450405753 0.0482748843 0.0243971881 0.0654014808 0.0604408952 0.0182629213 0.0489128789 0.0218940145 0.0534428295 0.0705473591 0.0 0.0530090236 0.0645048579 0.0520111259 0.0342606146 0.0818093126 0.0688812282
15 0.0708888606 0.0345048471 0.0225002486 0.0604576654 0.0702266976 0.0802342498 0.0307620387 0.0559114217 0.027232941 0.0763424218 0.0265197032 0.0478180555 0.0350481416 0.0530090236 0.0 0.0858701623 0.0681479424 0.0784779263 0.0297960436 0.0462516091
16 0.0614207017 0.0194279149 0.0660276843 0.0237459699 0.0426484127 0.0377129902 0.02797633 0.0322231943 0.0991506161 0.0474233028 0.0709971557 0.06010524 0.0324462524 0.0645048579 0.0858701623 0.0 0.0536698422 0.0643818099 0.0565587638 0.0537087991
17 0.0531733193 0.0359021308 0.0568462223 0.0821567871 0.0224688055 0.0273135986 0.0797225591 0.041995944 0.0512590608 0.0082979553 0.0600155698 0.0517238773 0.0845940838 0.0520111259 0.0681479424 0.0536698422 0.0 0.0674323167 0.0856839498 0.0175849094
18 0.0378744779 0.0199727466 0.0709957146 0.0566632593 0.0174295357 0.0660003254 0.0309089599 0.0451952127 0.0380474009 0.0701501774 0.0437756946 0.0421680518 0.0543540466 0.0342606146 0.0784779263 0.0643818099 0.0674323167 0.0 0.0924522768 0.0694594522
19 0.0211215905 0.0725566776 0.0220293451 0.0304036336 0.0786431513 0.0601348781 0.0623610719 0.0297104268 0.011802236 0.0607114987 0.0254361534 0.0510589717 0.0739376599 0.0818093126 0.0297960436 0.0565587638 0.0856839498 0.0924522768 0.0 0.0537923588
20 0.0375165836 0.0576660646 0.0640614402 0.0257336093 0.0922302019 0.0630130465 0.0297055613 0.0422210936 0.0705025717 0.0381589652 0.0854020751 0.0715376971 0.0125727331 0.0688812282 0.0462516091 0.0537087991 0.0175849094 0.0694594522 0.0537923588 0.0
