128
1 0.0015459382 0.0055988542 0.0125242144 0.0107830647 0.0077168352 0.015657221 0.0096364725 0.0109045515 0.0087144841 0.0074305898 0.0066989121 0.0037634125 0.0099311075 0.0044572235 0.0104913728 0.0032213838 0.0097511581 0.0120203558 0.0044621433 0.0116621706 0.0113673884 0.0071973242 0.0052552002 0.0039661453 0.0087326507 0.0095663236 0.0060838102 0.0100181635 0.0077952597 0.0078759211 0.0030169667 0.0087837271 0.0121908546 0.0050757893 0.0036001132 0.0053662204 0.0044820275 0.0093109314 0.0080638919 0.011775206 0.0115347818 0.0079992076 0.0012146439 0.0079613043 0.0125265777 0.0162118666 0.0070145546 0.0056713207 0.0070540547 0.002823007 0.0078328442 0.0060674518 0.0069663983 0.0041119148 0.0094817746 0.0098552721 0.0044824352 0.0094068692 0.0057977763 0.0044669074 0.0031024425 0.0159488244 0.0110174299 0.006328523 0.0058961149 0.007362377 0.0104934631 0.0136929678 0.0098076742 0.0053635034 0.0106078305 0.0125099136 0.0158769706 0.0061979409 0.0115656325 0.0112088805 0.0039512106 0.0122740179 0.0104521874 0.0084170486 0.0070925989 0.0056474304 0.0067870957 0.0064169811 0.0122174191 0.0129406363 0.0080365596 0.008722045 0.0031368384 0.005350103 0.0057128027 0.0049274639 0.0049044134 0.0051728385 0.0116070679 0.0055768604 0.0056771536 0.0057592541 0.004802235 0.0033300325 0.0021600704 0.0057190917 0.0057470383 0.0086501035 0.0066505814 0.0043977876 0.0042810025 0.006032641 0.0099249901 0.0080067658 0.0062781818 0.0116508616 0.0048295181 0.0107364374 0.0100265829 0.0110072112 0.0045058464 0.004754304 0.0061567848 0.0101054015 0.0068206227 0.0090423569 0.0086168933 0.0086906911 0.0079957428 0.0106486741 0.0053564081 0.0103382828 
2 0.0055988542 0.0019517727 0.0029985944 0.0063368465 0.008093817 0.0066438185 0.00788847 0.0086426143 0.0065752431 0.0058419707 0.0076511642 0.0079416288 0.0138217233 0.0059625247 0.0100071557 0.0076530413 0.0054812774 0.0042355416 0.0077261972 0.0077644391 0.012529651 0.0124287527 0.0044471786 0.0109356684 0.0094626951 0.0070757533 0.005410105 0.0060735898 0.0070967242 0.0050218859 0.0064431951 0.004193476 0.0099793537 0.010840348 0.0069170164 0.0069952374 0.0056271813 0.0135229352 0.004674492 0.0111630784 0.0073659146 0.0060714475 0.0112018268 0.014095035 0.0058943435 0.0058240912 0.0154292856 0.0035946177 0.0069622708 0.0072424359 0.0086174801 0.010325902 0.0050597657 0.0073984694 0.0058949859 0.0050879689 0.0089010116 0.0087278756 0.0080810514 0.0127807446 0.0079889857 0.0052955463 0.0081549498 0.0110035402 0.0062046244 0.0088868927 0.0067484927 0.0064376464 0.0031284908 0.0084383093 0.0076398418 0.0085800485 0.0097711917 0.0087167683 0.0064064328 0.0047534487 0.0066091742 0.0099840213 0.0096390949 0.0077042359 0.0091916481 0.0124741402 0.0062742887 0.009976164 0.0166391807 0.0064547326 0.0085895462 0.0081838659 0.0071103435 0.0125810843 0.0099733386 0.0075453247 0.0067017106 0.0049571156 0.0096209086 0.0069121693 0.0087729611 0.0087888795 0.0119731093 0.0083326841 0.0049006207 0.0069608211 0.0091627559 0.0115293468 0.0072013898 0.0076785668 0.0053707788 0.0067868939 0.0045096495 0.0067153376 0.0069057505 0.0058703482 0.0105306722 0.005445785 0.0024042624 0.0079908391 0.0055846606 0.0070716662 0.0062788348 0.0096227343 0.007653994 0.0087391123 0.0094903504 0.0048056524 0.0039165411 0.0066680595 0.0123208044 0.0105273044 
3 0.0125242144 0.0029985944 0.0043283348 0.0099834058 0.0093302065 0.0078745664 0.0040442987 0.008819497 0.007744425 0.00620669 0.0094208608 0.0093269524 0.0060469657 0.0086930867 0.0055248542 0.0073933829 0.0056127612 0.0097532772 0.0076350148 0.0091491147 0.0075378476 0.0043633072 0.002854504 0.0048413618 0.0135187286 0.008972184 0.0069269208 0.0074830329 0.0082624662 0.0122732637 0.0053416095 0.0077726426 0.0067847791 0.0098177565 0.0046958587 0.0106795751 0.0086008632 0.0091486111 0.0092919429 0.0051652484 0.0038302795 0.007165279 0.0061945086 0.0108420498 0.0138081752 0.0027576323 0.0103776065 0.0046278927 0.0097140597 0.0121765922 0.0104921966 0.0109487269 0.0089747289 0.0049434718 0.0073231647 0.006242506 0.0055116037 0.0048997151 0.0105220708 0.0045839948 0.0092388243 0.0064774033 0.0090696081 0.0044581742 0.0041599591 0.0079306566 0.0072034954 0.0088239555 0.0034122282 0.010905223 0.0063669937 0.0078212563 0.009220985 0.0102692455 0.0099173072 0.0089935592 0.0086043769 0.0105224101 0.0055284336 0.0145667978 0.0051938463 0.0077448824 0.0118320921 0.0068275726 0.0089596387 0.0050386129 0.0042744597 0.0089797669 0.0089659645 0.0105168031 0.0126579383 0.0032956827 0.0112080209 0.0102064974 0.0038462123 0.0049802333 0.0080712331 0.0107175674 0.0045416575 0.0099769039 0.0063805052 0.0035400266 0.0074340457 0.0096936517 0.0055804432 0.0087369038 0.009220422 0.001732899 0.0076758896 0.0081167103 0.002698032 0.0091838308 0.0152704495 0.0036058385 0.0056195345 0.0064935434 0.0116751237 0.0097211687 0.0055720931 0.0048874244 0.007526187 0.0141387192 0.0090863377 0.0069972 0.0078568569 0.0067489723 0.0130897837 0.0077116657 
4 0.0107830647 0.0063368465 0.0099834058 0.0048881873 0.0067711713 0.0070629547 0.0054244829 0.0068190506 0.0124838058 0.0047420237 0.0052005219 0.0054880822 0.0079201038 0.0153202307 0.0085814546 0.0123572754 0.0036267975 0.0053952968 0.0018217234 0.00458764 0.0047027818 0.0057426924 0.0103364009 0.0084960616 0.0098377786 0.007349938 0.0083999663 0.0087499782 0.0075935356 0.0076712251 0.0055371188 0.0060834166 0.0066113561 0.0065026454 0.009569706 0.0115423036 0.0041775641 0.0056230087 0.0072070498 0.004652295 0.0059287887 0.0112055782 0.0132001688 0.0090037161 0.0062026344 0.006699153 0.0037386442 0.0099496034 0.0071312871 0.0084077522 0.0083565247 0.0045413057 0.0073138109 0.0088878163 0.0145641971 0.0095566702 0.0062079539 0.0059029537 0.0123362049 0.0095149921 0.0080379302 0.0093512868 0.0079278119 0.0077730673 0.0089522623 0.0067261117 0.0073086265 0.011834138 0.0069210619 0.0073113038 0.0072856708 0.0072728407 0.0052802302 0.0082573985 0.0079964296 0.0098524567 0.008378865 0.0115364279 0.0072966917 0.008566813 0.0058668358 0.0068867161 0.0025305427 0.0078508492 0.0059287241 0.0075951939 0.0131084549 0.007732299 0.0101262514 0.0043827874 0.011264255 0.0095519532 0.0065658247 0.0116290235 0.0070621396 0.0115432125 0.0135025674 0.0104703515 0.0068062698 0.0103970783 0.0054544079 0.0077007308 0.0058107389 0.0085627789 0.0071659815 0.0060133147 0.0037323425 0.0146076139 0.0030112239 0.007069553 0.0057723607 0.0068269944 0.0065134535 0.0063040835 0.007577995 0.0090529217 0.0069146976 0.0081954581 0.0059815768 0.0095746055 0.0100155952 0.0078577796 0.0067350208 0.0086336041 0.0069654373 0.0114688727 0.0051394445 0.0060419605 
5 0.0077168352 0.008093817 0.0093302065 0.0067711713 0.0062421034 0.0050490055 0.0131430027 0.0066267515 0.0056496125 0.0146251077 0.0088694208 0.010630781 0.0032146028 0.0089698581 0.0086037294 0.0119331763 0.0075465922 0.0064189669 0.0050109591 0.0117077731 0.0050542162 0.0041798783 0.0101934987 0.0095821028 0.0069018238 0.0099119694 0.0065911466 0.0105536959 0.0084753208 0.0078196027 0.0124941987 0.0071476219 0.0059152108 0.0099212174 0.0075913001 0.0102309788 0.0110773696 0.0082342648 0.0103035963 0.0046953969 0.0055055133 0.0068022771 0.0073923981 0.0043188647 0.0152005761 0.004469775 0.0044334023 0.0078973709 0.0039885631 0.0078767011 0.0094137927 0.0092903678 0.0104418485 0.0019179275 0.0066191027 0.0043262221 0.0108999602 0.00660344 0.0078130424 0.0066233761 0.0071464917 0.0031003227 0.0077873801 0.006825745 0.0089367661 0.0099070906 0.0070530898 0.0122231089 0.0073611537 0.0048160687 0.011405903 0.0135713783 0.0079958519 0.0074627216 0.0074153066 0.0065679771 0.0116493724 0.0068042963 0.0041548506 0.0068784014 0.0076824189 0.0073381902 0.0092955795 0.0103164975 0.0064770013 0.0047236109 0.0109919931 0.0118086303 0.0074720432 0.009897389 0.0038849916 0.0077109184 0.0066105392 0.0055921935 0.0036797253 0.0085570898 0.0046726796 0.0109851695 0.013421185 0.0074265638 0.0067826394 0.0044834395 0.0062807514 0.0026103547 0.0055379709 0.0082530022 0.0086361044 0.0079000929 0.0100959193 0.0057794687 0.0085061995 0.003363893 0.0049596034 0.005307323 0.005426723 0.0113759167 0.0096848063 0.0084438322 0.007115428 0.0109683436 0.0067665764 0.0072848281 0.0063736589 0.0065079608 0.0096254034 0.0086470702 0.0089114654 0.0119011336 
6 0.015657221 0.0066438185 0.0078745664 0.0070629547 0.0050490055 0.000678691 0.0093569515 0.0059880612 0.013598364 0.0119479759 0.0114904062 0.004561766 0.0066644427 0.0079159941 0.0046881402 0.0081691436 0.0021538465 0.0113965985 0.0075399645 0.0131987895 0.0073963488 0.0052565687 0.0041938957 0.0101169088 0.0122524155 0.0084162952 0.0031269165 0.0083003713 0.0052753208 0.0046841757 0.0090667594 0.0121265372 0.007466596 0.0084533199 0.0088922909 0.0037559205 0.0090189119 0.0083981016 0.0077970237 0.0119827379 0.011057867 0.0132506254 0.0080802311 0.0040938469 0.0039033798 0.0104271117 0.0144706732 0.0089055019 0.0109939486 0.0083205461 0.0075344568 0.0040000072 0.0105147561 0.0056805492 0.0103221356 0.0089259751 0.0132314208 0.0076160157 0.0081374135 0.0048991964 0.0047518595 0.007955018 0.0082118337 0.0033863257 0.0079502239 0.0076081447 0.0054371827 0.0077375784 0.0119511413 0.0084304628 0.006440012 0.0058444123 0.0085088331 0.0127753045 0.0057371035 0.0094271255 0.0089217705 0.0083173019 0.0048588175 0.0080423955 0.0074259264 0.0124703032 0.0056118452 0.0044601854 0.0063875137 0.0040050634 0.0113757808 0.0070785948 0.0121797564 0.0033874104 0.0026725207 0.0040810985 0.0044924985 0.0064260311 0.0090321149 0.0125080081 0.0064264195 0.0042240509 0.0052008061 0.0052813227 0.0030804793 0.0079438963 0.0052034253 0.0097217287 0.0088097122 0.0122716756 0.0094154265 0.0070593259 0.0054433811 0.0058936295 0.0080481394 0.0108307719 0.0045775849 0.0126011541 0.0090164709 0.0055056503 0.0045802667 0.012244443 0.00809595 0.003594923 0.0074363146 0.0054341438 0.0065191369 0.0116674706 0.0090528923 0.0081153244 0.0124063599 0.0064304491 
7 0.0096364725 0.00788847 0.0040442987 0.0054244829 0.0131430027 0.0093569515 0.0090977344 0.0108111587 0.0040884287 0.0120343597 0.0029961208 0.0029573482 0.0031927648 0.00599283 0.0089109781 0.00723034 0.0046921991 0.0138304823 0.0122879442 0.0104110801 0.0108481362 0.0124262011 0.0125621208 0.0078782843 0.0093587457 0.005961398 0.0061185487 0.0086928353 0.0053955505 0.0052809092 0.0061295461 0.0090836601 0.0125906802 0.0040750452 0.0027999816 0.0054806074 0.0045929641 0.0065480514 0.0075315086 0.0102929529 0.0103334317 0.0070352631 0.0095260964 0.0043224834 0.0051568155 0.0067562602 0.003917924 0.007892661 0.0087614998 0.0064304307 0.011321655 0.0095878687 0.0047215004 0.0089874519 0.0039609178 0.0083143359 0.0094912693 0.0027425373 0.0105219482 0.0083317696 0.0068187946 0.0105863779 0.0081617512 0.0105396611 0.0072735393 0.0056254945 0.0091434992 0.0105285877 0.0075722862 0.0059126782 0.008144609 0.0030085984 0.0104890489 0.0042413463 0.0090680269 0.0082960205 0.0042964418 0.0116533129 0.0063601372 0.0066724789 0.0124651147 0.0046285645 0.0065206304 0.0097741114 0.0082124015 0.0031151601 0.0088455801 0.0107314677 0.0087850045 0.0107164235 0.0080800113 0.0073184458 0.0036359528 0.004347208 0.0049705853 0.0105919191 0.0086566563 0.010153202 0.0040923493 0.0035146393 0.011556723 0.0091105278 0.0085265593 0.0089791095 0.0123462152 0.0104163867 0.010898942 0.0040889952 0.0054592526 0.0065534843 0.007219797 0.010741119 0.0061506646 0.0096018728 0.0110424011 0.0050198836 0.0084005365 0.0116650928 0.0077441939 0.0104869678 0.0161212811 0.0061377692 0.0087523488 0.0036878104 0.0067676569 0.0092156371 0.0033787877 0.0065925712 
8 0.0109045515 0.0086426143 0.008819497 0.0068190506 0.0066267515 0.0059880612 0.0108111587 0.0124612534 0.0091014085 0.0098795296 0.0096849786 0.0045829013 0.0096525214 0.0110527643 0.0059086672 0.0026584175 0.0063246389 0.0097986957 0.0068194658 0.0096169586 0.007833418 0.005937266 0.0073857826 0.0046173202 0.0066532315 0.0104697818 0.0068016771 0.0084077225 0.0132892856 0.0037379752 0.0069602607 0.0106946098 0.0086721248 0.007534939 0.0087545411 0.0140670312 0.0093519298 0.0093957395 0.0088186039 0.0049437533 0.0037942626 0.0112659828 0.0077921717 0.0052455976 0.007090927 0.0068736297 0.0056618499 0.0062587292 0.009976399 0.005978214 0.0059510222 0.0090197443 0.0068835004 0.009215995 0.0095757792 0.0067263313 0.0056197031 0.0039921364 0.0084647946 0.0085004861 0.0071876793 0.0047927793 0.0084777194 0.0058986916 0.0043452553 0.0069820977 0.0136095598 0.0054390478 0.0076184467 0.0120752492 0.0113241292 0.003711636 0.0081507204 0.005670523 0.0075120063 0.0066316724 0.0072448968 0.013702073 0.0099512975 0.0063847664 0.0011203102 0.0068693181 0.0074746155 0.0146949973 0.0052921169 0.0074809279 0.0044459232 0.0113862125 0.017699354 0.0077320101 0.0044095588 0.004140014 0.0059204346 0.0144224543 0.0063810551 0.005373272 0.0085915608 0.005509344 0.0072801316 0.0065672224 0.0110682639 0.009806294 0.003664327 0.0101936976 0.0052468649 0.0042688723 0.0047736396 0.0059909954 0.0111585981 0.0069812769 0.0084278122 0.0033945297 0.011213764 0.015649734 0.005180779 0.0113937957 0.0063011921 0.0043733223 0.0106657435 0.0107843468 0.0031470479 0.0112511419 0.0054451263 0.0079237423 0.0103461175 0.0057798294 0.0069146756 0.0047852545 
9 0.0087144841 0.0065752431 0.007744425 0.0124838058 0.0056496125 0.013598364 0.0040884287 0.0091014085 0.0137742671 0.0066441828 0.0017458272 0.0099114439 0.0094084803 0.0099808579 0.0047169644 0.0068848615 0.0057202358 0.0090201943 0.0061243949 0.004736521 0.0057696 0.0082146699 0.0095490115 0.0049963794 0.0056701413 0.0079947639 0.0095417684 0.0054018142 0.0097522612 0.0120463257 0.0052418681 0.0101247878 0.0066603198 0.005946009 0.0061827299 0.0066933745 0.0090109602 0.0079921783 0.0066078858 0.010349526 0.0118172374 0.0100626994 0.0082841267 0.0079793112 0.0059142647 0.0090330988 0.0068231122 0.0055649139 0.0055192346 0.0086403794 0.0087590391 0.0108087584 0.013081346 0.008290145 0.0059736145 0.0101051645 0.0070457855 0.0051863253 0.0077418176 0.0044960689 0.008559837 0.0071204165 0.0131969212 0.0053359646 0.0044086948 0.0113002274 0.0152827873 0.0087933115 0.006664337 0.0073822944 0.0085799119 0.0036904013 0.0042057296 0.0066511706 0.0063984918 0.0077011423 0.0084399668 0.0079633191 0.0068642718 0.0043095124 0.0046779332 0.0056655905 0.0057006081 0.0067997031 0.0075381801 0.0102518094 0.0036802363 0.0097933956 0.0073623905 0.0089208063 0.008625225 0.0087782572 0.0080311481 0.0108073999 0.0028047659 0.0031038845 0.0055247252 0.0099516032 0.0078271727 0.0066197475 0.0063401444 0.0105490015 0.0094442526 0.0142983011 0.0069742407 0.0069327264 0.0092072573 0.008086641 0.0086688533 0.0114543838 0.0059617408 0.0055086003 0.0105209042 0.0106421171 0.0096136062 0.0074171819 0.0075593411 0.0032688991 0.0116362061 0.0063297827 0.0053635276 0.007899249 0.0079825632 0.0082613123 0.0051525321 0.0095868848 0.008979819 0.0095498178 
10 0.0074305898 0.0058419707 0.00620669 0.0047420237 0.0146251077 0.0119479759 0.0120343597 0.0098795296 0.0066441828 0.0076829617 0.003027851 0.0082880545 0.0074948748 0.00920076 0.0076050497 0.0072419896 0.0075837518 0.0065686453 0.0060328378 0.0093043787 0.0030285033 0.0142627212 0.012573634 0.0076165079 0.0054021655 0.004567406 0.0104961865 0.006631985 0.0078530843 0.0072019652 0.0086035442 0.0090488379 0.0077750937 0.0088777074 0.0071911984 0.0057762679 0.0081776197 0.0099617427 0.0092668701 0.0054118274 0.0046817942 0.0078327407 0.0081418541 0.0098820286 0.0066104846 0.005931166 0.0063094755 0.0070862723 0.0052804974 0.0076377734 0.0109450881 0.0037102149 0.0077235822 0.0019443194 0.0037568462 0.0073514855 0.0049878669 0.0122033694 0.0080239253 0.0086140054 0.0062856819 0.0049312504 0.0095218563 0.0090376159 0.0047021737 0.0094084856 0.0071536906 0.0078419767 0.0094550546 0.0090076472 0.0097119635 0.012224117 0.0083848572 0.0094628781 0.0057020732 0.0042800648 0.0081955766 0.0067305977 0.0049438704 0.0045363088 0.0068908454 0.0055137241 0.0077378801 0.0068873588 0.0119819694 0.0043765552 0.0104575717 0.0072724201 0.0037912905 0.0029978874 0.01106511 0.0062504408 0.0088892152 0.0116653999 0.0065073034 0.0102580633 0.0063616231 0.0042456528 0.008652419 0.0094590593 0.0066308858 0.0111607988 0.0116516044 0.0045776346 0.0031100934 0.0038621015 0.0150711096 0.0078518595 0.0055126508 0.0101291573 0.0136968563 0.0036469031 0.0080765511 0.0054063017 0.0129095377 0.0089948137 0.0089023036 0.0067431406 0.0081324081 0.0087339571 0.0056919355 0.0084960112 0.0183127238 0.0060797163 0.0128512557 0.0056750842 0.0106889498 0.0068608817 
11 0.0066989121 0.0076511642 0.0094208608 0.0052005219 0.0088694208 0.0114904062 0.0029961208 0.0096849786 0.0017458272 0.003027851 0.0103660287 0.0113141909 0.0110162413 0.0045083685 0.006016731 0.0053373826 0.0082107309 0.0072224134 0.0102908407 0.0048656581 0.0099375376 0.0080293038 0.0072414529 0.0098233892 0.0148566596 0.0087755039 0.0087394413 0.0041473538 0.0029746476 0.0056286201 0.0060414431 0.0093731896 0.0068065206 0.0074434887 0.0051100291 0.0072646626 0.0037787434 0.0052676172 0.0046044096 0.0094053132 0.0165860151 0.0062255962 0.0030957704 0.011231521 0.0092162053 0.0051865152 0.0094578102 0.0117083807 0.0067584368 0.0076775235 0.0105397985 0.0132212907 0.0058668451 0.009873669 0.0107623334 0.0122143674 0.011881905 0.0091039958 0.008483879 0.0042610153 0.004265726 0.0075720505 0.006478162 0.0068858731 0.0098160841 0.0101605177 0.0079343836 0.0103755712 0.0080597705 0.0121008287 0.0069215868 0.0105444202 0.0088648425 0.0079130108 0.0054572133 0.0071281177 0.0095602359 0.0073962198 0.0080944278 0.0043756949 0.0027343794 0.0122647576 0.0094529435 0.006368063 0.0075957098 0.0061990148 0.0138321558 0.004652779 0.0090359289 0.0082651922 0.0097255242 0.0070482557 0.0080559023 0.0088974273 0.0039630235 0.0041055078 0.0094123546 0.0033848203 0.0152903614 0.0034168681 0.0057969996 0.0116302377 0.0064742217 0.0054655364 0.0091929188 0.0072173502 0.0084741854 0.0072152168 0.0081943726 0.0065568149 0.0030328357 0.0095953196 0.0092049205 0.008067326 0.010400077 0.0106713076 0.013118898 0.006679843 0.0048191562 0.0098218377 0.0055999989 0.0052344148 0.0103670187 0.0061714398 0.0046403445 0.0057123844 0.0046724751 0.0078299921 
12 0.0037634125 0.0079416288 0.0093269524 0.0054880822 0.010630781 0.004561766 0.0029573482 0.0045829013 0.0099114439 0.0082880545 0.0113141909 0.0191282969 0.0086695489 0.0087912334 0.0074291177 0.0058013014 0.0070572044 0.0093871182 0.0058386169 0.0142173287 0.0089758276 0.0066856973 0.012656049 0.0063144901 0.0069050807 0.0084128156 0.0052746406 0.008422822 0.0084447088 0.0048480231 0.0111653677 0.0034046525 0.0061439691 0.007066519 0.0077028678 0.0142772114 0.0101572119 0.0049199923 0.0047196139 0.0117518592 0.0068148859 0.0053955275 0.0057595398 0.0079317173 0.0068624501 0.0097582349 0.0072231318 0.0049119737 0.0116368037 0.0080875343 0.0084338064 0.0085037238 0.0092330779 0.0038380082 0.0048655382 0.0053405126 0.0090865406 0.0056930745 0.012466446 0.0077342404 0.0147573295 0.0039841148 0.0081120611 0.0080303702 0.0064537293 0.0078424907 0.0056662103 0.0065263447 0.0050111489 0.0059312651 0.0068841318 0.0111868518 0.0071947645 0.0095610952 0.0092216026 0.0057191571 0.006575769 0.0058945264 0.0111210978 0.0111917901 0.0067276399 0.0094338888 0.0074281504 0.0087578684 0.008285024 0.0093219199 0.0064365689 0.0088106129 0.0118291825 0.0076121672 0.0081629361 0.0055471935 0.0020978481 0.0072409024 0.0043837813 0.0097064562 0.0107869914 0.0032982688 0.0028357362 0.0093111893 0.0047682565 0.0098299473 0.0044072256 0.0061777949 0.0059122604 0.0138613854 0.006465318 0.0094444178 0.0045482285 0.0118765989 0.0096474356 0.0091835756 0.0076240301 0.005524188 0.0107525668 0.0050545814 0.0044151625 0.0096706836 0.0100669237 0.009055055 0.0075493107 0.0057786404 0.0095017459 0.0041121131 0.0094761168 0.0108659219 0.0068471821 0.009790641 
13 0.0099311075 0.0138217233 0.0060469657 0.0079201038 0.0032146028 0.0066644427 0.0031927648 0.0096525214 0.0094084803 0.0074948748 0.0110162413 0.0086695489 0.0068171088 0.0058393811 0.0059149739 0.0083053065 0.0070107881 0.0067409183 0.0068444844 0.0079692639 0.0091216961 0.0068739475 0.0061997568 0.0093887639 0.0101418825 0.0065110923 0.007726773 0.0010270876 0.0068988592 0.0116517461 0.0037201666 0.0033806976 0.0067508223 0.0040909678 0.0064379468 0.0079113636 0.0047978542 0.0046128172 0.0022840689 0.0083694977 0.0089707458 0.0079149632 0.0073665231 0.011610478 0.0116037137 0.0043091407 0.0144934887 0.0055448046 0.0129393835 0.0088601478 0.0085576607 0.0013575234 0.0066464122 0.0087591778 0.0096049657 0.0128552036 0.012526675 0.006361108 0.0069156133 0.012153421 0.0100945799 0.0056022012 0.0142545725 0.0107834164 0.0073831511 0.0096187625 0.0094714128 0.005303032 0.0065875502 0.007571627 0.0035829658 0.0065149396 0.0044206726 0.0075951106 0.005993976 0.0108683298 0.0063703841 0.0096500075 0.0111055155 0.0034974073 0.0093244578 0.0139382303 0.00619622 0.0141796982 0.0131978295 0.0070256438 0.0083108115 0.0042416177 0.0057012372 0.0057062066 0.0101920536 0.0070145961 0.0047774869 0.0019909103 0.0095099627 0.0076203441 0.0072078338 0.0082253378 0.0094618307 0.0070445854 0.0081938854 0.0106901945 0.0071260474 0.0095279461 0.0104720436 0.0047546401 0.0098193769 0.0111422835 0.0126007536 0.0050377558 0.0107603109 0.0036404043 0.0083450549 0.0080536082 0.0115186287 0.0068872743 0.0038174135 0.0014532925 0.0073917749 0.0083818216 0.0077499014 0.0061184831 0.0064861907 0.0094888571 0.0110934815 0.0077208721 0.0071406506 0.0077259844 
14 0.0044572235 0.0059625247 0.0086930867 0.0153202307 0.0089698581 0.0079159941 0.00599283 0.0110527643 0.0099808579 0.00920076 0.0045083685 0.0087912334 0.0058393811 0.0066013827 0.0117800126 0.0064570456 0.0073394883 0.0118251644 0.0057314987 0.0088166321 0.0075892005 0.0153081878 0.0080506925 0.0108349075 0.0054767106 0.0092797298 0.0106993098 0.0106106036 0.0090632815 0.0087300318 0.0100781488 0.0089595991 0.0045397103 0.0053713471 0.0096832229 0.0058142849 0.0065257248 0.0087947629 0.0077825128 0.0073628373 0.009761033 0.0080477148 0.0102755289 0.0057920011 0.0103780474 0.0093565829 0.005304967 0.0100832833 0.0045681338 0.0051329391 0.0081419327 0.008427571 0.0047757704 0.0046528133 0.0067797186 0.0107785727 0.0025930004 0.0056488289 0.0090255594 0.003821744 0.006957452 0.0098608081 0.0053269253 0.0039271691 0.0043311023 0.0088761594 0.0067273269 0.0118072037 0.0056684949 0.0081908962 0.0089456101 0.0080554631 0.0059629358 0.0051207835 0.0083291274 0.0095485581 0.0096345962 0.007560254 0.0043278396 0.0012540142 0.0074865653 0.0075425367 0.005213123 0.0050607727 0.0020317061 0.0078710726 0.0065332248 0.0102195172 0.0087398684 0.0033484572 0.0068402093 0.0083240001 0.0194540217 0.0035300219 0.013390834 0.0092469912 0.008384849 0.009045244 0.0048439821 0.006478436 0.0033097747 0.0042229268 0.0108746238 0.0063120292 0.0078719606 0.0081491135 0.0090088914 0.007294885 0.0120075661 0.007890971 0.005825334 0.0066217157 0.0073601157 0.0038577252 0.0060455841 0.0113934169 0.0071248485 0.0146571961 0.0042411275 0.0083503083 0.0154110394 0.0077734443 0.0070854478 0.0117741403 0.003630358 0.0119100126 0.0089077936 0.0079526107 
15 0.0104913728 0.0100071557 0.0055248542 0.0085814546 0.0086037294 0.0046881402 0.0089109781 0.0059086672 0.0047169644 0.0076050497 0.006016731 0.0074291177 0.0059149739 0.0117800126 0.0109299094 0.0045627275 0.0087496641 0.0094191931 0.0087106591 0.0058193785 0.0081708565 0.0069591888 0.007871393 0.0068228544 0.0066143977 0.0025594634 0.0022831183 0.0098621878 0.0052103942 0.011772905 0.0045283996 0.0058724211 0.0082882927 0.0141966427 0.0080097842 0.0015890251 0.0096580848 0.0064689077 0.0073677505 0.011013338 0.0140219704 0.0041687455 0.0095969585 0.0078349429 0.007760986 0.0072622329 0.0049326405 0.0043281958 0.007713764 0.0095659298 0.0060636713 0.0052183231 0.0109602913 0.0065222448 0.0125433733 0.0072051689 0.008656772 0.0044728224 0.0074153925 0.0114598925 0.0135700937 0.0072642672 0.0064723895 0.0049595877 0.0126805997 0.009902827 0.0080465237 0.0066979788 0.0068682515 0.0093987988 0.0083133673 0.0034358119 0.0053902373 0.0096329088 0.0066626004 0.012980534 0.0062758293 0.006676519 0.0077511955 0.0066082428 0.0098472509 0.0055782157 0.0082766786 0.0098383545 0.0074952807 0.0068501104 0.0101147221 0.0074805425 0.0041549577 0.0124280344 0.0046998365 0.0071956534 0.0119370096 0.0097617683 0.0081597169 0.005918862 0.0103504263 0.0074656744 0.0074086913 0.0092325841 0.0141578136 0.0067199719 0.0072325248 0.0102549091 0.0054728393 0.0077029738 0.0055947084 0.0059494829 0.0076424298 0.0076822198 0.0062359523 0.0094339922 0.0097920091 0.0050474929 0.0050313054 0.0099550558 0.0086792641 0.0092155748 0.0078434038 0.0060570054 0.0065240431 0.0095793982 0.0095177908 0.0063937027 0.0080713794 0.0076799927 0.0115728381 0.0039825344 
16 0.0032213838 0.0076530413 0.0073933829 0.0123572754 0.0119331763 0.0081691436 0.00723034 0.0026584175 0.0068848615 0.0072419896 0.0053373826 0.0058013014 0.0083053065 0.0064570456 0.0045627275 0.012639547 0.0032666624 0.0072366536 0.0104046685 0.0061731802 0.0053798261 0.0044576332 0.0079244614 0.0111166336 0.0074727689 0.005673343 0.0099742987 0.0081174242 0.0045763444 0.0039239786 0.0101782541 0.014871576 0.0089432102 0.0117846641 0.0067446235 0.0068743944 0.0057901313 0.007765964 0.0041262963 0.0022876915 0.0061102354 0.0082851137 0.0092774529 0.0106452024 0.0124202171 0.0131892977 0.0056165556 0.0087836447 0.0062621266 0.0067802452 0.0111605745 0.0085025005 0.0104262431 0.0059525678 0.0054644133 0.0089292604 0.0091965084 0.0120048581 0.0034451343 0.010904579 0.0056906075 0.0064990557 0.0080487182 0.0111189286 0.0097299012 0.0061445848 0.0042376825 0.0073401363 0.0083986744 0.0127370584 0.0056661694 0.0117121675 0.0074233479 0.0084333477 0.0043698979 0.0071309418 0.0068059703 0.008679276 0.0046596682 0.0060475368 0.0032199862 0.0095002163 0.0058700578 0.0091654783 0.0036658285 0.0075064036 0.0067127686 0.0060253274 0.0076123104 0.0093343032 0.0114336969 0.0059471462 0.0041033788 0.0107493145 0.0053504989 0.0090047403 0.0062127793 0.0035012654 0.0065400598 0.00599332 0.0107771599 0.010436509 0.0142200718 0.0071053232 0.0073882826 0.00758355 0.0154277209 0.0077798858 0.0082260249 0.0104571481 0.0108543515 0.0123453693 0.0049159821 0.0093874152 0.0086728571 0.0097944426 0.0125240826 0.0093696235 0.005157665 0.0071512882 0.0027861832 0.0038588558 0.0051916013 0.0098197999 0.0135437746 0.0070310423 0.0079606477 0.005643055 
17 0.0097511581 0.0054812774 0.0056127612 0.0036267975 0.0075465922 0.0021538465 0.0046921991 0.0063246389 0.0057202358 0.0075837518 0.0082107309 0.0070572044 0.0070107881 0.0073394883 0.0087496641 0.0032666624 0.0093573827 0.0064957855 0.0086055267 0.0072189568 0.0068566236 0.0109964792 0.0031008746 0.0074382147 0.0050086079 0.0085351022 0.0099679129 0.0090271565 0.0138986226 0.0139078625 0.0068932577 0.0104518841 0.0056630428 0.009648632 0.0067635187 0.0138788265 0.0071103534 0.006247758 0.0095531318 0.0093255633 0.0069656126 0.0121716125 0.0112453741 0.010421698 0.0027131806 0.0088757663 0.0108663582 0.011027523 0.0035697607 0.013258787 0.0120415785 0.009653102 0.007823008 0.0063890354 0.0106405836 0.0058208905 0.0118136632 0.0105585626 0.0061588969 0.0059614886 0.0122673005 0.0103075628 0.00597527 0.0034047928 0.0073753331 0.0103486611 0.0102728396 0.0074913059 0.0106153417 0.0108243652 0.0054779246 0.0072816409 0.0029543246 0.0136341262 0.0092484108 0.0107993741 0.0123627073 0.0061734207 0.0063839884 0.0083042261 0.008206033 0.0084122242 0.0080235404 0.0085414314 0.0103616039 0.0097700454 0.0042406878 0.0132718785 0.0078697318 0.0104670854 0.0078931629 0.0090097955 0.0045436435 0.0089580732 0.0029795667 0.0060982028 0.0026328101 0.0075650712 0.0054409071 0.0057368661 0.0087485849 0.0082874397 0.0080200773 0.0034422989 0.012050205 0.0060132751 0.0065694713 0.0089691713 0.0017413985 0.0065247864 0.0028485355 0.0072324739 0.0074858352 0.0108981595 0.0047115758 0.0102739066 0.0053880487 0.0098996216 0.0054363422 0.0061746522 0.0093826127 0.0056450771 0.0027375846 0.0124619238 0.0061862161 0.0053491436 0.0076513508 0.004289599 
18 0.0120203558 0.0042355416 0.0097532772 0.0053952968 0.0064189669 0.0113965985 0.0138304823 0.0097986957 0.0090201943 0.0065686453 0.0072224134 0.0093871182 0.0067409183 0.0118251644 0.0094191931 0.0072366536 0.0064957855 0.0191421238 0.0071716384 0.0009585669 0.0064250227 0.0125224799 0.008528551 0.0069810659 0.0086380875 0.0087499306 0.004157152 0.0093185594 0.0131009391 0.0048971842 0.0033734632 0.0100542785 0.0025897774 0.0083522483 0.0121262517 0.0106721067 0.0062973778 0.0038565091 0.0037388432 0.0064582569 0.0077748153 0.0087111185 0.0051468391 0.0046305722 0.009066054 0.0015141529 0.008241145 0.0069349446 0.004440733 0.0118518191 0.0060914295 0.008211283 0.007202103 0.0071194152 0.009039215 0.0052252664 0.0108399976 0.0077504958 0.0072680541 0.0094659863 0.0064083408 0.0051460793 0.0113771278 0.0102821997 0.0089292823 0.0057632846 0.0049248779 0.004795862 0.0148039956 0.0072720103 0.0065281812 0.0083491092 0.0070576308 0.0045651605 0.0050070835 0.0025007789 0.0021049943 0.0094055807 0.0061307396 0.0106471933 0.0127464824 0.0075643951 0.0063729035 0.0102685092 0.0102382795 0.0097128077 0.010623612 0.007894716 0.0062218784 0.0103058578 0.0081830851 0.0179630032 0.0063879998 0.0042125543 0.0068974387 0.0058389915 0.0124826667 0.0026352521 0.0065508042 0.0085429732 0.0068282986 0.0047841953 0.00921523 0.0059869289 0.0040402623 0.0085656544 0.0081188587 0.0076107978 0.0115498518 0.0120899323 0.0040026655 0.0113670404 0.0082529312 0.0077382538 0.0043476943 0.0058885398 0.0096675275 0.0134310789 0.005231231 0.0111145448 0.0104110431 0.0038889165 0.0114805214 0.004986336 0.0082563995 0.0066013997 0.0061597925 0.0033391963 
19 0.0044621433 0.0077261972 0.0076350148 0.0018217234 0.0050109591 0.0075399645 0.0122879442 0.0068194658 0.0061243949 0.0060328378 0.0102908407 0.0058386169 0.0068444844 0.0057314987 0.0087106591 0.0104046685 0.0086055267 0.0071716384 0.0048983897 0.0097063721 0.0072544764 0.0075397037 0.0088781696 0.0042939725 0.0038555245 0.0114774226 0.0095083184 0.0048026172 0.0089739396 0.0075005978 0.005377435 0.009162751 0.0061069492 0.0051881612 0.0050140221 0.0167164152 0.009894531 0.0058891606 0.0059588434 0.0138978762 0.0101908301 0.0058933321 0.0069422929 0.01015681 0.0037114529 0.0144505051 0.0060326217 0.0090037609 0.0055499673 0.0074077354 0.0086015224 0.0046726852 0.0132736691 0.0096487952 0.0121377291 0.0058133969 0.0121291119 0.0100282609 0.0079703318 0.0083115156 0.0048915206 0.0082097998 0.0127241738 0.010286796 0.0086529546 0.0084526357 0.0033430588 0.0092195947 0.0097956948 0.0034640574 0.0083879104 0.0062797186 0.0056315925 0.006486849 0.0062221262 0.0140412815 0.0067030379 0.0056384147 0.0073231892 0.008188632 0.0045253507 0.0075294987 0.0122147712 0.00605097 0.004781644 0.0119669818 0.012309798 0.0065630165 0.0092800684 0.0041873192 0.0063453403 0.0057444713 0.0177163015 0.0043176158 0.0103774635 0.0056379677 0.0049332205 0.0072603287 0.0104723619 0.0123489169 0.00853668 0.008345614 0.0052476473 0.0097948687 0.0109076838 0.0072698745 0.0034337033 0.0068243548 0.0046576375 0.006456117 0.0063529103 0.0062727527 0.0094614663 0.0082934957 0.0078966911 0.0064813812 0.0087946114 0.0056994706 0.0032189513 0.0055929648 0.0124373786 0.0072403032 0.0097170095 0.0022750653 0.0034852809 0.006383785 0.0144197748 0.0131155273 
20 0.0116621706 0.0077644391 0.0091491147 0.00458764 0.0117077731 0.0131987895 0.0104110801 0.0096169586 0.004736521 0.0093043787 0.0048656581 0.0142173287 0.0079692639 0.0088166321 0.0058193785 0.0061731802 0.0072189568 0.0009585669 0.0097063721 0.0109424587 0.0075093506 0.0075565629 0.0096250959 0.0057140384 0.0082207565 0.0126564292 0.0115540386 0.005605669 0.0052904308 0.0042693261 0.0093789731 0.0071920392 0.0066934058 0.0064571209 0.0027830413 0.0093075167 0.0085533611 0.0035494893 0.006170433 0.0086270066 0.0046504634 0.0074343954 0.011715235 0.0047207493 0.0063987372 0.0043966834 0.010756084 0.0057736258 0.0116625675 0.0074052351 0.0057344105 0.0095187196 0.0095186831 0.0104221889 0.0108019106 0.0073228537 0.0075582504 0.0049239749 0.0049991132 0.0045058978 0.0094885634 0.0107688001 0.0081325083 0.0049675912 0.0047260052 0.0045813039 0.005181134 0.0142873718 0.008985148 0.0127948435 0.0098430889 0.0092946808 0.0070025721 0.0059483418 0.0082971975 0.0087010189 0.0044195311 0.0048306214 0.0052814536 0.0082689365 0.0127892487 0.0041456942 0.0073563571 0.0038359892 0.0103455963 0.012213313 0.008258068 0.0122420176 0.0064598025 0.0078612398 0.0092589916 0.0093270139 0.0099608873 0.0074047167 0.0083195137 0.0079434173 0.0090404471 0.0094105376 0.0072084002 0.006290897 0.005378855 0.010655592 0.0140663164 0.0088448843 0.0112851823 0.0099317837 0.0033268374 0.0081905561 0.0086852958 0.0062885429 0.0064862549 0.00404409 0.0041589784 0.0097369655 0.0075256337 0.0056476691 0.0074266816 0.0080907311 0.0073674538 0.0039963595 0.0038074726 0.0079372602 0.0069524933 0.0115717606 0.007546961 0.0039392787 0.0063458327 0.0095308915 
21 0.0113673884 0.012529651 0.0075378476 0.0047027818 0.0050542162 0.0073963488 0.0108481362 0.007833418 0.0057696 0.0030285033 0.0099375376 0.0089758276 0.0091216961 0.0075892005 0.0081708565 0.0053798261 0.0068566236 0.0064250227 0.0072544764 0.0075093506 0.0103896339 0.007014882 0.0046557999 0.0074394645 0.0087851936 0.0077084518 0.0099657974 0.0132659529 0.0106336463 0.0063775667 0.0064910536 0.0156053113 0.0118497328 0.0090663787 0.0081546615 0.004490663 0.0084507664 0.0071810046 0.0108925312 0.004383785 0.0045125977 0.0062693034 0.0021676679 0.0047661451 0.0074806851 0.0084078764 0.0113516576 0.006415218 0.0081180729 0.0120124752 0.0055391755 0.0115455818 0.0065185536 0.0048118358 0.0057097689 0.0079687174 0.0096590173 0.0058656579 0.0056580936 0.0051479559 0.0088052684 0.0021620491 0.0059411275 0.0083233102 0.009573469 0.0114990847 0.0038120436 0.0081036846 0.0117392744 0.0044330286 0.0126231928 0.0070118297 0.0069516335 0.0086712525 0.0028379085 0.0075126639 0.0086640665 0.0097348327 0.0086932409 0.0040610043 0.0057285807 0.0094296592 0.0091890278 0.0095618602 0.0047312295 0.008621486 0.0069939775 0.0058437682 0.0027828153 0.0111740978 0.0064196776 0.0087250784 0.0109682607 0.0102896552 0.0040054702 0.0092448826 0.0105193275 0.009441508 0.0055427663 0.0079202196 0.0079288439 0.0098257523 0.0085620839 0.0133424363 0.004028417 0.0153495928 0.007297236 0.0109108903 0.0056847159 0.0033002836 0.0090634531 0.0049091276 0.0075314317 0.0122899346 0.0135341775 0.0109329689 0.006029445 0.006774987 0.0083342564 0.0071093927 0.0079209681 0.0057045884 0.0028693351 0.0024769459 0.008662647 0.0065727815 0.0117175599 0.0070317908 
22 0.0071973242 0.0124287527 0.0043633072 0.0057426924 0.0041798783 0.0052565687 0.0124262011 0.005937266 0.0082146699 0.0142627212 0.0080293038 0.0066856973 0.0068739475 0.0153081878 0.0069591888 0.0044576332 0.0109964792 0.0125224799 0.0075397037 0.0075565629 0.007014882 0.0099226871 0.0045367346 0.0070010539 0.0108215982 0.0099623965 0.0068651452 0.0085866043 0.0090468721 0.0084194609 0.0088559817 0.0085089337 0.0124677703 0.0181400099 0.0078173024 0.004525293 0.0080287548 0.0106120411 0.0076833213 0.0090649601 0.0051422443 0.0058733418 0.0118848022 0.0115901481 0.0035188251 0.0053059462 0.0086291693 0.0073009609 0.0038741597 0.0096572067 0.0033158095 0.0094335064 0.012376928 0.0079812018 0.0057479923 0.0101253739 0.0058664288 0.0089858045 0.0072475125 0.0109617363 0.0047595895 0.0057499065 0.0024744887 0.0034113079 0.0061216416 0.0111876703 0.0088351088 0.0037274397 0.0063916126 0.0109444866 0.0077203606 0.0105132609 0.0053101862 0.0081823613 0.0056808825 0.011575584 0.0077287417 0.0102000956 0.0121792855 0.0044526458 0.0060694959 0.0066182315 0.0108663609 0.0096848123 0.0036130692 0.0049188628 0.0132555347 0.0049618336 0.0034709927 0.003668638 0.0093935916 0.0083656272 0.004936493 0.0076129295 0.0069066128 0.0045895034 0.0047581049 0.0120208706 0.0100710991 0.0108758638 0.0033788962 0.0060833295 0.0039055169 0.018862838 0.0066534148 0.0008184115 0.0083600147 0.0052011288 0.0049813038 0.012866884 0.0075888626 0.0025507338 0.0080114973 0.0118544208 0.0069928082 0.0046011155 0.0094547546 0.0085300628 0.0118696839 0.0097293098 0.0085864586 0.0014625525 0.0081125252 0.0019074208 0.0083430001 0.0056638327 0.0090448257 0.0111397454 
23 0.0052552002 0.0044471786 0.002854504 0.0103364009 0.0101934987 0.0041938957 0.0125621208 0.0073857826 0.0095490115 0.012573634 0.0072414529 0.012656049 0.0061997568 0.0080506925 0.007871393 0.0079244614 0.0031008746 0.008528551 0.0088781696 0.0096250959 0.0046557999 0.0045367346 0.0033134401 0.0043346071 0.0072503098 0.0079624867 0.0079615202 0.0076951556 0.0058179052 0.0130413931 0.0136057225 0.0136382033 0.0075924699 0.0122977037 0.0143477435 0.0061983507 0.0063401118 0.0037861296 0.0047340593 0.0098321635 0.0044992438 0.0058474564 0.009707771 0.0076667252 0.0066697918 0.0081492242 0.0060133548 0.007183111 0.0082992776 0.0085959493 0.0074778264 0.0109049042 0.009925343 0.0077474677 0.0145170046 0.0097684762 0.0088654115 0.0109626631 0.0048060584 0.0111525216 0.0036363283 0.0113911498 0.0051368157 0.003808697 0.0025031587 0.0120034965 0.0045521419 0.0078467493 0.0106143053 0.0079361703 0.0043339167 0.0033808734 0.0088305168 0.0073067475 0.008563092 0.0140930155 0.0099219426 0.0080471337 0.0089561769 0.0062772183 0.0075586051 0.0090716574 0.0073790878 0.0026003471 0.0076389263 0.0042909867 0.0047167744 0.0097712617 0.0057703692 0.0001645068 0.0131906102 0.0100080105 0.001831988 0.0041002325 0.0073174996 0.0098998752 0.0101619378 0.0096728928 0.0067840497 0.0085904451 0.0153764032 0.0110240953 0.0075656053 0.0092871239 0.0070028049 0.0023108717 0.0039986339 0.0041336057 0.0048631288 0.0157535413 0.0075722337 0.0062135058 0.012853746 0.0077833645 0.0096018764 0.0091639848 0.01139392 0.0073397986 0.0103763969 0.0064760174 0.0063665092 0.003928601 0.0084379211 0.0052535071 0.0064938204 0.0081511718 0.0062819748 0.0082068114 
24 0.0039661453 0.0109356684 0.0048413618 0.0084960616 0.0095821028 0.0101169088 0.0078782843 0.0046173202 0.0049963794 0.0076165079 0.0098233892 0.0063144901 0.0093887639 0.0108349075 0.0068228544 0.0111166336 0.0074382147 0.0069810659 0.0042939725 0.0057140384 0.0074394645 0.0070010539 0.0043346071 0.0096634059 0.0095260105 0.0067510409 0.0134975014 0.003485596 0.0075073222 0.0069815425 0.0050810557 0.0100406815 0.0054617423 0.0054004691 0.0052257704 0.0102279604 0.010818376 0.0091670052 0.0109128546 0.0069841503 0.0115279227 0.01064512 0.0049147605 0.00354408 0.0039009404 0.0083563114 0.0092740927 0.0115657491 0.0067956235 0.0073037685 0.0048965281 0.0141124829 0.0070673755 0.0048774975 0.0094447647 0.0075996403 0.0044781582 0.0066786899 0.0117601054 0.0132544482 0.0028816733 0.0051825007 0.0075267319 0.0043218054 0.0136579737 0.0131181313 0.0054858893 0.00846167 0.0061560756 0.0063455561 0.0115635175 0.0128764654 0.0076379152 0.001258857 0.0073494911 0.0063501081 0.011905549 0.0092457737 0.0066651119 0.009995229 0.0106745915 0.0085141066 0.0084132876 0.0076058204 0.0049442839 0.0071293388 0.0063922738 0.0093051956 0.0117751676 0.0102467267 0.0077380463 0.0166593678 0.0060351329 0.0060187386 0.0094990723 0.0043623364 0.0085959455 0.0058691885 0.0085127559 0.0066492586 0.0085496167 0.0057201742 0.006405101 0.0071213172 0.007786745 0.0052393707 0.0095325205 0.0085465334 0.0102013159 0.0058752575 0.0123124537 0.0068732913 0.0087507224 0.0060920939 0.0064012086 0.0037759298 0.0084610967 0.0063225445 0.009232994 0.0069016453 0.0043471212 0.0088054738 0.0081508894 0.0059160575 0.0073552602 0.0093708062 0.0073607818 0.0063842764 
