50
1 0.0 0.0353667841 0.0299065305 0.0159835973 0.0289101644 0.0177627988 0.0064996868 0.0070287481 0.0269919375 0.0057055824 0.0209513122 0.0142289096 0.0279647235 0.0257688067 0.0131897985 0.0115995716 0.0086271827 0.0121862016 0.0188083023 0.0332321819 0.031360534 0.0106518032 0.0125406017 0.0150521804 0.0350518904 0.0202939769 0.0117839777 0.0079954432 0.0313275233 0.034998531 0.0280371266 0.0140435271 0.0071784022 0.0072881547 0.0266740408 0.0279941181 0.0206666511 0.0187655193 0.0269222929 0.0246506467 0.0226214681 0.023990975 0.0342602868 0.0310700169 0.0151248239 0.0138151792 0.0296716065 0.0133971161 0.0277600454 0.0142987201
2 0.0353667841 0.0 0.0135674312 0.0232044877 0.0235192771 0.0232411786 0.015462862 0.0098506152 0.0046085305 0.0203642457 0.0183565858 0.0237168586 0.0227843383 0.0201925952 0.0348283799 0.0355310076 0.0132343717 0.014046078 0.0107612642 0.0313422596 0.0218703595 0.0351263017 0.0250843311 0.0269147228 0.0105704158 0.0197310954 0.0076630384 0.0048028146 0.0271146438 0.0303556726 0.0230275313 0.0158527979 0.0246118304 0.0273587057 0.0172868154 0.024934443 0.0130957636 0.0135720248 0.0302658059 0.0208932606 0.0310521181 0.0196665487 0.0271505284 0.0120821304 0.0071646554 0.0177621368 0.0228494911 0.0063632565 0.0242234601 0.0175741491
3 0.0299065305 0.0135674312 0.0 0.0193162477 0.012037541 0.0313165659 0.0356199574 0.0158319065 0.027837526 0.0145467064 0.0302180014 0.0121291939 0.0105858362 0.0230896699 0.0295056173 0.0094443777 0.0190151989 0.0298871106 0.0220442558 0.0102406887 0.0232379864 0.0279586399 0.0180297376 0.0258028935 0.0215476264 0.0102419612 0.0228734273 0.0111027881 0.0133066548 0.0264180475 0.0219734761 0.030970095 0.0264277171 0.0201807805 0.015547551 0.0194791959 0.0232862817 0.0221513084 0.0066719382 0.012921647 0.015864931 0.0273743452 0.0185952947 0.0177935362 0.029771328 0.0273293362 0.0266960365 0.0161217398 0.0030823796 0.0211009565
4 0.0159835973 0.0232044877 0.0193162477 0.0 0.0184409391 0.0130440815 0.0155427006 0.0303938878 0.0164544623 0.0136753653 0.0358384762 0.0128730405 0.016399524 0.0146299251 0.0225843841 0.0312244064 0.0352415302 0.0180205647 0.0138798971 0.0147384996 0.0123382787 0.0235576072 0.0112214052 0.0155347374 0.0320546773 0.0277155095 0.0081047669 0.0177902557 0.0129870398 0.0225096412 0.0176975604 0.0176874821 0.0335664292 0.0101655427 0.0401479485 0.0243015847 0.0253154646 0.0084449235 0.0245949667 0.0234033366 0.0189780237 0.0167294612 0.0223221898 0.0205528583 0.0131609016 0.0276500372 0.026812962 0.0325474369 0.0161394486 0.0144815057
5 0.0289101644 0.0235192771 0.012037541 0.0184409391 0.0 0.0169554824 0.0189758451 0.0215718966 0.0353777422 0.0206632005 0.0170710527 0.0070474067 0.0208214309 0.0208479266 0.0127515345 0.0068001925 0.0335693031 0.0233762823 0.0252995146 0.0317048243 0.0176059419 0.0051046454 0.0290270148 0.005124224 0.0094787086 0.0275510146 0.0311483245 0.0145422258 0.0101251902 0.0176571963 0.0145986215 0.034710085 0.0241632294 0.029475609 0.0205057389 0.0151174195 0.030500526 0.017974042 0.0103968293 0.0132149351 0.0198078707 0.018989925 0.022071503 0.0221884782 0.0158018265 0.0332459021 0.0277822874 0.0214621299 0.0208678917 0.0240191071
6 0.0177627988 0.0232411786 0.0313165659 0.0130440815 0.0169554824 0.0 0.0132526413 0.0343915316 0.0049763335 0.0108467541 0.0126102924 0.0020919328 0.018390601 0.0051176076 0.0249842154 0.0197641429 0.0179747426 0.0191702993 0.014195218 0.0106103748 0.0215565582 0.0165487393 0.0095052979 0.0329192379 0.0215920926 0.025555017 0.0200552452 0.0360367442 0.0360751807 0.0204804203 0.0245613789 0.0235887164 0.0232491397 0.0143776113 0.0355538007 0.0208332251 0.0163320056 0.021138219 0.0164359006 0.0269973331 0.0225218872 0.0257699783 0.0351290738 0.0237827124 0.0198964035 0.020441367 0.0271493749 0.0158589894 0.0263165545 0.0090450004
7 0.0064996868 0.015462862 0.0356199574 0.0155427006 0.0189758451 0.0132526413 0.0 0.0180032841 0.0315592945 0.0287591523 0.0205609068 0.0221381399 0.0231916879 0.0158198199 0.0338864891 0.0158689053 0.0132652705 0.0045626693 0.0370230034 0.0213888069 0.0210690687 0.0363920045 0.0254501683 0.0176521954 0.0205215596 0.0167151376 0.010359117 0.028534005 0.0310508153 0.0259793494 0.0141107062 0.0148273111 0.0211026249 0.0150220299 0.0067186818 0.0265380779 0.015122669 0.0270599817 0.0087543342 0.0110229201 0.0233118057 0.0182763666 0.0159133109 0.0166675428 0.0174648231 0.0233436866 0.0289544292 0.0199836908 0.02871181 0.0219886535
8 0.0070287481 0.0098506152 0.0158319065 0.0303938878 0.0215718966 0.0343915316 0.0180032841 0.0 0.0082694425 0.0301258634 0.0207600481 0.0125724145 0.0127040521 0.0196031976 0.0070197925 0.0266605399 0.0080680648 0.0192038301 0.0187081654 0.0055541743 0.0177612495 0.0233837105 0.0373781077 0.0292305997 0.0386027661 0.0218497703 0.0128357864 0.0106272111 0.0105018046 0.0148777392 0.0060272766 0.0116226087 0.0264441995 0.0266235285 0.0213787538 0.0188253911 0.0313718752 0.0273574107 0.0190651617 0.0175501554 0.0327969792 0.0159842443 0.0215259517 0.0240038776 0.0351396547 0.0217202554 0.0272968661 0.0255011917 0.017475951 0.028918467
9 0.0269919375 0.0046085305 0.027837526 0.0164544623 0.0353777422 0.0049763335 0.0315592945 0.0082694425 0.0 0.0223580076 0.0209057022 0.0311076044 0.0297276884 0.0343394718 0.0214881874 0.0400395811 0.0178207154 0.0113244331 0.0280616537 0.0175631883 0.0180049 0.0107840083 0.0108957793 0.0328631621 0.0115274151 0.0247755315 0.0225188753 0.0350236796 0.0141585259 0.0107733184 0.0214596509 0.0104921991 0.0213710179 0.0218414021 0.0047336987 0.003052443 0.0297405201 0.0216917738 0.0241965718 0.0165379101 0.0019613386 0.0053518645 0.0251860546 0.0312133609 0.0140744882 0.017949753 0.0264410233 0.0261130923 0.0286669081 0.0257882311
10 0.0057055824 0.0203642457 0.0145467064 0.0136753653 0.0206632005 0.0108467541 0.0287591523 0.0301258634 0.0223580076 0.0 0.0150608441 0.0119704821 0.028547167 0.0340949847 0.0201520447 0.0271069513 0.0162772764 0.0213461549 0.02683904 0.0221074016 0.036133884 0.0147325438 0.0268304959 0.0219493626 0.0038428964 0.0239000232 0.0329735468 0.0131791298 0.0143109182 0.0274931333 0.036210681 0.021975006 0.023769675 0.0203381482 0.0062678301 0.0237766907 0.0186838936 0.0190237311 0.0252819449 0.0204566627 0.0162240563 0.0237373246 0.0083666729 0.0263835734 0.0245416025 0.0121176793 0.0170206455 0.0178429619 0.0186629576 0.013425104
11 0.0209513122 0.0183565858 0.0302180014 0.0358384762 0.0170710527 0.0126102924 0.0205609068 0.0207600481 0.0209057022 0.0150608441 0.0 0.0242525106 0.0249381468 0.0104525829 0.0215710717 0.007797184 0.0308966436 0.0264129292 0.0112887721 0.0255584548 0.0187826839 0.0304678854 0.0190225265 0.0134333636 0.0170627678 0.0251680007 0.0252879921 0.0258757672 0.0061919822 0.0312576968 0.0155930719 0.0295180557 0.006530333 0.0217260739 0.0161429575 0.0232785823 0.0187359835 0.0273599107 0.0172657429 0.0223849837 0.0167152825 0.0212447162 0.0072621256 0.0313110852 0.0255769581 0.0158897074 0.0149743017 0.0185020533 0.0205004313 0.0214354597
12 0.0142289096 0.0237168586 0.0121291939 0.0128730405 0.0070474067 0.0020919328 0.0221381399 0.0125724145 0.0311076044 0.0119704821 0.0242525106 0.0 0.0370914648 0.015274718 0.0365440598 0.0215016056 0.0108568511 0.0081953387 0.0176568124 0.0233644644 0.0258374523 0.0269235285 0.0299300277 0.0082405026 0.0257368743 0.0062141475 0.0310642482 0.0209873338 0.0152120766 0.021290433 0.0293231323 0.0240945771 0.0220836936 0.0359522691 0.0133793919 0.01445965 0.0032559654 0.0309678423 0.0298807916 0.04164896 0.0147937826 0.0055314531 0.0212141358 0.0123885301 0.0304121874 0.0239980134 0.0263939503 0.0280941643 0.0169779834 0.0190990934
13 0.0279647235 0.0227843383 0.0105858362 0.016399524 0.0208214309 0.018390601 0.0231916879 0.0127040521 0.0297276884 0.028547167 0.0249381468 0.0370914648 0.0 0.016988216 0.0143452833 0.0276719456 0.0326289029 0.0239951861 0.0226343103 0.0134949898 0.0143494293 0.0146815666 0.0118375344 0.0129892411 0.0399750253 0.0187345935 0.0109848926 0.0079752762 0.0184270455 0.0193561712 0.012143831 0.0225680658 0.0055819643 0.0303287004 0.0172767865 0.0150963845 0.0179372614 0.0140536843 0.0206859371 0.0181005563 0.0224459872 0.0179679916 0.0187538888 0.0305343085 0.0330621854 0.0151545041 0.0231678091 0.0235335036 0.0217126001 0.0256777797
14 0.0257688067 0.0201925952 0.0230896699 0.0146299251 0.0208479266 0.0051176076 0.0158198199 0.0196031976 0.0343394718 0.0340949847 0.0104525829 0.015274718 0.016988216 0.0 0.0263145003 0.0224262145 0.032552818 0.0251859184 0.0078599021 0.0228636674 0.0283920014 0.0092904012 0.0273767639 0.0219412831 0.0288865106 0.0147640409 0.0207415356 0.0339022238 0.0198415447 0.0120398549 0.0172378533 0.012699018 0.0081104955 0.0164056679 0.0205602719 0.0228094726 0.0285518175 0.0279974517 0.0239903309 0.0015058093 0.0226242972 0.0010305689 0.0334728932 0.0205428309 0.0142089216 0.0240552192 0.0214235581 0.0257858735 0.0255516295 0.0208373164
15 0.0131897985 0.0348283799 0.0295056173 0.0225843841 0.0127515345 0.0249842154 0.0338864891 0.0070197925 0.0214881874 0.0201520447 0.0215710717 0.0365440598 0.0143452833 0.0263145003 0.0 0.013749566 0.008674488 0.0170791299 0.0195178178 0.0177444994 0.017917604 0.0196924975 0.0300563805 0.0265516311 0.0238293953 0.0237129419 0.0304702292 0.0215325197 0.0239435404 0.0198055641 0.0145397949 0.0264013904 0.0226026246 0.0302146759 0.0199932398 0.018412104 0.0186604097 0.0241362384 0.0163833812 0.0176074909 0.0085173021 0.0157146797 0.0074499484 0.01681328 0.0118666412 0.0200762976 0.020336504 0.021340003 0.0080686141 0.0274222164
16 0.0115995716 0.0355310076 0.0094443777 0.0312244064 0.0068001925 0.0197641429 0.0158689053 0.0266605399 0.0400395811 0.0271069513 0.007797184 0.0215016056 0.0276719456 0.0224262145 0.013749566 0.0 0.0222570412 0.0200563325 0.0160451509 0.0257663444 0.0234453545 0.0177397527 0.0192487684 0.0151840768 0.0173405452 0.0185895615 0.010818172 0.0244958905 0.0311170916 0.0192722755 0.0207138882 0.022032045 0.0062664567 0.0139636835 0.0306868385 0.0086305259 0.0194816406 0.0127402125 0.0268466211 0.0141835624 0.0102427975 0.0336498054 0.0189879458 0.0241627446 0.027814648 0.0165754895 0.0137398497 0.0292504945 0.0208899278 0.0305782728
17 0.0086271827 0.0132343717 0.0190151989 0.0352415302 0.0335693031 0.0179747426 0.0132652705 0.0080680648 0.0178207154 0.0162772764 0.0308966436 0.0108568511 0.0326289029 0.032552818 0.008674488 0.0222570412 0.0 0.0284785089 0.0151606559 0.0207051305 0.0153729942 0.0221206906 0.0111427216 0.0117492211 0.029568156 0.0107763682 0.0255259423 0.0189265222 0.0321583848 0.020764314 0.0320151153 0.0174757188 0.028293765 0.0221662733 0.009926039 0.0219256892 0.0255422367 0.0298765997 0.0079641892 0.0183241862 0.0251022235 0.0168870614 0.0225259189 0.02880005 0.0233146945 0.0289037338 0.0060103027 0.0049094422 0.0262097525 0.020416997
18 0.0121862016 0.014046078 0.0298871106 0.0180205647 0.0233762823 0.0191702993 0.0045626693 0.0192038301 0.0113244331 0.0213461549 0.0264129292 0.0081953387 0.0239951861 0.0251859184 0.0170791299 0.0200563325 0.0284785089 0.0 0.0354318009 0.0045419969 0.0301047994 0.0379497357 0.0096958796 0.0273858089 0.0048641715 0.0097614865 0.0327521945 0.0198235313 0.0272015903 0.0216320855 0.0286992898 0.0239816935 0.0104801393 0.0316613896 0.0175232822 0.0210264243 0.014516227 0.0162744206 0.0211410401 0.0396816261 0.0210697488 0.0172954175 0.0255644521 0.0219782592 0.0134576064 0.0156373951 0.0129410968 0.0057144664 0.0311432499 0.0265407266
19 0.0188083023 0.0107612642 0.0220442558 0.0138798971 0.0252995146 0.014195218 0.0370230034 0.0187081654 0.0280616537 0.02683904 0.0112887721 0.0176568124 0.0226343103 0.0078599021 0.0195178178 0.0160451509 0.0151606559 0.0354318009 0.0 0.01085022 0.0209152612 0.0110633973 0.0329588998 0.0133586308 0.0345149578 0.0214182563 0.0291437662 0.011746583 0.0103394882 0.0217123118 0.0368881135 0.0120739798 0.0091969174 0.0196124497 0.0197986385 0.0238374871 0.0207509547 0.0232576165 0.0163878631 0.0319029944 0.0136596932 0.025290158 0.0345654494 0.0180426683 0.0162246051 0.015454678 0.0355674796 0.0256241516 0.0067779573 0.0158488359
20 0.0332321819 0.0313422596 0.0102406887 0.0147384996 0.0317048243 0.0106103748 0.0213888069 0.0055541743 0.0175631883 0.0221074016 0.0255584548 0.0233644644 0.0134949898 0.0228636674 0.0177444994 0.0257663444 0.0207051305 0.0045419969 0.01085022 0.0 0.0149530735 0.0240645215 0.0307654973 0.0046113824 0.0154862918 0.0262269015 0.0177362779 0.0294313589 0.0102183589 0.0349500484 0.0093906612 0.0326779347 0.0201910857 0.0192839552 0.0377587574 0.0288077837 0.0089068626 0.0137715236 0.0197372291 0.0243459094 0.0233991766 0.0217168508 0.023470105 0.0191211542 0.0152367956 0.0173820311 0.0193434954 0.0285702465 0.01763054 0.0274420225
21 0.031360534 0.0218703595 0.0232379864 0.0123382787 0.0176059419 0.0215565582 0.0210690687 0.0177612495 0.0180049 0.036133884 0.0187826839 0.0258374523 0.0143494293 0.0283920014 0.017917604 0.0234453545 0.0153729942 0.0301047994 0.0209152612 0.0149530735 0.0 0.018729186 0.0188746531 0.0247950178 0.0178045961 0.0168416091 0.0189882297 0.0150717055 0.0247068087 0.0330045956 0.0212812537 0.0261115733 0.0076794149 0.0288981724 0.014461585 0.0247928025 0.0181361102 0.030782278 0.0118015444 0.0200932838 0.0170254109 0.0229540501 0.0222077318 0.0114460843 0.0152454363 0.0274058923 0.0050596604 0.0181339334 0.0168281904 0.0198297758
22 0.0106518032 0.0351263017 0.0279586399 0.0235576072 0.0051046454 0.0165487393 0.0363920045 0.0233837105 0.0107840083 0.0147325438 0.0304678854 0.0269235285 0.0146815666 0.0092904012 0.0196924975 0.0177397527 0.0221206906 0.0379497357 0.0110633973 0.0240645215 0.018729186 0.0 0.0114838448 0.0276303693 0.0233357536 0.015188026 0.0289412638 0.0196517244 0.0213910319 0.0170842598 0.0224643029 0.0064242292 0.0336843953 0.0197326334 0.0253254422 0.0232874922 0.019307831 0.0142260916 0.003539784 0.0290652155 0.0154583014 0.0176695369 0.0248562266 0.0181257439 0.0096949382 0.0341820841 0.0179401659 0.0172107643 0.018958114 0.0271772669
23 0.0125406017 0.0250843311 0.0180297376 0.0112214052 0.0290270148 0.0095052979 0.0254501683 0.0373781077 0.0108957793 0.0268304959 0.0190225265 0.0299300277 0.0118375344 0.0273767639 0.0300563805 0.0192487684 0.0111427216 0.0096958796 0.0329588998 0.0307654973 0.0188746531 0.0114838448 0.0 0.0232631883 0.0154275674 0.0228864754 0.013087874 0.0291607288 0.0346429439 0.0048193049 0.0217865993 0.0224686695 0.0244718067 0.0158007622 0.0259595955 0.0083573208 0.0191668618 0.0117559186 0.0207813132 0.0318738581 0.0192038782 0.0116041118 0.0187738182 0.018283897 0.0220602862 0.0183160225 0.035159024 0.0140816127 0.0078836379 0.0305664862
24 0.0150521804 0.0269147228 0.0258028935 0.0155347374 0.005124224 0.0329192379 0.0176521954 0.0292305997 0.0328631621 0.0219493626 0.0134333636 0.0082405026 0.0129892411 0.0219412831 0.0265516311 0.0151840768 0.0117492211 0.0273858089 0.0133586308 0.0046113824 0.0247950178 0.0276303693 0.0232631883 0.0 0.0347077822 0.036214762 0.0162539136 0.0167368247 0.0077766346 0.0208961251 0.0193559263 0.021663631 0.0211817564 0.0063860682 0.0215457667 0.025838716 0.027318994 0.0126035571 0.0140663914 0.0192794331 0.0246395906 0.0193094039 0.02872431 0.0319571628 0.0186089273 0.0016720558 0.0222514935 0.009970771 0.0355320825 0.0313308873
25 0.0350518904 0.0105704158 0.0215476264 0.0320546773 0.0094787086 0.0215920926 0.0205215596 0.0386027661 0.0115274151 0.0038428964 0.0170627678 0.0257368743 0.0399750253 0.0288865106 0.0238293953 0.0173405452 0.029568156 0.0048641715 0.0345149578 0.0154862918 0.0178045961 0.0233357536 0.0154275674 0.0347077822 0.0 0.0193437696 0.0378662736 0.0284962002 0.0117013302 0.0211226553 0.0155078727 0.0095510533 0.0206120286 0.0287664379 0.0095670375 0.020320398 0.0240730292 0.0232509279 0.0084400386 0.0087297152 0.021640358 0.0213298847 0.0028450114 0.0189457522 0.0186444199 0.0065065314 0.0265325136 0.0277835797 0.0128128893 0.0222798485
26 0.0202939769 0.0197310954 0.0102419612 0.0277155095 0.0275510146 0.025555017 0.0167151376 0.0218497703 0.0247755315 0.0239000232 0.0251680007 0.0062141475 0.0187345935 0.0147640409 0.0237129419 0.0185895615 0.0107763682 0.0097614865 0.0214182563 0.0262269015 0.0168416091 0.015188026 0.0228864754 0.036214762 0.0193437696 0.0 0.0192907842 0.0145758774 0.0153192362 0.0341097337 0.0236917233 0.0135741104 0.0286442543 0.013317187 0.0194768045 0.0277145303 0.0177969264 0.012321313 0.019887438 0.0182879164 0.029290885 0.0242362753 0.0132451687 0.0167240109 0.0209508827 0.0247753054 0.023792982 0.0252986551 0.0067827056 0.032725316
27 0.0117839777 0.0076630384 0.0228734273 0.0081047669 0.0311483245 0.0200552452 0.010359117 0.0128357864 0.0225188753 0.0329735468 0.0252879921 0.0310642482 0.0109848926 0.0207415356 0.0304702292 0.010818172 0.0255259423 0.0327521945 0.0291437662 0.0177362779 0.0189882297 0.0289412638 0.013087874 0.0162539136 0.0378662736 0.0192907842 0.0 0.0129815379 0.021816999 0.0141779827 0.0163655859 0.0176657576 0.018436652 0.0325523916 0.0218431043 0.0195557956 0.0178698591 0.0261770483 0.0326351005 0.0177761975 0.0240169796 0.0123671777 0.0198770006 0.0157701058 0.0166161457 0.0243290482 0.0143189693 0.0265595899 0.0088126194 0.018208657
28 0.0079954432 0.0048028146 0.0111027881 0.0177902557 0.0145422258 0.0360367442 0.028534005 0.0106272111 0.0350236796 0.0131791298 0.0258757672 0.0209873338 0.0079752762 0.0339022238 0.0215325197 0.0244958905 0.0189265222 0.0198235313 0.011746583 0.0294313589 0.0150717055 0.0196517244 0.0291607288 0.0167368247 0.0284962002 0.0145758774 0.0129815379 0.0 0.0197762191 0.0364568598 0.0200953629 0.0385394874 0.0321654762 0.0135351158 0.0252054727 0.0036089064 0.0374342771 0.0173111427 0.0280420565 0.0132895788 0.0233098382 0.0130947123 0.0089245246 0.0089365408 0.0234824901 0.0243830709 0.0207173841 0.0233273077 0.0215441467 0.0158141266
29 0.0313275233 0.0271146438 0.0133066548 0.0129870398 0.0101251902 0.0360751807 0.0310508153 0.0105018046 0.0141585259 0.0143109182 0.0061919822 0.0152120766 0.0184270455 0.0198415447 0.0239435404 0.0311170916 0.0321583848 0.0272015903 0.0103394882 0.0102183589 0.0247068087 0.0213910319 0.0346429439 0.0077766346 0.0117013302 0.0153192362 0.021816999 0.0197762191 0.0 0.0204957506 0.0198804079 0.0276686167 0.0354125359 0.0271753327 0.0239420706 0.0192700987 0.0192771801 0.0202521599 0.0203630578 0.0223563038 0.0124174534 0.0296069422 0.019100691 0.019838072 0.0051654447 0.0096521539 0.0306143469 0.012643696 0.0308537982 0.0212732835
30 0.034998531 0.0303556726 0.0264180475 0.0225096412 0.0176571963 0.0204804203 0.0259793494 0.0148777392 0.0107733184 0.0274931333 0.0312576968 0.021290433 0.0193561712 0.0120398549 0.0198055641 0.0192722755 0.020764314 0.0216320855 0.0217123118 0.0349500484 0.0330045956 0.0170842598 0.0048193049 0.0208961251 0.0211226553 0.0341097337 0.0141779827 0.0364568598 0.0204957506 0.0 0.0160735986 0.0185394371 0.0203500668 0.0192647733 0.0134468982 0.033491653 0.0173732664 0.0221805723 0.0120408604 0.0166098781 0.0137534679 0.0119626758 0.01857058 0.0048770053 0.0095972383 0.0134006669 0.0268887641 0.0166765142 0.0311769908 0.0079340209
31 0.0280371266 0.0230275313 0.0219734761 0.0176975604 0.0145986215 0.0245613789 0.0141107062 0.0060272766 0.0214596509 0.036210681 0.0155930719 0.0293231323 0.012143831 0.0172378533 0.0145397949 0.0207138882 0.0320151153 0.0286992898 0.0368881135 0.0093906612 0.0212812537 0.0224643029 0.0217865993 0.0193559263 0.0155078727 0.0236917233 0.0163655859 0.0200953629 0.0198804079 0.0160735986 0.0 0.0190955995 0.0320549778 0.0062432059 0.01349063 0.0152431538 0.0215676124 0.0170309567 0.0256485035 0.0353767566 0.0214695559 0.0227097316 0.0254751326 0.0106348586 0.0272721826 0.0273164929 0.0126316294 0.021806393 0.0202186388 0.0039625943
32 0.0140435271 0.0158527979 0.030970095 0.0176874821 0.034710085 0.0235887164 0.0148273111 0.0116226087 0.0104921991 0.021975006 0.0295180557 0.0240945771 0.0225680658 0.012699018 0.0264013904 0.022032045 0.0174757188 0.0239816935 0.0120739798 0.0326779347 0.0261115733 0.0064242292 0.0224686695 0.021663631 0.0095510533 0.0135741104 0.0176657576 0.0385394874 0.0276686167 0.0185394371 0.0190955995 0.0 0.0172573804 0.0195678314 0.0284783932 0.016718598 0.011139238 0.0112029259 0.0039719044 0.0300754587 0.0254997117 0.0343565464 0.0214201393 0.019401997 0.0222017646 0.027680852 0.0254348025 0.0182480297 0.0065216904 0.020228264
33 0.0071784022 0.0246118304 0.0264277171 0.0335664292 0.0241632294 0.0232491397 0.0211026249 0.0264441995 0.0213710179 0.023769675 0.006530333 0.0220836936 0.0055819643 0.0081104955 0.0226026246 0.0062664567 0.028293765 0.0104801393 0.0091969174 0.0201910857 0.0076794149 0.0336843953 0.0244718067 0.0211817564 0.0206120286 0.0286442543 0.018436652 0.0321654762 0.0354125359 0.0203500668 0.0320549778 0.0172573804 0.0 0.0044295904 0.0250470568 0.015183813 0.0189552182 0.0249803514 0.0279221017 0.0098543464 0.0219457953 0.0227089059 0.0124734516 0.0092174117 0.0205751977 0.0350697576 0.0204237878 0.0215520552 0.0208769027 0.0256117705
34 0.0072881547 0.0273587057 0.0201807805 0.0101655427 0.029475609 0.0143776113 0.0150220299 0.0266235285 0.0218414021 0.0203381482 0.0217260739 0.0359522691 0.0303287004 0.0164056679 0.0302146759 0.0139636835 0.0221662733 0.0316613896 0.0196124497 0.0192839552 0.0288981724 0.0197326334 0.0158007622 0.0063860682 0.0287664379 0.013317187 0.0325523916 0.0135351158 0.0271753327 0.0192647733 0.0062432059 0.0195678314 0.0044295904 0.0 0.0109215086 0.0181814929 0.0326321217 0.0295975286 0.0061608724 0.0264220762 0.0241099269 0.0240601432 0.0284398612 0.0168168898 0.0265213556 0.0103653085 0.0084648046 0.0261793335 0.0158328571 0.0256377657
35 0.0266740408 0.0172868154 0.015547551 0.0401479485 0.0205057389 0.0355538007 0.0067186818 0.0213787538 0.0047336987 0.0062678301 0.0161429575 0.0133793919 0.0172767865 0.0205602719 0.0199932398 0.0306868385 0.009926039 0.0175232822 0.0197986385 0.0377587574 0.014461585 0.0253254422 0.0259595955 0.0215457667 0.0095670375 0.0194768045 0.0218431043 0.0252054727 0.0239420706 0.0134468982 0.01349063 0.0284783932 0.0250470568 0.0109215086 0.0 0.0130606404 0.0163705906 0.0299733719 0.0249276115 0.0009234922 0.0357568419 0.0259749385 0.0198258138 0.0182332381 0.0283832873 0.0289317401 0.0260859 0.0288253195 0.019616421 0.0065383645
36 0.0279941181 0.024934443 0.0194791959 0.0243015847 0.0151174195 0.0208332251 0.0265380779 0.0188253911 0.003052443 0.0237766907 0.0232785823 0.01445965 0.0150963845 0.0228094726 0.018412104 0.0086305259 0.0219256892 0.0210264243 0.0238374871 0.0288077837 0.0247928025 0.0232874922 0.0083573208 0.025838716 0.020320398 0.0277145303 0.0195557956 0.0036089064 0.0192700987 0.033491653 0.0152431538 0.016718598 0.015183813 0.0181814929 0.0130606404 0.0 0.0141918696 0.0321130181 0.0383502211 0.0189612925 0.0160169514 0.0243833201 0.0051676489 0.0344611042 0.0241283695 0.016896879 0.009326264 0.0284288408 0.0309761145 0.0188360022
37 0.0206666511 0.0130957636 0.0232862817 0.0253154646 0.030500526 0.0163320056 0.015122669 0.0313718752 0.0297405201 0.0186838936 0.0187359835 0.0032559654 0.0179372614 0.0285518175 0.0186604097 0.0194816406 0.0255422367 0.014516227 0.0207509547 0.0089068626 0.0181361102 0.019307831 0.0191668618 0.027318994 0.0240730292 0.0177969264 0.0178698591 0.0374342771 0.0192771801 0.0173732664 0.0215676124 0.011139238 0.0189552182 0.0326321217 0.0163705906 0.0141918696 0.0 0.0187516865 0.012420007 0.0337036882 0.026202662 0.0142898208 0.0223356233 0.0118975177 0.0300669813 0.0360928178 0.0121927153 0.0128277259 0.0125607634 0.0235919954
38 0.0187655193 0.0135720248 0.0221513084 0.0084449235 0.017974042 0.021138219 0.0270599817 0.0273574107 0.0216917738 0.0190237311 0.0273599107 0.0309678423 0.0140536843 0.0279974517 0.0241362384 0.0127402125 0.0298765997 0.0162744206 0.0232576165 0.0137715236 0.030782278 0.0142260916 0.0117559186 0.0126035571 0.0232509279 0.012321313 0.0261770483 0.0173111427 0.0202521599 0.0221805723 0.0170309567 0.0112029259 0.0249803514 0.0295975286 0.0299733719 0.0321130181 0.0187516865 0.0 0.0312671988 0.0294612104 0.0156946519 0.0093908285 0.0191505956 0.01866279 0.0284279957 0.0321962308 0.0135797884 0.0052297109 0.0134078143 0.0114059018
39 0.0269222929 0.0302658059 0.0066719382 0.0245949667 0.0103968293 0.0164359006 0.0087543342 0.0190651617 0.0241965718 0.0252819449 0.0172657429 0.0298807916 0.0206859371 0.0239903309 0.0163833812 0.0268466211 0.0079641892 0.0211410401 0.0163878631 0.0197372291 0.0118015444 0.003539784 0.0207813132 0.0140663914 0.0084400386 0.019887438 0.0326351005 0.0280420565 0.0203630578 0.0120408604 0.0256485035 0.0039719044 0.0279221017 0.0061608724 0.0249276115 0.0383502211 0.012420007 0.0312671988 0.0 0.0284289514 0.0261870483 0.0280176812 0.021611014 0.0212468529 0.0195481274 0.0049577809 0.0330632151 0.0313380058 0.0268682146 0.0235982304
40 0.0246506467 0.0208932606 0.012921647 0.0234033366 0.0132149351 0.0269973331 0.0110229201 0.0175501554 0.0165379101 0.0204566627 0.0223849837 0.04164896 0.0181005563 0.0015058093 0.0176074909 0.0141835624 0.0183241862 0.0396816261 0.0319029944 0.0243459094 0.0200932838 0.0290652155 0.0318738581 0.0192794331 0.0087297152 0.0182879164 0.0177761975 0.0132895788 0.0223563038 0.0166098781 0.0353767566 0.0300754587 0.0098543464 0.0264220762 0.0009234922 0.0189612925 0.0337036882 0.0294612104 0.0284289514 0.0 0.0157022338 0.0242947201 0.0089089405 0.0097984414 0.011859416 0.0297868805 0.0175198999 0.0157935005 0.0222542152 0.0161782133
41 0.0226214681 0.0310521181 0.015864931 0.0189780237 0.0198078707 0.0225218872 0.0233118057 0.0327969792 0.0019613386 0.0162240563 0.0167152825 0.0147937826 0.0224459872 0.0226242972 0.0085173021 0.0102427975 0.0251022235 0.0210697488 0.0136596932 0.0233991766 0.0170254109 0.0154583014 0.0192038782 0.0246395906 0.021640358 0.029290885 0.0240169796 0.0233098382 0.0124174534 0.0137534679 0.0214695559 0.0254997117 0.0219457953 0.0241099269 0.0357568419 0.0160169514 0.026202662 0.0156946519 0.0261870483 0.0157022338 0.0 0.0335970194 0.0189977068 0.0140228468 0.0223238986 0.0083268715 0.0278869613 0.0262248099 0.01682584 0.0187417331
42 0.023990975 0.0196665487 0.0273743452 0.0167294612 0.018989925 0.0257699783 0.0182763666 0.0159842443 0.0053518645 0.0237373246 0.0212447162 0.0055314531 0.0179679916 0.0010305689 0.0157146797 0.0336498054 0.0168870614 0.0172954175 0.025290158 0.0217168508 0.0229540501 0.0176695369 0.0116041118 0.0193094039 0.0213298847 0.0242362753 0.0123671777 0.0130947123 0.0296069422 0.0119626758 0.0227097316 0.0343565464 0.0227089059 0.0240601432 0.0259749385 0.0243833201 0.0142898208 0.0093908285 0.0280176812 0.0242947201 0.0335970194 0.0 0.0192466527 0.0269649826 0.0273484747 0.0236343928 0.0076896761 0.0269166241 0.033406804 0.0146742305
43 0.0342602868 0.0271505284 0.0185952947 0.0223221898 0.022071503 0.0351290738 0.0159133109 0.0215259517 0.0251860546 0.0083666729 0.0072621256 0.0212141358 0.0187538888 0.0334728932 0.0074499484 0.0189879458 0.0225259189 0.0255644521 0.0345654494 0.023470105 0.0222077318 0.0248562266 0.0187738182 0.02872431 0.0028450114 0.0132451687 0.0198770006 0.0089245246 0.019100691 0.01857058 0.0254751326 0.0214201393 0.0124734516 0.0284398612 0.0198258138 0.0051676489 0.0223356233 0.0191505956 0.021611014 0.0089089405 0.0189977068 0.0192466527 0.0 0.0291894186 0.0329586865 0.0251569498 0.0130360603 0.0177080071 0.0192435672 0.0187419376
44 0.0310700169 0.0120821304 0.0177935362 0.0205528583 0.0221884782 0.0237827124 0.0166675428 0.0240038776 0.0312133609 0.0263835734 0.0313110852 0.0123885301 0.0305343085 0.0205428309 0.01681328 0.0241627446 0.02880005 0.0219782592 0.0180426683 0.0191211542 0.0114460843 0.0181257439 0.018283897 0.0319571628 0.0189457522 0.0167240109 0.0157701058 0.0089365408 0.019838072 0.0048770053 0.0106348586 0.019401997 0.0092174117 0.0168168898 0.0182332381 0.0344611042 0.0118975177 0.01866279 0.0212468529 0.0097984414 0.0140228468 0.0269649826 0.0291894186 0.0 0.0129195043 0.0295683397 0.0243940433 0.0255753842 0.0295150522 0.0231419538
45 0.0151248239 0.0071646554 0.029771328 0.0131609016 0.0158018265 0.0198964035 0.0174648231 0.0351396547 0.0140744882 0.0245416025 0.0255769581 0.0304121874 0.0330621854 0.0142089216 0.0118666412 0.027814648 0.0233146945 0.0134576064 0.0162246051 0.0152367956 0.0152454363 0.0096949382 0.0220602862 0.0186089273 0.0186444199 0.0209508827 0.0166161457 0.0234824901 0.0051654447 0.0095972383 0.0272721826 0.0222017646 0.0205751977 0.0265213556 0.0283832873 0.0241283695 0.0300669813 0.0284279957 0.0195481274 0.011859416 0.0223238986 0.0273484747 0.0329586865 0.0129195043 0.0 0.0174680787 0.026712523 0.009386739 0.0383576516 0.010157806
46 0.0138151792 0.0177621368 0.0273293362 0.0276500372 0.0332459021 0.020441367 0.0233436866 0.0217202554 0.017949753 0.0121176793 0.0158897074 0.0239980134 0.0151545041 0.0240552192 0.0200762976 0.0165754895 0.0289037338 0.0156373951 0.015454678 0.0173820311 0.0274058923 0.0341820841 0.0183160225 0.0016720558 0.0065065314 0.0247753054 0.0243290482 0.0243830709 0.0096521539 0.0134006669 0.0273164929 0.027680852 0.0350697576 0.0103653085 0.0289317401 0.016896879 0.0360928178 0.0321962308 0.0049577809 0.0297868805 0.0083268715 0.0236343928 0.0251569498 0.0295683397 0.0174680787 0.0 0.0078863467 0.0101390127 0.0117000862 0.0236999484
47 0.0296716065 0.0228494911 0.0266960365 0.026812962 0.0277822874 0.0271493749 0.0289544292 0.0272968661 0.0264410233 0.0170206455 0.0149743017 0.0263939503 0.0231678091 0.0214235581 0.020336504 0.0137398497 0.0060103027 0.0129410968 0.0355674796 0.0193434954 0.0050596604 0.0179401659 0.035159024 0.0222514935 0.0265325136 0.023792982 0.0143189693 0.0207173841 0.0306143469 0.0268887641 0.0126316294 0.0254348025 0.0204237878 0.0084648046 0.0260859 0.009326264 0.0121927153 0.0135797884 0.0330632151 0.0175198999 0.0278869613 0.0076896761 0.0130360603 0.0243940433 0.026712523 0.0078863467 0.0 0.0227330451 0.0124429212 0.0006472428
48 0.0133971161 0.0063632565 0.0161217398 0.0325474369 0.0214621299 0.0158589894 0.0199836908 0.0255011917 0.0261130923 0.0178429619 0.0185020533 0.0280941643 0.0235335036 0.0257858735 0.021340003 0.0292504945 0.0049094422 0.0057144664 0.0256241516 0.0285702465 0.0181339334 0.0172107643 0.0140816127 0.009970771 0.0277835797 0.0252986551 0.0265595899 0.0233273077 0.012643696 0.0166765142 0.021806393 0.0182480297 0.0215520552 0.0261793335 0.0288253195 0.0284288408 0.0128277259 0.0052297109 0.0313380058 0.0157935005 0.0262248099 0.0269166241 0.0177080071 0.0255753842 0.009386739 0.0101390127 0.0227330451 0.0 0.0210882258 0.0317968095
49 0.0277600454 0.0242234601 0.0030823796 0.0161394486 0.0208678917 0.0263165545 0.02871181 0.017475951 0.0286669081 0.0186629576 0.0205004313 0.0169779834 0.0217126001 0.0255516295 0.0080686141 0.0208899278 0.0262097525 0.0311432499 0.0067779573 0.01763054 0.0168281904 0.018958114 0.0078836379 0.0355320825 0.0128128893 0.0067827056 0.0088126194 0.0215441467 0.0308537982 0.0311769908 0.0202186388 0.0065216904 0.0208769027 0.0158328571 0.019616421 0.0309761145 0.0125607634 0.0134078143 0.0268682146 0.0222542152 0.01682584 0.033406804 0.0192435672 0.0295150522 0.0383576516 0.0117000862 0.0124429212 0.0210882258 0.0 0.0297309527
50 0.0142987201 0.0175741491 0.0211009565 0.0144815057 0.0240191071 0.0090450004 0.0219886535 0.028918467 0.0257882311 0.013425104 0.0214354597 0.0190990934 0.0256777797 0.0208373164 0.0274222164 0.0305782728 0.020416997 0.0265407266 0.0158488359 0.0274420225 0.0198297758 0.0271772669 0.0305664862 0.0313308873 0.0222798485 0.032725316 0.018208657 0.0158141266 0.0212732835 0.0079340209 0.0039625943 0.020228264 0.0256117705 0.0256377657 0.0065383645 0.0188360022 0.0235919954 0.0114059018 0.0235982304 0.0161782133 0.0187417331 0.0146742305 0.0187419376 0.0231419538 0.010157806 0.0236999484 0.0006472428 0.0317968095 0.0297309527 0.0
