30
1 0.0 0.0197609765 0.0383820677 0.0184041174 0.0427709022 0.0275971667 0.0083845113 0.0458209155 0.0174558302 0.0230125025 0.0420024822 0.0171104412 0.0603056739 0.0314432316 0.0175477473 0.0265557885 0.0602021687 0.0608013584 0.0246328337 0.0371533792 0.0338748025 0.0349085395 0.0588507183 0.0386213034 0.0493305311 0.0188727436 0.0366724942 0.0386715995 0.0343381167 0.0365150566
2 0.0197609765 0.0 0.0200967269 0.0418973527 0.0264553868 0.016816311 0.0274006746 0.0382441933 0.0563530022 0.0283238103 0.0311183723 0.0345682721 0.0469421674 0.0299349343 0.0326263371 0.0436335589 0.0352750397 0.0328544489 0.0475792051 0.0387361912 0.0068391608 0.0538036103 0.0231901609 0.0186549436 0.0567278892 0.0264137157 0.0469378753 0.0506192499 0.0277470885 0.0404493443
3 0.0383820677 0.0200967269 0.0 0.0324345279 0.0478158513 0.0106530344 0.0248488406 0.0664523233 0.0414302723 0.0211510294 0.0413860539 0.0465785269 0.0220846991 0.0658102107 0.0112827809 0.0103546154 0.0613652823 0.0239146378 0.0319338144 0.0226985436 0.0328520318 0.0591288907 0.0261867184 0.0310246916 0.0300514679 0.0451531082 0.0320509695 0.0332592042 0.0444086793 0.0252103994
4 0.0184041174 0.0418973527 0.0324345279 0.0 0.0051868712 0.0436518697 0.0217661036 0.0420764925 0.0247703348 0.0245938736 0.0267633075 0.0616846289 0.0579677056 0.0218057804 0.0634137138 0.0425793436 0.0390841123 0.0418368103 0.0259256757 0.0299835338 0.024592288 0.0295407537 0.0244345194 0.0518221497 0.0178813292 0.0497111992 0.0545122898 0.0439586587 0.0088831257 0.0288375312
5 0.0427709022 0.0264553868 0.0478158513 0.0051868712 0.0 0.0202591119 0.0393944845 0.0312586575 0.0429555489 0.0454935622 0.0304560084 0.0362769179 0.0217196282 0.0126039865 0.0399403341 0.0356964107 0.0271251766 0.0393600563 0.0499102824 0.036088872 0.0573291882 0.0229265733 0.0434533333 0.0457789384 0.0368834755 0.0508224847 0.0239679616 0.0100831049 0.0350926784 0.0428942125
6 0.0275971667 0.016816311 0.0106530344 0.0436518697 0.0202591119 0.0 0.0332382944 0.0523757492 0.0299276881 0.0519324657 0.0272434094 0.0275002912 0.0423107631 0.0252488816 0.0304596526 0.0475341364 0.0277074544 0.057681493 0.0301675896 0.0416576429 0.0240774891 0.0323552037 0.0378961567 0.0136690462 0.0625757182 0.0463963935 0.0384582444 0.0284973496 0.0322702405 0.0398411528
7 0.0083845113 0.0274006746 0.0248488406 0.0217661036 0.0393944845 0.0332382944 0.0 0.0377561241 0.0371097454 0.0392321588 0.0287998804 0.0354385891 0.0437421013 0.0549125119 0.0288560137 0.0468120263 0.0456820705 0.0535999203 0.0405019406 0.0341687634 0.0333118109 0.0560253704 0.025364785 0.0209867937 0.006332629 0.0321971738 0.0125257067 0.0423349237 0.0331517398 0.0561243122
8 0.0458209155 0.0382441933 0.0664523233 0.0420764925 0.0312586575 0.0523757492 0.0377561241 0.0 0.0265986379 0.0233104 0.0224099347 0.0482313868 0.0590562599 0.0182713545 0.0154503021 0.0115051796 0.0311066801 0.0312793439 0.0483308097 0.0360758511 0.0349286589 0.0309466343 0.0452709256 0.010704752 0.0471683347 0.0340009016 0.0292963301 0.0308917163 0.0165410226 0.0346401284
9 0.0174558302 0.0563530022 0.0414302723 0.0247703348 0.0429555489 0.0299276881 0.0371097454 0.0265986379 0.0 0.0393454929 0.0215553397 0.0277815138 0.0398470154 0.0331345205 0.026743708 0.0349930924 0.0176257443 0.0476357234 0.0611938896 0.0441576881 0.0492655236 0.0060250474 0.0250313916 0.031259696 0.047970578 0.0389532215 0.0329843715 0.0235401168 0.0513893793 0.0229658864
10 0.0230125025 0.0283238103 0.0211510294 0.0245938736 0.0454935622 0.0519324657 0.0392321588 0.0233104 0.0393454929 0.0 0.0509687502 0.0531246351 0.0305382701 0.0081477283 0.03932132 0.0400360332 0.0340437533 0.0161146239 0.0277468044 0.0256373899 0.027261832 0.04884741 0.0099267113 0.0421159688 0.0149168309 0.0516185913 0.0400127689 0.0569101514 0.0445210765 0.0417940552
11 0.0420024822 0.0311183723 0.0413860539 0.0267633075 0.0304560084 0.0272434094 0.0287998804 0.0224099347 0.0215553397 0.0509687502 0.0 0.0161468117 0.0549980793 0.0331644569 0.0231947104 0.0410212383 0.0312385916 0.0289989331 0.0294956933 0.0553064193 0.0290096289 0.0474197733 0.0359394002 0.0405205457 0.0479158309 0.0290145569 0.0512235419 0.0298156002 0.0098446036 0.0430280459
12 0.0171104412 0.0345682721 0.0465785269 0.0616846289 0.0362769179 0.0275002912 0.0354385891 0.0482313868 0.0277815138 0.0531246351 0.0161468117 0.0 0.023653748 0.0369685301 0.0207017904 0.0120187472 0.0514236759 0.0391044363 0.0643717157 0.0510667364 0.040257543 0.0140242607 0.0379398398 0.0337708744 0.0365160313 0.0383529482 0.0096634553 0.0185566167 0.028314117 0.038852919
13 0.0603056739 0.0469421674 0.0220846991 0.0579677056 0.0217196282 0.0423107631 0.0437421013 0.0590562599 0.0398470154 0.0305382701 0.0549980793 0.023653748 0.0 0.0119077432 0.054720648 0.0314916661 0.0171504916 0.0143444675 0.0252522985 0.019042464 0.0201894703 0.0143380125 0.0506546567 0.0390471547 0.0435373003 0.0270461777 0.0408706615 0.035665022 0.0307005995 0.0208750545
14 0.0314432316 0.0299349343 0.0658102107 0.0218057804 0.0126039865 0.0252488816 0.0549125119 0.0182713545 0.0331345205 0.0081477283 0.0331644569 0.0369685301 0.0119077432 0.0 0.03220154 0.0468908729 0.0269268549 0.0328736651 0.0086101703 0.0323131725 0.0442930526 0.0334234893 0.0597533992 0.0578379781 0.0199189594 0.0203813341 0.0615689646 0.0578455011 0.02893935 0.0528678255
15 0.0175477473 0.0326263371 0.0112827809 0.0634137138 0.0399403341 0.0304596526 0.0288560137 0.0154503021 0.026743708 0.03932132 0.0231947104 0.0207017904 0.054720648 0.03220154 0.0 0.0222719329 0.0372004369 0.0451392754 0.0271967959 0.0420880177 0.0627696446 0.0296850509 0.0523344074 0.0604049459 0.0318015662 0.054560457 0.0199194232 0.0434522913 0.0228303724 0.0118847841
16 0.0265557885 0.0436335589 0.0103546154 0.0425793436 0.0356964107 0.0475341364 0.0468120263 0.0115051796 0.0349930924 0.0400360332 0.0410212383 0.0120187472 0.0314916661 0.0468908729 0.0222719329 0.0 0.0249664978 0.0138629209 0.0453571322 0.0458753547 0.0290792129 0.0395513928 0.024277083 0.0777159835 0.032050324 0.0346511013 0.0558399626 0.0035317821 0.0453632807 0.0344833293
17 0.0602021687 0.0352750397 0.0613652823 0.0390841123 0.0271251766 0.0277074544 0.0456820705 0.0311066801 0.0176257443 0.0340437533 0.0312385916 0.0514236759 0.0171504916 0.0269268549 0.0372004369 0.0249664978 0.0 0.0510233133 0.0512965271 0.032448256 0.0106980454 0.0391360133 0.0046284774 0.0413866388 0.039666128 0.0252694969 0.0240947656 0.0248850893 0.0518342002 0.0355090179
18 0.0608013584 0.0328544489 0.0239146378 0.0418368103 0.0393600563 0.057681493 0.0535999203 0.0312793439 0.0476357234 0.0161146239 0.0289989331 0.0391044363 0.0143444675 0.0328736651 0.0451392754 0.0138629209 0.0510233133 0.0 0.0432211083 0.0429682919 0.0255912362 0.025697179 0.0060570116 0.0177643682 0.0284075289 0.043814375 0.0468358807 0.0330402584 0.0309961084 0.0251812255
19 0.0246328337 0.0475792051 0.0319338144 0.0259256757 0.0499102824 0.0301675896 0.0405019406 0.0483308097 0.0611938896 0.0277468044 0.0294956933 0.0643717157 0.0252522985 0.0086101703 0.0271967959 0.0453571322 0.0512965271 0.0432211083 0.0 0.0250361074 0.0415467458 0.0170425876 0.0333380129 0.0087179884 0.0239016678 0.007873444 0.047010452 0.035015484 0.055664013 0.0221292104
20 0.0371533792 0.0387361912 0.0226985436 0.0299835338 0.036088872 0.0416576429 0.0341687634 0.0360758511 0.0441576881 0.0256373899 0.0553064193 0.0510667364 0.019042464 0.0323131725 0.0420880177 0.0458753547 0.032448256 0.0429682919 0.0250361074 0.0 0.0475536367 0.0378433824 0.04032564 0.0470147742 0.0265668133 0.0316377161 0.0168677559 0.0224931303 0.0277848064 0.0094096694
21 0.0338748025 0.0068391608 0.0328520318 0.024592288 0.0573291882 0.0240774891 0.0333118109 0.0349286589 0.0492655236 0.027261832 0.0290096289 0.040257543 0.0201894703 0.0442930526 0.0627696446 0.0290792129 0.0106980454 0.0255912362 0.0415467458 0.0475536367 0.0 0.0537203953 0.0314067732 0.0379700983 0.0164632836 0.0421231405 0.0445167747 0.0254989439 0.0256065584 0.0473730298
22 0.0349085395 0.0538036103 0.0591288907 0.0295407537 0.0229265733 0.0323552037 0.0560253704 0.0309466343 0.0060250474 0.04884741 0.0474197733 0.0140242607 0.0143380125 0.0334234893 0.0296850509 0.0395513928 0.0391360133 0.025697179 0.0170425876 0.0378433824 0.0537203953 0.0 0.0388357588 0.0233838307 0.0485222901 0.0296508117 0.0340796243 0.0202207577 0.0567704772 0.0221468791
23 0.0588507183 0.0231901609 0.0261867184 0.0244345194 0.0434533333 0.0378961567 0.025364785 0.0452709256 0.0250313916 0.0099267113 0.0359394002 0.0379398398 0.0506546567 0.0597533992 0.0523344074 0.024277083 0.0046284774 0.0060570116 0.0333380129 0.04032564 0.0314067732 0.0388357588 0.0 0.0097458323 0.0572471867 0.0313718698 0.0108532287 0.064196846 0.0479829738 0.0435061821
24 0.0386213034 0.0186549436 0.0310246916 0.0518221497 0.0457789384 0.0136690462 0.0209867937 0.010704752 0.031259696 0.0421159688 0.0405205457 0.0337708744 0.0390471547 0.0578379781 0.0604049459 0.0777159835 0.0413866388 0.0177643682 0.0087179884 0.0470147742 0.0379700983 0.0233838307 0.0097458323 0.0 0.0205598096 0.0302749249 0.0443937327 0.0449973751 0.0159384673 0.0439163936
25 0.0493305311 0.0567278892 0.0300514679 0.0178813292 0.0368834755 0.0625757182 0.006332629 0.0471683347 0.047970578 0.0149168309 0.0479158309 0.0365160313 0.0435373003 0.0199189594 0.0318015662 0.032050324 0.039666128 0.0284075289 0.0239016678 0.0265668133 0.0164632836 0.0485222901 0.0572471867 0.0205598096 0.0 0.0322160856 0.0348771631 0.0296074225 0.0408572537 0.0195285712
26 0.0188727436 0.0264137157 0.0451531082 0.0497111992 0.0508224847 0.0463963935 0.0321971738 0.0340009016 0.0389532215 0.0516185913 0.0290145569 0.0383529482 0.0270461777 0.0203813341 0.054560457 0.0346511013 0.0252694969 0.043814375 0.007873444 0.0316377161 0.0421231405 0.0296508117 0.0313718698 0.0302749249 0.0322160856 0.0 0.0066135525 0.0423489318 0.0424201501 0.0362393928
27 0.0366724942 0.0469378753 0.0320509695 0.0545122898 0.0239679616 0.0384582444 0.0125257067 0.0292963301 0.0329843715 0.0400127689 0.0512235419 0.0096634553 0.0408706615 0.0615689646 0.0199194232 0.0558399626 0.0240947656 0.0468358807 0.047010452 0.0168677559 0.0445167747 0.0340796243 0.0108532287 0.0443937327 0.0348771631 0.0066135525 0.0 0.0331300452 0.0378146761 0.0324073274
28 0.0386715995 0.0506192499 0.0332592042 0.0439586587 0.0100831049 0.0284973496 0.0423349237 0.0308917163 0.0235401168 0.0569101514 0.0298156002 0.0185566167 0.035665022 0.0578455011 0.0434522913 0.0035317821 0.0248850893 0.0330402584 0.035015484 0.0224931303 0.0254989439 0.0202207577 0.064196846 0.0449973751 0.0296074225 0.0423489318 0.0331300452 0.0 0.0287693046 0.0481635229
29 0.0343381167 0.0277470885 0.0444086793 0.0088831257 0.0350926784 0.0322702405 0.0331517398 0.0165410226 0.0513893793 0.0445210765 0.0098446036 0.028314117 0.0307005995 0.02893935 0.0228303724 0.0453632807 0.0518342002 0.0309961084 0.055664013 0.0277848064 0.0256065584 0.0567704772 0.0479829738 0.0159384673 0.0408572537 0.0424201501 0.0378146761 0.0287693046 0.0 0.0432255405
30 0.0365150566 0.0404493443 0.0252103994 0.0288375312 0.0428942125 0.0398411528 0.0561243122 0.0346401284 0.0229658864 0.0417940552 0.0430280459 0.038852919 0.0208750545 0.0528678255 0.0118847841 0.0344833293 0.0355090179 0.0251812255 0.0221292104 0.0094096694 0.0473730298 0.0221468791 0.0435061821 0.0439163936 0.0195285712 0.0362393928 0.0324073274 0.0481635229 0.0432255405 0.0
