10
1 0.0 0.1057871592 0.1332676125 0.106866069 0.1240650042 0.122571435 0.0479242314 0.1014276637 0.1278189974 0.1302718277
2 0.1057871592 0.0 0.0786166399 0.1122682186 0.1261398648 0.1030387717 0.1242801849 0.1083795044 0.1388459793 0.1026436772
3 0.1332676125 0.0786166399 0.0 0.0506795385 0.1755038754 0.1973265958 0.1290279357 0.0362431376 0.118631217 0.0807034477
4 0.106866069 0.1122682186 0.0506795385 0.0 0.1232599627 0.0834586661 0.0522800088 0.1498933799 0.1965539219 0.1247402347
5 0.1240650042 0.1261398648 0.1755038754 0.1232599627 0.0 0.0307632072 0.106102278 0.1472670405 0.0659273952 0.1009713717
6 0.122571435 0.1030387717 0.1973265958 0.0834586661 0.0307632072 0.0 0.0916143099 0.1376535559 0.0890798624 0.1444935958
7 0.0479242314 0.1242801849 0.1290279357 0.0522800088 0.106102278 0.0916143099 0.0 0.1110699613 0.1389366849 0.1987644053
8 0.1014276637 0.1083795044 0.0362431376 0.1498933799 0.1472670405 0.1376535559 0.1110699613 0.0 0.1074301294 0.1006356274
9 0.1278189974 0.1388459793 0.118631217 0.1965539219 0.0659273952 0.0890798624 0.1389366849 0.1074301294 0.0 0.0167758124
10 0.1302718277 0.1026436772 0.0807034477 0.1247402347 0.1009713717 0.1444935958 0.1987644053 0.1006356274 0.0167758124 0.0
