32
1 0.0129289445 0.021022592 0.0289426815 0.0214416915 0.062697678 0.031417446 0.0356951752 0.0204104423 0.0494187478 0.0188213067 0.0436225388 0.0518670825 0.0209337016 0.0199186998 0.0001204002 0.042727051 0.0420287863 0.0282202863 0.0269574114 0.0428206892 0.0362657813 0.0228406791 0.0481831562 0.0108368595 0.041714173 0.0338106385 0.0242305577 0.0478117137 0.0366365538 0.0245342322 0.0318986595 0.0192236426 
2 0.021022592 0.0219522881 0.0579305934 0.0330750328 0.0240936619 0.0335139526 0.0326108243 0.0302989949 0.0228183209 0.036871469 0.0002309987 0.0453046503 0.0485517025 0.0256360578 0.0387233773 0.0185758278 0.0197915514 0.0769709675 0.0212485924 0.0432926684 0.0232418921 0.0217889536 0.0330034494 0.0068353186 0.0285335228 0.0389000627 0.0453943723 0.0471850573 0.046091164 0.0087246203 0.0040510324 0.0437364304 
3 0.0289426815 0.0579305934 0.0384946763 0.0180347796 0.0362385314 0.0248042035 0.0430479713 0.0389245617 0.0384750124 0.0247037169 0.021034804 0.0286192928 0.0262934714 0.023432774 0.0267191199 0.0461065246 0.024162574 0.0257549106 0.0514880522 0.0412057998 0.0236599744 0.0341461905 0.0290767278 0.0310309179 0.0166879606 0.0152849827 0.0125188789 0.0604770018 0.0402572727 0.0200259261 0.0395234044 0.0128967109 
4 0.0214416915 0.0330750328 0.0180347796 0.0347596489 0.0274675578 0.0466351311 0.0193700369 0.0251985661 0.0160880375 0.0333229704 0.0109541035 0.0605279184 0.0533956196 0.0329859598 0.0421302492 0.0444743769 0.0629626352 0.0159014052 0.0279477768 0.0168013583 0.0289723456 0.0079869485 0.0364994159 0.019743568 0.0484423606 0.0343337908 0.0489211775 0.0118389953 0.0443005957 0.0235710253 0.0384951373 0.0134197842 
5 0.062697678 0.0240936619 0.0362385314 0.0274675578 0.0341726644 0.0288442124 0.0377709305 0.0240125225 0.0368975729 0.0434140626 0.0508973933 0.0094741538 0.0294377205 0.0357391995 0.0553008013 0.0322396546 0.0198509971 0.0109463564 0.0218381604 0.0229118793 0.0096882342 0.0270574564 0.036577121 0.0277150735 0.0106252671 0.0514516721 0.038650567 0.0152091504 0.0084155376 0.0565518687 0.0425153542 0.0312969873 
6 0.031417446 0.0335139526 0.0248042035 0.0466351311 0.0288442124 0.043198427 0.0596653311 0.0363645786 0.0544685769 0.013324005 0.0200882389 0.0224488245 0.0077077386 0.0354135086 0.0203706291 0.0386140719 0.0413364688 0.0546751014 0.0178901693 0.0375089385 0.0097341686 0.0314677992 0.0398783232 0.0209476008 0.02000331 0.0379242688 0.0342978986 0.040163393 0.0249719019 0.0215313106 0.0177112173 0.0330792542 
7 0.0356951752 0.0326108243 0.0430479713 0.0193700369 0.0377709305 0.0596653311 0.0405392696 0.032669949 0.0163961574 0.036393498 0.0495665464 0.0169919482 0.0478320759 0.0273542663 0.0094262773 0.0280842928 0.052059402 0.0372982458 0.0 0.0164567659 0.0481588091 0.0377844045 0.0465285205 0.0254932332 0.0257870234 0.0184227644 0.0398581931 0.0168930712 0.0293925731 0.0162154553 0.0244301376 0.0318068506 
8 0.0204104423 0.0302989949 0.0389245617 0.0251985661 0.0240125225 0.0363645786 0.032669949 0.0335592618 0.0207744892 0.0186119521 0.0292065369 0.0502649141 0.0197386045 0.0500946047 0.0275111775 0.0109292622 0.0168323984 0.0275678341 0.0227701898 0.0351280074 0.0640865166 0.0520066474 0.0192470098 0.0315218473 0.047941986 0.0273062154 0.0156788653 0.0350923001 0.0333438649 0.0227352938 0.0373566255 0.0428139802 
9 0.0494187478 0.0228183209 0.0384750124 0.0160880375 0.0368975729 0.0544685769 0.0163961574 0.0207744892 0.0204641479 0.0363680076 0.0319391798 0.0299291953 0.0392520301 0.0201760629 0.04032688 0.0343392215 0.0516907843 0.0223071745 0.0051825281 0.031754047 0.0192771574 0.0214839234 0.0503059782 0.0213443452 0.0351163508 0.0422331002 0.0094504204 0.0581257165 0.0422605319 0.0294678095 0.0206136623 0.0312548301 
10 0.0188213067 0.036871469 0.0247037169 0.0333229704 0.0434140626 0.013324005 0.036393498 0.0186119521 0.0363680076 0.0166304666 0.0485785955 0.0387353494 0.0605933743 0.0660639581 0.0032356519 0.019609672 0.0395430686 0.025085421 0.0410944014 0.0116310979 0.050435381 0.0201679981 0.0063333594 0.0379256671 0.0423391344 0.0448099111 0.0473080922 0.0315880661 0.0186772905 0.0342434136 0.0213205321 0.0122191093 
11 0.0436225388 0.0002309987 0.021034804 0.0109541035 0.0508973933 0.0200882389 0.0495665464 0.0292065369 0.0319391798 0.0485785955 0.0433430602 0.0219403612 0.0141144213 0.0303665305 0.033422191 0.0026993047 0.0258130165 0.0275895901 0.0332768605 0.0314881345 0.0300015057 0.0644832887 0.0182817147 0.0188259985 0.0587879306 0.0456053766 0.0386612677 0.0297684421 0.0433606624 0.0271546285 0.0366526072 0.0182441712 
12 0.0518670825 0.0453046503 0.0286192928 0.0605279184 0.0094741538 0.0224488245 0.0169919482 0.0502649141 0.0299291953 0.0387353494 0.0219403612 0.0189239129 0.0159090854 0.0476722762 0.040517893 0.0218557039 0.035640087 0.0209216209 0.0334702891 0.0449488079 0.0196294739 0.050771739 0.0292751266 0.0133771111 0.0353323988 0.0234630648 0.0152362196 0.0299146505 0.0275847558 0.0221684949 0.0294127665 0.0478708317 
13 0.0209337016 0.0485517025 0.0262934714 0.0533956196 0.0294377205 0.0077077386 0.0478320759 0.0197386045 0.0392520301 0.0605933743 0.0141144213 0.0159090854 0.0359618239 0.0362894563 0.0173070324 0.0315474295 0.0240090079 0.0319851155 0.0251964598 0.034313486 0.0449454494 0.030891478 0.062311115 0.0590044391 0.0162442126 0.0348942836 0.0199348904 0.0115875431 0.019593118 0.0355082016 0.0184023765 0.0263135355 
14 0.0199186998 0.0256360578 0.023432774 0.0329859598 0.0357391995 0.0354135086 0.0273542663 0.0500946047 0.0201760629 0.0660639581 0.0303665305 0.0476722762 0.0362894563 0.0108047777 0.0592578549 0.0362878724 0.0266905572 0.0257073295 0.0096380312 0.0407644983 0.0491734254 0.0413506763 0.0276789523 0.0202499575 0.0243633808 0.0362922477 0.0253151097 0.0383124576 0.0079770661 0.0341556435 0.0140998161 0.0207369912 
15 0.0001204002 0.0387233773 0.0267191199 0.0421302492 0.0553008013 0.0203706291 0.0094262773 0.0275111775 0.04032688 0.0032356519 0.033422191 0.040517893 0.0173070324 0.0592578549 0.0355387009 0.0173960388 0.0151049814 0.0235632032 0.0400227303 0.0153059172 0.0196218961 0.0302768848 0.0138948909 0.0279484855 0.0320016376 0.0326318657 0.0349385461 0.0539383029 0.0255529129 0.0452345118 0.0570117358 0.0656472231 
16 0.042727051 0.0185758278 0.0461065246 0.0444743769 0.0322396546 0.0386140719 0.0280842928 0.0109292622 0.0343392215 0.019609672 0.0026993047 0.0218557039 0.0315474295 0.0362878724 0.0173960388 0.0375530785 0.0213660972 0.0473186423 0.0171415879 0.0426884137 0.0399019797 0.0063180906 0.0403407551 0.0416303424 0.0127262712 0.0236655842 0.0317749859 0.0082494338 0.0429217163 0.0445940925 0.0715120703 0.0448105537 
17 0.0420287863 0.0197915514 0.024162574 0.0629626352 0.0198509971 0.0413364688 0.052059402 0.0168323984 0.0516907843 0.0395430686 0.0258130165 0.035640087 0.0240090079 0.0266905572 0.0151049814 0.0213660972 0.0388131624 0.0219897942 0.0480453112 0.0409267798 0.0277839816 0.0298148702 0.0145964719 0.0183906451 0.0287104334 0.0237178812 0.0461906222 0.0253899426 0.0173517054 0.0469578543 0.0379867913 0.0144513399 
18 0.0282202863 0.0769709675 0.0257549106 0.0159014052 0.0109463564 0.0546751014 0.0372982458 0.0275678341 0.0223071745 0.025085421 0.0275895901 0.0209216209 0.0319851155 0.0257073295 0.0235632032 0.0473186423 0.0219897942 0.0417616991 0.0402317688 0.0021696107 0.0251755152 0.0456640426 0.0253730687 0.0602319471 0.0497582857 0.0324686587 0.0330634679 0.0312737682 0.020639996 0.0234665857 0.0319566469 0.0129619402 
19 0.0269574114 0.0212485924 0.0514880522 0.0279477768 0.0218381604 0.0178901693 0.0 0.0227701898 0.0051825281 0.0410944014 0.0332768605 0.0334702891 0.0251964598 0.0096380312 0.0400227303 0.0171415879 0.0480453112 0.0402317688 0.0366644236 0.028649158 0.0339217607 0.015440115 0.0221061149 0.0741721736 0.0606626375 0.018832248 0.0402196266 0.0306079496 0.0143494341 0.0432252697 0.0204897447 0.0772190235 
20 0.0428206892 0.0432926684 0.0412057998 0.0168013583 0.0229118793 0.0375089385 0.0164567659 0.0351280074 0.031754047 0.0116310979 0.0314881345 0.0449488079 0.034313486 0.0407644983 0.0153059172 0.0426884137 0.0409267798 0.0021696107 0.028649158 0.0658948739 0.0550515103 0.0261803175 0.0444293352 0.0361521237 0.0150785657 0.0191919865 0.0224749325 0.0381508062 0.0242056255 0.0291630414 0.0109070843 0.0323537395 
21 0.0362657813 0.0232418921 0.0236599744 0.0289723456 0.0096882342 0.0097341686 0.0481588091 0.0640865166 0.0192771574 0.050435381 0.0300015057 0.0196294739 0.0449454494 0.0491734254 0.0196218961 0.0399019797 0.0277839816 0.0251755152 0.0339217607 0.0550515103 0.0504322875 0.0310873629 0.0130180494 0.0384772602 0.0050292198 0.0291495825 0.0219940599 0.0093228628 0.0604829842 0.0495586498 0.008795347 0.0239255758 
22 0.0228406791 0.0217889536 0.0341461905 0.0079869485 0.0270574564 0.0314677992 0.0377844045 0.0520066474 0.0214839234 0.0201679981 0.0644832887 0.050771739 0.030891478 0.0413506763 0.0302768848 0.0063180906 0.0298148702 0.0456640426 0.015440115 0.0261803175 0.0310873629 0.0273301371 0.0456798174 0.0304137426 0.0184066917 0.0354111208 0.0195517539 0.0322114399 0.0455661626 0.0568843319 0.0213348633 0.0182000723 
23 0.0481831562 0.0330034494 0.0290767278 0.0364994159 0.036577121 0.0398783232 0.0465285205 0.0192470098 0.0503059782 0.0063333594 0.0182817147 0.0292751266 0.062311115 0.0276789523 0.0138948909 0.0403407551 0.0145964719 0.0253730687 0.0221061149 0.0444293352 0.0130180494 0.0456798174 0.0085373122 0.0274707393 0.0144553038 0.0135615217 0.0420123309 0.0154636122 0.0464598995 0.0477106066 0.0402604838 0.0414497166 
24 0.0108368595 0.0068353186 0.0310309179 0.019743568 0.0277150735 0.0209476008 0.0254932332 0.0315218473 0.0213443452 0.0379256671 0.0188259985 0.0133771111 0.0590044391 0.0202499575 0.0279484855 0.0416303424 0.0183906451 0.0602319471 0.0741721736 0.0361521237 0.0384772602 0.0304137426 0.0274707393 0.0142848192 0.030083457 0.0168136451 0.0518086834 0.0765920079 0.0262935183 0.0344020978 0.0290447518 0.0209376225 
25 0.041714173 0.0285335228 0.0166879606 0.0484423606 0.0106252671 0.02000331 0.0257870234 0.047941986 0.0351163508 0.0423391344 0.0587879306 0.0353323988 0.0162442126 0.0243633808 0.0320016376 0.0127262712 0.0287104334 0.0497582857 0.0606626375 0.0150785657 0.0050292198 0.0184066917 0.0144553038 0.030083457 0.0 0.0638159356 0.040296136 0.0393655656 0.0367709233 0.0421731756 0.025188961 0.0335577878 
26 0.0338106385 0.0389000627 0.0152849827 0.0343337908 0.0514516721 0.0379242688 0.0184227644 0.0273062154 0.0422331002 0.0448099111 0.0456053766 0.0234630648 0.0348942836 0.0362922477 0.0326318657 0.0236655842 0.0237178812 0.0324686587 0.018832248 0.0191919865 0.0291495825 0.0354111208 0.0135615217 0.0168136451 0.0638159356 0.0369355392 0.0167792132 0.0138665531 0.0328712027 0.0255529186 0.0335840452 0.0464181185 
27 0.0242305577 0.0453943723 0.0125188789 0.0489211775 0.038650567 0.0342978986 0.0398581931 0.0156788653 0.0094504204 0.0473080922 0.0386612677 0.0152362196 0.0199348904 0.0253151097 0.0349385461 0.0317749859 0.0461906222 0.0330634679 0.0402196266 0.0224749325 0.0219940599 0.0195517539 0.0420123309 0.0518086834 0.040296136 0.0167792132 0.0191372851 0.0253853074 0.0216366447 0.0434832925 0.033509173 0.0402874284 
28 0.0478117137 0.0471850573 0.0604770018 0.0118389953 0.0152091504 0.040163393 0.0168930712 0.0350923001 0.0581257165 0.0315880661 0.0297684421 0.0299146505 0.0115875431 0.0383124576 0.0539383029 0.0082494338 0.0253899426 0.0312737682 0.0306079496 0.0381508062 0.0093228628 0.0322114399 0.0154636122 0.0765920079 0.0393655656 0.0138665531 0.0253853074 0.0243521519 0.0196024082 0.0181408642 0.0350539218 0.0290655429 
29 0.0366365538 0.046091164 0.0402572727 0.0443005957 0.0084155376 0.0249719019 0.0293925731 0.0333438649 0.0422605319 0.0186772905 0.0433606624 0.0275847558 0.019593118 0.0079770661 0.0255529129 0.0429217163 0.0173517054 0.020639996 0.0143494341 0.0242056255 0.0604829842 0.0455661626 0.0464598995 0.0262935183 0.0367709233 0.0328712027 0.0216366447 0.0196024082 0.0526490294 0.0293095358 0.0343304298 0.0261429828 
30 0.0245342322 0.0087246203 0.0200259261 0.0235710253 0.0565518687 0.0215313106 0.0162154553 0.0227352938 0.0294678095 0.0342434136 0.0271546285 0.0221684949 0.0355082016 0.0341556435 0.0452345118 0.0445940925 0.0469578543 0.0234665857 0.0432252697 0.0291630414 0.0495586498 0.0568843319 0.0477106066 0.0344020978 0.0421731756 0.0255529186 0.0434832925 0.0181408642 0.0293095358 0.0 0.021565618 0.02198963 
31 0.0318986595 0.0040510324 0.0395234044 0.0384951373 0.0425153542 0.0177112173 0.0244301376 0.0373566255 0.0206136623 0.0213205321 0.0366526072 0.0294127665 0.0184023765 0.0140998161 0.0570117358 0.0715120703 0.0379867913 0.0319566469 0.0204897447 0.0109070843 0.008795347 0.0213348633 0.0402604838 0.0290447518 0.025188961 0.0335840452 0.033509173 0.0350539218 0.0343304298 0.021565618 0.0583493454 0.0526356577 
32 0.0192236426 0.0437364304 0.0128967109 0.0134197842 0.0312969873 0.0330792542 0.0318068506 0.0428139802 0.0312548301 0.0122191093 0.0182441712 0.0478708317 0.0263135355 0.0207369912 0.0656472231 0.0448105537 0.0144513399 0.0129619402 0.0772190235 0.0323537395 0.0239255758 0.0182000723 0.0414497166 0.0209376225 0.0335577878 0.0464181185 0.0402874284 0.0290655429 0.0261429828 0.02198963 0.0526356577 0.0130329354 
