32
1 0.0254224351 0.0265152699 0.0197641194 0.0372867133 0.0017632988 0.0229412617 0.0366937585 0.0255544259 0.0264454283 0.0226920803 0.0332918404 0.0333451543 0.0356674655 0.0392121648 0.0185673072 0.0179478545 0.0437954979 0.0452813382 0.0480955907 0.0529008035 0.0284855479 0.0351822131 0.0329326514 0.0233332344 0.0198653971 0.010908055 0.0505658431 0.0560342491 0.0218345684 0.0460726375 0.0415489313 0.0200528635 
2 0.0265152699 0.0870161571 0.0168833505 0.0191566086 0.0607729217 0.0139766314 0.0478330807 0.0374141289 0.0123504255 0.0610234571 0.0595024366 0.0146467277 0.0332641853 0.0189660424 0.0114608319 0.0053644031 0.0616064677 0.0195583317 0.0004302498 0.0242862365 0.0316980478 0.0106607604 0.0619852998 0.0237673976 0.0123497175 0.0676900624 0.0378809164 0.0209262653 0.0134528014 0.0411392049 0.0253372473 0.021084335 
3 0.0197641194 0.0168833505 0.0688673057 0.0477048725 0.0329030998 0.0352353223 0.0500670815 0.040447955 0.0186296728 0.0393504829 0.0319477459 0.0195324297 0.0220183976 0.0573268993 0.03846948 0.0239278311 0.0183500011 0.0443890637 0.0148822078 0.02689698 0.0273336317 0.0473224184 0.0178376521 0.0345675157 0.0372722361 0.0277769924 0.0254920291 0.0364393095 0.0113696864 0.0111514134 0.0380474935 0.0177953232 
4 0.0372867133 0.0191566086 0.0477048725 0.0144486497 0.0361350883 0.0248874554 0.0407605112 0.0338388025 0.0208376239 0.0417233679 0.0278286524 0.0480240926 0.0156885093 0.0285776107 0.0429797687 0.0326383608 0.0280315305 0.053362475 0.025329449 0.0570772402 0.0460671702 0.0095801275 0.0154896599 0.0409567034 0.0227009314 0.0312740917 0.0158396851 0.0405684583 0.0302350113 0.0258740848 0.0154774299 0.0296192639 
5 0.0017632988 0.0607729217 0.0329030998 0.0361350883 0.0471781589 0.0239216177 0.0327824187 0.0439199146 0.0368411338 0.0231818919 0.0628450854 0.025413964 0.0383932373 0.032276213 0.0180702839 0.0405519859 0.0230941836 0.0341325902 0.0266640409 0.0285090147 0.0325781041 0.0371413368 0.0468528759 0.0159171235 0.0324424348 0.0195453757 0.0157064687 0.0145204111 0.0197504828 0.0231071277 0.0555701345 0.0175179815 
6 0.0229412617 0.0139766314 0.0352353223 0.0248874554 0.0239216177 0.058241016 0.0177628687 0.0449133919 0.0497212983 0.0510348651 0.0142706755 0.0247206742 0.0377006699 0.0287282236 0.0144777039 0.0148930202 0.017395581 0.0260330771 0.0202252255 0.0140734255 0.0453970006 0.0445291701 0.0342631616 0.0276411515 0.0358680931 0.0541190109 0.0192631319 0.0297316994 0.0356249879 0.0537864532 0.0365541692 0.0280679658 
7 0.0366937585 0.0478330807 0.0500670815 0.0407605112 0.0327824187 0.0177628687 0.0080109955 0.0189977805 0.0235337399 0.0425935608 0.0187479606 0.0289140822 0.0681515611 0.0386794175 0.0323338477 0.0131237792 0.0214462657 0.0253322396 0.0062769344 0.0346189825 0.0442122322 0.0196022419 0.0482320605 0.0217517888 0.0456718346 0.0181707803 0.0193036865 0.0211194587 0.0410034213 0.0231520226 0.0247127415 0.0664068647 
8 0.0255544259 0.0374141289 0.040447955 0.0338388025 0.0439199146 0.0449133919 0.0189977805 0.0108303431 0.0495819105 0.0366672652 0.0158406409 0.0183641101 0.0222490896 0.0339963203 0.0418669825 0.0365014482 0.0193266573 0.0237561787 0.0385499864 0.012465303 0.0272591838 0.0563295914 0.0329318147 0.0199101182 0.0187270519 0.036383082 0.0149303136 0.0307264262 0.0538664621 0.0395825034 0.0274974586 0.0367733592 
9 0.0264454283 0.0123504255 0.0186296728 0.0208376239 0.0368411338 0.0497212983 0.0235337399 0.0495819105 0.0339356432 0.0461698309 0.0391089299 0.0086816968 0.02584213 0.027539273 0.0305953594 0.0555131678 0.0319030914 0.0122222108 0.0325216054 0.0197036949 0.0187130936 0.0305523414 0.0146266456 0.0460851212 0.0325536174 0.0315919463 0.0229434777 0.0262928676 0.0417364458 0.01859971 0.0408507925 0.0737760741 
10 0.0226920803 0.0610234571 0.0393504829 0.0417233679 0.0231818919 0.0510348651 0.0425935608 0.0366672652 0.0461698309 0.0165306059 0.0131662624 0.0230861632 0.0157734582 0.0387018818 0.0479362457 0.0361220256 0.0246319148 0.018195099 0.016038048 0.0196651423 0.0506854698 0.0238150883 0.018065151 0.0171405587 0.0592132861 0.0470618569 0.0284339968 0.0448228105 0.0274761156 0.0072878716 0.0125573258 0.0291568195 
11 0.0332918404 0.0595024366 0.0319477459 0.0278286524 0.0628450854 0.0142706755 0.0187479606 0.0158406409 0.0391089299 0.0131662624 0.0265035444 0.0356137369 0.0385000831 0.0262960862 0.0212065539 0.0279885589 0.048029579 0.0345323703 0.0233612575 0.0207516239 0.0258432839 0.0437334025 0.02814985 0.0252671909 0.0411343227 0.0163850416 0.0306996033 0.0609323297 0.015997767 0.0359686402 0.0422317725 0.0143231715 
12 0.0333451543 0.0146467277 0.0195324297 0.0480240926 0.025413964 0.0247206742 0.0289140822 0.0183641101 0.0086816968 0.0230861632 0.0356137369 0.0468738812 0.0155231598 0.0363171329 0.0473104723 0.0360493141 0.0346952041 0.040720638 0.0552794057 0.0294455967 0.0281123451 0.0317921725 0.0600018922 0.0535952378 0.0235471122 0.0046329867 0.0399137646 0.0403328647 0.0181933457 0.005838388 0.0374514014 0.0340308526 
13 0.0356674655 0.0332641853 0.0220183976 0.0156885093 0.0383932373 0.0377006699 0.0681515611 0.0222490896 0.02584213 0.0157734582 0.0385000831 0.0155231598 0.0327216264 0.030804574 0.0567595378 0.026892558 0.06330616 0.0294683421 0.0259334986 0.0149310196 0.021673536 0.0282565613 0.0151867966 0.0477121302 0.0519819082 0.0474564581 0.0278878547 0.0274601779 0.0328262287 0.0337455645 0.0043159366 0.011907584 
14 0.0392121648 0.0189660424 0.0573268993 0.0285776107 0.032276213 0.0287282236 0.0386794175 0.0339963203 0.027539273 0.0387018818 0.0262960862 0.0363171329 0.030804574 0.0026637628 0.0548563879 0.0445040017 0.0166658553 0.0358124855 0.026007648 0.0358031003 0.017739737 0.0188280032 0.0297375988 0.0209316704 0.0039620407 0.0263112344 0.0645238176 0.0162145455 0.0609051229 0.0394819873 0.0373492222 0.0102799389 
15 0.0185673072 0.0114608319 0.03846948 0.0429797687 0.0180702839 0.0144777039 0.0323338477 0.0418669825 0.0305953594 0.0479362457 0.0212065539 0.0473104723 0.0567595378 0.0548563879 0.0217214341 0.0220719444 0.0210863425 0.0408346494 0.0299168205 0.0441379756 0.0207240183 0.0369514005 0.0276514058 0.037306103 0.0177175028 0.0349286668 0.0281040949 0.0247470847 0.039981701 0.0270010315 0.0334360493 0.014791012 
16 0.0179478545 0.0053644031 0.0239278311 0.0326383608 0.0405519859 0.0148930202 0.0131237792 0.0365014482 0.0555131678 0.0361220256 0.0279885589 0.0360493141 0.026892558 0.0445040017 0.0220719444 0.0620093617 0.027800586 0.0370335589 0.0240217966 0.0346860188 0.0193291737 0.0266705404 0.041700933 0.0514172131 0.0397273532 0.0429222055 0.0149329082 0.0349106818 0.0135630004 0.0383546665 0.028078607 0.0287511418 
17 0.0437954979 0.0616064677 0.0183500011 0.0280315305 0.0230941836 0.017395581 0.0214462657 0.0193266573 0.0319030914 0.0246319148 0.048029579 0.0346952041 0.06330616 0.0166658553 0.0210863425 0.027800586 0.0487791043 0.0440906151 0.0294025968 0.0238135413 0.0511321095 0.0259816263 0.0173123848 0.0393556185 0.0146698027 0.035073581 0.0259708135 0.0290571857 0.0175564769 0.0267685557 0.0388981181 0.0309729521 
18 0.0452813382 0.0195583317 0.0443890637 0.053362475 0.0341325902 0.0260330771 0.0253322396 0.0237561787 0.0122222108 0.018195099 0.0345323703 0.040720638 0.0294683421 0.0358124855 0.0408346494 0.0370335589 0.0440906151 0.0164120818 0.0501047341 0.0300690702 0.0186673422 0.0345827535 0.0168539386 0.0237401633 0.0241960792 0.0154151104 0.0506601975 0.0237383761 0.0117326199 0.0417526994 0.0409686671 0.0363509033 
19 0.0480955907 0.0004302498 0.0148822078 0.025329449 0.0266640409 0.0202252255 0.0062769344 0.0385499864 0.0325216054 0.016038048 0.0233612575 0.0552794057 0.0259334986 0.026007648 0.0299168205 0.0240217966 0.0294025968 0.0501047341 0.0203469466 0.0312745397 0.0389084249 0.0090725841 0.0275640329 0.020220143 0.0407558834 0.0287931743 0.0590939675 0.0339126293 0.0388374439 0.0360976534 0.0493239835 0.0727574979 
20 0.0529008035 0.0242862365 0.02689698 0.0570772402 0.0285090147 0.0140734255 0.0346189825 0.012465303 0.0197036949 0.0196651423 0.0207516239 0.0294455967 0.0149310196 0.0358031003 0.0441379756 0.0346860188 0.0238135413 0.0300690702 0.0312745397 0.0345426097 0.0306139442 0.0338235247 0.0356655074 0.0183435222 0.0591396395 0.0237407104 0.0229976799 0.0300152337 0.0479957243 0.0339680745 0.0335262081 0.0405183123 
21 0.0284855479 0.0316980478 0.0273336317 0.0460671702 0.0325781041 0.0453970006 0.0442122322 0.0272591838 0.0187130936 0.0506854698 0.0258432839 0.0281123451 0.021673536 0.017739737 0.0207240183 0.0193291737 0.0511321095 0.0186673422 0.0389084249 0.0306139442 0.032125122 0.0415582708 0.0409035284 0.0452489832 0.0205452294 0.0282098177 0.0313608269 0.0480165974 0.0254850922 0.0364003114 0.0148930094 0.0100798146 
22 0.0351822131 0.0106607604 0.0473224184 0.0095801275 0.0371413368 0.0445291701 0.0196022419 0.0563295914 0.0305523414 0.0238150883 0.0437334025 0.0317921725 0.0282565613 0.0188280032 0.0369514005 0.0266705404 0.0259816263 0.0345827535 0.0090725841 0.0338235247 0.0415582708 0.0451420832 0.0214495519 0.0200132187 0.0333814249 0.056683558 0.0155456265 0.0240167693 0.0345076508 0.0449951491 0.0380130062 0.0202858323 
23 0.0329326514 0.0619852998 0.0178376521 0.0154896599 0.0468528759 0.0342631616 0.0482320605 0.0329318147 0.0146266456 0.018065151 0.02814985 0.0600018922 0.0151867966 0.0297375988 0.0276514058 0.041700933 0.0173123848 0.0168539386 0.0275640329 0.0356655074 0.0409035284 0.0214495519 0.0105624955 0.0419693006 0.0649713599 0.0088478212 0.0168366691 0.0208760463 0.0256709843 0.0440108272 0.0442923214 0.0365677818 
24 0.0233332344 0.0237673976 0.0345675157 0.0409567034 0.0159171235 0.0276411515 0.0217517888 0.0199101182 0.0460851212 0.0171405587 0.0252671909 0.0535952378 0.0477121302 0.0209316704 0.037306103 0.0514172131 0.0393556185 0.0237401633 0.020220143 0.0183435222 0.0452489832 0.0200132187 0.0419693006 0.0467510345 0.0368829943 0.0134199529 0.0521432549 0.0379309715 0.0438362274 0.0090183935 0.015743036 0.0280829273 
25 0.0198653971 0.0123497175 0.0372722361 0.0227009314 0.0324424348 0.0358680931 0.0456718346 0.0187270519 0.0325536174 0.0592132861 0.0411343227 0.0235471122 0.0519819082 0.0039620407 0.0177175028 0.0397273532 0.0146698027 0.0241960792 0.0407558834 0.0591396395 0.0205452294 0.0333814249 0.0649713599 0.0368829943 0.0232070632 0.0206246256 0.0256964037 0.0293435633 0.0449280404 0.0214756604 0.0146844422 0.0307629481 
26 0.010908055 0.0676900624 0.0277769924 0.0312740917 0.0195453757 0.0541190109 0.0181707803 0.036383082 0.0315919463 0.0470618569 0.0163850416 0.0046329867 0.0474564581 0.0263112344 0.0349286668 0.0429222055 0.035073581 0.0154151104 0.0287931743 0.0237407104 0.0282098177 0.056683558 0.0088478212 0.0134199529 0.0206246256 0.0652582838 0.0325091389 0.0399400929 0.047720781 0.0100192355 0.0361748178 0.0204114518 
27 0.0505658431 0.0378809164 0.0254920291 0.0158396851 0.0157064687 0.0192631319 0.0193036865 0.0149303136 0.0229434777 0.0284339968 0.0306996033 0.0399137646 0.0278878547 0.0645238176 0.0281040949 0.0149329082 0.0259708135 0.0506601975 0.0590939675 0.0229976799 0.0313608269 0.0155456265 0.0168366691 0.0521432549 0.0256964037 0.0325091389 0.0299453869 0.0555836092 0.0389288176 0.0309140407 0.0121511752 0.0432407999 
28 0.0560342491 0.0209262653 0.0364393095 0.0405684583 0.0145204111 0.0297316994 0.0211194587 0.0307264262 0.0262928676 0.0448228105 0.0609323297 0.0403328647 0.0274601779 0.0162145455 0.0247470847 0.0349106818 0.0290571857 0.0237383761 0.0339126293 0.0300152337 0.0480165974 0.0240167693 0.0208760463 0.0379309715 0.0293435633 0.0399400929 0.0555836092 0.0017034461 0.0195971657 0.0159920673 0.0293786357 0.0351179705 
29 0.0218345684 0.0134528014 0.0113696864 0.0302350113 0.0197504828 0.0356249879 0.0410034213 0.0538664621 0.0417364458 0.0274761156 0.015997767 0.0181933457 0.0328262287 0.0609051229 0.039981701 0.0135630004 0.0175564769 0.0117326199 0.0388374439 0.0479957243 0.0254850922 0.0345076508 0.0256709843 0.0438362274 0.0449280404 0.047720781 0.0389288176 0.0195971657 0.0279682144 0.0366027411 0.0342365153 0.0265783561 
30 0.0460726375 0.0411392049 0.0111514134 0.0258740848 0.0231071277 0.0537864532 0.0231520226 0.0395825034 0.01859971 0.0072878716 0.0359686402 0.005838388 0.0337455645 0.0394819873 0.0270010315 0.0383546665 0.0267685557 0.0417526994 0.0360976534 0.0339680745 0.0364003114 0.0449951491 0.0440108272 0.0090183935 0.0214756604 0.0100192355 0.0309140407 0.0159920673 0.0366027411 0.0578871408 0.0471136888 0.036840454 
31 0.0415489313 0.0253372473 0.0380474935 0.0154774299 0.0555701345 0.0365541692 0.0247127415 0.0274974586 0.0408507925 0.0125573258 0.0422317725 0.0374514014 0.0043159366 0.0373492222 0.0334360493 0.028078607 0.0388981181 0.0409686671 0.0493239835 0.0335262081 0.0148930094 0.0380130062 0.0442923214 0.015743036 0.0146844422 0.0361748178 0.0121511752 0.0293786357 0.0342365153 0.0471136888 0.012786025 0.0367996372 
32 0.0200528635 0.021084335 0.0177953232 0.0296192639 0.0175179815 0.0280679658 0.0664068647 0.0367733592 0.0737760741 0.0291568195 0.0143231715 0.0340308526 0.011907584 0.0102799389 0.014791012 0.0287511418 0.0309729521 0.0363509033 0.0727574979 0.0405183123 0.0100798146 0.0202858323 0.0365677818 0.0280829273 0.0307629481 0.0204114518 0.0432407999 0.0351179705 0.0265783561 0.036840454 0.0367996372 0.0402978095 
