35
1 0.0 0.0068126347 0.0422845908 0.0074267595 0.0315584728 0.0344541094 0.0407637606 0.020420325 0.0500081112 0.0245982771 0.0342617791 0.0146895847 0.0106251649 0.0423004193 0.034972024 0.0199646206 0.0567996687 0.0157277221 0.020677827 0.0237756483 0.0241034182 0.03013756 0.013502453 0.0140674277 0.0322534483 0.0396197685 0.0411889308 0.0334381689 0.0646199801 0.0236756382 0.0148963378 0.0324409202 0.0462047464 0.0076325493 0.0500971527
2 0.0068126347 0.0 0.0329898467 0.0421305664 0.0306719815 0.040258683 0.0298445485 0.0275351035 0.0318367729 0.0345092173 0.0449404141 0.02870469 0.0217086389 0.0212277336 0.024351065 0.0308339465 0.0385234697 0.0123627963 0.0295976798 0.0362251286 0.0187402855 0.0019453342 0.0417225275 0.0227018125 0.0285440342 0.0424647106 0.0284229196 0.0260051409 0.0474744221 0.0269585811 0.0153867935 0.0286669386 0.0359961124 0.0342462153 0.0356592548
3 0.0422845908 0.0329898467 0.0 0.0380259848 0.0251930831 0.025249661 0.0420706128 0.0327227644 0.0339438706 0.0188438198 0.0089403205 0.0303182695 0.0203864882 0.0241944696 0.0156120076 0.0151429224 0.03541298 0.0311402756 0.0449248222 0.0483513487 0.0342862513 0.0303129774 0.041922985 0.0175213027 0.0124937131 0.0347924036 0.0214804928 0.0197547047 0.0222351942 0.0480128293 0.0325553743 0.0341879624 0.0265984154 0.031886972 0.0262102834
4 0.0074267595 0.0421305664 0.0380259848 0.0 0.0264808709 0.0416180693 0.0075433888 0.0146358105 0.0164605925 0.039728782 0.0470446484 0.0168594281 0.0374763242 0.0454138533 0.026799975 0.0347051415 0.0465868677 0.0436888304 0.0212192858 0.0167458039 0.0350427744 0.0193189948 0.028298859 0.050361933 0.0204577028 0.0244955384 0.0273304961 0.0328872556 0.0173068475 0.0285262737 0.0201375959 0.0461257283 0.0231215099 0.0403322992 0.0156652084
5 0.0315584728 0.0306719815 0.0251930831 0.0264808709 0.0 0.0382371491 0.0325128076 0.0415324142 0.0290212227 0.0285562995 0.0220433916 0.0421261966 0.0401489283 0.0309092347 0.0289094431 0.0298662009 0.026976844 0.0285823998 0.0070988817 0.0143251034 0.0343392772 0.0403075583 0.0250264249 0.0358768148 0.0202328104 0.0322445138 0.0187325843 0.0297471125 0.0538250274 0.0201420785 0.0321827315 0.0292595692 0.0093280973 0.0324019295 0.0316025449
6 0.0344541094 0.040258683 0.025249661 0.0416180693 0.0382371491 0.0 0.0295214816 0.0441666078 0.0024339657 0.0181358119 0.0119401572 0.0269779839 0.0435489947 0.0284360595 0.0202004503 0.0400100583 0.034163942 0.0383838981 0.0399345898 0.0525257225 0.0274822987 0.023561435 0.0271384237 0.0086504643 0.0432769504 0.0249817053 0.0316292417 0.0291310313 0.0098727721 0.0198703642 0.0073338934 0.0361524209 0.0353758583 0.0404012956 0.0249444499
7 0.0407637606 0.0298445485 0.0420706128 0.0075433888 0.0325128076 0.0295214816 0.0 0.0339556697 0.0230403646 0.024103617 0.0321231556 0.0407651347 0.0348121238 0.0181120002 0.0405907963 0.0262659206 0.0087766332 0.016966404 0.0207633047 0.0487966342 0.0244109458 0.0508173346 0.0237355795 0.0403293614 0.0413058437 0.0040929929 0.0240908109 0.0303173364 0.0233954814 0.0255122826 0.0366220528 0.0397384011 0.0126503889 0.0505764314 0.0210763985
8 0.020420325 0.0275351035 0.0327227644 0.0146358105 0.0415324142 0.0441666078 0.0339556697 0.0 0.0187659674 0.0180975271 0.036646256 0.030038463 0.0190659303 0.0534026782 0.0169606348 0.0311710845 0.0153503128 0.0251848258 0.0458151667 0.0466395955 0.0146458176 0.0347512166 0.0312870341 0.0209017089 0.0277510558 0.0381363465 0.0077655264 0.0312363952 0.010163504 0.0546948433 0.0451837735 0.0170380376 0.0290178069 0.0354206207 0.0298991759
9 0.0500081112 0.0318367729 0.0339438706 0.0164605925 0.0290212227 0.0024339657 0.0230403646 0.0187659674 0.0 0.0066428384 0.0115639128 0.0330116332 0.022270765 0.0446313339 0.0472992836 0.0248712551 0.0379856314 0.0132565031 0.0371770801 0.0530243161 0.0309570448 0.0347856252 0.0288599559 0.0310838128 0.0328231782 0.0211082051 0.0489618981 0.0272929288 0.0242617585 0.033125192 0.0358519981 0.0502933535 0.0343035788 0.0151650526 0.0138809972
10 0.0245982771 0.0345092173 0.0188438198 0.039728782 0.0285562995 0.0181358119 0.024103617 0.0180975271 0.0066428384 0.0 0.0387267316 0.019473484 0.0249249889 0.012075504 0.0461342538 0.0231975252 0.0362564881 0.0090600635 0.0284543157 0.0190773964 0.0503252184 0.0286827852 0.0264086666 0.0138475677 0.0334904349 0.0516395841 0.043741887 0.035654593 0.0573109941 0.0284289772 0.0240901249 0.0451015812 0.0255026894 0.042491147 0.022686808
11 0.0342617791 0.0449404141 0.0089403205 0.0470446484 0.0220433916 0.0119401572 0.0321231556 0.036646256 0.0115639128 0.0387267316 0.0 0.0199898439 0.0049664559 0.0174967026 0.03566819 0.0083107659 0.0493757455 0.0454961133 0.0278314477 0.0294629019 0.0306027886 0.0167589556 0.0375164175 0.0244947023 0.0276493387 0.0300422252 0.0318237829 0.0504322356 0.0479318928 0.0308915523 0.0522677029 0.036545119 0.0239418103 0.021600479 0.0106720636
12 0.0146895847 0.02870469 0.0303182695 0.0168594281 0.0421261966 0.0269779839 0.0407651347 0.030038463 0.0330116332 0.019473484 0.0199898439 0.0 0.0114901433 0.0179068253 0.0303363408 0.03270682 0.0224727848 0.0573250158 0.0438792942 0.0191137444 0.050098402 0.0367864961 0.0380148064 0.0262039517 0.0429307227 0.0282827279 0.0359188554 0.0314982644 0.0218363151 0.0213670096 0.0259266645 0.0303421226 0.043745029 0.0093133082 0.0195496443
13 0.0106251649 0.0217086389 0.0203864882 0.0374763242 0.0401489283 0.0435489947 0.0348121238 0.0190659303 0.022270765 0.0249249889 0.0049664559 0.0114901433 0.0 0.0438646511 0.0410295604 0.044530652 0.0432030803 0.0294574854 0.0375182555 0.0352985486 0.0414797101 0.0255326622 0.0328266663 0.0142477846 0.046761321 0.0259471247 0.0045355623 0.0221022014 0.0168796099 0.0437982011 0.0334776155 0.0314931051 0.0408793278 0.0248364786 0.0288754496
14 0.0423004193 0.0212277336 0.0241944696 0.0454138533 0.0309092347 0.0284360595 0.0181120002 0.0534026782 0.0446313339 0.012075504 0.0174967026 0.0179068253 0.0438646511 0.0 0.0282196709 0.0077116989 0.0320856787 0.0396587078 0.0312537286 0.0125770228 0.0430765461 0.0138038438 0.0274477054 0.0347627552 0.0328645408 0.0186095876 0.0358480649 0.0409559484 0.0112306007 0.0037834006 0.037966825 0.0252696846 0.0319066579 0.0418818198 0.0491140461
15 0.034972024 0.024351065 0.0156120076 0.026799975 0.0289094431 0.0202004503 0.0405907963 0.0169606348 0.0472992836 0.0461342538 0.03566819 0.0303363408 0.0410295604 0.0282196709 0.0 0.0160770209 0.0193366581 0.0076037912 0.015881866 0.0384513004 0.0368098666 0.03323979 0.0416267471 0.0260821159 0.0186085459 0.0184000424 0.0282191642 0.0318104373 0.0498602449 0.0300299361 0.02804261 0.0377495895 0.0336067638 0.0239317656 0.0275480486
16 0.0199646206 0.0308339465 0.0151429224 0.0347051415 0.0298662009 0.0400100583 0.0262659206 0.0311710845 0.0248712551 0.0231975252 0.0083107659 0.03270682 0.044530652 0.0077116989 0.0160770209 0.0 0.0151432604 0.0221300628 0.0291334841 0.0237574016 0.043015925 0.0474988714 0.0482192362 0.0325060865 0.035955827 0.0171748827 0.0493466278 0.0318461685 0.0108948096 0.0156358344 0.0271185557 0.0526394792 0.0292730922 0.0376293262 0.0457154354
17 0.0567996687 0.0385234697 0.03541298 0.0465868677 0.026976844 0.034163942 0.0087766332 0.0153503128 0.0379856314 0.0362564881 0.0493757455 0.0224727848 0.0432030803 0.0320856787 0.0193366581 0.0151432604 0.0 0.0244301706 0.0172691484 0.0333125871 0.0431138518 0.0128230314 0.0316512973 0.0285579297 0.0275080691 0.0378220466 0.0339542649 0.0287689763 0.0227660303 0.0086756839 0.0321387746 0.0124935331 0.0309369546 0.0246872862 0.030640319
18 0.0157277221 0.0123627963 0.0311402756 0.0436888304 0.0285823998 0.0383838981 0.016966404 0.0251848258 0.0132565031 0.0090600635 0.0454961133 0.0573250158 0.0294574854 0.0396587078 0.0076037912 0.0221300628 0.0244301706 0.0 0.0526508775 0.0531162035 0.0230508416 0.0393195968 0.0199467175 0.0315876125 0.0168003848 0.045894176 0.0261700585 0.038600908 0.0210264574 0.0127965146 0.024166853 0.0287888718 0.0483475085 0.0352275914 0.0220537613
19 0.020677827 0.0295976798 0.0449248222 0.0212192858 0.0070988817 0.0399345898 0.0207633047 0.0458151667 0.0371770801 0.0284543157 0.0278314477 0.0438792942 0.0375182555 0.0312537286 0.015881866 0.0291334841 0.0172691484 0.0526508775 0.0 0.021538277 0.0483223737 0.0401020999 0.0156653166 0.0439475543 0.0362106256 0.0054041225 0.0214437697 0.0282937224 0.032556079 0.045158547 0.0074185695 0.0033165877 0.0375279936 0.0451758444 0.016837462
20 0.0237756483 0.0362251286 0.0483513487 0.0167458039 0.0143251034 0.0525257225 0.0487966342 0.0466395955 0.0530243161 0.0190773964 0.0294629019 0.0191137444 0.0352985486 0.0125770228 0.0384513004 0.0237574016 0.0333125871 0.0531162035 0.021538277 0.0 0.0116767914 0.0372942828 0.0337911969 0.0253615534 0.029829173 0.0178965425 0.0237155218 0.020193995 0.0096960889 0.0234074711 0.0193765086 0.0246864729 0.0196049002 0.0475223208 0.0298324955
21 0.0241034182 0.0187402855 0.0342862513 0.0350427744 0.0343392772 0.0274822987 0.0244109458 0.0146458176 0.0309570448 0.0503252184 0.0306027886 0.050098402 0.0414797101 0.0430765461 0.0368098666 0.043015925 0.0431138518 0.0230508416 0.0483223737 0.0116767914 0.0 0.0107502435 0.0130519995 0.0180192521 0.0114111059 0.0346903801 0.0264062676 0.0183445396 0.0390841282 0.0391096164 0.0262572858 0.0123632405 0.0184461863 0.0313573579 0.0351279681
22 0.03013756 0.0019453342 0.0303129774 0.0193189948 0.0403075583 0.023561435 0.0508173346 0.0347512166 0.0347856252 0.0286827852 0.0167589556 0.0367864961 0.0255326622 0.0138038438 0.03323979 0.0474988714 0.0128230314 0.0393195968 0.0401020999 0.0372942828 0.0107502435 0.0 0.0531111709 0.0257655285 0.0177699953 0.0313476492 0.0253838633 0.0104176494 0.0201077276 0.0366324257 0.0414766553 0.0417280827 0.0313613016 0.0134518594 0.0429153959
23 0.013502453 0.0417225275 0.041922985 0.028298859 0.0250264249 0.0271384237 0.0237355795 0.0312870341 0.0288599559 0.0264086666 0.0375164175 0.0380148064 0.0328266663 0.0274477054 0.0416267471 0.0482192362 0.0316512973 0.0199467175 0.0156653166 0.0337911969 0.0130519995 0.0531111709 0.0 0.0354410929 0.0268299538 0.026939991 0.0036760673 0.0374064596 0.0445148593 0.0093013499 0.0344392951 0.0061970322 0.038521199 0.0387273485 0.0172331646
24 0.0140674277 0.0227018125 0.0175213027 0.050361933 0.0358768148 0.0086504643 0.0403293614 0.0209017089 0.0310838128 0.0138475677 0.0244947023 0.0262039517 0.0142477846 0.0347627552 0.0260821159 0.0325060865 0.0285579297 0.0315876125 0.0439475543 0.0253615534 0.0180192521 0.0257655285 0.0354410929 0.0 0.0272691993 0.0324270885 0.0532462746 0.0326939665 0.0393067254 0.0411710469 0.0237253176 0.0332469541 0.0215738134 0.0446101957 0.0284092925
25 0.0322534483 0.0285440342 0.0124937131 0.0204577028 0.0202328104 0.0432769504 0.0413058437 0.0277510558 0.0328231782 0.0334904349 0.0276493387 0.0429307227 0.046761321 0.0328645408 0.0186085459 0.035955827 0.0275080691 0.0168003848 0.0362106256 0.029829173 0.0114111059 0.0177699953 0.0268299538 0.0272691993 0.0 0.0400030084 0.0223358367 0.0265357575 0.0181484653 0.0464768402 0.0250460374 0.0478183207 0.0269226391 0.0304340017 0.0252511184
26 0.0396197685 0.0424647106 0.0347924036 0.0244955384 0.0322445138 0.0249817053 0.0040929929 0.0381363465 0.0211082051 0.0516395841 0.0300422252 0.0282827279 0.0259471247 0.0186095876 0.0184000424 0.0171748827 0.0378220466 0.045894176 0.0054041225 0.0178965425 0.0346903801 0.0313476492 0.026939991 0.0324270885 0.0400030084 0.0 0.0200024099 0.0365294985 0.0349405462 0.0391853825 0.0459351742 0.018003821 0.0081291574 0.0332526543 0.0395639919
27 0.0411889308 0.0284229196 0.0214804928 0.0273304961 0.0187325843 0.0316292417 0.0240908109 0.0077655264 0.0489618981 0.043741887 0.0318237829 0.0359188554 0.0045355623 0.0358480649 0.0282191642 0.0493466278 0.0339542649 0.0261700585 0.0214437697 0.0237155218 0.0264062676 0.0253838633 0.0036760673 0.0532462746 0.0223358367 0.0200024099 0.0 0.0371578102 0.0402952369 0.0402948006 0.0258068804 0.037254926 0.0413754819 0.0193203595 0.023123325
28 0.0334381689 0.0260051409 0.0197547047 0.0328872556 0.0297471125 0.0291310313 0.0303173364 0.0312363952 0.0272929288 0.035654593 0.0504322356 0.0314982644 0.0221022014 0.0409559484 0.0318104373 0.0318461685 0.0287689763 0.038600908 0.0282937224 0.020193995 0.0183445396 0.0104176494 0.0374064596 0.0326939665 0.0265357575 0.0365294985 0.0371578102 0.0 0.0094895244 0.0333746657 0.0272857168 0.0114544432 0.0214648919 0.0338260524 0.0440514997
29 0.0646199801 0.0474744221 0.0222351942 0.0173068475 0.0538250274 0.0098727721 0.0233954814 0.010163504 0.0242617585 0.0573109941 0.0479318928 0.0218363151 0.0168796099 0.0112306007 0.0498602449 0.0108948096 0.0227660303 0.0210264574 0.032556079 0.0096960889 0.0390841282 0.0201077276 0.0445148593 0.0393067254 0.0181484653 0.0349405462 0.0402952369 0.0094895244 0.0 0.0255175002 0.0397078315 0.0373730799 0.0372048834 0.0048063034 0.0343590783
30 0.0236756382 0.0269585811 0.0480128293 0.0285262737 0.0201420785 0.0198703642 0.0255122826 0.0546948433 0.033125192 0.0284289772 0.0308915523 0.0213670096 0.0437982011 0.0037834006 0.0300299361 0.0156358344 0.0086756839 0.0127965146 0.045158547 0.0234074711 0.0391096164 0.0366324257 0.0093013499 0.0411710469 0.0464768402 0.0391853825 0.0402948006 0.0333746657 0.0255175002 0.0 0.0527707757 0.008852887 0.0207567748 0.013821802 0.0482429217
31 0.0148963378 0.0153867935 0.0325553743 0.0201375959 0.0321827315 0.0073338934 0.0366220528 0.0451837735 0.0358519981 0.0240901249 0.0522677029 0.0259266645 0.0334776155 0.037966825 0.02804261 0.0271185557 0.0321387746 0.024166853 0.0074185695 0.0193765086 0.0262572858 0.0414766553 0.0344392951 0.0237253176 0.0250460374 0.0459351742 0.0258068804 0.0272857168 0.0397078315 0.0527707757 0.0 0.0307169732 0.0334173488 0.0155531738 0.0257201792
32 0.0324409202 0.0286669386 0.0341879624 0.0461257283 0.0292595692 0.0361524209 0.0397384011 0.0170380376 0.0502933535 0.0451015812 0.036545119 0.0303421226 0.0314931051 0.0252696846 0.0377495895 0.0526394792 0.0124935331 0.0287888718 0.0033165877 0.0246864729 0.0123632405 0.0417280827 0.0061970322 0.0332469541 0.0478183207 0.018003821 0.037254926 0.0114544432 0.0373730799 0.008852887 0.0307169732 0.0 0.0350113757 0.0158373432 0.0218120422
33 0.0462047464 0.0359961124 0.0265984154 0.0231215099 0.0093280973 0.0353758583 0.0126503889 0.0290178069 0.0343035788 0.0255026894 0.0239418103 0.043745029 0.0408793278 0.0319066579 0.0336067638 0.0292730922 0.0309369546 0.0483475085 0.0375279936 0.0196049002 0.0184461863 0.0313613016 0.038521199 0.0215738134 0.0269226391 0.0081291574 0.0413754819 0.0214648919 0.0372048834 0.0207567748 0.0334173488 0.0350113757 0.0 0.0244787483 0.0234669567
34 0.0076325493 0.0342462153 0.031886972 0.0403322992 0.0324019295 0.0404012956 0.0505764314 0.0354206207 0.0151650526 0.042491147 0.021600479 0.0093133082 0.0248364786 0.0418818198 0.0239317656 0.0376293262 0.0246872862 0.0352275914 0.0451758444 0.0475223208 0.0313573579 0.0134518594 0.0387273485 0.0446101957 0.0304340017 0.0332526543 0.0193203595 0.0338260524 0.0048063034 0.013821802 0.0155531738 0.0158373432 0.0244787483 0.0 0.0381620671
35 0.0500971527 0.0356592548 0.0262102834 0.0156652084 0.0316025449 0.0249444499 0.0210763985 0.0298991759 0.0138809972 0.022686808 0.0106720636 0.0195496443 0.0288754496 0.0491140461 0.0275480486 0.0457154354 0.030640319 0.0220537613 0.016837462 0.0298324955 0.0351279681 0.0429153959 0.0172331646 0.0284092925 0.0252511184 0.0395639919 0.023123325 0.0440514997 0.0343590783 0.0482429217 0.0257201792 0.0218120422 0.0234669567 0.0381620671 0.0
