128
1 0.009942311 0.005934472 0.0042220041 0.0068668183 0.0081598743 0.0124438949 0.0050873933 0.0063695256 0.0076447174 0.0055292497 0.0116701415 0.0075447789 0.0082289278 0.0059372751 0.0102488907 0.0099466821 0.0091589114 0.0115012185 0.004252654 0.0114200469 0.0120972972 0.0063231499 0.0097530524 0.0060264533 0.0140502909 0.0032047671 0.0063917278 0.0079734612 0.0064220897 0.0044649885 0.0101435705 0.0087676616 0.005345777 0.0059642499 0.0080277855 0.0024539633 0.0092516954 0.0072347913 0.0050528332 0.0110289478 0.0030299318 0.0084960183 0.010148806 0.006243055 0.0079712987 0.0099844685 0.0037776098 0.0075982309 0.0073914441 0.0112310842 0.0088166331 0.0107598724 0.0092945747 0.0090885422 0.0035878135 0.0026981175 0.006994006 0.0038144646 0.0166005746 0.013691701 0.0046812671 0.0093170355 0.0113337839 0.0069272965 0.0117649993 0.0026537351 0.0035226527 0.0055100755 0.0068198571 0.0119399968 0.0080166833 0.0125526005 0.0053973174 0.0079720504 0.0038010149 0.0035106048 0.0088244727 0.0077561826 0.0083876283 0.0058445756 0.0017992793 0.0091146623 0.007561576 0.0094286824 0.0123268447 0.0084428481 0.0097788058 0.0071774356 0.0024432001 0.0124904477 0.0080586851 0.0041003621 0.0060681064 0.0051565017 0.0049012828 0.0104413793 0.0109841286 0.0129471384 0.0053429011 0.006645079 0.0077498565 0.0078276454 0.0103823715 0.0118977085 0.0076709505 0.0084374658 0.0090303348 0.0091467068 0.0113464431 0.0070058769 0.0076452094 0.0060435746 0.0062036518 0.0076316119 0.0113457701 0.0106231238 0.003577621 0.0085713894 0.0098418914 0.0044011558 0.0095227279 0.002468835 0.0070936257 0.0071424752 0.008406237 0.0069110794 0.0128382191 0.0041866768 
2 0.005934472 0.004715118 0.0040944892 0.0060710345 0.0111612699 0.006145904 0.0134064101 0.011311797 0.0090029709 0.0081545342 0.002494995 0.008037704 0.0085806211 0.0084548781 0.0050843127 0.0062317478 0.0121103069 0.0074808101 0.0060409839 0.0029067953 0.0056948702 0.012677529 0.0087569974 0.0092907648 0.0049293812 0.0059028923 0.0102486765 0.0083924354 0.0056202123 0.0066401762 0.0092259258 0.0034309723 0.0063751514 0.009355678 0.0066444567 0.0127948367 0.0094803735 0.004154647 0.015301318 0.0069317645 0.0042192931 0.0068221464 0.0058468128 0.0064407361 0.0058263955 0.0055238388 0.0203953957 0.0074947892 0.0075139165 0.0108983642 0.0026326122 0.012623824 0.0121051197 0.0065737854 0.0101111329 0.0082994511 0.0102216427 0.0053292475 0.0120903144 0.0067372475 0.0091151612 0.0041224768 0.00786267 0.0075075049 0.0091095568 0.0083804229 0.0055958146 0.0097447465 0.0073353715 0.0090691886 0.0095381727 0.006065986 0.008298274 0.0040778502 0.0081824946 0.0056718839 0.0080100348 0.0089872214 0.0102907233 0.0092314705 0.0051730821 0.0089680753 0.0071779737 0.0084283123 0.0060917643 0.0067811784 0.006163237 0.008578675 0.0112533951 0.006384085 0.0047827529 0.0119375576 0.0080242703 0.0087580394 0.0090020103 0.0053221876 0.0081570722 0.0092519172 0.0047799727 0.0058978912 0.0082422438 0.0082744999 0.0014894742 0.0084697828 0.0095885128 0.0078903841 0.0133206515 0.0114131187 0.0107459122 0.0091475486 0.0097231792 0.0054120251 0.0097277553 0.0102859992 0.0072342247 0.006021163 0.0048475017 0.0043933891 0.0053493257 0.0110814859 0.0057432414 0.0112627745 0.0078001982 0.0035563816 0.0061709346 0.0060857408 0.0060090903 0.0066267065 
3 0.0042220041 0.0040944892 0.0114506618 0.0073255152 0.0068581631 0.0029133209 0.0070418916 0.004381534 0.0092256141 0.0064301148 0.0103788225 0.0070710449 0.0063741842 0.0108187229 0.0116324729 0.0072026681 0.0033792393 0.0107173183 0.0029927317 0.0064842214 0.0044939983 0.0104128084 0.0076861879 0.0047554502 0.0100199178 0.0056835647 0.008910855 0.0058682114 0.0055394962 0.0102438859 0.0068123346 0.0097072196 0.0043770139 0.0075404851 0.0057104991 0.0055830203 0.0105894839 0.0097509642 0.0125792602 0.01175578 0.0096180008 0.0105761552 0.0089678508 0.0070113323 0.008689006 0.0076059758 0.0056481882 0.0056020695 0.0088850561 0.0072680255 0.0061269337 0.0076153592 0.0064203643 0.016900857 0.0081239215 0.0068421387 0.0063057728 0.0119608568 0.006504093 0.0034402841 0.0040438128 0.009885831 0.0079590087 0.0085846066 0.0028259669 0.0125917981 0.0063699613 0.0098737586 0.0032833004 0.0091991653 0.0071082258 0.0131697014 0.0156546301 0.0106894721 0.0062704854 0.0051535664 0.0060797542 0.0073276083 0.0084811154 0.0092322999 0.0063064686 0.005502083 0.0065764027 0.0088417366 0.0080550973 0.0117307113 0.0053633702 0.0063045488 0.0052073717 0.0118333944 0.0080202265 0.0050124604 0.0110880755 0.0065795248 0.0068352098 0.0108653435 0.0044172647 0.0105893173 0.0101988799 0.0109431404 0.0071056892 0.0044875028 0.0069563531 0.01032423 0.0052139192 0.0137907394 0.0145228108 0.0079403237 0.0063303324 0.0074679005 0.0099574045 0.0133135805 0.0027842443 0.0082869338 0.0069378564 0.0079480901 0.0037379526 0.0054860803 0.0100276459 0.0069252103 0.0018650435 0.0093038586 0.0108440528 0.0082534871 0.0010355474 0.0076853919 0.0094773127 0.008808397 
4 0.0068668183 0.0060710345 0.0073255152 0.0037136704 0.009114828 0.0115360373 0.0081391137 0.0128865183 0.005502422 0.0102980075 0.0074265961 0.0071359614 0.0070092197 0.0126755111 0.0020607425 0.0042803219 0.0089495317 0.0089133624 0.0062858565 0.0060804365 0.01220143 0.0125232911 0.0041887027 0.0115053762 0.0065878117 0.0113810754 0.0141133661 0.008503186 0.0083231006 0.0078794624 0.0028242092 0.0060367164 0.0050873854 0.0024799412 0.0048641381 0.008700767 0.0087793171 0.0059106773 0.0091005423 0.0080908403 0.0071513598 0.0057387887 0.0078835987 0.0060467524 0.0113355705 0.0096561609 0.0053552949 0.0086651854 0.0118341352 0.0104622144 0.005954387 0.0071823011 0.0090942619 0.0062651926 0.0132105751 0.0046643185 0.0083551617 0.0060695211 0.0012488707 0.0084496203 0.004345373 0.0059090951 0.0123362167 0.0070207501 0.0127403523 0.0088586742 0.0116019487 0.0059453165 0.0070025584 0.0093227265 0.008254003 0.0050380006 0.0065602179 0.0085730598 0.005583677 0.007293237 0.0094141828 0.0093865431 0.0087199597 0.0192848965 0.0062403427 0.0142765472 0.0082102368 0.0030538074 0.0041136001 0.0072261134 0.0046088403 0.0075282988 0.0015364325 0.0079330703 0.0078491075 0.0073550133 0.0049309552 0.0059974852 0.011834088 0.0045152451 0.0056973912 0.0081088316 0.0053743451 0.0053704215 0.0096408529 0.0061532598 0.0095989071 0.005889744 0.0086681097 0.0068729797 0.0069026284 0.0134265326 0.008093568 0.0087087054 0.0029689848 0.0106256597 0.009178103 0.0148132491 0.0073128951 0.0110660593 0.0094441939 0.0034579059 0.0037545544 0.0058000094 0.0129672622 0.0138136712 0.0086069756 0.0087334656 0.0037015326 0.0040170056 0.010087419 0.0047686912 
5 0.0081598743 0.0111612699 0.0068581631 0.009114828 0.0126597656 0.010794089 0.0103497171 0.0071770753 0.007920186 0.0134969861 0.0108651211 0.012722012 0.0088059274 0.0080212253 0.0079719472 0.0083208637 0.0067443547 0.008803311 0.0063386289 0.0032969213 0.0083303719 0.0059940138 0.0067544868 0.0099612066 0.0040904974 0.005157829 0.0030229016 0.0121387107 0.0061467796 0.0048527972 0.0095700123 0.0065981522 0.0074003704 0.0083036584 0.0121387564 0.0095654732 0.0063914732 0.0135055432 0.0067488867 0.0083286777 0.0100373039 0.0062950056 0.0139198493 0.0094507399 0.0042582763 0.0037891784 0.0097796475 0.0047750677 0.0096178772 0.0096653893 0.0067607235 0.0100554243 0.0139960222 0.0044990717 0.0086259601 0.0115585613 0.0013049321 0.007317163 0.0049850565 0.0053829629 0.0091319593 0.004556692 0.0036115766 0.0060992771 0.0083782374 0.0067617442 0.0062968211 0.0034474966 0.0072474668 0.0066647543 0.0146952505 0.0071643966 0.0093710817 0.0086136211 0.0077142595 0.0041953669 0.0051088854 0.0039680003 0.0080441765 0.0061306076 0.0058267844 0.0069565335 0.0078312288 0.0125674122 0.0061552431 0.008416967 0.0115686394 0.0038817199 0.0097466302 0.0088548655 0.0057658388 0.0099568085 0.0101220055 0.0057324991 0.0099525382 0.0107096848 0.003402309 0.0080715964 0.005559359 0.0086194442 0.0053108758 0.0064544625 0.0077967643 0.007751726 0.0089587923 0.0088935266 0.00661217 0.0097823589 0.0103624024 0.0089873264 0.0090714825 0.0055476267 0.006661009 0.0057940999 0.0030598304 0.0060799263 0.0121571626 0.0041942047 0.0049554665 0.0062358438 0.0114212176 0.0097959868 0.0135292859 0.0052861918 0.0102012908 0.0052373201 0.0070226516 0.0052821403 
6 0.0124438949 0.006145904 0.0029133209 0.0115360373 0.010794089 0.0118296313 0.0105275187 0.0085195861 0.008750617 0.0139149388 0.0107471362 0.0037771262 0.0019576051 0.0069241765 0.0080926523 0.0091825777 0.0091875041 0.0099717856 0.007741778 0.0050325352 0.0061696315 0.0054342919 0.0100205714 0.0024927893 0.0079024242 0.0058364466 0.0062391991 0.0100207129 0.0100201909 0.0074129006 0.0025630917 0.0077133011 0.008870231 0.0070116437 0.0091209404 0.0084108553 0.0089176886 0.0061787001 0.0070441404 0.0045482455 0.0114218767 0.0044013248 0.016116574 0.0041018099 0.0086659112 0.0111985292 0.0097798115 0.0054815887 0.0102119513 0.0069315638 0.0060440287 0.0025376722 0.0077022353 0.0014708209 0.007357729 0.0151715681 0.0110869771 0.0072121062 0.0106408878 0.0095251891 0.0039251543 0.0097195325 0.0067189005 0.0076439086 0.0087416522 0.0081103532 0.0156981555 0.0040117757 0.0071682647 0.0088410174 0.0035821444 0.0035743976 0.0081100747 0.0134158493 0.0062552743 0.0059289069 0.0059901131 0.0121270739 0.005066637 0.0080213387 0.0083709724 0.0082398026 0.0080589163 0.0046598929 0.0070675011 0.0094689606 0.0067908258 0.0031093994 0.005725757 0.0042864824 0.0121709238 0.0083844815 0.0069855438 0.0047680697 0.0078088536 0.0072498973 0.0060117144 0.0069580949 0.008909137 0.0103735941 0.0088213401 0.0047354855 0.0109439325 0.0073157483 0.0046800151 0.0056374594 0.0113474806 0.0125293736 0.0077181132 0.0085425294 0.0110240449 0.0068727342 0.0024998246 0.0045780561 0.010807762 0.0078673774 0.0081673698 0.0090495645 0.0074355138 0.0111740849 0.0048952087 0.0057209057 0.0050710554 0.0096681083 0.007414117 0.0102657533 0.0073702762 0.0108188539 
7 0.0050873933 0.0134064101 0.0070418916 0.0081391137 0.0103497171 0.0105275187 0.0111916714 0.0016261027 0.0081793696 0.007437962 0.0069009867 0.0104599138 0.0025512682 0.0095686348 0.0061098697 0.0052229131 0.0121854275 0.0089799048 0.0044416811 0.0045520257 0.0027003823 0.0088953061 0.0068999757 0.0037863044 0.0075831982 0.0088020184 0.0073903044 0.0120167811 0.0055648419 0.0103451545 0.009053992 0.0047773413 0.0069641201 0.008153615 0.0117246514 0.0071400578 0.0106815737 0.0078964904 0.0040792453 0.01285459 0.0091658529 0.0079595477 0.0060744334 0.0038216909 0.0045033826 0.0047675367 0.0075757983 0.0073678783 0.008297967 0.0092067745 0.0078239113 0.0107310638 0.0092610712 0.0034797483 0.0044355083 0.0049741247 0.0029013493 0.0121409308 0.014355079 0.0126447265 0.0077358621 0.0078699962 0.0052060251 0.002858469 0.0072418383 0.0075284883 0.0075779551 0.0084524573 0.0098008828 0.0061091229 0.0075612258 0.0042602108 0.0158185952 0.0164913372 0.0100219805 0.0097346031 0.0080770535 0.0095233369 0.0100254544 0.0055095883 0.004980298 0.0091455548 0.0042344669 0.0099465762 0.0052269456 0.0009939979 0.003512046 0.0033977008 0.0099082924 0.0120204646 0.0048561097 0.007497208 0.0064191242 0.0059573515 0.0044411407 0.0067866471 0.0059334983 0.0121195204 0.004130983 0.0077575888 0.0044880175 0.0149135003 0.010620981 0.0108049571 0.0084296355 0.007674605 0.0087241199 0.0115493798 0.0107106384 0.0075922736 0.009457035 0.0064576211 0.0088065816 0.0064095812 0.006793467 0.0092106362 0.0112000468 0.0095335891 0.0105005271 0.0069115726 0.0097578479 0.0159688192 0.0031334298 0.0078539195 0.006629712 0.0072115333 0.0068912625 0.0023366167 
8 0.0063695256 0.011311797 0.004381534 0.0128865183 0.0071770753 0.0085195861 0.0016261027 0.0092691806 0.0085787011 0.0044761207 0.0056409319 0.0064410586 0.0074308875 0.0075470759 0.0079987622 0.0085255307 0.0172989032 0.0097823079 0.0082562209 0.0070541923 0.0078762302 0.0077148908 0.0097277814 0.0072691932 0.010642755 0.0038706147 0.0057657763 0.0084003291 0.0085099762 0.0088549138 0.0101698821 0.0068765922 0.0077906601 0.0033848959 0.0089905023 0.010555249 0.0042195856 0.005813658 0.005824632 0.0079969785 0.010845241 0.0083986098 0.0123321542 0.0069954835 0.0058101787 0.0137998079 0.0049325741 0.0094076725 0.0073749598 0.0090715739 0.0090827587 0.0029639866 0.0019479576 0.0086857817 0.0105103018 0.0046528025 0.0131432804 0.0043303797 0.0090364462 0.0048984594 0.0072271138 0.0054270324 0.0088895918 0.0064697 0.013096547 0.0064685765 0.0073483975 0.0091600648 0.0095605105 0.0118717771 0.0067773944 0.0111956545 0.0057071104 0.0056884409 0.0082459278 0.0113448987 0.0103589893 0.0067193113 0.0099691483 0.0091310641 0.0069605854 0.0091940849 0.0105075205 0.0077657928 0.0058795654 0.0037938248 0.0094227254 0.0042267234 0.0052680167 0.005355964 0.0153856151 0.0018092354 0.0076194769 0.0103294182 0.0058536686 0.0061149859 0.005139552 0.0082650146 0.0074803791 0.0097227276 0.0077945884 0.0078605051 0.0096785944 0.0072777101 0.0057549539 0.0099483835 0.0043059733 0.0035579175 0.0125729286 0.0029992024 0.0130711951 0.006362869 0.0141376553 0.0071203381 0.0110056274 0.0077281349 0.0031373484 0.0106369583 0.0046518948 0.0050761381 0.0099619263 0.0108673634 0.0053805741 0.004105214 0.0075242262 0.0061828174 0.0045162758 0.0109830396 
9 0.0076447174 0.0090029709 0.0092256141 0.005502422 0.007920186 0.008750617 0.0081793696 0.0085787011 0.0066219875 0.0098753489 0.0056962662 0.0070132377 0.0071613893 0.0108803891 0.0108923742 0.0037748802 0.0030383776 0.0092185144 0.0027632776 0.0095044505 0.0069665482 0.0123560863 0.0073402876 0.0174050829 0.0118755766 0.0062640028 0.0131136469 0.0048662534 0.0068641976 0.0036338745 0.0106779896 0.0062647854 0.0041200125 0.01016559 0.0051291805 0.0057628262 0.0067677292 0.0103431399 0.0058040607 0.0092136732 0.0085354021 0.0060223307 0.0057554452 0.0083001589 0.0060661976 0.0029862294 0.006235304 0.0093391435 0.0030225772 0.0065510477 0.0047377615 0.0069025623 0.0081897009 0.0071216037 0.0056833869 0.0038079402 0.0092318239 0.0087379148 0.0038906546 0.0082206074 0.0093172993 0.0072787081 0.0076966697 0.0074321771 0.0073892682 0.0117578166 0.0079217237 0.0092259714 0.0128918859 0.0066081505 0.0070819097 0.0049657243 0.0053396453 0.0094688593 0.0109055885 0.0108269927 0.0024333999 0.005405266 0.0096020591 0.0107065927 0.0086313456 0.0069165483 0.005168131 0.0108010157 0.0069207407 0.0087310722 0.0075037331 0.0070828314 0.0065563872 0.009759624 0.0112642915 0.012751071 0.005369867 0.009772234 0.0116088382 0.0087099775 0.0062590089 0.0059100532 0.0060047014 0.0048220931 0.0118067762 0.0097140679 0.0103744153 0.0064982685 0.0074805434 0.0015893987 0.0081794538 0.0078200987 0.0076761955 0.0094284445 0.006881762 0.0063006567 0.0110130879 0.0151027116 0.0056273868 0.0044394021 0.0056442732 0.0049381198 0.0057530738 0.0062858693 0.0085644045 0.0099433559 0.0067174924 0.0121098091 0.0068595102 0.0184075096 0.0067160456 0.007811166 
10 0.0055292497 0.0081545342 0.0064301148 0.0102980075 0.0134969861 0.0139149388 0.007437962 0.0044761207 0.0098753489 0.0013412072 0.012460301 0.0062279774 0.0138050494 0.011044274 0.0101879043 0.0106379683 0.0079117786 0.0101638773 0.0044955312 0.0100945849 0.0046812529 0.0062598379 0.0102652227 0.0087521374 0.0100014985 0.0043273625 0.0081273367 0.0076435004 0.0020619349 0.0069786819 0.0127759883 0.0099388153 0.0044623337 0.0085577241 0.0050436545 0.0056612777 0.0053716469 0.0057497009 0.0074415447 0.0076141863 0.0078278635 0.0076840791 0.0129978229 0.0102793095 0.0057717255 0.0169929726 0.0079053274 0.0047740931 0.0038888106 0.0067002781 0.0039634322 0.0046039256 0.0098868316 0.0145153912 0.0075451455 0.0112373701 0.0058549112 0.0104761436 0.0055942935 0.0112882063 0.0049742355 0.0117476425 0.0026648513 0.0066237334 0.0064887475 0.0096615083 0.0033899491 0.0098902933 0.0099114808 0.0084721576 0.0092119129 0.0084523184 0.0125727482 0.0105428437 0.0083554268 0.0069591707 0.0077647313 0.0112458083 0.0087634409 0.0065381393 0.0076899815 0.0065473138 0.0102602698 0.0037941996 0.0068663139 0.0053588779 0.0070685483 0.0039389354 0.013735169 0.0053852608 0.0068167929 0.0107721543 0.0051998907 0.0103936295 0.0066524934 0.0068297093 0.0026543869 0.0077176478 0.0060536587 0.0086518609 0.0048611732 0.0106445258 0.0092611301 0.0095751948 0.0112890478 0.0105771276 0.0103644532 0.0043407041 0.0050897313 0.002033275 0.0065859009 0.0087309911 0.0030107655 0.0050794339 0.0059210612 0.0030325569 0.0070562087 0.0086202417 0.0074466375 0.0052377699 0.007085359 0.0049632185 0.0103799163 0.0104183944 0.0069953484 0.0099751733 0.0061662175 0.0091529206 
11 0.0116701415 0.002494995 0.0103788225 0.0074265961 0.0108651211 0.0107471362 0.0069009867 0.0056409319 0.0056962662 0.012460301 0.0011566082 0.0059627982 0.006961185 0.0154591031 0.0060472815 0.01248349 0.0068950048 0.0126718984 0.0038299324 0.0051721019 0.0148875569 0.0078997405 0.0062638526 0.0071970671 0.00572414 0.0059830609 0.0101404023 0.0050379481 0.0047528771 0.0060355643 0.0049608209 0.0089776553 0.0053428322 0.0123954435 0.0059216453 0.000299147 0.0080406261 0.0080321049 0.0095391155 0.0082577843 0.0085772093 0.0128038501 0.00567847 0.0054186867 0.0072251459 0.0129787228 0.0114737313 0.0065350778 0.0142654686 0.0154974892 0.0061598011 0.0086353214 0.0093993459 0.0071341687 0.0087725591 0.0033159582 0.0076869768 0.0158593855 0.0129771903 0.0079731753 0.0051533777 0.0092741209 0.008591879 0.0108136436 0.0062435532 0.0070457849 0.0052411032 0.0100886221 0.0075748356 0.0088925614 0.0081890538 0.0045931888 0.0103035651 0.0040985794 0.0102672554 0.0107849004 0.0037128867 0.0056456629 0.0053676219 0.0058054181 0.0081844751 0.0082087439 0.0052725868 0.0084036589 0.008031445 0.0034511372 0.0038682577 0.0054938582 0.0052385753 0.0061830162 0.0073464295 0.0029445651 0.0131509577 0.0080578637 0.009229672 0.0071109398 0.0096751142 0.00641974 0.0061717563 0.010896347 0.0045479831 0.0050208982 0.0106251308 0.0098980976 0.0040600838 0.0053279589 0.0047114832 0.0052073578 0.011542239 0.01220127 0.0084234731 0.0109618076 0.0053338362 0.0133902152 0.0059502391 0.0124665779 0.004121048 0.00704285 0.0044088527 0.0070165547 0.0113858508 0.008387423 0.0084990276 0.0094054237 0.0059338921 0.0046995652 0.0104600292 0.0029662572 
12 0.0075447789 0.008037704 0.0070710449 0.0071359614 0.012722012 0.0037771262 0.0104599138 0.0064410586 0.0070132377 0.0062279774 0.0059627982 0.0129314291 0.0103343468 0.0083065585 0.0052595062 0.0055777964 0.0121142385 0.008886081 0.0107379534 0.0066115201 0.005596802 0.0057242518 0.0086098717 0.007727241 0.0089827395 0.0084310656 0.0098849505 0.0085417771 0.0085118619 0.0047568555 0.0060130898 0.0056400179 0.0116872286 0.004677663 0.0036204514 0.0158897726 0.0033343565 0.0108935844 0.0029643358 0.0073056145 0.011109082 0.0036535784 0.0091349832 0.003849004 0.0059329585 0.0046941816 0.0111638791 0.0057210676 0.0109105041 0.0104576247 0.0105370311 0.0048627713 0.0074319231 0.0042871981 0.0066819853 0.0118328436 0.0063056972 0.0045370516 0.0092568572 0.0047670564 0.0067375041 0.0059925362 0.0077678879 0.0063230098 0.0134646151 0.0102416876 0.004975766 0.0061720712 0.0069809428 0.0071697536 0.0083233758 0.0065699378 0.0123456053 0.0049590542 0.0062069845 0.0052200518 0.0099689741 0.0084353539 0.0051961323 0.0067771245 0.0118940229 0.0085846523 0.007051128 0.0079135473 0.0139273259 0.0102934998 0.0069834094 0.0071927784 0.0143958693 0.0105284306 0.0063380538 0.009087633 0.0059637909 0.0119339136 0.0060675214 0.0063103685 0.0045466171 0.0075604245 0.0068036829 0.0039617563 0.0040706348 0.007032402 0.0062962444 0.0100812108 0.0132984448 0.0121461421 0.0077786823 0.0105692011 0.0144408305 0.004979773 0.0043007277 0.0072651053 0.0087295408 0.0109593475 0.0061126159 0.0056901664 0.0055032162 0.0089627909 0.0048972407 0.0139155895 0.0088676464 0.0067665465 0.0032168362 0.0085469132 0.0032907392 0.010712509 0.0080236358 0.0073046201 
13 0.0082289278 0.0085806211 0.0063741842 0.0070092197 0.0088059274 0.0019576051 0.0025512682 0.0074308875 0.0071613893 0.0138050494 0.006961185 0.0103343468 0.0056080847 0.0061072499 0.0046755955 0.0039349494 0.0064674869 0.0066416413 0.0111940181 0.0032029279 0.004287294 0.0097382308 0.0042331287 0.0027960349 0.0083083473 0.0033087307 0.008550654 0.0077388892 0.0087850176 0.0030988557 0.0071707931 0.0053681824 0.0094562174 0.0027821547 0.0073465984 0.0098876309 0.0099777845 0.0123630343 0.0084657939 0.0084001589 0.0095268014 0.0060373101 0.011612709 0.0057379713 0.0041444939 0.0099963142 0.010860915 0.0077311957 0.0109204061 0.0085647245 0.0091837114 0.0047321173 0.0034392057 0.0097791555 0.0050085925 0.005227252 0.0084488528 0.0065367996 0.0141528155 0.0146135923 0.0053744199 0.0064370927 0.0042193491 0.0109969669 0.0132173617 0.0075702674 0.0056046068 0.0047984505 0.0062654321 0.0090999528 0.0097866959 0.0063835492 0.0095321778 0.0070264418 0.009073923 0.0081731055 0.0107766754 0.0091067549 0.0084695533 0.0047912039 0.0054022912 0.0136134802 0.0042060752 0.0079568384 0.0092170045 0.0041521212 0.0084894427 0.0125945686 0.0057461772 0.0087698347 0.0039263246 0.0048038125 0.0072667223 0.0082012389 0.0082889219 0.0103789653 0.0084463964 0.0148067129 0.0073056468 0.0141920619 0.0033109424 0.0060851732 0.0082358618 0.0099175742 0.0111042328 0.0120197882 0.008854534 0.0086123756 0.0092701448 0.0073818229 0.006522822 0.0106784061 0.0052015625 0.0081886428 0.0063472886 0.0072003541 0.0088910831 0.0166750606 0.0068678537 0.0091413405 0.005083979 0.0072931035 0.0053383918 0.0048014801 0.0091996365 0.010767655 0.0100475119 0.007141728 
14 0.0059372751 0.0084548781 0.0108187229 0.0126755111 0.0080212253 0.0069241765 0.0095686348 0.0075470759 0.0108803891 0.011044274 0.0154591031 0.0083065585 0.0061072499 0.00683776 0.0082726937 0.0093899257 0.0052070567 0.0078632514 0.0084486221 0.0085497628 0.0106768647 0.0033797091 0.0067002734 0.0091278006 0.008189036 0.0053652529 0.0042907886 0.0085811621 0.0081898084 0.005524922 0.0048289233 0.0115125099 0.0102420998 0.0109804197 0.001794355 0.0079947572 0.0042892226 0.0055579135 0.0137665063 0.0088590805 0.0097564028 0.003995511 0.0046034693 0.0090172573 0.0100143254 0.0096091862 0.0068014015 0.0097030251 0.0063545423 0.0118128395 0.0082575438 0.0071420554 0.0058813454 0.0052776621 0.0056450854 0.006122804 0.0069408762 0.0042720119 0.0097886533 0.00018214 0.0062380676 0.008797914 0.0153865537 0.0133129092 0.0073798629 0.0102387026 0.0062233334 0.0139444249 0.0124928008 0.0093464422 0.0019589863 0.0046760666 0.0061930232 0.0032868007 0.0044799131 0.0057972809 0.0131993321 0.0062120782 0.0018468062 0.008715097 0.0074602275 0.0035496864 0.0085154425 0.0104849852 0.0080933716 0.0050357502 0.0097540939 0.0097336854 0.0082457307 0.0122592259 0.0071192445 0.0033833278 0.0095360187 0.008966758 0.0107053264 0.0161295969 0.0028672431 0.00580265 0.0117749256 0.0079338624 0.0052805657 0.0091715665 0.0084958119 0.0028592076 0.0116878595 0.0058684009 0.0120913682 0.0088727104 0.0076988123 0.0091932099 0.0057545485 0.0094217187 0.0079985531 0.003807218 0.0055685927 0.0100847795 0.0048852572 0.0097613567 0.010084291 0.0065719678 0.0087102103 0.0057275414 0.0051978472 0.0113557792 0.0052896396 0.0024344832 0.0060033797 0.0057020845 
15 0.0102488907 0.0050843127 0.0116324729 0.0020607425 0.0079719472 0.0080926523 0.0061098697 0.0079987622 0.0108923742 0.0101879043 0.0060472815 0.0052595062 0.0046755955 0.0082726937 0.0083480818 0.006901073 0.0060783929 0.0033483345 0.003860477 0.0117518106 0.0130592376 0.001935881 0.0102007746 0.0089529368 0.0107489277 0.0094738166 0.0034982375 0.0056375209 0.0078936201 0.0072553513 0.0062340644 0.0082087133 0.0106974168 0.0058709095 0.0061183811 0.0067214076 0.0096479473 0.0118380923 0.004463824 0.0110300348 0.0108809993 0.0039824272 0.0089385985 0.0049828109 0.0046658236 0.0034919041 0.0069619457 0.004315162 0.0039257554 0.0106458405 0.0077508573 0.0125548066 0.0057480122 0.0097072756 0.0100842717 0.0082739268 0.0040399985 0.0070761042 0.0105497347 0.0046852663 0.0112389832 0.0109816364 0.0076408858 0.007524725 0.008045217 0.0099137841 0.0059326114 0.0104689395 0.004048119 0.0104860857 0.009365595 0.0098778444 0.0068945061 0.0016947901 0.0028473351 0.0089538866 0.0098800975 0.011396346 0.0088758957 0.0060898229 0.0127629147 0.0132672423 0.0066697898 0.0085982125 0.0062205023 0.0098279672 0.0105988031 0.0082147299 0.0083125519 0.0081669687 0.0072225246 0.0112319834 0.0068051078 0.0072724171 0.0048196322 0.0044111716 0.0077534259 0.0091654215 0.0051471193 0.014187562 0.0111767847 0.0090220452 0.0089999771 0.0036798348 0.0160978033 0.0111621494 0.012450716 0.0092221173 0.0058528859 0.0050782307 0.0066139808 0.0081449589 0.0083133026 0.0041851152 0.0079765516 0.005407458 0.0045306068 0.009582129 0.0061814098 0.0061161152 0.00368094 0.0084318145 0.0105195967 0.0055860832 0.0071064203 0.0119341696 0.0066614804 0.0059003771 
16 0.0099466821 0.0062317478 0.0072026681 0.0042803219 0.0083208637 0.0091825777 0.0052229131 0.0085255307 0.0037748802 0.0106379683 0.01248349 0.0055777964 0.0039349494 0.0093899257 0.006901073 0.0114631372 0.0050395463 0.003258677 0.006518386 0.0126515133 0.0109799878 0.009300694 0.008225075 0.00665425 0.0058445318 0.0071734979 0.0088419363 0.0045832749 0.0064726903 0.0136867473 0.0076021121 0.0137512531 0.0107021001 0.0067229772 0.0086924924 0.0067788209 0.0111028462 0.0102542343 0.0062657582 0.0059339008 0.0078197217 0.0075482019 0.0079833723 0.0049495252 0.0169514463 0.004023209 0.0097203882 0.0072046906 0.0193780345 0.0085132677 0.0067964185 0.0030750462 0.0072902004 0.0077150715 0.0073747957 0.0102102643 0.0090419976 0.0071353406 0.0065657455 0.0060049379 0.0136052984 0.0044454371 0.0044429969 0.0081163739 0.0058110812 0.0036340869 0.0089792605 0.0054244264 0.0145891676 0.0060831887 0.0094652137 0.0013157492 0.004273753 0.0077639099 0.0060265938 0.0114059371 0.0056401954 0.0082423579 0.0082919384 0.0079304415 0.0100332166 0.0027661611 0.0066137468 0.0098477015 0.0056055483 0.0052458667 0.0075552091 0.0088924268 0.0136005527 0.0081071006 0.0055845214 0.0056034825 0.0063919188 0.0131163474 0.0073594255 0.0119691207 0.0069577034 0.0054099168 0.0112796333 0.0057621271 0.0062268687 0.009356131 0.0038317361 0.0044624664 0.0089044807 0.0111006241 0.0081180758 0.007458435 0.0054432955 0.0081422995 0.0114198369 0.0086697589 0.0000341654000000000 0.0037055625 0.0098523906 0.0056510894 0.0061757406 0.0066503514 0.0068387056 0.0090485764 0.0129480947 0.0125534417 0.0045650706 0.0097394737 0.0080434407 0.0062167783 0.0065961324 0.0096423391 
17 0.0091589114 0.0121103069 0.0033792393 0.0089495317 0.0067443547 0.0091875041 0.0121854275 0.0172989032 0.0030383776 0.0079117786 0.0068950048 0.0121142385 0.0064674869 0.0052070567 0.0060783929 0.0050395463 0.0082319311 0.0074196794 0.009715515 0.0076603065 0.0066583401 0.0104289509 0.0107109334 0.009295412 0.0057615036 0.0084764745 0.0110577287 0.0070937494 0.0119704565 0.0086048291 0.0044851359 0.012516939 0.0091314602 0.0048154705 0.0040183744 0.0060035837 0.0008080213 0.0094143857 0.0060907952 0.0111410346 0.0078725171 0.0084446274 0.0100444552 0.0037116462 0.0058642513 0.0065396995 0.0102849935 0.0056500847 0.0082005587 0.0059244457 0.0110621282 0.0076657116 0.0073998169 0.0108197828 0.0046077175 0.011068859 0.0089610638 0.005543295 0.0070966496 0.0060854084 0.0119485654 0.0043606879 0.0033964646 0.0078611263 0.0015461196 0.0057549663 0.0113372093 0.0067954998 0.0036256452 0.0024068125 0.0149625903 0.0086794981 0.0139811832 0.0056011315 0.0108939581 0.0132637964 0.0084206534 0.0097544003 0.0082819399 0.0086186251 0.0053987023 0.0050139064 0.0085157814 0.0108270261 0.0049512015 0.008720618 0.005164912 0.0103538998 0.0037813584 0.012939035 0.0103703244 0.0082069871 0.008441428 0.0052883579 0.008347236 0.0103298232 0.0096324362 0.0089700474 0.0055631094 0.0070220936 0.0058812573 0.0100226092 0.0116793556 0.0127188065 0.0075758001 0.0042622856 0.0034827791 0.0066333578 0.0082821268 0.0025899353 0.007963012 0.0073747942 0.0075477878 0.0087547266 0.005678311 0.0087470145 0.0062373878 0.0032076154 0.0089614054 0.0036336625 0.0082603126 0.0048790249 0.0090625248 0.014058313 0.0041190898 0.0073640977 0.0101348192 0.0054338464 
18 0.0115012185 0.0074808101 0.0107173183 0.0089133624 0.008803311 0.0099717856 0.0089799048 0.0097823079 0.0092185144 0.0101638773 0.0126718984 0.008886081 0.0066416413 0.0078632514 0.0033483345 0.003258677 0.0074196794 0.0076070125 0.0032340669 0.0116121392 0.0126820414 0.0051656992 0.0109214186 0.0113995287 0.0071879141 0.0043895762 0.0053978015 0.0024667433 0.0059053313 0.008357238 0.0070669688 0.0067309479 0.0051956094 0.0060738604 0.009041285 0.001849551 0.0105425939 0.0081866903 0.0060433963 0.0086744071 0.0068762343 0.0131532882 0.009126685 0.009174529 0.0042714584 0.0071199886 0.0086060293 0.008865521 0.0085425135 0.011537046 0.0071713772 0.0133008283 0.0076974452 0.0056517624 0.0074828557 0.0040132148 0.0125426112 0.0083266345 0.0101282608 0.0063552188 0.0104093526 0.004190602 0.0039861745 0.0044801577 0.0081013072 0.0063480871 0.004759874 0.0081878669 0.0064572169 0.0055628333 0.0090156926 0.0084727244 0.0089297925 0.0129375728 0.0044132986 0.0042353983 0.008864231 0.0066660699 0.0082233718 0.0044406269 0.0051700448 0.0099360637 0.0123835052 0.0069264368 0.0106950047 0.0071369231 0.0042269566 0.0083075671 0.0055319371 0.0043035467 0.0065685102 0.0087133118 0.0099051014 0.006860642 0.0040666087 0.0169598447 0.0053357416 0.0116927131 0.0029948172 0.0072952521 0.0095010408 0.0092451776 0.0071373304 0.0087296295 0.0100791394 0.0074880668 0.0093598061 0.0111035562 0.0081537129 0.0019685141 0.0058845572 0.0026888372 0.0059884751 0.0097799444 0.0087131794 0.0051569302 0.0047016789 0.0132386904 0.0091734133 0.0089269789 0.0057348674 0.0052295733 0.0074301914 0.0098413936 0.0122753531 0.0036945346 0.0077063902 0.0160789614 
19 0.004252654 0.0060409839 0.0029927317 0.0062858565 0.0063386289 0.007741778 0.0044416811 0.0082562209 0.0027632776 0.0044955312 0.0038299324 0.0107379534 0.0111940181 0.0084486221 0.003860477 0.006518386 0.009715515 0.0032340669 0.012397942 0.0062018087 0.0050281224 0.0077937645 0.0113726516 0.0132755196 0.0079998786 0.0045257415 0.008218903 0.0092407247 0.0124599802 0.0086019592 0.0086518063 0.0132894116 0.0098553232 0.0007344774 0.0079170906 0.0118667513 0.0076942214 0.0087656473 0.0108293858 0.0124937376 0.0036580363 0.0127926731 0.0060252932 0.0129144391 0.0056686724 0.0063952321 0.0096552581 0.0088886171 0.0115224823 0.0053571551 0.0094621279 0.0106666002 0.0069297966 0.0031434532 0.0048029729 0.013801036 0.0032514008 0.0102432676 0.0067053797 0.0073485998 0.0070846743 0.0045196483 0.0049698705 0.0055565956 0.0081940764 0.0146705209 0.0049009446 0.0059990298 0.0046807979 0.0059678086 0.0086601357 0.0022458345 0.0116458672 0.0099388538 0.0133154921 0.0132853161 0.0028525666 0.0132470624 0.0074043341 0.0117410259 0.0101646812 0.0044914114 0.0060847575 0.0058338689 0.0073132088 0.0046084652 0.008448155 0.007367656 0.0058453014 0.0081544986 0.0040353339 0.004621726 0.0105516517 0.0098217413 0.0065892015 0.0069121941 0.010641665 0.0098901156 0.0066110676 0.0086057509 0.0061258918 0.0076406112 0.0026324274 0.0116730898 0.008548757 0.0068910462 0.0072799021 0.0074721651 0.0087928197 0.0078137966 0.0026193726 0.0105062843 0.0062893171 0.0087274821 0.0099290692 0.0084008808 0.0030009498 0.0083895976 0.0040613493 0.0082045262 0.0053560761 0.0097784591 0.0124485504 0.0069332811 0.0129359208 0.0123474979 0.0148243169 0.0033079982 
20 0.0114200469 0.0029067953 0.0064842214 0.0060804365 0.0032969213 0.0050325352 0.0045520257 0.0070541923 0.0095044505 0.0100945849 0.0051721019 0.0066115201 0.0032029279 0.0085497628 0.0117518106 0.0126515133 0.0076603065 0.0116121392 0.0062018087 0.0054865922 0.0051177714 0.0096519038 0.0064346798 0.0081623258 0.0069532997 0.0079558221 0.0101075055 0.0131540827 0.0089418311 0.0008906613 0.0061012246 0.0090641753 0.0102061282 0.00902504 0.0038196224 0.0072422257 0.0107217442 0.0049792082 0.0068793607 0.0020307103 0.0105274858 0.0053026488 0.006405573 0.0113369858 0.010240078 0.0072293855 0.0096510675 0.010021159 0.0082332225 0.0056266187 0.0061361909 0.0099952684 0.0069703596 0.0114551358 0.011411896 0.0083476962 0.0078207885 0.007366952 0.010350745 0.0079837013 0.0073858017 0.0049062383 0.0137927024 0.0114731282 0.0116192645 0.0072765469 0.0040005058 0.0068171495 0.0030371585 0.0119468978 0.0090130037 0.0047786735 0.0070555393 0.0129824866 0.0103968091 0.0130192808 0.0051111946 0.0028546412 0.009510936 0.0073324054 0.0047745072 0.0069574306 0.0058187548 0.0068554023 0.0082262272 0.0048922343 0.0107542864 0.0042602054 0.0075426014 0.0029871984 0.0080585729 0.0092135726 0.0132096305 0.0063591065 0.0081177933 0.0119830645 0.013751344 0.0042156662 0.0087599711 0.0060912379 0.0071456626 0.0098157174 0.0066663266 0.008898079 0.012120017 0.0060837347 0.0060645421 0.005817006 0.0083333278 0.0077166451 0.0057003353 0.0045443747 0.0047290553 0.0043162741 0.0064735696 0.01014928 0.0034250542 0.0100458156 0.0148196754 0.0087843759 0.0042197423 0.0105165008 0.0089526855 0.0076798018 0.0085796405 0.0095080406 0.0101323303 0.0064442442 
21 0.0120972972 0.0056948702 0.0044939983 0.01220143 0.0083303719 0.0061696315 0.0027003823 0.0078762302 0.0069665482 0.0046812529 0.0148875569 0.005596802 0.004287294 0.0106768647 0.0130592376 0.0109799878 0.0066583401 0.0126820414 0.0050281224 0.0051177714 0.0101945564 0.0114057018 0.0087936907 0.0096169992 0.00739337 0.0066057069 0.007682604 0.0051109202 0.0023087524 0.0072140505 0.0088072535 0.0047453615 0.0055582599 0.0059125117 0.0081066958 0.0098662404 0.0045771368 0.0051387693 0.007630228 0.0073809784 0.0062487715 0.0099436631 0.0051841227 0.0090555982 0.0099556143 0.0046807376 0.0033702696 0.0105032307 0.0091965072 0.0025298398 0.0050366998 0.010430793 0.0094965931 0.0037127029 0.0118131958 0.0065744588 0.0088826607 0.0102844394 0.0108507093 0.0082452991 0.0017892063 0.004812166 0.0061450466 0.0068203548 0.0084975947 0.0098611251 0.0069102163 0.0108496833 0.0061780747 0.0080256325 0.0079639952 0.0067448595 0.0079887747 0.0062956959 0.0094788199 0.0074054992 0.0034536814 0.0063143921 0.0073498172 0.0029768717 0.0045760931 0.0020361822 0.0092391351 0.0032456214 0.0080156989 0.0069217367 0.0065344362 0.0109683768 0.0068416455 0.0097833312 0.0080697043 0.009714966 0.0070398167 0.0057267911 0.0102618905 0.0043006765 0.0050942615 0.0050417269 0.0082505806 0.0069217213 0.0104227703 0.0085240996 0.0070897177 0.0152158611 0.0132748631 0.0109609297 0.0129494409 0.0071238769 0.0114493455 0.0028732434 0.0104392322 0.0096103274 0.0069916117 0.0073382051 0.0071211675 0.0065526636 0.0073384475 0.0085800999 0.0098560137 0.0109758898 0.0116005584 0.0111536062 0.0116549199 0.0125922937 0.0086539422 0.0094755848 0.0087532955 0.0067503678 
22 0.0063231499 0.012677529 0.0104128084 0.0125232911 0.0059940138 0.0054342919 0.0088953061 0.0077148908 0.0123560863 0.0062598379 0.0078997405 0.0057242518 0.0097382308 0.0033797091 0.001935881 0.009300694 0.0104289509 0.0051656992 0.0077937645 0.0096519038 0.0114057018 0.0010072725 0.006478341 0.0148928215 0.0043387425 0.0174080075 0.0144933221 0.0127377103 0.0034310522 0.0091683223 0.0068851203 0.0053008914 0.0075807709 0.0093278055 0.0077702638 0.0027678399 0.0075812944 0.0034209862 0.0115748833 0.005978979 0.0113475441 0.0067885518 0.0019947098 0.0057630531 0.0058149077 0.004528287 0.0101363775 0.0098863576 0.0080570189 0.0058307287 0.0079096888 0.0077537208 0.0061607044 0.0089728876 0.0105716015 0.0089942731 0.005409979 0.0082086663 0.0056847291 0.0083071008 0.0100852106 0.0081350994 0.0090815198 0.0070002467 0.0087304559 0.0105573479 0.0032530413 0.0064110874 0.0083056812 0.0073936482 0.0111632962 0.006205789 0.0079039151 0.0082422792 0.0063759999 0.0106631066 0.0053428628 0.0078777792 0.0097730614 0.0056666037 0.0063756494 0.0077356313 0.0037384788 0.0073404458 0.0092632955 0.0069768636 0.0094003204 0.0083376952 0.0082615132 0.0079394263 0.0018646858 0.0048043165 0.0148472477 0.0117486563 0.0037619395 0.0089371759 0.0171776725 0.0066410339 0.0106630573 0.0083837882 0.0103777127 0.0050399935 0.0083915532 0.0050579025 0.0119007745 0.0071037888 0.0086193442 0.0065348484 0.0032833799 0.0081989458 0.007693231 0.011208952 0.0138726792 0.0084955825 0.0067668384 0.0096766106 0.0097014529 0.006504131 0.0036049004 0.004775152 0.0057226493 0.0075985808 0.0038559625 0.0057281364 0.008572556 0.0055635994 0.0061949554 0.0063078155 
23 0.0097530524 0.0087569974 0.0076861879 0.0041887027 0.0067544868 0.0100205714 0.0068999757 0.0097277814 0.0073402876 0.0102652227 0.0062638526 0.0086098717 0.0042331287 0.0067002734 0.0102007746 0.008225075 0.0107109334 0.0109214186 0.0113726516 0.0064346798 0.0087936907 0.006478341 0.0079684336 0.0053958808 0.0056741876 0.0055426323 0.0077293846 0.0112841876 0.005888891 0.0038403736 0.0092889884 0.0070492578 0.0091113945 0.0099260644 0.0089695258 0.0050745556 0.0149152969 0.0062883917 0.0097128327 0.0029725687 0.0088143215 0.0061413362 0.0064475858 0.0055728428 0.0124252909 0.0060958248 0.0073605233 0.0056684123 0.0077571583 0.0125675803 0.0040761179 0.0068621616 0.0101240215 0.0071176791 0.0087256526 0.0068115869 0.0060037259 0.0110762044 0.0080496575 0.009311921 0.0058399404 0.0008930877 0.0051677788 0.0047150428 0.0079979608 0.0073495821 0.0144521498 0.0077734558 0.0084725723 0.0067908782 0.009190147 0.0091309176 0.0071265332 0.0045750245 0.0058322688 0.0113462281 0.0096670177 0.0045104947 0.0131525934 0.0045652311 0.0126832286 0.0057264748 0.0104820406 0.0032746899 0.0101312649 0.0079645895 0.0064304063 0.0116392561 0.0032116181 0.0075230576 0.0103450575 0.0084281609 0.0070310077 0.0061615624 0.0061917396 0.0090448354 0.0077377882 0.0081168908 0.006246712 0.0072716088 0.0097056993 0.0075919502 0.0074591399 0.0106933579 0.0071389143 0.0098233186 0.008657126 0.0085986692 0.0093262615 0.0039738904 0.0072690263 0.0077456077 0.0171067596 0.0038747083 0.0080932446 0.0053878864 0.0042339576 0.0076009565 0.0055510075 0.0107822583 0.0089517325 0.0042242502 0.0088830254 0.0064680999 0.0049806659 0.0084257761 0.0085082564 0.0107731493 
24 0.0060264533 0.0092907648 0.0047554502 0.0115053762 0.0099612066 0.0024927893 0.0037863044 0.0072691932 0.0174050829 0.0087521374 0.0071970671 0.007727241 0.0027960349 0.0091278006 0.0089529368 0.00665425 0.009295412 0.0113995287 0.0132755196 0.0081623258 0.0096169992 0.0148928215 0.0053958808 0.0037415644 0.0107928547 0.0064548182 0.0023553681 0.0055262891 0.0070677054 0.0061311728 0.0067986165 0.0100718726 0.0089631185 0.0074408902 0.0084198593 0.00475266 0.0067045117 0.0036433137 0.0077875284 0.005358852 0.0062216712 0.008213489 0.0066809789 0.0067715688 0.0118197325 0.0102469966 0.0053419095 0.009209585 0.0103044436 0.0058466979 0.0050729777 0.004802498 0.0123605209 0.0056089484 0.005619251 0.0114646453 0.0063776412 0.0165867682 0.0048966991 0.0037837696 0.0040810573 0.003008548 0.0042349264 0.0086601263 0.0091362156 0.0040362291 0.009040785 0.0049187659 0.0103177224 0.0056499251 0.0117673437 0.0108681262 0.0105006094 0.0039777345 0.0071040885 0.0117796797 0.0083821294 0.0055248603 0.0042515367 0.0068792971 0.003882367 0.0122285173 0.014028508 0.0068229473 0.0095379631 0.0071131143 0.0093455662 0.0072470453 0.0116706309 0.0085101108 0.0017425565 0.0082477542 0.0101643945 0.0043554569 0.0115324264 0.0102792685 0.003838362 0.015912125 0.0090741534 0.0098616677 0.0132111835 0.0046965724 0.0080688303 0.0083038554 0.0091987237 0.0055654541 0.0091406884 0.0061049352 0.0073820302 0.0070624023 0.0049760081 0.0057158842 0.0109483646 0.0091225311 0.0095383969 0.0051318501 0.009585977 0.0046421493 0.0108678891 0.0036863834 0.0065285675 0.0093416091 0.0122625591 0.0047271966 0.0045502555 0.0073824032 0.0080025246 0.0097597692 
