40
1 0.0 0.0282494296 0.0279713918 0.0153212585 0.0225912103 0.0466395165 0.0240760845 0.0219143375 0.0227924457 0.0226585116 0.0264528894 0.0216975208 0.0305156139 0.0282053607 0.0399837249 0.0287774538 0.0161973144 0.0261517168 0.0261152152 0.0130310574 0.0384672102 0.0280079976 0.0365912585 0.0221548598 0.0311232052 0.0221285467 0.0093602723 0.0234590036 0.0212507482 0.0281697286 0.0249484327 0.0283624617 0.0245544023 0.0347947569 0.031455924 0.0422651051 0.0223614638 0.0130999133 0.0081284527 0.0199742033
2 0.0282494296 0.0 0.0238581861 0.0249073055 0.0078236698 0.0277523025 0.0335238399 0.0326978084 0.0308195346 0.0133071216 0.0464970565 0.0331964492 0.0102945657 0.0280132445 0.0247077649 0.0369224104 0.0202615307 0.0304538704 0.0210595921 0.019841528 0.0381172231 0.0303166123 0.0097753673 0.0408665503 0.0441509616 0.0392174713 0.0307680334 0.0154910323 0.0229866424 0.0300194033 0.0268476185 0.0044891572 0.0022793922 0.0066608654 0.0363233817 0.009461166 0.0272973889 0.0418464542 0.0170040313 0.031894037
3 0.0279713918 0.0238581861 0.0 0.0337620315 0.0205281047 0.0235481477 0.0309254559 0.0359077058 0.0255881686 0.0186771799 0.0266505968 0.0223828074 0.0149360221 0.0361794076 0.0132371175 0.0147494913 0.024518204 0.0437793794 0.0063785759 0.0294653134 0.0326294424 0.0383130025 0.0085843504 0.0240928109 0.0359955881 0.0226984684 0.0303326873 0.0240245209 0.0134375604 0.0324867598 0.0185445751 0.0394494842 0.0252553434 0.0236635946 0.0215269205 0.02204758 0.0301261008 0.0212925457 0.0277224911 0.0347328861
4 0.0153212585 0.0249073055 0.0337620315 0.0 0.0359432899 0.011801468 0.0382034553 0.0276519664 0.0182541854 0.032134889 0.0308082522 0.0284360251 0.0341718195 0.0213853003 0.0284995065 0.0292524851 0.0286329034 0.0173704025 0.0198424049 0.0407759237 0.0317439308 0.0245450367 0.0279207774 0.0222403225 0.0299764828 0.0303937296 0.0291614144 0.0189449036 0.0283858623 0.0103158023 0.0168676077 0.0178313991 0.0163519093 0.0450630409 0.0220555403 0.0152006537 0.0172610845 0.0229357419 0.0199199882 0.0357298993
5 0.0225912103 0.0078236698 0.0205281047 0.0359432899 0.0 0.0266058189 0.0283246715 0.0150723937 0.0101911572 0.0413416365 0.0204020131 0.0327932744 0.0284275339 0.0171310732 0.0121899283 0.0182876069 0.0144240514 0.0310137126 0.0202231046 0.0242244378 0.0219803391 0.0275999571 0.0357927375 0.0193853163 0.0259206242 0.0319804184 0.0197976654 0.0254725195 0.02243164 0.0288907855 0.0120106787 0.0214129357 0.0345350718 0.037582489 0.0470887118 0.0465403675 0.0238292262 0.0175544217 0.0492285655 0.0234268407
6 0.0466395165 0.0277523025 0.0235481477 0.011801468 0.0266058189 0.0 0.013411814 0.0279697228 0.0216454782 0.0357122457 0.024923323 0.0288765661 0.0247058916 0.0280006825 0.0433301193 0.0180830648 0.0369489355 0.0408327927 0.0132895019 0.0301179676 0.0382883133 0.0260661087 0.0093958395 0.0347783661 0.0080875662 0.0120919186 0.0282011184 0.0175033712 0.0321929735 0.0089798091 0.0403642062 0.0084677031 0.0385579567 0.0398505997 0.0118998014 0.0230831223 0.0210349585 0.0255623305 0.0223903624 0.0290082154
7 0.0240760845 0.0335238399 0.0309254559 0.0382034553 0.0283246715 0.013411814 0.0 0.035213656 0.0442114363 0.0352628798 0.0307164569 0.0179297713 0.0244915242 0.0201017817 0.0260609062 0.0163519876 0.0241730714 0.0187338445 0.0249732033 0.0224141441 0.02566533 0.0185071559 0.0284723132 0.0249577071 0.014105479 0.0199344859 0.0346913369 0.0188355988 0.0274779119 0.0151137407 0.0225341277 0.0167164346 0.0266019607 0.0503864422 0.0324263427 0.0073541126 0.0107526539 0.0210655515 0.0430576189 0.0322437114
8 0.0219143375 0.0326978084 0.0359077058 0.0276519664 0.0150723937 0.0279697228 0.035213656 0.0 0.034406613 0.0235889091 0.0347507827 0.0287670312 0.0105584204 0.0293747868 0.0117581945 0.0099948707 0.0187781621 0.0222832749 0.0396272559 0.0110861243 0.0303233081 0.0235021112 0.0258804905 0.018767044 0.0389067492 0.0170587515 0.0184358248 0.0206627405 0.0325286198 0.0322405627 0.0232987521 0.0273436391 0.0259237134 0.023011592 0.0203117493 0.0319248653 0.0197632753 0.0386757326 0.0348034195 0.0252350431
9 0.0227924457 0.0308195346 0.0255881686 0.0182541854 0.0101911572 0.0216454782 0.0442114363 0.034406613 0.0 0.0277291961 0.0244731744 0.020520429 0.0328344136 0.0199957022 0.0087977413 0.0279016704 0.0177651275 0.0301985638 0.022251601 0.0200341434 0.0256494495 0.0411453363 0.0165550279 0.0212048165 0.0098354064 0.0263758139 0.0348994807 0.0538270729 0.0396169852 0.0278563218 0.0398547306 0.0181056071 0.0234021313 0.0084446677 0.0222764916 0.0373521881 0.0225594353 0.0232380208 0.0240984356 0.0232917994
10 0.0226585116 0.0133071216 0.0186771799 0.032134889 0.0413416365 0.0357122457 0.0352628798 0.0235889091 0.0277291961 0.0 0.0304103265 0.0187199303 0.0265126171 0.0065230469 0.0279165996 0.033403874 0.0311384931 0.0229433517 0.016256598 0.0280660496 0.0142861433 0.0307276729 0.0267444062 0.0421159132 0.0229364577 0.020103376 0.0290189489 0.0302467847 0.0249127559 0.0346176353 0.0366819162 0.0208543403 0.0521314824 0.0087555949 0.0193175109 0.0238949279 0.013628902 0.0081191467 0.0212574678 0.0273451606
11 0.0264528894 0.0464970565 0.0266505968 0.0308082522 0.0204020131 0.024923323 0.0307164569 0.0347507827 0.0244731744 0.0304103265 0.0 0.0176447612 0.0116715826 0.0128622165 0.0192967663 0.00692772 0.0368800323 0.0101919942 0.0334017281 0.0249533494 0.0436550325 0.0322248499 0.0272330003 0.0357246634 0.035372957 0.0205966175 0.0216968676 0.0364993091 0.0323422485 0.0178310076 0.0231515388 0.0232096222 0.0153883454 0.0177270463 0.0426371038 0.0324527919 0.0320636691 0.0160163118 0.0120436619 0.0122183331
12 0.0216975208 0.0331964492 0.0223828074 0.0284360251 0.0327932744 0.0288765661 0.0179297713 0.0287670312 0.020520429 0.0187199303 0.0176447612 0.0 0.0016454779 0.0177109223 0.0216748177 0.0111354866 0.0338994881 0.011415739 0.0366695544 0.0329640461 0.0156500711 0.0373919484 0.0410298245 0.0302198322 0.0366714828 0.0353997625 0.0336299687 0.0215247844 0.0347266663 0.0067811826 0.034288923 0.0220688341 0.0269906329 0.0277016172 0.0299677795 0.0384165695 0.0271413093 0.0263883188 0.0100479324 0.0258824616
13 0.0305156139 0.0102945657 0.0149360221 0.0341718195 0.0284275339 0.0247058916 0.0244915242 0.0105584204 0.0328344136 0.0265126171 0.0116715826 0.0016454779 0.0 0.0366138818 0.0269676861 0.0395884305 0.0191826989 0.0318511423 0.0256493038 0.0364694926 0.0341306731 0.0227634737 0.0183920786 0.0438153488 0.0313339085 0.0194867162 0.0075922841 0.0272402996 0.0268000652 0.0134086365 0.0243952534 0.0305417363 0.0311648903 0.0204508936 0.0402193768 0.0418192007 0.0148533215 0.0290928494 0.0311530578 0.0242578172
14 0.0282053607 0.0280132445 0.0361794076 0.0213853003 0.0171310732 0.0280006825 0.0201017817 0.0293747868 0.0199957022 0.0065230469 0.0128622165 0.0177109223 0.0366138818 0.0 0.0448132359 0.0187987785 0.024583091 0.0302270579 0.0340513672 0.0187751657 0.0237916361 0.0494303748 0.0365333175 0.0118585595 0.0273437624 0.0186517679 0.0215981013 0.0424187672 0.0205177548 0.0066740092 0.0346214091 0.0215558169 0.0322149737 0.0268113015 0.0385494422 0.004830256 0.0141281427 0.015898591 0.0350023411 0.0442235717
15 0.0399837249 0.0247077649 0.0132371175 0.0284995065 0.0121899283 0.0433301193 0.0260609062 0.0117581945 0.0087977413 0.0279165996 0.0192967663 0.0216748177 0.0269676861 0.0448132359 0.0 0.0184359157 0.0264995652 0.0415626108 0.0232186219 0.0252110602 0.0153891698 0.0334385497 0.004784668 0.0278835415 0.0272730332 0.0255657538 0.0384827116 0.0045815707 0.0329884606 0.0395153475 0.0209752415 0.044672471 0.027949117 0.0219734239 0.0278670119 0.0238356832 0.0418005733 0.0175454474 0.0217208034 0.0175955382
16 0.0287774538 0.0369224104 0.0147494913 0.0292524851 0.0182876069 0.0180830648 0.0163519876 0.0099948707 0.0279016704 0.033403874 0.00692772 0.0111354866 0.0395884305 0.0187987785 0.0184359157 0.0 0.0317469059 0.0156958111 0.0236083089 0.0203829553 0.0212101697 0.0283960213 0.0291879821 0.0239145092 0.0270400736 0.0265725897 0.0459004801 0.0317769357 0.0265625208 0.0481920458 0.0118071068 0.0380309957 0.0285865943 0.0324711694 0.0323264808 0.026177737 0.0282258281 0.0079721169 0.0288072461 0.0367961692
17 0.0161973144 0.0202615307 0.024518204 0.0286329034 0.0144240514 0.0369489355 0.0241730714 0.0187781621 0.0177651275 0.0311384931 0.0368800323 0.0338994881 0.0191826989 0.024583091 0.0264995652 0.0317469059 0.0 0.0288177789 0.008064176 0.0328253627 0.033632942 0.0190942965 0.0378319 0.0057515269 0.0343106191 0.0166501842 0.0219210003 0.0328765533 0.0137063368 0.0198782616 0.005303126 0.03425546 0.0315231002 0.0297481726 0.0414538743 0.0275396339 0.0367049226 0.0282524548 0.0260552658 0.0281734766
18 0.0261517168 0.0304538704 0.0437793794 0.0173704025 0.0310137126 0.0408327927 0.0187338445 0.0222832749 0.0301985638 0.0229433517 0.0101919942 0.011415739 0.0318511423 0.0302270579 0.0415626108 0.0156958111 0.0288177789 0.0 0.0334755682 0.0207605136 0.0185609381 0.0380872318 0.0410474698 0.0217651477 0.01549182 0.041882787 0.0276114842 0.0204877211 0.0216644406 0.0149257475 0.0181071842 0.0233124595 0.0490030362 0.0135845151 0.0143041071 0.0181518373 0.0203007287 0.0272757163 0.0210952942 0.0255812083
19 0.0261152152 0.0210595921 0.0063785759 0.0198424049 0.0202231046 0.0132895019 0.0249732033 0.0396272559 0.022251601 0.016256598 0.0334017281 0.0366695544 0.0256493038 0.0340513672 0.0232186219 0.0236083089 0.008064176 0.0334755682 0.0 0.0166519225 0.0257455545 0.0355008718 0.026609926 0.0381677565 0.0439692915 0.0119088579 0.0132588361 0.0229056007 0.0213673782 0.0216898598 0.0217258633 0.0157864248 0.0368020549 0.0243932009 0.0236826339 0.0391100955 0.0184467064 0.0345432127 0.0391406512 0.0404376195
20 0.0130310574 0.019841528 0.0294653134 0.0407759237 0.0242244378 0.0301179676 0.0224141441 0.0110861243 0.0200341434 0.0280660496 0.0249533494 0.0329640461 0.0364694926 0.0187751657 0.0252110602 0.0203829553 0.0328253627 0.0207605136 0.0166519225 0.0 0.0178988743 0.0181105941 0.0184123943 0.0385928854 0.0312766139 0.0269025004 0.0296145661 0.0119164834 0.0247756922 0.0308315569 0.0235050533 0.0394219862 0.0332728702 0.0147625992 0.0213187368 0.0259269673 0.0291924879 0.0445676604 0.0396150031 0.0120339177
21 0.0384672102 0.0381172231 0.0326294424 0.0317439308 0.0219803391 0.0382883133 0.02566533 0.0303233081 0.0256494495 0.0142861433 0.0436550325 0.0156500711 0.0341306731 0.0237916361 0.0153891698 0.0212101697 0.033632942 0.0185609381 0.0257455545 0.0178988743 0.0 0.0231862272 0.0313640171 0.0267660725 0.0148741482 0.0153077348 0.0427140081 0.0321200784 0.0121708791 0.0222843155 0.0429171675 0.032876508 0.0160758889 0.0152814345 0.0112183663 0.0136520176 0.021605562 0.0343858749 0.0246865435 0.019697405
22 0.0280079976 0.0303166123 0.0383130025 0.0245450367 0.0275999571 0.0260661087 0.0185071559 0.0235021112 0.0411453363 0.0307276729 0.0322248499 0.0373919484 0.0227634737 0.0494303748 0.0334385497 0.0283960213 0.0190942965 0.0380872318 0.0355008718 0.0181105941 0.0231862272 0.0 0.0200570526 0.020280502 0.031650186 0.0344154876 0.0127422221 0.0271248627 0.0136947753 0.0190847082 0.0271239743 0.0100273456 0.0148788138 0.0227737057 0.0247394471 0.013885994 0.0102549521 0.0142276547 0.0262698027 0.0304130831
23 0.0365912585 0.0097753673 0.0085843504 0.0279207774 0.0357927375 0.0093958395 0.0284723132 0.0258804905 0.0165550279 0.0267444062 0.0272330003 0.0410298245 0.0183920786 0.0365333175 0.004784668 0.0291879821 0.0378319 0.0410474698 0.026609926 0.0184123943 0.0313640171 0.0200570526 0.0 0.0290468953 0.0328744054 0.0122355404 0.0258359399 0.0459490595 0.0222505775 0.0239729637 0.027990042 0.0268466115 0.0252717069 0.0153026758 0.0346103918 0.0154986132 0.0206219665 0.0436170494 0.0348903852 0.0049889771
24 0.0221548598 0.0408665503 0.0240928109 0.0222403225 0.0193853163 0.0347783661 0.0249577071 0.018767044 0.0212048165 0.0421159132 0.0357246634 0.0302198322 0.0438153488 0.0118585595 0.0278835415 0.0239145092 0.0057515269 0.0217651477 0.0381677565 0.0385928854 0.0267660725 0.020280502 0.0290468953 0.0 0.0283343725 0.0256880704 0.0185685889 0.0317076541 0.0253630624 0.0396910368 0.0158536605 0.0105732624 0.0033989523 0.0240216507 0.0195131382 0.0156559805 0.0324261976 0.0298533743 0.0207255707 0.0342744803
25 0.0311232052 0.0441509616 0.0359955881 0.0299764828 0.0259206242 0.0080875662 0.014105479 0.0389067492 0.0098354064 0.0229364577 0.035372957 0.0366714828 0.0313339085 0.0273437624 0.0272730332 0.0270400736 0.0343106191 0.01549182 0.0439692915 0.0312766139 0.0148741482 0.031650186 0.0328744054 0.0283343725 0.0 0.0088743744 0.0002653991 0.0046637936 0.0314524391 0.0201893776 0.0375223491 0.0378153029 0.0182681904 0.0271351161 0.0075760313 0.0344018346 0.038676255 0.0067294119 0.0295307732 0.0180441571
26 0.0221285467 0.0392174713 0.0226984684 0.0303937296 0.0319804184 0.0120919186 0.0199344859 0.0170587515 0.0263758139 0.020103376 0.0205966175 0.0353997625 0.0194867162 0.0186517679 0.0255657538 0.0265725897 0.0166501842 0.041882787 0.0119088579 0.0269025004 0.0153077348 0.0344154876 0.0122355404 0.0256880704 0.0088743744 0.0 0.0262906018 0.0460455075 0.0296117893 0.027241281 0.0233928767 0.0293628944 0.0325361979 0.0327119233 0.0310446078 0.0350120425 0.034632391 0.0077967752 0.0352708099 0.0269285767
27 0.0093602723 0.0307680334 0.0303326873 0.0291614144 0.0197976654 0.0282011184 0.0346913369 0.0184358248 0.0348994807 0.0290189489 0.0216968676 0.0336299687 0.0075922841 0.0215981013 0.0384827116 0.0459004801 0.0219210003 0.0276114842 0.0132588361 0.0296145661 0.0427140081 0.0127422221 0.0258359399 0.0185685889 0.0002653991 0.0262906018 0.0 0.0043641828 0.0299982161 0.0404101674 0.0346672446 0.0350585894 0.0118815282 0.0382625568 0.0484451188 0.0098918695 0.0270567993 0.0212236538 0.0249256651 0.0214245658
28 0.0234590036 0.0154910323 0.0240245209 0.0189449036 0.0254725195 0.0175033712 0.0188355988 0.0206627405 0.0538270729 0.0302467847 0.0364993091 0.0215247844 0.0272402996 0.0424187672 0.0045815707 0.0317769357 0.0328765533 0.0204877211 0.0229056007 0.0119164834 0.0321200784 0.0271248627 0.0459490595 0.0317076541 0.0046637936 0.0460455075 0.0043641828 0.0 0.0070717891 0.0335463196 0.0201452744 0.0345099099 0.0171971405 0.0304620005 0.025192663 0.0237982003 0.0301116774 0.0502301146 0.0187404638 0.016323735
29 0.0212507482 0.0229866424 0.0134375604 0.0283858623 0.02243164 0.0321929735 0.0274779119 0.0325286198 0.0396169852 0.0249127559 0.0323422485 0.0347266663 0.0268000652 0.0205177548 0.0329884606 0.0265625208 0.0137063368 0.0216644406 0.0213673782 0.0247756922 0.0121708791 0.0136947753 0.0222505775 0.0253630624 0.0314524391 0.0296117893 0.0299982161 0.0070717891 0.0 0.0325593996 0.0263961339 0.0270335269 0.0297947681 0.0243061901 0.0196559887 0.0302607126 0.0320120756 0.0346439555 0.0359418839 0.0151085739
30 0.0281697286 0.0300194033 0.0324867598 0.0103158023 0.0288907855 0.0089798091 0.0151137407 0.0322405627 0.0278563218 0.0346176353 0.0178310076 0.0067811826 0.0134086365 0.0066740092 0.0395153475 0.0481920458 0.0198782616 0.0149257475 0.0216898598 0.0308315569 0.0222843155 0.0190847082 0.0239729637 0.0396910368 0.0201893776 0.027241281 0.0404101674 0.0335463196 0.0325593996 0.0 0.0452941481 0.0204534647 0.0342238696 0.0439465116 0.0242085921 0.0384230115 0.0313753474 0.0096853643 0.0031822185 0.0218096987
31 0.0249484327 0.0268476185 0.0185445751 0.0168676077 0.0120106787 0.0403642062 0.0225341277 0.0232987521 0.0398547306 0.0366819162 0.0231515388 0.034288923 0.0243952534 0.0346214091 0.0209752415 0.0118071068 0.005303126 0.0181071842 0.0217258633 0.0235050533 0.0429171675 0.0271239743 0.027990042 0.0158536605 0.0375223491 0.0233928767 0.0346672446 0.0201452744 0.0263961339 0.0452941481 0.0 0.023640416 0.007460992 0.0268642828 0.0214229415 0.0041697768 0.0355074368 0.0398566993 0.0364209689 0.0235202703
32 0.0283624617 0.0044891572 0.0394494842 0.0178313991 0.0214129357 0.0084677031 0.0167164346 0.0273436391 0.0181056071 0.0208543403 0.0232096222 0.0220688341 0.0305417363 0.0215558169 0.044672471 0.0380309957 0.03425546 0.0233124595 0.0157864248 0.0394219862 0.032876508 0.0100273456 0.0268466115 0.0105732624 0.0378153029 0.0293628944 0.0350585894 0.0345099099 0.0270335269 0.0204534647 0.023640416 0.0 0.0255561358 0.0165116671 0.0263257065 0.0345319897 0.022632642 0.0441813069 0.0211194829 0.0250542686
33 0.0245544023 0.0022793922 0.0252553434 0.0163519093 0.0345350718 0.0385579567 0.0266019607 0.0259237134 0.0234021313 0.0521314824 0.0153883454 0.0269906329 0.0311648903 0.0322149737 0.027949117 0.0285865943 0.0315231002 0.0490030362 0.0368020549 0.0332728702 0.0160758889 0.0148788138 0.0252717069 0.0033989523 0.0182681904 0.0325361979 0.0118815282 0.0171971405 0.0297947681 0.0342238696 0.007460992 0.0255561358 0.0 0.0327905452 0.0072293798 0.0322547009 0.0240432872 0.0251294968 0.0281633265 0.0313561008
34 0.0347947569 0.0066608654 0.0236635946 0.0450630409 0.037582489 0.0398505997 0.0503864422 0.023011592 0.0084446677 0.0087555949 0.0177270463 0.0277016172 0.0204508936 0.0268113015 0.0219734239 0.0324711694 0.0297481726 0.0135845151 0.0243932009 0.0147625992 0.0152814345 0.0227737057 0.0153026758 0.0240216507 0.0271351161 0.0327119233 0.0382625568 0.0304620005 0.0243061901 0.0439465116 0.0268642828 0.0165116671 0.0327905452 0.0 0.0204102583 0.0225459477 0.026169519 0.0245203845 0.0289287529 0.0192172948
35 0.031455924 0.0363233817 0.0215269205 0.0220555403 0.0470887118 0.0118998014 0.0324263427 0.0203117493 0.0222764916 0.0193175109 0.0426371038 0.0299677795 0.0402193768 0.0385494422 0.0278670119 0.0323264808 0.0414538743 0.0143041071 0.0236826339 0.0213187368 0.0112183663 0.0247394471 0.0346103918 0.0195131382 0.0075760313 0.0310446078 0.0484451188 0.025192663 0.0196559887 0.0242085921 0.0214229415 0.0263257065 0.0072293798 0.0204102583 0.0 0.0034700968 0.0446387563 0.015362209 0.0115610985 0.026366287
36 0.0422651051 0.009461166 0.02204758 0.0152006537 0.0465403675 0.0230831223 0.0073541126 0.0319248653 0.0373521881 0.0238949279 0.0324527919 0.0384165695 0.0418192007 0.004830256 0.0238356832 0.026177737 0.0275396339 0.0181518373 0.0391100955 0.0259269673 0.0136520176 0.013885994 0.0154986132 0.0156559805 0.0344018346 0.0350120425 0.0098918695 0.0237982003 0.0302607126 0.0384230115 0.0041697768 0.0345319897 0.0322547009 0.0225459477 0.0034700968 0.0 0.0239819251 0.0460219447 0.0377653536 0.0273931276
37 0.0223614638 0.0272973889 0.0301261008 0.0172610845 0.0238292262 0.0210349585 0.0107526539 0.0197632753 0.0225594353 0.013628902 0.0320636691 0.0271413093 0.0148533215 0.0141281427 0.0418005733 0.0282258281 0.0367049226 0.0203007287 0.0184467064 0.0291924879 0.021605562 0.0102549521 0.0206219665 0.0324261976 0.038676255 0.034632391 0.0270567993 0.0301116774 0.0320120756 0.0313753474 0.0355074368 0.022632642 0.0240432872 0.026169519 0.0446387563 0.0239819251 0.0 0.028714229 0.0072651469 0.0368016549
38 0.0130999133 0.0418464542 0.0212925457 0.0229357419 0.0175544217 0.0255623305 0.0210655515 0.0386757326 0.0232380208 0.0081191467 0.0160163118 0.0263883188 0.0290928494 0.015898591 0.0175454474 0.0079721169 0.0282524548 0.0272757163 0.0345432127 0.0445676604 0.0343858749 0.0142276547 0.0436170494 0.0298533743 0.0067294119 0.0077967752 0.0212236538 0.0502301146 0.0346439555 0.0096853643 0.0398566993 0.0441813069 0.0251294968 0.0245203845 0.015362209 0.0460219447 0.028714229 0.0 0.0170008958 0.0258770668
39 0.0081284527 0.0170040313 0.0277224911 0.0199199882 0.0492285655 0.0223903624 0.0430576189 0.0348034195 0.0240984356 0.0212574678 0.0120436619 0.0100479324 0.0311530578 0.0350023411 0.0217208034 0.0288072461 0.0260552658 0.0210952942 0.0391406512 0.0396150031 0.0246865435 0.0262698027 0.0348903852 0.0207255707 0.0295307732 0.0352708099 0.0249256651 0.0187404638 0.0359418839 0.0031822185 0.0364209689 0.0211194829 0.0281633265 0.0289287529 0.0115610985 0.0377653536 0.0072651469 0.0170008958 0.0 0.0253187673
40 0.0199742033 0.031894037 0.0347328861 0.0357298993 0.0234268407 0.0290082154 0.0322437114 0.0252350431 0.0232917994 0.0273451606 0.0122183331 0.0258824616 0.0242578172 0.0442235717 0.0175955382 0.0367961692 0.0281734766 0.0255812083 0.0404376195 0.0120339177 0.019697405 0.0304130831 0.0049889771 0.0342744803 0.0180441571 0.0269285767 0.0214245658 0.016323735 0.0151085739 0.0218096987 0.0235202703 0.0250542686 0.0313561008 0.0192172948 0.026366287 0.0273931276 0.0368016549 0.0258770668 0.0253187673 0.0
