45
1 0.0 0.0226273616 0.0175682577 0.0286604596 0.0230393378 0.0178661166 0.0357445901 0.0167886972 0.0151341125 0.0255360303 0.0220632286 0.0065905158 0.0172800269 0.0143339882 0.0144981145 0.0111969333 0.0245235279 0.0343226137 0.0264638413 0.0159051114 0.0362877532 0.0150846103 0.0297948791 0.0166822328 0.0219072804 0.0288059158 0.0311432773 0.0393196556 0.022102645 0.031325226 0.0104095763 0.0358416956 0.0255746993 0.0149091747 0.0210750115 0.0065686446 0.0214415365 0.0343882744 0.0301387083 0.0258873325 0.0303342523 0.0239719666 0.0260138488 0.0150278733 0.0158210645
2 0.0226273616 0.0 0.024698313 0.0378949277 0.0429932872 0.0170107729 0.0202118617 0.0154015181 0.0250608604 0.018169361 0.0386678821 0.0290965404 0.0107412203 0.0125696169 0.0248831616 0.0229337132 0.0299215919 0.0274699455 0.0101340649 0.0208900779 0.0037527173 0.0253757544 0.0260359822 0.0317008606 0.011819315 0.0194758328 0.0390824 0.0358388768 0.0059712382 0.027853067 0.0234000088 0.0189953322 0.0124357334 0.0020660418 0.0247584814 0.033369991 0.0362675169 0.0417632054 0.0229927193 0.0155054951 0.0224711014 0.0174038762 0.0116082718 0.0273655131 0.0113145895
3 0.0175682577 0.024698313 0.0 0.0207104909 0.0312942356 0.0091442271 0.0273280223 0.0084878019 0.0410212705 0.0243890787 0.021883603 0.0114005242 0.0225439976 0.0201898736 0.0390955468 0.0049171397 0.0107888872 0.0194658714 0.0137332732 0.028170644 0.0197746054 0.0410489853 0.0333429783 0.0083289507 0.0241131697 0.0186082116 0.0180145296 0.0262653972 0.0156074913 0.0233191638 0.0243797228 0.0192633493 0.0369062881 0.0307380454 0.0199761897 0.027849861 0.0209152434 0.0294049953 0.0295936755 0.0282656283 0.0221685417 0.0205047323 0.0276819305 0.012594916 0.0245023394
4 0.0286604596 0.0378949277 0.0207104909 0.0 0.0046785395 0.0183640232 0.0373972429 0.0226294776 0.0191638173 0.0098547589 0.0269068245 0.0445835431 0.0363925007 0.0356487477 0.0125223197 0.0166645824 0.0155362633 0.0176610847 0.0079615268 0.0311751529 0.0077772805 0.0203164891 0.02284502 0.0253850109 0.0287185844 0.0170697092 0.0280242886 0.006749372 0.0321212657 0.0137267481 0.0295555579 0.0167214869 0.031894552 0.0225068354 0.0230528687 0.020126979 0.0224502756 0.016469377 0.0416145338 0.0308639446 0.0287988049 0.0296426612 0.0119463687 0.0073533548 0.0198623476
5 0.0230393378 0.0429932872 0.0312942356 0.0046785395 0.0 0.0251728356 0.0213853923 0.0216541819 0.0162030278 0.004813763 0.0238981992 0.0194058357 0.0134550022 0.0193893958 0.0164149845 0.0296806032 0.0204254851 0.0236574125 0.0105184161 0.0258100517 0.0272244464 0.0323447209 0.0086669502 0.0320408292 0.0289564442 0.0110094475 0.0298635644 0.0226539043 0.0397825005 0.018061395 0.0240685048 0.0237391453 0.0220444737 0.037656496 0.0102496637 0.0297543515 0.0192938276 0.0346046746 0.0181059523 0.0367308818 0.0035006299 0.0326377074 0.018137335 0.0253700343 0.0196121328
6 0.0178661166 0.0170107729 0.0091442271 0.0183640232 0.0251728356 0.0 0.0252571452 0.0201491938 0.0227357783 0.0055297887 0.0270685762 0.0368456352 0.043769686 0.0335295721 0.0140220799 0.0095817124 0.0310943765 0.0217857209 0.0268824867 0.0407963846 0.0025489588 0.0224861684 0.0389821784 0.0311053324 0.0190861794 0.0207913908 0.0279763956 0.0350818081 0.0038017752 0.0353647368 0.0383889438 0.026868082 0.0011875379 0.0195131444 0.0226888719 0.030046051 0.0443136266 0.0040510413 0.0000183435000000000 0.0155062331 0.0274789057 0.007266412 0.0176781288 0.0336032256 0.0275604165
7 0.0357445901 0.0202118617 0.0273280223 0.0373972429 0.0213853923 0.0252571452 0.0 0.0201666726 0.023927534 0.0175672004 0.0268060064 0.0204900494 0.0100600116 0.0182562908 0.032652425 0.0264757143 0.0257665441 0.0330019778 0.021046601 0.0187993433 0.009364074 0.0261686719 0.002723786 0.0306170287 0.0225821954 0.0052217649 0.0181865654 0.0305868969 0.0260746468 0.0092972168 0.0244366585 0.0169724854 0.0194212507 0.0342695204 0.0329748208 0.0180674077 0.0116997635 0.0084813508 0.0195548295 0.0115658483 0.0399402369 0.0263635378 0.0268485747 0.0276950783 0.0385451649
8 0.0167886972 0.0154015181 0.0084878019 0.0226294776 0.0216541819 0.0201491938 0.0201666726 0.0 0.0171804388 0.0237188841 0.0217190912 0.019927969 0.0258063456 0.0364879225 0.0372908569 0.0169775894 0.0144773833 0.0284568995 0.0297920639 0.0290946095 0.0294947984 0.0184312461 0.0360825244 0.0184836206 0.0259533432 0.029162244 0.0049802698 0.0255633368 0.0309248312 0.0271341539 0.0326465038 0.0257554941 0.0328621816 0.0248606791 0.0272467619 0.0260525864 0.0016618294 0.0220065378 0.0171863395 0.0129851274 0.0329864245 0.0099580744 0.0235328 0.0217963373 0.0160443576
9 0.0151341125 0.0250608604 0.0410212705 0.0191638173 0.0162030278 0.0227357783 0.023927534 0.0171804388 0.0 0.0088776687 0.0306990593 0.0091132366 0.0391736468 0.0201561327 0.0169783279 0.0316652231 0.0252960376 0.0091506627 0.0197378717 0.0219994018 0.0294000975 0.0237502951 0.0200984741 0.019155036 0.0194988056 0.0370182311 0.0195947216 0.0206519356 0.0244966326 0.0264688542 0.0190849852 0.0094037333 0.0203631201 0.0248332964 0.0309347681 0.0211952346 0.0259777241 0.0202046154 0.0248542598 0.0191009131 0.0290309362 0.029590237 0.0121584645 0.0190528223 0.0408076984
10 0.0255360303 0.018169361 0.0243890787 0.0098547589 0.004813763 0.0055297887 0.0175672004 0.0237188841 0.0088776687 0.0 0.0090391996 0.0110254945 0.0261148808 0.0256355155 0.0232186344 0.0314110602 0.0347161906 0.027969175 0.0353231702 0.017502673 0.0118298281 0.0245304947 0.0258730814 0.0236962653 0.0106249949 0.021350909 0.0406174342 0.021151921 0.0160764625 0.0273825343 0.017545792 0.0216185003 0.0345096988 0.0171215379 0.0366975141 0.0371623104 0.0217441279 0.0361847335 0.0160719376 0.0248260735 0.0225179902 0.0345154405 0.0199358234 0.0150584923 0.0409435745
11 0.0220632286 0.0386678821 0.021883603 0.0269068245 0.0238981992 0.0270685762 0.0268060064 0.0217190912 0.0306990593 0.0090391996 0.0 0.0198062626 0.0230176174 0.0128552702 0.0146493837 0.032948984 0.0231329525 0.032959484 0.0241033307 0.0107009992 0.017252345 0.0183486214 0.0227739178 0.0318678388 0.0224349009 0.0344012174 0.0284813357 0.0168262962 0.0177739552 0.0210601401 0.0328783251 0.0237732669 0.0285396903 0.025168002 0.0361392528 0.0267081589 0.0101727176 0.0218866098 0.0112765176 0.0232712429 0.015000062 0.0321459482 0.020683144 0.011080772 0.0071297674
12 0.0065905158 0.0290965404 0.0114005242 0.0445835431 0.0194058357 0.0368456352 0.0204900494 0.019927969 0.0091132366 0.0110254945 0.0198062626 0.0 0.0360112835 0.0242804868 0.0330082947 0.0057241082 0.0149225807 0.0302380953 0.0121545244 0.0053333879 0.0321712756 0.0231224427 0.0268163554 0.0316134855 0.0344610549 0.032943371 0.0261528997 0.0210888085 0.0292547513 0.0343752771 0.0141766438 0.0234984024 0.0169180855 0.0109803807 0.0231159169 0.0096018441 0.0336704587 0.0263688428 0.0401609163 0.0153169693 0.0284967714 0.0244621398 0.0108820572 0.0239280926 0.0164643888
13 0.0172800269 0.0107412203 0.0225439976 0.0363925007 0.0134550022 0.043769686 0.0100600116 0.0258063456 0.0391736468 0.0261148808 0.0230176174 0.0360112835 0.0 0.021756044 0.0377661783 0.0144613295 0.0195393407 0.0104279127 0.0288774703 0.0350835663 0.033405137 0.0224007039 0.0375222136 0.0060641141 0.0240514635 0.0019990822 0.0110567937 0.0156689717 0.0262297294 0.0152472085 0.0234978687 0.0261333147 0.0346748116 0.0199513524 0.029269826 0.0178592811 0.0024728918 0.0350623876 0.0259497783 0.0067541178 0.0222080993 0.0252626588 0.0291349339 0.0220657804 0.013779419
14 0.0143339882 0.0125696169 0.0201898736 0.0356487477 0.0193893958 0.0335295721 0.0182562908 0.0364879225 0.0201561327 0.0256355155 0.0128552702 0.0242804868 0.021756044 0.0 0.0171481522 0.0106338538 0.0338412319 0.0246310238 0.0224621732 0.0165104476 0.0176018298 0.0138061371 0.0122220479 0.0300071167 0.0217805734 0.029363038 0.0158141085 0.0308054359 0.0290754647 0.0206144201 0.0274624883 0.0385839548 0.0155780274 0.0170759218 0.0113890465 0.0361343126 0.0320012421 0.0279318807 0.0314023017 0.0190680478 0.0229303847 0.0176001894 0.0136269961 0.0231548486 0.0246544459
15 0.0144981145 0.0248831616 0.0390955468 0.0125223197 0.0164149845 0.0140220799 0.032652425 0.0372908569 0.0169783279 0.0232186344 0.0146493837 0.0330082947 0.0377661783 0.0171481522 0.0 0.0166986009 0.0169600882 0.0025784447 0.0112096164 0.0144656559 0.0373324319 0.0219565904 0.0287330789 0.0070869784 0.0155234599 0.0240105142 0.0040569491 0.0233194931 0.0360587872 0.0175336154 0.0332404677 0.0318742559 0.0253485024 0.024282239 0.0340107248 0.0282108556 0.024071949 0.0240864661 0.0200867697 0.0296722189 0.0216123153 0.0157783979 0.0240931538 0.0305314043 0.0214275152
16 0.0111969333 0.0229337132 0.0049171397 0.0166645824 0.0296806032 0.0095817124 0.0264757143 0.0169775894 0.0316652231 0.0314110602 0.032948984 0.0057241082 0.0144613295 0.0106338538 0.0166986009 0.0 0.0129167504 0.0243188119 0.0353645977 0.0330028731 0.028888908 0.0218952979 0.0133065886 0.0257890416 0.0308994651 0.0262622325 0.0348132687 0.0269609048 0.0234691803 0.0194235557 0.036457115 0.0204104546 0.032458002 0.020534772 0.0121511629 0.0158309687 0.0170839093 0.0115628027 0.0277980483 0.0309659606 0.0256993116 0.0401307402 0.0270952121 0.0272374125 0.0153015035
17 0.0245235279 0.0299215919 0.0107888872 0.0155362633 0.0204254851 0.0310943765 0.0257665441 0.0144773833 0.0252960376 0.0347161906 0.0231329525 0.0149225807 0.0195393407 0.0338412319 0.0169600882 0.0129167504 0.0 0.0199437509 0.0152151937 0.0241788213 0.0305760739 0.0184635267 0.0192000324 0.0225405303 0.0132037937 0.0254065575 0.0284297209 0.0365675327 0.013719855 0.0129982285 0.0132377643 0.031607368 0.0228929342 0.0287382817 0.0247919536 0.0245725904 0.0274027345 0.0038886209 0.0343005194 0.0270222889 0.0266383719 0.0244210702 0.0165119959 0.0276072805 0.032063376
18 0.0343226137 0.0274699455 0.0194658714 0.0176610847 0.0236574125 0.0217857209 0.0330019778 0.0284568995 0.0091506627 0.027969175 0.032959484 0.0302380953 0.0104279127 0.0246310238 0.0025784447 0.0243188119 0.0199437509 0.0 0.0137954515 0.0225023814 0.0238815149 0.0444482165 0.0079261262 0.0249758733 0.0143362046 0.0165702415 0.0116921577 0.021895146 0.0192595644 0.0213482497 0.0166909772 0.0276847118 0.0269062719 0.0017898747 0.0249457642 0.0259633098 0.0299601226 0.0361255897 0.0264082615 0.0438180196 0.0126467915 0.0446328792 0.0120094794 0.0302696246 0.0094783073
19 0.0264638413 0.0101340649 0.0137332732 0.0079615268 0.0105184161 0.0268824867 0.021046601 0.0297920639 0.0197378717 0.0353231702 0.0241033307 0.0121545244 0.0288774703 0.0224621732 0.0112096164 0.0353645977 0.0152151937 0.0137954515 0.0 0.0255376266 0.0171950547 0.0208453511 0.0435671215 0.0239081237 0.0328492261 0.0245520799 0.0263153364 0.0308526345 0.0236273267 0.0319078319 0.0032331283 0.021553447 0.0319064956 0.021451196 0.0112918181 0.029558532 0.0341308455 0.0332751988 0.0116308088 0.0325028974 0.0138229816 0.0278345778 0.0124970404 0.0308025747 0.0185750705
20 0.0159051114 0.0208900779 0.028170644 0.0311751529 0.0258100517 0.0407963846 0.0187993433 0.0290946095 0.0219994018 0.017502673 0.0107009992 0.0053333879 0.0350835663 0.0165104476 0.0144656559 0.0330028731 0.0241788213 0.0225023814 0.0255376266 0.0 0.0222148761 0.0119815748 0.0197442883 0.0289030591 0.0292952038 0.0247084398 0.04000318 0.0166581838 0.0228790868 0.0245005725 0.0178564701 0.0149003942 0.0182824595 0.0232813131 0.0328080445 0.0221128448 0.0185388105 0.0272212989 0.0244317402 0.023150264 0.0354224906 0.0076693198 0.0200595422 0.013656328 0.0222610054
21 0.0362877532 0.0037527173 0.0197746054 0.0077772805 0.0272244464 0.0025489588 0.009364074 0.0294947984 0.0294000975 0.0118298281 0.017252345 0.0321712756 0.033405137 0.0176018298 0.0373324319 0.028888908 0.0305760739 0.0238815149 0.0171950547 0.0222148761 0.0 0.0354549339 0.0207440018 0.0048199559 0.0281236012 0.0144535461 0.02768214 0.0182538147 0.0296041569 0.0292200332 0.0213241872 0.0209153674 0.0375877874 0.0431387849 0.0195769007 0.0212639815 0.0131102984 0.0146181474 0.0209096881 0.0082336356 0.0358030602 0.00639296 0.0410545595 0.0302847059 0.0194557457
22 0.0150846103 0.0253757544 0.0410489853 0.0203164891 0.0323447209 0.0224861684 0.0261686719 0.0184312461 0.0237502951 0.0245304947 0.0183486214 0.0231224427 0.0224007039 0.0138061371 0.0219565904 0.0218952979 0.0184635267 0.0444482165 0.0208453511 0.0119815748 0.0354549339 0.0 0.027144497 0.0262214475 0.018680291 0.0229733699 0.0185946758 0.0330493255 0.0307519389 0.0276902918 0.0213672206 0.0243922146 0.0052684406 0.0032289489 0.0314501069 0.036643442 0.0199305505 0.0283888775 0.0225837931 0.0106277754 0.032585378 0.0183984484 0.0060957662 0.0239037431 0.0077686244
23 0.0297948791 0.0260359822 0.0333429783 0.02284502 0.0086669502 0.0389821784 0.002723786 0.0360825244 0.0200984741 0.0258730814 0.0227739178 0.0268163554 0.0375222136 0.0122220479 0.0287330789 0.0133065886 0.0192000324 0.0079261262 0.0435671215 0.0197442883 0.0207440018 0.027144497 0.0 0.0127741665 0.0163747448 0.0189994853 0.0170672817 0.0109220251 0.0212353294 0.0296867096 0.0277134094 0.0265845891 0.0110668895 0.0286079147 0.0186663258 0.0114013855 0.0329491434 0.0074956364 0.0168528558 0.036637305 0.0319072634 0.0218448457 0.0276132028 0.0226178652 0.0268355025
24 0.0166822328 0.0317008606 0.0083289507 0.0253850109 0.0320408292 0.0311053324 0.0306170287 0.0184836206 0.019155036 0.0236962653 0.0318678388 0.0316134855 0.0060641141 0.0300071167 0.0070869784 0.0257890416 0.0225405303 0.0249758733 0.0239081237 0.0289030591 0.0048199559 0.0262214475 0.0127741665 0.0 0.0200684729 0.0408324604 0.0245278287 0.0379095911 0.0243004036 0.0221902242 0.0421355829 0.0219252725 0.009365741 0.0368262927 0.0077982535 0.0178938815 0.0193749044 0.0215673094 0.0200752549 0.0214403098 0.0051439006 0.0077771282 0.0373077342 0.0116825362 0.0360900189
25 0.0219072804 0.011819315 0.0241131697 0.0287185844 0.0289564442 0.0190861794 0.0225821954 0.0259533432 0.0194988056 0.0106249949 0.0224349009 0.0344610549 0.0240514635 0.0217805734 0.0155234599 0.0308994651 0.0132037937 0.0143362046 0.0328492261 0.0292952038 0.0281236012 0.018680291 0.0163747448 0.0200684729 0.0 0.0180256664 0.0248117082 0.0250269114 0.0240660628 0.0303473742 0.0239559998 0.0251951466 0.0136290182 0.0200162093 0.0235481224 0.0351473798 0.01324535 0.0301625809 0.0052401456 0.0248316114 0.0256699664 0.0165983058 0.0374869163 0.0218572425 0.025795514
26 0.0288059158 0.0194758328 0.0186082116 0.0170697092 0.0110094475 0.0207913908 0.0052217649 0.029162244 0.0370182311 0.021350909 0.0344012174 0.032943371 0.0019990822 0.029363038 0.0240105142 0.0262622325 0.0254065575 0.0165702415 0.0245520799 0.0247084398 0.0144535461 0.0229733699 0.0189994853 0.0408324604 0.0180256664 0.0 0.0274739289 0.0199508861 0.0063633402 0.0244675508 0.0092633924 0.0166048384 0.0178243922 0.0231510579 0.0149742354 0.0144440013 0.0223249177 0.0284780874 0.0260325323 0.0261764258 0.0142318588 0.0389767796 0.0349478529 0.0301297475 0.0401692156
27 0.0311432773 0.0390824 0.0180145296 0.0280242886 0.0298635644 0.0279763956 0.0181865654 0.0049802698 0.0195947216 0.0406174342 0.0284813357 0.0261528997 0.0110567937 0.0158141085 0.0040569491 0.0348132687 0.0284297209 0.0116921577 0.0263153364 0.04000318 0.02768214 0.0185946758 0.0170672817 0.0245278287 0.0248117082 0.0274739289 0.0 0.0215624816 0.0259991704 0.0139185224 0.0111169735 0.0227138419 0.0116165613 0.0212496475 0.0188314785 0.0108930633 0.0271757722 0.0231580846 0.0313924301 0.0217849731 0.0265392051 0.0210671692 0.0300945466 0.0156135349 0.0208157837
28 0.0393196556 0.0358388768 0.0262653972 0.006749372 0.0226539043 0.0350818081 0.0305868969 0.0255633368 0.0206519356 0.021151921 0.0168262962 0.0210888085 0.0156689717 0.0308054359 0.0233194931 0.0269609048 0.0365675327 0.021895146 0.0308526345 0.0166581838 0.0182538147 0.0330493255 0.0109220251 0.0379095911 0.0250269114 0.0199508861 0.0215624816 0.0 0.0169932831 0.0222176169 0.0207059942 0.0247085851 0.0249378284 0.0343077994 0.0078026225 0.020078742 0.0138702266 0.0116496784 0.0276313862 0.021317914 0.0093990819 0.0167420033 0.0236832957 0.0252845083 0.0074878869
29 0.022102645 0.0059712382 0.0156074913 0.0321212657 0.0397825005 0.0038017752 0.0260746468 0.0309248312 0.0244966326 0.0160764625 0.0177739552 0.0292547513 0.0262297294 0.0290754647 0.0360587872 0.0234691803 0.013719855 0.0192595644 0.0236273267 0.0228790868 0.0296041569 0.0307519389 0.0212353294 0.0243004036 0.0240660628 0.0063633402 0.0259991704 0.0169932831 0.0 0.0191243448 0.0176210602 0.0139509793 0.0335218083 0.0258396838 0.0082892175 0.0161269336 0.02246208 0.014932743 0.0306733186 0.0348331702 0.0163467123 0.0254494269 0.0382144245 0.0256144796 0.019378742
30 0.031325226 0.027853067 0.0233191638 0.0137267481 0.018061395 0.0353647368 0.0092972168 0.0271341539 0.0264688542 0.0273825343 0.0210601401 0.0343752771 0.0152472085 0.0206144201 0.0175336154 0.0194235557 0.0129982285 0.0213482497 0.0319078319 0.0245005725 0.0292200332 0.0276902918 0.0296867096 0.0221902242 0.0303473742 0.0244675508 0.0139185224 0.0222176169 0.0191243448 0.0 0.0140081585 0.0310001214 0.0304723385 0.0367230058 0.0193313852 0.0299158505 0.0260019284 0.0151689886 0.0124868481 0.005757774 0.0062346384 0.018649284 0.0212501545 0.0132846621 0.0419099985
31 0.0104095763 0.0234000088 0.0243797228 0.0295555579 0.0240685048 0.0383889438 0.0244366585 0.0326465038 0.0190849852 0.017545792 0.0328783251 0.0141766438 0.0234978687 0.0274624883 0.0332404677 0.036457115 0.0132377643 0.0166909772 0.0032331283 0.0178564701 0.0213241872 0.0213672206 0.0277134094 0.0421355829 0.0239559998 0.0092633924 0.0111169735 0.0207059942 0.0176210602 0.0140081585 0.0 0.0263321928 0.0285788478 0.0203406382 0.0255166954 0.010259127 0.0245755646 0.0219558142 0.0221595325 0.0272367137 0.016192785 0.0328870538 0.0194097703 0.0131450883 0.0395506952
32 0.0358416956 0.0189953322 0.0192633493 0.0167214869 0.0237391453 0.026868082 0.0169724854 0.0257554941 0.0094037333 0.0216185003 0.0237732669 0.0234984024 0.0261333147 0.0385839548 0.0318742559 0.0204104546 0.031607368 0.0276847118 0.021553447 0.0149003942 0.0209153674 0.0243922146 0.0265845891 0.0219252725 0.0251951466 0.0166048384 0.0227138419 0.0247085851 0.0139509793 0.0310001214 0.0263321928 0.0 0.0052082339 0.0250165376 0.0150523469 0.0307765599 0.0409521349 0.0101650626 0.0299557199 0.0141404256 0.0220018074 0.0203989908 0.0271819743 0.0196696684 0.0099585144
33 0.0255746993 0.0124357334 0.0369062881 0.031894552 0.0220444737 0.0011875379 0.0194212507 0.0328621816 0.0203631201 0.0345096988 0.0285396903 0.0169180855 0.0346748116 0.0155780274 0.0253485024 0.032458002 0.0228929342 0.0269062719 0.0319064956 0.0182824595 0.0375877874 0.0052684406 0.0110668895 0.009365741 0.0136290182 0.0178243922 0.0116165613 0.0249378284 0.0335218083 0.0304723385 0.0285788478 0.0052082339 0.0 0.0181745053 0.0167771489 0.0328342107 0.0387215773 0.0129485188 0.0240889245 0.010904287 0.0167089766 0.0256019583 0.0215350686 0.0212592202 0.0406629008
34 0.0149091747 0.0020660418 0.0307380454 0.0225068354 0.037656496 0.0195131444 0.0342695204 0.0248606791 0.0248332964 0.0171215379 0.025168002 0.0109803807 0.0199513524 0.0170759218 0.024282239 0.020534772 0.0287382817 0.0017898747 0.021451196 0.0232813131 0.0431387849 0.0032289489 0.0286079147 0.0368262927 0.0200162093 0.0231510579 0.0212496475 0.0343077994 0.0258396838 0.0367230058 0.0203406382 0.0250165376 0.0181745053 0.0 0.0440401534 0.0140282138 0.0154014468 0.0249400589 0.0118506191 0.0179070005 0.0180414236 0.0227337935 0.0132680056 0.0256063172 0.033833837
35 0.0210750115 0.0247584814 0.0199761897 0.0230528687 0.0102496637 0.0226888719 0.0329748208 0.0272467619 0.0309347681 0.0366975141 0.0361392528 0.0231159169 0.029269826 0.0113890465 0.0340107248 0.0121511629 0.0247919536 0.0249457642 0.0112918181 0.0328080445 0.0195769007 0.0314501069 0.0186663258 0.0077982535 0.0235481224 0.0149742354 0.0188314785 0.0078026225 0.0082892175 0.0193313852 0.0255166954 0.0150523469 0.0167771489 0.0440401534 0.0 0.0188353406 0.0168824272 0.0319830734 0.0168897738 0.0412759003 0.0351499509 0.0110839606 0.0115740987 0.0177717941 0.0373302251
36 0.0065686446 0.033369991 0.027849861 0.020126979 0.0297543515 0.030046051 0.0180674077 0.0260525864 0.0211952346 0.0371623104 0.0267081589 0.0096018441 0.0178592811 0.0361343126 0.0282108556 0.0158309687 0.0245725904 0.0259633098 0.029558532 0.0221128448 0.0212639815 0.036643442 0.0114013855 0.0178938815 0.0351473798 0.0144440013 0.0108930633 0.020078742 0.0161269336 0.0299158505 0.010259127 0.0307765599 0.0328342107 0.0140282138 0.0188353406 0.0 0.0223905573 0.0292491264 0.0146909679 0.0183020409 0.0330283545 0.0231524132 0.0301245869 0.0074950044 0.0142787204
37 0.0214415365 0.0362675169 0.0209152434 0.0224502756 0.0192938276 0.0443136266 0.0116997635 0.0016618294 0.0259777241 0.0217441279 0.0101727176 0.0336704587 0.0024728918 0.0320012421 0.024071949 0.0170839093 0.0274027345 0.0299601226 0.0341308455 0.0185388105 0.0131102984 0.0199305505 0.0329491434 0.0193749044 0.01324535 0.0223249177 0.0271757722 0.0138702266 0.02246208 0.0260019284 0.0245755646 0.0409521349 0.0387215773 0.0154014468 0.0168824272 0.0223905573 0.0 0.0307635357 0.0198511528 0.0186045522 0.0109793714 0.0214502498 0.0194802275 0.0236753298 0.0305555479
38 0.0343882744 0.0417632054 0.0294049953 0.016469377 0.0346046746 0.0040510413 0.0084813508 0.0220065378 0.0202046154 0.0361847335 0.0218866098 0.0263688428 0.0350623876 0.0279318807 0.0240864661 0.0115628027 0.0038886209 0.0361255897 0.0332751988 0.0272212989 0.0146181474 0.0283888775 0.0074956364 0.0215673094 0.0301625809 0.0284780874 0.0231580846 0.0116496784 0.014932743 0.0151689886 0.0219558142 0.0101650626 0.0129485188 0.0249400589 0.0319830734 0.0292491264 0.0307635357 0.0 0.0204131874 0.0234459294 0.008046638 0.0085981904 0.0366906092 0.0247090362 0.0255025823
39 0.0301387083 0.0229927193 0.0295936755 0.0416145338 0.0181059523 0.0000183435000000000 0.0195548295 0.0171863395 0.0248542598 0.0160719376 0.0112765176 0.0401609163 0.0259497783 0.0314023017 0.0200867697 0.0277980483 0.0343005194 0.0264082615 0.0116308088 0.0244317402 0.0209096881 0.0225837931 0.0168528558 0.0200752549 0.0052401456 0.0260325323 0.0313924301 0.0276313862 0.0306733186 0.0124868481 0.0221595325 0.0299557199 0.0240889245 0.0118506191 0.0168897738 0.0146909679 0.0198511528 0.0204131874 0.0 0.0334669799 0.0195415732 0.0240395741 0.0276691687 0.0282057655 0.0197218471
40 0.0258873325 0.0155054951 0.0282656283 0.0308639446 0.0367308818 0.0155062331 0.0115658483 0.0129851274 0.0191009131 0.0248260735 0.0232712429 0.0153169693 0.0067541178 0.0190680478 0.0296722189 0.0309659606 0.0270222889 0.0438180196 0.0325028974 0.023150264 0.0082336356 0.0106277754 0.036637305 0.0214403098 0.0248316114 0.0261764258 0.0217849731 0.021317914 0.0348331702 0.005757774 0.0272367137 0.0141404256 0.010904287 0.0179070005 0.0412759003 0.0183020409 0.0186045522 0.0234459294 0.0334669799 0.0 0.0417339799 0.0205197293 0.0138367609 0.0274761694 0.0067291322
41 0.0303342523 0.0224711014 0.0221685417 0.0287988049 0.0035006299 0.0274789057 0.0399402369 0.0329864245 0.0290309362 0.0225179902 0.015000062 0.0284967714 0.0222080993 0.0229303847 0.0216123153 0.0256993116 0.0266383719 0.0126467915 0.0138229816 0.0354224906 0.0358030602 0.032585378 0.0319072634 0.0051439006 0.0256699664 0.0142318588 0.0265392051 0.0093990819 0.0163467123 0.0062346384 0.016192785 0.0220018074 0.0167089766 0.0180414236 0.0351499509 0.0330283545 0.0109793714 0.008046638 0.0195415732 0.0417339799 0.0 0.0327506898 0.0362234406 0.0197312925 0.0023032477
42 0.0239719666 0.0174038762 0.0205047323 0.0296426612 0.0326377074 0.007266412 0.0263635378 0.0099580744 0.029590237 0.0345154405 0.0321459482 0.0244621398 0.0252626588 0.0176001894 0.0157783979 0.0401307402 0.0244210702 0.0446328792 0.0278345778 0.0076693198 0.00639296 0.0183984484 0.0218448457 0.0077771282 0.0165983058 0.0389767796 0.0210671692 0.0167420033 0.0254494269 0.018649284 0.0328870538 0.0203989908 0.0256019583 0.0227337935 0.0110839606 0.0231524132 0.0214502498 0.0085981904 0.0240395741 0.0205197293 0.0327506898 0.0 0.0262421631 0.0341366004 0.0127157151
43 0.0260138488 0.0116082718 0.0276819305 0.0119463687 0.018137335 0.0176781288 0.0268485747 0.0235328 0.0121584645 0.0199358234 0.020683144 0.0108820572 0.0291349339 0.0136269961 0.0240931538 0.0270952121 0.0165119959 0.0120094794 0.0124970404 0.0200595422 0.0410545595 0.0060957662 0.0276132028 0.0373077342 0.0374869163 0.0349478529 0.0300945466 0.0236832957 0.0382144245 0.0212501545 0.0194097703 0.0271819743 0.0215350686 0.0132680056 0.0115740987 0.0301245869 0.0194802275 0.0366906092 0.0276691687 0.0138367609 0.0362234406 0.0262421631 0.0 0.0317364881 0.0051440832
44 0.0150278733 0.0273655131 0.012594916 0.0073533548 0.0253700343 0.0336032256 0.0276950783 0.0217963373 0.0190528223 0.0150584923 0.011080772 0.0239280926 0.0220657804 0.0231548486 0.0305314043 0.0272374125 0.0276072805 0.0302696246 0.0308025747 0.013656328 0.0302847059 0.0239037431 0.0226178652 0.0116825362 0.0218572425 0.0301297475 0.0156135349 0.0252845083 0.0256144796 0.0132846621 0.0131450883 0.0196696684 0.0212592202 0.0256063172 0.0177717941 0.0074950044 0.0236753298 0.0247090362 0.0282057655 0.0274761694 0.0197312925 0.0341366004 0.0317364881 0.0 0.0398574348
45 0.0158210645 0.0113145895 0.0245023394 0.0198623476 0.0196121328 0.0275604165 0.0385451649 0.0160443576 0.0408076984 0.0409435745 0.0071297674 0.0164643888 0.013779419 0.0246544459 0.0214275152 0.0153015035 0.032063376 0.0094783073 0.0185750705 0.0222610054 0.0194557457 0.0077686244 0.0268355025 0.0360900189 0.025795514 0.0401692156 0.0208157837 0.0074878869 0.019378742 0.0419099985 0.0395506952 0.0099585144 0.0406629008 0.033833837 0.0373302251 0.0142787204 0.0305555479 0.0255025823 0.0197218471 0.0067291322 0.0023032477 0.0127157151 0.0051440832 0.0398574348 0.0
