128
1 0.0047294131 0.0078389852 0.0052772157 0.0108942399 0.0071409107 0.0087131512 0.0113894237 0.0072006491 0.0065213732 0.0098531547 0.0065039587 0.0138674983 0.0108831139 0.0071820112 0.0055662975 0.0106412621 0.0052897827 0.0066622673 0.010496395 0.0084754711 0.008418072 0.0117519694 0.0029840504 0.0117798016 0.002606171 0.0042443218 0.0063050919 0.0085782687 0.0050588764 0.0142568338 0.0053436577 0.0079382827 0.0055447076 0.0109194024 0.0103976503 0.0132473272 0.0057908197 0.0015544323 0.0091486587 0.0041038694 0.0104515167 0.0054027485 0.0139044256 0.0085223104 0.0118941133 0.0084425237 0.0088417855 0.0037500932 0.0072752865 0.0080052237 0.0090539101 0.0081223658 0.0073653299 0.0105876869 0.007723137 0.0026462772 0.0116477137 0.0066381696 0.0079553384 0.00359231 0.0053456757 0.0070926087 0.0080019219 0.0052291425 0.0087877376 0.0073224736 0.0061964813 0.0089082542 0.0074013859 0.0104900382 0.0053130686 0.0073790317 0.0027270231 0.0092180323 0.0003206853 0.0076823119 0.0134338673 0.0081632444 0.0107050129 0.0079506151 0.004089728 0.0103804263 0.0091238496 0.0125270052 0.004419588 0.0082746525 0.0035557273 0.0060522792 0.0101824087 0.0079626701 0.001738738 0.0061470203 0.0074076093 0.0060653676 0.0080394968 0.0113470684 0.0065360828 0.0056675877 0.0042264719 0.0128125383 0.0120118993 0.0063128134 0.0020840312 0.0121172397 0.002541935 0.0129146879 0.0141609983 0.0091386453 0.0075520302 0.0155110207 0.0026830019 0.0049731121 0.0097598785 0.0074272197 0.0062866532 0.0088884766 0.0059847024 0.0069277182 0.0084580353 0.0153233294 0.0145206917 0.0082583383 0.0089087387 0.0040387095 0.0062645435 0.0085557431 0.0035818502 0.0036679237 
2 0.0078389852 0.0083292588 0.0100363621 0.0075701054 0.0047200247 0.0019625455 0.0052963812 0.0110781348 0.005538361 0.005242974 0.0056712439 0.0168604851 0.0042931944 0.008811794 0.0064806748 0.0054552262 0.0061267968 0.0059315102 0.0043609881 0.0111855313 0.0070576258 0.0079648964 0.0044733542 0.0037044946 0.0073392688 0.0086962311 0.010106629 0.0085375518 0.0089310954 0.0117484934 0.0069722789 0.0052439684 0.0043480582 0.0048617352 0.0078530711 0.0086060597 0.0062051875 0.0144702528 0.0080043259 0.00970756 0.009051552 0.006734129 0.0073779952 0.0118327467 0.005436187 0.0074751982 0.0107083476 0.0143474609 0.0034506421 0.0107055652 0.0092700146 0.0073941092 0.0088403227 0.0099032193 0.0096535542 0.0105608377 0.0072026526 0.0082143144 0.0057872269 0.0058683899 0.0093809149 0.0100085455 0.0061704387 0.0048143659 0.0049835337 0.0076594441 0.0062572627 0.0066976326 0.0105411074 0.0086849296 0.0056358984 0.0088600561 0.007119691 0.0102536923 0.0042418054 0.0107791341 0.006634637 0.005624969 0.0065149977 0.0055255749 0.0088598075 0.0032336506 0.0031360243 0.0086060858 0.0077624792 0.0066466391 0.0111628085 0.0071663835 0.0093328417 0.0071387095 0.0093025686 0.0052983699 0.0074144064 0.0064148274 0.0097479547 0.0078195377 0.0107455531 0.0026661699 0.0069746417 0.0106194057 0.0071074072 0.013086421 0.0065181299 0.0116704805 0.0083740694 0.0090747511 0.0102158216 0.0051157022 0.0044307023 0.0065293747 0.0047433968 0.0093780896 0.0102045986 0.0067653013 0.0098988973 0.006421905 0.0105620327 0.0099344596 0.0057974431 0.0035403923 0.0093902513 0.0092694165 0.0119610394 0.0088281537 0.0042665084 0.0092869582 0.0131560844 0.0105975345 
3 0.0052772157 0.0100363621 0.0094802316 0.0119529252 0.0073235467 0.0111258939 0.0062211971 0.0096871027 0.0067174423 0.0092306535 0.0080303337 0.0098038533 0.0050246256 0.0079674521 0.0097521252 0.0062540842 0.0113604774 0.0057233136 0.0050992567 0.0078182761 0.0113618382 0.0098642275 0.0056363026 0.0154896224 0.0099411129 0.0055310601 0.0067137273 0.0043073365 0.0071186966 0.0016032122 0.0110762948 0.010305128 0.0059582858 0.0062100867 0.0041046743 0.0077561919 0.0060090701 0.0096444787 0.012559282 0.0058705257 0.0087673195 0.0038035912 0.010679314 0.0040056176 0.0027615594 0.0062304802 0.0065083818 0.0033850878 0.0100795793 0.0061225851 0.0101571448 0.0091730989 0.0104073725 0.0120597744 0.0115388524 0.0066344928 0.0142886932 0.0068254227 0.0084581507 0.0069938887 0.0084815233 0.0028427392 0.0057719777 0.0082456134 0.0064441205 0.010848742 0.0036479692 0.0086022648 0.0030665539 0.0113095554 0.0103645858 0.0079490611 0.0123885643 0.0037414254 0.0073100519 0.0088322016 0.0072877756 0.0086936185 0.0092787018 0.0075984593 0.0110219042 0.0058913404 0.0107166536 0.0075507716 0.0052005724 0.0095190568 0.0070027099 0.0119801835 0.0088360961 0.007214422 0.0098951839 0.0052130703 0.006189352 0.0065345675 0.0066387432 0.0070440633 0.0084641797 0.016076556 0.0067203704 0.0010736813 0.0095560163 0.0127415556 0.0052499992 0.00586859 0.0042542902 0.0057658007 0.0081648318 0.0060441966 0.0147287051 0.0093110731 0.0094047629 0.0114000486 0.0053195029 0.0057348002 0.0080617524 0.0074069071 0.0090352358 0.0066213346 0.0027785424 0.0042698186 0.010133832 0.0073741845 0.0076230285 0.0118769401 0.003535401 0.0062687005 0.0028829504 0.0072702857 
4 0.0108942399 0.0075701054 0.0119529252 0.0111646951 0.0087192421 0.0068016396 0.0068284596 0.0057576953 0.0154911537 0.0081826453 0.0077291122 0.0156391106 0.010027193 0.0068718454 0.0120645833 0.0097560188 0.006948947 0.0035875825 0.0033732455 0.0091866331 0.0059240842 0.0089757317 0.0078122236 0.0051790462 0.0044442598 0.0064679196 0.0071458531 0.0122533149 0.0084369282 0.0085750243 0.0109201033 0.0029307454 0.0044322284 0.0078674335 0.0115576839 0.0118379963 0.0057848749 0.0033135389 0.01899133 0.006882743 0.0060120242 0.0031746849 0.0063468461 0.0094411022 0.0035956758 0.0068398605 0.0093091318 0.0102246485 0.010320534 0.0086396859 0.0069237501 0.0052123355 0.0049661132 0.0034832324 0.004332074 0.0085714721 0.0089622147 0.0068451842 0.0083800493 0.0118729507 0.0051899075 0.0060644846 0.0044700077 0.0083065985 0.0066645744 0.0085571944 0.0047942666 0.0068326329 0.0043685948 0.0054106737 0.0115691286 0.0064179277 0.0049612184 0.0179245012 0.0104700365 0.0049600698 0.0071903502 0.003171446 0.0108312026 0.0078277983 0.0131771012 0.0063296962 0.0066740633 0.0071185396 0.0064253011 0.0076631365 0.0090563208 0.0124035643 0.011462024 0.0097980431 0.0069064149 0.0072724828 0.0068934104 0.0101046651 0.0053586233 0.0093814198 0.0047654959 0.0076624709 0.0037383723 0.0082247366 0.0040692467 0.0057884389 0.0041688997 0.0098993511 0.0101122763 0.0059675563 0.0104565925 0.0054136562 0.0048208989 0.0035258465 0.0107280802 0.0046449444 0.0142262538 0.0063083682 0.0060507937 0.0153138493 0.0071461435 0.007197606 0.0057641935 0.0050013624 0.0069530101 0.0110173207 0.0144997636 0.0049422085 0.0083124596 0.0043883487 0.0076857174 0.0074646113 
5 0.0071409107 0.0047200247 0.0073235467 0.0087192421 0.0136896018 0.0144938111 0.0048624042 0.0125927728 0.0069899067 0.0107957198 0.0082930528 0.004863622 0.0066488069 0.0062221341 0.0055342489 0.0082943503 0.0074077425 0.0121632026 0.0101778536 0.0023449231 0.0071790698 0.0110947528 0.007071922 0.0071260656 0.0038346218 0.0060915906 0.0071346288 0.0031910488 0.0077390576 0.0059790185 0.0087736174 0.0109017544 0.0116956525 0.0044658238 0.011312194 0.0083059749 0.0064531764 0.0124835087 0.0059742653 0.0103662307 0.0045272158 0.0094957499 0.007800174 0.0096097867 0.0087695667 0.0045448654 0.0093977336 0.0078186403 0.0102348561 0.0091429982 0.0080873948 0.0067025241 0.0070050515 0.0121846311 0.0125761443 0.006339791 0.0070663689 0.0025393205 0.0064117241 0.002490646 0.0055127174 0.007836659 0.0115097326 0.0091082328 0.0067433168 0.0069561795 0.0098264484 0.0095281986 0.0068241035 0.0087244209 0.010633202 0.0060186901 0.0105924783 0.0042562157 0.0052514384 0.0064314775 0.0104032858 0.0040621917 0.0081213012 0.0145880984 0.0069289962 0.007919378 0.0069469816 0.0067418702 0.0036631601 0.0092374516 0.0063358925 0.0098595452 0.0124841781 0.0084920912 0.0105820683 0.0069459697 0.008128607 0.0033739503 0.006829681 0.0079661019 0.0061844117 0.0090036403 0.0043513035 0.0082356719 0.0033676738 0.0111066118 0.0086149909 0.0072350015 0.0021338318 0.0074511168 0.0084633053 0.0088756247 0.0041926868 0.0093787705 0.0082853782 0.0048840749 0.0083688065 0.0020192273 0.0116257425 0.0077422012 0.0099149065 0.0090041441 0.004694471 0.0087369102 0.0056250105 0.0040388314 0.0059412044 0.0090129669 0.0103426262 0.0054641041 0.0080946727 0.0190487332 
6 0.0087131512 0.0019625455 0.0111258939 0.0068016396 0.0144938111 0.0073462334 0.0052741897 0.0079291437 0.0074893728 0.00884728 0.0093204244 0.0040417368 0.0055050456 0.0119068962 0.0086751825 0.0159557299 0.0072994691 0.0091722397 0.0031755608 0.0059842723 0.006137695 0.010383037 0.0084055939 0.0104893299 0.0087619705 0.005353329 0.0047500971 0.0053207686 0.0060830802 0.0065757563 0.0067956565 0.0060214763 0.0073254019 0.0126670399 0.0094218539 0.0101915613 0.0060628592 0.0080179852 0.0018683554 0.0048924235 0.007337294 0.0030332585 0.010654749 0.0105263143 0.0069826276 0.011221703 0.0136500306 0.002748951 0.0063932285 0.0069376451 0.0072919544 0.0080743036 0.0071949882 0.0085441456 0.004522601 0.0063211849 0.004842165 0.0039689436 0.0044768703 0.0037544613 0.0102458295 0.0040715843 0.0061979912 0.0092600377 0.0075296746 0.006886918 0.0097699601 0.0078168624 0.0154036177 0.0055579058 0.0037479269 0.0005372675 0.0075868494 0.0131400755 0.0160894325 0.0077742812 0.0085537112 0.0098052835 0.0077350024 0.0032898114 0.0093602963 0.0046209107 0.0069053492 0.0045722001 0.0010047874 0.0070912324 0.0089575889 0.0083520659 0.0046933859 0.0132768416 0.0085690458 0.0104852181 0.0048553359 0.0092195318 0.0075374061 0.0111200005 0.0081415383 0.0161224453 0.0111493686 0.0072816514 0.0095383371 0.0105887593 0.0043252652 0.0081308238 0.0065155715 0.0073798297 0.0107328395 0.0016329103 0.0083024088 0.0091283629 0.0080654869 0.0115353505 0.0056832923 0.0091824483 0.0102036423 0.0074001718 0.0070178944 0.0057765528 0.0134828766 0.0076451246 0.0086832275 0.0112179613 0.0111936998 0.0074227445 0.0060804655 0.0097007735 0.0090883394 0.0050061081 
7 0.0113894237 0.0052963812 0.0062211971 0.0068284596 0.0048624042 0.0052741897 0.0127106294 0.0055747503 0.0094574533 0.006884877 0.0088911611 0.0022356629 0.0058994141 0.0037444055 0.0099907096 0.0080962292 0.0103417699 0.0089411004 0.0057979785 0.0085427013 0.0107142347 0.0079994156 0.0069904127 0.0048169102 0.0079767505 0.0100593743 0.0093499622 0.0072864799 0.0061893808 0.0120515514 0.0099265134 0.0154579318 0.00535401 0.003100775 0.013320074 0.003786068 0.006792191 0.0081854874 0.0089934967 0.0040169108 0.0047417698 0.0119413176 0.0081850471 0.0089434342 0.008360488 0.0087195551 0.0067479467 0.010782619 0.0049938571 0.0067352275 0.0098012084 0.0068719579 0.0056893826 0.0048468836 0.0058442802 0.0079497388 0.0044427084 0.0062450106 0.0115087731 0.008986948 0.0036092302 0.0082074314 0.0059605381 0.0090166527 0.0077514572 0.0029898662 0.0082305054 0.0090279659 0.0078781472 0.00850829 0.0066554284 0.0126351497 0.0129967273 0.0113464426 0.0101403187 0.0111431393 0.006339571 0.0039928764 0.0005744777 0.0062583314 0.0042820027 0.0106079543 0.0100706824 0.0096700072 0.0073167111 0.0081069484 0.0049680521 0.0078327026 0.009834371 0.0067541902 0.0081453996 0.0077940068 0.0031970404 0.0127310085 0.007398248 0.0089567337 0.0106126265 0.0047962615 0.0042604264 0.0079091931 0.0093914819 0.0114082665 0.0079745162 0.0098563308 0.0094313883 0.0069186226 0.0059042508 0.0072585561 0.0146156681 0.0068110961 0.0063092408 0.0097773775 0.0105367764 0.0050355073 0.0090558779 0.0074031512 0.0054988432 0.010784552 0.0088648558 0.005002391 0.0074413068 0.0076161845 0.0093480873 0.0037978599 0.0050985964 0.0071104146 0.0116563122 0.0098983923 
8 0.0072006491 0.0110781348 0.0096871027 0.0057576953 0.0125927728 0.0079291437 0.0055747503 0.0146497823 0.0054979629 0.0059891338 0.0041863746 0.0063619916 0.0085082349 0.0101446232 0.0081849732 0.0112186074 0.0080008055 0.0035127181 0.0110942416 0.008561942 0.0056059949 0.0092876369 0.0069233529 0.0072732113 0.0080519639 0.0044806702 0.0074283985 0.0032688981 0.0070255561 0.0049534542 0.0034393768 0.0067781188 0.0066336859 0.0091153796 0.0082167147 0.0026015519 0.0106545276 0.008253665 0.0171674821 0.0094994772 0.0087878104 0.0129583732 0.0046916786 0.0080112721 0.0067758866 0.009435697 0.0080264139 0.0068045997 0.0100932882 0.0083129899 0.0069308581 0.0034224893 0.0105372029 0.0060621928 0.0118429896 0.0054449086 0.0091086653 0.0055350833 0.0110181916 0.0071230244 0.0118128872 0.0091430068 0.006700368 0.0080979798 0.0069902229 0.0052686739 0.0055191164 0.007323819 0.0146404951 0.0102918962 0.0120112778 0.0085579772 0.0108157681 0.0108670579 0.0117524601 0.009846989 0.006733973 0.0095699202 0.0091273116 0.007893452 0.0046655586 0.009329446 0.0134467667 0.0111900116 0.0050977398 0.0104149521 0.0056468773 0.0071542073 0.0015568429 0.0102063038 0.0051715756 0.006122761 0.0110256082 0.0016884259 0.0047394223 0.0111016625 0.0082189676 0.0048146648 0.0046412361 0.0090503996 0.0057996636 0.0099687678 0.0041754625 0.0071985935 0.0078795126 0.0093421356 0.0037361244 0.0053081817 0.0097505945 0.0042152802 0.0081951067 0.0027420343 0.0087064045 0.0032497369 0.0071337764 0.0067366386 0.0057131717 0.009116736 0.0081300606 0.0058545562 0.007978215 0.0115711281 0.012464105 0.0121830156 0.0055535163 0.004802747 0.0066472388 0.0042850418 
9 0.0065213732 0.005538361 0.0067174423 0.0154911537 0.0069899067 0.0074893728 0.0094574533 0.0054979629 0.0105253391 0.0024455091 0.0030218075 0.0097865639 0.0090882264 0.0036365731 0.007142548 0.0088213644 0.0042657604 0.0103169856 0.0084217206 0.0029441418 0.0051854836 0.0072259018 0.0108336338 0.0107785822 0.0090224696 0.0071633386 0.0065123725 0.003567847 0.0037609691 0.0068943382 0.0075449122 0.0102960208 0.0048597702 0.006272821 0.0067912803 0.0050733163 0.0123240268 0.0066756733 0.0053185937 0.0081485349 0.0089262084 0.0112604063 0.0092511788 0.0075300297 0.0097545199 0.0055105028 0.007294537 0.0062811884 0.008603549 0.0022456121 0.0112502305 0.0094957732 0.0075601168 0.0048154031 0.0098157641 0.0104028218 0.0068812435 0.0065072987 0.0068718349 0.0075999293 0.0067203463 0.0075642014 0.0077164392 0.0153368012 0.0037388032 0.0059703641 0.0072994891 0.0089483843 0.0074116126 0.0070214178 0.0087859489 0.01186822 0.0110711956 0.0129862938 0.0127381756 0.0065475015 0.0065930082 0.0108205101 0.0085369578 0.0023993049 0.0047441254 0.0112402666 0.0095244602 0.0090713957 0.0093979448 0.0062390296 0.0090733214 0.0061276117 0.0095104751 0.0022224189 0.0105355296 0.0089014205 0.0081641352 0.0078223603 0.0084509678 0.0022742114 0.0159135479 0.0104401325 0.007551882 0.0071853404 0.0137171326 0.0086774356 0.0066021136 0.0044871809 0.012425872 0.0126078172 0.0110609214 0.0039805619 0.0043125293 0.0085031251 0.0072986344 0.0062203456 0.0042776846 0.0094929555 0.0078852197 0.0064539247 0.0080873001 0.0051024923 0.0023716443 0.0082602248 0.0089142428 0.0060763633 0.0066307748 0.0055026347 0.0085284045 0.0088479086 0.0138807181 0.0091006853 
10 0.0098531547 0.005242974 0.0092306535 0.0081826453 0.0107957198 0.00884728 0.006884877 0.0059891338 0.0024455091 0.0177097269 0.0033795038 0.0049136468 0.0039081678 0.0039674134 0.0037163887 0.0081803194 0.0106451729 0.0119403837 0.002930032 0.011507979 0.008516558 0.0063375846 0.0039225744 0.0071321631 0.0102119497 0.0086889207 0.0078538821 0.0067489587 0.0092792239 0.0078565349 0.0053463929 0.0086467384 0.0044757588 0.0030664981 0.006218077 0.0083704618 0.0091237594 0.0076450453 0.0071543692 0.0098950833 0.0035691922 0.0073821315 0.0021191335 0.0075049958 0.0099266586 0.0077487751 0.0021697583 0.0082644737 0.016492637 0.0084455299 0.0112831957 0.0090926358 0.0080747891 0.011899159 0.0099363961 0.0120335307 0.0057697886 0.0086593059 0.006048338 0.0066953179 0.0067057845 0.0130598797 0.0066725595 0.0053383344 0.010670262 0.0036036931 0.0096221085 0.0108247507 0.0076344084 0.0103736667 0.0100872023 0.0100375976 0.003512037 0.0063661218 0.0148842864 0.0159539215 0.0070956607 0.0037988821 0.00464917 0.0112194263 0.0125886771 0.0144585376 0.0112027119 0.0049942275 0.0113196234 0.0074639573 0.0061108786 0.004145891 0.0087705865 0.0054469733 0.0072842355 0.0071864069 0.0065710468 0.0091094126 0.0092176204 0.0108239513 0.0077967037 0.0138188512 0.0065302524 0.0074272694 0.0064628374 0.0020392909 0.0057891633 0.0057243541 0.003084544 0.005606695 0.0079675259 0.0047920041 0.0083735805 0.0062399441 0.0041767136 0.013142395 0.0077828046 0.0074009584 0.0058375348 0.004809231 0.0089073845 0.0087913674 0.0084682759 0.0030791948 0.0063796305 0.0047062613 0.0073797176 0.0075694873 0.0101347488 0.0086313414 0.0084504379 0.01401805 
11 0.0065039587 0.0056712439 0.0080303337 0.0077291122 0.0082930528 0.0093204244 0.0088911611 0.0041863746 0.0030218075 0.0033795038 0.0078306436 0.0057906202 0.0091798246 0.0101689724 0.0066109732 0.0085490705 0.0052309401 0.0114156967 0.0100090377 0.0022016334 0.0185667448 0.0055828352 0.0099743232 0.00384208 0.0142288683 0.0058440255 0.0083584913 0.0068437705 0.0041685025 0.0103266457 0.0071702666 0.0082507155 0.011212852 0.012500074 0.0081808895 0.0062603863 0.0055140882 0.0065993948 0.0060248538 0.0079790821 0.0050648801 0.0112597992 0.0076781985 0.0049601276 0.009806585 0.0049220146 0.0121852123 0.0102059229 0.0086488151 0.0052490852 0.0094399032 0.0126331163 0.0099288398 0.0048188817 0.0058749286 0.0043163441 0.0044275135 0.0091645917 0.006426179 0.0109887082 0.0121728719 0.0064672777 0.0087801697 0.0072547149 0.0058815818 0.0116001533 0.0047500655 0.0094258661 0.0065798284 0.0134798148 0.013289401 0.008339571 0.0124161828 0.0085910665 0.0060284486 0.0058783609 0.0100195097 0.0068391555 0.0056212013 0.0043472862 0.0059296896 0.0087200814 0.0070903007 0.0049050643 0.0061478018 0.0058690369 0.0065170474 0.0063893968 0.0060214805 0.0048807041 0.0080032884 0.0092509226 0.0069034935 0.0059402082 0.0067741754 0.0130837584 0.0070698589 0.0130858121 0.0087139937 0.0049700676 0.0090219823 0.0049662725 0.0091082158 0.0115161271 0.0047410262 0.0104099225 0.0007351857 0.0099414738 0.0080821253 0.0048032407 0.008818669 0.0101144186 0.0078870321 0.0065832905 0.0073077131 0.0094417785 0.0013229041 0.0043146949 0.0120496564 0.0134266482 0.0088364248 0.0048506797 0.0053101753 0.0068940745 0.0105506132 0.0072264227 0.0135775253 0.0066900761 
12 0.0138674983 0.0168604851 0.0098038533 0.0156391106 0.004863622 0.0040417368 0.0022356629 0.0063619916 0.0097865639 0.0049136468 0.0057906202 0.0121413616 0.0047376053 0.0050983804 0.0045935584 0.0026145251 0.013091477 0.0111508484 0.0084896069 0.005619797 0.0057880555 0.0092370148 0.0055434872 0.0031275717 0.0092226236 0.0050637842 0.0088489191 0.0121593702 0.0051872166 0.0104377277 0.0062452892 0.0078250895 0.0086638948 0.0125378808 0.0060277364 0.008260394 0.0069923442 0.0108858956 0.0095504026 0.0042741855 0.0062170305 0.0054185936 0.0019504037 0.0096049351 0.0049398605 0.0092425347 0.013878934 0.0089735002 0.0108371001 0.0095789213 0.0068678338 0.0073158487 0.0087345704 0.0091422733 0.0084650158 0.0081360002 0.0049668282 0.0071910511 0.0018247232 0.0057427859 0.0061068575 0.0037326488 0.0106815228 0.0080387694 0.0055678526 0.010237079 0.0059000993 0.0122746133 0.0118402125 0.0056245503 0.0088183121 0.0048257745 0.007496068 0.0180100542 0.005292439 0.0133800334 0.0106322869 0.0176948551 0.0099038459 0.0098074163 0.0124811698 0.0118425856 0.0075563445 0.0069874069 0.0050501707 0.0101031386 0.0094356966 0.0055247208 0.0052619825 0.008459215 0.0057115628 0.0067275522 0.0043823692 0.0056438379 0.0058051528 0.012174174 0.0084471147 0.0102571868 0.0051823771 0.0065980925 0.0044736668 0.0083321956 0.0063032295 0.0049711176 0.0061743067 0.0055902482 0.0047738625 0.0053206654 0.0054970463 0.0072955783 0.007073503 0.0073632871 0.0091079046 0.0085783547 0.0059389058 0.0071884384 0.0065486318 0.007894443 0.0104759855 0.0118545791 0.00777129 0.0079725624 0.0037555698 0.0122336568 0.0065198037 0.0073062677 0.0038075673 0.0037706115 
13 0.0108831139 0.0042931944 0.0050246256 0.010027193 0.0066488069 0.0055050456 0.0058994141 0.0085082349 0.0090882264 0.0039081678 0.0091798246 0.0047376053 0.0064497756 0.0070555472 0.0035800634 0.007145126 0.0133060195 0.0038315715 0.0056809904 0.0085407635 0.0147322954 0.006455182 0.0088075255 0.011317294 0.0147870196 0.007684609 0.0080902657 0.0075073801 0.0093465831 0.0040907337 0.0071821033 0.0144948702 0.0089399719 0.0050844424 0.003764738 0.0071539499 0.0097334573 0.0093260342 0.0030592545 0.0049038367 0.0057767352 0.0123610358 0.0057401503 0.0113924144 0.0075222665 0.0040943869 0.009186581 0.0110514705 0.0087266224 0.0065568091 0.0062882932 0.0114776383 0.0134661446 0.0113117949 0.0076432033 0.0076029138 0.0045896335 0.0099630817 0.0062158431 0.0084143814 0.0091097398 0.0077448767 0.0161675705 0.010204703 0.0083683853 0.0021861509 0.0019045133 0.0062188498 0.0056772806 0.0083201154 0.0104738801 0.0078538577 0.0098309143 0.0093514419 0.007224731 0.0122700228 0.0090658569 0.0045369036 0.0089139819 0.0053400276 0.0108448033 0.0092345336 0.0069366694 0.0048201956 0.0135070381 0.0068758232 0.0066544875 0.0079132325 0.005371598 0.0053606531 0.0087680194 0.0112351585 0.010885957 0.0040646749 0.0088836299 0.0048609548 0.0090066296 0.0061835043 0.0070937251 0.0138963331 0.0064598558 0.0081111618 0.0082571816 0.007453932 0.0076780016 0.0177715112 0.0038470408 0.0047719996 0.0022947685 0.0011923995 0.0103555164 0.0056379466 0.0095798839 0.0060998443 0.0089060042 0.0074025229 0.0050236051 0.0094168381 0.0080391678 0.0043176418 0.0041300123 0.0080852736 0.0096150642 0.0048591775 0.0057905678 0.0096886046 0.0059315559 0.0109852406 
14 0.0071820112 0.008811794 0.0079674521 0.0068718454 0.0062221341 0.0119068962 0.0037444055 0.0101446232 0.0036365731 0.0039674134 0.0101689724 0.0050983804 0.0070555472 0.0130743673 0.0123246538 0.0088255775 0.0061352709 0.0089200229 0.0132111381 0.0109045486 0.0083725865 0.004400908 0.0092130447 0.0072753276 0.0054067591 0.012060393 0.0035373762 0.0105742625 0.0089630746 0.0125170461 0.0077354169 0.0075960405 0.0099576663 0.0078506932 0.0085301599 0.0047092944 0.0075723641 0.0122136718 0.0099359302 0.0126476323 0.0095353432 0.0133215007 0.0037083675 0.0072409164 0.0067403614 0.0066797607 0.0072565644 0.0103726638 0.0026559573 0.0089351424 0.0090588552 0.0092757258 0.0108866143 0.0065655004 0.004525892 0.0066032114 0.0082218367 0.0060262052 0.0063729154 0.0089215177 0.0080077474 0.0069922998 0.0053172576 0.00545728 0.0060038879 0.0077814234 0.0070800681 0.0046292717 0.0051202532 0.0073644913 0.0051374966 0.0027089075 0.0058626745 0.0122872823 0.0070982473 0.003169672 0.0055496333 0.0054420524 0.012798312 0.0057671666 0.0028799261 0.0036753003 0.0045423602 0.004193986 0.0073021782 0.0087532035 0.0141057299 0.0088507829 0.0048197693 0.0073017064 0.0063567904 0.0074777836 0.0078172195 0.0092525017 0.0060324226 0.0072917486 0.0081844709 0.0090772889 0.0063229467 0.0113948725 0.0141897915 0.004078985 0.0089507162 0.0061045526 0.0124840774 0.0096262299 0.0069792217 0.0071553895 0.007740926 0.0077990495 0.0064526877 0.0085667735 0.0118118597 0.004385154 0.0093594476 0.0045580037 0.0126240885 0.0079185378 0.0058458741 0.0080094506 0.0141893428 0.0070023 0.0078653431 0.0088062316 0.0112754011 0.0079285047 0.0060462088 0.0068893111 
15 0.0055662975 0.0064806748 0.0097521252 0.0120645833 0.0055342489 0.0086751825 0.0099907096 0.0081849732 0.007142548 0.0037163887 0.0066109732 0.0045935584 0.0035800634 0.0123246538 0.011189227 0.0079275585 0.0075961663 0.0034131033 0.0079977178 0.0065266876 0.0064447041 0.0051496874 0.008496374 0.0114116989 0.0102607062 0.0137910644 0.0127600918 0.0111911056 0.011261063 0.0049101777 0.0084836428 0.0054612263 0.0110089396 0.0051592401 0.0080312467 0.0028572742 0.0078709837 0.005936555 0.0024375297 0.0041964265 0.0075464377 0.0119544504 0.0076651531 0.0048080946 0.007088563 0.0107331988 0.0045459131 0.0063847217 0.0152768562 0.0043057331 0.0106605616 0.0116282363 0.0054692283 0.0093871204 0.0067515093 0.0018317144 0.0061537836 0.0088621362 0.0099312692 0.0035005583 0.0035404753 0.0104612246 0.0090427488 0.0084061471 0.0097268356 0.0053077912 0.0065720697 0.0095490491 0.0029301117 0.0122413713 0.0078581927 0.0064386235 0.0065373681 0.0060202768 0.0109161626 0.0067486025 0.0063723359 0.0086576182 0.0096429249 0.0080508848 0.0079556113 0.0077888386 0.0101139653 0.014552301 0.0044725927 0.0071301969 0.0108128755 0.0091143507 0.0070477436 0.0042333095 0.0057649801 0.0073795201 0.0073838709 0.0070688102 0.0085235531 0.0083697837 0.0103510437 0.0036650853 0.0064644551 0.0097153103 0.0078109798 0.0050156837 0.0051367422 0.0072011401 0.0100627122 0.008207941 0.0072355115 0.0108983848 0.0041117133 0.0066211059 0.0039387183 0.0068771889 0.0053359791 0.0095808508 0.0125727311 0.007296685 0.0084055298 0.0075574587 0.0095664249 0.0140401434 0.0085826867 0.0068157607 0.008230232 0.0051638239 0.0040383433 0.012674119 0.0152397556 0.0083802242 
16 0.0106412621 0.0054552262 0.0062540842 0.0097560188 0.0082943503 0.0159557299 0.0080962292 0.0112186074 0.0088213644 0.0081803194 0.0085490705 0.0026145251 0.007145126 0.0088255775 0.0079275585 0.0100600124 0.0052509559 0.0034574634 0.0074637498 0.0058414849 0.0058426086 0.0050970056 0.0065092777 0.0071363026 0.0036824404 0.0078167049 0.0081117842 0.0091435358 0.0098288796 0.0062838235 0.0062811649 0.0067390471 0.007109186 0.0082458145 0.0013143554 0.0071149048 0.0079821199 0.0046840534 0.002128428 0.006641117 0.0057887304 0.0110141756 0.0119348766 0.0083278007 0.0054409466 0.0076413228 0.0119836018 0.0085857906 0.0044429487 0.0074401429 0.0063472525 0.0047576077 0.0099058706 0.007733449 0.0066710812 0.0058078337 0.0091994045 0.0086263878 0.0091479407 0.0092970962 0.0113053493 0.0005566214 0.0073739686 0.0039804133 0.0040960107 0.0053286787 0.0076552008 0.0106024344 0.009286962 0.0089920381 0.0099258015 0.0107842823 0.0040367068 0.0092241842 0.0058346539 0.0076210756 0.0093021403 0.007271393 0.0068576141 0.009560649 0.0096973428 0.0125864954 0.0111107641 0.0041257967 0.0130051399 0.0068248912 0.009208586 0.0079189983 0.0051566725 0.0136171118 0.0080425474 0.008832688 0.0086310302 0.0048119448 0.0096389209 0.0093455693 0.0123143172 0.0073812458 0.0074457767 0.0061007706 0.0136597875 0.0080551203 0.014448195 0.0068222742 0.0107384101 0.0043971829 0.0094794327 0.0057640074 0.0116213326 0.0070729924 0.00694796 0.0144950222 0.0060090348 0.0065208134 0.0093146507 0.0049129298 0.0090000304 0.0058207641 0.009854387 0.0048023844 0.0093621019 0.0078406915 0.0040893274 0.0099872931 0.0064310322 0.0058293972 0.0053678344 0.0083672927 
17 0.0052897827 0.0061267968 0.0113604774 0.006948947 0.0074077425 0.0072994691 0.0103417699 0.0080008055 0.0042657604 0.0106451729 0.0052309401 0.013091477 0.0133060195 0.0061352709 0.0075961663 0.0052509559 0.0077565546 0.0077338808 0.0052813795 0.0052550616 0.0104470882 0.0023999266 0.0084793603 0.0069177065 0.0129263032 0.0062546239 0.0084428627 0.009515405 0.0062114023 0.0029563657 0.0083626093 0.006374691 0.0079476082 0.0081731566 0.0044580308 0.0071056724 0.0060711049 0.0061750584 0.0027970303 0.0087867643 0.0082197441 0.0115543699 0.0120357912 0.0065075863 0.0078887035 0.0079553476 0.0124155623 0.0074984491 0.0093676091 0.008492412 0.0118373927 0.0032743828 0.0135154501 0.0051134187 0.0099467174 0.0028611773 0.0027011976 0.0097443464 0.0057316983 0.0079519485 0.0032266775 0.0036038546 0.0070410806 0.0048852207 0.0085485203 0.0104875432 0.005581321 0.0061124956 0.0052807956 0.006748604 0.0074074429 0.0100035605 0.0100375212 0.0126331487 0.011516909 0.0070769081 0.008749239 0.0041414418 0.0048578799 0.0073651689 0.0128494705 0.0093581544 0.0067343987 0.0106788917 0.0063141724 0.0100677976 0.005464578 0.0115657694 0.0051145802 0.005001419 0.0107378949 0.0132735623 0.0068757672 0.008516209 0.0060060858 0.0091079228 0.0066957922 0.0077773508 0.0039022094 0.0093269321 0.0090567068 0.0098413532 0.0102218524 0.0070734019 0.0048455449 0.0056298266 0.0061850715 0.0086537063 0.0159863237 0.0100860918 0.0081285978 0.0040745946 0.0122391775 0.0050644184 0.0060199021 0.0044664071 0.0114529247 0.0025020831 0.006348962 0.0076890055 0.0108289096 0.0133772632 0.0092364338 0.0037535486 0.0096158697 0.0128343812 0.0078373795 0.0065354652 
18 0.0066622673 0.0059315102 0.0057233136 0.0035875825 0.0121632026 0.0091722397 0.0089411004 0.0035127181 0.0103169856 0.0119403837 0.0114156967 0.0111508484 0.0038315715 0.0089200229 0.0034131033 0.0034574634 0.0077338808 0.0128311247 0.007171459 0.0058362295 0.0047749028 0.011508985 0.0066476208 0.0053536821 0.0083045412 0.0092348097 0.0118621205 0.0054446331 0.0033793625 0.0069466036 0.0058593972 0.0074115562 0.0072377026 0.0100170076 0.0112859301 0.0071741987 0.0083394425 0.0072952725 0.0107503346 0.0064704972 0.0075935788 0.0060836654 0.0063473312 0.0039305244 0.0111657909 0.0099659631 0.0115908269 0.0076835086 0.0075901363 0.0031947778 0.0075089629 0.0062201204 0.0069642297 0.0082323953 0.0049944209 0.0070393846 0.0061314882 0.0043539443 0.0065938772 0.0149152897 0.0080632479 0.0061846061 0.0059917321 0.0051988061 0.0087857246 0.0022899891 0.0059953827 0.00546266 0.0108283074 0.0087022612 0.006360151 0.0128281127 0.006705073 0.0070698322 0.0071155356 0.002368127 0.0049939905 0.0112689698 0.0117413822 0.0097922011 0.0023263919 0.0107508786 0.0060911196 0.0094373497 0.0091684664 0.00923879 0.0046338752 0.0088956944 0.0053689408 0.0089523674 0.0061856647 0.0068086507 0.0122945002 0.0109708516 0.0098872441 0.0094806214 0.0087613494 0.0126068676 0.0120625758 0.0046481076 0.0071926926 0.0056126319 0.0116067863 0.0076333076 0.0037222101 0.0052806559 0.0081977955 0.0096728395 0.0097764516 0.0078455686 0.0080351274 0.006417428 0.006812574 0.0064920743 0.0116445546 0.0119456836 0.0065841659 0.0156160327 0.0045123279 0.007946642 0.0032072837 0.0059089728 0.0145324488 0.0047906622 0.0049580476 0.0140738468 0.0090275701 0.0075256971 
19 0.010496395 0.0043609881 0.0050992567 0.0033732455 0.0101778536 0.0031755608 0.0057979785 0.0110942416 0.0084217206 0.002930032 0.0100090377 0.0084896069 0.0056809904 0.0132111381 0.0079977178 0.0074637498 0.0052813795 0.007171459 0.0067035872 0.0098575597 0.0071498254 0.0172457602 0.0024230847 0.00625296 0.0070470024 0.0025643054 0.0091502574 0.0100508575 0.006729836 0.0093771045 0.0075157147 0.0082438431 0.0076619179 0.0101784771 0.0041476281 0.0086612757 0.0070046401 0.0078793737 0.0070875167 0.0055079116 0.0062512088 0.0074341684 0.006203977 0.0069847087 0.0107579302 0.0056204096 0.0041328345 0.0097916035 0.0097259208 0.0099439365 0.0065392136 0.0086911895 0.0082109237 0.0086009722 0.008778554 0.0139913168 0.0120880423 0.0059555758 0.0083339738 0.0082020216 0.0066577699 0.0058056829 0.0087161838 0.0095288965 0.0074784332 0.0025828387 0.0073415177 0.0143389821 0.0055400771 0.0058479163 0.0045220426 0.0088339371 0.0086710011 0.0055007074 0.005960359 0.010483601 0.003851539 0.0084020853 0.0074485329 0.0090325415 0.0096980121 0.0081655627 0.0063572529 0.002033583 0.0121263785 0.0084126912 0.0011310304 0.0066786258 0.0085659283 0.0060901545 0.0142933929 0.0077488236 0.0090551473 0.0124268571 0.0116227329 0.0022829756 0.0102917303 0.0048122486 0.0092561656 0.0087545762 0.0067083029 0.0068981161 0.0103807127 0.006575873 0.0113507297 0.0082999368 0.0064047683 0.0119719594 0.0089979002 0.0055377134 0.0045213382 0.0094816118 0.0050648608 0.0134147595 0.0058085429 0.0089301559 0.0102503938 0.0077097621 0.007603136 0.0118328326 0.0067841134 0.0088577022 0.01109572 0.0050094932 0.0038305557 0.0063363208 0.0057778851 0.013305017 
20 0.0084754711 0.0111855313 0.0078182761 0.0091866331 0.0023449231 0.0059842723 0.0085427013 0.008561942 0.0029441418 0.011507979 0.0022016334 0.005619797 0.0085407635 0.0109045486 0.0065266876 0.0058414849 0.0052550616 0.0058362295 0.0098575597 0.0115078177 0.0077689306 0.0070174194 0.0065565846 0.0105839951 0.006567567 0.0049630272 0.0105223297 0.0113833436 0.0081348112 0.0042499707 0.0074295471 0.0066989318 0.006487228 0.0078974844 0.0076152271 0.0059641991 0.0108773767 0.0042349269 0.0081499903 0.0118061885 0.0067028575 0.0070142154 0.0085165349 0.007877435 0.0070272321 0.00607747 0.0042350743 0.0065961399 0.0096327208 0.0114509943 0.0023371895 0.0039802772 0.0129420352 0.008877156 0.0115652345 0.0039796706 0.003923117 0.0047282524 0.011031965 0.006188839 0.0078132486 0.0068898016 0.0089336169 0.0113601721 0.0074191744 0.0050638721 0.0088297009 0.0128773624 0.0028569274 0.0032213145 0.00665785 0.0097939285 0.0084481246 0.0122348567 0.005492135 0.0020950364 0.0090232423 0.0073396843 0.0057570083 0.0095002752 0.0089311106 0.0149780351 0.008704889 0.009855442 0.0078762622 0.0077951628 0.0028878881 0.008289137 0.0056712889 0.0139105698 0.009424081 0.0062742727 0.0115517964 0.0084904358 0.0071934173 0.0099060125 0.00874831 0.0051622953 0.0041065408 0.0115604907 0.0099371225 0.0022893218 0.0097160967 0.0066320508 0.0042505537 0.0091321371 0.0031936882 0.010052972 0.0120911759 0.0049685398 0.0090732502 0.0127807701 0.0083596491 0.0073631416 0.0120469377 0.009808265 0.0100625093 0.0132428557 0.0032010835 0.0114164924 0.0069572912 0.0069869516 0.0079674494 0.0076026631 0.0054802285 0.0086143062 0.007660783 0.0079499992 
21 0.008418072 0.0070576258 0.0113618382 0.0059240842 0.0071790698 0.006137695 0.0107142347 0.0056059949 0.0051854836 0.008516558 0.0185667448 0.0057880555 0.0147322954 0.0083725865 0.0064447041 0.0058426086 0.0104470882 0.0047749028 0.0071498254 0.0077689306 0.005121368 0.0054146192 0.010157008 0.0084151984 0.0085396816 0.0112727484 0.0036552095 0.0073656189 0.0066131173 0.0118880678 0.0041949651 0.0112462303 0.0057769609 0.0034391563 0.0092811468 0.011562032 0.01286701 0.0041494303 0.0069225287 0.0084268699 0.008583037 0.0072890946 0.005561599 0.0061034188 0.005281556 0.0021749983 0.0093547198 0.0079348846 0.0077194085 0.0083257877 0.0060834265 0.0087275532 0.0051215385 0.012446711 0.0056453104 0.0077846985 0.0063614874 0.0108965368 0.0055276209 0.0104444625 0.0071972468 0.005348922 0.0071520626 0.010134484 0.0101785994 0.0044187544 0.0136746427 0.0070331793 0.0088704188 0.003776489 0.0099048011 0.0133300591 0.0089965708 0.0074713659 0.0098389077 0.0034299131 0.0094963759 0.011315859 0.0156922432 0.0016568288 0.0073259106 0.0039059128 0.0067360201 0.0072245337 0.0091428185 0.0072489313 0.0089007488 0.0064435199 0.0073900074 0.0028617689 0.0063459173 0.0074089872 0.0054919106 0.0086275342 0.0094056562 0.0104000742 0.0109135564 0.0071780592 0.006016011 0.0083493646 0.0052251906 0.0071622104 0.0114351734 0.0034072641 0.0085666312 0.0073075885 0.0077553323 0.0147145125 0.0054053907 0.0060989657 0.0057286317 0.0160281503 0.0087197939 0.0108532098 0.009867198 0.0109113853 0.0057233418 0.0075788191 0.0036128633 0.0006343856 0.0028869414 0.0110692978 0.0104879229 0.0036086319 0.008472043 0.0099889908 0.0060242445 0.0048257073 
22 0.0117519694 0.0079648964 0.0098642275 0.0089757317 0.0110947528 0.010383037 0.0079994156 0.0092876369 0.0072259018 0.0063375846 0.0055828352 0.0092370148 0.006455182 0.004400908 0.0051496874 0.0050970056 0.0023999266 0.011508985 0.0172457602 0.0070174194 0.0054146192 0.004246471 0.0087965861 0.006049934 0.0027190652 0.0083803538 0.0074465723 0.0071213387 0.0054005 0.0044614457 0.0063056932 0.0068994478 0.0074497825 0.0026922169 0.0094409011 0.0071970938 0.0154087418 0.0074911818 0.0113886494 0.0074322674 0.008714524 0.0112244483 0.0111747553 0.004347525 0.009860674 0.0054944933 0.0046283602 0.003394579 0.0069443305 0.0066404994 0.0085168108 0.0093582442 0.0085734529 0.0109796439 0.0110902257 0.0080573009 0.0132020928 0.0136691687 0.004551643 0.0079448248 0.0062584313 0.0098380804 0.0091749958 0.0067077691 0.0062228882 0.0041142301 0.0038395414 0.0063911283 0.0049754466 0.0070393872 0.0113333378 0.0081221117 0.0077079943 0.0024762833 0.0053711034 0.0086349334 0.0046460016 0.0082608638 0.0031712406 0.0048293841 0.0078347794 0.0077853838 0.0090109605 0.0046360708 0.0064106236 0.0052090202 0.0060952523 0.0024640523 0.0134879906 0.0064219926 0.0079430582 0.008178718 0.0134742433 0.0054417221 0.0078620562 0.00805656 0.0070805612 0.0082810427 0.0095505692 0.0063798041 0.0057727132 0.010654736 0.007801287 0.0038711971 0.0118769597 0.0067379399 0.0082179582 0.0057594915 0.0050059985 0.0104965736 0.013800383 0.0058002071 0.0074713189 0.0060155049 0.0155533971 0.0128269109 0.0114099678 0.0095075203 0.0093675027 0.0060079794 0.0071818747 0.0067907101 0.0051538118 0.0089396217 0.0125063225 0.007771538 0.0133541368 0.0085364876 
23 0.0029840504 0.0044733542 0.0056363026 0.0078122236 0.007071922 0.0084055939 0.0069904127 0.0069233529 0.0108336338 0.0039225744 0.0099743232 0.0055434872 0.0088075255 0.0092130447 0.008496374 0.0065092777 0.0084793603 0.0066476208 0.0024230847 0.0065565846 0.010157008 0.0087965861 0.0032216007 0.0052747554 0.0070876573 0.0061430799 0.0132074851 0.0029535364 0.0070195016 0.0041755812 0.0093633518 0.0091054157 0.0158009303 0.0110020371 0.0098225683 0.0079397522 0.007911484 0.0137783888 0.0064381357 0.0122450483 0.0080328993 0.0105973341 0.0084130504 0.0046256967 0.0043970681 0.0083696748 0.0067534612 0.0172983077 0.0079096692 0.0054073576 0.0075013733 0.0050832646 0.0073545743 0.0126660113 0.0029911353 0.0151342217 0.0099212873 0.0077840282 0.0085994545 0.0110211936 0.0031556099 0.0089524278 0.0110676779 0.0043418115 0.0039003695 0.0111141064 0.007047982 0.00617453 0.0105216297 0.0044804029 0.0039275273 0.0098182432 0.0062143304 0.0067335217 0.0044196461 0.0084442222 0.0044476128 0.00737712 0.007437682 0.0103230941 0.0071765704 0.008022913 0.0085646573 0.0145540201 0.009581554 0.0101819436 0.0081852578 0.0066535201 0.0078402684 0.008035325 0.0057847436 0.001476193 0.00640354 0.0084034499 0.0110158572 0.0071670069 0.0105670782 0.0100398765 0.0050669454 0.0120314629 0.0037781067 0.0081054524 0.0100760968 0.0056591262 0.005367199 0.0086304898 0.0048770235 0.0077775199 0.0048176372 0.0121493185 0.0081977409 0.0073748028 0.0052379267 0.006042218 0.0139441792 0.0130265414 0.0089450533 0.0062386713 0.0055482902 0.0070446339 0.0081528528 0.0068995461 0.0069771479 0.0059725776 0.0117200039 0.004840457 0.0106805739 0.0062580118 
24 0.0117798016 0.0037044946 0.0154896224 0.0051790462 0.0071260656 0.0104893299 0.0048169102 0.0072732113 0.0107785822 0.0071321631 0.00384208 0.0031275717 0.011317294 0.0072753276 0.0114116989 0.0071363026 0.0069177065 0.0053536821 0.00625296 0.0105839951 0.0084151984 0.006049934 0.0052747554 0.0090447245 0.0101656459 0.006302218 0.0072224891 0.0101849622 0.0155963722 0.0076202739 0.0077560501 0.0061563897 0.0020117408 0.0103125095 0.0068227615 0.0082705387 0.0061983391 0.0066863269 0.003765419 0.0044419381 0.0082269539 0.0116781394 0.0068651588 0.0121060982 0.0065674375 0.0038172447 0.0087544923 0.0102917159 0.0145496544 0.0069897355 0.01389454 0.0101277052 0.0051759084 0.0079242329 0.0069253369 0.0060813866 0.0135236812 0.0058424383 0.0034423237 0.0065695331 0.005553708 0.0123376488 0.0073716336 0.010653534 0.0078450359 0.0066402587 0.0086719388 0.0083756934 0.0104124008 0.0080311087 0.0094992187 0.0065616278 0.0089866504 0.0091217339 0.0070645137 0.0116555883 0.0088890393 0.0069664176 0.0081357177 0.0034441818 0.0068220168 0.0084589993 0.0053719679 0.0053949849 0.0084457888 0.0037217295 0.0056128301 0.0099631752 0.0118537228 0.0087348439 0.012699197 0.0100725766 0.0053610848 0.0056882801 0.0041879739 0.0017193838 0.0084485634 0.0078556934 0.0092419825 0.010241459 0.0036087799 0.0064665408 0.006296944 0.0181696713 0.0073629078 0.0062501675 0.004961308 0.0119208398 0.0040277426 0.0036174441 0.0067094583 0.0048770053 0.0034455114 0.0064947892 0.0050827941 0.0136016147 0.0052848143 0.0097130391 0.0082407936 0.0104776708 0.0078788727 0.0068380469 0.0053483323 0.0058192969 0.0120754961 0.0084655332 0.0077161767 0.008494355 
