64
1 0.0189770423 0.0272777957 0.0125297433 0.0173771657 0.0175320597 0.0171751969 0.0138038341 0.0065856451 0.0124754476 0.0203669892 0.005326479 0.0219168877 0.015840965 0.0192709981 0.0082922638 0.0135371066 0.0225357088 0.0095003212 0.0138848547 0.0075573775 0.0138692527 0.0176519902 0.0221272517 0.0152516939 0.0043224857 0.0095531964 0.0143322358 0.0121381917 0.0138208513 0.0107833328 0.0162297948 0.0165356386 0.0107093195 0.0200971252 0.0149600346 0.0102481747 0.0121831569 0.0234593719 0.0119096228 0.0071786269 0.023071132 0.0143022084 0.0065174829 0.015436558 0.0079280564 0.0234107262 0.0078863458 0.0133778181 0.0177406243 0.0173473549 0.0044297364 0.0208487638 0.0111260432 0.0191007528 0.0225246242 0.0228472395 0.013948253 0.0171213476 0.0267333993 0.0350900459 0.0158178078 0.0227311273 0.0143596116 0.0271777104 
2 0.0272777957 0.0186594353 0.0111300056 0.0209666535 0.0170747184 0.0094412959 0.029703802 0.0170823675 0.0233856208 0.006245782 0.0131711934 0.0220916278 0.0115994747 0.0268623953 0.0162417836 0.0107430721 0.0283977553 0.0145609273 0.0106043039 0.0066172446 0.0116200989 0.0215936937 0.0047929316 0.016985398 0.0093928478 0.0170107937 0.01426358 0.0206602839 0.0096600659 0.0063339883 0.0179275357 0.0286469671 0.0137614985 0.0116306931 0.0066773213 0.0133498719 0.0076168703 0.0060876031 0.0210784593 0.0284756224 0.0305947791 0.0051549487 0.0178561574 0.0131920299 0.0173346954 0.0161694765 0.0099395459 0.0101602957 0.018719369 0.0064783453 0.0158859108 0.0120916258 0.0233504017 0.0166876945 0.0272780063 0.0206202239 0.0169319737 0.0106020717 0.0129509468 0.0073025867 0.0117179677 0.0220842402 0.0095238361 0.0179494918 
3 0.0125297433 0.0111300056 0.0074632963 0.0130474846 0.0161100015 0.0081150159 0.0167492928 0.0190795045 0.0232444933 0.0134275386 0.0084997771 0.0058246134 0.0163591516 0.0124848362 0.0237019585 0.0165219472 0.015241313 0.0145982508 0.0138473716 0.0114281793 0.0076078061 0.0154950251 0.0104876031 0.0232000873 0.0274929209 0.01017707 0.0158422106 0.0210775881 0.0165979617 0.0235279242 0.0190858849 0.0140758854 0.015249078 0.0183970336 0.0123306166 0.0260233744 0.0130680663 0.0150056126 0.0150833009 0.0168439936 0.0112367226 0.0101679952 0.0123095331 0.0184285128 0.0073835933 0.0111146314 0.0104043123 0.0222790483 0.0081633347 0.0195497306 0.0113566817 0.0154769586 0.0202450049 0.0252397702 0.0199382411 0.0147043681 0.0190234143 0.0088335752 0.0141344296 0.0191694074 0.010850082 0.0256333759 0.0308638508 0.0174206075 
4 0.0173771657 0.0209666535 0.0130474846 0.0117209465 0.0156371605 0.0221275704 0.0292159225 0.0168624995 0.0058350915 0.0185004632 0.0153527767 0.0140481375 0.0160256087 0.0194567228 0.0077074812 0.0187656698 0.0053198029 0.0165499302 0.0181098626 0.01321823 0.0121520416 0.0041093165 0.022410563 0.010885413 0.0091467854 0.0120829565 0.0203777654 0.0044994725 0.02030566 0.0128036471 0.011093567 0.0144290841 0.016435987 0.0140605855 0.020605372 0.0213185668 0.0281836158 0.002188286 0.0144976865 0.0151804269 0.0198735053 0.0201824234 0.0213746166 0.0087722332 0.0205249848 0.027247751 0.0096214033 0.0129040652 0.0142164949 0.0195020581 0.0129432847 0.0319913173 0.0141249654 0.0080670434 0.0130284432 0.0105686032 0.0130634347 0.0155674233 0.0217767745 0.0254116679 0.0236882892 0.016840607 0.00380988 0.0122867514 
5 0.0175320597 0.0170747184 0.0161100015 0.0156371605 0.0230572852 0.0103474415 0.0140247021 0.0141762146 0.0164220329 0.0163238074 0.0257807475 0.0144473936 0.0280931569 0.0147588356 0.0144277394 0.005470138 0.0145762908 0.0167662432 0.0135299818 0.0205740786 0.0115024994 0.0136863974 0.0186199487 0.0135615773 0.0099084449 0.0102248826 0.0132838992 0.0142665121 0.0106269298 0.0098377525 0.009145806 0.0064484098 0.0191019006 0.011990635 0.0113767827 0.0161093934 0.0134070697 0.0402831774 0.0280314303 0.0034588294 0.0176842165 0.0283891662 0.0159638577 0.012992779 0.0084542214 0.0152611672 0.0176291426 0.0151251199 0.0271373829 0.0109470378 0.0140139498 0.0188333064 0.0136784827 0.0127659592 0.0149478839 0.0215380661 0.0097454788 0.0141854874 0.0151653907 0.0182116505 0.0111085048 0.0110947055 0.021036481 0.020088255 
6 0.0171751969 0.0094412959 0.0081150159 0.0221275704 0.0103474415 0.0018889242 0.0131447869 0.026535754 0.0137580893 0.0162203364 0.0108068292 0.0243098828 0.0143799987 0.0098421351 0.0172555085 0.0113262631 0.017088961 0.0072256803 0.0160672014 0.0193001088 0.0122249553 0.0138729605 0.0327357194 0.0256524556 0.025096142 0.0183921954 0.009195435 0.0233981861 0.016104117 0.0091924568 0.0133345701 0.0232702033 0.0137088458 0.0140620637 0.0101147106 0.0202180874 0.0152847052 0.0230458838 0.0116466171 0.0161882578 0.024997313 0.0170958281 0.0126573146 0.0278025034 0.0104119259 0.0253039402 0.0041271879 0.0267710476 0.018205427 0.0148841824 0.0092002042 0.0113048619 0.0163006308 0.011009559 0.0129939081 0.0040311392 0.0210936994 0.0141041987 0.0118349871 0.0059617742 0.0182908913 0.0232384385 0.0152373184 0.0100461711 
7 0.0138038341 0.029703802 0.0167492928 0.0292159225 0.0140247021 0.0131447869 0.0170135656 0.0099064574 0.0070850626 0.0224423623 0.0133297419 0.0086574786 0.0169275123 0.0146712477 0.0124752662 0.016442259 0.0131421978 0.0153389425 0.0281570233 0.0130672631 0.0222548546 0.0127526483 0.0221964837 0.0241829699 0.0201921367 0.0102352708 0.0089655767 0.0182241332 0.0142171503 0.016539603 0.0220262322 0.0167860254 0.0113290644 0.013657861 0.0297582298 0.0287017877 0.0165008502 0.0117774421 0.0143657009 0.0028210898 0.0102201306 0.0079513514 0.0219751783 0.0224331106 0.0303414445 0.0089844567 0.0095699753 0.0167267073 0.0057344457 0.0099785048 0.0127155546 0.0060949706 0.0107870414 0.0043182978 0.0292029079 0.0048761679 0.014238193 0.0111860302 0.017681029 0.0113958662 0.0104042567 0.0263782931 0.0281033195 0.0059189352 
8 0.0065856451 0.0170823675 0.0190795045 0.0168624995 0.0141762146 0.026535754 0.0099064574 0.0022752104 0.0230601848 0.0061966322 0.027879263 0.0135674167 0.0164163249 0.0180059515 0.0118633106 0.0191397731 0.0059359414 0.0098507769 0.0153191316 0.0074614177 0.0136691908 0.0266175097 0.0171080635 0.0143976345 0.0196681375 0.0172613155 0.0245500679 0.0138408578 0.0042813733 0.0188400436 0.0156243439 0.0194666416 0.0179957016 0.0021356724 0.028655823 0.0089865714 0.008542933 0.0338550233 0.0096075229 0.0184477698 0.0169487732 0.0088037792 0.0163644227 0.0158586954 0.0083039541 0.0188043509 0.01925501 0.0171945497 0.0121878915 0.0128458606 0.0114854652 0.0192704366 0.0306827898 0.0146773224 0.0130462527 0.0173274439 0.0255980342 0.0096504318 0.0221106827 0.0176076985 0.0167743634 0.0138552096 0.0056577976 0.01493681 
9 0.0124754476 0.0233856208 0.0232444933 0.0058350915 0.0164220329 0.0137580893 0.0070850626 0.0230601848 0.018999391 0.0153017536 0.0154697926 0.0141125377 0.0235140715 0.0157955436 0.0078989948 0.0243577692 0.0245431486 0.0088656612 0.0141439905 0.0069870145 0.0168781369 0.0125597211 0.0149798129 0.0080231928 0.0220169107 0.0217908423 0.015092092 0.0095759792 0.0214706229 0.0203447512 0.0179253956 0.0207241938 0.0093516058 0.0197198506 0.0062698543 0.014985886 0.0179833024 0.0006522737 0.019861536 0.0197828984 0.0143398753 0.0109890956 0.0118640801 0.0052020662 0.0142633638 0.0141486041 0.0119677265 0.0151370592 0.0146597574 0.0198406951 0.0136679277 0.0269181464 0.0143612209 0.0135480367 0.0187212569 0.0277290324 0.0173816547 0.016732323 0.0190526726 0.0190908707 0.0171509126 0.0098886995 0.0087704372 0.0193299348 
10 0.0203669892 0.006245782 0.0134275386 0.0185004632 0.0163238074 0.0162203364 0.0224423623 0.0061966322 0.0153017536 0.0090455823 0.0133807781 0.0125446919 0.0153074433 0.0103135504 0.0109697202 0.0166238565 0.0218368687 0.0047823603 0.0103168671 0.0238468516 0.0116182861 0.006581508 0.0164451019 0.0097562565 0.0059706464 0.0096136311 0.0121337783 0.0086230236 0.01618997 0.0137193222 0.0233594316 0.0091778633 0.0093207784 0.0259002298 0.0122116312 0.0122773058 0.0150412212 0.0244051648 0.0204135345 0.0197581323 0.0196016368 0.0107930524 0.0173121976 0.0178000442 0.0310135182 0.0188632605 0.0238937934 0.0157308827 0.0136863061 0.0158390068 0.0166295127 0.0110480735 0.0125512702 0.0193055476 0.0242620396 0.0146083111 0.0229828476 0.0095183783 0.0208269149 0.0155931374 0.028476447 0.0253476841 0.011242943 0.0165621421 
11 0.005326479 0.0131711934 0.0084997771 0.0153527767 0.0257807475 0.0108068292 0.0133297419 0.027879263 0.0154697926 0.0133807781 0.0175051475 0.0191128916 0.0187076953 0.0287062233 0.011270548 0.0180630691 0.0099646963 0.0161627243 0.011986624 0.0191693626 0.0164660135 0.0244747237 0.0158604064 0.0199674296 0.017098453 0.0065433696 0.0193321806 0.0134822064 0.0151056837 0.0158801312 0.0004750942 0.0167709981 0.0144833806 0.0138890658 0.0129233848 0.0271660591 0.0112769039 0.0148702327 0.0218229195 0.0166579648 0.0166948067 0.0235354548 0.0204884731 0.0311802913 0.0083418232 0.012191801 0.0248949196 0.0103089517 0.0180424755 0.0078580818 0.0138611982 0.0065606674 0.0057331132 0.0282365921 0.0117480497 0.0073420005 0.0016719147 0.0201254409 0.0139997453 0.0206189305 0.027547453 0.0047253722 0.0134373444 0.0166621375 
12 0.0219168877 0.0220916278 0.0058246134 0.0140481375 0.0144473936 0.0243098828 0.0086574786 0.0135674167 0.0141125377 0.0125446919 0.0191128916 0.0234734829 0.0201621896 0.0137367424 0.0170862143 0.0154622833 0.0068688961 0.0115281057 0.0311221451 0.012109821 0.0132643373 0.0110499919 0.0127427093 0.0174335143 0.0141282895 0.0153527701 0.0058054317 0.0172186454 0.0166672318 0.0250150389 0.0126408375 0.0116417353 0.0073303227 0.009803131 0.0125564116 0.0263668495 0.0111591846 0.0191521437 0.0089410533 0.022132019 0.0036955447 0.0317617609 0.0143025393 0.0219548729 0.0021357793 0.0113835719 0.0078140811 0.0183430232 0.0173520565 0.0249105844 0.0173021441 0.0188789891 0.012272855 0.0193024565 0.0136930237 0.007221282 0.0149538864 0.0186198043 0.018213108 0.014153839 0.027957065 0.0186166143 0.0227698379 0.0098061922 
13 0.015840965 0.0115994747 0.0163591516 0.0160256087 0.0280931569 0.0143799987 0.0169275123 0.0164163249 0.0235140715 0.0153074433 0.0187076953 0.0201621896 0.0136891002 0.0140818734 0.0223099122 0.0192496338 0.0120522167 0.0140678219 0.0058259647 0.0227651943 0.0117721812 0.0218889941 0.0217911779 0.0221339515 0.0173201214 0.0161954304 0.0107064734 0.0166841348 0.0207455522 0.0216036337 0.0044487396 0.0126846454 0.011766808 0.0190163692 0.0094335412 0.0158415378 0.0185533338 0.0126587168 0.0055280154 0.0113186062 0.0187689927 0.0157795321 0.0076883707 0.0124059488 0.0154706457 0.0053558819 0.0144978403 0.0073398583 0.0116030046 0.0175221583 0.01583767 0.0162652134 0.0138998889 0.0160319981 0.0120985707 0.0208747238 0.0173523772 0.0186115939 0.0126825843 0.0071372374 0.0286449452 0.0150650841 0.0213324991 0.0182661068 
14 0.0192709981 0.0268623953 0.0124848362 0.0194567228 0.0147588356 0.0098421351 0.0146712477 0.0180059515 0.0157955436 0.0103135504 0.0287062233 0.0137367424 0.0140818734 0.0104495399 0.009627996 0.0202458294 0.0238992018 0.0239105933 0.0130048971 0.0236848213 0.0198174133 0.0047757903 0.0141795762 0.0117142067 0.0154528711 0.0131057241 0.0178281487 0.0202319806 0.0174824675 0.0077642422 0.0186056778 0.0140955743 0.0159571234 0.0111640845 0.0124766819 0.0197936099 0.0162406679 0.0138610036 0.0040923406 0.0232307103 0.0132988155 0.0128688684 0.016724016 0.0207818189 0.0129271216 0.0039096599 0.0202055619 0.0137632474 0.0222273553 0.0185062012 0.0166751427 0.0076395764 0.0101675263 0.0153919837 0.0214272057 0.0142538936 0.0101702466 0.0125953028 0.008922318 0.0176192929 0.0200605661 0.0232307308 0.0125148374 0.019438882 
15 0.0082922638 0.0162417836 0.0237019585 0.0077074812 0.0144277394 0.0172555085 0.0124752662 0.0118633106 0.0078989948 0.0109697202 0.011270548 0.0170862143 0.0223099122 0.009627996 0.0293795516 0.0183081465 0.0232932458 0.0089911425 0.0129813508 0.0214942264 0.0128961124 0.0091636023 0.0128500933 0.01703976 0.0149731603 0.0142559693 0.0059959818 0.0168164321 0.0112785476 0.019191715 0.0064423631 0.0185346935 0.0208730467 0.021077804 0.018126265 0.0078839207 0.0104887846 0.0202691644 0.0062310938 0.0133990556 0.0056029959 0.0125980216 0.013371515 0.0231432167 0.0213750774 0.0073609014 0.037786965 0.016784285 0.0157252686 0.0130165314 0.0286946145 0.012534556 0.0086397748 0.0219736819 0.0252173427 0.0230125819 0.0194887369 0.0172530588 0.0167599252 0.0241810249 0.0129549262 0.0140986621 0.0108356101 0.0142267996 
16 0.0135371066 0.0107430721 0.0165219472 0.0187656698 0.005470138 0.0113262631 0.016442259 0.0191397731 0.0243577692 0.0166238565 0.0180630691 0.0154622833 0.0192496338 0.0202458294 0.0183081465 0.0204861884 0.0227596873 0.0136066695 0.013889826 0.0171987582 0.0084769096 0.0183164961 0.007907519 0.0113215953 0.0012197819 0.0258013102 0.0153321932 0.012466856 0.0138699746 0.008497712 0.0110426893 0.0104073063 0.0109062705 0.0170482774 0.0122027663 0.0029975386 0.0098753167 0.0140357444 0.0225377028 0.0276832084 0.0153615801 0.0156868034 0.0204332001 0.0097344591 0.0165517972 0.0109032255 0.0259691046 0.0273240325 0.0153710637 0.0183095 0.0161279335 0.0139543339 0.0164210804 0.0082390282 0.0183504697 0.0061691716 0.0189847033 0.0216608004 0.0179598848 0.0255956419 0.0167831005 0.0063766646 0.0229905802 0.0205967262 
17 0.0225357088 0.0283977553 0.015241313 0.0053198029 0.0145762908 0.017088961 0.0131421978 0.0059359414 0.0245431486 0.0218368687 0.0099646963 0.0068688961 0.0120522167 0.0238992018 0.0232932458 0.0227596873 0.0178818561 0.0184850535 0.0147462245 0.0185409192 0.0244351198 0.0049346476 0.0243300398 0.0121792984 0.020979897 0.0171809658 0.0091815355 0.0139632639 0.0133767001 0.0195494687 0.0133841675 0.0163131243 0.015054268 0.0171229557 0.0074928797 0.0199201377 0.0063180146 0.0168323381 0.0179486051 0.0110841361 0.0166294648 0.0098454204 0.021685157 0.0182042249 0.023640153 0.0176088362 0.0101676795 0.0113803509 0.008111978 0.0093369188 0.0127296181 0.0133163805 0.0400994437 0.0099249942 0.0077069265 0.0168149266 0.0079860708 0.0165384413 0.008818504 0.0209188677 0.0133347593 0.0081847558 0.0238718559 0.014452723 
18 0.0095003212 0.0145609273 0.0145982508 0.0165499302 0.0167662432 0.0072256803 0.0153389425 0.0098507769 0.0088656612 0.0047823603 0.0161627243 0.0115281057 0.0140678219 0.0239105933 0.0089911425 0.0136066695 0.0184850535 0.0238008755 0.0218192255 0.0220794373 0.0193711075 0.024199028 0.0101467323 0.0165995024 0.0096642851 0.0187471014 0.0329632902 0.0094365726 0.0161160187 0.0300353131 0.0151470746 0.0272529212 0.0116019405 0.0184105652 0.0195479196 0.0123787896 0.002814904 0.0078267909 0.0075905563 0.0156004154 0.0196166157 0.0097497563 0.0052877003 0.0137518589 0.0100126729 0.021318397 0.0087305117 0.0147579204 0.0174763608 0.010320389 0.0303013385 0.0119052569 0.0135883834 0.0271891301 0.0094768108 0.0179878607 0.0107965099 0.0138555825 0.0278069057 0.0167961366 0.012543496 0.0315757898 0.0127205711 0.0144924732 
19 0.0138848547 0.0106043039 0.0138473716 0.0181098626 0.0135299818 0.0160672014 0.0281570233 0.0153191316 0.0141439905 0.0103168671 0.011986624 0.0311221451 0.0058259647 0.0130048971 0.0129813508 0.013889826 0.0147462245 0.0218192255 0.0392377613 0.01470737 0.0249164439 0.0169618774 0.0117944664 0.0080952249 0.0096750062 0.0238873694 0.0138896804 0.0158566194 0.0298245168 0.0176845973 0.0161315002 0.0127405123 0.0132917922 0.0141318158 0.0139212153 0.0026921927 0.0115129897 0.0172709875 0.0075248078 0.0239319419 0.0122736518 0.0084675944 0.0190116491 0.0200437476 0.0200812626 0.0118453804 0.0136511481 0.0067478809 0.0144612707 0.0174746247 0.0283977064 0.0187746115 0.0212059753 0.0167624032 0.0137326296 0.0056716493 0.015770647 0.0195711705 0.0111159442 0.0173490051 0.0153380244 0.0081787509 0.0124769583 0.0125587792 
20 0.0075573775 0.0066172446 0.0114281793 0.01321823 0.0205740786 0.0193001088 0.0130672631 0.0074614177 0.0069870145 0.0238468516 0.0191693626 0.012109821 0.0227651943 0.0236848213 0.0214942264 0.0171987582 0.0185409192 0.0220794373 0.01470737 0.006917254 0.0140866853 0.0083685453 0.0201930729 0.0090120286 0.0059671247 0.0147353026 0.018139991 0.0180610874 0.0226706401 0.0178539348 0.016547914 0.015291831 0.0161077993 0.0133702481 0.0224837321 0.0179876217 0.0101301306 0.0090212385 0.0224408709 0.0133699516 0.0140606506 0.0208264909 0.0224721528 0.0092214497 0.0180260806 0.019534345 0.0177194034 0.008919586 0.0255249676 0.0119177063 0.0052083947 0.0097087077 0.0121297703 0.0337635086 0.0101883521 0.0107237319 0.0163119985 0.0124490502 0.01457006 0.0233036869 0.0154633867 0.0182262382 0.0242346059 0.0109309951 
21 0.0138692527 0.0116200989 0.0076078061 0.0121520416 0.0115024994 0.0122249553 0.0222548546 0.0136691908 0.0168781369 0.0116182861 0.0164660135 0.0132643373 0.0117721812 0.0198174133 0.0128961124 0.0084769096 0.0244351198 0.0193711075 0.0249164439 0.0140866853 0.0229506253 0.0045430664 0.0266726495 0.0157227097 0.01818313 0.013390347 0.0147416834 0.0111745359 0.0075186074 0.0209206313 0.0109650851 0.0116589883 0.0066394095 0.0082577392 0.0220498906 0.0158022913 0.021336687 0.0038493457 0.0088966188 0.0188707142 0.0117210791 0.0115758735 0.0191137693 0.0209392041 0.0143111696 0.0188533727 0.0151677415 0.0171227936 0.0176299039 0.0223287798 0.0172188228 0.0203262354 0.0129724521 0.0259075756 0.0152316707 0.0205797764 0.0210990421 0.0234156174 0.0112092276 0.0206601979 0.0098698168 0.0167319836 0.024847912 0.0081217807 
22 0.0176519902 0.0215936937 0.0154950251 0.0041093165 0.0136863974 0.0138729605 0.0127526483 0.0266175097 0.0125597211 0.006581508 0.0244747237 0.0110499919 0.0218889941 0.0047757903 0.0091636023 0.0183164961 0.0049346476 0.024199028 0.0169618774 0.0083685453 0.0045430664 0.0104166638 0.0307638721 0.0227854106 0.0205449499 0.0199873338 0.0118130259 0.0149381349 0.0251351636 0.0211149414 0.0145645655 0.0148136549 0.0124875404 0.0092706891 0.0199534351 0.0244587754 0.0212257661 0.0140749946 0.0100480358 0.0031368448 0.0136693525 0.0101315733 0.0261879825 0.0206178213 0.0201156728 0.0074670328 0.0160101167 0.0112010749 0.0189070308 0.0218866235 0.021845502 0.0202280403 0.0119709817 0.0084049499 0.0137442058 0.0125530135 0.0191603001 0.0134336203 0.019070106 0.0064377448 0.0190019493 0.0172380371 0.0185387164 0.0170472202 
23 0.0221272517 0.0047929316 0.0104876031 0.022410563 0.0186199487 0.0327357194 0.0221964837 0.0171080635 0.0149798129 0.0164451019 0.0158604064 0.0127427093 0.0217911779 0.0141795762 0.0128500933 0.007907519 0.0243300398 0.0101467323 0.0117944664 0.0201930729 0.0266726495 0.0307638721 0.0204345882 0.0135472758 0.0090046141 0.0228470182 0.0186068254 0.013465207 0.0096419968 0.0216876537 0.0100176573 0.017389042 0.0150718938 0.014445875 0.0079664848 0.0125941563 0.0171471629 0.0119699334 0.0149851936 0.0286581176 0.0163558967 0.0066329054 0.0246680345 0.0077405333 0.0168350962 0.0152973557 0.0167165949 0.0146299873 0.018407174 0.0157644795 0.0212227551 0.0142245839 0.0138471738 0.0065620988 0.0016864913 0.01636912 0.0097661958 0.0251282407 0.0151894999 0.0141268537 0.0109682021 0.0084790983 0.0075355499 0.0112295888 
24 0.0152516939 0.016985398 0.0232000873 0.010885413 0.0135615773 0.0256524556 0.0241829699 0.0143976345 0.0080231928 0.0097562565 0.0199674296 0.0174335143 0.0221339515 0.0117142067 0.01703976 0.0113215953 0.0121792984 0.0165995024 0.0080952249 0.0090120286 0.0157227097 0.0227854106 0.0135472758 0.0038042533 0.0198767054 0.0045145835 0.0236655644 0.0096563816 0.0082697058 0.0217379 0.020386247 0.0161340083 0.0176598182 0.0165983524 0.0192816977 0.009303072 0.0126181842 0.012766987 0.0174752108 0.0229249407 0.0148930867 0.0136191819 0.0064202208 0.0021155541 0.014192432 0.0237007024 0.0098447679 0.016384022 0.0120213027 0.0094523041 0.0215023502 0.0258171313 0.0066024037 0.0300627246 0.0195132572 0.015462863 0.0180812479 0.0263197716 0.0208749341 0.0175975205 0.0086950388 0.0173714284 0.0177039995 0.0156295557 
25 0.0043224857 0.0093928478 0.0274929209 0.0091467854 0.0099084449 0.025096142 0.0201921367 0.0196681375 0.0220169107 0.0059706464 0.017098453 0.0141282895 0.0173201214 0.0154528711 0.0149731603 0.0012197819 0.020979897 0.0096642851 0.0096750062 0.0059671247 0.01818313 0.0205449499 0.0090046141 0.0198767054 0.0076490092 0.0308894753 0.0164327049 0.0128847037 0.0177728562 0.0091265484 0.0048066049 0.0207495879 0.0217307762 0.0245080852 0.0172694277 0.0103744371 0.0211320401 0.0054918289 0.0287628752 0.0128553927 0.0158534321 0.0134637269 0.0148164943 0.015905056 0.0201062674 0.0216032245 0.011894263 0.0176227958 0.0144628286 0.0107121906 0.017069764 0.0096064585 0.0129915865 0.0226930951 0.0124700232 0.0253883292 0.0112845636 0.0243429002 0.0149788895 0.011699995 0.0180262413 0.018668906 0.0180902213 0.016516546 
26 0.0095531964 0.0170107937 0.01017707 0.0120829565 0.0102248826 0.0183921954 0.0102352708 0.0172613155 0.0217908423 0.0096136311 0.0065433696 0.0153527701 0.0161954304 0.0131057241 0.0142559693 0.0258013102 0.0171809658 0.0187471014 0.0238873694 0.0147353026 0.013390347 0.0199873338 0.0228470182 0.0045145835 0.0308894753 0.0041084044 0.0048960871 0.0230691865 0.0221600243 0.0252471026 0.0261158412 0.0097468439 0.0100924919 0.00995277 0.0087040658 0.0130018952 0.0139196387 0.0070624364 0.0184952988 0.0268979143 0.0229165403 0.0034713545 0.0224375949 0.0225028406 0.0149317634 0.0129386213 0.0189892737 0.0141173861 0.0216550156 0.0089906333 0.000969062 0.0192997318 0.0173993898 0.0196678638 0.0190356348 0.0245428131 0.015672224 0.0141097078 0.0152337042 0.017951542 0.0045977019 0.0239908407 0.0164911194 0.0108414147 
27 0.0143322358 0.01426358 0.0158422106 0.0203777654 0.0132838992 0.009195435 0.0089655767 0.0245500679 0.015092092 0.0121337783 0.0193321806 0.0058054317 0.0107064734 0.0178281487 0.0059959818 0.0153321932 0.0091815355 0.0329632902 0.0138896804 0.018139991 0.0147416834 0.0118130259 0.0186068254 0.0236655644 0.0164327049 0.0048960871 0.012753727 0.0280876289 0.022408237 0.0202523373 0.0202750825 0.0228828965 0.0186323759 0.0137402102 0.0197787482 0.0219530144 0.0107626705 0.015202659 0.0222058354 0.0092106822 0.0182974625 0.0122234776 0.0072770629 0.0172803634 0.012264886 0.0158405112 0.0175532744 0.0215050278 0.0102447439 0.0173052989 0.0197331943 0.0168770973 0.0218790991 0.0125664881 0.0106396871 0.0049910806 0.0129246577 0.0201729734 0.0098144594 0.0140674204 0.0108923873 0.0107660353 0.0152882576 0.0240815102 
28 0.0121381917 0.0206602839 0.0210775881 0.0044994725 0.0142665121 0.0233981861 0.0182241332 0.0138408578 0.0095759792 0.0086230236 0.0134822064 0.0172186454 0.0166841348 0.0202319806 0.0168164321 0.012466856 0.0139632639 0.0094365726 0.0158566194 0.0180610874 0.0111745359 0.0149381349 0.013465207 0.0096563816 0.0128847037 0.0230691865 0.0280876289 0.0100022936 0.0177741585 0.0072436136 0.0109998255 0.0184250122 0.021644864 0.0125044864 0.0141060478 0.0183826179 0.0142156486 0.0230770941 0.0086871748 0.0194611367 0.013713975 0.0153029184 0.0168657431 0.0221629274 0.0175652727 0.0187394678 0.0239609593 0.0152045959 0.0142900433 0.0108635321 0.0197407982 0.0134239451 0.0179386082 0.0133761822 0.0139683719 0.0166620359 0.0083060596 0.0295467149 0.0156740922 0.0076098957 0.0102554596 0.0161281092 0.0230110671 0.0153674462 
29 0.0138208513 0.0096600659 0.0165979617 0.02030566 0.0106269298 0.016104117 0.0142171503 0.0042813733 0.0214706229 0.01618997 0.0151056837 0.0166672318 0.0207455522 0.0174824675 0.0112785476 0.0138699746 0.0133767001 0.0161160187 0.0298245168 0.0226706401 0.0075186074 0.0251351636 0.0096419968 0.0082697058 0.0177728562 0.0221600243 0.022408237 0.0177741585 0.0369143007 0.0046712369 0.0126384783 0.0056183114 0.0039692822 0.0134615204 0.0161234352 0.0164212082 0.0172962393 0.0272712603 0.0185469493 0.0083146387 0.0200045817 0.0117342061 0.0173783154 0.018148908 0.0111282978 0.0112113312 0.0144216425 0.0162755196 0.0271538936 0.012623094 0.0145024387 0.0103530046 0.0081446853 0.0278151388 0.0090628483 0.0137289528 0.0142660409 0.0182471108 0.0193475617 0.0202867416 0.0142650345 0.0140539816 0.0158819913 0.0076250337 
30 0.0107833328 0.0063339883 0.0235279242 0.0128036471 0.0098377525 0.0091924568 0.016539603 0.0188400436 0.0203447512 0.0137193222 0.0158801312 0.0250150389 0.0216036337 0.0077642422 0.019191715 0.008497712 0.0195494687 0.0300353131 0.0176845973 0.0178539348 0.0209206313 0.0211149414 0.0216876537 0.0217379 0.0091265484 0.0252471026 0.0202523373 0.0072436136 0.0046712369 0.0154063228 0.0239282042 0.0060077402 0.018405344 0.0197990759 0.0120095345 0.0104424935 0.0263723501 0.0155382537 0.0270132991 0.0122741342 0.0121620146 0.0221041814 0.0146116766 0.0055821678 0.0111260991 0.0046876812 0.0102448801 0.0266035745 0.0136246788 0.0132973415 0.0129178404 0.0142682044 0.0075593108 0.020166037 0.0243732013 0.0118932107 0.0139462177 0.0104568983 0.0161146931 0.013021814 0.0117743255 0.0149924979 0.0090883468 0.0211857806 
31 0.0162297948 0.0179275357 0.0190858849 0.011093567 0.009145806 0.0133345701 0.0220262322 0.0156243439 0.0179253956 0.0233594316 0.0004750942 0.0126408375 0.0044487396 0.0186056778 0.0064423631 0.0110426893 0.0133841675 0.0151470746 0.0161315002 0.016547914 0.0109650851 0.0145645655 0.0100176573 0.020386247 0.0048066049 0.0261158412 0.0202750825 0.0109998255 0.0126384783 0.0239282042 0.0301444477 0.005608486 0.0106416542 0.0044794815 0.0122781977 0.0220713583 0.0123463303 0.0164593995 0.0139701794 0.0275776182 0.0205127325 0.016269124 0.0126825395 0.0082216089 0.0161626242 0.0202819324 0.0288814635 0.011170337 0.0244510796 0.0235561509 0.0156133008 0.0074973537 0.0160826416 0.0184659092 0.0160118552 0.0224270077 0.0236322204 0.0118924283 0.0063368701 0.0177090012 0.0134891238 0.0152951383 0.0206918939 0.0217722995 
32 0.0165356386 0.0286469671 0.0140758854 0.0144290841 0.0064484098 0.0232702033 0.0167860254 0.0194666416 0.0207241938 0.0091778633 0.0167709981 0.0116417353 0.0126846454 0.0140955743 0.0185346935 0.0104073063 0.0163131243 0.0272529212 0.0127405123 0.015291831 0.0116589883 0.0148136549 0.017389042 0.0161340083 0.0207495879 0.0097468439 0.0228828965 0.0184250122 0.0056183114 0.0060077402 0.005608486 0.0175166937 0.0233530686 0.0176855227 0.0238467404 0.0238839472 0.0179438155 0.0171586011 0.0133393028 0.0102845107 0.0175604213 0.0052959209 0.0239610742 0.022606425 0.0081401914 0.0110334674 0.0132438648 0.0118547463 0.019096885 0.0152836825 0.0121057913 0.0097639802 0.0180590615 0.0112969968 0.0165827709 0.0147215551 0.0186002328 0.0230239506 0.013167536 0.0208467936 0.0186499037 0.0116488097 0.0173055048 0.0068094058 
33 0.0107093195 0.0137614985 0.015249078 0.016435987 0.0191019006 0.0137088458 0.0113290644 0.0179957016 0.0093516058 0.0093207784 0.0144833806 0.0073303227 0.011766808 0.0159571234 0.0208730467 0.0109062705 0.015054268 0.0116019405 0.0132917922 0.0161077993 0.0066394095 0.0124875404 0.0150718938 0.0176598182 0.0217307762 0.0100924919 0.0186323759 0.021644864 0.0039692822 0.018405344 0.0106416542 0.0233530686 0.0118603125 0.0159391191 0.0114498395 0.0165774409 0.0351991302 0.0153538218 0.0201072873 0.0134040027 0.0187211988 0.0260184275 0.0109286596 0.0151198543 0.0185139408 0.0225367144 0.0218351236 0.0106467942 0.0134723371 0.0094631561 0.0313249583 0.0186050129 0.0092395074 0.0133803077 0.0139500678 0.021594883 0.0199251685 0.0149555359 0.0237658735 0.0200517858 0.0021584333 0.0055842436 0.0189558092 0.0246962019 
34 0.0200971252 0.0116306931 0.0183970336 0.0140605855 0.011990635 0.0140620637 0.013657861 0.0021356724 0.0197198506 0.0259002298 0.0138890658 0.009803131 0.0190163692 0.0111640845 0.021077804 0.0170482774 0.0171229557 0.0184105652 0.0141318158 0.0133702481 0.0082577392 0.0092706891 0.014445875 0.0165983524 0.0245080852 0.00995277 0.0137402102 0.0125044864 0.0134615204 0.0197990759 0.0044794815 0.0176855227 0.0159391191 0.0359756579 0.0072935952 0.0076631332 0.0134119147 0.0210847435 0.0181728343 0.0167081631 0.0143368649 0.0223535098 0.0284424386 0.0088186131 0.0244733472 0.0126837356 0.0143235229 0.0219277758 0.0132108717 0.0166202364 0.0109257173 0.01925645 0.0145897758 0.018472772 0.0152148222 0.0178237631 0.0099606692 0.018588688 0.0103692106 0.0146815457 0.0130435474 0.0220945231 0.0132019396 0.0169466245 
35 0.0149600346 0.0066773213 0.0123306166 0.020605372 0.0113767827 0.0101147106 0.0297582298 0.028655823 0.0062698543 0.0122116312 0.0129233848 0.0125564116 0.0094335412 0.0124766819 0.018126265 0.0122027663 0.0074928797 0.0195479196 0.0139212153 0.0224837321 0.0220498906 0.0199534351 0.0079664848 0.0192816977 0.0172694277 0.0087040658 0.0197787482 0.0141060478 0.0161234352 0.0120095345 0.0122781977 0.0238467404 0.0114498395 0.0072935952 0.0209331378 0.0142879981 0.0146015265 0.013444378 0.0045146413 0.017733804 0.014902115 0.0219552822 0.0164930191 0.0112940284 0.0231454084 0.0319112436 0.0131230131 0.0171942956 0.0007952594 0.0209957329 0.0027354978 0.015070034 0.0111279334 0.0196861237 0.0221054229 0.0212534779 0.0085256432 0.017447896 0.0072500103 0.0206198447 0.0215325571 0.0202846922 0.0217102452 0.0270894247 
36 0.0102481747 0.0133498719 0.0260233744 0.0213185668 0.0161093934 0.0202180874 0.0287017877 0.0089865714 0.014985886 0.0122773058 0.0271660591 0.0263668495 0.0158415378 0.0197936099 0.0078839207 0.0029975386 0.0199201377 0.0123787896 0.0026921927 0.0179876217 0.0158022913 0.0244587754 0.0125941563 0.009303072 0.0103744371 0.0130018952 0.0219530144 0.0183826179 0.0164212082 0.0104424935 0.0220713583 0.0238839472 0.0165774409 0.0076631332 0.0142879981 0.0233224863 0.016307337 0.020222716 0.0214147689 0.0144730606 0.0099871696 0.0071082293 0.0096948363 0.0059981489 0.0142456391 0.0179988587 0.0237863078 0.0138044757 0.0161203861 0.010943294 0.0186358528 0.0155919908 0.0146734284 0.0187404794 0.0163486372 0.005742399 0.0161253817 0.0188108822 0.0108324132 0.0080039735 0.0127127452 0.0199293097 0.0206745055 0.0152851715 
37 0.0121831569 0.0076168703 0.0130680663 0.0281836158 0.0134070697 0.0152847052 0.0165008502 0.008542933 0.0179833024 0.0150412212 0.0112769039 0.0111591846 0.0185533338 0.0162406679 0.0104887846 0.0098753167 0.0063180146 0.002814904 0.0115129897 0.0101301306 0.021336687 0.0212257661 0.0171471629 0.0126181842 0.0211320401 0.0139196387 0.0107626705 0.0142156486 0.0172962393 0.0263723501 0.0123463303 0.0179438155 0.0351991302 0.0134119147 0.0146015265 0.016307337 0.0175305697 0.0096850831 0.0269011092 0.0038095152 0.0094821555 0.0306736944 0.0281409598 0.008936151 0.0255674823 0.0218311923 0.0100706389 0.016580177 0.0237195767 0.0212888157 0.0142426875 0.0223713469 0.0128873649 0.0169224325 0.0212642694 0.0169701187 0.0109408722 0.0183476247 0.0185351767 0.0045807549 0.0172102509 0.0096542236 0.0154438216 0.0043934713 
38 0.0234593719 0.0060876031 0.0150056126 0.002188286 0.0402831774 0.0230458838 0.0117774421 0.0338550233 0.0006522737 0.0244051648 0.0148702327 0.0191521437 0.0126587168 0.0138610036 0.0202691644 0.0140357444 0.0168323381 0.0078267909 0.0172709875 0.0090212385 0.0038493457 0.0140749946 0.0119699334 0.012766987 0.0054918289 0.0070624364 0.015202659 0.0230770941 0.0272712603 0.0155382537 0.0164593995 0.0171586011 0.0153538218 0.0210847435 0.013444378 0.020222716 0.0096850831 0.0069774365 0.0079181511 0.0081014139 0.0226147476 0.0214067854 0.0118644939 0.022793727 0.0183088466 0.0096951862 0.0119818672 0.0097897861 0.0249601371 0.022244936 0.0234214929 0.0211102625 0.0127001755 0.0188826671 0.0129412884 0.015993889 0.027887198 0.008756912 0.0229676571 0.008202044 0.0108642779 0.0159345203 0.007900504 0.0175078619 
39 0.0119096228 0.0210784593 0.0150833009 0.0144976865 0.0280314303 0.0116466171 0.0143657009 0.0096075229 0.019861536 0.0204135345 0.0218229195 0.0089410533 0.0055280154 0.0040923406 0.0062310938 0.0225377028 0.0179486051 0.0075905563 0.0075248078 0.0224408709 0.0088966188 0.0100480358 0.0149851936 0.0174752108 0.0287628752 0.0184952988 0.0222058354 0.0086871748 0.0185469493 0.0270132991 0.0139701794 0.0133393028 0.0201072873 0.0181728343 0.0045146413 0.0214147689 0.0269011092 0.0079181511 0.0110134303 0.018368826 0.0125398549 0.0226045189 0.0169936904 0.0123674716 0.0277239669 0.0111473438 0.0188762334 0.0181270045 0.0221760958 0.0127151077 0.0128017207 0.0169111214 0.0102329057 0.0147469391 0.013499358 0.010981193 0.0164875291 0.0111234501 0.027690411 0.006854742 0.017976732 0.0069228044 0.0127028622 0.023806544 
40 0.0071786269 0.0284756224 0.0168439936 0.0151804269 0.0034588294 0.0161882578 0.0028210898 0.0184477698 0.0197828984 0.0197581323 0.0166579648 0.022132019 0.0113186062 0.0232307103 0.0133990556 0.0276832084 0.0110841361 0.0156004154 0.0239319419 0.0133699516 0.0188707142 0.0031368448 0.0286581176 0.0229249407 0.0128553927 0.0268979143 0.0092106822 0.0194611367 0.0083146387 0.0122741342 0.0275776182 0.0102845107 0.0134040027 0.0167081631 0.017733804 0.0144730606 0.0038095152 0.0081014139 0.018368826 0.0118008448 0.0215574469 0.0216030092 0.0069357118 0.0183038812 0.0064159125 0.0104071046 0.0076288183 0.0148737202 0.0175667863 0.0149980161 0.0191981815 0.0165433203 0.024824106 0.0076652529 0.0099243211 0.0068924006 0.0270020251 0.0154723435 0.021074701 0.0257323038 0.0188104556 0.0163723827 0.0072923308 0.0114955361 
41 0.023071132 0.0305947791 0.0112367226 0.0198735053 0.0176842165 0.024997313 0.0102201306 0.0169487732 0.0143398753 0.0196016368 0.0166948067 0.0036955447 0.0187689927 0.0132988155 0.0056029959 0.0153615801 0.0166294648 0.0196166157 0.0122736518 0.0140606506 0.0117210791 0.0136693525 0.0163558967 0.0148930867 0.0158534321 0.0229165403 0.0182974625 0.013713975 0.0200045817 0.0121620146 0.0205127325 0.0175604213 0.0187211988 0.0143368649 0.014902115 0.0099871696 0.0094821555 0.0226147476 0.0125398549 0.0215574469 0.0203502767 0.0092892896 0.0066128771 0.0145263578 0.0113529796 0.0179104267 0.0207781852 0.014527054 0.0179319411 0.0143703293 0.0134343128 0.0128878268 0.0160963236 0.0138720993 0.003726755 0.0278707254 0.015999096 0.004930154 0.0224900892 0.016834787 0.0168410767 0.0215666734 0.0049792193 0.0144478133 
42 0.0143022084 0.0051549487 0.0101679952 0.0201824234 0.0283891662 0.0170958281 0.0079513514 0.0088037792 0.0109890956 0.0107930524 0.0235354548 0.0317617609 0.0157795321 0.0128688684 0.0125980216 0.0156868034 0.0098454204 0.0097497563 0.0084675944 0.0208264909 0.0115758735 0.0101315733 0.0066329054 0.0136191819 0.0134637269 0.0034713545 0.0122234776 0.0153029184 0.0117342061 0.0221041814 0.016269124 0.0052959209 0.0260184275 0.0223535098 0.0219552822 0.0071082293 0.0306736944 0.0214067854 0.0226045189 0.0216030092 0.0092892896 0.0206302741 0.0206104492 0.0078138171 0.0183549014 0.0255598745 0.0187565686 0.0142392642 0.0061046741 0.0208869819 0.013900244 0.0163563915 0.0269793899 0.0156522796 0.020417348 0.0186979642 0.0103848978 0.0091882776 0.0077027098 0.0211939034 0.0094332521 0.0120715435 0.0291537686 0.0161244826 
43 0.0065174829 0.0178561574 0.0123095331 0.0213746166 0.0159638577 0.0126573146 0.0219751783 0.0163644227 0.0118640801 0.0173121976 0.0204884731 0.0143025393 0.0076883707 0.016724016 0.013371515 0.0204332001 0.021685157 0.0052877003 0.0190116491 0.0224721528 0.0191137693 0.0261879825 0.0246680345 0.0064202208 0.0148164943 0.0224375949 0.0072770629 0.0168657431 0.0173783154 0.0146116766 0.0126825395 0.0239610742 0.0109286596 0.0284424386 0.0164930191 0.0096948363 0.0281409598 0.0118644939 0.0169936904 0.0069357118 0.0066128771 0.0206104492 0.014144421 0.0219543021 0.0121209053 0.0108748092 0.014265171 0.0213633255 0.0053381339 0.0179389388 0.0096654558 0.0154666674 0.0140344056 0.0132823809 0.0062756121 0.020605657 0.017010181 0.0084945703 0.018038882 0.01531452 0.0229844506 0.0084942115 0.0182822779 0.015253463 
44 0.015436558 0.0131920299 0.0184285128 0.0087722332 0.012992779 0.0278025034 0.0224331106 0.0158586954 0.0052020662 0.0178000442 0.0311802913 0.0219548729 0.0124059488 0.0207818189 0.0231432167 0.0097344591 0.0182042249 0.0137518589 0.0200437476 0.0092214497 0.0209392041 0.0206178213 0.0077405333 0.0021155541 0.015905056 0.0225028406 0.0172803634 0.0221629274 0.018148908 0.0055821678 0.0082216089 0.022606425 0.0151198543 0.0088186131 0.0112940284 0.0059981489 0.008936151 0.022793727 0.0123674716 0.0183038812 0.0145263578 0.0078138171 0.0219543021 0.0112193668 0.0154397041 0.0146435124 0.0194727579 0.0091882836 0.0188544334 0.0243528867 0.0155159693 0.0154787297 0.0132567437 0.0070505378 0.0145688162 0.0172356468 0.0150809394 0.0179103486 0.0222506126 0.0166081378 0.022480472 0.0055574895 0.0080923558 0.0256520721 
45 0.0079280564 0.0173346954 0.0073835933 0.0205249848 0.0084542214 0.0104119259 0.0303414445 0.0083039541 0.0142633638 0.0310135182 0.0083418232 0.0021357793 0.0154706457 0.0129271216 0.0213750774 0.0165517972 0.023640153 0.0100126729 0.0200812626 0.0180260806 0.0143111696 0.0201156728 0.0168350962 0.014192432 0.0201062674 0.0149317634 0.012264886 0.0175652727 0.0111282978 0.0111260991 0.0161626242 0.0081401914 0.0185139408 0.0244733472 0.0231454084 0.0142456391 0.0255674823 0.0183088466 0.0277239669 0.0064159125 0.0113529796 0.0183549014 0.0121209053 0.0154397041 0.0180528884 0.0184673004 0.006405432 0.0208897336 0.0199474816 0.0078682441 0.0216189662 0.0217310026 0.0052799933 0.0167353949 0.0053801437 0.0164381421 0.0205417278 0.0121557268 0.0069302765 0.0146264621 0.0148712623 0.0226339375 0.0116544875 0.0207064186 
46 0.0234107262 0.0161694765 0.0111146314 0.027247751 0.0152611672 0.0253039402 0.0089844567 0.0188043509 0.0141486041 0.0188632605 0.012191801 0.0113835719 0.0053558819 0.0039096599 0.0073609014 0.0109032255 0.0176088362 0.021318397 0.0118453804 0.019534345 0.0188533727 0.0074670328 0.0152973557 0.0237007024 0.0216032245 0.0129386213 0.0158405112 0.0187394678 0.0112113312 0.0046876812 0.0202819324 0.0110334674 0.0225367144 0.0126837356 0.0319112436 0.0179988587 0.0218311923 0.0096951862 0.0111473438 0.0104071046 0.0179104267 0.0255598745 0.0108748092 0.0146435124 0.0184673004 0.0119568763 0.0155942478 0.0160196409 0.0028790107 0.0136325836 0.0167327626 0.0150896737 0.0141299933 0.0125609966 0.0118175755 0.0283849947 0.011259567 0.0166619765 0.0192743658 0.0133945972 0.0228164983 0.0158670121 0.013625641 0.0202596183 
47 0.0078863458 0.0099395459 0.0104043123 0.0096214033 0.0176291426 0.0041271879 0.0095699753 0.01925501 0.0119677265 0.0238937934 0.0248949196 0.0078140811 0.0144978403 0.0202055619 0.037786965 0.0259691046 0.0101676795 0.0087305117 0.0136511481 0.0177194034 0.0151677415 0.0160101167 0.0167165949 0.0098447679 0.011894263 0.0189892737 0.0175532744 0.0239609593 0.0144216425 0.0102448801 0.0288814635 0.0132438648 0.0218351236 0.0143235229 0.0131230131 0.0237863078 0.0100706389 0.0119818672 0.0188762334 0.0076288183 0.0207781852 0.0187565686 0.014265171 0.0194727579 0.006405432 0.0155942478 0.0075983876 0.0205865963 0.0145094809 0.0151629942 0.0065920708 0.0239715102 0.0034302643 0.0228455803 0.0228390658 0.0211617346 0.0119284101 0.0210852608 0.0076423826 0.0153361482 0.0193156132 0.0075967219 0.0199707678 0.018868622 
48 0.0133778181 0.0101602957 0.0222790483 0.0129040652 0.0151251199 0.0267710476 0.0167267073 0.0171945497 0.0151370592 0.0157308827 0.0103089517 0.0183430232 0.0073398583 0.0137632474 0.016784285 0.0273240325 0.0113803509 0.0147579204 0.0067478809 0.008919586 0.0171227936 0.0112010749 0.0146299873 0.016384022 0.0176227958 0.0141173861 0.0215050278 0.0152045959 0.0162755196 0.0266035745 0.011170337 0.0118547463 0.0106467942 0.0219277758 0.0171942956 0.0138044757 0.016580177 0.0097897861 0.0181270045 0.0148737202 0.014527054 0.0142392642 0.0213633255 0.0091882836 0.0208897336 0.0160196409 0.0205865963 0.0165252649 0.0168183952 0.0071788238 0.0373025278 0.0162443432 0.0167830337 0.0247959438 0.0179818089 0.0041921524 0.0169211476 0.0105347022 0.0094249192 0.0109819566 0.0119302968 0.0158291818 0.0121458182 0.0198841661 
