32
1 0.0157744809 0.0334656369 0.0285528046 0.0281620561 0.0365243614 0.0433618898 0.0321587598 0.0194069382 0.0714915054 0.0335934655 0.0186831878 0.016181615 0.0284302261 0.0332080223 0.0544843904 0.0412039757 0.0150126739 0.0317327647 0.0340431732 0.0349333682 0.0398030009 0.0129857908 0.0308170633 0.026304597 0.009645941 0.0469113605 0.0548368931 0.0134744289 0.0329024106 0.0301682979 0.0338736445 0.0178712754 
2 0.0334656369 0.0181398658 0.0429557025 0.0461995745 0.0526079436 0.0117861423 0.035185072 0.0308002957 0.0151841545 0.0485866224 0.0283412493 0.0240937156 0.0409206973 0.0525005068 0.0112525155 0.0253375466 0.0210338634 0.0191340646 0.0299961562 0.0330351001 0.0249295959 0.020768375 0.045798312 0.0194243439 0.0202882694 0.023977232 0.0670210091 0.0262110368 0.0260873649 0.023379724 0.061170521 0.0203877905 
3 0.0285528046 0.0429557025 0.0057756984 0.0206136248 0.053516312 0.0437202378 0.0070130227 0.0134494264 0.0284993815 0.0238976092 0.0335685059 0.0580528943 0.0251224633 0.044870146 0.0381255425 0.0336499937 0.0243911393 0.0265801733 0.0486408079 0.0101413323 0.0468186839 0.0559662861 0.0244844041 0.041349472 0.0195046981 0.0146910155 0.0298899617 0.0095728824 0.0210818636 0.0659535426 0.0300659994 0.0294843721 
4 0.0281620561 0.0461995745 0.0206136248 0.0325965981 0.0034366471 0.0268099878 0.0296056177 0.0417817769 0.0310058715 0.0314136824 0.044216356 0.0557940431 0.0240073484 0.0266993577 0.0200466608 0.001120738 0.0459906092 0.0513768477 0.0212633089 0.0056960844 0.0411139055 0.039849895 0.0400233865 0.0422679287 0.0208367519 0.041572118 0.0347135806 0.0484711627 0.0137086165 0.0488481685 0.0311205359 0.0096371588 
5 0.0365243614 0.0526079436 0.053516312 0.0034366471 0.0198946366 0.025205955 0.0211525987 0.0284941286 0.022685589 0.0329139805 0.0379252733 0.0201777498 0.0204593125 0.0216293953 0.0215332669 0.02647153 0.037268429 0.0159296863 0.0333353408 0.0368038662 0.0476898526 0.0481503025 0.0425829576 0.0414846691 0.0290711098 0.0092926929 0.0252597431 0.0330171525 0.0489347372 0.0494639364 0.0299642403 0.0271226033 
6 0.0433618898 0.0117861423 0.0437202378 0.0268099878 0.025205955 0.0549459543 0.0327588101 0.0251455255 0.0545998452 0.0350903886 0.0310514575 0.0351873498 0.0135990184 0.0244359661 0.0199063543 0.0371917503 0.0365010477 0.0110968591 0.0277367247 0.0459572062 0.01879373 0.0107860304 0.0318708774 0.0240669626 0.0444480776 0.0421402019 0.021335181 0.0313925007 0.0326617341 0.0205215554 0.0275703259 0.0583243525 
7 0.0321587598 0.035185072 0.0070130227 0.0296056177 0.0211525987 0.0327588101 0.0220777067 0.0481238153 0.0275763609 0.0299581893 0.0671198499 0.0512203427 0.0317609702 0.0234503893 0.0408424476 0.0266067009 0.0350186112 0.0512688679 0.0439809406 0.0178590216 0.0137250607 0.037237599 0.0254068098 0.014696347 0.0279785459 0.0594218247 0.0245664693 0.0327711983 0.034809299 0.0196738789 0.0289610823 0.00601379 
8 0.0194069382 0.0308002957 0.0134494264 0.0417817769 0.0284941286 0.0251455255 0.0481238153 0.0312089749 0.0299435024 0.0176890721 0.0142816679 0.0040516805 0.0182842977 0.0329675298 0.0294646857 0.0322532941 0.0120109555 0.0391013984 0.048996268 0.066720424 0.0303200983 0.0396689352 0.0368671804 0.0124502249 0.0498731145 0.0385528342 0.0305780992 0.0415932255 0.0388661297 0.0205638092 0.0424506613 0.0340400298 
9 0.0714915054 0.0151841545 0.0284993815 0.0310058715 0.022685589 0.0545998452 0.0275763609 0.0299435024 0.0188623862 0.0309538022 0.0329097965 0.0568987533 0.0497586856 0.0395160257 0.0068564877 0.0392150428 0.0426414025 0.0523525495 0.0240041174 0.0054094125 0.0160370564 0.0185642362 0.0231262004 0.0100355901 0.0368825366 0.0448478685 0.0417053057 0.019453495 0.0261534506 0.0247138574 0.0279623737 0.0301533573 
10 0.0335934655 0.0485866224 0.0238976092 0.0314136824 0.0329139805 0.0350903886 0.0299581893 0.0176890721 0.0309538022 0.001648157 0.049355839 0.0417296449 0.0319224332 0.0334658585 0.0430944688 0.0454311466 0.0477962623 0.0203830278 0.0283826489 0.0233792874 0.0144918097 0.016967609 0.0621128397 0.0265969866 0.0328250951 0.0163376757 0.0362615114 0.0063842074 0.0287122881 0.0343406071 0.0395821708 0.034701613 
11 0.0186831878 0.0283412493 0.0335685059 0.044216356 0.0379252733 0.0310514575 0.0671198499 0.0142816679 0.0329097965 0.049355839 0.0191924503 0.0270300545 0.0 0.0348906579 0.0173158209 0.0288839649 0.0275440907 0.0346877744 0.0178491139 0.0395385416 0.0304789956 0.0187967233 0.0272062977 0.0425272185 0.0268622041 0.0455704061 0.0164620778 0.0269815014 0.037674648 0.0404826225 0.036469519 0.0461021339 
12 0.016181615 0.0240937156 0.0580528943 0.0557940431 0.0201777498 0.0351873498 0.0512203427 0.0040516805 0.0568987533 0.0417296449 0.0270300545 0.0188636075 0.0268495578 0.0663539748 0.0585269291 0.021616768 0.0056902672 0.0186201163 0.0446529985 0.0457707391 0.0043566067 0.0304531437 0.0158480371 0.0363873809 0.0116004716 0.0158232261 0.0248292757 0.0388316689 0.0599251865 0.0276172182 0.0098575342 0.0271074485 
13 0.0284302261 0.0409206973 0.0251224633 0.0240073484 0.0204593125 0.0135990184 0.0317609702 0.0182842977 0.0497586856 0.0319224332 0.0 0.0268495578 0.0 0.0084296182 0.0399826485 0.0253015257 0.0488451965 0.0208516016 0.0584571282 0.0118320724 0.0239532589 0.0662589316 0.0299672416 0.0251816854 0.0191302294 0.0412741506 0.02131315 0.0194795285 0.0411229522 0.0415691372 0.0945824456 0.0513524875 
14 0.0332080223 0.0525005068 0.044870146 0.0266993577 0.0216293953 0.0244359661 0.0234503893 0.0329675298 0.0395160257 0.0334658585 0.0348906579 0.0663539748 0.0084296182 0.0033163327 0.0246600892 0.0271734729 0.0563654594 0.0171561261 0.0093740782 0.0110441756 0.0119781973 0.0264894699 0.0257942543 0.039844077 0.0303318814 0.0398838004 0.0361743487 0.0386270464 0.0450183384 0.0296184989 0.0376317303 0.0471011745 
15 0.0544843904 0.0112525155 0.0381255425 0.0200466608 0.0215332669 0.0199063543 0.0408424476 0.0294646857 0.0068564877 0.0430944688 0.0173158209 0.0585269291 0.0399826485 0.0246600892 0.0192401719 0.0369865317 0.0467358465 0.0241205605 0.0196710694 0.0508144397 0.0531040424 0.0186180178 0.0581860946 0.0260124237 0.0482564375 0.0124591724 0.0241506124 0.03019525 0.0222980921 0.0224697986 0.036503922 0.024085209 
16 0.0412039757 0.0253375466 0.0336499937 0.001120738 0.02647153 0.0371917503 0.0266067009 0.0322532941 0.0392150428 0.0454311466 0.0288839649 0.021616768 0.0253015257 0.0271734729 0.0369865317 0.0463747271 0.0117616732 0.048129158 0.0473541759 0.0148437067 0.0647533694 0.0274062218 0.0576687084 0.038790069 0.0136352293 0.0374361382 0.0111638024 0.0229920378 0.0315768273 0.0265352216 0.0188632265 0.0322717252 
17 0.0150126739 0.0210338634 0.0243911393 0.0459906092 0.037268429 0.0365010477 0.0350186112 0.0120109555 0.0426414025 0.0477962623 0.0275440907 0.0056902672 0.0488451965 0.0563654594 0.0467358465 0.0117616732 0.0102558637 0.0458349073 0.0085383669 0.0284456247 0.0337088558 0.0357804371 0.0235508711 0.0402329615 0.0487993009 0.020337121 0.0380630213 0.0351594802 0.0226677573 0.0258665185 0.0144384601 0.0537129252 
18 0.0317327647 0.0191340646 0.0265801733 0.0513768477 0.0159296863 0.0110968591 0.0512688679 0.0391013984 0.0523525495 0.0203830278 0.0346877744 0.0186201163 0.0208516016 0.0171561261 0.0241205605 0.048129158 0.0458349073 0.0048215316 0.009893601 0.0536212878 0.045047008 0.0188955746 0.0203224045 0.0532781068 0.0457925086 0.0214799357 0.0414368001 0.0143354354 0.031677637 0.0498038434 0.0462727023 0.0149651396 
19 0.0340431732 0.0299961562 0.0486408079 0.0212633089 0.0333353408 0.0277367247 0.0439809406 0.048996268 0.0240041174 0.0283826489 0.0178491139 0.0446529985 0.0584571282 0.0093740782 0.0196710694 0.0473541759 0.0085383669 0.009893601 0.0122163641 0.0116380323 0.0412902077 0.0355306592 0.0335019315 0.0477896113 0.0206701891 0.0678684589 0.0206279097 0.01735099 0.0481852999 0.0389589961 0.0275954779 0.0206058536 
20 0.0349333682 0.0330351001 0.0101413323 0.0056960844 0.0368038662 0.0459572062 0.0178590216 0.066720424 0.0054094125 0.0233792874 0.0395385416 0.0457707391 0.0118320724 0.0110441756 0.0508144397 0.0148437067 0.0284456247 0.0536212878 0.0116380323 0.0415649688 0.0438608697 0.0166754864 0.0515907173 0.0306939114 0.0293323486 0.0059612416 0.0534323036 0.0513560126 0.0287101822 0.0205651325 0.0540061325 0.02476697 
21 0.0398030009 0.0249295959 0.0468186839 0.0411139055 0.0476898526 0.01879373 0.0137250607 0.0303200983 0.0160370564 0.0144918097 0.0304789956 0.0043566067 0.0239532589 0.0119781973 0.0531040424 0.0647533694 0.0337088558 0.045047008 0.0412902077 0.0438608697 0.0137872011 0.0301581394 0.0494735005 0.0559776213 0.0279927036 0.0218187854 0.0226629951 0.0487968432 0.0215904774 0.012073785 0.013809177 0.0356045658 
22 0.0129857908 0.020768375 0.0559662861 0.039849895 0.0481503025 0.0107860304 0.037237599 0.0396689352 0.0185642362 0.016967609 0.0187967233 0.0304531437 0.0662589316 0.0264894699 0.0186180178 0.0274062218 0.0357804371 0.0188955746 0.0355306592 0.0166754864 0.0301581394 0.0397920387 0.0197149836 0.0247405939 0.0376585154 0.053628044 0.030165832 0.0276760468 0.0434745294 0.0153831111 0.0316518064 0.0501066344 
23 0.0308170633 0.045798312 0.0244844041 0.0400233865 0.0425829576 0.0318708774 0.0254068098 0.0368671804 0.0231262004 0.0621128397 0.0272062977 0.0158480371 0.0299672416 0.0257942543 0.0581860946 0.0576687084 0.0235508711 0.0203224045 0.0335019315 0.0515907173 0.0494735005 0.0197149836 0.009561156 0.023635408 0.0668066807 0.0247470366 0.0085712893 0.0111248672 0.0148105855 0.0282871731 0.0164371859 0.0201035442 
24 0.026304597 0.0194243439 0.041349472 0.0422679287 0.0414846691 0.0240669626 0.014696347 0.0124502249 0.0100355901 0.0265969866 0.0425272185 0.0363873809 0.0251816854 0.039844077 0.0260124237 0.038790069 0.0402329615 0.0532781068 0.0477896113 0.0306939114 0.0559776213 0.0247405939 0.023635408 0.0513532613 0.0242906817 0.0198700468 0.0245164029 0.0431967333 0.0104414758 0.0400662577 0.0198762964 0.0226206535 
25 0.009645941 0.0202882694 0.0195046981 0.0208367519 0.0290711098 0.0444480776 0.0279785459 0.0498731145 0.0368825366 0.0328250951 0.0268622041 0.0116004716 0.0191302294 0.0303318814 0.0482564375 0.0136352293 0.0487993009 0.0457925086 0.0206701891 0.0293323486 0.0279927036 0.0376585154 0.0668066807 0.0242906817 0.0186259402 0.0251622128 0.0702450859 0.0269801041 0.0429702594 0.0320217576 0.0319057994 0.0095753186 
26 0.0469113605 0.023977232 0.0146910155 0.041572118 0.0092926929 0.0421402019 0.0594218247 0.0385528342 0.0448478685 0.0163376757 0.0455704061 0.0158232261 0.0412741506 0.0398838004 0.0124591724 0.0374361382 0.020337121 0.0214799357 0.0678684589 0.0059612416 0.0218187854 0.053628044 0.0247470366 0.0198700468 0.0251622128 0.0288525274 0.010978787 0.0635545116 0.0133120032 0.0221845911 0.0149224197 0.0551305595 
27 0.0548368931 0.0670210091 0.0298899617 0.0347135806 0.0252597431 0.021335181 0.0245664693 0.0305780992 0.0417053057 0.0362615114 0.0164620778 0.0248292757 0.02131315 0.0361743487 0.0241506124 0.0111638024 0.0380630213 0.0414368001 0.0206279097 0.0534323036 0.0226629951 0.030165832 0.0085712893 0.0245164029 0.0702450859 0.010978787 0.0372286871 0.0203407235 0.0452923186 0.0291495035 0.0063783305 0.0406489887 
28 0.0134744289 0.0262110368 0.0095728824 0.0484711627 0.0330171525 0.0313925007 0.0327711983 0.0415932255 0.019453495 0.0063842074 0.0269815014 0.0388316689 0.0194795285 0.0386270464 0.03019525 0.0229920378 0.0351594802 0.0143354354 0.01735099 0.0513560126 0.0487968432 0.0276760468 0.0111248672 0.0431967333 0.0269801041 0.0635545116 0.0203407235 0.0382245051 0.0482536906 0.0447053157 0.0303580086 0.0391384088 
29 0.0329024106 0.0260873649 0.0210818636 0.0137086165 0.0489347372 0.0326617341 0.034809299 0.0388661297 0.0261534506 0.0287122881 0.037674648 0.0599251865 0.0411229522 0.0450183384 0.0222980921 0.0315768273 0.0226677573 0.031677637 0.0481852999 0.0287101822 0.0215904774 0.0434745294 0.0148105855 0.0104414758 0.0429702594 0.0133120032 0.0452923186 0.0482536906 0.0135797741 0.0296338939 0.0391579282 0.0047082487 
30 0.0301682979 0.023379724 0.0659535426 0.0488481685 0.0494639364 0.0205215554 0.0196738789 0.0205638092 0.0247138574 0.0343406071 0.0404826225 0.0276172182 0.0415691372 0.0296184989 0.0224697986 0.0265352216 0.0258665185 0.0498038434 0.0389589961 0.0205651325 0.012073785 0.0153831111 0.0282871731 0.0400662577 0.0320217576 0.0221845911 0.0291495035 0.0447053157 0.0296338939 0.0172712256 0.03569132 0.0324177007 
31 0.0338736445 0.061170521 0.0300659994 0.0311205359 0.0299642403 0.0275703259 0.0289610823 0.0424506613 0.0279623737 0.0395821708 0.036469519 0.0098575342 0.0945824456 0.0376317303 0.036503922 0.0188632265 0.0144384601 0.0462727023 0.0275954779 0.0540061325 0.013809177 0.0316518064 0.0164371859 0.0198762964 0.0319057994 0.0149224197 0.0063783305 0.0303580086 0.0391579282 0.03569132 0.003579683 0.0272893395 
32 0.0178712754 0.0203877905 0.0294843721 0.0096371588 0.0271226033 0.0583243525 0.00601379 0.0340400298 0.0301533573 0.034701613 0.0461021339 0.0271074485 0.0513524875 0.0471011745 0.024085209 0.0322717252 0.0537129252 0.0149651396 0.0206058536 0.02476697 0.0356045658 0.0501066344 0.0201035442 0.0226206535 0.0095753186 0.0551305595 0.0406489887 0.0391384088 0.0047082487 0.0324177007 0.0272893395 0.0528486277 
