45
1 0.0 0.0090350688 0.0119983669 0.0131943483 0.0408635643 0.0293490298 0.0385219363 0.0282382019 0.0305822473 0.0329664707 0.0310462611 0.0232273063 0.0131445767 0.0158459103 0.0150557861 0.0165160063 0.0401080951 0.0246543135 0.0139340443 0.0208703179 0.0423445654 0.036231571 0.0140489013 0.0310398986 0.0236100946 0.0339139843 0.0166580018 0.021634213 0.0234652852 0.008749457 0.0056995895 0.0105298834 0.0136356831 0.0212028502 0.0139040779 0.0349893631 0.0244063147 0.0171841722 0.0116618524 0.008982921 0.0223725026 0.028701433 0.0275102524 0.0369507361 0.0214205441
2 0.0090350688 0.0 0.0372466314 0.0289864509 0.0235606691 0.0198226102 0.0172239986 0.0253599956 0.0121361357 0.0325056521 0.0102908799 0.0245821626 0.0203007305 0.0330091259 0.0200390169 0.0316354884 0.036189804 0.0162981059 0.0323133628 0.0236112505 0.0182529119 0.0083184893 0.0269391904 0.0207546414 0.0281672612 0.0172641954 0.0276738727 0.0199864912 0.0230623602 0.0186253791 0.0229813227 0.0272460225 0.0146605095 0.0337409129 0.022359334 0.0121431783 0.0196760024 0.0159120888 0.0237833807 0.0212203519 0.0306457007 0.0327404284 0.0213238656 0.0153942473 0.0229807218
3 0.0119983669 0.0372466314 0.0 0.0225075578 0.0189462133 0.0244690218 0.021227708 0.0096134572 0.0300979382 0.0244605425 0.0360293653 0.0292678337 0.0277033314 0.0187441967 0.0343450861 0.0037710782 0.0219089939 0.0305257293 0.0123999387 0.009124998 0.0140649756 0.0246530369 0.0393028046 0.0263687256 0.0488231397 0.0178018236 0.0250661687 0.0333177498 0.0176421819 0.0265213004 0.0295458197 0.0285502186 0.0193475182 0.023165413 0.0076065283 0.0079548836 0.0380133253 0.0215395184 0.0191318101 0.0123754746 0.0198974012 0.0162596385 0.0197629357 0.0164200851 0.0224795345
4 0.0131943483 0.0289864509 0.0225075578 0.0 0.0219277605 0.0265590718 0.0224008923 0.0086388964 0.0274858483 0.0162318748 0.0290576638 0.0369835186 0.0336681179 0.0109673597 0.0239439034 0.0259875448 0.0107457993 0.0332356408 0.0339607589 0.0179291332 0.0194196603 0.01770016 0.0079872745 0.0200351459 0.0204749933 0.022138649 0.0243719326 0.0258163069 0.0206700153 0.0089089242 0.012971187 0.0237429526 0.0194101994 0.0289493843 0.0323111011 0.0212678111 0.0158099442 0.0274392862 0.0308294755 0.0279598759 0.0120672761 0.0327639914 0.024905655 0.0316437485 0.0259929083
5 0.0408635643 0.0235606691 0.0189462133 0.0219277605 0.0 0.0136860554 0.0226676764 0.0414135067 0.0246725688 0.0386455598 0.029774436 0.0399884778 0.0319874821 0.0075515508 0.0124155606 0.0163058021 0.0102576848 0.0169081151 0.0198954036 0.013084551 0.0318457342 0.0092057756 0.0334420788 0.0270922802 0.0083177795 0.021572954 0.0317532589 0.0157569897 0.0241408884 0.0234702242 0.026843446 0.0423010357 0.0381816338 0.0121711793 0.0218639062 0.0051492803 0.0160863683 0.0060299433 0.0126391384 0.0094359167 0.0247181104 0.0264971001 0.0218073081 0.0226644368 0.0424605949
6 0.0293490298 0.0198226102 0.0244690218 0.0265590718 0.0136860554 0.0 0.0327438313 0.0252987435 0.0258589831 0.0118525774 0.0371770762 0.0301113608 0.0196538353 0.0109187469 0.0325162505 0.0303614452 0.0361225626 0.0054895103 0.0217237372 0.0280601104 0.0298428581 0.0086128636 0.0178230086 0.0278773425 0.0432479738 0.0313570752 0.0222432386 0.0185305934 0.0251482881 0.0164731029 0.0031209139 0.0166522362 0.0165833946 0.0081694044 0.0211641885 0.0255719222 0.0207350244 0.0186203445 0.026017545 0.0271918782 0.029383001 0.0076607852 0.0349287576 0.0166842031 0.0245854966
7 0.0385219363 0.0172239986 0.021227708 0.0224008923 0.0226676764 0.0327438313 0.0 0.0295844975 0.0141672134 0.0270266115 0.0060033076 0.0115516806 0.0086511798 0.0366908484 0.028802053 0.0216111453 0.0365030033 0.0143387042 0.0316328201 0.0287950185 0.0156585087 0.0225471319 0.0085666938 0.0285085247 0.0144125423 0.0181004284 0.0144632506 0.0256289808 0.0388156031 0.0203612385 0.0260293476 0.0087479925 0.0040689182 0.0079880525 0.0107010347 0.0230614839 0.0220326098 0.0381257062 0.0226131567 0.0403791944 0.0395788653 0.0229405064 0.0359851178 0.0207607979 0.0197801872
8 0.0282382019 0.0253599956 0.0096134572 0.0086388964 0.0414135067 0.0252987435 0.0295844975 0.0 0.0279774876 0.0198470416 0.0133270033 0.0236876552 0.0282804219 0.0236129136 0.0268387439 0.0220536015 0.014206387 0.0204040232 0.0286745814 0.0120386424 0.0385192989 0.0257756646 0.0135074853 0.0408316443 0.0218645354 0.0160133776 0.0118289981 0.0076921044 0.0107241475 0.0243521013 0.0460105226 0.0249468248 0.0047971202 0.0207485554 0.033957088 0.0336511093 0.0218567082 0.0297948755 0.005561794 0.0218466916 0.0139344237 0.027030167 0.0378488352 0.0232569307 0.0145531948
9 0.0305822473 0.0121361357 0.0300979382 0.0274858483 0.0246725688 0.0258589831 0.0141672134 0.0279774876 0.0 0.0339528475 0.0166584802 0.0195123017 0.0015263385 0.0256480131 0.0291638631 0.0223476344 0.0266015301 0.0244934352 0.0369653844 0.023090128 0.0129091398 0.011785374 0.0162397044 0.0351978499 0.0140933966 0.0219481841 0.0267174477 0.0191835708 0.023726033 0.0250585182 0.010090009 0.0332714632 0.0411421824 0.0162434282 0.0336044589 0.0134486747 0.0158214454 0.0392906952 0.0081120196 0.0270723168 0.0196790834 0.0281129634 0.0193728103 0.0219752319 0.0129656208
10 0.0329664707 0.0325056521 0.0244605425 0.0162318748 0.0386455598 0.0118525774 0.0270266115 0.0198470416 0.0339528475 0.0 0.0070105108 0.0174521704 0.019192502 0.0278811896 0.014224838 0.0286050613 0.0239329431 0.0194823638 0.0196123713 0.0186855533 0.0305211145 0.0227499308 0.0373816764 0.007583529 0.0331561347 0.0168073658 0.0321280706 0.0200558217 0.0333366729 0.0210684532 0.0202354397 0.0145512963 0.0089374563 0.0171218151 0.0155950979 0.0346903325 0.0196266483 0.0284765727 0.0321090673 0.017608325 0.0089903274 0.0199328798 0.0351373543 0.0342675634 0.0043623726
11 0.0310462611 0.0102908799 0.0360293653 0.0290576638 0.029774436 0.0371770762 0.0060033076 0.0133270033 0.0166584802 0.0070105108 0.0 0.021334327 0.0205795869 0.0070505687 0.0319898882 0.0267546347 0.02758062 0.0310531896 0.0307656728 0.0304603668 0.0171008379 0.0198824747 0.020768366 0.0246771387 0.0326406113 0.0129146656 0.0197440602 0.0232682718 0.016882257 0.0226697094 0.0208968287 0.0050868911 0.0229394966 0.0388253976 0.0344252356 0.0210272753 0.032650906 0.0273725026 0.0215667779 0.0333702409 0.0161925764 0.0145516069 0.0144245617 0.0193636075 0.0228138638
12 0.0232273063 0.0245821626 0.0292678337 0.0369835186 0.0399884778 0.0301113608 0.0115516806 0.0236876552 0.0195123017 0.0174521704 0.021334327 0.0 0.0151397434 0.0302307947 0.0145457234 0.0250347675 0.0106081671 0.0259750495 0.0210863274 0.0300855615 0.030818873 0.0381037986 0.024954353 0.0119421719 0.0097747297 0.0092418921 0.0362791728 0.0156846732 0.0202970955 0.0210749173 0.0368270071 0.0241913566 0.0140998307 0.0287933094 0.0141930351 0.0249512897 0.0131786017 0.0408257229 0.027673981 0.0211797744 0.0330426808 0.0194920973 0.0172501844 0.0043018226 0.0114226998
13 0.0131445767 0.0203007305 0.0277033314 0.0336681179 0.0319874821 0.0196538353 0.0086511798 0.0282804219 0.0015263385 0.019192502 0.0205795869 0.0151397434 0.0 0.037510678 0.0286704142 0.0185704392 0.0075609825 0.0071086364 0.021240337 0.0159987815 0.027498147 0.0368053172 0.0306366923 0.0276837502 0.0231978482 0.0292687144 0.0299021305 0.0277787093 0.023209371 0.0216189505 0.0098013128 0.0123877919 0.0069905352 0.0305243318 0.0190030985 0.0138407504 0.019195247 0.0350138089 0.0192229867 0.018353534 0.0376891577 0.0383052465 0.0206925475 0.0398450901 0.0250468151
14 0.0158459103 0.0330091259 0.0187441967 0.0109673597 0.0075515508 0.0109187469 0.0366908484 0.0236129136 0.0256480131 0.0278811896 0.0070505687 0.0302307947 0.037510678 0.0 0.0221516629 0.0113613506 0.0380734649 0.0005045651 0.0144042399 0.0351209157 0.0203882152 0.0220651463 0.0352857759 0.0059051414 0.0074466043 0.0235818963 0.0123440847 0.0271005734 0.0059216908 0.0287171322 0.0227649395 0.0166518114 0.024487122 0.0289100859 0.0342424971 0.0231356814 0.0216487546 0.0168495149 0.0394060633 0.031948211 0.0291904631 0.0178794902 0.0315677485 0.0456937802 0.0195894807
15 0.0150557861 0.0200390169 0.0343450861 0.0239439034 0.0124155606 0.0325162505 0.028802053 0.0268387439 0.0291638631 0.014224838 0.0319898882 0.0145457234 0.0286704142 0.0221516629 0.0 0.0272360698 0.0325297033 0.0153207444 0.0231141659 0.0103851232 0.0021234141 0.0304215656 0.0151621775 0.0198206743 0.026520312 0.0342816577 0.0237727989 0.034702238 0.0295967935 0.0321839202 0.0306106433 0.0114084319 0.0374231949 0.0222495394 0.026297682 0.0133569781 0.0251947305 0.0156926799 0.0153042406 0.0353713956 0.0133257014 0.018955168 0.0167774898 0.0139725455 0.0121854305
16 0.0165160063 0.0316354884 0.0037710782 0.0259875448 0.0163058021 0.0303614452 0.0216111453 0.0220536015 0.0223476344 0.0286050613 0.0267546347 0.0250347675 0.0185704392 0.0113613506 0.0272360698 0.0 0.0238593832 0.0187472061 0.021506009 0.0223199067 0.0312226169 0.0316894416 0.0099534996 0.0280532931 0.0151893926 0.0226086292 0.0059644726 0.0135687405 0.0292917075 0.024574421 0.0354871271 0.0281842901 0.0280962659 0.0397364734 0.0267334957 0.0187151859 0.026619127 0.017468688 0.0324412168 0.0197996675 0.0229984086 0.0039749884 0.0308938389 0.0358870207 0.0062634169
17 0.0401080951 0.036189804 0.0219089939 0.0107457993 0.0102576848 0.0361225626 0.0365030033 0.014206387 0.0266015301 0.0239329431 0.02758062 0.0106081671 0.0075609825 0.0380734649 0.0325297033 0.0238593832 0.0 0.0285686036 0.0107845771 0.0062515464 0.0072602366 0.0183325004 0.016081143 0.0288541444 0.0162211658 0.0138766594 0.0180826291 0.0118546933 0.016425238 0.0040518892 0.0098808202 0.0331282493 0.0379977292 0.0200655587 0.0042319091 0.0193105804 0.0243672827 0.0443250202 0.0149365096 0.0359352358 0.0309699682 0.0327561567 0.02870535 0.0354575052 0.0344979741
18 0.0246543135 0.0162981059 0.0305257293 0.0332356408 0.0169081151 0.0054895103 0.0143387042 0.0204040232 0.0244934352 0.0194823638 0.0310531896 0.0259750495 0.0071086364 0.0005045651 0.0153207444 0.0187472061 0.0285686036 0.0 0.0207455658 0.0410878587 0.0233420521 0.0229348198 0.0202452996 0.0405098957 0.0234971458 0.0372617091 0.0323484365 0.0232478997 0.0112866157 0.0157403981 0.0265380032 0.0310136062 0.01391273 0.0288266922 0.0266557947 0.0432793558 0.026901469 0.0167049278 0.028571428 0.0344832901 0.0083384595 0.0110128725 0.0126402967 0.0112653679 0.0345000739
19 0.0139340443 0.0323133628 0.0123999387 0.0339607589 0.0198954036 0.0217237372 0.0316328201 0.0286745814 0.0369653844 0.0196123713 0.0307656728 0.0210863274 0.021240337 0.0144042399 0.0231141659 0.021506009 0.0107845771 0.0207455658 0.0 0.0297611445 0.0254632027 0.0166041175 0.0224881903 0.0158739156 0.0319504689 0.028251093 0.0248800013 0.0221743997 0.0132695633 0.0367361218 0.0149996559 0.0044424391 0.0294805743 0.0160880608 0.0252100989 0.0347967833 0.019114081 0.037981402 0.0302687779 0.0174580277 0.0243193659 0.0133835469 0.0155883053 0.019005339 0.0156520256
20 0.0208703179 0.0236112505 0.009124998 0.0179291332 0.013084551 0.0280601104 0.0287950185 0.0120386424 0.023090128 0.0186855533 0.0304603668 0.0300855615 0.0159987815 0.0351209157 0.0103851232 0.0223199067 0.0062515464 0.0410878587 0.0297611445 0.0 0.025674679 0.0158955937 0.0213506853 0.0328650966 0.0332345588 0.0268405362 0.0226818945 0.0267805779 0.0315361148 0.0200288874 0.020056776 0.0239702837 0.0240128217 0.0300610805 0.0238271942 0.0343540377 0.0127738173 0.0135620657 0.0150912483 0.0241802905 0.0377626447 0.0122028407 0.0211103057 0.0116455301 0.0217395307
21 0.0423445654 0.0182529119 0.0140649756 0.0194196603 0.0318457342 0.0298428581 0.0156585087 0.0385192989 0.0129091398 0.0305211145 0.0171008379 0.030818873 0.027498147 0.0203882152 0.0021234141 0.0312226169 0.0072602366 0.0233420521 0.0254632027 0.025674679 0.0 0.0385248525 0.0359545835 0.0053589525 0.0121074212 0.0283883898 0.0231188111 0.0138393258 0.0202472909 0.0280400447 0.0245892626 0.0270520193 0.0329867945 0.0029379182 0.0169171466 0.0269905977 0.0214421799 0.0088368224 0.0281440472 0.0231837641 0.0138667068 0.0356280333 0.0153932258 0.024834219 0.0273465489
22 0.036231571 0.0083184893 0.0246530369 0.01770016 0.0092057756 0.0086128636 0.0225471319 0.0257756646 0.011785374 0.0227499308 0.0198824747 0.0381037986 0.0368053172 0.0220651463 0.0304215656 0.0316894416 0.0183325004 0.0229348198 0.0166041175 0.0158955937 0.0385248525 0.0 0.0024552831 0.0329923734 0.0293307319 0.0244231822 0.0249440466 0.0190986035 0.0332282082 0.0264724321 0.0271317014 0.0078836985 0.0397503398 0.0219783515 0.0106938663 0.0234739822 0.0168479545 0.0164805999 0.0129056882 0.0292846099 0.0205004311 0.0323655877 0.0206667536 0.0305514963 0.0177004527
23 0.0140489013 0.0269391904 0.0393028046 0.0079872745 0.0334420788 0.0178230086 0.0085666938 0.0135074853 0.0162397044 0.0373816764 0.020768366 0.024954353 0.0306366923 0.0352857759 0.0151621775 0.0099534996 0.016081143 0.0202452996 0.0224881903 0.0213506853 0.0359545835 0.0024552831 0.0 0.0160266119 0.016177802 0.0230270057 0.0064094502 0.0219811064 0.0179514667 0.0296761334 0.0166402606 0.0312142316 0.0145986669 0.0215690006 0.038296103 0.0347946259 0.0240541291 0.0370388126 0.031285689 0.0222514025 0.0253827405 0.0207590756 0.0367162598 0.0138998805 0.0296746783
24 0.0310398986 0.0207546414 0.0263687256 0.0200351459 0.0270922802 0.0278773425 0.0285085247 0.0408316443 0.0351978499 0.007583529 0.0246771387 0.0119421719 0.0276837502 0.0059051414 0.0198206743 0.0280532931 0.0288541444 0.0405098957 0.0158739156 0.0328650966 0.0053589525 0.0329923734 0.0160266119 0.0 0.027218678 0.0141163952 0.0330459083 0.0207699889 0.0239851816 0.0276653838 0.022786363 0.0237152702 0.0210399788 0.0147876617 0.0227119858 0.0209705169 0.0138766995 0.0118906727 0.0302160191 0.0198184897 0.0154182244 0.0283131469 0.0225116608 0.0062831202 0.0230059125
25 0.0236100946 0.0281672612 0.0488231397 0.0204749933 0.0083177795 0.0432479738 0.0144125423 0.0218645354 0.0140933966 0.0331561347 0.0326406113 0.0097747297 0.0231978482 0.0074466043 0.026520312 0.0151893926 0.0162211658 0.0234971458 0.0319504689 0.0332345588 0.0121074212 0.0293307319 0.016177802 0.027218678 0.0 0.0253551351 0.0115648007 0.0415554867 0.0356991893 0.0327016634 0.0213980575 0.0301472165 0.035182615 0.0208095392 0.0176902055 0.0032767957 0.0276663781 0.0118893379 0.0052523281 0.01157668 0.0050578017 0.0241169095 0.0121142442 0.0326046476 0.0336656469
26 0.0339139843 0.0172641954 0.0178018236 0.022138649 0.021572954 0.0313570752 0.0181004284 0.0160133776 0.0219481841 0.0168073658 0.0129146656 0.0092418921 0.0292687144 0.0235818963 0.0342816577 0.0226086292 0.0138766594 0.0372617091 0.028251093 0.0268405362 0.0283883898 0.0244231822 0.0230270057 0.0141163952 0.0253551351 0.0 0.0196952151 0.0233306896 0.028098188 0.0059495218 0.0257455845 0.0075589394 0.0363547881 0.0288702305 0.0148865646 0.0044323788 0.0249656629 0.0245900559 0.0213259126 0.0309090046 0.0441726186 0.0348075715 0.0117028254 0.0303347076 0.0119139422
27 0.0166580018 0.0276738727 0.0250661687 0.0243719326 0.0317532589 0.0222432386 0.0144632506 0.0118289981 0.0267174477 0.0321280706 0.0197440602 0.0362791728 0.0299021305 0.0123440847 0.0237727989 0.0059644726 0.0180826291 0.0323484365 0.0248800013 0.0226818945 0.0231188111 0.0249440466 0.0064094502 0.0330459083 0.0115648007 0.0196952151 0.0 0.0318271889 0.0150262473 0.0256136386 0.028592544 0.025384642 0.0103666913 0.0123132942 0.0366539407 0.0351512022 0.0142771492 0.0190768243 0.0223731299 0.0146314896 0.0262326049 0.0247482354 0.0209555257 0.0261001962 0.0329933022
28 0.021634213 0.0199864912 0.0333177498 0.0258163069 0.0157569897 0.0185305934 0.0256289808 0.0076921044 0.0191835708 0.0200558217 0.0232682718 0.0156846732 0.0277787093 0.0271005734 0.034702238 0.0135687405 0.0118546933 0.0232478997 0.0221743997 0.0267805779 0.0138393258 0.0190986035 0.0219811064 0.0207699889 0.0415554867 0.0233306896 0.0318271889 0.0 0.0252385614 0.0090633798 0.0218598797 0.0162998959 0.010899094 0.0203760283 0.0262281524 0.0274442154 0.0317066386 0.0319629397 0.0221293896 0.0173656311 0.0261166335 0.0362075752 0.0036881519 0.0465259919 0.0207218535
29 0.0234652852 0.0230623602 0.0176421819 0.0206700153 0.0241408884 0.0251482881 0.0388156031 0.0107241475 0.023726033 0.0333366729 0.016882257 0.0202970955 0.023209371 0.0059216908 0.0295967935 0.0292917075 0.016425238 0.0112866157 0.0132695633 0.0315361148 0.0202472909 0.0332282082 0.0179514667 0.0239851816 0.0356991893 0.028098188 0.0150262473 0.0252385614 0.0 0.017721641 0.0227763577 0.0392950332 0.0088551757 0.029156818 0.0269445062 0.0304521422 0.02239577 0.0030004084 0.0347938659 0.0303399357 0.0113720749 0.0281424893 0.0221481142 0.0173127973 0.0173706141
30 0.008749457 0.0186253791 0.0265213004 0.0089089242 0.0234702242 0.0164731029 0.0203612385 0.0243521013 0.0250585182 0.0210684532 0.0226697094 0.0210749173 0.0216189505 0.0287171322 0.0321839202 0.024574421 0.0040518892 0.0157403981 0.0367361218 0.0200288874 0.0280400447 0.0264724321 0.0296761334 0.0276653838 0.0327016634 0.0059495218 0.0256136386 0.0090633798 0.017721641 0.0 0.0176731054 0.0196887665 0.0366464049 0.0226765975 0.0220369891 0.0098815753 0.0279782189 0.0329973385 0.029331746 0.0342192734 0.0151139243 0.0164171127 0.0171669749 0.037287584 0.0369955043
31 0.0056995895 0.0229813227 0.0295458197 0.012971187 0.026843446 0.0031209139 0.0260293476 0.0460105226 0.010090009 0.0202354397 0.0208968287 0.0368270071 0.0098013128 0.0227649395 0.0306106433 0.0354871271 0.0098808202 0.0265380032 0.0149996559 0.020056776 0.0245892626 0.0271317014 0.0166402606 0.022786363 0.0213980575 0.0257455845 0.028592544 0.0218598797 0.0227763577 0.0176731054 0.0 0.0342367985 0.0425519824 0.0245788843 0.0063486549 0.0285518456 0.0198535936 0.0385074741 0.0160495232 0.0083523984 0.0149222162 0.0297421481 0.0248790744 0.0196387761 0.0312028022
32 0.0105298834 0.0272460225 0.0285502186 0.0237429526 0.0423010357 0.0166522362 0.0087479925 0.0249468248 0.0332714632 0.0145512963 0.0050868911 0.0241913566 0.0123877919 0.0166518114 0.0114084319 0.0281842901 0.0331282493 0.0310136062 0.0044424391 0.0239702837 0.0270520193 0.0078836985 0.0312142316 0.0237152702 0.0301472165 0.0075589394 0.025384642 0.0162998959 0.0392950332 0.0196887665 0.0342367985 0.0 0.0206655661 0.0315861416 0.0145921146 0.0205890237 0.03693892 0.0234022992 0.0199793125 0.0159469468 0.0347393872 0.0219191428 0.018745159 0.0261235163 0.0312908816
33 0.0136356831 0.0146605095 0.0193475182 0.0194101994 0.0381816338 0.0165833946 0.0040689182 0.0047971202 0.0411421824 0.0089374563 0.0229394966 0.0140998307 0.0069905352 0.024487122 0.0374231949 0.0280962659 0.0379977292 0.01391273 0.0294805743 0.0240128217 0.0329867945 0.0397503398 0.0145986669 0.0210399788 0.035182615 0.0363547881 0.0103666913 0.010899094 0.0088551757 0.0366464049 0.0425519824 0.0206655661 0.0 0.0185470205 0.0386424245 0.0188946863 0.019388383 0.0216898914 0.0230563193 0.0125247541 0.0191532362 0.0252122831 0.0299731544 0.0029136568 0.0399011765
34 0.0212028502 0.0337409129 0.023165413 0.0289493843 0.0121711793 0.0081694044 0.0079880525 0.0207485554 0.0162434282 0.0171218151 0.0388253976 0.0287933094 0.0305243318 0.0289100859 0.0222495394 0.0397364734 0.0200655587 0.0288266922 0.0160880608 0.0300610805 0.0029379182 0.0219783515 0.0215690006 0.0147876617 0.0208095392 0.0288702305 0.0123132942 0.0203760283 0.029156818 0.0226765975 0.0245788843 0.0315861416 0.0185470205 0.0 0.0205339 0.0304434388 0.0199574591 0.0166769319 0.0215932326 0.0356732432 0.0246003009 0.0075769763 0.0252167946 0.0246320757 0.0293266361
35 0.0139040779 0.022359334 0.0076065283 0.0323111011 0.0218639062 0.0211641885 0.0107010347 0.033957088 0.0336044589 0.0155950979 0.0344252356 0.0141930351 0.0190030985 0.0342424971 0.026297682 0.0267334957 0.0042319091 0.0266557947 0.0252100989 0.0238271942 0.0169171466 0.0106938663 0.038296103 0.0227119858 0.0176902055 0.0148865646 0.0366539407 0.0262281524 0.0269445062 0.0220369891 0.0063486549 0.0145921146 0.0386424245 0.0205339 0.0 0.0182974214 0.0410767014 0.030028166 0.0108772802 0.022100675 0.0329972312 0.0153867051 0.0216421859 0.0246986747 0.0218315484
36 0.0349893631 0.0121431783 0.0079548836 0.0212678111 0.0051492803 0.0255719222 0.0230614839 0.0336511093 0.0134486747 0.0346903325 0.0210272753 0.0249512897 0.0138407504 0.0231356814 0.0133569781 0.0187151859 0.0193105804 0.0432793558 0.0347967833 0.0343540377 0.0269905977 0.0234739822 0.0347946259 0.0209705169 0.0032767957 0.0044323788 0.0351512022 0.0274442154 0.0304521422 0.0098815753 0.0285518456 0.0205890237 0.0188946863 0.0304434388 0.0182974214 0.0 0.0307601246 0.0123843379 0.0295745966 0.0278601574 0.0101168307 0.0167769176 0.0291189266 0.0278485783 0.0232191249
37 0.0244063147 0.0196760024 0.0380133253 0.0158099442 0.0160863683 0.0207350244 0.0220326098 0.0218567082 0.0158214454 0.0196266483 0.032650906 0.0131786017 0.019195247 0.0216487546 0.0251947305 0.026619127 0.0243672827 0.026901469 0.019114081 0.0127738173 0.0214421799 0.0168479545 0.0240541291 0.0138766995 0.0276663781 0.0249656629 0.0142771492 0.0317066386 0.02239577 0.0279782189 0.0198535936 0.03693892 0.019388383 0.0199574591 0.0410767014 0.0307601246 0.0 0.0099997972 0.0322187861 0.0061353171 0.0259901744 0.0212899249 0.0292826407 0.0291743319 0.0170146576
38 0.0171841722 0.0159120888 0.0215395184 0.0274392862 0.0060299433 0.0186203445 0.0381257062 0.0297948755 0.0392906952 0.0284765727 0.0273725026 0.0408257229 0.0350138089 0.0168495149 0.0156926799 0.017468688 0.0443250202 0.0167049278 0.037981402 0.0135620657 0.0088368224 0.0164805999 0.0370388126 0.0118906727 0.0118893379 0.0245900559 0.0190768243 0.0319629397 0.0030004084 0.0329973385 0.0385074741 0.0234022992 0.0216898914 0.0166769319 0.030028166 0.0123843379 0.0099997972 0.0 0.0132327219 0.0325729191 0.0153967152 0.0020100593 0.0291043796 0.0197961205 0.0292248384
39 0.0116618524 0.0237833807 0.0191318101 0.0308294755 0.0126391384 0.026017545 0.0226131567 0.005561794 0.0081120196 0.0321090673 0.0215667779 0.027673981 0.0192229867 0.0394060633 0.0153042406 0.0324412168 0.0149365096 0.028571428 0.0302687779 0.0150912483 0.0281440472 0.0129056882 0.031285689 0.0302160191 0.0052523281 0.0213259126 0.0223731299 0.0221293896 0.0347938659 0.029331746 0.0160495232 0.0199793125 0.0230563193 0.0215932326 0.0108772802 0.0295745966 0.0322187861 0.0132327219 0.0 0.0288065383 0.0354286515 0.0184349927 0.031544475 0.0223951023 0.0221081825
40 0.008982921 0.0212203519 0.0123754746 0.0279598759 0.0094359167 0.0271918782 0.0403791944 0.0218466916 0.0270723168 0.017608325 0.0333702409 0.0211797744 0.018353534 0.031948211 0.0353713956 0.0197996675 0.0359352358 0.0344832901 0.0174580277 0.0241802905 0.0231837641 0.0292846099 0.0222514025 0.0198184897 0.01157668 0.0309090046 0.0146314896 0.0173656311 0.0303399357 0.0342192734 0.0083523984 0.0159469468 0.0125247541 0.0356732432 0.022100675 0.0278601574 0.0061353171 0.0325729191 0.0288065383 0.0 0.0121385931 0.0296092663 0.0141303027 0.0194255729 0.0149904214
41 0.0223725026 0.0306457007 0.0198974012 0.0120672761 0.0247181104 0.029383001 0.0395788653 0.0139344237 0.0196790834 0.0089903274 0.0161925764 0.0330426808 0.0376891577 0.0291904631 0.0133257014 0.0229984086 0.0309699682 0.0083384595 0.0243193659 0.0377626447 0.0138667068 0.0205004311 0.0253827405 0.0154182244 0.0050578017 0.0441726186 0.0262326049 0.0261166335 0.0113720749 0.0151139243 0.0149222162 0.0347393872 0.0191532362 0.0246003009 0.0329972312 0.0101168307 0.0259901744 0.0153967152 0.0354286515 0.0121385931 0.0 0.0432838662 0.0219394622 0.0155972854 0.0153661705
42 0.028701433 0.0327404284 0.0162596385 0.0327639914 0.0264971001 0.0076607852 0.0229405064 0.027030167 0.0281129634 0.0199328798 0.0145516069 0.0194920973 0.0383052465 0.0178794902 0.018955168 0.0039749884 0.0327561567 0.0110128725 0.0133835469 0.0122028407 0.0356280333 0.0323655877 0.0207590756 0.0283131469 0.0241169095 0.0348075715 0.0247482354 0.0362075752 0.0281424893 0.0164171127 0.0297421481 0.0219191428 0.0252122831 0.0075769763 0.0153867051 0.0167769176 0.0212899249 0.0020100593 0.0184349927 0.0296092663 0.0432838662 0.0 0.0209983678 0.0147259732 0.026373732
43 0.0275102524 0.0213238656 0.0197629357 0.024905655 0.0218073081 0.0349287576 0.0359851178 0.0378488352 0.0193728103 0.0351373543 0.0144245617 0.0172501844 0.0206925475 0.0315677485 0.0167774898 0.0308938389 0.02870535 0.0126402967 0.0155883053 0.0211103057 0.0153932258 0.0206667536 0.0367162598 0.0225116608 0.0121142442 0.0117028254 0.0209555257 0.0036881519 0.0221481142 0.0171669749 0.0248790744 0.018745159 0.0299731544 0.0252167946 0.0216421859 0.0291189266 0.0292826407 0.0291043796 0.031544475 0.0141303027 0.0219394622 0.0209983678 0.0 0.0057495202 0.0263783004
44 0.0369507361 0.0153942473 0.0164200851 0.0316437485 0.0226644368 0.0166842031 0.0207607979 0.0232569307 0.0219752319 0.0342675634 0.0193636075 0.0043018226 0.0398450901 0.0456937802 0.0139725455 0.0358870207 0.0354575052 0.0112653679 0.019005339 0.0116455301 0.024834219 0.0305514963 0.0138998805 0.0062831202 0.0326046476 0.0303347076 0.0261001962 0.0465259919 0.0173127973 0.037287584 0.0196387761 0.0261235163 0.0029136568 0.0246320757 0.0246986747 0.0278485783 0.0291743319 0.0197961205 0.0223951023 0.0194255729 0.0155972854 0.0147259732 0.0057495202 0.0 0.0050905851
45 0.0214205441 0.0229807218 0.0224795345 0.0259929083 0.0424605949 0.0245854966 0.0197801872 0.0145531948 0.0129656208 0.0043623726 0.0228138638 0.0114226998 0.0250468151 0.0195894807 0.0121854305 0.0062634169 0.0344979741 0.0345000739 0.0156520256 0.0217395307 0.0273465489 0.0177004527 0.0296746783 0.0230059125 0.0336656469 0.0119139422 0.0329933022 0.0207218535 0.0173706141 0.0369955043 0.0312028022 0.0312908816 0.0399011765 0.0293266361 0.0218315484 0.0232191249 0.0170146576 0.0292248384 0.0221081825 0.0149904214 0.0153661705 0.026373732 0.0263783004 0.0050905851 0.0
