30
1 0.0 0.0529792641 0.01567502 0.0152600608 0.0384986171 0.0117025709 0.0752465786 0.039175077 0.0186915537 0.0261525217 0.0400499798 0.0567158608 0.0562689387 0.0409822746 0.0456789042 0.0558749594 0.0071985382 0.0609680084 0.0499598716 0.0394972311 0.0536069706 0.0213309668 0.03831216 0.0254662305 0.0143046678 0.0302682335 0.0125021883 0.0126142778 0.0348044016 0.0102140725
2 0.0529792641 0.0 0.0273867945 0.0262603106 0.0211362898 0.0296820704 0.0365238455 0.0152296212 0.0122059157 0.0327227958 0.0324631848 0.0417109571 0.0281891062 0.0107559026 0.0168457241 0.034005637 0.0519883107 0.0394451719 0.0288334048 0.0508657756 0.0625694572 0.0538925956 0.0179334738 0.0489695088 0.0480643235 0.0431424013 0.032315029 0.0402565616 0.0085918088 0.0550347581
3 0.01567502 0.0273867945 0.0 0.0271668608 0.0473800916 0.0123493708 0.0552241717 0.0133040675 0.0362258191 0.011684924 0.0456597581 0.0207550725 0.0534299407 0.0487038822 0.0131522897 0.0140287062 0.0289075437 0.0431311409 0.0423594288 0.0487951972 0.0403950913 0.0358321655 0.0370761227 0.0304431375 0.0383513321 0.0423652133 0.0439296682 0.0406210756 0.0368146745 0.0488514394
4 0.0152600608 0.0262603106 0.0271668608 0.0 0.0645430882 0.039652464 0.013198904 0.0129747421 0.0257481621 0.0536436113 0.0538515304 0.0182258703 0.054107987 0.0337194245 0.0475113786 0.0260486752 0.0256813349 0.0383822287 0.0285828362 0.0593647967 0.0270572878 0.0474061814 0.0268779606 0.0250467755 0.0409451563 0.0346521984 0.0328572652 0.0380847292 0.0155178037 0.0476303755
5 0.0384986171 0.0211362898 0.0473800916 0.0645430882 0.0 0.0266661233 0.0541804854 0.0297265397 0.0342711971 0.0351031072 0.0351471459 0.0436862033 0.0181121937 0.0326816121 0.0331360662 0.0203586377 0.0599024913 0.0041664305 0.034908604 0.0181518188 0.0097997275 0.0405261219 0.0408128489 0.056128584 0.0098050065 0.0515791279 0.0545708439 0.0482925003 0.0129919681 0.0237365282
6 0.0117025709 0.0296820704 0.0123493708 0.039652464 0.0266661233 0.0 0.0221495748 0.047540826 0.0109038069 0.0463516615 0.0356889372 0.0270456375 0.0426546885 0.0548848314 0.038481342 0.0602332884 0.0517762447 0.0368947346 0.0387134633 0.0464293173 0.02035186 0.0077852297 0.0247700942 0.0598130533 0.0523999922 0.0345710937 0.0476513504 0.0208007459 0.0194677491 0.0325878779
7 0.0752465786 0.0365238455 0.0552241717 0.013198904 0.0541804854 0.0221495748 0.0 0.0333504787 0.0044004732 0.0515344217 0.0261012945 0.030835219 0.0161104416 0.0453396169 0.0209547583 0.0294435057 0.0189104112 0.0409340951 0.0443022217 0.0473364131 0.0293971485 0.0396547989 0.0531514626 0.007045859 0.0224836886 0.0309025175 0.0312133961 0.0594471416 0.0219064105 0.0387206656
8 0.039175077 0.0152296212 0.0133040675 0.0129747421 0.0297265397 0.047540826 0.0333504787 0.0 0.0427443588 0.0381467426 0.0289909044 0.04290835 0.0524420426 0.0410574128 0.0348339535 0.0469215331 0.0305691042 0.0196999978 0.0470730475 0.0269271371 0.0624384114 0.0249512589 0.0302404919 0.0597234481 0.0354318443 0.0260741221 0.016023994 0.0336591041 0.0365113798 0.0313300091
9 0.0186915537 0.0122059157 0.0362258191 0.0257481621 0.0342711971 0.0109038069 0.0044004732 0.0427443588 0.0 0.0358247215 0.0313528912 0.0524225307 0.0290363236 0.058160413 0.0546083349 0.014320979 0.0240417181 0.0414316068 0.0636645695 0.0396703818 0.041441479 0.0415633891 0.0364315027 0.0187757486 0.0356524355 0.0376220428 0.0490817696 0.0266407801 0.0358408433 0.0472242525
10 0.0261525217 0.0327227958 0.011684924 0.0536436113 0.0351031072 0.0463516615 0.0515344217 0.0381467426 0.0358247215 0.0 0.0055068642 0.0317485746 0.0459905418 0.0136748445 0.0300635132 0.0194993247 0.0314709595 0.0487676707 0.026720298 0.0144551622 0.0349786351 0.0389838757 0.0486879845 0.0432260782 0.0498126521 0.0357158685 0.0057803621 0.0484824715 0.0556367024 0.0396331092
11 0.0400499798 0.0324631848 0.0456597581 0.0538515304 0.0351471459 0.0356889372 0.0261012945 0.0289909044 0.0313528912 0.0055068642 0.0 0.0142713835 0.0293062622 0.0165281777 0.0442984242 0.0372178533 0.0486621513 0.0203278705 0.0467796748 0.028071376 0.0551847626 0.0495939119 0.0358282496 0.0465206089 0.0415563232 0.0371453232 0.0368167884 0.0151127269 0.0245421466 0.037423495
12 0.0567158608 0.0417109571 0.0207550725 0.0182258703 0.0436862033 0.0270456375 0.030835219 0.04290835 0.0524225307 0.0317485746 0.0142713835 0.0 0.0419690958 0.0182899127 0.0240849054 0.0433001697 0.0347760383 0.0645570949 0.035442046 0.049830661 0.0175107995 0.0307044896 0.059685631 0.0194720533 0.0361255292 0.0339472848 0.0410716261 0.0076022629 0.0402944287 0.0210103117
13 0.0562689387 0.0281891062 0.0534299407 0.054107987 0.0181121937 0.0426546885 0.0161104416 0.0524420426 0.0290363236 0.0459905418 0.0293062622 0.0419690958 0.0 0.031140155 0.0373876211 0.0452369074 0.0322049739 0.0442331039 0.0056683192 0.0177516331 0.0226905076 0.0347119338 0.0402749477 0.0340808014 0.0134888656 0.0461374887 0.0301478926 0.0237588237 0.0239959225 0.0494725402
14 0.0409822746 0.0107559026 0.0487038822 0.0337194245 0.0326816121 0.0548848314 0.0453396169 0.0410574128 0.058160413 0.0136748445 0.0165281777 0.0182899127 0.031140155 0.0 0.0318540758 0.0387895055 0.0417160492 0.0214392089 0.0118263849 0.0427413802 0.0288194674 0.0279199704 0.0307745277 0.0065550944 0.038338157 0.0113156361 0.0438783939 0.0565346744 0.0673987083 0.0541803057
15 0.0456789042 0.0168457241 0.0131522897 0.0475113786 0.0331360662 0.038481342 0.0209547583 0.0348339535 0.0546083349 0.0300635132 0.0442984242 0.0240849054 0.0373876211 0.0318540758 0.0 0.0252919488 0.0413301509 0.0384033849 0.0135925835 0.0400245641 0.0026381927 0.0448574212 0.0418637871 0.0468846275 0.0438130146 0.0503668287 0.0481085754 0.0273036474 0.0312978185 0.0313321633
16 0.0558749594 0.034005637 0.0140287062 0.0260486752 0.0203586377 0.0602332884 0.0294435057 0.0469215331 0.014320979 0.0194993247 0.0372178533 0.0433001697 0.0452369074 0.0387895055 0.0252919488 0.0 0.0486898439 0.0224714288 0.0481705535 0.0205311577 0.0589527263 0.0392260205 0.0399029329 0.0367542646 0.0353619079 0.0112980109 0.0518449248 0.0378002645 0.0126991382 0.0257251942
17 0.0071985382 0.0519883107 0.0289075437 0.0256813349 0.0599024913 0.0517762447 0.0189104112 0.0305691042 0.0240417181 0.0314709595 0.0486621513 0.0347760383 0.0322049739 0.0417160492 0.0413301509 0.0486898439 0.0 0.0330428802 0.0147752797 0.0318278059 0.0400679309 0.0349463392 0.0172428616 0.0211699146 0.0300300309 0.0324974227 0.0436428813 0.0308848513 0.0415845653 0.0504613722
18 0.0609680084 0.0394451719 0.0431311409 0.0383822287 0.0041664305 0.0368947346 0.0409340951 0.0196999978 0.0414316068 0.0487676707 0.0203278705 0.0645570949 0.0442331039 0.0214392089 0.0384033849 0.0224714288 0.0330428802 0.0 0.0532021899 0.0302686909 0.0206166151 0.0572098138 0.0116729734 0.0198170443 0.029142942 0.0351554581 0.0290057074 0.0290424318 0.0564566877 0.0101133883
19 0.0499598716 0.0288334048 0.0423594288 0.0285828362 0.034908604 0.0387134633 0.0443022217 0.0470730475 0.0636645695 0.026720298 0.0467796748 0.035442046 0.0056683192 0.0118263849 0.0135925835 0.0481705535 0.0147752797 0.0532021899 0.0 0.0292095799 0.0153923322 0.0186695528 0.0307194327 0.046307745 0.0324555353 0.047013954 0.0419319031 0.0382350162 0.0269875663 0.0385026056
20 0.0394972311 0.0508657756 0.0487951972 0.0593647967 0.0181518188 0.0464293173 0.0473364131 0.0269271371 0.0396703818 0.0144551622 0.028071376 0.049830661 0.0177516331 0.0427413802 0.0400245641 0.0205311577 0.0318278059 0.0302686909 0.0292095799 0.0 0.0458736789 0.0321234255 0.0346116771 0.0164725651 0.0331545314 0.0323395757 0.030830115 0.0350234042 0.0299981602 0.0278227874
21 0.0536069706 0.0625694572 0.0403950913 0.0270572878 0.0097997275 0.02035186 0.0293971485 0.0624384114 0.041441479 0.0349786351 0.0551847626 0.0175107995 0.0226905076 0.0288194674 0.0026381927 0.0589527263 0.0400679309 0.0206166151 0.0153923322 0.0458736789 0.0 0.0233346891 0.029763456 0.0725117123 0.0379710158 0.0096968769 0.0347617842 0.034778088 0.03856664 0.0288326561
22 0.0213309668 0.0538925956 0.0358321655 0.0474061814 0.0405261219 0.0077852297 0.0396547989 0.0249512589 0.0415633891 0.0389838757 0.0495939119 0.0307044896 0.0347119338 0.0279199704 0.0448574212 0.0392260205 0.0349463392 0.0572098138 0.0186695528 0.0321234255 0.0233346891 0.0 0.0487146744 0.0345038857 0.0342475084 0.028095804 0.0123673212 0.0474717171 0.0275743415 0.0218005962
23 0.03831216 0.0179334738 0.0370761227 0.0268779606 0.0408128489 0.0247700942 0.0531514626 0.0302404919 0.0364315027 0.0486879845 0.0358282496 0.059685631 0.0402749477 0.0307745277 0.0418637871 0.0399029329 0.0172428616 0.0116729734 0.0307194327 0.0346116771 0.029763456 0.0487146744 0.0 0.0174688498 0.0455021814 0.0283429737 0.0329162418 0.0439943595 0.0163985689 0.0400275716
24 0.0254662305 0.0489695088 0.0304431375 0.0250467755 0.056128584 0.0598130533 0.007045859 0.0597234481 0.0187757486 0.0432260782 0.0465206089 0.0194720533 0.0340808014 0.0065550944 0.0468846275 0.0367542646 0.0211699146 0.0198170443 0.046307745 0.0164725651 0.0725117123 0.0345038857 0.0174688498 0.0 0.0215755001 0.0244390915 0.0374423142 0.0356597796 0.0460251569 0.0417005674
25 0.0143046678 0.0480643235 0.0383513321 0.0409451563 0.0098050065 0.0523999922 0.0224836886 0.0354318443 0.0356524355 0.0498126521 0.0415563232 0.0361255292 0.0134888656 0.038338157 0.0438130146 0.0353619079 0.0300300309 0.029142942 0.0324555353 0.0331545314 0.0379710158 0.0342475084 0.0455021814 0.0215755001 0.0 0.0321378831 0.0329226703 0.0440207456 0.0492735622 0.021630997
26 0.0302682335 0.0431424013 0.0423652133 0.0346521984 0.0515791279 0.0345710937 0.0309025175 0.0260741221 0.0376220428 0.0357158685 0.0371453232 0.0339472848 0.0461374887 0.0113156361 0.0503668287 0.0112980109 0.0324974227 0.0351554581 0.047013954 0.0323395757 0.0096968769 0.028095804 0.0283429737 0.0244390915 0.0321378831 0.0 0.0360733847 0.0461454359 0.0628436795 0.0281150689
27 0.0125021883 0.032315029 0.0439296682 0.0328572652 0.0545708439 0.0476513504 0.0312133961 0.016023994 0.0490817696 0.0057803621 0.0368167884 0.0410716261 0.0301478926 0.0438783939 0.0481085754 0.0518449248 0.0436428813 0.0290057074 0.0419319031 0.030830115 0.0347617842 0.0123673212 0.0329162418 0.0374423142 0.0329226703 0.0360733847 0.0 0.0228466503 0.0379435297 0.0295214289
28 0.0126142778 0.0402565616 0.0406210756 0.0380847292 0.0482925003 0.0208007459 0.0594471416 0.0336591041 0.0266407801 0.0484824715 0.0151127269 0.0076022629 0.0237588237 0.0565346744 0.0273036474 0.0378002645 0.0308848513 0.0290424318 0.0382350162 0.0350234042 0.034778088 0.0474717171 0.0439943595 0.0356597796 0.0440207456 0.0461454359 0.0228466503 0.0 0.0377787538 0.0171069792
29 0.0348044016 0.0085918088 0.0368146745 0.0155178037 0.0129919681 0.0194677491 0.0219064105 0.0365113798 0.0358408433 0.0556367024 0.0245421466 0.0402944287 0.0239959225 0.0673987083 0.0312978185 0.0126991382 0.0415845653 0.0564566877 0.0269875663 0.0299981602 0.03856664 0.0275743415 0.0163985689 0.0460251569 0.0492735622 0.0628436795 0.0379435297 0.0377787538 0.0 0.0502568834
30 0.0102140725 0.0550347581 0.0488514394 0.0476303755 0.0237365282 0.0325878779 0.0387206656 0.0313300091 0.0472242525 0.0396331092 0.037423495 0.0210103117 0.0494725402 0.0541803057 0.0313321633 0.0257251942 0.0504613722 0.0101133883 0.0385026056 0.0278227874 0.0288326561 0.0218005962 0.0400275716 0.0417005674 0.021630997 0.0281150689 0.0295214289 0.0171069792 0.0502568834 0.0
