32
1 0.0393287442 0.0457475283 0.0156719345 0.0173492227 0.0286359336 0.0088011146 0.0301806066 0.0181309459 0.0338877842 0.0212352234 0.03560913 0.0352913096 0.0317798165 0.0143939773 0.0347423501 0.0446170655 0.0128362529 0.0616007587 0.0395493574 0.0263855037 0.0272957601 0.0410984105 0.022129319 0.0277925042 0.0385331629 0.022308082 0.0454328921 0.0186812388 0.0482922596 0.0373889661 0.0350191281 0.0402537171 
2 0.0457475283 0.0196872176 0.0492525362 0.0318860955 0.0200499066 0.0410922572 0.0373201992 0.0163613158 0.0299801228 0.0255621261 0.0064344336 0.0165993891 0.0424239298 0.0233739994 0.029836516 0.0431164847 0.0490417456 0.0716499202 0.0349918563 0.0106089197 0.0257378559 0.0446168274 0.0299488924 0.0061813098 0.0253477542 0.0398829638 0.0310883071 0.02319894 0.0372443001 0.0386724497 0.0371654945 0.0158984056 
3 0.0156719345 0.0492525362 0.0084149032 0.0147906742 0.0363846221 0.0158064287 0.0443619892 0.0376193483 0.0261455443 0.0483269486 0.0156502123 0.0258733785 0.054763995 0.054276131 0.0453577421 0.0350830649 0.0152069642 0.0377256835 0.0253017488 0.0419396323 0.0138489499 0.0279316731 0.0029020613 0.0239572128 0.0369261724 0.0192751664 0.0141192709 0.0381872048 0.0892622822 0.0211461973 0.0309130235 0.0335773034 
4 0.0173492227 0.0318860955 0.0147906742 0.0374237682 0.0069733932 0.022529169 0.0362525026 0.0300936387 0.0240721871 0.0454990188 0.0339542895 0.0358286286 0.0292093164 0.0274070007 0.0424517705 0.0522513225 0.0355981138 0.0443407624 0.0179324498 0.0433544579 0.0171886563 0.0253475583 0.0149819524 0.0189528596 0.0401567725 0.0435635229 0.043383999 0.0239249038 0.0353780414 0.0480467797 0.0178837264 0.0419934455 
5 0.0286359336 0.0200499066 0.0363846221 0.0069733932 0.0179615709 0.0434420458 0.0331316998 0.0394894673 0.0210079227 0.0507975279 0.0458086029 0.0223264517 0.0257032322 0.0426485867 0.0221008026 0.0237157797 0.0135970405 0.0467514852 0.0431391844 0.0214000885 0.045268293 0.0128940406 0.0557296693 0.0319484534 0.0243275346 0.0225567154 0.026602817 0.0444948676 0.0298702047 0.0250646292 0.0236717295 0.0525057017 
6 0.0088011146 0.0410922572 0.0158064287 0.022529169 0.0434420458 0.0647863644 0.0155379691 0.0325007344 0.0216353323 0.0390677575 0.0313094348 0.0385779502 0.0186179301 0.0191969168 0.0289576035 0.0404680321 0.0517033919 0.0255585631 0.0502779559 0.033609301 0.0040190095 0.026388692 0.0421956208 0.0332772743 0.0190532207 0.0343354795 0.0281500162 0.0163071139 0.0167659668 0.0335442016 0.0273091765 0.0751779758 
7 0.0301806066 0.0373201992 0.0443619892 0.0362525026 0.0331316998 0.0155379691 0.0250525248 0.0203148136 0.0410270643 0.0148838335 0.030208741 0.0494170878 0.0150173035 0.0469026237 0.0301343172 0.0266278806 0.0216237143 0.0135831213 0.0230329892 0.0363233849 0.0401142178 0.0426523169 0.0503430362 0.005490066 0.0144934349 0.0629519571 0.0482438741 0.0392061041 0.0373410449 0.0266197921 0.0222058635 0.0194039261 
8 0.0181309459 0.0163613158 0.0376193483 0.0300936387 0.0394894673 0.0325007344 0.0203148136 0.1353392162 0.0213373548 0.0302406733 0.0125004838 0.0220585824 0.0422401504 0.0143733182 0.0382771353 0.0185743644 0.0183248863 0.02554139 0.0317752862 0.0329497135 0.0604430029 0.0357862526 0.0182644072 0.0243793719 0.0454155175 0.0347563704 0.0331010314 0.0060722408 0.0303853975 0.0451515621 0.0106557623 0.0175462645 
9 0.0338877842 0.0299801228 0.0261455443 0.0240721871 0.0210079227 0.0216353323 0.0410270643 0.0213373548 0.0324535326 0.0222685475 0.0210020604 0.0480235985 0.0171348466 0.0264946509 0.0406614593 0.0384141267 0.02233918 0.026656008 0.0203075408 0.0281346663 0.0250564353 0.0493955781 0.0434382772 0.0390137241 0.0316051996 0.0107911157 0.0203504841 0.050742834 0.0553793192 0.0336875747 0.0471709807 0.0303849473 
10 0.0212352234 0.0255621261 0.0483269486 0.0454990188 0.0507975279 0.0390677575 0.0148838335 0.0302406733 0.0222685475 0.0249609277 0.0362750468 0.0290981153 0.0344036531 0.017577862 0.0090192151 0.0311660533 0.0201244831 0.0479983906 0.0200419725 0.0297558475 0.0340871341 0.0381209168 0.0364988363 0.0379704474 0.014739233 0.0346625486 0.0063150373 0.0548243218 0.0155543339 0.0249106162 0.0541770448 0.049836306 
11 0.03560913 0.0064344336 0.0156502123 0.0339542895 0.0458086029 0.0313094348 0.030208741 0.0125004838 0.0210020604 0.0362750468 0.0774221017 0.0296592031 0.0250362496 0.0315245091 0.0151013652 0.0392223345 0.0352294049 0.0271288569 0.0267863722 0.0271456608 0.015045242 0.043461147 0.0097222937 0.0318542171 0.0264117779 0.0515989036 0.0389487557 0.0395500439 0.0405439476 0.0467099594 0.0379257603 0.0152194587 
12 0.0352913096 0.0165993891 0.0258733785 0.0358286286 0.0223264517 0.0385779502 0.0494170878 0.0220585824 0.0480235985 0.0290981153 0.0296592031 0.0525737644 0.0425765986 0.0227714203 0.0326957762 0.0123647366 0.0543641939 0.0332343632 0.039787217 0.0265575968 0.0046829162 0.0276176018 0.0370474276 0.0121477019 0.0378475818 0.0232671541 0.0280542788 0.0359322914 0.0104702107 0.0473024044 0.0321639584 0.0337871111 
13 0.0317798165 0.0424239298 0.054763995 0.0292093164 0.0257032322 0.0186179301 0.0150173035 0.0422401504 0.0171348466 0.0344036531 0.0250362496 0.0425765986 0.0 0.0181216116 0.0224550608 0.055370473 0.0046114093 0.0212022577 0.0323604859 0.0289170605 0.0216290134 0.0557090033 0.0801604607 0.0128727398 0.0338696631 0.0428734579 0.0434526606 0.0180262526 0.0255087166 0.0374207057 0.0401763618 0.0263555838 
14 0.0143939773 0.0233739994 0.054276131 0.0274070007 0.0426485867 0.0191969168 0.0469026237 0.0143733182 0.0264946509 0.017577862 0.0315245091 0.0227714203 0.0181216116 0.0461002987 0.0452699693 0.0270021301 0.0368553975 0.0346527407 0.038944851 0.0531282007 0.0195180651 0.0252846398 0.0306561563 0.0228540992 0.0408139263 0.008718701 0.0485269337 0.0251480282 0.0366616093 0.0450373417 0.0303078859 0.025456418 
15 0.0347423501 0.029836516 0.0453577421 0.0424517705 0.0221008026 0.0289576035 0.0301343172 0.0382771353 0.0406614593 0.0090192151 0.0151013652 0.0326957762 0.0224550608 0.0452699693 0.0200299477 0.0437107333 0.0517132659 0.037883174 0.0252444182 0.035651184 0.0233281191 0.0275267399 0.0154285689 0.0204082815 0.0440866763 0.0378791309 0.0276604736 0.0204542126 0.0330237272 0.0426438109 0.0300104543 0.0262559986 
16 0.0446170655 0.0431164847 0.0350830649 0.0522513225 0.0237157797 0.0404680321 0.0266278806 0.0185743644 0.0384141267 0.0311660533 0.0392223345 0.0123647366 0.055370473 0.0270021301 0.0437107333 0.0161792003 0.0056473269 0.0277034549 0.0313684651 0.0186988861 0.0260176051 0.0411935166 0.0518283196 0.0267201461 0.0332965786 0.0243257903 0.0461902059 0.0157433815 0.0225785924 0.0361909224 0.0042983603 0.0403146662 
17 0.0128362529 0.0490417456 0.0152069642 0.0355981138 0.0135970405 0.0517033919 0.0216237143 0.0183248863 0.02233918 0.0201244831 0.0352294049 0.0543641939 0.0046114093 0.0368553975 0.0517132659 0.0056473269 0.0172895692 0.0169499844 0.0485771115 0.0225482924 0.0431955033 0.0161522184 0.0085504595 0.0175173049 0.0268389853 0.0652497598 0.0732678829 0.0576195512 0.0227738396 0.0276520499 0.0335200447 0.0534806725 
18 0.0616007587 0.0716499202 0.0377256835 0.0443407624 0.0467514852 0.0255585631 0.0135831213 0.02554139 0.026656008 0.0479983906 0.0271288569 0.0332343632 0.0212022577 0.0346527407 0.037883174 0.0277034549 0.0169499844 0.0186120808 0.0120176684 0.0160519742 0.0391648843 0.0168842273 0.0078538463 0.0398105495 0.0174555439 0.0201071797 0.0323272742 0.0170334419 0.0528166529 0.0310972359 0.035893576 0.0427129502 
19 0.0395493574 0.0349918563 0.0253017488 0.0179324498 0.0431391844 0.0502779559 0.0230329892 0.0317752862 0.0203075408 0.0200419725 0.0267863722 0.039787217 0.0323604859 0.038944851 0.0252444182 0.0313684651 0.0485771115 0.0120176684 0.0430432446 0.0237785647 0.0292557516 0.0397124833 0.0373488583 0.0602058733 0.0229202932 0.0368011724 0.028639939 0.0356173752 0.010661255 0.0353580176 0.0319590641 0.0032611771 
20 0.0263855037 0.0106089197 0.0419396323 0.0433544579 0.0214000885 0.033609301 0.0363233849 0.0329497135 0.0281346663 0.0297558475 0.0271456608 0.0265575968 0.0289170605 0.0531282007 0.035651184 0.0186988861 0.0225482924 0.0160519742 0.0237785647 0.0803941873 0.012843408 0.0182820948 0.038257544 0.0170175839 0.0446290683 0.026138312 0.0144080066 0.0472471647 0.0430878905 0.0191438752 0.0266474621 0.0549644672 
21 0.0272957601 0.0257378559 0.0138489499 0.0171886563 0.045268293 0.0040190095 0.0401142178 0.0604430029 0.0250564353 0.0340871341 0.015045242 0.0046829162 0.0216290134 0.0195180651 0.0233281191 0.0260176051 0.0431955033 0.0391648843 0.0292557516 0.012843408 0.0277571953 0.0525880383 0.0413365725 0.0564744082 0.018605111 0.0254377054 0.052171928 0.0389027304 0.0626970477 0.0354042176 0.0259423481 0.0349428747 
22 0.0410984105 0.0446168274 0.0279316731 0.0253475583 0.0128940406 0.026388692 0.0426523169 0.0357862526 0.0493955781 0.0381209168 0.043461147 0.0276176018 0.0557090033 0.0252846398 0.0275267399 0.0411935166 0.0161522184 0.0168842273 0.0397124833 0.0182820948 0.0525880383 0.0104937163 0.018458685 0.0318554027 0.0373101456 0.0174817623 0.01933579 0.0619084972 0.0159020888 0.0100457994 0.0329535566 0.0356105795 
23 0.022129319 0.0299488924 0.0029020613 0.0149819524 0.0557296693 0.0421956208 0.0503430362 0.0182644072 0.0434382772 0.0364988363 0.0097222937 0.0370474276 0.0801604607 0.0306561563 0.0154285689 0.0518283196 0.0085504595 0.0078538463 0.0373488583 0.038257544 0.0413365725 0.018458685 0.0574545261 0.0536630217 0.0235664115 0.0238143364 0.0090940182 0.0149720014 0.0355469373 0.0166891452 0.0447717692 0.0273465684 
24 0.0277925042 0.0061813098 0.0239572128 0.0189528596 0.0319484534 0.0332772743 0.005490066 0.0243793719 0.0390137241 0.0379704474 0.0318542171 0.0121477019 0.0128727398 0.0228540992 0.0204082815 0.0267201461 0.0175173049 0.0398105495 0.0602058733 0.0170175839 0.0564744082 0.0318554027 0.0536630217 0.063323654 0.0627891412 0.0265106534 0.0339695308 0.0734584952 0.0192854599 0.0327188757 0.0138597266 0.0217199098 
25 0.0385331629 0.0253477542 0.0369261724 0.0401567725 0.0243275346 0.0190532207 0.0144934349 0.0454155175 0.0316051996 0.014739233 0.0264117779 0.0378475818 0.0338696631 0.0408139263 0.0440866763 0.0332965786 0.0268389853 0.0174555439 0.0229202932 0.0446290683 0.018605111 0.0373101456 0.0235664115 0.0627891412 0.0407247799 0.0508025259 0.0176684301 0.0204069297 0.0411664134 0.0188975373 0.0335897091 0.0157047683 
26 0.022308082 0.0398829638 0.0192751664 0.0435635229 0.0225567154 0.0343354795 0.0629519571 0.0347563704 0.0107911157 0.0346625486 0.0515989036 0.0232671541 0.0428734579 0.008718701 0.0378791309 0.0243257903 0.0652497598 0.0201071797 0.0368011724 0.026138312 0.0254377054 0.0174817623 0.0238143364 0.0265106534 0.0508025259 0.0092174487 0.0397249258 0.0457963481 0.0147291894 0.0356547915 0.0057941359 0.0429926938 
27 0.0454328921 0.0310883071 0.0141192709 0.043383999 0.026602817 0.0281500162 0.0482438741 0.0331010314 0.0203504841 0.0063150373 0.0389487557 0.0280542788 0.0434526606 0.0485269337 0.0276604736 0.0461902059 0.0732678829 0.0323272742 0.028639939 0.0144080066 0.052171928 0.01933579 0.0090940182 0.0339695308 0.0176684301 0.0397249258 0.024802288 0.0263025178 0.0303976483 0.0179594394 0.0254526698 0.0248566739 
28 0.0186812388 0.02319894 0.0381872048 0.0239249038 0.0444948676 0.0163071139 0.0392061041 0.0060722408 0.050742834 0.0548243218 0.0395500439 0.0359322914 0.0180262526 0.0251480282 0.0204542126 0.0157433815 0.0576195512 0.0170334419 0.0356173752 0.0472471647 0.0389027304 0.0619084972 0.0149720014 0.0734584952 0.0204069297 0.0457963481 0.0263025178 0.0285556462 0.0006376138 0.0126569297 0.0348590268 0.0135317511 
29 0.0482922596 0.0372443001 0.0892622822 0.0353780414 0.0298702047 0.0167659668 0.0373410449 0.0303853975 0.0553793192 0.0155543339 0.0405439476 0.0104702107 0.0255087166 0.0366616093 0.0330237272 0.0225785924 0.0227738396 0.0528166529 0.010661255 0.0430878905 0.0626970477 0.0159020888 0.0355469373 0.0192854599 0.0411664134 0.0147291894 0.0303976483 0.0006376138 0.0095716839 0.041116779 0.0179402341 0.0174093123 
30 0.0373889661 0.0386724497 0.0211461973 0.0480467797 0.0250646292 0.0335442016 0.0266197921 0.0451515621 0.0336875747 0.0249106162 0.0467099594 0.0473024044 0.0374207057 0.0450373417 0.0426438109 0.0361909224 0.0276520499 0.0310972359 0.0353580176 0.0191438752 0.0354042176 0.0100457994 0.0166891452 0.0327188757 0.0188975373 0.0356547915 0.0179594394 0.0126569297 0.041116779 0.0061256812 0.0433275454 0.0266141665 
31 0.0350191281 0.0371654945 0.0309130235 0.0178837264 0.0236717295 0.0273091765 0.0222058635 0.0106557623 0.0471709807 0.0541770448 0.0379257603 0.0321639584 0.0401763618 0.0303078859 0.0300104543 0.0042983603 0.0335200447 0.035893576 0.0319590641 0.0266474621 0.0259423481 0.0329535566 0.0447717692 0.0138597266 0.0335897091 0.0057941359 0.0254526698 0.0348590268 0.0179402341 0.0433275454 0.0822678402 0.0301665805 
32 0.0402537171 0.0158984056 0.0335773034 0.0419934455 0.0525057017 0.0751779758 0.0194039261 0.0175462645 0.0303849473 0.049836306 0.0152194587 0.0337871111 0.0263555838 0.025456418 0.0262559986 0.0403146662 0.0534806725 0.0427129502 0.0032611771 0.0549644672 0.0349428747 0.0356105795 0.0273465684 0.0217199098 0.0157047683 0.0429926938 0.0248566739 0.0135317511 0.0174093123 0.0266141665 0.0301665805 0.0107176248 
