30
1 0.0 0.0351188729 0.0347505867 0.0533833955 0.0610074693 0.0237253672 0.0431320809 0.0119955784 0.0200982274 0.03180467 0.0602595918 0.0331671076 0.0242287226 0.0083340796 0.0436217466 0.0493347871 0.0097525929 0.0290217799 0.0362439659 0.0610764952 0.0136933452 0.031171749 0.0135675844 0.0549001031 0.0412338661 0.022985027 0.0281509508 0.0226299306 0.0386287317 0.0629815946
2 0.0351188729 0.0 0.0379668724 0.017076078 0.0429268825 0.0431032513 0.0447812136 0.053226641 0.0264635291 0.0090343471 0.0213332135 0.0047589874 0.0101023086 0.0278104803 0.0238279855 0.0065103935 0.0488074253 0.0417655425 0.0213604727 0.0637818581 0.0520843998 0.0495945297 0.0476102946 0.0493035832 0.0302023961 0.0317036018 0.0506631697 0.0437218861 0.0332694481 0.0320903356
3 0.0347505867 0.0379668724 0.0 0.0198218284 0.0199521276 0.0119330734 0.0499036074 0.0336236387 0.0281514181 0.047747603 0.0473126131 0.035832058 0.0494042218 0.0349996279 0.0201465713 0.0296907753 0.0354395584 0.043751356 0.0332972605 0.045546615 0.0469165498 0.0199027999 0.0284431866 0.0210513968 0.0450486074 0.0577757651 0.0357556958 0.0058355759 0.0578404305 0.0221585791
4 0.0533833955 0.017076078 0.0198218284 0.0 0.0224507786 0.0412055599 0.042773001 0.0284605933 0.0359821443 0.0397140932 0.0497479264 0.0335345059 0.049438608 0.0427177188 0.0540712023 0.0445443586 0.039367018 0.0406680242 0.0372416657 0.0296077876 0.0308842956 0.0106906904 0.0344907688 0.0429248453 0.0435671555 0.0027357036 0.0231935384 0.0326259543 0.0111302203 0.0459505402
5 0.0610074693 0.0429268825 0.0199521276 0.0224507786 0.0 0.0069802921 0.0275108013 0.0503685954 0.0077132728 0.033870551 0.0086204356 0.0303464954 0.054319783 0.0116060857 0.0374753285 0.0412248526 0.0254093055 0.0309663519 0.0480173304 0.0202132763 0.0514617346 0.0493845921 0.0287493444 0.0111249588 0.0347678107 0.0382700087 0.0607247854 0.0426269014 0.0506225429 0.0512873052
6 0.0237253672 0.0431032513 0.0119330734 0.0412055599 0.0069802921 0.0 0.0452221704 0.0407943052 0.0507536362 0.0270967605 0.0609063905 0.0478736628 0.035658596 0.029116647 0.0287146486 0.0417040621 0.0362981119 0.0313200107 0.0390766659 0.0146320484 0.0220273382 0.0155107677 0.0297760897 0.0644775711 0.0310587492 0.0232046059 0.0230169017 0.0389152346 0.0429190987 0.052978383
7 0.0431320809 0.0447812136 0.0499036074 0.042773001 0.0275108013 0.0452221704 0.0 0.017846618 0.0260961651 0.0376850439 0.0330058116 0.0354471368 0.0347591168 0.0087371783 0.0376732034 0.0465921562 0.0321525546 0.0295907227 0.0353557297 0.032889382 0.0293945013 0.0407225077 0.0158136016 0.0327109658 0.0383081017 0.0315770987 0.0522770504 0.062849869 0.0043550072 0.0308376027
8 0.0119955784 0.053226641 0.0336236387 0.0284605933 0.0503685954 0.0407943052 0.017846618 0.0 0.056416139 0.0448023289 0.0650760326 0.0253784198 0.0129968422 0.0384338901 0.0368517331 0.0225053135 0.0242078637 0.0333816812 0.0348112638 0.0294434875 0.0580429348 0.0224376624 0.0332917112 0.0370189042 0.0222542218 0.0571827067 0.0263867472 0.0205026273 0.0392152268 0.0230462922
9 0.0200982274 0.0264635291 0.0281514181 0.0359821443 0.0077132728 0.0507536362 0.0260961651 0.056416139 0.0 0.0440464787 0.0396714304 0.0509422542 0.0476482428 0.0320452965 0.0197886332 0.0380688963 0.0602918569 0.0600718207 0.0209230266 0.014898619 0.0475329447 0.0345333731 0.0212226638 0.0395807161 0.0086730154 0.0415508567 0.0451751256 0.0355325924 0.0207496586 0.0253779663
10 0.03180467 0.0090343471 0.047747603 0.0397140932 0.033870551 0.0270967605 0.0376850439 0.0448023289 0.0440464787 0.0 0.0095481658 0.0242666008 0.0408454158 0.0288308704 0.02611849 0.0321924441 0.0272736824 0.0386911323 0.027644553 0.0504189967 0.036843961 0.0462705069 0.0391447345 0.0449024708 0.0548765497 0.037822108 0.0281489542 0.0099832327 0.0452408575 0.0351343971
11 0.0602595918 0.0213332135 0.0473126131 0.0497479264 0.0086204356 0.0609063905 0.0330058116 0.0650760326 0.0396714304 0.0095481658 0.0 0.0271461759 0.030807959 0.0265704374 0.0518568567 0.0388199143 0.0092560171 0.0192417057 0.0209460823 0.0222135417 0.0227493933 0.0098532533 0.0533200832 0.0463326981 0.0263274203 0.0347444787 0.0166992141 0.0596888826 0.0370530653 0.05089121
12 0.0331671076 0.0047589874 0.035832058 0.0335345059 0.0303464954 0.0478736628 0.0354471368 0.0253784198 0.0509422542 0.0242666008 0.0271461759 0.0 0.0324206578 0.023641728 0.0301843116 0.0370925985 0.0590960105 0.0300189576 0.0299361083 0.0325686205 0.0473482973 0.0311890072 0.0326117494 0.0229800887 0.0271729886 0.0391631537 0.0354678955 0.0452251904 0.0368423619 0.0583468701
13 0.0242287226 0.0101023086 0.0494042218 0.049438608 0.054319783 0.035658596 0.0347591168 0.0129968422 0.0476482428 0.0408454158 0.030807959 0.0324206578 0.0 0.0193628916 0.0256140769 0.0395921735 0.0388725593 0.0551225437 0.0509432457 0.05058008 0.0535670165 0.0267133069 0.0095009825 0.0419799459 0.0175468239 0.0294378203 0.0100007666 0.0359012066 0.0570639096 0.0155701763
14 0.0083340796 0.0278104803 0.0349996279 0.0427177188 0.0116060857 0.029116647 0.0087371783 0.0384338901 0.0320452965 0.0288308704 0.0265704374 0.023641728 0.0193628916 0.0 0.0397018974 0.0477986656 0.0607743356 0.0380686543 0.0260668975 0.0488511772 0.0306439135 0.0323724231 0.0571762977 0.020081085 0.0609991397 0.0190402736 0.0498182857 0.0589555652 0.0500544617 0.0273899956
15 0.0436217466 0.0238279855 0.0201465713 0.0540712023 0.0374753285 0.0287146486 0.0376732034 0.0368517331 0.0197886332 0.02611849 0.0518568567 0.0301843116 0.0256140769 0.0397018974 0.0 0.0090725104 0.0315915208 0.0382598013 0.0439241932 0.0448476566 0.0080490599 0.0381977576 0.0316734032 0.0512360137 0.0369042553 0.0397048705 0.0649835968 0.0150736852 0.0330141162 0.0378208744
16 0.0493347871 0.0065103935 0.0296907753 0.0445443586 0.0412248526 0.0417040621 0.0465921562 0.0225053135 0.0380688963 0.0321924441 0.0388199143 0.0370925985 0.0395921735 0.0477986656 0.0090725104 0.0 0.0496647401 0.044317144 0.0289705187 0.0111741589 0.0289317365 0.0423841265 0.0346856417 0.0512940128 0.0307533328 0.0236015065 0.0229312811 0.0256226181 0.0487239238 0.0322013569
17 0.0097525929 0.0488074253 0.0354395584 0.039367018 0.0254093055 0.0362981119 0.0321525546 0.0242078637 0.0602918569 0.0272736824 0.0092560171 0.0590960105 0.0388725593 0.0607743356 0.0315915208 0.0496647401 0.0 0.040274657 0.0315705672 0.0472333566 0.0421311466 0.0384731698 0.0480455307 0.0138871293 0.0273637209 0.0363656699 0.0248791969 0.0299035357 0.0175594961 0.0140576702
18 0.0290217799 0.0417655425 0.043751356 0.0406680242 0.0309663519 0.0313200107 0.0295907227 0.0333816812 0.0600718207 0.0386911323 0.0192417057 0.0300189576 0.0551225437 0.0380686543 0.0382598013 0.044317144 0.040274657 0.0 0.0364532197 0.0169760488 0.0386283908 0.0320441315 0.0137095506 0.0260672204 0.0392196458 0.0365036186 0.043554129 0.0103279076 0.0380735603 0.023910691
19 0.0362439659 0.0213604727 0.0332972605 0.0372416657 0.0480173304 0.0390766659 0.0353557297 0.0348112638 0.0209230266 0.027644553 0.0209460823 0.0299361083 0.0509432457 0.0260668975 0.0439241932 0.0289705187 0.0315705672 0.0364532197 0.0 0.0416093619 0.0070535314 0.0462180262 0.0300176132 0.0367603523 0.0374782121 0.0464079762 0.0566782949 0.0290374403 0.0388283384 0.0271280864
20 0.0610764952 0.0637818581 0.045546615 0.0296077876 0.0202132763 0.0146320484 0.032889382 0.0294434875 0.014898619 0.0504189967 0.0222135417 0.0325686205 0.05058008 0.0488511772 0.0448476566 0.0111741589 0.0472333566 0.0169760488 0.0416093619 0.0 0.0478128124 0.0452237267 0.0550742113 0.0517480437 0.0356201085 0.0313163319 0.0260221958 0.0055465186 0.0089043135 0.0141691695
21 0.0136933452 0.0520843998 0.0469165498 0.0308842956 0.0514617346 0.0220273382 0.0293945013 0.0580429348 0.0475329447 0.036843961 0.0227493933 0.0473482973 0.0535670165 0.0306439135 0.0080490599 0.0289317365 0.0421311466 0.0386283908 0.0070535314 0.0478128124 0.0 0.0436834726 0.0349893087 0.0125539705 0.0454865666 0.0364992458 0.0253933448 0.0508632023 0.0214809348 0.0132526507
22 0.031171749 0.0495945297 0.0199027999 0.0106906904 0.0493845921 0.0155107677 0.0407225077 0.0224376624 0.0345333731 0.0462705069 0.0098532533 0.0311890072 0.0267133069 0.0323724231 0.0381977576 0.0423841265 0.0384731698 0.0320441315 0.0462180262 0.0452237267 0.0436834726 0.0 0.0416983654 0.0339506218 0.0041539236 0.0354319595 0.0391515138 0.0495653176 0.0466470348 0.0428296832
23 0.0135675844 0.0476102946 0.0284431866 0.0344907688 0.0287493444 0.0297760897 0.0158136016 0.0332917112 0.0212226638 0.0391447345 0.0533200832 0.0326117494 0.0095009825 0.0571762977 0.0316734032 0.0346856417 0.0480455307 0.0137095506 0.0300176132 0.0550742113 0.0349893087 0.0416983654 0.0 0.0544947412 0.0323055733 0.0525679716 0.0142943834 0.0319407225 0.0208748027 0.0589090882
24 0.0549001031 0.0493035832 0.0210513968 0.0429248453 0.0111249588 0.0644775711 0.0327109658 0.0370189042 0.0395807161 0.0449024708 0.0463326981 0.0229800887 0.0419799459 0.020081085 0.0512360137 0.0512940128 0.0138871293 0.0260672204 0.0367603523 0.0517480437 0.0125539705 0.0339506218 0.0544947412 0.0 0.0457994623 0.0188057698 0.0088146059 0.0186146263 0.0117349573 0.0348691395
25 0.0412338661 0.0302023961 0.0450486074 0.0435671555 0.0347678107 0.0310587492 0.0383081017 0.0222542218 0.0086730154 0.0548765497 0.0263274203 0.0271729886 0.0175468239 0.0609991397 0.0369042553 0.0307533328 0.0273637209 0.0392196458 0.0374782121 0.0356201085 0.0454865666 0.0041539236 0.0323055733 0.0457994623 0.0 0.0421945092 0.0417851128 0.0534968831 0.0373626006 0.0080392469
26 0.022985027 0.0317036018 0.0577757651 0.0027357036 0.0382700087 0.0232046059 0.0315770987 0.0571827067 0.0415508567 0.037822108 0.0347444787 0.0391631537 0.0294378203 0.0190402736 0.0397048705 0.0236015065 0.0363656699 0.0365036186 0.0464079762 0.0313163319 0.0364992458 0.0354319595 0.0525679716 0.0188057698 0.0421945092 0.0 0.0299006246 0.047094489 0.0414873347 0.0149249136
27 0.0281509508 0.0506631697 0.0357556958 0.0231935384 0.0607247854 0.0230169017 0.0522770504 0.0263867472 0.0451751256 0.0281489542 0.0166992141 0.0354678955 0.0100007666 0.0498182857 0.0649835968 0.0229312811 0.0248791969 0.043554129 0.0566782949 0.0260221958 0.0253933448 0.0391515138 0.0142943834 0.0088146059 0.0417851128 0.0299006246 0.0 0.0320330607 0.0277903347 0.0563092439
28 0.0226299306 0.0437218861 0.0058355759 0.0326259543 0.0426269014 0.0389152346 0.062849869 0.0205026273 0.0355325924 0.0099832327 0.0596888826 0.0452251904 0.0359012066 0.0589555652 0.0150736852 0.0256226181 0.0299035357 0.0103279076 0.0290374403 0.0055465186 0.0508632023 0.0495653176 0.0319407225 0.0186146263 0.0534968831 0.047094489 0.0320330607 0.0 0.0404408188 0.045444525
29 0.0386287317 0.0332694481 0.0578404305 0.0111302203 0.0506225429 0.0429190987 0.0043550072 0.0392152268 0.0207496586 0.0452408575 0.0370530653 0.0368423619 0.0570639096 0.0500544617 0.0330141162 0.0487239238 0.0175594961 0.0380735603 0.0388283384 0.0089043135 0.0214809348 0.0466470348 0.0208748027 0.0117349573 0.0373626006 0.0414873347 0.0277903347 0.0404408188 0.0 0.0420924123
30 0.0629815946 0.0320903356 0.0221585791 0.0459505402 0.0512873052 0.052978383 0.0308376027 0.0230462922 0.0253779663 0.0351343971 0.05089121 0.0583468701 0.0155701763 0.0273899956 0.0378208744 0.0322013569 0.0140576702 0.023910691 0.0271280864 0.0141691695 0.0132526507 0.0428296832 0.0589090882 0.0348691395 0.0080392469 0.0149249136 0.0563092439 0.045444525 0.0420924123 0.0
