64
1 0.0146518055 0.0175717006 0.0176219702 0.0126242529 0.0170330625 0.0213850562 0.0129866909 0.0237095936 0.0190799145 0.0207051793 0.0138001406 0.0145134477 0.0065372713 0.012723556 0.0195870691 0.014576398 0.0131101503 0.015051669 0.0164404555 0.0131397609 0.0141053224 0.0115073255 0.0129457737 0.0268583089 0.0155903171 0.0186290307 0.0163213496 0.0149862726 0.0246058778 0.0077943746 0.0112714943 0.0175170049 0.0134207475 0.0142734304 0.012941294 0.0117923806 0.0175707744 0.0154994298 0.0075600249 0.0124272672 0.0150826375 0.0095806276 0.0243789814 0.0104134618 0.0210814387 0.0166506086 0.0096737376 0.0191719648 0.0151683648 0.0134298203 0.0047714212 0.0224511348 0.0250339855 0.0110934221 0.0144804347 0.0129680657 0.0107064044 0.0113335511 0.0296726131 0.0238124389 0.0101372549 0.0302747791 0.015938793 0.0082271129 
2 0.0175717006 0.0080541861 0.0123842428 0.0082406027 0.0139000534 0.0194658237 0.0090361002 0.0257860118 0.0076522979 0.0084500902 0.0040101822 0.0147581888 0.0186876839 0.0232154196 0.0088104084 0.0136485931 0.0147171274 0.0069593863 0.0117635041 0.0215281745 0.0 0.0163927318 0.0155225319 0.0126123919 0.0182604201 0.0107626571 0.0191862775 0.0149981923 0.0135827065 0.013113328 0.0133216784 0.021431176 0.0266723052 0.0181456096 0.0194021271 0.0217225997 0.0161317311 0.0148898183 0.023970688 0.0247252983 0.0095488262 0.0215884084 0.0175243183 0.0213205473 0.0145043786 0.0281304253 0.0199960568 0.0085176216 0.016405781 0.0169033091 0.0138938032 0.0129859679 0.0162690992 0.0147967603 0.0215701469 0.0281548857 0.0151696634 0.0122195764 0.006863916 0.0180065345 0.0226221294 0.0126462107 0.0105906417 0.0162869458 
3 0.0176219702 0.0123842428 0.013779087 0.0102860503 0.0057357728 0.004977657 0.0161999155 0.0149482135 0.0148341145 0.0221722914 0.0249806472 0.0170596918 0.0133039998 0.0091088817 0.0098317794 0.0191895931 0.0172554934 0.0063537344 0.0088845682 0.0330657578 0.0199124013 0.0200623855 0.0257704943 0.02125909 0.0114064745 0.0114559123 0.0074860185 0.0222601496 0.0202944482 0.0110927882 0.0242618338 0.0121544057 0.0139078496 0.0091043323 0.0140328333 0.012012797 0.0167132239 0.0122468106 0.0115140683 0.0150648651 0.0224617463 0.0170601524 0.0187883254 0.0112882938 0.0217073745 0.0103310454 0.0255227951 0.0140148702 0.0045565461 0.017283247 0.01850866 0.0160836287 0.0183411307 0.0180372619 0.0197089405 0.00843474 0.0099084612 0.0144049505 0.0268970567 0.0189196479 0.007504502 0.0100139238 0.0204995804 0.0257364757 
4 0.0126242529 0.0082406027 0.0102860503 0.0123867547 0.0127818869 0.0114005209 0.0240345308 0.0172012196 0.0185633592 0.0260862293 0.0217657052 0.0188452412 0.0253629993 0.015753729 0.0164073604 0.0074819195 0.0255044354 0.020071456 0.0169088482 0.0083594163 0.0077513743 0.0141837884 0.0147285769 0.0113402395 0.0110571561 0.0151858516 0.0096123853 0.0284388994 0.0199696755 0.0152376333 0.0138913517 0.0101241362 0.0150386014 0.0143445945 0.0257694954 0.0110206743 0.0116752559 0.0251857013 0.0222108168 0.0060376854 0.0052099619 0.0146520653 0.0100023723 0.0203435083 0.0087337544 0.0114187851 0.0088467341 0.0034585405 0.0165875021 0.0120382867 0.0163344633 0.0276527746 0.0244874446 0.0141431596 0.0274088772 0.0174855067 0.0186998275 0.017786208 0.0128038058 0.0128404966 0.0207609152 0.0166562165 0.0169329251 0.0118454573 
5 0.0170330625 0.0139000534 0.0057357728 0.0127818869 0.0131274641 0.0235327564 0.0107268855 0.0240637469 0.0103424397 0.0112794785 0.0110705422 0.0135736102 0.0123748739 0.0074422719 0.0213712535 0.0223315002 0.0270014963 0.0104555647 0.0134773119 0.0147899776 0.0086689967 0.0344192012 0.0037203758 0.0142427343 0.0400663402 0.012272439 0.0221800847 0.0127000281 0.026393123 0.0085679871 0.0094847383 0.0157485043 0.0054727115 0.016607752 0.0187367686 0.0091734564 0.0166457817 0.0121707138 0.008078108 0.0220502823 0.01313609 0.0254569471 0.0169892675 0.0103002346 0.0217902509 0.017407009 0.0051461641 0.0215837925 0.0144694685 0.0313732552 0.0168129144 0.0119910186 0.0218985151 0.0122322779 0.0125109951 0.016078607 0.0092330466 0.01632314 0.023547849 0.0123659479 0.0131295388 0.0124359338 0.0138104303 0.0161652295 
6 0.0213850562 0.0194658237 0.004977657 0.0114005209 0.0235327564 0.0165087998 0.0218897468 0.0141782761 0.0128731585 0.0163409823 0.008477856 0.0219981096 0.0139538658 0.0105635008 0.0155129424 0.0218998079 0.0177406113 0.0166504601 0.025723485 0.0077554822 0.0118948413 0.0174530622 0.0197055198 0.0118295667 0.0140794216 0.0263602452 0.0098698677 0.0240943391 0.0087545445 0.0124271532 0.0200386716 0.0138433202 0.0164794788 0.018382242 0.016519806 0.0086968668 0.0106413267 0.0143823631 0.0112998389 0.0145600651 0.0182080965 0.0150354544 0.0174891803 0.0184359257 0.0099918548 0.0147346718 0.0030545905 0.0241040151 0.0124262864 0.0163953984 0.0167540668 0.0221925488 0.0041964916 0.0238702275 0.011419415 0.0095048164 0.0119938171 0.0109237733 0.0135185695 0.0154704954 0.0177560405 0.0312935062 0.0207824238 0.016306895 
7 0.0129866909 0.0090361002 0.0161999155 0.0240345308 0.0107268855 0.0218897468 0.0049231956 0.0153102276 0.0143521877 0.0134891758 0.0207601895 0.0087636415 0.0123342535 0.020803217 0.0128636939 0.010719145 0.0111652979 0.013223466 0.0186459213 0.0070968657 0.0183358877 0.0263372097 0.0251741118 0.0017622668 0.0138608825 0.0176495087 0.0121388485 0.0118337973 0.0106173593 0.0160808547 0.0280615872 0.0131184313 0.0157882493 0.0203525721 0.0132025197 0.0238665189 0.0077010819 0.0183180375 0.0128801807 0.0143705312 0.0166302754 0.0129829984 0.0122882611 0.0148990144 0.0180951771 0.0224308459 0.0074668534 0.0243908296 0.019052408 0.0159384664 0.0195885561 0.0132013634 0.0247445855 0.0116436889 0.0292843571 0.0107107424 0.0150310979 0.0253774056 0.0058594551 0.0124375653 0.023976526 0.0141346795 0.0112749957 0.0177850674 
8 0.0237095936 0.0257860118 0.0149482135 0.0172012196 0.0240637469 0.0141782761 0.0153102276 0.0197275889 0.0167300795 0.0073793982 0.0188458641 0.0173218049 0.0060455704 0.0156320111 0.011011417 0.0239116198 0.0149283272 0.0123500023 0.0201720862 0.0178703107 0.0150488512 0.0294857962 0.0167914511 0.0109055574 0.01712936 0.0052616672 0.0068699252 0.016102761 0.0238917235 0.0179130298 0.0230090483 0.0061609437 0.0144547874 0.0172563426 0.0124081698 0.0142922123 0.010152841 0.0110449167 0.0136849618 0.0104538355 0.0098418327 0.0126955377 0.0177783221 0.007821835 0.0338365203 0.0068294246 0.0171313169 0.0150947329 0.0178508975 0.0106733291 0.0115522445 0.0224171584 0.013467082 0.0131467897 0.0125023483 0.0147928075 0.0193566331 0.0181042037 0.0120991354 0.0148646818 0.0193125375 0.0177654072 0.0111451361 0.0204785351 
9 0.0190799145 0.0076522979 0.0148341145 0.0185633592 0.0103424397 0.0128731585 0.0143521877 0.0167300795 0.0434927653 0.0108318855 0.0282545103 0.0100287312 0.0051087241 0.0072946906 0.0194068123 0.0093772934 0.0052829644 0.01095083 0.0152554979 0.0219940251 0.008705019 0.0183674467 0.0078275185 0.0173439885 0.0066508154 0.0244308585 0.0203456119 0.0225904217 0.0075331213 0.0168662878 0.0178814749 0.0133839996 0.0100988745 0.0140601014 0.0183824254 0.0135999872 0.0241618552 0.015755788 0.0287575653 0.0192131431 0.005488946 0.0204810663 0.020152841 0.0210964668 0.0155461011 0.0206127401 0.023895373 0.0043288386 0.0172759862 0.020360577 0.0175084069 0.0168884747 0.0141798986 0.0212757099 0.0243221021 0.0100218096 0.0256069696 0.0163966665 0.0046612154 0.0167253986 0.0079219841 0.0073419425 0.0097836244 0.0104642756 
10 0.0207051793 0.0084500902 0.0221722914 0.0260862293 0.0112794785 0.0163409823 0.0134891758 0.0073793982 0.0108318855 0.0335480991 0.0202181085 0.0115473785 0.0054839569 0.0088053156 0.0180144169 0.0129906309 0.0189229863 0.0120952989 0.008422349 0.0250404354 0.0131745536 0.0194293196 0.0162188265 0.0151880022 0.0125095435 0.0159538189 0.0164612929 0.0073789865 0.0187957127 0.0024451149 0.0152288281 0.0137397047 0.0142222201 0.0151079464 0.0077481581 0.0163286309 0.0202649897 0.0070198249 0.0109838944 0.0122113881 0.0145895769 0.013119846 0.0151027123 0.0164763727 0.01001155 0.0169237814 0.0209066447 0.0120824401 0.0212249633 0.0178807522 0.0150425828 0.0110482291 0.0266210707 0.0281509038 0.0202139792 0.0238390738 0.0070074186 0.023274471 0.0145499435 0.0157187423 0.0249942772 0.0227450184 0.0144762588 0.0117649479 
11 0.0138001406 0.0040101822 0.0249806472 0.0217657052 0.0110705422 0.008477856 0.0207601895 0.0188458641 0.0282545103 0.0202181085 0.0144958663 0.0108673118 0.0188527746 0.0166654534 0.0230489805 0.0179347012 0.0131028352 0.0125500427 0.0102361904 0.0186868264 0.0138626069 0.0200962406 0.0211392836 0.014632678 0.0049352135 0.0200718301 0.0153118302 0.0205206748 0.0126639803 0.0185958926 0.0157587909 0.0289085573 0.0159843527 0.0078146249 0.0148781317 0.0041367264 0.0205225209 0.0089558622 0.0115996688 0.0131813286 0.0172402232 0.022041549 0.0134999806 0.0178751804 0.0124393844 0.0117919097 0.0202850212 0.0108186943 0.0138414388 0.017171239 0.0112495587 0.0062134802 0.0293864771 0.007914883 0.0179756408 0.01963929 0.019498618 0.0080391085 0.0160667912 0.0212795571 0.0070979244 0.0163458509 0.0177497629 0.012342913 
12 0.0145134477 0.0147581888 0.0170596918 0.0188452412 0.0135736102 0.0219981096 0.0087636415 0.0173218049 0.0100287312 0.0115473785 0.0108673118 0.0048186979 0.0059567589 0.0078461861 0.0047404683 0.0244523789 0.0185430773 0.0236451042 0.023742276 0.0213178883 0.0146704023 0.0217129381 0.0211458037 0.0257454946 0.0082358427 0.0093256739 0.021197611 0.0147742077 0.0169440434 0.0165146334 0.0153862379 0.007340942 0.0198333991 0.012339543 0.0141598791 0.0063495579 0.020211843 0.0314511628 0.0158348747 0.0155407683 0.0274804885 0.011288008 0.0132316522 0.0049979945 0.0135129449 0.0296882277 0.0204593922 0.0096998284 0.0241199223 0.0110216484 0.0079161845 0.0375711115 0.0042782437 0.0222768831 0.0130839051 0.0234385448 0.0130572129 0.0079979642 0.0111124335 0.0117267754 0.0239233822 0.0158615884 0.0122091629 0.0069916491 
13 0.0065372713 0.0186876839 0.0133039998 0.0253629993 0.0123748739 0.0139538658 0.0123342535 0.0060455704 0.0051087241 0.0054839569 0.0188527746 0.0059567589 0.0312341216 0.0235229239 0.019212327 0.0099733094 0.0053104597 0.0238739995 0.021328718 0.0230210673 0.0138197342 0.009630952 0.0256789964 0.0123812979 0.0138328513 0.0155409538 0.0139380983 0.0182597332 0.0076316838 0.0222153976 0.0108424672 0.0072068863 0.0166248129 0.0165761056 0.0173675329 0.0139733666 0.0198120327 0.0137830797 0.0201032822 0.0142624728 0.0159060822 0.0191291509 0.01287361 0.0104898318 0.0218449943 0.0100528879 0.0175649377 0.016806514 0.0233895427 0.0057367048 0.0239408795 0.0122648845 0.0114105498 0.0106229458 0.0178051076 0.0114202213 0.0151494115 0.0257084124 0.0094407946 0.022411943 0.0245990542 0.0228959226 0.0155010268 0.018073194 
14 0.012723556 0.0232154196 0.0091088817 0.015753729 0.0074422719 0.0105635008 0.020803217 0.0156320111 0.0072946906 0.0088053156 0.0166654534 0.0078461861 0.0235229239 0.0170414433 0.0084111488 0.024009423 0.0090919975 0.0171804632 0.006838519 0.0146942219 0.0179093018 0.0148351047 0.0055362353 0.0114779103 0.0133473229 0.013873972 0.0218384226 0.014826016 0.035700405 0.0099841762 0.0216224634 0.0142098544 0.0298039102 0.0163680273 0.0163664545 0.0098158367 0.0208196 0.0158604447 0.0095089059 0.0061294359 0.0331944203 0.0158142199 0.0142367892 0.0292979639 0.0092270591 0.0265360911 0.0132282673 0.0222790118 0.0114514693 0.0135635728 0.0143042754 0.0234757458 0.0151257211 0.0082500204 0.0170177399 0.0116478918 0.0059597625 0.0130587909 0.0255205637 0.0221234197 0.014749459 0.0113237866 0.0210876654 0.0110481197 
15 0.0195870691 0.0088104084 0.0098317794 0.0164073604 0.0213712535 0.0155129424 0.0128636939 0.011011417 0.0194068123 0.0180144169 0.0230489805 0.0047404683 0.019212327 0.0084111488 0.0077520034 0.016413268 0.0201491933 0.0290938381 0.0171250498 0.0147611369 0.0159946884 0.0144854904 0.0107751034 0.0251425306 0.0182759178 0.0081058362 0.0199452624 0.0326872734 0.0177307801 0.0040136176 0.0226401249 0.0121403854 0.0235422127 0.0080795709 0.0162682572 0.0131497856 0.0122285078 0.0142076705 0.0317662889 0.012594109 0.0276386909 0.0153176799 0.0164187449 0.0109201768 0.0084566401 0.0138404108 0.0121091305 0.0225579295 0.0173147826 0.0095406269 0.0093471487 0.0139332067 0.0132982195 0.0196366647 0.0298189303 0.0071430968 0.011936092 0.0184915134 0.023300721 0.0172071865 0.0045574464 0.0168644856 0.0074324257 0.0056200691 
16 0.014576398 0.0136485931 0.0191895931 0.0074819195 0.0223315002 0.0218998079 0.010719145 0.0239116198 0.0093772934 0.0129906309 0.0179347012 0.0244523789 0.0099733094 0.024009423 0.016413268 0.0237126286 0.0097412804 0.0095159004 0.0164320975 0.0140529087 0.0202094555 0.0126843873 0.0115050268 0.0020520283 0.0047085606 0.0057585503 0.0166361428 0.0124016308 0.0288092803 0.018667548 0.0178700409 0.0230709072 0.009348581 0.0159376166 0.0123304522 0.0120585795 0.013413014 0.0140693502 0.0095823341 0.0200355325 0.0233187512 0.0144202886 0.0171444409 0.0118355976 0.0128405409 0.0154485404 0.0255154451 0.0181587073 0.020679528 0.0289473898 0.0071630055 0.016018478 0.0036249761 0.0178042671 0.0200405644 0.0205563754 0.0195532025 0.014960261 0.0152900222 0.0092038553 0.0241585127 0.0115384804 0.0145898041 0.0136755497 
17 0.0131101503 0.0147171274 0.0172554934 0.0255044354 0.0270014963 0.0177406113 0.0111652979 0.0149283272 0.0052829644 0.0189229863 0.0131028352 0.0185430773 0.0053104597 0.0090919975 0.0201491933 0.0097412804 0.0302926812 0.0125223934 0.0110402833 0.0202379497 0.0200197727 0.0182377166 0.0139037839 0.0150542946 0.0147283941 0.0198881075 0.0141817135 0.0164668461 0.0125410418 0.0221384403 0.0183173025 0.0193845094 0.0183394391 0.0118855466 0.0169319841 0.0119118742 0.0128112336 0.0089164128 0.0255397933 0.0267200308 0.0129557296 0.0107776027 0.0112378301 0.0085027232 0.0110272655 0.0041584435 0.0058329522 0.0103747479 0.0053391963 0.0253576827 0.0314390895 0.0130438638 0.0232737911 0.0173359082 0.0181709194 0.0155885676 0.0031841897 0.0063977978 0.0171590203 0.0179495882 0.023204428 0.0186573781 0.0176873049 0.0177647011 
18 0.015051669 0.0069593863 0.0063537344 0.020071456 0.0104555647 0.0166504601 0.013223466 0.0123500023 0.01095083 0.0120952989 0.0125500427 0.0236451042 0.0238739995 0.0171804632 0.0290938381 0.0095159004 0.0125223934 0.0123912604 0.012027146 0.0122925619 0.0084761037 0.0086837132 0.0163413636 0.0205323934 0.0131257197 0.0178863839 0.0222096733 0.0151322171 0.0168086737 0.0231698843 0.016673878 0.0129240002 0.0142450786 0.0205284178 0.0139166573 0.0217042863 0.0170985735 0.0118370028 0.0121700909 0.0103776965 0.0167703592 0.015212748 0.0022037514 0.0172155333 0.0105436821 0.0152988867 0.0165000686 0.0432640923 0.006259692 0.0159073603 0.0145228709 0.0138418074 0.016685931 0.0186929086 0.0239346048 0.0044399331 0.0147054428 0.0091237729 0.030568027 0.010675891 0.0233935489 0.0198565435 0.0121347674 0.0251513915 
19 0.0164404555 0.0117635041 0.0088845682 0.0169088482 0.0134773119 0.025723485 0.0186459213 0.0201720862 0.0152554979 0.008422349 0.0102361904 0.023742276 0.021328718 0.006838519 0.0171250498 0.0164320975 0.0110402833 0.012027146 0.0161044756 0.0116842755 0.0187143568 0.0121900642 0.0238990695 0.0035148694 0.0159899197 0.0238665723 0.0131827654 0.0206178594 0.0103823657 0.0163048976 0.0115341343 0.0227591807 0.011199288 0.0067329419 0.0239270708 0.0217296002 0.0119525071 0.0179915286 0.0224158886 0.0172227231 0.0083342195 0.0184192739 0.0187652604 0.0132808018 0.0088697803 0.0107765954 0.0225317576 0.0089463064 0.0233120944 0.0176744193 0.0200531717 0.0179610009 0.0173481582 0.0132999697 0.01888453 0.0249136569 0.0031840512 0.0175973338 0.0188121295 0.0091668219 0.0028037004 0.0195005723 0.0183228212 0.0188609119 
20 0.0131397609 0.0215281745 0.0330657578 0.0083594163 0.0147899776 0.0077554822 0.0070968657 0.0178703107 0.0219940251 0.0250404354 0.0186868264 0.0213178883 0.0230210673 0.0146942219 0.0147611369 0.0140529087 0.0202379497 0.0122925619 0.0116842755 0.0110407866 0.0060198716 0.0090139852 0.0115651046 0.0111177097 0.0149690324 0.0111783528 0.0161589087 0.0157825605 0.0153999173 0.0107559749 0.0198230085 0.0176362282 0.0277204596 0.0270777455 0.012507376 0.0228218052 0.0184696903 0.009348293 0.0138096495 0.0221745557 0.0147803465 0.0136545123 0.0183103078 0.0215644902 0.0113173555 0.0252870384 0.0106328825 0.0156720954 0.0191108144 0.0129626093 0.0160444424 0.0052670411 0.0118640565 0.0093168671 0.0038594981 0.0208120019 0.0147335839 0.0079557124 0.0137321369 0.0144045028 0.0247814747 0.020310004 0.0116197952 0.0162263718 
21 0.0141053224 0.0 0.0199124013 0.0077513743 0.0086689967 0.0118948413 0.0183358877 0.0150488512 0.008705019 0.0131745536 0.0138626069 0.0146704023 0.0138197342 0.0179093018 0.0159946884 0.0202094555 0.0200197727 0.0084761037 0.0187143568 0.0060198716 0.0078869792 0.0312522344 0.0217663203 0.0317516902 0.025470802 0.0211050946 0.0135991073 0.0093937635 0.0178954453 0.0028729355 0.0251299199 0.0179164837 0.0097845973 0.0207371434 0.01421589 0.0192722318 0.0085136185 0.019083783 0.0203715058 0.010185558 0.0074665089 0.0256299345 0.0200822275 0.0196021005 0.0153944569 0.0136911747 0.0166740545 0.010445732 0.0033144503 0.0135453529 0.0145337043 0.0264667701 0.0140466767 0.0199762448 0.02226046 0.0167936436 0.010222062 0.0109679476 0.0174707837 0.0164437911 0.0149995183 0.0141833846 0.0177152958 0.0225750798 
22 0.0115073255 0.0163927318 0.0200623855 0.0141837884 0.0344192012 0.0174530622 0.0263372097 0.0294857962 0.0183674467 0.0194293196 0.0200962406 0.0217129381 0.009630952 0.0148351047 0.0144854904 0.0126843873 0.0182377166 0.0086837132 0.0121900642 0.0090139852 0.0312522344 0.0137226069 0.0094352265 0.0127396336 0.0186053227 0.0143558487 0.0093821618 0.0177868798 0.0098808485 0.0054228758 0.0048870955 0.0140524273 0.001986462 0.0112318506 0.020481525 0.0140706051 0.0200500713 0.0168066351 0.0183220501 0.025503698 0.0124639413 0.0241494737 0.0192926442 0.0191431824 0.0081241555 0.0105821175 0.0135567577 0.0068419441 0.0164566418 0.020795837 0.0194512806 0.0128968586 0.0166152436 0.0150509161 0.0153205818 0.0129925915 0.0129812815 0.0185159679 0.0100122191 0.0144245842 0.0228007049 0.0155365705 0.00925918 0.0135504067 
23 0.0129457737 0.0155225319 0.0257704943 0.0147285769 0.0037203758 0.0197055198 0.0251741118 0.0167914511 0.0078275185 0.0162188265 0.0211392836 0.0211458037 0.0256789964 0.0055362353 0.0107751034 0.0115050268 0.0139037839 0.0163413636 0.0238990695 0.0115651046 0.0217663203 0.0094352265 0.0112570261 0.0138761965 0.0080147018 0.0096903753 0.0244140552 0.021981506 0.0121211346 0.0209836706 0.0124022991 0.0085195716 0.0114961667 0.022167591 0.0107148248 0.0077464698 0.0103385641 0.0153461158 0.0264414374 0.0245723666 0.0217495483 0.0201748075 0.0143647854 0.0171708586 0.0144600046 0.0172536634 0.0152864192 0.0133824382 0.0068734626 0.0178403841 0.0128621798 0.0183271278 0.018714661 0.0088489402 0.0156801543 0.0246061791 0.0164213175 0.0119633017 0.0116907198 0.0134993646 0.0186866984 0.0066252348 0.0190306775 0.0213065011 
24 0.0268583089 0.0126123919 0.02125909 0.0113402395 0.0142427343 0.0118295667 0.0017622668 0.0109055574 0.0173439885 0.0151880022 0.014632678 0.0257454946 0.0123812979 0.0114779103 0.0251425306 0.0020520283 0.0150542946 0.0205323934 0.0035148694 0.0111177097 0.0317516902 0.0127396336 0.0138761965 0.0205438469 0.0224024442 0.0114424176 0.0177663049 0.0146528566 0.0184889271 0.0224610185 0.0148708302 0.0097073429 0.0236739309 0.0134062544 0.015171681 0.0064186438 0.0192461961 0.0134759182 0.021564112 0.0103212418 0.0184856339 0.0214680202 0.0198350091 0.0146948817 0.0149474844 0.0111115452 0.015431047 0.0170833769 0.0122835781 0.0205963308 0.0183176045 0.0165059842 0.0187303725 0.0115700641 0.0170376297 0.0132381194 0.0129244911 0.0256869795 0.0231363431 0.0056629842 0.0110757949 0.0137268026 0.0053417331 0.0221333494 
25 0.0155903171 0.0182604201 0.0114064745 0.0110571561 0.0400663402 0.0140794216 0.0138608825 0.01712936 0.0066508154 0.0125095435 0.0049352135 0.0082358427 0.0138328513 0.0133473229 0.0182759178 0.0047085606 0.0147283941 0.0131257197 0.0159899197 0.0149690324 0.025470802 0.0186053227 0.0080147018 0.0224024442 0.0099829641 0.0153695801 0.0313001297 0.0130740844 0.0107793574 0.0163157118 0.0135538279 0.0141312674 0.0156046776 0.0170014812 0.0150534231 0.0145341066 0.0050191208 0.0087466004 0.0136028959 0.0047158803 0.0094412321 0.0115555797 0.0110128601 0.0151069008 0.0180054294 0.0199401977 0.0225866475 0.0122704734 0.0191101885 0.0098011652 0.0253536687 0.017858949 0.0174254696 0.0361343104 0.0118539071 0.0094092615 0.018319149 0.0111835761 0.0217773212 0.0168375311 0.0215191753 0.0196466531 0.0237158286 0.0240966398 
26 0.0186290307 0.0107626571 0.0114559123 0.0151858516 0.012272439 0.0263602452 0.0176495087 0.0052616672 0.0244308585 0.0159538189 0.0200718301 0.0093256739 0.0155409538 0.013873972 0.0081058362 0.0057585503 0.0198881075 0.0178863839 0.0238665723 0.0111783528 0.0211050946 0.0143558487 0.0096903753 0.0114424176 0.0153695801 0.0088889915 0.0054761228 0.0159410526 0.0127073718 0.0213617838 0.0214786981 0.0186885836 0.0096643386 0.0068545329 0.0178853299 0.0185476702 0.016123831 0.0148675901 0.020361009 0.0108404383 0.0106490122 0.0102723818 0.0094752176 0.0170774699 0.0267132796 0.0160231366 0.0044824523 0.0157925387 0.0244452655 0.0086254414 0.0126673472 0.0199732463 0.0140711934 0.0215651927 0.0140267866 0.0304665297 0.0115377371 0.0095781604 0.022026394 0.0193671139 0.0209308059 0.0167760258 0.020563442 0.0277849467 
27 0.0163213496 0.0191862775 0.0074860185 0.0096123853 0.0221800847 0.0098698677 0.0121388485 0.0068699252 0.0203456119 0.0164612929 0.0153118302 0.021197611 0.0139380983 0.0218384226 0.0199452624 0.0166361428 0.0141817135 0.0222096733 0.0131827654 0.0161589087 0.0135991073 0.0093821618 0.0244140552 0.0177663049 0.0313001297 0.0054761228 0.0236203452 0.0105650762 0.0200911141 0.0168464244 0.0165192017 0.0138792488 0.0172513202 0.0125054666 0.0046895795 0.015276913 0.0192427761 0.0216234267 0.0103764756 0.0136954501 0.0174719376 0.0109970263 0.019642226 0.0060955091 0.0223916418 0.0090478794 0.0255001428 0.0073682375 0.0115518949 0.0262563433 0.0142460189 0.0355063881 0.0207927512 0.0034701339 0.0081866972 0.0168792201 0.015368023 0.0152912286 0.0145198218 0.0173267256 0.0157607259 0.0109464212 0.009510016 0.0126801999 
28 0.0149862726 0.0149981923 0.0222601496 0.0284388994 0.0127000281 0.0240943391 0.0118337973 0.016102761 0.0225904217 0.0073789865 0.0205206748 0.0147742077 0.0182597332 0.014826016 0.0326872734 0.0124016308 0.0164668461 0.0151322171 0.0206178594 0.0157825605 0.0093937635 0.0177868798 0.021981506 0.0146528566 0.0130740844 0.0159410526 0.0105650762 0.0128197954 0.0125149402 0.0232915861 0.0095796462 0.0252663764 0.009693317 0.0185687545 0.01495325 0.0172835013 0.0152032441 0.0193440284 0.0092260587 0.0158940463 0.0224475867 0.0036890736 0.021077732 0.004261896 0.0116532889 0.0205059744 0.0093531227 0.0092351463 0.0088030056 0.0120465317 0.0308329874 0.0145247941 0.0211052003 0.0232245822 0.0069852287 0.013165636 0.0172086632 0.0123068736 0.0109260853 0.0097845792 0.0073645695 0.0212187167 0.0171880003 0.0072040956 
29 0.0246058778 0.0135827065 0.0202944482 0.0199696755 0.026393123 0.0087545445 0.0106173593 0.0238917235 0.0075331213 0.0187957127 0.0126639803 0.0169440434 0.0076316838 0.035700405 0.0177307801 0.0288092803 0.0125410418 0.0168086737 0.0103823657 0.0153999173 0.0178954453 0.0098808485 0.0121211346 0.0184889271 0.0107793574 0.0127073718 0.0200911141 0.0125149402 0.0225825088 0.011945888 0.0078743131 0.0076772503 0.0109328836 0.0101131545 0.0195703607 0.0139103884 0.0140721487 0.010815144 0.0166258158 0.0102336168 0.0195378159 0.0307384211 0.0155387475 0.0130912333 0.015644339 0.0106941416 0.0126006866 0.0202403481 0.0168355246 0.010505182 0.0148481839 0.0145806293 0.0161318108 0.0169776293 0.0185978105 0.0157530599 0.0108115766 0.0140568859 0.0094081016 0.0093477816 0.0104331791 0.0157419572 0.0287471957 0.0192546836 
30 0.0077943746 0.013113328 0.0110927882 0.0152376333 0.0085679871 0.0124271532 0.0160808547 0.0179130298 0.0168662878 0.0024451149 0.0185958926 0.0165146334 0.0222153976 0.0099841762 0.0040136176 0.018667548 0.0221384403 0.0231698843 0.0163048976 0.0107559749 0.0028729355 0.0054228758 0.0209836706 0.0224610185 0.0163157118 0.0213617838 0.0168464244 0.0232915861 0.011945888 0.0204816407 0.0126853543 0.0162483773 0.0198802948 0.0182843583 0.0077108307 0.0257103639 0.0109561318 0.0100465695 0.007675022 0.0254164074 0.0096617266 0.0126386067 0.0211520881 0.0130120048 0.0195832629 0.0126401571 0.0127886553 0.0103541265 0.0234189365 0.0192035676 0.0183241007 0.026424718 0.0127590647 0.0192816876 0.0178613359 0.0098209405 0.0229412596 0.0172249766 0.0154242704 0.0146446155 0.0241419768 0.0111567272 0.0194012159 0.0156437196 
31 0.0112714943 0.0133216784 0.0242618338 0.0138913517 0.0094847383 0.0200386716 0.0280615872 0.0230090483 0.0178814749 0.0152288281 0.0157587909 0.0153862379 0.0108424672 0.0216224634 0.0226401249 0.0178700409 0.0183173025 0.016673878 0.0115341343 0.0198230085 0.0251299199 0.0048870955 0.0124022991 0.0148708302 0.0135538279 0.0214786981 0.0165192017 0.0095796462 0.0078743131 0.0126853543 0.0068419267 0.0050015997 0.0145495826 0.0208431586 0.0133934719 0.0091199655 0.0237121367 0.0115876935 0.0154160765 0.013737946 0.0048011079 0.011946489 0.0212206734 0.0129310573 0.0095239342 0.0180890297 0.0263149487 0.0135166699 0.0199500332 0.0234341718 0.0182020784 0.0128526415 0.0126136501 0.0089462398 0.0188456104 0.015210225 0.0161020857 0.0125546563 0.0237550848 0.0189817296 0.0129769864 0.0169030865 0.0117897722 0.0184341398 
32 0.0175170049 0.021431176 0.0121544057 0.0101241362 0.0157485043 0.0138433202 0.0131184313 0.0061609437 0.0133839996 0.0137397047 0.0289085573 0.007340942 0.0072068863 0.0142098544 0.0121403854 0.0230709072 0.0193845094 0.0129240002 0.0227591807 0.0176362282 0.0179164837 0.0140524273 0.0085195716 0.0097073429 0.0141312674 0.0186885836 0.0138792488 0.0252663764 0.0076772503 0.0162483773 0.0050015997 0.0127202532 0.0191789214 0.0127804522 0.0169855675 0.0237126294 0.0217736805 0.0149918167 0.0153479633 0.0080027189 0.020001581 0.0163984682 0.0135818967 0.0219425039 0.0153653022 0.0176232224 0.0253302715 0.0209769798 0.0210638399 0.0152487276 0.0151817411 0.0226110124 0.0146388642 0.0133336216 0.0130659624 0.0131439667 0.013981859 0.0210192968 0.0158914045 0.0239635179 0.0068938888 0.0151730195 0.0084332322 0.01575021 
33 0.0134207475 0.0266723052 0.0139078496 0.0150386014 0.0054727115 0.0164794788 0.0157882493 0.0144547874 0.0100988745 0.0142222201 0.0159843527 0.0198333991 0.0166248129 0.0298039102 0.0235422127 0.009348581 0.0183394391 0.0142450786 0.011199288 0.0277204596 0.0097845973 0.001986462 0.0114961667 0.0236739309 0.0156046776 0.0096643386 0.0172513202 0.009693317 0.0109328836 0.0198802948 0.0145495826 0.0191789214 0.0220816469 0.0116011911 0.0039715447 0.0134168145 0.0241678385 0.0057561595 0.0286122306 0.0175436857 0.0171017934 0.011389462 0.017083512 0.0118158774 0.0154675293 0.0116931617 0.0160889723 0.027314742 0.0155068453 0.0154345403 0.0194190877 0.0177678126 0.0077886434 0.0180380008 0.0139508498 0.0261760009 0.0158567566 0.0071371666 0.0114281383 0.0218635986 0.0082592101 0.0188399513 0.009632939 0.0219004451 
34 0.0142734304 0.0181456096 0.0091043323 0.0143445945 0.016607752 0.018382242 0.0203525721 0.0172563426 0.0140601014 0.0151079464 0.0078146249 0.012339543 0.0165761056 0.0163680273 0.0080795709 0.0159376166 0.0118855466 0.0205284178 0.0067329419 0.0270777455 0.0207371434 0.0112318506 0.022167591 0.0134062544 0.0170014812 0.0068545329 0.0125054666 0.0185687545 0.0101131545 0.0182843583 0.0208431586 0.0127804522 0.0116011911 0.0312841856 0.013265261 0.0144882806 0.0 0.0135170811 0.0142402219 0.0267352163 0.022101978 0.0128782088 0.0136841285 0.016146942 0.0153940517 0.0124653714 0.018191191 0.0243552014 0.0043042267 0.0156227474 0.0173675315 0.0061166606 0.0139306036 0.0254363342 0.0149065981 0.0121112612 0.0165130898 0.0166659441 0.0129484709 0.0268972977 0.0170893504 0.0094414783 0.0229530543 0.0218775794 
35 0.012941294 0.0194021271 0.0140328333 0.0257694954 0.0187367686 0.016519806 0.0132025197 0.0124081698 0.0183824254 0.0077481581 0.0148781317 0.0141598791 0.0173675329 0.0163664545 0.0162682572 0.0123304522 0.0169319841 0.0139166573 0.0239270708 0.012507376 0.01421589 0.020481525 0.0107148248 0.015171681 0.0150534231 0.0178853299 0.0046895795 0.01495325 0.0195703607 0.0077108307 0.0133934719 0.0169855675 0.0039715447 0.013265261 0.0006432563 0.0073533748 0.0171029305 0.0156888991 0.0119534515 0.005608202 0.0207121601 0.0159607381 0.016586153 0.0194129135 0.0161204515 0.0249032632 0.0193482553 0.0262144115 0.0236567589 0.0142445232 0.0161810231 0.0136394481 0.016406328 0.0255218829 0.0230923235 0.0172901289 0.0176158988 0.0110567359 0.0160423013 0.0141554407 0.0221371052 0.0221888061 0.0103562304 0.0129466719 
36 0.0117923806 0.0217225997 0.012012797 0.0110206743 0.0091734564 0.0086968668 0.0238665189 0.0142922123 0.0135999872 0.0163286309 0.0041367264 0.0063495579 0.0139733666 0.0098158367 0.0131497856 0.0120585795 0.0119118742 0.0217042863 0.0217296002 0.0228218052 0.0192722318 0.0140706051 0.0077464698 0.0064186438 0.0145341066 0.0185476702 0.015276913 0.0172835013 0.0139103884 0.0257103639 0.0091199655 0.0237126294 0.0134168145 0.0144882806 0.0073533748 0.006979829 0.0129888438 0.0088502651 0.0123437828 0.0118128703 0.0267828998 0.0126238884 0.0141796531 0.0261113813 0.0213838484 0.024286304 0.0218590961 0.0151578619 0.0213784792 0.0385715785 0.0169117321 0.0129152083 0.0144434682 0.0278972089 0.0143900243 0.0168633855 0.0161055171 0.0199791552 0.0193458435 0.0205236682 0.0110833736 0.0088910695 0.0141497971 0.0101704654 
37 0.0175707744 0.0161317311 0.0167132239 0.0116752559 0.0166457817 0.0106413267 0.0077010819 0.010152841 0.0241618552 0.0202649897 0.0205225209 0.020211843 0.0198120327 0.0208196 0.0122285078 0.013413014 0.0128112336 0.0170985735 0.0119525071 0.0184696903 0.0085136185 0.0200500713 0.0103385641 0.0192461961 0.0050191208 0.016123831 0.0192427761 0.0152032441 0.0140721487 0.0109561318 0.0237121367 0.0217736805 0.0241678385 0.0 0.0171029305 0.0129888438 0.0139487926 0.0070553071 0.024807014 0.0113535511 0.0071204765 0.0091477121 0.0110357955 0.0141125809 0.02911383 0.0213723002 0.0228164515 0.010229456 0.0130672864 0.0091980304 0.0198665212 0.0125854546 0.0133279955 0.007375505 0.0176444202 0.0090196236 0.0201084712 0.0239288804 0.0164257267 0.0086787159 0.027007441 0.0292794094 0.0113790819 0.0214846522 
38 0.0154994298 0.0148898183 0.0122468106 0.0251857013 0.0121707138 0.0143823631 0.0183180375 0.0110449167 0.015755788 0.0070198249 0.0089558622 0.0314511628 0.0137830797 0.0158604447 0.0142076705 0.0140693502 0.0089164128 0.0118370028 0.0179915286 0.009348293 0.019083783 0.0168066351 0.0153461158 0.0134759182 0.0087466004 0.0148675901 0.0216234267 0.0193440284 0.010815144 0.0100465695 0.0115876935 0.0149918167 0.0057561595 0.0135170811 0.0156888991 0.0088502651 0.0070553071 0.019518189 0.0148353635 0.0208749653 0.0072851066 0.0256010853 0.0206118357 0.0240051982 0.0182961547 0.0182768122 0.0237046116 0.0200471401 0.0407542544 0.0154855495 0.0133082827 0.0167673522 0.0134358895 0.0177738435 0.0321228987 0.0099127558 0.0141907915 0.0079727963 0.0255117219 0.005050682 0.0186432392 0.0139293898 0.0121999733 0.0093468732 
39 0.0075600249 0.023970688 0.0115140683 0.0222108168 0.008078108 0.0112998389 0.0128801807 0.0136849618 0.0287575653 0.0109838944 0.0115996688 0.0158348747 0.0201032822 0.0095089059 0.0317662889 0.0095823341 0.0255397933 0.0121700909 0.0224158886 0.0138096495 0.0203715058 0.0183220501 0.0264414374 0.021564112 0.0136028959 0.020361009 0.0103764756 0.0092260587 0.0166258158 0.007675022 0.0154160765 0.0153479633 0.0286122306 0.0142402219 0.0119534515 0.0123437828 0.024807014 0.0148353635 0.0105344523 0.0145876221 0.0082117369 0.0112227493 0.0161557886 0.0192203504 0.0162221686 0.0141437917 0.0211487008 0.0208398613 0.0113752831 0.0121707847 0.0076186481 0.015644542 0.0123718293 0.0072041608 0.0108109025 0.0173980913 0.0182545631 0.0154501233 0.0040206027 0.0148015033 0.0180251783 0.0198851232 0.0172356178 0.0200524134 
40 0.0124272672 0.0247252983 0.0150648651 0.0060376854 0.0220502823 0.0145600651 0.0143705312 0.0104538355 0.0192131431 0.0122113881 0.0131813286 0.0155407683 0.0142624728 0.0061294359 0.012594109 0.0200355325 0.0267200308 0.0103776965 0.0172227231 0.0221745557 0.010185558 0.025503698 0.0245723666 0.0103212418 0.0047158803 0.0108404383 0.0136954501 0.0158940463 0.0102336168 0.0254164074 0.013737946 0.0080027189 0.0175436857 0.0267352163 0.005608202 0.0118128703 0.0113535511 0.0208749653 0.0145876221 0.0117363877 0.0183439782 0.0121702473 0.0117449736 0.0159439596 0.0169025939 0.0223812042 0.0093799109 0.0224857261 0.0168056083 0.0181896743 0.0188653783 0.0141171795 0.0091743277 0.0169736476 0.010468909 0.0101185876 0.018474616 0.0293058145 0.0140988486 0.0321123171 0.0153068491 0.0152033181 0.0145964427 0.0141110043 
41 0.0150826375 0.0095488262 0.0224617463 0.0052099619 0.01313609 0.0182080965 0.0166302754 0.0098418327 0.005488946 0.0145895769 0.0172402232 0.0274804885 0.0159060822 0.0331944203 0.0276386909 0.0233187512 0.0129557296 0.0167703592 0.0083342195 0.0147803465 0.0074665089 0.0124639413 0.0217495483 0.0184856339 0.0094412321 0.0106490122 0.0174719376 0.0224475867 0.0195378159 0.0096617266 0.0048011079 0.020001581 0.0171017934 0.022101978 0.0207121601 0.0267828998 0.0071204765 0.0072851066 0.0082117369 0.0183439782 0.0103314176 0.0149591636 0.0166182795 0.0115856676 0.0127876699 0.0265431634 0.0095771447 0.0264632546 0.0118198673 0.0132880099 0.0143513818 0.0135964498 0.0148393446 0.0173495862 0.01378775 0.017930418 0.0125249295 0.0260375918 0.0067386688 0.0170556437 0.0113073917 0.0084138309 0.0253315238 0.0171067889 
42 0.0095806276 0.0215884084 0.0170601524 0.0146520653 0.0254569471 0.0150354544 0.0129829984 0.0126955377 0.0204810663 0.013119846 0.022041549 0.011288008 0.0191291509 0.0158142199 0.0153176799 0.0144202886 0.0107776027 0.015212748 0.0184192739 0.0136545123 0.0256299345 0.0241494737 0.0201748075 0.0214680202 0.0115555797 0.0102723818 0.0109970263 0.0036890736 0.0307384211 0.0126386067 0.011946489 0.0163984682 0.011389462 0.0128782088 0.0159607381 0.0126238884 0.0091477121 0.0256010853 0.0112227493 0.0121702473 0.0149591636 0.0026456445 0.0214653917 0.0077582042 0.0082468455 0.017266628 0.0208049054 0.0092757355 0.0109101593 0.0216318759 0.0253754371 0.0191346481 0.019018904 0.0167122703 0.0115403056 0.015096449 0.0159044491 0.0185475233 0.0141481842 0.0187227082 0.0129983423 0.0186045147 0.0089061462 0.0209450542 
43 0.0243789814 0.0175243183 0.0187883254 0.0100023723 0.0169892675 0.0174891803 0.0122882611 0.0177783221 0.020152841 0.0151027123 0.0134999806 0.0132316522 0.01287361 0.0142367892 0.0164187449 0.0171444409 0.0112378301 0.0022037514 0.0187652604 0.0183103078 0.0200822275 0.0192926442 0.0143647854 0.0198350091 0.0110128601 0.0094752176 0.019642226 0.021077732 0.0155387475 0.0211520881 0.0212206734 0.0135818967 0.017083512 0.0136841285 0.016586153 0.0141796531 0.0110357955 0.0206118357 0.0161557886 0.0117449736 0.0166182795 0.0214653917 0.0150439003 0.0223282875 0.0157683333 0.0163315586 0.0225616168 0.0115349171 0.008376051 0.0057245989 0.0149414668 0.0107183753 0.0144467751 0.0105329881 0.0118181441 0.0178128721 0.0178962466 0.0128247415 0.0145438997 0.0144840469 0.0170001835 0.0128077396 0.0141475003 0.0244971889 
44 0.0104134618 0.0213205473 0.0112882938 0.0203435083 0.0103002346 0.0184359257 0.0148990144 0.007821835 0.0210964668 0.0164763727 0.0178751804 0.0049979945 0.0104898318 0.0292979639 0.0109201768 0.0118355976 0.0085027232 0.0172155333 0.0132808018 0.0215644902 0.0196021005 0.0191431824 0.0171708586 0.0146948817 0.0151069008 0.0170774699 0.0060955091 0.004261896 0.0130912333 0.0130120048 0.0129310573 0.0219425039 0.0118158774 0.016146942 0.0194129135 0.0261113813 0.0141125809 0.0240051982 0.0192203504 0.0159439596 0.0115856676 0.0077582042 0.0223282875 0.0082292288 0.0100942008 0.0081233161 0.0150788681 0.0205327237 0.0220008766 0.0106412715 0.0140992626 0.0116292195 0.018473031 0.0061699075 0.0163003066 0.0161448626 0.0159668149 0.0300141816 0.0145053273 0.0191210691 0.0192197427 0.0251870419 0.0236331742 0.0138886579 
45 0.0210814387 0.0145043786 0.0217073745 0.0087337544 0.0217902509 0.0099918548 0.0180951771 0.0338365203 0.0155461011 0.01001155 0.0124393844 0.0135129449 0.0218449943 0.0092270591 0.0084566401 0.0128405409 0.0110272655 0.0105436821 0.0088697803 0.0113173555 0.0153944569 0.0081241555 0.0144600046 0.0149474844 0.0180054294 0.0267132796 0.0223916418 0.0116532889 0.015644339 0.0195832629 0.0095239342 0.0153653022 0.0154675293 0.0153940517 0.0161204515 0.0213838484 0.02911383 0.0182961547 0.0162221686 0.0169025939 0.0127876699 0.0082468455 0.0157683333 0.0100942008 0.0361234458 0.0112381675 0.0100697502 0.008238255 0.0167125561 0.0068407967 0.0117092787 0.0262006313 0.014399072 0.0081124834 0.0118862082 0.0142222627 0.0266456816 0.0163010609 0.0176986276 0.0181336959 0.0198520708 0.0135593227 0.0109064777 0.0181678508 
46 0.0166506086 0.0281304253 0.0103310454 0.0114187851 0.017407009 0.0147346718 0.0224308459 0.0068294246 0.0206127401 0.0169237814 0.0117919097 0.0296882277 0.0100528879 0.0265360911 0.0138404108 0.0154485404 0.0041584435 0.0152988867 0.0107765954 0.0252870384 0.0136911747 0.0105821175 0.0172536634 0.0111115452 0.0199401977 0.0160231366 0.0090478794 0.0205059744 0.0106941416 0.0126401571 0.0180890297 0.0176232224 0.0116931617 0.0124653714 0.0249032632 0.024286304 0.0213723002 0.0182768122 0.0141437917 0.0223812042 0.0265431634 0.017266628 0.0163315586 0.0081233161 0.0112381675 0.0244371308 0.0071351794 0.020491431 0.0120315029 0.0146329185 0.0215711928 0.0088538567 0.0172889117 0.0241487401 0.0124751138 0.0118943179 0.0077852347 0.009820357 0.0150179473 0.0167851656 0.0133468124 0.0107936816 0.0124022102 0.0045126451 
47 0.0096737376 0.0199960568 0.0255227951 0.0088467341 0.0051461641 0.0030545905 0.0074668534 0.0171313169 0.023895373 0.0209066447 0.0202850212 0.0204593922 0.0175649377 0.0132282673 0.0121091305 0.0255154451 0.0058329522 0.0165000686 0.0225317576 0.0106328825 0.0166740545 0.0135567577 0.0152864192 0.015431047 0.0225866475 0.0044824523 0.0255001428 0.0093531227 0.0126006866 0.0127886553 0.0263149487 0.0253302715 0.0160889723 0.018191191 0.0193482553 0.0218590961 0.0228164515 0.0237046116 0.0211487008 0.0093799109 0.0095771447 0.0208049054 0.0225616168 0.0150788681 0.0100697502 0.0071351794 0.0074583254 0.0049141826 0.0178625348 0.0254435274 0.0119181118 0.0222969853 0.0317575033 0.0143577749 0.0030198598 0.0202795372 0.0150927036 0.0027743251 0.0161889893 0.0044117791 0.0165767888 0.0119496001 0.0230227307 0.0067047597 
48 0.0191719648 0.0085176216 0.0140148702 0.0034585405 0.0215837925 0.0241040151 0.0243908296 0.0150947329 0.0043288386 0.0120824401 0.0108186943 0.0096998284 0.016806514 0.0222790118 0.0225579295 0.0181587073 0.0103747479 0.0432640923 0.0089463064 0.0156720954 0.010445732 0.0068419441 0.0133824382 0.0170833769 0.0122704734 0.0157925387 0.0073682375 0.0092351463 0.0202403481 0.0103541265 0.0135166699 0.0209769798 0.027314742 0.0243552014 0.0262144115 0.0151578619 0.010229456 0.0200471401 0.0208398613 0.0224857261 0.0264632546 0.0092757355 0.0115349171 0.0205327237 0.008238255 0.020491431 0.0049141826 0.0038517997 0.01120271 0.009868071 0.0201399969 0.0158882308 0.0146559676 0.018876356 0.0058288846 0.0225142572 0.0204924634 0.0164975491 0.0184756689 0.0104109827 0.0204340676 0.0104683313 0.0087086182 0.0207575605 
