15
1 0.0 0.0688154043 0.0680870031 0.0862659605 0.0988554325 0.0594662073 0.1067588003 0.0344108507 0.0538476603 0.0647340741 0.0715877416 0.0521794723 0.0914977285 0.0704967741 0.0729968906
2 0.0688154043 0.0 0.0527040825 0.0808756806 0.1239128529 0.107764134 0.0477629413 0.0751448363 0.0079316579 0.0643786371 0.0655047116 0.1054029461 0.0451795622 0.1045031759 0.0501193777
3 0.0680870031 0.0527040825 0.0 0.0591889918 0.0973190908 0.1147671241 0.0294202799 0.0740489555 0.086539276 0.0219725017 0.0464960343 0.0479092627 0.0620882082 0.1389167305 0.1005424589
4 0.0862659605 0.0808756806 0.0591889918 0.0 0.0251806985 0.0924437945 0.0726366209 0.1084764933 0.0674942517 0.0621302338 0.0755300538 0.0380381391 0.0776009449 0.0717841211 0.0823540151
5 0.0988554325 0.1239128529 0.0973190908 0.0251806985 0.0 0.0401150461 0.0278466209 0.0914553542 0.0786503337 0.1249000279 0.1035726519 0.0482175661 0.0581727709 0.0351372035 0.0466643498
6 0.0594662073 0.107764134 0.1147671241 0.0924437945 0.0401150461 0.0 0.0592959327 0.057262808 0.0899555609 0.0562839804 0.1044271199 0.0522474938 0.0629944816 0.038199755 0.0647765615
7 0.1067588003 0.0477629413 0.0294202799 0.0726366209 0.0278466209 0.0592959327 0.0 0.1053572455 0.0793538113 0.0762660763 0.0733952087 0.0903736471 0.1018725432 0.1008908312 0.0287694406
8 0.0344108507 0.0751448363 0.0740489555 0.1084764933 0.0914553542 0.057262808 0.1053572455 0.0 0.0657807615 0.0498763688 0.0679011047 0.0798727418 0.0460803896 0.0841292488 0.0602028412
9 0.0538476603 0.0079316579 0.086539276 0.0674942517 0.0786503337 0.0899555609 0.0793538113 0.0657807615 0.0 0.098909522 0.0416404734 0.1158110686 0.0870923054 0.0504335551 0.0765597623
10 0.0647340741 0.0643786371 0.0219725017 0.0621302338 0.1249000279 0.0562839804 0.0762660763 0.0498763688 0.098909522 0.0 0.1093629205 0.11788033 0.0761324373 0.0168700686 0.0603028216
11 0.0715877416 0.0655047116 0.0464960343 0.0755300538 0.1035726519 0.1044271199 0.0733952087 0.0679011047 0.0416404734 0.1093629205 0.0 0.0265906051 0.0696350955 0.0720731266 0.0722831525
12 0.0521794723 0.1054029461 0.0479092627 0.0380381391 0.0482175661 0.0522474938 0.0903736471 0.0798727418 0.1158110686 0.11788033 0.0265906051 0.0 0.0833039222 0.0276902084 0.1144825964
13 0.0914977285 0.0451795622 0.0620882082 0.0776009449 0.0581727709 0.0629944816 0.1018725432 0.0460803896 0.0870923054 0.0761324373 0.0696350955 0.0833039222 0.0 0.0786395399 0.0597100707
14 0.0704967741 0.1045031759 0.1389167305 0.0717841211 0.0351372035 0.038199755 0.1008908312 0.0841292488 0.0504335551 0.0168700686 0.0720731266 0.0276902084 0.0786395399 0.0 0.1102356611
15 0.0729968906 0.0501193777 0.1005424589 0.0823540151 0.0466643498 0.0647765615 0.0287694406 0.0602028412 0.0765597623 0.0603028216 0.0722831525 0.1144825964 0.0597100707 0.1102356611 0.0
