128
1 0.0033758496 0.0030084874 0.0069830914 0.0070434654 0.011972322 0.0069602872 0.0093983141 0.0073816399 0.0111675474 0.0077192552 0.0071516645 0.0058085472 0.0082192293 0.0093474134 0.0025505466 0.0061070238 0.0079830499 0.0076005309 0.0074827782 0.0061038265 0.0048928618 0.0061588528 0.0107896819 0.0137046397 0.0093175762 0.0064613618 0.014812031 0.0061431941 0.0074911968 0.0112265092 0.0047857219 0.0095607724 0.0127342605 0.0095083686 0.0097674145 0.0055965919 0.0101619878 0.0065443083 0.007426068 0.0049868315 0.0085569304 0.0063389463 0.0092305619 0.0086675759 0.0114781977 0.0085635239 0.0080907306 0.0152637854 0.0095129678 0.0081984444 0.0137649122 0.0081590643 0.0062210676 0.0102453183 0.0055345919 0.0071330421 0.0082605399 0.003387075 0.0055415057 0.0099322265 0.0092724816 0.0111051884 0.0055086467 0.0031494654 0.0054890079 0.0109768057 0.0058513851 0.0068641775 0.004142994 0.00433473 0.0087721596 0.0042095183 0.0020476111 0.0055344626 0.0092838564 0.0080073073 0.0050979551 0.0040426232 0.0080816836 0.0114836746 0.0104917027 0.0097029002 0.0032304438 0.0079670897 0.0062251151 0.0086056453 0.0092222419 0.0105012053 0.0056533751 0.0062921145 0.0100001077 0.0080345587 0.0040843198 0.003051276 0.0054042196 0.0114758694 0.0027055801 0.0092602434 0.0063749567 0.0083368567 0.007873844 0.008873587 0.0093221818 0.0013480565 0.0044850195 0.0083242773 0.0118751416 0.0039446895 0.0123123477 0.0115642453 0.005860221 0.00703217 0.007983209 0.0108181044 0.010008925 0.0082894737 0.0054797967 0.0111524024 0.010746479 0.0058838966 0.0047117421 0.0074138089 0.0101294104 0.0104662355 0.0062758826 0.0098833443 0.00777464 0.0127752042 
2 0.0030084874 0.014493968 0.0087709314 0.0072953308 0.007435088 0.0095499313 0.0094790634 0.0093230773 0.0075220583 0.0082216021 0.0034262835 0.0119898431 0.0119021964 0.0125335496 0.0072608507 0.0071657283 0.0110915363 0.0079751112 0.0058492124 0.0091909033 0.0055714824 0.0086343743 0.0035391385 0.0058950961 0.0023440953 0.0094048089 0.0058466128 0.0048499282 0.0064938981 0.0084954495 0.0062242474 0.0038888044 0.0132946651 0.0056912789 0.0094621888 0.005515653 0.0091730817 0.0038425568 0.0090796641 0.0125559867 0.004127735 0.0078307628 0.0100598255 0.0070228512 0.0042027012 0.0147470704 0.0166231146 0.0065148802 0.0085967133 0.0117924929 0.0107662487 0.0073654062 0.006846581 0.0055467228 0.0020877568 0.0109576067 0.0073883594 0.0141889532 0.0075975338 0.0090106862 0.0048114549 0.0083273105 0.0093884189 0.0043611707 0.0068033306 0.010580245 0.0041260237 0.0109157657 0.0069451247 0.0091019048 0.0077053353 0.0076951812 0.0083574698 0.005961669 0.0056166715 0.0032476942 0.0141287596 0.0076593871 0.0093806541 0.0066108792 0.0108181626 0.0071073228 0.0092739972 0.0087462599 0.00665383 0.0089338364 0.0079211148 0.003396159 0.008101566 0.0108078446 0.0047623554 0.0042494009 0.0113073179 0.0055779587 0.0070842719 0.0078347999 0.0087446501 0.002259551 0.0076261317 0.0076712502 0.0077982445 0.0133205752 0.0036360478 0.006363168 0.005988847 0.0106292282 0.011566682 0.002308232 0.0090865963 0.0067884044 0.0060864239 0.0098445066 0.0081116038 0.0050348178 0.0042228642 0.0069675055 0.0076700986 0.0066782438 0.0044534487 0.0041182834 0.0085445087 0.0112644876 0.0081248711 0.0087577192 0.0063974457 0.0069459663 0.0132307952 0.0088963875 
3 0.0069830914 0.0087709314 0.005729307 0.0069055067 0.0048228168 0.0088650088 0.0107194658 0.0036159623 0.0059964768 0.0044588543 0.0099397346 0.0038183192 0.0085314045 0.0050974013 0.0103720946 0.0102953467 0.0109090307 0.0137345363 0.0028925349 0.0072425143 0.0056772649 0.0086304691 0.0080820167 0.0087049224 0.008810327 0.0081471638 0.0040535986 0.0092398812 0.016415823 0.0077240971 0.0070606203 0.0021462036 0.0031481434 0.0056979318 0.0097340234 0.0051222082 0.0067538638 0.0106330831 0.0044811795 0.0066230081 0.0046891303 0.0090365344 0.0090116378 0.0114280283 0.0036904865 0.0044389509 0.0058217719 0.0124935021 0.0091632065 0.0069539481 0.0118464194 0.0106724068 0.0057577631 0.0076875074 0.0076676342 0.0073957069 0.0045145634 0.0062568782 0.0113084074 0.0037062295 0.0075362229 0.0063980103 0.0112315905 0.010873419 0.0047906995 0.0100046695 0.007477132 0.0077328292 0.0044799885 0.0080208537 0.0084367381 0.0091589665 0.0030898436 0.0061226716 0.011709252 0.0060871038 0.0103159713 0.00415224 0.0113738828 0.0059810443 0.0063889325 0.0116883667 0.0072362704 0.0075985163 0.0056112265 0.0048707767 0.0098657756 0.0071086509 0.0060491629 0.0064375182 0.0079759621 0.0090405873 0.0064155307 0.0088263928 0.0054065449 0.0108294723 0.0105358058 0.0070839972 0.009223049 0.012024681 0.0049829242 0.0078386042 0.0125826617 0.0079556648 0.0121983929 0.0059307092 0.0065142658 0.0125196846 0.0037920011 0.0089734025 0.0089888518 0.0058143923 0.0127350456 0.0037537753 0.0111793774 0.0104793909 0.0018354655 0.0128627595 0.0133667133 0.0053444815 0.0095090979 0.0078348081 0.0114756777 0.0093103085 0.0054877912 0.0059395374 0.0055918061 0.0098851799 
4 0.0070434654 0.0072953308 0.0069055067 0.0094866266 0.0100646043 0.007107082 0.0066116378 0.0044461425 0.0072751949 0.0120561324 0.0067797773 0.0079325147 0.0044058725 0.0111681993 0.0106390866 0.0044015561 0.0056408126 0.0061360749 0.0042717624 0.004016402 0.0048966112 0.0044911943 0.004499696 0.0068148794 0.0082282547 0.0057128463 0.0097334508 0.0087879568 0.0105439965 0.0072887812 0.0078332861 0.0053785496 0.0047094894 0.0128234554 0.0080067771 0.0058679119 0.0101524564 0.008470845 0.0102968099 0.0087195941 0.0058345142 0.0078877133 0.0111734631 0.0099721696 0.0106384059 0.0066826286 0.0050572316 0.0071339448 0.0087541403 0.0098859868 0.0083928903 0.0051566999 0.0098648588 0.0129913712 0.0127354596 0.0083430686 0.0120617025 0.0075944476 0.0068697413 0.0079915818 0.0061483374 0.003021172 0.0087204734 0.0058461092 0.0100435688 0.0040055126 0.0077032826 0.0087157851 0.0099280535 0.012707591 0.0118572405 0.0094006835 0.0075097153 0.0083827489 0.0120905907 0.007685685 0.006149852 0.0074151117 0.011334727 0.0071263545 0.0072554645 0.0059304899 0.009671012 0.0060902461 0.0101812026 0.0061680467 0.0099473991 0.00444946 0.0097045654 0.0115257367 0.0058173327 0.0127329617 0.0064179055 0.0061257751 0.0027900422 0.005139446 0.0054904916 0.0102118462 0.0048466798 0.0109948502 0.0083144326 0.0063568304 0.0068625455 0.0075257241 0.011036168 0.0075790729 0.0094938857 0.003179922 0.0060309242 0.0078527033 0.0101860669 0.0059328573 0.0105761874 0.0066642166 0.0047525738 0.0110853918 0.010085538 0.0062155027 0.0046850809 0.008593231 0.0037799929 0.0072104959 0.0024439187 0.011054042 0.0101547725 0.0074809537 0.0076387515 0.0079820254 
5 0.011972322 0.007435088 0.0048228168 0.0100646043 0.0113651468 0.0094804551 0.005649286 0.0108386481 0.0094880942 0.0039567567 0.0139920897 0.0057883233 0.0028137058 0.0064029575 0.0041744177 0.0058821616 0.0040376657 0.0104692082 0.0072161851 0.0049407975 0.004753852 0.0072336887 0.0098068191 0.0101070132 0.005694611 0.0033229107 0.0034676319 0.0019210138 0.0039256784 0.0083401842 0.0053267269 0.0104289462 0.0108560322 0.0066791962 0.0055538516 0.0065265623 0.0056725282 0.0076750718 0.0068280236 0.0061192484 0.0049480964 0.0040261504 0.0089150531 0.0044690597 0.007527049 0.0032099635 0.0033209507 0.0066055313 0.0050987477 0.014351811 0.0139596298 0.0076194741 0.0073666044 0.0104932893 0.0070533809 0.004637559 0.0130441262 0.0040453879 0.0185638944 0.0059301482 0.008772635 0.0069204294 0.007913872 0.0059632036 0.0106048485 0.0079680235 0.0099310162 0.0068356427 0.0083518367 0.0102826267 0.0056780644 0.0113446013 0.0120037012 0.0027711623 0.0070158336 0.0092592964 0.003650238 0.0079425134 0.004146273 0.0063972623 0.0095676715 0.0105517088 0.012953979 0.0112344898 0.0088251448 0.0079786624 0.0093712686 0.0051209856 0.0065313605 0.0092990268 0.0120329901 0.0057856868 0.0071692086 0.0085594514 0.0089015688 0.009300322 0.0110525501 0.0067141919 0.0081338722 0.0110669202 0.0061681966 0.0059611424 0.0095792491 0.0111678039 0.004855365 0.0104910363 0.004926846 0.0046313814 0.0075947407 0.0046083304 0.0075922762 0.0098729547 0.0051490042 0.0097569653 0.0089020619 0.0030995508 0.0119143468 0.0100489819 0.0082557399 0.0119515274 0.0084286748 0.0077724218 0.0110037841 0.012958084 0.0065570611 0.0094989375 0.0117998794 0.0053332888 
6 0.0069602872 0.0095499313 0.0088650088 0.007107082 0.0094804551 0.0066377543 0.0093760989 0.0076276146 0.008809745 0.0085167647 0.0070209166 0.0105163483 0.0083862739 0.0094233151 0.0103732819 0.0078284456 0.0088348494 0.0086418473 0.0069406048 0.0043691539 0.0099823828 0.0125975747 0.005558454 0.0090637539 0.0110019638 0.006644671 0.0058421502 0.0102832409 0.0096611715 0.0159481194 0.0104045955 0.0087280599 0.0029493831 0.0095635775 0.006362485 0.0038619831 0.0063838908 0.0072540651 0.0078372791 0.002507365 0.0099749897 0.0078155714 0.0062365065 0.0060197835 0.0080673209 0.0101485407 0.0026924857 0.0090276875 0.0089443243 0.0062570365 0.0084119874 0.0036293451 0.0078055855 0.0086090717 0.010707832 0.0076170392 0.0100918735 0.007701301 0.0150243928 0.0047238142 0.0076995309 0.0081003602 0.0028222929 0.0099564166 0.0105445295 0.0059468402 0.0087083144 0.0099651369 0.0049993508 0.0091977325 0.0107393555 0.0071087828 0.0052938135 0.0011383195 0.003343399 0.0102322014 0.0072874622 0.0071788108 0.0064190959 0.0059535459 0.0075589375 0.0062992947 0.0142676673 0.0096456439 0.0071504061 0.0056098196 0.004071345 0.0074600996 0.0078491027 0.0083961285 0.0086111946 0.0093656443 0.0047086016 0.0086958795 0.0061592995 0.0066265062 0.0042150686 0.0051484339 0.0032016979 0.0023256418 0.0092740722 0.0099806079 0.0099510819 0.0065293344 0.0084748394 0.0043260503 0.0028181633 0.0094285807 0.0049791541 0.0068913556 0.0124715665 0.0054824313 0.006211085 0.0085584868 0.0094537883 0.0041058567 0.0157444071 0.0092319724 0.0083523483 0.0054268032 0.0036099176 0.0092330249 0.0049140466 0.0101442811 0.0116807647 0.0112573506 0.0110432965 0.0132151945 
7 0.0093983141 0.0094790634 0.0107194658 0.0066116378 0.005649286 0.0093760989 0.0018641393 0.0058367674 0.006469698 0.0049838364 0.0090218333 0.0069298495 0.0109390148 0.0074671526 0.0058923577 0.0042621121 0.0081503505 0.0140859958 0.0081660597 0.0083069404 0.0116718165 0.0121621863 0.0059737887 0.0092847671 0.0107788023 0.0045224852 0.006317631 0.0081864307 0.009317725 0.0065164308 0.0035757997 0.0093170253 0.0059769928 0.0041237481 0.0053163091 0.0167028801 0.0063940753 0.0106313013 0.0165332015 0.0028302225 0.01306176 0.0113963039 0.0124156107 0.0114727367 0.0078820592 0.0071055367 0.0009735827 0.0079222901 0.0073971105 0.0076125617 0.0077542759 0.0088455726 0.0029778238 0.0076312302 0.0134168454 0.0077163674 0.0071608321 0.0084626535 0.0076550499 0.0091241561 0.0104953138 0.007993392 0.010862302 0.0064841897 0.0069479444 0.0065925333 0.0046342019 0.0051305641 0.0113631096 0.0090656762 0.0041045471 0.0095553628 0.0031381338 0.0117448956 0.0096895776 0.0090753706 0.0049254227 0.003707494 0.0132677688 0.0049084065 0.0019008775 0.0127432327 0.0033475903 0.0115525742 0.0056504278 0.0063402756 0.0075160586 0.0117618947 0.0099780785 0.0032150342 0.0061476529 0.0069477192 0.0025849398 0.00829019 0.0082151809 0.0055098386 0.0061837723 0.0060080655 0.0076976703 0.0095325921 0.0069474955 0.0091327479 0.0102204463 0.0119160609 0.0053837038 0.0038462809 0.0095427303 0.006946318 0.0099555274 0.0121872442 0.0131392256 0.0087553689 0.0014871895 0.0087288871 0.005802236 0.007122133 0.007456483 0.0067931477 0.0017556721 0.0108270365 0.0079121198 0.0104075907 0.0094771197 0.0076982 0.0049555808 0.0126005724 0.0025680797 0.0038969782 
8 0.0073816399 0.0093230773 0.0036159623 0.0044461425 0.0108386481 0.0076276146 0.0058367674 0.0106260108 0.0056162582 0.0064548705 0.0089429619 0.00444168 0.0129495569 0.0086152668 0.0101333005 0.0103197243 0.0095813155 0.0062083725 0.0051083899 0.008401734 0.0109901566 0.0093523856 0.0154528233 0.0085122387 0.0062783504 0.0058163759 0.0066511512 0.009929696 0.0027196081 0.0097463891 0.0084344174 0.0108201717 0.0114591803 0.0084825173 0.0140312709 0.0075316296 0.0062388202 0.0072854556 0.0109845333 0.0050378022 0.0065092679 0.0030229626 0.0056021916 0.0112939331 0.0076247696 0.0040196389 0.0103329755 0.013866152 0.0075165033 0.005173214 0.0064381172 0.0080541819 0.0051752739 0.0040787955 0.0077732468 0.0048712556 0.0094468695 0.0052530231 0.0130784807 0.0055296411 0.0096544108 0.0050059019 0.0093885595 0.008849566 0.0145447785 0.0092622075 0.0111985749 0.0044797463 0.0113709265 0.0093680339 0.0066486118 0.0049926296 0.0093473484 0.0061764938 0.0076333629 0.0072951284 0.0077910656 0.0041640188 0.0097530767 0.0097892615 0.0092478977 0.0050884395 0.0074636322 0.0049110834 0.0067768918 0.0035595152 0.0056932721 0.0078370006 0.0112814232 0.0113459753 0.0065441209 0.0033647454 0.0068477232 0.0134460505 0.0069036704 0.0061021684 0.0030263699 0.0044668841 0.0067345287 0.0098155365 0.0087629322 0.0093971448 0.0065928117 0.0076557206 0.0093947656 0.0050904595 0.0074221793 0.0065177166 0.0059795708 0.0144694438 0.0070285251 0.0089377533 0.0133617308 0.0058200526 0.0071343303 0.006492564 0.0075506963 0.0073674416 0.0033799041 0.0062930434 0.0056686361 0.0061218265 0.0079720184 0.0072149161 0.0106064681 0.0093372092 0.0060624109 0.0083123349 
9 0.0111675474 0.0075220583 0.0059964768 0.0072751949 0.0094880942 0.008809745 0.006469698 0.0056162582 0.0040472429 0.0110582368 0.0103106217 0.0104239197 0.0118516684 0.0028210375 0.0077222165 0.0075114238 0.0048137976 0.0086563214 0.0163653243 0.005111391 0.0040661738 0.0079999308 0.0074869361 0.0090519151 0.0074168362 0.0098763373 0.0041532983 0.0069341122 0.006273207 0.0138535362 0.0131114768 0.0117121012 0.0089732327 0.0035749201 0.0053490415 0.0074226839 0.0097122559 0.0020428427 0.0071873842 0.0047847754 0.0088619522 0.0100329461 0.007060409 0.0039954232 0.0079614353 0.0084373268 0.0110502254 0.0056777262 0.0081767932 0.0067693294 0.0105278471 0.0056194604 0.0055092255 0.0101402359 0.0060996145 0.0088708725 0.0156482141 0.0055887506 0.0051996858 0.0062107348 0.0101473766 0.0089937139 0.0072795492 0.0111347094 0.0123088365 0.0109148594 0.0046715078 0.0096993792 0.0032349141 0.0114371995 0.0058422229 0.0080196319 0.0131407314 0.0049787566 0.0055269931 0.0060792333 0.0043652379 0.0077506333 0.0136029654 0.0068932821 0.0060863148 0.0052420558 0.009667362 0.005473157 0.0069450326 0.0078549742 0.0063641571 0.0092804542 0.0026679556 0.007996151 0.0042948316 0.0093628704 0.0082925484 0.0089702235 0.0027397279 0.0076526711 0.0162416481 0.0097880016 0.0072138683 0.0047750036 0.0052472669 0.0096031336 0.0093576142 0.0046904611 0.0063320687 0.0065172395 0.0082925697 0.0012888417 0.0125944692 0.0072158485 0.0090972396 0.0064565608 0.006258372 0.0068892232 0.0028405084 0.0028537546 0.0057892153 0.0082573165 0.010584324 0.0159799959 0.0089649364 0.0077387241 0.0126927237 0.0101400734 0.0081649611 0.0084613622 0.0074390167 0.0058619569 
10 0.0077192552 0.0082216021 0.0044588543 0.0120561324 0.0039567567 0.0085167647 0.0049838364 0.0064548705 0.0110582368 0.0043040565 0.006582102 0.0100095031 0.0075264921 0.0106616901 0.0066952832 0.0084069635 0.0060392777 0.0098846833 0.0088089837 0.0070933175 0.0046387139 0.0060256611 0.002231175 0.0112960925 0.0055434561 0.0047859203 0.0072374595 0.0063493597 0.0048741644 0.0074695788 0.0070925055 0.0060037031 0.0097652596 0.0093064068 0.0070757763 0.0087496346 0.0069417212 0.009260884 0.0056566636 0.0055495678 0.0074268403 0.0077307821 0.0071469429 0.0095302258 0.0082505927 0.0051081178 0.0108811893 0.0023927109 0.0060150475 0.0102308403 0.0057026941 0.0164136894 0.0120393204 0.0064146328 0.0065122657 0.0058638245 0.0060804721 0.0093292154 0.0058103738 0.0136060609 0.0114780406 0.0007567755 0.0003727438 0.0057578392 0.0037175913 0.0088188259 0.0141139929 0.0099770618 0.0132293184 0.0130108851 0.004980616 0.0045448911 0.0101852099 0.0121152836 0.007034404 0.0060747523 0.0078670161 0.0172249434 0.0035025062 0.0030771377 0.0088091684 0.0067842123 0.008798544 0.0081174646 0.0080525057 0.0024359037 0.0111512489 0.0068758832 0.0054688817 0.0143364951 0.0097368892 0.0086446881 0.0190789471 0.0058738831 0.0061080772 0.0072690359 0.0085644886 0.0050764014 0.0099750023 0.0066796392 0.0067507714 0.0032587318 0.0111394051 0.0032747853 0.0018262248 0.0075748244 0.011435066 0.0064952301 0.0074013565 0.0124567203 0.0057598569 0.0091016531 0.0048834955 0.0069851624 0.0039067245 0.0051393588 0.0105865256 0.0089407064 0.0075244857 0.0100249777 0.0139854548 0.0081372547 0.0101460067 0.0069908312 0.0075914242 0.0090624873 0.011894537 0.0102705431 
11 0.0071516645 0.0034262835 0.0099397346 0.0067797773 0.0139920897 0.0070209166 0.0090218333 0.0089429619 0.0103106217 0.006582102 0.0132991697 0.0096026033 0.0055164105 0.0149449847 0.007563821 0.0044410689 0.0129306342 0.0086133499 0.0142019578 0.0040215073 0.006539808 0.0053972007 0.0033205545 0.0056838249 0.0075959914 0.0098626587 0.0132961101 0.0064755146 0.0050195069 0.00472356 0.0054116181 0.0054270253 0.0085114576 0.0108445984 0.0096503582 0.0060959362 0.0092070298 0.0077539966 0.0102304263 0.0072707438 0.0087380421 0.0056486932 0.0100317097 0.007338129 0.0122963522 0.0056559419 0.0107201821 0.0100276777 0.0050692736 0.006794616 0.004977355 0.0079385787 0.0087207815 0.0134986808 0.0095987022 0.0061306836 0.0102273751 0.0067670728 0.0115570409 0.0147309761 0.0068187332 0.0091432474 0.007937784 0.0084782662 0.007906471 0.0101008735 0.0055277609 0.0067182959 0.005952392 0.0076647716 0.0107004361 0.0078546867 0.0102649698 0.005421421 0.0056895909 0.0099838502 0.007745911 0.0058186784 0.0065342648 0.0054393493 0.0012819463 0.0068338454 0.0052706327 0.0064605112 0.0106653266 0.0059763707 0.0077020722 0.00481647 0.0008266727 0.0101570194 0.0043452882 0.0083891097 0.0112943862 0.0064501793 0.0073712589 0.0073116672 0.0118480977 0.0068247412 0.0087897348 0.00488933 0.0045120051 0.0033460237 0.008166248 0.0090541671 0.0030799626 0.0076756901 0.0098964289 0.0098278401 0.0079544505 0.0136713237 0.0068912719 0.0040049634 0.0101559751 0.0116999193 0.006783701 0.0076776697 0.0030406869 0.0027903217 0.006053789 0.0045996691 0.0057860096 0.0098540702 0.0056088296 0.0143610372 0.0090087669 0.0072015445 0.008118148 0.006883796 
12 0.0058085472 0.0119898431 0.0038183192 0.0079325147 0.0057883233 0.0105163483 0.0069298495 0.00444168 0.0104239197 0.0100095031 0.0096026033 0.0129834536 0.0066687585 0.0056242577 0.0051590492 0.0139281457 0.0066464838 0.0093410597 0.0056655604 0.0112073923 0.0079922373 0.0106382334 0.0061395418 0.0045356509 0.0063127973 0.015862209 0.0026329734 0.0103234949 0.0146682645 0.0083933802 0.0132198984 0.0055988057 0.0096046567 0.0096512044 0.0127895424 0.0065928104 0.0079110994 0.0056445023 0.0074728031 0.0056572048 0.0099470435 0.0022277738 0.0088714214 0.0051163771 0.0101552132 0.0062065527 0.0088599381 0.012127611 0.0042114623 0.0088493689 0.012649397 0.005848379 0.0107080115 0.0089098398 0.004932515 0.0091785622 0.0112309088 0.0128747486 0.0071519127 0.0089253318 0.0052025821 0.0077655139 0.0045225856 0.0096711946 0.0070132996 0.0052986692 0.0078508863 0.0066129114 0.002942628 0.0029594463 0.0091952183 0.0043634234 0.0038828889 0.0080407526 0.0082016942 0.0091200713 0.0049466756 0.0024665908 0.0060201673 0.005869318 0.006508969 0.0073427731 0.0060707482 0.0090790092 0.0096225542 0.0099154498 0.0148127715 0.0050896401 0.0095697753 0.0056414427 0.0140977685 0.0053468616 0.0076411041 0.0051664931 0.010320944 0.0097462541 0.0069010061 0.0057769888 0.0027799781 0.0081298713 0.0092185691 0.0051369171 0.0075283507 0.0071675401 0.0046603481 0.0099915008 0.0101989369 0.012923026 0.004121683 0.005403825 0.00725954 0.0049711035 0.0073840786 0.0129447339 0.0094338493 0.0058502993 0.0044029421 0.002347612 0.0060565358 0.0101493807 0.008382893 0.0129794063 0.0065876757 0.0014724993 0.0111211083 0.0094979541 0.0079479263 0.0082435535 
13 0.0082192293 0.0119021964 0.0085314045 0.0044058725 0.0028137058 0.0083862739 0.0109390148 0.0129495569 0.0118516684 0.0075264921 0.0055164105 0.0066687585 0.018238868 0.007584942 0.0037411524 0.0086298456 0.0075867516 0.0043377544 0.0044642781 0.0055358522 0.0087218817 0.0094102833 0.0089709353 0.0092987664 0.0039347046 0.0067837269 0.0086945338 0.0101527425 0.0114751728 0.0076239118 0.0036251681 0.0131734781 0.0081983372 0.0069653512 0.0063402756 0.0073475384 0.0070279551 0.0034478709 0.0075868457 0.0150386091 0.0061777341 0.0045100136 0.0090125723 0.0077421693 0.0044527626 0.0056178469 0.0116627502 0.0097576159 0.0046284078 0.009389837 0.0051300505 0.0084090489 0.0120362407 0.0078450095 0.0073704648 0.0048941692 0.0061598809 0.0107932978 0.007845539 0.0064850427 0.0151255586 0.0045387527 0.0028599992 0.0065899701 0.0095024318 0.0050921881 0.0021653816 0.0113343635 0.0065617165 0.006890747 0.0089608985 0.0059839692 0.0070954446 0.016279096 0.0085736541 0.0122222378 0.0065754 0.0111471848 0.0114371102 0.0099448773 0.0064413404 0.0108115297 0.0032742833 0.0086568266 0.0067694484 0.0089986942 0.0035349152 0.011052147 0.0073340398 0.0060130508 0.0067939877 0.0000550557000000000 0.0063723607 0.0106197839 0.0084825422 0.0080146188 0.0067439197 0.0048451509 0.0072787886 0.0101653863 0.0100113383 0.0095241583 0.0069860777 0.0104013894 0.0121732604 0.0063942381 0.0085697006 0.0086371064 0.0101205631 0.0103149015 0.0038048958 0.0027528379 0.0036994348 0.0097909512 0.0082680524 0.0030159657 0.0081518296 0.0064986851 0.0075015377 0.0045193748 0.0059986751 0.0096030509 0.0073874775 0.008639384 0.0036950057 0.0105231161 0.0128899749 0.0054195955 
14 0.0093474134 0.0125335496 0.0050974013 0.0111681993 0.0064029575 0.0094233151 0.0074671526 0.0086152668 0.0028210375 0.0106616901 0.0149449847 0.0056242577 0.007584942 0.008328192 0.0105742689 0.0026793279 0.0079451961 0.0055458816 0.00559361 0.00814496 0.0060378652 0.0120433633 0.0081731245 0.0036683296 0.0089984039 0.0120295592 0.0068509104 0.0083509695 0.0114713278 0.0060882975 0.0062654626 0.0045405196 0.0049270496 0.006999342 0.0070722825 0.007298484 0.0040502108 0.0056095902 0.0140751341 0.004475738 0.0116968546 0.005081502 0.0071081968 0.007356012 0.0079788041 0.0065946406 0.0095027406 0.0118580304 0.0083904724 0.0046880904 0.0100047485 0.0078078087 0.0047009157 0.0120677458 0.0048186264 0.0094985329 0.0072114165 0.0124265865 0.0076448969 0.0148579017 0.009062963 0.0087912859 0.0146435319 0.0071925782 0.0059835538 0.0073167602 0.0091551008 0.0029911609 0.0124998232 0.0050018179 0.0112160746 0.0066008638 0.0098383623 0.0146151935 0.0088143319 0.0020377708 0.0060041328 0.0054653968 0.0084376577 0.0076101967 0.0033746094 0.0060132142 0.0068017036 0.0024061473 0.009910852 0.0068405849 0.0048752615 0.0065329213 0.0096612539 0.010879075 0.0081648881 0.0088729426 0.0082408757 0.0094937757 0.0091815619 0.0096402955 0.0096059794 0.0121805229 0.0145642779 0.0123597361 0.0058036107 0.0082707642 0.0066733726 0.0029027956 0.0044074219 0.0152480145 0.0030304037 0.0042153035 0.0069076607 0.0035153818 0.0048250775 0.0036190339 0.0064097582 0.0080064151 0.0071486134 0.0048643494 0.0055110755 0.0060145961 0.0136397904 0.0051175532 0.0047105073 0.0089743988 0.0095790671 0.00577711 0.0071563055 0.0085819363 0.0058371339 0.0095494216 
15 0.0025505466 0.0072608507 0.0103720946 0.0106390866 0.0041744177 0.0103732819 0.0058923577 0.0101333005 0.0077222165 0.0066952832 0.007563821 0.0051590492 0.0037411524 0.0105742689 0.0115419395 0.0063696747 0.0095968444 0.0090667175 0.0051417623 0.0069578768 0.0083971255 0.0036581935 0.0037492909 0.0058813488 0.0093870975 0.0103358635 0.0079452409 0.0078626323 0.0061888217 0.011649281 0.0086180625 0.0056836328 0.0066684448 0.0099619203 0.0124233532 0.0112023351 0.0045242437 0.0125409447 0.0054261845 0.0084549703 0.0077403367 0.0047803209 0.0082400007 0.009829924 0.0042072603 0.0099823975 0.0085730656 0.0054869569 0.0078605909 0.0076032449 0.0089013047 0.0069033251 0.0046551101 0.011028807 0.0063419931 0.0077334428 0.0047871507 0.0040291433 0.0093202305 0.0084699933 0.0074676711 0.0065509355 0.0067951034 0.0101565417 0.0084958272 0.0077660398 0.0061383685 0.0145293886 0.0086715392 0.0072200291 0.004803102 0.0146887621 0.0053157837 0.011658911 0.0108577602 0.0066477826 0.0036182201 0.0065948298 0.0107044411 0.0057133963 0.009345199 0.0064446282 0.0008879202 0.0076352288 0.0108294645 0.0091313982 0.0043526753 0.0096393674 0.0047993886 0.0112194593 0.0099625336 0.0083371494 0.0072502926 0.0073639602 0.0133001529 0.0065910482 0.0110676694 0.0059390579 0.0094851448 0.0051718066 0.0049266689 0.0094271159 0.0148580034 0.0069190959 0.0079535269 0.0113076179 0.0018851897 0.0130218904 0.0151264981 0.0075675854 0.0081647562 0.0088752483 0.002072402 0.0041570897 0.0044211155 0.0070129013 0.0073329832 0.0111714655 0.0086873734 0.0071318361 0.0042177573 0.0063339516 0.0073368956 0.00922567 0.0042688403 0.0072943285 0.0070399495 0.0105541358 
16 0.0061070238 0.0071657283 0.0102953467 0.0044015561 0.0058821616 0.0078284456 0.0042621121 0.0103197243 0.0075114238 0.0084069635 0.0044410689 0.0139281457 0.0086298456 0.0026793279 0.0063696747 0.0099868411 0.0095246343 0.0098082397 0.013153623 0.0088676396 0.0080950301 0.0073776619 0.0091803175 0.0070673213 0.0080002939 0.0112682649 0.0073135043 0.005705734 0.0085879982 0.0049577523 0.0082357033 0.00677047 0.0080239734 0.0109859251 0.0031662325 0.0079645131 0.0067460881 0.0093084136 0.0107201266 0.0072496022 0.010603947 0.0038891612 0.0072218678 0.0106348917 0.007052638 0.0041969704 0.0029322173 0.0092980913 0.0077506787 0.0103281358 0.0042559289 0.0067499271 0.0109359621 0.0128816172 0.0035468341 0.0056876636 0.0061835151 0.0047010988 0.0069867096 0.0122635621 0.0063095474 0.0062169645 0.0066773008 0.0077072912 0.0061853169 0.0073240938 0.006384101 0.0176075772 0.0078260471 0.0045710515 0.0040122598 0.0075885978 0.0073751269 0.0070654614 0.006079332 0.013019793 0.0145366881 0.0064451554 0.0099431601 0.0089187853 0.0071484779 0.0092558051 0.010764552 0.0079410132 0.0040343478 0.007051161 0.0073648888 0.0062468647 0.0083168541 0.0052397817 0.0074558365 0.0082773496 0.0092696262 0.004841567 0.0087616636 0.0094765763 0.0063215266 0.0051021924 0.0110926094 0.007724169 0.003415381 0.0062314315 0.0085853835 0.0112749865 0.0050861893 0.0084886652 0.012080497 0.0068674177 0.0086896286 0.0072220226 0.0088851861 0.0095685453 0.00960832 0.0097283619 0.0046960685 0.0082998263 0.0077304211 0.0089864521 0.0034234772 0.0100244755 0.0076841045 0.0080409588 0.0054687678 0.0112783006 0.0061180186 0.00809591 0.0075088899 0.0090359279 
17 0.0079830499 0.0110915363 0.0109090307 0.0056408126 0.0040376657 0.0088348494 0.0081503505 0.0095813155 0.0048137976 0.0060392777 0.0129306342 0.0066464838 0.0075867516 0.0079451961 0.0095968444 0.0095246343 0.0080417931 0.0077819047 0.0126884221 0.0108024783 0.0065619747 0.0079455047 0.0048105961 0.0103359523 0.0092199476 0.0121566155 0.0087942577 0.0109107047 0.0084681569 0.0134915581 0.0064535263 0.0075516165 0.0104375878 0.0032950063 0.0033014015 0.0072731253 0.0066630622 0.0042677691 0.0084188853 0.0101259169 0.0041197363 0.0078336016 0.0040573383 0.0033560639 0.0064309905 0.0039642087 0.0072587722 0.005007937 0.0039983203 0.0102184789 0.0071746796 0.0095991364 0.0037599473 0.0070459188 0.006995688 0.0073021525 0.0026350918 0.0114222113 0.0048981062 0.0085441304 0.0092194692 0.008547893 0.0120839902 0.0067979893 0.0066841827 0.0134421019 0.0048962772 0.0074762677 0.0082592087 0.0093468314 0.0055864479 0.0117967193 0.007245651 0.0045332654 0.0096445215 0.0114911157 0.0100361834 0.0092826906 0.0062563421 0.0085308643 0.0108260568 0.0114224205 0.0125384288 0.0026950519 0.0098021953 0.0085996306 0.0059560479 0.0098612389 0.0057665467 0.0077605418 0.0100249284 0.004911009 0.0044533937 0.00770075 0.0118745671 0.0048799037 0.0083637177 0.0047086293 0.0098962271 0.0105171214 0.0074058077 0.0035504132 0.0109238243 0.0115140038 0.003096685 0.0052417894 0.0049670245 0.00669705 0.0059956794 0.008555149 0.0080683358 0.0088984287 0.0089772783 0.0109340688 0.0061780485 0.0102365794 0.006717529 0.0063818371 0.0117484258 0.0039778108 0.0065805725 0.0085632714 0.008933207 0.0073429187 0.0103906853 0.0053444304 0.0067020305 0.0056281922 
18 0.0076005309 0.0079751112 0.0137345363 0.0061360749 0.0104692082 0.0086418473 0.0140859958 0.0062083725 0.0086563214 0.0098846833 0.0086133499 0.0093410597 0.0043377544 0.0055458816 0.0090667175 0.0098082397 0.0077819047 0.0114517426 0.0109341045 0.0051648296 0.0046233572 0.0061200937 0.0083475713 0.0070680586 0.0064298245 0.007913171 0.0086512812 0.0102439779 0.0028797989 0.006763958 0.0081915678 0.0045752959 0.0111225045 0.0103589359 0.0056853025 0.011875655 0.004364803 0.0075292511 0.0111360811 0.0085674028 0.0046380138 0.0112755364 0.0055814157 0.0073228098 0.006356237 0.0061339686 0.0081077818 0.0094288023 0.0091552519 0.0061920269 0.0090595971 0.0068927328 0.0060125128 0.0084327996 0.0039343011 0.0069715157 0.0076954812 0.0097608541 0.0093875419 0.0035322908 0.0091939542 0.0122567975 0.0103914714 0.0054325315 0.0058393123 0.0072344132 0.012680646 0.0030486521 0.0132645019 0.0089874496 0.0090214734 0.0050380657 0.0039632293 0.0084585782 0.0085927409 0.005816962 0.0085523644 0.0084909714 0.0089975677 0.0083349714 0.0111848723 0.0071308305 0.0076920974 0.0017606679 0.0058437957 0.0043122943 0.0093726108 0.0068190024 0.0100581451 0.0048682231 0.0056700622 0.011954146 0.0049056903 0.00692183 0.0156581317 0.0061231824 0.0047646532 0.0085533092 0.003173489 0.0064943331 0.0060184043 0.0034969822 0.0058427381 0.0104080337 0.007586894 0.0022522832 0.0094554232 0.0076291171 0.0027098424 0.0038618681 0.0129569602 0.0098930341 0.0120995623 0.0083466157 0.0124134151 0.0128104604 0.0133879212 0.0105904946 0.0110519292 0.0076885387 0.0050447046 0.0082677826 0.0053294553 0.0077253945 0.0030013997 0.0039007926 0.0081238936 0.0074904087 
19 0.0074827782 0.0058492124 0.0028925349 0.0042717624 0.0072161851 0.0069406048 0.0081660597 0.0051083899 0.0163653243 0.0088089837 0.0142019578 0.0056655604 0.0044642781 0.00559361 0.0051417623 0.013153623 0.0126884221 0.0109341045 0.0077520819 0.008425852 0.0077139518 0.0069271322 0.0117211488 0.0101130626 0.0084346923 0.0040292554 0.006480209 0.0107357026 0.0073583768 0.0055514129 0.0076465065 0.0102495095 0.0059703779 0.0027655609 0.0032808487 0.0108917145 0.0044439156 0.0130289312 0.0049981249 0.0145518759 0.0080926934 0.0040589886 0.0084886512 0.0075125528 0.0119548902 0.0092773792 0.0103650275 0.0114050685 0.0071552369 0.0037288412 0.0113857658 0.0091965758 0.0130776144 0.0055465908 0.0098039351 0.0112497072 0.0084950857 0.0052403282 0.0083736652 0.0082956248 0.0131541019 0.0084844695 0.0103896614 0.0064215246 0.0065665959 0.0045530388 0.0085162907 0.0091634289 0.0027931176 0.0090861989 0.0092205178 0.0020038198 0.0082443737 0.0096190647 0.0113888174 0.0066934269 0.0091022754 0.0075454853 0.0071325563 0.0038523498 0.0058116091 0.0058113693 0.0116763467 0.0030680044 0.008560601 0.0088526242 0.0041555714 0.0020798919 0.007929026 0.0073425847 0.0068609259 0.00758631 0.0044926807 0.0136192981 0.0042583069 0.0100669834 0.0040735088 0.0110297491 0.006232844 0.0045874647 0.0078155977 0.005741352 0.0131356493 0.006978222 0.0053682411 0.0063618312 0.0061745868 0.0082819635 0.0060303772 0.0055803762 0.0102474381 0.012271979 0.0093259014 0.0089549977 0.0125451243 0.0022043996 0.0085378172 0.006130564 0.0061819365 0.0092605323 0.0131877409 0.0089622431 0.0082906157 0.0037799964 0.0070306718 0.0081864839 0.0053470917 0.0053398337 
20 0.0061038265 0.0091909033 0.0072425143 0.004016402 0.0049407975 0.0043691539 0.0083069404 0.008401734 0.005111391 0.0070933175 0.0040215073 0.0112073923 0.0055358522 0.00814496 0.0069578768 0.0088676396 0.0108024783 0.0051648296 0.008425852 0.0066752776 0.0106690645 0.007444694 0.0058019331 0.0090325305 0.006199721 0.0111912259 0.0055584411 0.0068972444 0.0097908666 0.0092800019 0.0036935497 0.0121600492 0.0073878229 0.0059953126 0.0090863978 0.0127096693 0.0070850238 0.0110620902 0.0097231429 0.0047278266 0.0024487031 0.01048486 0.0032981399 0.007865755 0.0107605994 0.0059055465 0.0083199952 0.0023311412 0.0057728897 0.0065214146 0.0052862262 0.0039414203 0.0079413468 0.0094835294 0.0098281674 0.0063884924 0.0102076545 0.009051103 0.0058848503 0.0081081419 0.0079534661 0.0071979965 0.0051382715 0.0122399311 0.0068251245 0.0024575579 0.0068988469 0.002486359 0.0090820774 0.008924382 0.0110274182 0.0092034579 0.0087250102 0.0084562038 0.0157159561 0.0112397746 0.0080314859 0.0078646847 0.0124211556 0.0129187971 0.0054932969 0.0070016482 0.0081472056 0.007053661 0.0044482957 0.0094613383 0.0069176702 0.0026932597 0.0103089183 0.0018150977 0.0077470901 0.0083805118 0.0111397017 0.0075115177 0.0090899909 0.0079864294 0.0088943399 0.0101808891 0.0067335195 0.0072228549 0.0087885262 0.01611046 0.008550218 0.0105647387 0.0072619558 0.0070475778 0.0114031655 0.0050410871 0.0125314901 0.0051840226 0.0110381898 0.0068974572 0.0063612519 0.0036902479 0.006952606 0.0119094567 0.0054194365 0.0065208175 0.0061811196 0.0113602061 0.0032149413 0.014578087 0.0077230837 0.0103048939 0.0087289838 0.0045948201 0.0052754317 0.0078233028 
21 0.0048928618 0.0055714824 0.0056772649 0.0048966112 0.004753852 0.0099823828 0.0116718165 0.0109901566 0.0040661738 0.0046387139 0.006539808 0.0079922373 0.0087218817 0.0060378652 0.0083971255 0.0080950301 0.0065619747 0.0046233572 0.0077139518 0.0106690645 0.0087743129 0.0086761975 0.0069266353 0.0086101663 0.0062420754 0.0004640988 0.0072489237 0.0109761766 0.0076690402 0.0145705695 0.0046997206 0.0086428421 0.0086444963 0.006533488 0.0070030355 0.0098348373 0.0080882433 0.0127937004 0.0053364986 0.0092960304 0.0067984442 0.0105969302 0.0059640236 0.0104557462 0.0062143362 0.0095657758 0.0067784109 0.0043852001 0.0044213514 0.0096069791 0.0071773333 0.0075056331 0.0164767118 0.0059177462 0.0047243607 0.0093748723 0.006060462 0.0063943932 0.0043005934 0.0040011266 0.0087121577 0.0112282551 0.0040716319 0.0063226682 0.002883966 0.0091050653 0.0070516535 0.0123952339 0.0086587608 0.0107180606 0.0015120587 0.0079978611 0.007649665 0.0083462726 0.0079786522 0.0103393512 0.0080059161 0.0111845678 0.0019706415 0.0035282114 0.0070637189 0.0083485189 0.0054168037 0.0106895757 0.0034596795 0.0109585052 0.0052546434 0.0106395141 0.0108671345 0.0064973827 0.0068069617 0.0127385396 0.0054772242 0.0089311909 0.0057040327 0.0056843289 0.0047107517 0.0118336722 0.0134950958 0.0131965937 0.00706011 0.0068719842 0.0149454533 0.0113858413 0.0124254336 0.0053302906 0.0086622268 0.0047581558 0.0119158491 0.0018858805 0.0070937241 0.0093434566 0.0112181899 0.0115464824 0.0083608604 0.0061784872 0.0091851531 0.0119043985 0.0066551873 0.0103278923 0.005470327 0.0085335438 0.0094370716 0.0085072377 0.0076785331 0.0073218956 0.0059832771 0.0023334074 
22 0.0061588528 0.0086343743 0.0086304691 0.0044911943 0.0072336887 0.0125975747 0.0121621863 0.0093523856 0.0079999308 0.0060256611 0.0053972007 0.0106382334 0.0094102833 0.0120433633 0.0036581935 0.0073776619 0.0079455047 0.0061200937 0.0069271322 0.007444694 0.0086761975 0.0030421684 0.0126934019 0.0059095773 0.0064001047 0.0083890221 0.0099913762 0.0067780612 0.0079150532 0.0100577613 0.0029663394 0.0080505025 0.0052353772 0.0050340322 0.0118879764 0.0069718532 0.0124273785 0.0090276847 0.0055860381 0.0127529888 0.0089003509 0.0086932684 0.0119508686 0.0052727777 0.0108781972 0.0090861236 0.0086007013 0.0060606548 0.0076218226 0.0099502631 0.0044496079 0.0089024283 0.0061593559 0.008224443 0.0078182258 0.0034252786 0.0041167702 0.0131144019 0.0073339448 0.004935259 0.0084864064 0.0074372568 0.0127920397 0.0079190196 0.0098346437 0.0108634184 0.0062134681 0.0041653331 0.0038084484 0.0092397371 0.0084609128 0.0115691822 0.0113698923 0.0116329588 0.0030504952 0.0076657465 0.0084082844 0.0056076801 0.0065439302 0.0053439234 0.0123641144 0.0066257602 0.014874445 0.0075146299 0.0037866343 0.0139710986 0.0101564158 0.0092447396 0.0114507317 0.0044694967 0.0052645442 0.0067914556 0.0016200614 0.0097231296 0.0076500974 0.0068549747 0.0056265086 0.0099862409 0.0044734057 0.0127046745 0.0169235163 0.0083645149 0.0057526357 0.004257349 0.0040902451 0.0053622369 0.0067587049 0.0069397579 0.0032472598 0.0040105922 0.0043855329 0.0053679331 0.0058711468 0.0137741029 0.0079509174 0.0088683151 0.005691082 0.0050557654 0.00750995 0.0075820455 0.0068275548 0.0045099349 0.0046983276 0.0075764875 0.0162194796 0.0079736357 0.0053536535 0.0079750703 
23 0.0107896819 0.0035391385 0.0080820167 0.004499696 0.0098068191 0.005558454 0.0059737887 0.0154528233 0.0074869361 0.002231175 0.0033205545 0.0061395418 0.0089709353 0.0081731245 0.0037492909 0.0091803175 0.0048105961 0.0083475713 0.0117211488 0.0058019331 0.0069266353 0.0126934019 0.0076402728 0.007791037 0.0105859932 0.0068879607 0.0070511077 0.0063267825 0.0144422915 0.0073358969 0.0025920641 0.0113708527 0.0084036794 0.0097585309 0.0085297764 0.0050530964 0.0085914554 0.003198733 0.0081909423 0.0047147413 0.0102135824 0.0083350056 0.0069051044 0.0094133654 0.0107703983 0.0109616626 0.0043293139 0.005517507 0.0095207736 0.0038319776 0.0078754325 0.0106051497 0.0121554001 0.0051206618 0.0095429829 0.0014425531 0.0075911226 0.0044839495 0.00643048 0.0165702633 0.0032652965 0.0036893085 0.0100877494 0.0056418992 0.0140339158 0.0084259463 0.0115962377 0.013169249 0.0007703877 0.0105537075 0.0113054618 0.0098642547 0.0065522783 0.0100382644 0.005851708 0.0082454933 0.002585573 0.0061700093 0.0107820614 0.0106842154 0.0059850383 0.0061836585 0.0066747331 0.0045314205 0.0073760652 0.0103914491 0.0058230407 0.0089050641 0.0069099093 0.0096957776 0.0081686909 0.0081045097 0.0066925255 0.0061214642 0.0069064346 0.0082414388 0.0084249926 0.0084210767 0.0133126684 0.0062273534 0.0094636345 0.0087165843 0.0052579547 0.0069230667 0.0048898507 0.0059197186 0.0124354898 0.0032648675 0.0050350934 0.0106739515 0.0117867651 0.0070679278 0.010739049 0.0065040175 0.0101523757 0.0104826408 0.0075695667 0.0109915797 0.0118264881 0.0102970402 0.0053617762 0.0017054623 0.0058437333 0.0055197978 0.0057285023 0.0088830445 0.0069080593 0.0103041528 
24 0.0137046397 0.0058950961 0.0087049224 0.0068148794 0.0101070132 0.0090637539 0.0092847671 0.0085122387 0.0090519151 0.0112960925 0.0056838249 0.0045356509 0.0092987664 0.0036683296 0.0058813488 0.0070673213 0.0103359523 0.0070680586 0.0101130626 0.0090325305 0.0086101663 0.0059095773 0.007791037 0.0146315584 0.0128139257 0.008758392 0.0093547839 0.0060885688 0.0044316255 0.0103786577 0.005011911 0.0075325374 0.0060955676 0.0111384852 0.0113955626 0.0073246624 0.0067883398 0.0045270723 0.0065884296 0.0076024325 0.0070465562 0.0091794311 0.0053031982 0.0145955163 0.0139856954 0.0108488304 0.0148351946 0.0043317355 0.0081573178 0.0043633117 0.0100701483 0.0075566852 0.0059708848 0.0035619471 0.0086256685 0.013536264 0.0074775405 0.0133185796 0.009417682 0.0067273412 0.0063464941 0.0065651983 0.008739127 0.0117992147 0.0085401778 0.008831992 0.0052063227 0.008079579 0.0116912721 0.0083307573 0.0037517255 0.0096562074 0.0082289482 0.0071250044 0.0038867407 0.0034910529 0.0074356428 0.0081419761 0.008748851 0.0144817046 0.0107164028 0.004788416 0.010892719 0.0114794354 0.0057870595 0.0051864661 0.0065755835 0.0094174557 0.0097275764 0.0073504483 0.0037730997 0.0077343039 0.0051986123 0.0030666376 0.007018509 0.0050307413 0.0019675676 0.0060484547 0.008645995 0.0023005013 0.0060697347 0.0052691701 0.0117468276 0.0108353797 0.0105927784 0.0089979317 0.007182933 0.0080280655 0.0061925754 0.0063913359 0.0110072259 0.0042874582 0.0053161945 0.0046322521 0.0038414029 0.0016799078 0.0100752526 0.0063418552 0.0101223922 0.0046349193 0.0078509246 0.0074550115 0.0101627772 0.009560057 0.0041222359 0.0084534152 0.0057537444 0.0048092829 
