128
1 0.01115624 0.0019842094 0.006903172 0.0040304376 0.0074247804 0.0148828464 0.0041679369 0.0053122202 0.0085356394 0.0049083475 0.0101408654 0.010530748 0.0086429303 0.0041115155 0.008536703 0.0064260774 0.0075819963 0.0055873754 0.0112098604 0.0070905469 0.0076297461 0.009089979 0.0087316589 0.0048212493 0.0064927493 0.0083474128 0.009790816 0.0058141627 0.00612739 0.0073824717 0.0071282648 0.0061979344 0.0056949089 0.0087432716 0.0069639359 0.0093847973 0.010697047 0.0084579753 0.0064475837 0.012658285 0.0060741226 0.0107822518 0.0056568174 0.0047454671 0.0106471536 0.0095780865 0.0078477062 0.0109581126 0.0095899012 0.0057941968 0.0118215189 0.0046934759 0.0104527629 0.0037007867 0.0028443767 0.0088755692 0.0077471099 0.010940279 0.0063688218 0.0046906961 0.007816604 0.0032276428 0.0117525229 0.0083793757 0.0033084997 0.0099123468 0.0069034735 0.0095455668 0.0056408306 0.0093273365 0.0126130403 0.0155371018 0.0129641028 0.0038334465 0.0051956682 0.0088075961 0.0103455327 0.0061374579 0.0057916861 0.006729465 0.0109125336 0.0118969453 0.0040270321 0.0049945447 0.0081356827 0.005564486 0.0034212042 0.0103762737 0.0117933179 0.0061479005 0.0122072267 0.0097594122 0.009526904 0.0112485822 0.0076058742 0.008036078 0.0064301918 0.0066830945 0.0069971133 0.0110063496 0.0068234228 0.003403085 0.0053864175 0.0115522485 0.0064344253 0.0055244831 0.009426292 0.0077856398 0.0087168476 0.0079971884 0.0112155989 0.009911331 0.0075669235 0.0049345901 0.0068019564 0.0098481473 0.0107841475 0.0072135726 0.006496003 0.0089026203 0.0059230118 0.0084830965 0.0042874856 0.0092253216 0.0071289626 0.0055370296 0.0064115298 0.0061632766 
2 0.0019842094 0.0089867091 0.0051977818 0.01036066 0.0039253756 0.0065677925 0.0057662678 0.0074246116 0.0044243714 0.006449114 0.006897148 0.0062175588 0.0098960181 0.0067997361 0.0050759961 0.0083364164 0.0060860784 0.0123071307 0.003521691 0.004130166 0.0087777619 0.0071917923 0.0090505449 0.0068412691 0.0123168311 0.0117826424 0.0069131969 0.012871847 0.0087403325 0.0156429542 0.0073077161 0.0057843855 0.0122767593 0.0109491169 0.009018283 0.0047571243 0.0055756444 0.0088052504 0.0087858712 0.0026669202 0.0092961511 0.0052638246 0.0092292193 0.0078426494 0.0081206434 0.0078589698 0.0076878427 0.00734594 0.0059577178 0.0077390974 0.0060723626 0.0108869581 0.00493927 0.0075091564 0.0053032532 0.0038392287 0.0064905059 0.0061057081 0.0032261383 0.0060375093 0.0120514188 0.0021703396 0.0068498727 0.00486529 0.0094614401 0.0093976913 0.0076630767 0.0109542216 0.0128134343 0.0017470812 0.0121117637 0.0094448191 0.0113179644 0.0135153134 0.0116821863 0.0043869437 0.0063323784 0.0110581473 0.0045083361 0.012203713 0.0039739441 0.0077982142 0.0134790107 0.0062605395 0.0120379946 0.0053079962 0.00925696 0.0075585224 0.0078139419 0.0037334346 0.0088883764 0.01008823 0.0084360722 0.0116225514 0.0133130787 0.0063234927 0.0048883617 0.0041391319 0.0087328267 0.0079737639 0.0077220674 0.008696073 0.0107836787 0.0137814853 0.004310898 0.0060118916 0.0104114961 0.0148211608 0.0036020924 0.0084467945 0.0081951006 0.0022392258 0.0054317134 0.0035742636 0.0025646402 0.0115601577 0.0112845471 0.0061524616 0.010100244 0.0057123776 0.0114090548 0.007705099 0.0097908436 0.0079561465 0.0098153126 0.0058867093 0.0070375174 0.0056718491 
3 0.006903172 0.0051977818 0.0053615666 0.0097050405 0.0074575276 0.0104421989 0.0097849988 0.0056592456 0.0057006935 0.0051813453 0.011162077 0.0079665294 0.006408036 0.0063411617 0.0081450324 0.0053163629 0.004431619 0.0102968172 0.0093834898 0.0084986175 0.0103016359 0.0051150359 0.0075227064 0.0151764315 0.0111218894 0.0079269813 0.0069092795 0.0072402994 0.0084851066 0.0140942303 0.0055419713 0.0117315135 0.0089024955 0.0059035707 0.0061393272 0.0043827915 0.0102564306 0.0132204404 0.0090024546 0.0097746064 0.0085296178 0.0069974901 0.0111720175 0.0072910039 0.0053453269 0.0124334692 0.0095904313 0.0068216731 0.0097853193 0.0065294388 0.0112241158 0.0061346668 0.004037411 0.0075039738 0.015008864 0.0101421463 0.0066284818 0.0045762391 0.0053623056 0.0045927828 0.0114931804 0.0099829362 0.0130752625 0.0076059889 0.0099432393 0.0072244494 0.0072935498 0.009706016 0.0063130418 0.0101121288 0.0084413951 0.0073007631 0.007296492 0.0060511419 0.0091596375 0.0064039104 0.0067980012 0.0080023373 0.0062671293 0.009516332 0.0061558093 0.0061166435 0.0039137585 0.0106293305 0.0042669574 0.0102384952 0.0088591307 0.0068584817 0.0081734379 0.0090048585 0.0035176426 0.0087638909 0.0104505109 0.0096491224 0.0056968564 0.0077207139 0.0040990523 0.0024820488 0.0057499362 0.0077891937 0.0038379331 0.0076274071 0.0067715807 0.0070180179 0.0028158005 0.0128815003 0.0115447887 0.0087195031 0.010491234 0.011392645 0.0065890083 0.0050091329 0.0040934906 0.0055487429 0.0030510905 0.0059001775 0.0100672623 0.0069035253 0.0100973323 0.0045544149 0.0061054519 0.0068547623 0.0064279856 0.0084722636 0.0088616395 0.0075280817 0.0041958181 0.0107173191 
4 0.0040304376 0.01036066 0.0097050405 0.0016049219 0.0093646034 0.0097428022 0.0082691873 0.010400155 0.0062507447 0.0037558475 0.0024707449 0.0094068435 0.0085495862 0.0052702086 0.0108706256 0.0050772659 0.005669602 0.0162497525 0.0058019241 0.0090437628 0.0061605359 0.0058224065 0.0088353031 0.0036535974 0.0079175862 0.006070862 0.0129867244 0.013797952 0.0095439993 0.0057919659 0.0087237181 0.0031422409 0.0004703676 0.0073157378 0.004863566 0.009864287 0.006700377 0.0071164244 0.0070419555 0.0071439293 0.0074302106 0.0029535264 0.0093332863 0.009582308 0.0073065355 0.0073529701 0.0122663463 0.0046385235 0.0024847524 0.0058718229 0.0045012076 0.013503399 0.0093150454 0.0088011339 0.0068473952 0.004229151 0.007331464 0.0039438002 0.0079196215 0.0153702346 0.0057836049 0.0078748469 0.0091834953 0.0057341442 0.0058982578 0.0029201766 0.0109485115 0.0104248213 0.0084530024 0.0062773604 0.0062798359 0.0061588769 0.0055827004 0.0079418046 0.0140600464 0.0045396838 0.0092708624 0.0084465914 0.0092269737 0.0128867759 0.0069155593 0.0071668098 0.0134665709 0.0129626488 0.0068154699 0.0058632662 0.0049214769 0.0068457864 0.0126133306 0.0117234899 0.0068579994 0.0034637401 0.0055870202 0.0049025094 0.0065095787 0.0027785199 0.0095617568 0.0109297112 0.0071396315 0.0032514948 0.0075027828 0.0060467464 0.006638008 0.0109829497 0.0103755124 0.0070351313 0.0103008761 0.0111563402 0.007172549 0.0055945262 0.0062922164 0.0076935664 0.0164203905 0.0072369408 0.0110282541 0.0104910044 0.0080015082 0.0105008772 0.0084523702 0.0080425449 0.0087270367 0.012736019 0.0070582138 0.0057371186 0.0076966304 0.0077133008 0.0087361451 0.0106207105 
5 0.0074247804 0.0039253756 0.0074575276 0.0093646034 0.0068825541 0.0081670279 0.0073900273 0.0063517882 0.0016340515 0.0143460116 0.0080733956 0.0038643006 0.0058623356 0.0074515539 0.0052306465 0.0053180926 0.0078274273 0.0080929312 0.0071578922 0.005633251 0.0105935325 0.0121697502 0.0052609042 0.0110055472 0.0082734519 0.004423944 0.0062856718 0.0062144944 0.0042298824 0.00934215 0.0089494746 0.0046134405 0.0067391539 0.0022917327 0.0080082573 0.0116823356 0.0099882052 0.0068968548 0.0107654078 0.0132738884 0.0101532674 0.0102133056 0.0090199789 0.0083760073 0.0089675449 0.0116210873 0.0068828848 0.0074890426 0.0085324532 0.0063887435 0.0100393308 0.0088715805 0.005867531 0.0088416558 0.009724076 0.0082419867 0.0064922019 0.0109483961 0.0081981172 0.0065037329 0.0095617982 0.007670254 0.0132152336 0.0114565239 0.0117777658 0.01116949 0.011576399 0.0035385509 0.0051054314 0.0076914957 0.0079334674 0.0023848217 0.0098275972 0.0092827639 0.0038909504 0.0057145467 0.0096304638 0.0041240492 0.0048963011 0.0071625849 0.007956806 0.0127125305 0.006758999 0.0055609731 0.0081925529 0.0108342905 0.0105999729 0.0076272831 0.0051341508 0.0055635205 0.0093349256 0.0052822785 0.0065724388 0.0047277657 0.01183591 0.0061924928 0.0118109123 0.0071936331 0.0069623577 0.0091047591 0.0088030484 0.0084547555 0.0068806606 0.0069846102 0.0089294266 0.0102632052 0.0072660981 0.0043934198 0.0070134641 0.0084270461 0.0051267872 0.0050376351 0.0056693595 0.0097623148 0.0083438228 0.0070529748 0.0092047312 0.0078845346 0.0059837155 0.0147127648 0.0023152919 0.0093837666 0.0051289722 0.0067604374 0.0083337375 0.0068159671 0.0101157408 0.0075460919 
6 0.0148828464 0.0065677925 0.0104421989 0.0097428022 0.0081670279 0.0119630362 0.0139518698 0.0047805523 0.0035676869 0.0107640787 0.0033687142 0.0095556474 0.0059524789 0.0107132966 0.0082138517 0.0082400676 0.008469577 0.0089852846 0.0076972771 0.009202772 0.0072216022 0.0088326041 0.0063003045 0.0095333779 0.0114303292 0.008448987 0.0084754521 0.0086479064 0.0111647141 0.0069902483 0.0075950869 0.0108262682 0.0104646433 0.0015649252 0.0092826718 0.007630515 0.0160858245 0.0050904945 0.0078336451 0.0077170823 0.005516112 0.001008367 0.0091805407 0.0081076381 0.0065806785 0.0040338305 0.0090348673 0.0062648397 0.0081270045 0.0058910809 0.0073451352 0.0099144812 0.0090229028 0.0080944993 0.0090893349 0.0084738382 0.00964757 0.0077488551 0.0047385091 0.0044242999 0.0064271931 0.0082359985 0.0018655342 0.0058188865 0.0043703319 0.0114495966 0.0054023695 0.006640226 0.0101244777 0.0056023958 0.0095894974 0.0050175001 0.0080405129 0.0100411197 0.0111649789 0.0126931131 0.0126196331 0.0106372363 0.0045621255 0.0062692611 0.0068770692 0.008021825 0.0085764945 0.0065123618 0.0083610891 0.0057718864 0.0104986824 0.0080327116 0.0083524641 0.0064431877 0.0067283441 0.0045494048 0.0088055335 0.0024648877 0.0055163409 0.0118188343 0.0049971606 0.0083445744 0.0079113993 0.0035654479 0.0047043758 0.0049126828 0.0072686322 0.002430929 0.0121371569 0.0086184331 0.0056894083 0.0098295203 0.0063003567 0.0091208539 0.0103066157 0.0076759523 0.0041469561 0.0143771915 0.0068862477 0.0092850907 0.0082382422 0.0093950403 0.0092776552 0.0077261393 0.004770495 0.0072544315 0.0026295772 0.0117279409 0.007391323 0.0091335139 0.0059409661 0.0054926585 
7 0.0041679369 0.0057662678 0.0097849988 0.0082691873 0.0073900273 0.0139518698 0.0078956751 0.0049215151 0.0083413259 0.0053985383 0.0116993866 0.0030894965 0.010468018 0.0053610845 0.0092084198 0.0067962248 0.0066216025 0.0090745999 0.009030763 0.0052934788 0.0080081602 0.0074965423 0.0057441957 0.0117818987 0.0067931185 0.0146173779 0.0074985203 0.0060691085 0.005246104 0.00649265 0.0029463791 0.004144265 0.0087409973 0.0071497046 0.0084953029 0.005353992 0.0096219216 0.0092881028 0.0093803767 0.006726904 0.0090959699 0.0100153163 0.0132430936 0.0036347729 0.0064561571 0.0094549254 0.0068909644 0.006083812 0.008532139 0.0068850845 0.0074484298 0.0031466414 0.0028302704 0.0059791782 0.0051301365 0.010332606 0.0084725235 0.0085699674 0.0078433378 0.0046998684 0.0142667105 0.0060644152 0.0070603533 0.0045040076 0.0052659856 0.0059655238 0.0028540944 0.0100409289 0.0024061086 0.0110003051 0.0082441945 0.0074775672 0.0128876468 0.0086285586 0.0094463462 0.005536895 0.0078463705 0.0079131733 0.0092760181 0.0061739582 0.0089130412 0.0105118388 0.0072593402 0.0153531772 0.0087309637 0.0083412587 0.0046281743 0.0114559066 0.0032821498 0.0073823517 0.0123116135 0.0069739536 0.0085918425 0.0012746465 0.010710203 0.0179295895 0.0108452561 0.0118123936 0.0084917985 0.006551369 0.0103896826 0.0078983254 0.007237019 0.0067035256 0.0123318187 0.0049590647 0.0110130668 0.0083531108 0.0058374379 0.0056188673 0.0140083039 0.009294741 0.0136555355 0.0086179768 0.007281965 0.0036240035 0.0051633954 0.0080955225 0.0075952477 0.007968809 0.0061973713 0.0056892408 0.0034726774 0.006937241 0.0054412077 0.004898353 0.0079441712 0.0106910565 
8 0.0053122202 0.0074246116 0.0056592456 0.010400155 0.0063517882 0.0047805523 0.0049215151 0.0076349445 0.006382914 0.0103624827 0.0064151296 0.0105887417 0.0085999334 0.0073258779 0.0093105506 0.0058533066 0.0046045364 0.0086716724 0.0096749894 0.0062148075 0.0072874239 0.006385246 0.0045786627 0.0108214204 0.0095951134 0.0068184888 0.0053440964 0.0077427529 0.0069216301 0.0076314618 0.0051067808 0.0091752016 0.0055000217 0.0061888512 0.0024611139 0.0073544212 0.0079532772 0.0117165025 0.0072103818 0.0047454376 0.0080142671 0.0064595113 0.0111110359 0.0128947662 0.0106072773 0.0073865448 0.0055201582 0.0064528953 0.0078987382 0.0086494526 0.0050732263 0.0070542956 0.0083561607 0.0034915292 0.0065845274 0.0087999933 0.0062745049 0.0057724163 0.0039743326 0.0065610897 0.0072427994 0.0083261585 0.0045458325 0.0034086393 0.0079391704 0.0087518971 0.0046258175 0.0076983647 0.0088996536 0.0080787105 0.0078308269 0.0071107487 0.0064328045 0.0104011314 0.0066836269 0.0093031381 0.0046919671 0.0081078309 0.0044697152 0.0116976107 0.0030677238 0.0105465932 0.0053755556 0.0121326313 0.0081517849 0.0026295419 0.0042537954 0.0071446158 0.0179301358 0.0075405733 0.0071681135 0.0070425389 0.0086718706 0.0101928946 0.0067844556 0.0091170069 0.0089776692 0.0126330021 0.0080576301 0.0068831061 0.0063545832 0.0129134552 0.0095055932 0.011275331 0.0071042363 0.0115842227 0.0060085269 0.0077604247 0.0142181402 0.0111937414 0.0110813975 0.0122860414 0.0047726777 0.0058879399 0.0062260471 0.0138343891 0.0085253278 0.0123969523 0.0109661124 0.0045368504 0.0121181779 0.0086247042 0.0077893512 0.0104402951 0.0063269591 0.0096210191 0.0047564289 0.0073784079 
9 0.0085356394 0.0044243714 0.0057006935 0.0062507447 0.0016340515 0.0035676869 0.0083413259 0.006382914 0.0116063974 0.0095877363 0.0098895287 0.0118459577 0.0028295963 0.011830645 0.0075086962 0.0066221838 0.005636908 0.0078492922 0.0094554182 0.0057350989 0.0122505166 0.0118461409 0.0055866843 0.0047111117 0.0118482322 0.0030538572 0.0111908178 0.0065599785 0.0089229937 0.0108446543 0.0076660501 0.0104592913 0.0083105904 0.0060661298 0.0129563237 0.0105083333 0.0118161041 0.004059026 0.0110068348 0.0050253383 0.0107022922 0.0049741564 0.0088086452 0.00818286 0.0145637309 0.0072722677 0.0090987215 0.0075278698 0.0119794687 0.0046565738 0.006646758 0.0073197483 0.0043084028 0.0095009573 0.0096126192 0.0122531957 0.0042990026 0.0089803036 0.0116078447 0.009098873 0.0039432934 0.0076757452 0.0022449958 0.0087613997 0.0052014899 0.0085541654 0.0070939203 0.0073681326 0.0111290479 0.0066922728 0.0039856447 0.0081098265 0.008666598 0.0054567232 0.0073589708 0.0035238519 0.004855341 0.0085825218 0.0131579498 0.0090667647 0.0148730509 0.0039527378 0.0050955981 0.0147316656 0.0049384871 0.0044023679 0.0100733949 0.0089673816 0.0064491313 0.0069519372 0.014303358 0.0048766343 0.0025833742 0.0116909149 0.0070312248 0.0128372831 0.0067332975 0.0068299206 0.0074153455 0.0133162385 0.0078204717 0.0108724571 0.0041490119 0.0045577593 0.0081446382 0.0049367519 0.0088977231 0.0044095388 0.0037227187 0.0065957471 0.0072632239 0.0084268739 0.0086890249 0.0090949961 0.0093505943 0.0053262892 0.0041766473 0.0029920535 0.011280225 0.0053720079 0.0079518443 0.0075576618 0.005007272 0.0100706767 0.0090324767 0.0047542602 0.0063284405 0.0124184284 
10 0.0049083475 0.006449114 0.0051813453 0.0037558475 0.0143460116 0.0107640787 0.0053985383 0.0103624827 0.0095877363 0.0102009129 0.0051273368 0.0134643975 0.0078474671 0.0134337171 0.0065307133 0.0032008599 0.0078977148 0.0086442188 0.0056905077 0.0080528461 0.0065226141 0.0033304035 0.0100843712 0.0113186488 0.0048161252 0.0064916488 0.0124400165 0.0074564421 0.0085887242 0.0101145677 0.0056594776 0.0112430436 0.0102111405 0.0108190875 0.0113804584 0.0050949151 0.0040338741 0.0111209162 0.0061759427 0.0109330709 0.0067669188 0.0025324069 0.0014423563 0.0096981606 0.0100476721 0.0105283954 0.0086516806 0.0076775427 0.0069385136 0.0058282635 0.0082456736 0.0090935704 0.0093789528 0.0036175974 0.0060473465 0.0095903386 0.0072640082 0.0014523782 0.008131147 0.0082940977 0.0125571086 0.0069160128 0.0061964008 0.0067063281 0.0019553969 0.0049190197 0.0066748816 0.006346975 0.0077221741 0.0078647446 0.012737507 0.0101602564 0.0096496306 0.0075209366 0.0085641349 0.0085351555 0.012009497 0.0092354058 0.014532663 0.0058893506 0.0025374003 0.0039350363 0.009474963 0.0080582696 0.0030343215 0.0087256677 0.0091808944 0.0100579728 0.0170582212 0.0049322529 0.0082236254 0.0072762626 0.0080013999 0.0088642984 0.0053442456 0.0046559154 0.0077515681 0.0055899079 0.0115607203 0.0050209225 0.0064081969 0.0076619768 0.0098822315 0.0044625057 0.0092460057 0.014060226 0.0100317242 0.0068135324 0.003216154 0.0104373036 0.0068394968 0.0108058474 0.0070977478 0.0072564033 0.0058991886 0.0028491829 0.0102261773 0.0074781127 0.0047745396 0.0091002072 0.0064728318 0.0041296883 0.0079098263 0.0107023221 0.0056253457 0.0112013456 0.0081652775 0.0053624532 
11 0.0101408654 0.006897148 0.011162077 0.0024707449 0.0080733956 0.0033687142 0.0116993866 0.0064151296 0.0098895287 0.0051273368 0.0088463273 0.0136567975 0.0088395965 0.0072078892 0.0068904673 0.0033246879 0.0140593 0.0122896278 0.0103676647 0.0087791579 0.0089542405 0.0092189128 0.0073832565 0.0065542154 0.0056627114 0.0091641772 0.0130320758 0.0091219531 0.0043090414 0.0051489246 0.0089687953 0.0029681647 0.0063819785 0.0056157842 0.0037716225 0.0043214533 0.0067175305 0.0045374128 0.0097616782 0.0095450195 0.0104643421 0.0096838096 0.0029607245 0.0049635901 0.0152340091 0.0097534841 0.002825017 0.0076741214 0.0151181747 0.0078533725 0.005905685 0.0072906969 0.0077379872 0.003489627 0.0034334885 0.0063301456 0.0077799569 0.0080400495 0.0071179114 0.0098189555 0.0088793613 0.010736659 0.0067565722 0.0107203073 0.0076393633 0.01309847 0.0048023093 0.0066662879 0.0061961537 0.0065865823 0.0070426351 0.0057966124 0.0079054985 0.0117204296 0.0095152293 0.0123560726 0.0119075279 0.0055550001 0.0067138653 0.0105805515 0.0069322403 0.0046878884 0.0073795567 0.0075144221 0.0063708879 0.0121727243 0.0089567806 0.0043127463 0.0058720985 0.008022557 0.0063766387 0.0037454665 0.0050735946 0.0106522508 0.0081687042 0.0087513428 0.0040708543 0.0044296364 0.006057946 0.0131809831 0.0091320711 0.0031799934 0.0069771575 0.0088814727 0.0023770428 0.0100145496 0.0049521638 0.0092978049 0.0084655468 0.0004029519 0.0090117564 0.008427575 0.0061726668 0.0040207101 0.0093694581 0.0123768476 0.0067282653 0.0041753232 0.0083707346 0.0058163742 0.010548229 0.0137506721 0.0064518293 0.0139879238 0.0097110047 0.0117390676 0.0080327493 0.0096033106 
12 0.010530748 0.0062175588 0.0079665294 0.0094068435 0.0038643006 0.0095556474 0.0030894965 0.0105887417 0.0118459577 0.0134643975 0.0136567975 0.0142185892 0.0089697906 0.0048381377 0.0173185449 0.006774336 0.0046689102 0.007863495 0.0065398612 0.003425353 0.0045669535 0.0063770372 0.0115961873 0.0053004657 0.0079134331 0.0099766149 0.00768273 0.0061973024 0.0051827375 0.0049189566 0.0133895812 0.0121991355 0.0056407522 0.0070243408 0.0070943767 0.0058715999 0.0100474214 0.0158978081 0.007348029 0.0059409433 0.0065898413 0.0030443201 0.005869562 0.0118927087 0.0076181961 0.0008973145 0.0053084456 0.0039407974 0.0064564267 0.01055969 0.0057686822 0.0105126418 0.0046683462 0.0039979778 0.0106632478 0.0055504502 0.0095415003 0.007388688 0.0093697031 0.0057080988 0.008513621 0.0059540738 0.0118760107 0.0032747233 0.0093284762 0.0038565141 0.0064673263 0.0115647627 0.0069751723 0.0042977714 0.0043476461 0.0088065805 0.0102140218 0.0084676142 0.00970743 0.0067585744 0.0056109008 0.0062317155 0.0114088637 0.0021527054 0.0067221098 0.0062378849 0.0025681535 0.0082408518 0.0051129433 0.0085760328 0.0071767052 0.0099401857 0.0019720558 0.0107427142 0.0043290203 0.0049412191 0.0081438091 0.0090141478 0.0071387871 0.0079188523 0.0125736022 0.0056704316 0.0080747776 0.0071501912 0.005883524 0.0119680146 0.0091289036 0.0083401498 0.0062733403 0.0046345305 0.0070099946 0.0117523349 0.0056569273 0.0091226253 0.01004563 0.0039449257 0.0148991983 0.0113467788 0.0093198625 0.0063860338 0.004053374 0.0046809399 0.0105465903 0.0072745623 0.0087079476 0.0125987822 0.0099217694 0.0133567282 0.0096858246 0.0136088901 0.0032257956 0.008249961 
13 0.0086429303 0.0098960181 0.006408036 0.0085495862 0.0058623356 0.0059524789 0.010468018 0.0085999334 0.0028295963 0.0078474671 0.0088395965 0.0089697906 0.0110763204 0.0093261583 0.0121108581 0.0055669794 0.0101968961 0.0102134232 0.0093136146 0.0134933163 0.0031135203 0.0075089778 0.0044690265 0.0046040127 0.005742593 0.0064754738 0.0107729231 0.0045705855 0.0117283383 0.0119631269 0.0084803873 0.0093090325 0.0078886744 0.0079868788 0.0040901645 0.0059111285 0.0077599489 0.0078044999 0.010704004 0.0136965952 0.0072847386 0.013152983 0.0098179818 0.0046046027 0.0125677171 0.0080364728 0.0066026299 0.0067143688 0.0110889635 0.010486651 0.0137102454 0.0071699982 0.0072589777 0.0064503843 0.0095906241 0.0124164407 0.0035532591 0.0069140807 0.0073153965 0.007339549 0.0026005109 0.0060247995 0.0124818643 0.0060715738 0.0044461101 0.0068027821 0.0109386084 0.0049414741 0.0064890443 0.0029418184 0.0108981151 0.0102997985 0.0084181849 0.0091430578 0.0088252428 0.0087502045 0.0087386307 0.0094742939 0.0057967459 0.005486226 0.0062244069 0.0064112906 0.0058944749 0.0045699827 0.0068991283 0.0105681417 0.0071935166 0.0092450818 0.0069370509 0.0062280088 0.0102510789 0.0011373936 0.0071845572 0.0084940808 0.006589333 0.0040067221 0.003045888 0.0062781789 0.0088154922 0.0059373475 0.0105987891 0.0107378802 0.0055747223 0.0089555486 0.0024113163 0.0137481215 0.0118946897 0.0102887194 0.0038180165 0.0075463454 0.0067941841 0.0092493424 0.0081721971 0.0126735848 0.0069162922 0.0041286604 0.0059205462 0.0040679059 0.0058921745 0.005144521 0.0086888033 0.0074139393 0.0083298007 0.0083909317 0.0067857807 0.0038304661 0.0103127433 0.0094144256 
14 0.0041115155 0.0067997361 0.0063411617 0.0052702086 0.0074515539 0.0107132966 0.0053610845 0.0073258779 0.011830645 0.0134337171 0.0072078892 0.0048381377 0.0093261583 0.0036582014 0.0063885573 0.0100190111 0.0082206124 0.0064318368 0.0102427066 0.0122038427 0.0025304023 0.0059222943 0.0034435171 0.005500774 0.0026916787 0.008991357 0.0077494884 0.0062741094 0.0126203039 0.0127449157 0.0084299337 0.0085837579 0.0066341407 0.0079291447 0.0125982736 0.0106948986 0.0075484084 0.0124385271 0.0131131975 0.0079642916 0.0069364762 0.0026787675 0.0088606061 0.0047578049 0.0115755472 0.0043817096 0.0048839018 0.0097266588 0.0002461554 0.0067261489 0.0106437863 0.0119904463 0.0112916445 0.0072267615 0.0122162981 0.0038908417 0.0078920747 0.0050869114 0.0105911911 0.009039204 0.0124967707 0.0085617664 0.006754084 0.0081108244 0.0044514594 0.0110659786 0.0084220189 0.0070089273 0.003428478 0.0036357804 0.0091043018 0.0072873202 0.0060341566 0.0051190269 0.0078089151 0.0109312058 0.0068264434 0.0078980801 0.0084685177 0.0078425094 0.0071611285 0.0044614671 0.0075797952 0.0078225785 0.0078081719 0.0055368129 0.0073167201 0.0072683715 0.0092401224 0.0062899499 0.0087605433 0.0074314082 0.0071292909 0.0057964877 0.0040881957 0.0084940962 0.0068409567 0.0080650178 0.0096180341 0.0033725998 0.0042637039 0.0112288336 0.0067334234 0.0092505307 0.0020828159 0.0081032037 0.0104799525 0.006000529 0.0086329594 0.0113995635 0.0064504639 0.0062031839 0.008720601 0.0096070067 0.009250692 0.0072948709 0.0092659137 0.0050913422 0.0158901633 0.0061714771 0.0110644909 0.0111425101 0.0043531856 0.0073490907 0.0084435526 0.0117038541 0.0062061134 0.0140555574 
15 0.008536703 0.0050759961 0.0081450324 0.0108706256 0.0052306465 0.0082138517 0.0092084198 0.0093105506 0.0075086962 0.0065307133 0.0068904673 0.0173185449 0.0121108581 0.0063885573 0.0092165723 0.0056345722 0.0096329952 0.0075683807 0.006670879 0.0097638038 0.0086684724 0.0120875648 0.0106472324 0.0103681482 0.0077941338 0.0107362546 0.0102990202 0.0094446616 0.0053015346 0.0059674098 0.0052149652 0.0102213638 0.0080036118 0.0047816689 0.0064310936 0.0067076975 0.0094966697 0.0072394625 0.008585487 0.0071719518 0.0071075254 0.0074284732 0.0105017929 0.0109890072 0.0098361643 0.0075547251 0.0152165005 0.0052562359 0.0050387066 0.0036669109 0.0023830259 0.0039686544 0.0109079181 0.0076004452 0.0074051347 0.0031916574 0.0038955384 0.0063596303 0.005449679 0.0087316725 0.0038022699 0.0080047613 0.0066569 0.0185532463 0.0074415464 0.0159168022 0.0044208262 0.0101276483 0.0068167825 0.0067637863 0.0094774379 0.0127421697 0.0056689053 0.0022791445 0.0086593888 0.006119931 0.0095227214 0.006725483 0.0122476147 0.0056293304 0.0131950785 0.0069004451 0.0094851509 0.005540284 0.004129432 0.0108246942 0.0052082042 0.0079986786 0.0077098075 0.0080437699 0.0057619533 0.0062777266 0.0095264378 0.007767661 0.0111406701 0.0092146901 0.0095265246 0.003226634 0.0069167973 0.0056903715 0.0055103163 0.0088323883 0.0025839983 0.0064035145 0.0157998822 0.0085362689 0.0060880851 0.0066344149 0.0064625908 0.0071378956 0.0075112327 0.0043332418 0.0088914705 0.0093642894 0.0037389227 0.0123357924 0.0109325982 0.007776072 0.0109852346 0.0043793556 0.0083664957 0.0028443084 0.0074809281 0.0055831397 0.0066717004 0.0033695136 0.0085322198 0.0037677537 
16 0.0064260774 0.0083364164 0.0053163629 0.0050772659 0.0053180926 0.0082400676 0.0067962248 0.0058533066 0.0066221838 0.0032008599 0.0033246879 0.006774336 0.0055669794 0.0100190111 0.0056345722 0.018111779 0.0074349229 0.0073682601 0.0063086505 0.0056672354 0.0059202097 0.0074573692 0.0066169721 0.0026954806 0.0087312564 0.0052257833 0.0045101729 0.0067938836 0.0059428834 0.0030162488 0.0039107477 0.0081438017 0.0057567102 0.0113317607 0.0076210235 0.0052334651 0.0159992896 0.0074035628 0.0033897474 0.0075795138 0.0057215022 0.0113729037 0.004966703 0.0086223153 0.0087951055 0.007599736 0.0077467734 0.0094602702 0.0046499954 0.0110168806 0.0174705803 0.0096956321 0.012490236 0.004880974 0.0104681714 0.0093354298 0.0102667191 0.0087198344 0.0063819669 0.0051934814 0.0155710484 0.0089895151 0.0055852783 0.0082514968 0.0115350201 0.0091130152 0.0132825372 0.0068588362 0.0062179247 0.0149399118 0.0083055406 0.0068376928 0.0066131476 0.0072811701 0.0094402005 0.0081878641 0.0077839941 0.0070103821 0.0073814889 0.0093022617 0.0069047917 0.0076035939 0.009766814 0.0068782157 0.0072065655 0.0054262225 0.0088364751 0.0057181564 0.0040624524 0.0096336049 0.0060241128 0.0164450768 0.0071282883 0.0111990794 0.0121647185 0.0115280223 0.0074767725 0.008524378 0.0093591973 0.0080499068 0.0113757136 0.0089874954 0.01275489 0.0075993003 0.0047131905 0.0060741402 0.0042298561 0.0072239286 0.0108264715 0.0028940024 0.0060340777 0.0063649753 0.0083152039 0.0054921622 0.0073815179 0.006868752 0.0110612837 0.008277991 0.0030202907 0.0115807994 0.0076240042 0.0070234549 0.0067228231 0.0029085265 0.009419258 0.0096312289 0.0044725905 0.0071649147 
17 0.0075819963 0.0060860784 0.004431619 0.005669602 0.0078274273 0.008469577 0.0066216025 0.0046045364 0.005636908 0.0078977148 0.0140593 0.0046689102 0.0101968961 0.0082206124 0.0096329952 0.0074349229 0.006280828 0.007614422 0.0059224548 0.008292033 0.007276971 0.0140641845 0.0042118808 0.0084617196 0.0080752845 0.0088300057 0.0063388594 0.0047734989 0.005780441 0.0053757174 0.0024413296 0.0049936038 0.0089086814 0.0042304925 0.0087282944 0.0077855412 0.0066661116 0.0100560184 0.0030412772 0.009442483 0.0050734034 0.0104366524 0.006100926 0.0086007955 0.0086012632 0.0041253453 0.0046713142 0.0054432509 0.0088723468 0.0117343086 0.0068497706 0.0104109384 0.0064250197 0.0057567611 0.0068242135 0.0089626753 0.0123059651 0.0109046568 0.01039685 0.0083935335 0.005652854 0.0091632371 0.0106540423 0.0102159459 0.007470782 0.0062392071 0.0107827326 0.0130738525 0.0075156454 0.0082597701 0.0101405518 0.0043859227 0.0081120843 0.005744563 0.0051058899 0.0029938316 0.0044379434 0.0075234169 0.011138529 0.0082004745 0.0110467981 0.0083797168 0.0067274202 0.0091220953 0.0119297999 0.0061288735 0.0194554269 0.0105903632 0.0095643875 0.0065056118 0.009775182 0.0061628873 0.0064324426 0.0065368719 0.0040883703 0.0040620433 0.0071659202 0.0164747836 0.0034169851 0.0122191161 0.0097026442 0.0015316324 0.01056836 0.0080344292 0.013245498 0.008964091 0.0132161496 0.0035917521 0.0044190346 0.0145072931 0.0068012973 0.0073941608 0.0054098251 0.0051160202 0.0050299884 0.006887394 0.0052661555 0.0078036806 0.0051668004 0.0056743981 0.011238837 0.0083891512 0.0068718701 0.0100593791 0.009602762 0.0073628667 0.0074726208 0.0105527143 
18 0.0055873754 0.0123071307 0.0102968172 0.0162497525 0.0080929312 0.0089852846 0.0090745999 0.0086716724 0.0078492922 0.0086442188 0.0122896278 0.007863495 0.0102134232 0.0064318368 0.0075683807 0.0073682601 0.007614422 0.0030124375 0.0064683439 0.0063669692 0.0088493834 0.0091657226 0.0062281846 0.010263478 0.0034535189 0.0074087514 0.0083542011 0.0092183343 0.0053857832 0.008334903 0.0064430762 0.0023804534 0.0092170853 0.0093215927 0.0054537986 0.0148364475 0.0054544727 0.0085962304 0.0132371054 0.0072848657 0.0067567935 0.004450475 0.0052622335 0.0033918921 0.0101791397 0.0117548685 0.0067379951 0.009739499 0.0022856599 0.0154508202 0.0064730718 0.0087405388 0.0033711415 0.0073498587 0.0061539078 0.0079192571 0.0095279836 0.0064324206 0.0126129852 0.0084287241 0.0061531392 0.0128830149 0.0064098306 0.005057159 0.0035810918 0.0055982972 0.0073799487 0.0139739283 0.0037681811 0.0071649372 0.0078703682 0.0065124694 0.0040025376 0.0101364237 0.0031596102 0.0070144508 0.0077528745 0.0088760674 0.0109393298 0.0058977937 0.0126863643 0.0033359994 0.007675858 0.0133375163 0.004585557 0.0017081618 0.0050583347 0.0149083752 0.0122638602 0.0107282701 0.0090535973 0.0052556787 0.007040422 0.0070653766 0.0137755937 0.0091926741 0.0053228294 0.0096509938 0.0065358834 0.005759494 0.0114510846 0.0155924532 0.0078865592 0.0109387807 0.0030756571 0.0052241207 0.0048924631 0.0069706831 0.00951054 0.0071234838 0.009913094 0.0119693654 0.0099726485 0.009628936 0.0107161134 0.0034613822 0.0050374386 0.0057609195 0.0066550602 0.0058997038 0.0057006428 0.0078601387 0.0034580242 0.0065163233 0.0051006442 0.0078559791 0.0040803148 0.0058122275 
19 0.0112098604 0.003521691 0.0093834898 0.0058019241 0.0071578922 0.0076972771 0.009030763 0.0096749894 0.0094554182 0.0056905077 0.0103676647 0.0065398612 0.0093136146 0.0102427066 0.006670879 0.0063086505 0.0059224548 0.0064683439 0.0087545515 0.0054840064 0.0039158512 0.00900652 0.0122302784 0.0071336084 0.0064759973 0.0092579222 0.009278684 0.0079592534 0.0072389048 0.0064961743 0.011053774 0.0073661772 0.0099026382 0.0050888832 0.0065090583 0.0032534678 0.0074155615 0.00811091 0.0128322679 0.0080373734 0.0070223452 0.0061441114 0.0054178865 0.0064281953 0.0080801169 0.0105036359 0.0067815782 0.010692961 0.010758726 0.0072754016 0.0051969235 0.0092763769 0.0058075078 0.0068770853 0.0053142624 0.0076796181 0.0051768783 0.010215061 0.0075134754 0.0050387617 0.0110686952 0.0024803323 0.0124510449 0.006878131 0.0100474309 0.0064980637 0.0087830077 0.0023842107 0.006249594 0.0085231139 0.0052790729 0.0112420126 0.0074241623 0.008835173 0.0084261487 0.0104508573 0.0115907786 0.0189420655 0.0089705225 0.0162643352 0.0109458633 0.0020789008 0.0095798251 0.0077287567 0.0029549342 0.0065786982 0.0071110383 0.0059295112 0.0070151805 0.0099185233 0.0113161179 0.0088193025 0.0046245035 0.0084755267 0.0063038438 0.0103657076 0.0040191201 0.0094735436 0.0087593886 0.0054483793 0.0045229976 0.0102009273 0.0069032044 0.0070737467 0.0050992065 0.0093578026 0.0057525804 0.0077661935 0.0138477897 0.0104187684 0.0023082219 0.0054276558 0.0044607552 0.0080935118 0.0046162463 0.006361821 0.008363135 0.0096730065 0.0085683899 0.0076341024 0.0033059282 0.0070457558 0.0074323597 0.0058438162 0.0121531546 0.0128868587 0.00694861 0.0072372755 
20 0.0070905469 0.004130166 0.0084986175 0.0090437628 0.005633251 0.009202772 0.0052934788 0.0062148075 0.0057350989 0.0080528461 0.0087791579 0.003425353 0.0134933163 0.0122038427 0.0097638038 0.0056672354 0.008292033 0.0063669692 0.0054840064 0.0067066795 0.0058065231 0.0078935119 0.0123158492 0.0084339006 0.0106577776 0.0095009136 0.0106192279 0.0094445837 0.0108140096 0.008600844 0.0121034567 0.007888118 0.0078354546 0.0085239924 0.0052890759 0.0047440829 0.002370962 0.0105566868 0.0053181291 0.0073707766 0.0037431678 0.0069356209 0.0099957797 0.0142654963 0.0100198394 0.0090863482 0.0057212422 0.0085906183 0.0078601068 0.008168692 0.0076472639 0.0047995178 0.0135895984 0.0068174909 0.0068960173 0.0066980631 0.0092218956 0.0098103731 0.0045831224 0.0038966461 0.0013733243 0.0069514817 0.0016292223 0.0046277893 0.0062193324 0.0130088285 0.009983436 0.0051185084 0.0125936318 0.0060684007 0.0047020018 0.0090074448 0.0100669348 0.0061738283 0.0055995709 0.0067727794 0.0085950981 0.0096466768 0.0077778643 0.0069766431 0.0103856268 0.0084377009 0.0069145447 0.0092616734 0.0102691572 0.0053502137 0.0085434812 0.0119846691 0.0018007242 0.0048361994 0.0022328477 0.0042821209 0.0030594195 0.0098287592 0.0115833263 0.0072311462 0.0159291509 0.0111508962 0.0172692453 0.00857453 0.0120463515 0.0092887028 0.0099281635 0.0055414965 0.0064355006 0.000851958 0.0051771135 0.0044189934 0.0155508025 0.0109060824 0.0050312899 0.0115428548 0.009661123 0.002270922 0.0047614234 0.0054205641 0.0064177687 0.0055685846 0.0037286364 0.0079989361 0.0067368599 0.0114140247 0.0078775764 0.0099377713 0.0057477656 0.0082680765 0.0091989583 0.012940948 
21 0.0076297461 0.0087777619 0.0103016359 0.0061605359 0.0105935325 0.0072216022 0.0080081602 0.0072874239 0.0122505166 0.0065226141 0.0089542405 0.0045669535 0.0031135203 0.0025304023 0.0086684724 0.0059202097 0.007276971 0.0088493834 0.0039158512 0.0058065231 0.0102226906 0.0098300871 0.003157156 0.0081651769 0.0100786314 0.0020641031 0.0035546953 0.0053457209 0.0115692066 0.0034436793 0.0105625747 0.0061247122 0.0081835168 0.0079427468 0.0054203579 0.0093610344 0.0073788095 0.0051134705 0.0054995483 0.0059482592 0.009856718 0.0063534149 0.0093109783 0.0029270277 0.0065097769 0.0067435797 0.0142499794 0.0108106787 0.0104265039 0.0090911529 0.003015349 0.0062708428 0.008874151 0.00561576 0.0056165592 0.0090268137 0.0085153491 0.0111353763 0.0110664179 0.0053787996 0.007962958 0.0083101832 0.0168432871 0.0068861802 0.006175718 0.0092257248 0.0065479375 0.0096374754 0.0047713227 0.0035535038 0.0109444719 0.0070032622 0.0083476044 0.0077017933 0.0082746803 0.0076630534 0.0087223395 0.0077294476 0.0072235874 0.0057734271 0.0079550944 0.0053743643 0.0169434011 0.0036223949 0.0060038962 0.0121502604 0.0082286411 0.0061180363 0.0091405857 0.0121531682 0.0081127083 0.0087560137 0.0089092582 0.012550799 0.0093392383 0.0113798527 0.0051638193 0.0183714499 0.0038799023 0.0067931203 0.0066288554 0.0117494583 0.0087017402 0.0092740186 0.006036594 0.0071739305 0.0090611632 0.0073359454 0.0066501156 0.0080216811 0.0079765556 0.0123369046 0.0096101422 0.0050732381 0.0117794457 0.0082307431 0.0057459524 0.0070685068 0.0070524688 0.0024878474 0.0100065442 0.0058052409 0.0029313604 0.0072207132 0.0077133726 0.0083582337 0.0090907343 0.0065170683 
22 0.009089979 0.0071917923 0.0051150359 0.0058224065 0.0121697502 0.0088326041 0.0074965423 0.006385246 0.0118461409 0.0033304035 0.0092189128 0.0063770372 0.0075089778 0.0059222943 0.0120875648 0.0074573692 0.0140641845 0.0091657226 0.00900652 0.0078935119 0.0098300871 0.0061464932 0.002159173 0.0080043215 0.0037967041 0.0078707942 0.0054369252 0.0035240227 0.0072501078 0.0104156281 0.0079403621 0.0036891695 0.00417144 0.012631505 0.005261451 0.0044408531 0.0050359248 0.0089070567 0.0011192631 0.0051039889 0.0099732416 0.0056144646 0.0070320373 0.0098867669 0.0045829546 0.0065669871 0.0027218673 0.0058438916 0.0101086855 0.0103972505 0.0037870146 0.0058521915 0.007751827 0.0031147114 0.006545296 0.0054012132 0.0109571135 0.0110948598 0.0080761366 0.0075330524 0.0128055972 0.0045957816 0.0038076363 0.0082661712 0.0077529989 0.0124441484 0.0053066326 0.0098729393 0.0102582765 0.0059466079 0.0043675614 0.0150770007 0.0044105378 0.0093998744 0.0197257047 0.0098558017 0.0098266598 0.0047726701 0.0075733209 0.0162671767 0.0106734664 0.0144888523 0.0050793439 0.0056786353 0.0120766368 0.0088689577 0.0097392472 0.0056693429 0.0093933574 0.0115052679 0.0118341726 0.0030606788 0.0084422224 0.0063306419 0.0084533015 0.0096950926 0.0088556884 0.0060375836 0.0060392113 0.0121377765 0.0061903082 0.007418044 0.0076965108 0.0060409014 0.0120298229 0.0095523525 0.0112098695 0.0058008736 0.007339634 0.0068602914 0.0107535656 0.0024768231 0.0093860853 0.005272139 0.0057487339 0.0109148782 0.0066266139 0.0063930462 0.006506392 0.0086993319 0.0044203714 0.0031697325 0.0109233777 0.0035788333 0.0089193032 0.0087104378 0.0102127634 0.009197558 
23 0.0087316589 0.0090505449 0.0075227064 0.0088353031 0.0052609042 0.0063003045 0.0057441957 0.0045786627 0.0055866843 0.0100843712 0.0073832565 0.0115961873 0.0044690265 0.0034435171 0.0106472324 0.0066169721 0.0042118808 0.0062281846 0.0122302784 0.0123158492 0.003157156 0.002159173 0.0037134731 0.0077216364 0.011000813 0.0069559638 0.0111291231 0.0083919403 0.0130560619 0.0081969572 0.009777513 0.0103953998 0.0073136622 0.0062664451 0.0051652427 0.0096336865 0.0129799801 0.0068647061 0.0105428626 0.0047911943 0.0041913435 0.0070013643 0.0056579781 0.008941093 0.0061921075 0.0112312497 0.0096875632 0.0117196515 0.0072809048 0.0054884992 0.007710027 0.0055028859 0.0066450957 0.0137428519 0.0046843481 0.0076411147 0.0090948621 0.0061360934 0.0079123473 0.0103644319 0.0060006396 0.0036378428 0.0102491329 0.0071823112 0.0066637851 0.0101489586 0.0092261665 0.0046505537 0.0047391793 0.0083423765 0.0073608998 0.0017256668 0.0041641986 0.0026921369 0.0103105445 0.0084515906 0.0089651499 0.0060336062 0.0076008025 0.0041574189 0.0134951268 0.0107373314 0.0059041911 0.0146079304 0.015517633 0.0166777974 0.0022197822 0.0066202004 0.0063185117 0.0048788544 0.0035862006 0.0040351846 0.0115301673 0.0040933199 0.0083978071 0.0043167475 0.0180815134 0.0031922883 0.0150100833 0.0092263867 0.0098399724 0.0098875224 0.0053688175 0.0054568839 0.0028419796 0.0105816732 0.0056151174 0.0106298586 0.010774747 0.0056618524 0.0054460912 0.0090533893 0.0044585203 0.0047983452 0.0062615875 0.0091257717 0.0069807159 0.0134910062 0.0063475141 0.0060038362 0.0095951207 0.0138681806 0.0090991621 0.007861667 0.0084011491 0.0081025135 0.0098387766 0.0069816865 
24 0.0048212493 0.0068412691 0.0151764315 0.0036535974 0.0110055472 0.0095333779 0.0117818987 0.0108214204 0.0047111117 0.0113186488 0.0065542154 0.0053004657 0.0046040127 0.005500774 0.0103681482 0.0026954806 0.0084617196 0.010263478 0.0071336084 0.0084339006 0.0081651769 0.0080043215 0.0077216364 0.0066987958 0.0106455207 0.003832927 0.0092429658 0.0093040481 0.0063423042 0.0069024154 0.0095993813 0.0145158677 0.0103188979 0.0084421344 0.0078042844 0.0100796043 0.0082808264 0.0062854673 0.0069864187 0.0090788771 0.0075399779 0.0104432156 0.0046392096 0.0072059137 0.0015877818 0.0091950899 0.009468962 0.0093376065 0.0046027681 0.0048487685 0.0118484081 0.0098818462 0.0060691216 0.0040725343 0.006170368 0.0129823039 0.0078084123 0.0089126772 0.0116381141 0.0064243418 0.006257212 0.014885879 0.0170988962 0.0086437744 0.0068553964 0.0092034619 0.0048229849 0.0108779932 0.0050203393 0.0084505443 0.0053721458 0.0099923491 0.0074875139 0.0037262008 0.0084928954 0.0047406171 0.0103869675 0.0031792394 0.0077286384 0.010228579 0.0074993684 0.0073439715 0.0053237953 0.0067933702 0.0105263869 0.0082707741 0.0147954507 0.0065390832 0.0062101025 0.0066117302 0.0054714389 0.0091487155 0.0099382677 0.0073077005 0.0055453179 0.0061909514 0.0040422424 0.0045690802 0.0078237529 0.003801329 0.0039546136 0.0056403368 0.0037709646 0.0049474829 0.0044489654 0.0105588857 0.010377229 0.0096355965 0.0040909544 0.0054353994 0.0090321408 0.0180542966 0.0082383853 0.0170307196 0.0088848008 0.0144501515 0.0057379879 0.0055025443 0.0110053961 0.0055669818 0.0097753549 0.0027654759 0.0036573141 0.0070396232 0.0044894102 0.0064394836 0.0029109021 0.0074444979 
