128
1 0.0218192681 0.0043569159 0.0072394178 0.0067463805 0.0129943728 0.0087097037 0.0104134442 0.0062668114 0.0098845581 0.0147229911 0.0046812261 0.0064199337 0.0048903259 0.0069257868 0.007379726 0.003791514 0.0075392985 0.0048440358 0.005992096 0.0058005067 0.0073923229 0.0095620404 0.0101588916 0.0130258359 0.0120326476 0.0053427733 0.0058155483 0.0060771426 0.0061435911 0.0023088667 0.0073837497 0.0094156873 0.0080040116 0.0064761395 0.0067122813 0.0134305644 0.0053716476 0.0103616131 0.0090390171 0.0054635235 0.0094261022 0.0059178584 0.0068222497 0.0070158336 0.01161284 0.0021653047 0.0068432762 0.0088624342 0.0049596443 0.0041935453 0.0098691366 0.0082461894 0.0059235292 0.0091109858 0.0118262704 0.0043778916 0.0029242762 0.0096155352 0.0054750012 0.0067207352 0.0062607124 0.0062644473 0.0087387098 0.009661434 0.0102855233 0.0073447238 0.0073408554 0.0111063861 0.0054588328 0.0118307143 0.0064124313 0.0059348006 0.0076498684 0.0108712913 0.0093509045 0.0054864252 0.0027838879 0.0057587814 0.0048071131 0.0105900429 0.0138081714 0.0058585188 0.0061978394 0.0096343975 0.005954961 0.0096148149 0.0045187954 0.0065164033 0.0104668609 0.0054654383 0.0086973208 0.0040475417 0.0076731173 0.0137227484 0.0049702097 0.0088689306 0.0119636646 0.0059219072 0.0088582514 0.0091917427 0.0065674789 0.0070282177 0.0074751377 0.0070128555 0.0037172886 0.0091611424 0.0058920276 0.0082907971 0.0095486589 0.0090583545 0.0107798296 0.0052838147 0.0079387272 0.0115989855 0.0084922944 0.0146459295 0.0057502331 0.0076920708 0.0072238337 0.0063557443 0.0121066936 0.0079119191 0.0060581643 0.009412166 0.0089863454 0.0074552262 0.0035265055 0.0062951891 
2 0.0043569159 0.0097244764 0.0046726161 0.0107688375 0.0116093747 0.0070474937 0.0058966808 0.0057963423 0.0115082327 0.0077947824 0.0030983719 0.0128542527 0.0069626899 0.0044294895 0.0057656767 0.0043059183 0.0038238375 0.004699287 0.0045682882 0.0035229516 0.0029518563 0.007618939 0.00831426 0.0073131455 0.0052090648 0.0095631588 0.0056296602 0.0147708983 0.0085962275 0.0080413941 0.0099503728 0.0089392916 0.0092833291 0.0074485696 0.0057737077 0.0090025485 0.0082152722 0.0085579447 0.006905651 0.0023564856 0.0043861433 0.0092943444 0.007842454 0.0059413541 0.0077896509 0.0019002321 0.0126657995 0.0068911386 0.0097513195 0.0025818734 0.0057344179 0.0060282515 0.0131559735 0.0052635279 0.0070016407 0.0133693591 0.0086007926 0.0039830291 0.0081127978 0.0085643657 0.0101846872 0.0088540621 0.010125742 0.0052552982 0.0148624309 0.0106814627 0.00628419 0.0063573162 0.0078283697 0.0054896871 0.0070478245 0.0087220165 0.0084702372 0.0109229581 0.0079053623 0.00448596 0.0108676576 0.008875654 0.0114532973 0.0080357269 0.0097290724 0.0117397599 0.0028815302 0.009727663 0.0073479041 0.0087708295 0.0058275056 0.0167340759 0.0118890379 0.0058824945 0.0035493352 0.008661472 0.0114603348 0.0068529251 0.0109304244 0.0070960581 0.0090411251 0.0117516105 0.0097386099 0.010488085 0.0052163515 0.0097954126 0.0095552795 0.0105339945 0.011579834 0.0055053281 0.0076148277 0.0081652527 0.0044920113 0.0089786657 0.0117206662 0.0082298672 0.0067012216 0.0080011157 0.0031044912 0.0101386618 0.0022003542 0.0052976563 0.0097343192 0.0057618107 0.0052798788 0.0090556792 0.0045025406 0.0151578616 0.011436757 0.0020745438 0.0071704314 0.0036786335 
3 0.0072394178 0.0046726161 0.0074675646 0.0127555693 0.0119770865 0.0060550734 0.0089229434 0.0047358169 0.0123225772 0.0062776183 0.0021864781 0.0098882551 0.0085828454 0.0114435006 0.010158166 0.0095847437 0.0099511495 0.008809549 0.0027916222 0.0107133166 0.0108196791 0.0015587377 0.0064806997 0.009236654 0.0124774699 0.0082166775 0.0080137421 0.0055644165 0.0102286948 0.0122016651 0.0019324419 0.0112145933 0.0080258272 0.0091468951 0.0050309277 0.0051776604 0.0095480444 0.0083202843 0.0061019843 0.0081442443 0.0054726805 0.0107633711 0.004899312 0.0048780715 0.0056667563 0.0022845803 0.0067188693 0.0055950593 0.0090449707 0.0104311882 0.0077203341 0.0103985279 0.0089338049 0.0069239333 0.0063948419 0.0140758161 0.0052669643 0.0042473219 0.0043989356 0.0066174871 0.0048682009 0.0045837668 0.0078230537 0.0067772835 0.0095135246 0.005041356 0.0129761568 0.0086951051 0.0167934686 0.004914162 0.0058430355 0.0067736989 0.0044283462 0.0074416524 0.0065764583 0.0113163204 0.0042536993 0.0022425596 0.0063592154 0.0107227703 0.0093616928 0.0104491683 0.0086075222 0.0083354054 0.0080867706 0.007690905 0.0086507567 0.0074643788 0.0052923418 0.0090910935 0.0095118976 0.0071639745 0.0091750745 0.0069877729 0.0067587315 0.002648695 0.0106803487 0.0041097632 0.0094163846 0.0096524408 0.0082571815 0.0090253895 0.0065166463 0.0104882135 0.0100424266 0.0085222656 0.0087579395 0.00694533 0.0043942603 0.0076953226 0.0144880874 0.0108443756 0.012779526 0.0072358304 0.0045737955 0.0057809065 0.0045346697 0.0045878542 0.0079554448 0.0093425723 0.0058997946 0.006402808 0.0117035517 0.0100456525 0.011458708 0.0067126913 0.0096589389 0.0035607897 
4 0.0067463805 0.0107688375 0.0127555693 0.0040400825 0.0040267158 0.0114042222 0.0034471165 0.0079066742 0.0069816071 0.0042738734 0.0115428024 0.00988945 0.0110273047 0.0052910998 0.0067382496 0.0062948291 0.0098638164 0.0102726707 0.008846759 0.0124572794 0.0064565032 0.0070582534 0.00317667 0.0071465184 0.0048733885 0.003532411 0.0088193108 0.0119815904 0.0104213938 0.009330837 0.0062155658 0.0070969523 0.0041571264 0.0103844678 0.0048424584 0.0053179913 0.0124887835 0.0069244977 0.007837725 0.00658201 0.0061851392 0.0049578335 0.0048053236 0.0157616432 0.0073447035 0.0072696233 0.0111198848 0.0097794882 0.0035033964 0.0113634389 0.0074148896 0.0089771597 0.0100841105 0.0140741847 0.0040149901 0.0088526779 0.0115928157 0.0103392443 0.0075985901 0.0061887114 0.0055428739 0.0160728839 0.0062175051 0.0047116812 0.0106977133 0.0054160399 0.0080704104 0.0056938951 0.0116292988 0.0051790622 0.0072986206 0.0069319615 0.0052654557 0.0102748361 0.0109197027 0.0087103568 0.0055952799 0.0078309556 0.004546287 0.008613736 0.0105814909 0.0053185438 0.003157626 0.0101985049 0.0060729293 0.0117526986 0.0086479016 0.007735992 0.0071082334 0.0091902624 0.0069912531 0.0086020732 0.0033452005 0.0063110969 0.0091453569 0.0082641334 0.0145198901 0.0068114351 0.0059206772 0.0109941938 0.0069528591 0.0101426245 0.0069220092 0.0153911332 0.0062417769 0.006146068 0.0062486691 0.0045638583 0.0037913979 0.0076121452 0.0075784577 0.0051323023 0.0049227216 0.0081533806 0.0046964844 0.0071084673 0.0097051362 0.0038969015 0.0072202886 0.0073272704 0.0042889638 0.0026037942 0.0111709452 0.0082091777 0.0076327992 0.0109448409 0.0092211876 0.0098386473 
5 0.0129943728 0.0116093747 0.0119770865 0.0040267158 0.0104544346 0.0062817045 0.0098098395 0.003628664 0.0082096511 0.0088737996 0.0091103612 0.0047510262 0.0088376544 0.0073934528 0.0057295501 0.0078975757 0.0041404306 0.0083162522 0.0119301462 0.0108509191 0.0085361066 0.0055777169 0.0084828051 0.0069617471 0.0081265746 0.01189267 0.0066848671 0.0084158626 0.0074957827 0.0096476569 0.0092152573 0.0084786277 0.0064295814 0.0050211385 0.0064733747 0.0045797028 0.0035963909 0.0071263405 0.0077130692 0.0040025943 0.0063145944 0.0105685752 0.0118002734 0.0075129018 0.0109849554 0.0118974236 0.0056802054 0.0090331702 0.0059454052 0.0115754304 0.007748279 0.0052072668 0.0072255021 0.0113137076 0.0088401203 0.0050422736 0.0062386935 0.0103518861 0.009344508 0.0099115137 0.0081984429 0.0046047256 0.004724205 0.0130584055 0.0054148492 0.006894613 0.0142984913 0.0011779702 0.0064635378 0.0074006847 0.0071146383 0.0056601003 0.0069504232 0.0043026992 0.0070769763 0.0109882619 0.0060750813 0.0090324315 0.0107772663 0.0088171993 0.0094123079 0.0092694527 0.0107281261 0.0094609514 0.0042148524 0.0088329099 0.007339198 0.0128747618 0.0035345977 0.0066860259 0.0049228685 0.007846167 0.0035983168 0.0046163707 0.0094923265 0.0035734972 0.0046989115 0.0082898503 0.0053429604 0.0093751056 0.0076991405 0.0048655922 0.0055415874 0.006949207 0.0060489079 0.0081044064 0.0035116841 0.0108444435 0.0122280752 0.0098959418 0.0047146788 0.0162857024 0.0042347195 0.0113460654 0.0049179429 0.011950367 0.0061592122 0.0095339059 0.006335171 0.0072345801 0.0056186636 0.0094052776 0.0080029999 0.010473914 0.0045589028 0.008527781 0.0084100291 0.0096429755 
6 0.0087097037 0.0070474937 0.0060550734 0.0114042222 0.0062817045 0.0130644042 0.0051836609 0.0066552639 0.0054153866 0.0090310486 0.0041491045 0.0098697908 0.0060345429 0.0082197006 0.0075232811 0.0105048249 0.0074217863 0.0041657579 0.0079789371 0.0046864126 0.0086410969 0.00922703 0.0089587238 0.0088624711 0.0116878146 0.0056843173 0.0078917884 0.0060693174 0.0084003748 0.0062891963 0.0113295777 0.0079016693 0.007211948 0.0083554709 0.0064857155 0.003886631 0.0090552516 0.0084109882 0.005327507 0.0090093248 0.0094888959 0.0079482324 0.0121318895 0.0122428166 0.0076663425 0.0082261326 0.0065831973 0.0058155787 0.0008752862 0.0112488889 0.0064900403 0.0027012628 0.0091222082 0.0092156551 0.0090970121 0.0032104515 0.0137346362 0.0029882022 0.0064262274 0.0027788782 0.0051974031 0.0146651314 0.0056609732 0.0053690841 0.0015031866 0.014144298 0.0044370714 0.0032079378 0.008505783 0.0048504828 0.0059638324 0.003656821 0.0062603288 0.0035756463 0.0157063343 0.0123025628 0.0106786676 0.0049797446 0.0052788485 0.0093834214 0.0089576874 0.0051656634 0.0120630382 0.0047780212 0.0126553184 0.0111697271 0.0077960003 0.0099259773 0.0084874836 0.0139527871 0.0040815183 0.0138120175 0.0125793243 0.0107474247 0.0034011036 0.0106241949 0.0048528407 0.0056333599 0.0053834887 0.0063335791 0.0058106531 0.0072987779 0.0124750729 0.0087103865 0.0084491088 0.0075951088 0.0075605906 0.0119049635 0.0055580689 0.0096696288 0.0130089975 0.0120558432 0.0133928962 0.0055367471 0.0043515246 0.004053521 0.0063867186 0.0087205215 0.0034874421 0.0076826277 0.0069384453 0.0055611227 0.0147868716 0.0116834237 0.0052574175 0.0072223951 0.0052475817 0.0057852782 
7 0.0104134442 0.0058966808 0.0089229434 0.0034471165 0.0098098395 0.0051836609 0.0110952301 0.005691075 0.0104649438 0.0065819357 0.0049981866 0.0107785023 0.0122529162 0.0065297252 0.0090227417 0.0041787072 0.0100927216 0.0042609416 0.0059250835 0.005645397 0.0062451515 0.0053449444 0.0075181436 0.0074219383 0.0056405921 0.0052647565 0.0073139162 0.0064480961 0.0066750385 0.0085463521 0.0073600995 0.0099653065 0.0033765113 0.003304758 0.0073736119 0.0041439786 0.0049963192 0.01731995 0.0074772193 0.0101157993 0.0073380684 0.0094857769 0.0090732338 0.005473421 0.0102521154 0.011916446 0.0105618864 0.0035888298 0.0065980142 0.0038969774 0.0043515453 0.0047309769 0.0076373552 0.0119518924 0.0155600919 0.0047180129 0.0080003037 0.0047006032 0.0132068257 0.0118774899 0.0130069209 0.0115701295 0.007188198 0.0066812831 0.0093246354 0.0040155795 0.0061066496 0.0024495303 0.0083352924 0.0062835823 0.0161885857 0.0076334715 0.004101078 0.0038736054 0.0101405431 0.0078451812 0.0055101904 0.0100453329 0.0083273858 0.0080868312 0.0024909013 0.0064417426 0.0068467827 0.009031443 0.0044184962 0.00512118 0.0049458057 0.0071414046 0.0106106597 0.0080327223 0.0031813814 0.0061774665 0.006592219 0.007039828 0.0080239925 0.0123515568 0.0051692615 0.0123956002 0.0083586315 0.0122814727 0.0074655774 0.0035734267 0.0131258717 0.0097729917 0.0126793626 0.0026000849 0.0117317152 0.0061762803 0.0086228385 0.0011469142 0.0074993926 0.010634365 0.0078244203 0.0138304321 0.0113003544 0.0087183672 0.0140281588 0.0052469654 0.0062605381 0.008568578 0.0105898829 0.0063593662 0.0036232467 0.0095299291 0.0048959856 0.014555624 0.0057059311 0.0126027033 
8 0.0062668114 0.0057963423 0.0047358169 0.0079066742 0.003628664 0.0066552639 0.005691075 0.001506511 0.0034406553 0.0042180534 0.005730848 0.015427248 0.0055270434 0.0101210266 0.0093019992 0.0130362404 0.0052048123 0.0057657756 0.006471367 0.0084743937 0.0061212953 0.0094463086 0.0069859704 0.0125719848 0.0077605488 0.0122030826 0.0038389486 0.0064480205 0.0101143018 0.0085031062 0.00945197 0.0082043645 0.0066328349 0.0102163192 0.0112090447 0.0159606918 0.0046018885 0.0079741578 0.0082966007 0.0048806398 0.0153524868 0.008070939 0.0087451645 0.0128294805 0.0037399099 0.0040610908 0.0067738749 0.0094415303 0.0109401914 0.0085451815 0.0053998188 0.0071079763 0.0025500328 0.0096132371 0.0138097644 0.0086190361 0.0098673416 0.0085293971 0.0093353413 0.0111112241 0.0104953863 0.0046141115 0.0050043706 0.0091358555 0.0046270259 0.0118147063 0.00859096 0.0084192548 0.0069732261 0.0093898056 0.0094263287 0.0044261916 0.0111642526 0.006605182 0.009044204 0.0122422095 0.0074064761 0.0031070044 0.0085509966 0.0069909501 0.0059951666 0.0091774681 0.0088554526 0.0074661518 0.0098652368 0.005812006 0.0045881463 0.0090085926 0.0074690598 0.0079396565 0.0044698718 0.0059317438 0.0054365482 0.0062952173 0.0130634882 0.008490231 0.0060324324 0.0100759226 0.0058486223 0.0031926128 0.0094505922 0.0076981493 0.0053452231 0.0061309405 0.0084833884 0.0089227898 0.0089809365 0.0091493798 0.0097481234 0.0046189121 0.0075178876 0.0057661068 0.0048535976 0.0049507307 0.0092188117 0.0051177928 0.0093301787 0.0120137907 0.0105632613 0.00430102 0.0097073648 0.0105260732 0.0032777788 0.0051735904 0.0144223988 0.0047335097 0.0061697151 0.0100141105 
9 0.0098845581 0.0115082327 0.0123225772 0.0069816071 0.0082096511 0.0054153866 0.0104649438 0.0034406553 0.0106193465 0.0059612983 0.0063605687 0.0077298101 0.0095229873 0.0084672067 0.0128630816 0.0041586906 0.0069983475 0.0066088848 0.0083375911 0.0094824889 0.0107915098 0.0061305496 0.0093602789 0.0041403801 0.010966072 0.007922187 0.0091702973 0.004221484 0.0024388276 0.0034551076 0.0046272959 0.0035830681 0.0071254062 0.0111995113 0.0062133046 0.0084352583 0.007644313 0.0052266851 0.0060975068 0.0113128608 0.0090866193 0.0124446301 0.0056495676 0.009149145 0.0092360641 0.0080135248 0.0048729596 0.0055186936 0.0089024012 0.0101772531 0.01170614 0.0096027258 0.0045374571 0.0086756762 0.006407922 0.0111411136 0.0079208834 0.0052280439 0.0078047596 0.0038147399 0.0100616948 0.010119538 0.0101883751 0.0080968865 0.0092733762 0.0081093553 0.0035785555 0.0072075675 0.0053890357 0.0093736696 0.0069381782 0.0061664422 0.0098545882 0.0042832935 0.0056278857 0.0047361894 0.0124897884 0.0114742275 0.0010865255 0.0078895755 0.0081468221 0.0090700138 0.0068985798 0.0051380036 0.0062483813 0.0077534071 0.0118184586 0.0087862561 0.0059017449 0.0109277218 0.0104906913 0.0070367768 0.0076611014 0.0078965717 0.0089350501 0.0068546476 0.0094593512 0.0069924227 0.0068409468 0.0040544357 0.016422922 0.0038467022 0.0050255889 0.0055121667 0.0097420235 0.0099943486 0.0053518867 0.01076782 0.0110493822 0.0098652583 0.008598669 0.0144352336 0.0060504644 0.0057478594 0.0079079597 0.0065496613 0.0068550222 0.0109580672 0.0044936346 0.0061675221 0.0066139534 0.0097515552 0.0058354867 0.0069741035 0.0071837169 0.0046333197 0.0106874596 0.0088319422 
10 0.0147229911 0.0077947824 0.0062776183 0.0042738734 0.0088737996 0.0090310486 0.0065819357 0.0042180534 0.0059612983 0.0048210332 0.012514719 0.0098985411 0.0076984552 0.0040568767 0.004802981 0.0021614419 0.006383157 0.0132022568 0.0024844138 0.0057079848 0.0113877998 0.0097372647 0.0066720604 0.0091680984 0.005062801 0.0066134323 0.0094764714 0.0089633443 0.0051903817 0.0051350481 0.0093717008 0.0077643871 0.0108763184 0.0033737586 0.0060008612 0.0058915241 0.007545351 0.0049278053 0.0054902436 0.007715687 0.0057096522 0.0104252925 0.0101749303 0.0071404478 0.0089450046 0.009286764 0.0115120721 0.0071818896 0.0026776939 0.0091665421 0.0071697533 0.0091348186 0.008786854 0.0045554753 0.0093377449 0.0074063595 0.0061808191 0.0191988256 0.0067149599 0.0059794611 0.0107428911 0.0084984796 0.0070540343 0.0096489053 0.012176847 0.0074976573 0.0036094654 0.0065411551 0.0058757549 0.0092906312 0.0080042528 0.0054194939 0.0124504679 0.0036009222 0.0060491957 0.0130679006 0.0074475855 0.0146377754 0.0060675146 0.00478319 0.0100207408 0.0089927897 0.0094668811 0.0075328768 0.0072668155 0.0043300165 0.0089732551 0.005268941 0.0131930776 0.0060543259 0.0101050424 0.0066073768 0.009099274 0.0099279409 0.0057517045 0.0109499604 0.0115814346 0.009316533 0.0040102107 0.0044164543 0.0042556732 0.0092264003 0.0132503693 0.0073511388 0.0073661912 0.0065878651 0.005607432 0.0088683969 0.010510376 0.0079433172 0.0022212581 0.0081933421 0.0075810571 0.0056283388 0.0059904523 0.0064498528 0.0092685365 0.0036639343 0.0093823408 0.0075497333 0.0099481819 0.0131315856 0.0104127756 0.0113554281 0.0098553073 0.0084842576 0.0041984259 0.0058712996 
11 0.0046812261 0.0030983719 0.0021864781 0.0115428024 0.0091103612 0.0041491045 0.0049981866 0.005730848 0.0063605687 0.012514719 0.0107234287 0.0090063438 0.0041511438 0.0058791639 0.0095760225 0.0090400557 0.0095031141 0.0036062965 0.0066213701 0.0078844007 0.0196680818 0.004340485 0.0032322908 0.0048771161 0.0108216892 0.0058992075 0.0069201569 0.008372656 0.0050233127 0.0083739507 0.0038375278 0.0078264905 0.0076636244 0.007777504 0.0099956197 0.0103052843 0.0045983177 0.0128302116 0.006856171 0.0077310514 0.0082650465 0.0070060926 0.007124755 0.0071776209 0.0110041441 0.0111518009 0.003323878 0.0068254833 0.002816186 0.0057184729 0.0056905214 0.0134645407 0.0113452048 0.0078612024 0.0037611237 0.0053018566 0.0095766058 0.0099068141 0.0045493348 0.0085331042 0.0144326012 0.0102992614 0.0081054856 0.0074436901 0.0050991462 0.0084891161 0.0123900653 0.0096544473 0.0089062494 0.0051596075 0.0068111205 0.0110710712 0.006198758 0.0073427139 0.0087422933 0.0087657532 0.0118867422 0.0066847141 0.0081565456 0.0063196363 0.0055843963 0.0112802101 0.0111754894 0.0094544457 0.0132390424 0.004801283 0.0122440708 0.0082852561 0.009743705 0.0066959824 0.0089818466 0.0058974957 0.0041633547 0.0074065471 0.0049683404 0.0116310369 0.0059432198 0.0090032475 0.0045900151 0.0082427974 0.0086555847 0.0101066807 0.0080487212 0.0075890567 0.006186273 0.0062694331 0.0086008673 0.0024009893 0.0060034007 0.0127606699 0.0054891454 0.0040959601 0.0120603876 0.0115970076 0.0075968268 0.0054350279 0.0094391727 0.0065384316 0.0098137274 0.00612895 0.006487385 0.0054464437 0.0131751584 0.0062906189 0.0057824288 0.004155765 0.0113686291 0.0094679122 
12 0.0064199337 0.0128542527 0.0098882551 0.00988945 0.0047510262 0.0098697908 0.0107785023 0.015427248 0.0077298101 0.0098985411 0.0090063438 0.0136414398 0.004278674 0.006691229 0.0058173321 0.0117479706 0.0049304907 0.0042146022 0.0089379177 0.0074934892 0.0072352839 0.005537707 0.0037950178 0.0056519831 0.0062830981 0.007023307 0.009741191 0.0063136592 0.0027186892 0.004769445 0.0093517984 0.0054377266 0.0103913085 0.0137569034 0.0105043498 0.0037026742 0.0062086853 0.0094213007 0.0047772355 0.0099769163 0.0067506035 0.0017152339 0.0120800278 0.0086115315 0.0041994152 0.0063859513 0.0070756389 0.005584252 0.0074956102 0.0093815518 0.0055563599 0.0078287569 0.0036483431 0.0077136452 0.0064028485 0.0115604219 0.0056118913 0.0106590659 0.0049310495 0.0053025251 0.0103726075 0.0038816275 0.0041327956 0.0067382894 0.0086139352 0.0056891817 0.0113213966 0.009314403 0.0083128048 0.0068303065 0.0070960986 0.0122630911 0.0070547824 0.0129453223 0.0081374614 0.0073925845 0.0045372505 0.0059472006 0.0051514107 0.0095176291 0.0049937623 0.0052404891 0.0102918331 0.0060040012 0.0039286125 0.0046184249 0.0082580448 0.0087968675 0.0093534123 0.0089684494 0.0120921693 0.0059691392 0.0103874915 0.0104130686 0.0060752207 0.00967411 0.0033124278 0.0077392624 0.007283379 0.0063476551 0.0104467279 0.009708048 0.0066137653 0.0114164347 0.0114441649 0.0084320553 0.0074145347 0.006268346 0.0076624263 0.0111565704 0.0040873715 0.0145883089 0.0077808436 0.0072056114 0.0117587492 0.0032997216 0.0084218298 0.0091053965 0.0082197832 0.0088046722 0.0092439485 0.009790966 0.0103026347 0.0090725896 0.0034545135 0.0084269528 0.0086271158 0.0068886155 
13 0.0048903259 0.0069626899 0.0085828454 0.0110273047 0.0088376544 0.0060345429 0.0122529162 0.0055270434 0.0095229873 0.0076984552 0.0041511438 0.004278674 0.0134041501 0.0048690502 0.0070830119 0.0061354413 0.0051232233 0.0072218415 0.006831051 0.0128709219 0.0033929469 0.0016939385 0.0100395296 0.0099669794 0.0051223586 0.0125196632 0.0128169213 0.0071644259 0.0022119335 0.0086698707 0.0061936109 0.0009063635 0.0091438789 0.010428905 0.0061005768 0.004880777 0.0108252316 0.0070594241 0.0040371262 0.0064903624 0.0044874987 0.0111202353 0.0061731775 0.003434672 0.0047363632 0.0093304303 0.004669528 0.004995542 0.0122102579 0.0020343056 0.0056382296 0.0062601794 0.0081824057 0.0109274213 0.0120988125 0.0079311591 0.004838628 0.0042325588 0.0159020899 0.0058329964 0.012038521 0.0033977842 0.0120184806 0.0053275979 0.0128335148 0.0098278342 0.0068107116 0.0071781989 0.0098407311 0.0085632468 0.0078119506 0.006952447 0.0083829692 0.0084008587 0.0128022921 0.0081290897 0.0117003331 0.0099108824 0.0110464706 0.0053449508 0.0060978393 0.0088898159 0.0153523476 0.0067032532 0.0062193828 0.0052827062 0.0091460094 0.0039862915 0.0033275801 0.0098771482 0.0075101617 0.0077172668 0.0056593781 0.0062458246 0.0108831342 0.0042425193 0.0090920591 0.0088858269 0.0050834987 0.0033649501 0.0125285334 0.0061332661 0.0086951224 0.0126823223 0.0084211219 0.0055581568 0.0103788098 0.0099869877 0.0141405672 0.0080734155 0.0046999518 0.0051251457 0.011152536 0.0067169779 0.0092965418 0.0048008159 0.0057597926 0.0102862834 0.0106465146 0.0061953034 0.0151636653 0.0055047859 0.0044308872 0.0094031605 0.006285877 0.0102312181 0.0063451411 0.0114646509 
14 0.0069257868 0.0044294895 0.0114435006 0.0052910998 0.0073934528 0.0082197006 0.0065297252 0.0101210266 0.0084672067 0.0040568767 0.0058791639 0.006691229 0.0048690502 0.0011057316 0.0087184028 0.0038246432 0.0031877734 0.0064073637 0.0046479325 0.0111424537 0.0072204773 0.0041271242 0.0092616993 0.0077189518 0.0067783759 0.0072313593 0.0133644164 0.0129535913 0.0056083571 0.013613511 0.0103706846 0.0075690199 0.0033387092 0.0014160656 0.0069787867 0.0086414312 0.0095864506 0.0090673458 0.0074451963 0.0078548267 0.0104692558 0.0098302927 0.0095725682 0.0100617385 0.0118295691 0.0081493255 0.0104178928 0.0048612273 0.0088620646 0.0133761085 0.0037326478 0.0057633223 0.0092696241 0.01100953 0.0105670079 0.0062437041 0.0124557793 0.0084654607 0.006034075 0.0068055874 0.001710469 0.00912549 0.005320508 0.0053908978 0.0062299042 0.0118817515 0.0048404973 0.0112257456 0.0141935115 0.0022353622 0.0087562722 0.0042227682 0.0085877741 0.0074971246 0.0038946711 0.0083092911 0.0110332671 0.011632363 0.0062809366 0.0044176499 0.0071502524 0.0072283116 0.00265552 0.01118014 0.0073446887 0.0072214511 0.0077861841 0.0131451071 0.0089773357 0.0095220326 0.0076863936 0.0076822621 0.0068466087 0.0073441772 0.0135885659 0.0109732811 0.0064578039 0.0158599041 0.0095379706 0.0063148344 0.0032202559 0.0123578641 0.0043220742 0.0039186332 0.0105927782 0.0080272851 0.0138461583 0.0074363536 0.0105234434 0.0100751413 0.0055592932 0.0077231911 0.0054992993 0.0056199074 0.0083246904 0.0063151226 0.0096211042 0.0108571129 0.0119713637 0.0099405299 0.0022321418 0.0056167402 0.005938251 0.0053158372 0.0069821467 0.0030869109 0.0067186681 0.0097938505 
15 0.007379726 0.0057656767 0.010158166 0.0067382496 0.0057295501 0.0075232811 0.0090227417 0.0093019992 0.0128630816 0.004802981 0.0095760225 0.0058173321 0.0070830119 0.0087184028 0.0100639393 0.0113342306 0.0102839283 0.0103823326 0.0050144026 0.0074485588 0.0089822559 0.0111031344 0.0084136124 0.0038657616 0.0062035381 0.0054138075 0.0100381235 0.0035916639 0.0086030905 0.013995795 0.0050341676 0.0079258418 0.0046209861 0.0126621014 0.0105247141 0.00619312 0.0121841972 0.0048517913 0.0077924547 0.0117092764 0.0120494886 0.0106070853 0.0072738362 0.0058904177 0.0140390842 0.0039013936 0.0055416563 0.0110139009 0.0104362965 0.0115748372 0.0099582471 0.0130811773 0.0080852459 0.0047954128 0.0112953593 0.0038649508 0.0056910043 0.0034469015 0.0061274595 0.0077003828 0.0048263615 0.0065137975 0.0056117005 0.0097175738 0.0075561253 0.0058363029 0.0105589185 0.0090297322 0.0024937231 0.0050061216 0.0080806268 0.0052143732 0.0055324356 0.0057280261 0.0057416641 0.0078696126 0.0077976464 0.0097704443 0.0068493815 0.0146309384 0.007202518 0.0055331563 0.0065460329 0.0067067397 0.0049350284 0.0051342897 0.012082346 0.0048570518 0.0108761092 0.0028952561 0.006952599 0.0060346447 0.0096804781 0.0079576915 0.0086310308 0.0064354766 0.0105312924 0.0078193444 0.0042881293 0.0082140828 0.0051914358 0.0080894585 0.0108934642 0.0077516429 0.0048089601 0.0088035882 0.0056171836 0.0111826095 0.003853705 0.0060589748 0.0102089331 0.0103182503 0.0059514662 0.0105017832 0.0061029835 0.00508934 0.0107608291 0.0085089331 0.0035730846 0.010254928 0.0046244122 0.0064032493 0.0097602111 0.0084827091 0.0097898416 0.009634109 0.0082653382 0.0067485865 
16 0.003791514 0.0043059183 0.0095847437 0.0062948291 0.0078975757 0.0105048249 0.0041787072 0.0130362404 0.0041586906 0.0021614419 0.0090400557 0.0117479706 0.0061354413 0.0038246432 0.0113342306 0.0099866401 0.0070511828 0.0110571684 0.0123832958 0.0072651975 0.0053139837 0.0068682581 0.0071886184 0.0044337745 0.0074879066 0.0079804253 0.0057769509 0.012300314 0.0054794767 0.0071475266 0.008758342 0.0075029238 0.0037600288 0.0056685942 0.0092585911 0.0048923374 0.0107442785 0.0157473187 0.0086517317 0.0130095255 0.0129996386 0.007434535 0.0037691403 0.0124708241 0.0074149138 0.0056733226 0.0091185523 0.0119946097 0.0074433649 0.0120358537 0.0093976647 0.0066710526 0.011568272 0.0117897021 0.0155031776 0.007966176 0.0072373397 0.0062042676 0.0082669234 0.0052917918 0.0083239143 0.0106381717 0.0098873224 0.0075531714 0.0064381073 0.0071639782 0.0108945281 0.0047597412 0.0080095652 0.0112081971 0.0074143387 0.0067013934 0.0066755153 0.0055248743 0.0054167927 0.007904522 0.0073099634 0.0058877984 0.0043637739 0.0070267374 0.0110477031 0.0078436389 0.0096075315 0.008897228 0.0078641462 0.0077880765 0.0101316081 0.0038081408 0.0111990527 0.0059068261 0.0051685879 0.010299447 0.0065272108 0.0115364251 0.0066765756 0.0063437868 0.011745323 0.0046365539 0.0096402565 0.0053199261 0.0063195349 0.0058616157 0.0062542978 0.0047467351 0.0064046378 0.0044942413 0.0111149289 0.0098376761 0.0061295501 0.0064326441 0.0058309071 0.0049011485 0.005853338 0.005698245 0.0045169611 0.0104187891 0.0064177161 0.0088370355 0.006012596 0.0107444555 0.007579485 0.0065958868 0.0095350272 0.0043527367 0.0097967045 0.0057902348 0.0042014666 0.0102686128 
17 0.0075392985 0.0038238375 0.0099511495 0.0098638164 0.0041404306 0.0074217863 0.0100927216 0.0052048123 0.0069983475 0.006383157 0.0095031141 0.0049304907 0.0051232233 0.0031877734 0.0102839283 0.0070511828 0.0095740035 0.0053927302 0.0070763672 0.0076572261 0.0093110983 0.0070688741 0.0038691608 0.0046094957 0.0063885506 0.0101336906 0.0061051773 0.0079896413 0.0106227609 0.0058614073 0.012407284 0.003003903 0.0074521221 0.0090293173 0.0068062155 0.0125110427 0.0050230838 0.0054757572 0.003330955 0.0071449634 0.0093446605 0.0096271349 0.0121396828 0.00645497 0.0086244682 0.0057107338 0.0091291986 0.0077692188 0.0077008873 0.0081179096 0.0151814096 0.0068910556 0.0130695212 0.0059155183 0.0099572012 0.0096957899 0.0080517453 0.0087704668 0.003615334 0.0086693398 0.0143574336 0.0082629158 0.0046204529 0.0095618885 0.0078645576 0.0065363404 0.0103971915 0.0105897057 0.0110682555 0.0051490628 0.0053479734 0.0041681184 0.010972302 0.0097430292 0.0079052966 0.005079425 0.008521587 0.0073528489 0.0093017286 0.0070909795 0.0119925614 0.005902281 0.0111881922 0.0064625599 0.0046803027 0.0061157946 0.0076117589 0.0077276872 0.0035369045 0.0038888682 0.007946449 0.011298864 0.0069882838 0.0111929343 0.0117813624 0.0098933547 0.0042009757 0.0107059965 0.0134096795 0.0139900583 0.006205249 0.0076642537 0.0033788402 0.0068036205 0.0038337502 0.0067144933 0.0037650045 0.0070335815 0.0046613669 0.0062638008 0.0106993161 0.008442169 0.0127249232 0.0042392643 0.0074969494 0.0069970098 0.0104383481 0.008020184 0.0144710428 0.0044208467 0.0127910341 0.0010353308 0.0081523799 0.0045502456 0.0103378925 0.0087131286 0.0098016289 0.00615824 
18 0.0048440358 0.004699287 0.008809549 0.0102726707 0.0083162522 0.0041657579 0.0042609416 0.0057657756 0.0066088848 0.0132022568 0.0036062965 0.0042146022 0.0072218415 0.0064073637 0.0103823326 0.0110571684 0.0053927302 0.010339708 0.0109202299 0.0065439759 0.0064880293 0.0096704346 0.0086056979 0.0047156057 0.008197965 0.0057153873 0.0059514451 0.0095441988 0.0095428789 0.010263088 0.0096667892 0.0058814846 0.0053157311 0.0167416735 0.0017565095 0.0078420258 0.0068858712 0.0189299144 0.0096527055 0.0066238008 0.0105765669 0.0101550866 0.0147827653 0.0113338117 0.0075082158 0.0079915434 0.0097698689 0.0039860408 0.0087018247 0.0089833724 0.0069876868 0.0098457012 0.0061425721 0.0055036701 0.014940897 0.0104644782 0.0056123342 0.0086216119 0.0109135592 0.0088059372 0.0045850544 0.0102409678 0.0056154245 0.006225527 0.011833334 0.0107673136 0.0070663348 0.005253244 0.0128609981 0.0105371185 0.0065395875 0.0064883428 0.0047587677 0.0017875619 0.0099481299 0.0071096593 0.0075284752 0.0045492841 0.005415138 0.0075104757 0.0068627386 0.0059651216 0.0068725209 0.0123131311 0.0128116353 0.004506845 0.0084854898 0.0073065695 0.0055641981 0.0065694729 0.0106974183 0.0029702242 0.0045851969 0.0076791127 0.0065672118 0.00666528 0.0087921183 0.0122923731 0.0093329651 0.0092671248 0.0095512874 0.0040668317 0.0072142993 0.0056819095 0.0101898542 0.0098058976 0.011635625 0.0098987614 0.0073418297 0.0046877487 0.0055655972 0.0063713361 0.0080757827 0.0039979428 0.0070386495 0.0128613167 0.0037628244 0.0110579314 0.0072485284 0.0051725678 0.0055020106 0.0091077406 0.0055094255 0.0017055133 0.007935471 0.0065400223 0.0056766868 0.0074186811 
19 0.005992096 0.0045682882 0.0027916222 0.008846759 0.0119301462 0.0079789371 0.0059250835 0.006471367 0.0083375911 0.0024844138 0.0066213701 0.0089379177 0.006831051 0.0046479325 0.0050144026 0.0123832958 0.0070763672 0.0109202299 0.0082004239 0.0089846293 0.0081145369 0.0073722551 0.0121993469 0.0059160699 0.0017484408 0.0130376937 0.0106414134 0.004393284 0.0092908068 0.0073464973 0.00809353 0.0056635064 0.0077627733 0.0092693983 0.0033076751 0.0099645756 0.0049254723 0.0082623451 0.0076677778 0.0060884376 0.0069227223 0.0016849908 0.0127630943 0.0034758193 0.0066368161 0.0040902542 0.0035638396 0.0129313486 0.0091965861 0.0103109331 0.0047756613 0.0094611325 0.010371375 0.009890831 0.007450059 0.0051722128 0.0047817055 0.0074823908 0.0122038781 0.0097297439 0.0053940214 0.0053277734 0.0056463417 0.0072797342 0.0060391998 0.0079725511 0.0080346423 0.0086678344 0.0091539255 0.0055529365 0.005864502 0.0085585107 0.0088089627 0.0095245279 0.011725605 0.006752095 0.0123089483 0.0085498595 0.010827694 0.0058909183 0.0085112894 0.0054509746 0.0044789695 0.0099459198 0.006619439 0.0098477766 0.006730734 0.0069540827 0.0109510326 0.0044847105 0.0085533018 0.009279149 0.0092228092 0.0124639258 0.0036698848 0.0113290382 0.0063105934 0.0128735122 0.0058923994 0.0099743586 0.0113869317 0.0069168568 0.008441982 0.0057352594 0.0057123485 0.0072178835 0.0088144532 0.0053568781 0.0098199408 0.0121104176 0.0076847619 0.0096180343 0.0072190655 0.0115190028 0.0070408503 0.0131049013 0.0074891124 0.008831474 0.0066907189 0.0073303358 0.0111289247 0.0090851553 0.001648708 0.0043443487 0.0084179603 0.0107551182 0.0101328583 0.006116079 
20 0.0058005067 0.0035229516 0.0107133166 0.0124572794 0.0108509191 0.0046864126 0.005645397 0.0084743937 0.0094824889 0.0057079848 0.0078844007 0.0074934892 0.0128709219 0.0111424537 0.0074485588 0.0072651975 0.0076572261 0.0065439759 0.0089846293 0.0005582788 0.0071527343 0.0020401435 0.0067986661 0.008233661 0.0144960882 0.0081033904 0.0090285296 0.0093900515 0.0062570033 0.0059961047 0.0081162527 0.0139536549 0.0084123884 0.0068054067 0.0064023728 0.0060967286 0.0174558427 0.0084912461 0.0072608663 0.0023453065 0.0094842836 0.0097462706 0.0061223623 0.0059614673 0.0091602305 0.0057951537 0.0061980781 0.0043724263 0.0027277939 0.0062994875 0.0063795425 0.0084078202 0.0044023099 0.0090809529 0.0057858886 0.00655165 0.0112577122 0.0079729197 0.007365883 0.0098071295 0.0053401292 0.0051705793 0.0089667689 0.0090809763 0.0066220176 0.0091370581 0.0100214494 0.0064572634 0.0058023589 0.010080102 0.0063908854 0.0011367054 0.0066529887 0.0080317873 0.0083198938 0.0064154527 0.0038585246 0.0137830072 0.0060869863 0.0071875613 0.0085987531 0.0111931801 0.0123601303 0.0082625062 0.0049246306 0.0100981995 0.0097441775 0.0039654416 0.0051600859 0.0086037766 0.0126227162 0.006570901 0.0061649631 0.0093639096 0.0091003407 0.0045191333 0.0067866414 0.0108551732 0.0075386089 0.0114840696 0.0060837134 0.0100211315 0.0081451088 0.0070844571 0.0074176745 0.007471896 0.003577775 0.0058904725 0.0091813289 0.0073447139 0.0036801736 0.0138917438 0.0078199326 0.0094088172 0.0103839953 0.0108448578 0.009835671 0.003403306 0.0059254008 0.0131716004 0.0099795466 0.013423177 0.0096165114 0.0070462148 0.0065633114 0.0038443559 0.0105248013 0.0050518943 
21 0.0073923229 0.0029518563 0.0108196791 0.0064565032 0.0085361066 0.0086410969 0.0062451515 0.0061212953 0.0107915098 0.0113877998 0.0196680818 0.0072352839 0.0033929469 0.0072204773 0.0089822559 0.0053139837 0.0093110983 0.0064880293 0.0081145369 0.0071527343 0.0068014324 0.0161442066 0.0098195748 0.0095312842 0.0053362008 0.0059048674 0.0045817009 0.0050376279 0.0058702349 0.0028292728 0.0063600967 0.0061235168 0.0026700798 0.0067148253 0.0041251736 0.008710061 0.0115949408 0.0030771797 0.0101809287 0.0063509007 0.0067439731 0.0064786786 0.0119474071 0.0048327754 0.0044322507 0.0130551674 0.0088330229 0.0099706441 0.0061581512 0.0105176955 0.0077624966 0.0112490871 0.0076580217 0.0116740153 0.0078240801 0.0118869689 0.0075372482 0.009254276 0.0066284708 0.0098985795 0.0100539766 0.0102530394 0.0058540669 0.0082498102 0.0045488846 0.0066656265 0.0150015695 0.0066135219 0.0088370846 0.0090059889 0.0074894119 0.0071618504 0.0082916605 0.0094527945 0.0068753642 0.0088891589 0.0061407768 0.0041462308 0.0082533711 0.0072158864 0.008935582 0.0046307817 0.0090617233 0.0079790835 0.01078452 0.0032717036 0.0123673329 0.0036761004 0.0090589356 0.0056225624 0.0044954384 0.0072819077 0.0080728004 0.0081019386 0.0096332363 0.0068488489 0.0052007784 0.0079654419 0.0073605107 0.0074886443 0.0075081406 0.0048778461 0.0190299304 0.0086166123 0.0151919543 0.0080811979 0.0098001161 0.0046234017 0.0092374708 0.0046110792 0.0061715642 0.0099798817 0.0042563924 0.0058160112 0.0060124079 0.0050268242 0.0076303094 0.0038339663 0.0063422528 0.0075958315 0.0112716517 0.0099619127 0.0066025903 0.0079311805 0.0065679314 0.0078664577 0.0071516477 0.0072356263 
22 0.0095620404 0.007618939 0.0015587377 0.0070582534 0.0055777169 0.00922703 0.0053449444 0.0094463086 0.0061305496 0.0097372647 0.004340485 0.005537707 0.0016939385 0.0041271242 0.0111031344 0.0068682581 0.0070688741 0.0096704346 0.0073722551 0.0020401435 0.0161442066 0.0107308415 0.0075498268 0.0107726066 0.0054882543 0.009353923 0.0094040881 0.0029846569 0.0044570003 0.0112273246 0.0064404493 0.0097202736 0.0088898506 0.0114021514 0.0031701108 0.0039356384 0.009541909 0.0097348495 0.0105583527 0.0061543045 0.0038276224 0.0063969824 0.0120314201 0.0049272105 0.0083284225 0.0102726297 0.0051810215 0.0055400384 0.0124652493 0.0148369918 0.01092586 0.008002987 0.0065201712 0.0054456233 0.0065205864 0.0069980331 0.0141683383 0.0093639391 0.0064044351 0.0125323646 0.0119798283 0.0072333493 0.0118457971 0.0034410168 0.0158813512 0.0088011859 0.0092294643 0.0078121805 0.0019194059 0.004842316 0.0079373135 0.0072586939 0.0071676532 0.0067997776 0.0137346752 0.0108768836 0.0091051862 0.0056082335 0.0017708656 0.0070037515 0.0073935185 0.0068924615 0.0088333843 0.007393655 0.0110882779 0.0050879424 0.0103593053 0.0022892213 0.0072733816 0.0086784485 0.0062467908 0.0087438943 0.0070774179 0.0071335637 0.005606366 0.00680155 0.0114746609 0.0032981791 0.0021124797 0.0066582501 0.0075138595 0.0035331055 0.0133469625 0.007712648 0.009420312 0.009612761 0.005703079 0.0102437419 0.0088620256 0.0061455408 0.0055746071 0.0119321245 0.0083771906 0.0057903623 0.0117304404 0.0057662784 0.0061106239 0.0118260389 0.0071020626 0.0097156979 0.0065800269 0.0096634555 0.0068301576 0.0077362036 0.0130382382 0.0060752384 0.0058261673 0.0081046879 
23 0.0101588916 0.00831426 0.0064806997 0.00317667 0.0084828051 0.0089587238 0.0075181436 0.0069859704 0.0093602789 0.0066720604 0.0032322908 0.0037950178 0.0100395296 0.0092616993 0.0084136124 0.0071886184 0.0038691608 0.0086056979 0.0121993469 0.0067986661 0.0098195748 0.0075498268 0.0091016493 0.0047822331 0.0064546422 0.0077840396 0.0089300584 0.0104732182 0.0093080612 0.0065564334 0.0100251872 0.0080561108 0.0096451994 0.0064387463 0.0077270787 0.0118506904 0.0142245846 0.00827359 0.0064066022 0.0082742797 0.0043869577 0.0085606111 0.0067386275 0.0104551033 0.0056945724 0.0102535879 0.0084939603 0.0070814436 0.004766361 0.0057211719 0.003766861 0.0077871385 0.0101381359 0.0060658975 0.0082543 0.0081450055 0.0028728976 0.0074984766 0.0138336073 0.0079044876 0.007585716 0.008662687 0.0096892978 0.0067326403 0.0031415992 0.0065176605 0.0050553193 0.0085198861 0.0108013015 0.0098555283 0.0076372261 0.0077346972 0.0047675125 0.0033523289 0.0069734891 0.0079049076 0.0149460459 0.0047343712 0.0109269817 0.0066670208 0.0072066819 0.0096265649 0.0072774823 0.0084819634 0.0052456832 0.0041460508 0.0106922705 0.0107805968 0.0091910155 0.0069603085 0.00471755 0.0078960079 0.0084324144 0.0052886625 0.0069814905 0.0076979333 0.0096963561 0.016699723 0.0084576734 0.0047701734 0.0067983192 0.0097563186 0.0083321121 0.0046906482 0.0098616588 0.0121565909 0.0089304344 0.0069651375 0.0084069932 0.0092565917 0.0048779401 0.0032208216 0.0066405601 0.0067354206 0.0090811211 0.0090558875 0.0082670608 0.0067865678 0.0084477165 0.0095934916 0.0069859618 0.0076500694 0.0097269447 0.0129334366 0.0045088681 0.0064184077 0.007680329 0.0041686169 
24 0.0130258359 0.0073131455 0.009236654 0.0071465184 0.0069617471 0.0088624711 0.0074219383 0.0125719848 0.0041403801 0.0091680984 0.0048771161 0.0056519831 0.0099669794 0.0077189518 0.0038657616 0.0044337745 0.0046094957 0.0047156057 0.0059160699 0.008233661 0.0095312842 0.0107726066 0.0047822331 0.0033533597 0.0103583043 0.0078758923 0.0069096416 0.0119224554 0.0139752377 0.0064917939 0.0068551499 0.0134028105 0.0064128087 0.009864988 0.0039139295 0.0048755139 0.0041672553 0.003908477 0.00757928 0.0079503355 0.0124490473 0.0043896684 0.0110942841 0.0061169759 0.0058723603 0.0028929539 0.0082559639 0.0086086254 0.006656781 0.0070264909 0.0055023389 0.0200093164 0.0112161469 0.0088994945 0.005738745 0.0046573947 0.0081578756 0.0080965132 0.0072259914 0.0142640866 0.00801513 0.0054693402 0.003947053 0.0087234321 0.009591017 0.0037740096 0.0106305432 0.0081839194 0.0068361022 0.0073726091 0.0097909794 0.0065780243 0.006656539 0.0101862997 0.0049726193 0.0108810025 0.0083341173 0.0076174088 0.0108050202 0.0096670601 0.0064598847 0.0076813708 0.0051098474 0.0093707528 0.0059686434 0.0081460141 0.0081936537 0.0110716723 0.0077720518 0.0014325624 0.0022958771 0.014344758 0.0039639257 0.0081674328 0.0065508262 0.0074453203 0.0057187996 0.0045510993 0.0069693529 0.0074929664 0.006303002 0.0067135271 0.0074594591 0.0128269327 0.0087955105 0.0055661482 0.0051593539 0.009368081 0.007920336 0.009232992 0.007237613 0.006207519 0.0084112431 0.0123418034 0.003545971 0.0090663924 0.0113953312 0.0099195466 0.0050825304 0.0085255116 0.0089113131 0.0145639614 0.0036029675 0.010798869 0.0089335764 0.0088144354 0.0082116822 0.0104727691 
