128
1 0.0071182045 0.0078014985 0.0098202374 0.0052144346 0.0086482716 0.0083129499 0.0099304726 0.0106891385 0.0062097297 0.0075527059 0.0064707151 0.0084294492 0.0088704826 0.0066677631 0.0078982019 0.0064459654 0.0064844981 0.0068830025 0.0095763524 0.0051270477 0.0081409823 0.009895682 0.0103217804 0.0105645452 0.0130664447 0.0041525391 0.0120252386 0.0061885749 0.007574344 0.008278389 0.0060018135 0.0081743533 0.0091496124 0.0077166157 0.0093013107 0.0061982075 0.0073431027 0.0126851298 0.0085744412 0.0048258222 0.0052393552 0.0080692239 0.0116363123 0.011147657 0.0066161736 0.0064920974 0.0078106158 0.0058022178 0.0086515565 0.0124537196 0.0053323675 0.0076389407 0.0093934084 0.0130344135 0.0060588714 0.0097596292 0.0071811775 0.0061367569 0.0096923058 0.0042747482 0.005916077 0.0094446736 0.0090087532 0.0072663627 0.0066923779 0.0160281145 0.0073858497 0.0078198567 0.0086201036 0.0088051886 0.0064933293 0.011209605 0.0091283938 0.0142201812 0.0069179799 0.0041210139 0.0058566293 0.0025560645 0.0070853633 0.0076872146 0.0054958407 0.007970749 0.0029217282 0.0085209383 0.0031196458 0.0030068589 0.0060635162 0.0119724338 0.0051623915 0.0087800836 0.0057416313 0.0072978558 0.0079051398 0.0087568126 0.0112583209 0.0066922802 0.0050204417 0.0007896057 0.0105479377 0.0097514495 0.0068600086 0.0042397822 0.0096684154 0.0089928507 0.0096140503 0.012198305 0.0072725414 0.0064657288 0.0101335693 0.0056964155 0.0072962767 0.0072331324 0.0033418202 0.0084148284 0.0098899379 0.005138944 0.0037071225 0.0130449904 0.0078644672 0.0098308406 0.0064624017 0.0093472137 0.0082841711 0.0067269291 0.0065243873 0.0054756891 0.0071406801 0.0073441079 
2 0.0078014985 0.0175367129 0.0040940794 0.0044857978 0.00835648 0.0116620343 0.0054936683 0.0083861078 0.0049395694 0.0084713681 0.0051803441 0.0068243957 0.0060116709 0.007772787 0.0076646895 0.0064156215 0.0071670704 0.0057933367 0.0119217805 0.0067476321 0.0042389797 0.0084443298 0.0069969618 0.0130372809 0.0033384436 0.005083867 0.0036286578 0.0048675031 0.0089822441 0.0097617834 0.0156785561 0.0066813296 0.0100105593 0.0103869569 0.0078581096 0.0069379349 0.0095550987 0.0024454981 0.0073561604 0.0076961083 0.0120788911 0.0074989687 0.0078667535 0.0094859254 0.00598784 0.0046305009 0.0047950389 0.0047555958 0.0078284319 0.0072567266 0.0067487764 0.0148870341 0.0081520142 0.0058557248 0.0023529803 0.004478297 0.0083819697 0.0080430981 0.013559929 0.0069118272 0.0078941942 0.0090332282 0.0073084726 0.0085940895 0.0047062129 0.0067975881 0.0113026749 0.0078414422 0.0049958538 0.0096930604 0.0073709602 0.0114355129 0.006950451 0.0076756185 0.0035757281 0.0066608913 0.0069323853 0.0076694016 0.0083578553 0.0042073826 0.004888155 0.0079413285 0.0029198514 0.0070475944 0.0060132604 0.0095401961 0.009050605 0.008317876 0.006586182 0.0055392519 0.0087723252 0.0109685026 0.0134599496 0.0125564605 0.0105235215 0.0066699098 0.0119081809 0.0101116074 0.007816768 0.0159260993 0.0118014139 0.0078237528 0.0093516425 0.0094081693 0.0119909173 0.0086471129 0.0078931842 0.0080147554 0.0114994594 0.0098769267 0.0057545368 0.009782802 0.0047774255 0.0069270655 0.008575126 0.009490891 0.0111641661 0.0123949096 0.0036961129 0.0132091046 0.0052261234 0.0060185342 0.0029281863 0.0039480454 0.005375161 0.0046535507 0.0023992113 0.0045417529 
3 0.0098202374 0.0040940794 0.002494024 0.0047856442 0.0121365989 0.0070330448 0.009719974 0.0131411157 0.0030552426 0.0089698122 0.0093668898 0.010863643 0.0050954265 0.0077573571 0.0094510558 0.012458577 0.0111556569 0.0107715098 0.0090798641 0.0065646208 0.0121904871 0.0039835435 0.011299019 0.0068026579 0.0036402847 0.0016481677 0.0104432049 0.0028832611 0.0071549863 0.0075921766 0.0056135989 0.006798 0.0026363344 0.0077746794 0.005944279 0.007518691 0.007737334 0.0123179036 0.0040385544 0.004528852 0.0065242721 0.0077785197 0.0070419244 0.0082735789 0.0101951136 0.0067904536 0.0132556187 0.010129281 0.0069671487 0.0032324337 0.0077417751 0.0115005971 0.0070118931 0.0101856983 0.0035854697 0.0092456729 0.013343384 0.0046979821 0.0081524011 0.009798731 0.0105817598 0.0097598091 0.0067122892 0.0068740368 0.0091521949 0.0137742549 0.0060145718 0.0112428965 0.0034431506 0.0087052679 0.0129253007 0.0056313185 0.0046979368 0.0062895632 0.0089202505 0.0057280879 0.0033661238 0.0060228394 0.0063122053 0.010093896 0.0043062365 0.0132634626 0.0063760114 0.0148358009 0.0117589293 0.0074581003 0.0051217409 0.0102843043 0.0107297497 0.0072524747 0.0073159265 0.0133602842 0.0071792959 0.0073654735 0.0031110802 0.0096247419 0.0113508025 0.0061971324 0.0063202379 0.0054392245 0.0025326548 0.0109490878 0.0061158401 0.008716974 0.0053430782 0.0074449982 0.0073188199 0.0028481937 0.0097976449 0.0021872705 0.0067112535 0.0077531927 0.0061436204 0.0057860456 0.0080159878 0.0053633952 0.0065807667 0.010156553 0.0061263344 0.0146500519 0.0113892698 0.0082322223 0.0117327441 0.0054913638 0.0085715999 0.0070723138 0.0052864664 0.010971155 
4 0.0052144346 0.0044857978 0.0047856442 0.0062973111 0.008444201 0.0067182786 0.0077215407 0.0076522875 0.0030588388 0.0123230198 0.0048529694 0.0041700024 0.0112617982 0.0078993945 0.0100608432 0.0075722849 0.0123973708 0.009562342 0.0079127712 0.0051556812 0.0120355363 0.0046942865 0.0098412243 0.0080611863 0.0100567682 0.0119067684 0.0052530093 0.0132277098 0.0116503763 0.0074796408 0.007992876 0.0108523489 0.0130081476 0.0073177925 0.0144224677 0.0042826472 0.0057437843 0.0089157975 0.0077523003 0.0044436344 0.0075836093 0.0087691476 0.0098011365 0.0090274105 0.0054380497 0.0095026203 0.0058409698 0.0070667646 0.0175163602 0.006482213 0.0085989962 0.0076320185 0.0066280743 0.0062445937 0.0049479773 0.0106420591 0.0064276142 0.010019233 0.0125264594 0.0036947458 0.0073828774 0.0131858292 0.0068739146 0.0049653144 0.0054557004 0.0065352596 0.0054440073 0.005150706 0.0038450931 0.0153596266 0.0072220973 0.0058730116 0.0061397845 0.0068678903 0.0021778176 0.0086290409 0.0069782941 0.0060330458 0.0069479247 0.0124839561 0.0024854063 0.0085043337 0.007586174 0.0109700489 0.0057503634 0.0077751443 0.0077261222 0.0075288629 0.0102483852 0.0103910937 0.0110573378 0.0065669192 0.0079885104 0.0100845037 0.0091870673 0.0073543098 0.0114001663 0.0036303964 0.005253385 0.0088964762 0.0077046732 0.0072855737 0.006686047 0.0036905038 0.009568981 0.0056727223 0.0077314567 0.0075254533 0.0104847651 0.0072796268 0.006187353 0.0100852336 0.0093498119 0.0052921191 0.0095099783 0.0047768371 0.003653633 0.0073202208 0.0112586942 0.0053671558 0.0046318111 0.0043263557 0.0109056523 0.0094290407 0.0061461706 0.0086193125 0.0076336558 0.0070657959 
5 0.0086482716 0.00835648 0.0121365989 0.008444201 0.0028611434 0.0092182317 0.0105370797 0.007754462 0.0119031421 0.0092036444 0.0120846476 0.0035131413 0.005889634 0.007074016 0.0093538366 0.0072880765 0.0030723312 0.0084417472 0.0041521025 0.0074686262 0.0087307183 0.0121131356 0.0055027251 0.0143787928 0.0054105904 0.0084340863 0.0096723115 0.0076742783 0.0042163409 0.0070304448 0.0035300891 0.0059888063 0.0059787513 0.0107064522 0.0083522863 0.0079976583 0.0085568135 0.0059950084 0.0085518192 0.0080445076 0.0063673675 0.0098255573 0.0148717882 0.007552938 0.0051424158 0.0052063434 0.0081699106 0.0064423463 0.0075735313 0.0046047732 0.0072630029 0.0063527836 0.0051231121 0.0048435988 0.0109873602 0.0086465118 0.0064433712 0.0153281729 0.0077608499 0.0073022234 0.010277682 0.0061502552 0.0085091958 0.0064793282 0.012854513 0.0103093677 0.0096908979 0.0079527764 0.0038528024 0.009348344 0.0035428564 0.0046593392 0.0028973061 0.0136768454 0.00864307 0.0041605611 0.0089751684 0.0063961674 0.005081455 0.0106986914 0.0093700859 0.0062963434 0.0039316169 0.0071888288 0.0093803114 0.006291436 0.0075618932 0.0050389797 0.01100138 0.0049218695 0.0071831086 0.0043014629 0.0063614077 0.0072836316 0.0117051093 0.0073073282 0.0090112784 0.0025879155 0.0081167056 0.0094664062 0.0075501898 0.0074990897 0.0087506335 0.0057886053 0.006522873 0.0096511043 0.0052026371 0.0114036543 0.011052572 0.0032823916 0.0108309934 0.0084521966 0.012462689 0.0068800065 0.0056432579 0.0053966314 0.010973521 0.011752146 0.0014534527 0.0118893413 0.0076590688 0.00684764 0.0103991343 0.011620272 0.0072699078 0.0086855559 0.0067940588 0.0097476654 
6 0.0083129499 0.0116620343 0.0070330448 0.0067182786 0.0092182317 0.0116178143 0.0050218036 0.0065915627 0.0093214919 0.010645312 0.0085886954 0.0082437907 0.0060826818 0.0085215447 0.007684029 0.0102537475 0.0082185863 0.0097145758 0.0076202915 0.0095690003 0.0043359653 0.0107629419 0.008298755 0.0049688644 0.0047363589 0.0123039989 0.0090839833 0.0063289006 0.0075116934 0.0055116695 0.0085668824 0.0089034256 0.0080886297 0.0066280686 0.0067367135 0.008618386 0.0076886604 0.0042538021 0.0026420789 0.0043865022 0.0076739013 0.0057321931 0.0065032303 0.007810931 0.0095785478 0.007101407 0.0089683836 0.010170735 0.0022319993 0.0123895255 0.0084162835 0.0075415251 0.0080828833 0.0091574601 0.0125023077 0.0084493703 0.0059208761 0.0096575753 0.009481594 0.0117501581 0.0069199069 0.0072963074 0.006594045 0.0086685091 0.0064914029 0.008833104 0.0069003233 0.0086148194 0.0046470774 0.0069579388 0.0056066095 0.0091568855 0.0058265317 0.0094101628 0.0054176689 0.0096140691 0.0103746167 0.0072427465 0.0040810636 0.006278071 0.0069804156 0.0053365764 0.0078867418 0.0119394221 0.0093262864 0.0015618623 0.0103947095 0.005152002 0.0056205532 0.0064535138 0.0074053323 0.0101398832 0.010296593 0.0095473396 0.0126234905 0.0077200962 0.0062218888 0.0070521598 0.007120506 0.0065000472 0.0081086882 0.0099091974 0.008303328 0.0145331166 0.0047899528 0.0058866689 0.0077470751 0.0083787591 0.0077928761 0.006263448 0.0049478156 0.0081975101 0.0075916474 0.0135734237 0.0094385057 0.0037935158 0.0078876537 0.0048569599 0.0068335892 0.0093131489 0.0080602792 0.0152792749 0.0041708613 0.004984057 0.0065026306 0.0072420612 0.0066786108 0.0086074305 
7 0.0099304726 0.0054936683 0.009719974 0.0077215407 0.0105370797 0.0050218036 0.0098738467 0.0080571909 0.0033379122 0.0092772749 0.0120024447 0.0118269907 0.0070373949 0.0107928508 0.007586888 0.0066173037 0.0072387135 0.0088639788 0.0084810554 0.0127499858 0.0075184734 0.0037760865 0.0068167828 0.0074769635 0.0087373233 0.0046587345 0.0054683619 0.0114710909 0.0140140032 0.0068940943 0.015977068 0.0085662692 0.0053289317 0.0079578709 0.0127768254 0.0078536375 0.0056761005 0.0095507516 0.0121986517 0.0059366664 0.0095757361 0.0061942224 0.0099319763 0.0098094781 0.0079476819 0.0080695099 0.0058092276 0.0082731142 0.0088999189 0.0076218794 0.0069408331 0.0060693952 0.0098264455 0.0054114393 0.0085476825 0.0054438065 0.0051177461 0.0106187815 0.0093993343 0.0067955163 0.0084209341 0.0021097727 0.005294214 0.0058632685 0.0050644445 0.0062108816 0.0037587416 0.0048399406 0.0061874908 0.0062081337 0.0054047145 0.0045232962 0.0079817324 0.0128984965 0.0074221055 0.0083032061 0.0095202178 0.005287723 0.0065452595 0.0096529191 0.0120234079 0.0062480869 0.003298357 0.0046832411 0.0080929022 0.0047440767 0.0091406172 0.0062483028 0.0099817287 0.0083086889 0.0046598515 0.0072322482 0.0046921328 0.0064029964 0.0082357372 0.0057173282 0.0063474185 0.0037554529 0.0044054863 0.007482013 0.0099844386 0.0068252493 0.0054499308 0.012441849 0.0083511695 0.005586735 0.0127752482 0.008532608 0.0055855488 0.0137253302 0.0044115988 0.0055677771 0.0117959741 0.0097615611 0.0062717904 0.0099031058 0.0085463963 0.0073305485 0.0070210599 0.0115653696 0.0075874531 0.0048904585 0.0056808806 0.0095674589 0.0056758586 0.0102400121 0.0099363571 0.0146638829 
8 0.0106891385 0.0083861078 0.0131411157 0.0076522875 0.007754462 0.0065915627 0.0080571909 0.0072352147 0.008924875 0.0086915711 0.0058164794 0.0124638991 0.0078641799 0.0046817329 0.0088380784 0.0114505624 0.0040741834 0.0060481475 0.0068611057 0.0071321017 0.009470509 0.0060068933 0.0038370455 0.0082248337 0.0099268074 0.0089698824 0.0022676194 0.0079813651 0.0045286616 0.0053860215 0.0087239974 0.0068763466 0.011977244 0.0072429257 0.0059482846 0.0086465747 0.0071204786 0.0049222586 0.0022819915 0.0068689815 0.0072932979 0.0092433103 0.0102942611 0.0054894484 0.0029498934 0.0068123238 0.0078226888 0.0107802849 0.0089475011 0.0036664853 0.0070522029 0.0109440106 0.0089809782 0.0094745718 0.0123426495 0.01524031 0.0055754004 0.0093266332 0.0041623106 0.006071276 0.0086801298 0.0081013117 0.0090781188 0.004359017 0.0077206163 0.0111490347 0.0133123902 0.0088150569 0.0118988713 0.0089848974 0.0055713772 0.009510695 0.0086294162 0.0065343839 0.0070137389 0.0128776336 0.0044795878 0.009274261 0.0090781017 0.0029207657 0.0081174313 0.0033297047 0.0042603453 0.0106940282 0.0098185592 0.0061554124 0.0103716904 0.0064131672 0.0101664502 0.0024083823 0.0078149205 0.0115803831 0.0084112531 0.0060015826 0.0113586852 0.0070866713 0.0085364033 0.0046404613 0.0081641089 0.0078454884 0.0062488016 0.0081995984 0.0059958281 0.0049845089 0.0075160683 0.0069047123 0.0113219499 0.0088266069 0.0022113973 0.0120595331 0.0082039287 0.0097960315 0.0034308328 0.0127849721 0.0086125206 0.0112907379 0.0053540669 0.0097395597 0.0073510605 0.0123287856 0.0054078201 0.0061572208 0.0065151305 0.00581919 0.0069191447 0.0051357347 0.0072369067 0.0104502612 
9 0.0062097297 0.0049395694 0.0030552426 0.0030588388 0.0119031421 0.0093214919 0.0033379122 0.008924875 0.006844094 0.0063869783 0.0068263114 0.0054615485 0.0095708442 0.00659769 0.0081758467 0.0061495915 0.0045908851 0.003739064 0.0105196704 0.0101882719 0.0083781137 0.0078739078 0.0049533835 0.0075355099 0.0067620041 0.0041978468 0.0078794111 0.0020492741 0.006933747 0.0100405162 0.0020133871 0.008033297 0.0034295392 0.0115901321 0.0051569515 0.0103001805 0.0098772818 0.0117370948 0.0073523283 0.0155199678 0.0079338312 0.0077332934 0.005355028 0.0069009544 0.0101852287 0.0073092656 0.004011716 0.0074554067 0.006099036 0.007289341 0.0051003683 0.0122488032 0.0086571146 0.0056649042 0.0083106468 0.0116069542 0.0062796106 0.0053886823 0.0071387448 0.0077293538 0.0099073382 0.0079260306 0.0057701315 0.0053553496 0.0095531565 0.0165577049 0.0054788152 0.0097431036 0.0131760685 0.0090936336 0.015378683 0.0072016968 0.0092835425 0.0069792604 0.0090977978 0.0073926689 0.0104981452 0.0070821043 0.0044364644 0.0084253813 0.0045425868 0.0077318783 0.0037328187 0.0041639411 0.0057965165 0.0073952751 0.0087760047 0.0086047226 0.0081565969 0.0039823349 0.0111656185 0.0075463981 0.0061576171 0.0100060535 0.0079559068 0.0054449575 0.007788191 0.0054011312 0.0093872402 0.0100005895 0.0088143297 0.0073964019 0.0044064546 0.0084008284 0.007568122 0.0047133422 0.0039819872 0.0039750331 0.0038139366 0.009647815 0.0060641737 0.0106478648 0.00634759 0.0120325186 0.0091383574 0.0063303951 0.0084359166 0.0145342239 0.0112732439 0.00886091 0.0084834469 0.0134216993 0.0050570144 0.0127907885 0.009235436 0.0122330265 0.0165187303 0.0079892012 
10 0.0075527059 0.0084713681 0.0089698122 0.0123230198 0.0092036444 0.010645312 0.0092772749 0.0086915711 0.0063869783 0.0082482982 0.0070593991 0.0133235564 0.0098945748 0.0130262421 0.0069125007 0.00530164 0.0036558359 0.0073003716 0.0060476157 0.005253341 0.0032758706 0.0071464069 0.0078658669 0.0095668771 0.0065434525 0.0068252192 0.0052830255 0.0068193193 0.0049211798 0.0086747856 0.0025960752 0.008828672 0.0069689051 0.0057287466 0.0110834625 0.0087061329 0.0051112945 0.0060846341 0.0024945317 0.0068847981 0.0070067119 0.0079744318 0.0069147684 0.0036460403 0.0043184324 0.0059931989 0.0074063763 0.013095729 0.0081535399 0.0053864369 0.0038793641 0.0120790716 0.0040348758 0.0090967175 0.0039993843 0.005712381 0.00528964 0.0072134698 0.0134554254 0.0091498065 0.0059449339 0.0089309291 0.0040030125 0.006574085 0.0060149129 0.0141221017 0.0033777456 0.0079575359 0.0082799004 0.0069065217 0.0070978683 0.010065505 0.0102122162 0.0059604703 0.0097697614 0.0098833705 0.0071596477 0.0085561099 0.0062872772 0.0042793138 0.0098637072 0.0058329536 0.0159238227 0.0083471848 0.0043676992 0.0063677288 0.0093206788 0.0112672039 0.0053846615 0.0102205573 0.0052008161 0.0123646834 0.006249204 0.0085582612 0.0064681922 0.0079561958 0.0089745485 0.0081229288 0.0053572525 0.0068570502 0.0150812011 0.0058328365 0.0107021897 0.0106375534 0.0033806157 0.0068261026 0.011715348 0.0145567757 0.009239318 0.0071736122 0.0060516953 0.0012955778 0.01288312 0.0107310821 0.0117201244 0.0071918748 0.0077490496 0.0078462689 0.0099401107 0.006238107 0.0104420438 0.0038945243 0.0120493817 0.0067797244 0.0048412692 0.0053728632 0.0062008746 0.0164780852 
11 0.0064707151 0.0051803441 0.0093668898 0.0048529694 0.0120846476 0.0085886954 0.0120024447 0.0058164794 0.0068263114 0.0070593991 0.0080190947 0.0039560531 0.0088102412 0.0058367706 0.0067741384 0.0061700059 0.0059381321 0.0039011119 0.0109526341 0.0112126714 0.0066819813 0.0061447871 0.0068044246 0.0124074346 0.0085931935 0.0066089563 0.008520944 0.0112809372 0.0103029667 0.0107337054 0.0074900277 0.0061295291 0.0080082453 0.0068962791 0.0130680246 0.008222967 0.0046463942 0.0029505014 0.0086125775 0.0083209868 0.0092789413 0.0073348112 0.0068087495 0.0024256326 0.0079151698 0.0114442205 0.0071286848 0.0051704228 0.0115370265 0.0052672643 0.0094956387 0.0087217769 0.0090756668 0.0039909619 0.0087745684 0.0057536565 0.0058718911 0.0071919058 0.0070237782 0.0080328829 0.010701428 0.0056911873 0.0089493524 0.0075886464 0.0065530368 0.0133350818 0.0090875995 0.0117783832 0.013115141 0.0031718667 0.0145057629 0.0096062829 0.0061740033 0.0090818563 0.0099966507 0.013007148 0.0106123284 0.0077762336 0.0148855021 0.0086453127 0.0058771936 0.0049463541 0.0063979475 0.0097755412 0.0115548502 0.0034432112 0.0140742685 0.0074686209 0.0109031938 0.0048364317 0.0047337228 0.0095921827 0.0078917372 0.0059064564 0.0123847339 0.0064436068 0.0057213942 0.0043960137 0.0061223775 0.0034561817 0.0052554267 0.0034839358 0.0083650975 0.0059021768 0.0092187661 0.0042656125 0.0106034199 0.0065786688 0.0096293893 0.0081528114 0.004785363 0.0030883929 0.0062767992 0.0027080324 0.0082781715 0.0118728306 0.0078463658 0.0051828587 0.0075147053 0.0090446003 0.0121461194 0.0062154949 0.0090084826 0.0027100012 0.0120368671 0.0020127241 0.0108472403 0.0062925589 
12 0.0084294492 0.0068243957 0.010863643 0.0041700024 0.0035131413 0.0082437907 0.0118269907 0.0124638991 0.0054615485 0.0133235564 0.0039560531 0.0050383995 0.0101315871 0.0053157 0.0079156178 0.0107850006 0.016474405 0.0113256972 0.010503527 0.0091755145 0.0070159221 0.0067591116 0.003779114 0.0072037522 0.0101158813 0.008843257 0.0052428608 0.0090750713 0.0074078631 0.0084254426 0.010093401 0.0062990977 0.0089047344 0.0093172102 0.0029456549 0.0090013486 0.0081870146 0.0100079595 0.0102703751 0.0101516814 0.0056518577 0.0052042296 0.0053518922 0.0058379086 0.0167606168 0.0070789382 0.0076602231 0.0071990578 0.0073321669 0.0070889 0.006115838 0.0058861276 0.0109162997 0.0085729727 0.0069294415 0.002842486 0.010151597 0.0097211268 0.0069077016 0.0013118132 0.0047666485 0.0036766264 0.0045565368 0.0083585133 0.0129039192 0.0055366112 0.0046560173 0.0124493095 0.0078244833 0.006565344 0.0106000144 0.0015561964 0.0116573772 0.0082450562 0.0100229846 0.0097485063 0.0116915196 0.0106279418 0.0096592986 0.0078112779 0.0065468638 0.0064150856 0.010211995 0.0082883475 0.0054166037 0.003797782 0.0041193004 0.011345905 0.0066298275 0.0057021959 0.0101869495 0.0042031094 0.0034579439 0.0071644121 0.0062311074 0.0070269912 0.0084655159 0.0062289605 0.01978786 0.0077126938 0.003795062 0.0043145609 0.0097828094 0.0091093786 0.0071920363 0.0074703379 0.0068551528 0.0042596242 0.0055495368 0.007539354 0.0108272825 0.0068586379 0.0047556095 0.004075282 0.0094860297 0.0083803207 0.0063025355 0.004338751 0.0056512459 0.0032442481 0.0095886593 0.0115878365 0.0176826683 0.0054208082 0.0099704618 0.0075373283 0.0081601267 0.0091008155 
13 0.0088704826 0.0060116709 0.0050954265 0.0112617982 0.005889634 0.0060826818 0.0070373949 0.0078641799 0.0095708442 0.0098945748 0.0088102412 0.0101315871 0.0053324356 0.0038831895 0.0101518762 0.0163828578 0.0051879414 0.0052992734 0.0056588627 0.0062192747 0.0063168641 0.0044345955 0.0063302323 0.0044487188 0.0094536506 0.0134318384 0.006832898 0.0038422034 0.0056486738 0.003576125 0.0084103585 0.0095654596 0.0099118938 0.0076311892 0.0139178092 0.0069034344 0.0054602327 0.0072951817 0.009280923 0.009335852 0.0072356116 0.0015697299 0.0073848374 0.0093999704 0.0180765958 0.0081560142 0.0098590065 0.0093132849 0.0068638506 0.0048538894 0.0121459251 0.0063313794 0.0069215535 0.0061641389 0.006522333 0.0086493929 0.0088686312 0.0095315773 0.0028015077 0.0096026637 0.0098887926 0.0087972441 0.0059937459 0.0088691054 0.0095279123 0.0033321683 0.0059889708 0.0047434082 0.0118473937 0.0043269149 0.0097325304 0.0059231277 0.0053496244 0.0044611766 0.0081576283 0.0043981498 0.0141841067 0.008253074 0.0033591894 0.0041661798 0.0092348613 0.0094392418 0.0076478393 0.0073038867 0.0078846993 0.005821801 0.006243063 0.0150770964 0.005569219 0.009607196 0.0044931696 0.0073939674 0.0034345846 0.0037054978 0.0056641717 0.0098743721 0.0057016811 0.0072322379 0.0098794538 0.0136226178 0.0100630322 0.0080830718 0.0125589669 0.006408945 0.0108829208 0.0107493999 0.0064780043 0.0125854299 0.0144107338 0.0067975129 0.0049402644 0.0070832149 0.0101237927 0.0141296299 0.0114207727 0.0099947646 0.0136302188 0.003328455 0.0083981467 0.0075067442 0.0079660138 0.0056451364 0.0058486925 0.0046290726 0.0077685891 0.0057789006 0.0045291329 0.0052130852 
14 0.0066677631 0.007772787 0.0077573571 0.0078993945 0.007074016 0.0085215447 0.0107928508 0.0046817329 0.00659769 0.0130262421 0.0058367706 0.0053157 0.0038831895 0.0112869201 0.003440727 0.006662198 0.003621456 0.0102513702 0.0100493924 0.0064922676 0.0112195014 0.0094468222 0.0049852525 0.0073166568 0.0090800355 0.0094996222 0.0085064041 0.0063476198 0.0086965707 0.0074192604 0.0089434383 0.008263698 0.0065461615 0.0072619896 0.0067441156 0.0066111166 0.0106852057 0.0035573423 0.0061806619 0.0085113794 0.0045711623 0.0022312926 0.0072830894 0.004667276 0.0089492058 0.0065912173 0.0036408451 0.0054084667 0.008210011 0.0029625733 0.0078027211 0.0062669272 0.0122224735 0.0097906583 0.0089129998 0.0126612979 0.0140245353 0.0063907758 0.0057011222 0.0055704031 0.0107239405 0.0008381516 0.0077618616 0.0066016356 0.0040422846 0.0040353802 0.0110783571 0.0126075824 0.0075011512 0.0048212858 0.0058614531 0.0062999029 0.0041979531 0.0081238846 0.0090703274 0.006371049 0.00486764 0.0111617028 0.0057303107 0.005183585 0.0080001806 0.0042554638 0.009510485 0.0141784376 0.0081579605 0.0074670706 0.008959609 0.0024113203 0.0053572396 0.0071603016 0.0093202558 0.0097019203 0.0065512415 0.0071076915 0.0101549621 0.0077474955 0.0099467709 0.0093710686 0.0102557763 0.009073265 0.0083284772 0.0132728764 0.0079530674 0.0111880702 0.0088612677 0.0081789131 0.012238959 0.0119623976 0.0101999145 0.0075089809 0.0077282522 0.008528567 0.0056266579 0.0053030134 0.0069972386 0.0057893556 0.0096779797 0.0142514626 0.0070055845 0.0076023542 0.0123701634 0.0103705947 0.0059803313 0.0121418252 0.0086669051 0.0078314727 0.0079064628 0.0076476226 
15 0.0078982019 0.0076646895 0.0094510558 0.0100608432 0.0093538366 0.007684029 0.007586888 0.0088380784 0.0081758467 0.0069125007 0.0067741384 0.0079156178 0.0101518762 0.003440727 0.0102128582 0.0090162263 0.0046193967 0.00547617 0.0089430154 0.0049364933 0.0112152138 0.0053634854 0.0065819721 0.0069214932 0.0092228768 0.008387812 0.0087281016 0.0038991298 0.0042661795 0.008127484 0.005330147 0.0077408325 0.0087900781 0.006692218 0.0102929847 0.0053492081 0.0108314402 0.0052798408 0.010543318 0.008560688 0.0068078442 0.0047116752 0.0097416938 0.0056520361 0.0044951847 0.002863197 0.0050280265 0.0082447911 0.0061434722 0.0073804174 0.0066547664 0.0099530124 0.0062533274 0.0112745146 0.0052004841 0.0136144267 0.0086330234 0.0132407238 0.0074648941 0.0124571961 0.0047662859 0.0121308453 0.0076042239 0.0058502318 0.0086532193 0.0080736861 0.0094887956 0.0079928371 0.0047348213 0.0027185905 0.0104426138 0.010303979 0.0126005955 0.0057961122 0.0103599861 0.0027324068 0.0040409797 0.0096972891 0.0067531517 0.0078956722 0.0037295674 0.0058386494 0.0080203286 0.0105999275 0.0070947729 0.0120763575 0.0056300098 0.0099635621 0.0087793295 0.0077038953 0.0036276397 0.0050513381 0.0075586158 0.008109695 0.0065265315 0.0099958923 0.0076798646 0.0035336325 0.0068791794 0.0086575728 0.0025231843 0.0089389515 0.0042061512 0.0093287641 0.007127497 0.0128874014 0.0114916054 0.0067367128 0.0089932409 0.0106900396 0.007875131 0.0080057933 0.0112434845 0.0019483593 0.0052561167 0.0079312744 0.0144265148 0.0032173305 0.0043220975 0.0076034506 0.0127658282 0.0102151664 0.0077818891 0.0066107744 0.0063656902 0.0092034084 0.013840831 0.0157189268 
16 0.0064459654 0.0064156215 0.012458577 0.0075722849 0.0072880765 0.0102537475 0.0066173037 0.0114505624 0.0061495915 0.00530164 0.0061700059 0.0107850006 0.0163828578 0.006662198 0.0090162263 0.0020599137 0.0109337761 0.0094972148 0.0084035988 0.0056214506 0.0039104902 0.0111728878 0.0077212037 0.0038859853 0.0064069578 0.009871503 0.0106884712 0.0081471665 0.0076925315 0.0069676077 0.0077385417 0.0045260014 0.0075563999 0.01068766 0.0081251451 0.0106896842 0.0082899361 0.0096728319 0.0059207463 0.0103258038 0.0088860152 0.007654273 0.0102838724 0.0070443002 0.0074415803 0.0091924629 0.00678694 0.0142686262 0.0027728784 0.0041199186 0.0042759619 0.0052302029 0.0058224556 0.0065942082 0.0074170562 0.0058224976 0.0064961417 0.0109599042 0.0025046407 0.0110068722 0.0097684622 0.0036643353 0.0078686584 0.0091689892 0.0126819815 0.0030830421 0.0085326006 0.0067439392 0.0061957074 0.008881618 0.006900122 0.0077501293 0.0071777985 0.0092894544 0.0112817652 0.0076370951 0.0069511588 0.0137827501 0.0078725878 0.0057046912 0.0116905301 0.0077207172 0.009731461 0.0098965461 0.0074837836 0.0023387698 0.0129780041 0.0089199089 0.0120189121 0.0108168674 0.005483 0.0040261248 0.0061914367 0.0060676238 0.0048676298 0.0079061732 0.0099474096 0.0138705658 0.0025620545 0.0093331942 0.0100605506 0.0138245667 0.0076462452 0.0082520674 0.0094536978 0.010374574 0.0084072754 0.0059520592 0.0101378823 0.0058769853 0.0067304371 0.0103119998 0.0055029208 0.0083620224 0.0153978854 0.0060720919 0.0045175628 0.0014610073 0.0057263126 0.0043802134 0.0043493101 0.0049307213 0.004950693 0.0079480828 0.0037303837 0.0070561127 0.0094262627 0.0043085006 
17 0.0064844981 0.0071670704 0.0111556569 0.0123973708 0.0030723312 0.0082185863 0.0072387135 0.0040741834 0.0045908851 0.0036558359 0.0059381321 0.016474405 0.0051879414 0.003621456 0.0046193967 0.0109337761 0.0099397346 0.0052475968 0.0077001717 0.0094329327 0.0060057377 0.0029118376 0.0065330483 0.0069267438 0.0033236329 0.0049797832 0.0117833645 0.0057550041 0.0080862564 0.004108317 0.0067842669 0.0071769903 0.0072563447 0.0108280194 0.0065382717 0.0072501649 0.0030557595 0.0127762365 0.007034515 0.0118325196 0.0093878119 0.0109320197 0.0134766059 0.0069929952 0.0115180155 0.0048905941 0.0040320331 0.0045835331 0.0075554518 0.0094671296 0.0056041253 0.0055772718 0.0074350783 0.0092877649 0.006093674 0.0063724357 0.0087223714 0.0079038657 0.0102434766 0.0092685107 0.0127091633 0.005341998 0.015425753 0.0108229708 0.009576595 0.0112151661 0.0079154218 0.0105351376 0.0028282337 0.0045278221 0.0091272466 0.007306749 0.0091648925 0.0026765295 0.0100569847 0.0079554204 0.0100449746 0.0131062412 0.0049398956 0.0102889949 0.0070668961 0.0098954124 0.0072244535 0.0095613304 0.0102486097 0.0053563724 0.0099743832 0.0075452353 0.0094078123 0.0061274809 0.0063443854 0.0049494885 0.0110684342 0.0074231219 0.0043646014 0.0085743571 0.0031075389 0.0087630767 0.0097453557 0.0056304622 0.0087249184 0.0134668376 0.0098660125 0.0062476198 0.0069199018 0.0091780201 0.0087601347 0.0096481112 0.0071668899 0.0040576542 0.0072326956 0.0044172059 0.0101892901 0.0098505544 0.0067619415 0.006248265 0.008600424 0.0080758639 0.0052817182 0.0147439339 0.0052413367 0.0081620304 0.0016078915 0.0103412603 0.012056009 0.005791212 0.0067890575 0.0091859584 
18 0.0068830025 0.0057933367 0.0107715098 0.009562342 0.0084417472 0.0097145758 0.0088639788 0.0060481475 0.003739064 0.0073003716 0.0039011119 0.0113256972 0.0052992734 0.0102513702 0.00547617 0.0094972148 0.0052475968 0.0051465602 0.0104052567 0.0053997523 0.0109000945 0.0095744429 0.0082736642 0.0042936621 0.0114805372 0.0081028221 0.0098607015 0.0103074962 0.007381604 0.0074620245 0.0132985246 0.0066518815 0.0066288542 0.0063417069 0.008003326 0.0061596121 0.0039692197 0.012060189 0.0123219606 0.0124117079 0.0069157303 0.0067882763 0.0150185302 0.0062367404 0.0091444264 0.0098522528 0.0059587593 0.0077604453 0.009362459 0.0081241319 0.0050080021 0.008462913 0.0062587297 0.0056386227 0.0112016651 0.0098000328 0.0042171645 0.0021292871 0.0111070919 0.010120332 0.0074507776 0.0064473973 0.0118290087 0.0065897781 0.0022845581 0.0073040695 0.0090728006 0.0081252768 0.0111605353 0.0050500081 0.0012744576 0.0050519853 0.0032653627 0.0083667477 0.0056250479 0.0043173645 0.0032287165 0.0049730816 0.0131448714 0.0047793805 0.0064427543 0.0115749333 0.0077901488 0.0079297573 0.0092165375 0.0045464164 0.0037538513 0.0026016908 0.0081965658 0.007435804 0.0067275375 0.0082765109 0.0065912438 0.0103388771 0.0065937816 0.0053895383 0.00593181 0.0048281156 0.0113082113 0.0136822895 0.0060472954 0.0167734752 0.0066524322 0.0023189357 0.0092642003 0.0070334846 0.0075498449 0.0092788315 0.0072093537 0.0073537571 0.0090191022 0.0122297678 0.01392814 0.0083235083 0.0069508839 0.0112305466 0.0081003776 0.0123566877 0.0095631905 0.0065544862 0.0064272141 0.006343194 0.0101630887 0.0058164259 0.0048345071 0.0093377764 0.0099231624 0.007261025 
19 0.0095763524 0.0119217805 0.0090798641 0.0079127712 0.0041521025 0.0076202915 0.0084810554 0.0068611057 0.0105196704 0.0060476157 0.0109526341 0.010503527 0.0056588627 0.0100493924 0.0089430154 0.0084035988 0.0077001717 0.0104052567 0.0143822391 0.0083218983 0.0093306217 0.0080503641 0.0092547323 0.0054015181 0.0073144309 0.0111780049 0.0123967509 0.0025861101 0.0057544907 0.0070610831 0.0106203157 0.0041724101 0.013389669 0.0110219055 0.001844184 0.0086959905 0.0083773518 0.0095300474 0.0062969425 0.0068953813 0.0073395101 0.0072626903 0.0030871449 0.0042356544 0.0052197786 0.0120418452 0.0074705692 0.0039541467 0.0090380324 0.0082093322 0.00915379 0.0080673501 0.0114848075 0.0115797254 0.0077605015 0.0088757317 0.0049783393 0.007079376 0.0071214494 0.0090180529 0.0041093242 0.0082793773 0.0067830503 0.0022074453 0.0009195792 0.003691733 0.004408296 0.0012744945 0.0120980686 0.0033702324 0.0055983103 0.0054221375 0.0062301626 0.0099888769 0.0056566577 0.0120491788 0.0110178943 0.0099425518 0.0096764426 0.0066145838 0.0066844622 0.0064063152 0.0116075495 0.0068192904 0.0072421423 0.0069665397 0.0096045605 0.0072514456 0.0015164622 0.0108328232 0.0086009612 0.007424485 0.0023268457 0.0055672193 0.0081065727 0.0082063418 0.0116886518 0.0120434336 0.0088655799 0.0124117779 0.0036464705 0.0047931467 0.0111258606 0.007954267 0.0111105739 0.0058109174 0.0092138011 0.0045260269 0.005681651 0.0065520177 0.0058764327 0.0107377123 0.0084192498 0.0115382436 0.0071778072 0.0091594812 0.009409558 0.0087383316 0.0045069427 0.0083634768 0.0084552573 0.007481768 0.0063770588 0.0048941641 0.009404285 0.0051845153 0.0145094953 0.0101962925 
20 0.0051270477 0.0067476321 0.0065646208 0.0051556812 0.0074686262 0.0095690003 0.0127499858 0.0071321017 0.0101882719 0.005253341 0.0112126714 0.0091755145 0.0062192747 0.0064922676 0.0049364933 0.0056214506 0.0094329327 0.0053997523 0.0083218983 0.0105860765 0.0104346345 0.0054566566 0.0066174854 0.0048732146 0.0080049086 0.0152913464 0.0071148774 0.0082425525 0.0081886376 0.011531338 0.0092799581 0.0047718415 0.0104631841 0.0117771281 0.0157354617 0.0102705259 0.0063707207 0.0059171723 0.0066208613 0.0088719814 0.0100473176 0.0095667792 0.0122505299 0.0079258842 0.002066346 0.0031835718 0.0055825986 0.005026433 0.006729225 0.0153799201 0.0098090129 0.0130549175 0.0035285938 0.0095418873 0.0103240345 0.0062775804 0.0131221428 0.0148899845 0.0092292291 0.0060798449 0.005590666 0.0150736026 0.006111243 0.0058855546 0.0035694653 0.0085635965 0.0049499602 0.0075994349 0.0069902205 0.0063110308 0.0067045231 0.0068237493 0.008598959 0.0058620313 0.0111023381 0.0073259423 0.0065075505 0.0094659405 0.0073164991 0.0061981159 0.0057925568 0.0057261971 0.0124292456 0.0092727616 0.0046394621 0.0062010091 0.0068745738 0.0067665752 0.0097175194 0.01029665 0.0084750924 0.0104905431 0.0081807693 0.008173244 0.0078975255 0.0094458083 0.0069403537 0.0053493042 0.008221269 0.0081833419 0.0043600208 0.0063836304 0.0110915279 0.0041111142 0.0039838868 0.0072261589 0.0069567587 0.0028331875 0.0063226202 0.0094513612 0.0092391935 0.0081086363 0.0055408869 0.0089043439 0.0085473715 0.0062806139 0.0068510913 0.0061557356 0.0055370088 0.0070505176 0.0049012223 0.0099259766 0.0052286517 0.0045834893 0.0046104036 0.0076716114 0.0108673385 0.0088464542 
21 0.0081409823 0.0042389797 0.0121904871 0.0120355363 0.0087307183 0.0043359653 0.0075184734 0.009470509 0.0083781137 0.0032758706 0.0066819813 0.0070159221 0.0063168641 0.0112195014 0.0112152138 0.0039104902 0.0060057377 0.0109000945 0.0093306217 0.0104346345 0.0092451668 0.0107625628 0.0093431791 0.0111978121 0.0074326382 0.0105539033 0.0080997367 0.010268171 0.0093257225 0.0158100486 0.0084614576 0.0084530753 0.0046193031 0.0024748595 0.0056798864 0.0045411217 0.0052323528 0.0045864421 0.0053970123 0.0040113211 0.005039995 0.0058587175 0.0061064116 0.011584549 0.0060509025 0.0078069719 0.0066418826 0.004952093 0.0054571405 0.0092433165 0.0062323452 0.0034665651 0.0121233619 0.0105580369 0.0065170985 0.0058202359 0.0065244415 0.0041532666 0.0042947583 0.0054669831 0.0076247286 0.0055114189 0.0123093507 0.0094758935 0.0027367946 0.0138785188 0.0095815221 0.0054447114 0.0109950392 0.0031000372 0.0035483105 0.005778827 0.010492345 0.0019823639 0.0068725722 0.0046597221 0.0067036513 0.0083296056 0.0104401934 0.0076819365 0.0083623301 0.0066141181 0.011849228 0.0083139166 0.0133673874 0.0071611966 0.0057475423 0.0055345215 0.0094811876 0.0175658639 0.0083412712 0.0080165595 0.0103757899 0.0100731781 0.0074605 0.0066956457 0.0038860408 0.0065900999 0.007835723 0.0141662483 0.0114778524 0.0084398489 0.0044763139 0.0090008259 0.0127592857 0.011042798 0.0066003806 0.0053304633 0.0099380187 0.0089761538 0.0048362358 0.0054655887 0.0057901177 0.0112181285 0.0100332062 0.0068610004 0.0101660613 0.0097624989 0.0069847626 0.0047770369 0.0082733112 0.0064080596 0.0141458019 0.0066714528 0.0073649876 0.0049267582 0.006803829 0.0061417869 
22 0.009895682 0.0084443298 0.0039835435 0.0046942865 0.0121131356 0.0107629419 0.0037760865 0.0060068933 0.0078739078 0.0071464069 0.0061447871 0.0067591116 0.0044345955 0.0094468222 0.0053634854 0.0111728878 0.0029118376 0.0095744429 0.0080503641 0.0054566566 0.0107625628 0.0102285938 0.0026362636 0.0048272875 0.0045593998 0.0084019126 0.0080617719 0.0132498277 0.0075265031 0.0033648524 0.0095967147 0.007254488 0.0101369437 0.0062084866 0.0057180864 0.0053838441 0.0077086097 0.0029004165 0.0063155006 0.0059689667 0.0038529891 0.0094383841 0.0098646686 0.0019163778 0.0069769436 0.0062735915 0.0108989754 0.006902603 0.009826341 0.0048300584 0.0091186646 0.012982874 0.0087874934 0.0081711582 0.0098163239 0.0084290264 0.0043936178 0.0100690542 0.0032221135 0.0096285188 0.0111636627 0.0071040948 0.0049390139 0.0031974943 0.011252529 0.003490071 0.0086586739 0.0113214864 0.0088032124 0.0056511374 0.0114275243 0.0029163896 0.0052747149 0.0108905476 0.0096059335 0.0083757471 0.0051591328 0.0093433293 0.0105174956 0.0067545331 0.0069699241 0.0100746224 0.0040732971 0.0094402099 0.0068484053 0.0146786039 0.0069197203 0.0067653105 0.007514141 0.0071888648 0.0082473286 0.0043509185 0.0114818367 0.0107094929 0.0112331813 0.0107913184 0.0105295128 0.0075586828 0.0050454293 0.0052538707 0.0049137281 0.0070283499 0.0105805843 0.0104221893 0.0095964327 0.0119021682 0.0082998203 0.0081778496 0.0067921353 0.0096486418 0.0063209051 0.01395707 0.005537172 0.0042915604 0.0038146416 0.0107984147 0.0081561845 0.0043180669 0.0126245711 0.005878706 0.0091399772 0.0023153058 0.0094710988 0.0071085189 0.0107041711 0.0147900512 0.0061682921 0.0154989838 
23 0.0103217804 0.0069969618 0.011299019 0.0098412243 0.0055027251 0.008298755 0.0068167828 0.0038370455 0.0049533835 0.0078658669 0.0068044246 0.003779114 0.0063302323 0.0049852525 0.0065819721 0.0077212037 0.0065330483 0.0082736642 0.0092547323 0.0066174854 0.0093431791 0.0026362636 0.0084015078 0.0079577225 0.0059816969 0.0160771514 0.0114959329 0.0077318796 0.0049343823 0.0062980983 0.0046013937 0.0095858413 0.005322514 0.0071133435 0.0048388128 0.0056063352 0.0104780278 0.0039101673 0.0103356887 0.0073457905 0.0050348888 0.0139970351 0.0087502369 0.0154830068 0.0067926025 0.0088725892 0.0121581074 0.0084267532 0.0066235567 0.012139091 0.0066034117 0.0054260126 0.0045701122 0.0059338725 0.0050737958 0.0105546128 0.0061879281 0.0042868483 0.0111788205 0.0051301959 0.0153535243 0.0060113183 0.0095946483 0.0094297945 0.0082726666 0.0094704538 0.0081684592 0.0045676405 0.0054474727 0.0055361594 0.0102566522 0.0070648601 0.0085604669 0.0067457139 0.0063104939 0.0089387452 0.0059668427 0.0069935253 0.0046804425 0.0095336965 0.0038202385 0.0033380008 0.0096077102 0.0063829884 0.0033081276 0.0094519581 0.006230981 0.009098883 0.0072842195 0.006232133 0.0045080574 0.0056727803 0.0065046794 0.0100646463 0.0067968469 0.0064063766 0.0065614602 0.0138850576 0.0118560328 0.0057162498 0.0090301726 0.0114901867 0.0094940895 0.0095945982 0.0136974838 0.0061592847 0.010144098 0.0064181138 0.0094124144 0.0057602949 0.0128439574 0.0059485257 0.0066487964 0.0105030006 0.013312878 0.0084376065 0.0056546728 0.0099332347 0.0049469249 0.0082559506 0.0085484018 0.0070653686 0.0069508974 0.0101662451 0.0025421531 0.0092653596 0.0096263863 0.0126840191 
24 0.0105645452 0.0130372809 0.0068026579 0.0080611863 0.0143787928 0.0049688644 0.0074769635 0.0082248337 0.0075355099 0.0095668771 0.0124074346 0.0072037522 0.0044487188 0.0073166568 0.0069214932 0.0038859853 0.0069267438 0.0042936621 0.0054015181 0.0048732146 0.0111978121 0.0048272875 0.0079577225 0.0031284558 0.0067476431 0.0113792018 0.0124719364 0.0060702131 0.0059360276 0.0110306767 0.0090664173 0.0106024852 0.0103428329 0.0085753251 0.0086675634 0.0103397768 0.0117198791 0.0017772063 0.0052195834 0.00774997 0.0100377352 0.0142147462 0.0076194115 0.0050785411 0.0149514277 0.0060945397 0.0035981736 0.0062471406 0.0107914704 0.0104385674 0.0115962238 0.0071153291 0.0071224585 0.0092810635 0.0044971238 0.0038093023 0.0108343733 0.0047386407 0.0035989159 0.0082403064 0.0037478998 0.0041968366 0.0080923491 0.0072655549 0.0080549648 0.0091953038 0.0088381435 0.0013576328 0.011694803 0.0091695177 0.0062541139 0.0042246004 0.0063528339 0.010288822 0.0054417902 0.0112773951 0.0054746287 0.0046879057 0.0109587639 0.0104178634 0.0065156211 0.0087640588 0.007956758 0.0085664258 0.0099007389 0.0112915009 0.0065079044 0.0063298766 0.0082415348 0.0051708021 0.0078474679 0.0141865602 0.0096496434 0.0122096183 0.0065712974 0.0077814836 0.0049907378 0.0052541898 0.0034480424 0.0078046948 0.0091181854 0.003143598 0.008816292 0.0077430519 0.005601749 0.0101344706 0.0036770867 0.0050298595 0.010060678 0.005776354 0.0130942118 0.0041416985 0.0083874687 0.0102948983 0.0035406645 0.0069096318 0.0022770419 0.0059249156 0.0202624311 0.0066620786 0.0086014691 0.0127839944 0.0115613116 0.0051751727 0.0076516955 0.008718279 0.0043518411 0.0055689925 
