10
1 0.0 0.0662929747 0.0806730796 0.1621763693 0.1684413031 0.1041028873 0.1401000124 0.0624049697 0.1629948716 0.0528135321
2 0.0662929747 0.0 0.0884797245 0.0751158888 0.1531367555 0.1094943117 0.0781615526 0.1715636775 0.1162089771 0.1415461376
3 0.0806730796 0.0884797245 0.0 0.089015905 0.2032867599 0.1847319316 0.1184877273 0.1201247006 0.0300790063 0.085121165
4 0.1621763693 0.0751158888 0.089015905 0.0 0.0900047034 0.071245185 0.0911765795 0.1328518242 0.1809186769 0.1074948678
5 0.1684413031 0.1531367555 0.2032867599 0.0900047034 0.0 0.0666997212 0.1346395785 0.0139822751 0.0826740799 0.0871348236
6 0.1041028873 0.1094943117 0.1847319316 0.071245185 0.0666997212 0.0 0.0993512956 0.1192095896 0.1213733383 0.1237917399
7 0.1401000124 0.0781615526 0.1184877273 0.0911765795 0.1346395785 0.0993512956 0.0 0.1335968902 0.088338227 0.1161481368
8 0.0624049697 0.1715636775 0.1201247006 0.1328518242 0.0139822751 0.1192095896 0.1335968902 0.0 0.0888646496 0.1574014238
9 0.1629948716 0.1162089771 0.0300790063 0.1809186769 0.0826740799 0.1213733383 0.088338227 0.0888646496 0.0 0.1285481734
10 0.0528135321 0.1415461376 0.085121165 0.1074948678 0.0871348236 0.1237917399 0.1161481368 0.1574014238 0.1285481734 0.0
