32
1 0.0266204357 0.0266522843 0.0395614092 0.0375142 0.0128289593 0.0443850104 0.0228143092 0.0366447797 0.0154471036 0.025159736 0.0421622713 0.0497883122 0.0192703954 0.0474168167 0.0632107634 0.0295552266 0.0353388127 0.041936788 0.0456951499 0.0125261176 0.0176710171 0.0255816556 0.022216578 0.0330124844 0.044762901 0.0319875026 0.0383891091 0.0246439006 0.0125570931 0.0241124673 0.029684083 0.0208523269 
2 0.0266522843 0.0393449477 0.0355352067 0.0311942303 0.078401931 0.0423996763 0.0222920618 0.0137633336 0.0417679825 0.0382591029 0.0194879377 0.0453434791 0.0192207082 0.01434901 0.0214908563 0.0354705909 0.0426651958 0.0139266721 0.0389016207 0.0114979135 0.038786852 0.0423398548 0.0160043521 0.0384824535 0.0260660255 0.0186398137 0.0267821874 0.0335339907 0.0306362522 0.0366616049 0.0274184331 0.0326834386 
3 0.0395614092 0.0355352067 0.0108798503 0.0380685561 0.0348249215 0.0225416285 0.0494034739 0.0256394537 0.0224442526 0.0279906326 0.0220183478 0.0328457055 0.0474223225 0.0153555439 0.0297233347 0.0324058048 0.014801885 0.0259601643 0.0449412919 0.0250224342 0.020894626 0.0150616552 0.0325805378 0.0520347972 0.0518643858 0.01473331 0.0294999024 0.0658226142 0.0364646581 0.0477770742 0.0111028726 0.0247773468 
4 0.0375142 0.0311942303 0.0380685561 0.0564003577 0.0338392489 0.0145697441 0.0300323325 0.0247126207 0.0184473197 0.0323191923 0.0417863696 0.015515912 0.0363208995 0.0056295516 0.0335248144 0.0230091107 0.0448289035 0.0330034001 0.044973337 0.0334768681 0.0580923332 0.0243557427 0.0498296841 0.0251987585 0.0354857741 0.0128818883 0.0064651477 0.0090180495 0.0191943536 0.0527843565 0.0587145097 0.0188124332 
5 0.0128289593 0.078401931 0.0348249215 0.0338392489 0.013336318 0.0490050397 0.040720976 0.0268415707 0.0127707381 0.0223591542 0.0259208122 0.0303225807 0.0249925486 0.058123774 0.0118666545 0.017761903 0.0328692516 0.0142113248 0.0512443441 0.0539806174 0.0395568367 0.0126708991 0.0125526521 0.0433730769 0.0239826266 0.0217220856 0.0332787521 0.0226185444 0.0264714114 0.0389140701 0.0341247071 0.0445116697 
6 0.0443850104 0.0423996763 0.0225416285 0.0145697441 0.0490050397 0.0164006802 0.0485912535 0.0390195799 0.0374276703 0.038518082 0.0315043719 0.0105646866 0.0354492044 0.0110180649 0.0369838665 0.0357217799 0.0440076343 0.0628965863 0.0335111014 0.041799553 0.0209037108 0.028761607 0.030721053 0.0252479921 0.0154149093 0.0121611288 0.0074659295 0.0237892068 0.0227267036 0.042335887 0.0238442003 0.0503124575 
7 0.0228143092 0.0222920618 0.0494034739 0.0300323325 0.040720976 0.0485912535 0.010123156 0.026799725 0.0162284828 0.0366323362 0.0347947008 0.0406880337 0.0300787622 0.0203828112 0.0139539714 0.0182240492 0.0506988897 0.028821174 0.0225280839 0.0471087569 0.0604629428 0.0362078279 0.0407745279 0.0273811633 0.0221723634 0.0164902957 0.0270794723 0.0678473906 0.0151339318 0.0337273141 0.0147372379 0.0270681924 
8 0.0366447797 0.0137633336 0.0256394537 0.0247126207 0.0268415707 0.0390195799 0.026799725 0.0976190945 0.0357731555 0.0248811829 0.0257245234 0.0180199302 0.0412708224 0.0464320056 0.0232778033 0.0376044935 0.0402918341 0.0520298381 0.0171713315 0.0286341247 0.0234898965 0.0070636237 0.043889515 0.0225895677 0.0524025093 0.015378217 0.0116184326 0.0243424972 0.0242899969 0.0198363991 0.0424443267 0.0305038155 
9 0.0154471036 0.0417679825 0.0224442526 0.0184473197 0.0127707381 0.0374276703 0.0162284828 0.0357731555 0.01819111 0.0391726773 0.0542393508 0.0132933819 0.064445109 0.0569525469 0.0351906467 0.0490479116 0.0275065203 0.0381872448 0.00998322 0.0596470327 0.0398541298 0.0190439944 0.0319242086 0.0050936741 0.0256159683 0.0391335304 0.0258913781 0.0248203131 0.0348266645 0.0260201688 0.0431604972 0.0184520155 
10 0.025159736 0.0382591029 0.0279906326 0.0323191923 0.0223591542 0.038518082 0.0366323362 0.0248811829 0.0391726773 0.026020748 0.0637561803 0.0251544412 0.0286891695 0.0180299441 0.0320987571 0.0640047268 0.0360761928 0.0116078463 0.0333449485 0.0123620512 0.0274793422 0.0320389903 0.0143899658 0.0163564272 0.0347143541 0.0421735298 0.047118265 0.0540155778 0.0319374084 0.0120973943 0.0114690687 0.0397725744 
11 0.0421622713 0.0194879377 0.0220183478 0.0417863696 0.0259208122 0.0315043719 0.0347947008 0.0257245234 0.0542393508 0.0637561803 0.0239439711 0.0291349833 0.0174782025 0.0384484844 0.0305049267 0.033253978 0.0208740524 0.0399823352 0.0323945242 0.0403982009 0.0280602075 0.0283299556 0.0505005716 0.0084936008 0.0136093007 0.0422047745 0.0173679708 0.0200122178 0.0228200377 0.0379959722 0.0282100244 0.0345868419 
12 0.0497883122 0.0453434791 0.0328457055 0.015515912 0.0303225807 0.0105646866 0.0406880337 0.0180199302 0.0132933819 0.0251544412 0.0291349833 0.0156318963 0.0141446859 0.0343516278 0.0263684249 0.0462714268 0.0241591492 0.0116796419 0.0308886644 0.0306884022 0.0205131851 0.0547307352 0.0083882986 0.0811229248 0.0362676875 0.0239146442 0.0329645035 0.0242433079 0.0573945385 0.0614990336 0.0350702755 0.0190354999 
13 0.0192703954 0.0192207082 0.0474223225 0.0363208995 0.0249925486 0.0354492044 0.0300787622 0.0412708224 0.064445109 0.0286891695 0.0174782025 0.0141446859 0.0596785875 0.0437137427 0.0191319928 0.0477380044 0.0305783025 0.0398727511 0.0280234625 0.0076823588 0.0222760802 0.0637811117 0.0263545261 0.0207241769 0.027944926 0.0274714681 0.0352088514 0.0142890151 0.0390198764 0.0101431055 0.0358152318 0.0217695984 
14 0.0474168167 0.01434901 0.0153555439 0.0056295516 0.058123774 0.0110180649 0.0203828112 0.0464320056 0.0569525469 0.0180299441 0.0384484844 0.0343516278 0.0437137427 0.0275777713 0.0362462542 0.0219203162 0.0535473925 0.0341131258 0.0353178786 0.0476620129 0.0190997669 0.0299850536 0.053332967 0.0233533162 0.0101113535 0.0278071202 0.0240747797 0.0345734653 0.0208523961 0.0349483855 0.0342364916 0.0210362293 
15 0.0632107634 0.0214908563 0.0297233347 0.0335248144 0.0118666545 0.0369838665 0.0139539714 0.0232778033 0.0351906467 0.0320987571 0.0305049267 0.0263684249 0.0191319928 0.0362462542 0.0359666837 0.0155821766 0.0305076606 0.0100293234 0.020549788 0.0409914554 0.0345737394 0.0510506323 0.0038653053 0.0221514936 0.031665505 0.0489892494 0.019770662 0.0690315731 0.0674723342 0.0292778439 0.0356278731 0.0193236339 
16 0.0295552266 0.0354705909 0.0324058048 0.0230091107 0.017761903 0.0357217799 0.0182240492 0.0376044935 0.0490479116 0.0640047268 0.033253978 0.0462714268 0.0477380044 0.0219203162 0.0155821766 0.0189652373 0.0220706162 0.0231746487 0.0218630428 0.0351137441 0.0366726398 0.0305329824 0.0387477701 0.0242476599 0.023984478 0.0380909111 0.0272004461 0.0269263728 0.0290908941 0.0254818756 0.0314390689 0.038826113 
17 0.0353388127 0.0426651958 0.014801885 0.0448289035 0.0328692516 0.0440076343 0.0506988897 0.0402918341 0.0275065203 0.0360761928 0.0208740524 0.0241591492 0.0305783025 0.0535473925 0.0305076606 0.0220706162 0.0142451839 0.0143055175 0.0188856045 0.0453963439 0.0313105826 0.0201859411 0.034220238 0.0147145364 0.0200560423 0.0364603178 0.0325792576 0.0227597483 0.0173303129 0.0552813494 0.0258569765 0.0455897542 
18 0.041936788 0.0139266721 0.0259601643 0.0330034001 0.0142113248 0.0628965863 0.028821174 0.0520298381 0.0381872448 0.0116078463 0.0399823352 0.0116796419 0.0398727511 0.0341131258 0.0100293234 0.0231746487 0.0143055175 0.027365534 0.038238553 0.021460166 0.0382649845 0.0292979473 0.0299247455 0.0522682773 0.0821291423 0.0224250234 0.0449258742 0.0211051233 0.009765341 0.0271371159 0.0321525732 0.0278012167 
19 0.0456951499 0.0389016207 0.0449412919 0.044973337 0.0512443441 0.0335111014 0.0225280839 0.0171713315 0.00998322 0.0333449485 0.0323945242 0.0308886644 0.0280234625 0.0353178786 0.020549788 0.0218630428 0.0188856045 0.038238553 0.0252617136 0.0431184855 0.0109186036 0.0189609687 0.0336523828 0.0586496848 0.0231504665 0.0084566276 0.0305827753 0.0393150339 0.0478111543 0.0189286353 0.0230866815 0.0496508395 
20 0.0125261176 0.0114979135 0.0250224342 0.0334768681 0.0539806174 0.041799553 0.0471087569 0.0286341247 0.0596470327 0.0123620512 0.0403982009 0.0306884022 0.0076823588 0.0476620129 0.0409914554 0.0351137441 0.0453963439 0.021460166 0.0431184855 0.0024902085 0.0255710372 0.0234725227 0.0335670389 0.0254602747 0.0274429502 0.0381051191 0.0615194505 0.0185544018 0.0127245409 0.044196444 0.0232282148 0.0251011577 
21 0.0176710171 0.038786852 0.020894626 0.0580923332 0.0395568367 0.0209037108 0.0604629428 0.0234898965 0.0398541298 0.0274793422 0.0280602075 0.0205131851 0.0222760802 0.0190997669 0.0345737394 0.0366726398 0.0313105826 0.0382649845 0.0109186036 0.0255710372 0.0343138348 0.0222250623 0.0353234926 0.0319549851 0.0212192276 0.0658144579 0.0305616495 0.0118142447 0.0376252352 0.0253972949 0.0452854688 0.0240125328 
22 0.0255816556 0.0423398548 0.0150616552 0.0243557427 0.0126708991 0.028761607 0.0362078279 0.0070636237 0.0190439944 0.0320389903 0.0283299556 0.0547307352 0.0637811117 0.0299850536 0.0510506323 0.0305329824 0.0201859411 0.0292979473 0.0189609687 0.0234725227 0.0222250623 0.0277716115 0.0448738138 0.0400760759 0.0312752069 0.0220655958 0.0334461078 0.041749284 0.0255174215 0.0593858882 0.0130552627 0.0451049681 
23 0.022216578 0.0160043521 0.0325805378 0.0498296841 0.0125526521 0.030721053 0.0407745279 0.043889515 0.0319242086 0.0143899658 0.0505005716 0.0083882986 0.0263545261 0.053332967 0.0038653053 0.0387477701 0.034220238 0.0299247455 0.0336523828 0.0335670389 0.0353234926 0.0448738138 0.0184823358 0.0253324482 0.0390802488 0.0662584236 0.0424113173 0.0201317319 0.0216259787 0.0252347541 0.01583895 0.037969587 
24 0.0330124844 0.0384824535 0.0520347972 0.0251987585 0.0433730769 0.0252479921 0.0273811633 0.0225895677 0.0050936741 0.0163564272 0.0084936008 0.0811229248 0.0207241769 0.0233533162 0.0221514936 0.0242476599 0.0147145364 0.0522682773 0.0586496848 0.0254602747 0.0319549851 0.0400760759 0.0253324482 0.0128872047 0.0384662646 0.0440670188 0.0271751473 0.0172947297 0.0308953917 0.0486286406 0.0319605514 0.0313052016 
25 0.044762901 0.0260660255 0.0518643858 0.0354857741 0.0239826266 0.0154149093 0.0221723634 0.0524025093 0.0256159683 0.0347143541 0.0136093007 0.0362676875 0.027944926 0.0101113535 0.031665505 0.023984478 0.0200560423 0.0821291423 0.0231504665 0.0274429502 0.0212192276 0.0312752069 0.0390802488 0.0384662646 0.0488634209 0.0027837326 0.0255019806 0.0364590076 0.0286977587 0.0170756242 0.0555442736 0.0261895846 
26 0.0319875026 0.0186398137 0.01473331 0.0128818883 0.0217220856 0.0121611288 0.0164902957 0.015378217 0.0391335304 0.0421735298 0.0422047745 0.0239146442 0.0274714681 0.0278071202 0.0489892494 0.0380909111 0.0364603178 0.0224250234 0.0084566276 0.0381051191 0.0658144579 0.0220655958 0.0662584236 0.0440670188 0.0027837326 0.017823375 0.0157816807 0.0273350944 0.0500757898 0.0504525892 0.0547458757 0.0435698093 
27 0.0383891091 0.0267821874 0.0294999024 0.0064651477 0.0332787521 0.0074659295 0.0270794723 0.0116184326 0.0258913781 0.047118265 0.0173679708 0.0329645035 0.0352088514 0.0240747797 0.019770662 0.0272004461 0.0325792576 0.0449258742 0.0305827753 0.0615194505 0.0305616495 0.0334461078 0.0424113173 0.0271751473 0.0255019806 0.0157816807 0.0671446908 0.0252342559 0.0565046815 0.0135284669 0.0399537861 0.0429730883 
28 0.0246439006 0.0335339907 0.0658226142 0.0090180495 0.0226185444 0.0237892068 0.0678473906 0.0243424972 0.0248203131 0.0540155778 0.0200122178 0.0242433079 0.0142890151 0.0345734653 0.0690315731 0.0269263728 0.0227597483 0.0211051233 0.0393150339 0.0185544018 0.0118142447 0.041749284 0.0201317319 0.0172947297 0.0364590076 0.0273350944 0.0252342559 0.0759766756 0.0351736563 0.0170166651 0.0230451161 0.0275071945 
29 0.0125570931 0.0306362522 0.0364646581 0.0191943536 0.0264714114 0.0227267036 0.0151339318 0.0242899969 0.0348266645 0.0319374084 0.0228200377 0.0573945385 0.0390198764 0.0208523961 0.0674723342 0.0290908941 0.0173303129 0.009765341 0.0478111543 0.0127245409 0.0376252352 0.0255174215 0.0216259787 0.0308953917 0.0286977587 0.0500757898 0.0565046815 0.0351736563 0.0389045581 0.0124235755 0.0627299584 0.0213060948 
30 0.0241124673 0.0366616049 0.0477770742 0.0527843565 0.0389140701 0.042335887 0.0337273141 0.0198363991 0.0260201688 0.0120973943 0.0379959722 0.0614990336 0.0101431055 0.0349483855 0.0292778439 0.0254818756 0.0552813494 0.0271371159 0.0189286353 0.044196444 0.0253972949 0.0593858882 0.0252347541 0.0486286406 0.0170756242 0.0504525892 0.0135284669 0.0170166651 0.0124235755 0.0076822256 0.025957931 0.0180598475 
31 0.029684083 0.0274184331 0.0111028726 0.0587145097 0.0341247071 0.0238442003 0.0147372379 0.0424443267 0.0431604972 0.0114690687 0.0282100244 0.0350702755 0.0358152318 0.0342364916 0.0356278731 0.0314390689 0.0258569765 0.0321525732 0.0230866815 0.0232282148 0.0452854688 0.0130552627 0.01583895 0.0319605514 0.0555442736 0.0547458757 0.0399537861 0.0230451161 0.0627299584 0.025957931 0.0123383454 0.0181211333 
32 0.0208523269 0.0326834386 0.0247773468 0.0188124332 0.0445116697 0.0503124575 0.0270681924 0.0305038155 0.0184520155 0.0397725744 0.0345868419 0.0190354999 0.0217695984 0.0210362293 0.0193236339 0.038826113 0.0455897542 0.0278012167 0.0496508395 0.0251011577 0.0240125328 0.0451049681 0.037969587 0.0313052016 0.0261895846 0.0435698093 0.0429730883 0.0275071945 0.0213060948 0.0180598475 0.0181211333 0.0534138033 
