15
1 0.0 0.0589827739 0.0988564328 0.0510334535 0.05242195 0.0626609853 0.0862574296 0.041806076 0.1002759153 0.0664230177 0.0816568961 0.0296310816 0.0954833957 0.078175636 0.0963349565
2 0.0589827739 0.0 0.1049882667 0.0689807289 0.034092365 0.1228447962 0.055819402 0.0867375139 0.0204865011 0.0584853442 0.0922096298 0.0667491781 0.032590564 0.130589066 0.0664438703
3 0.0988564328 0.1049882667 0.0 0.0681352926 0.0471220375 0.0536894356 0.0805050896 0.0679318555 0.0757985044 0.05018821 0.0854974493 0.0498696382 0.0706026987 0.0952578443 0.0515572447
4 0.0510334535 0.0689807289 0.0681352926 0.0 0.0429893615 0.0775963003 0.0720719115 0.0784455243 0.0692189056 0.0650255319 0.0457293058 0.0938652447 0.142029252 0.0637488691 0.0611303186
5 0.05242195 0.034092365 0.0471220375 0.0429893615 0.0 0.0921083601 0.0507713222 0.065947445 0.0632635773 0.1038515893 0.1008491906 0.0892852904 0.1161454774 0.0418508822 0.0993011517
6 0.0626609853 0.1228447962 0.0536894356 0.0775963003 0.0921083601 0.0 0.0931550942 0.0359057658 0.0974281471 0.0586576913 0.0423345726 0.0646430265 0.0644107143 0.0744189966 0.0601461136
7 0.0862574296 0.055819402 0.0805050896 0.0720719115 0.0507713222 0.0931550942 0.0 0.0525623933 0.020263499 0.0607782751 0.134312316 0.0646270333 0.1160995566 0.0272282134 0.0855484647
8 0.041806076 0.0867375139 0.0679318555 0.0784455243 0.065947445 0.0359057658 0.0525623933 0.0 0.1216437513 0.1064634124 0.0349025641 0.0936813699 0.0545009463 0.1150458727 0.0444255091
9 0.1002759153 0.0204865011 0.0757985044 0.0692189056 0.0632635773 0.0974281471 0.020263499 0.1216437513 0.0 0.0655077569 0.0411669515 0.1126481516 0.0279645231 0.0571367002 0.1271971158
10 0.0664230177 0.0584853442 0.05018821 0.0650255319 0.1038515893 0.0586576913 0.0607782751 0.1064634124 0.0655077569 0.0 0.106877401 0.0479985204 0.0793589701 0.0369674156 0.0934168642
11 0.0816568961 0.0922096298 0.0854974493 0.0457293058 0.1008491906 0.0423345726 0.134312316 0.0349025641 0.0411669515 0.106877401 0.0 0.0544265622 0.0389947771 0.109002134 0.0320402495
12 0.0296310816 0.0667491781 0.0498696382 0.0938652447 0.0892852904 0.0646430265 0.0646270333 0.0936813699 0.1126481516 0.0479985204 0.0544265622 0.0 0.0401551887 0.0731254975 0.1192942169
13 0.0954833957 0.032590564 0.0706026987 0.142029252 0.1161454774 0.0644107143 0.1160995566 0.0545009463 0.0279645231 0.0793589701 0.0389947771 0.0401551887 0.0 0.077976442 0.0436874937
14 0.078175636 0.130589066 0.0952578443 0.0637488691 0.0418508822 0.0744189966 0.0272282134 0.1150458727 0.0571367002 0.0369674156 0.109002134 0.0731254975 0.077976442 0.0 0.0194764305
15 0.0963349565 0.0664438703 0.0515572447 0.0611303186 0.0993011517 0.0601461136 0.0855484647 0.0444255091 0.1271971158 0.0934168642 0.0320402495 0.1192942169 0.0436874937 0.0194764305 0.0
