64
1 0.010263574 0.0088191937 0.0196837923 0.010581698 0.0118341357 0.0163438212 0.0096367946 0.0267415923 0.0155432956 0.01365086 0.0153533187 0.0132329214 0.0182888314 0.0324218862 0.0202143092 0.0055068548 0.0064325315 0.0152498711 0.0116049612 0.0125952734 0.0255920306 0.0039678869 0.007130822 0.0232039371 0.0090599943 0.0130688264 0.0175028382 0.007519916 0.0224763026 0.014853728 0.0268242644 0.0088637617 0.0189955667 0.0183404611 0.0097648406 0.0114216447 0.01053555 0.0282454495 0.010792408 0.0261001524 0.0153271742 0.0181049397 0.0306561101 0.0170847053 0.0077979289 0.0135595288 0.0119054524 0.0051492293 0.0146389382 0.014485536 0.0214945432 0.0166015921 0.0142572443 0.0155286014 0.0193460998 0.0281638792 0.0162473483 0.0172147338 0.019533416 0.0123068506 0.0222643992 0.01655547 0.0160496681 0.0074667134 
2 0.0088191937 0.0173367231 0.0156680696 0.0147520663 0.0115920922 0.0268668488 0.0127125396 0.0274158099 0.0069302323 0.0199214855 0.0203868301 0.0145213626 0.0136079434 0.0093014454 0.0068674301 0.0125420537 0.0078218253 0.0118692448 0.0163523119 0.01022068 0.0141082221 0.0131355054 0.0142893787 0.0186617188 0.031077106 0.0156431475 0.0238616276 0.0081229394 0.0138401956 0.0197536133 0.0129894493 0.0196443471 0.0150559429 0.0174404727 0.0176953856 0.0174689078 0.0166298328 0.0208203311 0.0152267177 0.0094987643 0.0188814839 0.0195016923 0.0171858889 0.0285758921 0.0124606494 0.0067816258 0.0177504075 0.0020423429 0.0222811333 0.0210375696 0.0102031595 0.0160933147 0.0277877608 0.0176710605 0.0115933037 0.00947207 0.0129314927 0.0137858274 0.0286175899 0.0095694642 0.0127411771 0.0119693711 0.014606641 0.0159892876 
3 0.0196837923 0.0156680696 0.0146156733 0.0145238074 0.02146031 0.0150166431 0.0096658381 0.0090654516 0.0153026922 0.0102286007 0.0125403354 0.0163546512 0.0184369586 0.0221019548 0.0136763262 0.0189886775 0.0279697711 0.0104136834 0.0099264549 0.020582966 0.0181492677 0.0123187976 0.0258472268 0.011499975 0.0073451718 0.023580381 0.0136397779 0.0055670329 0.0139598322 0.0083969428 0.0138269599 0.0190065478 0.0087295428 0.0178785105 0.0070317987 0.0168390693 0.022591333 0.0127453802 0.0100243206 0.0307525258 0.0184024895 0.0138225888 0.0129310991 0.007894449 0.0395751981 0.0181771581 0.0153093674 0.026596184 0.0116186003 0.0185026685 0.0073204548 0.0164189166 0.0116462123 0.0125353164 0.0075418727 0.0254776461 0.0116987674 0.0110041072 0.0196646637 0.0206309683 0.014229906 0.0110130622 0.0139794664 0.0180557852 
4 0.010581698 0.0147520663 0.0145238074 0.0249672239 0.0229519821 0.0146653116 0.008158794 0.022997668 0.0117478937 0.0234119859 0.0102170212 0.0374180825 0.0226672905 0.0204298128 0.0203530493 0.0072365004 0.0213712781 0.0170525396 0.0164275168 0.0102545922 0.0188622746 0.0133870923 0.0211926183 0.0110328334 0.0173910652 0.0189345415 0.008031621 0.0174225983 0.0202236751 0.015997582 0.0224011451 0.0134321839 0.0111628127 0.0123046131 0.0158302449 0.0130300584 0.0240445149 0.0163988663 0.0077641568 0.0221450471 0.0075428065 0.0305447559 0.0126830676 0.0131470591 0.0121440678 0.0120464995 0.0212012318 0.0058712744 0.012523911 0.0104562803 0.0063339815 0.0122231408 0.0185483484 0.0215643605 0.0119020494 0.0053541722 0.0051296039 0.012403128 0.0126370001 0.0100237544 0.0182732366 0.0225527649 0.0231862627 0.0085315836 
5 0.0118341357 0.0115920922 0.02146031 0.0229519821 0.0059473786 0.0097082925 0.0101906945 0.0159862881 0.024956926 0.0241064707 0.0251837304 0.014603868 0.0134018297 0.0242461759 0.0132607334 0.0092174968 0.0193498882 0.0234261981 0.006563695 0.0207070037 0.0120467947 0.0224299955 0.0104940568 0.0184464017 0.019440288 0.0210913182 0.020677479 0.032177419 0.0107093547 0.0056979614 0.0118108914 0.0160881976 0.0135013247 0.027861909 0.021309003 0.0125759267 0.0160126387 0.0121724403 0.0201771609 0.0081242503 0.0250395183 0.0138688774 0.0113235412 0.0099755027 0.0216357361 0.0080976718 0.0211257558 0.0112379989 0.0095585606 0.009254904 0.0132340426 0.0262713621 0.0136608844 0.0091120993 0.0148272724 0.0115230677 0.0160343303 0.0099014462 0.0114701964 0.0150842368 0.0099146803 0.0152478488 0.0125674895 0.0184929753 
6 0.0163438212 0.0268668488 0.0150166431 0.0146653116 0.0097082925 0.0087805322 0.0195180234 0.0148100109 0.0177751429 0.0121279252 0.0115649152 0.0100035474 0.0138007426 0.0086971489 0.0170362763 0.0287204171 0.0203157436 0.0192848586 0.0149009682 0.0154956525 0.010338472 0.016189347 0.0206948801 0.0111700092 0.0044210401 0.0067266357 0.0360623525 0.022638305 0.0164988187 0.0167430106 0.0150510151 0.0129690137 0.0291958479 0.0139240655 0.0166886936 0.0236678946 0.0126998926 0.0121879743 0.014854424 0.0121973422 0.013794545 0.0210795393 0.0259020734 0.0100580126 0.0082004097 0.019025369 0.0117599592 0.0187427656 0.0069774512 0.0201853373 0.0184689469 0.0062259355 0.0158377056 0.02447653 0.0123049512 0.0114717311 0.0186411479 0.0218631936 0.011359712 0.0051413285 0.0085552902 0.0255587986 0.0131489265 0.0108684832 
7 0.0096367946 0.0127125396 0.0096658381 0.008158794 0.0101906945 0.0195180234 0.0261757992 0.0055763048 0.0139514035 0.0321955387 0.0121277462 0.0100008996 0.01733346 0.0151945125 0.0077942752 0.0182126046 0.0178677375 0.0123851974 0.0272354733 0.0199548948 0.0237641813 0.027565121 0.0189642608 0.0113965278 0.0172134138 0.0017783922 0.0098702779 0.0196869417 0.0145252556 0.0082606803 0.018677491 0.0071413044 0.0128536608 0.0127925094 0.0074911958 0.0079835235 0.0183782152 0.0126024454 0.0172409825 0.0161259416 0.0259384165 0.0176991251 0.0197315803 0.009829153 0.0033799289 0.0184281442 0.0154744075 0.0156481625 0.0209123684 0.0147802402 0.0241273315 0.0149029979 0.0259284919 0.0135129208 0.0168338422 0.0156625542 0.0180126081 0.0268105653 0.0238900924 0.007403103 0.0164393645 0.0143632593 0.0170647 0.0130257887 
8 0.0267415923 0.0274158099 0.0090654516 0.022997668 0.0159862881 0.0148100109 0.0055763048 0.0136288495 0.0100967231 0.0133032059 0.0229320274 0.0184434337 0.0072760451 0.0079193229 0.0105298397 0.0138257229 0.0191290752 0.0235644338 0.0067801681 0.0076399397 0.0172495731 0.0171027707 0.0179542334 0.0141176314 0.0226225344 0.0265552964 0.0171572855 0.0079657056 0.017116146 0.0390267923 0.0123457956 0.0221124945 0.0089381994 0.0193577099 0.0155268893 0.0095584603 0.0117722637 0.012069693 0.0115654272 0.0122253268 0.0160921565 0.0231401766 0.0093992407 0.0072680036 0.0158736271 0.0142715851 0.0214228548 0.0091903039 0.0309159441 0.0229219844 0.0148014874 0.0055181597 0.0078583299 0.0090882193 0.0117727703 0.0186670847 0.014656855 0.0100444802 0.024849518 0.0236796927 0.0162857906 0.0153581185 0.0086010768 0.018320399 
9 0.0155432956 0.0069302323 0.0153026922 0.0117478937 0.024956926 0.0177751429 0.0139514035 0.0100967231 0.0092470089 0.0229625777 0.0248521677 0.0052157458 0.0146447612 0.0175827651 0.0104148575 0.0106899515 0.0152918052 0.0140206401 0.0325312807 0.0089938591 0.0119810133 0.031605566 0.0171404653 0.0134318964 0.0191613963 0.0130689582 0.0134730825 0.0115655581 0.011261695 0.0055761237 0.0141818411 0.0133366224 0.0224551381 0.0168186586 0.0154064324 0.022443568 0.0299528177 0.0183043599 0.0151801257 0.0187154508 0.0070546531 0.0072416721 0.0188219429 0.0166332469 0.0258738425 0.0224951624 0.0247925097 0.0052124339 0.005362803 0.0149276664 0.011022892 0.0150580656 0.0117232486 0.0152113973 0.009588484 0.0124423591 0.0100777761 0.0168352746 0.0158727448 0.0225583946 0.0328881806 0.0224754419 0.0098902083 0.0081271001 
10 0.01365086 0.0199214855 0.0102286007 0.0234119859 0.0241064707 0.0121279252 0.0321955387 0.0133032059 0.0229625777 0.007648307 0.0175296078 0.0207625525 0.0189959916 0.0160132087 0.0195876882 0.0174481598 0.016407487 0.0053132991 0.0055111354 0.0044086957 0.0111819379 0.0159906643 0.0093854661 0.0092332605 0.0107988103 0.0200836603 0.0194083555 0.0230875021 0.0148142342 0.0144561366 0.0134631286 0.0210442506 0.0235341842 0.005526317 0.0129197969 0.0116386237 0.0128782922 0.0121242361 0.0159170182 0.0156978837 0.0209034228 0.0075178335 0.0190546986 0.0155032425 0.0302828448 0.017813567 0.0086119667 0.0155621828 0.015187211 0.0294211859 0.0244343839 0.0137852972 0.0116975008 0.0023317782 0.0136893826 0.0170743285 0.0143501664 0.0058656139 0.0083170211 0.0210757119 0.0071769624 0.0155901801 0.0273472085 0.022687767 
11 0.0153533187 0.0203868301 0.0125403354 0.0102170212 0.0251837304 0.0115649152 0.0121277462 0.0229320274 0.0248521677 0.0175296078 0.0309022857 0.0183425914 0.0175771811 0.0117058204 0.0157374703 0.0255733509 0.0103523746 0.0146294495 0.0064426373 0.0217131662 0.0172105002 0.0241210674 0.0157977307 0.0179349527 0.0142645019 0.0125246036 0.0130806087 0.0007326588 0.0126590991 0.0185320345 0.0269790906 0.0241398205 0.0182083484 0.0088573181 0.0136577153 0.0059775007 0.0129891351 0.0106092834 0.0128053262 0.0150394899 0.0150451828 0.0142313286 0.0104891309 0.0085935611 0.0228708846 0.021548022 0.0133825335 0.0126339384 0.0289294571 0.0065317898 0.0109798422 0.0147461842 0.0067610833 0.0089985138 0.0249226483 0.0183377902 0.0157279622 0.0148510644 0.0145602526 0.0148396249 0.0112268105 0.0151940499 0.0176924531 0.0151210786 
12 0.0132329214 0.0145213626 0.0163546512 0.0374180825 0.014603868 0.0100035474 0.0100008996 0.0184434337 0.0052157458 0.0207625525 0.0183425914 0.0149354891 0.02763437 0.0163925658 0.0176159694 0.0134892487 0.0180079108 0.0309090173 0.0138590101 0.0284338942 0.0165647752 0.0134594772 0.009414098 0.017424143 0.0093072776 0.0112701774 0.017850987 0.0153931144 0.0149854843 0.0130723199 0.02015606 0.013453895 0.0211862203 0.0226471401 0.0251267841 0.0182419467 0.0131104715 0.0119289874 0.0150115538 0.0220164574 0.0104045676 0.0066882266 0.0127959193 0.0075146517 0.0097789776 0.0220079423 0.0087778955 0.015468525 0.0152165354 0.0146596622 0.0176715614 0.0208467376 0.0101258196 0.0367872351 0.0186286447 0.0100312632 0.0085633801 0.0039679105 0.0181577505 0.0051332959 0.0111414048 0.0205190991 0.0103366046 0.0029778878 
13 0.0182888314 0.0136079434 0.0184369586 0.0226672905 0.0134018297 0.0138007426 0.01733346 0.0072760451 0.0146447612 0.0189959916 0.0175771811 0.02763437 0.0266556605 0.0125845967 0.0173069604 0.0158474761 0.0179128833 0.0208928429 0.0109388679 0.0109866835 0.0128298381 0.0304099513 0.0051571125 0.0171766975 0.0093179928 0.0143020013 0.023005222 0.0290914696 0.0065505772 0.0199887322 0.0094220256 0.0154877275 0.0104937579 0.0168812572 0.0050352767 0.0136026691 0.0147358346 0.0135098562 0.0116415399 0.0113150548 0.0122383897 0.0278097045 0.0156253746 0.0148719967 0.0191582786 0.023483428 0.0121485443 0.0148313895 0.0046377567 0.018773503 0.0078073711 0.0067085995 0.0113448483 0.0277580802 0.0177116699 0.008932644 0.0083656861 0.0150210396 0.0237510812 0.0226266907 0.0091338067 0.0204802703 0.0154154257 0.0146184506 
14 0.0324218862 0.0093014454 0.0221019548 0.0204298128 0.0242461759 0.0086971489 0.0151945125 0.0079193229 0.0175827651 0.0160132087 0.0117058204 0.0163925658 0.0125845967 0.0314571226 0.0091436952 0.0120764711 0.0129744555 0.0173673716 0.0084663483 0.0108664699 0.0097975893 0.0177903172 0.0250378924 0.010772846 0.0150980112 0.020282323 0.0133483383 0.0118993014 0.009332342 0.0157392143 0.0137945265 0.0131354235 0.0197267099 0.0096036367 0.0069144484 0.0113984545 0.0123940199 0.0261213797 0.025948359 0.0216936404 0.0156982204 0.019421533 0.0207338071 0.0204266124 0.0274052849 0.0103231003 0.006161016 0.0164867141 0.0143598648 0.0147116041 0.0123099959 0.0142591351 0.0140632988 0.0165925026 0.0318040987 0.0144274901 0.010120305 0.0090062965 0.0191561622 0.0149213252 0.0120781365 0.0183978704 0.0128325668 0.0075311351 
15 0.0202143092 0.0068674301 0.0136763262 0.0203530493 0.0132607334 0.0170362763 0.0077942752 0.0105298397 0.0104148575 0.0195876882 0.0157374703 0.0176159694 0.0173069604 0.0091436952 0.0062956193 0.0182630697 0.0189292267 0.015754125 0.0117428616 0.0224244477 0.0189218669 0.0119441093 0.0234242714 0.008264915 0.0114151492 0.0163180566 0.0068485731 0.0159565681 0.0151646685 0.0179712304 0.0033025398 0.0161974864 0.0269652883 0.0086448361 0.0191901109 0.0146826859 0.0147039455 0.0150641719 0.0166780587 0.013663405 0.0133780072 0.011247883 0.0076014143 0.0132642325 0.01514029 0.013658187 0.0237926609 0.0214239848 0.0125059678 0.0166899188 0.0157594802 0.0324955544 0.0116129631 0.0204885687 0.009362981 0.0146545829 0.0265445514 0.0092432772 0.0235280562 0.0148643506 0.024314604 0.0260050924 0.0194146937 0.0147385303 
16 0.0055068548 0.0125420537 0.0189886775 0.0072365004 0.0092174968 0.0287204171 0.0182126046 0.0138257229 0.0106899515 0.0174481598 0.0255733509 0.0134892487 0.0158474761 0.0120764711 0.0182630697 0.0279170876 0.013925384 0.0079140209 0.010185985 0.0143425356 0.0099953536 0.0047119046 0.0224094915 0.0111926954 0.0072357596 0.0132081719 0.0096368907 0.0247597894 0.0244279386 0.0199860002 0.0143978997 0.0214132241 0.017214039 0.0074222502 0.0210037354 0.0146132346 0.0137702043 0.0075669867 0.0117450501 0.02333558 0.0212746885 0.0094569992 0.024948209 0.0226900703 0.0295792211 0.009154449 0.0208123984 0.0089946584 0.0204044533 0.0086761876 0.016449762 0.0204544067 0.0185336693 0.0182119545 0.0115648945 0.0133375455 0.019231284 0.0193095583 0.016378657 0.0112054713 0.0176814491 0.0103328346 0.021844343 0.007503567 
17 0.0064325315 0.0078218253 0.0279697711 0.0213712781 0.0193498882 0.0203157436 0.0178677375 0.0191290752 0.0152918052 0.016407487 0.0103523746 0.0180079108 0.0179128833 0.0129744555 0.0189292267 0.013925384 0.0308310795 0.0273043661 0.0130487702 0.0081884559 0.0143663477 0.0168263391 0.0163927332 0.0138297373 0.0160848568 0.0143839317 0.0255428656 0.0124362598 0.0130802973 0.0172616915 0.0236237352 0.0100847939 0.0134507775 0.0112328574 0.0121859021 0.0102055892 0.0257030095 0.0293751821 0.0086862363 0.0130056742 0.0091520978 0.0095495624 0.0102434374 0.0127862559 0.0216997311 0.0189338222 0.010567286 0.0111550019 0.0085708205 0.0155945702 0.0206859175 0.0175029768 0.0065817911 0.0163579852 0.0151963795 0.0143704033 0.0259905984 0.0125076593 0.0149800248 0.0126785284 0.011576624 0.0088924019 0.0125585421 0.0206767155 
18 0.0152498711 0.0118692448 0.0104136834 0.0170525396 0.0234261981 0.0192848586 0.0123851974 0.0235644338 0.0140206401 0.0053132991 0.0146294495 0.0309090173 0.0208928429 0.0173673716 0.015754125 0.0079140209 0.0273043661 0.0358997342 0.0199306135 0.029985238 0.017441574 0.0096052774 0.0081096792 0.0142072774 0.0059487811 0.0174609434 0.0097956931 0.0123702682 0.0119528253 0.01607061 0.0066158167 0.0255761051 0.0169083875 0.0033460764 0.0072898383 0.0173454733 0.0083984813 0.0154922701 0.013751538 0.0209792796 0.0109951804 0.0108349745 0.012011868 0.0137575492 0.0153578975 0.0099043603 0.0070660917 0.0145824848 0.0163327851 0.0339374334 0.0284005002 0.0163386166 0.0179243337 0.0136401723 0.0142199161 0.0181077752 0.0058102744 0.0093554359 0.0052120261 0.0192978769 0.0180258286 0.0228897011 0.0184631712 0.0157008063 
19 0.0116049612 0.0163523119 0.0099264549 0.0164275168 0.006563695 0.0149009682 0.0272354733 0.0067801681 0.0325312807 0.0055111354 0.0064426373 0.0138590101 0.0109388679 0.0084663483 0.0117428616 0.010185985 0.0130487702 0.0199306135 0.0166983481 0.0111765285 0.0125736168 0.0145170355 0.0223120426 0.0148912915 0.0160329863 0.0123058341 0.02537684 0.0200667287 0.0263769185 0.0184676507 0.0088962115 0.0162867655 0.0148274994 0.0170682049 0.0099011527 0.0169403945 0.0110239619 0.0122225633 0.025483684 0.0153774814 0.0172195647 0.0285939645 0.0221932101 0.0140103645 0.0148260126 0.0222290625 0.0109134948 0.0242576617 0.0145711034 0.0262166456 0.0203531645 0.0126609297 0.0219025642 0.0142380362 0.0099969925 0.0277064875 0.0109262862 0.0103276579 0.0115058408 0.0159018215 0.0108881305 0.0193173079 0.0083506079 0.0096202887 
20 0.0125952734 0.01022068 0.020582966 0.0102545922 0.0207070037 0.0154956525 0.0199548948 0.0076399397 0.0089938591 0.0044086957 0.0217131662 0.0284338942 0.0109866835 0.0108664699 0.0224244477 0.0143425356 0.0081884559 0.029985238 0.0111765285 0.0096311045 0.015700244 0.0082282968 0.0142407017 0.018538091 0.0166406816 0.0118398405 0.0016712558 0.014573553 0.0065882388 0.0217411951 0.0248667421 0.0233722132 0.0123953947 0.0189698538 0.0158660966 0.014543494 0.011276977 0.0128096015 0.0152698589 0.0239117148 0.0265994664 0.0143142073 0.0078117374 0.0124915856 0.0198771016 0.0191463474 0.0124709418 0.0144049404 0.0177446513 0.015051191 0.0095424052 0.022607866 0.0164148741 0.0384973034 0.0219735415 0.0227694379 0.0112832324 0.0076940564 0.0094583953 0.0268386722 0.0107692702 0.0153079246 0.0185700284 0.0067146957 
21 0.0255920306 0.0141082221 0.0181492677 0.0188622746 0.0120467947 0.010338472 0.0237641813 0.0172495731 0.0119810133 0.0111819379 0.0172105002 0.0165647752 0.0128298381 0.0097975893 0.0189218669 0.0099953536 0.0143663477 0.017441574 0.0125736168 0.015700244 0.0128555004 0.0165722945 0.0154761471 0.0246760025 0.0112691511 0.0132657528 0.0121440052 0.0129369387 0.0148425621 0.0070663658 0.0120106856 0.0108955872 0.0214705646 0.0097418886 0.0038633929 0.0117897425 0.0284475176 0.0283860902 0.0161286011 0.0215106225 0.0234622109 0.0089275116 0.0195052825 0.0288837646 0.0143205152 0.0042182068 0.0227144009 0.0107840317 0.0078706439 0.0216076103 0.0103710065 0.0226004113 0.0199526516 0.01530752 0.0186590068 0.024703529 0.0169222368 0.0203261243 0.0197296186 0.0084349775 0.0156878103 0.0062520918 0.0070205468 0.0177134043 
22 0.0039678869 0.0131355054 0.0123187976 0.0133870923 0.0224299955 0.016189347 0.027565121 0.0171027707 0.031605566 0.0159906643 0.0241210674 0.0134594772 0.0304099513 0.0177903172 0.0119441093 0.0047119046 0.0168263391 0.0096052774 0.0145170355 0.0082282968 0.0165722945 0.0120121598 0.0060697912 0.0154185255 0.0098157839 0.0075690034 0.0090550649 0.0221771425 0.0162924527 0.0150338113 0.0171794751 0.0094034106 0.0157320361 0.0193851728 0.0154906907 0.0162566199 0.0220166893 0.0114603779 0.0086065882 0.0144475093 0.0111897395 0.0190126051 0.0196234416 0.0257833373 0.0057014711 0.0212587264 0.010782341 0.007267769 0.0113432311 0.000912273 0.0118374955 0.0164434211 0.0180777702 0.0227529296 0.0312382531 0.0190641901 0.0217946673 0.0176962584 0.0065807635 0.0289372518 0.010113954 0.0152382855 0.0159893044 0.0260593986 
23 0.007130822 0.0142893787 0.0258472268 0.0211926183 0.0104940568 0.0206948801 0.0189642608 0.0179542334 0.0171404653 0.0093854661 0.0157977307 0.009414098 0.0051571125 0.0250378924 0.0234242714 0.0224094915 0.0163927332 0.0081096792 0.0223120426 0.0142407017 0.0154761471 0.0060697912 0.016569337 0.0277242392 0.0101257928 0.0149389832 0.0120054564 0.0102282856 0.0161907005 0.0012036376 0.008536169 0.0081260268 0.0064234353 0.0216629431 0.0207217451 0.0091916013 0.02020226 0.0005013516 0.0187242619 0.0067543446 0.0178184369 0.0094886282 0.0198275301 0.0158810842 0.0231655558 0.0126833096 0.0327443664 0.0252797161 0.0123482891 0.0211638062 0.0094085782 0.015264557 0.0080039404 0.017436897 0.0138379879 0.0059167934 0.0206926414 0.0189957022 0.0065623346 0.029455283 0.0089676558 0.043522782 0.014599701 0.0201687528 
24 0.0232039371 0.0186617188 0.011499975 0.0110328334 0.0184464017 0.0111700092 0.0113965278 0.0141176314 0.0134318964 0.0092332605 0.0179349527 0.017424143 0.0171766975 0.010772846 0.008264915 0.0111926954 0.0138297373 0.0142072774 0.0148912915 0.018538091 0.0246760025 0.0154185255 0.0277242392 0.0169681057 0.0189306139 0.0089953593 0.0205783646 0.0205230715 0.0231805885 0.0285733489 0.0091865278 0.0076882719 0.0085737232 0.0224473554 0.0167001135 0.0080640616 0.0304372079 0.0127819787 0.0205196015 0.0097297069 0.009264721 0.0204335252 0.013469689 0.0106195414 0.0041962645 0.0266255115 0.0066925118 0.0087202282 0.0153452376 0.0287205571 0.0126394328 0.0114157905 0.0266234877 0.0270283259 0.0074656734 0.0108441825 0.0125024723 0.0223540515 0.014053783 0.0102312706 0.0168055732 0.0183786866 0.015635221 0.0118106552 
25 0.0090599943 0.031077106 0.0073451718 0.0173910652 0.019440288 0.0044210401 0.0172134138 0.0226225344 0.0191613963 0.0107988103 0.0142645019 0.0093072776 0.0093179928 0.0150980112 0.0114151492 0.0072357596 0.0160848568 0.0059487811 0.0160329863 0.0166406816 0.0112691511 0.0098157839 0.0101257928 0.0189306139 0.0160638832 0.0170812788 0.0182232003 0.0280926042 0.013273504 0.0069353502 0.0341220077 0.0087256439 0.0268610079 0.0192825886 0.0200075408 0.0051407472 0.0146306847 0.0131449287 0.0087861105 0.0095131746 0.0163859563 0.0164447473 0.0211500981 0.0193592766 0.018228776 0.0249167428 0.0120539668 0.0213537618 0.0223613891 0.0062591402 0.0167208886 0.0084412488 0.0162566872 0.0085646843 0.032697681 0.0074728171 0.0271930831 0.0147159855 0.0182869234 0.0253047543 0.0070552739 0.0191190021 0.0086620156 0.0210926848 
26 0.0130688264 0.0156431475 0.023580381 0.0189345415 0.0210913182 0.0067266357 0.0017783922 0.0265552964 0.0130689582 0.0200836603 0.0125246036 0.0112701774 0.0143020013 0.020282323 0.0163180566 0.0132081719 0.0143839317 0.0174609434 0.0123058341 0.0118398405 0.0132657528 0.0075690034 0.0149389832 0.0089953593 0.0170812788 0.0132845254 0.0110911304 0.0159380528 0.0097041058 0.0118841754 0.0094247376 0.0134977115 0.017800666 0.0116613697 0.0127064304 0.0092836497 0.025564706 0.0259763887 0.0146203913 0.0190818371 0.0221717114 0.0235623059 0.0123273095 0.0211400605 0.0245336599 0.0075356892 0.0170151867 0.017712218 0.0198341757 0.0119211804 0.0177878246 0.0208401959 0.0238887602 0.0154066615 0.0078649473 0.0116129322 0.0152711349 0.020134643 0.0171236224 0.0102605679 0.0175486246 0.0185530804 0.0174157626 0.0207404495 
27 0.0175028382 0.0238616276 0.0136397779 0.008031621 0.020677479 0.0360623525 0.0098702779 0.0171572855 0.0134730825 0.0194083555 0.0130806087 0.017850987 0.023005222 0.0133483383 0.0068485731 0.0096368907 0.0255428656 0.0097956931 0.02537684 0.0016712558 0.0121440052 0.0090550649 0.0120054564 0.0205783646 0.0182232003 0.0110911304 0.0219863806 0.0179672536 0.0086357548 0.0058249358 0.0074861224 0.0118313103 0.0146349153 0.0162074328 0.0208381411 0.0244924676 0.0093519935 0.015759673 0.0170270976 0.0261389075 0.0237794498 0.0078804469 0.0186890183 0.0113710608 0.0019709262 0.0266486624 0.0079588128 0.0122362502 0.0282013071 0.0090104759 0.0197408859 0.0185018716 0.0132146932 0.0156101543 0.0141523968 0.0169271809 0.0179132578 0.0025420715 0.0183620686 0.0124764758 0.0240125229 0.0119214676 0.0242120403 0.0155449231 
28 0.007519916 0.0081229394 0.0055670329 0.0174225983 0.032177419 0.022638305 0.0196869417 0.0079657056 0.0115655581 0.0230875021 0.0007326588 0.0153931144 0.0290914696 0.0118993014 0.0159565681 0.0247597894 0.0124362598 0.0123702682 0.0200667287 0.014573553 0.0129369387 0.0221771425 0.0102282856 0.0205230715 0.0280926042 0.0159380528 0.0179672536 0.0185625389 0.0190744688 0.0181466651 0.0179184632 0.0178268981 0.0171320078 0.0160423786 0.0122184171 0.0133900585 0.0089530698 0.0121143906 0.012708537 0.0126927653 0.0142084139 0.0144643514 0.0121915816 0.0141141036 0.0170282927 0.0194370605 0.0112708885 0.0119285987 0.0230236645 0.0165331425 0.0220727845 0.0137770671 0.0259098694 0.0268591011 0.0276383926 0.0155659455 0.0097141053 0.0103421979 0.0142229647 0.0142470502 0.0094818717 0.0063161987 0.0053667479 0.0066079684 
29 0.0224763026 0.0138401956 0.0139598322 0.0202236751 0.0107093547 0.0164988187 0.0145252556 0.017116146 0.011261695 0.0148142342 0.0126590991 0.0149854843 0.0065505772 0.009332342 0.0151646685 0.0244279386 0.0130802973 0.0119528253 0.0263769185 0.0065882388 0.0148425621 0.0162924527 0.0161907005 0.0231805885 0.013273504 0.0097041058 0.0086357548 0.0190744688 0.0162630186 0.015738888 0.0148184269 0.015324829 0.0220438316 0.019237156 0.0198256045 0.0103443845 0.0129464482 0.0160799051 0.0098204501 0.0085637442 0.0131528124 0.021500773 0.0109164611 0.0063372397 0.0100030037 0.0258457994 0.0177575756 0.0139601621 0.0167893795 0.0186614998 0.0178388866 0.014716862 0.0193079859 0.0176123372 0.0128427354 0.0157156386 0.0165189625 0.0133820312 0.0210983963 0.0240264952 0.011466623 0.0270303689 0.0103807637 0.0243924839 
30 0.014853728 0.0197536133 0.0083969428 0.015997582 0.0056979614 0.0167430106 0.0082606803 0.0390267923 0.0055761237 0.0144561366 0.0185320345 0.0130723199 0.0199887322 0.0157392143 0.0179712304 0.0199860002 0.0172616915 0.01607061 0.0184676507 0.0217411951 0.0070663658 0.0150338113 0.0012036376 0.0285733489 0.0069353502 0.0118841754 0.0058249358 0.0181466651 0.015738888 0.0074349257 0.029783996 0.0124325803 0.0127824541 0.0094219891 0.0137078973 0.0212416774 0.0159324041 0.0135551363 0.0108113125 0.0227422088 0.0196364838 0.0184191583 0.012649637 0.0258458883 0.0198955601 0.0101257575 0.0259180092 0.0121489217 0.0130654341 0.0172753161 0.0304194029 0.0222377806 0.0077430311 0.0211517717 0.026623904 0.0161320714 0.0076532465 0.0064382118 0.0117512599 0.0181909561 0.0203082406 0.0056380494 0.0123962478 0.0104886506 
31 0.0268242644 0.0129894493 0.0138269599 0.0224011451 0.0118108914 0.0150510151 0.018677491 0.0123457956 0.0141818411 0.0134631286 0.0269790906 0.02015606 0.0094220256 0.0137945265 0.0033025398 0.0143978997 0.0236237352 0.0066158167 0.0088962115 0.0248667421 0.0120106856 0.0171794751 0.008536169 0.0091865278 0.0341220077 0.0094247376 0.0074861224 0.0179184632 0.0148184269 0.029783996 0.0226258098 0.0126117485 0.0113102081 0.0119241873 0.0098952867 0.0161795542 0.0152138012 0.0053760846 0.0025268078 0.014510454 0.0257869621 0.0137010509 0.0166995605 0.0251498576 0.0122238817 0.0160953293 0.0150924522 0.0114666719 0.0106291961 0.0234389712 0.0168096841 0.0092445003 0.0113722032 0.0168625251 0.0292239382 0.0042935429 0.0313419908 0.0134181915 0.0093321751 0.0136323802 0.0214450191 0.0222477735 0.0109876608 0.0232372991 
32 0.0088637617 0.0196443471 0.0190065478 0.0134321839 0.0160881976 0.0129690137 0.0071413044 0.0221124945 0.0133366224 0.0210442506 0.0241398205 0.013453895 0.0154877275 0.0131354235 0.0161974864 0.0214132241 0.0100847939 0.0255761051 0.0162867655 0.0233722132 0.0108955872 0.0094034106 0.0081260268 0.0076882719 0.0087256439 0.0134977115 0.0118313103 0.0178268981 0.015324829 0.0124325803 0.0126117485 0.0232807284 0.0164820276 0.0104872499 0.0256153825 0.0183602619 0.0148636444 0.0136375529 0.0139017887 0.0217827051 0.0288763846 0.0193385909 0.0152558855 0.0210918245 0.0196432037 0.0193512506 0.0159685051 0.0243035504 0.0122329291 0.0178760969 0.0125145014 0.0146282541 0.0161066781 0.0066131911 0.0088406688 0.0172056537 0.0135695651 0.0172567613 0.0143321199 0.0205908449 0.0070766578 0.0030038746 0.0188593965 0.0159020735 
33 0.0189955667 0.0150559429 0.0087295428 0.0111628127 0.0135013247 0.0291958479 0.0128536608 0.0089381994 0.0224551381 0.0235341842 0.0182083484 0.0211862203 0.0104937579 0.0197267099 0.0269652883 0.017214039 0.0134507775 0.0169083875 0.0148274994 0.0123953947 0.0214705646 0.0157320361 0.0064234353 0.0085737232 0.0268610079 0.017800666 0.0146349153 0.0171320078 0.0220438316 0.0127824541 0.0113102081 0.0164820276 0.0095973893 0.0294788761 0.0093255798 0.0154862126 0.0088328386 0.0211813009 0.0157614876 0.0058773766 0.0152109345 0.0106270741 0.0154103877 0.0076253503 0.0125786034 0.0208570868 0.0153221673 0.0135221914 0.006532027 0.0082703585 0.0065260124 0.0188169619 0.0174545455 0.0233744763 0.0192816976 0.0139489382 0.0113666097 0.0388960274 0.0124952756 0.0194066603 0.0125044033 0.0118671895 0.0151564392 0.0103620001 
34 0.0183404611 0.0174404727 0.0178785105 0.0123046131 0.027861909 0.0139240655 0.0127925094 0.0193577099 0.0168186586 0.005526317 0.0088573181 0.0226471401 0.0168812572 0.0096036367 0.0086448361 0.0074222502 0.0112328574 0.0033460764 0.0170682049 0.0189698538 0.0097418886 0.0193851728 0.0216629431 0.0224473554 0.0192825886 0.0116613697 0.0162074328 0.0160423786 0.019237156 0.0094219891 0.0119241873 0.0104872499 0.0294788761 0.0314718754 0.0184193517 0.0173185168 0.0175267687 0.0033917358 0.0051987045 0.0187024125 0.0121340921 0.0156073047 0.0155753545 0.011871786 0.0150858913 0.0141801074 0.0113568428 0.0252714275 0.0298769241 0.0164831599 0.0243102728 0.0165355653 0.0134202554 0.0185900678 0.0188206644 0.01000449 0.0119648303 0.0154644314 0.0126928847 0.0095988569 0.0223989633 0.0175358799 0.0065058461 0.0187854901 
35 0.0097648406 0.0176953856 0.0070317987 0.0158302449 0.021309003 0.0166886936 0.0074911958 0.0155268893 0.0154064324 0.0129197969 0.0136577153 0.0251267841 0.0050352767 0.0069144484 0.0191901109 0.0210037354 0.0121859021 0.0072898383 0.0099011527 0.0158660966 0.0038633929 0.0154906907 0.0207217451 0.0167001135 0.0200075408 0.0127064304 0.0208381411 0.0122184171 0.0198256045 0.0137078973 0.0098952867 0.0256153825 0.0093255798 0.0184193517 0.0068470063 0.0171539478 0.0208427463 0.0132001096 0.0238311878 0.0086991153 0.022814419 0.0172418449 0.0091513997 0.024706872 0.012878166 0.0115374394 0.011534106 0.0239723027 0.0284049481 0.0100233994 0.0055939837 0.0126426767 0.0309020827 0.0074311167 0.0135590365 0.0148645973 0.01915972 0.019067687 0.0089842211 0.0277983883 0.0172472102 0.0203919035 0.0098508681 0.0344965825 
36 0.0114216447 0.0174689078 0.0168390693 0.0130300584 0.0125759267 0.0236678946 0.0079835235 0.0095584603 0.022443568 0.0116386237 0.0059775007 0.0182419467 0.0136026691 0.0113984545 0.0146826859 0.0146132346 0.0102055892 0.0173454733 0.0169403945 0.014543494 0.0117897425 0.0162566199 0.0091916013 0.0080640616 0.0051407472 0.0092836497 0.0244924676 0.0133900585 0.0103443845 0.0212416774 0.0161795542 0.0183602619 0.0154862126 0.0173185168 0.0171539478 0.0117032839 0.01573272 0.0198295115 0.0171870148 0.0153935102 0.0170779718 0.0185209597 0.0211842998 0.0158258278 0.0241102674 0.0167004545 0.0216663962 0.010124078 0.0074207032 0.0100797347 0.013119941 0.0145423389 0.0186406492 0.0269481203 0.0144728028 0.0219670388 0.0122160909 0.0310265045 0.0139195713 0.0155855601 0.0298594739 0.013418915 0.0233171886 0.0105364476 
37 0.01053555 0.0166298328 0.022591333 0.0240445149 0.0160126387 0.0126998926 0.0183782152 0.0117722637 0.0299528177 0.0128782922 0.0129891351 0.0131104715 0.0147358346 0.0123940199 0.0147039455 0.0137702043 0.0257030095 0.0083984813 0.0110239619 0.011276977 0.0284475176 0.0220166893 0.02020226 0.0304372079 0.0146306847 0.025564706 0.0093519935 0.0089530698 0.0129464482 0.0159324041 0.0152138012 0.0148636444 0.0088328386 0.0175267687 0.0208427463 0.01573272 0.0235056732 0.0200483256 0.0124384999 0.0063176321 0.0071402639 0.0133325749 0.0131658552 0.0125897467 0.0153363836 0.0081751204 0.0134594979 0.0170438595 0.0216526651 0.0198188368 0.0148714481 0.0137992664 0.009396772 0.0093769368 0.0153976844 0.0199127853 0.0237265098 0.0086321245 0.0108731863 0.0088962444 0.0148279667 0.01178101 0.0195478063 0.019838432 
38 0.0282454495 0.0208203311 0.0127453802 0.0163988663 0.0121724403 0.0121879743 0.0126024454 0.012069693 0.0183043599 0.0121242361 0.0106092834 0.0119289874 0.0135098562 0.0261213797 0.0150641719 0.0075669867 0.0293751821 0.0154922701 0.0122225633 0.0128096015 0.0283860902 0.0114603779 0.0005013516 0.0127819787 0.0131449287 0.0259763887 0.015759673 0.0121143906 0.0160799051 0.0135551363 0.0053760846 0.0136375529 0.0211813009 0.0033917358 0.0132001096 0.0198295115 0.0200483256 0.0164807168 0.0350807949 0.0154334298 0.0026901665 0.0172018626 0.0172787384 0.0067420681 0.0150938741 0.0173755614 0.0128575379 0.0293382599 0.0327692901 0.0116089413 0.0145928731 0.0267172393 0.0174673506 0.0112345557 0.0201807601 0.011940365 0.0046659274 0.0222173538 0.0208519475 0.0230564605 0.0123694335 0.0070135427 0.0174069367 0.0015377121 
39 0.010792408 0.0152267177 0.0100243206 0.0077641568 0.0201771609 0.014854424 0.0172409825 0.0115654272 0.0151801257 0.0159170182 0.0128053262 0.0150115538 0.0116415399 0.025948359 0.0166780587 0.0117450501 0.0086862363 0.013751538 0.025483684 0.0152698589 0.0161286011 0.0086065882 0.0187242619 0.0205196015 0.0087861105 0.0146203913 0.0170270976 0.012708537 0.0098204501 0.0108113125 0.0025268078 0.0139017887 0.0157614876 0.0051987045 0.0238311878 0.0171870148 0.0124384999 0.0350807949 0.020323106 0.0138682941 0.0109912732 0.0235624309 0.0144490864 0.0136718509 0.0056548709 0.0206788371 0.0221391543 0.0106652634 0.0150152208 0.020172556 0.0144835256 0.0175981018 0.0140302378 0.0103773654 0.0328197904 0.0195815655 0.0105835266 0.014332776 0.0267872247 0.0140807467 0.0154651825 0.0214069822 0.0311529084 0.0066649384 
40 0.0261001524 0.0094987643 0.0307525258 0.0221450471 0.0081242503 0.0121973422 0.0161259416 0.0122253268 0.0187154508 0.0156978837 0.0150394899 0.0220164574 0.0113150548 0.0216936404 0.013663405 0.02333558 0.0130056742 0.0209792796 0.0153774814 0.0239117148 0.0215106225 0.0144475093 0.0067543446 0.0097297069 0.0095131746 0.0190818371 0.0261389075 0.0126927653 0.0085637442 0.0227422088 0.014510454 0.0217827051 0.0058773766 0.0187024125 0.0086991153 0.0153935102 0.0063176321 0.0154334298 0.0138682941 0.018298616 0.0173989957 0.0132448086 0.0156075356 0.0114488726 0.0078970347 0.0176517561 0.0111230942 0.0127093166 0.0118452785 0.0137895488 0.0045338278 0.0119566463 0.0237738391 0.0100642278 0.0191132256 0.0272213088 0.0111883869 0.0203846276 0.0116346652 0.0098170326 0.0170933096 0.0266631046 0.0098815845 0.0219791433 
41 0.0153271742 0.0188814839 0.0184024895 0.0075428065 0.0250395183 0.013794545 0.0259384165 0.0160921565 0.0070546531 0.0209034228 0.0150451828 0.0104045676 0.0122383897 0.0156982204 0.0133780072 0.0212746885 0.0091520978 0.0109951804 0.0172195647 0.0265994664 0.0234622109 0.0111897395 0.0178184369 0.009264721 0.0163859563 0.0221717114 0.0237794498 0.0142084139 0.0131528124 0.0196364838 0.0257869621 0.0288763846 0.0152109345 0.0121340921 0.022814419 0.0170779718 0.0071402639 0.0026901665 0.0109912732 0.0173989957 0.0089365285 0.0146903634 0.0095487962 0.0074963196 0.023170637 0.0149033115 0.0142793376 0.0061968458 0.0178608392 0.0190211386 0.023500906 0.0070288581 0.0125904683 0.0052285778 0.0090943579 0.0138878708 0.016724662 0.0212878717 0.0167484772 0.0075614722 0.0233880317 0.0187980928 0.0201493678 0.0157334377 
42 0.0181049397 0.0195016923 0.0138225888 0.0305447559 0.0138688774 0.0210795393 0.0176991251 0.0231401766 0.0072416721 0.0075178335 0.0142313286 0.0066882266 0.0278097045 0.019421533 0.011247883 0.0094569992 0.0095495624 0.0108349745 0.0285939645 0.0143142073 0.0089275116 0.0190126051 0.0094886282 0.0204335252 0.0164447473 0.0235623059 0.0078804469 0.0144643514 0.021500773 0.0184191583 0.0137010509 0.0193385909 0.0106270741 0.0156073047 0.0172418449 0.0185209597 0.0133325749 0.0172018626 0.0235624309 0.0132448086 0.0146903634 0.0114063122 0.0116819459 0.009704693 0.0131908049 0.0057014614 0.0236991151 0.0236345737 0.0214618683 0.0144869898 0.0154359635 0.0141903709 0.0099997873 0.0133935092 0.0083914034 0.0226717746 0.0116201396 0.0154973893 0.0098218437 0.0160449753 0.0239776788 0.0128653315 0.0140461532 0.0152034129 
43 0.0306561101 0.0171858889 0.0129310991 0.0126830676 0.0113235412 0.0259020734 0.0197315803 0.0093992407 0.0188219429 0.0190546986 0.0104891309 0.0127959193 0.0156253746 0.0207338071 0.0076014143 0.024948209 0.0102434374 0.012011868 0.0221932101 0.0078117374 0.0195052825 0.0196234416 0.0198275301 0.013469689 0.0211500981 0.0123273095 0.0186890183 0.0121915816 0.0109164611 0.012649637 0.0166995605 0.0152558855 0.0154103877 0.0155753545 0.0091513997 0.0211842998 0.0131658552 0.0172787384 0.0144490864 0.0156075356 0.0095487962 0.0116819459 0.0130980181 0.0111633167 0.0125153266 0.0096871838 0.0107366827 0.0202873645 0.0193829336 0.0110409105 0.0146962008 0.0139357495 0.0149710926 0.0183767184 0.0078394552 0.0183386096 0.0209696025 0.0114996668 0.020527635 0.0107425522 0.0273968853 0.0093624472 0.0213108508 0.0246185526 
44 0.0170847053 0.0285758921 0.007894449 0.0131470591 0.0099755027 0.0100580126 0.009829153 0.0072680036 0.0166332469 0.0155032425 0.0085935611 0.0075146517 0.0148719967 0.0204266124 0.0132642325 0.0226900703 0.0127862559 0.0137575492 0.0140103645 0.0124915856 0.0288837646 0.0257833373 0.0158810842 0.0106195414 0.0193592766 0.0211400605 0.0113710608 0.0141141036 0.0063372397 0.0258458883 0.0251498576 0.0210918245 0.0076253503 0.011871786 0.024706872 0.0158258278 0.0125897467 0.0067420681 0.0136718509 0.0114488726 0.0074963196 0.009704693 0.0111633167 0.0193851157 0.0221638377 0.022408845 0.0185904567 0.0156579878 0.0072337202 0.0256616812 0.019658895 0.0136452677 0.006358973 0.0178192584 0.0165436524 0.0184096608 0.0227293432 0.015595376 0.0242702616 0.0114210465 0.0340494903 0.0128434257 0.0109834665 0.009770349 
45 0.0077979289 0.0124606494 0.0395751981 0.0121440678 0.0216357361 0.0082004097 0.0033799289 0.0158736271 0.0258738425 0.0302828448 0.0228708846 0.0097789776 0.0191582786 0.0274052849 0.01514029 0.0295792211 0.0216997311 0.0153578975 0.0148260126 0.0198771016 0.0143205152 0.0057014711 0.0231655558 0.0041962645 0.018228776 0.0245336599 0.0019709262 0.0170282927 0.0100030037 0.0198955601 0.0122238817 0.0196432037 0.0125786034 0.0150858913 0.012878166 0.0241102674 0.0153363836 0.0150938741 0.0056548709 0.0078970347 0.023170637 0.0131908049 0.0125153266 0.0221638377 0.0073965425 0.0139715623 0.0170185722 0.0110501914 0.0254093839 0.0046940949 0.010161035 0.0079856687 0.0168897507 0.0117098939 0.0056763805 0.0094505195 0.0157616833 0.0229794043 0.0063513155 0.0255198985 0.026585815 0.0109090092 0.0211517064 0.0058228512 
46 0.0135595288 0.0067816258 0.0181771581 0.0120464995 0.0080976718 0.019025369 0.0184281442 0.0142715851 0.0224951624 0.017813567 0.021548022 0.0220079423 0.023483428 0.0103231003 0.013658187 0.009154449 0.0189338222 0.0099043603 0.0222290625 0.0191463474 0.0042182068 0.0212587264 0.0126833096 0.0266255115 0.0249167428 0.0075356892 0.0266486624 0.0194370605 0.0258457994 0.0101257575 0.0160953293 0.0193512506 0.0208570868 0.0141801074 0.0115374394 0.0167004545 0.0081751204 0.0173755614 0.0206788371 0.0176517561 0.0149033115 0.0057014614 0.0096871838 0.022408845 0.0139715623 0.000802801 0.0106229661 0.0139648365 0.0218414651 0.0109556435 0.0219363104 0.0062077761 0.0270978243 0.0085433022 0.008628733 0.0141044665 0.0163617874 0.0159850843 0.0168633424 0.0136906013 0.0052350022 0.01644012 0.0244431117 0.0166190203 
47 0.0119054524 0.0177504075 0.0153093674 0.0212012318 0.0211257558 0.0117599592 0.0154744075 0.0214228548 0.0247925097 0.0086119667 0.0133825335 0.0087778955 0.0121485443 0.006161016 0.0237926609 0.0208123984 0.010567286 0.0070660917 0.0109134948 0.0124709418 0.0227144009 0.010782341 0.0327443664 0.0066925118 0.0120539668 0.0170151867 0.0079588128 0.0112708885 0.0177575756 0.0259180092 0.0150924522 0.0159685051 0.0153221673 0.0113568428 0.011534106 0.0216663962 0.0134594979 0.0128575379 0.0221391543 0.0111230942 0.0142793376 0.0236991151 0.0107366827 0.0185904567 0.0170185722 0.0106229661 0.0172515739 0.0156573127 0.0089767289 0.0305422075 0.0146801855 0.0102428501 0.021811649 0.018046135 0.0098834363 0.0140758816 0.0207192611 0.0164125773 0.0219664174 0.0127950503 0.007199815 0.0232260107 0.015820901 0.0148702872 
48 0.0051492293 0.0020423429 0.026596184 0.0058712744 0.0112379989 0.0187427656 0.0156481625 0.0091903039 0.0052124339 0.0155621828 0.0126339384 0.015468525 0.0148313895 0.0164867141 0.0214239848 0.0089946584 0.0111550019 0.0145824848 0.0242576617 0.0144049404 0.0107840317 0.007267769 0.0252797161 0.0087202282 0.0213537618 0.017712218 0.0122362502 0.0119285987 0.0139601621 0.0121489217 0.0114666719 0.0243035504 0.0135221914 0.0252714275 0.0239723027 0.010124078 0.0170438595 0.0293382599 0.0106652634 0.0127093166 0.0061968458 0.0236345737 0.0202873645 0.0156579878 0.0110501914 0.0139648365 0.0156573127 0.021685043 0.0207930152 0.0159500542 0.0137430404 0.0143902564 0.017530132 0.0104247419 0.0161108498 0.0177561155 0.0244639969 0.0271455509 0.0211500482 0.0151156538 0.0154386905 0.0136450892 0.0182449777 0.0206628762 
