60
1 0.0 0.011122281 0.0104644439 0.0157391171 0.0181507052 0.0237534502 0.018213436 0.0229053064 0.0041025969 0.0222643177 0.0109816933 0.0099105676 0.0179768671 0.0176336526 0.0181651947 0.0104432188 0.0249353172 0.002528267 0.0113649083 0.0111139054 0.0191627497 0.0071888359 0.0178141272 0.014482141 0.0151494315 0.0114905872 0.0170148157 0.0195226638 0.0155275334 0.0270034895 0.0080354454 0.0267945758 0.0205105014 0.0161935858 0.0204493293 0.0256612448 0.0230383058 0.0134529663 0.0056901427 0.0234899926 0.0303724798 0.0106881605 0.0315332531 0.0199412397 0.0164353586 0.0261032141 0.0177464035 0.0199162921 0.0186548577 0.0137214683 0.0192681012 0.0172733639 0.0086573198 0.0183011078 0.0122015561 0.0300708686 0.0160089296 0.0122853823 0.0062869105 0.0250920214
2 0.011122281 0.0 0.0198659941 0.0267746656 0.0025789398 0.0253323136 0.0211179855 0.0210149826 0.0116327685 0.0226314461 0.0308476617 0.0185237336 0.0013181264 0.0157004043 0.0156469973 0.017187172 0.020157065 0.0355361802 0.0071710044 0.027544826 0.0211960569 0.0073775099 0.0099560632 0.0155412877 0.0298618068 0.0099462117 0.0125187971 0.0050519745 0.0101906999 0.0033082801 0.0214155321 0.0144279918 0.0088813753 0.0207234256 0.0067044075 0.0150109612 0.0249995501 0.0049981364 0.0166280526 0.0137684677 0.0181460904 0.0152655729 0.0240239905 0.0272090856 0.014186694 0.0093221381 0.0017946332 0.0086627588 0.0269524761 0.0263296201 0.0156086963 0.0345054351 0.0240532437 0.0158585289 0.0170432989 0.0223759976 0.0205619766 0.0133396951 0.0144093276 0.0261396046
3 0.0104644439 0.0198659941 0.0 0.0187241476 0.0172683477 0.0023377576 0.0227780895 0.0040796386 0.0103418433 0.0160982251 0.0128177692 0.0055401451 0.0205631305 0.0220779663 0.0178031212 0.0213459772 0.0158430582 0.0030897036 0.0206082843 0.0234909054 0.0181031735 0.0325775235 0.0201854577 0.0160662157 0.0126748275 0.0142515745 0.0342778846 0.0126559605 0.0077590416 0.0010451062 0.0282825638 0.0100924559 0.0062424791 0.0133355999 0.0213827557 0.016612483 0.0082282066 0.0271959395 0.0088018531 0.0202321281 0.0220002987 0.0094139357 0.0184391954 0.0236654306 0.0151039346 0.0321428246 0.0241718172 0.0073031304 0.0083094369 0.0329118841 0.0197236453 0.0250681764 0.0246560965 0.0178754368 0.0256985379 0.0280820994 0.0194384398 0.0152277758 0.0094291033 0.0061970222
4 0.0157391171 0.0267746656 0.0187241476 0.0 0.0158969987 0.0114852281 0.0058532314 0.0193093544 0.0120013691 0.01521748 0.0154160753 0.0214924884 0.0339646765 0.0189232276 0.0150359727 0.0205947969 0.0176231741 0.0118134132 0.010769834 0.0281958055 0.0260867578 0.012647938 0.0087384641 0.0168124411 0.019701736 0.0100302019 0.0094590144 0.0220482532 0.0121322865 0.0139795188 0.0201968007 0.0237890868 0.028421834 0.0203002391 0.0058938038 0.0192594907 0.0227182847 0.0160788308 0.0272208231 0.0113453629 0.009466756 0.0228635305 0.0148138801 0.0078298744 0.0077617265 0.0149525091 0.0183179646 0.0151444847 0.0297209038 0.0166757571 0.0191396572 0.0076004783 0.0167051822 0.0075022208 0.0244125951 0.0107008459 0.0088742946 0.0255455196 0.0197311859 0.0205484093
5 0.0181507052 0.0025789398 0.0172683477 0.0158969987 0.0 0.0300054339 0.0162309505 0.0107910774 0.015835817 0.0105869801 0.0177839682 0.015512421 0.0164521721 0.0331154561 0.0216506907 0.0125004137 0.008950816 0.0099826288 0.0128978538 0.0124516801 0.0120762345 0.0079804897 0.0111407647 0.0116457721 0.0136501846 0.0225833672 0.0024895503 0.0260744487 0.0199500223 0.017787673 0.0253280447 0.0016862712 0.0222715392 0.0307273115 0.0289517255 0.0301238321 0.0083228226 0.0258214163 0.0199952569 0.0216124617 0.0231619634 0.0238658787 0.0079553682 0.0281641471 0.0142760906 0.0065408119 0.0157343547 0.0084136541 0.007699318 0.0164152757 0.0207733379 0.0244433578 0.0173858345 0.018909361 0.0187005453 0.0146808543 0.0114922949 0.0120214899 0.0237987253 0.0267047972
6 0.0237534502 0.0253323136 0.0023377576 0.0114852281 0.0300054339 0.0 0.016145799 0.0238669572 0.0074713393 0.0235041036 0.0132841002 0.0204044279 0.0115881654 0.0192520504 0.0188059353 0.0173928609 0.0281960446 0.0187735899 0.0175162671 0.0211881951 0.0192357576 0.0237965136 0.0275036566 0.0164270263 0.0247929027 0.0165237313 0.0111947206 0.0128009878 0.0095388076 0.0166567371 0.0079445192 0.0164659045 0.0161947378 0.01464893 0.0219988624 0.0153741592 0.0186831663 0.0219687963 0.0130894914 0.0159966728 0.0081583423 0.0179860262 0.0163208604 0.0124381585 0.0201803423 0.0199193846 0.0171026617 0.0176313911 0.0218614386 0.0101103778 0.0295471081 0.0025844087 0.0244413251 0.0170512508 0.0019691518 0.0020484583 0.0115724972 0.0136132107 0.0263333843 0.017990121
7 0.018213436 0.0211179855 0.0227780895 0.0058532314 0.0162309505 0.016145799 0.0 0.0117291451 0.0207585409 0.0246007369 0.0238019145 0.0167353599 0.0152951777 0.0271043766 0.0211877636 0.0128587387 0.0177967945 0.0321441983 0.0153119084 0.0289072646 0.0152402864 0.0085772492 0.0135026804 0.0021120995 0.014610124 0.0009791448 0.0076566768 0.0113164284 0.0179384718 0.0165249366 0.022386177 0.0212847965 0.0109816988 0.0254633713 0.0126729516 0.0374622512 0.0020571504 0.0210705859 0.0136473471 0.0260165127 0.0092451137 0.008888604 0.0272864835 0.0235555196 0.0187998003 0.0218484591 0.0089250378 0.0252661218 0.0112560117 0.0149908237 0.0073179015 0.0128021254 0.0156895618 0.0225194971 0.0136081429 0.0172651423 0.0149498243 0.0220181127 0.0172726428 0.0164227222
8 0.0229053064 0.0210149826 0.0040796386 0.0193093544 0.0107910774 0.0238669572 0.0117291451 0.0 0.0117749483 0.014515036 0.0133635732 0.0290804255 0.0077700897 0.0232562886 0.0099345649 0.0145872066 0.019550561 0.022466259 0.0064839464 0.0066468998 0.009450074 0.0209915594 0.0182988607 0.0037742493 0.0287737005 0.0181003039 0.0158999938 0.009646607 0.0188705562 0.02568563 0.0159410189 0.0283870956 0.0202407754 0.0136671919 0.0188461299 0.0254410642 0.0064257365 0.0192141989 0.0206042342 0.0188935696 0.0157562766 0.0273199938 0.0027844799 0.0169994828 0.0091183406 0.0124425882 0.0263750246 0.0234022414 0.0183651749 0.0125824137 0.0135865664 0.0237949288 0.0098345111 0.0185982697 0.0218408511 0.0223744291 0.0194610374 0.0167788939 0.0307453611 0.0075603245
9 0.0041025969 0.0116327685 0.0103418433 0.0120013691 0.015835817 0.0074713393 0.0207585409 0.0117749483 0.0 0.0278325021 0.0235940593 0.020587474 0.0220911 0.0038565138 0.0284468205 0.0192634966 0.0162293229 0.0189858391 0.0166799892 0.0125770078 0.0160084092 0.0214590251 0.0142225967 0.0204887838 0.0236297496 0.0114950056 0.0149831177 0.0148482747 0.0179510384 0.0156394704 0.0069410439 0.0201842904 0.0152074519 0.0248067372 0.0149932019 0.0202931752 0.0248581948 0.0212532618 0.0221992167 0.004713049 0.0245186315 0.0248915925 0.0167012082 0.0251982374 0.0122763484 0.0191643638 0.0198237387 0.0184612728 0.0135170197 0.0164773343 0.0156119661 0.0127524642 0.0181943107 0.0058508656 0.0135012016 0.0274472022 0.011900539 0.0105864007 0.0225704351 0.0203164249
10 0.0222643177 0.0226314461 0.0160982251 0.01521748 0.0105869801 0.0235041036 0.0246007369 0.014515036 0.0278325021 0.0 0.0107365527 0.0285650115 0.0134584967 0.0159894968 0.0074595076 0.0218121893 0.011980333 0.0101992227 0.0267423428 0.0107828541 0.0162537997 0.022606357 0.0250152786 0.0174359258 0.0018828609 0.0185869835 0.0240157977 0.0129791163 0.0118291481 0.0130093529 0.0178860059 0.0211996133 0.0172074854 0.0105672003 0.0164069992 0.033700401 0.0174572581 0.0100270975 0.0172355594 0.0043729149 0.0201961823 0.0121271384 0.0302518398 0.0105276214 0.0118295383 0.0261662036 0.0290338064 0.0119290272 0.0093953536 0.0117696073 0.0222190125 0.0241005357 0.0164300001 0.0087204852 0.0106421809 0.0171185797 0.0180850529 0.006902042 0.0157838613 0.0221199411
11 0.0109816933 0.0308476617 0.0128177692 0.0154160753 0.0177839682 0.0132841002 0.0238019145 0.0133635732 0.0235940593 0.0107365527 0.0 0.0119158344 0.0163575694 0.0274115559 0.0148328991 0.024184465 0.0226349925 0.0174707182 0.0082978665 0.0165924063 0.0167286276 0.012921056 0.0052356476 0.0188341416 0.0170010083 0.0112242051 0.0073387535 0.0211410139 0.0196737343 0.0160338496 0.0232843056 0.0011334786 0.0262571523 0.0229444545 0.0177108227 0.0309634264 0.0142875719 0.0288094505 0.0203345113 0.0192058181 0.0065811443 0.0247792108 0.0131017873 0.0089749729 0.0182789538 0.0158053953 0.0076131513 0.0201135778 0.0180645027 0.0163010893 0.0146767732 0.0167974594 0.0194619707 0.0216329376 0.0085043281 0.0064913214 0.0191255851 0.021248622 0.0202381601 0.0188203526
12 0.0099105676 0.0185237336 0.0055401451 0.0214924884 0.015512421 0.0204044279 0.0167353599 0.0290804255 0.020587474 0.0285650115 0.0119158344 0.0 0.0326185867 0.0146522468 0.0095237843 0.0084699904 0.0169469888 0.0199217007 0.030179398 0.0044063719 0.0130211178 0.0235377076 0.0193194266 0.0035377777 0.0168704873 0.0229722703 0.0112564018 0.0299242602 0.0198473069 0.0150711999 0.0176518723 0.0125450462 0.0227742214 0.0055647711 0.0094584025 0.0254913009 0.0141466966 0.0129696794 0.0142603017 0.0044049764 0.0141517449 0.0039116842 0.0176565566 0.0025591458 0.0245773327 0.0320348969 0.0260564292 0.0109161125 0.025839379 0.0095468216 0.0133394247 0.0094763052 0.0214706911 0.0149132621 0.0134777465 0.0227113829 0.0193243843 0.0270348457 0.0156687291 0.0257209435
13 0.0179768671 0.0013181264 0.0205631305 0.0339646765 0.0164521721 0.0115881654 0.0152951777 0.0077700897 0.0220911 0.0134584967 0.0163575694 0.0326185867 0.0 0.0119152557 0.0016746329 0.0321689492 0.0047484124 0.0066264029 0.0177503892 0.0055449963 0.0252914822 0.031231915 0.0126900817 0.0098151387 0.0203877336 0.021136861 0.019335884 0.0175697282 0.0177651679 0.0222642577 0.0168145086 0.0187002869 0.0232558701 0.0027711605 0.017554751 0.0331617967 0.0325928578 0.0279327365 0.0028182881 0.0093241272 0.0268042374 0.0104603662 0.0159947417 0.0073602885 0.0030338239 0.0109167509 0.0041086203 0.0238772208 0.0228550839 0.032374216 0.0128493699 0.014445801 0.0101925469 0.0116038452 0.0184639674 0.0283021597 0.0253426202 0.0194867077 0.0092406632 0.0199891391
14 0.0176336526 0.0157004043 0.0220779663 0.0189232276 0.0331154561 0.0192520504 0.0271043766 0.0232562886 0.0038565138 0.0159894968 0.0274115559 0.0146522468 0.0119152557 0.0 0.0010955231 0.021320097 0.0056023516 0.0302075031 0.0213279394 0.0123331825 0.002684491 0.0342437103 0.0204771332 0.0088894236 0.0199513157 0.0125589882 0.013212256 0.0136839876 0.0093406107 0.0234413673 0.0063307793 0.0140869682 0.0105068454 0.0321062356 0.0207936969 0.0025721767 0.0069630875 0.0173613576 0.0217494021 0.0171055384 0.0225707625 0.026699965 0.0258096721 0.0135931386 0.0188968852 0.0164582711 0.0101450613 0.0171556885 0.0149582151 0.0261490479 0.0129304821 0.0192130411 0.0170386651 0.0124764933 0.0157224679 0.0292235449 0.0063450818 0.0196170367 0.01184255 0.0123194702
15 0.0181651947 0.0156469973 0.0178031212 0.0150359727 0.0216506907 0.0188059353 0.0211877636 0.0099345649 0.0284468205 0.0074595076 0.0148328991 0.0095237843 0.0016746329 0.0010955231 0.0 0.0187792257 0.0150262827 0.0252555122 0.0188691644 0.0091807648 0.0085635391 0.0153755359 0.0156422842 0.0277412557 0.0057956685 0.0151805225 0.018772076 0.0258297625 0.021668817 0.023539288 0.0138617615 0.0214036156 0.0099193646 0.0245483695 0.0279824925 0.0224196391 0.0059214716 0.0152622945 0.0241022024 0.0188940684 0.0294197277 0.0243669065 0.0207581256 0.011587849 0.0255959799 0.0074720151 0.0101995471 0.0299530656 0.0035247127 0.019135598 0.0112918515 0.0167891549 0.0192432542 0.0266897952 0.0176187777 0.0170835449 0.0148250535 0.0099869243 0.0218562929 0.0118034372
16 0.0104432188 0.017187172 0.0213459772 0.0205947969 0.0125004137 0.0173928609 0.0128587387 0.0145872066 0.0192634966 0.0218121893 0.024184465 0.0084699904 0.0321689492 0.021320097 0.0187792257 0.0 0.0247437171 0.0113529061 0.0232368349 0.0155103206 0.0073018728 0.0212553221 0.0168368694 0.0376292781 0.010776538 0.0133791714 0.0067406133 0.0140581876 0.0208692938 0.0201848249 0.0193102113 0.0187337642 0.0074143873 0.0233785947 0.0119572554 0.0146553161 0.0193117519 0.0116846747 0.0268455654 0.0109921928 0.0036749868 0.0092191312 0.0108512366 0.0134673553 0.0153609863 0.0096383446 0.0157266372 0.0214878746 0.0281735272 0.0182278406 0.0121702246 0.0242293838 0.0227490608 0.0207764322 0.0232996303 0.0037552159 0.0319978727 0.0142034168 0.0084869018 0.0114356787
17 0.0249353172 0.020157065 0.0158430582 0.0176231741 0.008950816 0.0281960446 0.0177967945 0.019550561 0.0162293229 0.011980333 0.0226349925 0.0169469888 0.0047484124 0.0056023516 0.0150262827 0.0247437171 0.0 0.0219220802 0.0157713033 0.0057870867 0.0140042886 0.0258745174 0.0240285047 0.0072409908 0.0213100119 0.0081835498 0.0220700243 0.0195644499 0.0185091052 0.0182048718 0.0211600773 0.018020298 0.0103984359 0.0184582706 0.0113886077 0.0112305758 0.0246597918 0.0194683359 0.0243989008 0.0239323753 0.0199896171 0.0275642128 0.0024535795 0.0217669075 0.0146342987 0.025930337 0.0057549172 0.0270106617 0.0267207831 0.0066422518 0.0211387512 0.0216223735 0.0100591435 0.016052392 0.0134890105 0.0125563644 0.0095018038 0.0067287159 0.021664879 0.0121673144
18 0.002528267 0.0355361802 0.0030897036 0.0118134132 0.0099826288 0.0187735899 0.0321441983 0.022466259 0.0189858391 0.0101992227 0.0174707182 0.0199217007 0.0066264029 0.0302075031 0.0252555122 0.0113529061 0.0219220802 0.0 0.0281142178 0.0074645702 0.0103017077 0.0174540558 0.0258191841 0.0210231816 0.0139776446 0.0110503486 0.0159485425 0.0265540045 0.0230897129 0.0169157669 0.0140675161 0.0121669384 0.0083280089 0.008894442 0.0205768664 0.016606693 0.0055949692 0.0250891356 0.0221048033 0.0196832629 0.0072787532 0.0144262478 0.0018506989 0.0255362386 0.01567121 0.0192859886 0.0252918644 0.0242993021 0.01358364 0.0050321808 0.0217973078 0.0171204638 0.0125086108 0.0089264358 0.0234470341 0.0193911947 0.0244157566 0.0228233777 0.0177805649 0.0104314312
19 0.0113649083 0.0071710044 0.0206082843 0.010769834 0.0128978538 0.0175162671 0.0153119084 0.0064839464 0.0166799892 0.0267423428 0.0082978665 0.030179398 0.0177503892 0.0213279394 0.0188691644 0.0232368349 0.0157713033 0.0281142178 0.0 0.0254074743 0.024342323 0.0124732419 0.0253068896 0.0223857414 0.012765343 0.0151606041 0.0186627177 0.0122700886 0.0125748683 0.023543224 0.0191520067 0.015864247 0.032259219 0.0061094062 0.0146618498 0.0153004288 0.0262597726 0.0059883848 0.0176582241 0.0150077775 0.0338476021 0.0089401737 0.0104927726 0.0177437246 0.0135245767 0.0211428421 0.0120054505 0.006061611 0.0176886446 0.0134953899 0.0170548336 0.0009949709 0.0069494924 0.0102768376 0.0212235285 0.0193302114 0.0232535746 0.0248468444 0.0243477818 0.0145318526
20 0.0111139054 0.027544826 0.0234909054 0.0281958055 0.0124516801 0.0211881951 0.0289072646 0.0066468998 0.0125770078 0.0107828541 0.0165924063 0.0044063719 0.0055449963 0.0123331825 0.0091807648 0.0155103206 0.0057870867 0.0074645702 0.0254074743 0.0 0.0307358013 0.0196638574 0.0213041721 0.0203630533 0.0076815246 0.0187429027 0.0308182403 0.0166438447 0.0331099247 0.0121581518 0.0045089527 0.0208154839 0.0100542639 0.017773302 0.0107463807 0.0310875059 0.0299345544 0.0212188208 0.0171461023 0.0090470863 0.0110707384 0.0156375959 0.0128379514 0.0214840675 0.0134097078 0.0125523488 0.0227094387 0.0235409181 0.0154116491 0.0064118523 0.0182123766 0.0037811278 0.0121261905 0.0319006054 0.01928255 0.0059024087 0.0236043567 0.0272442493 0.0146042326 0.0195951912
21 0.0191627497 0.0211960569 0.0181031735 0.0260867578 0.0120762345 0.0192357576 0.0152402864 0.009450074 0.0160084092 0.0162537997 0.0167286276 0.0130211178 0.0252914822 0.002684491 0.0085635391 0.0073018728 0.0140042886 0.0103017077 0.024342323 0.0307358013 0.0 0.0160460942 0.0206210289 0.0264425524 0.0175670481 0.0213511715 0.0106620273 0.0255268931 0.0185481596 0.0212098347 0.0148174296 0.0230475268 0.0077805835 0.0097857244 0.0123657022 0.0083794885 0.0054026283 0.0078041888 0.003837247 0.0101875741 0.0142857678 0.0244064615 0.0238557972 0.0179167196 0.0222152425 0.0132726708 0.0130911776 0.017254484 0.0171026729 0.0205014724 0.0280955332 0.0142543114 0.0176253567 0.0255685335 0.0086420364 0.0238906146 0.0253634908 0.0311395872 0.0288091653 0.0055374512
22 0.0071888359 0.0073775099 0.0325775235 0.012647938 0.0079804897 0.0237965136 0.0085772492 0.0209915594 0.0214590251 0.022606357 0.012921056 0.0235377076 0.031231915 0.0342437103 0.0153755359 0.0212553221 0.0258745174 0.0174540558 0.0124732419 0.0196638574 0.0160460942 0.0 0.0135246199 0.0109026996 0.0184735704 0.0179709443 0.031457006 0.0012850184 0.0199678887 0.0119050277 0.0018929214 0.014840498 0.0042728248 0.0261899658 0.0160658357 0.0286730775 0.0250314834 0.0165032799 0.0087779046 0.0146608005 0.0057668611 0.0137265198 0.0126432929 0.0169881496 0.007507578 0.0220799057 0.0319860197 0.0205510799 0.0193579373 0.005873693 0.004163576 0.0041640614 0.0315971391 0.0140683169 0.0126853166 0.0164559296 0.0178291401 0.019862563 0.0219163981 0.0231011409
23 0.0178141272 0.0099560632 0.0201854577 0.0087384641 0.0111407647 0.0275036566 0.0135026804 0.0182988607 0.0142225967 0.0250152786 0.0052356476 0.0193194266 0.0126900817 0.0204771332 0.0156422842 0.0168368694 0.0240285047 0.0258191841 0.0253068896 0.0213041721 0.0206210289 0.0135246199 0.0 0.0308109176 0.0160851472 0.0178507221 0.003154657 0.0122587277 0.0099223671 0.0264127506 0.0067549627 0.0168783748 0.0193610659 0.0176174884 0.0182671361 0.0102799226 0.0089794747 0.0231348544 0.011911674 0.0221705504 0.0226216899 0.0192828495 0.0204364448 0.0068603941 0.0171756828 0.0088635264 0.0107154854 0.0113870273 0.0106393292 0.0171566737 0.0162927418 0.0236481738 0.0149017102 0.0186867903 0.0260800524 0.0135707609 0.0264071655 0.0200766194 0.0165159448 0.0196463525
24 0.014482141 0.0155412877 0.0160662157 0.0168124411 0.0116457721 0.0164270263 0.0021120995 0.0037742493 0.0204887838 0.0174359258 0.0188341416 0.0035377777 0.0098151387 0.0088894236 0.0277412557 0.0376292781 0.0072409908 0.0210231816 0.0223857414 0.0203630533 0.0264425524 0.0109026996 0.0308109176 0.0 0.029160419 0.0199353096 0.0086061282 0.0163729956 0.0229096805 0.019801833 0.0261033137 0.0281935109 0.0191164771 0.0276855095 0.0134572371 0.008508719 0.0151263452 0.0111068616 0.017610702 0.0264831678 0.0142883511 0.0092378359 0.0100749744 0.0129922653 0.0148703076 0.0229496438 0.0027602384 0.015133038 0.0218395417 0.0177057493 0.0131076713 0.0187522839 0.0082305048 0.0177034102 0.015659229 0.0107015753 0.0317518636 0.0235315751 0.0100982974 0.0180313399
25 0.0151494315 0.0298618068 0.0126748275 0.019701736 0.0136501846 0.0247929027 0.014610124 0.0287737005 0.0236297496 0.0018828609 0.0170010083 0.0168704873 0.0203877336 0.0199513157 0.0057956685 0.010776538 0.0213100119 0.0139776446 0.012765343 0.0076815246 0.0175670481 0.0184735704 0.0160851472 0.029160419 0.0 0.0034027493 0.0247534249 0.0118893981 0.021049937 0.0201941635 0.0146479128 0.0134060654 0.0267791924 0.0206390479 0.0184192282 0.0283967188 0.025997412 0.0145411832 0.0069424843 0.0036902763 0.0108558756 0.0228977068 0.0135687456 0.0229838348 0.0223459573 0.0249898534 0.0150204264 0.0203744569 0.0148591357 0.0139404131 0.0179312793 0.0088667747 0.0266953584 0.0017003014 0.0137097332 0.0225499069 0.0085790746 0.0263439136 0.0166072904 0.0078999839
26 0.0114905872 0.0099462117 0.0142515745 0.0100302019 0.0225833672 0.0165237313 0.0009791448 0.0181003039 0.0114950056 0.0185869835 0.0112242051 0.0229722703 0.021136861 0.0125589882 0.0151805225 0.0133791714 0.0081835498 0.0110503486 0.0151606041 0.0187429027 0.0213511715 0.0179709443 0.0178507221 0.0199353096 0.0034027493 0.0 0.0136278246 0.0192564975 0.0203144318 0.0099413792 0.027913585 0.016443391 0.0302090028 0.016040195 0.0179468431 0.0196943038 0.009920613 0.0186933019 0.0220723237 0.0222533353 0.0153857765 0.0274717418 0.0164218138 0.0347651899 0.018002709 0.0111537572 0.0128254621 0.0210091645 0.0187406466 0.0292065239 0.0114983129 0.0171281068 0.0056814126 0.0239501064 0.0126092752 0.0291061499 0.008702523 0.0145811861 0.0171680789 0.026177603
27 0.0170148157 0.0125187971 0.0342778846 0.0094590144 0.0024895503 0.0111947206 0.0076566768 0.0158999938 0.0149831177 0.0240157977 0.0073387535 0.0112564018 0.019335884 0.013212256 0.018772076 0.0067406133 0.0220700243 0.0159485425 0.0186627177 0.0308182403 0.0106620273 0.031457006 0.003154657 0.0086061282 0.0247534249 0.0136278246 0.0 0.0152913708 0.0248857713 0.0172236959 0.0265278973 0.0124626005 0.0082529868 0.0211044033 0.0105847675 0.0166366829 0.0226955034 0.0304123648 0.0221214362 0.0229825924 0.011120808 0.0146637291 0.023798086 0.0153138055 0.0132183154 0.0086353486 0.0120965029 0.0169134531 0.0094198183 0.0313456043 0.0084736365 0.0220386878 0.0343122812 0.0210558216 0.015953558 0.0126435122 0.0237531849 0.0141478464 0.020401369 0.0135856122
28 0.0195226638 0.0050519745 0.0126559605 0.0220482532 0.0260744487 0.0128009878 0.0113164284 0.009646607 0.0148482747 0.0129791163 0.0211410139 0.0299242602 0.0175697282 0.0136839876 0.0258297625 0.0140581876 0.0195644499 0.0265540045 0.0122700886 0.0166438447 0.0255268931 0.0012850184 0.0122587277 0.0163729956 0.0118893981 0.0192564975 0.0152913708 0.0 0.0223226084 0.0211503754 0.0242084203 0.020984165 0.0140591659 0.0066161751 0.0060314975 0.0157810721 0.0154736886 0.0123116033 0.0054354677 0.0150230718 0.0121997307 0.01978093 0.0320964341 0.017122015 0.0057946537 0.0147558651 0.0253823788 0.0181873842 0.0112655555 0.0248434448 0.0189251398 0.010753389 0.0142608326 0.0255903476 0.0205748844 0.0137294496 0.0190620623 0.0269728546 0.0231278272 0.0201125662
29 0.0155275334 0.0101906999 0.0077590416 0.0121322865 0.0199500223 0.0095388076 0.0179384718 0.0188705562 0.0179510384 0.0118291481 0.0196737343 0.0198473069 0.0177651679 0.0093406107 0.021668817 0.0208692938 0.0185091052 0.0230897129 0.0125748683 0.0331099247 0.0185481596 0.0199678887 0.0099223671 0.0229096805 0.021049937 0.0203144318 0.0248857713 0.0223226084 0.0 0.0050166764 0.0071945064 0.0144478068 0.0181434134 0.0165040999 0.0227479094 0.0245858866 0.005855598 0.0173984525 0.0270891432 0.0155116618 0.017441914 0.0253145873 0.0036988069 0.0161469171 0.0135205976 0.0175165138 0.0178524251 0.0165402207 0.0208272276 0.0122078009 0.0175130891 0.0249841698 0.0192682715 0.0237672181 0.01943211 0.0120131706 0.0055265075 0.0070516359 0.0181885964 0.0186360738
30 0.0270034895 0.0033082801 0.0010451062 0.0139795188 0.017787673 0.0166567371 0.0165249366 0.02568563 0.0156394704 0.0130093529 0.0160338496 0.0150711999 0.0222642577 0.0234413673 0.023539288 0.0201848249 0.0182048718 0.0169157669 0.023543224 0.0121581518 0.0212098347 0.0119050277 0.0264127506 0.019801833 0.0201941635 0.0099413792 0.0172236959 0.0211503754 0.0050166764 0.0 0.0211764338 0.0156123741 0.0191873523 0.0137429079 0.0231700552 0.0064039697 0.022122275 0.0300948126 0.007807056 0.0085171236 0.0019423313 0.0064423284 0.0192385859 0.0169726454 0.0190260481 0.0114611969 0.0120712647 0.0207755545 0.0181292523 0.0111527695 0.0267243975 0.0236155369 0.0211896726 0.0270367213 0.0172907677 0.0169802796 0.0170466254 0.0130270297 0.0154984169 0.021691482
31 0.0080354454 0.0214155321 0.0282825638 0.0201968007 0.0253280447 0.0079445192 0.022386177 0.0159410189 0.0069410439 0.0178860059 0.0232843056 0.0176518723 0.0168145086 0.0063307793 0.0138617615 0.0193102113 0.0211600773 0.0140675161 0.0191520067 0.0045089527 0.0148174296 0.0018929214 0.0067549627 0.0261033137 0.0146479128 0.027913585 0.0265278973 0.0242084203 0.0071945064 0.0211764338 0.0 0.0257967553 0.0153082795 0.0070793149 0.00813941 0.0107139172 0.0077176093 0.0215938877 0.0280311287 0.0137833067 0.0298838609 0.0174506031 0.010749211 0.0204535472 0.0107795168 0.022245718 0.0224152069 0.0066070762 0.0092252683 0.0243763375 0.0281840013 0.0064159196 0.0223718576 0.0262317812 0.0174585632 0.0234030207 0.0176162996 0.005951207 0.0224550982 0.0158257704
32 0.0267945758 0.0144279918 0.0100924559 0.0237890868 0.0016862712 0.0164659045 0.0212847965 0.0283870956 0.0201842904 0.0211996133 0.0011334786 0.0125450462 0.0187002869 0.0140869682 0.0214036156 0.0187337642 0.018020298 0.0121669384 0.015864247 0.0208154839 0.0230475268 0.014840498 0.0168783748 0.0281935109 0.0134060654 0.016443391 0.0124626005 0.020984165 0.0144478068 0.0156123741 0.0257967553 0.0 0.0191660567 0.0082120761 0.0180279559 0.007971254 0.0255491948 0.0235356499 0.0295826187 0.0239547808 0.0153329843 0.0033315455 0.0270970537 0.0084166599 0.0194872333 0.0209029781 0.0135840229 0.0050094029 0.0203914522 0.0052756794 0.0145038296 0.0239095487 0.0169500287 0.0116533484 0.0218845583 0.0057040674 0.0137369884 0.0235317645 0.017655768 0.0157462215
33 0.0205105014 0.0088813753 0.0062424791 0.028421834 0.0222715392 0.0161947378 0.0109816988 0.0202407754 0.0152074519 0.0172074854 0.0262571523 0.0227742214 0.0232558701 0.0105068454 0.0099193646 0.0074143873 0.0103984359 0.0083280089 0.032259219 0.0100542639 0.0077805835 0.0042728248 0.0193610659 0.0191164771 0.0267791924 0.0302090028 0.0082529868 0.0140591659 0.0181434134 0.0191873523 0.0153082795 0.0191660567 0.0 0.0238117527 0.0174216452 0.0132195492 0.0152420906 0.0159593155 0.0156155144 0.0317470072 0.013936598 0.0280808857 0.0124004325 0.0126865596 0.0285743094 0.0115681651 0.0290766247 0.0134514115 0.0095697011 0.0185906545 0.0149607022 0.0103495083 0.0112823273 0.0267175655 0.0077421557 0.018439361 0.0220240261 0.0185487127 0.0207904448 0.0092289312
34 0.0161935858 0.0207234256 0.0133355999 0.0203002391 0.0307273115 0.01464893 0.0254633713 0.0136671919 0.0248067372 0.0105672003 0.0229444545 0.0055647711 0.0027711605 0.0321062356 0.0245483695 0.0233785947 0.0184582706 0.008894442 0.0061094062 0.017773302 0.0097857244 0.0261899658 0.0176174884 0.0276855095 0.0206390479 0.016040195 0.0211044033 0.0066161751 0.0165040999 0.0137429079 0.0070793149 0.0082120761 0.0238117527 0.0 0.0199921913 0.0045180761 0.0166628324 0.0025925489 0.0237793875 0.0027965819 0.0310218979 0.0199643112 0.0218995455 0.0304636498 0.0180813736 0.0167908214 0.0286699061 0.0134874416 0.0204684374 0.0281751341 0.0079536948 0.0242485634 0.0145507702 0.0176407265 0.0036382902 0.0125579761 0.0074710245 0.0162275791 0.0268329375 0.0015030409
35 0.0204493293 0.0067044075 0.0213827557 0.0058938038 0.0289517255 0.0219988624 0.0126729516 0.0188461299 0.0149932019 0.0164069992 0.0177108227 0.0094584025 0.017554751 0.0207936969 0.0279824925 0.0119572554 0.0113886077 0.0205768664 0.0146618498 0.0107463807 0.0123657022 0.0160658357 0.0182671361 0.0134572371 0.0184192282 0.0179468431 0.0105847675 0.0060314975 0.0227479094 0.0231700552 0.00813941 0.0180279559 0.0174216452 0.0199921913 0.0 0.0196940466 0.0170760141 0.0119771288 0.021687346 0.0173570875 0.0289398229 0.010433659 0.0194300078 0.0053320114 0.0167397775 0.0159567548 0.0209261996 0.0223233282 0.0219482415 0.0232634725 0.0144307206 0.0232183999 0.0210469658 0.0202980642 0.0128124902 0.0134357178 0.0268431905 0.0159155064 0.0183087009 0.0068366384
36 0.0256612448 0.0150109612 0.016612483 0.0192594907 0.0301238321 0.0153741592 0.0374622512 0.0254410642 0.0202931752 0.033700401 0.0309634264 0.0254913009 0.0331617967 0.0025721767 0.0224196391 0.0146553161 0.0112305758 0.016606693 0.0153004288 0.0310875059 0.0083794885 0.0286730775 0.0102799226 0.008508719 0.0283967188 0.0196943038 0.0166366829 0.0157810721 0.0245858866 0.0064039697 0.0107139172 0.007971254 0.0132195492 0.0045180761 0.0196940466 0.0 0.0161003462 0.0070012073 0.0059966667 0.0122685169 0.0254479345 0.0089778258 0.0167675021 0.0113367795 0.0142032715 0.021969414 0.005305049 0.0227610688 0.0040965883 0.0132659555 0.0164816493 0.0112074582 0.0181601002 0.0199635563 0.0117435425 0.0146391444 0.0202829196 0.0117167924 0.0088320133 0.015590091
37 0.0230383058 0.0249995501 0.0082282066 0.0227182847 0.0083228226 0.0186831663 0.0020571504 0.0064257365 0.0248581948 0.0174572581 0.0142875719 0.0141466966 0.0325928578 0.0069630875 0.0059214716 0.0193117519 0.0246597918 0.0055949692 0.0262597726 0.0299345544 0.0054026283 0.0250314834 0.0089794747 0.0151263452 0.025997412 0.009920613 0.0226955034 0.0154736886 0.005855598 0.022122275 0.0077176093 0.0255491948 0.0152420906 0.0166628324 0.0170760141 0.0161003462 0.0 0.0145810741 0.0194976393 0.0063961476 0.008482553 0.0117886971 0.0245989973 0.0150250056 0.0211406761 0.0263291387 0.0125061841 0.0226412124 0.023061376 0.0168174417 0.0191091571 0.0282703483 0.0050102904 0.0050198373 0.0169548787 0.0280756743 0.0223221791 0.0271050767 0.0179204964 0.0159316085
38 0.0134529663 0.0049981364 0.0271959395 0.0160788308 0.0258214163 0.0219687963 0.0210705859 0.0192141989 0.0212532618 0.0100270975 0.0288094505 0.0129696794 0.0279327365 0.0173613576 0.0152622945 0.0116846747 0.0194683359 0.0250891356 0.0059883848 0.0212188208 0.0078041888 0.0165032799 0.0231348544 0.0111068616 0.0145411832 0.0186933019 0.0304123648 0.0123116033 0.0173984525 0.0300948126 0.0215938877 0.0235356499 0.0159593155 0.0025925489 0.0119771288 0.0070012073 0.0145810741 0.0 0.0052707752 0.0199036541 0.0025472157 0.024690161 0.020884061 0.0116496134 0.0181453197 0.0159236334 0.0213421658 0.018638576 0.0186651946 0.0106505655 0.0160842572 0.021631806 0.0239374634 0.0039070761 0.0232983306 0.0153137136 0.0275157802 0.0105808804 0.0164331324 0.0068788094
39 0.0056901427 0.0166280526 0.0088018531 0.0272208231 0.0199952569 0.0130894914 0.0136473471 0.0206042342 0.0221992167 0.0172355594 0.0203345113 0.0142603017 0.0028182881 0.0217494021 0.0241022024 0.0268455654 0.0243989008 0.0221048033 0.0176582241 0.0171461023 0.003837247 0.0087779046 0.011911674 0.017610702 0.0069424843 0.0220723237 0.0221214362 0.0054354677 0.0270891432 0.007807056 0.0280311287 0.0295826187 0.0156155144 0.0237793875 0.021687346 0.0059966667 0.0194976393 0.0052707752 0.0 0.0216325873 0.0179571845 0.0205349051 0.0265313319 0.02354919 0.0118087793 0.0264243278 0.0244493572 0.0022523903 0.0154225395 0.0218881703 0.0095312013 0.0116551601 0.010996337 0.0099921103 0.0246360914 0.0204293518 0.0161313953 0.0191511711 0.0123938107 0.0130358143
40 0.0234899926 0.0137684677 0.0202321281 0.0113453629 0.0216124617 0.0159966728 0.0260165127 0.0188935696 0.004713049 0.0043729149 0.0192058181 0.0044049764 0.0093241272 0.0171055384 0.0188940684 0.0109921928 0.0239323753 0.0196832629 0.0150077775 0.0090470863 0.0101875741 0.0146608005 0.0221705504 0.0264831678 0.0036902763 0.0222533353 0.0229825924 0.0150230718 0.0155116618 0.0085171236 0.0137833067 0.0239547808 0.0317470072 0.0027965819 0.0173570875 0.0122685169 0.0063961476 0.0199036541 0.0216325873 0.0 0.0278022292 0.0281681792 0.0197580681 0.0179724647 0.0194987552 0.0152953461 0.0086350332 0.0208563717 0.030658608 0.0168153478 0.0190416315 0.0125920728 0.0129385781 0.0146507559 0.0227384813 0.0234291025 0.0139133984 0.0218639355 0.0102234142 0.0237900469
41 0.0303724798 0.0181460904 0.0220002987 0.009466756 0.0231619634 0.0081583423 0.0092451137 0.0157562766 0.0245186315 0.0201961823 0.0065811443 0.0141517449 0.0268042374 0.0225707625 0.0294197277 0.0036749868 0.0199896171 0.0072787532 0.0338476021 0.0110707384 0.0142857678 0.0057668611 0.0226216899 0.0142883511 0.0108558756 0.0153857765 0.011120808 0.0121997307 0.017441914 0.0019423313 0.0298838609 0.0153329843 0.013936598 0.0310218979 0.0289398229 0.0254479345 0.008482553 0.0025472157 0.0179571845 0.0278022292 0.0 0.0195983294 0.017660981 0.0055949317 0.0123316922 0.0146701657 0.0089375242 0.0194100009 0.0150008977 0.0289635124 0.0276265806 0.01111301 0.0121814092 0.0279665409 0.0093639196 0.0258046311 0.0157074572 0.0056550445 0.0137363694 0.0250041663
42 0.0106881605 0.0152655729 0.0094139357 0.0228635305 0.0238658787 0.0179860262 0.008888604 0.0273199938 0.0248915925 0.0121271384 0.0247792108 0.0039116842 0.0104603662 0.026699965 0.0243669065 0.0092191312 0.0275642128 0.0144262478 0.0089401737 0.0156375959 0.0244064615 0.0137265198 0.0192828495 0.0092378359 0.0228977068 0.0274717418 0.0146637291 0.01978093 0.0253145873 0.0064423284 0.0174506031 0.0033315455 0.0280808857 0.0199643112 0.010433659 0.0089778258 0.0117886971 0.024690161 0.0205349051 0.0281681792 0.0195983294 0.0 0.0266732503 0.0069347525 0.0161346905 0.009574082 0.0215684678 0.0154613555 0.0137966896 0.0008789227 0.0102228059 0.017946728 0.0201638921 0.0208193083 0.0277659312 0.0112415687 0.0145244196 0.0094270752 0.014299421 0.0270069193
43 0.0315332531 0.0240239905 0.0184391954 0.0148138801 0.0079553682 0.0163208604 0.0272864835 0.0027844799 0.0167012082 0.0302518398 0.0131017873 0.0176565566 0.0159947417 0.0258096721 0.0207581256 0.0108512366 0.0024535795 0.0018506989 0.0104927726 0.0128379514 0.0238557972 0.0126432929 0.0204364448 0.0100749744 0.0135687456 0.0164218138 0.023798086 0.0320964341 0.0036988069 0.0192385859 0.010749211 0.0270970537 0.0124004325 0.0218995455 0.0194300078 0.0167675021 0.0245989973 0.020884061 0.0265313319 0.0197580681 0.017660981 0.0266732503 0.0 0.0132977214 0.0271338379 0.0115664701 0.0112239139 0.0206057735 0.0102318647 0.0159945209 0.0249079099 0.0063139652 0.0166592436 0.0080201289 0.0190230734 0.0095011331 0.0185851137 0.0158227076 0.0135698232 0.0153416938
44 0.0199412397 0.0272090856 0.0236654306 0.0078298744 0.0281641471 0.0124381585 0.0235555196 0.0169994828 0.0251982374 0.0105276214 0.0089749729 0.0025591458 0.0073602885 0.0135931386 0.011587849 0.0134673553 0.0217669075 0.0255362386 0.0177437246 0.0214840675 0.0179167196 0.0169881496 0.0068603941 0.0129922653 0.0229838348 0.0347651899 0.0153138055 0.017122015 0.0161469171 0.0169726454 0.0204535472 0.0084166599 0.0126865596 0.0304636498 0.0053320114 0.0113367795 0.0150250056 0.0116496134 0.02354919 0.0179724647 0.0055949317 0.0069347525 0.0132977214 0.0 0.0233570954 0.0326890065 0.0324051053 0.0140053065 0.0289367748 0.0030817461 0.0029883723 0.0218581584 0.0114154769 0.0233489548 0.0105190291 0.0139216901 0.0222483511 0.0229751164 0.0186826361 0.0171898718
45 0.0164353586 0.014186694 0.0151039346 0.0077617265 0.0142760906 0.0201803423 0.0187998003 0.0091183406 0.0122763484 0.0118295383 0.0182789538 0.0245773327 0.0030338239 0.0188968852 0.0255959799 0.0153609863 0.0146342987 0.01567121 0.0135245767 0.0134097078 0.0222152425 0.007507578 0.0171756828 0.0148703076 0.0223459573 0.018002709 0.0132183154 0.0057946537 0.0135205976 0.0190260481 0.0107795168 0.0194872333 0.0285743094 0.0180813736 0.0167397775 0.0142032715 0.0211406761 0.0181453197 0.0118087793 0.0194987552 0.0123316922 0.0161346905 0.0271338379 0.0233570954 0.0 0.0206108196 0.0207812773 0.0241017609 0.014628408 0.0195921336 0.018310746 0.018413194 0.0162172121 0.0212523678 0.0198311607 0.0188824732 0.0196207936 0.0178769662 0.0158970937 0.0199382441
46 0.0261032141 0.0093221381 0.0321428246 0.0149525091 0.0065408119 0.0199193846 0.0218484591 0.0124425882 0.0191643638 0.0261662036 0.0158053953 0.0320348969 0.0109167509 0.0164582711 0.0074720151 0.0096383446 0.025930337 0.0192859886 0.0211428421 0.0125523488 0.0132726708 0.0220799057 0.0088635264 0.0229496438 0.0249898534 0.0111537572 0.0086353486 0.0147558651 0.0175165138 0.0114611969 0.022245718 0.0209029781 0.0115681651 0.0167908214 0.0159567548 0.021969414 0.0263291387 0.0159236334 0.0264243278 0.0152953461 0.0146701657 0.009574082 0.0115664701 0.0326890065 0.0206108196 0.0 0.0031244775 0.005418679 0.0153699447 0.009633006 0.0220803165 0.0225258423 0.0151104428 0.0133227783 0.0197099734 0.0249134936 0.0141747877 0.0040115662 0.0095775571 0.0229923237
47 0.0177464035 0.0017946332 0.0241718172 0.0183179646 0.0157343547 0.0171026617 0.0089250378 0.0263750246 0.0198237387 0.0290338064 0.0076131513 0.0260564292 0.0041086203 0.0101450613 0.0101995471 0.0157266372 0.0057549172 0.0252918644 0.0120054505 0.0227094387 0.0130911776 0.0319860197 0.0107154854 0.0027602384 0.0150204264 0.0128254621 0.0120965029 0.0253823788 0.0178524251 0.0120712647 0.0224152069 0.0135840229 0.0290766247 0.0286699061 0.0209261996 0.005305049 0.0125061841 0.0213421658 0.0244493572 0.0086350332 0.0089375242 0.0215684678 0.0112239139 0.0324051053 0.0207812773 0.0031244775 0.0 0.0172511026 0.0311659231 0.0228485592 0.0202523333 0.0037745104 0.015024851 0.0207427169 0.0230164832 0.0200612486 0.0042613207 0.0228858651 0.0143607594 0.0269658702
48 0.0199162921 0.0086627588 0.0073031304 0.0151444847 0.0084136541 0.0176313911 0.0252661218 0.0234022414 0.0184612728 0.0119290272 0.0201135778 0.0109161125 0.0238772208 0.0171556885 0.0299530656 0.0214878746 0.0270106617 0.0242993021 0.006061611 0.0235409181 0.017254484 0.0205510799 0.0113870273 0.015133038 0.0203744569 0.0210091645 0.0169134531 0.0181873842 0.0165402207 0.0207755545 0.0066070762 0.0050094029 0.0134514115 0.0134874416 0.0223233282 0.0227610688 0.0226412124 0.018638576 0.0022523903 0.0208563717 0.0194100009 0.0154613555 0.0206057735 0.0140053065 0.0241017609 0.005418679 0.0172511026 0.0 0.012863312 0.0214052861 0.0058860968 0.0090367108 0.0261691456 0.0117157708 0.0268010595 0.0141327028 0.0075263875 0.0192969734 0.0199803717 0.0222316543
49 0.0186548577 0.0269524761 0.0083094369 0.0297209038 0.007699318 0.0218614386 0.0112560117 0.0183651749 0.0135170197 0.0093953536 0.0180645027 0.025839379 0.0228550839 0.0149582151 0.0035247127 0.0281735272 0.0267207831 0.01358364 0.0176886446 0.0154116491 0.0171026729 0.0193579373 0.0106393292 0.0218395417 0.0148591357 0.0187406466 0.0094198183 0.0112655555 0.0208272276 0.0181292523 0.0092252683 0.0203914522 0.0095697011 0.0204684374 0.0219482415 0.0040965883 0.023061376 0.0186651946 0.0154225395 0.030658608 0.0150008977 0.0137966896 0.0102318647 0.0289367748 0.014628408 0.0153699447 0.0311659231 0.012863312 0.0 0.0238566494 0.0231551932 0.0141599349 0.0224855183 0.0118970497 0.0188714795 0.0147665426 0.0109120022 0.0131686345 0.0081337984 0.0083587301
50 0.0137214683 0.0263296201 0.0329118841 0.0166757571 0.0164152757 0.0101103778 0.0149908237 0.0125824137 0.0164773343 0.0117696073 0.0163010893 0.0095468216 0.032374216 0.0261490479 0.019135598 0.0182278406 0.0066422518 0.0050321808 0.0134953899 0.0064118523 0.0205014724 0.005873693 0.0171566737 0.0177057493 0.0139404131 0.0292065239 0.0313456043 0.0248434448 0.0122078009 0.0111527695 0.0243763375 0.0052756794 0.0185906545 0.0281751341 0.0232634725 0.0132659555 0.0168174417 0.0106505655 0.0218881703 0.0168153478 0.0289635124 0.0008789227 0.0159945209 0.0030817461 0.0195921336 0.009633006 0.0228485592 0.0214052861 0.0238566494 0.0 0.0190371118 0.0214265968 0.0189851577 0.0218686998 0.0174830157 0.0090781384 0.0177562029 0.0124221021 0.0089454875 0.0183893968
51 0.0192681012 0.0156086963 0.0197236453 0.0191396572 0.0207733379 0.0295471081 0.0073179015 0.0135865664 0.0156119661 0.0222190125 0.0146767732 0.0133394247 0.0128493699 0.0129304821 0.0112918515 0.0121702246 0.0211387512 0.0217973078 0.0170548336 0.0182123766 0.0280955332 0.004163576 0.0162927418 0.0131076713 0.0179312793 0.0114983129 0.0084736365 0.0189251398 0.0175130891 0.0267243975 0.0281840013 0.0145038296 0.0149607022 0.0079536948 0.0144307206 0.0164816493 0.0191091571 0.0160842572 0.0095312013 0.0190416315 0.0276265806 0.0102228059 0.0249079099 0.0029883723 0.018310746 0.0220803165 0.0202523333 0.0058860968 0.0231551932 0.0190371118 0.0 0.0241011271 0.0245698976 0.0033839478 0.0221540654 0.0203197161 0.0127695063 0.0228472171 0.0192165837 0.0149068629
52 0.0172733639 0.0345054351 0.0250681764 0.0076004783 0.0244433578 0.0025844087 0.0128021254 0.0237949288 0.0127524642 0.0241005357 0.0167974594 0.0094763052 0.014445801 0.0192130411 0.0167891549 0.0242293838 0.0216223735 0.0171204638 0.0009949709 0.0037811278 0.0142543114 0.0041640614 0.0236481738 0.0187522839 0.0088667747 0.0171281068 0.0220386878 0.010753389 0.0249841698 0.0236155369 0.0064159196 0.0239095487 0.0103495083 0.0242485634 0.0232183999 0.0112074582 0.0282703483 0.021631806 0.0116551601 0.0125920728 0.01111301 0.017946728 0.0063139652 0.0218581584 0.018413194 0.0225258423 0.0037745104 0.0090367108 0.0141599349 0.0214265968 0.0241011271 0.0 0.0237297465 0.0152854962 0.014393048 0.0310512696 0.0158349489 0.0165196133 0.0312995619 0.0101169011
