128
1 0.0063352705 0.0095759493 0.0053535953 0.0045755532 0.0028421703 0.0110422187 0.0133169405 0.0095576916 0.0049407016 0.0084695841 0.0102194906 0.0053232863 0.0126752212 0.0079068667 0.0074271438 0.0075092306 0.0086005191 0.0054510733 0.0075016147 0.0036250217 0.0100820581 0.0065929315 0.0072168488 0.0060496392 0.0165165994 0.0040414914 0.0013488864 0.0063679907 0.0077515683 0.0085469309 0.0098414293 0.0097197039 0.0103014574 0.0141691137 0.0042412381 0.0097610347 0.0108476882 0.01005334 0.0080833715 0.0092688474 0.0068002888 0.0071299195 0.0109317847 0.0050996454 0.0060154748 0.0091238976 0.0075136968 0.0055618493 0.0038155735 0.0065513535 0.0096081402 0.0068223609 0.0086129596 0.0072327676 0.0056956247 0.0039315605 0.007006009 0.009388522 0.0149903011 0.0059356232 0.0108293757 0.0057759328 0.0091129963 0.0066046773 0.0061339717 0.0089018243 0.0120796855 0.0121562557 0.0070445714 0.0055512685 0.0066911167 0.010851989 0.0124909909 0.0031102402 0.0142157427 0.002162908 0.0029331992 0.0090551142 0.0071877063 0.0069703062 0.0024535238 0.0121697981 0.009243639 0.0103500143 0.0057287826 0.0054144961 0.0073556345 0.0132528063 0.0117599764 0.0039983826 0.0066534679 0.0067900459 0.0034375768 0.0072316812 0.004891766 0.0108282505 0.0080735194 0.0043484285 0.0077716798 0.0073113858 0.0114212106 0.0135843345 0.0051470518 0.0026931696 0.0073120226 0.003708615 0.007147623 0.0019542904 0.0075797832 0.0069036679 0.0110265795 0.0088375631 0.0048395223 0.0063885961 0.0153389025 0.0048011926 0.0058952784 0.0080011186 0.009549155 0.004204314 0.0141421334 0.0098798423 0.0061849218 0.0098469891 0.0077561118 0.0046807081 0.0109017918 0.0105301189 
2 0.0095759493 0.0070027869 0.0126701527 0.0100679563 0.0067691364 0.0076468508 0.008002524 0.0051133269 0.0109058838 0.0062350965 0.0041154969 0.0068859969 0.0113671766 0.0097127905 0.0061353058 0.0096139821 0.0070698037 0.0100359396 0.0033305491 0.0056890824 0.0052026151 0.0085509302 0.0068713545 0.015639614 0.0031169303 0.009986448 0.0082194687 0.0078792261 0.0108456073 0.0067897428 0.0092297314 0.0060691582 0.0073232504 0.0057458566 0.0067128814 0.0096511361 0.0054478263 0.0073982224 0.0072902139 0.0050468167 0.0082517583 0.0075949983 0.0082071694 0.0031490672 0.0094735947 0.0066979895 0.0105363323 0.0076051504 0.0084211958 0.0097142326 0.0086660091 0.0031243731 0.0115865517 0.0092814128 0.0071052361 0.0054806917 0.0074892753 0.0104973488 0.0059037615 0.0095178192 0.011171762 0.0077590243 0.0089904694 0.0089056409 0.0092971164 0.0053926405 0.0057376628 0.0040935999 0.0105782043 0.0121597728 0.0046963143 0.0121675015 0.005373639 0.0052696988 0.0101227962 0.0059089022 0.0097647 0.0115476195 0.0077899438 0.0116097739 0.0126549497 0.0069517927 0.0055531606 0.0051335423 0.0043100141 0.0107783516 0.0083121999 0.0072957809 0.0087624172 0.0065223288 0.0013568834 0.0079433314 0.0105060826 0.0074878632 0.0043621007 0.0103798917 0.0103766375 0.0078645064 0.0032271909 0.0114087849 0.0052709399 0.0062369445 0.0064309806 0.0110675286 0.0041241448 0.00787551 0.0046293743 0.0084964269 0.010599353 0.0100348652 0.0031565191 0.0116190327 0.0088224081 0.0036550608 0.0046157294 0.0086985842 0.0073016924 0.0086621736 0.0053359606 0.0046898778 0.0034594282 0.009599627 0.0080513001 0.0085117459 0.0103322666 0.0079506725 0.0107058735 0.0112746013 
3 0.0053535953 0.0126701527 0.0096946064 0.007983686 0.0075006713 0.0073775879 0.0073900769 0.0038773634 0.0111389206 0.0031620418 0.0119668296 0.0086101072 0.0034179872 0.0119047416 0.0140265172 0.0065097934 0.0057767072 0.0100266002 0.0105687716 0.0076207701 0.007704365 0.0083564831 0.0124559401 0.0072925856 0.0006864063 0.0054783046 0.0111097699 0.0090234106 0.00872774 0.0080938208 0.0091238105 0.0092843347 0.0039145534 0.0034936139 0.0078511411 0.0106302076 0.0060732715 0.0068801252 0.0082017867 0.0074012358 0.0035174935 0.0138912588 0.0101555496 0.0053366354 0.0054478149 0.0073468241 0.0044724975 0.0069537721 0.0087873418 0.0060483916 0.005548469 0.0070583487 0.0064418892 0.0072904908 0.0084626019 0.0046906102 0.0030465637 0.0090728438 0.0133957711 0.0066007276 0.0128740703 0.0116645144 0.012307066 0.0057217329 0.0128735441 0.0056869357 0.0108383804 0.0092685101 0.0074689118 0.0097993801 0.0041273286 0.007619016 0.0062115469 0.0096158335 0.0084152654 0.0061297724 0.0099757366 0.0072727973 0.0092259124 0.0047267005 0.0104899124 0.0033650811 0.0083902581 0.0128052666 0.0036955215 0.007026084 0.0052690278 0.0062785062 0.0007900211 0.0089479607 0.0098054776 0.0055703807 0.0061383315 0.0074153697 0.0110712164 0.0008880921 0.0084150777 0.0129561527 0.0064780337 0.0036564174 0.0058841475 0.0089219107 0.0048561873 0.0017765657 0.0113331218 0.0115422033 0.0066510923 0.0074878755 0.0127455404 0.0074983503 0.0069052849 0.0094476168 0.0071091651 0.0095977451 0.0067928071 0.0094419283 0.0064933616 0.0100379427 0.0074413391 0.0062966826 0.0134806309 0.0154103453 0.0061438614 0.0088045079 0.0048541088 0.0033016533 0.0096875132 0.0068550369 
4 0.0045755532 0.0100679563 0.007983686 0.0092000014 0.0080635645 0.0153279766 0.0089937786 0.0048981833 0.0133106969 0.0078502025 0.0118103498 0.0060618349 0.0196868009 0.0069269967 0.0097229395 0.0116503583 0.0115168189 0.0064254398 0.0065424597 0.0077568582 0.0097297931 0.0079098181 0.0063864753 0.0050365344 0.0048176755 0.0085949119 0.003461459 0.0056827406 0.0118066273 0.0123050087 0.0103196676 0.0087991122 0.0046515176 0.0100635859 0.0083702801 0.0098670975 0.0037564257 0.0039835381 0.0050009049 0.0056474035 0.0086683182 0.0057815264 0.007337303 0.0107890685 0.0066417281 0.0074650668 0.005702184 0.0080612691 0.0112178603 0.0113097455 0.0040668791 0.0027792383 0.0063895218 0.0092351067 0.0081827391 0.0061156939 0.0079587831 0.0109718947 0.0120220181 0.0032803478 0.0076843807 0.0018637498 0.005755659 0.007109517 0.0062189575 0.0063468934 0.0074966361 0.0111375072 0.0082233311 0.0052080993 0.0081224658 0.0107156857 0.0079506912 0.0053598868 0.010913241 0.0067848365 0.0080763843 0.0085328246 0.0099733652 0.0079388099 0.0066052782 0.0142624199 0.0064149097 0.0049819629 0.0109347179 0.0051676357 0.0069405195 0.0084917929 0.0121765272 0.0046991161 0.0095060701 0.0064903936 0.0088936533 0.0045789342 0.0039045147 0.0028167467 0.0078224602 0.0081951293 0.004431289 0.0062604759 0.0071811122 0.0057013897 0.0039721876 0.0084595677 0.0069959031 0.0076420512 0.0114986154 0.0061799233 0.0123704054 0.0081659373 0.0086232161 0.0076330004 0.003512784 0.0092702723 0.0068715194 0.0112000221 0.0064349815 0.0078871816 0.0118088522 0.0048713221 0.0072232644 0.0121121275 0.0105374827 0.011529821 0.0058306143 0.0041215473 0.0051601236 0.0036779798 
5 0.0028421703 0.0067691364 0.0075006713 0.0080635645 0.0083226138 0.005959269 0.0093036698 0.003185926 0.0055898012 0.00638075 0.0059223277 0.0060252111 0.0038208263 0.008242019 0.0076635065 0.0073031601 0.0053555277 0.0101636432 0.0046362126 0.0049418418 0.0012548491 0.0080823224 0.0070769418 0.0107665704 0.0111824813 0.0084469578 0.0050120036 0.0065757842 0.0050261339 0.0099078801 0.0142734754 0.0084214306 0.0084325864 0.0103125201 0.0096492342 0.0142155518 0.0098493315 0.0060933623 0.0051331174 0.0033614635 0.0113604064 0.0058727573 0.0024127532 0.0107162435 0.0033185431 0.005786272 0.0073451392 0.0085763155 0.0097437871 0.006921075 0.0129923187 0.004784528 0.0108717922 0.0096740479 0.0082869558 0.0074585786 0.010807943 0.0111013313 0.0112781617 0.0062766911 0.0109016056 0.0102485068 0.0093756728 0.0107696317 0.0112153035 0.0056680962 0.01190276 0.0122030592 0.0099556499 0.0103470998 0.0086843479 0.0053882817 0.00735724 0.0106973786 0.0083042861 0.0061432263 0.0062552933 0.0153700609 0.0098720906 0.0046382432 0.0061119617 0.006912772 0.0102876676 0.0070871926 0.0092384823 0.0025172674 0.006006189 0.0103508662 0.0098074125 0.0056251927 0.002979573 0.0047358477 0.0032187163 0.0048087827 0.0121596582 0.0070428772 0.0055595576 0.0056759285 0.0073195925 0.0058866419 0.0050230245 0.0050622374 0.0146238173 0.0106566162 0.00683809 0.0082010418 0.0061784537 0.0109569331 0.0032195516 0.0054516111 0.007526455 0.0091986945 0.0077856968 0.0061748263 0.0036585576 0.0097293181 0.0078629805 0.0041503269 0.0096132371 0.0111464501 0.0126823997 0.006508064 0.007407737 0.0112785336 0.0075886307 0.0069885693 0.0101803562 0.0090262895 
6 0.0110422187 0.0076468508 0.0073775879 0.0153279766 0.005959269 0.0060736075 0.0102218599 0.0069330874 0.004936432 0.013737279 0.0093468259 0.0097201759 0.0072495693 0.0030799546 0.0076277511 0.0092206532 0.009898497 0.0040968512 0.0091526556 0.0075709428 0.0048752207 0.0079962329 0.0037720186 0.0094786885 0.0077285706 0.008796648 0.0105783235 0.0055037028 0.0102697563 0.0054451196 0.0073950133 0.0055101249 0.0070949795 0.0095351835 0.0054529295 0.0058466385 0.0080961125 0.0077754132 0.0083706038 0.0125172505 0.0073493596 0.0101160501 0.0103764634 0.0110076164 0.0093835301 0.0027277825 0.0104800501 0.0118186684 0.0099909423 0.0070482209 0.0067989924 0.0087592031 0.0053966114 0.0116455346 0.0139567053 0.0050392612 0.007724471 0.0044730602 0.0110634628 0.0055618757 0.0083934817 0.0071788952 0.0047793708 0.0099251348 0.0108923792 0.0135953966 0.0097301034 0.0102613054 0.0027796509 0.0088763887 0.0038936409 0.0069932324 0.003481517 0.0068598134 0.0042816703 0.0071009749 0.0125577255 0.0087390304 0.0069598198 0.0034849925 0.0014658053 0.0045343207 0.005739309 0.0073938002 0.0106125764 0.0058945464 0.0071446085 0.0079501266 0.0036003593 0.0122681487 0.0055254364 0.0076511669 0.0037245165 0.0082189872 0.0083156449 0.0071272051 0.0069489558 0.0061351639 0.0102260149 0.0105337914 0.0047915881 0.0039118823 0.0046892786 0.009444682 0.0049787448 0.0096712041 0.013197971 0.0071162085 0.009303025 0.007153887 0.0125352824 0.0048230989 0.0081540779 0.0042556689 0.0057967343 0.0129473389 0.0057703615 0.0058521234 0.0070264098 0.0069609834 0.0097257463 0.0083900524 0.0084845479 0.0104922081 0.0104143331 0.008898385 0.0052621352 0.0092005961 
7 0.0133169405 0.008002524 0.0073900769 0.0089937786 0.0093036698 0.0102218599 0.0098859091 0.0068099074 0.0074517715 0.0121415339 0.0043271312 0.0047435393 0.0064647516 0.0075383841 0.006031647 0.0069252133 0.0043950625 0.0074193965 0.008497202 0.0102176238 0.0092945502 0.0125882069 0.0103664531 0.0053240571 0.0118449178 0.0020266978 0.0132591329 0.0082682415 0.0098856302 0.0083007573 0.0070996815 0.0043625314 0.0026211961 0.0086769073 0.012893979 0.0078440321 0.0068218447 0.006767326 0.0039214894 0.013514096 0.0103620315 0.0032700166 0.007692414 0.0107612151 0.0110240432 0.0055857366 0.0066789598 0.0134412895 0.0126963835 0.006471121 0.0079150302 0.0073046878 0.0050286372 0.0046326672 0.0082576495 0.0052815158 0.0084015214 0.0058594897 0.0040813312 0.0072566142 0.0079327194 0.0092895399 0.0085337267 0.0078276817 0.0065600115 0.0056651003 0.007628895 0.0084662567 0.0092265614 0.0123243652 0.0136600501 0.0039687969 0.0065394358 0.003437889 0.0139215325 0.0102722492 0.0106756501 0.0056068618 0.0067109765 0.0116181234 0.011139539 0.0068437808 0.0048640109 0.0030981349 0.0090297458 0.0104393718 0.0086898221 0.0066752637 0.0064161113 0.0064705634 0.007838251 0.0047836242 0.0075875851 0.0069858346 0.0063145406 0.0065664844 0.0016536553 0.0067977207 0.005308285 0.0130738138 0.0083019684 0.0117096731 0.0077466051 0.0051338695 0.0066006632 0.0045919871 0.0085379211 0.0098003362 0.0044367561 0.0082129296 0.0081272245 0.0061137732 0.0115040553 0.0046300117 0.0083182168 0.0033206482 0.0097334062 0.0058746328 0.0109547983 0.0073184077 0.0059832189 0.0135517702 0.0083342629 0.00565259 0.0064296914 0.0053746317 0.0070687978 0.0084325856 
8 0.0095576916 0.0051133269 0.0038773634 0.0048981833 0.003185926 0.0069330874 0.0068099074 0.0045097611 0.0040037291 0.0128268768 0.0071366952 0.0072822467 0.0100192905 0.008152681 0.005738362 0.0140156121 0.0073038499 0.0071712345 0.0100246133 0.0120675923 0.0029066523 0.0044296571 0.0061148718 0.0081735242 0.0109657405 0.0148439445 0.0086643215 0.0082812056 0.0105193323 0.0078850341 0.008117268 0.0080236781 0.0086954778 0.0104170866 0.0047860714 0.0063609102 0.0099759689 0.0136725372 0.0063459061 0.0082900705 0.0025551654 0.0148036633 0.0050096556 0.0065377425 0.0021334113 0.0037948939 0.0145597745 0.0079581915 0.0076123269 0.0105820079 0.0065256407 0.0076832659 0.0055803789 0.0137087041 0.0105574627 0.0058632039 0.010219745 0.009164413 0.0111534756 0.0076333094 0.0078869702 0.0052376256 0.0032224512 0.0076400909 0.0071437704 0.0065358649 0.0109723226 0.0088991034 0.0063910836 0.0058843658 0.0095354923 0.0058652144 0.0102133527 0.0078894541 0.0083802924 0.0079436722 0.0064333159 0.0059340541 0.0080673142 0.002953429 0.0109206227 0.0082904389 0.0075318964 0.0082726558 0.0081560423 0.0041781328 0.012109279 0.007310722 0.0085519479 0.003684495 0.0078941281 0.011534869 0.008266731 0.0048813272 0.0059435737 0.0074104047 0.0027002178 0.0044453608 0.0082266061 0.0096522329 0.0041868273 0.0064231406 0.0081259055 0.0081457401 0.0115791382 0.00155228 0.0114975777 0.0094908982 0.0109816415 0.0054880968 0.0062838284 0.0066014787 0.0101649457 0.0057819389 0.0108249428 0.0052976562 0.0085981702 0.0141985535 0.0070420154 0.0143632129 0.0065267224 0.0109473296 0.0041346847 0.0082867165 0.0116440153 0.0088628344 0.006130148 0.0021149147 
9 0.0049407016 0.0109058838 0.0111389206 0.0133106969 0.0055898012 0.004936432 0.0074517715 0.0040037291 0.0020676443 0.0106077854 0.0133051893 0.0082999464 0.0097736141 0.0101367911 0.0080597695 0.0090133617 0.0075650458 0.0104593677 0.0035320234 0.0125069549 0.0057459925 0.0045466986 0.0060047977 0.0049161548 0.0110161021 0.0132690005 0.008144208 0.0092419593 0.0082401941 0.0078400846 0.0076669828 0.0011870503 0.0067593829 0.0044049927 0.0099039791 0.0071386495 0.0067625219 0.0116404785 0.0043571381 0.0080489963 0.00319328 0.0089768834 0.0033605409 0.0041849466 0.0069734485 0.0035154506 0.0079605958 0.0109550632 0.0014931559 0.0103574182 0.0067917249 0.0023511313 0.0127161105 0.0079575165 0.0025594252 0.0043831184 0.0135950363 0.0036880866 0.0058250687 0.00208402 0.0095784594 0.0073236829 0.0083869983 0.015699432 0.0055237333 0.0049510145 0.0054052185 0.0135286881 0.0074940029 0.0076101265 0.0095579864 0.0075695875 0.0133910205 0.0060507106 0.0086798788 0.007472175 0.0094811401 0.0061337046 0.0109912836 0.0101428934 0.0067072861 0.0071431898 0.0110745337 0.0069515747 0.014034238 0.0073125045 0.0128737935 0.0045051173 0.0093411267 0.0136294864 0.0062338878 0.0079661268 0.0094379291 0.0058917575 0.0074172207 0.0086216777 0.0062257568 0.0060175445 0.0069267704 0.0072385733 0.009734827 0.009965267 0.0078410316 0.0046895562 0.007696344 0.0133363018 0.0089058135 0.0092194125 0.0056111058 0.0053263314 0.012581011 0.0038870013 0.0092587594 0.0053220673 0.0048061496 0.0086622769 0.0070795358 0.0087438386 0.0103315482 0.0020971658 0.0106735906 0.0060578298 0.0127664544 0.0066194187 0.0064165834 0.0101534679 0.0072192463 0.0071134161 
10 0.0084695841 0.0062350965 0.0031620418 0.0078502025 0.00638075 0.013737279 0.0121415339 0.0128268768 0.0106077854 0.0102769257 0.0024743917 0.0087043628 0.0070104704 0.0083421436 0.006858605 0.005060411 0.009099667 0.0050348028 0.0044169798 0.0037401014 0.0057222822 0.0043339208 0.005885782 0.0062104774 0.0072574723 0.0106256548 0.0073024563 0.0095088079 0.0065343317 0.0054379957 0.0100860653 0.0100844803 0.0084986559 0.0086316541 0.0111277977 0.0033312556 0.0096025371 0.0126648704 0.0110250665 0.0094460323 0.0104998744 0.0080615581 0.0052192845 0.0088306239 0.0096292568 0.0062831805 0.002761062 0.0077497074 0.0036018101 0.0149101502 0.0081133656 0.0146074452 0.007758272 0.0084901227 0.0097405435 0.0061286195 0.0078309581 0.0047559838 0.0080836339 0.0079254719 0.0121494993 0.0087383489 0.0088198421 0.0069130424 0.0009074265 0.0062287969 0.0067523153 0.0102898184 0.0118973482 0.0078533901 0.0109602456 0.0121700894 0.0079760373 0.0028392031 0.0071418146 0.0104021519 0.0063649957 0.0103967574 0.0125785551 0.0029348472 0.0064748625 0.0116590012 0.0084333525 0.0075722807 0.0091837728 0.0052165108 0.0071501504 0.0093303926 0.007421497 0.0087404261 0.0097406305 0.0081616739 0.0069655224 0.0050453813 0.011669199 0.0014098325 0.0055227742 0.0036433892 0.0020346386 0.0091831672 0.0053723789 0.007646589 0.0119255798 0.0041417994 0.0066882692 0.0048085856 0.0114007383 0.0031696654 0.0090255301 0.004757371 0.0131097379 0.0098645377 0.0110990488 0.0110107762 0.0053773595 0.0096194797 0.0065256007 0.0056280506 0.0066587803 0.0090205323 0.0079845664 0.0040711346 0.0074537272 0.0042907025 0.0088777411 0.00640817 0.0113427996 0.0071192359 
11 0.0102194906 0.0041154969 0.0119668296 0.0118103498 0.0059223277 0.0093468259 0.0043271312 0.0071366952 0.0133051893 0.0024743917 0.0110696939 0.0073506018 0.0117443106 0.006868441 0.0016620127 0.0041698037 0.0067673694 0.0060379696 0.0122954634 0.0056212008 0.0086320964 0.0123447621 0.005517399 0.0068425361 0.007183799 0.0060839463 0.0047476125 0.0132031006 0.0098901024 0.0093043119 0.0076684608 0.0057371962 0.0131638901 0.0053500688 0.0047506141 0.0056499242 0.0056372301 0.0078155034 0.0055144942 0.0087112132 0.0074596053 0.0036200302 0.0064811706 0.0101310263 0.0065370003 0.003921266 0.0071281594 0.0055953311 0.0070458826 0.0085401816 0.0112397067 0.011978187 0.0128693666 0.0037528015 0.0086677756 0.0054398816 0.0091773434 0.0060374117 0.0063719705 0.0081021863 0.0119106188 0.0095544556 0.0076527361 0.0089588974 0.0090252433 0.0159801637 0.0044462684 0.0016977366 0.0102173016 0.0051931566 0.0097181879 0.0054264261 0.0091433662 0.0117608727 0.0116706729 0.0084220393 0.0028682259 0.0079868524 0.0096848118 0.0120552421 0.0036005182 0.0057281123 0.0095179537 0.008478233 0.0087744625 0.0043231403 0.0041630161 0.0070345977 0.0068452631 0.0104634078 0.0091786237 0.0052173775 0.0121505386 0.006889553 0.0101929014 0.0062964093 0.0058785105 0.0072252746 0.0090308915 0.0026800427 0.0133235755 0.0053381699 0.0058265787 0.0051723485 0.0077529495 0.0031106673 0.0114214836 0.0089937442 0.0121675815 0.0068752073 0.0074904681 0.0059547224 0.0082805692 0.0044969788 0.0088112477 0.0137132355 0.0051097912 0.0081743715 0.0064903205 0.0050268001 0.0046144591 0.0053418418 0.0114693685 0.0123149713 0.0124808852 0.0050405719 0.0043523875 0.015756461 
12 0.0053232863 0.0068859969 0.0086101072 0.0060618349 0.0060252111 0.0097201759 0.0047435393 0.0072822467 0.0082999464 0.0087043628 0.0073506018 0.011156822 0.0071582572 0.0082026587 0.0101196173 0.0041698649 0.0094510214 0.0091825847 0.0136672389 0.0064846478 0.00865393 0.0036178575 0.0111836209 0.0075204265 0.0062544401 0.0082706417 0.0040503919 0.0101941725 0.0074082378 0.0079335568 0.0080894279 0.0058685107 0.0090220673 0.0124173448 0.0072645996 0.0027317909 0.0107740261 0.005948434 0.0120374889 0.0108566225 0.0105262087 0.0069918722 0.0016422257 0.0044675113 0.0086440866 0.0139657136 0.0106089334 0.0056500841 0.0082763144 0.0081489971 0.0080431132 0.0091661829 0.0135852551 0.0058890516 0.003989473 0.0075808708 0.0086276812 0.0053583189 0.0111931567 0.0030425527 0.0071639969 0.0070504398 0.0084843003 0.0035360723 0.00238549 0.0089164201 0.0052108758 0.004382351 0.0087980985 0.0063068197 0.0083180098 0.007389686 0.0052484026 0.0075937933 0.0082497321 0.0094285576 0.0077547627 0.0069225531 0.0092383652 0.0078808219 0.0075967894 0.0034838093 0.0072770573 0.0084229571 0.0064963204 0.0057431065 0.0051505097 0.0073528226 0.0080193385 0.0119616554 0.0047169477 0.0054022188 0.0089540734 0.0105140074 0.0093242109 0.0046611909 0.0078916885 0.0058713122 0.0074282494 0.0084276231 0.0020001944 0.0066673553 0.0065625263 0.0107399275 0.0073627913 0.0132310635 0.0057744096 0.009527856 0.0126778244 0.0090688077 0.0112980422 0.0098833609 0.009082311 0.0080281562 0.0027385007 0.0074672375 0.0058859826 0.0090843318 0.012624175 0.0113037814 0.0086571118 0.0046381378 0.0083167628 0.0141111898 0.0061121994 0.0128107162 0.0057629533 0.0095316432 
13 0.0126752212 0.0113671766 0.0034179872 0.0196868009 0.0038208263 0.0072495693 0.0064647516 0.0100192905 0.0097736141 0.0070104704 0.0117443106 0.0071582572 0.0123493082 0.0110023881 0.0121096176 0.0124314136 0.0067787373 0.0061043273 0.0089327159 0.0049198376 0.0077759709 0.0093584449 0.0075960387 0.0060526475 0.0043142582 0.0148693322 0.0056708192 0.0041066884 0.0092288358 0.0104170243 0.0074277762 0.0098252816 0.0059076031 0.0139092263 0.0063499387 0.0067092285 0.0084450318 0.0103214463 0.0044313863 0.0080100478 0.0077418137 0.0041736724 0.0130947009 0.0082334707 0.0076167506 0.0077383956 0.0051648481 0.0099563449 0.0113034219 0.0096557125 0.0081677251 0.004816685 0.0066364438 0.0100445677 0.0103511991 0.0102287221 0.0064485858 0.0094063773 0.0044138646 0.0083296758 0.005874034 0.009441358 0.0059766855 0.0054178667 0.0040755503 0.008758145 0.0050250356 0.0092242416 0.0065983281 0.0060130287 0.0034586787 0.0037309691 0.0068644813 0.0085610578 0.0066790828 0.0139568821 0.0065503414 0.0055108406 0.0070704563 0.0088403876 0.0053706444 0.0074501426 0.0113187941 0.0084422668 0.0071687562 0.0053290848 0.0122663154 0.0034530699 0.0072032213 0.0057039988 0.0056818175 0.006126975 0.0091961121 0.0141054993 0.0074361677 0.006528638 0.0090958476 0.0081395812 0.0096978788 0.0054951148 0.0057127673 0.0045142907 0.0061633808 0.0128009453 0.0048224156 0.0039260629 0.0091412635 0.0062117521 0.0049620976 0.0056994386 0.003035006 0.0097427998 0.0079222525 0.0155946977 0.0066196422 0.0060993835 0.0056356082 0.0102244226 0.0088670678 0.0095477782 0.005037108 0.0071357068 0.0066381515 0.0088287611 0.003448591 0.006237329 0.0063515718 0.0069757044 
14 0.0079068667 0.0097127905 0.0119047416 0.0069269967 0.008242019 0.0030799546 0.0075383841 0.008152681 0.0101367911 0.0083421436 0.006868441 0.0082026587 0.0110023881 0.0111681421 0.0047562109 0.0084683668 0.0078306075 0.0054819045 0.0109671627 0.0070171576 0.0057771607 0.0099426169 0.0109692563 0.0102330741 0.0091935353 0.0096237202 0.0030414565 0.0063491804 0.0082788568 0.0023469541 0.0054309151 0.0112130066 0.0092511412 0.0096391978 0.006973178 0.0051898921 0.0056296783 0.0063678526 0.0107591271 0.0099229009 0.0092862415 0.0069807242 0.005941409 0.0113777142 0.0053175512 0.0115673266 0.0120643948 0.007082722 0.0092427427 0.0058860948 0.0081731874 0.010624105 0.00188425 0.0105496196 0.0079259133 0.0030461111 0.0129316438 0.0102030289 0.0053026657 0.0134486633 0.0115717833 0.0102269621 0.0102995822 0.0066837298 0.005653362 0.007270575 0.0047417 0.0092603963 0.0072986433 0.010992777 0.006727893 0.0063605349 0.008893276 0.0058238378 0.0077194133 0.0081398841 0.0095345346 0.0058473744 0.0075236081 0.0114871399 0.0045324024 0.0084501904 0.0046432166 0.0086746368 0.0042576244 0.0104629886 0.0074715285 0.0095596604 0.0063397335 0.00995619 0.0016187428 0.0026922017 0.006995491 0.0084777392 0.0067364024 0.0141232334 0.0049512098 0.00526226 0.0046576647 0.0009028365 0.0073406901 0.0067605781 0.0033266166 0.0068867289 0.0054202547 0.010237638 0.0069432559 0.0091677261 0.0069264881 0.0077872872 0.0090641391 0.0062392691 0.0086323925 0.007289013 0.0114729434 0.0068143701 0.0045699407 0.0068384519 0.0037214188 0.0127016917 0.0109664147 0.0108802158 0.0078687327 0.0107546779 0.0085405269 0.0060701045 0.0088609627 0.0064192916 
15 0.0074271438 0.0061353058 0.0140265172 0.0097229395 0.0076635065 0.0076277511 0.006031647 0.005738362 0.0080597695 0.006858605 0.0016620127 0.0101196173 0.0121096176 0.0047562109 0.0063308446 0.006379984 0.0056230369 0.0088188667 0.0136816677 0.006153355 0.007901084 0.0104517438 0.0078948393 0.0113048213 0.0075245249 0.0081048509 0.0131891809 0.0103963766 0.0037721548 0.0062953656 0.0099314242 0.0097255716 0.0058588651 0.0053896542 0.00808367 0.0060820468 0.0064571919 0.0086849546 0.0079045245 0.0044134652 0.0052314762 0.008191567 0.013180342 0.0126348173 0.0053759002 0.0072018956 0.0061569855 0.0109170683 0.0075382646 0.0128814604 0.0079593736 0.007222127 0.0035425064 0.0072427757 0.0038191342 0.0112029369 0.0052263841 0.0106951013 0.0108180217 0.0074220598 0.0036445085 0.0063568872 0.0056914775 0.0085554312 0.011485588 0.0019230342 0.0101689618 0.0058398999 0.0088108146 0.0110693149 0.0057286917 0.0084177434 0.0089086599 0.0046851 0.009710558 0.0069401268 0.0071222193 0.0046285079 0.008381466 0.0056255524 0.0117492034 0.0058167272 0.0069606548 0.0096793602 0.0068159389 0.0075878416 0.0071132024 0.0082696988 0.005953233 0.0042958824 0.0048493341 0.0086689103 0.0067400835 0.0034188158 0.0024691632 0.0060570187 0.0094137101 0.0131136532 0.0082804411 0.006786394 0.0064871292 0.008393452 0.0074392124 0.0121212479 0.0077437487 0.0081117719 0.0088601849 0.0082349458 0.0092469912 0.0120057592 0.0116449823 0.0078538724 0.0074295813 0.0121718891 0.0080707118 0.008676686 0.0075315499 0.0092677963 0.0026947304 0.0142005825 0.0082216278 0.0065196579 0.0077078932 0.0035409624 0.0089478206 0.0101466228 0.007171443 0.0030700686 
16 0.0075092306 0.0096139821 0.0065097934 0.0116503583 0.0073031601 0.0092206532 0.0069252133 0.0140156121 0.0090133617 0.005060411 0.0041698037 0.0041698649 0.0124314136 0.0084683668 0.006379984 0.0090356241 0.0089540023 0.012958388 0.0089507417 0.0115458353 0.0121531648 0.0039509278 0.008365022 0.0030011274 0.0046704817 0.0047810498 0.0068498608 0.0149772987 0.0105068247 0.0076706672 0.0052790719 0.0034713232 0.0081360148 0.0098635916 0.006657214 0.0106705173 0.0037974902 0.0053763941 0.0067855755 0.0096513689 0.0049601572 0.0056850488 0.0084220882 0.0035978619 0.0060633145 0.0091025667 0.0063258556 0.0058790167 0.0060308393 0.0011109484 0.0135825029 0.0106284979 0.0092868705 0.0093745701 0.0107319308 0.0119440969 0.0128577995 0.009026224 0.0037692006 0.0063967347 0.0095481734 0.0081965385 0.0131471315 0.0123525782 0.0090695704 0.0045017155 0.0123436424 0.0060257274 0.0085243061 0.0081186289 0.0069041862 0.0093802343 0.0045777761 0.0076778453 0.0071331988 0.0075667017 0.0121828897 0.0070484517 0.0096234501 0.0053553125 0.0117928404 0.0085849998 0.0114443878 0.002335231 0.0093847034 0.0053877924 0.0112429076 0.0038258253 0.0042584227 0.0114127855 0.0036124285 0.008714178 0.0044159001 0.011013894 0.0074348052 0.0042078123 0.0086979834 0.0099176748 0.0077028239 0.0090515667 0.005255153 0.0102663131 0.0086890105 0.0073905758 0.0063421599 0.0072351189 0.0067581613 0.0084810523 0.0063285397 0.0093973275 0.009417419 0.0048208361 0.0040000236 0.0076607047 0.007716952 0.009143362 0.0069424968 0.0106626374 0.0038134628 0.0032157314 0.0059670763 0.0090500867 0.0082697833 0.0061756526 0.0088370463 0.0056451699 0.0086327708 0.0048914429 
17 0.0086005191 0.0070698037 0.0057767072 0.0115168189 0.0053555277 0.009898497 0.0043950625 0.0073038499 0.0075650458 0.009099667 0.0067673694 0.0094510214 0.0067787373 0.0078306075 0.0056230369 0.0089540023 0.0055881308 0.0085616356 0.0080095198 0.0102566869 0.0062702537 0.0060421723 0.0067945594 0.0050005235 0.0036024585 0.0088354345 0.0106420662 0.0120825162 0.0108931494 0.0053938077 0.0054115694 0.0074330644 0.0051849293 0.0136661975 0.0091497316 0.0062205689 0.007942925 0.0109299065 0.0091428608 0.0035905372 0.0058873532 0.0091123716 0.0063973094 0.0079158031 0.0166920937 0.0100881213 0.0075960854 0.0101662582 0.0086948889 0.0058478152 0.0097505852 0.0114721148 0.0043190863 0.0063981287 0.0053234722 0.0044512916 0.0058428992 0.0096657288 0.0094107219 0.0099020993 0.0057330563 0.0100399502 0.0120401641 0.0075131249 0.0114267088 0.011073393 0.0121128102 0.0071106025 0.0099239117 0.0097593056 0.0085732413 0.0045594241 0.0044031987 0.0079471459 0.0050992726 0.0049552651 0.0062469841 0.0095641692 0.0115475464 0.0033642267 0.0090878224 0.0108427659 0.004340836 0.0107597163 0.0091429225 0.010416961 0.0084302251 0.0090986132 0.0085385038 0.0048414976 0.0035948555 0.0084543722 0.0079839214 0.0085953798 0.0041380361 0.00435678 0.0079869254 0.0035698515 0.0116092437 0.0075097004 0.0053380717 0.0099276235 0.0116657071 0.0076188645 0.0071592278 0.0101602177 0.0125629051 0.0088304557 0.0075682351 0.0118758901 0.0070572282 0.003439981 0.0072681859 0.0080853884 0.004107786 0.0090045288 0.0055529371 0.006359134 0.0062354443 0.0076256927 0.0105915258 0.009560937 0.004606179 0.0089865949 0.0039796212 0.0044533869 0.0061088895 0.0044112231 
18 0.0054510733 0.0100359396 0.0100266002 0.0064254398 0.0101636432 0.0040968512 0.0074193965 0.0071712345 0.0104593677 0.0050348028 0.0060379696 0.0091825847 0.0061043273 0.0054819045 0.0088188667 0.012958388 0.0085616356 0.0063810993 0.0045122682 0.0134678268 0.0102695555 0.0097540989 0.0103256093 0.0038439057 0.0071054495 0.0101663512 0.0102744345 0.0045642104 0.0124844907 0.0071376215 0.0083126363 0.0091299843 0.0034335767 0.0060355011 0.0070687963 0.0122718763 0.0122328843 0.0084261898 0.0061251017 0.0124800744 0.0058652498 0.0081552526 0.0026962045 0.0091375366 0.0085835611 0.0104788862 0.0082563357 0.0094554427 0.0062781026 0.0120037669 0.0096066237 0.0076781359 0.0075330782 0.0047628193 0.0066409317 0.0063933646 0.0118059543 0.0133852258 0.006430584 0.0072440532 0.0037886712 0.0055423282 0.0082586146 0.0095016458 0.0063691819 0.0111902789 0.0058025522 0.0078854838 0.0038300056 0.0062159994 0.0048658198 0.0074767425 0.0064509376 0.0065473145 0.0072106719 0.0095225203 0.0077815343 0.0078399998 0.0072320464 0.0037148971 0.0056814301 0.0091840999 0.0076598524 0.0089943668 0.0111465194 0.007178698 0.0052743686 0.0077785148 0.0073743231 0.0054426204 0.0069799284 0.0109292665 0.0063691876 0.011055857 0.0098439626 0.0076895003 0.0049962863 0.0080031664 0.0092454621 0.002673279 0.003315461 0.0061346845 0.007231208 0.0118049955 0.0052642749 0.00376787 0.0050841858 0.0053976726 0.0045605736 0.0059969614 0.0096290915 0.0074331361 0.0078137517 0.0051186161 0.008616673 0.0034524361 0.0097191997 0.0131059312 0.0072801722 0.0070277423 0.0096050352 0.0083275134 0.0067896896 0.0114805497 0.0097053216 0.0082653682 0.0140486146 0.011870658 
19 0.0075016147 0.0033305491 0.0105687716 0.0065424597 0.0046362126 0.0091526556 0.008497202 0.0100246133 0.0035320234 0.0044169798 0.0122954634 0.0136672389 0.0089327159 0.0109671627 0.0136816677 0.0089507417 0.0080095198 0.0045122682 0.0060059887 0.0097490939 0.0090038899 0.0102780524 0.0057625999 0.0111453484 0.0127720539 0.0072919406 0.0056362947 0.0073433089 0.0077149243 0.0102389331 0.0017691521 0.0086436344 0.0103664737 0.0085740241 0.0021634223 0.0064043903 0.0079880768 0.0071916777 0.0110490878 0.0065146916 0.0053680735 0.006470218 0.0050853461 0.0045910995 0.006717183 0.0122117557 0.009256336 0.0124363455 0.0076408147 0.0070360365 0.0099493697 0.0070700232 0.0093830057 0.0095187222 0.0076677279 0.0013082282 0.0051054766 0.0060422813 0.0006538665 0.0096381265 0.0083800269 0.0126745906 0.0087281411 0.0058897109 0.0106701925 0.0066177191 0.0115653152 0.0120170207 0.0075621394 0.0101899576 0.0114700038 0.0081241855 0.0092509296 0.0090567652 0.0154575097 0.0105801668 0.0058630188 0.0100845622 0.0039143888 0.0054303602 0.0059095267 0.001588679 0.00771863 0.0049980058 0.0072054751 0.0082791152 0.003057003 0.0072308207 0.0142873983 0.0070046345 0.0135302962 0.0081382189 0.0075214869 0.0074102325 0.0078979432 0.0074963236 0.005315164 0.0101694837 0.0032674982 0.0070325381 0.0065382444 0.0071789858 0.0072545238 0.0082837117 0.0076309316 0.0113272337 0.00624357 0.0074503479 0.0055811259 0.0046619767 0.0092213814 0.0069398859 0.0092331785 0.0108240384 0.0047086318 0.0110106489 0.0065706792 0.0093948185 0.0084172872 0.0081529492 0.0060197439 0.0055018984 0.0073666643 0.0038419012 0.0045819297 0.0084152068 0.0050258252 0.0080605459 
20 0.0036250217 0.0056890824 0.0076207701 0.0077568582 0.0049418418 0.0075709428 0.0102176238 0.0120675923 0.0125069549 0.0037401014 0.0056212008 0.0064846478 0.0049198376 0.0070171576 0.006153355 0.0115458353 0.0102566869 0.0134678268 0.0097490939 0.0050671827 0.0049976916 0.0095654518 0.0051634983 0.0109673305 0.0130402864 0.0100698613 0.0061981266 0.0104185741 0.0084108427 0.0035191804 0.0064243133 0.0091228069 0.0063701124 0.0182873617 0.0098963751 0.0056738075 0.008402785 0.0108167688 0.0191394824 0.0076050023 0.0088639391 0.0074445171 0.0069457116 0.0020992759 0.010499336 0.0057225035 0.0079584408 0.007380414 0.007025251 0.0050641552 0.0069042136 0.0065244012 0.0086307568 0.0075674815 0.0067981241 0.0083726066 0.0041575665 0.0058445834 0.0110478596 0.0018773017 0.0083320858 0.0084854373 0.0056325827 0.0098058998 0.0064651307 0.0100580943 0.0057562834 0.0106171971 0.0065076651 0.0068186416 0.0139761125 0.0049256226 0.006871944 0.0067313231 0.0062998679 0.0103359489 0.0057131037 0.0086115827 0.0059049537 0.0169130663 0.0016490462 0.0052979202 0.0056039849 0.0136647879 0.0035528551 0.0088990748 0.0087182214 0.0116813964 0.0091229782 0.0081880688 0.0123963954 0.0082136813 0.0038538785 0.0099081423 0.0049129513 0.0060429183 0.0082904242 0.0116657866 0.0073131414 0.0043329511 0.0053518284 0.0061789432 0.0080062369 0.00631763 0.0068253279 0.0069072086 0.001856771 0.0045092688 0.0065454062 0.0118404783 0.0067498977 0.0063987244 0.0090554434 0.0089602923 0.0132790304 0.0107706149 0.0062021531 0.0092705693 0.0100056446 0.0031651886 0.0060749819 0.0099785407 0.0044992149 0.0058030927 0.0054310236 0.0086203676 0.0081303229 0.0083569377 
21 0.0100820581 0.0052026151 0.007704365 0.0097297931 0.0012548491 0.0048752207 0.0092945502 0.0029066523 0.0057459925 0.0057222822 0.0086320964 0.00865393 0.0077759709 0.0057771607 0.007901084 0.0121531648 0.0062702537 0.0102695555 0.0090038899 0.0049976916 0.0144476685 0.0088830612 0.00913792 0.0025571486 0.0095539116 0.0046717782 0.0056393466 0.0093838693 0.0120165542 0.0065887685 0.0099587262 0.0083437898 0.0036145985 0.0056247477 0.0076538537 0.0039783624 0.0015049459 0.0065929715 0.003621013 0.013794882 0.0082068205 0.007571695 0.0069073211 0.0042303509 0.0134918594 0.0072986866 0.0145899145 0.0059683393 0.0089915458 0.0067182886 0.0070312226 0.0083806839 0.0073092115 0.0098106096 0.0102367768 0.0042618553 0.0069532546 0.0100902995 0.0120419626 0.0095637787 0.0043927379 0.0059826379 0.0056382325 0.0068771819 0.0023826641 0.0039666823 0.0104640072 0.0101413908 0.0036073156 0.0067121811 0.0051879272 0.0065697924 0.0103551697 0.0115581284 0.0010359648 0.0061346632 0.0067484477 0.0109425717 0.0089060412 0.0074754084 0.0076036892 0.0097664302 0.0066382115 0.0151945531 0.0114663235 0.0041704943 0.0064020437 0.0081093375 0.0107878813 0.0158414074 0.0055376074 0.0061556283 0.0092771668 0.0113819488 0.0075579088 0.0109679035 0.0059129 0.0076389839 0.0060611876 0.0050209578 0.008877996 0.0097199876 0.0117366624 0.0040937475 0.0097833036 0.0040907253 0.014002586 0.0105137939 0.0121291362 0.0090219169 0.0109377316 0.0077134856 0.0037725556 0.0088671126 0.012182186 0.006809982 0.0040570219 0.0058860679 0.0049406716 0.0101165297 0.0099828296 0.0046707379 0.0088558603 0.00625976 0.006421534 0.009802882 0.0084051893 0.0086007262 
22 0.0065929315 0.0085509302 0.0083564831 0.0079098181 0.0080823224 0.0079962329 0.0125882069 0.0044296571 0.0045466986 0.0043339208 0.0123447621 0.0036178575 0.0093584449 0.0099426169 0.0104517438 0.0039509278 0.0060421723 0.0097540989 0.0102780524 0.0095654518 0.0088830612 0.0054139576 0.0074109751 0.0065485112 0.0085685411 0.0044072248 0.0068544651 0.0111473194 0.0106436999 0.0094729364 0.0095311777 0.006001282 0.00912837 0.0140987086 0.0128257433 0.0093781673 0.0091789942 0.008385523 0.0094564832 0.0127664624 0.0099534035 0.0085440587 0.003662867 0.0076881424 0.0085744537 0.0054562591 0.0098098627 0.0059722138 0.0099794294 0.0058628718 0.0048572235 0.0069985123 0.0053064601 0.0094725284 0.0047149606 0.00802598 0.0124419994 0.0048871365 0.0066915655 0.0106579355 0.0069404304 0.0107353811 0.0098994929 0.0101941195 0.007549446 0.0079062113 0.013357073 0.0040436411 0.0130497389 0.0161647062 0.0056743011 0.0080600778 0.0069471255 0.0067913653 0.0051046298 0.0045976442 0.0065295511 0.0063323375 0.0114712347 0.0077155242 0.0123106809 0.0043676571 0.003918493 0.0032070855 0.0132218462 0.0067343681 0.0069802816 0.0080401906 0.0088019595 0.0049422734 0.0032779272 0.0123430036 0.0071013059 0.0081474224 0.0067164227 0.0076963466 0.0073904441 0.0072587779 0.0087795324 0.0085135551 0.0053957326 0.0091976225 0.0116770492 0.0092273483 0.0050187832 0.0042389156 0.0030325198 0.0088089759 0.0077848232 0.009661038 0.0038659505 0.0067453109 0.0030448366 0.0043262444 0.0117237038 0.008845393 0.0070612372 0.0111158501 0.0068091796 0.0066808923 0.0060577115 0.0060226796 0.0054111288 0.0057344768 0.0041183586 0.0055626413 0.0050816952 0.0105834987 
23 0.0072168488 0.0068713545 0.0124559401 0.0063864753 0.0070769418 0.0037720186 0.0103664531 0.0061148718 0.0060047977 0.005885782 0.005517399 0.0111836209 0.0075960387 0.0109692563 0.0078948393 0.008365022 0.0067945594 0.0103256093 0.0057625999 0.0051634983 0.00913792 0.0074109751 0.0050243542 0.0121626007 0.0116763739 0.0059071112 0.0097534046 0.0044997518 0.0123476569 0.0053298316 0.006140265 0.0059708662 0.0062131699 0.0081028873 0.005214007 0.0084248427 0.0074211465 0.0051350398 0.0125783203 0.0053085086 0.0081114529 0.0046532717 0.0047179573 0.0060705655 0.0103912751 0.0076517398 0.0084329177 0.0056136836 0.0091924929 0.0046408172 0.0093363733 0.0114836545 0.0021790781 0.0046948431 0.0064491191 0.0123672203 0.0092501219 0.0105797238 0.0106986507 0.0112580024 0.0060030143 0.0114991565 0.0065222735 0.0102579644 0.0092656466 0.0096714266 0.0027305793 0.0096374746 0.0076957005 0.0092682153 0.006809694 0.0112557314 0.0062205509 0.0056855786 0.0107409792 0.0023096972 0.00611017 0.0052432776 0.0070848776 0.0011466167 0.007465492 0.0031649197 0.0101165602 0.0065877493 0.0124985141 0.0030398554 0.0025935486 0.0086422758 0.0088561966 0.0052657247 0.0093599182 0.0070093402 0.0078511452 0.0076485705 0.0160223781 0.007489552 0.0081085983 0.0084082331 0.007311572 0.0074009164 0.0084360131 0.0064548456 0.0097021428 0.009013179 0.0072983252 0.0078485594 0.0113223534 0.0133756546 0.0072001261 0.0083513498 0.0059872855 0.0078452472 0.0040936861 0.0045488507 0.0098331684 0.0043428734 0.0152364829 0.0086779064 0.0080261157 0.0075719879 0.0103597902 0.0063863666 0.0130604734 0.0115465062 0.0030756916 0.006650945 0.0085731933 0.0119252741 
24 0.0060496392 0.015639614 0.0072925856 0.0050365344 0.0107665704 0.0094786885 0.0053240571 0.0081735242 0.0049161548 0.0062104774 0.0068425361 0.0075204265 0.0060526475 0.0102330741 0.0113048213 0.0030011274 0.0050005235 0.0038439057 0.0111453484 0.0109673305 0.0025571486 0.0065485112 0.0121626007 0.0050116758 0.0060235509 0.0078502524 0.0043523545 0.0147667987 0.0055691004 0.008726045 0.008222848 0.0014436372 0.0062687395 0.0077167435 0.0042777848 0.0077883106 0.0072072341 0.0120892278 0.0051787371 0.0161868149 0.0043538366 0.0050311615 0.0076775086 0.0112674324 0.0105598373 0.0014094556 0.0160014789 0.0078555854 0.0030447384 0.0060688347 0.0087527369 0.0044801917 0.0048341503 0.0052914447 0.0095967792 0.0135855579 0.0088620835 0.0124575755 0.0074669439 0.0092380966 0.0063121357 0.0044553382 0.0095433072 0.0123966857 0.00627776 0.010409262 0.0090097504 0.0057787443 0.0075267219 0.005571671 0.0068679405 0.0074860608 0.0070583441 0.0040421273 0.0019479425 0.0068741767 0.0103983363 0.0068001484 0.0046732696 0.0078380197 0.0064062957 0.00540775 0.0037577731 0.0085213483 0.0059471064 0.0041178535 0.0070496789 0.0105477247 0.0029016099 0.0084743015 0.0129561467 0.0097289754 0.0039795309 0.0097132612 0.0086975278 0.0073100488 0.0161645888 0.0062254206 0.0061108582 0.0042829549 0.0103050105 0.0022617812 0.0106110785 0.0046296031 0.0174040409 0.009039593 0.0061648153 0.0081260616 0.0119459405 0.0054304666 0.0092306088 0.0110348133 0.0067361176 0.0177298648 0.0038212883 0.0078431474 0.0038176516 0.0147736526 0.0137292126 0.0047711668 0.0108560154 0.0073492636 0.0038862037 0.0085464695 0.0115881236 0.0128444999 0.0054101 0.00796178 
