32
1 0.0593014271 0.0491999093 0.0489750376 0.0393988284 0.0292229315 0.0322686917 0.0279058981 0.0336512033 0.0297476888 0.0063328112 0.0220200237 0.0259237402 0.0097268727 0.0784396192 0.0178099545 0.023835278 0.0403852364 0.0311966622 0.0311942104 0.0443376263 0.0238985186 0.0266170074 0.0255041595 0.0175625447 0.0259550566 0.0416074659 0.0244070368 0.0119220465 0.0288827987 0.031906663 0.0306520681 0.0302109837 
2 0.0491999093 0.0322984623 0.029141895 0.0407865965 0.0229740133 0.0270094257 0.0299386598 0.0351877364 0.04509497 0.015091912 0.0364963591 0.0428752719 0.0196807458 0.0480469318 0.0212707595 0.0230915737 0.0185358549 0.0286984315 0.0467727241 0.0320160153 0.0218589671 0.0230971788 0.0195033126 0.0450563039 0.0255663362 0.0103620513 0.0282013144 0.0483802859 0.0258371446 0.0306346949 0.0374858443 0.0398083182 
3 0.0489750376 0.029141895 0.0359075761 0.0518565602 0.0542924463 0.017316221 0.0416209562 0.0275395522 0.0170317414 0.0569057021 0.0362199367 0.0306208333 0.0535472412 0.0232280593 0.046538481 0.0105554134 0.0367255402 0.0412851578 0.0490839355 0.0041564641 0.0396370477 0.0221789502 0.0223152272 0.0196914111 0.0179001443 0.0126073449 0.0104888333 0.0332045679 0.0218611563 0.0268614616 0.0292600453 0.0314450596 
4 0.0393988284 0.0407865965 0.0518565602 0.0238385963 0.0245141319 0.0329541816 0.0245868817 0.0147595123 0.0167773508 0.049972646 0.0203693349 0.0212254237 0.0135538675 0.021546936 0.0416789376 0.0317786329 0.0660889831 0.0302721064 0.050330203 0.0396843157 0.0308735157 0.0360532856 0.0229676243 0.0633301034 0.0142485005 0.0390808747 0.0265388045 0.0189095497 0.0068321413 0.0327608945 0.0243763574 0.0280543219 
5 0.0292229315 0.0229740133 0.0542924463 0.0245141319 0.0293413064 0.0414227417 0.0130750919 0.0241139456 0.0386638879 0.044856749 0.0212972429 0.0337448409 0.0223805849 0.0447249111 0.0357539297 0.029066302 0.0351263495 0.0479285104 0.0403484616 0.0147467662 0.0708912971 0.0236848821 0.0247133583 0.0196736088 0.0405697735 0.0256179431 0.0419827459 0.0311071399 0.0275991574 0.0256100171 0.0125264237 0.0084285085 
6 0.0322686917 0.0270094257 0.017316221 0.0329541816 0.0414227417 0.0255126873 0.015041966 0.0351093725 0.0279727031 0.0347783455 0.0302470941 0.0346701682 0.0466127759 0.0382446892 0.048889651 0.0611929901 0.0055853023 0.0236103041 0.0251313397 0.0342178087 0.023785086 0.0246442013 0.0352185479 0.0348598555 0.0102340676 0.0461502914 0.0356903221 0.0299692876 0.0343068934 0.0268384944 0.0343025435 0.0262119502 
7 0.0279058981 0.0299386598 0.0416209562 0.0245868817 0.0130750919 0.015041966 0.0312546092 0.0296435218 0.0231920549 0.0229797407 0.0414838532 0.0297767211 0.0179870771 0.0506111327 0.0252013968 0.0360616485 0.0623368552 0.0466173464 0.0371336101 0.028124194 0.0395506254 0.0229683719 0.0157468624 0.0150934254 0.0407800651 0.0293300024 0.0259718291 0.0289453811 0.0218130965 0.0371637398 0.0485880085 0.0394753768 
8 0.0336512033 0.0351877364 0.0275395522 0.0147595123 0.0241139456 0.0351093725 0.0296435218 0.0428653142 0.0249620135 0.0540436058 0.0363585916 0.0238972054 0.0530282881 0.0140751107 0.0253727651 0.047088285 0.0095132138 0.0216615929 0.0309010431 0.0112160229 0.032516107 0.025603796 0.0359411771 0.0361881713 0.0217572528 0.049176242 0.0278413848 0.0269688061 0.0261903857 0.0274315388 0.0523554891 0.0430417529 
9 0.0297476888 0.04509497 0.0170317414 0.0167773508 0.0386638879 0.0279727031 0.0231920549 0.0249620135 0.0211022945 0.0284190279 0.0632668303 0.0419262699 0.0349203932 0.0283342024 0.0225982088 0.0710117117 0.0492203303 0.0455626733 0.027857269 0.0523055688 0.0278110855 0.0359465326 0.0113199351 0.0063827075 0.0072404171 0.0265109854 0.0143834164 0.0283143869 0.03719257 0.0347278969 0.0293067865 0.0308960896 
10 0.0063328112 0.015091912 0.0569057021 0.049972646 0.044856749 0.0347783455 0.0229797407 0.0540436058 0.0284190279 0.050709871 0.0192480681 0.0321825603 0.0277411739 0.0183916063 0.0260506761 0.0345427235 0.0348498571 0.0241878258 0.0561163934 0.0341931158 0.0155215952 0.0434466868 0.0637684721 0.0400912323 0.004635302 0.0298936029 0.0260499395 0.0031550983 0.022675507 0.0319691244 0.0338816121 0.013317416 
11 0.0220200237 0.0364963591 0.0362199367 0.0203693349 0.0212972429 0.0302470941 0.0414838532 0.0363585916 0.0632668303 0.0192480681 0.0281917317 0.0359672708 0.0213785789 0.0515452476 0.0287804792 0.0304873639 0.0201460927 0.0235281697 0.0269205612 0.0439743317 0.0163949775 0.0200389042 0.0324880111 0.0644479031 0.0283394481 0.029601015 0.0392229468 0.0078938282 0.0276982086 0.0369707648 0.013148496 0.0458283345 
12 0.0259237402 0.0428752719 0.0306208333 0.0212254237 0.0337448409 0.0346701682 0.0297767211 0.0238972054 0.0419262699 0.0321825603 0.0359672708 0.0371962617 0.068367234 0.0295284995 0.0401436933 0.0494112308 0.020917813 0.0302950026 0.0282192375 0.0057858666 0.0384911711 0.0263631169 0.0225763025 0.0111607669 0.0532250278 0.0186240968 0.0249702755 0.0421540197 0.0185087826 0.0266372778 0.0210993279 0.0335146899 
13 0.0097268727 0.0196807458 0.0535472412 0.0135538675 0.0223805849 0.0466127759 0.0179870771 0.0530282881 0.0349203932 0.0277411739 0.0213785789 0.068367234 0.0345034392 0.0209591734 0.0330128942 0.0302048421 0.0178997151 0.0410060317 0.039358232 0.0456791325 0.0411182422 0.0282500648 0.0402313317 0.0184820603 0.0158658333 0.0395844681 0.0421481379 0.0058884058 0.0405986669 0.0425332297 0.0043951672 0.0293560986 
14 0.0784396192 0.0480469318 0.0232280593 0.021546936 0.0447249111 0.0382446892 0.0506111327 0.0140751107 0.0283342024 0.0183916063 0.0515452476 0.0295284995 0.0209591734 0.0126324557 0.0193892787 0.0337039816 0.0263193663 0.0359603471 0.0385237345 0.0337182154 0.0203110481 0.0257157278 0.067116212 0.0368144421 0.0260744028 0.0349055312 0.0371826234 0.0164583572 0.0102726279 0.0183049924 0.0130942928 0.0258262439 
15 0.0178099545 0.0212707595 0.046538481 0.0416789376 0.0357539297 0.048889651 0.0252013968 0.0253727651 0.0225982088 0.0260506761 0.0287804792 0.0401436933 0.0330128942 0.0193892787 0.0030304742 0.0072404171 0.0246205686 0.0362896294 0.0200041142 0.0218447826 0.0313566012 0.0605013989 0.0371150702 0.012484383 0.0265013989 0.0401152599 0.0431873851 0.0279343662 0.0552310815 0.0505241126 0.0474130123 0.0221148387 
16 0.023835278 0.0230915737 0.0105554134 0.0317786329 0.029066302 0.0611929901 0.0360616485 0.047088285 0.0710117117 0.0345427235 0.0304873639 0.0494112308 0.0302048421 0.0337039816 0.0072404171 0.035209808 0.0168244804 0.0321680551 0.0100587296 0.0262869578 0.0313658688 0.0247970765 0.0291369153 0.0305851156 0.015778211 0.0319688074 0.0322125142 0.0224328599 0.043272216 0.0288951068 0.033756342 0.0359785413 
17 0.0403852364 0.0185358549 0.0367255402 0.0660889831 0.0351263495 0.0055853023 0.0623368552 0.0095132138 0.0492203303 0.0348498571 0.0201460927 0.020917813 0.0178997151 0.0263193663 0.0246205686 0.0168244804 0.03126836 0.0170472585 0.019549029 0.0269327545 0.041822113 0.0522547532 0.0370529198 0.0382188867 0.0288282916 0.0227865412 0.0176412809 0.0258749484 0.0429679012 0.0323870888 0.0409899829 0.0392823313 
18 0.0311966622 0.0286984315 0.0412851578 0.0302721064 0.0479285104 0.0236103041 0.0466173464 0.0216615929 0.0455626733 0.0241878258 0.0235281697 0.0302950026 0.0410060317 0.0359603471 0.0362896294 0.0321680551 0.0170472585 0.0368763594 0.0124685944 0.0271002416 0.017185103 0.0124972068 0.0251133328 0.0342046348 0.0735281696 0.0431059148 0.0226847029 0.0225737833 0.0187624198 0.046469443 0.0189067549 0.0312082344 
19 0.0311942104 0.0467727241 0.0490839355 0.050330203 0.0403484616 0.0251313397 0.0371336101 0.0309010431 0.027857269 0.0561163934 0.0269205612 0.0282192375 0.039358232 0.0385237345 0.0200041142 0.0100587296 0.019549029 0.0124685944 0.0445673524 0.0502416504 0.0516292712 0.0221761493 0.0111347842 0.0289182092 0.0253728407 0.020077323 0.040974467 0.0164970469 0.0114712897 0.0206017902 0.0336281503 0.0327382535 
20 0.0443376263 0.0320160153 0.0041564641 0.0396843157 0.0147467662 0.0342178087 0.028124194 0.0112160229 0.0523055688 0.0341931158 0.0439743317 0.0057858666 0.0456791325 0.0337182154 0.0218447826 0.0262869578 0.0269327545 0.0271002416 0.0502416504 0.0451535729 0.0453118117 0.0234261491 0.049712478 0.0366947833 0.0400081702 0.0296683117 0.0 0.053139128 0.0162212106 0.0217900776 0.0370837627 0.0252287131 
21 0.0238985186 0.0218589671 0.0396370477 0.0308735157 0.0708912971 0.023785086 0.0395506254 0.032516107 0.0278110855 0.0155215952 0.0163949775 0.0384911711 0.0411182422 0.0203110481 0.0313566012 0.0313658688 0.041822113 0.017185103 0.0516292712 0.0453118117 0.0393593739 0.0240485111 0.0205637125 0.0093634882 0.0134991872 0.0193216937 0.0470413384 0.052750756 0.0396304429 0.0142657002 0.0175290878 0.0412966551 
22 0.0266170074 0.0230971788 0.0221789502 0.0360532856 0.0236848821 0.0246442013 0.0229683719 0.025603796 0.0359465326 0.0434466868 0.0200389042 0.0263631169 0.0282500648 0.0257157278 0.0605013989 0.0247970765 0.0522547532 0.0124972068 0.0221761493 0.0234261491 0.0240485111 0.0533708744 0.0365794491 0.0600434112 0.0471446439 0.028994445 0.0404088616 0.023429613 0.0488649973 0.0150427324 0.0250152163 0.0167958046 
23 0.0255041595 0.0195033126 0.0223152272 0.0229676243 0.0247133583 0.0352185479 0.0157468624 0.0359411771 0.0113199351 0.0637684721 0.0324880111 0.0225763025 0.0402313317 0.067116212 0.0371150702 0.0291369153 0.0370529198 0.0251133328 0.0111347842 0.049712478 0.0205637125 0.0365794491 0.0419769345 0.0274968011 0.0268341382 0.0497483922 0.0153182613 0.0446847804 0.0378748685 0.026186732 0.0291118234 0.0149480725 
24 0.0175625447 0.0450563039 0.0196914111 0.0633301034 0.0196736088 0.0348598555 0.0150934254 0.0361881713 0.0063827075 0.0400912323 0.0644479031 0.0111607669 0.0184820603 0.0368144421 0.012484383 0.0305851156 0.0382188867 0.0342046348 0.0289182092 0.0366947833 0.0093634882 0.0600434112 0.0274968011 0.0469973344 0.0494826376 0.0291583834 0.0389771381 0.0245480604 0.0294121304 0.0149810543 0.0438378833 0.0157611287 
25 0.0259550566 0.0255663362 0.0179001443 0.0142485005 0.0405697735 0.0102340676 0.0407800651 0.0217572528 0.0072404171 0.004635302 0.0283394481 0.0532250278 0.0158658333 0.0260744028 0.0265013989 0.015778211 0.0288282916 0.0735281696 0.0253728407 0.0400081702 0.0134991872 0.0471446439 0.0268341382 0.0494826376 0.0454069142 0.0513263939 0.00696689 0.0377084567 0.0549099833 0.0398153458 0.0238323289 0.0606643708 
26 0.0416074659 0.0103620513 0.0126073449 0.0390808747 0.0256179431 0.0461502914 0.0293300024 0.049176242 0.0265109854 0.0298936029 0.029601015 0.0186240968 0.0395844681 0.0349055312 0.0401152599 0.0319688074 0.0227865412 0.0431059148 0.020077323 0.0296683117 0.0193216937 0.028994445 0.0497483922 0.0291583834 0.0513263939 0.0240555274 0.0244052309 0.0329400197 0.0279452693 0.0417268844 0.0303340559 0.0192696311 
27 0.0244070368 0.0282013144 0.0104888333 0.0265388045 0.0419827459 0.0356903221 0.0259718291 0.0278413848 0.0143834164 0.0260499395 0.0392229468 0.0249702755 0.0421481379 0.0371826234 0.0431873851 0.0322125142 0.0176412809 0.0226847029 0.040974467 0.0 0.0470413384 0.0404088616 0.0153182613 0.0389771381 0.00696689 0.0244052309 0.0479759668 0.0353999758 0.0445673742 0.0409665674 0.0262953238 0.0698971112 
28 0.0119220465 0.0483802859 0.0332045679 0.0189095497 0.0311071399 0.0299692876 0.0289453811 0.0269688061 0.0283143869 0.0031550983 0.0078938282 0.0421540197 0.0058884058 0.0164583572 0.0279343662 0.0224328599 0.0258749484 0.0225737833 0.0164970469 0.053139128 0.052750756 0.023429613 0.0446847804 0.0245480604 0.0377084567 0.0329400197 0.0353999758 0.0800301805 0.0386035263 0.027318279 0.0455772972 0.0552857617 
29 0.0288827987 0.0258371446 0.0218611563 0.0068321413 0.0275991574 0.0343068934 0.0218130965 0.0261903857 0.03719257 0.022675507 0.0276982086 0.0185087826 0.0405986669 0.0102726279 0.0552310815 0.043272216 0.0429679012 0.0187624198 0.0114712897 0.0162212106 0.0396304429 0.0488649973 0.0378748685 0.0294121304 0.0549099833 0.0279452693 0.0445673742 0.0386035263 0.0339289409 0.0399737872 0.0365736642 0.0295197598 
30 0.031906663 0.0306346949 0.0268614616 0.0327608945 0.0256100171 0.0268384944 0.0371637398 0.0274315388 0.0347278969 0.0319691244 0.0369707648 0.0266372778 0.0425332297 0.0183049924 0.0505241126 0.0288951068 0.0323870888 0.046469443 0.0206017902 0.0217900776 0.0142657002 0.0150427324 0.026186732 0.0149810543 0.0398153458 0.0417268844 0.0409665674 0.027318279 0.0399737872 0.0167022765 0.0511182203 0.0408840113 
31 0.0306520681 0.0374858443 0.0292600453 0.0243763574 0.0125264237 0.0343025435 0.0485880085 0.0523554891 0.0293067865 0.0338816121 0.013148496 0.0210993279 0.0043951672 0.0130942928 0.0474130123 0.033756342 0.0409899829 0.0189067549 0.0336281503 0.0370837627 0.0175290878 0.0250152163 0.0291118234 0.0438378833 0.0238323289 0.0303340559 0.0262953238 0.0455772972 0.0365736642 0.0511182203 0.0556877372 0.018836894 
32 0.0302109837 0.0398083182 0.0314450596 0.0280543219 0.0084285085 0.0262119502 0.0394753768 0.0430417529 0.0308960896 0.013317416 0.0458283345 0.0335146899 0.0293560986 0.0258262439 0.0221148387 0.0359785413 0.0392823313 0.0312082344 0.0327382535 0.0252287131 0.0412966551 0.0167958046 0.0149480725 0.0157611287 0.0606643708 0.0192696311 0.0698971112 0.0552857617 0.0295197598 0.0408840113 0.018836894 0.0048747428 
