20
1 0.0 0.0375531002 0.0434045349 0.0690577524 0.0635426678 0.0825625095 0.0351954766 0.0655738741 0.0149784175 0.0471779913 0.0286138387 0.0203719443 0.0795512219 0.0412528642 0.0749916638 0.0728498482 0.0401044178 0.0585379033 0.0527881273 0.0718918459
2 0.0375531002 0.0 0.0438787093 0.0655483719 0.0667252283 0.0467292005 0.0425042686 0.0308069209 0.0271623751 0.0762941227 0.074085447 0.0789434408 0.0384362125 0.0587898896 0.0518708581 0.0763201603 0.0489444904 0.0321648281 0.0257111396 0.077531236
3 0.0434045349 0.0438787093 0.0 0.0598144403 0.0526572249 0.0652124689 0.0659006418 0.0235440252 0.1002314252 0.0699834792 0.0680621656 0.054991984 0.0428269811 0.0432419195 0.0639471943 0.0663385026 0.0330456208 0.0234491573 0.0552240023 0.0242455229
4 0.0690577524 0.0655483719 0.0598144403 0.0 0.0617926617 0.0251738782 0.0367583502 0.0571699685 0.0880364062 0.075375063 0.0290908166 0.0583587348 0.0819753511 0.0381289124 0.0420627908 0.0292158822 0.0492625176 0.0571627357 0.0324508407 0.0435645259
5 0.0635426678 0.0667252283 0.0526572249 0.0617926617 0.0 0.0510248388 0.0706047293 0.0648095353 0.0439391064 0.1041254955 0.0516346338 0.0412162184 0.0456110718 0.0607278488 0.0273290114 0.0407545763 0.0523679554 0.0343364231 0.0128256807 0.0539750922
6 0.0825625095 0.0467292005 0.0652124689 0.0251738782 0.0510248388 0.0 0.0532928624 0.0449796186 0.0637868577 0.0401730772 0.0063260294 0.0506905938 0.0769392598 0.0313438726 0.0692271512 0.0723055017 0.0918906906 0.0226691777 0.0366181167 0.0690542945
7 0.0351954766 0.0425042686 0.0659006418 0.0367583502 0.0706047293 0.0532928624 0.0 0.0877047568 0.0517560208 0.0520620604 0.0752858849 0.0385846952 0.0160386622 0.0432463752 0.0450072836 0.0493963337 0.0331963068 0.0730666314 0.1094475595 0.0209511008
8 0.0655738741 0.0308069209 0.0235440252 0.0571699685 0.0648095353 0.0449796186 0.0877047568 0.0 0.0592807874 0.0384057869 0.0445095692 0.0462736156 0.0521002404 0.0674744506 0.0290495669 0.0471892051 0.0771478496 0.0644717395 0.0616826572 0.0378258323
9 0.0149784175 0.0271623751 0.1002314252 0.0880364062 0.0439391064 0.0637868577 0.0517560208 0.0592807874 0.0 0.018797596 0.011978751 0.0922966777 0.0444531478 0.0462597367 0.0500646211 0.0793739977 0.0822207099 0.0235388392 0.0412850569 0.0605594695
10 0.0471779913 0.0762941227 0.0699834792 0.075375063 0.1041254955 0.0401730772 0.0520620604 0.0384057869 0.018797596 0.0 0.0229036262 0.0793333296 0.0423355839 0.0865876995 0.035936439 0.038848702 0.0346578886 0.0675003889 0.0333018794 0.0361997905
11 0.0286138387 0.074085447 0.0680621656 0.0290908166 0.0516346338 0.0063260294 0.0752858849 0.0445095692 0.011978751 0.0229036262 0.0 0.0758380013 0.0785915091 0.0963397731 0.1079223252 0.0168993888 0.0418748367 0.0460337396 0.0827207341 0.0412889296
12 0.0203719443 0.0789434408 0.054991984 0.0583587348 0.0412162184 0.0506905938 0.0385846952 0.0462736156 0.0922966777 0.0793333296 0.0758380013 0.0 0.0484874433 0.0319317642 0.060317997 0.0331123241 0.0502085012 0.0525785203 0.0315726721 0.0548915426
13 0.0795512219 0.0384362125 0.0428269811 0.0819753511 0.0456110718 0.0769392598 0.0160386622 0.0521002404 0.0444531478 0.0423355839 0.0785915091 0.0484874433 0.0 0.0393259036 0.0707293515 0.0518405276 0.0228977499 0.0825149491 0.0490987397 0.0362460938
14 0.0412528642 0.0587898896 0.0432419195 0.0381289124 0.0607278488 0.0313438726 0.0432463752 0.0674744506 0.0462597367 0.0865876995 0.0963397731 0.0319317642 0.0393259036 0.0 0.0555056589 0.0374760793 0.0530655398 0.0552988786 0.0456919446 0.0683108891
15 0.0749916638 0.0518708581 0.0639471943 0.0420627908 0.0273290114 0.0692271512 0.0450072836 0.0290495669 0.0500646211 0.035936439 0.1079223252 0.060317997 0.0707293515 0.0555056589 0.0 0.0473096727 0.0428584143 0.0062304456 0.0658997914 0.053739763
16 0.0728498482 0.0763201603 0.0663385026 0.0292158822 0.0407545763 0.0723055017 0.0493963337 0.0471892051 0.0793739977 0.038848702 0.0168993888 0.0331123241 0.0518405276 0.0374760793 0.0473096727 0.0 0.0555469214 0.0739155222 0.0367865231 0.0745203312
17 0.0401044178 0.0489444904 0.0330456208 0.0492625176 0.0523679554 0.0918906906 0.0331963068 0.0771478496 0.0822207099 0.0346578886 0.0418748367 0.0502085012 0.0228977499 0.0530655398 0.0428584143 0.0555469214 0.0 0.0768494168 0.0745448504 0.0393153222
18 0.0585379033 0.0321648281 0.0234491573 0.0571627357 0.0343364231 0.0226691777 0.0730666314 0.0644717395 0.0235388392 0.0675003889 0.0460337396 0.0525785203 0.0825149491 0.0552988786 0.0062304456 0.0739155222 0.0768494168 0.0 0.0830709849 0.0666097187
19 0.0527881273 0.0257111396 0.0552240023 0.0324508407 0.0128256807 0.0366181167 0.1094475595 0.0616826572 0.0412850569 0.0333018794 0.0827207341 0.0315726721 0.0490987397 0.0456919446 0.0658997914 0.0367865231 0.0745448504 0.0830709849 0.0 0.0692786994
20 0.0718918459 0.077531236 0.0242455229 0.0435645259 0.0539750922 0.0690542945 0.0209511008 0.0378258323 0.0605594695 0.0361997905 0.0412889296 0.0548915426 0.0362460938 0.0683108891 0.053739763 0.0745203312 0.0393153222 0.0666097187 0.0692786994 0.0
