100
1 0.0000000000000000000 0.12111982000000000 0.13703054000000001 0.15836362000000001 0.19741575000000000 0.20124216000000000 0.25492283999999998 0.19967704000000000 0.22115473999999999 0.21431618000000000 0.21899730000000001 0.23311682000000000 0.11108461000000000 0.10936926000000000 0.14752762000000000 0.16946330000000001 0.19538272000000001 0.16946330000000001 0.17487621000000000 0.20499639000000000 0.28552581999999999 0.34235948999999999 0.29543170000000002 0.31977277999999998 0.37121364000000001 0.43796413000000001 0.40227733999999998 0.37753775000000001 0.41895807000000002 0.38807128000000002 0.35864477000000000 0.42148414000000001 0.35409426999999999 0.38015117999999998 0.36176675000000003 0.42578037000000002 0.41023955000000001 0.41595789999999999 0.42688959999999998 0.43698389999999998 0.35197771000000000 0.36353808999999998 0.37285248999999998 0.34235948999999999 0.37538030999999999 0.39785769999999998 0.34713124000000001 0.40456646000000002 0.40540711000000001 0.43640938000000001 0.44426985000000002 0.43787904999999999 0.39179974000000001 0.43194944000000002 0.41541900999999998 0.41763140999999998 0.41787961000000001 0.41469639000000003 0.40042840000000002 0.41469639000000003 0.40649379000000002 0.42211584000000002 0.36682756999999999 0.46348201999999999 0.43322338999999999 0.43151936000000002 0.42594258000000002 0.39830180999999998 0.40106420999999998 0.44786389999999998 0.43719391000000002 0.44321260000000001 0.43333347000000000 0.36668079999999997 0.38961632000000002 0.38838657999999998 0.37382173000000002 0.35257142000000002 0.40349666000000001 0.42506882000000001 0.37525364999999999 0.38031862000000000 0.36112263000000000 0.42880932999999999 0.38031862000000000 0.39331211999999999 0.38821002999999998 0.38554601999999999 0.37301435999999999 0.41533209999999998 0.37343588000000000 0.38065321000000002 0.38759979000000000 0.36579035999999998 0.38781875999999998 0.38612492999999998 0.39034402000000001 0.38975108000000003 0.36450686999999998 0.41120085000000001
2 0.12111982000000000 0.0000000000000000000 0.18799805000000000 0.17489344000000001 0.23403571000000001 0.23534419000000001 0.26665597000000002 0.20927402000000001 0.24608726000000000 0.27861092999999998 0.26216971999999999 0.25351150000000000 0.18664057000000001 0.19042228999999999 0.20802675000000001 0.23071105000000000 0.27361332999999999 0.23034795000000000 0.23052687999999999 0.25492283999999998 0.28723144000000000 0.39799722999999998 0.35460202000000002 0.37075190000000002 0.39124006000000000 0.46043732999999998 0.42629429000000002 0.42961440000000001 0.41492158000000001 0.41348396999999998 0.41405113999999998 0.42939957000000001 0.38446163999999999 0.39243291000000002 0.38921576000000002 0.45221393999999998 0.42129128999999998 0.44456990000000002 0.43487907999999997 0.45454453000000000 0.39243291000000002 0.38190408999999997 0.39288209000000002 0.36668079999999997 0.39179974000000001 0.44833643000000001 0.38703233999999997 0.40016185999999998 0.43534792000000000 0.42787574000000000 0.44104431999999999 0.45585627000000001 0.37828117999999999 0.42110733000000000 0.41880317000000000 0.42311368999999999 0.41595789999999999 0.41101880000000002 0.42007158000000000 0.40806300000000001 0.40483490000000000 0.42846134000000002 0.39243291000000002 0.46523999999999999 0.40286814999999998 0.45512450999999998 0.44296874000000003 0.41385337999999999 0.38902766000000000 0.43659160000000002 0.44170102000000000 0.44961830000000003 0.43416184000000002 0.40979317999999998 0.43256544000000002 0.40083221000000002 0.41009111999999998 0.38790328000000002 0.42460648000000001 0.39124006000000000 0.39685926999999999 0.42919375999999998 0.39622464000000002 0.42060920000000002 0.39882203999999999 0.40834936999999999 0.37271557000000000 0.39482469999999997 0.39160497999999999 0.40593763999999999 0.36731450999999998 0.37356145000000002 0.38567837999999999 0.38121398000000001 0.40405769000000002 0.41027150000000001 0.41201542000000002 0.41120085000000001 0.38745181000000001 0.39941764000000002
3 0.13703054000000001 0.18799805000000000 0.0000000000000000000 0.11059877000000000 0.20201464999999999 0.20739005999999999 0.24919802999999999 0.17306715000000000 0.20706930000000001 0.22115473999999999 0.24608726000000000 0.23826406000000000 0.13358208999999999 0.13376118000000001 0.12302281000000000 0.16436108999999999 0.19360965999999999 0.16401262999999999 0.15852689000000000 0.21600303000000001 0.26152564000000000 0.33081163000000002 0.29543169000000002 0.32629489000000000 0.33835783000000003 0.42201625999999998 0.35852058999999997 0.34477274000000002 0.36787088000000001 0.40678520000000001 0.33319616000000002 0.40791396000000002 0.33544846000000000 0.33153527999999999 0.34276432000000001 0.40764213999999999 0.38270502000000001 0.37538030999999999 0.40856231999999998 0.39557458000000001 0.32457461999999998 0.35648661999999998 0.33986322000000002 0.32414764000000001 0.33356676000000002 0.37841105000000003 0.35409426999999999 0.38261221000000001 0.40008790999999999 0.43534792000000000 0.41899768999999998 0.40669622000000000 0.38317820000000002 0.43194944000000002 0.39460684000000001 0.38835708000000002 0.38821002999999998 0.38838657999999998 0.37775449000000000 0.39700812000000002 0.37331836000000002 0.38171952999999997 0.35301830000000001 0.40838721000000000 0.40560979000000003 0.40759053000000001 0.41632388999999997 0.40838721000000000 0.38343621000000000 0.40473651999999999 0.40456646000000002 0.40518298000000003 0.41120085000000001 0.34276432000000001 0.37504910000000002 0.35827973000000002 0.37038978000000000 0.33164779000000000 0.40464148000000000 0.41739182000000002 0.35391207000000002 0.37579361000000000 0.33314431000000000 0.39992991000000000 0.37828117999999999 0.39588282000000002 0.35271288000000001 0.34590053999999998 0.34503234999999999 0.37356145000000002 0.34788192000000001 0.34740765000000001 0.36887379999999997 0.36152072000000002 0.37134905000000001 0.37196970000000001 0.37383662000000001 0.37310757000000000 0.34990728999999998 0.38629015999999999
4 0.15836362000000001 0.17489344000000001 0.11059877000000000 0.0000000000000000000 0.19066101999999999 0.19446851000000001 0.24919802999999999 0.18322753999999999 0.17693400000000001 0.22376882000000001 0.23520015999999999 0.25255286999999998 0.18126154999999999 0.17749551000000000 0.19598225000000000 0.20614521000000000 0.24252847999999999 0.21907805000000000 0.21889433000000000 0.24899409000000000 0.29235962999999998 0.37591728000000002 0.32257007999999998 0.33805839999999998 0.36219391000000001 0.45885627000000001 0.39530015000000002 0.38554601999999999 0.39963280000000001 0.41725347000000002 0.34979429000000001 0.43151936000000002 0.37164362000000001 0.35335358000000000 0.35043466000000001 0.43510895999999999 0.38596786999999999 0.40386220000000000 0.40072925999999998 0.41120085000000001 0.33412044000000002 0.39160497999999999 0.36830690999999999 0.32198313000000001 0.36641074000000001 0.37649241999999999 0.37884919000000000 0.39689442000000003 0.40164994999999998 0.41632388999999997 0.43812571000000000 0.40447399000000001 0.37802351000000001 0.40250174000000000 0.37700751999999998 0.37448227000000001 0.38664505999999998 0.38059420999999999 0.38821002999999998 0.40759053000000001 0.35448507000000001 0.41716086000000002 0.38838657999999998 0.42397945999999997 0.40822076000000002 0.41739182000000002 0.41632388999999997 0.40913929999999998 0.40934874999999998 0.41507281000000001 0.41507281000000001 0.40545882999999999 0.40629986000000001 0.37164362000000001 0.40540711000000001 0.36787088000000001 0.38838657999999998 0.35074318999999998 0.43539030000000001 0.39622464000000002 0.37406592999999999 0.37665619000000000 0.37383662000000001 0.41811373000000002 0.38053344000000000 0.41578812999999998 0.36219391000000001 0.36698212000000002 0.35460202000000002 0.38781875999999998 0.34979429000000001 0.35657844999999999 0.37383662000000001 0.35909352999999999 0.37884919000000000 0.36946969000000002 0.37884919000000000 0.37278389000000001 0.35353235000000000 0.38091732000000000
5 0.19741575000000000 0.23403571000000001 0.20201464999999999 0.19066101999999999 0.0000000000000000000 0.09790683999999999 0.12217946000000000 0.15506713999999999 0.16023338000000001 0.22636496000000000 0.24756067000000001 0.27382492000000003 0.18141159000000001 0.20562949000000000 0.22333410000000001 0.27450900000000000 0.29467031999999999 0.27417630999999998 0.26123848000000000 0.28723144000000000 0.31479699999999999 0.42500016000000002 0.37579361000000000 0.36097105000000002 0.40822076000000002 0.5004124599999999 0.45762043000000002 0.45500723999999998 0.45542855999999998 0.43551313000000003 0.39000922999999998 0.42500016000000002 0.43133347000000000 0.41348396999999998 0.43308593000000001 0.45481929999999998 0.43623647999999998 0.42830109000000000 0.42046117000000000 0.43698389999999998 0.40979317999999998 0.40690714000000000 0.42919375999999998 0.37075190000000002 0.39749052000000001 0.42846134000000002 0.39799722999999998 0.44854768000000000 0.43933133000000002 0.44465132000000002 0.44091901000000000 0.44135364999999999 0.41963399000000001 0.45973293999999998 0.45116129999999999 0.47210292999999998 0.45481929999999998 0.43282584000000002 0.43295789000000001 0.44018321999999999 0.40473651999999999 0.43171440000000000 0.41693856000000001 0.49118714000000002 0.46043732999999998 0.42076626000000000 0.44667372000000000 0.45973293999999998 0.45141964000000001 0.45633868000000000 0.47793390000000002 0.47669033000000000 0.46582985999999998 0.41672494999999998 0.44346570000000002 0.44066456999999998 0.43333347000000000 0.43678312000000002 0.42915613000000002 0.43741312999999998 0.41541900999999998 0.41271429999999998 0.39011235000000000 0.44722592999999999 0.42562728999999999 0.44961830000000003 0.42378830000000001 0.42032219999999998 0.39301702999999999 0.44152258999999999 0.38343621000000000 0.40822076000000002 0.42270317000000002 0.39982698999999999 0.40286814999999998 0.40260564999999998 0.39772670999999998 0.42032219999999998 0.40576941000000000 0.44208616000000001
6 0.20124216000000000 0.23534419000000001 0.20739005999999999 0.19446851000000001 0.09790683999999999 0.0000000000000000000 0.12530664999999999 0.16445972000000000 0.16605027999999999 0.20321065999999999 0.25321519999999997 0.26840074000000003 0.18687376000000000 0.20629664000000000 0.21178912000000000 0.26435790999999997 0.28809748000000002 0.25852002000000002 0.24938550000000001 0.26587349999999998 0.33684987999999999 0.42060920000000002 0.38121398000000001 0.35460202000000002 0.40089248999999999 0.48430677999999999 0.47260605000000000 0.42832121000000001 0.46845408999999999 0.43563886000000002 0.37557062000000002 0.44392646000000002 0.41159092000000003 0.40690714000000000 0.40560979000000003 0.46155434000000001 0.43764152000000001 0.39659981000000000 0.40838721000000000 0.42710598000000000 0.40956672000000000 0.41078350000000002 0.42806047000000003 0.35743764000000000 0.39530015000000002 0.43031274000000003 0.39075457000000002 0.44867124000000003 0.44507059999999998 0.46417670999999999 0.44576987000000001 0.45585627000000001 0.43534792000000000 0.49137217000000000 0.46191268000000002 0.46758744000000002 0.45400221000000002 0.43920300000000001 0.42129128999999998 0.45059949999999999 0.43083102000000001 0.42506882000000001 0.40566120000000000 0.46252253999999998 0.47847121999999997 0.45512450999999998 0.44961830000000003 0.43165459000000000 0.45067289999999999 0.49073161999999998 0.5090268000000000 0.48836193999999999 0.49717770999999999 0.41739182000000002 0.45512450999999998 0.43031274000000003 0.43585296000000001 0.42919375999999998 0.44870169999999998 0.45685936999999999 0.41078350000000002 0.40629986000000001 0.36682756999999999 0.46348201999999999 0.41023955000000001 0.45067289999999999 0.42983821999999999 0.43115675999999997 0.40751945000000001 0.46193605999999998 0.42296771000000000 0.42247544999999997 0.44348336999999999 0.42445280000000002 0.42990228000000003 0.42220355999999998 0.42743921000000001 0.43519333999999998 0.41811373000000002 0.43308593000000001
7 0.25492283999999998 0.26665597000000002 0.24919802999999999 0.24919802999999999 0.12217946000000000 0.12530664999999999 0.0000000000000000000 0.19053922000000001 0.20352313999999999 0.24264398000000001 0.27382492000000003 0.29447004999999998 0.23452269000000001 0.26351822000000003 0.26571756000000002 0.30944153000000002 0.32085035000000001 0.29115626000000000 0.27994938000000003 0.33207279000000001 0.33024880000000001 0.46782704000000003 0.42668217000000003 0.39901224000000002 0.45802186000000000 0.5440900200000000 0.49857899000000000 0.49481920000000001 0.48748237999999999 0.47409095000000001 0.42311368999999999 0.46043732999999998 0.46590923000000001 0.45426865000000000 0.46633917000000003 0.5171544100000000 0.49553945999999999 0.47022508000000002 0.45240382000000001 0.48836193999999999 0.43611898999999998 0.45781727999999999 0.46291440000000000 0.41469639000000003 0.43534792000000000 0.48233777000000000 0.44602160000000002 0.49468209000000002 0.45447282000000000 0.47369264999999999 0.47260605000000000 0.47935267999999998 0.44809546000000000 0.48740002999999998 0.46262312000000000 0.49769415000000000 0.49195433999999999 0.45945958999999997 0.47186640000000002 0.47700524999999999 0.45743444999999999 0.47260605000000000 0.45316610000000002 0.49715735999999999 0.5102490600000000 0.47171227999999998 0.47988810999999998 0.47733006000000000 0.47875499999999999 0.5264058800000000 0.5476734700000000 0.5485315500000000 0.5437709500000000 0.45116129999999999 0.49211213999999998 0.46523999999999999 0.46417513999999999 0.46155434000000001 0.48102130999999998 0.48846496000000000 0.44486878000000002 0.46731809000000002 0.40611447000000001 0.47966708000000002 0.45186335999999999 0.5022985599999999 0.44066456999999998 0.44742911000000002 0.44576987000000001 0.46551931000000002 0.43973872000000003 0.44409337999999998 0.46969906000000000 0.43820131000000001 0.43308593000000001 0.42296771000000000 0.44119420999999998 0.44119420999999998 0.44833643000000001 0.46417670999999999
8 0.19967704000000000 0.20927402000000001 0.17306715000000000 0.18322753999999999 0.15506713999999999 0.16445972000000000 0.19053922000000001 0.0000000000000000000 0.09700494000000000 0.24252668999999999 0.25711103000000002 0.25096481999999998 0.15876401000000001 0.19760591000000000 0.21665458000000001 0.22910710000000001 0.26556751000000001 0.23325650000000001 0.23285373000000001 0.26745430999999997 0.28974555000000002 0.42562728999999999 0.37214448999999999 0.36140940999999999 0.39347221999999998 0.5093887600000000 0.44426985000000002 0.43386680000000000 0.45801469000000000 0.44077333000000002 0.41271429999999998 0.46551931000000002 0.42283084999999998 0.40956672000000000 0.41844066000000002 0.48778738999999999 0.43847680999999999 0.43386680000000000 0.43914162000000001 0.44981008000000000 0.41899768999999998 0.40072925999999998 0.41861747999999999 0.39060935000000002 0.40531655000000000 0.43914162000000001 0.40042840000000002 0.46685887999999998 0.46030829000000001 0.46570925000000002 0.47875499999999999 0.44465132000000002 0.44145526000000002 0.47700524999999999 0.45028425000000000 0.46417670999999999 0.43764152000000001 0.44041930000000001 0.45781623999999999 0.43307518000000000 0.43659160000000002 0.47234947999999999 0.41716086000000002 0.48258254000000000 0.48486340000000000 0.43764152000000001 0.45846236000000001 0.47307745000000001 0.46680887999999998 0.48398904999999998 0.5045198000000000 0.49346512999999997 0.5168514500000000 0.45091237000000001 0.48440600000000000 0.47203903000000003 0.48102130999999998 0.44809546000000000 0.46582985999999998 0.46393530999999999 0.43333347000000000 0.42815005000000000 0.39973280999999999 0.45678963000000000 0.40483490000000000 0.48333614000000003 0.44552744000000000 0.41782264000000002 0.41769061000000002 0.45665338999999999 0.42800825999999997 0.41745378000000000 0.44620817000000002 0.44302856000000002 0.45141098000000002 0.44135364999999999 0.45693589000000001 0.44843401999999999 0.41880317000000000 0.46876637999999998
9 0.22115473999999999 0.24608726000000000 0.20706930000000001 0.17693400000000001 0.16023338000000001 0.16605027999999999 0.20352313999999999 0.09700494000000000 0.0000000000000000000 0.22885030000000001 0.25435143999999998 0.25472677999999999 0.19317683999999999 0.21899730000000001 0.23104213000000001 0.23492842000000000 0.27386761999999998 0.24725784000000001 0.24684568000000001 0.27358304000000000 0.30078537000000000 0.40332667000000000 0.36021491999999999 0.34040582000000003 0.39400239999999997 0.48738868000000002 0.44296874000000003 0.40349666000000001 0.44232772999999997 0.42562728999999999 0.38750296000000001 0.43623647999999998 0.40518298000000003 0.40492384999999997 0.40874606000000002 0.47768041999999999 0.43698389999999998 0.41716086000000002 0.43191856000000001 0.41844066000000002 0.39106995000000000 0.39640807000000000 0.39846680000000001 0.36587381000000002 0.39772670999999998 0.42919375999999998 0.39830180999999998 0.44293941999999997 0.40759053000000001 0.42060920000000002 0.43534792000000000 0.42234401999999999 0.40492384999999997 0.45059949999999999 0.43416184000000002 0.42483323000000001 0.42460648000000001 0.40183545999999998 0.42688959999999998 0.41469639000000003 0.40089248999999999 0.44428013000000000 0.40367518000000002 0.43847680999999999 0.46085472999999999 0.43007100999999998 0.44742911000000002 0.43920300000000001 0.44208616000000001 0.45221393999999998 0.46633917000000003 0.45022241000000002 0.46352569999999998 0.42360611999999997 0.46001584000000001 0.41739182000000002 0.43387682999999999 0.40874606000000002 0.47571565999999998 0.43510895999999999 0.38902766000000000 0.42093230999999998 0.38759979000000000 0.47186640000000002 0.39982698999999999 0.46417513999999999 0.42189643999999998 0.40777365999999998 0.39505978000000003 0.44065230999999999 0.40248746000000002 0.40273256000000002 0.41484959999999999 0.41696367000000001 0.42490264999999999 0.40987794999999999 0.42510703000000000 0.42510703000000000 0.38303345000000000 0.44208616000000001
10 0.21431618000000000 0.27861092999999998 0.22115473999999999 0.22376882000000001 0.22636496000000000 0.20321065999999999 0.24264398000000001 0.24252668999999999 0.22885030000000001 0.0000000000000000000 0.28241328999999998 0.27861092999999998 0.23506156000000000 0.23611061000000000 0.24092864000000000 0.29027607000000000 0.31696315000000003 0.27524583000000002 0.27728986999999999 0.29906832999999999 0.32418694999999997 0.42110733000000000 0.35809626000000000 0.35715380000000002 0.39075457000000002 0.48486340000000000 0.44409337999999998 0.43258548000000002 0.47638532000000000 0.46516971000000001 0.41756765000000001 0.43786001000000002 0.40806300000000001 0.41963399000000001 0.43585296000000001 0.45542855999999998 0.42780855000000001 0.43639400000000000 0.45609267999999997 0.49140146000000001 0.39659981000000000 0.42629429000000002 0.44926368999999999 0.37815944000000001 0.41366430999999998 0.46370373999999998 0.41861747999999999 0.45905247999999998 0.40492384999999997 0.42806047000000003 0.44229280999999998 0.43006963999999998 0.41840176000000001 0.44712105000000002 0.42361590999999998 0.42326878000000001 0.43235413000000000 0.44399949000000000 0.41469639000000003 0.43559593000000002 0.42863076000000000 0.42168587000000002 0.40977528000000002 0.47557092000000001 0.47580514000000002 0.43191856000000001 0.45709213999999998 0.45585627000000001 0.45520495000000000 0.47260605000000000 0.48440600000000000 0.48333614000000003 0.48299334999999999 0.38137444999999998 0.41963399000000001 0.37869508000000002 0.41739182000000002 0.42531321000000000 0.46974544000000001 0.45609267999999997 0.41179887999999998 0.42510703000000000 0.38612492999999998 0.47388667000000001 0.41011012000000002 0.44208616000000001 0.39973280999999999 0.41562722000000002 0.40196321000000002 0.44833031000000001 0.42046117000000000 0.40703939000000000 0.41696367000000001 0.40939753000000001 0.41985763999999998 0.41466279000000000 0.41745378000000000 0.45402719000000002 0.40004155000000002 0.42343292999999999
11 0.21899730000000001 0.26216971999999999 0.24608726000000000 0.23520015999999999 0.24756067000000001 0.25321519999999997 0.27382492000000003 0.25711103000000002 0.25435143999999998 0.28241328999999998 0.0000000000000000000 0.07747421000000000 0.22459786000000001 0.24021171999999999 0.26655572000000000 0.28266334999999998 0.31294020000000000 0.27629967999999999 0.28157886999999998 0.30918073000000001 0.30637007999999999 0.42211584000000002 0.37973957000000003 0.38596786999999999 0.41709380000000001 0.5244956500000000 0.49325384999999999 0.47050290000000000 0.49096074000000001 0.45325980999999999 0.42899700000000002 0.48281210000000002 0.44741891000000000 0.45574195000000001 0.43611898999999998 0.46348201999999999 0.43213182000000000 0.47287257999999999 0.46876637999999998 0.47553002999999999 0.44685212000000002 0.44939760000000001 0.43719391000000002 0.41139155999999999 0.42506882000000001 0.46633917000000003 0.44170102000000000 0.47142359000000000 0.49179360000000000 0.48771047000000001 0.47237549000000001 0.48028179999999998 0.46092168000000000 0.5068825700000000 0.47987868000000000 0.5037477700000000 0.47872770999999997 0.47420269999999998 0.47163994999999997 0.47420269999999998 0.47108802000000000 0.49286347000000003 0.43534792000000000 0.46468888000000003 0.49584625999999998 0.49175171000000001 0.48600188999999999 0.46758744000000002 0.45500723999999998 0.49990618999999997 0.49857899000000000 0.47875499999999999 0.5033697400000000 0.43109130000000001 0.47723302000000001 0.44108837000000001 0.46092168000000000 0.44858677000000002 0.47287257999999999 0.45349776000000003 0.46039814000000001 0.46611921000000001 0.42110733000000000 0.42060920000000002 0.42110733000000000 0.46495957999999998 0.44229280999999998 0.45001145999999997 0.45585627000000001 0.49441741000000000 0.45869718999999998 0.45022241000000002 0.48061298000000002 0.46855826000000000 0.48114737000000002 0.48114737000000002 0.48114737000000002 0.48846496000000000 0.47819750000000000 0.48778738999999999
12 0.23311682000000000 0.25351150000000000 0.23826406000000000 0.25255286999999998 0.27382492000000003 0.26840074000000003 0.29447004999999998 0.25096481999999998 0.25472677999999999 0.27861092999999998 0.07747421000000000 0.0000000000000000000 0.23129496999999999 0.25752946999999998 0.26733083000000002 0.28543235000000000 0.31583812999999999 0.28593676000000001 0.28673770999999998 0.31997072999999998 0.29106293000000000 0.43534792000000000 0.39004920999999998 0.37398615000000002 0.42758251000000003 0.5437972200000000 0.5062485200000000 0.48442426000000000 0.5063590900000000 0.48601450000000002 0.45303141000000002 0.48822854999999998 0.45898011999999999 0.47948528000000001 0.45744826999999999 0.48626087000000001 0.44602160000000002 0.49312399000000001 0.48871186999999999 0.5105817800000000 0.45722995000000000 0.45012964000000000 0.45285176999999999 0.40649379000000002 0.44683235999999998 0.49281595000000000 0.46468888000000003 0.46570925000000002 0.49581100000000000 0.5140592400000000 0.48601372999999998 0.48643573000000001 0.43920300000000001 0.5076897200000000 0.46558774000000003 0.49518907000000001 0.46384565999999999 0.46975813999999999 0.46836022999999999 0.48028179999999998 0.46645826000000001 0.48905402999999997 0.43194944000000002 0.47935267999999998 0.49649117999999998 0.5057941800000000 0.49797850999999999 0.48299334999999999 0.46969906000000000 0.5092522600000000 0.5102490600000000 0.48470744999999998 0.5215748100000001 0.44295451000000002 0.48028179999999998 0.44904512000000002 0.46030829000000001 0.45659424999999998 0.5132117700000000 0.46553010000000000 0.47017209999999998 0.48356283999999999 0.43973872000000003 0.44152258999999999 0.44911548000000001 0.48870291999999999 0.45454453000000000 0.46758744000000002 0.46393530999999999 0.49495735000000002 0.46442791000000000 0.45349776000000003 0.48356283999999999 0.48846496000000000 0.49312399000000001 0.49922161999999998 0.49922161999999998 0.5090268000000000 0.49010282999999999 0.49118714000000002
13 0.11108461000000000 0.18664057000000001 0.13358208999999999 0.18126154999999999 0.18141159000000001 0.18687376000000000 0.23452269000000001 0.15876401000000001 0.19317683999999999 0.23506156000000000 0.22459786000000001 0.23129496999999999 0.0000000000000000000 0.11613801999999999 0.15090165999999999 0.16946330000000001 0.20860656000000000 0.17292357000000000 0.17111678999999999 0.19911397000000000 0.28672494999999998 0.33993053000000001 0.29113059000000002 0.30634916000000001 0.38091732000000000 0.44791926999999998 0.40429883000000000 0.36353808999999998 0.39963280000000001 0.39964741999999998 0.34217269000000000 0.42046117000000000 0.36314502999999998 0.38343621000000000 0.37085530000000000 0.44135364999999999 0.40764213999999999 0.40057454999999997 0.41811373000000002 0.43115675999999997 0.33815082000000002 0.33590321000000001 0.35151875999999999 0.32406349000000001 0.36112263000000000 0.38629015999999999 0.34463772999999998 0.40952136000000000 0.40227132999999998 0.42534867999999998 0.42899700000000002 0.42234401999999999 0.39744938000000002 0.45225093999999999 0.43639400000000000 0.42531321000000000 0.40560979000000003 0.40008790999999999 0.40822076000000002 0.41314961000000000 0.39864021999999999 0.42899700000000002 0.35485882000000002 0.45260338000000000 0.45894169000000001 0.41159092000000003 0.42360611999999997 0.41672494999999998 0.41519795999999998 0.43995635000000000 0.46262312000000000 0.43258548000000002 0.45898011999999999 0.38171952999999997 0.40447399000000001 0.41954838000000000 0.41296692000000002 0.38137444999999998 0.40913929999999998 0.41811373000000002 0.37872660000000002 0.37356145000000002 0.35146957000000001 0.41314961000000000 0.37278389000000001 0.40629986000000001 0.38408751000000002 0.37108619999999998 0.35657844999999999 0.41769061000000002 0.37567804999999999 0.37794051000000001 0.37854902000000001 0.38031862000000000 0.39288209000000002 0.38835708000000002 0.39543312000000003 0.39476365000000002 0.35015595999999999 0.42110733000000000
14 0.10936926000000000 0.19042228999999999 0.13376118000000001 0.17749551000000000 0.20562949000000000 0.20629664000000000 0.26351822000000003 0.19760591000000000 0.21899730000000001 0.23611061000000000 0.24021171999999999 0.25752946999999998 0.11613801999999999 0.0000000000000000000 0.11787399000000000 0.15472874000000000 0.18380928999999999 0.16368171000000001 0.16547464000000001 0.22636496000000000 0.30374086000000000 0.34211388999999998 0.28911266000000002 0.31531227000000001 0.34899802000000002 0.45323405999999999 0.40443224999999999 0.36319035000000000 0.41672494999999998 0.40429883000000000 0.34463772999999998 0.42629429000000002 0.33797340999999997 0.36021491999999999 0.35973690000000003 0.40777365999999998 0.40089248999999999 0.40560979000000003 0.42397945999999997 0.43133347000000000 0.34831600000000001 0.37320891000000000 0.37331836000000002 0.33356676000000002 0.38091732000000000 0.40029081999999999 0.34927659000000000 0.42311368999999999 0.40298739000000000 0.40593763999999999 0.41739182000000002 0.42258097000000000 0.39552712000000001 0.44143377000000000 0.40705541000000001 0.41787961000000001 0.41672494999999998 0.40136924000000002 0.40838721000000000 0.39552712000000001 0.40856231999999998 0.41516957999999998 0.35391207000000002 0.43659160000000002 0.45303141000000002 0.40386220000000000 0.42460648000000001 0.39963280000000001 0.40089248999999999 0.46656906999999997 0.47102133000000002 0.45894169000000001 0.47139526999999998 0.38577560999999999 0.40083221000000002 0.41220978000000003 0.40676013000000000 0.37292143000000000 0.39266019000000002 0.43307518000000000 0.37038978000000000 0.37794051000000001 0.37056937000000001 0.44981008000000000 0.39846680000000001 0.42129128999999998 0.37918144999999998 0.37618880999999998 0.36596528000000000 0.39785769999999998 0.36946969000000002 0.37633662000000001 0.39301702999999999 0.37285248999999998 0.38567837999999999 0.37591728000000002 0.38567837999999999 0.38982855999999999 0.35920675000000002 0.41331238999999997
15 0.14752762000000000 0.20802675000000001 0.12302281000000000 0.19598225000000000 0.22333410000000001 0.21178912000000000 0.26571756000000002 0.21665458000000001 0.23104213000000001 0.24092864000000000 0.26655572000000000 0.26733083000000002 0.15090165999999999 0.11787399000000000 0.0000000000000000000 0.13906393000000000 0.17285896000000001 0.12313338000000000 0.13876135000000001 0.20976892000000000 0.26898429000000001 0.31729605999999999 0.27838795000000000 0.29761131000000002 0.32569569999999998 0.40934937999999998 0.36085144000000002 0.33550563000000000 0.39200267000000000 0.37547137000000003 0.32175044000000003 0.40057454999999997 0.32853371999999997 0.33662252999999998 0.34188741000000000 0.36130593999999999 0.35932773000000001 0.36682756999999999 0.38781875999999998 0.38612492999999998 0.30270313999999998 0.33648451000000001 0.34230126999999999 0.31087915999999999 0.35852058999999997 0.38807128000000002 0.33081163000000002 0.36345250000000001 0.37448227000000001 0.38921576000000002 0.40367518000000002 0.39419566000000000 0.38250555000000003 0.42010185000000000 0.41247415999999998 0.41469639000000003 0.39011235000000000 0.38250555000000003 0.38031862000000000 0.36698212000000002 0.38291566999999999 0.38884771000000001 0.34084204000000001 0.40531655000000000 0.41595789999999999 0.38612492999999998 0.38121398000000001 0.36219391000000001 0.37292932000000001 0.42688959999999998 0.43623647999999998 0.40593763999999999 0.43812571000000000 0.35546328999999999 0.37872660000000002 0.37103414000000001 0.36482693999999999 0.35827973000000002 0.38921576000000002 0.39722464000000002 0.34605417999999999 0.37815944000000001 0.34217269000000000 0.39011235000000000 0.36606474000000000 0.38303345000000000 0.35208121999999997 0.34721576999999998 0.35847047999999998 0.37760164000000002 0.35171332000000000 0.34934364000000001 0.38252778999999998 0.36310787999999999 0.37547137000000003 0.38042189999999998 0.37301435999999999 0.37030224000000000 0.35625813000000001 0.38759979000000000
16 0.16946330000000001 0.23071105000000000 0.16436108999999999 0.20614521000000000 0.27450900000000000 0.26435790999999997 0.30944153000000002 0.22910710000000001 0.23492842000000000 0.29027607000000000 0.28266334999999998 0.28543235000000000 0.16946330000000001 0.15472874000000000 0.13906393000000000 0.0000000000000000000 0.09795327000000000 0.08495212000000001 0.09484905000000000 0.13293256000000001 0.24788583000000000 0.32637463000000000 0.28904489000000000 0.31318459999999998 0.34590053999999998 0.44554115000000000 0.38759979000000000 0.34031533000000003 0.39941764000000002 0.38042189999999998 0.32678959000000002 0.39381738999999999 0.34015683000000002 0.34899802000000002 0.35759097000000001 0.42397945999999997 0.38612492999999998 0.40405769000000002 0.41861747999999999 0.41366430999999998 0.32334826999999999 0.35945642999999999 0.34446010999999999 0.34220784999999998 0.38042189999999998 0.42629429000000002 0.37056937000000001 0.40464703000000002 0.39289552999999999 0.43191856000000001 0.42010185000000000 0.41813640000000002 0.40193877000000000 0.43288654999999998 0.41679356000000001 0.41954838000000000 0.39090810999999998 0.39289552999999999 0.40426162999999998 0.38814095999999998 0.38408751000000002 0.41425759000000001 0.36421774000000001 0.40856231999999998 0.43031274000000003 0.39901224000000002 0.42688959999999998 0.39963280000000001 0.39572448999999998 0.45281259000000001 0.46043732999999998 0.42343292999999999 0.44202785999999999 0.39313893000000000 0.39027772999999999 0.41283838000000000 0.39552712000000001 0.39210053000000000 0.41348396999999998 0.40469474000000000 0.37335624000000001 0.40301238000000000 0.37285248999999998 0.43337024000000002 0.38121398000000001 0.41827272999999998 0.37134905000000001 0.38596786999999999 0.36112263000000000 0.38485339000000002 0.35857869999999997 0.37049029000000000 0.38500919000000000 0.37272356000000001 0.38500919000000000 0.37547137000000003 0.38750296000000001 0.37739658999999998 0.36121033000000002 0.39772670999999998
17 0.19538272000000001 0.27361332999999999 0.19360965999999999 0.24252847999999999 0.29467031999999999 0.28809748000000002 0.32085035000000001 0.26556751000000001 0.27386761999999998 0.31696315000000003 0.31294020000000000 0.31583812999999999 0.20860656000000000 0.18380928999999999 0.17285896000000001 0.09795327000000000 0.0000000000000000000 0.09117531000000000 0.09943881000000000 0.14600743999999999 0.27301367999999998 0.31741325999999997 0.28473052999999998 0.32268231000000003 0.34801918999999998 0.43744053999999999 0.37522292000000002 0.34941843000000000 0.38864010999999998 0.37982968000000000 0.32178019000000002 0.40163005000000002 0.33550563000000000 0.33453917999999999 0.34396211999999998 0.37700751999999998 0.37356145000000002 0.38229711999999999 0.39901224000000002 0.39604953999999998 0.32488489999999998 0.35945642999999999 0.34477274000000002 0.34463772999999998 0.38374563000000000 0.41405113999999998 0.36384250000000001 0.40998958000000002 0.38445591000000001 0.41516957999999998 0.41349353999999999 0.41161429999999999 0.41349996999999999 0.43140897000000000 0.42363151999999998 0.42507950999999999 0.36767775000000003 0.40799026999999999 0.39243291000000002 0.38708749999999997 0.38530586999999999 0.41296692000000002 0.37134905000000001 0.42148414000000001 0.41101880000000002 0.38466073000000001 0.43007100999999998 0.39331211999999999 0.39060935000000002 0.43387682999999999 0.42460648000000001 0.41516957999999998 0.43675925999999998 0.38154296999999998 0.39722464000000002 0.41709380000000001 0.39027772999999999 0.38486782000000003 0.40072925999999998 0.41331238999999997 0.39313893000000000 0.38121398000000001 0.36830690999999999 0.45022241000000002 0.39882203999999999 0.42806047000000003 0.36915605000000001 0.36654185000000000 0.34968886999999998 0.38065321000000002 0.34751494999999999 0.35231115000000002 0.37343588000000000 0.35197771000000000 0.36628749999999999 0.35485882000000002 0.36628749999999999 0.35388282999999998 0.35002786000000002 0.38554601999999999
18 0.16946330000000001 0.23034795000000000 0.16401262999999999 0.21907805000000000 0.27417630999999998 0.25852002000000002 0.29115626000000000 0.23325650000000001 0.24725784000000001 0.27524583000000002 0.27629967999999999 0.28593676000000001 0.17292357000000000 0.16368171000000001 0.12313338000000000 0.08495212000000001 0.09117531000000000 0.0000000000000000000 0.045221600000000001 0.11864588000000000 0.25554440000000000 0.30634916000000001 0.26173740000000001 0.28714952999999999 0.32280154999999999 0.41716711000000001 0.36806309999999998 0.31544193999999998 0.39243291000000002 0.36319035000000000 0.30864701000000000 0.37196970000000001 0.31955895000000001 0.33247305999999999 0.33648451000000001 0.38329374999999999 0.37383662000000001 0.36219391000000001 0.37356145000000002 0.38902766000000000 0.29176169000000002 0.34335617000000002 0.33073944999999999 0.33557028999999999 0.37121364000000001 0.40386220000000000 0.35657844999999999 0.38750296000000001 0.41002812000000000 0.43838145000000001 0.43838145000000001 0.43082291000000000 0.42696314000000002 0.43165459000000000 0.42114149000000001 0.43225306000000002 0.38867594999999999 0.40464148000000000 0.38902766000000000 0.38553679000000002 0.38851239999999998 0.39882203999999999 0.35015595999999999 0.39047249000000001 0.40316522999999999 0.38137444999999998 0.40629986000000001 0.36384250000000001 0.37065658000000001 0.43386680000000000 0.43862884000000002 0.41052493000000001 0.42806047000000003 0.36536460999999998 0.37825013000000002 0.38973300999999999 0.37568602000000001 0.36918948000000001 0.39622464000000002 0.39640807000000000 0.37126418000000000 0.36628749999999999 0.34721576999999998 0.39543312000000003 0.37901131999999998 0.39830180999999998 0.35015595999999999 0.35514596999999998 0.36130593999999999 0.38519879000000001 0.35871878000000001 0.36353808999999998 0.38042189999999998 0.36850972999999998 0.38065321000000002 0.36874449999999998 0.38065321000000002 0.35852058999999997 0.35678544000000001 0.37633662000000001
19 0.17487621000000000 0.23052687999999999 0.15852689000000000 0.21889433000000000 0.26123848000000000 0.24938550000000001 0.27994938000000003 0.23285373000000001 0.24684568000000001 0.27728986999999999 0.28157886999999998 0.28673770999999998 0.17111678999999999 0.16547464000000001 0.13876135000000001 0.09484905000000000 0.09943881000000000 0.045221600000000001 0.0000000000000000000 0.10667815000000000 0.24962229000000000 0.32853371999999997 0.29113974999999997 0.31568923999999998 0.35759097000000001 0.42735364999999997 0.38733478999999998 0.34023233000000003 0.39266019000000002 0.38962202000000001 0.32860897000000000 0.39882203999999999 0.33766087000000000 0.34847549000000000 0.35318221999999999 0.41120085000000001 0.40629986000000001 0.39679983000000002 0.40332667000000000 0.40367518000000002 0.33202837000000002 0.36517773999999997 0.35136947000000002 0.35401596000000002 0.38646354999999999 0.41920101999999998 0.37085530000000000 0.39772670999999998 0.40183545999999998 0.44552744000000000 0.44884647000000000 0.43892012000000002 0.43790284000000002 0.44263661999999998 0.43194944000000002 0.42637835000000002 0.39846680000000001 0.40978021999999997 0.39882203999999999 0.40540711000000001 0.40349666000000001 0.41632388999999997 0.37149238000000001 0.41366430999999998 0.40593763999999999 0.41159092000000003 0.43764152000000001 0.39316037999999998 0.36799808000000001 0.42360611999999997 0.43369197999999998 0.41595789999999999 0.42334414999999997 0.37019031000000002 0.39313893000000000 0.38418479999999999 0.37504910000000002 0.35887489000000000 0.41366430999999998 0.40629986000000001 0.36688467000000002 0.38078118000000000 0.34698515000000002 0.42311368999999999 0.37383662000000001 0.40042840000000002 0.34788192000000001 0.36767775000000003 0.36628749999999999 0.38781875999999998 0.36363164999999997 0.37121364000000001 0.38807128000000002 0.37633662000000001 0.38078118000000000 0.36668079999999997 0.37854902000000001 0.36085144000000002 0.36421774000000001 0.38629015999999999
