64
1 0.0308767176 0.0085953976 0.0192911029 0.0173110611 0.0114040055 0.0197183964 0.023961562 0.0034422088 0.0125231991 0.0197460536 0.024828246 0.0138380537 0.007125282 0.0156056132 0.0205188268 0.0085722807 0.0174165212 0.0068218255 0.0087208958 0.0175825792 0.0082618001 0.0223356939 0.0086065519 0.0167497188 0.0030061526 0.0077825992 0.0092531403 0.0257669753 0.0117130729 0.0091275319 0.021092605 0.0163715955 0.0237069973 0.018603054 0.0060423435 0.0297951794 0.0258663757 0.0029633704 0.0105128373 0.0175049025 0.0027217409 0.0196666881 0.0204699802 0.0110530771 0.0114384732 0.0253291003 0.0065898622 0.029331428 0.0132438437 0.0204586112 0.0138610939 0.0032292606 0.0323200304 0.0125208848 0.0225635722 0.0108223363 0.0148288734 0.0150010278 0.0138317531 0.0283038782 0.0157246144 0.008966431 0.0199690076 0.0247921052 
2 0.0085953976 0.0061786467 0.0204516518 0.0122324742 0.0228038272 0.0182907997 0.0177837692 0.0127263207 0.0255914744 0.0125685184 0.0194835978 0.0179509374 0.0170163685 0.0085140642 0.0167494999 0.0127501954 0.0076563992 0.0207532155 0.0202257544 0.0189737154 0.014900198 0.0314127865 0.019724592 0.015924442 0.0096148106 0.0139568013 0.0087790903 0.0159357947 0.0115698318 0.0090947263 0.0198125577 0.0071220819 0.0158989877 0.0076000511 0.0130146425 0.0094830111 0.014963988 0.0188836554 0.0164819752 0.0177175034 0.0265476325 0.0146622852 0.0124375106 0.0064944838 0.0111032069 0.0236220987 0.0214007366 0.0190196152 0.0356419976 0.0080360651 0.0041715887 0.0293224177 0.0164346492 0.0176868802 0.0184324411 0.0122678379 0.006368128 0.0099702504 0.0111888381 0.0173880024 0.013971205 0.0142133702 0.02277289 0.0176577138 
3 0.0192911029 0.0204516518 0.0141275952 0.0217545733 0.0114368946 0.024229188 0.0208618166 0.0190076538 0.0101858281 0.0179112296 0.0286840126 0.0066955683 0.0185845674 0.018090112 0.0163178184 0.0026439288 0.0235970544 0.0162489472 0.0093172028 0.0069530418 0.0152622881 0.0062806505 0.0154957031 0.0048430829 0.0125447756 0.0136486405 0.0105380466 0.0189563044 0.0149855081 0.0154726717 0.0152582311 0.0136617671 0.0144644755 0.0109487295 0.0140747254 0.020792834 0.0163285872 0.005431953 0.0171536498 0.0101615493 0.0161442944 0.0267937703 0.015424929 0.0164348897 0.0156519635 0.0219629393 0.0252340652 0.0145276262 0.0228340982 0.0149517689 0.0085645441 0.0044853981 0.0168518188 0.0127462735 0.0207203798 0.0150070081 0.0253559146 0.0120118718 0.0202900846 0.0096164697 0.0197130762 0.019747229 0.0143941833 0.0178414429 
4 0.0173110611 0.0122324742 0.0217545733 0.0204596867 0.0159110711 0.0069986415 0.0128442514 0.0210219922 0.0217536828 0.0106488697 0.007696812 0.0184959928 0.0087533924 0.0179609598 0.0209116932 0.0130533171 0.0119506948 0.0162726668 0.0190477356 0.0193142572 0.0112450273 0.0224885777 0.0073956283 0.0216604717 0.0241713881 0.0201157894 0.0082363599 0.0152138221 0.0158498207 0.0089641344 0.0141594383 0.0090759095 0.0194490448 0.0107707004 0.0164999669 0.005591182 0.0341591082 0.0073142205 0.0212296881 0.0199520275 0.0115698948 0.0107991728 0.013911624 0.0112895428 0.0276356382 0.0133097869 0.011596695 0.0108719993 0.0169585741 0.0050877092 0.0080420619 0.0240312472 0.0109807724 0.0213864228 0.0114546414 0.0151286953 0.0091406452 0.0258245533 0.0204211011 0.0160137562 0.0103803986 0.0177737994 0.0264671915 0.0219879454 
5 0.0114040055 0.0228038272 0.0114368946 0.0159110711 0.0183093912 0.0183211922 0.0158937171 0.0130895876 0.0152459421 0.0154933496 0.0230868192 0.0142927807 0.0133370943 0.0199189613 0.0143628595 0.0405197237 0.0082481473 0.0086575078 0.0091423962 0.0163290605 0.0139441643 0.0112144125 0.0110535258 0.017144259 0.0140993085 0.0186010118 0.0154300177 0.0131132826 0.0118106467 0.0097097147 0.0119542271 0.0187157749 0.0075948218 0.003094271 0.0179315336 0.010863721 0.0153556461 0.0283669309 0.0176424815 0.0256184522 0.0146513855 0.0133349664 0.012984402 0.0188765102 0.0221005782 0.0089598665 0.0158078816 0.0172213356 0.0108273999 0.0221848244 0.0112366097 0.0316519885 0.0161343576 0.0163315364 0.025294937 0.023116246 0.0115568771 0.0063678768 0.0044264936 0.0204021525 0.0155133252 0.0144019975 0.0137891032 0.0137648165 
6 0.0197183964 0.0182907997 0.024229188 0.0069986415 0.0183211922 0.0183190805 0.005021598 0.0096578562 0.0096251864 0.0126443971 0.0291796436 0.0118136536 0.021971007 0.0201079233 0.0077042156 0.0224799748 0.008377204 0.0084412298 0.0165725584 0.0284209826 0.0089423318 0.0106669588 0.0073236396 0.0146197018 0.0237487082 0.0123526944 0.0214492404 0.0118840008 0.0102749305 0.0075914827 0.008024707 0.0212204254 0.0091194237 0.0235998029 0.0084324639 0.0245935307 0.0111211321 0.0227296283 0.0155442512 0.0252683833 0.0203416847 0.0102171733 0.0219139863 0.0286214434 0.0254235432 0.0138266055 0.0171644943 0.0173788013 0.0055597159 0.0129805368 0.0081979027 0.0147175747 0.0161714021 0.0126810842 0.0211710862 0.0110414323 0.0260298385 0.0065996656 0.0163460497 0.0120149634 0.0182041954 0.0081281317 0.0237565813 0.0151099416 
7 0.023961562 0.0177837692 0.0208618166 0.0128442514 0.0158937171 0.005021598 0.0275609294 0.0084429992 0.0124814657 0.0159555564 0.0162460585 0.0138219016 0.0196502685 0.0202881638 0.0111188931 0.0256578189 0.0271583025 0.0189404888 0.0103416525 0.0259284165 0.0138428594 0.0082437585 0.0217078784 0.0140776953 0.0040983071 0.0175483391 0.0243346501 0.0121451244 0.0118059781 0.007165511 0.0186017495 0.014915847 0.0216097856 0.0242651839 0.025952597 0.0169361183 0.0072606946 0.0120899954 0.0287501041 0.0186341629 0.0114231425 0.0121305612 0.0105969991 0.0189007171 0.00849243 0.0292441279 0.0111907491 0.0161172793 0.0100237982 0.0087375071 0.012037047 0.0156417562 0.0100565758 0.0040753672 0.0059884462 0.0188898918 0.0173239989 0.0198584728 0.0131411091 0.0147374474 0.0138243561 0.018296939 0.0179927976 0.0073325141 
8 0.0034422088 0.0127263207 0.0190076538 0.0210219922 0.0130895876 0.0096578562 0.0084429992 0.0179585871 0.0088444875 0.0042789788 0.0224276001 0.0175024645 0.0102607058 0.0131115242 0.012522867 0.0240549597 0.0206440105 0.0149664765 0.011790901 0.0181664743 0.0095853179 0.0110735754 0.0147610987 0.02577322 0.0266616892 0.0076503948 0.0107668539 0.0156234596 0.0101007316 0.0281067175 0.0140367221 0.0128987222 0.0177648805 0.0219739703 0.0086643213 0.0220241002 0.013937537 0.0172338095 0.0155369513 0.0360639848 0.0135030763 0.016966796 0.0051351302 0.0102650538 0.0100745765 0.0167196569 0.0137716099 0.0268458215 0.0164674428 0.0154036613 0.0133882592 0.0183666064 0.0142473704 0.0147227122 0.0134647535 0.032600979 0.0210567292 0.0206034597 0.0159233678 0.0130514225 0.0097688988 0.011951178 0.0207071094 0.0108376152 
9 0.0125231991 0.0255914744 0.0101858281 0.0217536828 0.0152459421 0.0096251864 0.0124814657 0.0088444875 0.0100443902 0.0029684134 0.0193259647 0.0198778254 0.0048862669 0.0178894799 0.0160087651 0.0132186522 0.0024493981 0.0283080416 0.0131976449 0.0157823335 0.0184688633 0.0151861118 0.0067906777 0.0132670093 0.0206963484 0.0200319933 0.0197759338 0.0111047958 0.0188812502 0.0168313262 0.0154608139 0.01602275 0.0192432904 0.0118078448 0.0105507376 0.0188736851 0.0194559813 0.0112679408 0.0119820634 0.0196750093 0.0112238966 0.0122812816 0.015147042 0.0147030116 0.0150701335 0.0103814322 0.0128741557 0.0199303416 0.0204586347 0.0175126335 0.0097590989 0.0177743705 0.0255120019 0.0221236162 0.0111828329 0.0253018577 0.0241049072 0.0174676006 0.0155104772 0.0132905305 0.0169428382 0.0154790246 0.0184557411 0.021929671 
10 0.0197460536 0.0125685184 0.0179112296 0.0106488697 0.0154933496 0.0126443971 0.0159555564 0.0042789788 0.0029684134 0.0136898147 0.0119738043 0.0141540534 0.0059643974 0.011822127 0.0177379771 0.0144682215 0.0153002171 0.020959246 0.018620497 0.0081147283 0.0173950401 0.0205749474 0.0342788342 0.0269264245 0.0156268617 0.0124143495 0.016497709 0.0167056855 0.0155574723 0.0129882943 0.0171867512 0.0117770484 0.0149575811 0.0243289446 0.0142218097 0.0272171791 0.0186159329 0.0113894396 0.0180083866 0.0168849549 0.0151656106 0.013889883 0.0184318819 0.0156972456 0.0234140367 0.0177970843 0.0164934624 0.0196985261 0.007398263 0.02324585 0.0190236775 0.0124523596 0.014997615 0.0263376331 0.0125470262 0.0228862644 0.0092661964 0.0126799658 0.0093972765 0.0072453086 0.0139584264 0.0194253508 0.0076005592 0.0123764001 
11 0.024828246 0.0194835978 0.0286840126 0.007696812 0.0230868192 0.0291796436 0.0162460585 0.0224276001 0.0193259647 0.0119738043 0.0152919911 0.0158931131 0.015728568 0.0061304007 0.0200310341 0.0114612366 0.0187149903 0.0130223447 0.0173799467 0.0154842213 0.0145712196 0.0196485315 0.0142253803 0.0247116028 0.0036388828 0.0101619431 0.0146437032 0.0168699351 0.0094255582 0.0117807044 0.0067929447 0.014214247 0.0039173073 0.007885843 0.0256562347 0.0096408121 0.0136792223 0.0257197248 0.0108144053 0.0060708908 0.0157830477 0.0304988317 0.0165044603 0.0274011935 0.010540429 0.0 0.0193136112 0.0234063391 0.0045726917 0.0178209702 0.008650246 0.0142319918 0.0077115955 0.0064199476 0.0215011119 0.0222411163 0.0173902862 0.0342878395 0.0169898571 0.0115295867 0.0230297614 0.0083812587 0.0115537643 0.0141005643 
12 0.0138380537 0.0179509374 0.0066955683 0.0184959928 0.0142927807 0.0118136536 0.0138219016 0.0175024645 0.0198778254 0.0141540534 0.0158931131 0.0284172045 0.0135410234 0.0205507864 0.0060330925 0.014009079 0.0154405268 0.0219232485 0.0060380812 0.0087048706 0.0256014834 0.0077007464 0.0139055259 0.009737897 0.0092067138 0.0307310685 0.0319011743 0.0188422683 0.0129005451 0.0196144199 0.0301348737 0.0131264003 0.0142700041 0.0052875052 0.0051648153 0.011263601 0.0147511424 0.0170460257 0.0094132065 0.0146089387 0.015917146 0.0214588057 0.0187621858 0.0097779597 0.0160129231 0.0114034878 0.0149767223 0.0210527729 0.0221223646 0.0208031517 0.017363914 0.0254618188 0.0174084427 0.0126411528 0.014665358 0.0050469257 0.0050147825 0.0129387613 0.0182816353 0.0156154332 0.0261713227 0.0113398017 0.0106715981 0.0208889208 
13 0.007125282 0.0170163685 0.0185845674 0.0087533924 0.0133370943 0.021971007 0.0196502685 0.0102607058 0.0048862669 0.0059643974 0.015728568 0.0135410234 0.0122595329 0.0154307744 0.0153838747 0.0225490617 0.0325698173 0.0057694236 0.0214901584 0.0117318723 0.0223049938 0.0149285137 0.015468339 0.0309547276 0.0197553507 0.0205613069 0.0080239626 0.0181641976 0.0168589392 0.0181042642 0.0109268297 0.0119909672 0.019480103 0.0101248272 0.0118491296 0.0152378921 0.0091694046 0.0028914347 0.0259804371 0.0208625457 0.0104512612 0.0293814543 0.0198271081 0.0209185253 0.021926609 0.0159982554 0.0178448103 0.0214678958 0.0080230048 0.0120223151 0.0287323454 0.0170279417 0.0046573456 0.032224002 0.0104812104 0.0199753681 0.0209660164 0.0085863381 0.013732292 0.0111986028 0.0109574583 0.0066210715 0.0021829915 0.0171541537 
14 0.0156056132 0.0085140642 0.018090112 0.0179609598 0.0199189613 0.0201079233 0.0202881638 0.0131115242 0.0178894799 0.011822127 0.0061304007 0.0205507864 0.0154307744 0.0299974201 0.0215521998 0.0092939689 0.0123088911 0.0054632185 0.0145038488 0.0156367811 0.0096577449 0.0073669654 0.0192933366 0.0243492298 0.0203977239 0.0111749633 0.0084724195 0.0285200513 0.023666214 0.0161412669 0.0110169367 0.0248627474 0.0156904318 0.0194995323 0.0195002834 0.0116770007 0.020540942 0.0212989796 0.0312370313 0.0087131049 0.0115667976 0.0263808298 0.0173852699 0.0143483575 0.0142296039 0.0209259558 0.0157183475 0.0085714503 0.0096803896 0.0195412253 0.0055842427 0.0092376545 0.0226838129 0.0151082805 0.0087371847 0.0169750205 0.0093522095 0.0098816001 0.0047782947 0.010535588 0.0112128828 0.022621256 0.0128784 0.0148112219 
15 0.0205188268 0.0167494999 0.0163178184 0.0209116932 0.0143628595 0.0077042156 0.0111188931 0.012522867 0.0160087651 0.0177379771 0.0200310341 0.0060330925 0.0153838747 0.0215521998 0.0120728853 0.0048172804 0.0227909369 0.0176751127 0.0099123662 0.0158462194 0.0263222138 0.0106889125 0.0146360163 0.0178598798 0.0167701264 0.022383381 0.0018753456 0.0228944866 0.0068980545 0.0182370707 0.0224267684 0.0138701253 0.0147474689 0.0177860847 0.0302950216 0.0128729101 0.0184415126 0.0109490338 0.0174082166 0.0044093197 0.0191057251 0.0163055385 0.0272924811 0.0110739054 0.0056279409 0.0198114507 0.0122282499 0.0194054647 0.0115790888 0.021516225 0.0126015365 0.0202206961 0.0142353062 0.0119696121 0.0092635816 0.0074878998 0.0337960438 0.0089589888 0.0096905148 0.0152641825 0.0151551483 0.0189918718 0.0187854552 0.0177927256 
16 0.0085722807 0.0127501954 0.0026439288 0.0130533171 0.0405197237 0.0224799748 0.0256578189 0.0240549597 0.0132186522 0.0144682215 0.0114612366 0.014009079 0.0225490617 0.0092939689 0.0048172804 0.0179429085 0.0157176357 0.0096903293 0.0094324528 0.0214501702 0.003609612 0.0090542163 0.028188373 0.010570945 0.0193371107 0.0269631442 0.0138810435 0.0144038331 0.009967578 0.0168413222 0.0188714423 0.01989188 0.0191456955 0.0113804859 0.0166486943 0.0113629065 0.0181673443 0.0212908522 0.0172241637 0.0128621202 0.0251859944 0.0158149109 0.0214875823 0.0155141364 0.021374543 0.0161713431 0.0167179552 0.0032692951 0.0120570414 0.0187115164 0.0198920102 0.0123217507 0.0136445615 0.0131394292 0.0145829303 0.0079092223 0.0112037893 0.0080946531 0.0145397412 0.014765933 0.0182270551 0.0125589957 0.0189847887 0.0203848626 
17 0.0174165212 0.0076563992 0.0235970544 0.0119506948 0.0082481473 0.008377204 0.0271583025 0.0206440105 0.0024493981 0.0153002171 0.0187149903 0.0154405268 0.0325698173 0.0123088911 0.0227909369 0.0157176357 0.0058334173 0.0158603439 0.0289225734 0.0128468642 0.0203109904 0.0365809966 0.0108386279 0.0164553169 0.016795171 0.0092443043 0.0196966021 0.0121257998 0.0234460235 0.0071972642 0.0119043717 0.0152383542 0.0178799601 0.0275215874 0.0211056882 0.0143372774 0.0152246812 0.0151748627 0.0150490011 0.0066639477 0.0133691403 0.010950054 0.0114631807 0.0090042714 0.0251545 0.0318896834 0.0091465622 0.0030037449 0.0140908669 0.0191793127 0.0182387205 0.0152350478 0.0067771726 0.0044347011 0.0182697353 0.0167101241 0.0133852554 0.025424467 0.0151218763 0.0125351472 0.017250597 0.0098436852 0.0089998842 0.0139274951 
18 0.0068218255 0.0207532155 0.0162489472 0.0162726668 0.0086575078 0.0084412298 0.0189404888 0.0149664765 0.0283080416 0.020959246 0.0130223447 0.0219232485 0.0057694236 0.0054632185 0.0176751127 0.0096903293 0.0158603439 0.016127306 0.0117565632 0.0106721157 0.0334179903 0.0140327741 0.0165975365 0.0052865577 0.0128260593 0.0196854137 0.0141862572 0.022375546 0.0179829723 0.012846133 0.0306561315 0.0213724304 0.0212873396 0.010398963 0.0086498909 0.0199741535 0.0206300244 0.0136681448 0.0046036921 0.0105341894 0.0105514903 0.0134409483 0.0191581771 0.0137610167 0.0155668984 0.0187821119 0.0246790885 0.0258965945 0.0105253391 0.0153040713 0.0159086779 0.0150001315 0.0105305329 0.0214276118 0.0185373946 0.012058452 0.0166508895 0.004523571 0.0096138352 0.0148404967 0.0183045817 0.0231692556 0.0154354166 0.0169915655 
19 0.0087208958 0.0202257544 0.0093172028 0.0190477356 0.0091423962 0.0165725584 0.0103416525 0.011790901 0.0131976449 0.018620497 0.0173799467 0.0060380812 0.0214901584 0.0145038488 0.0099123662 0.0094324528 0.0289225734 0.0117565632 0.0280031339 0.0268421113 0.0175364429 0.0092446025 0.0172059724 0.0080327581 0.0207030531 0.0183755735 0.0135320716 0.018559272 0.0106687525 0.0249753002 0.016949458 0.014396668 0.0178886998 0.0201585689 0.0228575773 0.0204010283 0.0056462206 0.0144596086 0.0219657415 0.0149363986 0.02292733 0.0207048688 0.0075219801 0.0178507557 0.0331867389 0.0153954997 0.0105149502 0.0124271359 0.0071630675 0.0224940663 0.0174845472 0.0186619018 0.0203175604 0.007532383 0.0189163455 0.016025435 0.0035977764 0.0079947118 0.0100065693 0.0093573128 0.0179676697 0.0149860405 0.0076784907 0.01953462 
20 0.0175825792 0.0189737154 0.0069530418 0.0193142572 0.0163290605 0.0284209826 0.0259284165 0.0181664743 0.0157823335 0.0081147283 0.0154842213 0.0087048706 0.0117318723 0.0156367811 0.0158462194 0.0214501702 0.0128468642 0.0106721157 0.0268421113 0.0143035766 0.0147306468 0.0058276869 0.0133726168 0.0115172165 0.0262010758 0.0180622599 0.0199660805 0.0065837478 0.0086445496 0.0180942301 0.011381346 0.0095063932 0.0302506081 0.0077506961 0.0275602269 0.0092111931 0.0104705685 0.020604348 0.0105646525 0.0056463531 0.0182941402 0.0137646291 0.0114985377 0.014951181 0.0283111381 0.0103166322 0.0142900778 0.0209096783 0.028045485 0.0125206853 0.0223237136 0.0096166643 0.0117570727 0.0068015863 0.0039082293 0.0048410089 0.0286486139 0.0096706673 0.0157934887 0.0240106214 0.0210775791 0.0200978237 0.0143458879 0.0191739701 
21 0.0082618001 0.014900198 0.0152622881 0.0112450273 0.0139441643 0.0089423318 0.0138428594 0.0095853179 0.0184688633 0.0173950401 0.0145712196 0.0256014834 0.0223049938 0.0096577449 0.0263222138 0.003609612 0.0203109904 0.0334179903 0.0175364429 0.0147306468 0.0042138586 0.0189097296 0.007383553 0.0243103887 0.0062066732 0.0173616954 0.0056330232 0.0180772644 0.0089335963 0.0122297508 0.010649894 0.0303808235 0.0185996203 0.0058121345 0.0148418796 0.0119491137 0.0190580532 0.0193955367 0.0085344407 0.0127726039 0.0158520553 0.0145976258 0.020299794 0.0186163422 0.0133819204 0.0134001944 0.0212358483 0.009381249 0.0174292244 0.0163092403 0.0150517612 0.0131692078 0.0202514055 0.0180080467 0.0182306633 0.0188960784 0.021217381 0.015242136 0.0205495449 0.0073691739 0.0172463426 0.0148079601 0.0296269598 0.0146649833 
22 0.0223356939 0.0314127865 0.0062806505 0.0224885777 0.0112144125 0.0106669588 0.0082437585 0.0110735754 0.0151861118 0.0205749474 0.0196485315 0.0077007464 0.0149285137 0.0073669654 0.0106889125 0.0090542163 0.0365809966 0.0140327741 0.0092446025 0.0058276869 0.0189097296 0.0362199725 0.0112926019 0.0235283533 0.0123872587 0.0190776505 0.0083239877 0.0127685837 0.0200190444 0.0088073148 0.016888542 0.0254721787 0.0164893818 0.0159880335 0.0170285966 0.0191661138 0.019256176 0.0104351443 0.0135709734 0.0166667917 0.0254194239 0.023813205 0.0184046896 0.0152197377 0.0017523281 0.0113588707 0.008735861 0.0166111088 0.0086923097 0.0165010891 0.0195403596 0.0215372342 0.0249273798 0.009304102 0.0097281499 0.0046805057 0.0149965706 0.0183847121 0.0247570722 0.007273955 0.0151168055 0.0241310052 0.0125824798 0.0096831973 
23 0.0086065519 0.019724592 0.0154957031 0.0073956283 0.0110535258 0.0073236396 0.0217078784 0.0147610987 0.0067906777 0.0342788342 0.0142253803 0.0139055259 0.015468339 0.0192933366 0.0146360163 0.028188373 0.0108386279 0.0165975365 0.0172059724 0.0133726168 0.007383553 0.0112926019 0.0204284004 0.0270048662 0.0192415249 0.0212692088 0.0139893945 0.0051624928 0.0326119391 0.0166904332 0.0093584343 0.0144227693 0.0148575024 0.0192734155 0.0077201327 0.0178998438 0.0075161621 0.0082247446 0.0193524303 0.0068754359 0.0175060402 0.0248064505 0.0107988323 0.0196123037 0.017038546 0.0081863569 0.0105939377 0.0167831217 0.0123225322 0.0089836053 0.0222741569 0.0164588585 0.0305233078 0.0113305727 0.0115756368 0.0184719168 0.0248498926 0.0169074554 0.0197026065 0.0140006762 0.0090884616 0.0083726748 0.0148535541 0.0235133625 
24 0.0167497188 0.015924442 0.0048430829 0.0216604717 0.017144259 0.0146197018 0.0140776953 0.02577322 0.0132670093 0.0269264245 0.0247116028 0.009737897 0.0309547276 0.0243492298 0.0178598798 0.010570945 0.0164553169 0.0052865577 0.0080327581 0.0115172165 0.0243103887 0.0235283533 0.0270048662 0.0101170691 0.0214636819 0.0040007663 0.0158628985 0.009838509 0.01272484 0.0223118299 0.0109933342 0.017252825 0.014545795 0.0232197558 0.0230542092 0.0061596799 0.0196347564 0.0106592505 0.0097886715 0.0109832091 0.0073682248 0.023399532 0.0147667361 0.0036851412 0.0238047424 0.0141895582 0.0273961094 0.0107938175 0.0126717588 0.0137604528 0.0088981934 0.0093114585 0.0053630032 0.0159607754 0.0130880742 0.0163075099 0.0163140624 0.0238003943 0.0147587427 0.0163801729 0.014477519 0.0082688191 0.0150621255 0.0222562302 
25 0.0030061526 0.0096148106 0.0125447756 0.0241713881 0.0140993085 0.0237487082 0.0040983071 0.0266616892 0.0206963484 0.0156268617 0.0036388828 0.0092067138 0.0197553507 0.0203977239 0.0167701264 0.0193371107 0.016795171 0.0128260593 0.0207030531 0.0262010758 0.0062066732 0.0123872587 0.0192415249 0.0214636819 0.0186615237 0.021505341 0.0081001185 0.0180555324 0.0105190722 0.0178305019 0.0352157222 0.0082860376 0.0125637035 0.0215684618 0.0188522089 0.0257358713 0.0126669811 0.0179675185 0.0248744654 0.005651747 0.0206001697 0.0137214561 0.0165849339 0.0135221701 0.0206088725 0.0075444634 0.0106936118 0.0111692701 0.0124266995 0.0147987593 0.0218330878 0.0090953667 0.0133002326 0.0116245137 0.0059547743 0.0129145706 0.0152680929 0.0108193528 0.02302203 0.0126946746 0.0083752594 0.0112324217 0.033233298 0.011708355 
26 0.0077825992 0.0139568013 0.0136486405 0.0201157894 0.0186010118 0.0123526944 0.0175483391 0.0076503948 0.0200319933 0.0124143495 0.0101619431 0.0307310685 0.0205613069 0.0111749633 0.022383381 0.0269631442 0.0092443043 0.0196854137 0.0183755735 0.0180622599 0.0173616954 0.0190776505 0.0212692088 0.0040007663 0.021505341 0.0092044826 0.0271444974 0.0167395001 0.0202762118 0.0099465855 0.0115301652 0.0136756587 0.0231787148 0.0247626118 0.0136513127 0.0127176706 0.0164669458 0.0104027026 0.0104961483 0.0128556544 0.0139405467 0.0114578097 0.011237902 0.0144375016 0.0121062693 0.0175047719 0.0312897048 0.0123021985 0.0225695834 0.0102190314 0.0145552391 0.0105595822 0.0146894332 0.0150604342 0.0141375933 0.0146680142 0.0142690166 0.007113677 0.0169680235 0.0104546902 0.0221887111 0.0173959362 0.0061088242 0.0170560099 
27 0.0092531403 0.0087790903 0.0105380466 0.0082363599 0.0154300177 0.0214492404 0.0243346501 0.0107668539 0.0197759338 0.016497709 0.0146437032 0.0319011743 0.0080239626 0.0084724195 0.0018753456 0.0138810435 0.0196966021 0.0141862572 0.0135320716 0.0199660805 0.0056330232 0.0083239877 0.0139893945 0.0158628985 0.0081001185 0.0271444974 0.0103805477 0.0124113503 0.0200563944 0.0180690707 0.0224584242 0.017947569 0.0225990186 0.0220592062 0.0083318081 0.0113961292 0.0130119335 0.0256553888 0.0099786299 0.0252563918 0.0236708097 0.0136514469 0.0190664126 0.0245003659 0.0231560514 0.0269050588 0.0163408311 0.0092192767 0.0240433328 0.003427604 0.0187648148 0.0100420611 0.012521071 0.0181130101 0.0156928476 0.0232193119 0.0098985743 0.0109253121 0.025426474 0.012078804 0.0091032133 0.0142791795 0.0151368325 0.0109118193 
28 0.0257669753 0.0159357947 0.0189563044 0.0152138221 0.0131132826 0.0118840008 0.0121451244 0.0156234596 0.0111047958 0.0167056855 0.0168699351 0.0188422683 0.0181641976 0.0285200513 0.0228944866 0.0144038331 0.0121257998 0.022375546 0.018559272 0.0065837478 0.0180772644 0.0127685837 0.0051624928 0.009838509 0.0180555324 0.0167395001 0.0124113503 0.0353443613 0.011226073 0.010560452 0.0274981644 0.020297902 0.0185147258 0.012754955 0.0129925714 0.0112622199 0.0152096587 0.0231288145 0.0153630672 0.011808503 0.0261284983 0.0179490659 0.0123735886 0.0080336155 0.0129154152 0.0110552646 0.0060999478 0.0186609801 0.0149282065 0.0159713798 0.02282121 0.0136748588 0.0052490474 0.0140373215 0.0084212537 0.011347592 0.0192373759 0.0214469393 0.0116114966 0.0130979698 0.017197522 0.0045828609 0.0129441377 0.0254113686 
29 0.0117130729 0.0115698318 0.0149855081 0.0158498207 0.0118106467 0.0102749305 0.0118059781 0.0101007316 0.0188812502 0.0155574723 0.0094255582 0.0129005451 0.0168589392 0.023666214 0.0068980545 0.009967578 0.0234460235 0.0179829723 0.0106687525 0.0086445496 0.0089335963 0.0200190444 0.0326119391 0.01272484 0.0105190722 0.0202762118 0.0200563944 0.011226073 0.0174276613 0.0107979013 0.0072883552 0.0221686515 0.0153909526 0.0244130953 0.0189027275 0.020463526 0.0121186784 0.0215891733 0.015040446 0.0147830424 0.0155679137 0.0071965293 0.0122108626 0.0216357275 0.0176663931 0.013961761 0.0103857863 0.0134403865 0.0243834713 0.008073414 0.0155460738 0.0105927281 0.0139461955 0.0227691829 0.0156789876 0.020382588 0.0144117556 0.0175673062 0.0158322245 0.0150650657 0.0129791013 0.0232627513 0.0252967624 0.0223872199 
30 0.0091275319 0.0090947263 0.0154726717 0.0089641344 0.0097097147 0.0075914827 0.007165511 0.0281067175 0.0168313262 0.0129882943 0.0117807044 0.0196144199 0.0181042642 0.0161412669 0.0182370707 0.0168413222 0.0071972642 0.012846133 0.0249753002 0.0180942301 0.0122297508 0.0088073148 0.0166904332 0.0223118299 0.0178305019 0.0099465855 0.0180690707 0.010560452 0.0107979013 0.0173492254 0.0128054937 0.016221246 0.010424767 0.0196486715 0.021376974 0.0158501968 0.0167932103 0.0109315636 0.0123700994 0.0201448038 0.0117678766 0.0219562703 0.0262943064 0.0180300423 0.0151724701 0.0074922755 0.0062531247 0.0213474169 0.0243771807 0.0127433516 0.0154071176 0.0146270755 0.0159798859 0.0131042008 0.021764232 0.016022766 0.0160672773 0.030231585 0.0142444694 0.0189847206 0.0173080521 0.014110613 0.0173187154 0.0193507966 
31 0.021092605 0.0198125577 0.0152582311 0.0141594383 0.0119542271 0.008024707 0.0186017495 0.0140367221 0.0154608139 0.0171867512 0.0067929447 0.0301348737 0.0109268297 0.0110169367 0.0224267684 0.0188714423 0.0119043717 0.0306561315 0.016949458 0.011381346 0.010649894 0.016888542 0.0093584343 0.0109933342 0.0352157222 0.0115301652 0.0224584242 0.0274981644 0.0072883552 0.0128054937 0.0128482593 0.0178426544 0.0029131047 0.0145114339 0.0205356694 0.0088241466 0.0145192586 0.009929289 0.0223426303 0.020826019 0.0299925647 0.0009010352 0.0091262433 0.0116470314 0.0118035754 0.012342923 0.0161105558 0.0101973738 0.0170094274 0.0224824963 0.0194944623 0.0219605881 0.0083903062 0.0188885384 0.0115798673 0.0144416967 0.013909717 0.0121792813 0.0101484704 0.0210236765 0.0128204089 0.0128085922 0.0203076666 0.0240056018 
32 0.0163715955 0.0071220819 0.0136617671 0.0090759095 0.0187157749 0.0212204254 0.014915847 0.0128987222 0.01602275 0.0117770484 0.014214247 0.0131264003 0.0119909672 0.0248627474 0.0138701253 0.01989188 0.0152383542 0.0213724304 0.014396668 0.0095063932 0.0303808235 0.0254721787 0.0144227693 0.017252825 0.0082860376 0.0136756587 0.017947569 0.020297902 0.0221686515 0.016221246 0.0178426544 0.0003147198 0.0123089203 0.0152027481 0.0209639464 0.0158447131 0.0098346636 0.0218280278 0.0192839894 0.0139142541 0.0212524964 0.0161473999 0.0202132337 0.0202612238 0.0111239425 0.0094383925 0.0113115519 0.015781269 0.0138635866 0.0234526554 0.0107843134 0.010966209 0.0209663641 0.0168253269 0.0108359313 0.0179394301 0.0173145612 0.0230711294 0.0140625035 0.0114854151 0.0117705931 0.004438251 0.0262040064 0.0067737809 
33 0.0237069973 0.0158989877 0.0144644755 0.0194490448 0.0075948218 0.0091194237 0.0216097856 0.0177648805 0.0192432904 0.0149575811 0.0039173073 0.0142700041 0.019480103 0.0156904318 0.0147474689 0.0191456955 0.0178799601 0.0212873396 0.0178886998 0.0302506081 0.0185996203 0.0164893818 0.0148575024 0.014545795 0.0125637035 0.0231787148 0.0225990186 0.0185147258 0.0153909526 0.010424767 0.0029131047 0.0123089203 0.0248413747 0.0088993516 0.018225952 0.016362794 0.0131498502 0.0123026398 0.0198705203 0.0117496396 0.0181499051 0.0178957265 0.0240137754 0.0118638184 0.009583538 0.0107158178 0.0221137715 0.0083885698 0.017839868 0.0067160631 0.0143935591 0.0146089918 0.0132074403 0.0243792625 0.0177400648 0.0080897583 0.002838717 0.0199500412 0.012505539 0.0150915589 0.01394779 0.0216476994 0.0122793441 0.0158841441 
34 0.018603054 0.0076000511 0.0109487295 0.0107707004 0.003094271 0.0235998029 0.0242651839 0.0219739703 0.0118078448 0.0243289446 0.007885843 0.0052875052 0.0101248272 0.0194995323 0.0177860847 0.0113804859 0.0275215874 0.010398963 0.0201585689 0.0077506961 0.0058121345 0.0159880335 0.0192734155 0.0232197558 0.0215684618 0.0247626118 0.0220592062 0.012754955 0.0244130953 0.0196486715 0.0145114339 0.0152027481 0.0088993516 0.0197401846 0.0195267231 0.0063536765 0.0108596139 0.0208023967 0.0154995447 0.0195494665 0.0125885966 0.0075778286 0.0261127388 0.0062132276 0.016696744 0.007205078 0.0226264733 0.0158625798 0.0079920502 0.0246196111 0.0243426851 0.0125991637 0.019739229 0.0181584662 0.0181857093 0.0245232112 0.0146955655 0.0118290005 0.0147077319 0.0048896928 0.0116682933 0.0121933063 0.0228533715 0.0068875189 
35 0.0060423435 0.0130146425 0.0140747254 0.0164999669 0.0179315336 0.0084324639 0.025952597 0.0086643213 0.0105507376 0.0142218097 0.0256562347 0.0051648153 0.0118491296 0.0195002834 0.0302950216 0.0166486943 0.0211056882 0.0086498909 0.0228575773 0.0275602269 0.0148418796 0.0170285966 0.0077201327 0.0230542092 0.0188522089 0.0136513127 0.0083318081 0.0129925714 0.0189027275 0.021376974 0.0205356694 0.0209639464 0.018225952 0.0195267231 0.0335850227 0.0171043923 0.0104914773 0.0257711796 0.0098438283 0.0221395269 0.017136043 0.0108835072 0.0104736021 0.0137859497 0.0155109922 0.0178728763 0.0055864486 0.0163904183 0.0056538147 0.0 0.0204315485 0.0209586561 0.0113386507 0.0140358558 0.0134922375 0.0155268506 0.0063577632 0.0174435103 0.0205410922 0.0118893334 0.0070645301 0.0181516066 0.0183067981 0.0115550722 
36 0.0297951794 0.0094830111 0.020792834 0.005591182 0.010863721 0.0245935307 0.0169361183 0.0220241002 0.0188736851 0.0272171791 0.0096408121 0.011263601 0.0152378921 0.0116770007 0.0128729101 0.0113629065 0.0143372774 0.0199741535 0.0204010283 0.0092111931 0.0119491137 0.0191661138 0.0178998438 0.0061596799 0.0257358713 0.0127176706 0.0113961292 0.0112622199 0.020463526 0.0158501968 0.0088241466 0.0158447131 0.016362794 0.0063536765 0.0171043923 0.0057318021 0.0167674754 0.0176597632 0.0135564698 0.0173089706 0.011168627 0.0228929252 0.0090979293 0.0087018725 0.0116146424 0.0158986028 0.0247642615 0.0122728993 0.0167268241 0.010669799 0.0124010859 0.0129558218 0.0099113638 0.0153496158 0.0177113531 0.0245847109 0.0167293129 0.0215384602 0.0272118464 0.0175600155 0.011467974 0.018620446 0.0078095543 0.0320761719 
37 0.0258663757 0.014963988 0.0163285872 0.0341591082 0.0153556461 0.0111211321 0.0072606946 0.013937537 0.0194559813 0.0186159329 0.0136792223 0.0147511424 0.0091694046 0.020540942 0.0184415126 0.0181673443 0.0152246812 0.0206300244 0.0056462206 0.0104705685 0.0190580532 0.019256176 0.0075161621 0.0196347564 0.0126669811 0.0164669458 0.0130119335 0.0152096587 0.0121186784 0.0167932103 0.0145192586 0.0098346636 0.0131498502 0.0108596139 0.0104914773 0.0167674754 0.0167204568 0.0143319115 0.0164534293 0.01136897 0.0072367935 0.0161653896 0.0219093488 0.0150044275 0.0146928023 0.0364015769 0.0147913944 0.0110324558 0.0153529582 0.0146325889 0.0191589107 0.0125210785 0.014910461 0.0212960972 0.0153769784 0.0110922598 0.0127016351 0.0135770974 0.009947604 0.0138084476 0.0239960379 0.0166659588 0.0195767689 0.0181352206 
38 0.0029633704 0.0188836554 0.005431953 0.0073142205 0.0283669309 0.0227296283 0.0120899954 0.0172338095 0.0112679408 0.0113894396 0.0257197248 0.0170460257 0.0028914347 0.0212989796 0.0109490338 0.0212908522 0.0151748627 0.0136681448 0.0144596086 0.020604348 0.0193955367 0.0104351443 0.0082247446 0.0106592505 0.0179675185 0.0104027026 0.0256553888 0.0231288145 0.0215891733 0.0109315636 0.009929289 0.0218280278 0.0123026398 0.0208023967 0.0257711796 0.0176597632 0.0143319115 0.0143396521 0.0094639312 0.0068534176 0.0123546209 0.0076110458 0.0102582426 0.018068744 0.0049870559 0.0122226651 0.0286611529 0.018430279 0.0263085357 0.0245342209 0.0213355364 0.0126795558 0.0060731658 0.0145180222 0.0267845717 0.0099564122 0.0104554226 0.0231086207 0.0198703623 0.0143024639 0.0284576472 0.0173697733 0.0098090029 0.0093968758 
39 0.0105128373 0.0164819752 0.0171536498 0.0212296881 0.0176424815 0.0155442512 0.0287501041 0.0155369513 0.0119820634 0.0180083866 0.0108144053 0.0094132065 0.0259804371 0.0312370313 0.0174082166 0.0172241637 0.0150490011 0.0046036921 0.0219657415 0.0105646525 0.0085344407 0.0135709734 0.0193524303 0.0097886715 0.0248744654 0.0104961483 0.0099786299 0.0153630672 0.015040446 0.0123700994 0.0223426303 0.0192839894 0.0198705203 0.0154995447 0.0098438283 0.0135564698 0.0164534293 0.0094639312 0.020973111 0.0273440238 0.0160478991 0.0058836019 0.0109356736 0.0179262389 0.0167254014 0.0132144891 0.0279669268 0.0168578911 0.0073928129 0.0042989398 0.0182867203 0.0227046635 0.0080311223 0.0154273413 0.0211559252 0.0095948745 0.0067355474 0.0138839641 0.0088455908 0.0204586575 0.0125286857 0.0198201347 0.0176091401 0.0165639712 
40 0.0175049025 0.0177175034 0.0101615493 0.0199520275 0.0256184522 0.0252683833 0.0186341629 0.0360639848 0.0196750093 0.0168849549 0.0060708908 0.0146089387 0.0208625457 0.0087131049 0.0044093197 0.0128621202 0.0066639477 0.0105341894 0.0149363986 0.0056463531 0.0127726039 0.0166667917 0.0068754359 0.0109832091 0.005651747 0.0128556544 0.0252563918 0.011808503 0.0147830424 0.0201448038 0.020826019 0.0139142541 0.0117496396 0.0195494665 0.0221395269 0.0173089706 0.01136897 0.0068534176 0.0273440238 0.0166036831 0.0188643041 0.0144959911 0.0077156781 0.0146752738 0.0104803388 0.0165832258 0.0036561779 0.0161551011 0.0263765547 0.0187406485 0.0055628756 0.0215864425 0.0166414888 0.016675762 0.0217493551 0.0130149124 0.0185487525 0.0141963417 0.0095261027 0.0278616812 0.0221129518 0.0088937178 0.0230333767 0.0146080522 
41 0.0027217409 0.0265476325 0.0161442944 0.0115698948 0.0146513855 0.0203416847 0.0114231425 0.0135030763 0.0112238966 0.0151656106 0.0157830477 0.015917146 0.0104512612 0.0115667976 0.0191057251 0.0251859944 0.0133691403 0.0105514903 0.02292733 0.0182941402 0.0158520553 0.0254194239 0.0175060402 0.0073682248 0.0206001697 0.0139405467 0.0236708097 0.0261284983 0.0155679137 0.0117678766 0.0299925647 0.0212524964 0.0181499051 0.0125885966 0.017136043 0.011168627 0.0072367935 0.0123546209 0.0160478991 0.0188643041 0.0092648813 0.0174744868 0.0143047944 0.003900815 0.0236363557 0.0192628339 0.0158650108 0.0179129835 0.0117214346 0.0072545449 0.0253498787 0.0183176906 0.0068639913 0.0153564713 0.0167614578 0.0141977623 0.0127034497 0.0098455107 0.0172681685 0.0114845938 0.0203229873 0.0100973644 0.0161274417 0.0156472504 
42 0.0196666881 0.0146622852 0.0267937703 0.0107991728 0.0133349664 0.0102171733 0.0121305612 0.016966796 0.0122812816 0.013889883 0.0304988317 0.0214588057 0.0293814543 0.0263808298 0.0163055385 0.0158149109 0.010950054 0.0134409483 0.0207048688 0.0137646291 0.0145976258 0.023813205 0.0248064505 0.023399532 0.0137214561 0.0114578097 0.0136514469 0.0179490659 0.0071965293 0.0219562703 0.0009010352 0.0161473999 0.0178957265 0.0075778286 0.0108835072 0.0228929252 0.0161653896 0.0076110458 0.0058836019 0.0144959911 0.0174744868 0.0002187308 0.0159073738 0.0190856944 0.0219827655 0.0221351884 0.0072905762 0.0191088219 0.0113070042 0.0122074589 0.0135468385 0.0079156323 0.016220283 0.009912443 0.0120933159 0.0152127251 0.0149118503 0.0151950239 0.0211000304 0.0097266282 0.0167847187 0.0167808825 0.0132915779 0.0281426581 
43 0.0204699802 0.0124375106 0.015424929 0.013911624 0.012984402 0.0219139863 0.0105969991 0.0051351302 0.015147042 0.0184318819 0.0165044603 0.0187621858 0.0198271081 0.0173852699 0.0272924811 0.0214875823 0.0114631807 0.0191581771 0.0075219801 0.0114985377 0.020299794 0.0184046896 0.0107988323 0.0147667361 0.0165849339 0.011237902 0.0190664126 0.0123735886 0.0122108626 0.0262943064 0.0091262433 0.0202132337 0.0240137754 0.0261127388 0.0104736021 0.0090979293 0.0219093488 0.0102582426 0.0109356736 0.0077156781 0.0143047944 0.0159073738 0.0094642392 0.0273120893 0.019610028 0.0104828532 0.00316109 0.0103910196 0.0179790769 0.004827829 0.0196374559 0.018877419 0.0158748911 0.0191728455 0.0174364324 0.0163536889 0.0059241137 0.0208335434 0.0173711991 0.015490371 0.0214916822 0.0264851788 0.0089905416 0.0133712721 
44 0.0110530771 0.0064944838 0.0164348897 0.0112895428 0.0188765102 0.0286214434 0.0189007171 0.0102650538 0.0147030116 0.0156972456 0.0274011935 0.0097779597 0.0209185253 0.0143483575 0.0110739054 0.0155141364 0.0090042714 0.0137610167 0.0178507557 0.014951181 0.0186163422 0.0152197377 0.0196123037 0.0036851412 0.0135221701 0.0144375016 0.0245003659 0.0080336155 0.0216357275 0.0180300423 0.0116470314 0.0202612238 0.0118638184 0.0062132276 0.0137859497 0.0087018725 0.0150044275 0.018068744 0.0179262389 0.0146752738 0.003900815 0.0190856944 0.0273120893 0.0107279422 0.013161516 0.0295280202 0.0176744023 0.0110594957 0.0153948246 0.0140934033 0.0159283292 0.0211739543 0.0131134306 0.019481728 0.0253444932 0.0055823654 0.0122857251 0.0102111556 0.0198612492 0.0213776677 0.0145129861 0.0196170316 0.0239086612 0.0132849868 
45 0.0114384732 0.0111032069 0.0156519635 0.0276356382 0.0221005782 0.0254235432 0.00849243 0.0100745765 0.0150701335 0.0234140367 0.010540429 0.0160129231 0.021926609 0.0142296039 0.0056279409 0.021374543 0.0251545 0.0155668984 0.0331867389 0.0283111381 0.0133819204 0.0017523281 0.017038546 0.0238047424 0.0206088725 0.0121062693 0.0231560514 0.0129154152 0.0176663931 0.0151724701 0.0118035754 0.0111239425 0.009583538 0.016696744 0.0155109922 0.0116146424 0.0146928023 0.0049870559 0.0167254014 0.0104803388 0.0236363557 0.0219827655 0.019610028 0.013161516 0.0192955251 0.0193019766 0.0123053031 0.0120234685 0.0044711811 0.0110739348 0.0078195888 0.0176627895 0.0211581336 0.0078509706 0.0131131165 0.0154318244 0.0165098371 0.0135910635 0.0190586361 0.0152296142 0.0072413128 0.0163322431 0.0171820764 0.0117987934 
46 0.0253291003 0.0236220987 0.0219629393 0.0133097869 0.0089598665 0.0138266055 0.0292441279 0.0167196569 0.0103814322 0.0177970843 0.0 0.0114034878 0.0159982554 0.0209259558 0.0198114507 0.0161713431 0.0318896834 0.0187821119 0.0153954997 0.0103166322 0.0134001944 0.0113588707 0.0081863569 0.0141895582 0.0075444634 0.0175047719 0.0269050588 0.0110552646 0.013961761 0.0074922755 0.012342923 0.0094383925 0.0107158178 0.007205078 0.0178728763 0.0158986028 0.0364015769 0.0122226651 0.0132144891 0.0165832258 0.0192628339 0.0221351884 0.0104828532 0.0295280202 0.0193019766 0.018446712 0.01531699 0.0122114775 0.0199214297 0.0134440296 0.0052212341 0.0144564662 0.0218682561 0.0199715604 0.0188474949 0.0050348737 0.0042436577 0.020862401 0.0022814403 0.0169803368 0.0216999749 0.0151866536 0.0086473025 0.0193054953 
47 0.0065898622 0.0214007366 0.0252340652 0.011596695 0.0158078816 0.0171644943 0.0111907491 0.0137716099 0.0128741557 0.0164934624 0.0193136112 0.0149767223 0.0178448103 0.0157183475 0.0122282499 0.0167179552 0.0091465622 0.0246790885 0.0105149502 0.0142900778 0.0212358483 0.008735861 0.0105939377 0.0273961094 0.0106936118 0.0312897048 0.0163408311 0.0060999478 0.0103857863 0.0062531247 0.0161105558 0.0113115519 0.0221137715 0.0226264733 0.0055864486 0.0247642615 0.0147913944 0.0286611529 0.0279669268 0.0036561779 0.0158650108 0.0072905762 0.00316109 0.0176744023 0.0123053031 0.01531699 0.02418732 0.0107127914 0.0229164353 0.0214555315 0.0188271063 0.01588256 0.0242508452 0.0080428858 0.0214836377 0.0105085113 0.012989341 0.0083247644 0.0086442954 0.0201145583 0.0161983805 0.0183358457 0.0156486917 0.0156955611 
48 0.029331428 0.0190196152 0.0145276262 0.0108719993 0.0172213356 0.0173788013 0.0161172793 0.0268458215 0.0199303416 0.0196985261 0.0234063391 0.0210527729 0.0214678958 0.0085714503 0.0194054647 0.0032692951 0.0030037449 0.0258965945 0.0124271359 0.0209096783 0.009381249 0.0166111088 0.0167831217 0.0107938175 0.0111692701 0.0123021985 0.0092192767 0.0186609801 0.0134403865 0.0213474169 0.0101973738 0.015781269 0.0083885698 0.0158625798 0.0163904183 0.0122728993 0.0110324558 0.018430279 0.0168578911 0.0161551011 0.0179129835 0.0191088219 0.0103910196 0.0110594957 0.0120234685 0.0122114775 0.0107127914 0.010644172 0.0216772831 0.0333093989 0.0154792028 0.011159307 0.0181030931 0.0106654513 0.0063299136 0.0093459822 0.0255095069 0.0265403447 0.020648774 0.0162035958 0.0172145023 0.0054213939 0.0115127037 0.0153845087 
