20
1 0.0 0.0715883428 0.0678505173 0.0207233627 0.0614646244 0.0750022154 0.0538751266 0.0465313778 0.083681303 0.0693029336 0.0403432991 0.0563218252 0.0399346325 0.0486246361 0.0379975035 0.0605818087 0.0232414026 0.0536595873 0.0369148839 0.0523606175
2 0.0715883428 0.0 0.0529845923 0.0612630915 0.1083861064 0.0759214289 0.025622518 0.0684332409 0.0321841152 0.0680623952 0.0180129409 0.0339525516 0.0651553254 0.0582091924 0.0638928461 0.0380401381 0.0421287354 0.041579589 0.0175446852 0.0570381645
3 0.0678505173 0.0529845923 0.0 0.0485997137 0.0601033714 0.0627231917 0.0716648848 0.0607198625 0.0367102406 0.0223626957 0.0401384308 0.0647255864 0.0729529347 0.0158588859 0.0796633299 0.0264267849 0.06995874 0.0165467833 0.0840659665 0.0459434874
4 0.0207233627 0.0612630915 0.0485997137 0.0 0.0427373136 0.0463722649 0.026938784 0.0910193135 0.0907122675 0.0449634811 0.0773623026 0.0339099878 0.0526139195 0.0800216071 0.0178694929 0.0725346879 0.05211904 0.0493803543 0.0671074047 0.0237516108
5 0.0614646244 0.1083861064 0.0601033714 0.0427373136 0.0 0.0538927304 0.0195009373 0.0218851899 0.0251720531 0.043184682 0.0578512189 0.1134119347 0.0809110109 0.0511646186 0.0503448039 0.0174279308 0.0311504258 0.0760020956 0.0531303711 0.0322785815
6 0.0750022154 0.0759214289 0.0627231917 0.0463722649 0.0538927304 0.0 0.0488136599 0.0150758337 0.0662885959 0.0505969903 0.0619204424 0.0561242131 0.0089333007 0.0700171004 0.0542213745 0.0571220349 0.0490163909 0.078453827 0.0158167135 0.0536876915
7 0.0538751266 0.025622518 0.0716648848 0.026938784 0.0195009373 0.0488136599 0.0 0.0782943182 0.0499152697 0.0655667988 0.065524726 0.0128263435 0.0611823892 0.0572894991 0.0714820611 0.058358041 0.071751397 0.0665974505 0.0441069328 0.0506888623
8 0.0465313778 0.0684332409 0.0607198625 0.0910193135 0.0218851899 0.0150758337 0.0782943182 0.0 0.0230908758 0.0190397753 0.0815183308 0.0362628868 0.0930921688 0.0526019441 0.0797743697 0.1024835274 0.0049562771 0.0113189996 0.0267205247 0.0871811832
9 0.083681303 0.0321841152 0.0367102406 0.0907122675 0.0251720531 0.0662885959 0.0499152697 0.0230908758 0.0 0.0229150996 0.0867780814 0.0588512922 0.0481396733 0.033372345 0.0682722494 0.0516905597 0.0765168168 0.022469103 0.0660887814 0.0571512773
10 0.0693029336 0.0680623952 0.0223626957 0.0449634811 0.043184682 0.0505969903 0.0655667988 0.0190397753 0.0229150996 0.0 0.0766542319 0.0586749225 0.0340895573 0.0478135657 0.0730537937 0.0607591073 0.0594541242 0.1112265471 0.041198374 0.0310809248
11 0.0403432991 0.0180129409 0.0401384308 0.0773623026 0.0578512189 0.0619204424 0.065524726 0.0815183308 0.0867780814 0.0766542319 0.0 0.0214579626 0.0418795179 0.022955383 0.0367742523 0.0430066408 0.0911016684 0.0170104555 0.0514840056 0.0682261088
12 0.0563218252 0.0339525516 0.0647255864 0.0339099878 0.1134119347 0.0561242131 0.0128263435 0.0362628868 0.0588512922 0.0586749225 0.0214579626 0.0 0.0434725219 0.0698272211 0.0258593897 0.0334980118 0.0568277821 0.1048252137 0.050966634 0.0682037193
13 0.0399346325 0.0651553254 0.0729529347 0.0526139195 0.0809110109 0.0089333007 0.0611823892 0.0930921688 0.0481396733 0.0340895573 0.0418795179 0.0434725219 0.0 0.0768209796 0.0140767345 0.0504903429 0.0446287683 0.0426549567 0.0549490482 0.0740222176
14 0.0486246361 0.0582091924 0.0158588859 0.0800216071 0.0511646186 0.0700171004 0.0572894991 0.0526019441 0.033372345 0.0478135657 0.022955383 0.0698272211 0.0768209796 0.0 0.0546677029 0.0615295128 0.0639257148 0.0142293473 0.0618690746 0.0592016693
15 0.0379975035 0.0638928461 0.0796633299 0.0178694929 0.0503448039 0.0542213745 0.0714820611 0.0797743697 0.0682722494 0.0730537937 0.0367742523 0.0258593897 0.0140767345 0.0546677029 0.0 0.0332241746 0.0415907842 0.0932469395 0.0725056775 0.03148252
16 0.0605818087 0.0380401381 0.0264267849 0.0725346879 0.0174279308 0.0571220349 0.058358041 0.1024835274 0.0516905597 0.0607591073 0.0430066408 0.0334980118 0.0504903429 0.0615295128 0.0332241746 0.0 0.065783498 0.0596001722 0.0666632736 0.0407797524
17 0.0232414026 0.0421287354 0.06995874 0.05211904 0.0311504258 0.0490163909 0.071751397 0.0049562771 0.0765168168 0.0594541242 0.0911016684 0.0568277821 0.0446287683 0.0639257148 0.0415907842 0.065783498 0.0 0.0358703505 0.0454750656 0.0745030181
18 0.0536595873 0.041579589 0.0165467833 0.0493803543 0.0760020956 0.078453827 0.0665974505 0.0113189996 0.022469103 0.1112265471 0.0170104555 0.1048252137 0.0426549567 0.0142293473 0.0932469395 0.0596001722 0.0358703505 0.0 0.0781511085 0.0271771191
19 0.0369148839 0.0175446852 0.0840659665 0.0671074047 0.0531303711 0.0158167135 0.0441069328 0.0267205247 0.0660887814 0.041198374 0.0514840056 0.050966634 0.0549490482 0.0618690746 0.0725056775 0.0666632736 0.0454750656 0.0781511085 0.0 0.0652414745
20 0.0523606175 0.0570381645 0.0459434874 0.0237516108 0.0322785815 0.0536876915 0.0506888623 0.0871811832 0.0571512773 0.0310809248 0.0682261088 0.0682037193 0.0740222176 0.0592016693 0.03148252 0.0407797524 0.0745030181 0.0271771191 0.0652414745 0.0
