64
1 0.0120383161 0.0239132668 0.0085953392 0.013587655 0.0209140316 0.0130068363 0.0092532253 0.025000867 0.0137583598 0.0048743296 0.0085500162 0.0144394488 0.0130422509 0.0206259446 0.0151634759 0.0135458941 0.0093525323 0.0171746989 0.0177834904 0.0153586759 0.0204721737 0.0214566492 0.0167456877 0.0181932511 0.0266551271 0.0120135259 0.0215585323 0.0125955457 0.0226828814 0.0193332804 0.0205885982 0.0201854686 0.00820661 0.0114677994 0.0339300877 0.0170313482 0.012532629 0.016143198 0.015075578 0.0131210385 0.006603118 0.0140447623 0.0119546794 0.0121199694 0.0115193703 0.0141891684 0.0211088254 0.0187690891 0.010893934 0.016780807 0.0172651809 0.0155302435 0.0128146561 0.0155328708 0.0101985354 0.0173932422 0.0084402195 0.0117453381 0.0173619067 0.0255270879 0.0118088011 0.0180827299 0.0237668864 0.0065809137 
2 0.0239132668 0.0093613388 0.0242725542 0.0142491198 0.0208120737 0.0219584226 0.0136971258 0.0115438269 0.0153968655 0.0149748924 0.0098746912 0.0091636053 0.0157509704 0.0072635184 0.0058575785 0.0214680108 0.0191152753 0.0177495942 0.01240949 0.012517929 0.0171471864 0.0140525494 0.0111047429 0.0078498095 0.0158037909 0.0157773947 0.0161065427 0.0096933031 0.0176942324 0.0247159893 0.0129158208 0.0183810716 0.0128751296 0.0140554401 0.0143274125 0.0126358054 0.0178110375 0.0139504319 0.020426075 0.0211509648 0.0163049788 0.009737048 0.01905475 0.0207158547 0.0090723573 0.0263730732 0.0171720234 0.0205936276 0.0161117984 0.0243861885 0.0100911252 0.0152606611 0.0228013328 0.017974792 0.0234142336 0.0099875052 0.0190821116 0.0161117813 0.0125539969 0.0171412846 0.0077765351 0.013756687 0.0078391128 0.0168622613 
3 0.0085953392 0.0242725542 0.0187158778 0.0271253747 0.0108077072 0.033839609 0.0152593255 0.0205975574 0.0086472998 0.0230363861 0.0207276746 0.0140003645 0.0251223268 0.0078500369 0.0173685579 0.0055645668 0.0091385821 0.0123955164 0.00919607 0.0095048716 0.0134326057 0.01770603 0.0127762591 0.0204124921 0.0309565564 0.0082748853 0.0318637147 0.0137138949 0.0079324341 0.0114006669 0.0126352034 0.0150382903 0.0169263021 0.0071133378 0.0159372347 0.0207876314 0.0236547547 0.0135291208 0.0108687653 0.0126747783 0.0227592841 0.0041311031 0.0177516605 0.0066249733 0.0147494584 0.0243225797 0.0465505141 0.0207971101 0.0109317816 0.0110042076 0.0060030901 0.0117375956 0.0036875201 0.0020597834 0.0172452874 0.0106978121 0.0103704451 0.0202470181 0.0133490608 0.0133595426 0.0164524873 0.0157877325 0.0174174051 0.0225619907 
4 0.013587655 0.0142491198 0.0271253747 0.012374397 0.0166234103 0.0133834934 0.0263121382 0.0169485171 0.0162353534 0.0260771207 0.0258990919 0.009210968 0.0229590683 0.0099045331 0.0196896335 0.0090578207 0.0097649891 0.0149927689 0.0163118422 0.0110956446 0.0176937434 0.020221378 0.0172528893 0.0152843113 0.0287609569 0.0148276704 0.0122114015 0.011397783 0.0100846342 0.0167365653 0.02178524 0.0252515866 0.0051732158 0.0057036162 0.0216246822 0.0026658259 0.0151519801 0.0132789032 0.0079446996 0.0145914656 0.0142528759 0.0214334666 0.0158684755 0.0131340301 0.0128016271 0.0224454301 0.0123111316 0.0076086032 0.0187695265 0.0113657917 0.0260220174 0.014547896 0.0124798436 0.0124675314 0.0183824709 0.0175741068 0.0165679122 0.0170678204 0.0107044449 0.0064191427 0.0162103576 0.0270563623 0.0074496727 0.0176139742 
5 0.0209140316 0.0208120737 0.0108077072 0.0166234103 0.0114863761 0.015894322 0.0082476501 0.0147942252 0.0075768337 0.017065101 0.0059378501 0.0208998132 0.0158069426 0.0186883047 0.0114070787 0.0236369665 0.0077896644 0.0076290769 0.0125403027 0.0197217204 0.0201174786 0.0129935993 0.0143389587 0.0074321603 0.0171282113 0.0177467387 0.0179226574 0.0223570214 0.0079355469 0.0139598307 0.0093798387 0.0206168334 0.0286632083 0.0153542131 0.018106496 0.0273246363 0.0180255911 0.0094534294 0.0124601667 0.0173800439 0.0254988825 0.0273964543 0.0150048618 0.0248233717 0.0131128923 0.0164957114 0.0167496194 0.0144444309 0.0107118791 0.0149915634 0.0201333858 0.0231248717 0.0050935672 0.0241183208 0.0105698454 0.0108958306 0.00853643 0.0087638221 0.0026672045 0.0175134756 0.0144179424 0.0152458177 0.0332612606 0.0094524474 
6 0.0130068363 0.0219584226 0.033839609 0.0133834934 0.015894322 0.0045698508 0.0172861167 0.0077835795 0.0032677783 0.0113122158 0.02056833 0.0065897159 0.0112860897 0.0256106996 0.0128231039 0.0088881537 0.0202345898 0.011822844 0.0209941806 0.0130811304 0.0154381935 0.0139371171 0.0133020788 0.0141178041 0.024685907 0.0172108457 0.0155465033 0.0293645617 0.0029458435 0.0272265523 0.0097953812 0.0189769075 0.0114290022 0.0209326751 0.0144755347 0.0261065911 0.0232216347 0.0162955876 0.005878318 0.0042530657 0.0147737327 0.0157828675 0.005938785 0.0161550426 0.0159233132 0.0133468019 0.0234312424 0.014270432 0.0167425564 0.0191149883 0.0205690471 0.0150623674 0.009874593 0.0094686197 0.0196708197 0.0210302794 0.0090178398 0.0216450004 0.0202797455 0.0156561301 0.0150232156 0.0162908057 0.0133731624 0.0182174453 
7 0.0092532253 0.0136971258 0.0152593255 0.0263121382 0.0082476501 0.0172861167 0.0343169173 0.0296212639 0.0199747753 0.0143232038 0.0217739598 0.0042776835 0.0133917897 0.0230775014 0.0160453257 0.0232457307 0.0082229518 0.0110612973 0.0105571482 0.0074471161 0.0200121822 0.0193435518 0.0165213163 0.0169623529 0.0232205733 0.006402445 0.0125151612 0.009034279 0.0117484343 0.008863513 0.0128205523 0.029696443 0.0255381265 0.0160053072 0.018600626 0.0123056878 0.0069741592 0.0081865325 0.0193708519 0.0222404832 0.0192899191 0.0216053113 0.0133796093 0.0228872311 0.0213884605 0.0197680364 0.0082934011 0.0196913544 0.0157672443 0.0219286375 0.0174153697 0.0097834106 0.0117425146 0.0124861097 0.0210479766 0.0124846382 0.011246297 0.0071362996 0.0204963964 0.0163591065 0.0022140179 0.0085474134 0.013582249 0.0077041709 
8 0.025000867 0.0115438269 0.0205975574 0.0169485171 0.0147942252 0.0077835795 0.0296212639 0.0267276478 0.0382853799 0.0157749803 0.0096627142 0.0147854191 0.0168195297 0.018888264 0.0070854713 0.0188399677 0.0195398197 0.0164537751 0.0259442881 0.0131213588 0.0188738239 0.0184244195 0.0105881598 0.0148920924 0.0207071866 0.0067767446 0.0085541955 0.0231739831 0.013641047 0.0165288185 0.0163574768 0.0112810058 0.0158697788 0.0181230672 0.0061439301 0.0140305981 0.0109559927 0.0084407932 0.0117732776 0.0096479889 0.011432997 0.0215285882 0.011819088 0.0075863569 0.0028947482 0.0124640274 0.0113797738 0.0230585683 0.016863668 0.0166743587 0.0005035598 0.0115440677 0.0205802421 0.0102308539 0.0028673479 0.0097420722 0.0223994081 0.0440711431 0.0166465062 0.0179542041 0.0224506309 0.008996767 0.0124124472 0.0208957425 
9 0.0137583598 0.0153968655 0.0086472998 0.0162353534 0.0075768337 0.0032677783 0.0199747753 0.0382853799 0.0107576738 0.0116738747 0.0148961586 0.0102955694 0.0077489192 0.0192949662 0.0171280604 0.0214694835 0.0087035566 0.0077314826 0.0130435448 0.021546248 0.0278165967 0.0103652269 0.0112768419 0.0148875049 0.0131476047 0.0168219074 0.0173878943 0.01936594 0.0213720685 0.0106562363 0.0323380271 0.0058626908 0.0086241318 0.0171989804 0.0072543801 0.0204408656 0.0264447115 0.0216661952 0.0340538784 0.0148251217 0.0071132495 0.0179279125 0.0131635849 0.0135269716 0.0094828953 0.0056053891 0.0046647676 0.0226543791 0.0178986559 0.017307473 0.0274987758 0.0176301963 0.0216289528 0.0165770072 0.0190396319 0.0131037461 0.005912587 0.0319627058 0.0167522356 0.0094039327 0.0095436234 0.0157304168 0.0122370656 0.0143948572 
10 0.0048743296 0.0149748924 0.0230363861 0.0260771207 0.017065101 0.0113122158 0.0143232038 0.0157749803 0.0116738747 0.0237111487 0.0209767374 0.0113618399 0.0099470586 0.0161228101 0.0114333204 0.0132807345 0.0137946527 0.0035137889 0.0102808804 0.0215148387 0.0043318267 0.015980964 0.0105456053 0.0222198092 0.0124050508 0.0265419832 0.0165014786 0.0227652672 0.0141151632 0.0096627257 0.0128147861 0.0094250269 0.0163518129 0.0182764798 0.0034329566 0.0132429462 0.0185348817 0.027875554 0.0140882164 0.0253994335 0.0251319509 0.0113318609 0.0153561071 0.020918583 0.0222895338 0.0215725616 0.0163495571 0.0227085911 0.0214177 0.007554147 0.0146732093 0.0071935286 0.0155422908 0.0132649108 0.0082315145 0.0025114013 0.0273729387 0.0095277547 0.0096039464 0.0124185007 0.0164290075 0.0119040953 0.0266675878 0.0304668386 
11 0.0085500162 0.0098746912 0.0207276746 0.0258990919 0.0059378501 0.02056833 0.0217739598 0.0096627142 0.0148961586 0.0209767374 0.0346632966 0.0169811479 0.0105322588 0.0111518309 0.013678854 0.0175724687 0.0096580697 0.0125912442 0.0156858058 0.0172339732 0.0124902169 0.0196623551 0.0146385188 0.014353193 0.0117640131 0.0063043802 0.0234329499 0.0221745669 0.0198476128 0.0165126397 0.0193969617 0.0124229583 0.0092844004 0.0161386489 0.0010804976 0.008784323 0.01870847 0.020809309 0.0144662676 0.0191065627 0.0149763858 0.0143880101 0.0247766842 0.0062954896 0.0159940962 0.0140718648 0.0042469317 0.0181359845 0.0102074844 0.0190862359 0.0178615974 0.0190660563 0.0166301636 0.0107323348 0.0162982995 0.0097817551 0.0089584471 0.0140505058 0.0157452168 0.0244960144 0.0253906232 0.013031786 0.0216524537 0.0241305593 
12 0.0144394488 0.0091636053 0.0140003645 0.009210968 0.0208998132 0.0065897159 0.0042776835 0.0147854191 0.0102955694 0.0113618399 0.0169811479 0.0142454901 0.0149313192 0.0093924787 0.0211445534 0.0054679945 0.0193172295 0.020624901 0.0122809809 0.0231048259 0.0192146367 0.0205331907 0.0139666434 0.010353704 0.0131717117 0.0171621107 0.0198977911 0.0140746274 0.0152768374 0.0189500135 0.0140860038 0.0160799323 0.0148566746 0.0131968575 0.0110033105 0.0216895997 0.0143133296 0.0228406746 0.0199569533 0.0127941509 0.0095901906 0.0232071159 0.017288095 0.0118802767 0.0179727884 0.0120244183 0.0221780793 0.0093514262 0.0297346264 0.014714394 0.02178831 0.0146613078 0.0119852861 0.0104026675 0.0142449359 0.015132919 0.0229073423 0.0218569458 0.0124128457 0.0251590265 0.0281823218 0.0054990781 0.0121655423 0.0197259585 
13 0.0130422509 0.0157509704 0.0251223268 0.0229590683 0.0158069426 0.0112860897 0.0133917897 0.0168195297 0.0077489192 0.0099470586 0.0105322588 0.0149313192 0.0156103286 0.0073721069 0.0153379852 0.0159721907 0.0059819471 0.0110114069 0.025270885 0.0199886136 0.0098552415 0.0184581415 0.0049020501 0.0152527999 0.010625881 0.0154413669 0.0298996497 0.0306505072 0.0209482392 0.0192724074 0.0183778854 0.0185591486 0.0139628697 0.0091685522 0.0131954891 0.0159446907 0.0352046607 0.0280222663 0.0053310924 0.0126053822 0.018376106 0.0178712155 0.0090647935 0.0322756603 0.0154704663 0.0166641598 0.0109115233 0.014917674 0.0055456216 0.0168413027 0.0149415499 0.0206535513 0.0110282693 0.0194944483 0.0148918396 0.0105550226 0.0143224748 0.0109812458 0.0236673389 0.0149035055 0.0153013455 0.0166366472 0.0093606778 0.0057612513 
14 0.0206259446 0.0072635184 0.0078500369 0.0099045331 0.0186883047 0.0256106996 0.0230775014 0.018888264 0.0192949662 0.0161228101 0.0111518309 0.0093924787 0.0073721069 0.0066811603 0.003255204 0.0188497722 0.0129573189 0.0348541155 0.0108925278 0.0163940137 0.0152744191 0.0147618446 0.0080620877 0.0115652645 0.0142624632 0.0169286993 0.0138942449 0.013851907 0.0201204177 0.0193427699 0.0053317182 0.0211939739 0.0152330166 0.018299722 0.01848085 0.0216508752 0.0197622497 0.0212890338 0.0070284399 0.0174845379 0.0161131742 0.0092066661 0.0170434884 0.0110001296 0.0215967528 0.0054095243 0.0255790807 0.0053409994 0.0145334457 0.0151590929 0.0236694742 0.0074074318 0.0161420011 0.0229077861 0.0218127613 0.0254561634 0.0221092128 0.0129065208 0.0105660768 0.0217685219 0.0162055342 0.0224868411 0.0114747684 0.0111589089 
15 0.0151634759 0.0058575785 0.0173685579 0.0196896335 0.0114070787 0.0128231039 0.0160453257 0.0070854713 0.0171280604 0.0114333204 0.013678854 0.0211445534 0.0153379852 0.003255204 0.0257016509 0.0110145862 0.0218419661 0.0171680841 0.0201724155 0.0153102537 0.0151189822 0.0117806836 0.0279435627 0.0100711211 0.0187867216 0.008149232 0.004450734 0.0108689852 0.007171687 0.0146598206 0.0092208897 0.0080770566 0.0266987496 0.021172878 0.0189338785 0.0177886131 0.0148159686 0.0152170567 0.0090618783 0.0139092666 0.0226069231 0.0179057546 0.0204470554 0.0112357001 0.0181938529 0.0255722916 0.0012847264 0.0094368298 0.0177442001 0.0350504507 0.0181414745 0.0151145496 0.0189115861 0.014300813 0.0160375571 0.0223310868 0.0277694108 0.0184385049 0.0087768146 0.0140749652 0.0080654674 0.028721159 0.0163320598 0.0109818414 
16 0.0135458941 0.0214680108 0.0055645668 0.0090578207 0.0236369665 0.0088881537 0.0232457307 0.0188399677 0.0214694835 0.0132807345 0.0175724687 0.0054679945 0.0159721907 0.0188497722 0.0110145862 0.0157650703 0.0083599662 0.0079239997 0.0097280942 0.0133697409 0.0311134163 0.0109675325 0.0095147304 0.0082147517 0.0079235482 0.0107361556 0.0080049802 0.01759119 0.013096537 0.0205005904 0.0069125602 0.0167800139 0.0178231288 0.0129699492 0.0251383065 0.0164026287 0.0127122244 0.0167190632 0.0133561987 0.01335995 0.0193638245 0.0021191829 0.0235627106 0.0132297253 0.0094548033 0.0226428685 0.0186640166 0.0188437076 0.0152492189 0.0107849968 0.0224715276 0.0224803448 0.0224131148 0.0219780044 0.0028859204 0.0258213928 0.0153239129 0.0082039488 0.0254268604 0.0264823793 0.0269377319 0.0211860647 0.0189960646 0.0126190092 
17 0.0093525323 0.0191152753 0.0091385821 0.0097649891 0.0077896644 0.0202345898 0.0082229518 0.0195398197 0.0087035566 0.0137946527 0.0096580697 0.0193172295 0.0059819471 0.0129573189 0.0218419661 0.0083599662 0.0137159596 0.0331188206 0.0120304963 0.0145304744 0.015397873 0.0082922903 0.0174304429 0.0057919934 0.0131042122 0.0166699034 0.0301082605 0.0272826068 0.0089290329 0.0139161489 0.0156839857 0.0185809257 0.0315012676 0.012017943 0.0095551033 0.0269085496 0.0190883324 0.0138728827 0.0124116415 0.0225087813 0.0144575215 0.0176806878 0.0215427028 0.0196420556 0.0119701098 0.013749039 0.0190705732 0.014934307 0.0197455101 0.012072941 0.0133795793 0.013832699 0.0260963526 0.0265362385 0.012721436 0.0099651992 0.0207695155 0.011561163 0.0124547209 0.0128897908 0.0046670768 0.0224026892 0.0087028144 0.0229342377 
18 0.0171746989 0.0177495942 0.0123955164 0.0149927689 0.0076290769 0.011822844 0.0110612973 0.0164537751 0.0077314826 0.0035137889 0.0125912442 0.020624901 0.0110114069 0.0348541155 0.0171680841 0.0079239997 0.0331188206 0.0276113809 0.0154555244 0.0122345425 0.0231768013 0.0310699668 0.0229592859 0.0116544641 0.0171260853 0.0141444985 0.01024665 0.0118203779 0.0165603097 0.012152544 0.0069651752 0.0140369092 0.0087225771 0.0161374743 0.0277478032 0.0239339937 0.0186207265 0.0150546589 0.0171108129 0.0111805626 0.0126563465 0.0135129354 0.0056043877 0.0144378141 0.0129111637 0.0345420087 0.0236975505 0.0126628469 0.0175764417 0.0153284411 0.0203345397 0.0192405576 0.0150641528 0.0097351811 0.0205445637 0.0090330666 0.0172123854 0.0043884117 0.0112479526 0.0193211372 0.0071838895 0.0146308281 0.0139477605 0.0116450971 
19 0.0177834904 0.01240949 0.00919607 0.0163118422 0.0125403027 0.0209941806 0.0105571482 0.0259442881 0.0130435448 0.0102808804 0.0156858058 0.0122809809 0.025270885 0.0108925278 0.0201724155 0.0097280942 0.0120304963 0.0154555244 0.0318637825 0.0226980893 0.0093284813 0.0103875818 0.0070662494 0.0230748728 0.0098169016 0.0187197648 0.0274424887 0.017629933 0.0193458008 0.0112722248 0.0161776454 0.0134556928 0.011455483 0.0161101619 0.0130102704 0.0058912545 0.0191932637 0.0191126477 0.020876731 0.0042227864 0.0126278785 0.0178406145 0.0178503578 0.02074467 0.0202676366 0.0192110376 0.0147376835 0.0208320739 0.029031514 0.0157392843 0.0149666885 0.0181112585 0.0135346947 0.0266827678 0.004020913 0.0121830983 0.0054438744 0.0142343198 0.0080509459 0.0221747344 0.0079182589 0.0129884203 0.0191723346 0.0129048651 
20 0.0153586759 0.012517929 0.0095048716 0.0110956446 0.0197217204 0.0130811304 0.0074471161 0.0131213588 0.021546248 0.0215148387 0.0172339732 0.0231048259 0.0199886136 0.0163940137 0.0153102537 0.0133697409 0.0145304744 0.0122345425 0.0226980893 0.0 0.0126032892 0.0099291734 0.0105294389 0.0049160157 0.0234184133 0.0090684194 0.0220534069 0.0103093548 0.0148322873 0.0131904462 0.0154000094 0.0366147108 0.0138586218 0.0236609715 0.0100045805 0.0289148222 0.0131558369 0.0119726944 0.0115580905 0.0017901205 0.0062993406 0.0129430736 0.0177189083 0.0238096541 0.0163076741 0.0223450842 0.033359308 0.0214241868 0.021569554 0.0129604492 0.0117076568 0.018309402 0.0094249513 0.020182835 0.015901859 0.0161002798 0.0105401417 0.0131617466 0.0153243677 0.0037303978 0.011405596 0.0259977006 0.0201196188 0.0218014496 
21 0.0204721737 0.0171471864 0.0134326057 0.0176937434 0.0201174786 0.0154381935 0.0200121822 0.0188738239 0.0278165967 0.0043318267 0.0124902169 0.0192146367 0.0098552415 0.0152744191 0.0151189822 0.0311134163 0.015397873 0.0231768013 0.0093284813 0.0126032892 0.0109291777 0.0068703805 0.0118453516 0.0142067217 0.0103092709 0.0061890697 0.0202564891 0.0154941638 0.0128931255 0.0083396039 0.0125278461 0.0118659877 0.0109965016 0.0252547974 0.0151689872 0.0123187859 0.0147518699 0.025720307 0.0161198326 0.019239316 0.0155673129 0.0281898257 0.005137722 0.0211022646 0.017769542 0.0138379193 0.0130329462 0.0064060091 0.0101830988 0.0123276788 0.0231214772 0.0172122521 0.007543309 0.0085497488 0.0196490741 0.0189915698 0.0117807569 0.0236576972 0.0259599996 0.0169154201 0.0292096005 0.0086600869 0.016751973 0.0082359611 
22 0.0214566492 0.0140525494 0.01770603 0.020221378 0.0129935993 0.0139371171 0.0193435518 0.0184244195 0.0103652269 0.015980964 0.0196623551 0.0205331907 0.0184581415 0.0147618446 0.0117806836 0.0109675325 0.0082922903 0.0310699668 0.0103875818 0.0099291734 0.0068703805 0.00361613 0.0179498117 0.0125901076 0.0126460926 0.0136713116 0.0087026149 0.0169016751 0.0215227352 0.0172017632 0.0134946827 0.0160501331 0.0135529234 0.0256003938 0.0163748328 0.0137673367 0.0116190176 0.0155528062 0.0143753846 0.0208921894 0.0203461467 0.006454698 0.0277720327 0.0109362471 0.0305395479 0.0169204675 0.0070828917 0.0232856155 0.0166084716 0.011658477 0.018021551 0.0144825088 0.0309625802 0.0184145127 0.0131446469 0.0166540173 0.0135718266 0.0135626293 0.0131188075 0.0165554382 0.010847775 0.0134761617 0.0164265888 0.0058797924 
23 0.0167456877 0.0111047429 0.0127762591 0.0172528893 0.0143389587 0.0133020788 0.0165213163 0.0105881598 0.0112768419 0.0105456053 0.0146385188 0.0139666434 0.0049020501 0.0080620877 0.0279435627 0.0095147304 0.0174304429 0.0229592859 0.0070662494 0.0105294389 0.0118453516 0.0179498117 0.0195880618 0.0289169781 0.0102571283 0.0185803194 0.0095644514 0.0134378159 0.0190391603 0.026556084 0.0188624356 0.0244910017 0.0144558789 0.0048929422 0.0203694871 0.0124279691 0.0040462499 0.0241681304 0.0140727332 0.0252215542 0.0162351669 0.0197499643 0.0205008961 0.010161092 0.0234303204 0.0025897017 0.0169394608 0.0208633223 0.0192034804 0.0111068046 0.0158649165 0.0113472434 0.00991953 0.0151706523 0.019478726 0.010251214 0.0265418188 0.0109351512 0.0077518701 0.0257585489 0.0234778198 0.0202060865 0.0151363097 0.0171708081 
24 0.0181932511 0.0078498095 0.0204124921 0.0152843113 0.0074321603 0.0141178041 0.0169623529 0.0148920924 0.0148875049 0.0222198092 0.014353193 0.010353704 0.0152527999 0.0115652645 0.0100711211 0.0082147517 0.0057919934 0.0116544641 0.0230748728 0.0049160157 0.0142067217 0.0125901076 0.0289169781 0.017661557 0.0046771948 0.0131184043 0.0186103712 0.0198416003 0.009657034 0.0192043622 0.0152320268 0.0087033045 0.0211016768 0.0126023589 0.0175959402 0.0066664933 0.0128468845 0.0138934362 0.0125436733 0.0250338919 0.0135837098 0.0243811113 0.0123372474 0.0130397772 0.0090006942 0.0338019416 0.0217301262 0.017460706 0.0209579524 0.0120723907 0.014981162 0.0386569592 0.0141572378 0.0210830504 0.0083562889 0.0181305688 0.0105796618 0.0278707949 0.0248672106 0.0045237218 0.0115497007 0.0226563618 0.0117063841 0.0203114548 
25 0.0266551271 0.0158037909 0.0309565564 0.0287609569 0.0171282113 0.024685907 0.0232205733 0.0207071866 0.0131476047 0.0124050508 0.0117640131 0.0131717117 0.010625881 0.0142624632 0.0187867216 0.0079235482 0.0131042122 0.0171260853 0.0098169016 0.0234184133 0.0103092709 0.0126460926 0.0102571283 0.0046771948 0.0142321259 0.0254824186 0.0110780536 0.0210674528 0.0169329125 0.0281890491 0.0307928544 0.0164154741 0.0117280544 0.0171943493 0.0070490685 0.0183653865 0.0138160513 0.0069638528 0.0165133805 0.0159526372 0.0136157702 0.006513904 0.0093696528 0.0047085298 0.0207608705 0.0114613695 0.021205128 0.0168278915 0.0064475233 0.0125904652 0.0157518422 0.0091585161 0.0172558167 0.0090276861 0.0210553005 0.0195368275 0.0150671755 0.0244990662 0.0140575655 0.0079944675 0.016208 0.014748314 0.0127181243 0.0162864686 
26 0.0120135259 0.0157773947 0.0082748853 0.0148276704 0.0177467387 0.0172108457 0.006402445 0.0067767446 0.0168219074 0.0265419832 0.0063043802 0.0171621107 0.0154413669 0.0169286993 0.008149232 0.0107361556 0.0166699034 0.0141444985 0.0187197648 0.0090684194 0.0061890697 0.0136713116 0.0185803194 0.0131184043 0.0254824186 0.008354868 0.0168199086 0.0165770297 0.0269454981 0.0107653534 0.0132550939 0.0170577059 0.0140282262 0.0121163585 0.0039845038 0.0173722357 0.0176350124 0.0169353211 0.0149640867 0.0077056866 0.0206937801 0.0100761307 0.0222760957 0.0204281022 0.0039021881 0.0071799827 0.0141543815 0.0116448256 0.0137306049 0.0133627721 0.0100713581 0.030481271 0.0169804325 0.0199589181 0.0143228644 0.0280547354 0.0215185969 0.0310869987 0.0307629581 0.0159619285 0.0097044696 0.0202633002 0.0231131091 0.0229931119 
27 0.0215585323 0.0161065427 0.0318637147 0.0122114015 0.0179226574 0.0155465033 0.0125151612 0.0085541955 0.0173878943 0.0165014786 0.0234329499 0.0198977911 0.0298996497 0.0138942449 0.004450734 0.0080049802 0.0301082605 0.01024665 0.0274424887 0.0220534069 0.0202564891 0.0087026149 0.0095644514 0.0186103712 0.0110780536 0.0168199086 0.0387986238 0.0152521803 0.0225712472 0.0053050999 0.018523912 0.0042549845 0.0222462506 0.0077791906 0.013971039 0.0101220392 0.0148044556 0.0058538856 0.0146814461 0.0209092591 0.0096413869 0.0134676837 0.0193010019 0.0187128222 0.013576349 0.0164555699 0.0163863736 0.0222399486 0.0106939649 0.0172739079 0.0144778869 0.0107163781 0.0110151602 0.014915678 0.016898294 0.0116485866 0.0116814388 0.0147354825 0.0174032263 0.0155282745 0.0094275139 0.0114482963 0.0126030425 0.0100469933 
28 0.0125955457 0.0096933031 0.0137138949 0.011397783 0.0223570214 0.0293645617 0.009034279 0.0231739831 0.01936594 0.0227652672 0.0221745669 0.0140746274 0.0306505072 0.013851907 0.0108689852 0.01759119 0.0272826068 0.0118203779 0.017629933 0.0103093548 0.0154941638 0.0169016751 0.0134378159 0.0198416003 0.0210674528 0.0165770297 0.0152521803 0.0170702331 0.0081164785 0.0171983256 0.0221756743 0.007455394 0.0167115848 0.0284565649 0.014172147 0.0152338731 0.0114484189 0.011308703 0.0278567991 0.0117257437 0.021185244 0.0071452396 0.005640452 0.0136092171 0.0181424274 0.0133827586 0.0273183096 0.0175961406 0.0153995571 0.0108188303 0.0098536548 0.0134931349 0.0104566562 0.0241528066 0.0142760431 0.0114334443 0.0007756371 0.0144566919 0.0048707253 0.0155615948 0.0147422581 0.0108017643 0.0053628849 0.0223070344 
29 0.0226828814 0.0176942324 0.0079324341 0.0100846342 0.0079355469 0.0029458435 0.0117484343 0.013641047 0.0213720685 0.0141151632 0.0198476128 0.0152768374 0.0209482392 0.0201204177 0.007171687 0.013096537 0.0089290329 0.0165603097 0.0193458008 0.0148322873 0.0128931255 0.0215227352 0.0190391603 0.009657034 0.0169329125 0.0269454981 0.0225712472 0.0081164785 0.0175996662 0.0075730867 0.02613976 0.0117549927 0.009030182 0.0124825787 0.0127349377 0.020132414 0.0163902558 0.0143124122 0.0210386539 0.0127341562 0.0088140681 0.0084547634 0.0133502446 0.0237722824 0.0134616214 0.0126675309 0.0102768635 0.018632009 0.0059083588 0.0127380251 0.0120163107 0.0076019986 0.0186128789 0.0150792869 0.0203862898 0.0173531924 0.0170434257 0.0179597257 0.0192503967 0.0400954447 0.0201778989 0.0268972511 0.0131724013 0.020395397 
30 0.0193332804 0.0247159893 0.0114006669 0.0167365653 0.0139598307 0.0272265523 0.008863513 0.0165288185 0.0106562363 0.0096627257 0.0165126397 0.0189500135 0.0192724074 0.0193427699 0.0146598206 0.0205005904 0.0139161489 0.012152544 0.0112722248 0.0131904462 0.0083396039 0.0172017632 0.026556084 0.0192043622 0.0281890491 0.0107653534 0.0053050999 0.0171983256 0.0075730867 0.0266416757 0.0146777566 0.0241366296 0.0122949558 0.0141216383 0.0103179412 0.0299431568 0.0128493756 0.0208077553 0.0173675853 0.019971655 0.0167598889 0.0164404253 0.0134437902 0.0168857294 0.0114832714 0.0081917674 0.0231829383 0.0151902569 0.0062157153 0.0121696945 0.014100088 0.0252669074 0.0020673669 0.0101875797 0.0056327231 0.0128190301 0.0224796347 0.0141807506 0.0167854207 0.0064069046 0.0146900303 0.0188750658 0.0142491428 0.0199792409 
31 0.0205885982 0.0129158208 0.0126352034 0.02178524 0.0093798387 0.0097953812 0.0128205523 0.0163574768 0.0323380271 0.0128147861 0.0193969617 0.0140860038 0.0183778854 0.0053317182 0.0092208897 0.0069125602 0.0156839857 0.0069651752 0.0161776454 0.0154000094 0.0125278461 0.0134946827 0.0188624356 0.0152320268 0.0307928544 0.0132550939 0.018523912 0.0221756743 0.02613976 0.0146777566 0.0167626166 0.0169853071 0.0198633813 0.0208851034 0.0168947783 0.0101194392 0.0152082831 0.016544408 0.013875184 0.0135797043 0.0213276857 0.0142489102 0.0173776327 0.0102000796 0.0196974734 0.006452181 0.0130913402 0.0213905929 0.018193123 0.0131703823 0.0181539649 0.0210547494 0.0098648345 0.0087036582 0.0202368009 0.0203340473 0.0148984369 0.0113236862 0.0164453239 0.0254864406 0.0129085421 0.0161891875 0.0098566615 0.0040102581 
32 0.0201854686 0.0183810716 0.0150382903 0.0252515866 0.0206168334 0.0189769075 0.029696443 0.0112810058 0.0058626908 0.0094250269 0.0124229583 0.0160799323 0.0185591486 0.0211939739 0.0080770566 0.0167800139 0.0185809257 0.0140369092 0.0134556928 0.0366147108 0.0118659877 0.0160501331 0.0244910017 0.0087033045 0.0164154741 0.0170577059 0.0042549845 0.007455394 0.0117549927 0.0241366296 0.0169853071 0.0159521937 0.0216538028 0.0279300864 0.0245980146 0.0143168952 0.0134197542 0.016565575 0.0221261427 0.0281926082 0.0151070084 0.0157984541 0.0029827962 0.009751563 0.018540593 0.0121987782 0.0154663605 0.0179700429 0.0091450777 0.0129017245 0.0087596683 0.0086025136 0.0151278996 0.0149584463 0.0160550063 0.0208704432 0.0090934409 0.0138933717 0.0096280441 0.0150289322 0.0232471091 0.0110867519 0.0037111051 0.0056322351 
33 0.00820661 0.0128751296 0.0169263021 0.0051732158 0.0286632083 0.0114290022 0.0255381265 0.0158697788 0.0086241318 0.0163518129 0.0092844004 0.0148566746 0.0139628697 0.0152330166 0.0266987496 0.0178231288 0.0315012676 0.0087225771 0.011455483 0.0138586218 0.0109965016 0.0135529234 0.0144558789 0.0211016768 0.0117280544 0.0140282262 0.0222462506 0.0167115848 0.009030182 0.0122949558 0.0198633813 0.0216538028 0.0270974215 0.0154647982 0.0260896927 0.0083230477 0.0167471058 0.0143196324 0.0076402321 0.0160822285 0.0182140745 0.0093431028 0.0204832408 0.0152904715 0.0141582925 0.0082859919 0.0226533445 0.0137750462 0.0151496278 0.0142408855 0.0145814416 0.0196436032 0.0122694568 0.0129986258 0.0068978622 0.0151420598 0.0138923166 0.0122948024 0.0230967114 0.0173327406 0.0173971864 0.0222369359 0.01011052 0.0180299745 
34 0.0114677994 0.0140554401 0.0071133378 0.0057036162 0.0153542131 0.0209326751 0.0160053072 0.0181230672 0.0171989804 0.0182764798 0.0161386489 0.0131968575 0.0091685522 0.018299722 0.021172878 0.0129699492 0.012017943 0.0161374743 0.0161101619 0.0236609715 0.0252547974 0.0256003938 0.0048929422 0.0126023589 0.0171943493 0.0121163585 0.0077791906 0.0284565649 0.0124825787 0.0141216383 0.0208851034 0.0279300864 0.0154647982 0.0047483421 0.0093775707 0.0259278048 0.0111460751 0.0124611028 0.0221443997 0.0290392106 0.0072722273 0.0106625592 0.0245299968 0.0086794262 0.0180614732 0.0077532841 0.0086443422 0.0104212345 0.0178620455 0.0239855923 0.0196394651 0.0150541742 0.0226182632 0.0156361946 0.0146845487 0.0098593489 0.0070185718 0.0098638794 0.0263779278 0.0170264261 0.013393553 0.0224846069 0.014332059 0.0114090584 
35 0.0339300877 0.0143274125 0.0159372347 0.0216246822 0.018106496 0.0144755347 0.018600626 0.0061439301 0.0072543801 0.0034329566 0.0010804976 0.0110033105 0.0131954891 0.01848085 0.0189338785 0.0251383065 0.0095551033 0.0277478032 0.0130102704 0.0100045805 0.0151689872 0.0163748328 0.0203694871 0.0175959402 0.0070490685 0.0039845038 0.013971039 0.014172147 0.0127349377 0.0103179412 0.0168947783 0.0245980146 0.0260896927 0.0093775707 0.0305568845 0.0115394798 0.0260470125 0.0150293155 0.021926784 0.0093181306 0.0230121942 0.0032030181 0.0144027781 0.0115347431 0.0120919506 0.0159628703 0.0137500224 0.0255394471 0.0076095977 0.0232366907 0.0293153387 0.0204758301 0.0156905857 0.0174349356 0.0217755208 0.0158592004 0.0186380426 0.0180198505 0.0131873462 0.0091133936 0.0120280784 0.0057039734 0.0171366122 0.0101780016 
36 0.0170313482 0.0126358054 0.0207876314 0.0026658259 0.0273246363 0.0261065911 0.0123056878 0.0140305981 0.0204408656 0.0132429462 0.008784323 0.0216895997 0.0159446907 0.0216508752 0.0177886131 0.0164026287 0.0269085496 0.0239339937 0.0058912545 0.0289148222 0.0123187859 0.0137673367 0.0124279691 0.0066664933 0.0183653865 0.0173722357 0.0101220392 0.0152338731 0.020132414 0.0299431568 0.0101194392 0.0143168952 0.0083230477 0.0259278048 0.0115394798 0.0 0.0094066897 0.0075019445 0.0114648161 0.0168891964 0.0189386585 0.0276110033 0.0093799964 0.0151044553 0.0093278566 0.0161128621 0.0074790928 0.0131048177 0.0187444281 0.0117692269 0.0158672701 0.0085137346 0.0071333293 0.004048632 0.0154533285 0.0121020678 0.0192910519 0.013468423 0.0192234122 0.0193020863 0.0245329198 0.02100513 0.026363878 0.0198020486 
37 0.012532629 0.0178110375 0.0236547547 0.0151519801 0.0180255911 0.0232216347 0.0069741592 0.0109559927 0.0264447115 0.0185348817 0.01870847 0.0143133296 0.0352046607 0.0197622497 0.0148159686 0.0127122244 0.0190883324 0.0186207265 0.0191932637 0.0131558369 0.0147518699 0.0116190176 0.0040462499 0.0128468845 0.0138160513 0.0176350124 0.0148044556 0.0114484189 0.0163902558 0.0128493756 0.0152082831 0.0134197542 0.0167471058 0.0111460751 0.0260470125 0.0094066897 0.0124094346 0.0126128766 0.009208916 0.0178651756 0.0174490884 0.0205457864 0.017065367 0.0175611482 0.0171383332 0.0111458429 0.0230371664 0.0134756293 0.0092290966 0.0140662977 0.0146986658 0.0156083654 0.0232467566 0.0238154257 0.0106527737 0.0104146968 0.0135884041 0.0069077246 0.0181199552 0.0201987177 0.0128509987 0.0095144964 0.0164165048 0.0100914091 
38 0.016143198 0.0139504319 0.0135291208 0.0132789032 0.0094534294 0.0162955876 0.0081865325 0.0084407932 0.0216661952 0.027875554 0.020809309 0.0228406746 0.0280222663 0.0212890338 0.0152170567 0.0167190632 0.0138728827 0.0150546589 0.0191126477 0.0119726944 0.025720307 0.0155528062 0.0241681304 0.0138934362 0.0069638528 0.0169353211 0.0058538856 0.011308703 0.0143124122 0.0208077553 0.016544408 0.016565575 0.0143196324 0.0124611028 0.0150293155 0.0075019445 0.0126128766 0.0310663643 0.012281353 0.00641391 0.016206831 0.0202314635 0.0261414825 0.0142935751 0.0160090142 0.0102378163 0.0162896105 0.0023281498 0.0088506509 0.0222607931 0.0121866591 0.0134466843 0.0242500584 0.0215852443 0.0358469944 0.0058160159 0.0210236378 0.0060470445 0.0092493649 0.004745869 0.0131931284 0.0210100284 0.0114141163 0.0132926422 
39 0.015075578 0.020426075 0.0108687653 0.0079446996 0.0124601667 0.005878318 0.0193708519 0.0117732776 0.0340538784 0.0140882164 0.0144662676 0.0199569533 0.0053310924 0.0070284399 0.0090618783 0.0133561987 0.0124116415 0.0171108129 0.020876731 0.0115580905 0.0161198326 0.0143753846 0.0140727332 0.0125436733 0.0165133805 0.0149640867 0.0146814461 0.0278567991 0.0210386539 0.0173675853 0.013875184 0.0221261427 0.0076402321 0.0221443997 0.021926784 0.0114648161 0.009208916 0.012281353 0.0123412679 0.0210215575 0.0073874143 0.0163814586 0.0305361521 0.0099319391 0.0256509493 0.0137791656 0.0194775632 0.0261118704 0.0147984028 0.0194946785 0.0098838028 0.0244317316 0.0106678367 0.0191980562 0.0195137627 0.0112356917 0.0131872545 0.0108570844 0.010235035 0.0121864913 0.0083307982 0.0208157604 0.0158265207 0.0234184183 
40 0.0131210385 0.0211509648 0.0126747783 0.0145914656 0.0173800439 0.0042530657 0.0222404832 0.0096479889 0.0148251217 0.0253994335 0.0191065627 0.0127941509 0.0126053822 0.0174845379 0.0139092666 0.01335995 0.0225087813 0.0111805626 0.0042227864 0.0017901205 0.019239316 0.0208921894 0.0252215542 0.0250338919 0.0159526372 0.0077056866 0.0209092591 0.0117257437 0.0127341562 0.019971655 0.0135797043 0.0281926082 0.0160822285 0.0290392106 0.0093181306 0.0168891964 0.0178651756 0.00641391 0.0210215575 0.0159212689 0.0104949271 0.0154404073 0.0161105438 0.0249103981 0.0059960633 0.0198305623 0.0089631446 0.015940609 0.0137418342 0.0097215697 0.0127592136 0.0073425706 0.0269646646 0.0300787357 0.0043778527 0.0248780962 0.0122149634 0.0129762967 0.0123488394 0.0228661277 0.01595893 0.0126895355 0.0117723635 0.0136661858 
41 0.006603118 0.0163049788 0.0227592841 0.0142528759 0.0254988825 0.0147737327 0.0192899191 0.011432997 0.0071132495 0.0251319509 0.0149763858 0.0095901906 0.018376106 0.0161131742 0.0226069231 0.0193638245 0.0144575215 0.0126563465 0.0126278785 0.0062993406 0.0155673129 0.0203461467 0.0162351669 0.0135837098 0.0136157702 0.0206937801 0.0096413869 0.021185244 0.0088140681 0.0167598889 0.0213276857 0.0151070084 0.0182140745 0.0072722273 0.0230121942 0.0189386585 0.0174490884 0.016206831 0.0073874143 0.0104949271 0.0045186855 0.0190446203 0.0107846939 0.0156625574 0.0078992087 0.0135060034 0.0066670774 0.0237178178 0.008244448 0.0204763082 0.015851121 0.0181418093 0.0202405696 0.0081481976 0.013174823 0.0415162728 0.0214148183 0.014146159 0.0175615171 0.0097876418 0.0153264211 0.0161616913 0.0213852721 0.0145410017 
42 0.0140447623 0.009737048 0.0041311031 0.0214334666 0.0273964543 0.0157828675 0.0216053113 0.0215285882 0.0179279125 0.0113318609 0.0143880101 0.0232071159 0.0178712155 0.0092066661 0.0179057546 0.0021191829 0.0176806878 0.0135129354 0.0178406145 0.0129430736 0.0281898257 0.006454698 0.0197499643 0.0243811113 0.006513904 0.0100761307 0.0134676837 0.0071452396 0.0084547634 0.0164404253 0.0142489102 0.0157984541 0.0093431028 0.0106625592 0.0032030181 0.0276110033 0.0205457864 0.0202314635 0.0163814586 0.0154404073 0.0190446203 0.0141918618 0.0252236092 0.0135784558 0.0120068282 0.0168931336 0.0148735843 0.0112752734 0.0138583927 0.0032972532 0.020105149 0.0124649694 0.0260875799 0.0065999022 0.019488092 0.0249906083 0.0151960046 0.0251278438 0.0205796284 0.0170875431 0.022837976 0.0170561656 0.0091341348 0.0130668497 
43 0.0119546794 0.01905475 0.0177516605 0.0158684755 0.0150048618 0.005938785 0.0133796093 0.011819088 0.0131635849 0.0153561071 0.0247766842 0.017288095 0.0090647935 0.0170434884 0.0204470554 0.0235627106 0.0215427028 0.0056043877 0.0178503578 0.0177189083 0.005137722 0.0277720327 0.0205008961 0.0123372474 0.0093696528 0.0222760957 0.0193010019 0.005640452 0.0133502446 0.0134437902 0.0173776327 0.0029827962 0.0204832408 0.0245299968 0.0144027781 0.0093799964 0.017065367 0.0261414825 0.0305361521 0.0161105438 0.0107846939 0.0252236092 0.0109716525 0.0217234907 0.0215105071 0.0154857409 0.008205729 0.008612197 0.0174300958 0.0077571987 0.0124182525 0.0131433375 0.0071355335 0.0168365442 0.0135754658 0.0093364778 0.0202668472 0.020068657 0.0130393358 0.0039701582 0.0248810952 0.0179413923 0.0227105018 0.0146415798 
44 0.0121199694 0.0207158547 0.0066249733 0.0131340301 0.0248233717 0.0161550426 0.0228872311 0.0075863569 0.0135269716 0.020918583 0.0062954896 0.0118802767 0.0322756603 0.0110001296 0.0112357001 0.0132297253 0.0196420556 0.0144378141 0.02074467 0.0238096541 0.0211022646 0.0109362471 0.010161092 0.0130397772 0.0047085298 0.0204281022 0.0187128222 0.0136092171 0.0237722824 0.0168857294 0.0102000796 0.009751563 0.0152904715 0.0086794262 0.0115347431 0.0151044553 0.0175611482 0.0142935751 0.0099319391 0.0249103981 0.0156625574 0.0135784558 0.0217234907 0.0114751725 0.0113549293 0.0196736233 0.0244018418 0.0073907535 0.0230439467 0.0205465201 0.019707755 0.0116363423 0.0119592344 0.0140822375 0.0118034742 0.0128522568 0.0192979988 0.0200101644 0.0118903905 0.0122039473 0.030150447 0.0198478866 0.0095620768 0.0124870746 
45 0.0115193703 0.0090723573 0.0147494584 0.0128016271 0.0131128923 0.0159233132 0.0213884605 0.0028947482 0.0094828953 0.0222895338 0.0159940962 0.0179727884 0.0154704663 0.0215967528 0.0181938529 0.0094548033 0.0119701098 0.0129111637 0.0202676366 0.0163076741 0.017769542 0.0305395479 0.0234303204 0.0090006942 0.0207608705 0.0039021881 0.013576349 0.0181424274 0.0134616214 0.0114832714 0.0196974734 0.018540593 0.0141582925 0.0180614732 0.0120919506 0.0093278566 0.0171383332 0.0160090142 0.0256509493 0.0059960633 0.0078992087 0.0120068282 0.0215105071 0.0113549293 0.0104056798 0.0096404241 0.0114230445 0.0182895425 0.0261934863 0.0129738655 0.0236667969 0.0094168493 0.0189414445 0.0201642237 0.0186640136 0.0097584172 0.0261253383 0.0114352555 0.0232231241 0.0167626384 0.0163141381 0.0318589563 0.0084284686 0.0114299874 
46 0.0141891684 0.0263730732 0.0243225797 0.0224454301 0.0164957114 0.0133468019 0.0197680364 0.0124640274 0.0056053891 0.0215725616 0.0140718648 0.0120244183 0.0166641598 0.0054095243 0.0255722916 0.0226428685 0.013749039 0.0345420087 0.0192110376 0.0223450842 0.0138379193 0.0169204675 0.0025897017 0.0338019416 0.0114613695 0.0071799827 0.0164555699 0.0133827586 0.0126675309 0.0081917674 0.006452181 0.0121987782 0.0082859919 0.0077532841 0.0159628703 0.0161128621 0.0111458429 0.0102378163 0.0137791656 0.0198305623 0.0135060034 0.0168931336 0.0154857409 0.0196736233 0.0096404241 0.0309099265 0.012732419 0.0097601242 0.0137679952 0.0173319691 0.0102875088 0.0233334136 0.015206301 0.0179093407 0.0234964867 0.0175904284 0.0105793692 0.0214082919 0.004842676 0.0091465741 0.0179489893 0.0136903758 0.0175684528 0.0162269926 
47 0.0211088254 0.0171720234 0.0465505141 0.0123111316 0.0167496194 0.0234312424 0.0082934011 0.0113797738 0.0046647676 0.0163495571 0.0042469317 0.0221780793 0.0109115233 0.0255790807 0.0012847264 0.0186640166 0.0190705732 0.0236975505 0.0147376835 0.033359308 0.0130329462 0.0070828917 0.0169394608 0.0217301262 0.021205128 0.0141543815 0.0163863736 0.0273183096 0.0102768635 0.0231829383 0.0130913402 0.0154663605 0.0226533445 0.0086443422 0.0137500224 0.0074790928 0.0230371664 0.0162896105 0.0194775632 0.0089631446 0.0066670774 0.0148735843 0.008205729 0.0244018418 0.0114230445 0.012732419 0.0103799404 0.0199482985 0.0138074356 0.014400035 0.0148546294 0.0206069466 0.0044668231 0.00744079 0.0267725265 0.0174954814 0.0100088771 0.0119414499 0.0160230758 0.0136467213 0.0075355617 0.0093189315 0.0088573557 0.0222896887 
48 0.0187690891 0.0205936276 0.0207971101 0.0076086032 0.0144444309 0.014270432 0.0196913544 0.0230585683 0.0226543791 0.0227085911 0.0181359845 0.0093514262 0.014917674 0.0053409994 0.0094368298 0.0188437076 0.014934307 0.0126628469 0.0208320739 0.0214241868 0.0064060091 0.0232856155 0.0208633223 0.017460706 0.0168278915 0.0116448256 0.0222399486 0.0175961406 0.018632009 0.0151902569 0.0213905929 0.0179700429 0.0137750462 0.0104212345 0.0255394471 0.0131048177 0.0134756293 0.0023281498 0.0261118704 0.015940609 0.0237178178 0.0112752734 0.008612197 0.0073907535 0.0182895425 0.0097601242 0.0199482985 0.0051115799 0.0118702126 0.0217581234 0.0086482457 0.019015451 0.0191678483 0.0125996134 0.0188805033 0.0194322927 0.0067766709 0.0090584245 0.0166770144 0.0114211839 0.0255493028 0.0041500216 0.0133904684 0.0168186495 
