45
1 0.0 0.022917225 0.0022259477 0.0162778771 0.0028900048 0.0075401158 0.0467778915 0.0285016114 0.0201198086 0.0334221343 0.021824347 0.03282942 0.0051062834 0.0343326712 0.0330896274 0.0298597529 0.0320967407 0.0321054676 0.0172235374 0.0225796296 0.0250935407 0.0341483345 0.0259888878 0.0191766283 0.0158127886 0.0220112828 0.0154072061 0.0284846881 0.017640482 0.0110391491 0.0214903162 0.0309850934 0.0216281749 0.0176223158 0.0211357812 0.0305676827 0.0288799472 0.0304784255 0.0385249426 0.0199483952 0.0164891885 0.0149334783 0.0251426809 0.0189486187 0.0067018774
2 0.022917225 0.0 0.0403295339 0.0093000318 0.0220024706 0.0265033655 0.0130999368 0.027715736 0.0160331522 0.0177736817 0.0107185694 0.0217575609 0.0219554792 0.0195596091 0.0232116853 0.0385326982 0.0200932305 0.0134332427 0.0311480942 0.0218642174 0.0229419806 0.0167691258 0.0171948248 0.0291807303 0.0141639053 0.0271598865 0.0234047628 0.0252073817 0.0164960252 0.016183124 0.0212913637 0.0277129369 0.0252420009 0.0157892125 0.0375471082 0.0384292221 0.0154951746 0.0131671694 0.02094016 0.0127697387 0.0216861241 0.0355305974 0.0130405926 0.0359866641 0.0387206678
3 0.0022259477 0.0403295339 0.0 0.0226426904 0.004392775 0.0351841017 0.0336572345 0.0226108698 0.0372167798 0.0284154399 0.0188930924 0.0250878123 0.0263259173 0.0087055199 0.0283715024 0.0079106612 0.017954509 0.0055613186 0.025335132 0.0307290812 0.0266460089 0.0213974252 0.0196019028 0.0299545291 0.0347193137 0.0261754044 0.0088583981 0.0085091591 0.0285258272 0.0207267343 0.0147434135 0.023541194 0.0164083697 0.0192104367 0.027236093 0.0197287657 0.020808236 0.017732426 0.02788256 0.0217953025 0.0370545297 0.0275655004 0.0313773675 0.0181168547 0.0301343291
4 0.0162778771 0.0093000318 0.0226426904 0.0 0.0345685725 0.0198952211 0.0241900417 0.0238623849 0.0252991398 0.0257180392 0.0194504929 0.0188239992 0.0248217247 0.0202717544 0.037609632 0.0255193328 0.020941126 0.0401364718 0.0311473574 0.0030792012 0.0155160432 0.0165506829 0.0433708323 0.007635555 0.0152789534 0.0298207465 0.0271970379 0.0228733019 0.0170341877 0.0250757149 0.0150344072 0.031460775 0.0261653531 0.0327447274 0.0100480297 0.0097497833 0.0193201214 0.028630402 0.0323094301 0.0261755749 0.0040429187 0.0180527454 0.0204875872 0.0335551989 0.0283147989
5 0.0028900048 0.0220024706 0.004392775 0.0345685725 0.0 0.0353399065 0.0313674289 0.0256273508 0.0110641071 0.0197705472 0.0351505377 0.0206497479 0.0230642931 0.0318744593 0.0230604778 0.0365829105 0.0153255565 0.0415383676 0.0251713973 0.0162243453 0.0142770981 0.0146855563 0.0212818341 0.0129240744 0.0433050976 0.0254256226 0.0259154677 0.0218147364 0.0171803111 0.0072023096 0.0214108771 0.0181324223 0.027382529 0.0096615845 0.0144248968 0.0326311665 0.0185007353 0.0356851631 0.0226911232 0.029082901 0.0144497206 0.0377756906 0.0288768073 0.0149531298 0.0146638887
6 0.0075401158 0.0265033655 0.0351841017 0.0198952211 0.0353399065 0.0 0.0237296069 0.0412371964 0.0025072009 0.0135568884 0.0346852661 0.0296276563 0.0233015799 0.007628176 0.034899479 0.0196487362 0.0277409932 0.0212604338 0.0124944435 0.0305483582 0.0291704512 0.0256097529 0.028010372 0.0233764616 0.0370263743 0.0218748006 0.0239546183 0.0050643162 0.0194587847 0.0195839069 0.0247356459 0.0168544273 0.026613248 0.0233055373 0.015256936 0.019642301 0.0295550503 0.0219926478 0.0124397844 0.0177820608 0.0355199941 0.0201793999 0.0160437389 0.0211302107 0.0184904537
7 0.0467778915 0.0130999368 0.0336572345 0.0241900417 0.0313674289 0.0237296069 0.0 0.0380712019 0.022621239 0.0168686974 0.0215453165 0.0094094816 0.0139841202 0.0046413677 0.0058248517 0.0394226852 0.0327736979 0.0214630531 0.0032890464 0.0144488939 0.0134394363 0.020382691 0.0204170563 0.0183736914 0.006292485 0.0134859292 0.0185732573 0.0201366697 0.0245266513 0.0346371598 0.028057833 0.0284970982 0.0341672 0.021816813 0.0330306004 0.0182652649 0.0173734298 0.0303477563 0.0323994593 0.0169495532 0.0219569034 0.0280407916 0.0174468193 0.0255327876 0.0386668705
8 0.0285016114 0.027715736 0.0226108698 0.0238623849 0.0256273508 0.0412371964 0.0380712019 0.0 0.0314654962 0.0361810755 0.0388078485 0.0192344506 0.016586554 0.0256540083 0.0299950965 0.0045377301 0.0321241125 0.0235503463 0.009443552 0.0274837938 0.0158505956 0.0027550644 0.0188533801 0.0396898385 0.0237054323 0.0163872023 0.0119513028 0.0366175124 0.0121770268 0.01172282 0.037502146 0.0083487054 0.0274663417 0.0237618451 0.02125006 0.0064383758 0.025283252 0.0260009171 0.010994495 0.0175109009 0.0327418894 0.0259999401 0.0231896624 0.0196235827 0.0014872955
9 0.0201198086 0.0160331522 0.0372167798 0.0252991398 0.0110641071 0.0025072009 0.022621239 0.0314654962 0.0 0.0257364806 0.0235887756 0.0069905723 0.0218100789 0.009834887 0.0327498123 0.0278482275 0.0237032835 0.0207748309 0.0419566189 0.0197504564 0.0169993523 0.0268914574 0.0207790933 0.0242855267 0.0214541226 0.0203469946 0.0235220894 0.0352844893 0.0324687318 0.0410468608 0.0238892306 0.0191997108 0.0084489499 0.0320267887 0.0228948801 0.0338711577 0.0361322509 0.0297208481 0.0242033996 0.0012636088 0.0113722458 0.0192227294 0.0115347009 0.0228419786 0.0192278542
10 0.0334221343 0.0177736817 0.0284154399 0.0257180392 0.0197705472 0.0135568884 0.0168686974 0.0361810755 0.0257364806 0.0 0.0183060154 0.0348715974 0.0256257576 0.024559489 0.0154371412 0.0133549006 0.031376732 0.0201670863 0.0223421646 0.0193443972 0.0059180378 0.0380233045 0.0340610198 0.0190659282 0.0040990847 0.0269999058 0.0155281762 0.0221965082 0.0241580398 0.0228488389 0.0096848165 0.0223741539 0.0238177466 0.0269400546 0.0294273909 0.0271195087 0.0243184213 0.0295000065 0.026247667 0.0317959119 0.0178380123 0.0213394123 0.0200077639 0.0108961494 0.0229658748
11 0.021824347 0.0107185694 0.0188930924 0.0194504929 0.0351505377 0.0346852661 0.0215453165 0.0388078485 0.0235887756 0.0183060154 0.0 0.0200170323 0.0382404738 0.0238227728 0.0231013609 0.0072805648 0.0327576988 0.0135709858 0.0320755616 0.0240913018 0.017470877 0.0083468695 0.0346428203 0.0272430678 0.0192330246 0.0233341454 0.0362536686 0.0293597974 0.017813395 0.0123476979 0.0278093445 0.0165796594 0.0044000991 0.0250820678 0.0110717477 0.0411772741 0.0082482319 0.0142228792 0.0305954919 0.014447722 0.0269443851 0.021825837 0.0233270098 0.0317145963 0.0185802767
12 0.03282942 0.0217575609 0.0250878123 0.0188239992 0.0206497479 0.0296276563 0.0094094816 0.0192344506 0.0069905723 0.0348715974 0.0200170323 0.0 0.0155550478 0.0073213549 0.0295989811 0.0384386624 0.025287566 0.0181316399 0.0188107407 0.027211019 0.032849199 0.009809022 0.0322861063 0.0178546699 0.0172516338 0.0227598828 0.0358045016 0.0279021982 0.0209486205 0.0323561135 0.013729336 0.022067668 0.0267370274 0.0155015528 0.0152143971 0.0185725389 0.0099163872 0.0250632104 0.0139967096 0.0350149684 0.0179449465 0.0366955545 0.0234064577 0.0216235309 0.0350394245
13 0.0051062834 0.0219554792 0.0263259173 0.0248217247 0.0230642931 0.0233015799 0.0139841202 0.016586554 0.0218100789 0.0256257576 0.0382404738 0.0155550478 0.0 0.034560053 0.020383165 0.0111554723 0.0227311639 0.0324325551 0.0386509266 0.0118558652 0.0252062901 0.0133725329 0.0403074097 0.007251327 0.0101739582 0.0360922973 0.0242687858 0.0158532504 0.0166620366 0.0217223854 0.0167148871 0.0293883552 0.0422807173 0.0258636932 0.0356377269 0.0176496969 0.0298244014 0.0197015043 0.0200834796 0.0176874387 0.0043391091 0.0235587028 0.0325257357 0.0293722448 0.0163155227
14 0.0343326712 0.0195596091 0.0087055199 0.0202717544 0.0318744593 0.007628176 0.0046413677 0.0256540083 0.009834887 0.024559489 0.0238227728 0.0073213549 0.034560053 0.0 0.0169893124 0.0189941061 0.0074907508 0.0185033492 0.0308837695 0.0231316197 0.0314581453 0.0244865611 0.0289920728 0.0206831915 0.0341479321 0.0194205751 0.0186206982 0.0238736702 0.0240676885 0.0291533606 0.0353605137 0.0370191151 0.0204440423 0.0237575463 0.0368949195 0.0289009541 0.0385319772 0.0235405079 0.003022669 0.0249192108 0.0353176122 0.0140535914 0.0315702845 0.006902716 0.0161014145
15 0.0330896274 0.0232116853 0.0283715024 0.037609632 0.0230604778 0.034899479 0.0058248517 0.0299950965 0.0327498123 0.0154371412 0.0231013609 0.0295989811 0.020383165 0.0169893124 0.0 0.0313600516 0.0324214021 0.018420331 0.0214739374 0.0204391191 0.0205072937 0.026823378 0.0012037619 0.0123138057 0.0444120341 0.0258945832 0.0298549175 0.0356667601 0.0175773536 0.0194783018 0.0054902485 0.0093296969 0.0360232259 0.0251536463 0.0409046812 0.0130359567 0.0227475625 0.0166524258 0.011037657 0.0258992877 0.010764205 0.0142102199 0.0302977066 0.0077173582 0.0185669662
16 0.0298597529 0.0385326982 0.0079106612 0.0255193328 0.0365829105 0.0196487362 0.0394226852 0.0045377301 0.0278482275 0.0133549006 0.0072805648 0.0384386624 0.0111554723 0.0189941061 0.0313600516 0.0 0.0124042288 0.0150782486 0.0229170713 0.0160432428 0.0179488462 0.0360327073 0.0102238455 0.017736052 0.0334994758 0.0293556125 0.0290399121 0.0387057956 0.0120140684 0.0256505836 0.0172365984 0.0252198397 0.0267946627 0.0320612525 0.0244529732 0.0153328309 0.0350704149 0.0355037004 0.0175041381 0.014184471 0.0215932225 0.0287601917 0.0129375496 0.013996206 0.0122557652
17 0.0320967407 0.0200932305 0.017954509 0.020941126 0.0153255565 0.0277409932 0.0327736979 0.0321241125 0.0237032835 0.031376732 0.0327576988 0.025287566 0.0227311639 0.0074907508 0.0324214021 0.0124042288 0.0 0.0248182238 0.0055500946 0.0275433651 0.0136924794 0.0291916982 0.0193460332 0.0112874267 0.0135852102 0.0334112637 0.031431735 0.0059044773 0.0335631634 0.0142848854 0.0418789362 0.0210005576 0.0354224309 0.0148695181 0.0241617757 0.0260273346 0.0084373776 0.0260912962 0.0119762049 0.0223545455 0.026861898 0.0160317693 0.0217319223 0.0120278753 0.0402937097
18 0.0321054676 0.0134332427 0.0055613186 0.0401364718 0.0415383676 0.0212604338 0.0214630531 0.0235503463 0.0207748309 0.0201670863 0.0135709858 0.0181316399 0.0324325551 0.0185033492 0.018420331 0.0150782486 0.0248182238 0.0 0.0247454893 0.02414643 0.0237881421 0.0231704109 0.0058676804 0.0416113448 0.0234702957 0.0129620602 0.0107387931 0.0169676924 0.0134432706 0.0267766752 0.028990346 0.042186355 0.0270021839 0.0174100622 0.0132750409 0.0328651271 0.0184925953 0.0202490465 0.0281655353 0.0209536171 0.0358329098 0.027715002 0.0325957112 0.0154905473 0.0101416834
19 0.0172235374 0.0311480942 0.025335132 0.0311473574 0.0251713973 0.0124944435 0.0032890464 0.009443552 0.0419566189 0.0223421646 0.0320755616 0.0188107407 0.0386509266 0.0308837695 0.0214739374 0.0229170713 0.0055500946 0.0247454893 0.0 0.0413365505 0.0354473161 0.0236090023 0.0088280171 0.0223702738 0.0138079342 0.0287127301 0.0006122155 0.0047408957 0.0354566851 0.0280110991 0.0151132796 0.0268482076 0.0142094447 0.0303094554 0.0120532995 0.0176937161 0.0203491365 0.0182271528 0.0334159253 0.0242078698 0.0221555391 0.0312903989 0.0302901039 0.0257008137 0.0205440031
20 0.0225796296 0.0218642174 0.0307290812 0.0030792012 0.0162243453 0.0305483582 0.0144488939 0.0274837938 0.0197504564 0.0193443972 0.0240913018 0.027211019 0.0118558652 0.0231316197 0.0204391191 0.0160432428 0.0275433651 0.02414643 0.0413365505 0.0 0.0319307212 0.0258603186 0.0142200899 0.0325684509 0.0192245556 0.0429618201 0.0141410575 0.0285803459 0.0219322967 0.0357713629 0.0190012548 0.0289163741 0.0103850131 0.039847292 0.0095598411 0.0102133666 0.0118654434 0.045273208 0.0235716293 0.0266170438 0.0179923912 0.0229902078 0.0172249821 0.0154477179 0.0120523279
21 0.0250935407 0.0229419806 0.0266460089 0.0155160432 0.0142770981 0.0291704512 0.0134394363 0.0158505956 0.0169993523 0.0059180378 0.017470877 0.032849199 0.0252062901 0.0314581453 0.0205072937 0.0179488462 0.0136924794 0.0237881421 0.0354473161 0.0319307212 0.0 0.0242840693 0.0168025772 0.0260748332 0.0072360682 0.0335223684 0.0229452436 0.0380464928 0.0305575036 0.0317963297 0.0228427851 0.0145066468 0.0319515951 0.0291506998 0.0286837556 0.0357907303 0.0263564685 0.027433112 0.0259685882 0.0161399584 0.0184399714 0.0209807367 0.0097854129 0.0208889764 0.0036632219
22 0.0341483345 0.0167691258 0.0213974252 0.0165506829 0.0146855563 0.0256097529 0.020382691 0.0027550644 0.0268914574 0.0380233045 0.0083468695 0.009809022 0.0133725329 0.0244865611 0.026823378 0.0360327073 0.0291916982 0.0231704109 0.0236090023 0.0258603186 0.0242840693 0.0 0.019251037 0.0213999276 0.016975618 0.0267602168 0.0243258475 0.0149152871 0.0175083725 0.0261644617 0.0360027937 0.0326016767 0.0144943106 0.0234090372 0.0202837651 0.0044823812 0.003889881 0.026468691 0.0377218933 0.0275631618 0.0307675611 0.0299193822 0.0264143026 0.0280395441 0.0284408852
23 0.0259888878 0.0171948248 0.0196019028 0.0433708323 0.0212818341 0.028010372 0.0204170563 0.0188533801 0.0207790933 0.0340610198 0.0346428203 0.0322861063 0.0403074097 0.0289920728 0.0012037619 0.0102238455 0.0193460332 0.0058676804 0.0088280171 0.0142200899 0.0168025772 0.019251037 0.0 0.0260142591 0.0199577454 0.0295751098 0.0327160922 0.0215355132 0.0130633349 0.0252736862 0.0062955123 0.0391907081 0.0368496993 0.0225385679 0.0023855866 0.0296435253 0.0219659457 0.0241835521 0.0233666025 0.0229371576 0.0222723408 0.0233432023 0.0206826548 0.0353529371 0.0193256121
24 0.0191766283 0.0291807303 0.0299545291 0.007635555 0.0129240744 0.0233764616 0.0183736914 0.0396898385 0.0242855267 0.0190659282 0.0272430678 0.0178546699 0.007251327 0.0206831915 0.0123138057 0.017736052 0.0112874267 0.0416113448 0.0223702738 0.0325684509 0.0260748332 0.0213999276 0.0260142591 0.0 0.0330530699 0.014367945 0.0302650296 0.026773913 0.0108812206 0.0345883155 0.0199552226 0.018157466 0.0289050861 0.0188118605 0.021012511 0.0295084314 0.006069848 0.003645916 0.0217292859 0.0388745243 0.0255562537 0.0358643911 0.0200442747 0.0089598145 0.0449040274
25 0.0158127886 0.0141639053 0.0347193137 0.0152789534 0.0433050976 0.0370263743 0.006292485 0.0237054323 0.0214541226 0.0040990847 0.0192330246 0.0172516338 0.0101739582 0.0341479321 0.0444120341 0.0334994758 0.0135852102 0.0234702957 0.0138079342 0.0192245556 0.0072360682 0.016975618 0.0199577454 0.0330530699 0.0 0.0133708432 0.0425173846 0.0297331955 0.0249300816 0.0097969805 0.0251745422 0.0192470919 0.0276724082 0.0202586913 0.0233228856 0.0210580503 0.0371763512 0.0099383116 0.0115099234 0.0226557396 0.043404776 0.0314108768 0.0132845035 0.0273014189 0.0243498312
26 0.0220112828 0.0271598865 0.0261754044 0.0298207465 0.0254256226 0.0218748006 0.0134859292 0.0163872023 0.0203469946 0.0269999058 0.0233341454 0.0227598828 0.0360922973 0.0194205751 0.0258945832 0.0293556125 0.0334112637 0.0129620602 0.0287127301 0.0429618201 0.0335223684 0.0267602168 0.0295751098 0.014367945 0.0133708432 0.0 0.0203216381 0.0215610998 0.0080937948 0.0320647464 0.0191071082 0.020414641 0.020833461 0.0210259583 0.0031199028 0.0138081586 0.0221806726 0.0262056855 0.0195834505 0.0273080005 0.0077793224 0.0280845317 0.0185374667 0.0272158421 0.0205652902
27 0.0154072061 0.0234047628 0.0088583981 0.0271970379 0.0259154677 0.0239546183 0.0185732573 0.0119513028 0.0235220894 0.0155281762 0.0362536686 0.0358045016 0.0242687858 0.0186206982 0.0298549175 0.0290399121 0.031431735 0.0107387931 0.0006122155 0.0141410575 0.0229452436 0.0243258475 0.0327160922 0.0302650296 0.0425173846 0.0203216381 0.0 0.0322434533 0.015599317 0.0223497455 0.0383223137 0.0240605876 0.0000582296000000000 0.0238459832 0.0268013141 0.0143257433 0.0317447218 0.0235987273 0.0175893757 0.0190143127 0.0349941907 0.0158570712 0.0232940867 0.0258371738 0.0122938154
28 0.0284846881 0.0252073817 0.0085091591 0.0228733019 0.0218147364 0.0050643162 0.0201366697 0.0366175124 0.0352844893 0.0221965082 0.0293597974 0.0279021982 0.0158532504 0.0238736702 0.0356667601 0.0387057956 0.0059044773 0.0169676924 0.0047408957 0.0285803459 0.0380464928 0.0149152871 0.0215355132 0.026773913 0.0297331955 0.0215610998 0.0322434533 0.0 0.0290340704 0.0226503719 0.0282876103 0.0083404198 0.0207859606 0.0247882631 0.0273384502 0.0286088764 0.0227565744 0.0093368514 0.02131574 0.0203591446 0.0219030571 0.0119333331 0.0120136868 0.0156453255 0.0363496634
29 0.017640482 0.0164960252 0.0285258272 0.0170341877 0.0171803111 0.0194587847 0.0245266513 0.0121770268 0.0324687318 0.0241580398 0.017813395 0.0209486205 0.0166620366 0.0240676885 0.0175773536 0.0120140684 0.0335631634 0.0134432706 0.0354566851 0.0219322967 0.0305575036 0.0175083725 0.0130633349 0.0108812206 0.0249300816 0.0080937948 0.015599317 0.0290340704 0.0 0.0121656006 0.0076780056 0.0202197677 0.0158730789 0.0165385267 0.0401791973 0.0208721072 0.0439789967 0.0379729282 0.0156127286 0.0303570359 0.0221496706 0.0389947444 0.0355335055 0.0372556368 0.0318061276
30 0.0110391491 0.016183124 0.0207267343 0.0250757149 0.0072023096 0.0195839069 0.0346371598 0.01172282 0.0410468608 0.0228488389 0.0123476979 0.0323561135 0.0217223854 0.0291533606 0.0194783018 0.0256505836 0.0142848854 0.0267766752 0.0280110991 0.0357713629 0.0317963297 0.0261644617 0.0252736862 0.0345883155 0.0097969805 0.0320647464 0.0223497455 0.0226503719 0.0121656006 0.0 0.0412890994 0.0280880339 0.0238951225 0.0215744861 0.0152071792 0.0121488669 0.0182582843 0.0054851801 0.0194078073 0.0342708468 0.0181856679 0.0150484841 0.0205347777 0.0287709101 0.0253659321
31 0.0214903162 0.0212913637 0.0147434135 0.0150344072 0.0214108771 0.0247356459 0.028057833 0.037502146 0.0238892306 0.0096848165 0.0278093445 0.013729336 0.0167148871 0.0353605137 0.0054902485 0.0172365984 0.0418789362 0.028990346 0.0151132796 0.0190012548 0.0228427851 0.0360027937 0.0062955123 0.0199552226 0.0251745422 0.0191071082 0.0383223137 0.0282876103 0.0076780056 0.0412890994 0.0 0.0250966069 0.0364258761 0.0216501005 0.0186183535 0.0229954955 0.0266778824 0.0215606779 0.0334048566 0.0167589608 0.0110119323 0.0114326114 0.0221925699 0.0268025926 0.0212516958
32 0.0309850934 0.0277129369 0.023541194 0.031460775 0.0181324223 0.0168544273 0.0284970982 0.0083487054 0.0191997108 0.0223741539 0.0165796594 0.022067668 0.0293883552 0.0370191151 0.0093296969 0.0252198397 0.0210005576 0.042186355 0.0268482076 0.0289163741 0.0145066468 0.0326016767 0.0391907081 0.018157466 0.0192470919 0.020414641 0.0240605876 0.0083404198 0.0202197677 0.0280880339 0.0250966069 0.0 0.024421502 0.0243204444 0.020602122 0.0158759293 0.016303559 0.0177779179 0.0348434364 0.015998649 0.0042558714 0.0128293499 0.0402707514 0.0252956623 0.011618813
33 0.0216281749 0.0252420009 0.0164083697 0.0261653531 0.027382529 0.026613248 0.0341672 0.0274663417 0.0084489499 0.0238177466 0.0044000991 0.0267370274 0.0422807173 0.0204440423 0.0360232259 0.0267946627 0.0354224309 0.0270021839 0.0142094447 0.0103850131 0.0319515951 0.0144943106 0.0368496993 0.0289050861 0.0276724082 0.020833461 0.0000582296000000000 0.0207859606 0.0158730789 0.0238951225 0.0364258761 0.024421502 0.0 0.0074535896 0.0288202791 0.0242768242 0.0042465594 0.0160585068 0.0177799392 0.0397295718 0.0151964776 0.0321630288 0.0211232106 0.0114007813 0.0185461403
34 0.0176223158 0.0157892125 0.0192104367 0.0327447274 0.0096615845 0.0233055373 0.021816813 0.0237618451 0.0320267887 0.0269400546 0.0250820678 0.0155015528 0.0258636932 0.0237575463 0.0251536463 0.0320612525 0.0148695181 0.0174100622 0.0303094554 0.039847292 0.0291506998 0.0234090372 0.0225385679 0.0188118605 0.0202586913 0.0210259583 0.0238459832 0.0247882631 0.0165385267 0.0215744861 0.0216501005 0.0243204444 0.0074535896 0.0 0.0220631223 0.027126653 0.0246353797 0.0163667761 0.0304169064 0.0212085388 0.0132349081 0.0338481314 0.0189120831 0.019383601 0.0247022893
35 0.0211357812 0.0375471082 0.027236093 0.0100480297 0.0144248968 0.015256936 0.0330306004 0.02125006 0.0228948801 0.0294273909 0.0110717477 0.0152143971 0.0356377269 0.0368949195 0.0409046812 0.0244529732 0.0241617757 0.0132750409 0.0120532995 0.0095598411 0.0286837556 0.0202837651 0.0023855866 0.021012511 0.0233228856 0.0031199028 0.0268013141 0.0273384502 0.0401791973 0.0152071792 0.0186183535 0.020602122 0.0288202791 0.0220631223 0.0 0.0404093217 0.031416334 0.0092598649 0.0262552022 0.0180643315 0.0267607059 0.0093816438 0.0198463977 0.0367057157 0.027983879
36 0.0305676827 0.0384292221 0.0197287657 0.0097497833 0.0326311665 0.019642301 0.0182652649 0.0064383758 0.0338711577 0.0271195087 0.0411772741 0.0185725389 0.0176496969 0.0289009541 0.0130359567 0.0153328309 0.0260273346 0.0328651271 0.0176937161 0.0102133666 0.0357907303 0.0044823812 0.0296435253 0.0295084314 0.0210580503 0.0138081586 0.0143257433 0.0286088764 0.0208721072 0.0121488669 0.0229954955 0.0158759293 0.0242768242 0.027126653 0.0404093217 0.0 0.0191936865 0.0319265702 0.0199455183 0.019924695 0.0283734782 0.0075552953 0.0074561347 0.0355850434 0.031196459
37 0.0288799472 0.0154951746 0.020808236 0.0193201214 0.0185007353 0.0295550503 0.0173734298 0.025283252 0.0361322509 0.0243184213 0.0082482319 0.0099163872 0.0298244014 0.0385319772 0.0227475625 0.0350704149 0.0084373776 0.0184925953 0.0203491365 0.0118654434 0.0263564685 0.003889881 0.0219659457 0.006069848 0.0371763512 0.0221806726 0.0317447218 0.0227565744 0.0439789967 0.0182582843 0.0266778824 0.016303559 0.0042465594 0.0246353797 0.031416334 0.0191936865 0.0 0.0325940329 0.0261981256 0.0288453564 0.0328026571 0.0219693887 0.0206247712 0.034026709 0.0069376672
38 0.0304784255 0.0131671694 0.017732426 0.028630402 0.0356851631 0.0219926478 0.0303477563 0.0260009171 0.0297208481 0.0295000065 0.0142228792 0.0250632104 0.0197015043 0.0235405079 0.0166524258 0.0355037004 0.0260912962 0.0202490465 0.0182271528 0.045273208 0.027433112 0.026468691 0.0241835521 0.003645916 0.0099383116 0.0262056855 0.0235987273 0.0093368514 0.0379729282 0.0054851801 0.0215606779 0.0177779179 0.0160585068 0.0163667761 0.0092598649 0.0319265702 0.0325940329 0.0 0.0260763104 0.0220984464 0.0138220677 0.0100493076 0.0362705174 0.0158433398 0.0282460159
39 0.0385249426 0.02094016 0.02788256 0.0323094301 0.0226911232 0.0124397844 0.0323994593 0.010994495 0.0242033996 0.026247667 0.0305954919 0.0139967096 0.0200834796 0.003022669 0.011037657 0.0175041381 0.0119762049 0.0281655353 0.0334159253 0.0235716293 0.0259685882 0.0377218933 0.0233666025 0.0217292859 0.0115099234 0.0195834505 0.0175893757 0.02131574 0.0156127286 0.0194078073 0.0334048566 0.0348434364 0.0177799392 0.0304169064 0.0262552022 0.0199455183 0.0261981256 0.0260763104 0.0 0.0219314803 0.0161879028 0.015032936 0.0151650906 0.0271778776 0.0337765613
40 0.0199483952 0.0127697387 0.0217953025 0.0261755749 0.029082901 0.0177820608 0.0169495532 0.0175109009 0.0012636088 0.0317959119 0.014447722 0.0350149684 0.0176874387 0.0249192108 0.0258992877 0.014184471 0.0223545455 0.0209536171 0.0242078698 0.0266170438 0.0161399584 0.0275631618 0.0229371576 0.0388745243 0.0226557396 0.0273080005 0.0190143127 0.0203591446 0.0303570359 0.0342708468 0.0167589608 0.015998649 0.0397295718 0.0212085388 0.0180643315 0.019924695 0.0288453564 0.0220984464 0.0219314803 0.0 0.0274841557 0.0264308141 0.0230213129 0.024506569 0.0131571136
41 0.0164891885 0.0216861241 0.0370545297 0.0040429187 0.0144497206 0.0355199941 0.0219569034 0.0327418894 0.0113722458 0.0178380123 0.0269443851 0.0179449465 0.0043391091 0.0353176122 0.010764205 0.0215932225 0.026861898 0.0358329098 0.0221555391 0.0179923912 0.0184399714 0.0307675611 0.0222723408 0.0255562537 0.043404776 0.0077793224 0.0349941907 0.0219030571 0.0221496706 0.0181856679 0.0110119323 0.0042558714 0.0151964776 0.0132349081 0.0267607059 0.0283734782 0.0328026571 0.0138220677 0.0161879028 0.0274841557 0.0 0.0257288405 0.0373925836 0.02448533 0.0449125324
42 0.0149334783 0.0355305974 0.0275655004 0.0180527454 0.0377756906 0.0201793999 0.0280407916 0.0259999401 0.0192227294 0.0213394123 0.021825837 0.0366955545 0.0235587028 0.0140535914 0.0142102199 0.0287601917 0.0160317693 0.027715002 0.0312903989 0.0229902078 0.0209807367 0.0299193822 0.0233432023 0.0358643911 0.0314108768 0.0280845317 0.0158570712 0.0119333331 0.0389947444 0.0150484841 0.0114326114 0.0128293499 0.0321630288 0.0338481314 0.0093816438 0.0075552953 0.0219693887 0.0100493076 0.015032936 0.0264308141 0.0257288405 0.0 0.0143416053 0.012903146 0.0291253871
43 0.0251426809 0.0130405926 0.0313773675 0.0204875872 0.0288768073 0.0160437389 0.0174468193 0.0231896624 0.0115347009 0.0200077639 0.0233270098 0.0234064577 0.0325257357 0.0315702845 0.0302977066 0.0129375496 0.0217319223 0.0325957112 0.0302901039 0.0172249821 0.0097854129 0.0264143026 0.0206826548 0.0200442747 0.0132845035 0.0185374667 0.0232940867 0.0120136868 0.0355335055 0.0205347777 0.0221925699 0.0402707514 0.0211232106 0.0189120831 0.0198463977 0.0074561347 0.0206247712 0.0362705174 0.0151650906 0.0230213129 0.0373925836 0.0143416053 0.0 0.0335121762 0.0266909392
44 0.0189486187 0.0359866641 0.0181168547 0.0335551989 0.0149531298 0.0211302107 0.0255327876 0.0196235827 0.0228419786 0.0108961494 0.0317145963 0.0216235309 0.0293722448 0.006902716 0.0077173582 0.013996206 0.0120278753 0.0154905473 0.0257008137 0.0154477179 0.0208889764 0.0280395441 0.0353529371 0.0089598145 0.0273014189 0.0272158421 0.0258371738 0.0156453255 0.0372556368 0.0287709101 0.0268025926 0.0252956623 0.0114007813 0.019383601 0.0367057157 0.0355850434 0.034026709 0.0158433398 0.0271778776 0.024506569 0.02448533 0.012903146 0.0335121762 0.0 0.0155250954
45 0.0067018774 0.0387206678 0.0301343291 0.0283147989 0.0146638887 0.0184904537 0.0386668705 0.0014872955 0.0192278542 0.0229658748 0.0185802767 0.0350394245 0.0163155227 0.0161014145 0.0185669662 0.0122557652 0.0402937097 0.0101416834 0.0205440031 0.0120523279 0.0036632219 0.0284408852 0.0193256121 0.0449040274 0.0243498312 0.0205652902 0.0122938154 0.0363496634 0.0318061276 0.0253659321 0.0212516958 0.011618813 0.0185461403 0.0247022893 0.027983879 0.031196459 0.0069376672 0.0282460159 0.0337765613 0.0131571136 0.0449125324 0.0291253871 0.0266909392 0.0155250954 0.0
