32
1 0.0898039192 0.0438866372 0.0495561078 0.0259203847 0.0073448645 0.02619203 0.0583097371 0.0423924758 0.0152462348 0.0202071024 0.0150810229 0.0132369047 0.050954255 0.0242310675 0.0188739344 0.030354172 0.0133252905 0.0246181993 0.0219140154 0.0169744692 0.0630552657 0.0320294977 0.0183986434 0.011534597 0.0610747888 0.0206040191 0.017498796 0.0283061345 0.0280110876 0.0447601595 0.0203530788 0.0459511076 
2 0.0438866372 0.0295266287 0.0085740819 0.0257437834 0.0233326749 0.0201962326 0.0170227303 0.0384634888 0.0387899201 0.045267681 0.0214568691 0.0316682607 0.0158716372 0.0189968544 0.0325149182 0.0473465572 0.0147444456 0.0420927985 0.03542032 0.0313667445 0.0205968306 0.0422988686 0.0461367116 0.0161744344 0.015028088 0.0387430245 0.0532524017 0.0333102187 0.0206626172 0.0424473835 0.0584045903 0.0306615664 
3 0.0495561078 0.0085740819 0.0603184935 0.0196227786 0.0307417992 0.0160115054 0.0414531039 0.0349902618 0.0366136734 0.0338893705 0.056847853 0.0339380484 0.0481826799 0.0643917656 0.0068765023 0.0274472977 0.0112662963 0.0447387574 0.0257154549 0.0291111642 0.0465171068 0.0311989518 0.0110365705 0.0129818381 0.0167066418 0.0244135388 0.0137149821 0.0311856068 0.0579548503 0.0154240538 0.0176563029 0.0409225604 
4 0.0259203847 0.0257437834 0.0196227786 0.0071943812 0.0342621639 0.0211576721 0.0390943844 0.0268654703 0.0307685508 0.0233128545 0.0280089957 0.0345611436 0.0668701302 0.0258802863 0.0393695596 0.045972071 0.0239831597 0.0301196256 0.0141726479 0.0285097844 0.0396231572 0.0425261176 0.0164752606 0.0411451143 0.0288470934 0.0501269919 0.0245024487 0.0237048929 0.0194030271 0.0334854695 0.0357114574 0.0530591417 
5 0.0073448645 0.0233326749 0.0307417992 0.0342621639 0.0245838827 0.0412272641 0.0199843937 0.0420763575 0.0080368483 0.0379743083 0.0369509314 0.0289124808 0.0171270553 0.0075915442 0.0233782457 0.0423337622 0.038699355 0.0417364614 0.0259692452 0.0356815008 0.0389072059 0.0399220789 0.0597748988 0.0198355109 0.0329008131 0.0314426692 0.0337231072 0.0320880442 0.0183326107 0.0470989319 0.0433173754 0.0347116145 
6 0.02619203 0.0201962326 0.0160115054 0.0211576721 0.0412272641 0.050050512 0.0456697426 0.0177487042 0.0300566458 0.0209046403 0.0354996194 0.0206986729 0.0386947293 0.0191275211 0.0289711288 0.0444675367 0.0353948687 0.0285955194 0.0646247021 0.0290624272 0.0426523566 0.0201939441 0.0359890752 0.0456533889 0.0221202522 0.0311510649 0.0186639429 0.0417882471 0.032195448 0.0284386542 0.0228797041 0.0239222473 
7 0.0583097371 0.0170227303 0.0414531039 0.0390943844 0.0199843937 0.0456697426 0.0162859237 0.0400265298 0.0292703906 0.0454636923 0.0452736876 0.0092829736 0.0314082229 0.0330240476 0.0237227211 0.01785186 0.0606156019 0.0157357738 0.0316621857 0.0236973314 0.01044163 0.0600308005 0.018420786 0.0206127302 0.0267830425 0.0255022443 0.0571771926 0.019303556 0.0261736198 0.0396455474 0.0287204692 0.0223333475 
8 0.0423924758 0.0384634888 0.0349902618 0.0268654703 0.0420763575 0.0177487042 0.0400265298 0.0248050377 0.047587997 0.0280266324 0.0140592057 0.0349451519 0.0298244511 0.0534849937 0.0430891126 0.0228656853 0.042025647 0.0285530289 0.0312078371 0.0289512833 0.0355509393 0.031176242 0.0312325227 0.0298668883 0.0321351651 0.0283347723 0.0071199899 0.0298718001 0.0360697394 0.0152579348 0.039595471 0.0117991833 
9 0.0152462348 0.0387899201 0.0366136734 0.0307685508 0.0080368483 0.0300566458 0.0292703906 0.047587997 0.0313755193 0.0530777849 0.0153904417 0.0368589366 0.0277289377 0.0280574621 0.0276029607 0.0204866462 0.0545850329 0.0132873976 0.021001016 0.0399906875 0.0199914092 0.0516921236 0.0319912673 0.011263805 0.0172045194 0.0500659328 0.0427149758 0.0351946949 0.0324790335 0.0433887269 0.0366404261 0.0215600011 
10 0.0202071024 0.045267681 0.0338893705 0.0233128545 0.0379743083 0.0209046403 0.0454636923 0.0280266324 0.0530777849 0.0244907282 0.0018464531 0.0286740682 0.0114127505 0.0369153838 0.0175580587 0.0329646009 0.0185818836 0.046362478 0.0652625879 0.0468907969 0.0189490551 0.014783964 0.0380513999 0.0410552328 0.0285104753 0.0325583957 0.027079072 0.0377038054 0.0568130102 0.0127321458 0.0408805513 0.011799036 
11 0.0150810229 0.0214568691 0.056847853 0.0280089957 0.0369509314 0.0354996194 0.0452736876 0.0140592057 0.0153904417 0.0018464531 0.0210339639 0.025673156 0.0192274472 0.0283459181 0.0350942637 0.0451463586 0.0143674379 0.0227775443 0.0192912067 0.0204456265 0.0455744783 0.0213296601 0.0137750423 0.060254132 0.0518393917 0.0420079734 0.0725657819 0.0299242006 0.0363169801 0.0263530951 0.0185933248 0.059647937 
12 0.0132369047 0.0316682607 0.0339380484 0.0345611436 0.0289124808 0.0206986729 0.0092829736 0.0349451519 0.0368589366 0.0286740682 0.025673156 0.0645836417 0.0590740909 0.0377282384 0.0118263209 0.0285181656 0.0399249515 0.0129571046 0.0419795644 0.0138990306 0.0082229913 0.034777015 0.042311482 0.0232073627 0.0229761119 0.0381996924 0.0341027665 0.0337176347 0.0190771422 0.0263008402 0.0271466964 0.0810193588 
13 0.050954255 0.0158716372 0.0481826799 0.0668701302 0.0171270553 0.0386947293 0.0314082229 0.0298244511 0.0277289377 0.0114127505 0.0192274472 0.0590740909 0.0269645397 0.0418546786 0.0195096625 0.0125996496 0.034150886 0.012652471 0.0240630487 0.0368580764 0.0156728932 0.0190653429 0.0515937768 0.0217839368 0.035358353 0.0383099494 0.0349455853 0.0176361129 0.0343549172 0.0286430068 0.0529791949 0.0246275313 
14 0.0242310675 0.0189968544 0.0643917656 0.0258802863 0.0075915442 0.0191275211 0.0330240476 0.0534849937 0.0280574621 0.0369153838 0.0283459181 0.0377282384 0.0418546786 0.0137647932 0.0236098359 0.0572795117 0.0429874723 0.0229089817 0.0587621681 0.0250165701 0.0288687596 0.0249739657 0.0255918155 0.0333942481 0.0280046408 0.0543281432 0.0178568094 0.0283482872 0.0290935318 0.0313781783 0.0207344028 0.0134681232 
15 0.0188739344 0.0325149182 0.0068765023 0.0393695596 0.0233782457 0.0289711288 0.0237227211 0.0430891126 0.0276029607 0.0175580587 0.0350942637 0.0118263209 0.0195096625 0.0236098359 0.0249625686 0.0223471485 0.0501985907 0.0345649597 0.0231455571 0.0583997587 0.0394127919 0.0224768724 0.0271446761 0.060497414 0.0720160169 0.0109689087 0.0564454769 0.0148461581 0.0314171079 0.0362111234 0.0365986421 0.0263490034 
16 0.030354172 0.0473465572 0.0274472977 0.045972071 0.0423337622 0.0444675367 0.01785186 0.0228656853 0.0204866462 0.0329646009 0.0451463586 0.0285181656 0.0125996496 0.0572795117 0.0223471485 0.0153013255 0.0260550094 0.032388602 0.0374417019 0.0187378966 0.0499542025 0.0094191036 0.0597373978 0.0403913521 0.0272074487 0.0218450314 0.0392057466 0.030771507 0.0360385116 0.0266314353 0.0174610023 0.0134317026 
17 0.0133252905 0.0147444456 0.0112662963 0.0239831597 0.038699355 0.0353948687 0.0606156019 0.042025647 0.0545850329 0.0185818836 0.0143674379 0.0399249515 0.034150886 0.0429874723 0.0501985907 0.0260550094 0.0242259021 0.0403701404 0.0199638339 0.0291405888 0.0217403932 0.0351463089 0.0394978151 0.0120588791 0.0430202573 0.0211187466 0.0281491548 0.0231517545 0.0303789148 0.0395056189 0.0299134933 0.0417122692 
18 0.0246181993 0.0420927985 0.0447387574 0.0301196256 0.0417364614 0.0285955194 0.0157357738 0.0285530289 0.0132873976 0.046362478 0.0227775443 0.0129571046 0.012652471 0.0229089817 0.0345649597 0.032388602 0.0403701404 0.0298250784 0.0236290593 0.0271523205 0.030488304 0.0499429198 0.036468678 0.0196799479 0.057367247 0.028455249 0.0299053479 0.0434801789 0.0305712611 0.0204151369 0.0431365394 0.0350228886 
19 0.0219140154 0.03542032 0.0257154549 0.0141726479 0.0259692452 0.0646247021 0.0316621857 0.0312078371 0.021001016 0.0652625879 0.0192912067 0.0419795644 0.0240630487 0.0587621681 0.0231455571 0.0374417019 0.0199638339 0.0236290593 0.0256410619 0.0667381458 0.0397410678 0.0125771413 0.0428539679 0.0491146478 0.0214591238 0.021508899 0.0255454372 0.0268837561 0.0233208766 0.0354894016 0.0104450528 0.0134552682 
20 0.0169744692 0.0313667445 0.0291111642 0.0285097844 0.0356815008 0.0290624272 0.0236973314 0.0289512833 0.0399906875 0.0468907969 0.0204456265 0.0138990306 0.0368580764 0.0250165701 0.0583997587 0.0187378966 0.0291405888 0.0271523205 0.0667381458 0.0598638191 0.0247325236 0.020991378 0.0194631609 0.0246965742 0.0170798806 0.017110146 0.0360071903 0.0255036263 0.0371593681 0.0332652144 0.0650004078 0.0125025073 
21 0.0630552657 0.0205968306 0.0465171068 0.0396231572 0.0389072059 0.0426523566 0.01044163 0.0355509393 0.0199914092 0.0189490551 0.0455744783 0.0082229913 0.0156728932 0.0288687596 0.0394127919 0.0499542025 0.0217403932 0.030488304 0.0397410678 0.0247325236 0.0271135634 0.0425066842 0.0170370794 0.0450196165 0.0208520106 0.0290542769 0.007621459 0.0512006723 0.0237641894 0.0538211654 0.0139675499 0.0273483711 
22 0.0320294977 0.0422988686 0.0311989518 0.0425261176 0.0399220789 0.0201939441 0.0600308005 0.031176242 0.0516921236 0.014783964 0.0213296601 0.034777015 0.0190653429 0.0249739657 0.0224768724 0.0094191036 0.0351463089 0.0499429198 0.0125771413 0.020991378 0.0425066842 0.011488958 0.0067823667 0.0223303751 0.0470588253 0.0381867682 0.0323733576 0.017571974 0.071900076 0.0401344366 0.0307119877 0.022401894 
23 0.0183986434 0.0461367116 0.0110365705 0.0164752606 0.0597748988 0.0359890752 0.018420786 0.0312325227 0.0319912673 0.0380513999 0.0137750423 0.042311482 0.0515937768 0.0255918155 0.0271446761 0.0597373978 0.0394978151 0.036468678 0.0428539679 0.0194631609 0.0170370794 0.0067823667 0.0320584026 0.0237360121 0.0213060071 0.0153503374 0.019057448 0.0607682943 0.0260024171 0.0212159887 0.0371701613 0.0535705369 
24 0.011534597 0.0161744344 0.0129818381 0.0411451143 0.0198355109 0.0456533889 0.0206127302 0.0298668883 0.011263805 0.0410552328 0.060254132 0.0232073627 0.0217839368 0.0333942481 0.060497414 0.0403913521 0.0120588791 0.0196799479 0.0491146478 0.0246965742 0.0450196165 0.0223303751 0.0237360121 0.0233250095 0.0415092304 0.0247042953 0.0384237321 0.0378776134 0.0193824029 0.0380248107 0.0517918726 0.0386729947 
25 0.0610747888 0.015028088 0.0167066418 0.0288470934 0.0329008131 0.0221202522 0.0267830425 0.0321351651 0.0172045194 0.0285104753 0.0518393917 0.0229761119 0.035358353 0.0280046408 0.0720160169 0.0272074487 0.0430202573 0.057367247 0.0214591238 0.0170798806 0.0208520106 0.0470588253 0.0213060071 0.0415092304 0.037119501 0.0420091664 0.0251963474 0.0240880279 0.0173943986 0.0201027834 0.0281981904 0.0175261602 
26 0.0206040191 0.0387430245 0.0244135388 0.0501269919 0.0314426692 0.0311510649 0.0255022443 0.0283347723 0.0500659328 0.0325583957 0.0420079734 0.0381996924 0.0383099494 0.0543281432 0.0109689087 0.0218450314 0.0211187466 0.028455249 0.021508899 0.017110146 0.0290542769 0.0381867682 0.0153503374 0.0247042953 0.0420091664 0.0643089083 0.0242219526 0.0436837946 0.0406399702 0.0147664549 0.011644647 0.0246340357 
27 0.017498796 0.0532524017 0.0137149821 0.0245024487 0.0337231072 0.0186639429 0.0571771926 0.0071199899 0.0427149758 0.027079072 0.0725657819 0.0341027665 0.0349455853 0.0178568094 0.0564454769 0.0392057466 0.0281491548 0.0299053479 0.0255454372 0.0360071903 0.007621459 0.0323733576 0.019057448 0.0384237321 0.0251963474 0.0242219526 0.0589842588 0.0402742322 0.0268739644 0.0327957153 0.0085897158 0.0154116109 
28 0.0283061345 0.0333102187 0.0311856068 0.0237048929 0.0320880442 0.0417882471 0.019303556 0.0298718001 0.0351946949 0.0377038054 0.0299242006 0.0337176347 0.0176361129 0.0283482872 0.0148461581 0.030771507 0.0231517545 0.0434801789 0.0268837561 0.0255036263 0.0512006723 0.017571974 0.0607682943 0.0378776134 0.0240880279 0.0436837946 0.0402742322 0.0112684343 0.0181997691 0.0188048821 0.0189313438 0.0706107449 
29 0.0280110876 0.0206626172 0.0579548503 0.0194030271 0.0183326107 0.032195448 0.0261736198 0.0360697394 0.0324790335 0.0568130102 0.0363169801 0.0190771422 0.0343549172 0.0290935318 0.0314171079 0.0360385116 0.0303789148 0.0305712611 0.0233208766 0.0371593681 0.0237641894 0.071900076 0.0260024171 0.0193824029 0.0173943986 0.0406399702 0.0268739644 0.0181997691 0.0283602546 0.0302212017 0.024374675 0.0370630258 
30 0.0447601595 0.0424473835 0.0154240538 0.0334854695 0.0470989319 0.0284386542 0.0396455474 0.0152579348 0.0433887269 0.0127321458 0.0263530951 0.0263008402 0.0286430068 0.0313781783 0.0362111234 0.0266314353 0.0395056189 0.0204151369 0.0354894016 0.0332652144 0.0538211654 0.0401344366 0.0212159887 0.0380248107 0.0201027834 0.0147664549 0.0327957153 0.0188048821 0.0302212017 0.0469397393 0.0269657244 0.0293350391 
31 0.0203530788 0.0584045903 0.0176563029 0.0357114574 0.0433173754 0.0228797041 0.0287204692 0.039595471 0.0366404261 0.0408805513 0.0185933248 0.0271466964 0.0529791949 0.0207344028 0.0365986421 0.0174610023 0.0299134933 0.0431365394 0.0104450528 0.0650004078 0.0139675499 0.0307119877 0.0371701613 0.0517918726 0.0281981904 0.011644647 0.0085897158 0.0189313438 0.024374675 0.0269657244 0.0360167577 0.0454691914 
32 0.0459511076 0.0306615664 0.0409225604 0.0530591417 0.0347116145 0.0239222473 0.0223333475 0.0117991833 0.0215600011 0.011799036 0.059647937 0.0810193588 0.0246275313 0.0134681232 0.0263490034 0.0134317026 0.0417122692 0.0350228886 0.0134552682 0.0125025073 0.0273483711 0.022401894 0.0535705369 0.0386729947 0.0175261602 0.0246340357 0.0154116109 0.0706107449 0.0370630258 0.0293350391 0.0454691914 0.0 
