10
1 0.0 0.0264980219 0.0711494425 0.1226491713 0.1781323 0.1334945762 0.1402592653 0.192299728 0.0416232108 0.0938942843
2 0.0264980219 0.0 0.1687440733 0.1228211604 0.0886290085 0.1184457088 0.1030807973 0.1875870237 0.0789526007 0.1052416056
3 0.0711494425 0.1687440733 0.0 0.0708726865 0.0608945285 0.0636313216 0.1370586671 0.1865616223 0.1447317854 0.0963558728
4 0.1226491713 0.1228211604 0.0708726865 0.0 0.1334104256 0.1318980541 0.1318745241 0.0286279407 0.1544478853 0.1033981521
5 0.1781323 0.0886290085 0.0608945285 0.1334104256 0.0 0.1461080239 0.1313019801 0.0163896119 0.1007813444 0.144352777
6 0.1334945762 0.1184457088 0.0636313216 0.1318980541 0.1461080239 0.0 0.09740105 0.071673863 0.1301017257 0.1072456766
7 0.1402592653 0.1030807973 0.1370586671 0.1318745241 0.1313019801 0.09740105 0.0 0.0538251257 0.1014753287 0.1037232616
8 0.192299728 0.1875870237 0.1865616223 0.0286279407 0.0163896119 0.071673863 0.0538251257 0.0 0.1325664167 0.1304686677
9 0.0416232108 0.0789526007 0.1447317854 0.1544478853 0.1007813444 0.1301017257 0.1014753287 0.1325664167 0.0 0.1153197024
10 0.0938942843 0.1052416056 0.0963558728 0.1033981521 0.144352777 0.1072456766 0.1037232616 0.1304686677 0.1153197024 0.0
