128
1 0.0122749584 0.01184672 0.0064221965 0.0068185399 0.00677521 0.0050143978 0.0081548326 0.0120161548 0.008682512 0.0057658506 0.0055659537 0.0132951214 0.0063009749 0.0107266991 0.0058808585 0.0074304261 0.0078811962 0.0048896277 0.0087106193 0.0069503892 0.0078125252 0.0049138822 0.0065987026 0.0059072492 0.0060904962 0.0122231522 0.0121760119 0.0114147344 0.0035298326 0.0071382611 0.0110461606 0.0042008696 0.0098698274 0.0068301932 0.0111970226 0.0053986415 0.0088953589 0.0082605453 0.012172705 0.008028543 0.0054845817 0.0048417562 0.0025591943 0.0089680766 0.0103962373 0.0069961087 0.0123127272 0.0079276829 0.0080659515 0.0092823484 0.0093083164 0.0049563032 0.0097152902 0.0084030457 0.0044630395 0.0067118011 0.0081750198 0.0072075862 0.0066510179 0.0061830862 0.0095344674 0.009873575 0.0057120342 0.0053256855 0.0126088691 0.0048341649 0.0059267958 0.0053678259 0.0062886581 0.0049988699 0.0114893418 0.003561339 0.0097281942 0.0075694087 0.0091762768 0.0047048273 0.0114854158 0.0103487276 0.0077800071 0.0094854113 0.0089307513 0.0097470862 0.0120844533 0.0070097029 0.0085705344 0.0047650801 0.0086722474 0.0125682265 0.0088166261 0.0054901534 0.0122492336 0.0085611579 0.0078162443 0.0075082265 0.0089052812 0.0111433025 0.0113544389 0.0068774999 0.00365194 0.0104734237 0.0102731069 0.0051846559 0.0130189521 0.0064396647 0.0058532999 0.0085756477 0.005464475 0.0063545515 0.0052675873 0.0096822791 0.0117100707 0.0077766571 0.0059750384 0.0109259191 0.0032529888 0.0050743324 0.0040934825 0.0072169252 0.0083937963 0.0047816142 0.0078993845 0.005686297 0.0029586589 0.0073477243 0.0030453673 0.0067283383 0.0060573061 0.0102492487 
2 0.01184672 0.0164015906 0.0033002993 0.0076069011 0.0060976121 0.0049859702 0.0115275237 0.0077228365 0.0057031113 0.0087761569 0.0117205686 0.0064805963 0.0092234871 0.0086619599 0.0056642104 0.0076958996 0.006543129 0.0070934126 0.0075094592 0.0038538403 0.005705289 0.0082908891 0.0076316497 0.0042412279 0.0128093609 0.0075032688 0.005758079 0.0072628281 0.0112876984 0.0033931805 0.0132117183 0.0134557604 0.0041709502 0.0072525514 0.0123379431 0.0077570764 0.0076412077 0.0111825966 0.0009470859 0.0062606484 0.0067275941 0.0094270733 0.0056221665 0.0078435881 0.0096214962 0.0106996044 0.0052957154 0.0099552444 0.0067329977 0.012593688 0.0039434691 0.0086646903 0.0085481872 0.0067494433 0.0054300977 0.0041181059 0.0085750748 0.0091617939 0.0080527016 0.0067957702 0.0098819938 0.0127231321 0.0094529273 0.0072991493 0.0121657467 0.004571268 0.0040972091 0.0063736872 0.0083167214 0.0098763535 0.0066330257 0.0085608377 0.0063006038 0.0111009076 0.0074207333 0.0066486798 0.0047818971 0.0056744638 0.0086057666 0.0095834768 0.0085720689 0.0055401921 0.0100132013 0.0042245967 0.0088522341 0.0029692739 0.0034992578 0.0101575263 0.0097751302 0.0038205554 0.0102817816 0.0087445946 0.0066066641 0.0092289112 0.0144849137 0.004108409 0.0046809733 0.0077075849 0.0101160123 0.008801786 0.0085422347 0.0091144723 0.0115062007 0.0061484362 0.0067663456 0.0068509724 0.0062778758 0.002266072 0.0056951378 0.0074839249 0.0080265105 0.0079972911 0.010408778 0.0033028231 0.0088830997 0.0112145264 0.0144744657 0.0039777727 0.0124679218 0.0023040482 0.0034915205 0.0055720275 0.0090398235 0.0080293999 0.0049160101 0.0086536166 0.0082508354 0.0150088121 
3 0.0064221965 0.0033002993 0.0086265358 0.0045614802 0.0098360859 0.0085517346 0.0102886827 0.0018880749 0.0088184407 0.006584623 0.0060712052 0.0111560546 0.0101358519 0.0048513814 0.0055637121 0.0122811431 0.008319404 0.0065198096 0.0092893994 0.0074898317 0.0079068426 0.0069242144 0.0054698798 0.0085068993 0.0094898916 0.0042726007 0.0073964367 0.0048944792 0.0106537859 0.0122415581 0.0080180007 0.00712388 0.0105541805 0.0063062402 0.0060489575 0.0076140933 0.0043356733 0.0102770266 0.0097292121 0.0100533928 0.011383519 0.0082058994 0.0031080262 0.0044193936 0.0036375902 0.0125499716 0.0106664408 0.0028930318 0.0038059335 0.0041431655 0.0026474848 0.0094845545 0.0037577723 0.0038494158 0.0060039811 0.0117586494 0.0087642556 0.0067814998 0.0053070638 0.0061336713 0.0097535684 0.0081130638 0.0123394423 0.0061855789 0.0074283012 0.0082785413 0.0106491031 0.0059661385 0.0133445091 0.0152054131 0.0069022293 0.00780653 0.0073869741 0.007756649 0.0162042568 0.0075791021 0.0089961564 0.0120849362 0.0062749636 0.0111920915 0.0079739216 0.0074558035 0.0057252965 0.0011472099 0.0087160142 0.0083907285 0.0077147957 0.0042866052 0.0057302156 0.0050404825 0.011044087 0.0087084164 0.0107937183 0.007791706 0.0085115081 0.0065524363 0.0061451012 0.0078097491 0.0064114171 0.0118436367 0.0081821319 0.0054261694 0.0028547802 0.0076192015 0.0032596557 0.0129942766 0.0130734352 0.009136184 0.0047117525 0.0051739283 0.0075785988 0.0094604286 0.0061115398 0.0122860474 0.0083723795 0.0120981721 0.0095504204 0.0071814341 0.0132509361 0.0071040693 0.0088085267 0.0122718748 0.0072613404 0.0027401368 0.0066929464 0.0103934876 0.0045920525 0.0068991837 
4 0.0068185399 0.0076069011 0.0045614802 0.0008751007 0.007530396 0.0068466466 0.0061066811 0.0088472501 0.0075020329 0.0106713308 0.007923834 0.004327728 0.0085617349 0.0117142863 0.0185327372 0.0071541598 0.0061969816 0.007456887 0.0080607626 0.0061134095 0.0053103763 0.0064410238 0.00367695 0.0101763162 0.0090634089 0.0102750496 0.0129216879 0.0089222898 0.0148658532 0.0051023937 0.0107482735 0.0084994221 0.0055136509 0.0070428119 0.0054502612 0.0068224178 0.0051070084 0.0097062299 0.0089570777 0.0095778405 0.0112315947 0.0095434941 0.0029541382 0.0043158605 0.0111321131 0.0065194893 0.0056797485 0.0065326607 0.0137168918 0.0064321642 0.0050645314 0.0074160368 0.0097250119 0.0057423748 0.0060995071 0.0121695068 0.0091061135 0.0042241133 0.0101168323 0.0024165223 0.0060301844 0.0059684865 0.008183692 0.0075751052 0.0080689117 0.0052893538 0.0135874599 0.0121716147 0.0083748453 0.0050507259 0.0089442304 0.0090639625 0.0100902186 0.0097156761 0.0074853598 0.0032780729 0.009161751 0.0064552535 0.0057879694 0.0065398821 0.0160018001 0.0156669132 0.0062609841 0.0039188909 0.0088220434 0.0097025004 0.0062952425 0.0052553817 0.0063805545 0.0156766 0.0123203984 0.00497273 0.0067309336 0.0083890771 0.0035160103 0.0079480446 0.0051113549 0.0023963879 0.0035299843 0.0029948065 0.0067694628 0.0068302956 0.0031025388 0.0062780669 0.0069463324 0.0082398603 0.0077574458 0.0086610801 0.0061703844 0.0066987013 0.0115434549 0.0099661207 0.0134300418 0.0070005188 0.0089008085 0.007389211 0.0113038804 0.0030900099 0.0087584841 0.0081982308 0.0114052815 0.0041161663 0.0095727856 0.007047058 0.0064830778 0.0065233199 0.0113563069 0.0100197514 
5 0.00677521 0.0060976121 0.0098360859 0.007530396 0.0054498899 0.0071896111 0.0104919948 0.0048120011 0.0074293569 0.0073080526 0.015268381 0.0053365233 0.0078904123 0.0090853625 0.0094903947 0.002940958 0.0070067192 0.0071827975 0.0099493728 0.0061320188 0.0040142535 0.006496232 0.0039900236 0.0132550444 0.0115560973 0.012500451 0.0015572187 0.0090444565 0.0070142429 0.0106194562 0.0136196794 0.0118380016 0.0110736758 0.0126482531 0.0100748484 0.0031282046 0.0100246056 0.0052155513 0.0022865512 0.0099756186 0.0083783247 0.0071977464 0.0060127837 0.0119099851 0.0117989856 0.0135861299 0.0060526948 0.0053554594 0.0048441901 0.0030683794 0.0040640927 0.0063783733 0.0077431677 0.0066230617 0.0171558369 0.0066877207 0.00985864 0.008313206 0.007095111 0.0073339715 0.0102971785 0.0048294329 0.0135285458 0.0090040346 0.0114582003 0.0070061395 0.0053775754 0.0039478186 0.0045623977 0.0110965594 0.0089837907 0.003878755 0.0050255935 0.0104282602 0.0149520746 0.0065270811 0.0063781633 0.0096185918 0.0104669755 0.0056389394 0.0094504147 0.0078456057 0.0045301889 0.0103133616 0.0049989276 0.0018235148 0.0110341146 0.0076500258 0.011195808 0.0088106313 0.0064367415 0.0080573347 0.0043951751 0.00930944 0.0064966487 0.0044079492 0.0120814847 0.0063530912 0.0038944374 0.0065962037 0.0043861183 0.0114618764 0.0049815635 0.0084517174 0.0074407777 0.0053923462 0.0093995301 0.0135635564 0.0046811463 0.0069694801 0.0099675137 0.0059430414 0.0048523166 0.0078641026 0.0081771111 0.0050232171 0.0066252619 0.0058793491 0.0076860996 0.0079110888 0.0105912601 0.0053453153 0.0091453261 0.0064504241 0.0103231934 0.004064771 0.0077098889 0.0084319227 
6 0.0050143978 0.0049859702 0.0085517346 0.0068466466 0.0071896111 0.0036800769 0.012855962 0.0107846898 0.009025688 0.0085663658 0.0098679218 0.0043863872 0.0075887372 0.0115211513 0.0092984561 0.0061536252 0.0116187925 0.0159500581 0.0064719492 0.0041370346 0.0099020939 0.0069084912 0.0071354109 0.0107591658 0.0061348595 0.015356329 0.0072825405 0.0042009329 0.0043809542 0.0071007428 0.0079774603 0.0114166322 0.0099498678 0.0102393641 0.0042488548 0.009622095 0.0066029 0.0086686453 0.0039158653 0.0038397051 0.0081471519 0.0069113807 0.0100176819 0.0065293068 0.0058363396 0.0058332592 0.0039319421 0.005511139 0.0096197035 0.0073234347 0.0063832184 0.0066957365 0.0073749401 0.013133966 0.0073354953 0.0130052217 0.0054369632 0.0046557816 0.009158954 0.0086511084 0.0026799415 0.0043153158 0.0062747732 0.0059134769 0.0096056864 0.0113295426 0.0088580409 0.0090048072 0.0024101807 0.0063852413 0.003075348 0.0087710341 0.0065144319 0.0075389849 0.0058346637 0.004883146 0.0031044802 0.0122690896 0.0109026529 0.0107654969 0.0054257429 0.0068581526 0.0066337567 0.0031820585 0.0062772514 0.0066632353 0.0089836441 0.0107427334 0.0097130871 0.0104649816 0.0148098031 0.0032440075 0.0076849264 0.0055632557 0.0065180696 0.0136845104 0.0088476297 0.0069359872 0.0075434697 0.0066249592 0.0139021098 0.0066473901 0.0074496524 0.0082215442 0.01393733 0.0068141704 0.0115923401 0.0066104291 0.0080190205 0.0087795528 0.0103614405 0.0064728003 0.0111661553 0.0082892154 0.0055888569 0.0102561156 0.0095255925 0.0070541259 0.0077814355 0.0079274905 0.0083741026 0.0078092815 0.0075626095 0.008034352 0.0051131532 0.0060288456 0.0095162548 0.0026961444 
7 0.0081548326 0.0115275237 0.0102886827 0.0061066811 0.0104919948 0.012855962 0.0107474779 0.0074535463 0.0087168247 0.0073646112 0.0056168275 0.0105567072 0.0087801888 0.0115237027 0.006926231 0.0045744451 0.0036124198 0.0079889707 0.0070656021 0.0065704282 0.0085310576 0.007768707 0.0139678168 0.0046503136 0.0070347211 0.0125276503 0.0137760843 0.0082440922 0.0107252302 0.0093122955 0.0073369983 0.006968448 0.0064983187 0.0056745915 0.0101110597 0.0084903461 0.0029828917 0.0070945054 0.0081107765 0.0119615083 0.0061992762 0.0093051854 0.0039778951 0.0139487394 0.0089106418 0.0075443705 0.01324267 0.0115904939 0.0159206342 0.0069996481 0.0049828816 0.0062830689 0.003723636 0.0104575894 0.0068082505 0.0030985971 0.0012659208 0.0090219278 0.0082124323 0.0088407991 0.0052429405 0.0038744223 0.0072813562 0.0080915975 0.0066564509 0.0070526241 0.0055369117 0.0117600591 0.005586891 0.0153972648 0.0060149508 0.0080412379 0.0059047531 0.0080314053 0.0037522701 0.0070964938 0.0081404795 0.0119760285 0.0039900848 0.0048440216 0.0053770053 0.0043558104 0.0074914384 0.0071358845 0.0067766079 0.0051088436 0.0086819246 0.0056400268 0.0076981559 0.0034719308 0.0083401178 0.0066209419 0.0138001704 0.0136567192 0.0004722818 0.0049095283 0.0055563397 0.0089869007 0.0166077564 0.0030142798 0.0066587269 0.0087652258 0.008025526 0.0056012754 0.0099060554 0.0110980493 0.0082995787 0.0054590827 0.0087636818 0.0096216469 0.0095514605 0.0084152387 0.0104557976 0.0099661045 0.0043280257 0.0066272339 0.002069085 0.0108770405 0.0050506643 0.0055133217 0.0052763771 0.0047637539 0.0078912645 0.0084492801 0.0050221808 0.0089820762 0.005114898 0.0124467084 
8 0.0120161548 0.0077228365 0.0018880749 0.0088472501 0.0048120011 0.0107846898 0.0074535463 0.0042803316 0.0018979875 0.0126455051 0.0037085824 0.0084497604 0.0108410938 0.0034112262 0.0073925854 0.0118114041 0.0081447539 0.0112195515 0.0068892668 0.0095369697 0.0086683131 0.0122717148 0.0064730488 0.0023020463 0.0078698189 0.0098218045 0.0062054229 0.0008931569 0.0059949983 0.0081254061 0.014452314 0.0040173927 0.0113090819 0.0106436072 0.0087820162 0.0124410475 0.0080453492 0.0024541032 0.0073611365 0.0074208229 0.002593168 0.0080236262 0.0079466512 0.0043892347 0.0095704575 0.0028682235 0.0082506407 0.006510943 0.0040177865 0.0066179118 0.0073243518 0.0116135599 0.0072612558 0.0054594865 0.0077776323 0.0060245242 0.0048044077 0.0070877307 0.009071079 0.0068159639 0.0027965136 0.009137118 0.0064431872 0.0045051108 0.0084990414 0.0093232075 0.0163389412 0.0066618005 0.0078672417 0.0072059975 0.0084000845 0.0051420883 0.0129594034 0.0134380515 0.0090715622 0.0062939116 0.0051926857 0.0059191293 0.0067819629 0.0133591283 0.0053241858 0.0106287741 0.0064643779 0.0082029691 0.0039265877 0.0112376669 0.0083391484 0.0077163073 0.013119419 0.016827697 0.0071490178 0.0094116055 0.008983185 0.0112566695 0.0071580827 0.0101931551 0.0102280486 0.0065543331 0.0064268458 0.0086270795 0.0045323079 0.0063031097 0.0084595725 0.009084772 0.0065954386 0.0110970631 0.0031112426 0.0085550052 0.0112710872 0.0080669349 0.0077977418 0.0078119712 0.0098705061 0.006834232 0.0179020908 0.009213917 0.0058887437 0.0064938366 0.0078139368 0.0051481238 0.0055566709 0.0063213804 0.0074611903 0.0054171286 0.0111869358 0.001799502 0.0065830263 0.0073764006 
9 0.008682512 0.0057031113 0.0088184407 0.0075020329 0.0074293569 0.009025688 0.0087168247 0.0018979875 0.0028471626 0.0117635436 0.009386426 0.0143952633 0.0065986958 0.0045132308 0.0036293101 0.0118577114 0.0061407401 0.0046544015 0.0092434427 0.0050330515 0.0064046138 0.0108289038 0.0138882588 0.0140286186 0.0041867199 0.0056687625 0.0077846355 0.008606262 0.0075429829 0.0028345098 0.0084035668 0.0103584339 0.0073591453 0.0054298867 0.0130078535 0.0137894299 0.0098002322 0.010101505 0.0045621661 0.0049598835 0.0101442825 0.0108084058 0.0067322097 0.0078983101 0.0064766749 0.0095073157 0.0034494376 0.0059314618 0.0061039439 0.0085110045 0.0113930239 0.0083849359 0.0106695759 0.007965369 0.0084642781 0.0085951279 0.0098897568 0.0061405665 0.0094788195 0.0080629757 0.0050614329 0.0064415237 0.0120579734 0.004450998 0.0030865726 0.011032109 0.0063276326 0.0075887977 0.0107644447 0.0060330012 0.0104885469 0.0126392608 0.0116972293 0.0070978481 0.0088918914 0.0042604387 0.0085201629 0.0037664948 0.0150129079 0.0088600445 0.0114823531 0.0056035819 0.0054170696 0.0032950558 0.00620162 0.0077820852 0.0108813549 0.008628088 0.0071760136 0.0098054902 0.0072817506 0.0062534036 0.0048356877 0.0086444579 0.0063652789 0.0074261497 0.0086674222 0.0110453268 0.0050806968 0.0050620058 0.0040536945 0.0066935214 0.0079593521 0.0066706651 0.0101924805 0.0036514253 0.0046158575 0.0063901548 0.0034254794 0.0115051437 0.009178215 0.0072180643 0.0084088142 0.0075873433 0.0047525139 0.0061781146 0.0066973744 0.003553586 0.0122468803 0.0130354087 0.0100723051 0.0045286747 0.0085724512 0.0077858879 0.0076493058 0.0080897543 0.0117836906 0.0044968586 
10 0.0057658506 0.0087761569 0.006584623 0.0106713308 0.0073080526 0.0085663658 0.0073646112 0.0126455051 0.0117635436 0.0044878046 0.0054452823 0.0070422877 0.007720287 0.0062331347 0.0082267537 0.0165073895 0.0147509429 0.0051080443 0.0070308112 0.0072617006 0.0141976632 0.0064339989 0.0089825977 0.0078350246 0.0070150698 0.0089283918 0.0071975379 0.0076960865 0.011070274 0.0089779326 0.0084232639 0.0069930348 0.0061321656 0.0031147075 0.0045720643 0.0036503382 0.0105897112 0.0097595593 0.0041411637 0.006918303 0.0103214398 0.0055800789 0.0069067625 0.0039138713 0.0063848301 0.0046736654 0.0053840977 0.0080062338 0.0046712763 0.0088269185 0.0024630255 0.0078386491 0.0089603568 0.0037075472 0.0083376345 0.0104672405 0.0065535277 0.0124502432 0.0066456679 0.0028171325 0.0051490505 0.0016744438 0.008691995 0.0043660611 0.006204586 0.0099532165 0.0094375091 0.0036522131 0.0060006907 0.0138304961 0.0126678645 0.0102426811 0.0067524915 0.0061882441 0.0092019988 0.0089660894 0.0069129564 0.0139489286 0.0073438645 0.0113742365 0.0117479352 0.0111380762 0.0077115578 0.0073101956 0.0151691949 0.0045996564 0.0043552126 0.0092514373 0.0039216429 0.0104147926 0.0082500693 0.0067727783 0.0099578184 0.0038443241 0.0124981422 0.005773246 0.0176791078 0.0135432795 0.0037886647 0.0027420166 0.0047807612 0.0095244974 0.0078871918 0.0053332782 0.0157644107 0.0089789067 0.0068039589 0.0101421565 0.0049451848 0.0083152297 0.011255324 0.0071019798 0.0114254151 0.0079109933 0.0073125872 0.0119001898 0.0038209697 0.0057452596 0.0100614632 0.0065068541 0.0073131004 0.0104966801 0.0040343223 0.0068690988 0.0040878019 0.0061423075 0.0037949763 0.0019167695 
11 0.0055659537 0.0117205686 0.0060712052 0.007923834 0.015268381 0.0098679218 0.0056168275 0.0037085824 0.009386426 0.0054452823 0.0117319012 0.0068879679 0.016680224 0.0071882598 0.0057391768 0.0094889124 0.0068782697 0.00811123 0.0080463019 0.0076764804 0.0090316581 0.0110362479 0.0038125578 0.0098905396 0.0053719343 0.0053253037 0.0082536904 0.010104099 0.0070240451 0.00549623 0.0100676546 0.0054405802 0.0058068326 0.0033451037 0.0063965013 0.006826232 0.0077063788 0.0078280789 0.0060357609 0.011434145 0.0046509618 0.005123986 0.0069886647 0.0115217599 0.0083718821 0.0087749625 0.0141450433 0.0118572333 0.0090772642 0.0070852321 0.0113471428 0.0058708305 0.0077812482 0.0050602366 0.0103008657 0.0055570843 0.0061800393 0.0060267083 0.0041578942 0.0106751596 0.0050391417 0.0064165657 0.0077791215 0.005631865 0.0070507368 0.0089129694 0.0043485358 0.0069103852 0.0070748015 0.0114674945 0.0152384125 0.0076558066 0.0036577087 0.0105356225 0.0084985113 0.0062959143 0.0055298754 0.0060453534 0.0066113975 0.0076741097 0.0041668229 0.0079537995 0.0108162594 0.0059522162 0.0044114847 0.0034164683 0.0074547708 0.0030976734 0.0055319644 0.0048449882 0.0075572899 0.0097675879 0.0079945962 0.0074371335 0.0072487542 0.0076900897 0.0068636202 0.0036521103 0.0074918709 0.0094739437 0.0066546231 0.0117805036 0.009056761 0.0090288741 0.008830212 0.009857097 0.0074262889 0.0116106743 0.0104490234 0.0087118744 0.0049321579 0.0044944614 0.0084037699 0.0104339381 0.0137666297 0.0033329391 0.0079449853 0.0120888197 0.0097605015 0.0080306819 0.0069128236 0.0069906511 0.0079391938 0.0111015267 0.0107013403 0.0072844127 0.0073597483 0.0081262344 
12 0.0132951214 0.0064805963 0.0111560546 0.004327728 0.0053365233 0.0043863872 0.0105567072 0.0084497604 0.0143952633 0.0070422877 0.0068879679 0.0072996295 0.0126772092 0.0103646264 0.0038241128 0.0077299823 0.0087117846 0.0071549892 0.0075023559 0.0060938407 0.0134505869 0.0089527688 0.0077253558 0.0136578421 0.0154106277 0.0093186738 0.0055241861 0.0086680397 0.0085925034 0.0072564329 0.0041314527 0.009490649 0.0111420957 0.0082422788 0.0121140906 0.0139474506 0.0039458851 0.004312845 0.0068302618 0.0072117288 0.0056930573 0.0070639897 0.0127559167 0.0100795752 0.0070502028 0.0066138349 0.0067723399 0.0018411496 0.0057933233 0.0082218319 0.0033071297 0.0125190349 0.0056582697 0.0050692033 0.0053852725 0.0052630944 0.0073556611 0.0072948161 0.003449752 0.0030411779 0.0088941187 0.0087227292 0.0089039561 0.0110822876 0.0143202778 0.0065089014 0.0072708051 0.0062921758 0.0102175439 0.0051416528 0.0054190875 0.0068196421 0.0127307516 0.0072786927 0.0048637374 0.0062623731 0.0123454461 0.0117566165 0.0054277183 0.008697662 0.0070911127 0.0038272185 0.0055991718 0.0079498424 0.0094353616 0.0041973847 0.0078696539 0.0026119617 0.0001122899 0.0059057608 0.0075401474 0.0088974047 0.0095619138 0.0060060388 0.0071378329 0.0080921245 0.0083841019 0.0047270907 0.0089575182 0.0063906791 0.00721082 0.0120210038 0.0046657726 0.008825009 0.0072470275 0.0087340259 0.0097286861 0.0055833593 0.0074620783 0.0038937496 0.0052056821 0.0118569996 0.0083244666 0.0082591579 0.007064163 0.0066863886 0.0084212294 0.0076690498 0.0074795076 0.0085729438 0.018611543 0.0048721319 0.0114181926 0.0101392125 0.0039697303 0.0099477357 0.0049709833 0.0080812484 
13 0.0063009749 0.0092234871 0.0101358519 0.0085617349 0.0078904123 0.0075887372 0.0087801888 0.0108410938 0.0065986958 0.007720287 0.016680224 0.0126772092 0.0050410715 0.007619633 0.0090907834 0.0045544878 0.0085013357 0.0066774614 0.0113284009 0.008712279 0.0084705762 0.0087001412 0.0102548951 0.0079911625 0.0124618601 0.007921962 0.0065925948 0.0105090654 0.0071613004 0.0090770201 0.0046495972 0.0070501245 0.0048005712 0.0093158881 0.005127586 0.007320029 0.0079826616 0.0059810763 0.0080836765 0.0133665438 0.0062059345 0.0028134172 0.0085356744 0.004017874 0.0096748732 0.0086998723 0.003999973 0.0029103677 0.0137470167 0.0112408509 0.0149626369 0.0094141693 0.0112037019 0.0075693947 0.0061578672 0.0126508586 0.0115708725 0.0104770786 0.0047717059 0.0075585705 0.0073812663 0.0065423456 0.0070993089 0.0054662216 0.0057805836 0.0075947346 0.00576929 0.0051795661 0.0108920023 0.0084707367 0.0095493727 0.0081714323 0.0073464122 0.0040807306 0.0097340547 0.0104419127 0.0062306061 0.005786504 0.0080929763 0.0042069571 0.0075529464 0.0086989094 0.0052067936 0.0074014288 0.0043939596 0.0042869074 0.0069571064 0.0061286155 0.0115010893 0.0080378479 0.0160745215 0.006115373 0.0056413868 0.005795026 0.0069409657 0.0068896127 0.006155498 0.0078221359 0.0075942007 0.0085939634 0.0034629598 0.0143619961 0.006754821 0.0078416721 0.0019373321 0.0086396283 0.010283377 0.0101544151 0.0113711474 0.0054743761 0.0047825511 0.0036765212 0.0074761514 0.0070441109 0.0089254223 0.0051683681 0.0048824051 0.0072236181 0.0008795563 0.0062685258 0.0084000993 0.0044275921 0.0055679069 0.0111054439 0.0102983929 0.0124453396 0.0054660135 0.008549562 
14 0.0107266991 0.0086619599 0.0048513814 0.0117142863 0.0090853625 0.0115211513 0.0115237027 0.0034112262 0.0045132308 0.0062331347 0.0071882598 0.0103646264 0.007619633 0.008858526 0.0100797276 0.0110458413 0.0063580541 0.0030957404 0.0091149421 0.0078829391 0.0028166077 0.0126634494 0.0090632565 0.0089528598 0.0105866686 0.0092763025 0.0099479512 0.0038874036 0.0045758863 0.0089872128 0.0069869183 0.0052347873 0.0040735556 0.0061947711 0.0068677853 0.0096901741 0.0090222734 0.0094063969 0.0072988681 0.0033935626 0.0074117971 0.0066332671 0.011886478 0.0046394337 0.0091542595 0.0084267842 0.010381832 0.0157728767 0.0068180164 0.007608652 0.0073440456 0.0086564697 0.0078331851 0.0075957437 0.0044063665 0.0062385347 0.0048949512 0.0077506427 0.0040547529 0.0031780939 0.0122263386 0.010051405 0.0057051922 0.0055392226 0.0039033455 0.0114621681 0.0055341608 0.0145934526 0.010976924 0.0068247707 0.009189292 0.0060188506 0.0113728607 0.006989796 0.0125367822 0.0092083143 0.0073230705 0.0074070899 0.0024855329 0.0151321646 0.0110110158 0.009337197 0.0073081478 0.0047941136 0.0072698284 0.009160629 0.0057874196 0.0074868434 0.0070582713 0.0106577502 0.0080047415 0.0054702135 0.0048338191 0.0079712668 0.0070130257 0.0060497872 0.0062012979 0.0089976094 0.0092237522 0.0089394215 0.0088863874 0.006640967 0.0037921645 0.0096230772 0.0099309105 0.0059059992 0.007473843 0.0100679359 0.0078143124 0.0063166958 0.0078174793 0.0046636063 0.0056848514 0.0040789219 0.0051543934 0.0070171124 0.0138630089 0.0059372261 0.0119528074 0.0092625677 0.0072232966 0.0042318752 0.0072965258 0.0069932806 0.0073535984 0.0073758276 0.0092358479 0.0078852974 
15 0.0058808585 0.0056642104 0.0055637121 0.0185327372 0.0094903947 0.0092984561 0.006926231 0.0073925854 0.0036293101 0.0082267537 0.0057391768 0.0038241128 0.0090907834 0.0100797276 0.0099829739 0.0075717836 0.0056257026 0.0078715063 0.0079427415 0.0103754227 0.0062618398 0.0063261921 0.0097814355 0.0118017715 0.0095552778 0.007804092 0.006420084 0.0116862491 0.0084129438 0.0065527582 0.0106816716 0.0072861222 0.0045909522 0.0111000187 0.0056857052 0.0069733732 0.0102620021 0.0050207178 0.0066971801 0.0076467815 0.0085524402 0.0084583961 0.0038869264 0.0104421595 0.0056301405 0.0066348688 0.0038164807 0.0077976915 0.0108362884 0.0113397959 0.0089962367 0.0042109512 0.0077593892 0.0053192843 0.0097684389 0.0092228036 0.0028503627 0.0116407624 0.0105672424 0.0085275801 0.0069245105 0.0030266456 0.0088806052 0.0036243576 0.003471008 0.008827713 0.0033296156 0.0167618029 0.0129634789 0.0123677836 0.0113740162 0.0152435947 0.0090544083 0.0050460319 0.0071625355 0.0067473848 0.0118707247 0.0110638978 0.0127690146 0.0028787743 0.0061925451 0.0107761023 0.0101619297 0.0047818954 0.0066341564 0.0074918805 0.009342281 0.0026955794 0.0116116455 0.0056540089 0.0061239479 0.006908313 0.0068918255 0.0067623175 0.0060338793 0.0094502942 0.0072089451 0.0081384652 0.0034634725 0.0058657879 0.0029950215 0.0032814253 0.0122343906 0.0043049012 0.0123433905 0.0089274684 0.0035066894 0.0034643207 0.0108214985 0.0071148893 0.0028441086 0.006136037 0.0037424341 0.0071752642 0.0067443596 0.0103169282 0.0081584488 0.0073208139 0.01137867 0.0079542393 0.0080470293 0.0128356861 0.0070154601 0.0099146897 0.0097490262 0.0077650823 0.0091778242 0.0036381384 
16 0.0074304261 0.0076958996 0.0122811431 0.0071541598 0.002940958 0.0061536252 0.0045744451 0.0118114041 0.0118577114 0.0165073895 0.0094889124 0.0077299823 0.0045544878 0.0110458413 0.0075717836 0.0056801467 0.0068421261 0.0053363011 0.0074668255 0.0034399934 0.0077408615 0.0013381607 0.0062565992 0.0057453216 0.0088891122 0.0122297471 0.0111887991 0.0073018208 0.0091700696 0.0129239079 0.00560521 0.0067380611 0.0072772318 0.0105144116 0.0063293599 0.0080006475 0.0086039714 0.0049889644 0.0105201986 0.0122400915 0.0073852506 0.0091352984 0.0071363209 0.0075776531 0.0091487795 0.0125330361 0.0130740053 0.0102180657 0.00620158 0.0071837571 0.0103383746 0.0049761286 0.0102968747 0.002243175 0.0041454741 0.0055625917 0.0035527996 0.0033995706 0.0072066444 0.0052080208 0.0090763774 0.0069355496 0.0031195391 0.0069501217 0.0042540795 0.0093252938 0.0052490265 0.0126371765 0.011487983 0.0024275315 0.0073752519 0.0114148997 0.0118823389 0.0111672823 0.0034333754 0.0075808515 0.0071962372 0.0106681088 0.0094144408 0.0061075591 0.0108460002 0.0099084086 0.0093151202 0.0075090386 0.0127981705 0.0048154287 0.0108248407 0.0048645739 0.0069240412 0.0052980011 0.0116116805 0.0066014975 0.0089282969 0.0050307446 0.01151318 0.0078863458 0.0084383298 0.0125186956 0.0072641735 0.0108343749 0.0078395067 0.0058315544 0.0124943611 0.0079266846 0.009780073 0.0076338156 0.0051661144 0.0097545831 0.0073578412 0.0064275388 0.0134116412 0.0054755098 0.0089627559 0.0029706878 0.0058919005 0.0063907707 0.0077019724 0.0071220179 0.0097585803 0.0096357992 0.0012761642 0.0044539369 0.0068765089 0.0029253699 0.0069263149 0.0060968677 0.0070857722 0.0077018794 
17 0.0078811962 0.006543129 0.008319404 0.0061969816 0.0070067192 0.0116187925 0.0036124198 0.0081447539 0.0061407401 0.0147509429 0.0068782697 0.0087117846 0.0085013357 0.0063580541 0.0056257026 0.0068421261 0.0038291321 0.0126628716 0.0051238068 0.0081469259 0.0098136741 0.0056038688 0.0072613928 0.0107380371 0.0058036291 0.0078180893 0.0059840023 0.0106783963 0.0093738192 0.0087989306 0.008926281 0.0131776492 0.0039228257 0.0071908922 0.0093391251 0.005402394 0.0048464669 0.0035442784 0.0081233496 0.013930804 0.0082718414 0.006164674 0.0091596927 0.0144802303 0.0098197326 0.0062078589 0.0068630118 0.0052175806 0.0097290116 0.0163661971 0.0122880561 0.0069127316 0.0063914423 0.008784233 0.0053720332 0.0093082097 0.007542193 0.0081688851 0.0086694909 0.0070529724 0.0120867391 0.0055801709 0.0068897161 0.0045052602 0.0115290666 0.0098165059 0.0068322129 0.008505435 0.0057302195 0.0058772235 0.003386114 0.0075392288 0.0078594264 0.0066497181 0.0077338324 0.0088292951 0.0068735644 0.0030221448 0.0094623492 0.0025247343 0.0073179762 0.0068281941 0.0029535605 0.00801774 0.0045059845 0.0075794769 0.0088775277 0.0089311111 0.010292887 0.0056522932 0.007506181 0.0075720281 0.0125211312 0.0073023958 0.0029021746 0.0039009917 0.0082253019 0.0106366345 0.0066663876 0.0025399634 0.0135014592 0.0046957838 0.0175763333 0.0062748101 0.0082263878 0.0061524361 0.0062709618 0.0082139548 0.0064007036 0.0053586436 0.0131377175 0.0023607774 0.005469186 0.0113410267 0.0089248102 0.0074501091 0.0059975752 0.0118436482 0.0090840362 0.0056373954 0.0070846302 0.0107044687 0.0109863515 0.0040847949 0.0108713335 0.0034830267 0.0120127137 0.0089489544 
18 0.0048896277 0.0070934126 0.0065198096 0.007456887 0.0071827975 0.0159500581 0.0079889707 0.0112195515 0.0046544015 0.0051080443 0.00811123 0.0071549892 0.0066774614 0.0030957404 0.0078715063 0.0053363011 0.0126628716 0.0037627629 0.0051396024 0.0067225107 0.008209381 0.0082911969 0.0082319993 0.012389001 0.0034165722 0.0051264502 0.0104737157 0.0116966432 0.0039699771 0.0038046232 0.0096106146 0.0084943528 0.0056603581 0.0087142126 0.0084445709 0.0121848353 0.0035561347 0.0123521031 0.0050014196 0.0087816242 0.0041941708 0.0131747864 0.0062357836 0.0127091661 0.0066991861 0.0081374219 0.0067101327 0.0018107427 0.0067945833 0.0074500531 0.0104268865 0.0089263899 0.0095803231 0.0075182305 0.0063947015 0.0074690645 0.0092570184 0.0076824072 0.0059562956 0.0121017566 0.0023271957 0.0033182226 0.0047400853 0.0080967051 0.0085096715 0.0080716292 0.0065385079 0.0087946683 0.0117867484 0.0053255983 0.005626378 0.0105992577 0.0071781634 0.0042367719 0.0064696079 0.0075790656 0.0035045507 0.0107022683 0.0042960414 0.0125694063 0.0061468848 0.0099001409 0.0135559928 0.0051291155 0.0075461187 0.0049786173 0.010592947 0.0075425362 0.0121420781 0.0099792978 0.0096587386 0.0109144831 0.0056023029 0.0031027735 0.0071628774 0.005378179 0.0058953386 0.0074773201 0.0035684921 0.0082774614 0.0070296095 0.0058094495 0.0106717525 0.0074166159 0.0085225156 0.0098088657 0.0120323212 0.0142282464 0.0119194257 0.0130122043 0.0061516836 0.0100671376 0.0103617331 0.0086017814 0.0063604606 0.0050843298 0.0076836262 0.0053404083 0.0058942668 0.0058977351 0.0133863826 0.0089870042 0.0075494016 0.0106214757 0.007543829 0.0072720508 0.0104902226 0.0051958025 
19 0.0087106193 0.0075094592 0.0092893994 0.0080607626 0.0099493728 0.0064719492 0.0070656021 0.0068892668 0.0092434427 0.0070308112 0.0080463019 0.0075023559 0.0113284009 0.0091149421 0.0079427415 0.0074668255 0.0051238068 0.0051396024 0.0104806491 0.0084997264 0.0081026574 0.0104286535 0.0100436315 0.0066167483 0.0062751861 0.0076691751 0.0042518618 0.0038937808 0.0136160871 0.0036549752 0.0098531652 0.0087548242 0.0042602002 0.0078815942 0.0047700741 0.0062922502 0.0072406868 0.0027789657 0.0078383342 0.0092046481 0.0094609113 0.0095824101 0.0082226515 0.0080708519 0.0091369295 0.0101440232 0.0111993608 0.0056023703 0.0058470169 0.0071802654 0.0063748904 0.0055348969 0.005093812 0.0108003768 0.0068852198 0.011692952 0.0063419668 0.0095545452 0.0084464633 0.0054138118 0.0130204554 0.0054603938 0.0139715239 0.0062259677 0.0107728036 0.0025495423 0.0112793061 0.0058755443 0.0043249329 0.0051546684 0.0044414788 0.006171624 0.0080831561 0.0108994791 0.0100351106 0.0036410432 0.0091388013 0.0045357019 0.0064740506 0.0065875153 0.0064188004 0.0134877733 0.0103511016 0.0016688737 0.0114466521 0.0113310996 0.0063432913 0.0061043738 0.0089390605 0.0068781949 0.0097621895 0.0101207231 0.007702371 0.0045609514 0.0130172067 0.00709656 0.0042226113 0.0076611801 0.0074735823 0.0079994808 0.0066932744 0.0073861523 0.0105054343 0.0044654768 0.0100270254 0.0023251374 0.015614087 0.0087738784 0.0138213084 0.0066388256 0.0039298057 0.0084837881 0.0047413511 0.0057357366 0.0127353719 0.0057163903 0.0161537852 0.0103270793 0.0117432718 0.0058940296 0.0045302751 0.0060304429 0.0074182428 0.0054414648 0.001914875 0.0119607115 0.0093018568 0.0055824808 
20 0.0069503892 0.0038538403 0.0074898317 0.0061134095 0.0061320188 0.0041370346 0.0065704282 0.0095369697 0.0050330515 0.0072617006 0.0076764804 0.0060938407 0.008712279 0.0078829391 0.0103754227 0.0034399934 0.0081469259 0.0067225107 0.0084997264 0.0049196237 0.0062534493 0.0083190366 0.004887291 0.0117562012 0.0064478005 0.0064374445 0.0078292412 0.0126543175 0.0117078375 0.0076251746 0.0086942577 0.0108285164 0.0027203873 0.0070512745 0.0051811862 0.004309161 0.0077872913 0.0096797858 0.0105355597 0.004714074 0.0094319215 0.0046050994 0.011292786 0.0127118158 0.0045033398 0.0056622024 0.0054613687 0.0137431687 0.0085203728 0.0066427798 0.0041603322 0.007792516 0.0102415879 0.0074197574 0.0072691616 0.0066018617 0.0072159757 0.0095507609 0.0122197561 0.004678468 0.0102496089 0.0057522317 0.0124776545 0.0068112377 0.0028726839 0.0091153655 0.0063761579 0.0095230752 0.0084788608 0.0082545134 0.0068274502 0.008367379 0.004678107 0.0061541011 0.0038481603 0.0054167731 0.0103405151 0.0052558622 0.0048714672 0.0070116207 0.0144661413 0.0046753669 0.0094939127 0.0104408994 0.0087445896 0.0130614716 0.0082090975 0.0103562924 0.0041296686 0.0053722723 0.00943486 0.0065426182 0.0106009922 0.0069655979 0.0074207951 0.0127561198 0.0058926371 0.0116394355 0.0122852255 0.0105249084 0.0051979744 0.0074481808 0.0059289007 0.0074920371 0.0142419292 0.0072986643 0.0079624995 0.007536446 0.0133844322 0.003399459 0.0104798591 0.0102638452 0.0075561931 0.007758899 0.0038473118 0.0126004406 0.0074521643 0.0081755061 0.0138735221 0.0056827743 0.0041534632 0.0048749423 0.0096954242 0.0069144241 0.005820397 0.0101259443 0.0055130533 0.0089328489 
21 0.0078125252 0.005705289 0.0079068426 0.0053103763 0.0040142535 0.0099020939 0.0085310576 0.0086683131 0.0064046138 0.0141976632 0.0090316581 0.0134505869 0.0084705762 0.0028166077 0.0062618398 0.0077408615 0.0098136741 0.008209381 0.0081026574 0.0062534493 0.0003002737 0.0104869247 0.0059209079 0.0067722922 0.0084613098 0.0089209383 0.0107921742 0.0088806493 0.0090651458 0.0070972553 0.0042350763 0.0112204709 0.0103730724 0.00761209 0.0043800334 0.0058343395 0.0084093332 0.0067092804 0.0088553278 0.0055004059 0.0087576968 0.0126727421 0.0128611375 0.0101747846 0.0076504837 0.0117927926 0.0125599048 0.0089456407 0.0091525551 0.0035710629 0.0061196089 0.0096095373 0.0075219904 0.0105419622 0.0048373797 0.0069401633 0.0052545624 0.0067298404 0.0055335168 0.0065266275 0.0055829946 0.0091107029 0.0039261885 0.0091410513 0.0148224578 0.0049274355 0.007230701 0.0077091612 0.0075253625 0.0086700723 0.012068827 0.009389269 0.005343921 0.0105994741 0.0099617942 0.0116880792 0.0085904019 0.0080882593 0.0024780777 0.007571784 0.0070413091 0.0097751435 0.0060782685 0.0057008517 0.0070852388 0.0046665912 0.0060335776 0.0098506272 0.009864706 0.0052908328 0.0102987216 0.0085192658 0.0116531276 0.0098349318 0.0115015339 0.0037871097 0.0073885631 0.0099295676 0.0110274134 0.0039921503 0.0082778229 0.0113304063 0.0059708549 0.0042918898 0.0053147251 0.0080258793 0.0079837869 0.0155405644 0.0079924529 0.0090096735 0.0042637794 0.0047875564 0.0091444703 0.0068661874 0.0085347913 0.0091903944 0.0098973806 0.0057564911 0.0039301395 0.0051327342 0.0104044251 0.0046688287 0.004301398 0.005680141 0.0012137727 0.0069091912 0.0066385194 0.0090105859 
22 0.0049138822 0.0082908891 0.0069242144 0.0064410238 0.006496232 0.0069084912 0.007768707 0.0122717148 0.0108289038 0.0064339989 0.0110362479 0.0089527688 0.0087001412 0.0126634494 0.0063261921 0.0013381607 0.0056038688 0.0082911969 0.0104286535 0.0083190366 0.0104869247 0.0048862912 0.0136874489 0.0063790243 0.0073828564 0.0042290271 0.0079232598 0.0114680108 0.0084000242 0.0062817069 0.0082275153 0.0097288131 0.0117743898 0.0082942422 0.0073239605 0.0061959772 0.0099945664 0.0086378575 0.0047168184 0.0046981745 0.0041913753 0.008519979 0.0073141245 0.0067890189 0.0052703109 0.0048808896 0.0054017531 0.0121496534 0.0058192211 0.0099108176 0.0053769696 0.0044999728 0.0111684776 0.0100022481 0.0076213882 0.0112079273 0.0072459669 0.0043036645 0.0114187119 0.0037344827 0.006571863 0.0067968122 0.0100394511 0.0036198024 0.004919213 0.0043323504 0.0052659855 0.0073256057 0.0086515843 0.0087517396 0.0092300722 0.0068278033 0.0031556645 0.007888542 0.0044417245 0.010634536 0.0171682053 0.0160429635 0.005389774 0.0069822698 0.0089598642 0.001739775 0.0089888143 0.0035401884 0.0076498194 0.0082154348 0.0087310438 0.0085956922 0.0095653173 0.0041214367 0.0098185273 0.0062659145 0.0030170952 0.0092467511 0.0145556136 0.0086296022 0.0069463392 0.0150541165 0.0086305563 0.0128532292 0.0050708179 0.0113479959 0.0121639872 0.0058341405 0.0047112189 0.0100280946 0.0089428591 0.0076426134 0.0115177347 0.003064994 0.0038106223 0.0057247673 0.0057521178 0.0061965406 0.0066727779 0.0080742922 0.0126697798 0.0073566909 0.0092856345 0.0010231591 0.0125794555 0.0090848355 0.0095880436 0.0072136522 0.0055291914 0.0114361106 0.0070284462 0.005006718 
23 0.0065987026 0.0076316497 0.0054698798 0.00367695 0.0039900236 0.0071354109 0.0139678168 0.0064730488 0.0138882588 0.0089825977 0.0038125578 0.0077253558 0.0102548951 0.0090632565 0.0097814355 0.0062565992 0.0072613928 0.0082319993 0.0100436315 0.004887291 0.0059209079 0.0136874489 0.0079302602 0.0064739458 0.0088985658 0.0074459397 0.0052836649 0.008660511 0.006606926 0.0058440607 0.0049780406 0.0076280852 0.0060923481 0.0051181945 0.0073656634 0.0070983675 0.0042316298 0.0108634232 0.0069100118 0.0068006074 0.0090075813 0.0052346795 0.0039052826 0.0125444631 0.0088600059 0.0035128437 0.0038349568 0.0104976116 0.0107357069 0.0062074602 0.0096815563 0.0098616728 0.0108538043 0.0063744564 0.0108130191 0.0106340661 0.0070987263 0.005912828 0.0071324975 0.005842354 0.0076524185 0.0113061775 0.00858597 0.0090041021 0.0124590551 0.0035083154 0.0046482866 0.0082970966 0.0059889596 0.0062201832 0.0091454373 0.0092115551 0.003046744 0.0105465788 0.0086943506 0.0038413859 0.0073008421 0.0054830031 0.003672853 0.0091614107 0.010900397 0.013224241 0.0032546761 0.0035556329 0.0088312502 0.0115403834 0.0111486356 0.010801507 0.0084718607 0.0077719399 0.0074220139 0.0084027484 0.009016571 0.0037716231 0.0078536452 0.0033293146 0.0098219449 0.0068369826 0.0042977342 0.00953846 0.0117318079 0.0135331434 0.0076732128 0.0055475554 0.0084214016 0.0088938152 0.0180683586 0.0066546485 0.0053324843 0.0092226018 0.0064431584 0.0080641721 0.0035774525 0.0087610445 0.0065392152 0.0078729909 0.0115034032 0.0063447714 0.0028473127 0.0088240717 0.0109589035 0.0058857888 0.0075955279 0.0072946658 0.011299667 0.0075137245 0.0061477945 0.012364091 
24 0.0059072492 0.0042412279 0.0085068993 0.0101763162 0.0132550444 0.0107591658 0.0046503136 0.0023020463 0.0140286186 0.0078350246 0.0098905396 0.0136578421 0.0079911625 0.0089528598 0.0118017715 0.0057453216 0.0107380371 0.012389001 0.0066167483 0.0117562012 0.0067722922 0.0063790243 0.0064739458 0.0179960258 0.0137229251 0.0078045874 0.0071969781 0.0102057433 0.0112910577 0.0093337273 0.0093488536 0.0074440647 0.0108002627 0.0083378779 0.0080920026 0.0109805269 0.0051069262 0.0058071886 0.0053637423 0.0085657788 0.0105320644 0.004964613 0.0060213835 0.0107481476 0.0045357487 0.0077495876 0.0072907998 0.0122019709 0.0037619276 0.0107968094 0.0073614166 0.0082952255 0.005353465 0.0085275423 0.0110848235 0.005677346 0.0138259704 0.0054375976 0.0038572892 0.0048399584 0.0122897425 0.0035502446 0.0099034891 0.0108624834 0.0040181201 0.0051785384 0.0095320751 0.0055343815 0.0075196976 0.0029234311 0.0084622607 0.008967415 0.0057895965 0.0072636216 0.00709516 0.0030274503 0.0104111013 0.0070277036 0.0084281393 0.0100479506 0.0066984689 0.0040910392 0.0094480066 0.004156195 0.005015793 0.0039246709 0.0097422328 0.0054311479 0.0120378622 0.0085712215 0.0051064434 0.0072460781 0.0100801432 0.0070562161 0.0043812949 0.0058453476 0.0051157283 0.0106656772 0.0091716491 0.0108400584 0.0089897794 0.004702708 0.0077648318 0.00731054 0.0057546578 0.0071648552 0.0051275252 0.0044862148 0.0082192791 0.0054436403 0.0063357198 0.0045339916 0.0102133198 0.0059384147 0.0075098789 0.0076368296 0.0131136083 0.008060128 0.0111548159 0.0039637564 0.0039383356 0.0065618646 0.007543173 0.0076508523 0.0078274596 0.0068521538 0.0050972501 0.0075579305 
