55
1 0.0 0.014465878 0.0230869446 0.0197557011 0.0302141026 0.0178297906 0.0065328038 0.0148843323 0.0252835401 0.0142533254 0.0257519796 0.0314702066 0.0137479041 0.0290409718 0.0319847891 0.0190743679 0.0240650906 0.0180152432 0.0273606757 0.0091165261 0.0118717227 0.0248087804 0.0254178954 0.0156002852 0.0242054031 0.0313067742 0.0034363896 0.0179733159 0.0142843186 0.0124890148 0.0174676062 0.0191793546 0.0236093382 0.0174969931 0.0120487842 0.0173139891 0.0104054207 0.0154392694 0.0177750322 0.0262296225 0.0130812436 0.0049860437 0.0028816749 0.0041641182 0.0037857667 0.0287296258 0.0243773872 0.0276898189 0.0057846655 0.0209995955 0.0229031217 0.0343180662 0.023505026 0.0166773822 0.0118229802
2 0.014465878 0.0 0.0117257359 0.0231471971 0.0106874382 0.0220006439 0.0223246032 0.0204012197 0.0176419345 0.0314103461 0.0116509439 0.0147031048 0.0165299385 0.0292791502 0.0228022087 0.0188839383 0.0111867951 0.0208146222 0.0207719266 0.0244809774 0.0184022981 0.0141434729 0.0150586717 0.0237719587 0.0167612252 0.0045802728 0.0137438885 0.0262166705 0.0169528161 0.0203751402 0.0259846779 0.0155875709 0.0225320057 0.0289512991 0.0130743305 0.0179436622 0.0257920854 0.0171899267 0.0174239468 0.0166963097 0.0153128516 0.0210898671 0.0238282595 0.0086140414 0.0197969177 0.0067225485 0.0228187245 0.015185658 0.0092510821 0.0270041727 0.0101952014 0.0200377884 0.0222307807 0.0222959401 0.0195253345
3 0.0230869446 0.0117257359 0.0 0.0070050513 0.01941047 0.0211241059 0.013157555 0.0219907102 0.0158781661 0.0237585044 0.0243958058 0.01492741 0.0214455064 0.0112342651 0.0152252256 0.0128775077 0.0334337087 0.0274987984 0.0070475398 0.0098363469 0.0202361399 0.0111891208 0.0074245921 0.0277974715 0.0176857686 0.0227655386 0.021921779 0.0139715469 0.0260783093 0.0196755687 0.0241366442 0.0191832482 0.0229826821 0.0174348394 0.0256519109 0.0112321617 0.0105966647 0.0246582557 0.0251151568 0.0070069042 0.0249314391 0.0229559571 0.0306617156 0.0182647589 0.0293195407 0.0153751697 0.0220579229 0.0136574997 0.0291724025 0.0036972033 0.0026565011 0.022489916 0.0249207797 0.0154649954 0.0125705373
4 0.0197557011 0.0231471971 0.0070050513 0.0 0.0199474887 0.0142525041 0.0219017609 0.0188650458 0.0210018619 0.023391514 0.0179585969 0.0191229143 0.0055782736 0.0274367069 0.0145089238 0.0226036687 0.0160456112 0.028021398 0.0230692877 0.0290221355 0.0221740255 0.0056839574 0.016348646 0.0221899667 0.0153049303 0.009743732 0.0348076435 0.0157274065 0.0235350223 0.0211192513 0.0301068531 0.0255136246 0.0229934298 0.0124449359 0.0121599441 0.0120982413 0.015795398 0.0237530982 0.011005501 0.0198660153 0.0354211078 0.011088339 0.0195109553 0.0104870706 0.0162961011 0.0228443589 0.0110193854 0.0118575402 0.0067692389 0.0169834972 0.0129233408 0.0221851722 0.0148522928 0.0110051548 0.0317491807
5 0.0302141026 0.0106874382 0.01941047 0.0199474887 0.0 0.0283512958 0.0108120746 0.0031609737 0.0090315666 0.0209914154 0.0228350254 0.00196021 0.0231336569 0.0277091825 0.0190411073 0.0223164141 0.023370391 0.0308912733 0.0146437216 0.0161661436 0.029232831 0.0196743358 0.0286051663 0.0248064144 0.0179486046 0.0177385992 0.0132342231 0.0166940144 0.0207135151 0.0104993039 0.0250326068 0.0226746702 0.0191033935 0.0249509442 0.0136362022 0.0168117172 0.0215310513 0.0231690557 0.0131613694 0.0120401221 0.0257043317 0.0199645343 0.0181068749 0.0258488469 0.0057232047 0.008792029 0.0190482273 0.0259818223 0.0135054364 0.0058861616 0.0183592881 0.0076375756 0.01825534 0.0163870978 0.0248671379
6 0.0178297906 0.0220006439 0.0211241059 0.0142525041 0.0283512958 0.0 0.0044354734 0.0139266217 0.0171786061 0.0239460703 0.0129762374 0.0313748666 0.0131264033 0.0214585157 0.0042957884 0.0235172235 0.0144787486 0.0221654103 0.0270720807 0.0291144633 0.0127842431 0.0098892888 0.0142037679 0.0180485494 0.0158902008 0.0258497555 0.0203545107 0.0219265511 0.0159523275 0.0091843409 0.0211687818 0.0132557728 0.0187336625 0.0361440152 0.0227757856 0.0145922268 0.0233261654 0.0040401333 0.0253881148 0.0152033758 0.0195102364 0.0259218139 0.0149469054 0.0273315707 0.0306287063 0.0155188939 0.0318842871 0.0184556155 0.0038914201 0.0095256448 0.018250815 0.0032401908 0.0184712614 0.0113120316 0.0297741878
7 0.0065328038 0.0223246032 0.013157555 0.0219017609 0.0108120746 0.0044354734 0.0 0.0200884778 0.0126844462 0.0183394765 0.0220953122 0.0105358083 0.0297649534 0.0122838993 0.0177839108 0.0149867035 0.02408305 0.0166891679 0.0232110131 0.0177130486 0.0155293711 0.0215109657 0.0166704163 0.0119973467 0.0260393149 0.0087615677 0.022244408 0.003936662 0.0288976268 0.0043528379 0.0306431677 0.0290065326 0.0054106949 0.0175804665 0.0226343044 0.0214282959 0.0138447619 0.0279996685 0.0110970447 0.0294529589 0.0107513853 0.0114501276 0.0279393779 0.0312197833 0.0188559462 0.0181112489 0.0314970631 0.0316892093 0.0264735169 0.036353138 0.0067047558 0.0268581767 0.0082787763 0.0043691925 0.0209863502
8 0.0148843323 0.0204012197 0.0219907102 0.0188650458 0.0031609737 0.0139266217 0.0200884778 0.0 0.0061160895 0.021977439 0.0179991711 0.0283156685 0.0234341123 0.033208077 0.0218192361 0.0176812181 0.0253491877 0.0137616751 0.0090283811 0.0050292341 0.0280032601 0.0244844432 0.0195407761 0.0225422715 0.0275678223 0.0201898449 0.023301847 0.0133198859 0.0237715094 0.0097895472 0.013782827 0.0238265626 0.0261443603 0.0121532783 0.0045895512 0.0270886847 0.022182119 0.0050419196 0.0183829536 0.0292573307 0.0179033952 0.027398458 0.0200635311 0.0288060576 0.0140803496 0.014705871 0.0113575458 0.0268986799 0.005346693 0.0294081274 0.0175023611 0.0187137046 0.0057989168 0.0147340922 0.0152845514
9 0.0252835401 0.0176419345 0.0158781661 0.0210018619 0.0090315666 0.0171786061 0.0126844462 0.0061160895 0.0 0.025288505 0.0147315976 0.0245531842 0.0152472448 0.0069767172 0.0275116527 0.0192771841 0.0177940958 0.0174132496 0.0142129019 0.01480614 0.0347733204 0.020883959 0.0234821416 0.0213242887 0.0065085065 0.0268706056 0.0278695832 0.0158738512 0.025404067 0.0139852153 0.0111497945 0.02284612 0.0193659342 0.0165138993 0.0159418743 0.0073507386 0.0249899707 0.0213819089 0.0219371739 0.0064455535 0.0185952148 0.025839387 0.0095649854 0.0307570254 0.0148191651 0.026349951 0.0202295882 0.011032268 0.0310131377 0.0311556717 0.0147306953 0.0152134341 0.0159890179 0.0151026144 0.0120806535
10 0.0142533254 0.0314103461 0.0237585044 0.023391514 0.0209914154 0.0239460703 0.0183394765 0.021977439 0.025288505 0.0 0.0021891739 0.0181707727 0.0086755155 0.016948574 0.0166570316 0.0144619794 0.0186754005 0.0235155947 0.0101331371 0.0285806955 0.0246320946 0.0133077023 0.0140741518 0.014298573 0.0222992656 0.0204154262 0.0153318765 0.0295868386 0.019218971 0.015208674 0.0126885556 0.0119131507 0.0280590051 0.0303558954 0.0140812139 0.0133468434 0.0248424956 0.0087866103 0.032849578 0.0131222746 0.0192888742 0.0276823404 0.0241832488 0.0108457746 0.0161911531 0.030382962 0.019580169 0.011335121 0.0127457194 0.0092709386 0.0188134766 0.0210769783 0.0213953682 0.0035124551 0.0139117537
11 0.0257519796 0.0116509439 0.0243958058 0.0179585969 0.0228350254 0.0129762374 0.0220953122 0.0179991711 0.0147315976 0.0021891739 0.0 0.0113136175 0.0142198021 0.0190541353 0.0113824634 0.0184027826 0.0288148409 0.0125913801 0.0106755686 0.0079551665 0.0296896116 0.0151027499 0.0147471642 0.0127184557 0.018584761 0.0246836075 0.0147430154 0.0291855223 0.0139284376 0.0087049223 0.0251899171 0.0239894512 0.0193732677 0.0016570562 0.026584075 0.0127766882 0.0156585962 0.0284877279 0.016602759 0.0153592001 0.018653469 0.0109735043 0.0132016744 0.0255248532 0.0361977216 0.0215498302 0.0156040133 0.0062767799 0.0228603206 0.0210221407 0.0167078941 0.0131932366 0.0311331091 0.0368452345 0.0354956314
12 0.0314702066 0.0147031048 0.01492741 0.0191229143 0.00196021 0.0313748666 0.0105358083 0.0283156685 0.0245531842 0.0181707727 0.0113136175 0.0 0.0265604919 0.0162144533 0.0255272977 0.0061809167 0.0231588802 0.0159029018 0.0222445946 0.0189803833 0.0151583952 0.0124534049 0.0140153623 0.0300211907 0.0166792851 0.0090561952 0.0314002186 0.027993408 0.0243104914 0.0196398765 0.0128837515 0.001935743 0.0224710075 0.0271550331 0.0179703919 0.0159347523 0.0278875339 0.019796112 0.0153595779 0.0133086618 0.0094063659 0.0137251743 0.0162765522 0.0232517492 0.0284165402 0.0074779483 0.0200369621 0.0302550012 0.0092210044 0.0195524188 0.0160094804 0.0235007543 0.0206164996 0.0046954743 0.0209099993
13 0.0137479041 0.0165299385 0.0214455064 0.0055782736 0.0231336569 0.0131264033 0.0297649534 0.0234341123 0.0152472448 0.0086755155 0.0142198021 0.0265604919 0.0 0.0096139973 0.0195916336 0.0211697824 0.0202347052 0.0066953257 0.0126828296 0.0124038938 0.0082138641 0.0212294141 0.0294228422 0.0164995777 0.0264252352 0.0271675562 0.0242742324 0.0267765106 0.022699912 0.018120215 0.0040764554 0.0331263139 0.0069985697 0.0179860671 0.0153114649 0.0187202281 0.0151352538 0.0143846211 0.0240373843 0.0174021823 0.0185510652 0.030714546 0.0160290149 0.0218792297 0.0290984653 0.0110438298 0.0167520721 0.0290694256 0.0141694188 0.016878082 0.0101321967 0.0231197372 0.0314988169 0.0120968207 0.0171034084
14 0.0290409718 0.0292791502 0.0112342651 0.0274367069 0.0277091825 0.0214585157 0.0122838993 0.033208077 0.0069767172 0.016948574 0.0190541353 0.0162144533 0.0096139973 0.0 0.0102009583 0.0141696451 0.0146537545 0.0212163136 0.0219469989 0.0201488892 0.0261358921 0.0194940167 0.009164543 0.0131421464 0.0216610823 0.0122517879 0.0238706414 0.0278986016 0.0019729081 0.0317660594 0.0250017262 0.0033139197 0.017696594 0.0195638142 0.0157549564 0.0232659572 0.0161162987 0.0236995359 0.0134946276 0.0124098902 0.0108092777 0.0346463784 0.0099933675 0.0065981195 0.0157795803 0.0274656074 0.0108278633 0.0260269213 0.032253359 0.0197272108 0.0136543559 0.026614283 0.0171209687 0.0117507852 0.0162617177
15 0.0319847891 0.0228022087 0.0152252256 0.0145089238 0.0190411073 0.0042957884 0.0177839108 0.0218192361 0.0275116527 0.0166570316 0.0113824634 0.0255272977 0.0195916336 0.0102009583 0.0 0.0120144278 0.0166876184 0.0184636757 0.0200546056 0.0133670292 0.0237361184 0.017167078 0.0242063639 0.0281306822 0.0142005424 0.0053881218 0.0226745474 0.0131032727 0.0319319046 0.0210823588 0.0137373088 0.021357774 0.0293894439 0.0220191197 0.0308589712 0.0205659878 0.0102331173 0.0068477649 0.0215699153 0.0157701144 0.0149344136 0.0249254561 0.0249017691 0.0234136381 0.0119100971 0.011572665 0.008524257 0.0145546207 0.0205904738 0.0235779924 0.0249774467 0.0014245643 0.0084426617 0.0260671756 0.0272926776
16 0.0190743679 0.0188839383 0.0128775077 0.0226036687 0.0223164141 0.0235172235 0.0149867035 0.0176812181 0.0192771841 0.0144619794 0.0184027826 0.0061809167 0.0211697824 0.0141696451 0.0120144278 0.0 0.0299164052 0.0242467054 0.0333385358 0.0205609288 0.0118726252 0.0020043138 0.0277092183 0.0197729579 0.0085735663 0.0197852579 0.0235176164 0.0164519566 0.0301107479 0.0132907419 0.0137667124 0.0084356889 0.0138127482 0.0238283432 0.0068828391 0.0319708228 0.0226018464 0.0314071701 0.02940246 0.0237976552 0.0152581351 0.0094032939 0.0290565544 0.0168662941 0.0177702262 0.0077974245 0.0152403673 0.0138654068 0.0104560477 0.0310346034 0.019042206 0.0173834625 0.0156983731 0.0223232943 0.0141286872
17 0.0240650906 0.0111867951 0.0334337087 0.0160456112 0.023370391 0.0144787486 0.02408305 0.0253491877 0.0177940958 0.0186754005 0.0288148409 0.0231588802 0.0202347052 0.0146537545 0.0166876184 0.0299164052 0.0 0.0173016944 0.0070415919 0.0256792493 0.012157482 0.0254859979 0.0093003465 0.0184100359 0.0133270253 0.0141252373 0.0065160495 0.0180309784 0.0225933169 0.0296157364 0.018061222 0.017092534 0.017370951 0.007343356 0.0181834218 0.0333061165 0.0206049366 0.0136271803 0.0216499724 0.0116211329 0.0107223117 0.0042634278 0.0200684466 0.0302640389 0.0104926164 0.0077514365 0.0149502815 0.0238145924 0.0318457332 0.0051933809 0.0288403555 0.0268449275 0.0291544614 0.0011527096 0.0142474311
18 0.0180152432 0.0208146222 0.0274987984 0.028021398 0.0308912733 0.0221654103 0.0166891679 0.0137616751 0.0174132496 0.0235155947 0.0125913801 0.0159029018 0.0066953257 0.0212163136 0.0184636757 0.0242467054 0.0173016944 0.0 0.0282479045 0.0238706847 0.0167030474 0.0195766704 0.0221527111 0.019080727 0.0082413497 0.0283132548 0.0121653372 0.0240813983 0.0048742248 0.0241399298 0.0116317717 0.021853187 0.0050430623 0.0233519427 0.0245997861 0.0228597224 0.0182978498 0.0099815959 0.0175486207 0.0231237002 0.0256882319 0.0171124907 0.0158987786 0.0048334113 0.0217228131 0.0197169575 0.015296753 0.0216258789 0.0085075286 0.0086054042 0.0052053254 0.0309817542 0.030121066 0.0162827854 0.013457913
19 0.0273606757 0.0207719266 0.0070475398 0.0230692877 0.0146437216 0.0270720807 0.0232110131 0.0090283811 0.0142129019 0.0101331371 0.0106755686 0.0222445946 0.0126828296 0.0219469989 0.0200546056 0.0333385358 0.0070415919 0.0282479045 0.0 0.0254734387 0.0284447073 0.0341044469 0.0058537571 0.0318364881 0.0223006197 0.0321025141 0.0111026298 0.0082438259 0.0188244039 0.0107623025 0.0012449014 0.0283778045 0.0244283172 0.0049702622 0.0204043448 0.0104399471 0.0133562062 0.0200263684 0.0325794079 0.0168850683 0.0165603346 0.0217491771 0.0113871197 0.0169659588 0.002308015 0.0270945039 0.0167824133 0.0145199136 0.0336798523 0.0230127673 0.0151796266 0.0026409002 0.0085296485 0.0311184703 0.0239262418
20 0.0091165261 0.0244809774 0.0098363469 0.0290221355 0.0161661436 0.0291144633 0.0177130486 0.0050292341 0.01480614 0.0285806955 0.0079551665 0.0189803833 0.0124038938 0.0201488892 0.0133670292 0.0205609288 0.0256792493 0.0238706847 0.0254734387 0.0 0.0013338214 0.0116505751 0.0273664092 0.0180360729 0.0117528264 0.0275952153 0.0223274827 0.01535321 0.0216914798 0.0214860235 0.0267475799 0.005194198 0.0158579013 0.0225469264 0.0221722513 0.0263596867 0.0211399031 0.0227239074 0.0185382529 0.0186215467 0.0183589208 0.0177261979 0.0159450954 0.0221071427 0.0209989173 0.0145089115 0.0184980171 0.0120773921 0.0128186876 0.0264704626 0.0246562903 0.0236745361 0.0098023439 0.0138693117 0.0176871286
21 0.0118717227 0.0184022981 0.0202361399 0.0221740255 0.029232831 0.0127842431 0.0155293711 0.0280032601 0.0347733204 0.0246320946 0.0296896116 0.0151583952 0.0082138641 0.0261358921 0.0237361184 0.0118726252 0.012157482 0.0167030474 0.0284447073 0.0013338214 0.0 0.0252031786 0.0196185256 0.0095846496 0.0090668649 0.026009318 0.0166560282 0.0166480332 0.0077106944 0.0173598407 0.0125103563 0.0213407157 0.0186077308 0.0185533024 0.0257810394 0.0252304874 0.0023314767 0.0292142379 0.0126822642 0.012095349 0.0213494733 0.0235723903 0.0075901074 0.0106719943 0.0114005307 0.0281381322 0.0243209759 0.0201191986 0.0131044261 0.0190325693 0.0258537428 0.0105888913 0.0235183532 0.0127822364 0.0306680138
22 0.0248087804 0.0141434729 0.0111891208 0.0056839574 0.0196743358 0.0098892888 0.0215109657 0.0244844432 0.020883959 0.0133077023 0.0151027499 0.0124534049 0.0212294141 0.0194940167 0.017167078 0.0020043138 0.0254859979 0.0195766704 0.0341044469 0.0116505751 0.0252031786 0.0 0.0158840016 0.0253379454 0.0268140502 0.0106793259 0.0181754294 0.0263047812 0.0093932192 0.0196427815 0.0173686873 0.0310835791 0.0130765387 0.0182502837 0.020880569 0.0163051872 0.0194145355 0.018872563 0.0155516979 0.0202323164 0.0259435603 0.0159132881 0.0092854879 0.0297632515 0.0243988908 0.0178735931 0.0130617697 0.0181403603 0.0134141673 0.0198342805 0.0315535457 0.0265083725 0.0141620951 0.0186689045 0.009163068
23 0.0254178954 0.0150586717 0.0074245921 0.016348646 0.0286051663 0.0142037679 0.0166704163 0.0195407761 0.0234821416 0.0140741518 0.0147471642 0.0140153623 0.0294228422 0.009164543 0.0242063639 0.0277092183 0.0093003465 0.0221527111 0.0058537571 0.0273664092 0.0196185256 0.0158840016 0.0 0.0282553813 0.0263302027 0.0196203785 0.021072195 0.0096657876 0.0095977417 0.0135249005 0.0178024561 0.024788252 0.0266110819 0.0259308734 0.0178693623 0.0117797173 0.0254808022 0.0169463245 0.005650347 0.022111176 0.0184593636 0.018661968 0.0140735521 0.0257070791 0.0099753612 0.0265788965 0.026271139 0.0107857566 0.0261304281 0.0141477088 0.0124422479 0.0092441592 0.0118189839 0.023551628 0.0288472778
24 0.0156002852 0.0237719587 0.0277974715 0.0221899667 0.0248064144 0.0180485494 0.0119973467 0.0225422715 0.0213242887 0.014298573 0.0127184557 0.0300211907 0.0164995777 0.0131421464 0.0281306822 0.0197729579 0.0184100359 0.019080727 0.0318364881 0.0180360729 0.0095846496 0.0253379454 0.0282553813 0.0 0.0283410803 0.0065300185 0.0208928178 0.0081037043 0.0280843854 0.0180729061 0.0234670155 0.0033864034 0.0166551695 0.0090683103 0.0137706445 0.0098777689 0.0145558309 0.0220609736 0.0124753829 0.0269483569 0.005994731 0.0071152063 0.0101891077 0.0292017004 0.036723835 0.0100133978 0.0205957231 0.0163290712 0.0199236576 0.0153285117 0.0121034825 0.021813179 0.0158859298 0.0279828522 0.0153054093
25 0.0242054031 0.0167612252 0.0176857686 0.0153049303 0.0179486046 0.0158902008 0.0260393149 0.0275678223 0.0065085065 0.0222992656 0.018584761 0.0166792851 0.0264252352 0.0216610823 0.0142005424 0.0085735663 0.0133270253 0.0082413497 0.0223006197 0.0117528264 0.0090668649 0.0268140502 0.0263302027 0.0283410803 0.0 0.0047539397 0.0180176486 0.015570073 0.0113629384 0.0261866723 0.0205800511 0.0128885674 0.0268538232 0.0200508405 0.030387655 0.0171967626 0.0168125274 0.0156993463 0.0197305624 0.0218540393 0.0201655734 0.0180922294 0.0246395656 0.0119138005 0.0139303848 0.0301289605 0.0119825762 0.0275909789 0.0214652852 0.0072982168 0.0206593758 0.0173152253 0.0134826011 0.0160833567 0.0247968893
26 0.0313067742 0.0045802728 0.0227655386 0.009743732 0.0177385992 0.0258497555 0.0087615677 0.0201898449 0.0268706056 0.0204154262 0.0246836075 0.0090561952 0.0271675562 0.0122517879 0.0053881218 0.0197852579 0.0141252373 0.0283132548 0.0321025141 0.0275952153 0.026009318 0.0106793259 0.0196203785 0.0065300185 0.0047539397 0.0 0.0035717371 0.0169180616 0.0176093693 0.0212889553 0.0240000542 0.0127432862 0.012807959 0.030061907 0.0178705048 0.0129869145 0.0126343554 0.0082799836 0.0196730825 0.0086825835 0.016966683 0.0316577133 0.0200353221 0.003258579 0.0230870143 0.0339219363 0.0225059709 0.015219645 0.0208730934 0.0267249311 0.0220876919 0.0163732994 0.0190161099 0.0324363208 0.0204230901
27 0.0034363896 0.0137438885 0.021921779 0.0348076435 0.0132342231 0.0203545107 0.022244408 0.023301847 0.0278695832 0.0153318765 0.0147430154 0.0314002186 0.0242742324 0.0238706414 0.0226745474 0.0235176164 0.0065160495 0.0121653372 0.0111026298 0.0223274827 0.0166560282 0.0181754294 0.021072195 0.0208928178 0.0180176486 0.0035717371 0.0 0.0190398875 0.0106119499 0.0196562769 0.0175362138 0.0102050628 0.0089902513 0.0097900014 0.027681197 0.0165388449 0.0209081958 0.0287092157 0.0095403023 0.0049674782 0.0314071303 0.0234125267 0.0090264828 0.0338990529 0.0051941021 0.0181052231 0.0160662247 0.0099438248 0.0308688156 0.012174255 0.0347827842 0.0316894371 0.0115819239 0.0353935509 0.0050560123
28 0.0179733159 0.0262166705 0.0139715469 0.0157274065 0.0166940144 0.0219265511 0.003936662 0.0133198859 0.0158738512 0.0295868386 0.0291855223 0.027993408 0.0267765106 0.0278986016 0.0131032727 0.0164519566 0.0180309784 0.0240813983 0.0082438259 0.01535321 0.0166480332 0.0263047812 0.0096657876 0.0081037043 0.015570073 0.0169180616 0.0190398875 0.0 0.0177796047 0.0298700236 0.0156636877 0.0143006509 0.0179926549 0.030454948 0.0191323324 0.0094092069 0.0264178124 0.0228222701 0.0225583943 0.0212146427 0.0227780041 0.0140566257 0.0180776566 0.0153070259 0.0066740963 0.0141441635 0.0187805861 0.0092266934 0.018294847 0.012785146 0.0266920352 0.0219475073 0.0189718825 0.0243960928 0.0156556532
29 0.0142843186 0.0169528161 0.0260783093 0.0235350223 0.0207135151 0.0159523275 0.0288976268 0.0237715094 0.025404067 0.019218971 0.0139284376 0.0243104914 0.022699912 0.0019729081 0.0319319046 0.0301107479 0.0225933169 0.0048742248 0.0188244039 0.0216914798 0.0077106944 0.0093932192 0.0095977417 0.0280843854 0.0113629384 0.0176093693 0.0106119499 0.0177796047 0.0 0.0184805494 0.0253789109 0.0261109273 0.0151075042 0.0122067534 0.0198284052 0.0115631728 0.025618597 0.0248367583 0.0105562895 0.0101877719 0.0348723555 0.0314359418 0.0329162063 0.0092390351 0.0136419164 0.0216088788 0.0179281558 0.016295105 0.0103837135 0.0230726616 0.016550355 0.0166841907 0.0028874975 0.0157377083 0.0169744255
30 0.0124890148 0.0203751402 0.0196755687 0.0211192513 0.0104993039 0.0091843409 0.0043528379 0.0097895472 0.0139852153 0.015208674 0.0087049223 0.0196398765 0.018120215 0.0317660594 0.0210823588 0.0132907419 0.0296157364 0.0241399298 0.0107623025 0.0214860235 0.0173598407 0.0196427815 0.0135249005 0.0180729061 0.0261866723 0.0212889553 0.0196562769 0.0298700236 0.0184805494 0.0 0.0185943171 0.0255525722 0.0211687039 0.0240735215 0.0220924763 0.0133053302 0.0250270018 0.0064582157 0.0198594629 0.0270961587 0.0141503491 0.0261353099 0.0126784786 0.0166468902 0.0180572544 0.0240812306 0.015053372 0.0149750958 0.0102532211 0.0226092162 0.0285345055 0.0164617641 0.0185588752 0.0146108719 0.0245958384
31 0.0174676062 0.0259846779 0.0241366442 0.0301068531 0.0250326068 0.0211687818 0.0306431677 0.013782827 0.0111497945 0.0126885556 0.0251899171 0.0128837515 0.0040764554 0.0250017262 0.0137373088 0.0137667124 0.018061222 0.0116317717 0.0012449014 0.0267475799 0.0125103563 0.0173686873 0.0178024561 0.0234670155 0.0205800511 0.0240000542 0.0175362138 0.0156636877 0.0253789109 0.0185943171 0.0 0.0049163377 0.005008766 0.0357391046 0.0183204731 0.0080388673 0.0113958237 0.0074502773 0.0175491416 0.02443896 0.0296077099 0.0298868277 0.028469682 0.0117393845 0.0179637772 0.0083025782 0.0240711303 0.0148731803 0.016660803 0.0201262094 0.01327443 0.0327308329 0.0332667315 0.0244369868 0.004327374
32 0.0191793546 0.0155875709 0.0191832482 0.0255136246 0.0226746702 0.0132557728 0.0290065326 0.0238265626 0.02284612 0.0119131507 0.0239894512 0.001935743 0.0331263139 0.0033139197 0.021357774 0.0084356889 0.017092534 0.021853187 0.0283778045 0.005194198 0.0213407157 0.0310835791 0.024788252 0.0033864034 0.0128885674 0.0127432862 0.0102050628 0.0143006509 0.0261109273 0.0255525722 0.0049163377 0.0 0.0043217542 0.0082611427 0.0221804378 0.0162597369 0.0234079548 0.0278137306 0.0187840883 0.0116809942 0.0278111868 0.0332584394 0.017969588 0.0099293365 0.0183597421 0.0253774829 0.0028068073 0.01226818 0.0126004965 0.0208816722 0.0291555731 0.0227869254 0.0307757643 0.0329534441 0.0153759456
33 0.0236093382 0.0225320057 0.0229826821 0.0229934298 0.0191033935 0.0187336625 0.0054106949 0.0261443603 0.0193659342 0.0280590051 0.0193732677 0.0224710075 0.0069985697 0.017696594 0.0293894439 0.0138127482 0.017370951 0.0050430623 0.0244283172 0.0158579013 0.0186077308 0.0130765387 0.0266110819 0.0166551695 0.0268538232 0.012807959 0.0089902513 0.0179926549 0.0151075042 0.0211687039 0.005008766 0.0043217542 0.0 0.0259590221 0.0156087957 0.0257640864 0.0091053359 0.0238420456 0.0164023025 0.027832921 0.0097824334 0.0121830175 0.0212069859 0.0248685826 0.0255029338 0.0126800416 0.0333018095 0.032708497 0.0186378796 0.024639329 0.0089789716 0.0196141457 0.0148868403 0.0092968313 0.0186188853
34 0.0174969931 0.0289512991 0.0174348394 0.0124449359 0.0249509442 0.0361440152 0.0175804665 0.0121532783 0.0165138993 0.0303558954 0.0016570562 0.0271550331 0.0179860671 0.0195638142 0.0220191197 0.0238283432 0.007343356 0.0233519427 0.0049702622 0.0225469264 0.0185533024 0.0182502837 0.0259308734 0.0090683103 0.0200508405 0.030061907 0.0097900014 0.030454948 0.0122067534 0.0240735215 0.0357391046 0.0082611427 0.0259590221 0.0 0.0101872969 0.0041641687 0.0068873058 0.0251628073 0.0161159295 0.0193119622 0.0234794118 0.0140403123 0.0257875701 0.0167731778 0.017373538 0.0133299327 0.0126285262 0.0279046101 0.0288568074 0.0181311019 0.03167929 0.0060636337 0.0089533022 0.0079126879 0.012408129
35 0.0120487842 0.0130743305 0.0256519109 0.0121599441 0.0136362022 0.0227757856 0.0226343044 0.0045895512 0.0159418743 0.0140812139 0.026584075 0.0179703919 0.0153114649 0.0157549564 0.0308589712 0.0068828391 0.0181834218 0.0245997861 0.0204043448 0.0221722513 0.0257810394 0.020880569 0.0178693623 0.0137706445 0.030387655 0.0178705048 0.027681197 0.0191323324 0.0198284052 0.0220924763 0.0183204731 0.0221804378 0.0156087957 0.0101872969 0.0 0.0294391697 0.0175932336 0.0082589798 0.0171646133 0.0120706122 0.0081708581 0.0216836645 0.0226063625 0.0165810636 0.021413571 0.0179520172 0.0094858838 0.0221547122 0.009927756 0.0157715904 0.0270567735 0.0218984965 0.0189768631 0.0299813885 0.0149047972
36 0.0173139891 0.0179436622 0.0112321617 0.0120982413 0.0168117172 0.0145922268 0.0214282959 0.0270886847 0.0073507386 0.0133468434 0.0127766882 0.0159347523 0.0187202281 0.0232659572 0.0205659878 0.0319708228 0.0333061165 0.0228597224 0.0104399471 0.0263596867 0.0252304874 0.0163051872 0.0117797173 0.0098777689 0.0171967626 0.0129869145 0.0165388449 0.0094092069 0.0115631728 0.0133053302 0.0080388673 0.0162597369 0.0257640864 0.0041641687 0.0294391697 0.0 0.0105264083 0.0225679597 0.0095238624 0.0354772389 0.0233274175 0.0122759584 0.0125497449 0.0229003741 0.027390431 0.0268757019 0.0351852144 0.0245967521 0.0201056822 0.0166382491 0.0151978856 0.0217912734 0.0303130535 0.0110349992 0.0184559013
37 0.0104054207 0.0257920854 0.0105966647 0.015795398 0.0215310513 0.0233261654 0.0138447619 0.022182119 0.0249899707 0.0248424956 0.0156585962 0.0278875339 0.0151352538 0.0161162987 0.0102331173 0.0226018464 0.0206049366 0.0182978498 0.0133562062 0.0211399031 0.0023314767 0.0194145355 0.0254808022 0.0145558309 0.0168125274 0.0126343554 0.0209081958 0.0264178124 0.025618597 0.0250270018 0.0113958237 0.0234079548 0.0091053359 0.0068873058 0.0175932336 0.0105264083 0.0 0.0270193504 0.0201898943 0.0179228478 0.025009372 0.0165963097 0.0201271026 0.0310162101 0.0133298558 0.0351275361 0.0257273883 0.0210486951 0.0203197732 0.0139385811 0.011697983 0.0101724241 0.0104014963 0.0150521573 0.0228481506
38 0.0154392694 0.0171899267 0.0246582557 0.0237530982 0.0231690557 0.0040401333 0.0279996685 0.0050419196 0.0213819089 0.0087866103 0.0284877279 0.019796112 0.0143846211 0.0236995359 0.0068477649 0.0314071701 0.0136271803 0.0099815959 0.0200263684 0.0227239074 0.0292142379 0.018872563 0.0169463245 0.0220609736 0.0156993463 0.0082799836 0.0287092157 0.0228222701 0.0248367583 0.0064582157 0.0074502773 0.0278137306 0.0238420456 0.0251628073 0.0082589798 0.0225679597 0.0270193504 0.0 0.0217038195 0.0059389377 0.0086309881 0.0236400919 0.0105188701 0.0183553308 0.0136194587 0.0201622299 0.0269702976 0.0202019812 0.0186948244 0.0309477662 0.0244633912 0.0122166802 0.0087052032 0.0131105232 0.0236627364
39 0.0177750322 0.0174239468 0.0251151568 0.011005501 0.0131613694 0.0253881148 0.0110970447 0.0183829536 0.0219371739 0.032849578 0.016602759 0.0153595779 0.0240373843 0.0134946276 0.0215699153 0.02940246 0.0216499724 0.0175486207 0.0325794079 0.0185382529 0.0126822642 0.0155516979 0.005650347 0.0124753829 0.0197305624 0.0196730825 0.0095403023 0.0225583943 0.0105562895 0.0198594629 0.0175491416 0.0187840883 0.0164023025 0.0161159295 0.0171646133 0.0095238624 0.0201898943 0.0217038195 0.0 0.0283577125 0.0126161943 0.0100900447 0.011174432 0.0248920849 0.0282024908 0.019708227 0.0158215953 0.0064652072 0.0251976449 0.0270517496 0.026024361 0.0012390679 0.0211315515 0.0230574188 0.0283399308
40 0.0262296225 0.0166963097 0.0070069042 0.0198660153 0.0120401221 0.0152033758 0.0294529589 0.0292573307 0.0064455535 0.0131222746 0.0153592001 0.0133086618 0.0174021823 0.0124098902 0.0157701144 0.0237976552 0.0116211329 0.0231237002 0.0168850683 0.0186215467 0.012095349 0.0202323164 0.022111176 0.0269483569 0.0218540393 0.0086825835 0.0049674782 0.0212146427 0.0101877719 0.0270961587 0.02443896 0.0116809942 0.027832921 0.0193119622 0.0120706122 0.0354772389 0.0179228478 0.0059389377 0.0283577125 0.0 0.0177243892 0.0128032546 0.009009431 0.0248957359 0.026796201 0.0222836602 0.0131118534 0.0200338656 0.0264723841 0.0262175729 0.0348181927 0.0134070767 0.0121724118 0.0151416316 0.023070661
41 0.0130812436 0.0153128516 0.0249314391 0.0354211078 0.0257043317 0.0195102364 0.0107513853 0.0179033952 0.0185952148 0.0192888742 0.018653469 0.0094063659 0.0185510652 0.0108092777 0.0149344136 0.0152581351 0.0107223117 0.0256882319 0.0165603346 0.0183589208 0.0213494733 0.0259435603 0.0184593636 0.005994731 0.0201655734 0.016966683 0.0314071303 0.0227780041 0.0348723555 0.0141503491 0.0296077099 0.0278111868 0.0097824334 0.0234794118 0.0081708581 0.0233274175 0.025009372 0.0086309881 0.0126161943 0.0177243892 0.0 0.0138314441 0.015958934 0.0174330584 0.0305240842 0.0123170742 0.0055049997 0.0172070916 0.0183299556 0.0261165956 0.0143041827 0.0274541993 0.0173921726 0.009017787 0.0169186309
42 0.0049860437 0.0210898671 0.0229559571 0.011088339 0.0199645343 0.0259218139 0.0114501276 0.027398458 0.025839387 0.0276823404 0.0109735043 0.0137251743 0.030714546 0.0346463784 0.0249254561 0.0094032939 0.0042634278 0.0171124907 0.0217491771 0.0177261979 0.0235723903 0.0159132881 0.018661968 0.0071152063 0.0180922294 0.0316577133 0.0234125267 0.0140566257 0.0314359418 0.0261353099 0.0298868277 0.0332584394 0.0121830175 0.0140403123 0.0216836645 0.0122759584 0.0165963097 0.0236400919 0.0100900447 0.0128032546 0.0138314441 0.0 0.0132405699 0.0040463079 0.0012605577 0.0310923232 0.0142758084 0.0101496278 0.0162361025 0.0210330827 0.010541293 0.0267023601 0.0149733878 0.0287803377 0.0137091621
43 0.0028816749 0.0238282595 0.0306617156 0.0195109553 0.0181068749 0.0149469054 0.0279393779 0.0200635311 0.0095649854 0.0241832488 0.0132016744 0.0162765522 0.0160290149 0.0099933675 0.0249017691 0.0290565544 0.0200684466 0.0158987786 0.0113871197 0.0159450954 0.0075901074 0.0092854879 0.0140735521 0.0101891077 0.0246395656 0.0200353221 0.0090264828 0.0180776566 0.0329162063 0.0126784786 0.028469682 0.017969588 0.0212069859 0.0257875701 0.0226063625 0.0125497449 0.0201271026 0.0105188701 0.011174432 0.009009431 0.015958934 0.0132405699 0.0 0.0181027954 0.0310688886 0.009240926 0.0248276613 0.0180514368 0.0191633341 0.0281364795 0.0239555264 0.0239562814 0.0337799782 0.0186563689 0.0194831824
44 0.0041641182 0.0086140414 0.0182647589 0.0104870706 0.0258488469 0.0273315707 0.0312197833 0.0288060576 0.0307570254 0.0108457746 0.0255248532 0.0232517492 0.0218792297 0.0065981195 0.0234136381 0.0168662941 0.0302640389 0.0048334113 0.0169659588 0.0221071427 0.0106719943 0.0297632515 0.0257070791 0.0292017004 0.0119138005 0.003258579 0.0338990529 0.0153070259 0.0092390351 0.0166468902 0.0117393845 0.0099293365 0.0248685826 0.0167731778 0.0165810636 0.0229003741 0.0310162101 0.0183553308 0.0248920849 0.0248957359 0.0174330584 0.0040463079 0.0181027954 0.0 0.0159083406 0.016968831 0.0153107131 0.0242536955 0.0347860798 0.0071771351 0.0209808482 0.0067149677 0.0152018779 0.0227832371 0.0047289391
45 0.0037857667 0.0197969177 0.0293195407 0.0162961011 0.0057232047 0.0306287063 0.0188559462 0.0140803496 0.0148191651 0.0161911531 0.0361977216 0.0284165402 0.0290984653 0.0157795803 0.0119100971 0.0177702262 0.0104926164 0.0217228131 0.002308015 0.0209989173 0.0114005307 0.0243988908 0.0099753612 0.036723835 0.0139303848 0.0230870143 0.0051941021 0.0066740963 0.0136419164 0.0180572544 0.0179637772 0.0183597421 0.0255029338 0.017373538 0.021413571 0.027390431 0.0133298558 0.0136194587 0.0282024908 0.026796201 0.0305240842 0.0012605577 0.0310688886 0.0159083406 0.0 0.0113501693 0.0090462971 0.0272477758 0.014931217 0.0257325362 0.0222755734 0.0228892541 0.0149198227 0.032293299 0.0033249554
46 0.0287296258 0.0067225485 0.0153751697 0.0228443589 0.008792029 0.0155188939 0.0181112489 0.014705871 0.026349951 0.030382962 0.0215498302 0.0074779483 0.0110438298 0.0274656074 0.011572665 0.0077974245 0.0077514365 0.0197169575 0.0270945039 0.0145089115 0.0281381322 0.0178735931 0.0265788965 0.0100133978 0.0301289605 0.0339219363 0.0181052231 0.0141441635 0.0216088788 0.0240812306 0.0083025782 0.0253774829 0.0126800416 0.0133299327 0.0179520172 0.0268757019 0.0351275361 0.0201622299 0.019708227 0.0222836602 0.0123170742 0.0310923232 0.009240926 0.016968831 0.0113501693 0.0 0.015746526 0.002155774 0.0192362545 0.0213116673 0.004081901 0.0301928754 0.0211643648 0.0116909571 0.0235447625
47 0.0243773872 0.0228187245 0.0220579229 0.0110193854 0.0190482273 0.0318842871 0.0314970631 0.0113575458 0.0202295882 0.019580169 0.0156040133 0.0200369621 0.0167520721 0.0108278633 0.008524257 0.0152403673 0.0149502815 0.015296753 0.0167824133 0.0184980171 0.0243209759 0.0130617697 0.026271139 0.0205957231 0.0119825762 0.0225059709 0.0160662247 0.0187805861 0.0179281558 0.015053372 0.0240711303 0.0028068073 0.0333018095 0.0126285262 0.0094858838 0.0351852144 0.0257273883 0.0269702976 0.0158215953 0.0131118534 0.0055049997 0.0142758084 0.0248276613 0.0153107131 0.0090462971 0.015746526 0.0 0.0224229057 0.0060910792 0.0039433681 0.01944346 0.0206536235 0.036554602 0.0311767521 0.0229419036
48 0.0276898189 0.015185658 0.0136574997 0.0118575402 0.0259818223 0.0184556155 0.0316892093 0.0268986799 0.011032268 0.011335121 0.0062767799 0.0302550012 0.0290694256 0.0260269213 0.0145546207 0.0138654068 0.0238145924 0.0216258789 0.0145199136 0.0120773921 0.0201191986 0.0181403603 0.0107857566 0.0163290712 0.0275909789 0.015219645 0.0099438248 0.0092266934 0.016295105 0.0149750958 0.0148731803 0.01226818 0.032708497 0.0279046101 0.0221547122 0.0245967521 0.0210486951 0.0202019812 0.0064652072 0.0200338656 0.0172070916 0.0101496278 0.0180514368 0.0242536955 0.0272477758 0.002155774 0.0224229057 0.0 0.0148209203 0.0056426179 0.0067071516 0.0191432742 0.0191237325 0.0366020998 0.029721321
49 0.0057846655 0.0092510821 0.0291724025 0.0067692389 0.0135054364 0.0038914201 0.0264735169 0.005346693 0.0310131377 0.0127457194 0.0228603206 0.0092210044 0.0141694188 0.032253359 0.0205904738 0.0104560477 0.0318457332 0.0085075286 0.0336798523 0.0128186876 0.0131044261 0.0134141673 0.0261304281 0.0199236576 0.0214652852 0.0208730934 0.0308688156 0.018294847 0.0103837135 0.0102532211 0.016660803 0.0126004965 0.0186378796 0.0288568074 0.009927756 0.0201056822 0.0203197732 0.0186948244 0.0251976449 0.0264723841 0.0183299556 0.0162361025 0.0191633341 0.0347860798 0.014931217 0.0192362545 0.0060910792 0.0148209203 0.0 0.0118695239 0.0237306223 0.0279288321 0.0285825203 0.0204122205 0.0213398935
50 0.0209995955 0.0270041727 0.0036972033 0.0169834972 0.0058861616 0.0095256448 0.036353138 0.0294081274 0.0311556717 0.0092709386 0.0210221407 0.0195524188 0.016878082 0.0197272108 0.0235779924 0.0310346034 0.0051933809 0.0086054042 0.0230127673 0.0264704626 0.0190325693 0.0198342805 0.0141477088 0.0153285117 0.0072982168 0.0267249311 0.012174255 0.012785146 0.0230726616 0.0226092162 0.0201262094 0.0208816722 0.024639329 0.0181311019 0.0157715904 0.0166382491 0.0139385811 0.0309477662 0.0270517496 0.0262175729 0.0261165956 0.0210330827 0.0281364795 0.0071771351 0.0257325362 0.0213116673 0.0039433681 0.0056426179 0.0118695239 0.0 0.0194658071 0.0139541277 0.0083012595 0.0180740725 0.0165317942
51 0.0229031217 0.0101952014 0.0026565011 0.0129233408 0.0183592881 0.018250815 0.0067047558 0.0175023611 0.0147306953 0.0188134766 0.0167078941 0.0160094804 0.0101321967 0.0136543559 0.0249774467 0.019042206 0.0288403555 0.0052053254 0.0151796266 0.0246562903 0.0258537428 0.0315535457 0.0124422479 0.0121034825 0.0206593758 0.0220876919 0.0347827842 0.0266920352 0.016550355 0.0285345055 0.01327443 0.0291555731 0.0089789716 0.03167929 0.0270567735 0.0151978856 0.011697983 0.0244633912 0.026024361 0.0348181927 0.0143041827 0.010541293 0.0239555264 0.0209808482 0.0222755734 0.004081901 0.01944346 0.0067071516 0.0237306223 0.0194658071 0.0 0.0195742875 0.0097599513 0.0194418309 0.0146862117
52 0.0343180662 0.0200377884 0.022489916 0.0221851722 0.0076375756 0.0032401908 0.0268581767 0.0187137046 0.0152134341 0.0210769783 0.0131932366 0.0235007543 0.0231197372 0.026614283 0.0014245643 0.0173834625 0.0268449275 0.0309817542 0.0026409002 0.0236745361 0.0105888913 0.0265083725 0.0092441592 0.021813179 0.0173152253 0.0163732994 0.0316894371 0.0219475073 0.0166841907 0.0164617641 0.0327308329 0.0227869254 0.0196141457 0.0060636337 0.0218984965 0.0217912734 0.0101724241 0.0122166802 0.0012390679 0.0134070767 0.0274541993 0.0267023601 0.0239562814 0.0067149677 0.0228892541 0.0301928754 0.0206536235 0.0191432742 0.0279288321 0.0139541277 0.0195742875 0.0 0.014104811 0.0063686083 0.0086667564
53 0.023505026 0.0222307807 0.0249207797 0.0148522928 0.01825534 0.0184712614 0.0082787763 0.0057989168 0.0159890179 0.0213953682 0.0311331091 0.0206164996 0.0314988169 0.0171209687 0.0084426617 0.0156983731 0.0291544614 0.030121066 0.0085296485 0.0098023439 0.0235183532 0.0141620951 0.0118189839 0.0158859298 0.0134826011 0.0190161099 0.0115819239 0.0189718825 0.0028874975 0.0185588752 0.0332667315 0.0307757643 0.0148868403 0.0089533022 0.0189768631 0.0303130535 0.0104014963 0.0087052032 0.0211315515 0.0121724118 0.0173921726 0.0149733878 0.0337799782 0.0152018779 0.0149198227 0.0211643648 0.036554602 0.0191237325 0.0285825203 0.0083012595 0.0097599513 0.014104811 0.0 0.0235277827 0.0273307579
54 0.0166773822 0.0222959401 0.0154649954 0.0110051548 0.0163870978 0.0113120316 0.0043691925 0.0147340922 0.0151026144 0.0035124551 0.0368452345 0.0046954743 0.0120968207 0.0117507852 0.0260671756 0.0223232943 0.0011527096 0.0162827854 0.0311184703 0.0138693117 0.0127822364 0.0186689045 0.023551628 0.0279828522 0.0160833567 0.0324363208 0.0353935509 0.0243960928 0.0157377083 0.0146108719 0.0244369868 0.0329534441 0.0092968313 0.0079126879 0.0299813885 0.0110349992 0.0150521573 0.0131105232 0.0230574188 0.0151416316 0.009017787 0.0287803377 0.0186563689 0.0227832371 0.032293299 0.0116909571 0.0311767521 0.0366020998 0.0204122205 0.0180740725 0.0194418309 0.0063686083 0.0235277827 0.0 0.010490037
55 0.0118229802 0.0195253345 0.0125705373 0.0317491807 0.0248671379 0.0297741878 0.0209863502 0.0152845514 0.0120806535 0.0139117537 0.0354956314 0.0209099993 0.0171034084 0.0162617177 0.0272926776 0.0141286872 0.0142474311 0.013457913 0.0239262418 0.0176871286 0.0306680138 0.009163068 0.0288472778 0.0153054093 0.0247968893 0.0204230901 0.0050560123 0.0156556532 0.0169744255 0.0245958384 0.004327374 0.0153759456 0.0186188853 0.012408129 0.0149047972 0.0184559013 0.0228481506 0.0236627364 0.0283399308 0.023070661 0.0169186309 0.0137091621 0.0194831824 0.0047289391 0.0033249554 0.0235447625 0.0229419036 0.029721321 0.0213398935 0.0165317942 0.0146862117 0.0086667564 0.0273307579 0.010490037 0.0
