64
1 0.0194614911 0.0154082288 0.0133537195 0.0092144407 0.0078358178 0.0209093695 0.0260546659 0.0091703088 0.0126903121 0.0196696941 0.0163755533 0.0091893876 0.0178383064 0.0166511885 0.0195345778 0.0116593952 0.0216292657 0.0185224316 0.0081653913 0.0176457235 0.0127918783 0.021722996 0.0020466516 0.0244125284 0.0133999648 0.0213231613 0.019188555 0.0070669963 0.0228141047 0.0161752372 0.0084381386 0.0178092713 0.0108657313 0.0110282267 0.0147136713 0.0231803461 0.0122246435 0.0170072079 0.0051801832 0.0334337735 0.017783978 0.016486649 0.0169221491 0.018043177 0.0147271311 0.0017726534 0.0113092248 0.0095981304 0.0128415513 0.0128025867 0.0137623481 0.0135631778 0.0145566631 0.0112240744 0.033352505 0.0201241556 0.0112710978 0.0167625251 0.0157010094 0.0106828604 0.0161804422 0.0155581424 0.0282728783 0.020898353 
2 0.0154082288 0.0041987579 0.0189130009 0.0157966548 0.0173950751 0.0138017053 0.0097976144 0.0168854384 0.010389824 0.0120243447 0.0179497673 0.0207217491 0.0168552816 0.0123372608 0.0128584297 0.0177363604 0.0057003312 0.0201690122 0.0255914546 0.0058518494 0.0181345085 0.0141124389 0.0138897512 0.0173016106 0.0135497047 0.0134804067 0.0260732995 0.0165516427 0.010145044 0.0171791416 0.022694185 0.0186807504 0.0202550427 0.0184340247 0.0134146099 0.036123576 0.0217776005 0.0147043218 0.02324873 0.0172609521 0.0122670398 0.0182012925 0.0184665612 0.0071913751 0.0143091894 0.0084083006 0.008136869 0.0116133821 0.0124680219 0.0102487583 0.0164189402 0.0138765058 0.0189405386 0.0071529871 0.0187438036 0.0185343509 0.0190403392 0.0261827629 0.0151586414 0.0103298175 0.010971894 0.0130220465 0.017108517 0.0158145833 
3 0.0133537195 0.0189130009 0.0089639654 0.006555586 0.0124863536 0.0109217475 0.0152619941 0.0121653343 0.0190558176 0.020952968 0.0034888588 0.0151965232 0.0220086831 0.0062632881 0.0100293378 0.0187725731 0.0099244949 0.0151808332 0.010078973 0.0178912935 0.0195002241 0.0103888346 0.0058443705 0.0179434851 0.0063647468 0.0098338503 0.0126022776 0.0161506421 0.0184573428 0.0182183436 0.0179125393 0.0149762165 0.029356657 0.0141974675 0.0257565286 0.0167629529 0.0151086054 0.0179920254 0.0059426571 0.0170606601 0.0128723395 0.012588912 0.0213734333 0.0215259885 0.0241521762 0.0170005374 0.0246370366 0.0177698857 0.0175201515 0.0091114619 0.017049439 0.0151346008 0.0112449596 0.0188643927 0.0076330958 0.0268632662 0.0235150346 0.015964282 0.0047538388 0.0218762171 0.0203769653 0.0207903199 0.0210054071 0.018540486 
4 0.0092144407 0.0157966548 0.006555586 0.0129328869 0.0205270147 0.0125565519 0.0144870037 0.0164047893 0.0163133851 0.0240921983 0.0112402275 0.0302469826 0.0150062228 0.0173733262 0.0094872612 0.0064203621 0.0299858663 0.014687436 0.0130302285 0.0207548794 0.0201413345 0.0164769364 0.008402956 0.00405243 0.0095746122 0.0089416237 0.017566558 0.0168798563 0.0168651888 0.0200522805 0.0211548249 0.0281586051 0.0153113634 0.0153956671 0.018703035 0.0094000628 0.0165367631 0.0170068615 0.0205949981 0.0258469961 0.0143663714 0.0118987597 0.0119984943 0.022611499 0.0150887759 0.0137142378 0.0304967143 0.0115532615 0.0247437227 0.0097369989 0.0044721912 0.0156939292 0.0031398201 0.0167357494 0.0228475774 0.0281481234 0.0070926429 0.0125801985 0.0060926965 0.0099146335 0.007977709 0.0215505027 0.0140320637 0.0193370696 
5 0.0078358178 0.0173950751 0.0124863536 0.0205270147 0.0089007931 0.0262612599 0.0237876032 0.0104096527 0.0149570471 0.0255016227 0.017831919 0.0160010718 0.0184501183 0.0070399675 0.0128568412 0.018405648 0.0148675101 0.0171866849 0.0138935267 0.0231652626 0.0148386321 0.0225135755 0.0046167489 0.0113001299 0.0253826597 0.013459258 0.0165344105 0.0286557768 0.0138576091 0.0040544607 0.0131598455 0.0203083829 0.0184034706 0.0220056792 0.0251293173 0.0121593476 0.014914171 0.0104537201 0.0173262195 0.0051298469 0.0235768755 0.0133758615 0.0145930376 0.0137217238 0.017781727 0.0134174899 0.0086442571 0.0068136409 0.0271868878 0.009805702 0.0099137053 0.0135296955 0.0261177719 0.0125408304 0.0109602927 0.0171086947 0.0310636251 0.0093610203 0.0156843789 0.0050196973 0.0132862454 0.0107919289 0.0112683441 0.0224725145 
6 0.0209093695 0.0138017053 0.0109217475 0.0125565519 0.0262612599 0.0034764539 0.0106348593 0.010240702 0.0145916471 0.0066883769 0.0231756133 0.0123556182 0.0144478265 0.0066692353 0.0199463188 0.0230757207 0.0072771099 0.0151647559 0.0236995429 0.0124504965 0.0142850225 0.0059328 0.01716454 0.0357249164 0.019011714 0.0132128875 0.0159486545 0.0126687123 0.0121901295 0.0156755971 0.0153608759 0.003619695 0.0141732327 0.0239143162 0.0091425976 0.0147393083 0.0073029352 0.0108928165 0.0306122457 0.0135280587 0.0180350444 0.0268795802 0.0216644558 0.024866257 0.0138374076 0.0142870968 0.0149054842 0.022814124 0.0164878778 0.0188338896 0.012080404 0.0166744605 0.0055163287 0.0211079903 0.0109119995 0.0132249922 0.0159671759 0.0054704011 0.0161863031 0.0143323552 0.0335387755 0.0099947248 0.0233592934 0.0155776114 
7 0.0260546659 0.0097976144 0.0152619941 0.0144870037 0.0237876032 0.0106348593 0.0154435844 0.0092841156 0.009499345 0.0078634169 0.0278197302 0.0097277239 0.0251072441 0.007190526 0.0175117538 0.026518559 0.0229893422 0.0067187107 0.0099026813 0.0248674971 0.0240420469 0.0192077558 0.0182880635 0.0160625748 0.0160563935 0.0059188277 0.0153232585 0.0054821459 0.0148290215 0.0220299313 0.0232404656 0.0162828019 0.0169407938 0.0165863041 0.0069137006 0.0040547093 0.020224347 0.0110057521 0.0152080629 0.018048003 0.0128103091 0.0171828728 0.0135951048 0.0197784749 0.0134390864 0.0108269916 0.0122094848 0.0179708949 0.0120063158 0.0168077874 0.0250966556 0.0207721998 0.028597569 0.0216664911 0.0160238057 0.0199405086 0.0118150198 0.0148235803 0.0045941656 0.0181160527 0.0010174338 0.0135480221 0.0159455135 0.0152027291 
8 0.0091703088 0.0168854384 0.0121653343 0.0164047893 0.0104096527 0.010240702 0.0092841156 0.0152268723 0.0141628356 0.0070178929 0.0213470904 0.0136194504 0.0206430348 0.0148191484 0.0153947411 0.0266534154 0.0106768308 0.0040035233 0.0133859136 0.0142126636 0.0155487841 0.0213618751 0.0224465886 0.0173803797 0.0238305037 0.0116658115 0.0151722621 0.0268499608 0.0163011574 0.0064723179 0.0133113558 0.0239215533 0.0150910956 0.0168684897 0.0102387482 0.0098638234 0.0144950747 0.0063898611 0.0157587429 0.0097299638 0.010136544 0.0095845186 0.0181303567 0.0043215476 0.020629072 0.0164584265 0.0310794068 0.0260650076 0.0221719232 0.022311188 0.0089021978 0.0105862763 0.0179068812 0.0045060349 0.0203470333 0.0246178758 0.0152283455 0.0106241573 0.0209447494 0.0298002856 0.0154724843 0.0184745647 0.0202011499 0.0130778697 
9 0.0126903121 0.010389824 0.0190558176 0.0163133851 0.0149570471 0.0145916471 0.009499345 0.0141628356 0.0174179161 0.0145948122 0.0155903031 0.0188225441 0.0101086324 0.0148056207 0.0277354793 0.0178585287 0.0138561377 0.0204856194 0.0240580994 0.0133635242 0.0272449659 0.0183359469 0.0180157277 0.0063464721 0.0027463223 0.0136295859 0.0129471084 0.0288270232 0.0082847927 0.0099662531 0.0133606883 0.0189576081 0.0100206198 0.0221518036 0.0169420021 0.0094538919 0.0175118781 0.0101196194 0.013227636 0.0138318649 0.015658225 0.0187668606 0.0149007988 0.0166983994 0.0130831873 0.0151972334 0.0091090557 0.0166722463 0.0094479789 0.0257114922 0.0148364033 0.0168133574 0.0135114686 0.0166885289 0.0103654592 0.0178994544 0.0196922722 0.0148567229 0.0241791317 0.013096718 0.0227900519 0.0214208709 0.0110164596 0.0153083821 
10 0.0196696941 0.0120243447 0.020952968 0.0240921983 0.0255016227 0.0066883769 0.0078634169 0.0070178929 0.0145948122 0.0233776699 0.0126544622 0.0163173781 0.0245752843 0.0235264949 0.0130408349 0.0245929599 0.0061325322 0.0225245982 0.0155930048 0.0133854838 0.0203759455 0.0237130409 0.014859372 0.0278256886 0.0085534348 0.011832639 0.0157656713 0.0097412014 0.0106124405 0.0140629076 0.0164810879 0.0161055862 0.014837119 0.0137864303 0.0201362213 0.0164595601 0.0086123817 0.0139817291 0.0117938975 0.0206109357 0.0181300906 0.0173775704 0.0141383072 0.0149876518 0.0099770187 0.0157870697 0.0203657139 0.0082403496 0.0123524918 0.0144148265 0.0157244744 0.0200532292 0.0180041068 0.0190862913 0.0167590574 0.0027513247 0.0180574486 0.0075001346 0.0062964574 0.0236746001 0.0202897633 0.0087214605 0.0206785056 0.0123587354 
11 0.0163755533 0.0179497673 0.0034888588 0.0112402275 0.017831919 0.0231756133 0.0278197302 0.0213470904 0.0155903031 0.0126544622 0.0046390691 0.0088048696 0.0169940226 0.0263144088 0.0121692096 0.0253207602 0.0155616388 0.0171989388 0.0056600705 0.0177651769 0.0191912737 0.0112864578 0.0259079885 0.0120201624 0.0098796014 0.0210924843 0.0201043729 0.0077232357 0.0251879066 0.0158652458 0.0044554643 0.0181070942 0.0144818652 0.0199348268 0.0062810258 0.0090596553 0.0302319634 0.0082786571 0.020464003 0.026107244 0.0157948904 0.0221354642 0.0108024351 0.0152197768 0.0187380374 0.0161244431 0.0174005469 0.0066715596 0.0168393141 0.0092275735 0.0131335369 0.0292541031 0.0152813994 0.0158912844 0.022743388 0.0146138868 0.0143543637 0.0110834644 0.011942663 0.0062102419 0.0098294646 0.0243336978 0.0057171979 0.0130950488 
12 0.0091893876 0.0207217491 0.0151965232 0.0302469826 0.0160010718 0.0123556182 0.0097277239 0.0136194504 0.0188225441 0.0163173781 0.0088048696 0.0065941208 0.0139939259 0.0232497146 0.0083636542 0.0220397548 0.0120044535 0.0061756252 0.0184937245 0.0102539489 0.0114054054 0.0195598828 0.0227520274 0.0202499631 0.0226593621 0.017299719 0.0093315449 0.0038244967 0.0120412187 0.0121548296 0.0291714454 0.0105499102 0.0162363872 0.0240283165 0.0195461435 0.0170123766 0.0157628784 0.0118182517 0.0294687138 0.0351777443 0.0206127204 0.0169185489 0.0238259907 0.0 0.0192822328 0.0191253209 0.0115462479 0.0279438866 0.0081858087 0.0250633662 0.025327076 0.0202553176 0.0186850846 0.0027596207 0.0068045267 0.0082074397 0.0131139161 0.0135877323 0.0114054319 0.0144285003 0.0086449482 0.0052712125 0.0136757857 0.0131064462 
13 0.0178383064 0.0168552816 0.0220086831 0.0150062228 0.0184501183 0.0144478265 0.0251072441 0.0206430348 0.0101086324 0.0245752843 0.0169940226 0.0139939259 0.0190699167 0.0157597322 0.0244334797 0.0144426105 0.0202072733 0.0046408838 0.0096004879 0.012590917 0.0081643851 0.0182142028 0.0059725071 0.0249135595 0.012365241 0.0111619315 0.0047482869 0.0120166563 0.0167621693 0.0158726939 0.0088934025 0.0124605702 0.015425356 0.0097881638 0.0171640426 0.0108372917 0.0114743526 0.0299215532 0.0099230001 0.0252376442 0.0132993362 0.0076989489 0.00955893 0.0390966258 0.0091640295 0.0156132586 0.0235334438 0.0088057241 0.0103143551 0.0056110221 0.0060133338 0.0201374575 0.017391342 0.0191231882 0.0108345382 0.0154840076 0.022033323 0.0119033775 0.0192468023 0.0120140984 0.0330026025 0.0295469248 0.009490956 0.01299148 
14 0.0166511885 0.0123372608 0.0062632881 0.0173733262 0.0070399675 0.0066692353 0.007190526 0.0148191484 0.0148056207 0.0235264949 0.0263144088 0.0232497146 0.0157597322 0.0102863117 0.0092593239 0.0088346987 0.0197187788 0.0138255634 0.0124639268 0.013312422 0.0311921893 0.0204333103 0.0114947814 0.024836647 0.0207753268 0.0101273722 0.0176536931 0.0109574588 0.0056512846 0.0114964392 0.0247641016 0.0238065889 0.0110159607 0.0209847319 0.0231834641 0.0100333803 0.0030377042 0.0186212253 0.0105075867 0.007934148 0.0186396583 0.0161608801 0.0198669504 0.0093546916 0.003875884 0.018316085 0.028394527 0.0172387865 0.007219149 0.0178052553 0.0249530495 0.0188644439 0.0168487602 0.0223358797 0.0177166691 0.0234480196 0.0130050469 0.01937804 0.0133489456 0.0074933356 0.0277579404 0.0099242374 0.0128255882 0.0170198451 
15 0.0195345778 0.0128584297 0.0100293378 0.0094872612 0.0128568412 0.0199463188 0.0175117538 0.0153947411 0.0277354793 0.0130408349 0.0121692096 0.0083636542 0.0244334797 0.0092593239 0.0148306507 0.0145035705 0.0201660834 0.017079919 0.0126898805 0.020390497 0.0183371056 0.011961632 0.0146514425 0.0225134224 0.015849002 0.0149048759 0.0090527987 0.0065072704 0.0146108356 0.0075858586 0.0158930439 0.0165740967 0.0152649748 0.0159494895 0.0163587064 0.022251255 0.0135546843 0.0211254771 0.0205151402 0.0157182701 0.0156980296 0.0084046532 0.0125996696 0.0246473889 0.0233048021 0.0133241137 0.0165814587 0.0147832778 0.0182768608 0.0112912285 0.0203979037 0.0204305472 0.0166934398 0.0194257637 0.0148376931 0.0097923332 0.0167451463 0.0070445842 0.0145908353 0.0118703245 0.0128374073 0.0162838292 0.0152588882 0.0234185956 
16 0.0116593952 0.0177363604 0.0187725731 0.0064203621 0.018405648 0.0230757207 0.026518559 0.0266534154 0.0178585287 0.0245929599 0.0253207602 0.0220397548 0.0144426105 0.0088346987 0.0145035705 0.0 0.01023648 0.0160507263 0.0198594927 0.0184312228 0.0133532104 0.0240675678 0.0232962734 0.0092506366 0.0103278557 0.0183651295 0.013373618 0.0059580448 0.0178587936 0.0144828829 0.0227094172 0.0065436349 0.0110448238 0.0139666537 0.0195398062 0.027984683 0.0154368065 0.0074875763 0.012702294 0.0164967101 0.0049872067 0.0163680145 0.0134417536 0.0194095469 0.0211824807 0.0109006693 0.0101178105 0.0068432512 0.0191716638 0.0209501759 0.0095293161 0.0169494201 0.0144787699 0.0181740994 0.0040098067 0.017705447 0.0144384565 0.025074519 0.0153070048 0.0186143768 0.0145704125 0.0175541817 0.0128394273 0.0117229316 
17 0.0216292657 0.0057003312 0.0099244949 0.0299858663 0.0148675101 0.0072771099 0.0229893422 0.0106768308 0.0138561377 0.0061325322 0.0155616388 0.0120044535 0.0202072733 0.0197187788 0.0201660834 0.01023648 0.0312543522 0.0275442561 0.0175547402 0.0129652554 0.024183794 0.0119204307 0.0153118064 0.0084566029 0.0225380848 0.0184006972 0.022854813 0.0244940555 0.0125355211 0.0148958149 0.0097993219 0.0265750215 0.0133311373 0.0105379878 0.0105620509 0.009159407 0.0079703093 0.0189718765 0.0175501751 0.0146871351 0.0216494269 0.0069811719 0.0165711418 0.0099395304 0.0188317475 0.0093745992 0.0107273481 0.0274509239 0.0122034364 0.0175485949 0.0205798884 0.0097005824 0.0143842317 0.0076428805 0.0273254274 0.010145162 0.0112799026 0.0162857758 0.0244982616 0.0122966436 0.010253083 0.0082502925 0.0219439102 0.0091472619 
18 0.0185224316 0.0201690122 0.0151808332 0.014687436 0.0171866849 0.0151647559 0.0067187107 0.0040035233 0.0204856194 0.0225245982 0.0171989388 0.0061756252 0.0046408838 0.0138255634 0.017079919 0.0160507263 0.0275442561 0.0173795823 0.0189568335 0.0068897768 0.0154863605 0.008157971 0.0147122924 0.0097415339 0.014391741 0.0105664365 0.0139627873 0.0236608194 0.0192408956 0.0099242161 0.007090563 0.0319624944 0.0252621439 0.0179957154 0.0141234161 0.0046807667 0.0086027783 0.0186865894 0.0180029044 0.0079185763 0.0170536775 0.0143677802 0.0164055909 0.0234756295 0.0151094495 0.0267526367 0.023251324 0.0220183115 0.0184861055 0.0115761651 0.0127076457 0.0147194663 0.0191809166 0.0125133696 0.0019651479 0.019739687 0.0154589645 0.0172901909 0.0101915007 0.0230957522 0.0236463821 0.0190764914 0.0093747009 0.0179864011 
19 0.0081653913 0.0255914546 0.010078973 0.0130302285 0.0138935267 0.0236995429 0.0099026813 0.0133859136 0.0240580994 0.0155930048 0.0056600705 0.0184937245 0.0096004879 0.0124639268 0.0126898805 0.0198594927 0.0175547402 0.0189568335 0.0097853495 0.0184555927 0.0086305742 0.0292294118 0.0189613583 0.0147376063 0.012995231 0.0161351876 0.0048517721 0.0185234207 0.0151413262 0.0162266161 0.0125860926 0.0070800813 0.0169548913 0.009213675 0.0259711737 0.006791868 0.0281130528 0.0221033799 0.0147212293 0.0150174379 0.004406335 0.0077120638 0.0055904186 0.0100240169 0.0160124026 0.0226869799 0.0257460399 0.019703367 0.0158591861 0.0236363455 0.0157208759 0.0240716904 0.0198950592 0.0317818945 0.0102061148 0.0196630429 0.0098745312 0.0181187027 0.0138925631 0.0096249793 0.0296130339 0.0127695255 0.0124503527 0.0060361773 
20 0.0176457235 0.0058518494 0.0178912935 0.0207548794 0.0231652626 0.0124504965 0.0248674971 0.0142126636 0.0133635242 0.0133854838 0.0177651769 0.0102539489 0.012590917 0.013312422 0.020390497 0.0184312228 0.0129652554 0.0068897768 0.0184555927 0.0124865308 0.0110750497 0.0184528447 0.0129191129 0.0107390011 0.0228323081 0.0148081899 0.0135305322 0.0242217998 0.0274582968 0.0156666299 0.0113226803 0.0238217459 0.0138416207 0.021503329 0.0109587697 0.0221852379 0.0104592646 0.0092348776 0.0091827232 0.0181311414 0.0151941484 0.0202262075 0.0111809698 0.0130155 0.0211927898 0.0142146949 0.0126901723 0.0175310857 0.0135465184 0.0144191025 0.0133449245 0.0064623062 0.020775498 0.0047146294 0.0242310525 0.0182440731 0.0162771698 0.0113826369 0.0098773103 0.0045737235 0.0284042657 0.0080396297 0.0315889515 0.0193974699 
21 0.0127918783 0.0181345085 0.0195002241 0.0201413345 0.0148386321 0.0142850225 0.0240420469 0.0155487841 0.0272449659 0.0203759455 0.0191912737 0.0114054054 0.0081643851 0.0311921893 0.0183371056 0.0133532104 0.024183794 0.0154863605 0.0086305742 0.0110750497 0.0234091216 0.0172240774 0.0103881615 0.0104389916 0.0111768356 0.0204318006 0.0084131186 0.0240661725 0.0060250586 0.0138374827 0.0247504138 0.0069836335 0.0082940141 0.0084510962 0.0196653033 0.0047777468 0.0087108932 0.0165667213 0.0155046066 0.0205072809 0.0138222877 0.0159197679 0.0072540266 0.0144738644 0.0136517402 0.0177051166 0.0131574984 0.0271134777 0.0169279915 0.0137793154 0.0167586986 0.0174211387 0.0167403793 0.0141672696 0.0193246696 0.0217212656 0.0013739198 0.0113131874 0.0224747556 0.013883211 0.0223852664 0.0060811539 0.015062438 0.0199423397 
22 0.021722996 0.0141124389 0.0103888346 0.0164769364 0.0225135755 0.0059328 0.0192077558 0.0213618751 0.0183359469 0.0237130409 0.0112864578 0.0195598828 0.0182142028 0.0204333103 0.011961632 0.0240675678 0.0119204307 0.008157971 0.0292294118 0.0184528447 0.0172240774 0.000409739 0.0117610637 0.0014511962 0.0141556535 0.0142495012 0.0171934761 0.013153011 0.0141596792 0.0134524489 0.0147847078 0.0214273191 0.0049579902 0.0244745018 0.0140887469 0.0142277675 0.0265127116 0.0128416662 0.0203997741 0.0107825839 0.0224167531 0.0143456015 0.007928902 0.0130361752 0.0214166717 0.0154389602 0.0100414524 0.007893096 0.0181624462 0.0154422074 0.0081459043 0.0243649188 0.0064983548 0.0090056906 0.024773706 0.0175768247 0.015292509 0.0199167495 0.0206300594 0.0120530116 0.0163181001 0.0136495571 0.021502199 0.0153926221 
23 0.0020466516 0.0138897512 0.0058443705 0.008402956 0.0046167489 0.01716454 0.0182880635 0.0224465886 0.0180157277 0.014859372 0.0259079885 0.0227520274 0.0059725071 0.0114947814 0.0146514425 0.0232962734 0.0153118064 0.0147122924 0.0189613583 0.0129191129 0.0103881615 0.0117610637 0.0348830743 0.0195370841 0.0128098971 0.0228090045 0.0164706623 0.0132984896 0.0179066768 0.0140080566 0.0196714944 0.018245329 0.0239871111 0.0223459126 0.0139284263 0.018536769 0.0187301331 0.016931971 0.0169617501 0.0143304343 0.0151234258 0.0149115608 0.0174196139 0.0153401539 0.016556038 0.0086186368 0.0137118293 0.0074366121 0.0148395099 0.0200523638 0.0218234955 0.0083638136 0.0068408687 0.0088505709 0.0144359096 0.0047656294 0.0324060992 0.0094906519 0.0184451066 0.0176704626 0.0238279783 0.0142152465 0.0162127783 0.0095457827 
24 0.0244125284 0.0173016106 0.0179434851 0.00405243 0.0113001299 0.0357249164 0.0160625748 0.0173803797 0.0063464721 0.0278256886 0.0120201624 0.0202499631 0.0249135595 0.024836647 0.0225134224 0.0092506366 0.0084566029 0.0097415339 0.0147376063 0.0107390011 0.0104389916 0.0014511962 0.0195370841 0.0019634256 0.0084807184 0.0147382674 0.0170594544 0.0071324763 0.0213964086 0.0194700318 0.0133496995 0.0116705373 0.0108910464 0.0229545058 0.016646225 0.0176748393 0.0255598749 0.0320931617 0.0322397692 0.0151832072 0.003152114 0.0128469473 0.0113188784 0.0134922962 0.0141385168 0.0163799592 0.0098166664 0.0162275208 0.0150062002 0.015918222 0.0153390205 0.0157329838 0.0291157794 0.022289793 0.0126049277 0.0106549113 0.0145794589 0.0125422931 0.0109871275 0.0150086238 0.0130683571 0.015900903 0.0171803064 0.0109579219 
25 0.0133999648 0.0135497047 0.0063647468 0.0095746122 0.0253826597 0.019011714 0.0160563935 0.0238305037 0.0027463223 0.0085534348 0.0098796014 0.0226593621 0.012365241 0.0207753268 0.015849002 0.0103278557 0.0225380848 0.014391741 0.012995231 0.0228323081 0.0111768356 0.0141556535 0.0128098971 0.0084807184 0.0 0.0186161643 0.0188950296 0.0235551064 0.0253725486 0.0194690155 0.015924529 0.0145276914 0.0170036734 0.0153054397 0.0120000357 0.0161187151 0.0163594436 0.019815218 0.0174739573 0.016104749 0.0208381345 0.0076144568 0.0037095587 0.0223667131 0.021799434 0.0257516615 0.0084988025 0.0257862355 0.0116202462 0.0271977801 0.0142887337 0.0101336517 0.0172286752 0.0081222146 0.0145861554 0.0174837472 0.0234465524 0.0235006187 0.0094018472 0.0174845042 0.0093119676 0.0211287867 0.0139267723 0.0085245183 
26 0.0213231613 0.0134804067 0.0098338503 0.0089416237 0.013459258 0.0132128875 0.0059188277 0.0116658115 0.0136295859 0.011832639 0.0210924843 0.017299719 0.0111619315 0.0101273722 0.0149048759 0.0183651295 0.0184006972 0.0105664365 0.0161351876 0.0148081899 0.0204318006 0.0142495012 0.0228090045 0.0147382674 0.0186161643 0.0200965389 0.0178398809 0.0194039999 0.013155825 0.018352209 0.0228926526 0.0161532528 0.0317677806 0.0056272101 0.0124845416 0.0151719841 0.0225877019 0.0178482167 0.0114823675 0.011986169 0.0185811994 0.0246928208 0.0226210305 0.007725961 0.0145865942 0.0207540311 0.0090898394 0.0103505761 0.0086713428 0.0141019432 0.0085469375 0.0237136804 0.0213986659 0.0220676462 0.0088494589 0.0121181507 0.0145706745 0.0293091871 0.0084631417 0.0215486527 0.0113558776 0.0199184013 0.0139049885 0.0092040546 
27 0.019188555 0.0260732995 0.0126022776 0.017566558 0.0165344105 0.0159486545 0.0153232585 0.0151722621 0.0129471084 0.0157656713 0.0201043729 0.0093315449 0.0047482869 0.0176536931 0.0090527987 0.013373618 0.022854813 0.0139627873 0.0048517721 0.0135305322 0.0084131186 0.0171934761 0.0164706623 0.0170594544 0.0188950296 0.0178398809 0.0279125109 0.005612345 0.0117456872 0.0137812451 0.02439952 0.0102797571 0.0227947582 0.0115384079 0.019475543 0.0157859915 0.0132245369 0.0107964751 0.0050054205 0.013290007 0.011004772 0.0132640617 0.0170158703 0.0249197282 0.0148815317 0.0288339937 0.0089783424 0.0073122936 0.0153192742 0.0100906156 0.013395118 0.0150095295 0.0098703698 0.0132146217 0.017162899 0.0088707439 0.0291648044 0.0208541384 0.0100984221 0.0233997058 0.0124812623 0.0270146526 0.0305202323 0.0192229147 
28 0.0070669963 0.0165516427 0.0161506421 0.0168798563 0.0286557768 0.0126687123 0.0054821459 0.0268499608 0.0288270232 0.0097412014 0.0077232357 0.0038244967 0.0120166563 0.0109574588 0.0065072704 0.0059580448 0.0244940555 0.0236608194 0.0185234207 0.0242217998 0.0240661725 0.013153011 0.0132984896 0.0071324763 0.0235551064 0.0194039999 0.005612345 0.0105199988 0.0135286178 0.0106221615 0.0198814802 0.0098178928 0.0182180614 0.0175523536 0.0112130338 0.0196233701 0.0150173359 0.0136499144 0.0229667032 0.0096950376 0.020182313 0.0131164686 0.0147733232 0.0214614126 0.0157067085 0.0049349107 0.0164179353 0.0066783565 0.0156156793 0.0188122387 0.0130464299 0.0202534146 0.0111893973 0.0270844395 0.0197418728 0.0141892922 0.0238089754 0.0243302568 0.0277662077 0.0073760504 0.0130572435 0.0144103967 0.0151614298 0.0155964692 
29 0.0228141047 0.010145044 0.0184573428 0.0168651888 0.0138576091 0.0121901295 0.0148290215 0.0163011574 0.0082847927 0.0106124405 0.0251879066 0.0120412187 0.0167621693 0.0056512846 0.0146108356 0.0178587936 0.0125355211 0.0192408956 0.0151413262 0.0274582968 0.0060250586 0.0141596792 0.0179066768 0.0213964086 0.0253725486 0.013155825 0.0117456872 0.0135286178 0.0125927459 0.0169997884 0.0171184514 0.0116150892 0.0047912761 0.0177082936 0.0173459814 0.0221704387 0.0158173809 0.0141158051 0.0128414849 0.0108440826 0.0114904425 0.0277190101 0.0167589405 0.0024148022 0.0258457343 0.0161726732 0.0037503077 0.0151131336 0.0163910935 0.0192500378 0.0170462032 0.0318410562 0.0240436347 0.0100957611 0.008951643 0.0128553186 0.0210456402 0.017363621 0.0116935626 0.0286517721 0.0220808306 0.0110467824 0.0148943031 0.0053872972 
30 0.0161752372 0.0171791416 0.0182183436 0.0200522805 0.0040544607 0.0156755971 0.0220299313 0.0064723179 0.0099662531 0.0140629076 0.0158652458 0.0121548296 0.0158726939 0.0114964392 0.0075858586 0.0144828829 0.0148958149 0.0099242161 0.0162266161 0.0156666299 0.0138374827 0.0134524489 0.0140080566 0.0194700318 0.0194690155 0.018352209 0.0137812451 0.0106221615 0.0169997884 0.0083702171 0.0163083416 0.00301574 0.0052648274 0.0186356077 0.0072578667 0.0238346694 0.017365629 0.0189834271 0.0172293766 0.0124194895 0.022227716 0.024267184 0.0247474749 0.0144955882 0.0187913717 0.0152517773 0.0215663559 0.0304045992 0.028450332 0.020752381 0.0207721526 0.01078642 0.0123105526 0.020835216 0.0085362148 0.0244709246 0.0204403835 0.0144421174 0.0105644086 0.0101764167 0.0208760408 0.0153543122 0.008865744 0.0138789869 
31 0.0084381386 0.022694185 0.0179125393 0.0211548249 0.0131598455 0.0153608759 0.0232404656 0.0133113558 0.0133606883 0.0164810879 0.0044554643 0.0291714454 0.0088934025 0.0247641016 0.0158930439 0.0227094172 0.0097993219 0.007090563 0.0125860926 0.0113226803 0.0247504138 0.0147847078 0.0196714944 0.0133496995 0.015924529 0.0228926526 0.02439952 0.0198814802 0.0171184514 0.0163083416 0.01780617 0.0296048278 0.0139287487 0.0262985808 0.0108288033 0.0165682815 0.009493152 0.0170116986 0.0119299195 0.0252417509 0.0189727539 0.0084148453 0.0200071798 0.001301354 0.0121066912 0.017928424 0.0126419134 0.0078777504 0.0194642409 0.0119191146 0.0228288217 0.0103294783 0.0072592468 0.0195798761 0.0117397293 0.0091837714 0.0075378711 0.0119501373 0.0113531318 0.0100070299 0.0118825126 0.0185149286 0.0184472567 0.0191591775 
32 0.0178092713 0.0186807504 0.0149762165 0.0281586051 0.0203083829 0.003619695 0.0162828019 0.0239215533 0.0189576081 0.0161055862 0.0181070942 0.0105499102 0.0124605702 0.0238065889 0.0165740967 0.0065436349 0.0265750215 0.0319624944 0.0070800813 0.0238217459 0.0069836335 0.0214273191 0.018245329 0.0116705373 0.0145276914 0.0161532528 0.0102797571 0.0098178928 0.0116150892 0.00301574 0.0296048278 0.0169937463 0.024799023 0.0148120983 0.0174546369 0.0142500097 0.0077870523 0.0162792175 0.0120810012 0.0262247437 0.01359574 0.0111989624 0.0182855615 0.0057559874 0.0159812269 0.0183045521 0.0252103084 0.0177564462 0.0173562333 0.019558995 0.0120722853 0.0155522023 0.0033036053 0.0126433382 0.0114161742 0.0110056776 0.0196960535 0.0106815836 0.0004989466 0.0087684654 0.0095331427 0.015155447 0.0103522519 0.0359925053 
33 0.0108657313 0.0202550427 0.029356657 0.0153113634 0.0184034706 0.0141732327 0.0169407938 0.0150910956 0.0100206198 0.014837119 0.0144818652 0.0162363872 0.015425356 0.0110159607 0.0152649748 0.0110448238 0.0133311373 0.0252621439 0.0169548913 0.0138416207 0.0082940141 0.0049579902 0.0239871111 0.0108910464 0.0170036734 0.0317677806 0.0227947582 0.0182180614 0.0047912761 0.0052648274 0.0139287487 0.024799023 0.0045525658 0.0130875151 0.0108862554 0.0147630391 0.0111848263 0.0124648683 0.0205494446 0.0187527136 0.0292213933 0.0101670079 0.0138403686 0.0288380661 0.0199861634 0.0079998176 0.0118426452 0.0209816204 0.0218347274 0.0086894517 0.0129907667 0.0096853705 0.0150884679 0.0125240894 0.0143599756 0.0086652679 0.0106251055 0.0112738846 0.0218646322 0.0252313346 0.0226820239 0.0212704451 0.0174718302 0.0118117188 
34 0.0110282267 0.0184340247 0.0141974675 0.0153956671 0.0220056792 0.0239143162 0.0165863041 0.0168684897 0.0221518036 0.0137864303 0.0199348268 0.0240283165 0.0097881638 0.0209847319 0.0159494895 0.0139666537 0.0105379878 0.0179957154 0.009213675 0.021503329 0.0084510962 0.0244745018 0.0223459126 0.0229545058 0.0153054397 0.0056272101 0.0115384079 0.0175523536 0.0177082936 0.0186356077 0.0262985808 0.0148120983 0.0130875151 0.0100310935 0.0 0.0128302222 0.0079527208 0.0203795917 0.0122479012 0.0160251187 0.0103570916 0.0215274048 0.0097395059 0.010854728 0.0090488397 0.0152937424 0.0095014609 0.0157436451 0.0081495708 0.0087675783 0.0234337989 0.0166980066 0.0149096133 0.0181702202 0.0121772805 0.0281432755 0.010783308 0.0334841855 0.016622166 0.0160462388 0.0149733408 0.0135421272 0.0072126467 0.0182907547 
35 0.0147136713 0.0134146099 0.0257565286 0.018703035 0.0251293173 0.0091425976 0.0069137006 0.0102387482 0.0169420021 0.0201362213 0.0062810258 0.0195461435 0.0171640426 0.0231834641 0.0163587064 0.0195398062 0.0105620509 0.0141234161 0.0259711737 0.0109587697 0.0196653033 0.0140887469 0.0139284263 0.016646225 0.0120000357 0.0124845416 0.019475543 0.0112130338 0.0173459814 0.0072578667 0.0108288033 0.0174546369 0.0108862554 0.0 0.0105104277 0.0182024594 0.0270951243 0.0187782883 0.0265634918 0.0219697741 0.0052632252 0.0197402515 0.0193933907 0.014984478 0.0163516786 0.0152857096 0.014134107 0.0095668913 0.0201532184 0.0146926614 0.0191560788 0.0063419841 0.0279557133 0.0170879297 0.0211366738 0.0111234844 0.0132162756 0.0119660266 0.0097053847 0.0163957747 0.0104112625 0.0166286293 0.0169447378 0.021190437 
36 0.0231803461 0.036123576 0.0167629529 0.0094000628 0.0121593476 0.0147393083 0.0040547093 0.0098638234 0.0094538919 0.0164595601 0.0090596553 0.0170123766 0.0108372917 0.0100333803 0.022251255 0.027984683 0.009159407 0.0046807667 0.006791868 0.0221852379 0.0047777468 0.0142277675 0.018536769 0.0176748393 0.0161187151 0.0151719841 0.0157859915 0.0196233701 0.0221704387 0.0238346694 0.0165682815 0.0142500097 0.0147630391 0.0128302222 0.0182024594 0.0108840775 0.0263145418 0.0188986533 0.0124170365 0.0108336311 0.0329423279 0.0286330086 0.0058926805 0.0196691873 0.0020303184 0.0101135777 0.0174868984 0.0178834993 0.0148669366 0.0220770436 0.0034227531 0.0057282453 0.0111899498 0.0137052557 0.0287942151 0.0075528081 0.0243723257 0.0125068719 0.0130489657 0.0151043178 0.007077537 0.0275191058 0.0176890609 0.0246153662 
37 0.0122246435 0.0217776005 0.0151086054 0.0165367631 0.014914171 0.0073029352 0.020224347 0.0144950747 0.0175118781 0.0086123817 0.0302319634 0.0157628784 0.0114743526 0.0030377042 0.0135546843 0.0154368065 0.0079703093 0.0086027783 0.0281130528 0.0104592646 0.0087108932 0.0265127116 0.0187301331 0.0255598749 0.0163594436 0.0225877019 0.0132245369 0.0150173359 0.0158173809 0.017365629 0.009493152 0.0077870523 0.0111848263 0.0079527208 0.0270951243 0.0263145418 0.0171601083 0.0070569331 0.0118930514 0.0114535102 0.0073154023 0.01886448 0.0153137899 0.0145741655 0.0135067801 0.0159903066 0.0235626384 0.0166198353 0.019872657 0.0133654555 0.0140123055 0.0231987002 0.0219091653 0.0161223967 0.0219150599 0.0147604878 0.0175867236 0.011498415 0.0078379703 0.0222582575 0.0245435778 0.0090683401 0.0106418193 0.0150324144 
38 0.0170072079 0.0147043218 0.0179920254 0.0170068615 0.0104537201 0.0108928165 0.0110057521 0.0063898611 0.0101196194 0.0139817291 0.0082786571 0.0118182517 0.0299215532 0.0186212253 0.0211254771 0.0074875763 0.0189718765 0.0186865894 0.0221033799 0.0092348776 0.0165667213 0.0128416662 0.016931971 0.0320931617 0.019815218 0.0178482167 0.0107964751 0.0136499144 0.0141158051 0.0189834271 0.0170116986 0.0162792175 0.0124648683 0.0203795917 0.0187782883 0.0188986533 0.0070569331 0.0040268062 0.0201034749 0.0268018037 0.0044805389 0.0263453613 0.0121522988 0.0092722099 0.0186338033 0.0175184482 0.0105115613 0.0147269561 0.0193569916 0.0144763656 0.0073225501 0.0069977975 0.0290155889 0.0129900815 0.0185505605 0.0118343171 0.0205605671 0.011319311 0.0118923514 0.0262284415 0.0132153289 0.0128531246 0.0329272728 0.0055708805 
39 0.0051801832 0.02324873 0.0059426571 0.0205949981 0.0173262195 0.0306122457 0.0152080629 0.0157587429 0.013227636 0.0117938975 0.020464003 0.0294687138 0.0099230001 0.0105075867 0.0205151402 0.012702294 0.0175501751 0.0180029044 0.0147212293 0.0091827232 0.0155046066 0.0203997741 0.0169617501 0.0322397692 0.0174739573 0.0114823675 0.0050054205 0.0229667032 0.0128414849 0.0172293766 0.0119299195 0.0120810012 0.0205494446 0.0122479012 0.0265634918 0.0124170365 0.0118930514 0.0201034749 0.0105550441 0.0166502748 0.019448239 0.0124209162 0.0162571309 0.0174849577 0.0132351569 0.0134329749 0.0101047163 0.0086563941 0.0110528268 0.0078773355 0.0178228417 0.0079715723 0.0137436777 0.0296525869 0.0202270889 0.0162852515 0.016942726 0.0103325715 0.0335729029 0.0139974037 0.0075525779 0.006348552 0.0124428963 0.0141097095 
40 0.0334337735 0.0172609521 0.0170606601 0.0258469961 0.0051298469 0.0135280587 0.018048003 0.0097299638 0.0138318649 0.0206109357 0.026107244 0.0351777443 0.0252376442 0.007934148 0.0157182701 0.0164967101 0.0146871351 0.0079185763 0.0150174379 0.0181311414 0.0205072809 0.0107825839 0.0143304343 0.0151832072 0.016104749 0.011986169 0.013290007 0.0096950376 0.0108440826 0.0124194895 0.0252417509 0.0262247437 0.0187527136 0.0160251187 0.0219697741 0.0108336311 0.0114535102 0.0268018037 0.0166502748 0.01366918 0.0171247279 0.0103870388 0.0093590691 0.0117572615 0.0087172021 0.0107443521 0.0215369661 0.0086494504 0.0085578886 0.0186368156 0.0163849044 0.0100942317 0.0092994519 0.0121410135 0.0069985173 0.0169869487 0.0035694312 0.0183628298 0.0128387782 0.0200191414 0.0084597558 0.0192934055 0.0256852299 0.0147229407 
41 0.017783978 0.0122670398 0.0128723395 0.0143663714 0.0235768755 0.0180350444 0.0128103091 0.010136544 0.015658225 0.0181300906 0.0157948904 0.0206127204 0.0132993362 0.0186396583 0.0156980296 0.0049872067 0.0216494269 0.0170536775 0.004406335 0.0151941484 0.0138222877 0.0224167531 0.0151234258 0.003152114 0.0208381345 0.0185811994 0.011004772 0.020182313 0.0114904425 0.022227716 0.0189727539 0.01359574 0.0292213933 0.0103570916 0.0052632252 0.0329423279 0.0073154023 0.0044805389 0.019448239 0.0171247279 0.0168123535 0.0102022852 0.0224697505 0.0206074319 0.0077672816 0.0078756381 0.0161784456 0.0227701344 0.0140673978 0.0201855393 0.0093144436 0.0293312052 0.009294735 0.0130992665 0.0038977522 0.019048834 0.0178737068 0.0239807277 0.0177604595 0.0175601532 0.0142560442 0.0096383531 0.0099394709 0.0255357452 
42 0.016486649 0.0182012925 0.012588912 0.0118987597 0.0133758615 0.0268795802 0.0171828728 0.0095845186 0.0187668606 0.0173775704 0.0221354642 0.0169185489 0.0076989489 0.0161608801 0.0084046532 0.0163680145 0.0069811719 0.0143677802 0.0077120638 0.0202262075 0.0159197679 0.0143456015 0.0149115608 0.0128469473 0.0076144568 0.0246928208 0.0132640617 0.0131164686 0.0277190101 0.024267184 0.0084148453 0.0111989624 0.0101670079 0.0215274048 0.0197402515 0.0286330086 0.01886448 0.0263453613 0.0124209162 0.0103870388 0.0102022852 0.0174276308 0.0138883911 0.0111977307 0.0126295586 0.0195466741 0.0145380955 0.01728087 0.0140876671 0.0103920064 0.0099255795 0.0142184684 0.0166523815 0.0122772336 0.0349561841 0.0098167802 0.0186683343 0.014062502 0.0075150321 0.0199881743 0.0090162946 0.0141525894 0.0246925443 0.0171532252 
43 0.0169221491 0.0184665612 0.0213734333 0.0119984943 0.0145930376 0.0216644558 0.0135951048 0.0181303567 0.0149007988 0.0141383072 0.0108024351 0.0238259907 0.00955893 0.0198669504 0.0125996696 0.0134417536 0.0165711418 0.0164055909 0.0055904186 0.0111809698 0.0072540266 0.007928902 0.0174196139 0.0113188784 0.0037095587 0.0226210305 0.0170158703 0.0147733232 0.0167589405 0.0247474749 0.0200071798 0.0182855615 0.0138403686 0.0097395059 0.0193933907 0.0058926805 0.0153137899 0.0121522988 0.0162571309 0.0093590691 0.0224697505 0.0138883911 0.0089612895 0.0153623171 0.0127315918 0.0270317356 0.0081097534 0.0214534427 0.0202461942 0.0203163264 0.0227891774 0.0190307507 0.0106606992 0.0172328965 0.009814359 0.0211995793 0.0124289418 0.0108317072 0.0326510489 0.0142970244 0.0205660278 0.0158056324 0.0124889451 0.020217274 
44 0.018043177 0.0071913751 0.0215259885 0.022611499 0.0137217238 0.024866257 0.0197784749 0.0043215476 0.0166983994 0.0149876518 0.0152197768 0.0 0.0390966258 0.0093546916 0.0246473889 0.0194095469 0.0099395304 0.0234756295 0.0100240169 0.0130155 0.0144738644 0.0130361752 0.0153401539 0.0134922962 0.0223667131 0.007725961 0.0249197282 0.0214614126 0.0024148022 0.0144955882 0.001301354 0.0057559874 0.0288380661 0.010854728 0.014984478 0.0196691873 0.0145741655 0.0092722099 0.0174849577 0.0117572615 0.0206074319 0.0111977307 0.0153623171 0.027341904 0.0127222968 0.0205129334 0.0136872564 0.0115849045 0.0068720845 0.0237885283 0.0180139461 0.0084127551 0.0191587238 0.015265246 0.0169297863 0.0235570729 0.0216086549 0.0102561119 0.0220126099 0.0149465672 0.0037609234 0.0178653288 0.0150631796 0.0173238152 
45 0.0147271311 0.0143091894 0.0241521762 0.0150887759 0.017781727 0.0138374076 0.0134390864 0.020629072 0.0130831873 0.0099770187 0.0187380374 0.0192822328 0.0091640295 0.003875884 0.0233048021 0.0211824807 0.0188317475 0.0151094495 0.0160124026 0.0211927898 0.0136517402 0.0214166717 0.016556038 0.0141385168 0.021799434 0.0145865942 0.0148815317 0.0157067085 0.0258457343 0.0187913717 0.0121066912 0.0159812269 0.0199861634 0.0090488397 0.0163516786 0.0020303184 0.0135067801 0.0186338033 0.0132351569 0.0087172021 0.0077672816 0.0126295586 0.0127315918 0.0127222968 0.0040231392 0.0267541956 0.0182506043 0.0226288978 0.0271283186 0.0131962017 0.0172718128 0.014773811 0.0093992793 0.011927499 0.0234648712 0.0147008563 0.0091129647 0.0211212916 0.0128915393 0.0073397522 0.0214005556 0.009808774 0.0206187037 0.0176453739 
46 0.0017726534 0.0084083006 0.0170005374 0.0137142378 0.0134174899 0.0142870968 0.0108269916 0.0164584265 0.0151972334 0.0157870697 0.0161244431 0.0191253209 0.0156132586 0.018316085 0.0133241137 0.0109006693 0.0093745992 0.0267526367 0.0226869799 0.0142146949 0.0177051166 0.0154389602 0.0086186368 0.0163799592 0.0257516615 0.0207540311 0.0288339937 0.0049349107 0.0161726732 0.0152517773 0.017928424 0.0183045521 0.0079998176 0.0152937424 0.0152857096 0.0101135777 0.0159903066 0.0175184482 0.0134329749 0.0107443521 0.0078756381 0.0195466741 0.0270317356 0.0205129334 0.0267541956 0.016848525 0.0155658306 0.0187861935 0.007775675 0.020218002 0.0076734146 0.0139483247 0.01888691 0.020435037 0.0162082484 0.0100664188 0.0096937294 0.012835608 0.0282678961 0.0197801952 0.0110468975 0.0121080694 0.0106426826 0.0217347017 
47 0.0113092248 0.008136869 0.0246370366 0.0304967143 0.0086442571 0.0149054842 0.0122094848 0.0310794068 0.0091090557 0.0203657139 0.0174005469 0.0115462479 0.0235334438 0.028394527 0.0165814587 0.0101178105 0.0107273481 0.023251324 0.0257460399 0.0126901723 0.0131574984 0.0100414524 0.0137118293 0.0098166664 0.0084988025 0.0090898394 0.0089783424 0.0164179353 0.0037503077 0.0215663559 0.0126419134 0.0252103084 0.0118426452 0.0095014609 0.014134107 0.0174868984 0.0235626384 0.0105115613 0.0101047163 0.0215369661 0.0161784456 0.0145380955 0.0081097534 0.0136872564 0.0182506043 0.0155658306 0.0120217653 0.0185772487 0.0122590652 0.021482851 0.0228598288 0.0227865106 0.0110415849 0.0182350257 0.0149081305 0.0169546418 0.0162686371 0.0106903537 0.0210472261 0.0138158684 0.0097260914 0.0215536947 0.0180093726 0.0089877061 
48 0.0095981304 0.0116133821 0.0177698857 0.0115532615 0.0068136409 0.022814124 0.0179708949 0.0260650076 0.0166722463 0.0082403496 0.0066715596 0.0279438866 0.0088057241 0.0172387865 0.0147832778 0.0068432512 0.0274509239 0.0220183115 0.019703367 0.0175310857 0.0271134777 0.007893096 0.0074366121 0.0162275208 0.0257862355 0.0103505761 0.0073122936 0.0066783565 0.0151131336 0.0304045992 0.0078777504 0.0177564462 0.0209816204 0.0157436451 0.0095668913 0.0178834993 0.0166198353 0.0147269561 0.0086563941 0.0086494504 0.0227701344 0.01728087 0.0214534427 0.0115849045 0.0226288978 0.0187861935 0.0185772487 0.0004827664 0.0249969338 0.0117634958 0.0227400745 0.0110087001 0.0141453141 0.0179705082 0.0173748261 0.0099985695 0.0092646902 0.0150382235 0.0184510427 0.0282598249 0.0192323247 0.0095493486 0.0080133113 0.0177488671 
