128
1 0.0099952064 0.0077067573 0.0100503429 0.0046094617 0.007988111 0.0079272072 0.0078204519 0.007678804 0.0080409771 0.0076082198 0.0045919607 0.0085728634 0.0055255963 0.0076541732 0.0060336692 0.0071418874 0.0083615555 0.0084523449 0.0064937314 0.0088737519 0.0074144074 0.006777316 0.003605023 0.0040957073 0.0109197438 0.0131543758 0.0149589198 0.0069705969 0.0101121247 0.0081564516 0.0127092291 0.00757671 0.0129174674 0.0049329483 0.0069298388 0.0097970929 0.0089207626 0.0108374622 0.0065895712 0.0046477395 0.0103041916 0.0102327886 0.007616576 0.0075950933 0.006063399 0.0071139776 0.0052602189 0.0066972683 0.0069979388 0.0042698725 0.0078481427 0.0055771133 0.0063568556 0.0095693839 0.0128949374 0.0068390348 0.0059544774 0.0075665778 0.0120232003 0.010296337 0.0073877338 0.0104133015 0.004442293 0.006713464 0.0067323962 0.0084781546 0.0076032788 0.0062120285 0.0100141141 0.0100888334 0.0081496483 0.0076045859 0.0083387038 0.0014428251 0.0077687535 0.0041059647 0.0041985225 0.0078886193 0.0088455751 0.0168432729 0.0064103789 0.0084189534 0.0107236509 0.0064408775 0.0048016435 0.0068059558 0.0074011368 0.0127608068 0.007111465 0.0086147991 0.0056500143 0.0066479477 0.0094982979 0.0069657565 0.0064129495 0.007409819 0.0068005866 0.0098506733 0.0057051519 0.0062152122 0.0118730566 0.0069714023 0.0065779569 0.0133432705 0.0075673832 0.0114043549 0.0084452301 0.005881503 0.0069228002 0.0137057103 0.004745849 0.0101255124 0.0051237695 0.004877991 0.0057816707 0.0073636133 0.0091237212 0.0063931199 0.0055678411 0.0072843551 0.0057577323 0.0059870041 0.0087964605 0.0110043261 0.0070026388 0.0087288566 0.0045375479 0.0049592299 
2 0.0077067573 0.0021026491 0.0089249179 0.0069917112 0.0048256312 0.0077104403 0.0079812395 0.0052953758 0.0073349835 0.0075296829 0.0082116799 0.0077816499 0.0028275575 0.0069749973 0.0045294341 0.0085252191 0.0087392801 0.0079892791 0.0062064219 0.0115528883 0.0093082692 0.0113206189 0.0139048552 0.00492723 0.0112723515 0.0080679018 0.0111416649 0.0096930221 0.0061570236 0.008636852 0.0064628779 0.0095997908 0.0065424541 0.0052367738 0.006706982 0.0097005638 0.0070147735 0.0120096855 0.0120746668 0.0060038998 0.0058955604 0.0081231392 0.0039785861 0.0098369849 0.009432134 0.0139477874 0.0101338529 0.0089850502 0.0014828674 0.0092963064 0.0070010618 0.0042833216 0.0073435183 0.0079698371 0.0081286573 0.0112288112 0.0062630631 0.0079385682 0.0068022319 0.0071273061 0.0080704573 0.0094836265 0.007667503 0.0109613983 0.0066486034 0.0070684006 0.0044136909 0.0043924086 0.0095182753 0.0082321094 0.0127216136 0.0098736678 0.0094776982 0.0057288554 0.0065388705 0.0071471739 0.0080710121 0.0039756893 0.0084870705 0.0072287397 0.0075177511 0.0032299828 0.0065816726 0.0095624295 0.0034396234 0.0058360607 0.0076056238 0.0104469883 0.0090131884 0.015539802 0.0033479695 0.0056194693 0.0074237672 0.0054825106 0.004938406 0.0079308882 0.0134346499 0.0090775034 0.0087098255 0.0060608625 0.0061118809 0.0075817015 0.0110345151 0.0094595593 0.0119141243 0.0079194118 0.0071272954 0.0115684431 0.0079195413 0.0045031379 0.0052126746 0.0063179323 0.0087225853 0.0092317712 0.0096690117 0.0094284002 0.0033477586 0.0079212458 0.0044558055 0.006793949 0.0069129681 0.0069597466 0.0112758246 0.006903647 0.0066149113 0.0146957991 0.0068015743 0.0063662468 
3 0.0100503429 0.0089249179 0.0032712663 0.0037572691 0.0081456409 0.0082257775 0.0101352214 0.0049856348 0.0102836941 0.0083499128 0.0092992235 0.0109187873 0.0097514325 0.010377675 0.0064237633 0.0034425827 0.0062563663 0.0061558798 0.0110168065 0.007313537 0.0046133694 0.0060596896 0.0079315896 0.0104307244 0.0126884561 0.0043484725 0.0094730528 0.0052807348 0.0168046284 0.0064212425 0.0082368522 0.0110082947 0.005828418 0.0048096231 0.0029961788 0.0112456508 0.0044372811 0.0093108315 0.0046850889 0.0056152494 0.0061122964 0.007591979 0.0104938572 0.0081204357 0.0093611522 0.0055480176 0.0051945997 0.0106280233 0.0062616329 0.007925825 0.0090170769 0.0154117515 0.0079375778 0.0084049937 0.0072457378 0.0116799102 0.0071632957 0.00744204 0.0075770183 0.0057244397 0.0066543548 0.0126454255 0.0092966159 0.0091193164 0.0045890524 0.0071744849 0.0064783213 0.0061414608 0.0051265383 0.0017683938 0.0082713378 0.0117788998 0.0084042825 0.0042356833 0.0094230026 0.0070061566 0.0068626502 0.007262472 0.0059085426 0.0071969198 0.0093232541 0.0087199219 0.0035943668 0.0038841256 0.0074022626 0.0060687312 0.0047456113 0.0117856793 0.0088488282 0.0074331026 0.0043328981 0.0054872998 0.005227575 0.0120321735 0.00751433 0.0068151747 0.0093712065 0.0078437106 0.0072314244 0.0138541153 0.0032835 0.010417696 0.0107122449 0.006634248 0.0050370712 0.0111194183 0.005787984 0.0130340356 0.0081656016 0.009830163 0.0034360318 0.0090168364 0.0056282451 0.0032992663 0.0051329943 0.0095007028 0.0071805598 0.005380869 0.006886055 0.0156326248 0.0064387738 0.0075021205 0.0104379601 0.0135779765 0.008298271 0.0094829546 0.0135666034 0.004566669 
4 0.0046094617 0.0069917112 0.0037572691 0.0084571367 0.0041867906 0.0076696788 0.0063488956 0.0085790377 0.0062114522 0.0126200023 0.008730467 0.0050533422 0.0081575575 0.0123592997 0.007456316 0.0032453592 0.0092002687 0.006188376 0.0060964832 0.0084238694 0.0076808781 0.0074372995 0.0095238212 0.0044600831 0.0163871125 0.0081278405 0.0091458981 0.006212419 0.005394151 0.0095479376 0.0044379706 0.0050827432 0.0064456757 0.0103497476 0.0107325024 0.011428768 0.011209329 0.0073894534 0.0078229446 0.0091472645 0.0098549951 0.0041041159 0.0060868978 0.0109007342 0.0107368472 0.0079363817 0.0114557064 0.0059085231 0.0110835111 0.0052916104 0.0064140763 0.0071954832 0.0084833022 0.0073494367 0.0047964341 0.0107787382 0.0124952721 0.0079000443 0.009211579 0.0131960751 0.0080074039 0.0073346572 0.0053423213 0.00699812 0.0100339672 0.0112196839 0.0091770727 0.0096937963 0.0102606856 0.0034535634 0.008700405 0.0102426474 0.0046741239 0.0013184989 0.0096094726 0.0021361662 0.0098403381 0.0075450437 0.004251254 0.0070850776 0.0061494668 0.0128781642 0.0040428488 0.0051295753 0.007802389 0.0089237259 0.007440655 0.0076843094 0.0119697429 0.0121504277 0.0042897736 0.0072755129 0.0072074604 0.0072402632 0.0054733862 0.0067382512 0.0069254412 0.0060381304 0.0057836377 0.0129180684 0.0045716686 0.0036571197 0.0100912487 0.0096288919 0.008536513 0.0035338666 0.0099488142 0.0059551797 0.0073656952 0.0089671146 0.00925806 0.0084142172 0.0053034643 0.0039396798 0.0078057798 0.0065804439 0.0086767614 0.0091900138 0.004580879 0.0072690202 0.0125787563 0.0074200094 0.0056067463 0.007101379 0.0174131884 0.0054003438 0.0091218587 0.0076113786 
5 0.007988111 0.0048256312 0.0081456409 0.0041867906 0.0040845109 0.0067243505 0.0069206616 0.0068616498 0.0058761677 0.0143483098 0.0071831981 0.0094460474 0.005907644 0.0043655423 0.0097595317 0.0114026703 0.0069247078 0.010291134 0.0143956255 0.0072666702 0.002804766 0.0150828703 0.0083383208 0.0122579338 0.0031426638 0.0034078202 0.0088167366 0.0047787011 0.0101747292 0.0072726669 0.0070256523 0.0085892809 0.0069402575 0.0082217643 0.0114310327 0.0062437111 0.0167382022 0.0108094338 0.0076902709 0.0086758896 0.0109891565 0.0096452016 0.0060369075 0.0091530055 0.0098411891 0.0107460289 0.0075726173 0.006595049 0.0058369723 0.005260383 0.0050711536 0.012240607 0.0098086117 0.0085182668 0.0097644645 0.0103927449 0.0050745414 0.0025935037 0.0035386589 0.0134806235 0.0029578186 0.009148291 0.0090287441 0.0096526393 0.0058842339 0.0116023226 0.0069966684 0.0053041894 0.0075141825 0.009295588 0.0120412606 0.0088626487 0.0067335474 0.0080039649 0.0036526107 0.0047181498 0.0033425786 0.0033790497 0.0042897196 0.0046948824 0.0117747906 0.0080449297 0.0065652227 0.00971563 0.0111550465 0.0035046582 0.0088175187 0.0091634044 0.006629888 0.003413707 0.0095180385 0.0121730857 0.0056035727 0.0045064199 0.0076256001 0.0079623479 0.0067638996 0.0106980019 0.010223998 0.0035372335 0.0094427529 0.0115408778 0.0101008831 0.0079036323 0.0077077852 0.0059944246 0.0066281306 0.0091827507 0.0098598863 0.0106304265 0.0076827769 0.0060848406 0.005450713 0.0079594496 0.011106034 0.0085141127 0.0075011808 0.0076115324 0.0047921639 0.0108607503 0.0056455486 0.0049374123 0.0086925617 0.0048612864 0.0093465247 0.0037921464 0.006752585 0.0074097616 
6 0.0079272072 0.0077104403 0.0082257775 0.0076696788 0.0067243505 0.0063185958 0.008221791 0.0052227985 0.005519797 0.0088889114 0.0056147712 0.0091047661 0.0073209815 0.0076360278 0.0102050187 0.0091275766 0.0085005145 0.0052334209 0.0081136088 0.0035184873 0.0076851603 0.0074050564 0.0049134224 0.0041665705 0.0073849903 0.0098278937 0.0037869042 0.0026928653 0.0086324856 0.0025093953 0.0109351519 0.0096587666 0.008636952 0.0127995908 0.0103324042 0.0096934623 0.0047075157 0.0106079922 0.0058914275 0.0120224092 0.0134071564 0.0109493015 0.0077613518 0.0057102088 0.0064073197 0.0071607453 0.0111798848 0.0082402817 0.0114109793 0.0068405747 0.0147178786 0.0072748841 0.0066843731 0.0052856261 0.0045003378 0.0104080599 0.0087691027 0.0053111514 0.0080234707 0.0080743033 0.0068374443 0.0073133086 0.0063508023 0.0064432981 0.0061331042 0.0074769181 0.0094219693 0.009685561 0.0045221109 0.0082422499 0.0119018475 0.0067797869 0.0091576874 0.0047214274 0.0143788694 0.0090342673 0.0099274364 0.0139015395 0.0082533322 0.0083827075 0.0078825043 0.0033291087 0.0076231071 0.0060115783 0.0092096605 0.0068528262 0.0080401142 0.0072099131 0.0079774512 0.0059354161 0.0103104008 0.0078094989 0.0031410263 0.0061452048 0.0080657771 0.0121211852 0.0107376027 0.0043600206 0.0085149188 0.0097103134 0.0055349715 0.0121843205 0.0099716595 0.0073584058 0.0090257999 0.0094055504 0.007379346 0.0107870942 0.010451751 0.0084221069 0.0064677321 0.0046516253 0.0063431815 0.0124224799 0.0082631804 0.0042131923 0.0078073067 0.0072072754 0.0053600396 0.0054913633 0.0090033015 0.0029287117 0.0109852149 0.0045992152 0.0060980498 0.0053208358 0.0045069811 0.0087440813 
7 0.0078204519 0.0079812395 0.0101352214 0.0063488956 0.0069206616 0.008221791 0.0124651634 0.0039745854 0.0060981938 0.007435173 0.0063387092 0.0109665767 0.0069139822 0.0048162336 0.0118192361 0.0058598317 0.0097775836 0.005336245 0.0095591652 0.0052026696 0.0052337831 0.0037087808 0.0092708569 0.0069255823 0.0077321577 0.0088460953 0.0088746648 0.008372143 0.0032245855 0.0068863828 0.0062158414 0.0088712465 0.0078357952 0.0098378172 0.007819847 0.0077878332 0.0087495244 0.0115031805 0.0071838352 0.0068501246 0.0067735631 0.0064295972 0.0096458968 0.0065008614 0.0085590417 0.0123423922 0.0052840482 0.0104906924 0.0061375105 0.0176647655 0.0134718347 0.0040540867 0.0089667119 0.0102759614 0.0030163473 0.0090218972 0.0054048605 0.0072092871 0.0102045814 0.0083117814 0.0081053335 0.0082457755 0.0054870668 0.0094960565 0.0065482456 0.0099202256 0.0080989179 0.0042406509 0.0058922207 0.0077780618 0.0071389554 0.0052681012 0.0078330512 0.0115857546 0.0074785529 0.0139447748 0.0040051465 0.0061953458 0.0076250575 0.0067579883 0.0048479637 0.0064080251 0.007951284 0.0082917408 0.0067833951 0.0063537424 0.0046157547 0.0072987008 0.0107451915 0.0044732965 0.0114449213 0.0114508508 0.0076810338 0.0099807547 0.0083379015 0.0100018375 0.0045229613 0.0064272219 0.00630064 0.0055875781 0.0072024973 0.00888815 0.0129351774 0.0084545285 0.0065790643 0.0050811693 0.0093765227 0.0049976366 0.0098562355 0.0070628746 0.0052796953 0.0090335708 0.0106779028 0.014023509 0.0068144613 0.0061947258 0.0027497351 0.0102141287 0.0027339241 0.0089457807 0.0079481644 0.0050266164 0.0068299974 0.0090966362 0.0107979167 0.011965717 0.0023556632 0.0122405144 
8 0.007678804 0.0052953758 0.0049856348 0.0085790377 0.0068616498 0.0052227985 0.0039745854 0.0040168009 0.0117627061 0.0044864263 0.0066882484 0.0032577315 0.0058424939 0.0082752218 0.0084590763 0.0112164759 0.0044184884 0.0124350828 0.0088829229 0.0076884465 0.0050660842 0.0095980495 0.0089630402 0.0112825147 0.0042296535 0.0087031419 0.0095731559 0.0093648092 0.0139150187 0.0075345982 0.0098098372 0.0112090267 0.0055759388 0.0118136927 0.0096242625 0.0069806404 0.007823415 0.0076986618 0.0082141974 0.0092612658 0.0066802642 0.0102421827 0.0085344498 0.010129179 0.0064160137 0.0052327335 0.0077630309 0.008685494 0.00631208 0.0081451422 0.0045461571 0.0201989835 0.0076459355 0.0072957773 0.0064659364 0.0011650603 0.007747075 0.0051021138 0.0086415505 0.0066920642 0.0135687336 0.0071920834 0.0047942847 0.007269872 0.0067881012 0.0057520596 0.0037981437 0.0069205609 0.0071438833 0.0035265018 0.0128861374 0.0069797772 0.0085985963 0.0073910911 0.012975983 0.0056596464 0.0069005706 0.0100128144 0.0049790435 0.003938855 0.007615913 0.0043580459 0.0108272619 0.0048308396 0.0023540354 0.00478027 0.0071797885 0.0054621968 0.0070269379 0.0059984986 0.0135276151 0.0095329853 0.0105075911 0.0117351488 0.0112354634 0.0065462459 0.0055349271 0.0071989251 0.0082888688 0.0147246606 0.0075666638 0.0012093578 0.0095850021 0.0029302703 0.0065344758 0.0074243746 0.0077046795 0.0049161616 0.0087650916 0.0083896394 0.0056546501 0.0055511442 0.0082759977 0.0137132412 0.0083378373 0.0095666184 0.0076955162 0.0090284148 0.0118249121 0.0113221912 0.0059241749 0.003081573 0.0103291919 0.0065711762 0.0130234286 0.0069841142 0.0097785604 0.0120583471 
9 0.0080409771 0.0073349835 0.0102836941 0.0062114522 0.0058761677 0.005519797 0.0060981938 0.0117627061 0.009741405 0.0031552807 0.0060214497 0.0113053856 0.0156924767 0.0039642544 0.0092033405 0.0101698453 0.0124637183 0.0106467855 0.0089335188 0.0079101943 0.0043276053 0.0073953446 0.0023742584 0.0107461379 0.009611355 0.0076178711 0.0053088119 0.0090812095 0.0082254234 0.0132682006 0.0065480831 0.0070455382 0.0070221982 0.0117816215 0.0078098854 0.0089952139 0.0096251769 0.0056783042 0.0070626019 0.0098184739 0.0123460362 0.0055030761 0.0092763192 0.0081208268 0.0052213787 0.0075764514 0.0062298792 0.0052269222 0.0130076563 0.0037818693 0.0142847199 0.0100467957 0.0075043955 0.0098893118 0.0016408939 0.0085960661 0.0145229244 0.0075732643 0.0103412397 0.0050083379 0.0075485663 0.0108839331 0.0077446791 0.005765055 0.0125250439 0.0057758883 0.0095277004 0.00184377 0.0048251833 0.0066208065 0.0036680124 0.0068231335 0.0124615585 0.0048214325 0.0053427268 0.0113377007 0.0067577633 0.0077564893 0.0081030772 0.0097790388 0.0096420566 0.0036549157 0.0112525096 0.0052146111 0.0057672104 0.0114568126 0.0082566164 0.007655518 0.0077448666 0.0046649059 0.0055315223 0.0047378922 0.0064448255 0.0124664193 0.0108226892 0.0126126077 0.0080343261 0.0068235937 0.0129254699 0.0048898306 0.0086436921 0.006824647 0.0101211173 0.0092670523 0.0070517166 0.0077606475 0.0092484609 0.0077543022 0.0087061321 0.0062833769 0.007227925 0.0049870601 0.0046703023 0.00219102 0.006906367 0.0019551174 0.0109516246 0.0047731888 0.0093512423 0.0051667117 0.0025352095 0.0073443404 0.0041510292 0.0054229343 0.0096333815 0.0095377863 0.0060884832 0.0095570669 
10 0.0076082198 0.0075296829 0.0083499128 0.0126200023 0.0143483098 0.0088889114 0.007435173 0.0044864263 0.0031552807 0.0125969818 0.0123267106 0.00570333 0.0074530001 0.0069532118 0.0053025116 0.0096443394 0.0047611271 0.0066636774 0.0043203167 0.0102876391 0.0114746766 0.0059888136 0.0076151757 0.0090678912 0.0107514299 0.0085562606 0.0073967995 0.0061251621 0.0054304828 0.0061684715 0.0095886729 0.0154323726 0.0052107981 0.0059927507 0.0081441059 0.0055917525 0.0100724624 0.0073008888 0.0106511844 0.0073349513 0.007104353 0.0118845819 0.0050059339 0.0049371404 0.0123940938 0.0067736274 0.0074231075 0.0071034306 0.0078286383 0.0091094484 0.007031791 0.0102538323 0.0088896667 0.0054955123 0.011226265 0.0042472657 0.0138506765 0.0058424866 0.0082344859 0.0089760012 0.0045581961 0.0059224158 0.0130640124 0.0097949259 0.004542338 0.0116721314 0.0054148013 0.0111703232 0.0070585521 0.0009574639 0.0059203594 0.0067220448 0.005448544 0.0102335517 0.0067382555 0.0089333509 0.0051405322 0.0111901686 0.0053828933 0.0186256698 0.0100931633 0.0097508774 0.0103439003 0.0030396159 0.0096411933 0.0052297135 0.0060727764 0.0090824861 0.0114523348 0.0058690954 0.0052016436 0.0077582569 0.0085153469 0.0047095757 0.0065357797 0.0080796932 0.0097537748 0.0042722221 0.0099373361 0.0100295755 0.0044260126 0.0078896294 0.0028881882 0.0086017623 0.0041483742 0.0039166128 0.0054767852 0.0098399851 0.006104612 0.0119320191 0.0071653273 0.0083528439 0.0096584374 0.0043969198 0.0076843154 0.0057921327 0.0017608226 0.0130034642 0.0071046585 0.0127705399 0.0082576754 0.0071291392 0.0046003775 0.0069646781 0.0077576798 0.0064489441 0.0039085393 0.0102184265 
11 0.0045919607 0.0082116799 0.0092992235 0.008730467 0.0071831981 0.0056147712 0.0063387092 0.0066882484 0.0060214497 0.0123267106 0.0081267925 0.0100952355 0.0102982707 0.0108771809 0.0108496979 0.0084697917 0.0043774922 0.0050850105 0.0056533497 0.0072760167 0.0094818121 0.003991327 0.0039595111 0.01041104 0.0107466771 0.0102005285 0.0111785944 0.0067978906 0.0070967852 0.0103005334 0.0088873647 0.0081422738 0.002688846 0.0133225229 0.0022939132 0.0026916026 0.0054398416 0.0093264321 0.0055975584 0.0037835554 0.0104370553 0.0079837545 0.0049908778 0.0085243376 0.0069683348 0.0112921478 0.0125003139 0.0075555702 0.0086904621 0.0085382698 0.0104300653 0.0079666996 0.0071856892 0.0075536768 0.0101202482 0.0137687238 0.0008626928 0.0053507702 0.0115346037 0.0090133755 0.0071124906 0.0058079311 0.0041065097 0.0030177327 0.0013619856 0.0081621917 0.0053250726 0.0055302277 0.006919049 0.0112418741 0.003662835 0.0057611681 0.0070732369 0.0092606965 0.0065851081 0.0129139952 0.0134200684 0.0057787315 0.0049083456 0.0049131317 0.0106285283 0.0094397427 0.0075378689 0.0124219494 0.0058820526 0.0080416227 0.00476836 0.0051257295 0.0119949337 0.0055034821 0.0041356259 0.0100102821 0.0050710092 0.0056033229 0.0085769762 0.0068782344 0.0060003582 0.0113696885 0.0061768061 0.009764626 0.0046899421 0.0067447353 0.0094880195 0.0082698135 0.0130284785 0.0090612048 0.0148044476 0.0078859692 0.007425432 0.0084092065 0.0142201031 0.011032095 0.009305954 0.003751772 0.0028663586 0.0078161498 0.0077196921 0.0132050167 0.0082467335 0.0082426453 0.008562489 0.0118994344 0.0037157777 0.005428613 0.0063959776 0.014865643 0.0078174629 0.003585716 
12 0.0085728634 0.0077816499 0.0109187873 0.0050533422 0.0094460474 0.0091047661 0.0109665767 0.0032577315 0.0113053856 0.00570333 0.0100952355 0.0043552479 0.0131624565 0.0089946058 0.0071288658 0.0091510732 0.0071446961 0.00293863 0.0093902092 0.0052692383 0.0014454577 0.0109624327 0.0086971257 0.0086587444 0.0126143388 0.0072290227 0.0144120466 0.0061984396 0.0089701489 0.0069311742 0.0060786903 0.0054675086 0.0073878402 0.0055367124 0.0084061157 0.0090078339 0.0088757308 0.006890807 0.0078868664 0.0095692102 0.011010108 0.0102561161 0.0079484711 0.0087191912 0.0054514767 0.0082169422 0.0019731564 0.0063689304 0.0105294101 0.0106240548 0.0086931311 0.0099840085 0.0032308154 0.0069711868 0.0065752887 0.0042320957 0.0129038031 0.0062462234 0.0107004078 0.0069479657 0.0062246609 0.0112267475 0.0091191004 0.0075685929 0.0138882766 0.0046043511 0.0116901534 0.0097438674 0.0107523298 0.0040382178 0.006586703 0.0105286911 0.0069142459 0.0086958314 0.0103344507 0.0094675685 0.0060045249 0.003164171 0.0089707874 0.0043679101 0.0051971713 0.0037176149 0.0107199051 0.0073257479 0.0080739262 0.0177035992 0.0126556552 0.013572808 0.0055288489 0.0054724194 0.0061212562 0.0070616295 0.0120533946 0.0058606754 0.0054397511 0.003751938 0.0080140323 0.0061612436 0.0025374262 0.0080231808 0.0044160728 0.0123990123 0.0025556783 0.0054268287 0.007902359 0.0072358533 0.0065016335 0.0056794852 0.0050744462 0.0144124408 0.0103241507 0.0043251383 0.0047611832 0.0100225192 0.0062796159 0.0118977052 0.0025301153 0.0062958947 0.0059016043 0.0061629255 0.0062364798 0.0049465174 0.0066097827 0.0066800294 0.0073780391 0.0095506706 0.0117767177 0.0092839272 
13 0.0055255963 0.0028275575 0.0097514325 0.0081575575 0.005907644 0.0073209815 0.0069139822 0.0058424939 0.0156924767 0.0074530001 0.0102982707 0.0131624565 0.0113821081 0.0058054557 0.008176657 0.0069556764 0.0053684873 0.008780086 0.0063149166 0.0068140148 0.0097530004 0.0154657469 0.0125654685 0.0060252712 0.0034271241 0.01112964 0.0097637229 0.0066634325 0.010250561 0.0073967901 0.0074988308 0.0092391536 0.0135721762 0.0077478921 0.007611122 0.0165752357 0.0061741162 0.010616961 0.0140484799 0.0056646421 0.0025996691 0.0052706666 0.0091454769 0.0118595734 0.0072508399 0.005890995 0.0053657703 0.0015896626 0.0059060318 0.0064540322 0.0126473378 0.0085950188 0.007812756 0.00553046 0.0040453802 0.0089110176 0.0080764039 0.00479332 0.0114653695 0.0045815716 0.0112365096 0.003735123 0.0038053144 0.0062885395 0.0073941055 0.0091424238 0.0076486626 0.0071873103 0.0048599594 0.0148143899 0.0054353346 0.0115160561 0.001888038 0.0057904492 0.0127722929 0.0086936008 0.0079243352 0.0063655826 0.004279336 0.0096849473 0.0045481826 0.0094672913 0.0087204489 0.0073825791 0.0087896785 0.0090606049 0.0103794302 0.0099033511 0.0083248684 0.0045716225 0.0059362996 0.001879832 0.0094076649 0.0072890966 0.0099341861 0.0068930829 0.0080500794 0.0056820479 0.0063717821 0.0078397194 0.0046585974 0.0030597329 0.0138879583 0.004469709 0.010171751 0.0075778203 0.0112858557 0.0110376802 0.0045812902 0.0062023556 0.0090947624 0.0078088838 0.0056800105 0.0106620466 0.0068028302 0.0043179099 0.0098296543 0.0066393168 0.0052892522 0.0030771996 0.0041430658 0.0148711683 0.007189287 0.0057483363 0.0060682347 0.013308053 0.0048355605 0.0093759467 
14 0.0076541732 0.0069749973 0.010377675 0.0123592997 0.0043655423 0.0076360278 0.0048162336 0.0082752218 0.0039642544 0.0069532118 0.0108771809 0.0089946058 0.0058054557 0.0027518086 0.0094989671 0.009556091 0.0068463031 0.0123852149 0.0036920619 0.0115845695 0.0042198428 0.0073773743 0.0087073943 0.0081363827 0.0095379707 0.0054457843 0.0076791431 0.0055871882 0.0039874911 0.0070971777 0.0042970401 0.0042762866 0.0057320822 0.0058983096 0.0072548635 0.013010529 0.0088772469 0.0140774446 0.0079970184 0.0089784243 0.0075155283 0.0043354675 0.0081216152 0.01320569 0.0070656139 0.0038695051 0.0070978648 0.0100564043 0.0064382622 0.0065685352 0.0055116615 0.0080675225 0.0052188888 0.0090298222 0.0071578663 0.0071487941 0.0031139437 0.0020815899 0.0091793641 0.0085130876 0.011544949 0.0096932205 0.0127422577 0.008988648 0.003986307 0.0067540413 0.0112607975 0.0057387506 0.0092459557 0.0040799578 0.0069342934 0.0072055672 0.0092882217 0.0046406346 0.0113309156 0.00751094 0.0075914215 0.0032947949 0.009379621 0.0106826988 0.0070285346 0.008779616 0.0149467268 0.0034339502 0.0061715636 0.0088374448 0.008964612 0.0095495853 0.0061063711 0.0072518337 0.0059504254 0.0087327457 0.0062733175 0.0122471875 0.0054297211 0.0074253436 0.0057911135 0.0100160985 0.0136753897 0.0057877564 0.0085923711 0.0121592379 0.0080899434 0.0092729963 0.0110188397 0.0050896828 0.0051209974 0.011028515 0.0052217682 0.0089328544 0.0088467232 0.0027675409 0.0062855613 0.0083986604 0.0101749585 0.0111469578 0.010681402 0.0068631715 0.0050606378 0.0120563733 0.0080908088 0.0068706467 0.0116468996 0.0027232662 0.0107691057 0.0102133821 0.0076732769 0.0080691736 
15 0.0060336692 0.0045294341 0.0064237633 0.007456316 0.0097595317 0.0102050187 0.0118192361 0.0084590763 0.0092033405 0.0053025116 0.0108496979 0.0071288658 0.008176657 0.0094989671 0.0049320417 0.0107815931 0.0084949398 0.0076385605 0.0062425996 0.0047426257 0.0072336486 0.0091308783 0.0097432414 0.0053463923 0.008863419 0.0104383552 0.0025490755 0.0031664421 0.0114899985 0.0033021075 0.0099636831 0.0057548212 0.0066670401 0.011864486 0.0066814159 0.0091832207 0.0018088665 0.0105564179 0.0084201251 0.0104750045 0.0067275648 0.0127901099 0.0064969957 0.0087827503 0.0073229286 0.011735178 0.0117311136 0.0097895296 0.0117582744 0.0062466131 0.0047445164 0.009769245 0.005543917 0.0121520137 0.0123274306 0.0070017839 0.0073084633 0.0073955682 0.0080625515 0.0073041111 0.0039220073 0.0053604567 0.0042994436 0.0091044389 0.005566632 0.0074990022 0.0078438767 0.004595534 0.0094339848 0.0085174013 0.0078616111 0.0083067434 0.0085404114 0.005534595 0.0059096971 0.0054598604 0.0055021068 0.0094667668 0.0031640425 0.0100094985 0.0073166391 0.0075203979 0.0073330871 0.0066980639 0.0076640811 0.0042194924 0.005933097 0.0091437484 0.0115707859 0.0045008956 0.0061638019 0.0076458962 0.0042858869 0.0061786365 0.0073632982 0.0061970149 0.0123484507 0.0068853594 0.0051698614 0.0051734721 0.0062607558 0.0107128744 0.00336483 0.0070437065 0.0110415464 0.008575604 0.0078567671 0.0103572205 0.0092628228 0.0063102719 0.0175976222 0.007813122 0.0081256588 0.0100055011 0.0068232757 0.0052891067 0.0100649679 0.0107350946 0.0071439443 0.0090431254 0.0117636279 0.0056361784 0.0105127329 0.0080104348 0.0084209541 0.0082704652 0.00586712 0.0075728479 
16 0.0071418874 0.0085252191 0.0034425827 0.0032453592 0.0114026703 0.0091275766 0.0058598317 0.0112164759 0.0101698453 0.0096443394 0.0084697917 0.0091510732 0.0069556764 0.009556091 0.0107815931 0.0151937771 0.0146274974 0.0101762349 0.0078683271 0.0097435694 0.0062277182 0.0080776409 0.0120282881 0.0137303161 0.0046181874 0.0129583727 0.0064013527 0.0080255806 0.0130555733 0.0060256659 0.0086653734 0.0050449861 0.0105556433 0.0045717709 0.0099092325 0.007425678 0.007746791 0.0068613549 0.0113184998 0.0079401454 0.0083999948 0.0047261696 0.0058749276 0.0109006983 0.0095803747 0.0098191894 0.0040362281 0.0084948498 0.0030707094 0.0085238014 0.0087948575 0.0101033233 0.0022853481 0.0039978626 0.0055677697 0.0092358494 0.0077216277 0.00388856 0.0131612935 0.0034006737 0.007513347 0.0087882933 0.0093549419 0.0033636086 0.0076645264 0.0072429468 0.0084779005 0.0090808757 0.0042681963 0.0087798918 0.0069689704 0.0076184899 0.0104332152 0.0109793517 0.0087390069 0.0097456941 0.0100391674 0.0064279344 0.0071280467 0.0056759997 0.0059504918 0.009054517 0.004809409 0.0067634982 0.0110432717 0.0052854145 0.0110913909 0.0063670473 0.0010836173 0.006577929 0.0063188095 0.0100198932 0.0123095407 0.0079245523 0.0050704822 0.0076247457 0.0049778157 0.0085156306 0.0095662727 0.0093259671 0.0088164689 0.0061372142 0.0099971173 0.0101923132 0.0055634719 0.0106696954 0.0056276727 0.0045452723 0.0083386806 0.0089680926 0.0034644124 0.0031937089 0.0112516022 0.0107770961 0.006083243 0.0062866132 0.0047046509 0.0071107318 0.0050176807 0.0036247691 0.0089441755 0.0065926919 0.0054629721 0.0105371228 0.0056679615 0.0093909148 0.0064426991 0.0035485549 
17 0.0083615555 0.0087392801 0.0062563663 0.0092002687 0.0069247078 0.0085005145 0.0097775836 0.0044184884 0.0124637183 0.0047611271 0.0043774922 0.0071446961 0.0053684873 0.0068463031 0.0084949398 0.0146274974 0.0062861996 0.0062149615 0.0104106951 0.0107884889 0.0093187633 0.0120760886 0.0047889439 0.0090350325 0.0104865053 0.009929937 0.0126660912 0.007383829 0.0030585384 0.0087477675 0.0096018999 0.0125087784 0.0053524105 0.0076096505 0.0043819499 0.0056272827 0.0164511512 0.0094483238 0.0073874572 0.0057168515 0.0034539577 0.0049664435 0.0056419513 0.0089625198 0.0064812875 0.0075753571 0.0094009515 0.0044836309 0.0067578257 0.0040484482 0.0094321755 0.010331433 0.0095190351 0.0034847164 0.0101985771 0.0108010636 0.0081844359 0.0070622444 0.0051287807 0.0049387535 0.0059839374 0.0021933793 0.0065170026 0.0050902732 0.0058186781 0.0071862263 0.006133262 0.0091636538 0.0080277022 0.0095396452 0.0055703009 0.0115917114 0.0065070804 0.0114378105 0.0049951426 0.008038245 0.0119132305 0.0061821191 0.0039689731 0.0088485483 0.0108453014 0.0119104129 0.0080734603 0.0082361688 0.0104465446 0.0054837815 0.0056654658 0.0023468083 0.0025999645 0.0077097968 0.0030605546 0.0100897441 0.0051638973 0.004833953 0.0119803721 0.0045222566 0.0060856125 0.0131459155 0.0071995356 0.0074657651 0.0079375366 0.0073083986 0.0015887609 0.0042814857 0.006330707 0.0080623018 0.0102306847 0.0102827234 0.0107634393 0.0079892945 0.0091586781 0.0115902857 0.0041738207 0.0083078951 0.0071443677 0.0118000837 0.0047450072 0.0079177847 0.0097921849 0.0090438713 0.0159573807 0.0111434918 0.012244481 0.0075416782 0.0086918436 0.0065260309 0.0071696016 0.0083097357 
18 0.0084523449 0.0079892791 0.0061558798 0.006188376 0.010291134 0.0052334209 0.005336245 0.0124350828 0.0106467855 0.0066636774 0.0050850105 0.00293863 0.008780086 0.0123852149 0.0076385605 0.0101762349 0.0062149615 0.0027622038 0.0084711575 0.0083477675 0.0087483591 0.0081629438 0.0073834573 0.0108138646 0.0099317042 0.0073659727 0.0067028049 0.0096321927 0.0035079741 0.0050556539 0.0081492278 0.0094328417 0.0123561287 0.0077257163 0.0030376829 0.010547484 0.0074130155 0.0090773692 0.007287897 0.0069879008 0.0117694934 0.0107908077 0.0077753039 0.0143623977 0.0103668615 0.0041006849 0.0102487665 0.011820026 0.0084758911 0.0059434052 0.0047344524 0.0060532515 0.0070606917 0.0057485413 0.0085612328 0.0126233463 0.008516083 0.0075917575 0.0085176378 0.0097982579 0.0145892977 0.0045946964 0.0052924009 0.0088095609 0.005077366 0.0034382222 0.0078098168 0.0073732951 0.0088626269 0.0107526985 0.012017591 0.0074917375 0.0048085031 0.0088941664 0.0101178361 0.0106640252 0.0037256458 0.0061055621 0.0084730221 0.0059156106 0.012685782 0.0057614724 0.0077259672 0.008122775 0.0048639706 0.0042776947 0.0082855953 0.0033013774 0.0084865053 0.0073847811 0.0084088996 0.0074379472 0.0071440454 0.0071148189 0.0137989173 0.0054359838 0.0095726004 0.0034565629 0.0095853784 0.0087027326 0.0128937809 0.0065142238 0.0054666525 0.0084982996 0.0085270983 0.0065937737 0.0060530927 0.0086168569 0.0114949402 0.0036310985 0.006012471 0.0083181411 0.0097781254 0.0076779447 0.0067393586 0.0097861664 0.0101221744 0.0086065964 0.0058411246 0.005205138 0.0049116755 0.0039466665 0.0042654865 0.009256787 0.0052748126 0.0039694328 0.0048609314 0.0143985277 
19 0.0064937314 0.0062064219 0.0110168065 0.0060964832 0.0143956255 0.0081136088 0.0095591652 0.0088829229 0.0089335188 0.0043203167 0.0056533497 0.0093902092 0.0063149166 0.0036920619 0.0062425996 0.0078683271 0.0104106951 0.0084711575 0.0044537936 0.0067642372 0.0040273045 0.0095099562 0.0102056433 0.0094827955 0.009439651 0.0084541314 0.0059258641 0.0082188633 0.0067549138 0.0052811701 0.0046729705 0.0125937901 0.0007098412 0.0032564883 0.0100380118 0.0083694948 0.0151147119 0.0064560235 0.0113596731 0.0054040936 0.0073339565 0.0053181378 0.0142605563 0.0049058396 0.0035140694 0.0070640456 0.0032928561 0.0102537657 0.0094470169 0.0079315109 0.0053849134 0.0047417756 0.0110276345 0.0016750741 0.0037700466 0.0079556717 0.0065699707 0.0063486682 0.011245063 0.0060650092 0.0088185133 0.0080311532 0.0087441128 0.0091421314 0.0128573093 0.0046351345 0.0073973115 0.0074997828 0.0101631226 0.0095928314 0.00426006 0.0079267977 0.0075506244 0.0039799155 0.011037122 0.0110187269 0.0098143877 0.0123272599 0.0079780806 0.0139938957 0.010808118 0.004779053 0.0061620222 0.0074444935 0.0110538051 0.0092346755 0.0097091176 0.0175586996 0.0072506413 0.0069141405 0.0106195382 0.0042838044 0.0123314848 0.0031094586 0.0087392154 0.0092915632 0.0075046026 0.0059641246 0.0025630435 0.0061916341 0.010575179 0.0046498554 0.008923224 0.005563686 0.0086541889 0.0029105282 0.0039502231 0.0092036158 0.0148353 0.0112491532 0.0048157005 0.0024056227 0.0033948617 0.0034461471 0.0107665214 0.0057975518 0.0072820812 0.0103906148 0.0085394027 0.0047590107 0.005125328 0.0028337217 0.0101302032 0.0077388994 0.0158564477 0.0089187689 0.0127318894 0.0096098425 
20 0.0088737519 0.0115528883 0.007313537 0.0084238694 0.0072666702 0.0035184873 0.0052026696 0.0076884465 0.0079101943 0.0102876391 0.0072760167 0.0052692383 0.0068140148 0.0115845695 0.0047426257 0.0097435694 0.0107884889 0.0083477675 0.0067642372 0.0034907678 0.0150673338 0.01459088 0.0097196101 0.0111963683 0.0082102231 0.0098196281 0.0120699175 0.0055084118 0.0054015227 0.0041723688 0.0029448511 0.0086697117 0.0047199363 0.0107089889 0.0081317522 0.0070915568 0.0072059391 0.0083056061 0.0054872676 0.002758653 0.0069158591 0.0077411416 0.0089446983 0.004554746 0.012980549 0.0083453365 0.0105352017 0.0104587449 0.0096132476 0.0128890553 0.0047755244 0.0069417136 0.0043344106 0.004371959 0.0044289416 0.0063033519 0.009854115 0.0104827921 0.0083877254 0.0024669533 0.0041444171 0.0046476385 0.0049871325 0.0096938541 0.0054816273 0.0112359346 0.0046822318 0.0084415392 0.0053496468 0.0052389197 0.0071162561 0.0070702413 0.0082274101 0.0101936202 0.0054051397 0.0073538208 0.0049282543 0.0047806218 0.0106193843 0.0092079517 0.0088607581 0.0091372812 0.0078548606 0.0063171549 0.0110880378 0.010505882 0.0060186141 0.0050555583 0.0077623763 0.0129198216 0.002998783 0.0033947745 0.013074721 0.0054877257 0.0126287241 0.0072794044 0.0105821584 0.0055383356 0.006199224 0.0056379066 0.0081972609 0.0114899692 0.0071222811 0.0112116059 0.0079075334 0.0097081718 0.0086749442 0.0040911988 0.006439455 0.0075960041 0.0131249585 0.0081451895 0.0057831045 0.0109738233 0.0077663835 0.0025530328 0.0070758046 0.0045007467 0.0125293471 0.0089668845 0.0093766308 0.0079404858 0.0075577554 0.0103217738 0.0091894551 0.0076745617 0.0060594087 0.010908442 
21 0.0074144074 0.0093082692 0.0046133694 0.0076808781 0.002804766 0.0076851603 0.0052337831 0.0050660842 0.0043276053 0.0114746766 0.0094818121 0.0014454577 0.0097530004 0.0042198428 0.0072336486 0.0062277182 0.0093187633 0.0087483591 0.0040273045 0.0150673338 0.0090185414 0.0061814229 0.0078529873 0.0063600752 0.0081191183 0.0124884909 0.0076341608 0.0071451281 0.0081315779 0.017323754 0.0078050926 0.0111585474 0.0153655191 0.01103818 0.0076434187 0.0095210528 0.0065129143 0.0107251039 0.006077621 0.0069132615 0.0076542204 0.0052641447 0.0102612548 0.0078262792 0.0047660425 0.0113506979 0.0047760211 0.0052571101 0.0095453635 0.0094336024 0.0093129481 0.0064435449 0.0048381985 0.0065953804 0.0122896865 0.0047690238 0.0084399203 0.0094032382 0.0082932805 0.0047602458 0.0061531168 0.0107230001 0.0070601862 0.0071667251 0.0048111598 0.0071425254 0.0085397576 0.0067765113 0.0057599145 0.0075334701 0.0060114766 0.0074010808 0.0081687048 0.0088768087 0.0064603594 0.0053986087 0.0107828154 0.0098436592 0.00082215 0.0131894051 0.0055769955 0.0115033064 0.0072826422 0.005009515 0.0068812717 0.0106702703 0.0039419564 0.0042975919 0.0090746467 0.0038677147 0.004897784 0.0089436427 0.0041680669 0.0066588041 0.0095204055 0.0050066333 0.0075114394 0.0059015177 0.0049255495 0.0085508743 0.008385541 0.0099656335 0.0126235087 0.0114011557 0.0054513009 0.0069541485 0.0090745988 0.0075778142 0.0025527074 0.0093861929 0.01140567 0.0011360325 0.012573123 0.0085612058 0.0131485904 0.0092580619 0.0064227146 0.0090925753 0.0035571861 0.0083672574 0.0056157043 0.0161920838 0.0105375446 0.0080881333 0.0063498587 0.0135135041 0.0094267149 0.0051409626 
22 0.006777316 0.0113206189 0.0060596896 0.0074372995 0.0150828703 0.0074050564 0.0037087808 0.0095980495 0.0073953446 0.0059888136 0.003991327 0.0109624327 0.0154657469 0.0073773743 0.0091308783 0.0080776409 0.0120760886 0.0081629438 0.0095099562 0.01459088 0.0061814229 0.0061178537 0.0062314138 0.0055155215 0.0062337023 0.0081553654 0.0086943939 0.006475388 0.0042414935 0.0028353284 0.003304719 0.0113368936 0.0044547573 0.0056914284 0.0056897884 0.0087055531 0.0079708605 0.0095227412 0.0079238775 0.006946494 0.0157950311 0.0048054143 0.0115811543 0.0082999458 0.0047596852 0.0083171194 0.0120377572 0.0120372754 0.0095945346 0.0065662728 0.0058302569 0.003685207 0.0070576649 0.0047908715 0.0098592906 0.0075809759 0.0104648688 0.0099280173 0.0039683851 0.0043583891 0.0058595815 0.0124176046 0.012434319 0.0075705621 0.0107877242 0.0070863857 0.0102886356 0.0049554113 0.0097775721 0.0077240327 0.0106780717 0.0151212839 0.0103175569 0.009164691 0.0077420855 0.0053765631 0.00779903 0.0067410813 0.0069157774 0.0068576901 0.0107155634 0.0072256008 0.0055618188 0.0076779349 0.0078222498 0.0052099968 0.0074859876 0.0112629741 0.0048137581 0.0060572235 0.0082328548 0.0039477732 0.0081485874 0.0109570238 0.0086318554 0.0099775855 0.004443145 0.0049606735 0.0118575634 0.0116952187 0.0133962687 0.0047966348 0.0044803677 0.0055431006 0.0052763197 0.0085411507 0.0067553315 0.0013430397 0.0051048568 0.0048936435 0.0069021859 0.0066312612 0.0072442719 0.0043506416 0.0124179372 0.006287847 0.0079945075 0.006930695 0.0043698526 0.0082082758 0.0029625428 0.0079830504 0.0093770069 0.0096211282 0.0075373843 0.0102128551 0.0066872771 0.0081832961 
23 0.003605023 0.0139048552 0.0079315896 0.0095238212 0.0083383208 0.0049134224 0.0092708569 0.0089630402 0.0023742584 0.0076151757 0.0039595111 0.0086971257 0.0125654685 0.0087073943 0.0097432414 0.0120282881 0.0047889439 0.0073834573 0.0102056433 0.0097196101 0.0078529873 0.0062314138 0.008741604 0.00767773 0.0028477851 0.0074237834 0.0053036558 0.0075961594 0.0060107273 0.009567652 0.0090011645 0.0052471874 0.0082969657 0.0040874355 0.0048333314 0.0093743093 0.0106226273 0.0077530737 0.0082700454 0.0077298061 0.0078079491 0.0076589614 0.0045614375 0.0062572228 0.0108811278 0.0088430255 0.0109753754 0.0031591556 0.0035858288 0.0105273441 0.0061056255 0.0080364495 0.0105673151 0.0082713113 0.0114002617 0.0090239666 0.0078968065 0.0067918256 0.0106007733 0.0051995178 0.0081688143 0.0072081101 0.0114557201 0.0114547466 0.0019363996 0.0064504758 0.0073803613 0.0077785363 0.0067023025 0.0103639656 0.0073369797 0.0063193155 0.0057212393 0.007981298 0.0033457283 0.0088730626 0.0129599436 0.0167711403 0.0082788459 0.0081734116 0.0129204199 0.0083324057 0.0121339696 0.0053994571 0.01068233 0.0050036293 0.0075743629 0.0143209451 0.0103010679 0.0077797978 0.0095009964 0.0056500413 0.0111359565 0.0066849318 0.0062079655 0.0025572453 0.004675791 0.0078403109 0.0056162885 0.0045349296 0.0099963716 0.0086341128 0.006017886 0.007386755 0.008643568 0.0100874999 0.0067704276 0.0061678136 0.0034179288 0.0044013911 0.0080423491 0.0022413089 0.0065698381 0.0051043059 0.0095285235 0.0111118855 0.0070857874 0.0052118015 0.0057614149 0.0087548894 0.0103461999 0.0019724312 0.0089719815 0.0073173309 0.0089910729 0.0117371777 0.0106393286 0.0087156071 
24 0.0040957073 0.00492723 0.0104307244 0.0044600831 0.0122579338 0.0041665705 0.0069255823 0.0112825147 0.0107461379 0.0090678912 0.01041104 0.0086587444 0.0060252712 0.0081363827 0.0053463923 0.0137303161 0.0090350325 0.0108138646 0.0094827955 0.0111963683 0.0063600752 0.0055155215 0.00767773 0.0123167383 0.0065300195 0.0066544445 0.0136666262 0.0052502601 0.0038032805 0.0131050932 0.0045748271 0.0105840436 0.0110182708 0.008363644 0.0080526896 0.0052976948 0.0046070261 0.0106920759 0.0065429591 0.0078351163 0.0067733097 0.0062916079 0.0085079927 0.0069778354 0.0010128833 0.0085447277 0.0099902394 0.0101812465 0.0056928757 0.0022707501 0.0068282774 0.0112197081 0.0139936961 0.0087522503 0.0035809081 0.0075063709 0.0101011563 0.0058233089 0.0121568828 0.0067599708 0.0075069819 0.0119102019 0.0062561796 0.0091134837 0.0123535127 0.0057142389 0.0073195084 0.0094165657 0.0070788232 0.0104387271 0.0090332486 0.0052945721 0.0055020111 0.0116105929 0.0068290589 0.0061078685 0.0055638522 0.0087925866 0.0049170692 0.0084885969 0.0064605987 0.005487784 0.0118725446 0.0093996371 0.0131987159 0.006473266 0.0090676363 0.0089806242 0.0077351663 0.0079805246 0.0136890814 0.0058927164 0.0125226688 0.0140997959 0.0075101619 0.0097140665 0.0043127776 0.0071989253 0.0035081713 0.0068168594 0.0120260731 0.0045717372 0.0088152467 0.0039218749 0.0058778224 0.0074712955 0.004426592 0.0072058208 0.0060927803 0.0051957156 0.0072884732 0.008125571 0.0063299902 0.003997483 0.0065294447 0.0065068812 0.0055538718 0.0068350139 0.009619724 0.0073199551 0.0066845563 0.0048368119 0.0109357254 0.0045600875 0.0085559622 0.0041104493 0.0082348553 0.0045900663 
