128
1 0.0141001216 0.00809402 0.0094896182 0.0092471309 0.0070255729 0.0057948289 0.0072508045 0.0099295963 0.0096370788 0.0038437137 0.0037258759 0.0053032964 0.0029549879 0.0055098515 0.0018100824 0.0030446988 0.0106172396 0.0150306096 0.0074498405 0.0065117677 0.0078078618 0.0160522868 0.0093092359 0.0121725693 0.003493269 0.0108466403 0.0079321173 0.0035625674 0.006600653 0.0076871807 0.0102851953 0.006385994 0.0097120797 0.0085359797 0.0084610844 0.003964482 0.0082659676 0.0094553964 0.0078934128 0.010802573 0.0093562233 0.0078715376 0.004564002 0.0090138825 0.0045867328 0.0093201881 0.0094532612 0.0106741697 0.0047695114 0.0064800435 0.0076174371 0.0089535964 0.0097085516 0.010429024 0.0062828169 0.0070913142 0.0079231503 0.0092374543 0.0112757428 0.0079063509 0.0104026994 0.0023857654 0.0089236453 0.0104214058 0.0049397513 0.0097816118 0.0126541574 0.0139400565 0.0103876756 0.0081365348 0.0060449159 0.0109510172 0.0094419939 0.0119162483 0.0048953375 0.0088409849 0.0027591384 0.0022259779 0.0118274513 0.0050739835 0.0059180089 0.0072437583 0.0059667384 0.010813155 0.0070549821 0.0035801385 0.009824851 0.0104791404 0.008013595 0.0109961527 0.0084409522 0.0098703668 0.0013323711 0.0079372676 0.0131493093 0.0060069089 0.0074951178 0.0073011234 0.0029590529 0.010552423 0.0074451084 0.0115709375 0.0114686367 0.0064361616 0.0073938921 0.0062749174 0.0080855557 0.007390439 0.0019399579 0.0096434221 0.0071361135 0.0105641262 0.0108343149 0.0061762011 0.0037532075 0.0060921095 0.001570875 0.0040153354 0.0055352643 0.0059008552 0.0071828842 0.0078686113 0.0083104939 0.0110523052 0.008133246 0.0083010311 0.0074480815 0.0034778773 
2 0.00809402 0.0077611558 0.0079689904 0.00628156 0.0069481484 0.0108749005 0.0075323405 0.0094530575 0.0091402756 0.0098960978 0.0083934155 0.0023542361 0.0103163216 0.0059686611 0.0135979384 0.0121967701 0.0120833305 0.0157981799 0.0083973096 0.0112886362 0.008307571 0.0081642583 0.0081719621 0.0097608896 0.0107983399 0.0076274346 0.0066728428 0.0063786643 0.0118094222 0.0076258903 0.0102746905 0.0118313778 0.0106956246 0.0047052637 0.0064897061 0.007206889 0.004873131 0.0083525614 0.0055961377 0.0091105461 0.0101503087 0.005351567 0.0095171302 0.0097632384 0.0075165544 0.0147319766 0.0074915475 0.0040582957 0.0090248476 0.0055572233 0.0063276503 0.0030480623 0.0048162169 0.0083440631 0.0057468439 0.0110120419 0.0049346265 0.0045134482 0.0027064461 0.0064610022 0.0043329064 0.0054189684 0.0051337411 0.0110620967 0.0119395419 0.0154971303 0.0079759592 0.0082356822 0.0080212207 0.0057115651 0.0046766564 0.0078365793 0.0114134276 0.0055265871 0.0068715886 0.0047087661 0.0042706697 0.0087343689 0.0093970488 0.0084522278 0.0050844576 0.0052949364 0.0078526132 0.0076733729 0.0124710806 0.0107027632 0.0062741623 0.0068723626 0.0074875428 0.0056889597 0.0098140695 0.0080060105 0.0040808532 0.010962635 0.0094737962 0.0082741735 0.0084367964 0.0085739654 0.0076241939 0.0141104305 0.0054477677 0.003356745 0.0060378607 0.00707703 0.006166474 0.0094478617 0.0082004045 0.0035605386 0.0054673236 0.0067057956 0.0035536529 0.0068340339 0.0046283204 0.007078362 0.0062040295 0.0060935707 0.0055549872 0.0075537598 0.0072368894 0.0081186019 0.0067869756 0.0067747335 0.006886493 0.0097309323 0.0103225971 0.0088958174 0.0089968932 0.007434002 
3 0.0094896182 0.0079689904 0.0093741834 0.0133198395 0.008972364 0.0026927324 0.0045466592 0.0089351482 0.0050008878 0.0125251498 0.0129274896 0.0057099238 0.0083885292 0.0067139079 0.0073619264 0.0022386136 0.0045448743 0.0066117939 0.0143067509 0.009665934 0.0129063593 0.004535174 0.0067718381 0.0071663804 0.0086935411 0.0076901734 0.0144756018 0.0114275357 0.0137237688 0.0067208096 0.0055157881 0.008590235 0.0048169838 0.0051955486 0.0090559967 0.0074732156 0.0090730485 0.0104726722 0.0109267523 0.0075048083 0.0062704346 0.0073324264 0.0089940216 0.0119500323 0.0093369177 0.010687582 0.0028923875 0.0042079793 0.00768745 0.010401619 0.007246619 0.0098543639 0.0094643894 0.0065573471 0.0055671127 0.0047917054 0.0026850068 0.01242865 0.0028889703 0.0115338557 0.0077567661 0.0093598064 0.0072096215 0.0085341477 0.0106809303 0.0078339474 0.0056989321 0.0155762583 0.009627792 0.0123806139 0.0037341483 0.0079319927 0.0055908447 0.0072576516 0.008410534 0.0089327693 0.0059154808 0.0091109061 0.0067616864 0.0069675757 0.0069509278 0.0065172624 0.0113347835 0.0076085334 0.0093039771 0.0051292082 0.0048980936 0.0039158063 0.0044894272 0.0106760013 0.0048828182 0.0085923822 0.0073304199 0.0113880096 0.0049067842 0.0139264575 0.005997663 0.004788183 0.0074894326 0.0071386076 0.0045381849 0.0071802918 0.0094342524 0.0060815261 0.0067874837 0.0132395875 0.0099258075 0.0075892278 0.0091995755 0.0091350849 0.0034409408 0.0074768464 0.0096433739 0.0051738122 0.0058118679 0.0090283885 0.0056739213 0.0080410585 0.0077094406 0.0057137989 0.0060292638 0.0040711569 0.0038184294 0.0097275709 0.0073326076 0.0076858822 0.0048909328 0.0062720831 
4 0.0092471309 0.00628156 0.0133198395 0.0071474142 0.0075925415 0.0049744805 0.0084713666 0.0110075569 0.0093545155 0.0066578058 0.0083576028 0.0105818614 0.0031307582 0.0047794743 0.0116998176 0.0097102032 0.005636494 0.000845691 0.0071070513 0.0004880755 0.0083387281 0.0118886744 0.0094748709 0.0089936497 0.0095189152 0.0082285527 0.0085428576 0.0045143224 0.0052523996 0.0057312442 0.0118421844 0.0060135569 0.0082269341 0.00777117 0.0114852997 0.007789516 0.0055543017 0.0091199517 0.0052865158 0.0086257511 0.0056071526 0.0065280425 0.0075987686 0.0075761165 0.0075279519 0.0089019636 0.0075730547 0.0098151257 0.0054327762 0.0010167688 0.0066563991 0.0062415479 0.0042430225 0.003550797 0.0117703296 0.0049328832 0.0139776834 0.0055098345 0.007314666 0.0046218273 0.0113577574 0.0145450942 0.0129749915 0.0111934367 0.0093493614 0.0063562309 0.0131010534 0.0154871293 0.0078597274 0.0032536962 0.003669567 0.0103804124 0.0088786617 0.0087060144 0.0083902758 0.0135735264 0.002217482 0.0063375207 0.0111585155 0.0114073981 0.0051669935 0.0083213938 0.0070617226 0.0033825712 0.0087603663 0.0097081281 0.0094714031 0.0080749109 0.0085257475 0.0060906445 0.0092349949 0.0060300868 0.0058718611 0.0135734268 0.0046955643 0.0070233957 0.0107188875 0.0112430179 0.0049438057 0.0082218542 0.0088220619 0.0111462028 0.0094605595 0.0105564845 0.0088629164 0.0109928627 0.0067099585 0.0017947153 0.0135526453 0.011531866 0.0015109488 0.0081427384 0.0100814437 0.0025760493 0.0108657159 0.0034799865 0.0078939798 0.0082695672 0.0081844113 0.0061076189 0.0053329408 0.0114574302 0.0030943245 0.0047986512 0.0037003918 0.0024925294 0.0070972396 0.0101777821 
5 0.0070255729 0.0069481484 0.008972364 0.0075925415 0.0011700443 0.0089182412 0.0067223879 0.0095085456 0.0077942153 0.0061979172 0.0067838865 0.0095406796 0.0044821217 0.0088835522 0.0047007931 0.0066560223 0.0102486385 0.0068325249 0.0044232959 0.006961442 0.0071896321 0.0038169077 0.0042795524 0.0155395543 0.0113120072 0.0106861704 0.0106442933 0.012789541 0.0112408256 0.007085196 0.0112863671 0.0045181168 0.0053018293 0.0055912734 0.012050297 0.0052924541 0.0107639508 0.0064357429 0.0136169977 0.0070955841 0.0075346849 0.0106630639 0.0102548069 0.0175116242 0.0076247999 0.0096740618 0.0119500917 0.0122196233 0.0092390683 0.0087804261 0.006352396 0.0069691276 0.008835208 0.007391358 0.0052834847 0.0036376324 0.0088524443 0.0072747051 0.0062028085 0.0173518644 0.0085829863 0.0020633646 0.0048700534 0.0098239938 0.0060110999 0.0101660738 0.0051971699 0.0090967795 0.0059691493 0.0031036811 0.006862226 0.0052004497 0.0042713683 0.007342445 0.0071980962 0.0061282572 0.0079644089 0.0075445176 0.0074379904 0.0066415617 0.0052011619 0.0093194906 0.0083817772 0.0068656546 0.0097142394 0.006366422 0.0103426624 0.0040274061 0.0082232332 0.0091651509 0.0069128119 0.0081187432 0.0068579258 0.0110391434 0.0036991055 0.006228732 0.0122391693 0.0075718848 0.0138223477 0.0105390998 0.0056018115 0.0133222374 0.003781334 0.0067073044 0.0063130105 0.008009849 0.009887397 0.0083255837 0.0075766444 0.0088553177 0.0097803225 0.0057167179 0.0068911966 0.0115410647 0.0061268419 0.0108931131 0.0077226906 0.0060343832 0.0032584869 0.0096841874 0.0017966284 0.0072479031 0.0101499156 0.0037222479 0.0060236012 0.0035971029 0.0082648529 0.0065539109 
6 0.0057948289 0.0108749005 0.0026927324 0.0049744805 0.0089182412 0.0141624975 0.0078069271 0.0088513238 0.0056068962 0.0078464309 0.0067516076 0.0023065928 0.0037904592 0.0082118948 0.009024207 0.002748151 0.0099370142 0.0069279947 0.0047266535 0.0069440788 0.0053984723 0.0087211112 0.0054387021 0.0137675433 0.0075122838 0.014462333 0.013813253 0.0066036167 0.0038935667 0.0093801139 0.0046178665 0.0129131917 0.0099386702 0.0125741846 0.0140907393 0.0080090954 0.0095468081 0.0127762059 0.0075650293 0.0105985509 0.0057787377 0.0094482481 0.0033370303 0.0078065253 0.0109537621 0.0066844543 0.0124086402 0.0113602742 0.0070091386 0.0100432759 0.0101065679 0.0037739223 0.0095426103 0.0053930911 0.0091152351 0.0112700017 0.0072216205 0.0118289047 0.0077155648 0.0029029641 0.0068651567 0.0074561512 0.0067632301 0.0052640959 0.0040602276 0.0041727325 0.0104270761 0.0024932761 0.0064698835 0.0088103471 0.0042714744 0.0025558887 0.0037398249 0.005876399 0.0068414994 0.0073421565 0.0084189541 0.0031359522 0.0096871297 0.0076320815 0.0076376896 0.0082882405 0.0087997444 0.0054963358 0.0056725094 0.0067809429 0.0040669847 0.0058861102 0.0103154322 0.0068540683 0.0091230331 0.0079356066 0.0085353347 0.0105794255 0.0070831245 0.0082550563 0.0054469255 0.0050951648 0.0088797575 0.0074942673 0.0154395533 0.0065407655 0.0025757895 0.0145945796 0.0075765997 0.009205983 0.0100570789 0.0079528368 0.0082103986 0.0054849957 0.0099724484 0.0089704342 0.0067407576 0.005924132 0.0102966085 0.0031504103 0.0070809403 0.0055702366 0.0086724716 0.0089257471 0.0073411794 0.0078852546 0.0062026747 0.0052922043 0.0083460302 0.0115825793 0.0097798695 0.0158983298 
7 0.0072508045 0.0075323405 0.0045466592 0.0084713666 0.0067223879 0.0078069271 0.0070588815 0.0147987398 0.0129330859 0.0045794555 0.010216424 0.010850618 0.0054074496 0.0049332389 0.0061594819 0.0087023218 0.0161334515 0.0087950051 0.0066897723 0.0136655417 0.0067121149 0.0073147036 0.0115073578 0.0040861247 0.0045493327 0.0034355245 0.0059333719 0.005988376 0.0051507566 0.0103385981 0.0060357794 0.0085202719 0.0126658343 0.0048215249 0.0093613093 0.0065150083 0.0104547183 0.0065698694 0.0078224793 0.0018269079 0.0085093543 0.0084790723 0.0096355999 0.0063717948 0.0056039414 0.0086967673 0.0069537307 0.0093266583 0.0091741581 0.0085203616 0.0096993657 0.0155618067 0.0116108149 0.0039484877 0.0079074264 0.0061443415 0.007268098 0.009105258 0.0022252747 0.0138684876 0.0108334307 0.0019337013 0.0140046197 0.0085391438 0.0050129634 0.0023001164 0.0060066644 0.0096625718 0.0095991472 0.0081010654 0.0067505259 0.0061221687 0.0054141758 0.0080261548 0.0126752041 0.0119766208 0.0054739232 0.0017188599 0.0113951979 0.0060297335 0.0101500774 0.0083104952 0.0093623591 0.0063810061 0.0084066949 0.0035982053 0.0045249997 0.0047916697 0.0087141229 0.0075339544 0.0081383644 0.0097938452 0.0067125457 0.0071389058 0.0074016707 0.0054790271 0.0067038947 0.0072273443 0.0092713695 0.0045670079 0.0065012817 0.0099704713 0.0099143737 0.0059680494 0.0080387292 0.0073841486 0.0121789216 0.0104678384 0.0073568994 0.0137231951 0.0044046361 0.004723128 0.006242834 0.0073980851 0.0103893491 0.0068550304 0.0101651387 0.0055598493 0.0066454447 0.0073744089 0.0041866753 0.0054438498 0.0098189371 0.0067764597 0.0076034171 0.0087618973 0.0085022312 0.0103864537 
8 0.0099295963 0.0094530575 0.0089351482 0.0110075569 0.0095085456 0.0088513238 0.0147987398 0.0047128198 0.0084818461 0.008145034 0.0099644713 0.0073010897 0.0101555054 0.0106002183 0.0091472615 0.0063405462 0.0062334496 0.0056152923 0.0049375757 0.0101191258 0.0112671095 0.0079916764 0.0057996594 0.0072321136 0.0071950563 0.0081590975 0.0089981588 0.0094244023 0.0042976055 0.0048740067 0.0051605756 0.0059752363 0.0082080301 0.0074469793 0.0047838052 0.0083861677 0.0127105865 0.0070303177 0.00289254 0.0067936969 0.0088684648 0.0060379064 0.0070169386 0.00537511 0.0104404698 0.0115448907 0.0058085645 0.0055967713 0.0099138153 0.0072015419 0.0131407215 0.0139700859 0.0072373473 0.007834062 0.0064167453 0.0079905474 0.0113568351 0.0103521694 0.0065273156 0.0065062942 0.0120257774 0.0072340166 0.0065816364 0.0076431642 0.0118368489 0.0085629699 0.0100237724 0.0081534261 0.0062772899 0.0121205098 0.010623507 0.0063868291 0.0064874319 0.0063888678 0.0076590667 0.0097580991 0.0101809332 0.0096509167 0.0056078668 0.0061717916 0.0051580985 0.0109089719 0.0079130692 0.0115548826 0.0074769483 0.00678643 0.0060256619 0.0066399316 0.0047288919 0.0125099264 0.0108951243 0.0036331564 0.0086797748 0.0023461673 0.003555206 0.0058767816 0.0056419087 0.0097424992 0.0039214604 0.0063071171 0.0075402098 0.007626186 0.0058529642 0.0073268049 0.0057662679 0.0038144835 0.0113458011 0.0066106484 0.0095423072 0.008144349 0.0095851163 0.0089170158 0.0106032854 0.0068753623 0.0045120378 0.0068301767 0.0056089589 0.0011064314 0.0079596067 0.0092175056 0.0099924319 0.0078990134 0.006824082 0.0033134153 0.0032883748 0.0114544265 0.0084119021 0.0063524837 
9 0.0096370788 0.0091402756 0.0050008878 0.0093545155 0.0077942153 0.0056068962 0.0129330859 0.0084818461 0.0053778629 0.0056889845 0.0065544222 0.0102219692 0.0040528484 0.0106340559 0.0104367843 0.0074138185 0.0086943708 0.012337872 0.0112861634 0.0118769572 0.0038765196 0.0060632764 0.0044917603 0.0067335541 0.0057678739 0.0092729138 0.0065714334 0.0075851706 0.0091600904 0.0103549955 0.0064155485 0.0062190213 0.0077020725 0.0116222056 0.0075390579 0.007722059 0.0097969763 0.0101045263 0.0142816624 0.0043617204 0.0077779154 0.0087077132 0.0073232683 0.0078502194 0.0069285003 0.0112370756 0.0151773035 0.0088127336 0.0068775432 0.0048420366 0.0049244413 0.0062471244 0.0063987695 0.0089266445 0.0074036451 0.008868658 0.0063294727 0.0055415042 0.0102759707 0.0102084864 0.0081179455 0.0064467957 0.0107021577 0.0077420264 0.0052766162 0.0075576564 0.0049291868 0.0023524413 0.0040168259 0.008904967 0.0075245038 0.0042291859 0.00883822 0.0066729684 0.0120865108 0.0073236939 0.0084582438 0.0110959163 0.0066951039 0.004992777 0.0067166284 0.0041179961 0.0083746416 0.0067221535 0.0065978453 0.0135087976 0.0087671048 0.0064704987 0.0059364762 0.0062087945 0.0103713287 0.007207826 0.0088442338 0.0086116684 0.0116649433 0.0060083828 0.0079189114 0.0100785794 0.0121735638 0.0089144603 0.0100901471 0.0015977849 0.0008532616 0.0053336567 0.0037871406 0.0099664426 0.0056044686 0.0106454708 0.0075525542 0.0061488115 0.0082397886 0.007024582 0.0112397928 0.0049379246 0.0090621637 0.0116013098 0.0114045667 0.0093157974 0.0081819593 0.0050020368 0.0078745949 0.010578662 0.0022883126 0.0079492333 0.0074483766 0.0092371541 0.0043644552 0.0046645991 
10 0.0038437137 0.0098960978 0.0125251498 0.0066578058 0.0061979172 0.0078464309 0.0045794555 0.008145034 0.0056889845 0.0017053706 0.0111758041 0.0069896216 0.0037108795 0.0059057113 0.0110429195 0.0102343194 0.0085087563 0.003919907 0.0031807462 0.0075720434 0.0071984393 0.0085163739 0.0128553344 0.0090766695 0.0016470017 0.0068593994 0.0112777193 0.009149542 0.0071540014 0.0040333095 0.004131544 0.0096878918 0.0076114179 0.0097158949 0.0074148588 0.0038960285 0.0057206358 0.0084345494 0.0063383967 0.0089088848 0.0045033526 0.0085480612 0.0053258248 0.0095472192 0.0051926807 0.004706041 0.0084999347 0.0061904911 0.0073698333 0.0060945406 0.0086605877 0.0058578558 0.0101112365 0.0071968395 0.0120970767 0.0102020946 0.005759424 0.0060227018 0.006847071 0.0051011992 0.0086755177 0.0121160399 0.0071922963 0.0084601642 0.0033928394 0.0077339854 0.0077704429 0.0090713407 0.0108917262 0.0039130022 0.0092680982 0.0041214711 0.0036610762 0.0030255413 0.0141331083 0.0132832307 0.0061300192 0.0072253454 0.0136230784 0.007760496 0.0109244178 0.0099767608 0.0033832822 0.0175578602 0.011184535 0.0055337163 0.0081344297 0.0073009263 0.010251299 0.0076910084 0.010629004 0.0097135418 0.0077767008 0.0135670888 0.008050838 0.0032740703 0.007066956 0.0120159547 0.0084127002 0.0085059277 0.00622474 0.0069280974 0.0127453465 0.011648464 0.008745995 0.0059750532 0.0086938662 0.0027270546 0.0051720092 0.0055910815 0.0103901393 0.0036527882 0.0038301081 0.0050932283 0.016066376 0.0062968039 0.0131083091 0.0116985887 0.0082654488 0.0073378493 0.0063343459 0.0076052281 0.0079795874 0.0113754607 0.0095745449 0.0095287512 0.0084095613 0.0038127086 
11 0.0037258759 0.0083934155 0.0129274896 0.0083576028 0.0067838865 0.0067516076 0.010216424 0.0099644713 0.0065544222 0.0111758041 0.0093541427 0.0092842971 0.0104951081 0.012389382 0.0063617098 0.0107045221 0.0065393017 0.0052578339 0.0092164167 0.005659336 0.0125341143 0.005254111 0.0049389749 0.0089569593 0.013762813 0.0038634996 0.0026340797 0.0069707651 0.0091747458 0.0102282265 0.0064797293 0.0067189748 0.0117212124 0.0104110321 0.0070433491 0.0100082198 0.0086228427 0.0065569408 0.0059484362 0.0088347258 0.0125582553 0.0046089959 0.0082946618 0.0090235212 0.0087001144 0.0061259854 0.0070467229 0.0079800896 0.010178256 0.0101240484 0.0063011122 0.0037175459 0.0099940715 0.0086901562 0.0056383104 0.0086079803 0.0086178708 0.011881726 0.0067863265 0.0115757316 0.0051202428 0.0080005349 0.0113600408 0.0067452643 0.0089019167 0.0052158643 0.0060593502 0.0036789143 0.0038231079 0.0078656658 0.0065289869 0.0112423981 0.0093778062 0.0060236724 0.0080372213 0.0069810375 0.0070356575 0.0084442428 0.0078751175 0.0088131313 0.0045683027 0.0049328148 0.0064567465 0.0099686286 0.0087022499 0.0045878247 0.0068621055 0.0073412212 0.0049159198 0.0097064429 0.0042102244 0.0063686616 0.0117981641 0.0059863956 0.0100625411 0.0046057672 0.0108771659 0.0054522118 0.0051997706 0.0032381705 0.0064498272 0.0085815651 0.0034092574 0.0108047189 0.0068550909 0.0082194469 0.0071363548 0.010675641 0.009924799 0.0067699699 0.0090130539 0.0091321404 0.0080045764 0.0113098235 0.0097206529 0.0110169262 0.0066287715 0.0052779767 0.0032591456 0.0038050468 0.0063807936 0.0089199835 0.0088731925 0.0056267427 0.0041720964 0.0089993819 0.0092745525 0.0115586843 
12 0.0053032964 0.0023542361 0.0057099238 0.0105818614 0.0095406796 0.0023065928 0.010850618 0.0073010897 0.0102219692 0.0069896216 0.0092842971 0.0135028512 0.0012340611 0.0128156163 0.0067808083 0.0050946996 0.0080936719 0.0138451115 0.0022168277 0.0076400203 0.0058273275 0.0036798409 0.0051099696 0.0062199842 0.0135073464 0.0059998926 0.0075542123 0.0051905534 0.003561584 0.0112935021 0.0075988116 0.0040128691 0.0092323449 0.0065957209 0.0101858858 0.0038772242 0.0043490502 0.0030462065 0.0075082711 0.0059319853 0.0088795719 0.0078714903 0.0066064246 0.0019016299 0.0110718897 0.0059178301 0.0080266806 0.0085502307 0.0077015725 0.0099199365 0.0091219943 0.0109953547 0.0130530954 0.0119389537 0.010656935 0.00946774 0.0079677529 0.0086074817 0.0020603862 0.0073902448 0.0056168873 0.0116005286 0.0087097936 0.0034234177 0.0006986368 0.0082680832 0.0094586113 0.0091730198 0.0124923539 0.0110216241 0.0058255778 0.0134423449 0.0058949271 0.0067284871 0.0056055845 0.0116906163 0.0097019668 0.0143016231 0.0089801857 0.0105868094 0.0031407551 0.009153207 0.0078023366 0.012388242 0.01410426 0.0049782799 0.0048831564 0.0088729501 0.0072543747 0.0091772654 0.006519305 0.0128304792 0.0033391069 0.0098654519 0.0098448822 0.00563507 0.009088916 0.0066712906 0.0114790064 0.0061105945 0.0100356424 0.0059456397 0.0111361 0.0076183061 0.0096561136 0.0057124695 0.0119350224 0.0044579282 0.0106823845 0.0044214128 0.0062759283 0.0089532301 0.0115135062 0.0057805091 0.0074764372 0.007294331 0.0061887722 0.0105366276 0.0119116228 0.0037829812 0.0049304517 0.0037733534 0.0043015753 0.0097379476 0.0081498929 0.0077043016 0.0058501581 0.0082197141 
13 0.0029549879 0.0103163216 0.0083885292 0.0031307582 0.0044821217 0.0037904592 0.0054074496 0.0101555054 0.0040528484 0.0037108795 0.0104951081 0.0012340611 0.008180591 0.0089134568 0.0086201271 0.0067995337 0.0125812021 0.0083153598 0.0045537137 0.0068274612 0.00425997 0.0076982036 0.0068910628 0.006689305 0.0191521532 0.0097721216 0.0093426384 0.0075530342 0.0089972349 0.0065697739 0.007182399 0.0082397279 0.00686745 0.0086683219 0.0131829959 0.0094592246 0.0085768917 0.0118936299 0.0089664649 0.0088007953 0.0110029786 0.0105426219 0.0114304596 0.007512325 0.0081589019 0.0144733422 0.0059371124 0.0053905711 0.0029686467 0.0091945926 0.0063916245 0.011129616 0.0090946087 0.0050336415 0.0074260773 0.0105795092 0.0042438898 0.00688031 0.0064002936 0.0051839241 0.0072282147 0.009062937 0.0118123245 0.0047476393 0.0102433955 0.0070619635 0.009369865 0.0105445422 0.0072716072 0.006812206 0.006471157 0.0098581584 0.0116981572 0.0091735978 0.0048697055 0.0059694736 0.0052531663 0.0021523828 0.0058846727 0.0077214706 0.004004392 0.0107992818 0.0068533841 0.0070339642 0.0045137063 0.0075600139 0.0052233572 0.0088469515 0.0105365072 0.0069916826 0.0063842827 0.0089959524 0.0084961114 0.0122630629 0.0058583831 0.0094579763 0.0119588154 0.0070062169 0.0073832261 0.0093717052 0.0051656294 0.0058711044 0.003183805 0.0035328827 0.0069382007 0.0056563811 0.007437947 0.0038398157 0.0065935646 0.0106740324 0.0106749424 0.0072222666 0.0097820724 0.0102245411 0.0084482337 0.0088550907 0.0069377291 0.0087203928 0.0138112843 0.0073148184 0.0088471205 0.0032005343 0.0037256291 0.0152313066 0.0070344282 0.0064514012 0.0118241684 0.0094061461 
14 0.0055098515 0.0059686611 0.0067139079 0.0047794743 0.0088835522 0.0082118948 0.0049332389 0.0106002183 0.0106340559 0.0059057113 0.012389382 0.0128156163 0.0089134568 0.0056737049 0.0059242342 0.0038398536 0.0106759742 0.0062774033 0.0085409864 0.0045822723 0.0092680983 0.0125719395 0.0071916655 0.0067449305 0.0049896395 0.0036081006 0.0105570184 0.0098218002 0.0105536481 0.0051291127 0.0075881847 0.0065528471 0.009722226 0.0098097615 0.0127547657 0.004667933 0.0102040096 0.0038308136 0.0072526279 0.0073068769 0.004901397 0.0088470097 0.0117297377 0.0061671301 0.0027571232 0.0022701423 0.0061451459 0.0042285016 0.0086004383 0.0119041 0.0128721426 0.0056840247 0.0048859226 0.0067186436 0.0114930607 0.0078710036 0.0040161243 0.0086798273 0.0068900715 0.0078522938 0.0095664716 0.0077917648 0.0013772664 0.0042719232 0.0087040183 0.0079823976 0.0040577546 0.0094248492 0.0092276257 0.0033989224 0.009888254 0.0111788064 0.0112171277 0.0096628772 0.0093161049 0.007615797 0.0063530116 0.0109530982 0.006230331 0.0107565365 0.0092525408 0.0112675971 0.0079126101 0.0072286739 0.0094324159 0.0071108274 0.0082104132 0.0077408992 0.0071264902 0.0087172935 0.0089853127 0.0069971127 0.0093896478 0.0030115701 0.0100474636 0.0079621634 0.0047839307 0.0087926609 0.0053935516 0.0091183189 0.0108093333 0.0077722811 0.0123461339 0.0057987397 0.0097455007 0.0033625475 0.0062301644 0.0051717646 0.0086977126 0.0064826223 0.0100260946 0.0052856297 0.0073202435 0.0187206729 0.0092312063 0.0040489626 0.0103529966 0.0079471173 0.0044870501 0.0056313366 0.00474739 0.0094000012 0.0074344895 0.006993751 0.0149430971 0.0071099063 0.0117962885 0.004237244 
15 0.0018100824 0.0135979384 0.0073619264 0.0116998176 0.0047007931 0.009024207 0.0061594819 0.0091472615 0.0104367843 0.0110429195 0.0063617098 0.0067808083 0.0086201271 0.0059242342 0.0079347533 0.0050726434 0.0082913125 0.0031291696 0.0106895336 0.0071113088 0.0066701454 0.0075648927 0.0051004684 0.0092427313 0.0046930936 0.0112018621 0.0032959057 0.0072504677 0.0056630304 0.0056614398 0.0046568674 0.0098731248 0.0078976822 0.0139915813 0.0034083009 0.0117425111 0.0082725526 0.0049361635 0.0124471527 0.0031767324 0.0045493866 0.0069525441 0.0054440593 0.006377736 0.0070683138 0.0100772268 0.0088719822 0.0060609741 0.0067710433 0.0044637433 0.008322172 0.0062566537 0.0031298406 0.0047179467 0.0116065931 0.0086778273 0.0113322559 0.0052482471 0.0070700022 0.0083154331 0.0043157945 0.0098243406 0.0103988736 0.0104261125 0.0084469918 0.0043483455 0.009832286 0.0087933726 0.0084904031 0.0042362182 0.0066965322 0.0134278369 0.0050874571 0.0035715092 0.0122753913 0.0099260437 0.0064242466 0.0080423158 0.0064056202 0.008737072 0.0060812759 0.012519862 0.003564221 0.0055522868 0.0078737163 0.0067542366 0.0103733085 0.0051382539 0.0060183486 0.0059545546 0.0067823021 0.013019094 0.0124553733 0.0073913012 0.0019308162 0.0077172136 0.0104869355 0.0024439204 0.0086038595 0.0068298416 0.007303494 0.0085994784 0.0099317261 0.0047240645 0.0137822752 0.0154934982 0.0068525141 0.0101579865 0.001606309 0.009398866 0.0093706346 0.006315436 0.0052792368 0.0112426455 0.0095348001 0.0114409026 0.0070851097 0.0099475084 0.0072155736 0.0101484252 0.0063125624 0.0104645756 0.0073952681 0.0120258392 0.0065075761 0.0143939517 0.0045363206 0.0127784365 
16 0.0030446988 0.0121967701 0.0022386136 0.0097102032 0.0066560223 0.002748151 0.0087023218 0.0063405462 0.0074138185 0.0102343194 0.0107045221 0.0050946996 0.0067995337 0.0038398536 0.0050726434 0.0038104956 0.0144070677 0.009013349 0.0112393394 0.0063982606 0.007635026 0.0025317423 0.0079102353 0.0114987407 0.0086378919 0.0071168979 0.0049555026 0.0078428024 0.0078532531 0.0075259395 0.0064782609 0.0063352255 0.0062898571 0.0130965215 0.0073975439 0.0078352393 0.0048230691 0.0103549414 0.0057607004 0.0072281572 0.0083401267 0.0142047206 0.0115639164 0.0068255025 0.010911935 0.0043881043 0.0088979579 0.0063947003 0.0105940152 0.0073154363 0.0096423636 0.0064381148 0.007965276 0.0095816835 0.0065745913 0.0130788738 0.0105938565 0.0044063855 0.0083178663 0.0075342069 0.0045055322 0.007002676 0.0081298402 0.0067372663 0.0093453679 0.0047487377 0.0082285071 0.0140262822 0.0096300897 0.0116602307 0.0075965829 0.0078179072 0.0048696153 0.007028454 0.0047276697 0.0107809463 0.0129462821 0.0066327003 0.0089387921 0.0076280635 0.0071116945 0.0074504511 0.0087750354 0.0133078887 0.0058512612 0.0072945522 0.0038106401 0.0084000443 0.0058814183 0.0058711337 0.0092408457 0.0041306458 0.0055988325 0.0055742138 0.0131376772 0.0061598596 0.0053966885 0.0076275482 0.0048988108 0.0089022287 0.0116231026 0.0053070533 0.0118447872 0.0052338659 0.006772085 0.0048723638 0.0048968412 0.0051087266 0.0087035298 0.0023562916 0.0131845011 0.0087108526 0.0109246133 0.0072488341 0.0063337674 0.0064206824 0.0051183523 0.0102267433 0.0042955343 0.0087455703 0.00874507 0.0098128049 0.0049504813 0.0169850306 0.0084692594 0.007970708 0.0074477299 0.0119453935 
17 0.0106172396 0.0120833305 0.0045448743 0.005636494 0.0102486385 0.0099370142 0.0161334515 0.0062334496 0.0086943708 0.0085087563 0.0065393017 0.0080936719 0.0125812021 0.0106759742 0.0082913125 0.0144070677 0.0080955845 0.0076691531 0.0079389284 0.0049221731 0.0037648197 0.0120659187 0.0073681931 0.0070852462 0.0124023635 0.0051926613 0.0078920389 0.0033879295 0.0102954812 0.0092571206 0.0086457416 0.0017407061 0.0033400236 0.006792728 0.011449565 0.004494776 0.0089344774 0.0119319587 0.0094170341 0.0083027968 0.0104813644 0.0082910656 0.0041885664 0.0096621645 0.0096418998 0.0063757972 0.0047706589 0.0111224983 0.0092734941 0.0110831341 0.0056419704 0.0037545055 0.0153198442 0.0121930969 0.0081744861 0.0113436342 0.0080779263 0.010365248 0.0099998325 0.0054810493 0.0056531896 0.0079595338 0.0061394298 0.0041088943 0.0052880691 0.0077105726 0.0047239797 0.0043911462 0.0109097949 0.0071581704 0.008291689 0.0068714767 0.0032475925 0.0036795535 0.0075675098 0.0099425404 0.0055018977 0.0081020202 0.0074054113 0.0045359472 0.0061690364 0.0122341531 0.0118870675 0.0040454836 0.011928111 0.0077764543 0.0058400146 0.0041477102 0.0085595421 0.0051047607 0.0090578742 0.0090693183 0.0075921004 0.0058818871 0.01005254 0.0096925329 0.0066620793 0.0073642471 0.0078863205 0.0098522943 0.0050183654 0.007328103 0.0069814119 0.0058889491 0.0113638424 0.0030173649 0.0066238758 0.0087493323 0.0076024655 0.0035779249 0.0068043684 0.0039312068 0.0076496226 0.0066479151 0.0051220611 0.0091331739 0.0026620058 0.0085836846 0.0141233379 0.0058383895 0.0116888262 0.0073954433 0.0037325602 0.0081757832 0.0074918263 0.0058338594 0.0085263317 0.0096602173 
18 0.0150306096 0.0157981799 0.0066117939 0.000845691 0.0068325249 0.0069279947 0.0087950051 0.0056152923 0.012337872 0.003919907 0.0052578339 0.0138451115 0.0083153598 0.0062774033 0.0031291696 0.009013349 0.0076691531 0.006634241 0.003793564 0.0039042373 0.0098656761 0.007537606 0.0119991129 0.0028829123 0.0151512076 0.0064884877 0.009920952 0.0018948951 0.0027075887 0.0099609925 0.0091238853 0.0075618776 0.0109246219 0.0093821743 0.0104763262 0.0032620158 0.0082545069 0.006022666 0.0017225248 0.0123030292 0.0138534706 0.0078557482 0.007266872 0.005946335 0.009194027 0.0030604369 0.0043315766 0.008088185 0.0120847609 0.0119226015 0.0057970714 0.0123664204 0.0126571774 0.0070162035 0.0045983741 0.008105844 0.0049164128 0.0064643828 0.0056435326 0.0083583873 0.0078184207 0.0088808142 0.0112796814 0.0078644643 0.0076432732 0.0050454222 0.0075440913 0.0041886174 0.0039324771 0.0093979029 0.0034611454 0.0061231391 0.0052834277 0.010441254 0.0133224092 0.0043267441 0.0044465026 0.0103336729 0.009161916 0.0081741597 0.0086777293 0.0065386921 0.0089899561 0.0081541794 0.0054334793 0.0062663877 0.0068322632 0.0031480808 0.0072167099 0.008807509 0.0095890624 0.0072500845 0.0070670391 0.0118989148 0.0082218549 0.0055312668 0.0069855872 0.0091625185 0.0115793991 0.004205305 0.0100600513 0.0070958311 0.0064850334 0.0076869666 0.0111066312 0.0106530114 0.0069437359 0.0040059126 0.0118119413 0.0105804196 0.004467462 0.0043731118 0.0089815916 0.004946222 0.0147044929 0.008056276 0.0057708718 0.0079053414 0.0086748337 0.0076924183 0.0103325981 0.0087750481 0.0056764802 0.0066308925 0.012187672 0.0071735734 0.0079871198 0.0114837337 
19 0.0074498405 0.0083973096 0.0143067509 0.0071070513 0.0044232959 0.0047266535 0.0066897723 0.0049375757 0.0112861634 0.0031807462 0.0092164167 0.0022168277 0.0045537137 0.0085409864 0.0106895336 0.0112393394 0.0079389284 0.003793564 0.016277265 0.0105576005 0.0081849485 0.0053639851 0.0082107298 0.0055581014 0.0098722953 0.0097978224 0.0095966971 0.0079572912 0.008494683 0.0081421523 0.0072343654 0.0073645268 0.0072402089 0.0062437973 0.0105584687 0.0070683335 0.0071140134 0.006984149 0.0087627913 0.0057487877 0.0024713376 0.0068711044 0.0051760487 0.0067712333 0.0070928947 0.0140185554 0.0042453549 0.0094398124 0.0053180249 0.0086277219 0.0083101496 0.0091797954 0.007324058 0.0063840507 0.0085888977 0.0183845651 0.0073970041 0.00589565 0.0045556001 0.0072551777 0.0030894157 0.0050642048 0.0085696533 0.0086458222 0.0082918078 0.010304528 0.0134595175 0.0075388417 0.0150704885 0.0036475839 0.008850915 0.0040337484 0.0127544654 0.013529338 0.0062125886 0.0091522406 0.0090455809 0.0080875902 0.0053030065 0.0079724805 0.0086831136 0.0084446329 0.0046495059 0.0044280572 0.0088578811 0.0056495264 0.0080828376 0.0034438316 0.008060464 0.002092881 0.0044640939 0.0093458636 0.0049313196 0.008421251 0.0067725794 0.0109113893 0.0070087794 0.0065609437 0.0045829976 0.0075267658 0.0094403154 0.0076950962 0.0058168772 0.0069509505 0.0149843136 0.0164515079 0.0088905494 0.0065588967 0.0078626336 0.0063114191 0.0069005259 0.0075463991 0.0072496181 0.0053605287 0.0067394687 0.0054256519 0.0064931179 0.0073673177 0.009260378 0.0108541275 0.0085709275 0.0055823319 0.0097296879 0.0047385894 0.0074723313 0.0155915996 0.0071155451 0.0091622426 
20 0.0065117677 0.0112886362 0.009665934 0.0004880755 0.006961442 0.0069440788 0.0136655417 0.0101191258 0.0118769572 0.0075720434 0.005659336 0.0076400203 0.0068274612 0.0045822723 0.0071113088 0.0063982606 0.0049221731 0.0039042373 0.0105576005 0.0093087613 0.0078560817 0.0038888055 0.0047445151 0.0103737135 0.0028074026 0.011766423 0.0089878386 0.0090198203 0.0089491177 0.0061795655 0.0017010847 0.0096241007 0.0086078197 0.0095848134 0.0028825878 0.0078735975 0.0054983903 0.0092880592 0.0101464311 0.0105353224 0.0075286773 0.0127728426 0.0061272466 0.0123878657 0.0030939485 0.0085682546 0.0066143086 0.0084263785 0.0079399849 0.0074706817 0.008338045 0.0048876007 0.0057001066 0.0011683925 0.0069701324 0.0074378222 0.0060374744 0.0090496953 0.0105057385 0.0102743994 0.0087532956 0.0024976874 0.0067422333 0.0053053412 0.0047328018 0.0066065996 0.0093998801 0.0089069311 0.0045760602 0.0047300754 0.0043726634 0.006842501 0.0104731789 0.0025748942 0.0120169687 0.0127318542 0.0050834462 0.0034852023 0.0089314413 0.0114895003 0.0068238723 0.0111014235 0.0092477011 0.004470368 0.0100453411 0.0077071543 0.0073490598 0.0030855548 0.0139331821 0.0066337438 0.0129055018 0.0095758308 0.0120636584 0.0084073104 0.0148567452 0.0059714946 0.0105658648 0.0067941006 0.0086511909 0.00596557 0.0085793398 0.0091920044 0.01009671 0.0114832046 0.0034481987 0.0075396791 0.0027588594 0.0071772972 0.0083804661 0.0107340634 0.0052639297 0.0089193842 0.0093513879 0.0064023113 0.0070455285 0.0095571857 0.0133843329 0.0076109148 0.0047496037 0.009290969 0.0100391868 0.0129538094 0.0102902209 0.0060543782 0.0085059674 0.0077002887 0.0064879321 0.0069755012 
21 0.0078078618 0.008307571 0.0129063593 0.0083387281 0.0071896321 0.0053984723 0.0067121149 0.0112671095 0.0038765196 0.0071984393 0.0125341143 0.0058273275 0.00425997 0.0092680983 0.0066701454 0.007635026 0.0037648197 0.0098656761 0.0081849485 0.0078560817 0.0074617922 0.0082052908 0.0027938023 0.0058304445 0.0086396621 0.0053358331 0.0043452039 0.0092598105 0.0015472198 0.0075167321 0.0070440777 0.006769985 0.0103260796 0.0113393618 0.0021614329 0.0093510043 0.0085773652 0.0072391798 0.0045608053 0.0095832203 0.0075453137 0.01668185 0.0068780561 0.0070784133 0.0077762191 0.0052650356 0.0047682446 0.0041153231 0.0086328456 0.0034535906 0.0051843336 0.0069996231 0.0090706295 0.0108114024 0.0094014065 0.009181166 0.0074888455 0.0087335951 0.0081767254 0.0058786923 0.0145896865 0.0073339084 0.011163468 0.0038988867 0.0081248712 0.0072802219 0.009387571 0.0047956916 0.0081772777 0.0106362611 0.009064556 0.0085621019 0.0127815151 0.0039543409 0.0083680251 0.0106021146 0.0079578007 0.0107740953 0.0076826694 0.0088561214 0.0078517288 0.0131412692 0.0081979739 0.0084320592 0.01448517 0.0126922252 0.0046415742 0.0129365859 0.0031456272 0.0101309265 0.0124389324 0.0057647618 0.0073966819 0.010913029 0.0047565583 0.0019887566 0.0083440657 0.0065312136 0.0068687949 0.0071055039 0.0077532655 0.0082439215 0.008350668 0.0105382841 0.0053051729 0.0107364944 0.0060864933 0.0067096695 0.0065086501 0.0011705343 0.0092886104 0.0034920772 0.0063755706 0.0104890905 0.0069451383 0.0107042539 0.0049127281 0.0104440215 0.0045679462 0.0101343639 0.0062659388 0.0131465972 0.0076365636 0.006920107 0.0067760229 0.008526404 0.0092559524 0.0050822076 
22 0.0160522868 0.0081642583 0.004535174 0.0118886744 0.0038169077 0.0087211112 0.0073147036 0.0079916764 0.0060632764 0.0085163739 0.005254111 0.0036798409 0.0076982036 0.0125719395 0.0075648927 0.0025317423 0.0120659187 0.007537606 0.0053639851 0.0038888055 0.0082052908 0.0038528944 0.0093363999 0.0093752825 0.0076778083 0.0096118656 0.013249388 0.007189455 0.0093809839 0.0086962074 0.0042451147 0.0079412683 0.0032924153 0.0100832399 0.006558631 0.0082937041 0.0158305398 0.0087737566 0.004536399 0.0062364078 0.0070477555 0.00993544 0.0048072918 0.0032125967 0.0081838824 0.0108287113 0.0081130716 0.0127737811 0.0062624135 0.0092119763 0.0059131065 0.007518619 0.0104994271 0.0080649271 0.0039824905 0.0051038915 0.0120249127 0.0036628272 0.0079664375 0.0099878277 0.0066425675 0.0051852268 0.0041564271 0.0150316065 0.0107858916 0.0116680226 0.0111094653 0.0044202885 0.0029604042 0.010578313 0.004798369 0.0090314193 0.0124984139 0.003916015 0.0057271311 0.0069721683 0.0040319342 0.0092836383 0.0065707958 0.0086207215 0.0030257683 0.0036801071 0.0137262229 0.0061162399 0.0077169377 0.0073139881 0.0061420935 0.0069119758 0.0171947801 0.0116307576 0.0123091885 0.005598754 0.0108868209 0.0029033688 0.0064597601 0.0116472679 0.0095858693 0.006999902 0.0064820342 0.0068334392 0.0079586001 0.0071699702 0.007572495 0.0037939974 0.0080879279 0.0069970487 0.0044751142 0.0145522696 0.0141060108 0.0147944048 0.0093773781 0.0087859271 0.00251659 0.0104585826 0.0051866212 0.0065788449 0.0064554272 0.0075872169 0.001366516 0.0110419374 0.0063106845 0.0061442144 0.0052817908 0.0095713793 0.00748583 0.0082534801 0.0090058108 0.0032399068 
23 0.0093092359 0.0081719621 0.0067718381 0.0094748709 0.0042795524 0.0054387021 0.0115073578 0.0057996594 0.0044917603 0.0128553344 0.0049389749 0.0051099696 0.0068910628 0.0071916655 0.0051004684 0.0079102353 0.0073681931 0.0119991129 0.0082107298 0.0047445151 0.0027938023 0.0093363999 0.0147003207 0.0077144023 0.0120053578 0.0055883471 0.0119013985 0.0099398131 0.004066545 0.0046995183 0.0079695201 0.0072347168 0.0077403971 0.0069481627 0.0076705206 0.0051323787 0.0095721318 0.0067220172 0.0046858511 0.0082773454 0.009465916 0.0068498862 0.0084269246 0.0134217724 0.0061897126 0.005711208 0.0082015099 0.0049906126 0.0037777807 0.0033315666 0.007045287 0.0122356913 0.004526775 0.0137742541 0.0144745145 0.0020752298 0.0094633127 0.0062408822 0.0076145256 0.0079662508 0.00480376 0.0081882148 0.0066217403 0.0084481812 0.0025976901 0.0121502752 0.0122592688 0.0081210746 0.0065321376 0.0054540126 0.0060436489 0.0066054002 0.0042609836 0.0097834831 0.0080855573 0.0079424882 0.0065047389 0.0076265201 0.0147501258 0.0073748261 0.0072321413 0.0070295181 0.0098654076 0.0091587976 0.0103133123 0.0103502961 0.0056466392 0.0101228305 0.006291191 0.0092628741 0.0074964793 0.0093625478 0.0126471593 0.0051072996 0.0085363729 0.0070485602 0.0063613076 0.0094907439 0.0047561769 0.0097903481 0.0084735423 0.0053425207 0.0084723291 0.006951402 0.0063108744 0.0097793982 0.0084293703 0.0045742498 0.0085754103 0.0097248685 0.0039074154 0.0098749235 0.0084306115 0.0111965386 0.0102462763 0.0048959191 0.0063835582 0.0057842088 0.0047054969 0.0074441526 0.0051525592 0.0067934503 0.0065165823 0.0072392381 0.0117905964 0.0137711067 0.0075511112 0.0136103992 
24 0.0121725693 0.0097608896 0.0071663804 0.0089936497 0.0155395543 0.0137675433 0.0040861247 0.0072321136 0.0067335541 0.0090766695 0.0089569593 0.0062199842 0.006689305 0.0067449305 0.0092427313 0.0114987407 0.0070852462 0.0028829123 0.0055581014 0.0103737135 0.0058304445 0.0093752825 0.0077144023 0.0050924525 0.0036020447 0.0048554271 0.0134079516 0.0051592686 0.0080960988 0.0067969925 0.0088486254 0.0155919949 0.0028958021 0.0064493275 0.0069412062 0.013234875 0.0106056121 0.007179194 0.003121753 0.0103142099 0.0154727294 0.005157471 0.0114903123 0.0086805005 0.0072153266 0.0098797005 0.0029723419 0.01373497 0.0039431157 0.0087251602 0.0086675486 0.0076091428 0.011367698 0.0074009789 0.0031843601 0.0086528369 0.005624387 0.0081028217 0.0073505862 0.0087461689 0.0050978332 0.0030574034 0.0115592568 0.0035730394 0.00980821 0.0118898038 0.0060153377 0.0045942878 0.0075489018 0.0095090257 0.010661048 0.007884809 0.0078777729 0.0067664265 0.0079077508 0.0074341352 0.0092745766 0.0159887104 0.0116384886 0.0073534608 0.0112167832 0.0056951449 0.006754276 0.0059359919 0.0040213545 0.0068389307 0.0070984238 0.0066541746 0.0076823237 0.009565353 0.0050851673 0.0080893966 0.0052886273 0.0065712221 0.0079062345 0.0050749197 0.0063809982 0.0082674679 0.0081428079 0.0110626249 0.0042715437 0.0062023502 0.0094874974 0.0104828739 0.0032892148 0.006611722 0.003148925 0.0072424607 0.0096769059 0.0026955125 0.0103151085 0.0140955051 0.0086297495 0.0076393377 0.0035112372 0.0065703059 0.0125488011 0.0137748519 0.0044777518 0.0055936728 0.0078873273 0.0047006048 0.0089830007 0.0039189469 0.0087798057 0.0045518025 0.0080187132 0.0052491749 
