32
1 0.0198553972 0.0398494901 0.0262920989 0.0237908078 0.0498695037 0.0270399761 0.019691907 0.0525849115 0.0257512686 0.0153308004 0.0467310192 0.0239618831 0.0281573345 0.0231537454 0.0490774457 0.0250510405 0.036459293 0.0194693489 0.033110017 0.0274157038 0.0343524904 0.032043702 0.0169964573 0.0362155521 0.0312310922 0.0332545587 0.0347419922 0.0194627021 0.0118426571 0.0450748745 0.0349578842 0.0571830447 
2 0.0398494901 0.0187598908 0.0376161405 0.0259588336 0.0285394819 0.0495936068 0.0065934589 0.0388414611 0.0309126962 0.0463053064 0.0450199672 0.0318741204 0.0017230237 0.0357107742 0.0190344061 0.0128673949 0.0356696461 0.0459817248 0.0373010313 0.0236796016 0.0327893626 0.0303096558 0.0370873862 0.037355009 0.0318777508 0.0276290683 0.0222511032 0.0194938248 0.0727811854 0.0280617837 0.0216931225 0.026838691 
3 0.0262920989 0.0376161405 0.0136498621 0.0506458482 0.030146777 0.02566687 0.0535189269 0.0194360437 0.0351416475 0.0296100693 0.0294814022 0.00313772 0.0304442995 0.0046552392 0.0332986581 0.0663894139 0.0185020583 0.0480318827 0.0168146351 0.0208683099 0.0208629088 0.038658951 0.0435449561 0.0423614539 0.0401754391 0.0125262292 0.0472894723 0.0183892751 0.0275018104 0.0381949699 0.05462784 0.0225187912 
4 0.0237908078 0.0259588336 0.0506458482 0.0556987643 0.0377135648 0.0332843619 0.0317927136 0.0274719904 0.0239312832 0.0256583907 0.0437274917 0.0550657561 0.0429759098 0.0261682925 0.0184495792 0.0157682569 0.0408871518 0.0388525398 0.0565467601 0.0357994355 0.0241091371 0.0112085717 0.0074244881 0.0079685934 0.0319778352 0.0262269227 0.0386326905 0.020278167 0.0405114349 0.0343874772 0.0184848527 0.0286020974 
5 0.0498695037 0.0285394819 0.030146777 0.0377135648 0.026274062 0.0424656913 0.0226392765 0.0217058707 0.018017682 0.024446314 0.0036626927 0.054355247 0.0571763294 0.0329557687 0.0099116753 0.0229751181 0.0427275841 0.047562771 0.0321445099 0.0205453927 0.0315634511 0.0410561499 0.043083257 0.0177320459 0.0229263901 0.0300701269 0.0150242265 0.0544705138 0.0437537889 0.0173226698 0.0391654944 0.0179965727 
6 0.0270399761 0.0495936068 0.02566687 0.0332843619 0.0424656913 0.0540800726 0.0237659622 0.0353202121 0.0072288582 0.0130911144 0.0213786224 0.0102556714 0.0279752868 0.0211059477 0.0233524261 0.0340705292 0.0244718632 0.0152299825 0.017716316 0.0114849376 0.0269685948 0.0322846564 0.0282370822 0.036897488 0.0356460552 0.0422368138 0.0197661552 0.0442434446 0.047287412 0.0250371995 0.0519774763 0.0908393135 
7 0.019691907 0.0065934589 0.0535189269 0.0317927136 0.0226392765 0.0237659622 0.0008231728 0.0390954686 0.018578431 0.0388604138 0.0602911146 0.0317267771 0.029225413 0.0414695495 0.0131571443 0.0350067819 0.0457208853 0.0107619178 0.0373107202 0.0337772141 0.0501395924 0.0319539436 0.0243900894 0.0125673226 0.0326028301 0.0506671297 0.0548689031 0.043548597 0.0244245837 0.0263217796 0.0201732105 0.0345347692 
8 0.0525849115 0.0388414611 0.0194360437 0.0274719904 0.0217058707 0.0353202121 0.0390954686 0.0 0.0431504365 0.0334847672 0.0475655945 0.0318159422 0.0172050957 0.0363134985 0.0455500874 0.0517336978 0.0281950236 0.0468087378 0.0313213812 0.0198842513 0.0302792047 0.0056584751 0.0313117126 0.0190094033 0.0401630831 0.0604985147 0.0251492867 0.0275762868 0.0300741169 0.0371769334 0.0174472598 0.0081712511 
9 0.0257512686 0.0309126962 0.0351416475 0.0239312832 0.018017682 0.0072288582 0.018578431 0.0431504365 0.0244519288 0.0377698646 0.0308499489 0.0271684216 0.0217113053 0.0263013603 0.0252250521 0.0503048088 0.0098887414 0.0235228197 0.0145173796 0.0532010889 0.0181100352 0.0623790134 0.031605232 0.0606246033 0.0584518016 0.0432038612 0.0494755355 0.0058396151 0.0200159168 0.0330355944 0.041431004 0.0282027645 
10 0.0153308004 0.0463053064 0.0296100693 0.0256583907 0.024446314 0.0130911144 0.0388604138 0.0334847672 0.0377698646 0.0175374511 0.0370828813 0.0192582815 0.0401624106 0.0667272076 0.0505513362 0.0245291942 0.0198558907 0.0190311724 0.0312135067 0.0309343577 0.0382588001 0.048815621 0.0151116107 0.0429030562 0.0403329931 0.0127460304 0.0297510292 0.0088622856 0.0302376305 0.0301875884 0.057497185 0.0238554391 
11 0.0467310192 0.0450199672 0.0294814022 0.0437274917 0.0036626927 0.0213786224 0.0602911146 0.0475655945 0.0308499489 0.0370828813 0.0126467986 0.0283033131 0.0240861449 0.0327944365 0.0323938348 0.0299277599 0.0099465049 0.0684463728 0.0393243959 0.029997698 0.0240246875 0.0229726716 0.0192695905 0.0177079601 0.0205491568 0.0253045508 0.0244923391 0.0371545968 0.0269879491 0.0424792695 0.0313614166 0.0340378176 
12 0.0239618831 0.0318741204 0.00313772 0.0550657561 0.054355247 0.0102556714 0.0317267771 0.0318159422 0.0271684216 0.0192582815 0.0283033131 0.0266042144 0.0078628356 0.0460977629 0.0304075582 0.0315346553 0.0258872091 0.0146091243 0.062729739 0.0455861182 0.0335331043 0.0181494615 0.0190576927 0.0262652729 0.0268694517 0.0191901514 0.0168463576 0.0504114741 0.040595286 0.0340527237 0.0648067766 0.0419798968 
13 0.0281573345 0.0017230237 0.0304442995 0.0429759098 0.0571763294 0.0279752868 0.029225413 0.0172050957 0.0217113053 0.0401624106 0.0240861449 0.0078628356 0.0471619688 0.0322037077 0.0047293619 0.0469421591 0.0004640714 0.0283872302 0.0256941453 0.0406769319 0.0605527988 0.0441141259 0.0535651057 0.0496245578 0.041648268 0.0244674889 0.0218444746 0.0374884702 0.0154456844 0.0504559855 0.0207454793 0.0250825957 
14 0.0231537454 0.0357107742 0.0046552392 0.0261682925 0.0329557687 0.0211059477 0.0414695495 0.0363134985 0.0263013603 0.0667272076 0.0327944365 0.0460977629 0.0322037077 0.0034075564 0.0552922665 0.0264256663 0.0399269427 0.0410413494 0.037747104 0.0388165991 0.019092291 0.0203607436 0.0545409883 0.027637833 0.0310062027 0.0261842773 0.0056706269 0.0010847948 0.0402000402 0.0231187874 0.0383710421 0.0444175978 
15 0.0490774457 0.0190344061 0.0332986581 0.0184495792 0.0099116753 0.0233524261 0.0131571443 0.0455500874 0.0252250521 0.0505513362 0.0323938348 0.0304075582 0.0047293619 0.0552922665 0.0544753919 0.0363100915 0.0390098596 0.0111141676 0.028515048 0.0235470376 0.0279393745 0.0160965246 0.0195386596 0.0732482572 0.0262069452 0.0466535705 0.0592841379 0.0142806711 0.0409407794 0.0166310928 0.0218915005 0.0338860587 
16 0.0250510405 0.0128673949 0.0663894139 0.0157682569 0.0229751181 0.0340705292 0.0350067819 0.0517336978 0.0503048088 0.0245291942 0.0299277599 0.0315346553 0.0469421591 0.0264256663 0.0363100915 0.0246641141 0.0053763554 0.0394298631 0.02876716 0.0287278299 0.0362163094 0.0487494014 0.0305081807 0.0318514589 0.0232765925 0.0126339349 0.0351720852 0.0363444759 0.0278218699 0.0231638502 0.0255445306 0.0319154198 
17 0.036459293 0.0356696461 0.0185020583 0.0408871518 0.0427275841 0.0244718632 0.0457208853 0.0281950236 0.0098887414 0.0198558907 0.0099465049 0.0258872091 0.0004640714 0.0399269427 0.0390098596 0.0053763554 0.0385765989 0.0429584977 0.0696985658 0.0383497838 0.0255889989 0.0365172805 0.0082820275 0.0512837175 0.019579992 0.0302199556 0.0126697917 0.0321451719 0.0586322835 0.03335099 0.0426113378 0.0365459262 
18 0.0194693489 0.0459817248 0.0480318827 0.0388525398 0.047562771 0.0152299825 0.0107619178 0.0468087378 0.0235228197 0.0190311724 0.0684463728 0.0146091243 0.0283872302 0.0410413494 0.0111141676 0.0394298631 0.0429584977 0.0091767204 0.0296259728 0.0373497029 0.0389966941 0.055135418 0.0381610425 0.0126553112 0.0403802015 0.0318069672 0.0375332039 0.0116822459 0.0077089602 0.023816875 0.0321614114 0.0325697702 
19 0.033110017 0.0373010313 0.0168146351 0.0565467601 0.0321445099 0.017716316 0.0373107202 0.0313213812 0.0145173796 0.0312135067 0.0393243959 0.062729739 0.0256941453 0.037747104 0.028515048 0.02876716 0.0696985658 0.0296259728 0.0276077122 0.0119188875 0.0260972096 0.0201155653 0.048995118 0.0253795192 0.0284095304 0.0190106586 0.0374047667 0.0358684182 0.0287423795 0.0138086679 0.0193046303 0.0272385487 
20 0.0274157038 0.0236796016 0.0208683099 0.0357994355 0.0205453927 0.0114849376 0.0337772141 0.0198842513 0.0532010889 0.0309343577 0.029997698 0.0455861182 0.0406769319 0.0388165991 0.0235470376 0.0287278299 0.0383497838 0.0373497029 0.0119188875 0.0235956688 0.061697446 0.0340974262 0.0393474564 0.0391215348 0.0250255488 0.0274199778 0.0292851789 0.0361044801 0.0288311976 0.0177611043 0.0234055742 0.0417465245 
21 0.0343524904 0.0327893626 0.0208629088 0.0241091371 0.0315634511 0.0269685948 0.0501395924 0.0302792047 0.0181100352 0.0382588001 0.0240246875 0.0335331043 0.0605527988 0.019092291 0.0279393745 0.0362163094 0.0255889989 0.0389966941 0.0260972096 0.061697446 0.0520543409 0.0332330032 0.0403786474 0.0086971096 0.0347108993 0.0353016014 0.0421494792 0.014362865 0.0114925965 0.0240515461 0.0319751323 0.0104202877 
22 0.032043702 0.0303096558 0.038658951 0.0112085717 0.0410561499 0.0322846564 0.0319539436 0.0056584751 0.0623790134 0.048815621 0.0229726716 0.0181494615 0.0441141259 0.0203607436 0.0160965246 0.0487494014 0.0365172805 0.055135418 0.0201155653 0.0340974262 0.0332330032 0.0032851454 0.0494028213 0.0161522515 0.0389395453 0.0359131168 0.0330461376 0.022759632 0.0198183702 0.0430070747 0.031534838 0.0222307056 
23 0.0169964573 0.0370873862 0.0435449561 0.0074244881 0.043083257 0.0282370822 0.0243900894 0.0313117126 0.031605232 0.0151116107 0.0192695905 0.0190576927 0.0535651057 0.0545409883 0.0195386596 0.0305081807 0.0082820275 0.0381610425 0.048995118 0.0393474564 0.0403786474 0.0494028213 0.0457071453 0.0442310112 0.0245431392 0.0192294581 0.0299671341 0.0269636154 0.0176958194 0.020963344 0.0268847005 0.0439750304 
24 0.0362155521 0.037355009 0.0423614539 0.0079685934 0.0177320459 0.036897488 0.0125673226 0.0190094033 0.0606246033 0.0429030562 0.0177079601 0.0262652729 0.0496245578 0.027637833 0.0732482572 0.0318514589 0.0512837175 0.0126553112 0.0253795192 0.0391215348 0.0086971096 0.0161522515 0.0442310112 0.0302465412 0.033292191 0.0579392733 0.0325727651 0.0287184647 0.0118846681 0.0114485795 0.0228028479 0.0336043468 
25 0.0312310922 0.0318777508 0.0401754391 0.0319778352 0.0229263901 0.0356460552 0.0326028301 0.0401630831 0.0584518016 0.0403329931 0.0205491568 0.0268694517 0.041648268 0.0310062027 0.0262069452 0.0232765925 0.019579992 0.0403802015 0.0284095304 0.0250255488 0.0347108993 0.0389395453 0.0245431392 0.033292191 0.0364163489 0.0157389513 0.0185470369 0.0323363695 0.0548453298 0.0289534526 0.0178404147 0.0154991615 
26 0.0332545587 0.0276290683 0.0125262292 0.0262269227 0.0300701269 0.0422368138 0.0506671297 0.0604985147 0.0432038612 0.0127460304 0.0253045508 0.0191901514 0.0244674889 0.0261842773 0.0466535705 0.0126339349 0.0302199556 0.0318069672 0.0190106586 0.0274199778 0.0353016014 0.0359131168 0.0192294581 0.0579392733 0.0157389513 0.0314663786 0.0511663433 0.0333910197 0.0191052138 0.0407003484 0.0273880991 0.0307094077 
27 0.0347419922 0.0222511032 0.0472894723 0.0386326905 0.0150242265 0.0197661552 0.0548689031 0.0251492867 0.0494755355 0.0297510292 0.0244923391 0.0168463576 0.0218444746 0.0056706269 0.0592841379 0.0351720852 0.0126697917 0.0375332039 0.0374047667 0.0292851789 0.0421494792 0.0330461376 0.0299671341 0.0325727651 0.0185470369 0.0511663433 0.0011544367 0.0523874822 0.0255521518 0.0457202019 0.03594062 0.0146428544 
28 0.0194627021 0.0194938248 0.0183892751 0.020278167 0.0544705138 0.0442434446 0.043548597 0.0275762868 0.0058396151 0.0088622856 0.0371545968 0.0504114741 0.0374884702 0.0010847948 0.0142806711 0.0363444759 0.0321451719 0.0116822459 0.0358684182 0.0361044801 0.014362865 0.022759632 0.0269636154 0.0287184647 0.0323363695 0.0333910197 0.0523874822 0.0571876597 0.0609282182 0.0360796499 0.0303089297 0.0498465832 
29 0.0118426571 0.0727811854 0.0275018104 0.0405114349 0.0437537889 0.047287412 0.0244245837 0.0300741169 0.0200159168 0.0302376305 0.0269879491 0.040595286 0.0154456844 0.0402000402 0.0409407794 0.0278218699 0.0586322835 0.0077089602 0.0287423795 0.0288311976 0.0114925965 0.0198183702 0.0176958194 0.0118846681 0.0548453298 0.0191052138 0.0255521518 0.0609282182 0.0432893221 0.0270979273 0.0111282635 0.0328251529 
30 0.0450748745 0.0280617837 0.0381949699 0.0343874772 0.0173226698 0.0250371995 0.0263217796 0.0371769334 0.0330355944 0.0301875884 0.0424792695 0.0340527237 0.0504559855 0.0231187874 0.0166310928 0.0231638502 0.03335099 0.023816875 0.0138086679 0.0177611043 0.0240515461 0.0430070747 0.020963344 0.0114485795 0.0289534526 0.0407003484 0.0457202019 0.0360796499 0.0270979273 0.0412397299 0.0628201096 0.0244778197 
31 0.0349578842 0.0216931225 0.05462784 0.0184848527 0.0391654944 0.0519774763 0.0201732105 0.0174472598 0.041431004 0.057497185 0.0313614166 0.0648067766 0.0207454793 0.0383710421 0.0218915005 0.0255445306 0.0426113378 0.0321614114 0.0193046303 0.0234055742 0.0319751323 0.031534838 0.0268847005 0.0228028479 0.0178404147 0.0273880991 0.03594062 0.0303089297 0.0111282635 0.0628201096 0.0113860266 0.0123309893 
32 0.0571830447 0.026838691 0.0225187912 0.0286020974 0.0179965727 0.0908393135 0.0345347692 0.0081712511 0.0282027645 0.0238554391 0.0340378176 0.0419798968 0.0250825957 0.0444175978 0.0338860587 0.0319154198 0.0365459262 0.0325697702 0.0272385487 0.0417465245 0.0104202877 0.0222307056 0.0439750304 0.0336043468 0.0154991615 0.0307094077 0.0146428544 0.0498465832 0.0328251529 0.0244778197 0.0123309893 0.0212747702 
