32
1 0.0623194323 0.0425854075 0.0342663936 0.0317660859 0.0376870035 0.0373560126 0.0358802601 0.032087263 0.0215022055 0.0613971943 0.0246469737 0.0193056472 0.0216853554 0.0293014178 0.0379408337 0.0176035138 0.0260968395 0.0316502132 0.0097551364 0.0333611918 0.0380499979 0.0262617565 0.017421248 0.0159066986 0.0328968091 0.0415759404 0.0368835056 0.027391031 0.028976572 0.0195272399 0.0383925978 0.0285222225 
2 0.0425854075 0.0613344934 0.0434951101 0.0468483642 0.0571446723 0.0186908708 0.0233338641 0.038059646 0.0274934469 0.0232319646 0.0237959106 0.0183843685 0.0158922917 0.0330832972 0.0166553006 0.0121213229 0.0184515389 0.0399515087 0.0425025902 0.0339260152 0.0219858095 0.0295145488 0.0413270646 0.04764657 0.0611625778 0.0168874779 0.0135994803 0.0617179948 0.017988717 0.0146037928 0.0166049985 0.0199789833 
3 0.0342663936 0.0434951101 0.0262811024 0.0118058675 0.0370297067 0.0324997389 0.0258871646 0.0121079825 0.0189215049 0.0326967143 0.0400949481 0.0532983624 0.031475457 0.0417782223 0.047100162 0.0311736081 0.0433954681 0.0170883959 0.0423169505 0.0242529419 0.0221668408 0.0306810497 0.0154132164 0.0272534335 0.0397321065 0.0070401916 0.0595152209 0.0428107576 0.0293601448 0.0368966742 0.0274716843 0.0146928778 
4 0.0317660859 0.0468483642 0.0118058675 0.0818045682 0.0411728115 0.0268682918 0.0460601102 0.0252426915 0.0341890587 0.017644388 0.0121660521 0.0629760587 0.0299547135 0.0250280156 0.0201816376 0.0065111293 0.0542309332 0.0488588378 0.0266597524 0.0075512112 0.0269594366 0.0192876482 0.0144337404 0.0133584804 0.0330535355 0.0327583431 0.0141307799 0.0408655047 0.0299037595 0.018669042 0.0450763001 0.0539828508 
5 0.0376870035 0.0571446723 0.0370297067 0.0411728115 0.015921389 0.0226606622 0.0610959576 0.0362296127 0.0326736424 0.0173012435 0.0224095735 0.0380108378 0.0438789122 0.0176534388 0.030170893 0.0371303553 0.0343443242 0.0386226544 0.0217189896 0.0341523278 0.0331385599 0.0144707234 0.0335010923 0.0677755657 0.0191928541 0.0040581826 0.0418136538 0.0122967219 0.013671465 0.027674783 0.0306999662 0.0246974239 
6 0.0373560126 0.0186908708 0.0324997389 0.0268682918 0.0226606622 0.0367386144 0.02123291 0.0409781199 0.0625312152 0.0436448976 0.043043002 0.0100328159 0.0382336736 0.032201168 0.0309876601 0.0317052141 0.0272462796 0.0306085143 0.022765315 0.0155733501 0.023248907 0.0179847933 0.0327884771 0.0352938654 0.0441194409 0.0464838443 0.0273435784 0.0578927444 0.0238220208 0.0253882125 0.0319635681 0.0080722218 
7 0.0358802601 0.0233338641 0.0258871646 0.0460601102 0.0610959576 0.02123291 0.0255904644 0.0202751085 0.0218009684 0.0324602372 0.0410405306 0.028328234 0.0300397681 0.0249053573 0.0039697739 0.0609444973 0.0361963136 0.0445838939 0.0213657058 0.0323365328 0.0183535335 0.0400699698 0.0243308037 0.0444925994 0.0311796168 0.0291118348 0.0260307066 0.0259473123 0.031239197 0.023365248 0.0449151992 0.0236363264 
8 0.032087263 0.038059646 0.0121079825 0.0252426915 0.0362296127 0.0409781199 0.0202751085 0.0420360957 0.0247068722 0.0236418181 0.0472803124 0.0412014988 0.0211698211 0.0488381938 0.0300566389 0.024154728 0.0335849896 0.0485183974 0.0284739681 0.0243195408 0.0297452263 0.0288474653 0.0458392445 0.0205271139 0.015746579 0.0447820475 0.0324637159 0.0263081644 0.0258712169 0.0181975369 0.0336199965 0.0350883938 
9 0.0215022055 0.0274934469 0.0189215049 0.0341890587 0.0326736424 0.0625312152 0.0218009684 0.0247068722 0.0025256214 0.0487331232 0.0275857943 0.0315212967 0.0125595098 0.0182719769 0.0390485464 0.0343110054 0.0460235612 0.0182016629 0.0253801379 0.030330923 0.058028452 0.0311305725 0.0437292309 0.0312328154 0.0450441366 0.0276643221 0.02686823 0.018126137 0.0372234154 0.036102437 0.0389028906 0.027635287 
10 0.0613971943 0.0232319646 0.0326967143 0.017644388 0.0173012435 0.0436448976 0.0324602372 0.0236418181 0.0487331232 0.0261649335 0.0169046508 0.048526571 0.0248880288 0.0419708481 0.0221650314 0.0376323958 0.0507433654 0.0120535838 0.0324865882 0.0237252172 0.0262033671 0.030888585 0.0445627581 0.0302781276 0.0613999268 0.0428233586 0.0052514262 0.031390175 0.0100086858 0.0182399439 0.0254698888 0.0354709624 
11 0.0246469737 0.0237959106 0.0400949481 0.0121660521 0.0224095735 0.043043002 0.0410405306 0.0472803124 0.0275857943 0.0169046508 0.0358329638 0.0270818617 0.0667128824 0.0229453234 0.0327098671 0.0142257977 0.0280559188 0.0350782912 0.0482416596 0.0095081676 0.0200711529 0.035879551 0.0632385202 0.0348698266 0.0194424835 0.0321070899 0.0244969241 0.0537628742 0.0418793005 0.0128410514 0.0113520555 0.0306986889 
12 0.0193056472 0.0183843685 0.0532983624 0.0629760587 0.0380108378 0.0100328159 0.028328234 0.0412014988 0.0315212967 0.048526571 0.0270818617 0.0415543221 0.0301910594 0.0415182156 0.03877955 0.0156102187 0.0258570867 0.0332057998 0.0488373152 0.0104612224 0.0591108998 0.0281957688 0.0303714731 0.0242459236 0.0364956007 0.0237771605 0.0189847184 0.0268137349 0.0109272871 0.0383023773 0.0197538797 0.0183388337 
13 0.0216853554 0.0158922917 0.031475457 0.0299547135 0.0438789122 0.0382336736 0.0300397681 0.0211698211 0.0125595098 0.0248880288 0.0667128824 0.0301910594 0.0208240231 0.0365300917 0.0354097425 0.0607926589 0.0178803941 0.034761384 0.0203164182 0.0094820454 0.0444502835 0.0417456094 0.0078608089 0.0215357299 0.0342791529 0.0297936981 0.0485809091 0.031970701 0.0411945066 0.037847261 0.0367200985 0.0213430105 
14 0.0293014178 0.0330832972 0.0417782223 0.0250280156 0.0176534388 0.032201168 0.0249053573 0.0488381938 0.0182719769 0.0419708481 0.0229453234 0.0415182156 0.0365300917 0.0212029651 0.030505471 0.0293787677 0.0301425155 0.006739907 0.0393182458 0.0306468557 0.0381053374 0.0369683739 0.0381177425 0.0182416987 0.0102265189 0.0554848751 0.0219657483 0.062878549 0.0325630182 0.0208346755 0.0253337353 0.0373194328 
15 0.0379408337 0.0166553006 0.047100162 0.0201816376 0.030170893 0.0309876601 0.0039697739 0.0300566389 0.0390485464 0.0221650314 0.0327098671 0.03877955 0.0354097425 0.030505471 0.0305814861 0.0031318719 0.0133246161 0.0311109458 0.0304573731 0.0829838509 0.0249300233 0.0138451835 0.0080612606 0.0315675778 0.0429924816 0.0397489387 0.0198378359 0.0397700679 0.0556766483 0.0268295961 0.0465234045 0.0429457297 
16 0.0176035138 0.0121213229 0.0311736081 0.0065111293 0.0371303553 0.0317052141 0.0609444973 0.024154728 0.0343110054 0.0376323958 0.0142257977 0.0156102187 0.0607926589 0.0293787677 0.0031318719 0.025916187 0.0229226752 0.0348273867 0.0268492359 0.0344094042 0.0505387178 0.0477580678 0.0192353127 0.0485529047 0.0313498118 0.0179058054 0.0131786234 0.0107823298 0.0379628 0.0635780273 0.0506413363 0.0471642893 
17 0.0260968395 0.0184515389 0.0433954681 0.0542309332 0.0343443242 0.0272462796 0.0361963136 0.0335849896 0.0460235612 0.0507433654 0.0280559188 0.0258570867 0.0178803941 0.0301425155 0.0133246161 0.0229226752 0.031268995 0.0411243471 0.0313366994 0.0328031531 0.0147970872 0.037365858 0.0161214903 0.0338269169 0.0116893397 0.0387145862 0.0293891905 0.0361103653 0.0052658845 0.0633888861 0.0448282904 0.0234720907 
18 0.0316502132 0.0399515087 0.0170883959 0.0488588378 0.0386226544 0.0306085143 0.0445838939 0.0485183974 0.0182016629 0.0120535838 0.0350782912 0.0332057998 0.034761384 0.006739907 0.0311109458 0.0348273867 0.0411243471 0.0490300945 0.0214949024 0.04837666 0.0320388805 0.0233888665 0.027803921 0.0174399279 0.0132997864 0.0269076409 0.0365784287 0.0307431907 0.0380502315 0.0225814486 0.0141780367 0.05110226 
19 0.0097551364 0.0425025902 0.0423169505 0.0266597524 0.0217189896 0.022765315 0.0213657058 0.0284739681 0.0253801379 0.0324865882 0.0482416596 0.0488373152 0.0203164182 0.0393182458 0.0304573731 0.0268492359 0.0313366994 0.0214949024 0.0337412484 0.0291342158 0.0530534456 0.0432773884 0.0199066985 0.0078627524 0.0355947726 0.0313867874 0.0377837517 0.0261340527 0.0164981988 0.0508928884 0.0410720459 0.0333847699 
20 0.0333611918 0.0339260152 0.0242529419 0.0075512112 0.0341523278 0.0155733501 0.0323365328 0.0243195408 0.030330923 0.0237252172 0.0095081676 0.0104612224 0.0094820454 0.0306468557 0.0829838509 0.0344094042 0.0328031531 0.04837666 0.0291342158 0.0436358571 0.0390910398 0.0481766767 0.0334145492 0.0327890996 0.0135631527 0.0328319827 0.0399088859 0.031712837 0.0371130606 0.0143275005 0.0524235353 0.0336769962 
21 0.0380499979 0.0219858095 0.0221668408 0.0269594366 0.0331385599 0.023248907 0.0183535335 0.0297452263 0.058028452 0.0262033671 0.0200711529 0.0591108998 0.0444502835 0.0381053374 0.0249300233 0.0505387178 0.0147970872 0.0320388805 0.0530534456 0.0390910398 0.0565261181 0.0164601405 0.0125598911 0.0254967463 0.0468728592 0.0328203769 0.0326787328 0.0106280256 0.030074518 0.0072416593 0.0168522979 0.0377216359 
22 0.0262617565 0.0295145488 0.0306810497 0.0192876482 0.0144707234 0.0179847933 0.0400699698 0.0288474653 0.0311305725 0.030888585 0.035879551 0.0281957688 0.0417456094 0.0369683739 0.0138451835 0.0477580678 0.037365858 0.0233888665 0.0432773884 0.0481766767 0.0164601405 0.0455643458 0.0439893993 0.0311338426 0.0440382752 0.0523875021 0.0262696051 0.0129669569 0.0222179067 0.0312370617 0.0235597735 0.0244367341 
23 0.017421248 0.0413270646 0.0154132164 0.0144337404 0.0335010923 0.0327884771 0.0243308037 0.0458392445 0.0437292309 0.0445627581 0.0632385202 0.0303714731 0.0078608089 0.0381177425 0.0080612606 0.0192353127 0.0161214903 0.027803921 0.0199066985 0.0334145492 0.0125598911 0.0439893993 0.0690867926 0.034805363 0.0199048733 0.0224725175 0.024088602 0.051224481 0.021382171 0.0511172773 0.0317110616 0.0401789174 
24 0.0159066986 0.04764657 0.0272534335 0.0133584804 0.0677755657 0.0352938654 0.0444925994 0.0205271139 0.0312328154 0.0302781276 0.0348698266 0.0242459236 0.0215357299 0.0182416987 0.0315675778 0.0485529047 0.0338269169 0.0174399279 0.0078627524 0.0327890996 0.0254967463 0.0311338426 0.034805363 0.0286755878 0.0114521867 0.0514143428 0.0387988535 0.0176474156 0.0404895766 0.0388599369 0.0359721117 0.0405564083 
25 0.0328968091 0.0611625778 0.0397321065 0.0330535355 0.0191928541 0.0441194409 0.0311796168 0.015746579 0.0450441366 0.0613999268 0.0194424835 0.0364956007 0.0342791529 0.0102265189 0.0429924816 0.0313498118 0.0116893397 0.0132997864 0.0355947726 0.0135631527 0.0468728592 0.0440382752 0.0199048733 0.0114521867 0.0323404672 0.0449976269 0.0250798511 0.0310858682 0.0494316702 0.0243456978 0.022866022 0.0151239185 
26 0.0415759404 0.0168874779 0.0070401916 0.0327583431 0.0040581826 0.0464838443 0.0291118348 0.0447820475 0.0276643221 0.0428233586 0.0321070899 0.0237771605 0.0297936981 0.0554848751 0.0397489387 0.0179058054 0.0387145862 0.0269076409 0.0313867874 0.0328319827 0.0328203769 0.0523875021 0.0224725175 0.0514143428 0.0449976269 0.0112529924 0.0406267542 0.0143282042 0.0246279905 0.0236665794 0.0274970743 0.0320639312 
27 0.0368835056 0.0135994803 0.0595152209 0.0141307799 0.0418136538 0.0273435784 0.0260307066 0.0324637159 0.02686823 0.0052514262 0.0244969241 0.0189847184 0.0485809091 0.0219657483 0.0198378359 0.0131786234 0.0293891905 0.0365784287 0.0377837517 0.0399088859 0.0326787328 0.0262696051 0.024088602 0.0387988535 0.0250798511 0.0406267542 0.0544184949 0.0529109653 0.0575952367 0.0427839136 0.014435919 0.0157077583 
28 0.027391031 0.0617179948 0.0428107576 0.0408655047 0.0122967219 0.0578927444 0.0259473123 0.0263081644 0.018126137 0.031390175 0.0537628742 0.0268137349 0.031970701 0.062878549 0.0397700679 0.0107823298 0.0361103653 0.0307431907 0.0261340527 0.031712837 0.0106280256 0.0129669569 0.051224481 0.0176474156 0.0310858682 0.0143282042 0.0529109653 0.0114442326 0.0206799238 0.0346066266 0.0069729227 0.0400791319 
29 0.028976572 0.017988717 0.0293601448 0.0299037595 0.013671465 0.0238220208 0.031239197 0.0258712169 0.0372234154 0.0100086858 0.0418793005 0.0109272871 0.0411945066 0.0325630182 0.0556766483 0.0379628 0.0052658845 0.0380502315 0.0164981988 0.0371130606 0.030074518 0.0222179067 0.021382171 0.0404895766 0.0494316702 0.0246279905 0.0575952367 0.0206799238 0.0585745323 0.0410545227 0.0553004093 0.0133754122 
30 0.0195272399 0.0146037928 0.0368966742 0.018669042 0.027674783 0.0253882125 0.023365248 0.0181975369 0.036102437 0.0182399439 0.0128410514 0.0383023773 0.037847261 0.0208346755 0.0268295961 0.0635780273 0.0633888861 0.0225814486 0.0508928884 0.0143275005 0.0072416593 0.0312370617 0.0511172773 0.0388599369 0.0243456978 0.0236665794 0.0427839136 0.0346066266 0.0410545227 0.0336165964 0.0243463284 0.0570351774 
31 0.0383925978 0.0166049985 0.0274716843 0.0450763001 0.0306999662 0.0319635681 0.0449151992 0.0336199965 0.0389028906 0.0254698888 0.0113520555 0.0197538797 0.0367200985 0.0253337353 0.0465234045 0.0506413363 0.0448282904 0.0141780367 0.0410720459 0.0524235353 0.0168522979 0.0235597735 0.0317110616 0.0359721117 0.022866022 0.0274970743 0.014435919 0.0069729227 0.0553004093 0.0243463284 0.039444252 0.0250983196 
32 0.0285222225 0.0199789833 0.0146928778 0.0539828508 0.0246974239 0.0080722218 0.0236363264 0.0350883938 0.027635287 0.0354709624 0.0306986889 0.0183388337 0.0213430105 0.0373194328 0.0429457297 0.0471642893 0.0234720907 0.05110226 0.0333847699 0.0336769962 0.0377216359 0.0244367341 0.0401789174 0.0405564083 0.0151239185 0.0320639312 0.0157077583 0.0400791319 0.0133754122 0.0570351774 0.0250983196 0.0473990039 
