128
1 0.0121142357 0.0083039647 0.0038993927 0.0043171601 0.0098366408 0.011247078 0.0086155439 0.0115224509 0.0063994674 0.0056671749 0.0080879988 0.007495561 0.0071040169 0.0101805242 0.0042390983 0.0095700641 0.0058146447 0.0129856793 0.0022972672 0.0080866545 0.0078602344 0.0048812651 0.0083241362 0.0097507466 0.0035415445 0.0105037212 0.00674683 0.0099895106 0.00506219 0.0079355876 0.0078084208 0.0044460094 0.0057863691 0.0051794069 0.0037906547 0.0084633094 0.0064836543 0.0060323437 0.011172511 0.0062253234 0.0071643541 0.0092245198 0.0090876679 0.0068392984 0.0079716601 0.0114932224 0.0077872397 0.0096084137 0.0066996196 0.0058864179 0.0027514655 0.0075954583 0.0056123318 0.0096623063 0.0026408859 0.0110206918 0.010844318 0.0031223849 0.0072583746 0.0038242132 0.0078060893 0.0100791531 0.0038424978 0.0079147401 0.0142773183 0.0065485672 0.0110899705 0.0070566942 0.0106786544 0.0089510348 0.0073124498 0.0088202021 0.0061965729 0.0070663594 0.0081830704 0.0072296169 0.0111425249 0.0168540557 0.0096923043 0.0076676277 0.0067729466 0.0072220991 0.0085576226 0.0081778125 0.0087115772 0.0108229342 0.0058670844 0.0094638068 0.0059198302 0.0094803137 0.0054024956 0.0141870395 0.0018045994 0.0047350251 0.0114387141 0.0121745279 0.0091858161 0.0054837852 0.0133912966 0.0042752622 0.0102037795 0.0057211399 0.0141641182 0.0032027572 0.0066532021 0.0029954135 0.0051545096 0.0087829368 0.0043420042 0.0068493666 0.0100205831 0.0087116785 0.0091966656 0.0104782493 0.0064041315 0.011434418 0.00721821 0.009377137 0.0033917195 0.0071466579 0.0091069386 0.004819279 0.0123807786 0.0062598814 0.0059017922 0.0082881779 0.0057645014 0.0106826492 
2 0.0083039647 0.0057163453 0.0086625574 0.0099135762 0.0037959284 0.010487668 0.0015132329 0.0047950582 0.0067377212 0.0074382886 0.0084487561 0.0059800742 0.0072612621 0.00809872 0.0082752088 0.0100684147 0.0093822496 0.0121629715 0.0105173462 0.0100839298 0.0116609221 0.0069753553 0.0043754584 0.0047621362 0.0044355934 0.0025447789 0.0079763104 0.0065864253 0.0077733345 0.0088734182 0.0034686424 0.0100158638 0.0098573935 0.0119306501 0.0080397416 0.0 0.0054039898 0.0137388417 0.0062660189 0.0093874311 0.0217138951 0.0097375551 0.0121979496 0.007044713 0.0086704656 0.010028761 0.0100761516 0.0058645788 0.0075185865 0.0097573037 0.008784458 0.0100739049 0.0059902908 0.0077928719 0.0084181921 0.0070893798 0.0042259428 0.0090284011 0.0086176827 0.0074832269 0.0093837002 0.0091904423 0.0043888034 0.0060216303 0.0040959049 0.0067431826 0.0038766402 0.0083883814 0.0055039118 0.0069266863 0.0073145781 0.0062853172 0.0035171268 0.0128480968 0.0118239092 0.0087728031 0.0079261973 0.0074914139 0.0064642714 0.0101814171 0.0039647519 0.0071228987 0.0108404274 0.0080808708 0.0066902846 0.0111203505 0.0064017116 0.0105385521 0.0069197316 0.0113770624 0.0042178355 0.0052011102 0.0076775469 0.0069026326 0.0084348836 0.0101724123 0.0097071295 0.0078383282 0.0084655315 0.0059392868 0.0041506578 0.0095509397 0.006642458 0.0072522726 0.008302069 0.0050037915 0.0084640728 0.0104144649 0.0085248299 0.0053972466 0.0055482177 0.0098941585 0.0107978622 0.0092716515 0.0033063312 0.0054221913 0.005811654 0.005324511 0.0047306698 0.009336792 0.0122399603 0.0026412853 0.0058794664 0.0119678141 0.0117502228 0.0133081698 0.0022129971 0.0102655994 
3 0.0038993927 0.0086625574 0.0152193096 0.0082398441 0.0036616732 0.01256542 0.0118981879 0.0053792944 0.0102846658 0.0068333586 0.0028798058 0.0123475166 0.0085884 0.0105584886 0.0067345308 0.0039835296 0.005049972 0.0054011312 0.0072947311 0.0079921843 0.0045743524 0.006282944 0.0045188493 0.0073994495 0.0113037415 0.0100362834 0.005947877 0.0038749599 0.0067798475 0.0068388098 0.0055796927 0.0106626894 0.0088244202 0.0070538877 0.0084473783 0.0135004724 0.0086244215 0.0052445679 0.005875632 0.0119755904 0.0060766119 0.0113333105 0.0083975173 0.0028358405 0.0073388207 0.0072707098 0.0114209193 0.0077190652 0.0077907925 0.005445277 0.0089893529 0.0049428065 0.0112705239 0.0061656286 0.0051289409 0.0072189 0.0090829508 0.0071062163 0.0066302618 0.0062320966 0.0062096058 0.0077849721 0.0073102327 0.011065929 0.0088943291 0.0084109833 0.007261651 0.0099000272 0.0081447521 0.0089967118 0.0098955942 0.0052225126 0.0098615828 0.0089878115 0.0075700153 0.0110506238 0.0113047774 0.0080597718 0.0059923951 0.0103677923 0.0072248356 0.0104373632 0.0033560605 0.0036539643 0.0080232683 0.0024161106 0.0067328124 0.0073791743 0.0141664755 0.0035053863 0.0104363222 0.0088885673 0.0049336839 0.0090420098 0.0065223268 0.0076555978 0.0041250629 0.0052644318 0.006322822 0.0099629203 0.0070832362 0.0071538363 0.009170233 0.0064813937 0.0044392717 0.005974145 0.013295573 0.0094257753 0.0069162557 0.0080406408 0.0053369086 0.0058743198 0.010572445 0.0109906812 0.0074173449 0.0073810926 0.0123398789 0.0062445182 0.0067566385 0.0117322864 0.0079820653 0.0078556952 0.0053696742 0.011613526 0.0075195823 0.0100484388 0.0082891237 0.0071377495 
4 0.0043171601 0.0099135762 0.0082398441 0.0027192202 0.0059551138 0.0079220832 0.0120586784 0.0091541374 0.0086674068 0.0061553819 0.0057258559 0.0053949542 0.0086038065 0.0096052948 0.0049016707 0.0044734393 0.0089849335 0.0056384254 0.007025291 0.0025951627 0.0087762825 0.0050692207 0.014649422 0.0144409687 0.0054320995 0.0125731004 0.0040868841 0.0070949414 0.0078377277 0.0090533742 0.0105757023 0.010083726 0.0066921678 0.0099243035 0.0130266131 0.0074584848 0.0080770695 0.0056074692 0.009838045 0.0079826565 0.0105749241 0.0066618774 0.0049148493 0.0075840915 0.0088539459 0.0064666378 0.0078069799 0.0080845673 0.0057099032 0.0070756224 0.0106216748 0.005560792 0.0108093512 0.0064483865 0.0058877026 0.0054409015 0.0059114027 0.0085015765 0.0135478094 0.0121724047 0.0084762943 0.0070644776 0.0052180423 0.0100501709 0.0071625933 0.0080127758 0.0047668943 0.0103028452 0.0074826476 0.0100487702 0.0083986105 0.009303657 0.0059356129 0.0073601499 0.0080336668 0.0043293178 0.0062354978 0.0041004889 0.0115137277 0.0076622406 0.0050801649 0.0066315745 0.0067143272 0.0052832104 0.0065606989 0.0111609119 0.0026069245 0.0093301727 0.0103430415 0.007687271 0.0040029584 0.0077267574 0.0081568841 0.0081224982 0.0139478701 0.0104091808 0.0041991525 0.0094826296 0.0072459586 0.0059366463 0.006194908 0.0134671788 0.005597277 0.0145231419 0.0064568539 0.0129195193 0.0083252375 0.0089486641 0.0072081576 0.0117471951 0.0086496239 0.010481298 0.0077153606 0.0040884256 0.0028220506 0.0098270366 0.0072254692 0.0074658908 0.0062006717 0.0114755127 0.0064189132 0.0065606385 0.0053179421 0.0049154614 0.0057031137 0.0072832413 0.0073786994 0.0080281071 
5 0.0098366408 0.0037959284 0.0036616732 0.0059551138 0.0040707239 0.0121275785 0.0077253161 0.0066667753 0.0090851534 0.0066742071 0.0061039257 0.0047904785 0.014395855 0.0085013337 0.0066869612 0.0034684517 0.0065538301 0.0058504852 0.0113277204 0.0024085876 0.012047432 0.0070866643 0.0057320033 0.0101878977 0.0067826724 0.0090463847 0.0030200216 0.0131038957 0.0088537413 0.0058318405 0.0086221526 0.0115828377 0.0079468319 0.0115448628 0.0066851199 0.0086379539 0.0112025471 0.0137164355 0.0082384115 0.0086608355 0.0066132111 0.0113957563 0.0076847896 0.0124035926 0.005211318 0.008445226 0.0049758692 0.0035037072 0.0044312484 0.0066664189 0.0064022413 0.0097904527 0.0082506173 0.0052062037 0.0069345849 0.0082663097 0.0044831767 0.0076164961 0.0065084844 0.0100903084 0.0061336055 0.0065319027 0.0077100165 0.0066496574 0.0066071075 0.0113714372 0.0064033326 0.0136552864 0.0122110748 0.0131328286 0.0100141274 0.0069164963 0.0074307698 0.0082632081 0.0056663553 0.008668549 0.0111526862 0.0102364 0.0009013965 0.0141159472 0.0055894755 0.006745419 0.0092711101 0.004235094 0.0066325846 0.0073685523 0.0071866234 0.0093437333 0.0079963574 0.0068907625 0.0082406279 0.0082626972 0.0063271223 0.0139853608 0.0079575303 0.0030956188 0.0134622904 0.0091411238 0.0061531533 0.0050721216 0.0045222737 0.0110952656 0.0064493721 0.0051855888 0.0074368661 0.0089211713 0.0091805577 0.0084592196 0.0039423729 0.002936032 0.0071015803 0.005187705 0.0103515226 0.0100573593 0.0071877694 0.0057019965 0.0051963948 0.0056462809 0.0090061501 0.0133990357 0.0061274242 0.0084505747 0.0107410683 0.0068020858 0.006546174 0.0049416329 0.0091988145 0.0104008739 
6 0.011247078 0.010487668 0.01256542 0.0079220832 0.0121275785 0.0012178866 0.010434851 0.0090509429 0.0146116195 0.0042631282 0.0061974714 0.0079559045 0.0075132872 0.0062957594 0.0068845165 0.008931831 0.0104465679 0.0062939252 0.0117994516 0.0050003758 0.0093830627 0.0057184893 0.0041822234 0.0071607668 0.0045372674 0.0086773184 0.0124421731 0.0085460139 0.0068855751 0.0066388353 0.0115035458 0.0060473336 0.0067550987 0.0077056452 0.0122033333 0.0105866529 0.0096791949 0.0058452177 0.0056281045 0.0135178168 0.0053893258 0.0086560776 0.0085961325 0.0101751618 0.0081561705 0.0078724546 0.003249301 0.004381226 0.0067223931 0.0063266546 0.0160311913 0.005490764 0.0079471378 0.0092143481 0.0076494864 0.0067148753 0.0062673379 0.000891831 0.0115619335 0.0072851305 0.0121392942 0.0078487943 0.00764683 0.0123382686 0.0076675517 0.0024759173 0.0068899154 0.0085970023 0.0060344831 0.0116889454 0.0041797954 0.0062481814 0.0078241691 0.0022938951 0.0097358057 0.0037254083 0.0061605871 0.0056102071 0.0104528971 0.0086206922 0.0073069102 0.0150117932 0.0105371917 0.0096194357 0.0052745634 0.0104552325 0.0158234239 0.007159105 0.0079884991 0.0073703064 0.0069779939 0.0071660667 0.0072781514 0.0121443615 0.0068559365 0.0145550188 0.0062905906 0.0044771474 0.0097029756 0.0055145191 0.0052504402 0.0117971916 0.0055314793 0.0076975845 0.008166046 0.0058981976 0.0110693304 0.0041240221 0.010370555 0.0030813193 0.0083861909 0.0076321794 0.0067350245 0.0057865985 0.0029868898 0.0050426902 0.0056395616 0.005636841 0.0176428526 0.0039857737 0.0086263867 0.0048772377 0.0073870088 0.0031439515 0.0034637558 0.0052177299 0.0089389967 0.0067263529 
7 0.0086155439 0.0015132329 0.0118981879 0.0120586784 0.0077253161 0.010434851 0.0145411462 0.0060925358 0.0056482817 0.0094042524 0.0082209062 0.0029423562 0.0109808111 0.0087634329 0.0029820155 0.0096002219 0.0092140756 0.0039408396 0.0033404299 0.0047102259 0.0088625339 0.0054563128 0.0126240393 0.0127571965 0.0074528206 0.0082875504 0.0096948882 0.0061710738 0.0131937054 0.0139175064 0.0097341952 0.0036109295 0.0111763746 0.0080735785 0.0090978212 0.0101449118 0.0075793701 0.00149176 0.0089048843 0.0117829959 0.0057343144 0.0073786332 0.0087893613 0.0110703597 0.0028283116 0.0064456323 0.0049807194 0.0059427494 0.009458956 0.0072782492 0.0091481834 0.0089134304 0.0082852155 0.0076121867 0.0026547292 0.0087868502 0.0077583538 0.007770208 0.0056064284 0.0033590385 0.009551011 0.0056340628 0.0155755401 0.0095916201 0.0073506281 0.0081486222 0.0063308064 0.008795399 0.0096503448 0.013746854 0.006493291 0.007179147 0.0032104087 0.0131921174 0.0045202277 0.0028523599 0.0075331275 0.009083776 0.0061379218 0.0045144001 0.0104735133 0.0077131301 0.0086688096 0.0148641048 0.0127699655 0.0068106282 0.0023066659 0.0053812592 0.0040950038 0.0090072401 0.0173628791 0.0042021088 0.0118553494 0.0042283216 0.0052310006 0.0067892641 0.0083118682 0.0071178582 0.0124357763 0.0046094838 0.0059231617 0.0111851444 0.0037701216 0.0072714934 0.0060155151 0.0062534242 0.0087839166 0.0069665506 0.0101790847 0.0032757994 0.009408598 0.0068888509 0.0055551781 0.0117512802 0.0104648054 0.0044734858 0.0090759231 0.0093311811 0.0070455186 0.004882069 0.0060453914 0.0085257823 0.0064838916 0.0040200526 0.0059492664 0.0078271517 0.0072695317 0.0096082345 
8 0.0115224509 0.0047950582 0.0053792944 0.0091541374 0.0066667753 0.0090509429 0.0060925358 0.0137056756 0.0042141421 0.0048157531 0.0061334522 0.009031893 0.0097871559 0.0072431119 0.0125261088 0.0117667812 0.0046012973 0.0108201647 0.0077780474 0.009393575 0.0065652388 0.0026992 0.007479775 0.00971988 0.0059508074 0.0100737955 0.0064531692 0.0085527283 0.004315433 0.0105631795 0.0056457203 0.0071071721 0.0098221397 0.0167875251 0.0039473385 0.006403102 0.0091372254 0.0041464733 0.0055679492 0.0075776434 0.0081246934 0.0066184823 0.0081491969 0.0073971045 0.0058056121 0.0080862916 0.0073048902 0.0087516699 0.0075172308 0.0040438219 0.0080847145 0.0049694128 0.0131359646 0.0113674909 0.0062929195 0.0097057183 0.0088605374 0.0060534392 0.0110675541 0.0099899729 0.0101734485 0.0112647501 0.0053924631 0.0055635523 0.0102214909 0.0089575913 0.0055351476 0.0128977273 0.0016995962 0.0021402938 0.0101212111 0.0058171406 0.0069574471 0.0116423951 0.0088307799 0.0069486293 0.0050316902 0.0067021612 0.0053238259 0.0103844559 0.0107293446 0.0050556016 0.0110269895 0.0061719771 0.0073281367 0.0121030486 0.0050682788 0.0087070449 0.0057877714 0.0091554668 0.0098315324 0.0020395438 0.0021776877 0.006348976 0.0053071113 0.0067235005 0.0124040837 0.0173352361 0.0061183518 0.0162538142 0.0060298158 0.0053154989 0.0091037521 0.0063708707 0.0085413937 0.0086268257 0.0050717448 0.0050619624 0.0058111314 0.0078361733 0.0082791001 0.0117353732 0.010629873 0.008804131 0.0153191088 0.0055254241 0.0035461244 0.0065198815 0.0121633164 0.0062034556 0.0058016184 0.0082919056 0.0027062024 0.0074144446 0.0098847196 0.0034600512 0.0092040849 0.0051421544 
9 0.0063994674 0.0067377212 0.0102846658 0.0086674068 0.0090851534 0.0146116195 0.0056482817 0.0042141421 0.0068359291 0.0050763356 0.0114148898 0.0084538752 0.0063282357 0.0061340444 0.0043375969 0.0179436687 0.0058970253 0.003145557 0.0047048834 0.0080385148 0.0085489598 0.006871834 0.0158968777 0.0039569071 0.0059001009 0.0044037417 0.0063487931 0.0073823398 0.0035202809 0.0071304303 0.0068956804 0.0113901747 0.0060237659 0.0101762107 0.013732787 0.0045110297 0.0071079454 0.0053852802 0.0122342891 0.010880723 0.0116174326 0.0076258097 0.0063239134 0.0073682369 0.0078403717 0.010307817 0.0049157983 0.0064467804 0.0040490399 0.0035016249 0.0143146081 0.0090854788 0.0083409764 0.0097019943 0.0063689651 0.0140352991 0.0088928774 0.0104421998 0.0105094225 0.0051294895 0.0060511634 0.0096308809 0.0149327742 0.0096221489 0.0095868387 0.0167526355 0.003548873 0.0046556215 0.00428738 0.0095874122 0.0057962752 0.0087192833 0.0100617763 0.0066868717 0.0066318762 0.0041203858 0.0080627208 0.0087387393 0.0060375462 0.0057408156 0.0138134004 0.0095223416 0.0092043042 0.0073607007 0.0070665796 0.0109579734 0.0064289834 0.002867218 0.0051991074 0.0067140745 0.0048923982 0.0063972106 0.0080475691 0.0018594973 0.0071885163 0.0145481151 0.0078138647 0.0049672583 0.0043586784 0.0100258187 0.0066556084 0.0079527472 0.0053479891 0.0156735527 0.007082339 0.0025143654 0.0067188849 0.005942759 0.00708258 0.0078396823 0.0106059302 0.0053369069 0.0035995041 0.0117253863 0.0049055112 0.0069665904 0.0084497714 0.0095104893 0.0101776034 0.0098565949 0.0077568168 0.0063527785 0.0085578774 0.006694101 0.009294921 0.0079229296 0.0069212907 0.0049935596 
10 0.0056671749 0.0074382886 0.0068333586 0.0061553819 0.0066742071 0.0042631282 0.0094042524 0.0048157531 0.0050763356 0.0103103555 0.0073585933 0.0097316868 0.0084665104 0.0056631213 0.0083145653 0.0113479492 0.0037788808 0.004150124 0.00780751 0.0067610411 0.0083817322 0.0081873736 0.0105040935 0.0078114324 0.0105740113 0.0099399092 0.0122328599 0.0093895989 0.0055383111 0.0049634695 0.0077546864 0.0064004174 0.0078238359 0.0076902163 0.0049498129 0.0051525556 0.0048460965 0.0078079517 0.0066621162 0.0134254581 0.0119287604 0.0085661566 0.0088486063 0.0131288037 0.0054693145 0.0069457297 0.0070245155 0.0080936003 0.0124290212 0.0098655762 0.0083831772 0.012206255 0.0150450618 0.0062876545 0.0054768335 0.0073444725 0.0113382905 0.0026983847 0.0054183374 0.0060063442 0.0074285792 0.0064829263 0.0092045384 0.0100021603 0.0095847658 0.0077530508 0.0106721899 0.0083103523 0.0067682227 0.00965193 0.0065350471 0.0100082551 0.0079621624 0.0052944724 0.0126132138 0.0020843031 0.007221214 0.0106017233 0.0124999472 0.0069043993 0.0117746381 0.0061443392 0.0094323252 0.0123826175 0.0042524123 0.001611182 0.0110360173 0.0121462787 0.0072380132 0.0012702633 0.0051979759 0.0051524545 0.0076234042 0.0076900401 0.0056171508 0.0068075425 0.00905071 0.0090310655 0.007551823 0.0091750038 0.0045639538 0.0080199621 0.0048272259 0.0081753796 0.0101156047 0.0068802205 0.0057026755 0.0063653918 0.0080278908 0.0063532467 0.0063722382 0.0105547215 0.0064005946 0.0101585168 0.0093400005 0.0073612632 0.0045033535 0.0071951539 0.0042619118 0.0050910937 0.0127374194 0.0082419909 0.0110483723 0.0089348052 0.0070888307 0.0052669254 0.0094438266 0.0066396678 
11 0.0080879988 0.0084487561 0.0028798058 0.0057258559 0.0061039257 0.0061974714 0.0082209062 0.0061334522 0.0114148898 0.0073585933 0.0055041735 0.0037725105 0.0121518983 0.0125035337 0.0036749406 0.0069846467 0.0082067495 0.0109864337 0.0128073749 0.0079461737 0.0068406724 0.0079251692 0.0050970732 0.0038947401 0.0049669969 0.0096522081 0.0081057768 0.009164817 0.0079091162 0.009165463 0.0091490072 0.00471737 0.0056273961 0.0059922375 0.0144236285 0.0060176736 0.0078009421 0.0092262779 0.0069658738 0.0085619941 0.0076031159 0.003826684 0.0127918201 0.0091675615 0.0040327293 0.0151672269 0.0081970687 0.0059024288 0.0092827342 0.0091022802 0.0027643582 0.0088310251 0.007112966 0.0093911139 0.0078894557 0.0032524753 0.0166098876 0.0126062026 0.0058950758 0.0108273938 0.0064243914 0.0068333962 0.0112203632 0.0062992659 0.0055473869 0.0096308319 0.0046581763 0.0075646211 0.0073684113 0.004916042 0.0083187782 0.0044811404 0.0100233188 0.007546417 0.0060568549 0.0020408175 0.0082140293 0.0071196902 0.0110295978 0.004477617 0.0034655498 0.0107640782 0.0030299202 0.0113086919 0.008786106 0.0088366654 0.0061102109 0.0060332463 0.0173930791 0.0017100627 0.0064305589 0.003977785 0.0055425847 0.0108999869 0.0112005094 0.0059619659 0.0062815747 0.0038928219 0.0069277149 0.0083287697 0.0064858855 0.0112354256 0.0074841958 0.0145704509 0.0101664528 0.006752702 0.006874167 0.0141305345 0.0033813046 0.0102756878 0.0081856891 0.0074281729 0.0102405997 0.0064511183 0.0069889384 0.0085076915 0.0067180559 0.0054710713 0.0118562572 0.0081511134 0.0084308553 0.0119204144 0.0087968038 0.0040565767 0.008672419 0.0059368082 0.0104139759 0.0071954754 
12 0.007495561 0.0059800742 0.0123475166 0.0053949542 0.0047904785 0.0079559045 0.0029423562 0.009031893 0.0084538752 0.0097316868 0.0037725105 0.0046788943 0.0089307968 0.0043952777 0.008002769 0.0088849773 0.0082680868 0.0055617057 0.0044041412 0.0035462956 0.0092107486 0.0119505231 0.0071305636 0.0084817782 0.0082514685 0.0091012726 0.0077865263 0.0088721401 0.0084552476 0.0048497133 0.0052554796 0.0086142095 0.007050323 0.0105270049 0.0045625219 0.011652082 0.0091890296 0.0047142344 0.0069458805 0.0058248088 0.0084772269 0.0069670729 0.0064392889 0.0064311986 0.0041488767 0.0063310233 0.0079804983 0.0070012417 0.0098910058 0.0133918941 0.0074040226 0.0118271836 0.0068246227 0.0103700536 0.0063864715 0.0063603518 0.0087629993 0.0104506047 0.0102496739 0.0075782062 0.0044399278 0.0075354559 0.0079542269 0.0053471791 0.0059953347 0.004348266 0.0087796643 0.0054336705 0.0046882113 0.0065355871 0.0086240075 0.0070343347 0.0088907719 0.0081264395 0.009144272 0.0084000091 0.0131195145 0.0112724119 0.0031864167 0.0076056147 0.0072653284 0.0107716237 0.0092574111 0.0060622481 0.0076415923 0.0062139916 0.0062835945 0.0078212326 0.0042109703 0.0044452924 0.0086159166 0.0067225158 0.0067475696 0.0081762622 0.0049115005 0.0145637133 0.0040308131 0.0150685798 0.0111651398 0.0076107586 0.0043761923 0.010258128 0.0132872591 0.0115248819 0.0080640724 0.0104484077 0.0027651703 0.0074005932 0.0057864785 0.011487638 0.0059089147 0.0105640958 0.006961025 0.0064341492 0.0084884741 0.0084218217 0.0051677621 0.0079266012 0.017193405 0.0063782987 0.0095449299 0.0080081238 0.0038829543 0.0070486523 0.009368973 0.0125797013 0.013572506 0.0068345917 
13 0.0071040169 0.0072612621 0.0085884 0.0086038065 0.014395855 0.0075132872 0.0109808111 0.0097871559 0.0063282357 0.0084665104 0.0121518983 0.0089307968 0.0091240846 0.0119027965 0.0091186871 0.0073984938 0.0083129099 0.0040523272 0.0121139116 0.0051670867 0.0066376536 0.0127969792 0.0062685567 0.0076970995 0.0088987325 0.0078990059 0.0067119061 0.0156810129 0.0069820754 0.0097788722 0.0102486763 0.0108531912 0.0077354498 0.0072922634 0.0053126113 0.0056584432 0.0083024388 0.007200146 0.0019373909 0.0143966895 0.0015793855 0.0079567882 0.0088364331 0.0055415419 0.0045960999 0.0073320816 0.0071935981 0.0104655818 0.0045139774 0.007841328 0.0035667886 0.0079066332 0.002150804 0.0067727513 0.0075754261 0.0054580855 0.0070708259 0.0044233494 0.0145226106 0.0099029889 0.0090258977 0.0045662173 0.0073440777 0.0041199588 0.0110251711 0.0056634759 0.0084146668 0.0078560053 0.0066956035 0.0046544923 0.0079121375 0.0098723272 0.0041448132 0.004634316 0.0066145204 0.0097000412 0.012545473 0.0140393732 0.0092762658 0.0093382319 0.0099641839 0.0048984893 0.0132653674 0.0024302178 0.0059797946 0.0056827515 0.0056697481 0.003023431 0.0078926659 0.005221646 0.0068060946 0.0073105025 0.0064056793 0.0117829365 0.0059683616 0.0093226571 0.0091715277 0.00709454 0.0076089518 0.0088522144 0.0082993269 0.0053147466 0.0062531995 0.0059004271 0.0085081448 0.0053201535 0.0121795147 0.0092026595 0.0044959813 0.010992668 0.0059916231 0.0145263447 0.0088089452 0.0069362392 0.0050603547 0.0075111758 0.0133232365 0.0059585098 0.0075794291 0.011563242 0.0063901494 0.0075650117 0.0058602893 0.0055149921 0.0063795774 0.0091213827 0.0088319084 0.0040173336 
14 0.0101805242 0.00809872 0.0105584886 0.0096052948 0.0085013337 0.0062957594 0.0087634329 0.0072431119 0.0061340444 0.0056631213 0.0125035337 0.0043952777 0.0119027965 0.0029185304 0.0103163132 0.004504763 0.0034365783 0.0062899276 0.010230693 0.01050879 0.0075945027 0.0074297772 0.0057951575 0.0043570334 0.0034845746 0.0068838875 0.0078608081 0.0075052389 0.0064178551 0.0089978182 0.0051894158 0.0093606279 0.010115953 0.005663462 0.0087972767 0.0071689475 0.006785121 0.0039656314 0.0048877824 0.0047783795 0.0040453139 0.0058582436 0.0074347764 0.0097282194 0.0118570961 0.0137115068 0.0093697736 0.0113526977 0.0046561291 0.0075403972 0.0039065774 0.0079781398 0.008065524 0.0087650195 0.0076347461 0.0087221096 0.0063730466 0.0074781149 0.0030912362 0.0091693522 0.010432727 0.0121697728 0.0053828047 0.0096242587 0.0071734912 0.0065270271 0.0075816229 0.0109477366 0.0128856827 0.0081728299 0.0037006431 0.0050087464 0.0076353123 0.0022779259 0.0120115226 0.0097921841 0.0101354393 0.0071871717 0.0093588187 0.0087387411 0.0106392938 0.0061536206 0.0066925164 0.0079527548 0.0097559529 0.0118248424 0.0079714021 0.0122874955 0.0077317364 0.0118669133 0.0053713494 0.0085655227 0.010760474 0.0054175373 0.0128304533 0.0148849429 0.0043031756 0.008241673 0.0040080891 0.0071728897 0.0054715865 0.0043521889 0.0132907181 0.0060584162 0.0058194273 0.0056780308 0.0073857656 0.0104916417 0.0101644838 0.0107046231 0.008807447 0.0084064434 0.0073252184 0.0053878271 0.0100388902 0.005852878 0.0093533699 0.0083714008 0.0073181568 0.0006008105 0.0081637506 0.0064708821 0.006513806 0.0109826101 0.0020818532 0.0061739799 0.0094457937 0.010282601 
15 0.0042390983 0.0082752088 0.0067345308 0.0049016707 0.0066869612 0.0068845165 0.0029820155 0.0125261088 0.0043375969 0.0083145653 0.0036749406 0.008002769 0.0091186871 0.0103163132 0.0088793576 0.0105169587 0.0062301736 0.0080829702 0.0068863538 0.0072564419 0.0077310323 0.0127890183 0.0106108817 0.0063831422 0.005192228 0.0083735682 0.0052594885 0.0112900351 0.0107603077 0.0075237569 0.0095392739 0.008590428 0.0120116132 0.0089678147 0.0104549046 0.0068076763 0.0111877325 0.0083832498 0.0066590215 0.0024949267 0.0148200844 0.0121765435 0.0074951128 0.0119798741 0.0061633924 0.0050761855 0.0076980335 0.0017919349 0.0050572395 0.0058220446 0.0075707777 0.0111615153 0.0031955072 0.0088353495 0.0092573574 0.0069008642 0.0038355829 0.0088073431 0.0065474222 0.0109335021 0.0087140634 0.0080803709 0.0149118687 0.0085261152 0.0060584917 0.0137219146 0.0070255346 0.005271211 0.0098188031 0.0156924196 0.0069447213 0.0087165207 0.0094734607 0.0034984221 0.0050624872 0.0005728514 0.0060166655 0.0105563465 0.0087467891 0.0114369033 0.0062419109 0.0114573768 0.0097213485 0.0090337541 0.0139674364 0.0057897163 0.0092590125 0.0083992548 0.0037641577 0.0083861549 0.0075992019 0.0061821337 0.0037416588 0.0162988828 0.0070510173 0.0132655098 0.0057841804 0.0030574169 0.0068061597 0.0043151671 0.0066346242 0.0079210895 0.0063705797 0.0101861533 0.0076941464 0.0066066654 0.0061140013 0.0086982095 0.0089429525 0.0065303679 0.0138648003 0.0030645647 0.00459739 0.0069789484 0.0066883688 0.0087152968 0.0076158551 0.0049859727 0.0049012274 0.004892167 0.0032511826 0.0012448027 0.0066491086 0.00939165 0.0089977632 0.0135216836 0.0091262139 0.0058637971 
16 0.0095700641 0.0100684147 0.0039835296 0.0044734393 0.0034684517 0.008931831 0.0096002219 0.0117667812 0.0179436687 0.0113479492 0.0069846467 0.0088849773 0.0073984938 0.004504763 0.0105169587 0.0035195751 0.001585126 0.0040865374 0.0101368239 0.0058453065 0.006943854 0.0072129191 0.0114030534 0.0011389188 0.0042689093 0.0064876694 0.0060456958 0.0113415535 0.0114343783 0.0075686802 0.0136071909 0.0082439642 0.0069342366 0.0033791612 0.0062403552 0.0033865154 0.0083351388 0.0066931487 0.0086123748 0.0095777904 0.007348001 0.0093570632 0.0084233192 0.0075848418 0.0039372806 0.0127695117 0.0066301891 0.0064616321 0.0100202313 0.0057634703 0.0131605462 0.0068168843 0.0051298547 0.0118248035 0.0098156949 0.0080596431 0.0048590521 0.0153642739 0.0097545661 0.0086338999 0.0103176639 0.0125406265 0.0094561576 0.0055838958 0.0062420623 0.0081414823 0.0085313838 0.0064686588 0.0029220659 0.0052782307 0.0080753231 0.0099462816 0.0050626752 0.006758968 0.0059200653 0.0078699179 0.0054844686 0.0088748886 0.0063911115 0.0055308623 0.0076833985 0.0060866514 0.0120099416 0.0065308716 0.0075581179 0.0119413666 0.0106137256 0.0029110607 0.0077281817 0.0082457541 0.0024267674 0.0113429604 0.0079619803 0.00649354 0.0062402048 0.0066807256 0.005852304 0.0079374272 0.0067202209 0.0097108076 0.0107134817 0.0120268758 0.0106500861 0.008996083 0.0061565126 0.0056462173 0.0051590236 0.0083801858 0.0072200127 0.0096679599 0.0145408883 0.0048996534 0.0112994611 0.0067446607 0.0061106502 0.0035947778 0.0065880044 0.0038490886 0.001701843 0.0111820036 0.0041765917 0.0062927634 0.0101997085 0.0060292904 0.0164052243 0.0129877191 0.0061184501 0.0094021588 
17 0.0058146447 0.0093822496 0.005049972 0.0089849335 0.0065538301 0.0104465679 0.0092140756 0.0046012973 0.0058970253 0.0037788808 0.0082067495 0.0082680868 0.0083129099 0.0034365783 0.0062301736 0.001585126 0.0028556435 0.0128692254 0.0133812328 0.0072229512 0.0082124798 0.0079167367 0.0021632771 0.0049424179 0.0046998064 0.0073151616 0.0059938005 0.0023611676 0.0069967012 0.0125128831 0.0040282333 0.0119655786 0.0124562986 0.0062492932 0.0052242935 0.0067193684 0.0067699365 0.0067201193 0.0098696585 0.0086310344 0.0081642923 0.0095079065 0.005352465 0.0085776936 0.0074159835 0.0074941554 0.0082420234 0.0038329857 0.0082883126 0.0090213239 0.01233142 0.0062351429 0.0123953559 0.0115601171 0.0135969317 0.0070914196 0.0096529472 0.0115498755 0.0068336817 0.0039945492 0.0048555833 0.0089487807 0.0059714209 0.0055338678 0.0066974951 0.0042441237 0.0101658498 0.0061000122 0.0097037158 0.0067977667 0.0110923525 0.0114295736 0.0109698599 0.0110591804 0.0035739225 0.0057368393 0.0071770784 0.009288509 0.0079687806 0.0098302326 0.0086341914 0.0038773993 0.0037686133 0.0037415983 0.0068234461 0.0057740093 0.0107711956 0.0060309777 0.0070176189 0.0091597263 0.0096078585 0.0078179565 0.0067144835 0.0121742402 0.0066047748 0.0064454077 0.0077179645 0.0092642186 0.0051001509 0.0122540941 0.0051811089 0.0106810517 0.0064856864 0.0102954032 0.0074001295 0.0118164949 0.0145608185 0.0062160428 0.0051057289 0.0082495503 0.0086344931 0.0095266707 0.0025230112 0.0097656861 0.0067251537 0.0144143794 0.0103745546 0.0069080444 0.0110486648 0.0071763228 0.0095082463 0.010712347 0.0101549992 0.0099755793 0.0062509953 0.0094243622 0.0020505641 0.0074100578 
18 0.0129856793 0.0121629715 0.0054011312 0.0056384254 0.0058504852 0.0062939252 0.0039408396 0.0108201647 0.003145557 0.004150124 0.0109864337 0.0055617057 0.0040523272 0.0062899276 0.0080829702 0.0040865374 0.0128692254 0.0089394206 0.0059957494 0.0073575695 0.0110666193 0.0094962485 0.0132794046 0.0061561167 0.0109364657 0.0083964329 0.0118087204 0.0032077244 0.0071018652 0.0067026806 0.0132011359 0.0042657895 0.008839475 0.006784638 0.0047657834 0.0095099528 0.007348244 0.0117665118 0.0070643209 0.0076023294 0.0099141306 0.0085079254 0.0060005632 0.005655947 0.0119670104 0.0113216253 0.0088337852 0.0043622305 0.0081423132 0.0079251634 0.0063672547 0.0104270092 0.0096224112 0.0097390786 0.0109837086 0.0084802809 0.0075478903 0.0048302388 0.0064148701 0.0045035175 0.0058494797 0.0060898185 0.0107586409 0.0048513307 0.0025107486 0.0106879442 0.0100203352 0.0065210672 0.0068785627 0.0103724575 0.0086950291 0.0049554076 0.0121450941 0.008259532 0.0082147067 0.0057436642 0.0100539174 0.0115605269 0.0080992569 0.0063644231 0.0138160625 0.0055497925 0.0102571814 0.0049546058 0.0080170892 0.0040299458 0.0077709934 0.0060342887 0.0073076701 0.006013021 0.00701292 0.0093092228 0.0096553211 0.003662457 0.0040714638 0.0104696995 0.0075032317 0.0096850638 0.0078461423 0.0030636522 0.0070195528 0.007932435 0.0078866088 0.0057495018 0.0071160815 0.000205288 0.0068178801 0.0077610081 0.0120464218 0.0056760501 0.0029324389 0.0055935619 0.0068568024 0.0056297057 0.0099611793 0.0045249421 0.0076518729 0.0122318026 0.0094177849 0.0061263881 0.0098992377 0.0057505573 0.0055247194 0.0113908439 0.0112607963 0.0178036031 0.0077328259 0.0113797583 
19 0.0022972672 0.0105173462 0.0072947311 0.007025291 0.0113277204 0.0117994516 0.0033404299 0.0077780474 0.0047048834 0.00780751 0.0128073749 0.0044041412 0.0121139116 0.010230693 0.0068863538 0.0101368239 0.0133812328 0.0059957494 0.0103737468 0.0099649208 0.0071894236 0.0072709329 0.0087733694 0.0103876484 0.010679937 0.0067187219 0.0096074755 0.0100796653 0.0061456639 0.0071984412 0.0083072355 0.0093295692 0.0047007748 0.0063609838 0.0041988955 0.0062500616 0.0044737105 0.0088697689 0.0076357277 0.0082775971 0.0038574546 0.0043220209 0.0090032405 0.0055688751 0.0056392982 0.0076645172 0.0086259012 0.0073425237 0.0078021446 0.0062597933 0.0043928458 0.0051633326 0.0029668391 0.0057785106 0.0043495463 0.0098104286 0.0068346583 0.007009794 0.0087080059 0.0057937052 0.0081392615 0.0048571702 0.0080643483 0.0140939025 0.010073516 0.0091012693 0.0055644086 0.0082283176 0.0097098013 0.0097998017 0.0113904968 0.0076020609 0.005819007 0.0158676849 0.0087937928 0.0117259181 0.0043661652 0.0043277173 0.0096853953 0.0088368265 0.0102460386 0.0091477998 0.0084241582 0.0070473402 0.0128033604 0.0088622879 0.0080331803 0.0068501196 0.0101468716 0.0058842918 0.0094964333 0.0102313691 0.0037922645 0.0078723456 0.0047087819 0.0083557873 0.0048623713 0.0088911137 0.0068213614 0.0093083085 0.0083672672 0.0050307104 0.0073219237 0.0064084928 0.0089006452 0.0063256076 0.0079064414 0.0084454625 0.0066714384 0.0065635891 0.008826364 0.0033458249 0.0056266012 0.0063826646 0.0097377224 0.0070461562 0.0049425236 0.0051321351 0.0050790979 0.0109352821 0.0129279815 0.0096132779 0.0081939388 0.0051971295 0.0108716371 0.0111570405 0.0070717302 0.008602202 
20 0.0080866545 0.0100839298 0.0079921843 0.0025951627 0.0024085876 0.0050003758 0.0047102259 0.009393575 0.0080385148 0.0067610411 0.0079461737 0.0035462956 0.0051670867 0.01050879 0.0072564419 0.0058453065 0.0072229512 0.0073575695 0.0099649208 0.0097739284 0.0052990424 0.0069089397 0.0071079988 0.0119943978 0.0124787603 0.0113043436 0.0076747304 0.0091187098 0.0065055318 0.0096681033 0.0045491807 0.0072285973 0.0065919811 0.0064234496 0.0031078948 0.0133842302 0.008509644 0.0056463663 0.0106731334 0.0114194583 0.0028843548 0.0114995334 0.0029306686 0.0025743999 0.0095630329 0.0077856435 0.0138850809 0.0087643271 0.0096577878 0.0114048397 0.0122981903 0.0094061439 0.0071639425 0.0086603371 0.0096660678 0.0051884752 0.0052120468 0.0088374671 0.00595597 0.0072757903 0.0087988718 0.0080484199 0.0126303 0.0075302015 0.0115555972 0.0045854864 0.0085408855 0.0060493137 0.0071049597 0.0054337445 0.0094400273 0.0072864839 0.0129548795 0.0049620034 0.0030235605 0.0087152163 0.0040342027 0.0057278794 0.0017170647 0.0080853462 0.0110375704 0.0064349579 0.011466249 0.0092686597 0.0064541484 0.007172665 0.0080233076 0.0077504782 0.0105308594 0.0124108081 0.0090742594 0.0035380452 0.0042733036 0.0108470078 0.0083912661 0.0074955183 0.0093513498 0.0104720746 0.0084696482 0.0056269814 0.007575153 0.0097394792 0.0071941936 0.0065554667 0.0037651998 0.0136942948 0.0140831751 0.0052677561 0.0113811894 0.0051873826 0.0071596123 0.0109622005 0.0041243201 0.0048833073 0.0111217153 0.0084966139 0.0039103054 0.0082640675 0.0063882482 0.0081102896 0.0088372381 0.0125496983 0.0102976507 0.0042542832 0.007205986 0.004591116 0.0059576322 0.008260514 
21 0.0078602344 0.0116609221 0.0045743524 0.0087762825 0.012047432 0.0093830627 0.0088625339 0.0065652388 0.0085489598 0.0083817322 0.0068406724 0.0092107486 0.0066376536 0.0075945027 0.0077310323 0.006943854 0.0082124798 0.0110666193 0.0071894236 0.0052990424 0.0120968007 0.0111319336 0.0083821201 0.0093038259 0.0040573356 0.0064350233 0.0082449784 0.0097253535 0.0079981678 0.0093572082 0.0078184413 0.0098526026 0.0102786249 0.0071378865 0.0090721856 0.0086263582 0.0124990907 0.002986675 0.0076275579 0.0050226257 0.00492108 0.0107035366 0.0111153593 0.0085713185 0.0092211874 0.0055768077 0.0095150129 0.012693289 0.0065591398 0.0091379138 0.0046669351 0.0132500469 0.0054461463 0.0092510996 0.005513269 0.0075769342 0.0064858157 0.0108203111 0.0044964205 0.0123374997 0.0126358602 0.0039061619 0.0090957457 0.0105939074 0.0030837322 0.0056586671 0.0065818821 0.012030195 0.0016852151 0.0062525332 0.0153690971 0.0046633902 0.002408466 0.0036502875 0.0099108471 0.0078581736 0.0081586793 0.0065247951 0.0069830185 0.0045814747 0.0101082143 0.0117321273 0.0072699681 0.0111988541 0.0119297879 0.0064323402 0.0084839569 0.004984027 0.0024776194 0.0071507259 0.009968035 0.0066018772 0.0070325012 0.0132912615 0.005054257 0.0060015302 0.0075766155 0.0064355323 0.0109385765 0.0107030662 0.0037029431 0.010795563 0.0055715752 0.0051787694 0.0099258253 0.0041805385 0.0046869389 0.0072499047 0.0034010092 0.0079476289 0.0105561704 0.0161297724 0.0039698059 0.0073266503 0.0073355605 0.0081664442 0.0056829083 0.0075346878 0.0109493691 0.0065588778 0.008981747 0.0051693359 0.0066967307 0.0040751858 0.0098778754 0.0045861377 0.0040254797 0.0038328644 
22 0.0048812651 0.0069753553 0.006282944 0.0050692207 0.0070866643 0.0057184893 0.0054563128 0.0026992 0.006871834 0.0081873736 0.0079251692 0.0119505231 0.0127969792 0.0074297772 0.0127890183 0.0072129191 0.0079167367 0.0094962485 0.0072709329 0.0069089397 0.0111319336 0.0050993026 0.0057100134 0.0028996607 0.0086525073 0.0099305619 0.0051191111 0.0100890688 0.0083431895 0.0032601316 0.0061848081 0.0060183124 0.0050015614 0.0097146678 0.013852401 0.0087513227 0.0099827259 0.0040973601 0.0118175272 0.0074354219 0.0058589119 0.0132733742 0.009263684 0.0078311938 0.0074447104 0.0106554014 0.006439374 0.0095379641 0.0105586853 0.011312199 0.0119162893 0.0077587651 0.0083345133 0.0071563951 0.0098362566 0.0060068471 0.00699418 0.008299819 0.0042589476 0.0087140476 0.0072343035 0.0087727224 0.0066167511 0.0065647631 0.0122229973 0.0055230021 0.0077715273 0.0099089091 0.0054095772 0.0039257748 0.0089215908 0.0053304071 0.0118477217 0.0114391396 0.0066949899 0.0062795091 0.0080367632 0.0093472325 0.0092746922 0.0044249013 0.0046141689 0.0101843837 0.0136047353 0.0046560822 0.0113136762 0.0046135932 0.005015805 0.0095706405 0.0052591871 0.0067516322 0.0112215394 0.0074106106 0.0094775507 0.0104510086 0.0043600176 0.0075433125 0.0036972689 0.0078192947 0.0085519063 0.0058984903 0.0092862283 0.0087054312 0.0082882737 0.0070613268 0.0086393673 0.0089768051 0.0072624887 0.0087724411 0.010935472 0.0098236918 0.0057582199 0.0042888027 0.0076822467 0.0066843235 0.0107439069 0.0062544859 0.0127763186 0.0097313047 0.0072957151 0.0042696925 0.0092627608 0.0058742219 0.006091082 0.001342812 0.0091936358 0.0081680962 0.0057030405 0.008096578 
23 0.0083241362 0.0043754584 0.0045188493 0.014649422 0.0057320033 0.0041822234 0.0126240393 0.007479775 0.0158968777 0.0105040935 0.0050970732 0.0071305636 0.0062685567 0.0057951575 0.0106108817 0.0114030534 0.0021632771 0.0132794046 0.0087733694 0.0071079988 0.0083821201 0.0057100134 0.0057670175 0.0063187842 0.0024485328 0.0131103532 0.0051656695 0.0014604267 0.007142808 0.0070972461 0.0095329805 0.0077744879 0.0070595902 0.0062336126 0.009683382 0.0081473516 0.0079878536 0.0117263953 0.0080392621 0.0069354408 0.0057254645 0.0048848349 0.006754964 0.006283776 0.0081226542 0.011517124 0.0057739093 0.0048549591 0.0086648184 0.0077937001 0.0048175271 0.0044005086 0.0103212942 0.0086987642 0.0078775235 0.0041155265 0.0040859459 0.0083890173 0.0082165122 0.0054863958 0.0077502273 0.0110363645 0.0094754482 0.0076188044 0.0097523676 0.0067421795 0.0095293825 0.0033379369 0.006657447 0.0069961251 0.0078420627 0.0073934988 0.0133354068 0.0127090265 0.0092338702 0.0098392507 0.0116430802 0.0068269951 0.0023294475 0.0050252035 0.0105562298 0.0081045686 0.0032999729 0.0104813387 0.0092480353 0.0052693459 0.0086317726 0.0092393813 0.0078661423 0.0104459927 0.002239868 0.0076682643 0.0058045571 0.012219148 0.0044959314 0.0055913582 0.0107332657 0.0104248402 0.0121134989 0.0066319984 0.0101030411 0.0101990969 0.005819989 0.0033179073 0.0097348586 0.0131938708 0.0096069039 0.0019985712 0.0109065566 0.0078118403 0.0112157926 0.0054327345 0.002736744 0.0113743064 0.0111532588 0.0088177538 0.0055011191 0.0076770288 0.005241246 0.0067134465 0.0146185984 0.0093086544 0.0070681113 0.0057784269 0.0085527429 0.0048504683 0.0112022558 0.0055002783 
24 0.0097507466 0.0047621362 0.0073994495 0.0144409687 0.0101878977 0.0071607668 0.0127571965 0.00971988 0.0039569071 0.0078114324 0.0038947401 0.0084817782 0.0076970995 0.0043570334 0.0063831422 0.0011389188 0.0049424179 0.0061561167 0.0103876484 0.0119943978 0.0093038259 0.0028996607 0.0063187842 0.00352894 0.0088691855 0.0076562193 0.009434206 0.006668099 0.0064967021 0.0030134139 0.0106886831 0.0111864628 0.0035919612 0.0069824556 0.0106814391 0.0070355884 0.0128100088 0.0073838102 0.0107757929 0.0094303151 0.005631417 0.006778812 0.0101140396 0.0089926848 0.0105563039 0.0052565993 0.00586876 0.0071435237 0.0090756381 0.0169514954 0.0073390956 0.005527959 0.0051237581 0.0065331302 0.0063014496 0.0100932131 0.0043009316 0.006691265 0.0146404625 0.0068634278 0.00433064 0.0122612461 0.0086010638 0.0057101513 0.007021248 0.0065758831 0.0044660927 0.0036080144 0.0060407898 0.0124374305 0.0031063127 0.0137860004 0.007187656 0.0078827554 0.0122338807 0.0118281011 0.0087352489 0.0098526737 0.0063610287 0.0054288116 0.0089178607 0.0026089568 0.0127762579 0.0065373375 0.0057667903 0.0081555534 0.0102107053 0.0053923449 0.0130481127 0.0123536942 0.0047661605 0.0177393053 0.0039854425 0.0079972537 0.0084969288 0.0079788788 0.0044982302 0.0119373438 0.0093679778 0.0063631816 0.012106724 0.0038605196 0.0041138469 0.0104492059 0.0069197398 0.0084557366 0.0045704789 0.0065140017 0.0049931384 0.004642512 0.0076275198 0.0050483418 0.008955421 0.0085823474 0.0104578104 0.0086809782 0.0088197385 0.005495982 0.006524519 0.0078291208 0.0100439166 0.0090061312 0.0090395196 0.0025508341 0.0109784174 0.0067173737 0.0043448193 0.0083977653 
