64
1 0.0104864436 0.0285925291 0.0149042061 0.0255624976 0.0256162437 0.0066677708 0.0368439469 0.0067012168 0.0157754154 0.0150967884 0.0152899701 0.0121829749 0.0088244391 0.0136556535 0.0129453834 0.0133159049 0.0097306065 0.0172036123 0.0038354511 0.0251614341 0.018619459 0.0159539154 0.0067495806 0.0124796291 0.0252669454 0.0157027622 0.0237565488 0.0130762165 0.0163358982 0.0203088503 0.0148249291 0.0237852246 0.0128778625 0.0076459187 0.0247733588 0.0179481737 0.0210592785 0.0083227723 0.011563892 0.027812773 0.0171303514 0.0143002991 0.0080298149 0.0236369838 0.0089299553 0.008402919 0.0219326904 0.0184855449 0.0167961556 0.0176152523 0.0069079001 0.0194774752 0.0161042954 0.0183033385 0.0026832206 0.0152350531 0.0237652977 0.0044774219 0.010290626 0.0072050807 0.0241649482 0.0217717537 0.0060960013 0.0110011441 
2 0.0285925291 0.0025297489 0.0096059401 0.0240258114 0.0085154049 0.0130105906 0.0127335418 0.0214696398 0.0307506493 0.0150799641 0.0180939687 0.0131916401 0.02368884 0.0210334275 0.0073493295 0.0260787509 0.017686983 0.0173427898 0.0141273116 0.0111058804 0.0275086904 0.0126985715 0.0161984002 0.0160236095 0.0173907119 0.0117665999 0.0161270739 0.0056426536 0.0074001048 0.0229163871 0.0112904416 0.0127945013 0.021920006 0.0169643719 0.0204759558 0.0142572105 0.0187500123 0.0245435991 0.0063694104 0.0183387348 0.0127911289 0.0263096424 0.0107871265 0.0077199898 0.0065060103 0.0142017949 0.0112592645 0.0191120117 0.0064946548 0.0169809949 0.0181538895 0.0101754143 0.0089225856 0.0181413694 0.0188008863 0.0067294701 0.01958911 0.020431592 0.0089944734 0.0127593817 0.0145360944 0.0161548332 0.026585253 0.0124732401 
3 0.0149042061 0.0096059401 0.0077467175 0.0137577374 0.0211517094 0.0229466681 0.0102303312 0.0016677463 0.0235232682 0.0136521728 0.0109149829 0.0156091492 0.0080287904 0.0256962788 0.0197478208 0.012449736 0.0259704367 0.0260113387 0.0131219947 0.0191113677 0.0144552646 0.0256108373 0.0115965038 0.0223049445 0.0257040674 0.0156174537 0.0120597232 0.0132687661 0.0087724332 0.0145123776 0.0104130288 0.0192661169 0.0185568383 0.0098208775 0.0243332742 0.0124309418 0.0214502477 0.0229333989 0.0115760873 0.0116896603 0.0118510709 0.0138270105 0.0153099947 0.0118063283 0.0260544015 0.0053871537 0.0084436971 0.0100420802 0.020404921 0.0203092146 0.0138775249 0.0122547026 0.0029497574 0.0232943215 0.0124495233 0.0224493973 0.0108908702 0.0077221615 0.022858739 0.0113537128 0.0145691223 0.0321282053 0.0076927188 0.0198521347 
4 0.0255624976 0.0240258114 0.0137577374 0.0298762842 0.0176127514 0.0233312923 0.0100151176 0.0181492016 0.0058441732 0.0166578915 0.0163379704 0.017358806 0.0257087211 0.0266479361 0.0247931588 0.0131388243 0.0173958498 0.0044934766 0.0184046401 0.0208166816 0.0134698032 0.0176733716 0.0126553804 0.0074800411 0.0058848081 0.0192577313 0.0132291792 0.008429731 0.0093298301 0.0168823159 0.0269251055 0.0115060086 0.016010577 0.0077354128 0.0135184793 0.0108257514 0.0078599564 0.0192918696 0.0217801704 0.0142164991 0.0168073934 0.0040346519 0.0121359698 0.0122651352 0.0255010358 0.0197139361 0.0072134924 0.0117517889 0.0123986929 0.0290220422 0.0049371731 0.0149592922 0.0185786871 0.0175003902 0.0209814543 0.0302388217 0.0164979665 0.0076356976 0.0062790319 0.0097537571 0.0154118413 0.0142976257 0.0117596109 0.0164336672 
5 0.0256162437 0.0085154049 0.0211517094 0.0176127514 0.0192863559 0.0112350153 0.0156172955 0.0093700858 0.0224152799 0.0201568298 0.010464571 0.011467705 0.0074532047 0.0162663416 0.0240460682 0.0114343027 0.0173893752 0.0194043876 0.0178611127 0.0163867618 0.0138119153 0.0176001671 0.0169163499 0.0116112775 0.0069608511 0.0168293481 0.0144492058 0.0251107062 0.0207338362 0.018070013 0.0123156042 0.0194444567 0.0098922973 0.013885831 0.0245618982 0.0081106363 0.0193733788 0.0046265103 0.0089174019 0.0214050534 0.0030701133 0.0154251327 0.0089485925 0.0274881842 0.0118352841 0.0113220643 0.0231777461 0.0146039026 0.0151379456 0.027468283 0.019883675 0.0114901956 0.0130661884 0.0156062448 0.0069285015 0.0147056697 0.0221297959 0.0048369956 0.0170678455 0.0202761939 0.0212720086 0.0175745211 0.0175802629 0.0113271129 
6 0.0066677708 0.0130105906 0.0229466681 0.0233312923 0.0112350153 0.0063128958 0.0172213005 0.0074044858 0.0148741158 0.0269020992 0.0182325958 0.0172854979 0.0169892177 0.0274041514 0.0145379567 0.0308701417 0.0235704467 0.0201963212 0.0164996462 0.0193278537 0.0094020808 0.0076648309 0.0212678597 0.0129308066 0.0128007151 0.0169990351 0.027590779 0.0158157315 0.0189394769 0.0182903935 0.0120178021 0.0161457753 0.0142994075 0.0055528618 0.0240987192 0.0114724645 0.0141210162 0.0107616166 0.0111560667 0.0193730304 0.0180212832 0.0012295335 0.0150775092 0.019422039 0.0048962722 0.0133381071 0.0080210746 0.0264344337 0.0135705767 0.0120545622 0.0125743423 0.0208063246 0.0200957339 0.0108442945 0.0216815667 0.0037455665 0.0153838338 0.0132007875 0.0160035235 0.0 0.0212985617 0.0101085852 0.0268029125 0.0198680431 
7 0.0368439469 0.0127335418 0.0102303312 0.0100151176 0.0156172955 0.0172213005 0.0211797329 0.0086546268 0.0145415988 0.0144118286 0.0101759693 0.0079871564 0.0204621591 0.0214125074 0.022919176 0.0112505448 0.0161986581 0.0201321 0.0166440056 0.0132065063 0.0091772541 0.0181173553 0.0140435899 0.0241063388 0.0102197809 0.0146836333 0.0161528638 0.0184886505 0.0197075127 0.0117385729 0.0160516845 0.0147356719 0.0087087691 0.0098321677 0.0184157548 0.0158638306 0.0112736148 0.0175430709 0.0291406987 0.0212462493 0.0139263525 0.0042933791 0.0137544942 0.0081031048 0.0088333109 0.0057221916 0.0148293452 0.0203865762 0.0278937536 0.0110915983 0.0038309835 0.0141777551 0.0107019771 0.018268174 0.0344958604 0.0079848352 0.0142606181 0.0169101247 0.0146333373 0.0112862261 0.0124926681 0.0280651616 0.0233302228 0.0196427816 
8 0.0067012168 0.0214696398 0.0016677463 0.0181492016 0.0093700858 0.0074044858 0.0086546268 0.0073882368 0.0109060731 0.0086182065 0.0121774538 0.0263609623 0.0342696576 0.0110140644 0.016616091 0.0362609437 0.0223279812 0.0187379588 0.0201298052 0.021122806 0.0184722158 0.0149478183 0.0160757069 0.0206390946 0.0221218637 0.0103257209 0.0163393372 0.008116895 0.0270049458 0.01280416 0.0169249844 0.0066134089 0.0077019916 0.0156370762 0.0092694251 0.0059096839 0.0195028098 0.0112623381 0.0150375158 0.0168606112 0.0097909765 0.006889501 0.0135034805 0.0169867375 0.0172273432 0.0151116825 0.0239244078 0.0155891154 0.0111267063 0.0125264805 0.0273293723 0.0192433046 0.011634945 0.0103486259 0.0282768305 0.0198981318 0.0137724589 0.0180234421 0.0117936099 0.0208894016 0.0178991457 0.0178280335 0.0061039514 0.0233674691 
9 0.0157754154 0.0307506493 0.0235232682 0.0058441732 0.0224152799 0.0148741158 0.0145415988 0.0109060731 0.0013150241 0.0167395358 0.0056864188 0.0196829384 0.0066604687 0.0158531226 0.014308251 0.0187488182 0.0072785158 0.0215579218 0.0157368038 0.0061536322 0.0149395121 0.0123716465 0.0110846672 0.0235282958 0.0082523239 0.0117339364 0.023908025 0.0409716671 0.0096379613 0.0065563171 0.0084831618 0.0158919672 0.0094873161 0.0114874465 0.0106508941 0.0152189703 0.0111783192 0.0131810275 0.0206476754 0.0089260239 0.010177345 0.0149917504 0.0311267734 0.0204673775 0.0190020391 0.0199237601 0.010576922 0.0142210058 0.0155348432 0.0299419439 0.0134754882 0.0326793216 0.0156413598 0.0217531266 0.0139758923 0.0136952299 0.0142398832 0.0218392183 0.0180150295 0.0095940097 0.015261514 0.0156110908 0.0196678363 0.0120980603 
10 0.0150967884 0.0150799641 0.0136521728 0.0166578915 0.0201568298 0.0269020992 0.0144118286 0.0086182065 0.0167395358 0.0206434096 0.0183278038 0.0061257813 0.0160735643 0.0244754295 0.016341515 0.0148403382 0.0275865026 0.0154102771 0.0119118753 0.0160296793 0.0121399527 0.0090173334 0.0139011375 0.0201584204 0.0168529341 0.0088610467 0.0157444303 0.0114698974 0.0140273374 0.0279511734 0.0081506646 0.0097822562 0.0191144096 0.0224859676 0.014287309 0.014398458 0.0039038823 0.0158404546 0.0133637641 0.0104702946 0.0113778249 0.0249760985 0.0138900639 0.0111521956 0.0074971708 0.0118307407 0.0199893509 0.0093749889 0.014830726 0.0061614119 0.0157602279 0.0259766469 0.0123773617 0.016536218 0.0298354411 0.0362691302 0.0168191153 0.0159682083 0.0077722294 0.0186172643 0.0099736825 0.0210151078 0.012037544 0.0129586337 
11 0.0152899701 0.0180939687 0.0109149829 0.0163379704 0.010464571 0.0182325958 0.0101759693 0.0121774538 0.0056864188 0.0183278038 0.0196383643 0.0176302212 0.0176181832 0.0150015215 0.0142756009 0.0036203167 0.0251220243 0.0138395109 0.0280166741 0.0131860441 0.0066384878 0.0222137872 0.0239860651 0.0195478202 0.0044111878 0.0085253971 0.0113526712 0.0215257118 0.0203933667 0.0200398584 0.0192147138 0.011195203 0.0189461502 0.0141622786 0.0123249121 0.0305213727 0.0064392878 0.0171412444 0.0135547316 0.0141977078 0.0088576613 0.0131294497 0.0052558488 0.0155489283 0.0139227773 0.0311935837 0.0191885665 0.0123670472 0.0282108466 0.0140856149 0.0134479559 0.0112507241 0.020654138 0.0172637561 0.0044752526 0.0201988421 0.0167153175 0.0026525131 0.0084467001 0.0261690898 0.0144008523 0.0252520223 0.0213562978 0.0159740928 
12 0.0121829749 0.0131916401 0.0156091492 0.017358806 0.011467705 0.0172854979 0.0079871564 0.0263609623 0.0196829384 0.0061257813 0.0176302212 0.0099133938 0.0081328423 0.0166853216 0.0212450583 0.0294860123 0.024739806 0.0179750845 0.0148017597 0.0141626359 0.0160722241 0.0208536171 0.0190884083 0.0133639116 0.0208265211 0.0140713219 0.0057860423 0.020974475 0.0237341068 0.0152282308 0.0204905968 0.0195370948 0.0164203036 0.0146507605 0.0084261589 0.0065878652 0.0145983273 0.0157405765 0.0166701689 0.0247930945 0.0191720002 0.0084614084 0.026497658 0.008749513 0.0103301939 0.0089895006 0.0192670386 0.0226287846 0.0109513541 0.0049492827 0.0197825733 0.0063790251 0.0214957823 0.0158062059 0.0202844075 0.0207078042 0.0102622764 0.0223963446 0.0102378026 0.018161833 0.009384663 0.0096832002 0.0088473889 0.016635406 
13 0.0088244391 0.02368884 0.0080287904 0.0257087211 0.0074532047 0.0169892177 0.0204621591 0.0342696576 0.0066604687 0.0160735643 0.0176181832 0.0081328423 0.0152915273 0.0275539099 0.0062747495 0.0187168875 0.008187853 0.0160276056 0.0198772562 0.0078747664 0.0111779305 0.0196648488 0.0205109506 0.0289905067 0.0190594891 0.0187353736 0.0122425417 0.0215785714 0.0238671256 0.0271857008 0.0137711595 0.0175991135 0.0109542072 0.0149844541 0.0147233213 0.0110047904 0.0271627279 0.0116070947 0.0121207101 0.0144156332 0.0107022774 0.0169733873 0.0222940385 0.0051795747 0.0048953099 0.0227051041 0.0096514287 0.0153532742 0.0119768605 0.0081847613 0.0179198168 0.0223261749 0.0203780762 0.015020376 0.0035296596 0.0199473062 0.0049282481 0.0221155624 0.0180734238 0.0112427887 0.0181386627 0.0115138212 0.0097961924 0.0120829801 
14 0.0136556535 0.0210334275 0.0256962788 0.0266479361 0.0162663416 0.0274041514 0.0214125074 0.0110140644 0.0158531226 0.0244754295 0.0150015215 0.0166853216 0.0275539099 0.02059464 0.0303084034 0.0237457574 0.019518224 0.0112157684 0.0184893129 0.0129486436 0.0181771347 0.0237473825 0.0183882151 0.0080623889 0.0102658249 0.0208415071 0.0094798772 0.0164233169 0.0114265682 0.0072785755 0.0109787166 0.0175249463 0.0273862924 0.0154077406 0.0119020416 0.0021112618 0.0112253261 0.0134422117 0.0149685585 0.0154999947 0.0079005147 0.0146691365 0.0227256711 0.0136196588 0.0201188637 0.0165577454 0.0103001921 0.0158774799 0.0128888902 0.0151691292 0.0105176632 0.0124382744 0.0188273056 0.0193567232 0.0048482528 0.0101814262 0.0056186355 0.0142914227 0.0182603822 0.0142682186 0.0062890287 0.0072656999 0.0162350266 0.007716362 
15 0.0129453834 0.0073493295 0.0197478208 0.0247931588 0.0240460682 0.0145379567 0.022919176 0.016616091 0.014308251 0.016341515 0.0142756009 0.0212450583 0.0062747495 0.0303084034 0.0147310956 0.0030409411 0.0263533859 0.0121216446 0.0197739564 0.0154646656 0.0153575876 0.0102272762 0.0125997011 0.0228746356 0.0129811113 0.0153309572 0.020269424 0.01553915 0.0222735237 0.0101653022 0.0226299984 0.0230350434 0.0015308463 0.0118220982 0.0101374752 0.0108478003 0.0157397534 0.0128692839 0.0136496685 0.0041865294 0.00922289 0.012183595 0.029951378 0.0145121986 0.0186151822 0.0160793332 0.0126264214 0.01999507 0.0175824447 0.0213674274 0.0204412057 0.0201420623 0.0040532174 0.0171117877 0.0187877017 0.023784417 0.0037317795 0.0157921518 0.0101997959 0.0178532289 0.0139131927 0.0129198577 0.0233429184 0.0045293251 
16 0.0133159049 0.0260787509 0.012449736 0.0131388243 0.0114343027 0.0308701417 0.0112505448 0.0362609437 0.0187488182 0.0148403382 0.0036203167 0.0294860123 0.0187168875 0.0237457574 0.0030409411 0.0074204216 0.0170424687 0.0134590061 0.0264580578 0.0197838013 0.0177881967 0.0166467973 0.0133640045 0.008960702 0.0104940995 0.016092666 0.0164102773 0.0192557666 0.0224779026 0.0044698161 0.0087777086 0.0137562578 0.0189784745 0.0169832583 0.0116022774 0.0185165255 0.0203750317 0.0147298954 0.0140093926 0.0138980602 0.0110286908 0.0098059881 0.0138280165 0.0142576567 0.0167776126 0.0175282329 0.0174822021 0.0143176744 0.0113157375 0.0096979205 0.0099085895 0.0063882217 0.0168805024 0.0158900958 0.0095068816 0.0217898662 0.0318290533 0.0144647885 0.0137805572 0.0204277244 0.0231425862 0.0063917951 0.0110456393 0.0137648802 
17 0.0097306065 0.017686983 0.0259704367 0.0173958498 0.0173893752 0.0235704467 0.0161986581 0.0223279812 0.0072785158 0.0275865026 0.0251220243 0.024739806 0.008187853 0.019518224 0.0263533859 0.0170424687 0.0243657894 0.0122758679 0.0073842907 0.0120105478 0.0135723883 0.012344202 0.0124155973 0.0182250133 0.0117524364 0.0101165594 0.0082465529 0.0184827724 0.014982035 0.0046058933 0.0087483934 0.0215503043 0.0138444594 0.0189182615 0.0082260021 0.0093092416 0.0219716453 0.0249185884 0.0168009301 0.0084404035 0.0218744192 0.0169501439 0.0108403661 0.0206637255 0.0170799304 0.0059750032 0.0108643806 0.022379084 0.0035440098 0.0065603381 0.0178286112 0.0171757437 0.0093414869 0.0165088539 0.027647739 0.0131756847 0.0109294227 0.0114089939 0.0128696798 0.0214524244 0.014372639 0.0085135339 0.0091791429 0.0332573501 
18 0.0172036123 0.0173427898 0.0260113387 0.0044934766 0.0194043876 0.0201963212 0.0201321 0.0187379588 0.0215579218 0.0154102771 0.0138395109 0.0179750845 0.0160276056 0.0112157684 0.0121216446 0.0134590061 0.0122758679 0.0115958782 0.0114383995 0.021448457 0.0206354882 0.0181893905 0.0153442005 0.0062511123 0.0202349392 0.0186281131 0.0112922277 0.0127687049 0.0185241136 0.015438068 0.0184151461 0.0132164279 0.0200094235 0.0091911591 0.024765077 0.0110834002 0.0142852168 0.0130651955 0.0187940123 0.0222250585 0.0253936036 0.0091655278 0.0125617775 0.0155832142 0.0160080912 0.0089376107 0.0055554901 0.0223049743 0.0121556584 0.0135740661 0.003570229 0.0140453866 0.0193658367 0.0134546347 0.0074920895 0.0127872066 0.027922035 0.0198811452 0.006452497 0.0268864753 0.0201781068 0.0117048932 0.0141925642 0.016583005 
19 0.0038354511 0.0141273116 0.0131219947 0.0184046401 0.0178611127 0.0164996462 0.0166440056 0.0201298052 0.0157368038 0.0119118753 0.0280166741 0.0148017597 0.0198772562 0.0184893129 0.0197739564 0.0264580578 0.0073842907 0.0114383995 0.0279321952 0.019991786 0.0206813678 0.0115051352 0.0183508055 0.0123450642 0.0113293231 0.0135252088 0.0075064122 0.0167869169 0.0075683195 0.0194362856 0.0165460386 0.0121875949 0.0334444272 0.0086032054 0.0235086148 0.0113102675 0.0121909014 0.0153860705 0.0046823863 0.0205694394 0.0211204727 0.0202800344 0.0095980989 0.0215380006 0.0163365423 0.0110574978 0.0252941488 0.0105515337 0.0243623786 0.0080005202 0.0137135163 0.0099159404 0.0069734697 0.0085659137 0.0195138857 0.0225596829 0.0197338277 0.0197646102 0.0187704755 0.0063037923 0.0082165384 0.0118363757 0.0141656518 0.0119269723 
20 0.0251614341 0.0111058804 0.0191113677 0.0208166816 0.0163867618 0.0193278537 0.0132065063 0.021122806 0.0061536322 0.0160296793 0.0131860441 0.0141626359 0.0078747664 0.0129486436 0.0154646656 0.0197838013 0.0120105478 0.021448457 0.019991786 0.0238584449 0.0215691882 0.0084557682 0.003999362 0.0201448418 0.0273769392 0.0129833973 0.0085217632 0.0230615463 0.0141188172 0.0149379243 0.0102946715 0.0045110322 0.0138887132 0.0102699583 0.0187672737 0.0215889557 0.0186882685 0.0033348461 0.0213164503 0.0152094547 0.0169576176 0.0073902289 0.0235436207 0.0159823389 0.030659642 0.0173592838 0.0158127614 0.0255745396 0.012291417 0.0103187341 0.0052758591 0.0136215381 0.0032752524 0.0181627852 0.0093594801 0.0212315148 0.0104673905 0.0183539153 0.0172361245 0.0168195634 0.0172055709 0.0180399591 0.0140439186 0.0188253765 
21 0.018619459 0.0275086904 0.0144552646 0.0134698032 0.0138119153 0.0094020808 0.0091772541 0.0184722158 0.0149395121 0.0121399527 0.0066384878 0.0160722241 0.0111779305 0.0181771347 0.0153575876 0.0177881967 0.0135723883 0.0206354882 0.0206813678 0.0215691882 0.0316640071 0.0087854323 0.0207285256 0.0158987383 0.0156739757 0.016911203 0.0223476604 0.0087173693 0.011304661 0.0130509336 0.0234155211 0.0081117262 0.0240246458 0.0132190093 0.0163577924 0.0191495392 0.0115135114 0.019193882 0.0165501293 0.0080174271 0.0141166961 0.0190704993 0.0188175446 0.0084013453 0.0292287688 0.0126622168 0.021095697 0.0132533316 0.0135488959 0.023582314 0.0188228558 0.0089720435 0.0109104801 0.0179440091 0.0188403389 0.0169891458 0.0090893194 0.0107656574 0.0260798827 0.0191042909 0.0085619843 0.0064886905 0.013709137 0.0016430233 
22 0.0159539154 0.0126985715 0.0256108373 0.0176733716 0.0176001671 0.0076648309 0.0181173553 0.0149478183 0.0123716465 0.0090173334 0.0222137872 0.0208536171 0.0196648488 0.0237473825 0.0102272762 0.0166467973 0.012344202 0.0181893905 0.0115051352 0.0084557682 0.0087854323 0.0052046343 0.0188754948 0.006457736 0.0130801543 0.0127238046 0.0111112395 0.0215811389 0.0059573802 0.0120716363 0.0182728232 0.0112464267 0.0128393122 0.0094291911 0.0060809823 0.025484518 0.0050250314 0.0163541157 0.0223569542 0.0148350129 0.0215794034 0.0239942836 0.0105304671 0.0253059173 0.0129265064 0.0239986895 0.0221726142 0.0084809909 0.0301791213 0.0202026693 0.0200810804 0.0224758999 0.0151591108 0.0176034791 0.0254186115 0.0139095633 0.0119183249 0.0167655111 0.0146442894 0.0128888374 0.0035618764 0.014346874 0.0157780485 0.0228007592 
23 0.0067495806 0.0161984002 0.0115965038 0.0126553804 0.0169163499 0.0212678597 0.0140435899 0.0160757069 0.0110846672 0.0139011375 0.0239860651 0.0190884083 0.0205109506 0.0183882151 0.0125997011 0.0133640045 0.0124155973 0.0153442005 0.0183508055 0.003999362 0.0207285256 0.0188754948 0.0317828047 0.0091395476 0.0168456196 0.0251785225 0.0135137994 0.0225607859 0.006496344 0.0071034433 0.0086328496 0.0112511987 0.0118229982 0.004171587 0.0133780219 0.0127407401 0.0249719878 0.0084037161 0.0307704832 0.0193579324 0.0211448176 0.0185207652 0.0144289065 0.0232759248 0.0082651143 0.0173222402 0.0160380683 0.0105056132 0.0119086487 0.0006305748 0.0170348774 0.0241300615 0.0179590766 0.0176437688 0.0135459935 0.0235697412 0.0076201545 0.0234448237 0.0123758165 0.0109542314 0.0260166432 0.0158549113 0.0150181568 0.0165281816 
24 0.0124796291 0.0160236095 0.0223049445 0.0074800411 0.0116112775 0.0129308066 0.0241063388 0.0206390946 0.0235282958 0.0201584204 0.0195478202 0.0133639116 0.0289905067 0.0080623889 0.0228746356 0.008960702 0.0182250133 0.0062511123 0.0123450642 0.0201448418 0.0158987383 0.006457736 0.0091395476 0.0059017716 0.0122894102 0.0162642272 0.0094021709 0.0222381438 0.0169596527 0.02250917 0.0155623525 0.0174730963 0.0237039288 0.0136617557 0.0124849446 0.0202692154 0.0195048115 0.0162265932 0.0156800474 0.0166944423 0.0257957203 0.0104766504 0.0138887493 0.0147998037 0.0068456017 0.0277112118 0.0170188887 0.0100660283 0.014836874 0.0149065054 0.0155982942 0.0130938638 0.0056899342 0.0197881889 0.0133161846 0.010456851 0.0168668014 0.0200840832 0.0097643424 0.0135590049 0.0152092157 0.0196658398 0.0186084865 0.0136026656 
25 0.0252669454 0.0173907119 0.0257040674 0.0058848081 0.0069608511 0.0128007151 0.0102197809 0.0221218637 0.0082523239 0.0168529341 0.0044111878 0.0208265211 0.0190594891 0.0102658249 0.0129811113 0.0104940995 0.0117524364 0.0202349392 0.0113293231 0.0273769392 0.0156739757 0.0130801543 0.0168456196 0.0122894102 0.0077463356 0.0114219774 0.0112828453 0.0130407747 0.0047292495 0.0182139575 0.0205495519 0.0224865763 0.0145034171 0.0061277229 0.0208448459 0.0111467763 0.0080215768 0.0211190745 0.0219894032 0.0125629535 0.0284605115 0.009406461 0.0106574637 0.017296393 0.0246755682 0.0296679074 0.0201073134 0.0225919466 0.0155960825 0.028207838 0.0066427145 0.0184879379 0.0236610562 0.0205167448 0.0125968628 0.0128930053 0.0164692012 0.0098453233 0.0132755312 0.0177683052 0.014476959 0.0090746207 0.0160866152 0.0176745666 
26 0.0157027622 0.0117665999 0.0156174537 0.0192577313 0.0168293481 0.0169990351 0.0146836333 0.0103257209 0.0117339364 0.0088610467 0.0085253971 0.0140713219 0.0187353736 0.0208415071 0.0153309572 0.016092666 0.0101165594 0.0186281131 0.0135252088 0.0129833973 0.016911203 0.0127238046 0.0251785225 0.0162642272 0.0114219774 0.0042258603 0.0167142649 0.0206798524 0.0148248927 0.0117286601 0.01578213 0.0108111054 0.010447279 0.0151891407 0.0169865477 0.0238227299 0.016108625 0.0141381074 0.0160168858 0.010072901 0.008765602 0.010226831 0.0283933123 0.0112034603 0.0135488946 0.0094203677 0.0308164823 0.0085020397 0.0101315066 0.0180769417 0.0086375304 0.020878047 0.007770765 0.0181750557 0.028236487 0.0204743019 0.0200274149 0.0225024094 0.0221496514 0.0119830236 0.0159152727 0.0185794899 0.0225618927 0.0223467344 
27 0.0237565488 0.0161270739 0.0120597232 0.0132291792 0.0144492058 0.027590779 0.0161528638 0.0163393372 0.023908025 0.0157444303 0.0113526712 0.0057860423 0.0122425417 0.0094798772 0.020269424 0.0164102773 0.0082465529 0.0112922277 0.0075064122 0.0085217632 0.0223476604 0.0111112395 0.0135137994 0.0094021709 0.0112828453 0.0167142649 0.0209338931 0.0164229946 0.0143074243 0.0076352328 0.0230713864 0.0196026092 0.0321851097 0.0229219686 0.0099139922 0.0222380082 0.018917784 0.0168518142 0.0175788134 0.0138720824 0.031622686 0.0079255781 0.0124932057 0.0122088285 0.015569533 0.0125279073 0.0205330841 0.0127033315 0.0169684944 0.022901383 0.0108268121 0.012877927 0.0246501116 0.0136729823 0.0102954962 0.016113587 0.0080509953 0.0100898082 0.0151433455 0.0278525141 0.0158905239 0.0045268114 0.018774149 0.0144908556 
28 0.0130762165 0.0056426536 0.0132687661 0.008429731 0.0251107062 0.0158157315 0.0184886505 0.008116895 0.0409716671 0.0114698974 0.0215257118 0.020974475 0.0215785714 0.0164233169 0.01553915 0.0192557666 0.0184827724 0.0127687049 0.0167869169 0.0230615463 0.0087173693 0.0215811389 0.0225607859 0.0222381438 0.0130407747 0.0206798524 0.0164229946 0.0189806833 0.0148980224 0.0073473191 0.0094826764 0.008268215 0.0168282661 0.0214011409 0.022639511 0.0065946769 0.0242231523 0.0068996482 0.0172783493 0.0046650743 0.023774293 0.0135655366 0.0168475993 0.0128534951 0.0132729712 0.0128194483 0.0107149975 0.0106591443 0.0090585653 0.006697349 0.0199914743 0.0053878653 0.0167882583 0.0088325189 0.0139271869 0.0098759947 0.0174185127 0.0277996395 0.0198492275 0.01137817 0.0208975134 0.0147346037 0.0144572475 0.0168627461 
29 0.0163358982 0.0074001048 0.0087724332 0.0093298301 0.0207338362 0.0189394769 0.0197075127 0.0270049458 0.0096379613 0.0140273374 0.0203933667 0.0237341068 0.0238671256 0.0114265682 0.0222735237 0.0224779026 0.014982035 0.0185241136 0.0075683195 0.0141188172 0.011304661 0.0059573802 0.006496344 0.0169596527 0.0047292495 0.0148248927 0.0143074243 0.0148980224 0.0354085989 0.0149231841 0.018238122 0.026260622 0.0112927764 0.0101000867 0.0157835208 0.0170131238 0.02459252 0.0201662598 0.0217543795 0.0112916615 0.0120352135 0.0140722417 0.0134697847 0.0109781207 0.0202673313 0.0027259354 0.0146794486 0.0175581882 0.0136398482 0.0259186635 0.014762505 0.0111815609 0.0125298938 0.012639377 0.0228004016 0.0062798657 0.0180653084 0.0171934938 0.0185535833 0.02384956 0.0132971721 0.011928986 0.0122759258 0.011739893 
30 0.0203088503 0.0229163871 0.0145123776 0.0168823159 0.018070013 0.0182903935 0.0117385729 0.01280416 0.0065563171 0.0279511734 0.0200398584 0.0152282308 0.0271857008 0.0072785755 0.0101653022 0.0044698161 0.0046058933 0.015438068 0.0194362856 0.0149379243 0.0130509336 0.0120716363 0.0071034433 0.02250917 0.0182139575 0.0117286601 0.0076352328 0.0073473191 0.0149231841 0.0289673915 0.0199221838 0.0273627119 0.0172194316 0.0168769326 0.0132815306 0.0242469444 0.0130116868 0.0193202897 0.0129179422 0.0159961087 0.013186563 0.006392728 0.0187962795 0.0107499964 0.0073439909 0.0212291815 0.0063931447 0.0195096326 0.0325273663 0.0106018363 0.0193975863 0.0137530337 0.0147224013 0.0189681411 0.0211644143 0.0139608122 0.0129825108 0.0146046041 0.0234537203 0.0226965569 0.0168115222 0.0086343205 0.0116391576 0.0079575931 
31 0.0148249291 0.0112904416 0.0104130288 0.0269251055 0.0123156042 0.0120178021 0.0160516845 0.0169249844 0.0084831618 0.0081506646 0.0192147138 0.0204905968 0.0137711595 0.0109787166 0.0226299984 0.0087777086 0.0087483934 0.0184151461 0.0165460386 0.0102946715 0.0234155211 0.0182728232 0.0086328496 0.0155623525 0.0205495519 0.01578213 0.0230713864 0.0094826764 0.018238122 0.0199221838 0.0193665627 0.0143350111 0.0210789273 0.0199254969 0.0124365969 0.019655846 0.02246251 0.0207422663 0.0099460624 0.0170250176 0.0144173197 0.0192694283 0.0142984653 0.0262243054 0.0083905981 0.0066333949 0.0166985874 0.0201322752 0.0119701888 0.0121536339 0.0160636726 0.010352527 0.022482465 0.0101209425 0.0142006886 0.0167129245 0.0140306613 0.018134644 0.0119648026 0.0090444365 0.0133780087 0.0245660103 0.0184664303 0.0131251453 
32 0.0237852246 0.0127945013 0.0192661169 0.0115060086 0.0194444567 0.0161457753 0.0147356719 0.0066134089 0.0158919672 0.0097822562 0.011195203 0.0195370948 0.0175991135 0.0175249463 0.0230350434 0.0137562578 0.0215503043 0.0132164279 0.0121875949 0.0045110322 0.0081117262 0.0112464267 0.0112511987 0.0174730963 0.0224865763 0.0108111054 0.0196026092 0.008268215 0.026260622 0.0273627119 0.0143350111 0.0386216007 0.0288018358 0.0146311261 0.012895031 0.0142214508 0.0073316436 0.0090009794 0.0159820764 0.0140640736 0.0107909918 0.0170479432 0.0092447447 0.0204010279 0.0230172356 0.0249589938 0.0132911405 0.014144424 0.0129660559 0.0153115406 0.0314003654 0.0266223613 0.0106071429 0.0041732915 0.0140189545 0.0186748788 0.0175531604 0.0092493865 0.0208634812 0.0203521905 0.0113423109 0.0080516349 0.0025948572 0.0064843638 
33 0.0128778625 0.021920006 0.0185568383 0.016010577 0.0098922973 0.0142994075 0.0087087691 0.0077019916 0.0094873161 0.0191144096 0.0189461502 0.0164203036 0.0109542072 0.0273862924 0.0015308463 0.0189784745 0.0138444594 0.0200094235 0.0334444272 0.0138887132 0.0240246458 0.0128393122 0.0118229982 0.0237039288 0.0145034171 0.010447279 0.0321851097 0.0168282661 0.0112927764 0.0172194316 0.0210789273 0.0288018358 0.0050655851 0.0123005425 0.0186857562 0.0223287838 0.0124604201 0.024560629 0.0089052034 0.0250100489 0.010818548 0.0168695131 0.0084751168 0.017305582 0.0115135985 0.0118104732 0.0165905877 0.0096078652 0.0075597524 0.0187132022 0.0101085869 0.012607009 0.0127830341 0.0144016331 0.0253753544 0.0166953571 0.0086361199 0.009296979 0.0249264505 0.0195896173 0.0100686373 0.0066783148 0.0194301163 0.012100882 
34 0.0076459187 0.0169643719 0.0098208775 0.0077354128 0.013885831 0.0055528618 0.0098321677 0.0156370762 0.0114874465 0.0224859676 0.0141622786 0.0146507605 0.0149844541 0.0154077406 0.0118220982 0.0169832583 0.0189182615 0.0091911591 0.0086032054 0.0102699583 0.0132190093 0.0094291911 0.004171587 0.0136617557 0.0061277229 0.0151891407 0.0229219686 0.0214011409 0.0101000867 0.0168769326 0.0199254969 0.0146311261 0.0123005425 0.0380666487 0.0222792463 0.0299659019 0.0285489824 0.0252126843 0.0132692251 0.017003218 0.0118099248 0.0116987364 0.0263971574 0.0158884262 0.0124062263 0.0135787403 0.0165996373 0.0152843487 0.0109072096 0.0066919102 0.0219876762 0.0180940819 0.0237367548 0.0103437748 0.0197708427 0.0101659267 0.0227004904 0.0189449603 0.0190009884 0.0112476873 0.0195683788 0.0216656194 0.0233439797 0.0078238077 
35 0.0247733588 0.0204759558 0.0243332742 0.0135184793 0.0245618982 0.0240987192 0.0184157548 0.0092694251 0.0106508941 0.014287309 0.0123249121 0.0084261589 0.0147233213 0.0119020416 0.0101374752 0.0116022774 0.0082260021 0.024765077 0.0235086148 0.0187672737 0.0163577924 0.0060809823 0.0133780219 0.0124849446 0.0208448459 0.0169865477 0.0099139922 0.022639511 0.0157835208 0.0132815306 0.0124365969 0.012895031 0.0186857562 0.0222792463 0.0368349236 0.0137178221 0.0156848787 0.0191838475 0.0073609243 0.0234042517 0.0109310895 0.0086793535 0.0104623819 0.0050123756 0.0202512016 0.0141735103 0.0203045623 0.0139812226 0.0233219688 0.0110097065 0.0124270808 0.0171820135 0.0196092715 0.0151175649 0.0140341195 0.0183470332 0.0152034491 0.0088104749 0.010864142 0.0131721853 0.0118148805 0.0169460587 0.0068609495 0.0224802135 
36 0.0179481737 0.0142572105 0.0124309418 0.0108257514 0.0081106363 0.0114724645 0.0158638306 0.0059096839 0.0152189703 0.014398458 0.0305213727 0.0065878652 0.0110047904 0.0021112618 0.0108478003 0.0185165255 0.0093092416 0.0110834002 0.0113102675 0.0215889557 0.0191495392 0.025484518 0.0127407401 0.0202692154 0.0111467763 0.0238227299 0.0222380082 0.0065946769 0.0170131238 0.0242469444 0.019655846 0.0142214508 0.0223287838 0.0299659019 0.0137178221 0.0124044371 0.0187060557 0.0143899162 0.0165046675 0.0126545365 0.0107530075 0.0114744199 0.0087465447 0.0246551155 0.0275389942 0.0148352638 0.0145167755 0.0180994997 0.0215643456 0.0095846933 0.017149287 0.019410873 0.0155327816 0.0155584709 0.0163787671 0.0162008023 0.0143339854 0.0096305436 0.0181758536 0.02025893 0.0175893547 0.013153433 0.0121020001 0.0161829661 
37 0.0210592785 0.0187500123 0.0214502477 0.0078599564 0.0193733788 0.0141210162 0.0112736148 0.0195028098 0.0111783192 0.0039038823 0.0064392878 0.0145983273 0.0271627279 0.0112253261 0.0157397534 0.0203750317 0.0219716453 0.0142852168 0.0121909014 0.0186882685 0.0115135114 0.0050250314 0.0249719878 0.0195048115 0.0080215768 0.016108625 0.018917784 0.0242231523 0.02459252 0.0130116868 0.02246251 0.0073316436 0.0124604201 0.0285489824 0.0156848787 0.0187060557 0.023672707 0.0261196442 0.0112247603 0.0103508521 0.0120195516 0.0120945832 0.0133431834 0.0142223188 0.0186138907 0.0124809403 0.0136800456 0.0222190155 0.02323738 0.0063808042 0.0087748067 0.012501733 0.0160320013 0.0167960292 0.0113015984 0.0136626701 0.0104059687 0.0197771529 0.0156985389 0.008266422 0.0268473649 0.0098176117 0.0139836356 0.0142406098 
38 0.0083227723 0.0245435991 0.0229333989 0.0192918696 0.0046265103 0.0107616166 0.0175430709 0.0112623381 0.0131810275 0.0158404546 0.0171412444 0.0157405765 0.0116070947 0.0134422117 0.0128692839 0.0147298954 0.0249185884 0.0130651955 0.0153860705 0.0033348461 0.019193882 0.0163541157 0.0084037161 0.0162265932 0.0211190745 0.0141381074 0.0168518142 0.0068996482 0.0201662598 0.0193202897 0.0207422663 0.0090009794 0.024560629 0.0252126843 0.0191838475 0.0143899162 0.0261196442 0.0047348301 0.0146865545 0.0145810354 0.0214604563 0.020906289 0.0317059074 0.0117154118 0.0080053697 0.0314433067 0.0130867188 0.0167125447 0.0102368681 0.0120959367 0.0181401766 0.0011972484 0.0053669589 0.0085968218 0.0190919208 0.0147079077 0.01932992 0.0133980318 0.0021542036 0.0263370145 0.0190498057 0.0154123821 0.0068518052 0.0305694414 
39 0.011563892 0.0063694104 0.0115760873 0.0217801704 0.0089174019 0.0111560667 0.0291406987 0.0150375158 0.0206476754 0.0133637641 0.0135547316 0.0166701689 0.0121207101 0.0149685585 0.0136496685 0.0140093926 0.0168009301 0.0187940123 0.0046823863 0.0213164503 0.0165501293 0.0223569542 0.0307704832 0.0156800474 0.0219894032 0.0160168858 0.0175788134 0.0172783493 0.0217543795 0.0129179422 0.0099460624 0.0159820764 0.0089052034 0.0132692251 0.0073609243 0.0165046675 0.0112247603 0.0146865545 0.0164494352 0.0148493091 0.0140457376 0.0160339121 0.0166375714 0.0083125768 0.0251576536 0.0221295415 0.0142561694 0.0088641808 0.0144388463 0.0246960744 0.0169052965 0.0159319225 0.0241814445 0.0171831474 0.0164563885 0.0186724647 0.0132353142 0.0101356546 0.0160492166 0.0143839368 0.0088312153 0.0195554449 0.010589026 0.0151259664 
40 0.027812773 0.0183387348 0.0116896603 0.0142164991 0.0214050534 0.0193730304 0.0212462493 0.0168606112 0.0089260239 0.0104702946 0.0141977078 0.0247930945 0.0144156332 0.0154999947 0.0041865294 0.0138980602 0.0084404035 0.0222250585 0.0205694394 0.0152094547 0.0080174271 0.0148350129 0.0193579324 0.0166944423 0.0125629535 0.010072901 0.0138720824 0.0046650743 0.0112916615 0.0159961087 0.0170250176 0.0140640736 0.0250100489 0.017003218 0.0234042517 0.0126545365 0.0103508521 0.0145810354 0.0148493091 0.0135239033 0.0208141204 0.0126874635 0.0123927926 0.0255822877 0.01138324 0.0201574371 0.0132261489 0.0066441076 0.0084951219 0.014036048 0.0190406726 0.0241663549 0.0154101918 0.0105407135 0.008179945 0.0131736964 0.0130397123 0.0214503707 0.0242606251 0.028210782 0.0161362697 0.02045426 0.0136346875 0.0132768028 
41 0.0171303514 0.0127911289 0.0118510709 0.0168073934 0.0030701133 0.0180212832 0.0139263525 0.0097909765 0.010177345 0.0113778249 0.0088576613 0.0191720002 0.0107022774 0.0079005147 0.00922289 0.0110286908 0.0218744192 0.0253936036 0.0211204727 0.0169576176 0.0141166961 0.0215794034 0.0211448176 0.0257957203 0.0284605115 0.008765602 0.031622686 0.023774293 0.0120352135 0.013186563 0.0144173197 0.0107909918 0.010818548 0.0118099248 0.0109310895 0.0107530075 0.0120195516 0.0214604563 0.0140457376 0.0208141204 0.0128436062 0.0094404842 0.0213006236 0.0189712208 0.0268173702 0.0068218192 0.0054276012 0.0319353982 0.0163647839 0.0220492966 0.0181204007 0.0308632542 0.0153730719 0.0084975181 0.0205277975 0.0205960479 0.0191896877 0.0057486937 0.0111977196 0.0064347649 0.0116542221 0.0155272908 0.0158150298 0.0129660558 
42 0.0143002991 0.0263096424 0.0138270105 0.0040346519 0.0154251327 0.0012295335 0.0042933791 0.006889501 0.0149917504 0.0249760985 0.0131294497 0.0084614084 0.0169733873 0.0146691365 0.012183595 0.0098059881 0.0169501439 0.0091655278 0.0202800344 0.0073902289 0.0190704993 0.0239942836 0.0185207652 0.0104766504 0.009406461 0.010226831 0.0079255781 0.0135655366 0.0140722417 0.006392728 0.0192694283 0.0170479432 0.0168695131 0.0116987364 0.0086793535 0.0114744199 0.0120945832 0.020906289 0.0160339121 0.0126874635 0.0094404842 0.0102674113 0.0253511944 0.0225979607 0.0105956829 0.0181548576 0.0130536293 0.0205172901 0.0208708435 0.0426237217 0.0157616313 0.0257620524 0.0182517267 0.0124969905 0.0225747396 0.0167739757 0.0213348203 0.0319186992 0.0140953683 0.0153396774 0.0182897135 0.0245742146 0.0060933324 0.0275608664 
43 0.0080298149 0.0107871265 0.0153099947 0.0121359698 0.0089485925 0.0150775092 0.0137544942 0.0135034805 0.0311267734 0.0138900639 0.0052558488 0.026497658 0.0222940385 0.0227256711 0.029951378 0.0138280165 0.0108403661 0.0125617775 0.0095980989 0.0235436207 0.0188175446 0.0105304671 0.0144289065 0.0138887493 0.0106574637 0.0283933123 0.0124932057 0.0168475993 0.0134697847 0.0187962795 0.0142984653 0.0092447447 0.0084751168 0.0263971574 0.0104623819 0.0087465447 0.0133431834 0.0317059074 0.0166375714 0.0123927926 0.0213006236 0.0253511944 0.0108358052 0.0070876649 0.0143957755 0.0206969282 0.0173157049 0.0149068224 0.0180919276 0.0189258485 0.0245135884 0.0146448443 0.0125364332 0.0117880738 0.0171284497 0.0051285493 0.0182943733 0.0187410829 0.0021771014 0.0133412465 0.013411108 0.0270477944 0.014196748 0.0084548397 
44 0.0236369838 0.0077199898 0.0118063283 0.0122651352 0.0274881842 0.019422039 0.0081031048 0.0169867375 0.0204673775 0.0111521956 0.0155489283 0.008749513 0.0051795747 0.0136196588 0.0145121986 0.0142576567 0.0206637255 0.0155832142 0.0215380006 0.0159823389 0.0084013453 0.0253059173 0.0232759248 0.0147998037 0.017296393 0.0112034603 0.0122088285 0.0128534951 0.0109781207 0.0107499964 0.0262243054 0.0204010279 0.017305582 0.0158884262 0.0050123756 0.0246551155 0.0142223188 0.0117154118 0.0083125768 0.0255822877 0.0189712208 0.0225979607 0.0070876649 0.0202876787 0.0113409637 0.0102496777 0.0141175036 0.0231829779 0.0151994947 0.0106775447 0.0234426759 0.0204601314 0.0297000964 0.0256744734 0.0137784679 0.0084131659 0.0137550938 0.0079223939 0.0105046496 0.0087893769 0.0168664686 0.0089012095 0.0074510042 0.0295525077 
45 0.0089299553 0.0065060103 0.0260544015 0.0255010358 0.0118352841 0.0048962722 0.0088333109 0.0172273432 0.0190020391 0.0074971708 0.0139227773 0.0103301939 0.0048953099 0.0201188637 0.0186151822 0.0167776126 0.0170799304 0.0160080912 0.0163365423 0.030659642 0.0292287688 0.0129265064 0.0082651143 0.0068456017 0.0246755682 0.0135488946 0.015569533 0.0132729712 0.0202673313 0.0073439909 0.0083905981 0.0230172356 0.0115135985 0.0124062263 0.0202512016 0.0275389942 0.0186138907 0.0080053697 0.0251576536 0.01138324 0.0268173702 0.0105956829 0.0143957755 0.0113409637 0.0280113131 0.018082743 0.0067387144 0.0068888203 0.0178118316 0.0222121846 0.0054167923 0.0192103001 0.0195350305 0.0168523598 0.0159600956 0.0151253647 0.0173121972 0.0161182319 0.0104826341 0.0197250408 0.0128925968 0.0149840052 0.017266752 0.0169739427 
46 0.008402919 0.0142017949 0.0053871537 0.0197139361 0.0113220643 0.0133381071 0.0057221916 0.0151116825 0.0199237601 0.0118307407 0.0311935837 0.0089895006 0.0227051041 0.0165577454 0.0160793332 0.0175282329 0.0059750032 0.0089376107 0.0110574978 0.0173592838 0.0126622168 0.0239986895 0.0173222402 0.0277112118 0.0296679074 0.0094203677 0.0125279073 0.0128194483 0.0027259354 0.0212291815 0.0066333949 0.0249589938 0.0118104732 0.0135787403 0.0141735103 0.0148352638 0.0124809403 0.0314433067 0.0221295415 0.0201574371 0.0068218192 0.0181548576 0.0206969282 0.0102496777 0.018082743 0.0345447871 0.0161032639 0.0175039264 0.0151457197 0.0177672707 0.0136784022 0.0144117601 0.0236274994 0.0213546468 0.0220354685 0.003686576 0.0210829528 0.0067474215 0.0100703537 0.0124038507 0.0071796345 0.0190619896 0.0179290221 0.0080354754 
47 0.0219326904 0.0112592645 0.0084436971 0.0072134924 0.0231777461 0.0080210746 0.0148293452 0.0239244078 0.010576922 0.0199893509 0.0191885665 0.0192670386 0.0096514287 0.0103001921 0.0126264214 0.0174822021 0.0108643806 0.0055554901 0.0252941488 0.0158127614 0.021095697 0.0221726142 0.0160380683 0.0170188887 0.0201073134 0.0308164823 0.0205330841 0.0107149975 0.0146794486 0.0063931447 0.0166985874 0.0132911405 0.0165905877 0.0165996373 0.0203045623 0.0145167755 0.0136800456 0.0130867188 0.0142561694 0.0132261489 0.0054276012 0.0130536293 0.0173157049 0.0141175036 0.0067387144 0.0161032639 0.0141465117 0.0223721482 0.0235449572 0.0130095556 0.0171005195 0.0161723746 0.0201091479 0.0263972293 0.0185016238 0.0142331082 0.0092394307 0.0150368076 0.013345476 0.0159258288 0.0125315869 0.0141029937 0.0210693531 0.0131741965 
48 0.0184855449 0.0191120117 0.0100420802 0.0117517889 0.0146039026 0.0264344337 0.0203865762 0.0155891154 0.0142210058 0.0093749889 0.0123670472 0.0226287846 0.0153532742 0.0158774799 0.01999507 0.0143176744 0.022379084 0.0223049743 0.0105515337 0.0255745396 0.0132533316 0.0084809909 0.0105056132 0.0100660283 0.0225919466 0.0085020397 0.0127033315 0.0106591443 0.0175581882 0.0195096326 0.0201322752 0.014144424 0.0096078652 0.0152843487 0.0139812226 0.0180994997 0.0222190155 0.0167125447 0.0088641808 0.0066441076 0.0319353982 0.0205172901 0.0149068224 0.0231829779 0.0068888203 0.0175039264 0.0223721482 0.0059205025 0.010928352 0.0122543037 0.0290160172 0.0040537875 0.0104690576 0.0085133882 0.0182917065 0.0114275776 0.0051385958 0.0245077263 0.0154045764 0.0196295318 0.0289486883 0.0127304237 0.0085901675 0.0159975728 
