128
1 0.0 0.0100866423 0.0073707204 0.0129565214 0.0089050572 0.0138402814 0.0062368219 0.0142105488 0.0047935498 0.0059299243 0.004541874 0.0062542149 0.010655723 0.006682445 0.0109069462 0.0109610608 0.0047770775 0.009506884 0.0059956393 0.0054547079 0.0115868859 0.0079062658 0.0052169611 0.0087827215 0.0126604032 0.0137142346 0.0071400254 0.0079600163 0.0063768147 0.0067745239 0.0126568942 0.0035759838 0.0058469622 0.0080131896 0.0102923512 0.0094777802 0.0093829343 0.0073329453 0.0077545305 0.0166196297 0.0096866897 0.0042075643 0.008438486 0.0048141928 0.0055534786 0.0072426368 0.0092783836 0.0060827081 0.0030835672 0.0054623916 0.0064004454 0.0074468108 0.0065250497 0.0046686466 0.0104514713 0.0083850934 0.0105047045 0.010170558 0.0104542613 0.0131773418 0.010920899 0.0089578634 0.0097620535 0.00595542 0.0116900253 0.0080158842 0.0085280753 0.0077202804 0.0062294268 0.0070613741 0.0040900215 0.0042502746 0.0073847483 0.0077463944 0.0016701864 0.0031231071 0.0088300799 0.0094398529 0.0069592993 0.0096834216 0.0087448307 0.008121505 0.0113153802 0.008580686 0.0079304989 0.0011146196 0.0055092295 0.008647797 0.008664682 0.0089035526 0.005906187 0.0063635158 0.0100756012 0.009023758 0.0079410894 0.0052811806 0.0030652437 0.005588356 0.0053544603 0.0103241494 0.0088779977 0.0055198935 0.0091577359 0.0072770308 0.0089445562 0.0049570119 0.009339274 0.0067575181 0.0103983805 0.0090040406 0.0094815734 0.0070939171 0.0032268 0.0067161361 0.0082481023 0.0080712836 0.0067522474 0.0035194862 0.0073193125 0.0098454482 0.0088947602 0.0108236119 0.0079640241 0.0088814905 0.006138065 0.0036824373 0.0063286444 0.0111310343 
2 0.0100866423 0.0137436063 0.0041395627 0.0047191947 0.0084187806 0.0033412753 0.0097586072 0.007275031 0.0153854812 0.0084847241 0.0078805156 0.0068177672 0.0100021714 0.0058661603 0.0071387125 0.0057918076 0.0059182098 0.0072101479 0.0054576805 0.0039685693 0.0087216486 0.0033117612 0.0073511699 0.0077958771 0.0050792582 0.0088335136 0.0039741091 0.0091335086 0.0058119591 0.0091446131 0.0139722614 0.0052372996 0.0098690615 0.0061006475 0.0045249239 0.0111225636 0.004438995 0.0071762805 0.0080032453 0.0065963276 0.0121253321 0.0090903187 0.0050056076 0.016169502 0.0057833362 0.0060741358 0.0056789581 0.0060851277 0.0127655131 0.008618643 0.0080466311 0.0024281826 0.0083854327 0.0081851988 0.0031032888 0.0080688605 0.0061294625 0.0054126697 0.0088639769 0.0092952353 0.0045325463 0.0103708163 0.0051331407 0.0156630485 0.0084879421 0.0045521417 0.004827552 0.0071918698 0.0070835504 0.0067150166 0.0100264379 0.0082188759 0.0132850062 0.0106919976 0.0123999688 0.0083169977 0.008503201 0.007692769 0.0048860496 0.0077836436 0.0057844004 0.0093475335 0.0098677802 0.0068766902 0.0029415114 0.0069008062 0.0075860251 0.0109403019 0.0039195321 0.0038742708 0.010786994 0.0115917474 0.0092653618 0.0076160664 0.00281068 0.0097389081 0.0124043454 0.0033174709 0.0044420562 0.0099507779 0.011644924 0.0122257963 0.0114941492 0.0118923411 0.0060355322 0.0077622126 0.0065456989 0.0111522269 0.0068007423 0.0039650116 0.0036287357 0.0067192871 0.0101450137 0.0106519639 0.0100662067 0.0039745951 0.009209122 0.0083513857 0.0077166973 0.0087441958 0.0048976411 0.0074397298 0.0064984564 0.0089307614 0.0091026979 0.0064874535 0.0115367785 0.0071357265 
3 0.0073707204 0.0041395627 0.002933278 0.0044102569 0.0029897632 0.005731973 0.0036566101 0.0108436498 0.0074654384 0.0063843729 0.0059005756 0.0090115237 0.0091583644 0.0082886917 0.0112413493 0.0113128355 0.0073135344 0.0071238383 0.0125668224 0.0077511361 0.0101014004 0.0079720461 0.0109947226 0.0085380127 0.005722224 0.009593841 0.0033052977 0.013743552 0.0074467034 0.011780838 0.0032683154 0.0080809297 0.0063917018 0.0098452704 0.0045822126 0.0106457018 0.0087927618 0.0120311873 0.0148586458 0.0126063277 0.0106026597 0.0068116397 0.0116075241 0.0092296682 0.0104391131 0.0032708202 0.0063609078 0.0059475993 0.011148614 0.0111432873 0.0027568128 0.0050756898 0.0075570457 0.0080436029 0.009387917 0.0090390263 0.0117514081 0.0071682014 0.0095347022 0.0070710704 0.0065836151 0.0045329585 0.0069909665 0.0058931423 0.0108266903 0.0121874757 0.0086626008 0.0063039691 0.0054746549 0.0084446708 0.0050128573 0.0023634807 0.0099608688 0.006476372 0.0047796202 0.0105404683 0.0063500789 0.006048631 0.0081739141 0.0086203832 0.0044865041 0.006632178 0.0104477037 0.0154508147 0.0067181402 0.0061944351 0.0079289115 0.0089575551 0.0065624282 0.0063135956 0.008202225 0.0080216428 0.0061514459 0.0048830681 0.0081848077 0.0097421056 0.0059642201 0.0077737345 0.0045595053 0.0050945859 0.0055494332 0.0090002823 0.0066962675 0.0094283459 0.0110902088 0.0096503888 0.0046881996 0.0078646173 0.0089681616 0.0119956577 0.0035758586 0.0075205027 0.0111424059 0.0063758664 0.0057196367 0.0087978596 0.0037983097 0.0118411438 0.0086843571 0.006676641 0.0045976032 0.0105778641 0.0060095599 0.005399839 0.0062169513 0.0048037167 0.0100771854 0.0109128119 
4 0.0129565214 0.0047191947 0.0044102569 0.0070431432 0.0078732722 0.0080270889 0.0059957955 0.003864911 0.0129362507 0.0083970159 0.0089804952 0.0100912387 0.0039834312 0.0059064987 0.0019149408 0.0123103518 0.0092327014 0.0090977976 0.007000562 0.0096474728 0.0081328303 0.0115581468 0.0054466812 0.0052485687 0.0078151918 0.0109716104 0.0076807233 0.0056005084 0.0084710605 0.0055317876 0.0028474357 0.0070082173 0.0085025946 0.0045810646 0.0130550917 0.0094961866 0.0147524059 0.0059356162 0.0067707614 0.00471307 0.0042679764 0.0092128386 0.0070566963 0.0056161445 0.0074404965 0.0038712229 0.0075320788 0.0036187916 0.009175752 0.0064788447 0.003700933 0.006398902 0.0062376474 0.0074039391 0.0087070078 0.0141191848 0.0141252958 0.0073965324 0.0010815874 0.0097094845 0.0064628497 0.0084317424 0.0078605875 0.0061669308 0.0137047632 0.0091091923 0.0040553081 0.012419879 0.0097799301 0.0125188269 0.0082755351 0.0062917999 0.0078293177 0.005487074 0.0062477815 0.0081132596 0.0015211448 0.0107739742 0.0061188241 0.0084977062 0.0064500697 0.005259107 0.0059509355 0.0119532318 0.0053161331 0.0143125017 0.0051538259 0.0038740043 0.0086130857 0.0064495445 0.0085618421 0.0103078804 0.0105057989 0.0090741155 0.0085866423 0.0052136196 0.0094510326 0.0083799954 0.0100592157 0.0131283199 0.015260153 0.0074079529 0.0072820001 0.0088787068 0.0031589719 0.0081036928 0.0090494162 0.0109653171 0.0017449098 0.0093875073 0.0073410578 0.0086884656 0.0094454002 0.0122123747 0.0036469658 0.0088636265 0.0142927466 0.0060991027 0.0084838339 0.0050300225 0.0054640445 0.0033706973 0.0113456402 0.0109012647 0.0083078032 0.0073769089 0.0030471978 0.0069170403 
5 0.0089050572 0.0084187806 0.0029897632 0.0078732722 0.0059666449 0.010612097 0.014229975 0.0082238006 0.0089530319 0.0113346986 0.0076225519 0.0094407294 0.0084276448 0.0110762565 0.0079698206 0.0100993258 0.0059131736 0.0096514989 0.0147059123 0.0077527488 0.0080310284 0.0121767622 0.0035136019 0.0070301417 0.0109357746 0.0054764178 0.007067966 0.0051068695 0.006033077 0.0049720637 0.0048982119 0.0059606903 0.0083324708 0.0048419724 0.0065798594 0.0095103308 0.0055009508 0.0027531769 0.0081294707 0.007637132 0.0074920113 0.0070479797 0.0082588598 0.0020261065 0.0065003479 0.0085043359 0.0059785557 0.0105038944 0.0077301474 0.0056208264 0.0103415753 0.0116018103 0.0057399619 0.0099415475 0.0103186585 0.0054390587 0.0096519478 0.0068595237 0.0074409955 0.0050514649 0.0073633733 0.0108157668 0.0051213406 0.0082420532 0.007033034 0.0032174002 0.0025426441 0.0108033456 0.0105130059 0.0054160391 0.0102400333 0.0080819823 0.0035571323 0.005579233 0.0033873283 0.009460873 0.0102208543 0.0090414831 0.0017428848 0.0066244837 0.0053108973 0.0086804967 0.0065896851 0.0074192311 0.0125594103 0.0079392228 0.00977534 0.0050459388 0.0047894304 0.0100608364 0.0062654011 0.0098163213 0.0047044702 0.0146364651 0.0052844748 0.0081738644 0.0096154566 0.0066082857 0.0024871412 0.0060907662 0.0105883313 0.0092779785 0.0066235309 0.0111982601 0.004754885 0.0039374073 0.0051451712 0.0056438716 0.0150729042 0.0113278288 0.0046848498 0.0053262194 0.007826688 0.0093148595 0.0088893547 0.0141783195 0.007919066 0.0040332257 0.0102115353 0.0087007874 0.0075819737 0.0070424979 0.0092531635 0.0186359385 0.0074092844 0.015133933 0.0081491 0.0045772467 
6 0.0138402814 0.0033412753 0.005731973 0.0080270889 0.010612097 0.0021633294 0.0091517607 0.01042913 0.003773642 0.0114262495 0.0088054981 0.0097497808 0.0065339557 0.0064990448 0.0127780038 0.0052021905 0.0053005267 0.0071357994 0.01166412 0.0073341686 0.0077595485 0.0086061202 0.0057277786 0.0035066545 0.0082505928 0.0063973699 0.0062494146 0.0071382235 0.0104727319 0.0050861942 0.013891561 0.0055577238 0.0072153837 0.0092497716 0.0044915933 0.0068153869 0.0067480289 0.0057027644 0.0083430503 0.0043460149 0.0075845848 0.00818947 0.0064593711 0.0072666605 0.0082365397 0.0119331182 0.0093242597 0.0083760084 0.0061283979 0.0105615925 0.0094116137 0.0088759553 0.0070887859 0.0082298084 0.0106212282 0.0092503068 0.0082268661 0.0105799603 0.0091455436 0.0036151501 0.0100402725 0.0064308499 0.0047759435 0.0072067373 0.0110565471 0.0046964391 0.0083700011 0.0084615488 0.006435772 0.0068245574 0.005892569 0.0034509503 0.0136043604 0.0097123578 0.0080098918 0.0056141826 0.0121444812 0.0067887514 0.0151000966 0.0053604052 0.0101087217 0.00441468 0.0067641659 0.0065174049 0.0097799168 0.0082823494 0.0107990408 0.0102948668 0.0075607189 0.0091534386 0.0080247558 0.0073936765 0.0071689841 0.0132997823 0.0073017083 0.010400778 0.0062572048 0.0042008856 0.0049694552 0.0080444395 0.0088017911 0.0060283449 0.0088177976 0.0073304856 0.0065465466 0.0087924982 0.010232604 0.001127166 0.0041910898 0.0046991301 0.0055782479 0.0022589217 0.0072822104 0.0134405009 0.0122187634 0.0020044243 0.0130556053 0.0109843737 0.0109207909 0.0127064822 0.0084908856 0.0062160467 0.0091243974 0.0039865903 0.0053798341 0.0074890926 0.0028696156 0.0085510297 
7 0.0062368219 0.0097586072 0.0036566101 0.0059957955 0.014229975 0.0091517607 0.0 0.0052247661 0.0048464491 0.0049781739 0.0129419838 0.0105293829 0.010826911 0.011223301 0.0055949077 0.006796532 0.0191723957 0.0116945409 0.0052336142 0.0040732652 0.0089721555 0.0129406896 0.0096918182 0.0053146405 0.0074482242 0.0114429645 0.0061299999 0.0045708643 0.008680905 0.0167294936 0.0103290785 0.0093486022 0.0077645556 0.0095063494 0.00930018 0.0069755385 0.0069823249 0.0090727028 0.0038382412 0.0058030392 0.0065443774 0.0067798853 0.0072010867 0.0049944473 0.0105265168 0.010657011 0.0098306802 0.0113276488 0.0049748196 0.0044337148 0.0069012014 0.0041414092 0.0045410098 0.0066562793 0.0097728016 0.0069630044 0.0073502157 0.0120129903 0.0091221836 0.0043223586 0.0067136031 0.0105161452 0.0110107585 0.009724255 0.0043899602 0.0143509242 0.0037158086 0.0074467177 0.0017291434 0.0082236341 0.0085026818 0.0077007474 0.010186221 0.0047281854 0.0068021491 0.0058151856 0.0124378367 0.0090963757 0.0101261235 0.0084897639 0.0104375176 0.0059810785 0.0053965228 0.0039892358 0.004150797 0.00455346 0.0075647854 0.0105838067 0.0092347238 0.0047858804 0.0108127221 0.0040585868 0.0096927292 0.0048456659 0.0032408507 0.0081335833 0.009529424 0.0057364025 0.0049718641 0.0056081398 0.0061991517 0.0079724514 0.0073751018 0.0072953571 0.0117845058 0.0063924116 0.0109012997 0.0121204002 0.0081562287 0.00541037 0.0097736061 0.0155160957 0.005254186 0.0038601937 0.0035481615 0.0107245973 0.0056248562 0.0098787159 0.0052760836 0.0070371528 0.0088827186 0.0089874169 0.0089309665 0.0067018393 0.0044349667 0.010468686 0.0051621936 0.0092544857 
8 0.0142105488 0.007275031 0.0108436498 0.003864911 0.0082238006 0.01042913 0.0052247661 0.0119677532 0.0070179092 0.0027091568 0.0058026771 0.0085896498 0.0116288855 0.0131125315 0.0040092479 0.0072556281 0.0061787357 0.00787362 0.0043272077 0.0020704489 0.0119043144 0.008479071 0.0043544334 0.0064291096 0.0056094448 0.0039161033 0.0057763745 0.0065778771 0.0068630286 0.0130351946 0.0051814569 0.0073993425 0.0091981426 0.0077780152 0.0076071168 0.0108088653 0.0101616457 0.0096893686 0.0091166196 0.0099692845 0.0098389839 0.0084799782 0.0097320743 0.0108039068 0.0068491044 0.0086968088 0.0033952128 0.0081979995 0.007215974 0.0087317442 0.0084653376 0.0134246688 0.0096668915 0.0005308349 0.0076416558 0.0123417923 0.0081879137 0.0069081227 0.008453396 0.0109917773 0.0040508309 0.0084086346 0.0039305461 0.0048186055 0.0047462371 0.0100926453 0.0059490598 0.0067369655 0.011212495 0.007569258 0.0083481654 0.0085277026 0.0049636846 0.004662218 0.0075369163 0.005082303 0.0075663334 0.0071244008 0.0128115166 0.0032052134 0.0096600257 0.0089640359 0.0141858416 0.0108437792 0.0037175724 0.0070668755 0.0066754736 0.0092862099 0.01246933 0.0056782192 0.005242652 0.0066519063 0.0126894146 0.0018321513 0.0079319585 0.0080258537 0.0126865615 0.0101236838 0.0085641536 0.0026580684 0.0083087854 0.002993403 0.0094651297 0.004710767 0.0055643133 0.0042094671 0.0102819118 0.014460545 0.0052732378 0.0084612405 0.0093286181 0.0070392839 0.0073975603 0.0072659699 0.0074876283 0.0029655012 0.0082005497 0.0081468301 0.0039901438 0.0096243555 0.0112905147 0.0048129179 0.0060457857 0.0089961705 0.0113290166 0.0110185719 0.0065006067 0.0115094006 
9 0.0047935498 0.0153854812 0.0074654384 0.0129362507 0.0089530319 0.003773642 0.0048464491 0.0070179092 0.0026400183 0.0058837465 0.0070884263 0.009360645 0.0071100434 0.0024000121 0.0069650756 0.0081008182 0.0063767602 0.0127702672 0.0152545366 0.0098138028 0.0093244516 0.0089418058 0.0117784005 0.0118397927 0.0054726382 0.0067332159 0.0093772571 0.0092363692 0.0062688463 0.0124433604 0.0066725654 0.0072755094 0.0069763092 0.0056971548 0.004332012 0.0065425037 0.0054844363 0.0081716386 0.0092782486 0.0118590077 0.0049143586 0.0094558697 0.0091820588 0.008218547 0.006475575 0.0041060278 0.0101201695 0.0110259375 0.0094053931 0.0107503956 0.0029133934 0.0036779978 0.0145124245 0.006085262 0.0034595135 0.0057769009 0.0029357393 0.0063148366 0.0032647066 0.0098749994 0.009237873 0.003113704 0.010827871 0.0067298276 0.0089685752 0.0090298258 0.006686069 0.0102472137 0.0147905651 0.0118483004 0.0079572728 0.0047988617 0.0089168752 0.0050233067 0.0051481785 0.0112780688 0.0098096636 0.0123263093 0.0048533615 0.0147775033 0.0077317188 0.006914646 0.010351949 0.0041508738 0.0075926951 0.0049355806 0.0125585054 0.0078432843 0.0049573381 0.0068058476 0.0116131767 0.0108581111 0.0032030574 0.010064678 0.0091378703 0.0053692976 0.0058400369 0.0098451333 0.0085932458 0.0085650517 0.0074242626 0.0077231209 0.0039917371 0.0096538731 0.0080260127 0.0072784878 0.0084260189 0.0105456889 0.0051489043 0.0052883878 0.0065430739 0.0072307495 0.005286166 0.0062249063 0.0106250843 0.0068378849 0.0090144518 0.012432265 0.0038152646 0.0055316529 0.0061146881 0.0073066014 0.009165411 0.0049237351 0.0049794089 0.0102907608 0.0056403661 0.0061181773 
10 0.0059299243 0.0084847241 0.0063843729 0.0083970159 0.0113346986 0.0114262495 0.0049781739 0.0027091568 0.0058837465 0.0025700942 0.0045452052 0.0046116725 0.006860376 0.0064970137 0.0052778287 0.0073792898 0.0104121192 0.0053688283 0.0083309733 0.0060961734 0.008865286 0.0091767517 0.008227781 0.0070469848 0.012247482 0.0056132477 0.0096312605 0.0059601722 0.00557136 0.0076011804 0.0064449248 0.0053778467 0.0089078747 0.0079407528 0.0074430299 0.0111514915 0.0069969137 0.0044198977 0.0117943574 0.0083172997 0.0069333795 0.0155103758 0.009257061 0.0088934916 0.0067166404 0.0088450711 0.0039282271 0.0082833657 0.0027954778 0.0074274884 0.0110979593 0.0049854364 0.0047440067 0.0047246283 0.0103334539 0.0062077964 0.0091881597 0.0060832973 0.0068311884 0.0065568091 0.0046766837 0.0066555794 0.0059121248 0.0080638178 0.0142614733 0.0046471663 0.0074212522 0.0058068267 0.0092913745 0.0109605056 0.0110387346 0.0110747618 0.0105464492 0.0086639385 0.0098278003 0.0117818504 0.0048064631 0.0041283869 0.0039126612 0.0097286433 0.0093289397 0.0063458881 0.0067173989 0.0120214424 0.0120475514 0.0090712375 0.015014315 0.0091195497 0.0115605007 0.0037895571 0.0058811478 0.0065781112 0.0102738444 0.0078415525 0.0095927214 0.0074165129 0.0115154031 0.0081385295 0.0051930322 0.0069331979 0.0071576483 0.0057028722 0.0105934161 0.0091922114 0.0089038362 0.0088374785 0.0092822044 0.0063080321 0.0095815209 0.0039657065 0.004247431 0.0050311481 0.0059498433 0.0131823477 0.0018056917 0.0090306899 0.0120496316 0.0088041443 0.0089253984 0.0063222534 0.0094508918 0.0053253744 0.0068592531 0.0113777417 0.0106839203 0.0043301457 0.0110742767 0.0068811178 
11 0.004541874 0.0078805156 0.0059005756 0.0089804952 0.0076225519 0.0088054981 0.0129419838 0.0058026771 0.0070884263 0.0045452052 0.0030971227 0.0071919897 0.0121940678 0.0045857881 0.0110533078 0.0075391715 0.0045650211 0.0112780352 0.0083589376 0.0055265943 0.0132980492 0.0053243822 0.0059296463 0.0093343439 0.0131344768 0.0024298839 0.004843778 0.0092891564 0.010550882 0.0059611223 0.0065183669 0.0074696639 0.0060360936 0.0101407602 0.0107922396 0.0053805741 0.0125010728 0.0081402529 0.0097777873 0.0038876553 0.0071930867 0.006213124 0.006422869 0.0074526538 0.0114536419 0.0023964691 0.0129161205 0.0099925055 0.0058963647 0.0046507583 0.007609547 0.014211626 0.0096263834 0.0060556345 0.0034208146 0.0091825593 0.0096281901 0.0055027631 0.0066967632 0.0060812492 0.0066274176 0.0055856742 0.0099602711 0.0044368159 0.0105691468 0.0094724163 0.0092701888 0.0075057306 0.0135941157 0.0065814202 0.0078465185 0.0036576995 0.0067713609 0.0055503174 0.0065022907 0.0073445458 0.0079622551 0.0082669418 0.0078419632 0.0117704467 0.0116238546 0.0033623806 0.0047527717 0.0072764919 0.0032239277 0.0051098479 0.0055836133 0.0073486573 0.0039146415 0.0109934173 0.0081258093 0.0075690891 0.007711144 0.0104311786 0.0053177644 0.0120124102 0.0078049057 0.0075864357 0.0064013354 0.0051977053 0.01104459 0.0085885736 0.0083094658 0.0033999531 0.0063444475 0.0081289855 0.0049034715 0.0070453648 0.0057656763 0.0105072863 0.0111926916 0.0056167486 0.0085183202 0.0049518607 0.0115073787 0.0099040826 0.0133620953 0.0094373947 0.0036897694 0.0181619483 0.0079363829 0.0091603593 0.0096100197 0.0086239412 0.0085810651 0.0089261234 0.010332312 0.0051416237 
12 0.0062542149 0.0068177672 0.0090115237 0.0100912387 0.0094407294 0.0097497808 0.0105293829 0.0085896498 0.009360645 0.0046116725 0.0071919897 0.0060240219 0.0114004363 0.0145947957 0.0080152745 0.0049784353 0.0094311687 0.0063116361 0.009169728 0.0094018788 0.0057615093 0.0110896329 0.0046453163 0.0093821932 0.0044957905 0.0070424059 0.0144004848 0.0096640482 0.0089568735 0.0098036755 0.0076450339 0.0093198452 0.0049353091 0.0107235272 0.005964735 0.0050626465 0.008613615 0.0145085798 0.0070376371 0.0059386631 0.0028249426 0.0030399977 0.0095409846 0.0074413437 0.0069846651 0.0060362106 0.010921247 0.0053949231 0.0091254337 0.0096959976 0.0072894786 0.0087964919 0.0087413384 0.009007465 0.0135962904 0.0116721576 0.0077442816 0.0046555537 0.0107587476 0.0035304387 0.0075832215 0.0102148348 0.0086866562 0.0088691229 0.0044156102 0.0080439506 0.0096254266 0.00438834 0.0042609594 0.0087064587 0.0056000972 0.0068044555 0.0067245413 0.0059841237 0.003860015 0.0078278189 0.0091415914 0.0077219241 0.0046610757 0.0099146949 0.007559915 0.0121114112 0.0069986339 0.0023871386 0.0052634046 0.0078865546 0.0127722168 0.008701109 0.0072267791 0.0081582853 0.0034614535 0.0158118733 0.0047443436 0.0096407992 0.0032542045 0.0110344231 0.0132035704 0.0077173789 0.010410537 0.0086097189 0.0034643392 0.0073424812 0.0057307291 0.0037659021 0.0085122131 0.0054668931 0.0140878696 0.0043396383 0.0075521912 0.0054753959 0.0071184857 0.0041625239 0.0108236108 0.0053614644 0.0046221586 0.0107979915 0.0109458185 0.0066094038 0.0058289185 0.0090439087 0.0051107744 0.0099665261 0.0089356318 0.0057358223 0.0095650715 0.0066809692 0.0067873467 0.0034117702 
13 0.010655723 0.0100021714 0.0091583644 0.0039834312 0.0084276448 0.0065339557 0.010826911 0.0116288855 0.0071100434 0.006860376 0.0121940678 0.0114004363 0.0068791135 0.0082391917 0.0080216907 0.0064924577 0.0059341913 0.00838468 0.0084037789 0.0113324484 0.0064046178 0.0086307817 0.0071267282 0.0079095588 0.00529343 0.0072698443 0.0074764028 0.011169291 0.0077282148 0.0057786909 0.0079105466 0.0155428956 0.0056983313 0.0141665978 0.0060516211 0.0056555757 0.0026997661 0.0099529047 0.0093400165 0.0046285594 0.0144320107 0.0056044908 0.0064215555 0.0078606119 0.013319657 0.0085103507 0.0093170448 0.0079461186 0.0066903041 0.0097391718 0.0088325612 0.0057403204 0.0049622732 0.0052635498 0.0093653115 0.0055170724 0.0069398568 0.0067343088 0.0117272566 0.0078779448 0.0069905859 0.0055559246 0.0082140514 0.0079037671 0.0082970716 0.0063407313 0.0057432877 0.0058971191 0.0053734452 0.0073893509 0.0089228097 0.0130181397 0.0078898882 0.0071432417 0.0109638739 0.0077042168 0.0057359146 0.0073102844 0.0125378827 0.0081347944 0.0076427168 0.0021757345 0.0088874816 0.0103823397 0.0116324856 0.0045858977 0.0038789837 0.0116211482 0.0075760939 0.0107270791 0.0045643636 0.0082936648 0.0027160461 0.0096243117 0.0079839498 0.0100509256 0.0086399012 0.0050746954 0.011451687 0.00253876 0.0026169769 0.0104594598 0.0069888922 0.0068348359 0.0063903827 0.0059714423 0.0050365449 0.0045164639 0.0074792401 0.0068019961 0.0130504654 0.0064015346 0.0077466152 0.0054861498 0.0074552222 0.0101891242 0.0062175562 0.0059898786 0.0075866166 0.0074199066 0.0048330223 0.0047796299 0.0091008428 0.0118142343 0.0059243514 0.0046274358 0.0113274366 0.0081333868 
14 0.006682445 0.0058661603 0.0082886917 0.0059064987 0.0110762565 0.0064990448 0.011223301 0.0131125315 0.0024000121 0.0064970137 0.0045857881 0.0145947957 0.0082391917 0.0146273798 0.0063974314 0.0097566872 0.008955699 0.0087299761 0.0045998832 0.0039416836 0.0117702173 0.008430764 0.0033105971 0.0116254404 0.0069435749 0.0048898697 0.0073401616 0.0076661689 0.0045015053 0.0088573727 0.005815747 0.0095458859 0.0114128695 0.0070181111 0.0058711386 0.0088214243 0.0077405436 0.010834186 0.0056847599 0.0096255205 0.0049034326 0.0158076231 0.0062257978 0.0082181199 0.0096781147 0.002201738 0.0106432421 0.0095539461 0.0116145788 0.007834684 0.0069709655 0.0084952574 0.0046672505 0.0117826751 0.0046575186 0.0102484472 0.0114406572 0.0102586823 0.0066848539 0.0078662526 0.0042749253 0.0120867267 0.0090143861 0.0027252679 0.0086049713 0.0045482651 0.0054931731 0.0103481995 0.0086150145 0.0067395831 0.0076792671 0.0056831137 0.006995074 0.0057363772 0.0034213185 0.0113591919 0.00784287 0.0081945131 0.0075590022 0.0019867588 0.0065604458 0.0053613599 0.0073038099 0.0083381979 0.0091909028 0.0082715457 0.009137519 0.007533837 0.0103826558 0.0078567438 0.0076428782 0.0052991183 0.0057748194 0.006461802 0.0064768031 0.0090245497 0.013834654 0.0043189777 0.0109937596 0.0126198475 0.0022788908 0.006332253 0.007771377 0.0120719026 0.0098430162 0.0049424518 0.0082562602 0.0089212022 0.0099305071 0.0098794547 0.0023153053 0.0048406965 0.0054173744 0.005736756 0.0091253508 0.0107325315 0.0077078728 0.0050403122 0.0076271472 0.0063011231 0.0047149453 0.0063026016 0.0060737722 0.0038056681 0.0103416538 0.0115238577 0.0099076648 0.0115256582 
15 0.0109069462 0.0071387125 0.0112413493 0.0019149408 0.0079698206 0.0127780038 0.0055949077 0.0040092479 0.0069650756 0.0052778287 0.0110533078 0.0080152745 0.0080216907 0.0063974314 0.0115569754 0.0071496767 0.0108195893 0.0060933887 0.0107255784 0.0096211609 0.0033286452 0.0075293385 0.0096582396 0.0105517957 0.0037236151 0.0118505003 0.0046443653 0.0098545981 0.0084461836 0.0058704916 0.0064964534 0.0085569961 0.003336494 0.0066573224 0.0161058294 0.0125176025 0.0079543188 0.0069083682 0.0057062004 0.0023373414 0.0054389111 0.0068090017 0.0045834405 0.0087499193 0.0054623598 0.0084847403 0.0130773576 0.0073879912 0.0044413165 0.0061529677 0.0069790705 0.0097344077 0.0066489187 0.0068767305 0.0055952788 0.0111592867 0.0094222096 0.0064137119 0.0075952582 0.0080457896 0.0093393233 0.016237281 0.0130619395 0.0081147757 0.0033696085 0.0087818777 0.0086640301 0.0111370299 0.0057220384 0.0067400573 0.0054762132 0.0108694277 0.0091306885 0.0052254521 0.013540338 0.0056532808 0.0053948595 0.0052099115 0.0086840422 0.0059776517 0.0123079538 0.0076968117 0.0071077964 0.0109271774 0.0058482211 0.0088509484 0.0072205147 0.006176603 0.0075660684 0.0115889493 0.0113589023 0.0052506802 0.0074360736 0.0135087131 0.0051467172 0.0046715039 0.0068626663 0.0113453603 0.0048088545 0.0055828656 0.0111081305 0.0046260933 0.0059839872 0.0076146105 0.0065913796 0.0071211093 0.0073819069 0.0061149726 0.0057518754 0.0044112033 0.0053445942 0.0105945727 0.0044341322 0.0059902732 0.0039709696 0.007278213 0.0083414184 0.0071379081 0.0100493432 0.0096452241 0.0076489475 0.0050770447 0.0080513386 0.0075340864 0.0116502829 0.0122330656 0.0101548174 0.0062210171 
16 0.0109610608 0.0057918076 0.0113128355 0.0123103518 0.0100993258 0.0052021905 0.006796532 0.0072556281 0.0081008182 0.0073792898 0.0075391715 0.0049784353 0.0064924577 0.0097566872 0.0071496767 0.0112968441 0.0076176663 0.0075048887 0.0068070217 0.0072469023 0.006999919 0.0092572735 0.008496087 0.0030000726 0.0110464581 0.0049604149 0.0 0.00662075 0.0109393773 0.0118345352 0.0094312874 0.0105967985 0.0057851273 0.0088831223 0.0125069362 0.0047091076 0.0079040127 0.0043650436 0.0052719766 0.0101020467 0.0065884329 0.0115230876 0.0088961298 0.00882996 0.0114347345 0.0079505093 0.0078008897 0.0037874299 0.0115738147 0.0041830103 0.0098940086 0.0013044641 0.0040367175 0.0097942244 0.0041483019 0.0044106341 0.0076634893 0.0080714662 0.0049395627 0.0080736066 0.0092639945 0.0142257419 0.0065049702 0.0076937404 0.0061090993 0.0079144823 0.0079101445 0.0056916491 0.0122598351 0.0052231842 0.0068576045 0.0053738801 0.0109284863 0.008618988 0.0101165097 0.0041843838 0.002456226 0.0090307613 0.0109915998 0.0039538127 0.0069321672 0.0109959366 0.0069150668 0.0110981212 0.009240635 0.0059252716 0.0031511169 0.0069078651 0.0045333094 0.0059410269 0.0069677567 0.0053149069 0.0087021979 0.0065591874 0.012138542 0.0102203939 0.0110935063 0.0058381224 0.0078847043 0.0136066452 0.0124292224 0.0069598349 0.0117454931 0.0063544424 0.0118028303 0.0055953143 0.0102604738 0.0043690632 0.0054350073 0.0092160678 0.013180366 0.0087345201 0.0083532985 0.0046906588 0.0054558111 0.0080325975 0.0102097802 0.0055191541 0.0071586968 0.0011271391 0.0089681537 0.0103874855 0.0099364735 0.0074564344 0.0037826174 0.012388709 0.0052202706 0.0107400982 
17 0.0047770775 0.0059182098 0.0073135344 0.0092327014 0.0059131736 0.0053005267 0.0191723957 0.0061787357 0.0063767602 0.0104121192 0.0045650211 0.0094311687 0.0059341913 0.008955699 0.0108195893 0.0076176663 0.008524177 0.0043705621 0.0064299733 0.0054691559 0.0061787084 0.0076191393 0.0103305484 0.0113365833 0.0105966475 0.0056443742 0.0084599231 0.0092821287 0.0098997059 0.0051032999 0.0046164726 0.0083398491 0.0089897936 0.004662078 0.0043919371 0.0108434775 0.0094099486 0.0084518051 0.0128967512 0.0173487489 0.0066309958 0.0071930485 0.0096164789 0.0084605935 0.009876249 0.0124128568 0.0073861561 0.0098456351 0.0090495697 0.0097522753 0.010148596 0.0088749286 0.009838693 0.0034177768 0.0132928485 0.0080854654 0.0045805084 0.0062926949 0.0053991071 0.0031519933 0.0052830633 0.0071271518 0.0071956237 0.0068450863 0.0077363648 0.0059673686 0.0039655546 0.0059104249 0.0074646512 0.0069140695 0.0075189845 0.0018058582 0.0028849099 0.0089123636 0.0059933351 0.0093613075 0.0062989267 0.0094351679 0.0042867807 0.0073722071 0.007919166 0.0095952584 0.0088203626 0.0106947644 0.0081585952 0.0105402564 0.0073974872 0.0053960698 0.0066273922 0.0065975316 0.0066800985 0.0118663641 0.0043163709 0.0045144322 0.0060949138 0.0065968533 0.0114937829 0.0070825081 0.0096065344 0.0081703062 0.0135395176 0.0067135521 0.0067835293 0.01125968 0.0082156399 0.0083060161 0.005500749 0.002123337 0.0052121063 0.0072025402 0.0103281638 0.0068265722 0.0041153206 0.0060893334 0.0075046397 0.0080306503 0.003390448 0.0066081307 0.0117139716 0.0051512855 0.0074036077 0.0145701725 0.0081839505 0.0107921607 0.0120401906 0.0070869796 0.01328899 0.0051496877 
18 0.009506884 0.0072101479 0.0071238383 0.0090977976 0.0096514989 0.0071357994 0.0116945409 0.00787362 0.0127702672 0.0053688283 0.0112780352 0.0063116361 0.00838468 0.0087299761 0.0060933887 0.0075048887 0.0043705621 0.0001654824 0.0158507979 0.0137637901 0.0085232001 0.0088444305 0.0113470978 0.0094823352 0.0131663629 0.0055318976 0.0084977136 0.0077803229 0.0033340536 0.005621334 0.0120521933 0.0045864624 0.0067038197 0.0069663932 0.0091050592 0.0092130481 0.0081956762 0.0029692604 0.0111951335 0.007853534 0.0086619675 0.0075605806 0.0092168507 0.0145253046 0.003143943 0.0028421442 0.0069400503 0.003422752 0.0073612678 0.005178236 0.0063216436 0.0077190314 0.0116048544 0.0089955034 0.007306349 0.0055628109 0.007676245 0.0040795455 0.005373651 0.0112335713 0.0046706998 0.0082897004 0.0023846688 0.0055331204 0.0047149885 0.0065800934 0.0053107384 0.0091645948 0.0058688749 0.0076615952 0.0052241557 0.0081419137 0.0096450163 0.0105680135 0.0069759688 0.0091871024 0.0090353695 0.0053256374 0.0103242142 0.0066457591 0.0066003672 0.0105965235 0.006133587 0.0093078198 0.0113459291 0.0076345197 0.0058339071 0.0056722195 0.004215347 0.008885987 0.0080532793 0.0053307403 0.0093498061 0.0073955825 0.0074970298 0.0034162054 0.0099702996 0.0079835144 0.0082277908 0.0090218081 0.0094268845 0.0095239903 0.0076339318 0.0089232176 0.0061951765 0.0052357468 0.008037899 0.0121912298 0.0074206519 0.0038581862 0.006804128 0.0102167597 0.012711391 0.0079472043 0.0166619815 0.005781202 0.007588717 0.0087581053 0.0074424369 0.0034813733 0.0103665322 0.0059335017 0.0093675997 0.0044052919 0.0046599742 0.0123999819 0.0091021565 0.00861817 
19 0.0059956393 0.0054576805 0.0125668224 0.007000562 0.0147059123 0.01166412 0.0052336142 0.0043272077 0.0152545366 0.0083309733 0.0083589376 0.009169728 0.0084037789 0.0045998832 0.0107255784 0.0068070217 0.0064299733 0.0158507979 0.0063818563 0.0093305722 0.0122732071 0.0085170515 0.0051020489 0.0131736692 0.0116283537 0.0073590826 0.004393683 0.0052289986 0.0126551102 0.0044956442 0.0107690731 0.0064192828 0.0033368618 0.0061902261 0.0095817347 0.0109631717 0.0086980346 0.0059476655 0.0088831187 0.0063454111 0.0076175641 0.0029936552 0.0058256458 0.0124783017 0.0029406134 0.0108349691 0.0068327955 0.0058062996 0.0130384518 0.0101666736 0.0048623221 0.0090416963 0.0143548634 0.0104436466 0.0079715061 0.0062020203 0.005487015 0.0059281137 0.0056456666 0.0093947099 0.0051929119 0.0133160811 0.0092677657 0.0115871287 0.0048374929 0.0079052171 0.0078061932 0.0139157549 0.0044124376 0.0108130226 0.0051042226 0.0054708599 0.0062119305 0.0067101649 0.0054796553 0.010404204 0.0074147017 0.0071399471 0.0061466642 0.0085161973 0.0133726561 0.0100663469 0.0117412426 0.0068614189 0.006286207 0.0053799371 0.00433253 0.0023422147 0.007184518 0.0057270725 0.006149624 0.0050237621 0.00980683 0.0051010869 0.0109206524 0.010750181 0.0047546077 0.0112248709 0.0097377688 0.0056506859 0.0057003977 0.0026072703 0.0037831675 0.0033983567 0.00669212 0.0054937936 0.0149428622 0.0070371934 0.0080565081 0.0034246338 0.0091863851 0.0113365346 0.0106948071 0.0044015509 0.0055671728 0.0074603474 0.0084405282 0.0050192459 0.0050048161 0.0112826765 0.005447159 0.0077807302 0.0099861655 0.00569911 0.0075586692 0.0047348836 0.0077481788 0.0050248144 
20 0.0054547079 0.0039685693 0.0077511361 0.0096474728 0.0077527488 0.0073341686 0.0040732652 0.0020704489 0.0098138028 0.0060961734 0.0055265943 0.0094018788 0.0113324484 0.0039416836 0.0096211609 0.0072469023 0.0054691559 0.0137637901 0.0093305722 0.0052154165 0.0062095024 0.0103220441 0.0079357532 0.0090147011 0.0046586723 0.0049884727 0.007499225 0.0068779529 0.0021535459 0.0071607071 0.0122691851 0.0105316566 0.0057684014 0.0097120687 0.00735602 0.0107888633 0.0035816121 0.0037014236 0.0063563027 0.0133512111 0.0053638328 0.005031546 0.0073588387 0.003735023 0.0048492665 0.0097503891 0.0104572686 0.00527992 0.0107152162 0.0059202842 0.0104422824 0.0139640666 0.0072981352 0.0030840676 0.003578641 0.0078319095 0.0107245142 0.0095967432 0.0053382579 0.0042803632 0.0030049746 0.0059453758 0.0081039342 0.0020168722 0.0077215266 0.0050747206 0.0073284452 0.0061855238 0.007061578 0.0018014389 0.0073341981 0.0086690519 0.0110142728 0.00822884 0.0066381413 0.0037988429 0.0114940688 0.0085578054 0.0096773113 0.0130543179 0.0074243386 0.0102604198 0.0073978383 0.012288712 0.0075643347 0.0050653949 0.0064752253 0.005947853 0.0126199954 0.011404993 0.0089490038 0.0172733995 0.0078426508 0.0154543702 0.0081866149 0.0107603795 0.0073979671 0.0100839226 0.0039098018 0.0064005378 0.0121110068 0.0049838397 0.0065511473 0.0082232388 0.0100768056 0.0083144439 0.0096836221 0.0091589955 0.0036927323 0.006164868 0.0087663811 0.0111373044 0.0091069606 0.0073697236 0.0087003534 0.0134681248 0.0086514093 0.0057339958 0.0083484792 0.0091810899 0.0043765967 0.0125900249 0.0107120677 0.0072512788 0.0032879105 0.0096791251 0.0108210928 0.0067884038 
21 0.0115868859 0.0087216486 0.0101014004 0.0081328303 0.0080310284 0.0077595485 0.0089721555 0.0119043144 0.0093244516 0.008865286 0.0132980492 0.0057615093 0.0064046178 0.0117702173 0.0033286452 0.006999919 0.0061787084 0.0085232001 0.0122732071 0.0062095024 0.0093377421 0.0075220776 0.0047098499 0.0093734746 0.0070932371 0.0110511109 0.0147758419 0.0102745879 0.0094979381 0.0069102259 0.0094346279 0.0074317509 0.0089773089 0.0064246965 0.0104587408 0.0098939325 0.0019384996 0.0041221788 0.0014703462 0.0121071706 0.0046423943 0.0087914431 0.0093267203 0.0102529482 0.0067540911 0.0088991251 0.0069367434 0.0074425284 0.013264672 0.0138550031 0.0052989858 0.0076624223 0.0092609853 0.0075908505 0.0014522148 0.0062771697 0.0082911238 0.007441448 0.005063417 0.0075306605 0.0082147916 0.007830443 0.0102345329 0.0056847929 0.0057536177 0.0107825304 0.0078621044 0.005212342 0.0064135431 0.0033143234 0.0098664415 0.0032355501 0.0073531476 0.0093964143 0.0056467879 0.0116657249 0.010646471 0.0143563983 0.0086491827 0.0068505496 0.0092754094 0.0065665533 0.0045159347 0.0122965136 0.0037597569 0.0028061028 0.0069205558 0.0089550544 0.0035618943 0.0094800534 0.0083841825 0.0027456801 0.0064188134 0.0038881948 0.00695634 0.0112618016 0.004519981 0.0153835053 0.007797282 0.0024688816 0.006469323 0.0072055992 0.0070132316 0.0046218973 0.0097507998 0.0060279459 0.0064494645 0.0058891771 0.0044390091 0.0074397419 0.0100730322 0.0064126105 0.0111873017 0.0090474325 0.0075889645 0.0071673942 0.0058706645 0.0084529118 0.0122595064 0.01084959 0.0039558998 0.0092929039 0.008253447 0.0058363494 0.0022000328 0.0076868907 0.0086521789 0.0099871083 
22 0.0079062658 0.0033117612 0.0079720461 0.0115581468 0.0121767622 0.0086061202 0.0129406896 0.008479071 0.0089418058 0.0091767517 0.0053243822 0.0110896329 0.0086307817 0.008430764 0.0075293385 0.0092572735 0.0076191393 0.0088444305 0.0085170515 0.0103220441 0.0075220776 0.0108693284 0.0091886632 0.0116914992 0.0037196634 0.007121837 0.0075335573 0.0099272733 0.0044204541 0.0124999831 0.006980527 0.0070533473 0.0048606984 0.0026750101 0.0070711106 0.0047665249 0.0062043057 0.0048724081 0.0073991888 0.008146026 0.0072891202 0.0056127817 0.0066076877 0.0091076365 0.0030622014 0.0095534175 0.0062876598 0.0043290626 0.0058771241 0.0022791779 0.0061375048 0.0068504622 0.0038201034 0.0070199368 0.0077380838 0.0116002583 0.0053735049 0.0081505426 0.0118992214 0.0066412482 0.0043963581 0.0105001657 0.0139465832 0.0103413443 0.0122280989 0.0046448966 0.0083048234 0.0098762692 0.0072226203 0.0100613142 0.0047577717 0.0041843443 0.0014857964 0.0085213453 0.0062294544 0.0056143496 0.0050414687 0.0057875803 0.0056770872 0.0102453863 0.0062869792 0.0061509853 0.0083050543 0.0038054811 0.0135132917 0.0062599769 0.0087537263 0.0094330197 0.0024513947 0.0077809293 0.0148637465 0.011338403 0.0058267024 0.006603886 0.0059870408 0.0092169688 0.0088831179 0.0081057864 0.0090906449 0.0047236192 0.004595038 0.0093445527 0.0071747973 0.0113678618 0.0114644173 0.0145250192 0.0092123583 0.0071597479 0.0069752966 0.0083736754 0.0094782852 0.0063093321 0.0043331912 0.0055205167 0.0047015201 0.0096969637 0.0094766973 0.0051845106 0.01113507 0.0131628838 0.0109742285 0.0069798153 0.0095221002 0.010624359 0.0070115862 0.0080157402 0.0098510531 0.0049870916 
23 0.0052169611 0.0073511699 0.0109947226 0.0054466812 0.0035136019 0.0057277786 0.0096918182 0.0043544334 0.0117784005 0.008227781 0.0059296463 0.0046453163 0.0071267282 0.0033105971 0.0096582396 0.008496087 0.0103305484 0.0113470978 0.0051020489 0.0079357532 0.0047098499 0.0091886632 0.0086018042 0.0079518688 0.0076033 0.0051251758 0.002149517 0.0069178933 0.0141207399 0.008064278 0.0069461569 0.0047543602 0.0113621927 0.0033225582 0.0056484319 0.0066012977 0.005333743 0.0063446002 0.0067214491 0.0038795446 0.0118229754 0.0067479921 0.0128444418 0.008451651 0.005260605 0.0073418474 0.00861476 0.0048029259 0.0110791529 0.0071175061 0.0067303105 0.009506932 0.0108854104 0.0091548229 0.0039336184 0.0053735151 0.0110074054 0.0053754674 0.009575113 0.0069642465 0.0050464344 0.0038438106 0.0050348644 0.0095323961 0.0132772199 0.0089438345 0.0087377159 0.0071219101 0.0090383209 0.0098852914 0.0100471084 0.0103597923 0.0050116121 0.0076738911 0.0061180845 0.0113997881 0.013600496 0.0017969834 0.0121960206 0.0059628411 0.0057329926 0.0052668175 0.0071732136 0.0096275597 0.0077094021 0.0103315498 0.0056017469 0.0110575302 0.0076266153 0.0126896744 0.0053580449 0.0083878531 0.011197987 0.0071711462 0.0049431527 0.0118324177 0.0038397596 0.0160944361 0.0100431666 0.0130203011 0.006480114 0.0162148618 0.0056318216 0.0094582539 0.0019689237 0.008855346 0.0064105179 0.0097358748 0.0057191739 0.0067288137 0.0130441882 0.0085722564 0.0119920421 0.0068344694 0.0074968821 0.0048934247 0.0052209297 0.0121134131 0.0076557663 0.0061893582 0.0083460051 0.0046538182 0.0106395109 0.0086926959 0.0099331151 0.0057265712 0.004687853 0.002646681 
24 0.0087827215 0.0077958771 0.0085380127 0.0052485687 0.0070301417 0.0035066545 0.0053146405 0.0064291096 0.0118397927 0.0070469848 0.0093343439 0.0093821932 0.0079095588 0.0116254404 0.0105517957 0.0030000726 0.0113365833 0.0094823352 0.0131736692 0.0090147011 0.0093734746 0.0116914992 0.0079518688 0.0052140869 0.0037101839 0.0079498699 0.0073486766 0.0093285138 0.009589663 0.0086223188 0.0094851693 0.0068897039 0.0045902196 0.004987754 0.0075325257 0.0038390208 0.0073376343 0.007024284 0.0159154354 0.0090434178 0.0151522716 0.0044780799 0.0088483567 0.0088820189 0.0081078441 0.0088270193 0.0076218827 0.0093638454 0.0099200587 0.0099281677 0.0099425561 0.0106692838 0.0051240016 0.0072243877 0.0081584474 0.0047028001 0.0048901624 0.0051992907 0.0075806535 0.0111867542 0.0090465126 0.0071191477 0.0071100665 0.0084773477 0.0075857841 0.0086364984 0.0080837215 0.0077534493 0.0046880513 0.0052982079 0.007774729 0.0090329267 0.008991398 0.0094667531 0.0099237327 0.0105728672 0.0069964893 0.0040435361 0.0076947698 0.0095949874 0.0102220569 0.0074589749 0.012384389 0.0094407514 0.0069693125 0.0073467124 0.0108596609 0.0057065413 0.0050583978 0.011098266 0.0087748428 0.006247348 0.0048861855 0.0100083776 0.0076212847 0.0060055373 0.0061149015 0.0085095834 0.0048845988 0.0049039916 0.0078030308 0.0098445827 0.0068741929 0.0127779946 0.0100568842 0.0040868271 0.002978304 0.0117470199 0.0015243322 0.0082388449 0.006959034 0.0038745651 0.0053036718 0.0053196918 0.0020503908 0.0044293572 0.0072981458 0.005640033 0.0080882655 0.0089028803 0.0148433853 0.0067727809 0.0064660732 0.0071860123 0.0048520746 0.0071118828 0.0090770535 0.0079235983 
