64
1 0.0054887069 0.0060453848 0.0173225738 0.0190848447 0.0056362685 0.0196194042 0.0184789244 0.015377175 0.0173465644 0.016127881 0.0166256549 0.0255551365 0.0147580888 0.0127849595 0.0093916078 0.0255599939 0.0131671579 0.0075374024 0.0146077561 0.0178410077 0.0176485498 0.0086119674 0.0110440079 0.0131554362 0.016854245 0.0206351442 0.0055061172 0.0124759185 0.0112688109 0.0062334076 0.0026416992 0.0265519583 0.0215609925 0.0147251041 0.0107159974 0.0103028404 0.0188642047 0.010196254 0.0171835885 0.0145803675 0.0270006979 0.028694972 0.0232432493 0.0102837799 0.0109733146 0.0132675919 0.021725242 0.0190360457 0.0168372887 0.0127057533 0.0224113922 0.0217704102 0.0048895939 0.0262276647 0.0259956155 0.0220872408 0.0098577864 0.0264458683 0.0245116441 0.0200544702 0.0131273959 0.0125426595 0.0124266368 0.0047705816 
2 0.0060453848 0.0125030509 0.025774364 0.006007372 0.0136354654 0.0122375955 0.0162781144 0.0214779614 0.0172034895 0.0141786161 0.0145227861 0.0296237982 0.015553252 0.0105297079 0.0095027087 0.0150404442 0.0074958586 0.0139630687 0.0139385192 0.0202519093 0.0128138367 0.0165434133 0.0183549517 0.020141948 0.0134914772 0.0147378718 0.0242488469 0.0143497552 0.0158048864 0.0075485745 0.0263957381 0.0111456841 0.0132664615 0.012875693 0.0155402331 0.0124131147 0.0131097941 0.0086891153 0.0058401077 0.0124021126 0.0091566108 0.0068862504 0.0180401598 0.0112498965 0.008977091 0.0160798302 0.0201228466 0.0208909341 0.0332924616 0.0126358714 0.0252052484 0.0114854515 0.0229779991 0.016142638 0.0248754732 0.0204340234 0.007703591 0.0221495373 0.0121434226 0.0247083887 0.0247062001 0.0156968141 0.0159056069 0.0130565704 
3 0.0173225738 0.025774364 0.0116135999 0.0120025222 0.0150827332 0.0169664567 0.0081621874 0.0177784873 0.0125340355 0.0128384388 0.0190822353 0.01228443 0.0114790626 0.0274650946 0.019313652 0.0061087177 0.0215730222 0.0048418726 0.0089613847 0.0205825578 0.0246025149 0.0099016897 0.0104791028 0.0140672314 0.0212195181 0.0149524304 0.0118981419 0.0155449585 0.0219931832 0.0108930181 0.0188728041 0.0278102521 0.0206682034 0.0139980181 0.0129705778 0.0163966317 0.0091770471 0.011664259 0.0055803567 0.0054052229 0.0221520184 0.0194965636 0.0211938641 0.004381947 0.009752032 0.0112735019 0.0132027247 0.011582749 0.0217618753 0.0275347473 0.0149172805 0.0256586371 0.0198275091 0.0073811615 0.0172460139 0.0223182268 0.0175210596 0.0130988444 0.0165080161 0.0260591347 0.0170865005 0.0039877982 0.0169407704 0.0192544334 
4 0.0190848447 0.006007372 0.0120025222 0.0202863022 0.0107350332 0.0215929093 0.0169967949 0.0042588184 0.0061918398 0.024376783 0.0205847238 0.0156772693 0.0190984777 0.0145002223 0.0138095577 0.0181232283 0.032356392 0.019639703 0.0103161332 0.009599788 0.0116806641 0.0105485736 0.0120085917 0.0076679128 0.0100111676 0.0154075958 0.0226643253 0.0282911517 0.0106557345 0.0291452851 0.0123395206 0.0086975806 0.0206919417 0.0025780297 0.0107569352 0.009023661 0.0171886079 0.0126718122 0.0145030218 0.0318366263 0.0192359944 0.0020211021 0.0208563758 0.0175468874 0.0194420008 0.0186991726 0.0136588722 0.0126532224 0.0227146468 0.0112037417 0.0174782887 0.0109153933 0.013977724 0.0248995519 0.023011482 0.0117137926 0.0058617557 0.009203757 0.0281923445 0.0257747027 0.0171154686 0.013446903 0.0119550692 0.0148142964 
5 0.0056362685 0.0136354654 0.0150827332 0.0107350332 0.0112288563 0.0168629321 0.0205002076 0.0157770757 0.0073694558 0.0124269973 0.0039188051 0.0208702354 0.0222364153 0.012824703 0.0193667514 0.0164099121 0.0132139271 0.0192466219 0.0070522312 0.0217666424 0.0148771035 0.0138771051 0.0197362078 0.0221700513 0.0057720819 0.0123831098 0.0148962097 0.0202670974 0.0191844487 0.0063158877 0.0136010779 0.0101635079 0.0083268716 0.0193350907 0.01620069 0.0183733596 0.003492917 0.0108044406 0.0240233402 0.0154178629 0.0076100673 0.0148610954 0.0136832366 0.0177710898 0.012904267 0.0260145145 0.0201820697 0.0049037732 0.0130313598 0.0277414778 0.0236080477 0.0130806346 0.0234078873 0.015694893 0.0317621754 0.0094524891 0.0191900185 0.0290029697 0.0058877278 0.0084420635 0.0211633366 0.030349775 0.0127249444 0.0221503551 
6 0.0196194042 0.0122375955 0.0169664567 0.0215929093 0.0168629321 0.0274801572 0.0124864794 0.0167477613 0.0141990953 0.0174968876 0.0248496767 0.0141051096 0.0109217885 0.0031403106 0.0106214984 0.0183497437 0.0076194553 0.0242139157 0.0086501368 0.0237170898 0.0066267851 0.0114066821 0.017850748 0.0224678611 0.0229618294 0.0171065923 0.0064268304 0.0138289189 0.0198778936 0.01511195 0.0211659984 0.019821069 0.019737133 0.0042671609 0.0149772601 0.0256643832 0.0099185196 0.0149800909 0.0200623007 0.0194142788 0.0098192344 0.0108797512 0.0166865219 0.0076673579 0.0070489529 0.0135709313 0.0150173826 0.0260888369 0.0372682151 0.0104835705 0.0111141566 0.025260145 0.0181418123 0.0145304679 0.0224528047 0.0151505818 0.0109774305 0.0161542494 0.0088461891 0.0072062473 0.0185216541 0.0118313685 0.0086582752 0.0110711737 
7 0.0184789244 0.0162781144 0.0081621874 0.0169967949 0.0205002076 0.0124864794 0.0015972474 0.0173011317 0.0129903947 0.0102396068 0.0150375376 0.0149687978 0.0200450135 0.0125814376 0.0207310719 0.0131365805 0.0153906216 0.011471242 0.0169319947 0.0146180857 0.0101554803 0.0256474929 0.0144612084 0.0203517361 0.0183535641 0.0196594801 0.0238017691 0.019452212 0.0194798167 0.0113647248 0.0221802776 0.0274385627 0.0109721529 0.0036749444 0.0117277379 0.0122867904 0.0151465124 0.0249444016 0.008030284 0.0100178275 0.0110474769 0.0156050231 0.019460469 0.0160889256 0.0154395038 0.0214284074 0.0090031706 0.0128501523 0.0205628796 0.0079139361 0.0076538216 0.0250091948 0.0138576091 0.0191420599 0.0264473318 0.0156718309 0.0073586322 0.0040741972 0.0266697639 0.0151124956 0.019438627 0.0155268695 0.0163597393 0.0191874354 
8 0.015377175 0.0214779614 0.0177784873 0.0042588184 0.0157770757 0.0167477613 0.0173011317 0.0198450234 0.0158512253 0.0146755253 0.0265307097 0.0073234411 0.0254164532 0.0093732827 0.0219887485 0.0260212778 0.0193863276 0.0066048679 0.0074596523 0.0071638938 0.0256509723 0.0075627925 0.0153265271 0.0082400384 0.0108481534 0.0158655487 0.0134728327 0.011043167 0.003029842 0.0166650153 0.0203215297 0.0223361443 0.0174487245 0.0166914214 0.0117948753 0.0297875011 0.023769976 0.0204601461 0.0129243938 0.0149586949 0.0102955904 0.0269531803 0.017439826 0.0141329646 0.0117175614 0.0252639562 0.0084071715 0.0158772503 0.013312463 0.0223734146 0.0145614419 0.0143394733 0.0152529783 0.0149113921 0.0108643138 0.0059022663 0.008299232 0.0276601457 0.017911744 0.0122375425 0.0156588309 0.0110690628 0.0158002349 0.0152008272 
9 0.0173465644 0.0172034895 0.0125340355 0.0061918398 0.0073694558 0.0141990953 0.0129903947 0.0158512253 0.0254063271 0.0352549669 0.0216842839 0.0168409545 0.0050829467 0.0080497698 0.007038313 0.025015648 0.0210614895 0.0141880086 0.0155576312 0.0103926379 0.0128491443 0.0196938386 0.0128350588 0.0071484127 0.0195674527 0.0107057985 0.0105220219 0.026371306 0.0218169287 0.0186834235 0.0032955561 0.0120532718 0.0174915428 0.0312641409 0.013681769 0.0133833109 0.0116672987 0.0199191548 0.0104334586 0.016847335 0.0166478218 0.0118524284 0.0137045216 0.0246723715 0.0193430083 0.017859334 0.0171879069 0.0137885302 0.0182083248 0.0117037241 0.0188420852 0.0081078995 0.0168821327 0.0145634538 0.0169350706 0.0164351483 0.0132102518 0.0152930411 0.0156167474 0.013443692 0.0215522779 0.0095321631 0.0052189686 0.0299097946 
10 0.016127881 0.0141786161 0.0128384388 0.024376783 0.0124269973 0.0174968876 0.0102396068 0.0146755253 0.0352549669 0.0186441803 0.0190340308 0.0060490069 0.0208918217 0.0182051251 0.0162146823 0.0133285326 0.0032900858 0.011241926 0.016823973 0.0135871185 0.0107939967 0.0185799642 0.0264553114 0.0094707483 0.0114366782 0.0160096482 0.0140537313 0.02015061 0.0095236131 0.023614618 0.0193371613 0.0217298654 0.0150972858 0.0140418353 0.016779822 0.0112309674 0.0106194195 0.0135031728 0.0166099042 0.0165734229 0.0141076262 0.0140664315 0.0085325023 0.0223542331 0.0184394382 0.0225111667 0.0174006382 0.0133974093 0.0106175064 0.0191148693 0.0182316161 0.0102487492 0.0089759838 0.0103590909 0.0228519931 0.026746389 0.0202153445 0.0079729277 0.0153312357 0.0143796825 0.0149499945 0.0073008663 0.0149192453 0.0164370979 
11 0.0166256549 0.0145227861 0.0190822353 0.0205847238 0.0039188051 0.0248496767 0.0150375376 0.0265307097 0.0216842839 0.0190340308 0.0163775815 0.0117283524 0.0082445024 0.0118664369 0.0085105391 0.01430936 0.0189573568 0.0353258877 0.0231562882 0.0097461628 0.0180649394 0.0251608188 0.0082825852 0.0069561369 0.0195712375 0.0087882628 0.0085112582 0.018278992 0.0161749894 0.0095505083 0.0168248001 0.0147223729 0.0068226207 0.0052551822 0.0128679858 0.013801314 0.0104328131 0.0213947009 0.0172109241 0.0156884338 0.0226780163 0.0057901736 0.0329551285 0.0203625733 0.0118705078 0.0124247525 0.024459445 0.0226584697 0.0083375252 0.00981161 0.0163116613 0.0207748186 0.0182302647 0.0167621281 0.0241577514 0.0152833798 0.0115292195 0.010220699 0.0061071349 0.0153841232 0.0141247222 0.0111731768 0.0186786572 0.0154602732 
12 0.0255551365 0.0296237982 0.01228443 0.0156772693 0.0208702354 0.0141051096 0.0149687978 0.0073234411 0.0168409545 0.0060490069 0.0117283524 0.0171161642 0.013302987 0.018297404 0.0256402049 0.0154626781 0.019580215 0.0078819698 0.0126701682 0.0169717669 0.0153472194 0.0210273702 0.0161477341 0.017390565 0.0163798408 0.0131275064 0.004361031 0.0235921381 0.0163345429 0.0247137785 0.0141034238 0.0132134263 0.0070354587 0.0138670702 0.0331303916 0.0126106758 0.0142112417 0.0168671606 0.0192215652 0.0075363448 0.0192538159 0.0068093094 0.0158109216 0.0154321211 0.011879285 0.0174913955 0.0135825996 0.0148852792 0.0120814803 0.019949163 0.0088206938 0.0224429926 0.0093306982 0.0151652754 0.0165730304 0.0107192545 0.0266195769 0.0086080143 0.0134287512 0.0195056157 0.0205495228 0.0080294214 0.0196694062 0.0111938012 
13 0.0147580888 0.015553252 0.0114790626 0.0190984777 0.0222364153 0.0109217885 0.0200450135 0.0254164532 0.0050829467 0.0208918217 0.0082445024 0.013302987 0.0245361246 0.008404114 0.0248555077 0.0111409802 0.0116377609 0.0145656261 0.0133492454 0.0182808221 0.0166368249 0.009981287 0.0142711076 0.0312978185 0.0179596355 0.0286948656 0.014099444 0.0260457863 0.0222259329 0.0166293219 0.0088281298 0.0027443535 0.0115798339 0.0165607989 0.02215376 0.0106351119 0.0103614118 0.0134993431 0.0173772071 0.0197360397 0.0081700041 0.0157406686 0.0135251324 0.0118720789 0.0086147912 0.0060614026 0.012347549 0.0218701072 0.0182832132 0.0139034868 0.0119667381 0.0142241358 0.0230966521 0.0115966826 0.0198627486 0.0191231944 0.009919791 0.0106974369 0.0212808571 0.0082620606 0.0282325633 0.0124537742 0.0059806411 0.0277952859 
14 0.0127849595 0.0105297079 0.0274650946 0.0145002223 0.012824703 0.0031403106 0.0125814376 0.0093732827 0.0080497698 0.0182051251 0.0118664369 0.018297404 0.008404114 0.0263338365 0.0100240892 0.0148535052 0.0137333726 0.0244558855 0.0306478637 0.0166451891 0.0106065622 0.0192926302 0.0218808187 0.0183344125 0.0180497596 0.0113843956 0.0205562991 0.0258084632 0.020305691 0.0088346424 0.0216363557 0.0169814293 0.0302039647 0.0112876377 0.0065866582 0.0170237824 0.0160083425 0.0124330687 0.014661705 0.0206077948 0.0078049103 0.0179274751 0.0158348 0.0072268077 0.0197980608 0.0182658673 0.0229443538 0.0157435992 0.012821253 0.0073432633 0.0114515916 0.0235052259 0.0085349312 0.0183679376 0.0177566159 0.0188992269 0.0117794631 0.0175732164 0.0054136164 0.0097018416 0.0148885 0.0128669079 0.0110895977 0.0252602138 
15 0.0093916078 0.0095027087 0.019313652 0.0138095577 0.0193667514 0.0106214984 0.0207310719 0.0219887485 0.007038313 0.0162146823 0.0085105391 0.0256402049 0.0248555077 0.0100240892 0.03354556 0.0196279518 0.0164420276 0.0169829818 0.017160533 0.0215496211 0.0069146327 0.00912273 0.0183480555 0.0216803414 0.0139866173 0.0125950523 0.023151668 0.008800404 0.0080408073 0.0158342638 0.0268227288 0.004627989 0.0196274612 0.0261486571 0.0209596682 0.0155660084 0.0202083578 0.007457825 0.0126748608 0.0121830696 0.016251464 0.0111462134 0.0173117039 0.0088794137 0.0189056688 0.012849821 0.0172062892 0.0123637539 0.0075570884 0.0093704036 0.0141610707 0.0069276037 0.0147486759 0.0207158718 0.0091599291 0.0209302748 0.0146117339 0.015238945 0.0247421732 0.0115917056 0.009900395 0.0254902566 0.0247594093 0.0081113292 
16 0.0255599939 0.0150404442 0.0061087177 0.0181232283 0.0164099121 0.0183497437 0.0131365805 0.0260212778 0.025015648 0.0133285326 0.01430936 0.0154626781 0.0111409802 0.0148535052 0.0196279518 0.0121179586 0.0223205768 0.0076299089 0.0116422793 0.0201194323 0.0231033952 0.0110454158 0.0167311341 0.0178469052 0.0136340361 0.0188221795 0.0059733312 0.0178855516 0.0234041391 0.0102789826 0.0159595892 0.017818305 0.0135576541 0.0112937036 0.0191989943 0.0123242259 0.0101326816 0.0179483441 0.0165519644 0.016133349 0.0224626324 0.0154736669 0.0199425975 0.0207939733 0.004393886 0.0143453681 0.0229937406 0.0157605034 0.0127277391 0.0086161953 0.0252334542 0.0056740282 0.0045631752 0.013603003 0.0235760399 0.012324944 0.0101735478 0.0153277438 0.0190113886 0.0152225007 0.0156968136 0.0167584249 0.0178649394 0.0114971022 
17 0.0131671579 0.0074958586 0.0215730222 0.032356392 0.0132139271 0.0076194553 0.0153906216 0.0193863276 0.0210614895 0.0032900858 0.0189573568 0.019580215 0.0116377609 0.0137333726 0.0164420276 0.0223205768 0.0105607777 0.0104897692 0.0238055218 0.0181586938 0.0213849724 0.0102075701 0.010321219 0.016262454 0.017518863 0.0170432739 0.0271879959 0.0094910943 0.0202513287 0.0106855003 0.0077207782 0.0099411859 0.0132423488 0.0143579434 0.0188673822 0.0091845712 0.0232222107 0.0086264001 0.0142046367 0.0061969146 0.0193596145 0.0214697061 0.0195223031 0.0191078109 0.0169404733 0.0202508457 0.0136098196 0.0069702435 0.0199642956 0.0218255233 0.0230784743 0.0183309554 0.0088075909 0.0140646995 0.0189725927 0.0090301492 0.0100898005 0.0164220859 0.0179806624 0.0215603591 0.0149104745 0.0104112312 0.0110729289 0.0200883067 
18 0.0075374024 0.0139630687 0.0048418726 0.019639703 0.0192466219 0.0242139157 0.011471242 0.0066048679 0.0141880086 0.011241926 0.0353258877 0.0078819698 0.0145656261 0.0244558855 0.0169829818 0.0076299089 0.0104897692 0.0277076898 0.0120183504 0.0138936179 0.0179986108 0.0078038851 0.0064936012 0.0327975997 0.0183837795 0.0234053527 0.0224791571 0.0128696507 0.0154969917 0.0123867976 0.0227644003 0.0055535072 0.0106073475 0.0056010111 0.0143804659 0.0137384937 0.0194352933 0.0264872448 0.0151394413 0.0265321699 0.0127362921 0.0098661928 0.0169083686 0.0112712266 0.020747857 0.0170488099 0.017352803 0.0126710893 0.0061294728 0.0091546819 0.0155221153 0.0135243936 0.0211347787 0.0182147398 0.0134767068 0.0255545541 0.0077515291 0.0186993383 0.0152484194 0.0113871581 0.0164926363 0.0130481876 0.0213510753 0.0204524562 
19 0.0146077561 0.0139385192 0.0089613847 0.0103161332 0.0070522312 0.0086501368 0.0169319947 0.0074596523 0.0155576312 0.016823973 0.0231562882 0.0126701682 0.0133492454 0.0306478637 0.017160533 0.0116422793 0.0238055218 0.0120183504 0.0071682848 0.0195091321 0.0288755473 0.0254399489 0.027495614 0.0168486455 0.009337805 0.0076034208 0.0129944919 0.0092589031 0.0072744544 0.0234621197 0.0055756351 0.0193203303 0.0085276056 0.0154503325 0.0142788245 0.0229106777 0.0159024227 0.0139252958 0.0116268856 0.0248707336 0.0144106932 0.0133142837 0.0133558262 0.0138180503 0.0182063635 0.019496005 0.0187594475 0.0228838255 0.0207170371 0.0315913659 0.0075566081 0.0182240899 0.0219609518 0.0040917484 0.0178219998 0.0139028417 0.0216549657 0.0112610795 0.0059123219 0.0153695131 0.0139673945 0.0247289409 0.010854192 0.0137336819 
20 0.0178410077 0.0202519093 0.0205825578 0.009599788 0.0217666424 0.0237170898 0.0146180857 0.0071638938 0.0103926379 0.0135871185 0.0097461628 0.0169717669 0.0182808221 0.0166451891 0.0215496211 0.0201194323 0.0181586938 0.0138936179 0.0195091321 0.0185753849 0.0179061003 0.0239308842 0.005102452 0.0237222784 0.0008530775 0.0159874769 0.010403498 0.0116901184 0.0135882617 0.0228254377 0.0265257095 0.0204992767 0.0089215916 0.0112999054 0.0190750393 0.0181695268 0.0044362006 0.0331158352 0.0163652688 0.005406118 0.0093413825 0.0160209523 0.0021881796 0.0118841294 0.0150173376 0.0132426826 0.0140846513 0.0219518171 0.0103648029 0.0149179395 0.0221531293 0.0168884876 0.023365113 0.0260127654 0.018990468 0.0024780561 0.0246111592 0.0138121962 0.0076391455 0.0120678368 0.0252487543 0.0131619851 0.0106049401 0.011157478 
21 0.0176485498 0.0128138367 0.0246025149 0.0116806641 0.0148771035 0.0066267851 0.0101554803 0.0256509723 0.0128491443 0.0107939967 0.0180649394 0.0153472194 0.0166368249 0.0106065622 0.0069146327 0.0231033952 0.0213849724 0.0179986108 0.0288755473 0.0179061003 0.0204271406 0.0115096011 0.0254930969 0.0095371232 0.0294964952 0.0136730736 0.0180426588 0.0150209198 0.0104616216 0.0110943141 0.0086185848 0.0160193928 0.0020797851 0.0174632625 0.0162657609 0.0168096568 0.0139607653 0.011809289 0.0119032144 0.0179910199 0.0184812559 0.022951503 0.0264015181 0.028535171 0.0114681693 0.0119049253 0.0209060415 0.013804933 0.0053674754 0.0142180365 0.0139548027 0.012438216 0.0284001017 0.004529748 0.0075119026 0.0110538761 0.012983856 0.0169462361 0.0127928943 0.0149434236 0.023056451 0.0151648237 0.0141378566 0.0158321535 
22 0.0086119674 0.0165434133 0.0099016897 0.0105485736 0.0138771051 0.0114066821 0.0256474929 0.0075627925 0.0196938386 0.0185799642 0.0251608188 0.0210273702 0.009981287 0.0192926302 0.00912273 0.0110454158 0.0102075701 0.0078038851 0.0254399489 0.0239308842 0.0115096011 0.0126770452 0.0216018955 0.0108870179 0.0166138366 0.0155985735 0.0143513098 0.0217873519 0.0281557942 0.0093490377 0.0082326234 0.0112289174 0.0244995999 0.0223526523 0.0151491801 0.0235178299 0.012210901 0.0154354058 0.0216738149 0.0062842041 0.0198009058 0.0193121998 0.0104536982 0.0082736334 0.0192145064 0.0137323704 0.016152659 0.0142142877 0.0257589598 0.0204568842 0.0208038544 0.0075476268 0.0103502237 0.0144374525 0.0161004179 0.0100968982 0.0240287547 0.0108738844 0.0110337422 0.0192392989 0.0184680417 0.0130459456 0.0194084088 0.0086926936 
23 0.0110440079 0.0183549517 0.0104791028 0.0120085917 0.0197362078 0.017850748 0.0144612084 0.0153265271 0.0128350588 0.0264553114 0.0082825852 0.0161477341 0.0142711076 0.0218808187 0.0183480555 0.0167311341 0.010321219 0.0064936012 0.027495614 0.005102452 0.0254930969 0.0216018955 0.0081163072 0.0170800601 0.0073289985 0.0131798658 0.0097642947 0.0150573837 0.0164420619 0.015361307 0.0145047583 0.0072416999 0.0102252962 0.0101345069 0.0232372829 0.0239497208 0.0143417002 0.0240135368 0.0225570509 0.0267302263 0.021441606 0.0202164411 0.0252284413 0.0092356454 0.0105672609 0.0118395931 0.0185915377 0.0084091349 0.0290223198 0.0108277736 0.0275135736 0.0097775747 0.0293885781 0.0119516733 0.0089355716 0.008315579 0.0191255825 0.0085630985 0.0102171847 0.0106368166 0.011331081 0.0240540764 0.0115298635 0.0132929051 
24 0.0131554362 0.020141948 0.0140672314 0.0076679128 0.0221700513 0.0224678611 0.0203517361 0.0082400384 0.0071484127 0.0094707483 0.0069561369 0.017390565 0.0312978185 0.0183344125 0.0216803414 0.0178469052 0.016262454 0.0327975997 0.0168486455 0.0237222784 0.0095371232 0.0108870179 0.0170800601 0.0052314784 0.0119822376 0.0175076827 0.0157099071 0.0115558924 0.0168669589 0.0064813985 0.0183752583 0.0092736851 0.0146614576 0.0199258416 0.0202672153 0.0125725575 0.0200379822 0.0227269253 0.0199388869 0.0253517429 0.0145547016 0.0158967455 0.0083921634 0.0106074202 0.0146775752 0.0131316268 0.0113240031 0.0150404253 0.0126114691 0.0153867503 0.0049560278 0.0088619036 0.0165384153 0.0223882962 0.0199809735 0.008682395 0.0182376407 0.017561621 0.0113234534 0.0169055262 0.0178201023 0.0185826616 0.0167665071 0.0157817529 
25 0.016854245 0.0134914772 0.0212195181 0.0100111676 0.0057720819 0.0229618294 0.0183535641 0.0108481534 0.0195674527 0.0114366782 0.0195712375 0.0163798408 0.0179596355 0.0180497596 0.0139866173 0.0136340361 0.017518863 0.0183837795 0.009337805 0.0008530775 0.0294964952 0.0166138366 0.0073289985 0.0119822376 0.0270362893 0.0237418677 0.0151833393 0.0150668488 0.0123522388 0.0185854876 0.0234398571 0.0149005636 0.0332040941 0.0161749502 0.0205687515 0.0038859389 0.0190487957 0.0028954927 0.0250676893 0.0074092615 0.0185521047 0.0139958387 0.0072426518 0.0103779641 0.020174123 0.0164822287 0.0056920114 0.0236728531 0.0140764988 0.0142420895 0.0199127141 0.0194539634 0.0135226104 0.0120943422 0.0183804306 0.0177719432 0.0080769298 0.0215304684 0.0076986436 0.0152489699 0.0136441405 0.0165194688 0.0163740037 0.0150891542 
26 0.0206351442 0.0147378718 0.0149524304 0.0154075958 0.0123831098 0.0171065923 0.0196594801 0.0158655487 0.0107057985 0.0160096482 0.0087882628 0.0131275064 0.0286948656 0.0113843956 0.0125950523 0.0188221795 0.0170432739 0.0234053527 0.0076034208 0.0159874769 0.0136730736 0.0155985735 0.0131798658 0.0175076827 0.0237418677 0.0036537852 0.01558109 0.0139968856 0.0167640626 0.0118808528 0.0160156097 0.0205779997 0.0177982693 0.022266768 0.012178885 0.0064557215 0.0154852619 0.0046521235 0.0101004628 0.0189611933 0.0213007837 0.0269061598 0.0235794807 0.0059055581 0.0155356875 0.0152235072 0.0198598648 0.01913174 0.0116847175 0.0190479643 0.0155457911 0.0157341806 0.0066014759 0.0144995421 0.0119656088 0.0210413931 0.0197489469 0.0226818202 0.0074204415 0.016940255 0.0182299242 0.0129555859 0.0143650233 0.0191095073 
27 0.0055061172 0.0242488469 0.0118981419 0.0226643253 0.0148962097 0.0064268304 0.0238017691 0.0134728327 0.0105220219 0.0140537313 0.0085112582 0.004361031 0.014099444 0.0205562991 0.023151668 0.0059733312 0.0271879959 0.0224791571 0.0129944919 0.010403498 0.0180426588 0.0143513098 0.0097642947 0.0157099071 0.0151833393 0.01558109 0.0194108384 0.0218818548 0.0177879378 0.0165553685 0.0189374165 0.0162508553 0.0089376049 0.0138784663 0.0157290779 0.0226613753 0.0167208962 0.0225578837 0.0230610562 0.0131078017 0.0149189648 0.0109112817 0.0166818154 0.0144896231 0.0057755466 0.0212848319 0.0237117841 0.0172581731 0.0135542721 0.0243209624 0.0188612554 0.0274504474 0.015638607 0.0215517887 0.0086100652 0.0109466136 0.0150187245 0.0084873805 0.0173756583 0.014207371 0.0104797844 0.0117435699 0.0101398427 0.013261602 
28 0.0124759185 0.0143497552 0.0155449585 0.0282911517 0.0202670974 0.0138289189 0.019452212 0.011043167 0.026371306 0.02015061 0.018278992 0.0235921381 0.0260457863 0.0258084632 0.008800404 0.0178855516 0.0094910943 0.0128696507 0.0092589031 0.0116901184 0.0150209198 0.0217873519 0.0150573837 0.0115558924 0.0150668488 0.0139968856 0.0218818548 0.0075530783 0.0135637738 0.0190689388 0.0207495089 0.0126490599 0.0164292367 0.0152199894 0.0074125714 0.0164980635 0.0133119856 0.0197334708 0.0226124337 0.0095012299 0.0119290163 0.0119137851 0.0140093235 0.0234001132 0.0283201565 0.020015687 0.0142581489 0.0114525681 0.0165573658 0.0021896352 0.0134337053 0.0159576577 0.0059186299 0.009337925 0.0126017262 0.0156529042 0.0150156196 0.0132843465 0.0214051007 0.0133443784 0.0175581669 0.0126875323 0.013799593 0.0117902403 
29 0.0112688109 0.0158048864 0.0219931832 0.0106557345 0.0191844487 0.0198778936 0.0194798167 0.003029842 0.0218169287 0.0095236131 0.0161749894 0.0163345429 0.0222259329 0.020305691 0.0080408073 0.0234041391 0.0202513287 0.0154969917 0.0072744544 0.0135882617 0.0104616216 0.0281557942 0.0164420619 0.0168669589 0.0123522388 0.0167640626 0.0177879378 0.0135637738 0.0027605951 0.0152256177 0.0184279185 0.0175998752 0.0104149159 0.0215086621 0.0147850199 0.0163587244 0.0148371342 0.0250183976 0.0070215475 0.0207427288 0.0102271 0.0148810645 0.0038486261 0.0117192166 0.0145579577 0.0145161427 0.0118226517 0.0054973597 0.0071884147 0.0176627285 0.0095854999 0.0111541477 0.0143399804 0.0264446666 0.0160927108 0.0199536108 0.0300210063 0.0149657425 0.022633909 0.013283831 0.0128594603 0.0147249925 0.0297271901 0.0194641066 
30 0.0062334076 0.0075485745 0.0108930181 0.0291452851 0.0063158877 0.01511195 0.0113647248 0.0166650153 0.0186834235 0.023614618 0.0095505083 0.0247137785 0.0166293219 0.0088346424 0.0158342638 0.0102789826 0.0106855003 0.0123867976 0.0234621197 0.0228254377 0.0110943141 0.0093490377 0.015361307 0.0064813985 0.0185854876 0.0118808528 0.0165553685 0.0190689388 0.0152256177 0.0086249665 0.0103765884 0.0187234265 0.0177444569 0.0131852131 0.0120045839 0.0142684746 0.0108056694 0.0040596531 0.0090395989 0.0159443198 0.0136396616 0.021018207 0.0174952182 0.0248410036 0.0222920096 0.0211700505 0.0116881168 0.0043243066 0.0156111642 0.0120946597 0.017756257 0.0150045981 0.012293009 0.0245634027 0.0108234477 0.0216759712 0.02181381 0.0138448198 0.0315454632 0.0189879024 0.0109011824 0.023159124 0.0386788565 0.0156212268 
31 0.0026416992 0.0263957381 0.0188728041 0.0123395206 0.0136010779 0.0211659984 0.0221802776 0.0203215297 0.0032955561 0.0193371613 0.0168248001 0.0141034238 0.0088281298 0.0216363557 0.0268227288 0.0159595892 0.0077207782 0.0227644003 0.0055756351 0.0265257095 0.0086185848 0.0082326234 0.0145047583 0.0183752583 0.0234398571 0.0160156097 0.0189374165 0.0207495089 0.0184279185 0.0103765884 0.0148217576 0.0121871672 0.023803902 0.0078253905 0.0151056527 0.0140385116 0.0189413146 0.0195859959 0.0077737268 0.0181061792 0.0080373866 0.0142742722 0.0185515481 0.0167058481 0.0103971431 0.0173534454 0.0100901649 0.0183055876 0.0105940236 0.0182413805 0.0141566347 0.022193266 0.0172629986 0.0153476933 0.0120892747 0.0160901557 0.0054974034 0.0212460426 0.0183160835 0.0122519922 0.0108142949 0.0138141135 0.0163347519 0.0252538588 
32 0.0265519583 0.0111456841 0.0278102521 0.0086975806 0.0101635079 0.019821069 0.0274385627 0.0223361443 0.0120532718 0.0217298654 0.0147223729 0.0132134263 0.0027443535 0.0169814293 0.004627989 0.017818305 0.0099411859 0.0055535072 0.0193203303 0.0204992767 0.0160193928 0.0112289174 0.0072416999 0.0092736851 0.0149005636 0.0205779997 0.0162508553 0.0126490599 0.0175998752 0.0187234265 0.0121871672 0.0015125263 0.0204290931 0.0152321246 0.0126388631 0.0179830319 0.0221346596 0.0153812661 0.0139399984 0.0192597503 0.0099663132 0.0050023813 0.0094499497 0.0292501921 0.0144876628 0.0178741107 0.0119575421 0.018539625 0.013992856 0.0250883598 0.0113519681 0.0227475504 0.0274960994 0.0101249783 0.0142370704 0.0167326336 0.0164287257 0.0113132565 0.0236299235 0.0118649789 0.014029534 0.0180869704 0.0238487269 0.0141645629 
33 0.0215609925 0.0132664615 0.0206682034 0.0206919417 0.0083268716 0.019737133 0.0109721529 0.0174487245 0.0174915428 0.0150972858 0.0068226207 0.0070354587 0.0115798339 0.0302039647 0.0196274612 0.0135576541 0.0132423488 0.0106073475 0.0085276056 0.0089215916 0.0020797851 0.0244995999 0.0102252962 0.0146614576 0.0332040941 0.0177982693 0.0089376049 0.0164292367 0.0104149159 0.0177444569 0.023803902 0.0204290931 0.0072056562 0.018496737 0.0138101676 0.0255471154 0.0273039936 0.0124605512 0.007988341 0.0107724091 0.007934128 0.0114649732 0.0084123781 0.0134520048 0.0153020914 0.0305767636 0.0111260095 0.0137520871 0.0257933146 0.0293001094 0.0092123179 0.0118608134 0.0146923878 0.0232823772 0.0097918898 0.0194516171 0.0088708027 0.0133626558 0.0320530493 0.0189472714 0.0153325853 0.0094829651 0.0120385104 0.0153070181 
34 0.0147251041 0.012875693 0.0139980181 0.0025780297 0.0193350907 0.0042671609 0.0036749444 0.0166914214 0.0312641409 0.0140418353 0.0052551822 0.0138670702 0.0165607989 0.0112876377 0.0261486571 0.0112937036 0.0143579434 0.0056010111 0.0154503325 0.0112999054 0.0174632625 0.0223526523 0.0101345069 0.0199258416 0.0161749502 0.022266768 0.0138784663 0.0152199894 0.0215086621 0.0131852131 0.0078253905 0.0152321246 0.018496737 0.0165070839 0.0134343273 0.0111331485 0.0185849717 0.0252306001 0.0274355553 0.0193488711 0.0145687798 0.0149474227 0.0177334913 0.0170146436 0.0135681828 0.0131171845 0.0187988867 0.0309452325 0.0173036423 0.0113460297 0.0209403062 0.0105941174 0.0165001678 0.0121060093 0.0085815156 0.0161955436 0.0229386554 0.0059517879 0.0184536324 0.0151718311 0.0127599939 0.0271311479 0.0166023952 0.0168165975 
35 0.0107159974 0.0155402331 0.0129705778 0.0107569352 0.01620069 0.0149772601 0.0117277379 0.0117948753 0.013681769 0.016779822 0.0128679858 0.0331303916 0.02215376 0.0065866582 0.0209596682 0.0191989943 0.0188673822 0.0143804659 0.0142788245 0.0190750393 0.0162657609 0.0151491801 0.0232372829 0.0202672153 0.0205687515 0.012178885 0.0157290779 0.0074125714 0.0147850199 0.0120045839 0.0151056527 0.0126388631 0.0138101676 0.0134343273 0.0 0.0268766298 0.0027613574 0.0131012813 0.0168223167 0.0096821565 0.0157411418 0.0181187784 0.0091233345 0.0102665144 0.0184918433 0.0126233671 0.0212649806 0.0216589674 0.0200338776 0.0172383639 0.0244811969 0.0226843115 0.0093167855 0.0284249551 0.0087400956 0.0186216842 0.0145908161 0.0190099201 0.0182852301 0.0201088058 0.0125891646 0.0138937058 0.0138274709 0.0123885401 
36 0.0103028404 0.0124131147 0.0163966317 0.009023661 0.0183733596 0.0256643832 0.0122867904 0.0297875011 0.0133833109 0.0112309674 0.013801314 0.0126106758 0.0106351119 0.0170237824 0.0155660084 0.0123242259 0.0091845712 0.0137384937 0.0229106777 0.0181695268 0.0168096568 0.0235178299 0.0239497208 0.0125725575 0.0038859389 0.0064557215 0.0226613753 0.0164980635 0.0163587244 0.0142684746 0.0140385116 0.0179830319 0.0255471154 0.0111331485 0.0268766298 0.0141643579 0.0237035401 0.0147157092 0.0144305157 0.0064081607 0.0122616398 0.0258938156 0.0231907959 0.0124409693 0.0084691879 0.0107555674 0.0208842353 0.0222062596 0.0144483707 0.0157170848 0.0195609778 0.0147153976 0.0133102348 0.016310085 0.0084474161 0.0135854049 0.0154005076 0.0177586724 0.0130376152 0.0094058184 0.0231132274 0.0101781726 0.0092197377 0.0188830739 
37 0.0188642047 0.0131097941 0.0091770471 0.0171886079 0.003492917 0.0099185196 0.0151465124 0.023769976 0.0116672987 0.0106194195 0.0104328131 0.0142112417 0.0103614118 0.0160083425 0.0202083578 0.0101326816 0.0232222107 0.0194352933 0.0159024227 0.0044362006 0.0139607653 0.012210901 0.0143417002 0.0200379822 0.0190487957 0.0154852619 0.0167208962 0.0133119856 0.0148371342 0.0108056694 0.0189413146 0.0221346596 0.0273039936 0.0185849717 0.0027613574 0.0237035401 0.0415789129 0.0314114615 0.0100705055 0.0094299988 0.0153724232 0.020956796 0.0192272876 0.0140660573 0.0128672684 0.0084469533 0.0166831842 0.0122424748 0.0168046891 0.0157683891 0.0137576653 0.0158270369 0.0105381896 0.0081490318 0.0190550931 0.0180885264 0.0251926552 0.0092296763 0.0138689916 0.0185353435 0.0097481149 0.0210714292 0.0198659476 0.0106496957 
38 0.010196254 0.0086891153 0.011664259 0.0126718122 0.0108044406 0.0149800909 0.0249444016 0.0204601461 0.0199191548 0.0135031728 0.0213947009 0.0168671606 0.0134993431 0.0124330687 0.007457825 0.0179483441 0.0086264001 0.0264872448 0.0139252958 0.0331158352 0.011809289 0.0154354058 0.0240135368 0.0227269253 0.0028954927 0.0046521235 0.0225578837 0.0197334708 0.0250183976 0.0040596531 0.0195859959 0.0153812661 0.0124605512 0.0252306001 0.0131012813 0.0147157092 0.0314114615 0.0275072407 0.0180533354 0.0143157052 0.0120164864 0.0127681369 0.0126558881 0.0142036485 0.0189971252 0.0147532863 0.0166450114 0.0133395377 0.0101143046 0.0284575507 0.0071127332 0.0026116697 0.011426736 0.0166679642 0.0164079668 0.0077614042 0.0107999477 0.0294366954 0.012540067 0.0171614362 0.0062245571 0.0037423882 0.0150516364 0.0248504312 
39 0.0171835885 0.0058401077 0.0055803567 0.0145030218 0.0240233402 0.0200623007 0.008030284 0.0129243938 0.0104334586 0.0166099042 0.0172109241 0.0192215652 0.0173772071 0.014661705 0.0126748608 0.0165519644 0.0142046367 0.0151394413 0.0116268856 0.0163652688 0.0119032144 0.0216738149 0.0225570509 0.0199388869 0.0250676893 0.0101004628 0.0230610562 0.0226124337 0.0070215475 0.0090395989 0.0077737268 0.0139399984 0.007988341 0.0274355553 0.0168223167 0.0144305157 0.0100705055 0.0180533354 0.0029384052 0.0122497411 0.0208762362 0.0168011867 0.0057320879 0.0211120241 0.019631632 0.0226617565 0.0156635222 0.011390494 0.0261402673 0.0066233504 0.0125022645 0.0166753178 0.0199360625 0.0149091494 0.0155792505 0.0095983132 0.0253852838 0.0249666114 0.027890742 0.0240907017 0.0154156278 0.015222507 0.0072235671 0.009068632 
40 0.0145803675 0.0124021126 0.0054052229 0.0318366263 0.0154178629 0.0194142788 0.0100178275 0.0149586949 0.016847335 0.0165734229 0.0156884338 0.0075363448 0.0197360397 0.0206077948 0.0121830696 0.016133349 0.0061969146 0.0265321699 0.0248707336 0.005406118 0.0179910199 0.0062842041 0.0267302263 0.0253517429 0.0074092615 0.0189611933 0.0131078017 0.0095012299 0.0207427288 0.0159443198 0.0181061792 0.0192597503 0.0107724091 0.0193488711 0.0096821565 0.0064081607 0.0094299988 0.0143157052 0.0122497411 0.0298486623 0.0188659639 0.01904953 0.0216776871 0.0236927315 0.0154845521 0.0086065168 0.0257538194 0.0167831979 0.0095786811 0.0106895164 0.0147041685 0.01213521 0.0091530332 0.01699123 0.018520618 0.0186242238 0.0195289777 0.0070864662 0.0078759741 0.0148508376 0.0198979403 0.0207965979 0.0145019834 0.0113604618 
41 0.0270006979 0.0091566108 0.0221520184 0.0192359944 0.0076100673 0.0098192344 0.0110474769 0.0102955904 0.0166478218 0.0141076262 0.0226780163 0.0192538159 0.0081700041 0.0078049103 0.016251464 0.0224626324 0.0193596145 0.0127362921 0.0144106932 0.0093413825 0.0184812559 0.0198009058 0.021441606 0.0145547016 0.0185521047 0.0213007837 0.0149189648 0.0119290163 0.0102271 0.0136396616 0.0080373866 0.0099663132 0.007934128 0.0145687798 0.0157411418 0.0122616398 0.0153724232 0.0120164864 0.0208762362 0.0188659639 0.0058446457 0.0343404822 0.0204767714 0.0104578231 0.0209338048 0.0105325077 0.0113718507 0.0156138572 0.0159381734 0.0077079601 0.024311067 0.016643575 0.0206450713 0.0190195788 0.0158972303 0.023881662 0.0125180508 0.0155898026 0.0097837703 0.0129602199 0.0198152126 0.0179035889 0.0190460548 0.0187386765 
42 0.028694972 0.0068862504 0.0194965636 0.0020211021 0.0148610954 0.0108797512 0.0156050231 0.0269531803 0.0118524284 0.0140664315 0.0057901736 0.0068093094 0.0157406686 0.0179274751 0.0111462134 0.0154736669 0.0214697061 0.0098661928 0.0133142837 0.0160209523 0.022951503 0.0193121998 0.0202164411 0.0158967455 0.0139958387 0.0269061598 0.0109112817 0.0119137851 0.0148810645 0.021018207 0.0142742722 0.0050023813 0.0114649732 0.0149474227 0.0181187784 0.0258938156 0.020956796 0.0127681369 0.0168011867 0.01904953 0.0343404822 0.0282864015 0.0144300896 0.0232797781 0.0147883925 0.0086493812 0.0161884108 0.0190765266 0.0038561674 0.0172150574 0.013151472 0.0197759098 0.0142118293 0.0096894277 0.014234322 0.0026550617 0.0008481235 0.0115862038 0.0246646108 0.0237916087 0.0179505745 0.0113073952 0.0183017033 0.0155651113 
43 0.0232432493 0.0180401598 0.0211938641 0.0208563758 0.0136832366 0.0166865219 0.019460469 0.017439826 0.0137045216 0.0085325023 0.0329551285 0.0158109216 0.0135251324 0.0158348 0.0173117039 0.0199425975 0.0195223031 0.0169083686 0.0133558262 0.0021881796 0.0264015181 0.0104536982 0.0252284413 0.0083921634 0.0072426518 0.0235794807 0.0166818154 0.0140093235 0.0038486261 0.0174952182 0.0185515481 0.0094499497 0.0084123781 0.0177334913 0.0091233345 0.0231907959 0.0192272876 0.0126558881 0.0057320879 0.0216776871 0.0204767714 0.0144300896 0.0053983488 0.0188165918 0.0251058386 0.0096850122 0.0143335766 0.0126932481 0.0071784127 0.0259974093 0.0095515282 0.0174157062 0.0226797951 0.0146880966 0.0117263061 0.0164772149 0.0135340188 0.019710538 0.0091636561 0.0183506096 0.0151332346 0.0134128496 0.0073707296 0.0173873445 
44 0.0102837799 0.0112498965 0.004381947 0.0175468874 0.0177710898 0.0076673579 0.0160889256 0.0141329646 0.0246723715 0.0223542331 0.0203625733 0.0154321211 0.0118720789 0.0072268077 0.0088794137 0.0207939733 0.0191078109 0.0112712266 0.0138180503 0.0118841294 0.028535171 0.0082736334 0.0092356454 0.0106074202 0.0103779641 0.0059055581 0.0144896231 0.0234001132 0.0117192166 0.0248410036 0.0167058481 0.0292501921 0.0134520048 0.0170146436 0.0102665144 0.0124409693 0.0140660573 0.0142036485 0.0211120241 0.0236927315 0.0104578231 0.0232797781 0.0188165918 0.0071860432 0.0162750339 0.0124358825 0.0128845049 0.0213463912 0.0161135327 0.0237129542 0.0152149949 0.0210954089 0.0095408264 0.0164395264 0.0110004531 0.0073824315 0.0266658238 0.0222825947 0.0102554953 0.0156948927 0.0162808526 0.0219294878 0.0157072486 0.0216138066 
45 0.0109733146 0.008977091 0.009752032 0.0194420008 0.012904267 0.0070489529 0.0154395038 0.0117175614 0.0193430083 0.0184394382 0.0118705078 0.011879285 0.0086147912 0.0197980608 0.0189056688 0.004393886 0.0169404733 0.020747857 0.0182063635 0.0150173376 0.0114681693 0.0192145064 0.0105672609 0.0146775752 0.020174123 0.0155356875 0.0057755466 0.0283201565 0.0145579577 0.0222920096 0.0103971431 0.0144876628 0.0153020914 0.0135681828 0.0184918433 0.0084691879 0.0128672684 0.0189971252 0.019631632 0.0154845521 0.0209338048 0.0147883925 0.0251058386 0.0162750339 0.0194925729 0.0208316707 0.0188270766 0.0139288715 0.0117265251 0.0194448838 0.0205381278 0.018947878 0.0143937622 0.0052344523 0.0197378312 0.0198941066 0.0068058012 0.0137824378 0.0150284437 0.0134168625 0.0230075349 0.0158155668 0.0311908723 0.0101605696 
46 0.0132675919 0.0160798302 0.0112735019 0.0186991726 0.0260145145 0.0135709313 0.0214284074 0.0252639562 0.017859334 0.0225111667 0.0124247525 0.0174913955 0.0060614026 0.0182658673 0.012849821 0.0143453681 0.0202508457 0.0170488099 0.019496005 0.0132426826 0.0119049253 0.0137323704 0.0118395931 0.0131316268 0.0164822287 0.0152235072 0.0212848319 0.020015687 0.0145161427 0.0211700505 0.0173534454 0.0178741107 0.0305767636 0.0131171845 0.0126233671 0.0107555674 0.0084469533 0.0147532863 0.0226617565 0.0086065168 0.0105325077 0.0086493812 0.0096850122 0.0124358825 0.0208316707 0.0096654464 0.0102618507 0.0117344888 0.0082537014 0.0237544755 0.0106959232 0.008858032 0.0113722779 0.019038905 0.0142343345 0.0242303354 0.0199002 0.0170756279 0.0109482877 0.0107964185 0.0206677632 0.0214598824 0.020321974 0.011080349 
47 0.021725242 0.0201228466 0.0132027247 0.0136588722 0.0201820697 0.0150173826 0.0090031706 0.0084071715 0.0171879069 0.0174006382 0.024459445 0.0135825996 0.012347549 0.0229443538 0.0172062892 0.0229937406 0.0136098196 0.017352803 0.0187594475 0.0140846513 0.0209060415 0.016152659 0.0185915377 0.0113240031 0.0056920114 0.0198598648 0.0237117841 0.0142581489 0.0118226517 0.0116881168 0.0100901649 0.0119575421 0.0111260095 0.0187988867 0.0212649806 0.0208842353 0.0166831842 0.0166450114 0.0156635222 0.0257538194 0.0113718507 0.0161884108 0.0143335766 0.0128845049 0.0188270766 0.0102618507 0.0049275881 0.018618247 0.0235632328 0.0065063165 0.0145454665 0.0307189303 0.0105580614 0.0087706303 0.0075645958 0.0140167224 0.0139721517 0.0099227072 0.0067496262 0.0122133131 0.0144442544 0.0205519971 0.0234128642 0.0189531254 
48 0.0190360457 0.0208909341 0.011582749 0.0126532224 0.0049037732 0.0260888369 0.0128501523 0.0158772503 0.0137885302 0.0133974093 0.0226584697 0.0148852792 0.0218701072 0.0157435992 0.0123637539 0.0157605034 0.0069702435 0.0126710893 0.0228838255 0.0219518171 0.013804933 0.0142142877 0.0084091349 0.0150404253 0.0236728531 0.01913174 0.0172581731 0.0114525681 0.0054973597 0.0043243066 0.0183055876 0.018539625 0.0137520871 0.0309452325 0.0216589674 0.0222062596 0.0122424748 0.0133395377 0.011390494 0.0167831979 0.0156138572 0.0190765266 0.0126932481 0.0213463912 0.0139288715 0.0117344888 0.018618247 0.0090938651 0.0104625255 0.0134699947 0.013968188 0.0218788432 0.0125924257 0.0066751961 0.0105334178 0.0166495812 0.0315195706 0.020754699 0.0154959591 0.0183547289 0.0195258534 0.0132125692 0.0169267135 0.0050774022 
