32
1 0.0378428397 0.0151291419 0.0330436012 0.023946919 0.0383004308 0.048032494 0.019338848 0.0417031862 0.0224124186 0.0284190907 0.0352377526 0.0397811361 0.0389345211 0.0261620991 0.017345257 0.0221224465 0.0223263618 0.0393134134 0.0092884582 0.0338805228 0.0364556535 0.0198314039 0.0318313464 0.0595871639 0.0107348328 0.0280937834 0.0146016634 0.0279623948 0.0434992409 0.0503993006 0.0363224046 0.0481198732 
2 0.0151291419 0.0671912864 0.0312864107 0.0369855922 0.0267929847 0.0106497084 0.0349102324 0.0357097594 0.0392517936 0.0366764862 0.0461583881 0.0275484121 0.04516679 0.0123040758 0.0191647415 0.0210486641 0.0448060078 0.0480337426 0.0282830275 0.019197479 0.0188218722 0.0202239158 0.0566104692 0.0199135735 0.012265273 0.0407612412 0.0173801062 0.0467544086 0.0310069501 0.0431379042 0.0347711768 0.012058385 
3 0.0330436012 0.0312864107 0.0465258753 0.0254126817 0.0174288256 0.0216064372 0.0211591152 0.0568482771 0.0405407243 0.0274613007 0.0242155093 0.0257134186 0.0057427517 0.0431775334 0.0382374552 0.0215381892 0.0173391633 0.0266787334 0.0391628282 0.0263745538 0.0409287248 0.0702217542 0.0217311855 0.0264585576 0.0347262997 0.0149904709 0.0462429908 0.0171382465 0.0331975646 0.0199260805 0.039723953 0.0452207867 
4 0.023946919 0.0369855922 0.0254126817 0.0186331885 0.0245669115 0.0311485431 0.0326846629 0.0049571581 0.0386141438 0.0461380266 0.0221588815 0.0146117027 0.0498161092 0.0143144128 0.0610524999 0.0263578151 0.0159525601 0.0531358874 0.0439551576 0.0547988309 0.0256180207 0.0506170911 0.0308115042 0.0259595617 0.0209496978 0.0303332719 0.02390616 0.0252172964 0.024612382 0.0224928829 0.0517390266 0.02850142 
5 0.0383004308 0.0267929847 0.0174288256 0.0245669115 0.0352969251 0.0196599988 0.0261171431 0.0342369622 0.0483329044 0.0533266601 0.0589110373 0.0193251042 0.0159243189 0.0465121544 0.0386196067 0.0509157898 0.0386228725 0.0326742326 0.0141177012 0.0222106429 0.0105297881 0.0265416566 0.0437858849 0.0190210636 0.0298971489 0.0131507152 0.0235331912 0.0256730629 0.0242650205 0.0523160085 0.0297566819 0.0396365708 
6 0.048032494 0.0106497084 0.0216064372 0.0311485431 0.0196599988 0.0021411828 0.0417441203 0.0382945535 0.0366376022 0.0106965536 0.0389794812 0.023874985 0.0268043215 0.0365050879 0.0399765813 0.0423699746 0.0400052817 0.0177870418 0.0310453898 0.0574487846 0.0437381583 0.0162428976 0.0439299005 0.0475740503 0.0349191475 0.039129353 0.0310388411 0.0337269124 0.0286343529 0.0189325818 0.0191094179 0.0276162633 
7 0.019338848 0.0349102324 0.0211591152 0.0326846629 0.0261171431 0.0417441203 0.062676681 0.037001713 0.0302346411 0.0333506092 0.0331438296 0.0372000104 0.0252998379 0.0390321379 0.0183301345 0.0681213592 0.0206967906 0.0255200941 0.041027332 0.0112789807 0.0347569303 0.0330490666 0.044188122 0.0359586078 0.0054447389 0.0364910401 0.0293270184 0.0470415677 0.015881995 0.0390472836 0.0148464167 0.0050989396 
8 0.0417031862 0.0357097594 0.0568482771 0.0049571581 0.0342369622 0.0382945535 0.037001713 0.0614789364 0.0354022057 0.0245022652 0.0274339654 0.028986662 0.0253462378 0.0378038188 0.0273493828 0.0385523727 0.0286892655 0.0503530614 0.0419430308 0.0225417972 0.0262650267 0.0217537437 0.0117347 0.0270124757 0.0311362366 0.0224888782 0.0253498988 0.0197343457 0.0528949422 0.0153337403 0.0238430061 0.0233183949 
9 0.0224124186 0.0392517936 0.0405407243 0.0386141438 0.0483329044 0.0366376022 0.0302346411 0.0354022057 0.0191074585 0.0190078806 0.0325185043 0.0088272937 0.0562853549 0.0428313609 0.041008399 0.0372518765 0.0286507846 0.0449696184 0.0246347258 0.0397888313 0.0158925321 0.0217479144 0.0382526016 0.0240822575 0.0289246491 0.0318866531 0.0210160851 0.0256529338 0.0216903413 0.0305775495 0.0165303324 0.0374376278 
10 0.0284190907 0.0366764862 0.0274613007 0.0461380266 0.0533266601 0.0106965536 0.0333506092 0.0245022652 0.0190078806 0.0361827005 0.0154081272 0.0178444819 0.0415190521 0.055638066 0.0146886742 0.0335286088 0.0167941606 0.040245332 0.0140305887 0.0543703243 0.032911995 0.0425729286 0.0247947203 0.0283104896 0.0346274698 0.0411194801 0.0290354018 0.0625758824 0.019693681 0.0245554809 0.023828404 0.016145077 
11 0.0352377526 0.0461583881 0.0242155093 0.0221588815 0.0589110373 0.0389794812 0.0331438296 0.0274339654 0.0325185043 0.0154081272 0.0331078242 0.0563157357 0.0254559403 0.0530985889 0.0460701228 0.0265272734 0.0154647634 0.0144956239 0.024514507 0.0278994682 0.0196529448 0.0332697554 0.0222606096 0.0324981234 0.0528278922 0.036716784 0.035625767 0.0283521489 0.0190099563 0.0100404236 0.0260397077 0.0265905627 
12 0.0397811361 0.0275484121 0.0257134186 0.0146117027 0.0193251042 0.023874985 0.0372000104 0.028986662 0.0088272937 0.0178444819 0.0563157357 0.0075812551 0.0392055296 0.0175233582 0.0291184544 0.0411974671 0.0164555192 0.0307994113 0.0513639983 0.0219365617 0.0211053758 0.0434756078 0.0201029607 0.0186946023 0.0335530094 0.0607429407 0.0252530587 0.0664187789 0.0281294672 0.039063117 0.0273715051 0.0608790789 
13 0.0389345211 0.04516679 0.0057427517 0.0498161092 0.0159243189 0.0268043215 0.0252998379 0.0253462378 0.0562853549 0.0415190521 0.0254559403 0.0392055296 0.0037760233 0.0174885976 0.0341961439 0.0278703233 0.0319612735 0.0231320729 0.0392368032 0.0171692575 0.0242807688 0.0433930482 0.0075446572 0.0522047432 0.0206617223 0.0351474155 0.0407441248 0.0464267679 0.0087334359 0.0506236267 0.0389473009 0.0409611283 
14 0.0261620991 0.0123040758 0.0431775334 0.0143144128 0.0465121544 0.0365050879 0.0390321379 0.0378038188 0.0428313609 0.055638066 0.0530985889 0.0175233582 0.0174885976 0.0226532245 0.0351434908 0.02016412 0.0096663302 0.0315983944 0.0404636506 0.0359643849 0.0455498673 0.0189172979 0.0341540538 0.0225531137 0.0410678425 0.0251630866 0.0590821689 0.0337162079 0.0002090676 0.0419207238 0.0285591439 0.0110625388 
15 0.017345257 0.0191647415 0.0382374552 0.0610524999 0.0386196067 0.0399765813 0.0183301345 0.0273493828 0.041008399 0.0146886742 0.0460701228 0.0291184544 0.0341961439 0.0351434908 0.0552359459 0.0295281476 0.0243196533 0.0217342096 0.0399124003 0.0338366711 0.0247855877 0.0157865343 0.0342204834 0.0090522754 0.0169915073 0.0226263443 0.0428625075 0.0586347662 0.0108491026 0.0253512603 0.0291099951 0.0448616643 
16 0.0221224465 0.0210486641 0.0215381892 0.0263578151 0.0509157898 0.0423699746 0.0681213592 0.0385523727 0.0372518765 0.0335286088 0.0265272734 0.0411974671 0.0278703233 0.02016412 0.0295281476 0.017666689 0.0421205305 0.0127611007 0.0455770733 0.0085812689 0.0382257816 0.037220041 0.0372854693 0.0189107168 0.0349866379 0.0505424036 0.0214216181 0.0190411497 0.0232412882 0.0279802743 0.0152132744 0.0421302548 
17 0.0223263618 0.0448060078 0.0173391633 0.0159525601 0.0386228725 0.0400052817 0.0206967906 0.0286892655 0.0286507846 0.0167941606 0.0154647634 0.0164555192 0.0319612735 0.0096663302 0.0243196533 0.0421205305 0.075806603 0.0418981675 0.0185909328 0.0177834118 0.0435619884 0.0176205426 0.0490463014 0.046296603 0.0164615355 0.0415064207 0.0347680025 0.0400474749 0.0512031136 0.008672858 0.0639759983 0.0188887274 
18 0.0393134134 0.0480337426 0.0266787334 0.0531358874 0.0326742326 0.0177870418 0.0255200941 0.0503530614 0.0449696184 0.040245332 0.0144956239 0.0307994113 0.0231320729 0.0315983944 0.0217342096 0.0127611007 0.0418981675 0.0366978789 0.0355021223 0.0276063583 0.0493003729 0.0257978935 0.0208069223 0.0226022339 0.047520957 0.016851845 0.0233747954 0.0108341036 0.0332902639 0.0252925669 0.0318825324 0.0375090163 
19 0.0092884582 0.0282830275 0.0391628282 0.0439551576 0.0141177012 0.0310453898 0.041027332 0.0419430308 0.0246347258 0.0140305887 0.024514507 0.0513639983 0.0392368032 0.0404636506 0.0399124003 0.0455770733 0.0185909328 0.0355021223 0.0250591302 0.026292321 0.0135051809 0.0400974119 0.0282061462 0.0448291855 0.0466926944 0.0435257231 0.0230919619 0.0298129355 0.0294318918 0.0209859576 0.0251495679 0.0206701646 
20 0.0338805228 0.019197479 0.0263745538 0.0547988309 0.0222106429 0.0574487846 0.0112789807 0.0225417972 0.0397888313 0.0543703243 0.0278994682 0.0219365617 0.0171692575 0.0359643849 0.0338366711 0.0085812689 0.0177834118 0.0276063583 0.026292321 0.0476765509 0.0476506352 0.0411727023 0.0255426869 0.0251165837 0.027023507 0.0282718143 0.0 0.0355944934 0.0799269232 0.0215787671 0.0311421042 0.0303427809 
21 0.0364556535 0.0188218722 0.0409287248 0.0256180207 0.0105297881 0.0437381583 0.0347569303 0.0262650267 0.0158925321 0.032911995 0.0196529448 0.0211053758 0.0242807688 0.0455498673 0.0247855877 0.0382257816 0.0435619884 0.0493003729 0.0135051809 0.0476506352 0.0403409433 0.0358294295 0.0245797026 0.0293158538 0.0292060319 0.0092103947 0.0409621667 0.0068317734 0.0471752175 0.0186002034 0.0973565993 0.0070544791 
22 0.0198314039 0.0202239158 0.0702217542 0.0506170911 0.0265416566 0.0162428976 0.0330490666 0.0217537437 0.0217479144 0.0425729286 0.0332697554 0.0434756078 0.0433930482 0.0189172979 0.0157865343 0.037220041 0.0176205426 0.0257978935 0.0400974119 0.0411727023 0.0358294295 0.0102196935 0.0160212586 0.0330428253 0.0192761316 0.0520361267 0.0314848734 0.0349739274 0.0612857353 0.0189852734 0.0112891234 0.0360023945 
23 0.0318313464 0.0566104692 0.0217311855 0.0308115042 0.0437858849 0.0439299005 0.044188122 0.0117347 0.0382526016 0.0247947203 0.0222606096 0.0201029607 0.0075446572 0.0341540538 0.0342204834 0.0372854693 0.0490463014 0.0208069223 0.0282061462 0.0255426869 0.0245797026 0.0160212586 0.0513775897 0.0254656515 0.0604565457 0.0254074952 0.0348949505 0.0232581844 0.02564052 0.0444022057 0.0260313406 0.0156238301 
24 0.0595871639 0.0199135735 0.0264585576 0.0259595617 0.0190210636 0.0475740503 0.0359586078 0.0270124757 0.0240822575 0.0283104896 0.0324981234 0.0186946023 0.0522047432 0.0225531137 0.0090522754 0.0189107168 0.046296603 0.0226022339 0.0448291855 0.0251165837 0.0293158538 0.0330428253 0.0254656515 0.0095206057 0.0385563928 0.0360040397 0.0326776432 0.0400650801 0.0244487162 0.0399668534 0.0447659859 0.0395343704 
25 0.0107348328 0.012265273 0.0347262997 0.0209496978 0.0298971489 0.0349191475 0.0054447389 0.0311362366 0.0289246491 0.0346274698 0.0528278922 0.0335530094 0.0206617223 0.0410678425 0.0169915073 0.0349866379 0.0164615355 0.047520957 0.0466926944 0.027023507 0.0292060319 0.0192761316 0.0604565457 0.0385563928 0.0158473243 0.0257670291 0.03984513 0.0241408909 0.0376324272 0.0738372661 0.019977725 0.0340443057 
26 0.0280937834 0.0407612412 0.0149904709 0.0303332719 0.0131507152 0.039129353 0.0364910401 0.0224888782 0.0318866531 0.0411194801 0.036716784 0.0607429407 0.0351474155 0.0251630866 0.0226263443 0.0505424036 0.0415064207 0.016851845 0.0435257231 0.0282718143 0.0092103947 0.0520361267 0.0254074952 0.0360040397 0.0257670291 0.0328535012 0.0209525774 0.0088786522 0.0250257645 0.0385554941 0.0331788515 0.0325904087 
27 0.0146016634 0.0173801062 0.0462429908 0.02390616 0.0235331912 0.0310388411 0.0293270184 0.0253498988 0.0210160851 0.0290354018 0.035625767 0.0252530587 0.0407441248 0.0590821689 0.0428625075 0.0214216181 0.0347680025 0.0233747954 0.0230919619 0.0 0.0409621667 0.0314848734 0.0348949505 0.0326776432 0.03984513 0.0209525774 0.0509610287 0.032742711 0.0294649613 0.0253382499 0.0234091424 0.0696112039 
28 0.0279623948 0.0467544086 0.0171382465 0.0252172964 0.0256730629 0.0337269124 0.0470415677 0.0197343457 0.0256529338 0.0625758824 0.0283521489 0.0664187789 0.0464267679 0.0337162079 0.0586347662 0.0190411497 0.0400474749 0.0108341036 0.0298129355 0.0355944934 0.0068317734 0.0349739274 0.0232581844 0.0400650801 0.0241408909 0.0088786522 0.032742711 0.0253208768 0.0238620048 0.0338565271 0.023179116 0.0225343778 
29 0.0434992409 0.0310069501 0.0331975646 0.024612382 0.0242650205 0.0286343529 0.015881995 0.0528949422 0.0216903413 0.019693681 0.0190099563 0.0281294672 0.0087334359 0.0002090676 0.0108491026 0.0232412882 0.0512031136 0.0332902639 0.0294318918 0.0799269232 0.0471752175 0.0612857353 0.02564052 0.0244487162 0.0376324272 0.0250257645 0.0294649613 0.0238620048 0.0587090727 0.0175221576 0.0141289003 0.055703542 
30 0.0503993006 0.0431379042 0.0199260805 0.0224928829 0.0523160085 0.0189325818 0.0390472836 0.0153337403 0.0305775495 0.0245554809 0.0100404236 0.039063117 0.0506236267 0.0419207238 0.0253512603 0.0279802743 0.008672858 0.0252925669 0.0209859576 0.0215787671 0.0186002034 0.0189852734 0.0444022057 0.0399668534 0.0738372661 0.0385554941 0.0253382499 0.0338565271 0.0175221576 0.0162973179 0.0563759336 0.0280341298 
31 0.0363224046 0.0347711768 0.039723953 0.0517390266 0.0297566819 0.0191094179 0.0148464167 0.0238430061 0.0165303324 0.023828404 0.0260397077 0.0273715051 0.0389473009 0.0285591439 0.0291099951 0.0152132744 0.0639759983 0.0318825324 0.0251495679 0.0311421042 0.0973565993 0.0112891234 0.0260313406 0.0447659859 0.019977725 0.0331788515 0.0234091424 0.023179116 0.0141289003 0.0563759336 0.0237827532 0.0186625786 
32 0.0481198732 0.012058385 0.0452207867 0.02850142 0.0396365708 0.0276162633 0.0050989396 0.0233183949 0.0374376278 0.016145077 0.0265905627 0.0608790789 0.0409611283 0.0110625388 0.0448616643 0.0421302548 0.0188887274 0.0375090163 0.0206701646 0.0303427809 0.0070544791 0.0360023945 0.0156238301 0.0395343704 0.0340443057 0.0325904087 0.0696112039 0.0225343778 0.055703542 0.0280341298 0.0186625786 0.0235551242 
