40
1 0.0 0.025914723 0.0253564398 0.042086333 0.0101073629 0.0081429456 0.0158524793 0.042825367 0.0398310226 0.0148772861 0.0291758931 0.0257970198 0.0065358468 0.0401178001 0.0132190871 0.0331729894 0.0200436698 0.0084043799 0.0500166817 0.0371781053 0.0427448008 0.032201684 0.0219402889 0.0307445696 0.0232628055 0.0030948772 0.0206292485 0.0275666613 0.0467721406 0.0284251196 0.0304116594 0.023673717 0.0285362638 0.0127623599 0.0069456255 0.0246286715 0.0233243818 0.030942432 0.0236381184 0.0290991424
2 0.025914723 0.0 0.0041923689 0.0273013261 0.0216551787 0.0170818737 0.0286261641 0.0382019457 0.0443696562 0.0276294241 0.0227866392 0.0353913189 0.0273569778 0.0337388236 0.0227617199 0.0190624336 0.0248028871 0.0083277118 0.0322988193 0.0175424948 0.0348401438 0.018677847 0.0345570221 0.0364800658 0.0246349554 0.0245211019 0.0318695161 0.03724064 0.0340680189 0.0096948156 0.0323571754 0.0292373301 0.0270563917 0.0169764813 0.0265469241 0.020754772 0.0321703898 0.0105649673 0.0281825855 0.01052637
3 0.0253564398 0.0041923689 0.0 0.0261983787 0.0123769832 0.0099147534 0.0227867945 0.011534456 0.0250708196 0.0464666206 0.014026755 0.0196099716 0.0338127593 0.0522584353 0.0381334068 0.0217390262 0.0318542827 0.0235779037 0.0141113913 0.0147531724 0.0410310785 0.014473212 0.0232725955 0.0341971932 0.0310130441 0.0372964169 0.0325058821 0.0240534462 0.0260047955 0.014008035 0.0259746843 0.0283554381 0.0331616651 0.0214051794 0.0378019907 0.0260949489 0.0404553436 0.0260061427 0.0193021816 0.0158120075
4 0.042086333 0.0273013261 0.0261983787 0.0 0.0177728285 0.0183821314 0.0208739005 0.0446514151 0.016832899 0.0132086195 0.0076719658 0.0294727536 0.0092171588 0.0198909873 0.0109929527 0.0238913269 0.0392626573 0.039235628 0.0445516302 0.0200094556 0.0167317949 0.0314761529 0.0108443137 0.0377597679 0.043044325 0.0185168993 0.02542288 0.0186469226 0.017153083 0.031464682 0.0195967267 0.0258697408 0.0418623021 0.0222907382 0.025024963 0.0411400355 0.014147609 0.0375305186 0.0198866088 0.0300855878
5 0.0101073629 0.0216551787 0.0123769832 0.0177728285 0.0 0.0266292923 0.0293806262 0.0213120245 0.0278944617 0.0380625211 0.0343258209 0.0157290261 0.0349854308 0.0214368691 0.0220932002 0.0327069345 0.0300339685 0.033786705 0.0310401396 0.0370144612 0.0314089923 0.0321068966 0.03295056 0.0171326226 0.0256508831 0.027162351 0.0129036751 0.0302712354 0.0233984842 0.0134976213 0.0142315568 0.026246717 0.0205505941 0.0287988245 0.0163210531 0.0331987965 0.0167861143 0.0256967698 0.038266414 0.0350760039
6 0.0081429456 0.0170818737 0.0099147534 0.0183821314 0.0266292923 0.0 0.0281804969 0.0150649805 0.0480377563 0.0180464312 0.0282492224 0.0291959064 0.0421853866 0.0355108995 0.0038310972 0.0282662219 0.0466340994 0.0317653172 0.0084195831 0.0166750709 0.0086918122 0.0323859635 0.0152584555 0.0201143142 0.0206933273 0.0069394891 0.0270485649 0.0252579893 0.0268178817 0.016977392 0.0279477828 0.0119946103 0.0488651449 0.0305393186 0.0360245656 0.0438624183 0.0398200396 0.046271775 0.0262539505 0.0280217392
7 0.0158524793 0.0286261641 0.0227867945 0.0208739005 0.0293806262 0.0281804969 0.0 0.018631354 0.0189187158 0.0169071606 0.0414938938 0.0189432262 0.0174883011 0.0186522836 0.0299326841 0.0276495331 0.0224811359 0.0363870412 0.0222150013 0.0516341428 0.0200382682 0.0149493398 0.0317307033 0.0212082746 0.0351246307 0.0395758293 0.0213858921 0.023615643 0.0370044241 0.0124245586 0.010712898 0.0316292974 0.0253181919 0.0302069932 0.0248647592 0.0301187761 0.0270558897 0.0193758478 0.0212340545 0.0353907934
8 0.042825367 0.0382019457 0.011534456 0.0446514151 0.0213120245 0.0150649805 0.018631354 0.0 0.0283205341 0.03150773 0.0355088174 0.0282416804 0.024047046 0.0232719579 0.0269287373 0.0479573185 0.0174009526 0.0064405698 0.0228237307 0.042027198 0.0261045587 0.0181064059 0.0160903977 0.0275891081 0.0392331143 0.0368594997 0.0462658677 0.019824494 0.0207147053 0.0177633432 0.0259183334 0.0131231362 0.0158135304 0.0348679817 0.0245064485 0.0407069376 0.0165235571 0.0097461194 0.0084887004 0.0150559453
9 0.0398310226 0.0443696562 0.0250708196 0.016832899 0.0278944617 0.0480377563 0.0189187158 0.0283205341 0.0 0.0185791736 0.0226064262 0.025693527 0.0351483627 0.0368675481 0.024036327 0.0363225583 0.0201332182 0.0402343485 0.0177000674 0.0093156214 0.0220674856 0.0238988098 0.0264299947 0.0172093455 0.036726487 0.0084727659 0.0278582452 0.0407813273 0.0243644423 0.0279444886 0.0206768543 0.0174672289 0.0380197194 0.0094759512 0.0273831289 0.0243066238 0.021713409 0.0223068948 0.019420803 0.0075629512
10 0.0148772861 0.0276294241 0.0464666206 0.0132086195 0.0380625211 0.0180464312 0.0169071606 0.03150773 0.0185791736 0.0 0.0265474581 0.020340851 0.0238256622 0.0228541155 0.023734352 0.0289302738 0.0133017654 0.0217700615 0.0138979107 0.0354160634 0.0349567302 0.0254667175 0.0301086028 0.0337665568 0.0347500997 0.0274617049 0.025077496 0.03010466 0.017182361 0.0362511305 0.0091244177 0.0292276837 0.0170111242 0.0195587919 0.0194610212 0.0479276996 0.0317931107 0.0198674269 0.023913128 0.0310860562
11 0.0291758931 0.0227866392 0.014026755 0.0076719658 0.0343258209 0.0282492224 0.0414938938 0.0355088174 0.0226064262 0.0265474581 0.0 0.0257045685 0.0458616773 0.026896036 0.0364086578 0.026316788 0.0244633873 0.0325230674 0.0312170965 0.0347469072 0.0064832758 0.033001383 0.0114396968 0.0107916478 0.0017632852 0.0194342793 0.0342452173 0.0232532481 0.0330169929 0.0352957126 0.0316474575 0.0151908271 0.0199343168 0.0232162855 0.0350560956 0.029113619 0.0233863326 0.0203425522 0.0228063904 0.0240503065
12 0.0257970198 0.0353913189 0.0196099716 0.0294727536 0.0157290261 0.0291959064 0.0189432262 0.0282416804 0.025693527 0.020340851 0.0257045685 0.0 0.0128755847 0.0289125804 0.0226414834 0.0267851269 0.0298504086 0.0393281751 0.0037921089 0.0333889998 0.014945454 0.0369652531 0.041997298 0.0269613937 0.0325363517 0.0321649704 0.0130460649 0.0083918865 0.0112987956 0.0319849525 0.0239467085 0.0241104322 0.0306746027 0.0459060107 0.0332292112 0.0120075932 0.0232473958 0.0279253744 0.0226459961 0.0343199377
13 0.0065358468 0.0273569778 0.0338127593 0.0092171588 0.0349854308 0.0421853866 0.0174883011 0.024047046 0.0351483627 0.0238256622 0.0458616773 0.0128755847 0.0 0.0235751514 0.0334832226 0.0074229873 0.0200934101 0.0320302124 0.011403791 0.0099102824 0.0093068019 0.0379366159 0.0389323969 0.0196640446 0.0357056302 0.0329014634 0.0229844916 0.0161228417 0.0283505896 0.016296324 0.036097397 0.0267607137 0.0290521712 0.0482146252 0.0244454238 0.0285096699 0.0204627712 0.0443592282 0.004309615 0.0283279336
14 0.0401178001 0.0337388236 0.0522584353 0.0198909873 0.0214368691 0.0355108995 0.0186522836 0.0232719579 0.0368675481 0.0228541155 0.026896036 0.0289125804 0.0235751514 0.0 0.0162387865 0.0210433359 0.0218155169 0.0302453099 0.0214319676 0.003886357 0.0471769761 0.0273982197 0.0230431023 0.036270989 0.021797088 0.037401673 0.0112073092 0.0428433565 0.0226768938 0.0254690857 0.0328081991 0.0183910891 0.007443532 0.0216037739 0.0206593662 0.027148855 0.0135552821 0.0244897305 0.0221557104 0.0178150065
15 0.0132190871 0.0227617199 0.0381334068 0.0109929527 0.0220932002 0.0038310972 0.0299326841 0.0269287373 0.024036327 0.023734352 0.0364086578 0.0226414834 0.0334832226 0.0162387865 0.0 0.0239501347 0.028046406 0.0229135173 0.0402933515 0.0393980419 0.0202885707 0.0306053533 0.0261414049 0.0310895318 0.0231408247 0.0145848507 0.012588569 0.0410466362 0.0305224591 0.0276158285 0.0314233468 0.034271894 0.01802387 0.0298399354 0.0323575329 0.0229690853 0.0186954635 0.0391617161 0.0221046871 0.0144912741
16 0.0331729894 0.0190624336 0.0217390262 0.0238913269 0.0327069345 0.0282662219 0.0276495331 0.0479573185 0.0363225583 0.0289302738 0.026316788 0.0267851269 0.0074229873 0.0210433359 0.0239501347 0.0 0.0343006978 0.0263204182 0.0212339753 0.017118034 0.0259051359 0.0387104007 0.0177414981 0.0266336486 0.0127262622 0.0238469031 0.035535686 0.0262169 0.0227871106 0.0220230361 0.0374193172 0.0511546945 0.0137422251 0.010487235 0.0187574884 0.0125695726 0.034828268 0.0174736788 0.0133241288 0.0339266958
17 0.0200436698 0.0248028871 0.0318542827 0.0392626573 0.0300339685 0.0466340994 0.0224811359 0.0174009526 0.0201332182 0.0133017654 0.0244633873 0.0298504086 0.0200934101 0.0218155169 0.028046406 0.0343006978 0.0 0.0132788971 0.020313945 0.0217797723 0.0378482464 0.0113888024 0.02365985 0.029160111 0.021793122 0.0292387389 0.0187201924 0.0329212897 0.0256366834 0.0273491701 0.0174778139 0.0358892595 0.0233124867 0.02623179 0.0104149864 0.0417725711 0.0325455306 0.0084664353 0.0331549757 0.0331268668
18 0.0084043799 0.0083277118 0.0235779037 0.039235628 0.033786705 0.0317653172 0.0363870412 0.0064405698 0.0402343485 0.0217700615 0.0325230674 0.0393281751 0.0320302124 0.0302453099 0.0229135173 0.0263204182 0.0132788971 0.0 0.0266940625 0.0425722403 0.0240867536 0.0408229702 0.0171743794 0.0249881761 0.0429357093 0.0139142912 0.0218444321 0.0270171221 0.0309263977 0.0208414981 0.0221008215 0.0262088432 0.0310251511 0.0117495013 0.030830863 0.0052511595 0.0154370788 0.0363678787 0.0067831251 0.0338582811
19 0.0500166817 0.0322988193 0.0141113913 0.0445516302 0.0310401396 0.0084195831 0.0222150013 0.0228237307 0.0177000674 0.0138979107 0.0312170965 0.0037921089 0.011403791 0.0214319676 0.0402933515 0.0212339753 0.020313945 0.0266940625 0.0 0.0132786459 0.0289299496 0.0161985808 0.026309418 0.017148558 0.0486098534 0.0386222225 0.0153691637 0.023653652 0.0253837304 0.0388676345 0.011470815 0.0271121353 0.0249958545 0.0367547951 0.04636623 0.024582806 0.0282770097 0.0220843304 0.0288502336 0.0236791281
20 0.0371781053 0.0175424948 0.0147531724 0.0200094556 0.0370144612 0.0166750709 0.0516341428 0.042027198 0.0093156214 0.0354160634 0.0347469072 0.0333889998 0.0099102824 0.003886357 0.0393980419 0.017118034 0.0217797723 0.0425722403 0.0132786459 0.0 0.0167893661 0.0281496846 0.0286424029 0.0156903957 0.0156701798 0.0320171606 0.0167838309 0.0261353841 0.0224387882 0.0420929236 0.0101580623 0.0213564631 0.013133683 0.0396855963 0.0333359889 0.0391399972 0.0268066298 0.0305823926 0.0286728091 0.0150731943
21 0.0427448008 0.0348401438 0.0410310785 0.0167317949 0.0314089923 0.0086918122 0.0200382682 0.0261045587 0.0220674856 0.0349567302 0.0064832758 0.014945454 0.0093068019 0.0471769761 0.0202885707 0.0259051359 0.0378482464 0.0240867536 0.0289299496 0.0167893661 0.0 0.0367645364 0.0246681418 0.0199720049 0.0378227372 0.0212570691 0.0293760445 0.0119324281 0.0243250344 0.0219081512 0.0366399452 0.0224854623 0.0245750513 0.0150793549 0.0328130993 0.0208412147 0.0278561046 0.0185786158 0.0409901109 0.021738698
22 0.032201684 0.018677847 0.014473212 0.0314761529 0.0321068966 0.0323859635 0.0149493398 0.0181064059 0.0238988098 0.0254667175 0.033001383 0.0369652531 0.0379366159 0.0273982197 0.0306053533 0.0387104007 0.0113888024 0.0408229702 0.0161985808 0.0281496846 0.0367645364 0.0 0.0238621118 0.0179560965 0.0294979085 0.0347020325 0.0258618018 0.0294871821 0.0100728407 0.0185324808 0.0334231698 0.0245785122 0.0351385757 0.0130241262 0.0168517902 0.0281502437 0.0310480475 0.0017528163 0.0276560803 0.0167193542
23 0.0219402889 0.0345570221 0.0232725955 0.0108443137 0.03295056 0.0152584555 0.0317307033 0.0160903977 0.0264299947 0.0301086028 0.0114396968 0.041997298 0.0389323969 0.0230431023 0.0261414049 0.0177414981 0.02365985 0.0171743794 0.026309418 0.0286424029 0.0246681418 0.0238621118 0.0 0.0219369703 0.0280256965 0.0314835367 0.0276466604 0.0131938856 0.0455802772 0.0201069296 0.0254813198 0.0197561707 0.0338218665 0.0242210918 0.0168510972 0.0380665474 0.0092697488 0.0289271774 0.0439621092 0.0248742798
24 0.0307445696 0.0364800658 0.0341971932 0.0377597679 0.0171326226 0.0201143142 0.0212082746 0.0275891081 0.0172093455 0.0337665568 0.0107916478 0.0269613937 0.0196640446 0.036270989 0.0310895318 0.0266336486 0.029160111 0.0249881761 0.017148558 0.0156903957 0.0199720049 0.0179560965 0.0219369703 0.0 0.0110342209 0.0193955653 0.0198412351 0.0194172825 0.0285071078 0.0185891783 0.0245882217 0.0163390996 0.0390438854 0.0487356944 0.0297193607 0.0388481939 0.0308772979 0.0382198633 0.0256517812 0.0167266257
25 0.0232628055 0.0246349554 0.0310130441 0.043044325 0.0256508831 0.0206933273 0.0351246307 0.0392331143 0.036726487 0.0347500997 0.0017632852 0.0325363517 0.0357056302 0.021797088 0.0231408247 0.0127262622 0.021793122 0.0429357093 0.0486098534 0.0156701798 0.0378227372 0.0294979085 0.0280256965 0.0110342209 0.0 0.0205803386 0.0243985824 0.0200032534 0.0151903033 0.0435644382 0.0144896532 0.0112718195 0.0191956589 0.0173054119 0.0238569765 0.0022430322 0.017432034 0.0266566218 0.0232961174 0.0433232171
26 0.0030948772 0.0245211019 0.0372964169 0.0185168993 0.027162351 0.0069394891 0.0395758293 0.0368594997 0.0084727659 0.0274617049 0.0194342793 0.0321649704 0.0329014634 0.037401673 0.0145848507 0.0238469031 0.0292387389 0.0139142912 0.0386222225 0.0320171606 0.0212570691 0.0347020325 0.0314835367 0.0193955653 0.0205803386 0.0 0.0443649032 0.0333521744 0.0251965475 0.0159505457 0.0273250722 0.0095018761 0.0316420242 0.0317878292 0.0211334762 0.0164270108 0.0291188639 0.0233969843 0.0174848245 0.0418718377
27 0.0206292485 0.0318695161 0.0325058821 0.02542288 0.0129036751 0.0270485649 0.0213858921 0.0462658677 0.0278582452 0.025077496 0.0342452173 0.0130460649 0.0229844916 0.0112073092 0.012588569 0.035535686 0.0187201924 0.0218444321 0.0153691637 0.0167838309 0.0293760445 0.0258618018 0.0276466604 0.0198412351 0.0243985824 0.0443649032 0.0 0.0269714793 0.0305564694 0.0370494763 0.0290071182 0.0324543911 0.0213206848 0.0171954952 0.0141058146 0.0426169992 0.0297246418 0.0235927621 0.0196045691 0.0310186465
28 0.0275666613 0.03724064 0.0240534462 0.0186469226 0.0302712354 0.0252579893 0.023615643 0.019824494 0.0407813273 0.03010466 0.0232532481 0.0083918865 0.0161228417 0.0428433565 0.0410466362 0.0262169 0.0329212897 0.0270171221 0.023653652 0.0261353841 0.0119324281 0.0294871821 0.0131938856 0.0194172825 0.0200032534 0.0333521744 0.0269714793 0.0 0.0219451203 0.0150370622 0.0455269547 0.0104037384 0.0420005445 0.0258534468 0.02081567 0.0061808045 0.0229090871 0.0215512412 0.0246482854 0.0438050234
29 0.0467721406 0.0340680189 0.0260047955 0.017153083 0.0233984842 0.0268178817 0.0370044241 0.0207147053 0.0243644423 0.017182361 0.0330169929 0.0112987956 0.0283505896 0.0226768938 0.0305224591 0.0227871106 0.0256366834 0.0309263977 0.0253837304 0.0224387882 0.0243250344 0.0100728407 0.0455802772 0.0285071078 0.0151903033 0.0251965475 0.0305564694 0.0219451203 0.0 0.0279419718 0.030767573 0.0218708658 0.0229664538 0.0275227063 0.0215636188 0.0287524642 0.0322448933 0.0200979815 0.0202797084 0.0180992843
30 0.0284251196 0.0096948156 0.014008035 0.031464682 0.0134976213 0.016977392 0.0124245586 0.0177633432 0.0279444886 0.0362511305 0.0352957126 0.0319849525 0.016296324 0.0254690857 0.0276158285 0.0220230361 0.0273491701 0.0208414981 0.0388676345 0.0420929236 0.0219081512 0.0185324808 0.0201069296 0.0185891783 0.0435644382 0.0159505457 0.0370494763 0.0150370622 0.0279419718 0.0 0.0313308688 0.0372265069 0.0082861832 0.0230951289 0.0399348736 0.0143488992 0.0336426152 0.0311391609 0.0383466588 0.0276815183
31 0.0304116594 0.0323571754 0.0259746843 0.0195967267 0.0142315568 0.0279477828 0.010712898 0.0259183334 0.0206768543 0.0091244177 0.0316474575 0.0239467085 0.036097397 0.0328081991 0.0314233468 0.0374193172 0.0174778139 0.0221008215 0.011470815 0.0101580623 0.0366399452 0.0334231698 0.0254813198 0.0245882217 0.0144896532 0.0273250722 0.0290071182 0.0455269547 0.030767573 0.0313308688 0.0 0.0269251227 0.0114539054 0.0283184609 0.0157017608 0.0219007175 0.0262734117 0.0420340981 0.042998592 0.0143120067
32 0.023673717 0.0292373301 0.0283554381 0.0258697408 0.026246717 0.0119946103 0.0316292974 0.0131231362 0.0174672289 0.0292276837 0.0151908271 0.0241104322 0.0267607137 0.0183910891 0.034271894 0.0511546945 0.0358892595 0.0262088432 0.0271121353 0.0213564631 0.0224854623 0.0245785122 0.0197561707 0.0163390996 0.0112718195 0.0095018761 0.0324543911 0.0104037384 0.0218708658 0.0372265069 0.0269251227 0.0 0.0416668495 0.0192012721 0.0492485652 0.0289761501 0.0201100141 0.0298189372 0.0463883885 0.0145050066
33 0.0285362638 0.0270563917 0.0331616651 0.0418623021 0.0205505941 0.0488651449 0.0253181919 0.0158135304 0.0380197194 0.0170111242 0.0199343168 0.0306746027 0.0290521712 0.007443532 0.01802387 0.0137422251 0.0233124867 0.0310251511 0.0249958545 0.013133683 0.0245750513 0.0351385757 0.0338218665 0.0390438854 0.0191956589 0.0316420242 0.0213206848 0.0420005445 0.0229664538 0.0082861832 0.0114539054 0.0416668495 0.0 0.0492942614 0.0088809846 0.0340995227 0.026877821 0.0146614824 0.0095028763 0.0180385475
34 0.0127623599 0.0169764813 0.0214051794 0.0222907382 0.0287988245 0.0305393186 0.0302069932 0.0348679817 0.0094759512 0.0195587919 0.0232162855 0.0459060107 0.0482146252 0.0216037739 0.0298399354 0.010487235 0.02623179 0.0117495013 0.0367547951 0.0396855963 0.0150793549 0.0130241262 0.0242210918 0.0487356944 0.0173054119 0.0317878292 0.0171954952 0.0258534468 0.0275227063 0.0230951289 0.0283184609 0.0192012721 0.0492942614 0.0 0.0217432899 0.0034608322 0.0143103412 0.0446155566 0.0220549047 0.0326086273
35 0.0069456255 0.0265469241 0.0378019907 0.025024963 0.0163210531 0.0360245656 0.0248647592 0.0245064485 0.0273831289 0.0194610212 0.0350560956 0.0332292112 0.0244454238 0.0206593662 0.0323575329 0.0187574884 0.0104149864 0.030830863 0.04636623 0.0333359889 0.0328130993 0.0168517902 0.0168510972 0.0297193607 0.0238569765 0.0211334762 0.0141058146 0.02081567 0.0215636188 0.0399348736 0.0157017608 0.0492485652 0.0088809846 0.0217432899 0.0 0.0095696261 0.0386618368 0.0228365683 0.0257007831 0.0396771421
36 0.0246286715 0.020754772 0.0260949489 0.0411400355 0.0331987965 0.0438624183 0.0301187761 0.0407069376 0.0243066238 0.0479276996 0.029113619 0.0120075932 0.0285096699 0.027148855 0.0229690853 0.0125695726 0.0417725711 0.0052511595 0.024582806 0.0391399972 0.0208412147 0.0281502437 0.0380665474 0.0388481939 0.0022430322 0.0164270108 0.0426169992 0.0061808045 0.0287524642 0.0143488992 0.0219007175 0.0289761501 0.0340995227 0.0034608322 0.0095696261 0.0 0.0217742293 0.014154689 0.0389441035 0.0148401116
37 0.0233243818 0.0321703898 0.0404553436 0.014147609 0.0167861143 0.0398200396 0.0270558897 0.0165235571 0.021713409 0.0317931107 0.0233863326 0.0232473958 0.0204627712 0.0135552821 0.0186954635 0.034828268 0.0325455306 0.0154370788 0.0282770097 0.0268066298 0.0278561046 0.0310480475 0.0092697488 0.0308772979 0.017432034 0.0291188639 0.0297246418 0.0229090871 0.0322448933 0.0336426152 0.0262734117 0.0201100141 0.026877821 0.0143103412 0.0386618368 0.0217742293 0.0 0.0280718997 0.0289721891 0.0297933162
38 0.030942432 0.0105649673 0.0260061427 0.0375305186 0.0256967698 0.046271775 0.0193758478 0.0097461194 0.0223068948 0.0198674269 0.0203425522 0.0279253744 0.0443592282 0.0244897305 0.0391617161 0.0174736788 0.0084664353 0.0363678787 0.0220843304 0.0305823926 0.0185786158 0.0017528163 0.0289271774 0.0382198633 0.0266566218 0.0233969843 0.0235927621 0.0215512412 0.0200979815 0.0311391609 0.0420340981 0.0298189372 0.0146614824 0.0446155566 0.0228365683 0.014154689 0.0280718997 0.0 0.0332367491 0.0170945834
39 0.0236381184 0.0281825855 0.0193021816 0.0198866088 0.038266414 0.0262539505 0.0212340545 0.0084887004 0.019420803 0.023913128 0.0228063904 0.0226459961 0.004309615 0.0221557104 0.0221046871 0.0133241288 0.0331549757 0.0067831251 0.0288502336 0.0286728091 0.0409901109 0.0276560803 0.0439621092 0.0256517812 0.0232961174 0.0174848245 0.0196045691 0.0246482854 0.0202797084 0.0383466588 0.042998592 0.0463883885 0.0095028763 0.0220549047 0.0257007831 0.0389441035 0.0289721891 0.0332367491 0.0 0.0368869523
40 0.0290991424 0.01052637 0.0158120075 0.0300855878 0.0350760039 0.0280217392 0.0353907934 0.0150559453 0.0075629512 0.0310860562 0.0240503065 0.0343199377 0.0283279336 0.0178150065 0.0144912741 0.0339266958 0.0331268668 0.0338582811 0.0236791281 0.0150731943 0.021738698 0.0167193542 0.0248742798 0.0167266257 0.0433232171 0.0418718377 0.0310186465 0.0438050234 0.0180992843 0.0276815183 0.0143120067 0.0145050066 0.0180385475 0.0326086273 0.0396771421 0.0148401116 0.0297933162 0.0170945834 0.0368869523 0.0
