50
1 0.0 0.0329556101 0.0086605573 0.0099420387 0.0201953532 0.0153921148 0.0247950379 0.0252591252 0.028076313 0.0281382274 0.0171973371 0.0173539453 0.0122296805 0.0371189652 0.0116919299 0.0061819831 0.040594626 0.02137175 0.0369206597 0.0115636456 0.0158592648 0.0234399781 0.016623472 0.0100688039 0.0129220094 0.009067154 0.0098361275 0.0343677348 0.0276903933 0.012933383 0.0209105927 0.0268085035 0.0301727344 0.0261405975 0.0299301556 0.0127908212 0.0301036846 0.0290703636 0.0216445984 0.0131008533 0.020056796 0.0079791203 0.0319612562 0.0274580055 0.0094027532 0.0061295678 0.0235327693 0.0136230167 0.0232113564 0.0175252329
2 0.0329556101 0.0 0.0124765039 0.010609387 0.0233954517 0.030709489 0.0228178175 0.0145255367 0.0213858392 0.024079696 0.0249015535 0.0253102392 0.0286776823 0.0139541688 0.017005509 0.0235713643 0.0087839368 0.0170382535 0.0182314579 0.0151500402 0.0272108367 0.0237657898 0.0165530012 0.0152402555 0.025511132 0.0195969087 0.0299086062 0.0315073911 0.013582397 0.0173748699 0.037553896 0.0318658236 0.0245578863 0.0345354943 0.0147371177 0.0072936782 0.0144481545 0.0070885062 0.022642639 0.0341838119 0.003416222 0.0109654229 0.0192299873 0.0234277248 0.0047273054 0.019821779 0.0204660732 0.0176887817 0.0189025117 0.0266164595
3 0.0086605573 0.0124765039 0.0 0.0253365703 0.0147116161 0.0146891988 0.0190205893 0.0255112374 0.0266372244 0.0012519385 0.0205986174 0.0278528643 0.022638087 0.0076452585 0.0178511025 0.0256058063 0.0324359814 0.0273098188 0.025589587 0.021815 0.0324383045 0.019588035 0.0155641435 0.0342401257 0.0116652889 0.0145394662 0.0218679633 0.0264409849 0.0359943902 0.0165432657 0.0251489724 0.0138476001 0.0223010896 0.0074919378 0.0322639257 0.0183794543 0.0208101783 0.0270392849 0.0185125755 0.02309208 0.0317437371 0.0030780506 0.0072357587 0.0163938651 0.0280801254 0.0206033867 0.0176662797 0.0182122041 0.0129572485 0.0286227183
4 0.0099420387 0.010609387 0.0253365703 0.0 0.0185092386 0.0147554392 0.0220676364 0.0061931576 0.0288070195 0.0147310662 0.0188131225 0.0090378369 0.0183933584 0.0276242318 0.0284316441 0.0119015088 0.0114752647 0.0212139952 0.0197999718 0.0241009184 0.0243512812 0.024351967 0.0120724246 0.0314021818 0.02352285 0.0382639825 0.0313797529 0.0120562354 0.0285282685 0.0161336627 0.028705001 0.0138574823 0.016746178 0.0184783341 0.0401905801 0.0224767416 0.0191084673 0.0159413395 0.0207269497 0.009841381 0.0253200045 0.0350556523 0.0205075088 0.0149202363 0.0206586465 0.0231348445 0.0047141661 0.020208609 0.0210627277 0.0245391372
5 0.0201953532 0.0233954517 0.0147116161 0.0185092386 0.0 0.0226184349 0.0078435787 0.0187882183 0.034861053 0.0154257063 0.0279922324 0.0133581996 0.0113306754 0.0135941467 0.0163281702 0.0254157599 0.0194767312 0.0093206377 0.0209570211 0.0225163632 0.0177906089 0.0103782776 0.0246431967 0.0222998157 0.006130146 0.0241816722 0.0194129266 0.024671364 0.0231812757 0.0177366905 0.0178214329 0.0051250612 0.026779394 0.0288531909 0.022618135 0.0355737241 0.0207222305 0.0332204621 0.0352535024 0.010302092 0.0283567715 0.0225671892 0.033397611 0.0113610092 0.0116297812 0.0111240708 0.0225939791 0.0247839829 0.0189056533 0.0319461651
6 0.0153921148 0.030709489 0.0146891988 0.0147554392 0.0226184349 0.0 0.029668463 0.0199163246 0.0170951964 0.0160128021 0.0192782625 0.0297887743 0.0277659569 0.011417951 0.0281189392 0.0146231912 0.0128407545 0.0414786617 0.0339156569 0.0207850651 0.0163793145 0.0188236631 0.0109269688 0.0129566006 0.0185437257 0.0162632584 0.0189248553 0.0286003577 0.0100159158 0.0211840917 0.0245276807 0.0050493945 0.0102613434 0.0427302923 0.0319282071 0.0276105224 0.0246982282 0.0296614466 0.0258036471 0.0165832859 0.0033683278 0.0227895259 0.0171150482 0.0144315164 0.0263552557 0.0182861418 0.0120247935 0.0275089738 0.0034947558 0.0222821852
7 0.0247950379 0.0228178175 0.0190205893 0.0220676364 0.0078435787 0.029668463 0.0 0.0152919115 0.0323624284 0.0083833391 0.0328198572 0.0315576447 0.026979274 0.0034389074 0.008729245 0.0237430163 0.0261978378 0.02198717 0.0216194124 0.018019692 0.0122789251 0.031715767 0.0179943555 0.0253139998 0.0216884627 0.0162657232 0.0080624427 0.0160547696 0.0094404963 0.0159670506 0.0098757651 0.0145676914 0.0147400932 0.013803631 0.0271914311 0.0362553819 0.0282045107 0.0256156287 0.0258455517 0.0224828055 0.0110608899 0.0160692255 0.0221675763 0.0283587854 0.003705805 0.0267474246 0.0212192709 0.0311245386 0.0266923756 0.0221467666
8 0.0252591252 0.0145255367 0.0255112374 0.0061931576 0.0187882183 0.0199163246 0.0152919115 0.0 0.0102361652 0.0293797644 0.0183785353 0.0172687525 0.016230928 0.0337349584 0.0136652858 0.0308157407 0.0242994424 0.033359577 0.0193330635 0.0226180212 0.0210168359 0.0238961841 0.0380015712 0.0312987883 0.0199998333 0.0167093957 0.0075575153 0.0191556064 0.0243783623 0.020459107 0.0097088898 0.0240979105 0.0165688569 0.0239376681 0.0209738522 0.0259752965 0.0135278132 0.014282813 0.0251043591 0.0112405466 0.028461992 0.0190889212 0.0148256539 0.0259411409 0.0219872127 0.0024912296 0.0251617899 0.0187036134 0.0184341827 0.0222073123
9 0.028076313 0.0213858392 0.0266372244 0.0288070195 0.034861053 0.0170951964 0.0323624284 0.0102361652 0.0 0.0034459908 0.0226173924 0.0255399706 0.0139653563 0.0175249588 0.0114914399 0.0193561122 0.014227172 0.0115800766 0.0120543652 0.0229086621 0.0269154931 0.0183245207 0.0068934947 0.0201238374 0.0285366277 0.0177191786 0.0070224288 0.0247375609 0.0319451286 0.0184725463 0.028229044 0.0211465082 0.0294832437 0.0247584596 0.0076663145 0.0180731431 0.0183358246 0.0326460872 0.0129421391 0.0268413998 0.011428912 0.0199795006 0.0192775627 0.0175216017 0.0182467282 0.0336274029 0.0293899322 0.0084427737 0.0286440919 0.0184557771
10 0.0281382274 0.024079696 0.0012519385 0.0147310662 0.0154257063 0.0160128021 0.0083833391 0.0293797644 0.0034459908 0.0 0.0186390376 0.0151690961 0.0267646794 0.0240988035 0.0123921908 0.0203061874 0.0311063539 0.0224189899 0.0178367166 0.0208335486 0.0220973783 0.0306905432 0.0165474557 0.0284646224 0.0223567591 0.026225326 0.01522838 0.0106754768 0.0190909142 0.0214576417 0.0279157757 0.0192492343 0.0246117609 0.0170603911 0.0197921532 0.0121468692 0.0302436008 0.0156867558 0.0192960839 0.021526691 0.0168673519 0.0275930529 0.008688248 0.0129099349 0.0287188496 0.02671855 0.0327854892 0.0283081089 0.0307743189 0.0158581476
11 0.0171973371 0.0249015535 0.0205986174 0.0188131225 0.0279922324 0.0192782625 0.0328198572 0.0183785353 0.0226173924 0.0186390376 0.0 0.0274014492 0.0219912624 0.0241795222 0.0239828475 0.0069658263 0.0062746454 0.0198457422 0.0211897729 0.0067828133 0.0238917981 0.0171133194 0.0123482345 0.0065708034 0.0201077673 0.0189858992 0.0401670709 0.0197526188 0.012299247 0.0267071955 0.0133700019 0.0172565352 0.0272181343 0.0195142589 0.0098839956 0.0155428292 0.0309940034 0.0318541407 0.0182919294 0.027647463 0.0077783198 0.0272745376 0.0297037448 0.0125103965 0.0255909569 0.0232269734 0.019752031 0.0049622421 0.0396621148 0.0201716082
12 0.0173539453 0.0253102392 0.0278528643 0.0090378369 0.0133581996 0.0297887743 0.0315576447 0.0172687525 0.0255399706 0.0151690961 0.0274014492 0.0 0.0122441786 0.0398167663 0.0084857382 0.0251794461 0.0229074566 0.0132395456 0.0148785612 0.0079403333 0.0250887046 0.020603507 0.0205013706 0.0258273353 0.0255802847 0.0074824697 0.0205597634 0.0280803711 0.029384801 0.0428006774 0.0166249599 0.0183616862 0.0116936106 0.0287152075 0.0227538935 0.0070142098 0.022155057 0.0153691316 0.018369948 0.0182456608 0.0265839594 0.0260977301 0.0130460054 0.0119399805 0.0073815781 0.0216165693 0.0146481671 0.020792548 0.0193731139 0.0289768998
13 0.0122296805 0.0286776823 0.022638087 0.0183933584 0.0113306754 0.0277659569 0.026979274 0.016230928 0.0139653563 0.0267646794 0.0219912624 0.0122441786 0.0 0.0248611638 0.0020263784 0.0256803083 0.0224832908 0.0252100554 0.0229708629 0.0267828993 0.0081537623 0.0285125968 0.0277646644 0.0176104066 0.0135512484 0.0313818458 0.0080476086 0.0215055826 0.017100394 0.0102479665 0.0106105064 0.0091019385 0.0287908476 0.0210311467 0.021852741 0.0190362071 0.0176944698 0.0215683164 0.0159376986 0.0369396764 0.0314568026 0.0061966516 0.0289512456 0.0219279699 0.0179467113 0.0196342335 0.0264502709 0.01965652 0.0246596308 0.0274542611
14 0.0371189652 0.0139541688 0.0076452585 0.0276242318 0.0135941467 0.011417951 0.0034389074 0.0337349584 0.0175249588 0.0240988035 0.0241795222 0.0398167663 0.0248611638 0.0 0.0172652809 0.0038282255 0.0079868409 0.0211665557 0.028134629 0.0172285719 0.0031943338 0.0211738365 0.016032586 0.0120199077 0.0046300877 0.0218545588 0.0356638485 0.0293074506 0.0144134095 0.0259613389 0.0255243988 0.0092223555 0.0186209099 0.0192176568 0.0091154608 0.0121447162 0.0357889003 0.0188422025 0.0295464399 0.0282982411 0.0202283948 0.0323757802 0.0144641097 0.0322154059 0.0309734371 0.0105036251 0.0202178577 0.0211042729 0.0250364589 0.0276881118
15 0.0116919299 0.017005509 0.0178511025 0.0284316441 0.0163281702 0.0281189392 0.008729245 0.0136652858 0.0114914399 0.0123921908 0.0239828475 0.0084857382 0.0020263784 0.0172652809 0.0 0.0315490388 0.0120687584 0.0121703294 0.0205836633 0.0417610167 0.0224417603 0.0124170471 0.030542716 0.0175854277 0.0309904007 0.0354691268 0.0296073949 0.0237674622 0.0262603921 0.0136082243 0.0161562532 0.0287836684 0.0167823368 0.0253224233 0.003243734 0.0143188987 0.0231131027 0.0214082608 0.0197079935 0.0271551008 0.0333365268 0.0247813097 0.024590032 0.0273633741 0.0277371295 0.0256721104 0.0048730521 0.0195270814 0.0132583564 0.0245807958
16 0.0061819831 0.0235713643 0.0256058063 0.0119015088 0.0254157599 0.0146231912 0.0237430163 0.0308157407 0.0193561122 0.0203061874 0.0069658263 0.0251794461 0.0256803083 0.0038282255 0.0315490388 0.0 0.0122362742 0.0201261894 0.0117639369 0.0131658455 0.0220378243 0.0286684469 0.0234410783 0.0225853796 0.0188893975 0.0181295115 0.0270539805 0.0309944254 0.033097917 0.0307181807 0.0262478523 0.0278284063 0.002506977 0.0177317677 0.0174782698 0.0198398359 0.0246696568 0.0246743854 0.0115196056 0.0191379943 0.0139625028 0.019258548 0.0188582766 0.0207536817 0.030451705 0.008127428 0.0211682783 0.0339092021 0.0168786584 0.0173650652
17 0.040594626 0.0087839368 0.0324359814 0.0114752647 0.0194767312 0.0128407545 0.0261978378 0.0242994424 0.014227172 0.0311063539 0.0062746454 0.0229074566 0.0224832908 0.0079868409 0.0120687584 0.0122362742 0.0 0.0232729455 0.0226098056 0.0119610361 0.0311118069 0.0179972917 0.0304301804 0.0294812871 0.0290750953 0.0181602993 0.0192661852 0.0313990863 0.01572734 0.0151490137 0.0161363839 0.0101439912 0.0257843742 0.014912529 0.0220814548 0.0078728436 0.0234311621 0.0206480673 0.0072030881 0.02960141 0.0151099071 0.0362980537 0.0106581869 0.0119170776 0.0285147892 0.0200241494 0.0185012152 0.0197829142 0.0375773141 0.0227643482
18 0.02137175 0.0170382535 0.0273098188 0.0212139952 0.0093206377 0.0414786617 0.02198717 0.033359577 0.0115800766 0.0224189899 0.0198457422 0.0132395456 0.0252100554 0.0211665557 0.0121703294 0.0201261894 0.0232729455 0.0 0.0170275004 0.0224638766 0.0080364478 0.0196956296 0.02809393 0.0167531663 0.0087598156 0.0183506556 0.0186923955 0.0167741157 0.0081705494 0.0369780109 0.0336607665 0.0234829517 0.0068715828 0.0171202929 0.0222899679 0.0194278047 0.0118794614 0.007006451 0.017514075 0.0265383926 0.0175999754 0.0072498229 0.0375006274 0.0264235602 0.0275017962 0.0284925303 0.0275070566 0.0203454888 0.0182848577 0.0213961511
19 0.0369206597 0.0182314579 0.025589587 0.0197999718 0.0209570211 0.0339156569 0.0216194124 0.0193330635 0.0120543652 0.0178367166 0.0211897729 0.0148785612 0.0229708629 0.028134629 0.0205836633 0.0117639369 0.0226098056 0.0170275004 0.0 0.016340668 0.0318415302 0.0370474329 0.0142405674 0.0088251276 0.0129576309 0.0070753556 0.0247220697 0.0263012809 0.016225822 0.0185944627 0.0188394993 0.0091576534 0.0293828872 0.015831218 0.0310604912 0.0131979651 0.0265806778 0.0073015521 0.0125188053 0.0126306415 0.008729193 0.0324668855 0.0334020122 0.0268855637 0.0239478768 0.0226866635 0.0018819299 0.0243679814 0.0369845478 0.0125573632
20 0.0115636456 0.0151500402 0.021815 0.0241009184 0.0225163632 0.0207850651 0.018019692 0.0226180212 0.0229086621 0.0208335486 0.0067828133 0.0079403333 0.0267828993 0.0172285719 0.0417610167 0.0131658455 0.0119610361 0.0224638766 0.016340668 0.0 0.0290980252 0.0144050572 0.0265400005 0.0137219594 0.0291024024 0.0113640926 0.0323024607 0.0171618749 0.01832848 0.0149841359 0.0198269439 0.030311378 0.0215169758 0.0145718821 0.0386522448 0.0115084567 0.0250046301 0.0210673601 0.0189304147 0.0161353166 0.0278613861 0.0285529719 0.0062990009 0.0351115766 0.0134357858 0.0425923642 0.0149692043 0.0141176344 0.0211762646 0.0066117022
21 0.0158592648 0.0272108367 0.0324383045 0.0243512812 0.0177906089 0.0163793145 0.0122789251 0.0210168359 0.0269154931 0.0220973783 0.0238917981 0.0250887046 0.0081537623 0.0031943338 0.0224417603 0.0220378243 0.0311118069 0.0080364478 0.0318415302 0.0290980252 0.0 0.0041297577 0.0144212763 0.0237516123 0.0167792702 0.0150038328 0.020545055 0.0233435446 0.0355205087 0.0144559277 0.0245436726 0.0206581797 0.0194114342 0.0051334814 0.0169901953 0.0411711683 0.0267177174 0.0119458281 0.0181741414 0.0195301883 0.0118612983 0.0163708145 0.0158931569 0.0259708061 0.0326713973 0.0289121142 0.0393153009 0.0136920284 0.0129113489 0.0089407059
22 0.0234399781 0.0237657898 0.019588035 0.024351967 0.0103782776 0.0188236631 0.031715767 0.0238961841 0.0183245207 0.0306905432 0.0171133194 0.020603507 0.0285125968 0.0211738365 0.0124170471 0.0286684469 0.0179972917 0.0196956296 0.0370474329 0.0144050572 0.0041297577 0.0 0.0053784163 0.0277971019 0.0081998627 0.0036752182 0.0301765533 0.0061050187 0.0096683725 0.0072367789 0.0201983193 0.029239342 0.0291334092 0.0068528468 0.0111034494 0.0306366732 0.0270846289 0.0173775 0.0061832283 0.0173542649 0.0247975946 0.0149925534 0.0300318429 0.022063499 0.0202980228 0.0445942436 0.0180199002 0.0205632239 0.033191803 0.0313076838
23 0.016623472 0.0165530012 0.0155641435 0.0120724246 0.0246431967 0.0109269688 0.0179943555 0.0380015712 0.0068934947 0.0165474557 0.0123482345 0.0205013706 0.0277646644 0.016032586 0.030542716 0.0234410783 0.0304301804 0.02809393 0.0142405674 0.0265400005 0.0144212763 0.0053784163 0.0 0.034052732 0.0343124533 0.0123533462 0.0322542517 0.0189839511 0.0266904477 0.0096353561 0.0039829162 0.0223961935 0.0236352162 0.0292578758 0.0153993086 0.0154363708 0.0236999317 0.0111866324 0.0150561334 0.0048110994 0.0082118745 0.0298006344 0.0162791143 0.0229534769 0.0267221712 0.0298102591 0.0161758686 0.0287753831 0.038830738 0.023741159
24 0.0100688039 0.0152402555 0.0342401257 0.0314021818 0.0222998157 0.0129566006 0.0253139998 0.0312987883 0.0201238374 0.0284646224 0.0065708034 0.0258273353 0.0176104066 0.0120199077 0.0175854277 0.0225853796 0.0294812871 0.0167531663 0.0088251276 0.0137219594 0.0237516123 0.0277971019 0.034052732 0.0 0.0226729393 0.021430694 0.0179493432 0.0149064102 0.0203067936 0.0242315653 0.0064435999 0.0191647565 0.0201270965 0.0222688403 0.0331586098 0.0016718791 0.0284508468 0.0298212199 0.0209288169 0.0148114675 0.0149961435 0.0152246185 0.01538913 0.0238354967 0.0242171058 0.0176947745 0.0276446946 0.0162552512 0.0159405585 0.0224660699
25 0.0129220094 0.025511132 0.0116652889 0.02352285 0.006130146 0.0185437257 0.0216884627 0.0199998333 0.0285366277 0.0223567591 0.0201077673 0.0255802847 0.0135512484 0.0046300877 0.0309904007 0.0188893975 0.0290750953 0.0087598156 0.0129576309 0.0291024024 0.0167792702 0.0081998627 0.0343124533 0.0226729393 0.0 0.0243067289 0.0317088223 0.0307085247 0.0325791321 0.0212434358 0.0194288987 0.0277745095 0.0050872103 0.0145036758 0.017160175 0.0316241399 0.0047197418 0.0110503553 0.0285638878 0.0301076586 0.0328760514 0.0135986994 0.0157469587 0.0114606273 0.0101317406 0.015273674 0.0378545777 0.0238848189 0.0229573972 0.0191630673
26 0.009067154 0.0195969087 0.0145394662 0.0382639825 0.0241816722 0.0162632584 0.0162657232 0.0167093957 0.0177191786 0.026225326 0.0189858992 0.0074824697 0.0313818458 0.0218545588 0.0354691268 0.0181295115 0.0181602993 0.0183506556 0.0070753556 0.0113640926 0.0150038328 0.0036752182 0.0123533462 0.021430694 0.0243067289 0.0 0.0255384804 0.035679306 0.0245756422 0.0060245996 0.0325093868 0.0275006926 0.0171821054 0.0317760037 0.0222098145 0.0339252614 0.0184438889 0.009766111 0.0354923243 0.0150541459 0.0192769665 0.0182179491 0.0196931533 0.0301648774 0.0181347832 0.0192951002 0.0300924564 0.018459597 0.0106986467 0.0164330069
27 0.0098361275 0.0299086062 0.0218679633 0.0313797529 0.0194129266 0.0189248553 0.0080624427 0.0075575153 0.0070224288 0.01522838 0.0401670709 0.0205597634 0.0080476086 0.0356638485 0.0296073949 0.0270539805 0.0192661852 0.0186923955 0.0247220697 0.0323024607 0.020545055 0.0301765533 0.0322542517 0.0179493432 0.0317088223 0.0255384804 0.0 0.0162932116 0.0197227119 0.0168298658 0.0238061718 0.0080946041 0.0218763138 0.0351043184 0.0040353484 0.0284953026 0.0044111157 0.0216907252 0.0220228132 0.0252551086 0.0210318703 0.0174007311 0.0142408895 0.0109038233 0.0120699887 0.0163317327 0.0100450381 0.0278297717 0.0093182259 0.0297340356
28 0.0343677348 0.0315073911 0.0264409849 0.0120562354 0.024671364 0.0286003577 0.0160547696 0.0191556064 0.0247375609 0.0106754768 0.0197526188 0.0280803711 0.0215055826 0.0293074506 0.0237674622 0.0309944254 0.0313990863 0.0167741157 0.0263012809 0.0171618749 0.0233435446 0.0061050187 0.0189839511 0.0149064102 0.0307085247 0.035679306 0.0162932116 0.0 0.0125791675 0.0116152117 0.0191748488 0.0240722074 0.0226096165 0.0098099983 0.0166663264 0.0234843606 0.0170668845 0.0297056139 0.0146117874 0.027784166 0.0116404974 0.0109170274 0.0138349898 0.0133772518 0.012524143 0.027492195 0.0192544202 0.0165816394 0.0196363701 0.0062295599
29 0.0276903933 0.013582397 0.0359943902 0.0285282685 0.0231812757 0.0100159158 0.0094404963 0.0243783623 0.0319451286 0.0190909142 0.012299247 0.029384801 0.017100394 0.0144134095 0.0262603921 0.033097917 0.01572734 0.0081705494 0.016225822 0.01832848 0.0355205087 0.0096683725 0.0266904477 0.0203067936 0.0325791321 0.0245756422 0.0197227119 0.0125791675 0.0 0.0226322161 0.0283682684 0.0132642941 0.0144901696 0.0082549985 0.0122167123 0.0175040603 0.0158589389 0.0255719564 0.0290779901 0.0201531203 0.0230078135 0.025177921 0.0395205625 0.0253976303 0.006956943 0.0233742203 0.012590023 0.0168418404 0.0204495118 0.0027921396
30 0.012933383 0.0173748699 0.0165432657 0.0161336627 0.0177366905 0.0211840917 0.0159670506 0.020459107 0.0184725463 0.0214576417 0.0267071955 0.0428006774 0.0102479665 0.0259613389 0.0136082243 0.0307181807 0.0151490137 0.0369780109 0.0185944627 0.0149841359 0.0144559277 0.0072367789 0.0096353561 0.0242315653 0.0212434358 0.0060245996 0.0168298658 0.0116152117 0.0226322161 0.0 0.0262322827 0.025754301 0.0133575648 0.0189217231 0.018811991 0.0380571688 0.0129154128 0.0196708088 0.0371521914 0.0048230495 0.02921454 0.032955607 0.022688329 0.0212838601 0.0194505431 0.025218252 0.0311711533 0.0200073365 0.0126610764 0.0217363367
31 0.0209105927 0.037553896 0.0251489724 0.028705001 0.0178214329 0.0245276807 0.0098757651 0.0097088898 0.028229044 0.0279157757 0.0133700019 0.0166249599 0.0106105064 0.0255243988 0.0161562532 0.0262478523 0.0161363839 0.0336607665 0.0188394993 0.0198269439 0.0245436726 0.0201983193 0.0039829162 0.0064435999 0.0194288987 0.0325093868 0.0238061718 0.0191748488 0.0283682684 0.0262322827 0.0 0.0366672739 0.0038345802 0.035333207 0.018819071 0.0153401228 0.0211999973 0.0098917983 0.0302417629 0.0167159311 0.0341302963 0.0284032633 0.0051764028 0.0045119585 0.026418299 0.0308298203 0.0226313733 0.0070934132 0.0096818826 0.0109965645
32 0.0268085035 0.0318658236 0.0138476001 0.0138574823 0.0051250612 0.0050493945 0.0145676914 0.0240979105 0.0211465082 0.0192492343 0.0172565352 0.0183616862 0.0091019385 0.0092223555 0.0287836684 0.0278284063 0.0101439912 0.0234829517 0.0091576534 0.030311378 0.0206581797 0.029239342 0.0223961935 0.0191647565 0.0277745095 0.0275006926 0.0080946041 0.0240722074 0.0132642941 0.025754301 0.0366672739 0.0 0.0225394915 0.0267429272 0.0205666655 0.0208608462 0.0104864008 0.0230405678 0.0140607293 0.0066674291 0.0173752641 0.0217630019 0.0266662306 0.0242434013 0.0243088727 0.0259625708 0.0237342177 0.031361227 0.0227514521 0.0230165761
33 0.0301727344 0.0245578863 0.0223010896 0.016746178 0.026779394 0.0102613434 0.0147400932 0.0165688569 0.0294832437 0.0246117609 0.0272181343 0.0116936106 0.0287908476 0.0186209099 0.0167823368 0.002506977 0.0257843742 0.0068715828 0.0293828872 0.0215169758 0.0194114342 0.0291334092 0.0236352162 0.0201270965 0.0050872103 0.0171821054 0.0218763138 0.0226096165 0.0144901696 0.0133575648 0.0038345802 0.0225394915 0.0 0.0247472992 0.0336607658 0.0158577481 0.0291495185 0.010537464 0.0225539266 0.0130715421 0.0252075454 0.0326717455 0.0255797784 0.0221583507 0.0283639193 0.0306328155 0.0231235066 0.0121540175 0.0175302001 0.0143244322
34 0.0261405975 0.0345354943 0.0074919378 0.0184783341 0.0288531909 0.0427302923 0.013803631 0.0239376681 0.0247584596 0.0170603911 0.0195142589 0.0287152075 0.0210311467 0.0192176568 0.0253224233 0.0177317677 0.014912529 0.0171202929 0.015831218 0.0145718821 0.0051334814 0.0068528468 0.0292578758 0.0222688403 0.0145036758 0.0317760037 0.0351043184 0.0098099983 0.0082549985 0.0189217231 0.035333207 0.0267429272 0.0247472992 0.0 0.0291292666 0.0171313468 0.0289063704 0.0033177328 0.0181036852 0.0313711702 0.0376190068 0.0089256925 0.0062195723 0.0094835444 0.0137044064 0.0019129989 0.0328772165 0.022326254 0.0233458244 0.0151603368
35 0.0299301556 0.0147371177 0.0322639257 0.0401905801 0.022618135 0.0319282071 0.0271914311 0.0209738522 0.0076663145 0.0197921532 0.0098839956 0.0227538935 0.021852741 0.0091154608 0.003243734 0.0174782698 0.0220814548 0.0222899679 0.0310604912 0.0386522448 0.0169901953 0.0111034494 0.0153993086 0.0331586098 0.017160175 0.0222098145 0.0040353484 0.0166663264 0.0122167123 0.018811991 0.018819071 0.0205666655 0.0336607658 0.0291292666 0.0 0.0196721639 0.0061382505 0.0304760851 0.0270851964 0.0109952157 0.0162844409 0.0247911895 0.014707583 0.0292335189 0.0196631065 0.0199376805 0.0058991934 0.0227819318 0.014708073 0.0219945454
36 0.0127908212 0.0072936782 0.0183794543 0.0224767416 0.0355737241 0.0276105224 0.0362553819 0.0259752965 0.0180731431 0.0121468692 0.0155428292 0.0070142098 0.0190362071 0.0121447162 0.0143188987 0.0198398359 0.0078728436 0.0194278047 0.0131979651 0.0115084567 0.0411711683 0.0306366732 0.0154363708 0.0016718791 0.0316241399 0.0339252614 0.0284953026 0.0234843606 0.0175040603 0.0380571688 0.0153401228 0.0208608462 0.0158577481 0.0171313468 0.0196721639 0.0 0.0170994546 0.0205765287 0.0094277365 0.0370849848 0.0138348028 0.0207477629 0.0159191056 0.0088178229 0.031183749 0.0117399154 0.0114012353 0.0331134603 0.029325537 0.0323798918
37 0.0301036846 0.0144481545 0.0208101783 0.0191084673 0.0207222305 0.0246982282 0.0282045107 0.0135278132 0.0183358246 0.0302436008 0.0309940034 0.022155057 0.0176944698 0.0357889003 0.0231131027 0.0246696568 0.0234311621 0.0118794614 0.0265806778 0.0250046301 0.0267177174 0.0270846289 0.0236999317 0.0284508468 0.0047197418 0.0184438889 0.0044111157 0.0170668845 0.0158589389 0.0129154128 0.0211999973 0.0104864008 0.0291495185 0.0289063704 0.0061382505 0.0170994546 0.0 0.0206594925 0.0120568671 0.0243107011 0.0117870423 0.029622415 0.0287117792 0.0167987784 0.0201303222 0.0147542195 0.0221140678 0.0167124934 0.0120689032 0.0164100046
38 0.0290703636 0.0070885062 0.0270392849 0.0159413395 0.0332204621 0.0296614466 0.0256156287 0.014282813 0.0326460872 0.0156867558 0.0318541407 0.0153691316 0.0215683164 0.0188422025 0.0214082608 0.0246743854 0.0206480673 0.007006451 0.0073015521 0.0210673601 0.0119458281 0.0173775 0.0111866324 0.0298212199 0.0110503553 0.009766111 0.0216907252 0.0297056139 0.0255719564 0.0196708088 0.0098917983 0.0230405678 0.010537464 0.0033177328 0.0304760851 0.0205765287 0.0206594925 0.0 0.0280710211 0.021747756 0.0285004676 0.0163320335 0.0118169447 0.0294372176 0.0319102677 0.0111176309 0.0120617703 0.0244537105 0.0239888445 0.0342833602
39 0.0216445984 0.022642639 0.0185125755 0.0207269497 0.0352535024 0.0258036471 0.0258455517 0.0251043591 0.0129421391 0.0192960839 0.0182919294 0.018369948 0.0159376986 0.0295464399 0.0197079935 0.0115196056 0.0072030881 0.017514075 0.0125188053 0.0189304147 0.0181741414 0.0061832283 0.0150561334 0.0209288169 0.0285638878 0.0354923243 0.0220228132 0.0146117874 0.0290779901 0.0371521914 0.0302417629 0.0140607293 0.0225539266 0.0181036852 0.0270851964 0.0094277365 0.0120568671 0.0280710211 0.0 0.0206449348 0.0211306073 0.0126326524 0.0226842946 0.0290175497 0.0361919805 0.0148743064 0.0101120017 0.0281390962 0.008911804 0.0094844893
40 0.0131008533 0.0341838119 0.02309208 0.009841381 0.010302092 0.0165832859 0.0224828055 0.0112405466 0.0268413998 0.021526691 0.027647463 0.0182456608 0.0369396764 0.0282982411 0.0271551008 0.0191379943 0.02960141 0.0265383926 0.0126306415 0.0161353166 0.0195301883 0.0173542649 0.0048110994 0.0148114675 0.0301076586 0.0150541459 0.0252551086 0.027784166 0.0201531203 0.0048230495 0.0167159311 0.0066674291 0.0130715421 0.0313711702 0.0109952157 0.0370849848 0.0243107011 0.021747756 0.0206449348 0.0 0.0314679993 0.0061023738 0.0229456413 0.0198659198 0.0311158742 0.005489813 0.0309851865 0.0196727704 0.0173810802 0.0211545636
41 0.020056796 0.003416222 0.0317437371 0.0253200045 0.0283567715 0.0033683278 0.0110608899 0.028461992 0.011428912 0.0168673519 0.0077783198 0.0265839594 0.0314568026 0.0202283948 0.0333365268 0.0139625028 0.0151099071 0.0175999754 0.008729193 0.0278613861 0.0118612983 0.0247975946 0.0082118745 0.0149961435 0.0328760514 0.0192769665 0.0210318703 0.0116404974 0.0230078135 0.02921454 0.0341302963 0.0173752641 0.0252075454 0.0376190068 0.0162844409 0.0138348028 0.0117870423 0.0285004676 0.0211306073 0.0314679993 0.0 0.016548057 0.0300832614 0.0251028909 0.008602877 0.0110077626 0.0298920655 0.015992493 0.02626119 0.019529307
42 0.0079791203 0.0109654229 0.0030780506 0.0350556523 0.0225671892 0.0227895259 0.0160692255 0.0190889212 0.0199795006 0.0275930529 0.0272745376 0.0260977301 0.0061966516 0.0323757802 0.0247813097 0.019258548 0.0362980537 0.0072498229 0.0324668855 0.0285529719 0.0163708145 0.0149925534 0.0298006344 0.0152246185 0.0135986994 0.0182179491 0.0174007311 0.0109170274 0.025177921 0.032955607 0.0284032633 0.0217630019 0.0326717455 0.0089256925 0.0247911895 0.0207477629 0.029622415 0.0163320335 0.0126326524 0.0061023738 0.016548057 0.0 0.0198192624 0.018642014 0.0217607667 0.0224383018 0.018762759 0.0108384246 0.0182762014 0.0305475745
43 0.0319612562 0.0192299873 0.0072357587 0.0205075088 0.033397611 0.0171150482 0.0221675763 0.0148256539 0.0192775627 0.008688248 0.0297037448 0.0130460054 0.0289512456 0.0144641097 0.024590032 0.0188582766 0.0106581869 0.0375006274 0.0334020122 0.0062990009 0.0158931569 0.0300318429 0.0162791143 0.01538913 0.0157469587 0.0196931533 0.0142408895 0.0138349898 0.0395205625 0.022688329 0.0051764028 0.0266662306 0.0255797784 0.0062195723 0.014707583 0.0159191056 0.0287117792 0.0118169447 0.0226842946 0.0229456413 0.0300832614 0.0198192624 0.0 0.0132321073 0.0185652966 0.0294250606 0.0320164139 0.018915331 0.0209474922 0.0213708624
44 0.0274580055 0.0234277248 0.0163938651 0.0149202363 0.0113610092 0.0144315164 0.0283587854 0.0259411409 0.0175216017 0.0129099349 0.0125103965 0.0119399805 0.0219279699 0.0322154059 0.0273633741 0.0207536817 0.0119170776 0.0264235602 0.0268855637 0.0351115766 0.0259708061 0.022063499 0.0229534769 0.0238354967 0.0114606273 0.0301648774 0.0109038233 0.0133772518 0.0253976303 0.0212838601 0.0045119585 0.0242434013 0.0221583507 0.0094835444 0.0292335189 0.0088178229 0.0167987784 0.0294372176 0.0290175497 0.0198659198 0.0251028909 0.018642014 0.0132321073 0.0 0.0239053061 0.0328447909 0.0177802449 0.0244255218 0.0160135554 0.0073017509
45 0.0094027532 0.0047273054 0.0280801254 0.0206586465 0.0116297812 0.0263552557 0.003705805 0.0219872127 0.0182467282 0.0287188496 0.0255909569 0.0073815781 0.0179467113 0.0309734371 0.0277371295 0.030451705 0.0285147892 0.0275017962 0.0239478768 0.0134357858 0.0326713973 0.0202980228 0.0267221712 0.0242171058 0.0101317406 0.0181347832 0.0120699887 0.012524143 0.006956943 0.0194505431 0.026418299 0.0243088727 0.0283639193 0.0137044064 0.0196631065 0.031183749 0.0201303222 0.0319102677 0.0361919805 0.0311158742 0.008602877 0.0217607667 0.0185652966 0.0239053061 0.0 0.0069750766 0.0139514523 0.014036077 0.0162652908 0.022775992
46 0.0061295678 0.019821779 0.0206033867 0.0231348445 0.0111240708 0.0182861418 0.0267474246 0.0024912296 0.0336274029 0.02671855 0.0232269734 0.0216165693 0.0196342335 0.0105036251 0.0256721104 0.008127428 0.0200241494 0.0284925303 0.0226866635 0.0425923642 0.0289121142 0.0445942436 0.0298102591 0.0176947745 0.015273674 0.0192951002 0.0163317327 0.027492195 0.0233742203 0.025218252 0.0308298203 0.0259625708 0.0306328155 0.0019129989 0.0199376805 0.0117399154 0.0147542195 0.0111176309 0.0148743064 0.005489813 0.0110077626 0.0224383018 0.0294250606 0.0328447909 0.0069750766 0.0 0.004954186 0.0144507572 0.0240435772 0.0273511056
47 0.0235327693 0.0204660732 0.0176662797 0.0047141661 0.0225939791 0.0120247935 0.0212192709 0.0251617899 0.0293899322 0.0327854892 0.019752031 0.0146481671 0.0264502709 0.0202178577 0.0048730521 0.0211682783 0.0185012152 0.0275070566 0.0018819299 0.0149692043 0.0393153009 0.0180199002 0.0161758686 0.0276446946 0.0378545777 0.0300924564 0.0100450381 0.0192544202 0.012590023 0.0311711533 0.0226313733 0.0237342177 0.0231235066 0.0328772165 0.0058991934 0.0114012353 0.0221140678 0.0120617703 0.0101120017 0.0309851865 0.0298920655 0.018762759 0.0320164139 0.0177802449 0.0139514523 0.004954186 0.0 0.0304433306 0.0187859504 0.0167867891
48 0.0136230167 0.0176887817 0.0182122041 0.020208609 0.0247839829 0.0275089738 0.0311245386 0.0187036134 0.0084427737 0.0283081089 0.0049622421 0.020792548 0.01965652 0.0211042729 0.0195270814 0.0339092021 0.0197829142 0.0203454888 0.0243679814 0.0141176344 0.0136920284 0.0205632239 0.0287753831 0.0162552512 0.0238848189 0.018459597 0.0278297717 0.0165816394 0.0168418404 0.0200073365 0.0070934132 0.031361227 0.0121540175 0.022326254 0.0227819318 0.0331134603 0.0167124934 0.0244537105 0.0281390962 0.0196727704 0.015992493 0.0108384246 0.018915331 0.0244255218 0.014036077 0.0144507572 0.0304433306 0.0 0.0186766779 0.024351634
49 0.0232113564 0.0189025117 0.0129572485 0.0210627277 0.0189056533 0.0034947558 0.0266923756 0.0184341827 0.0286440919 0.0307743189 0.0396621148 0.0193731139 0.0246596308 0.0250364589 0.0132583564 0.0168786584 0.0375773141 0.0182848577 0.0369845478 0.0211762646 0.0129113489 0.033191803 0.038830738 0.0159405585 0.0229573972 0.0106986467 0.0093182259 0.0196363701 0.0204495118 0.0126610764 0.0096818826 0.0227514521 0.0175302001 0.0233458244 0.014708073 0.029325537 0.0120689032 0.0239888445 0.008911804 0.0173810802 0.02626119 0.0182762014 0.0209474922 0.0160135554 0.0162652908 0.0240435772 0.0187859504 0.0186766779 0.0 0.0084702472
50 0.0175252329 0.0266164595 0.0286227183 0.0245391372 0.0319461651 0.0222821852 0.0221467666 0.0222073123 0.0184557771 0.0158581476 0.0201716082 0.0289768998 0.0274542611 0.0276881118 0.0245807958 0.0173650652 0.0227643482 0.0213961511 0.0125573632 0.0066117022 0.0089407059 0.0313076838 0.023741159 0.0224660699 0.0191630673 0.0164330069 0.0297340356 0.0062295599 0.0027921396 0.0217363367 0.0109965645 0.0230165761 0.0143244322 0.0151603368 0.0219945454 0.0323798918 0.0164100046 0.0342833602 0.0094844893 0.0211545636 0.019529307 0.0305475745 0.0213708624 0.0073017509 0.022775992 0.0273511056 0.0167867891 0.024351634 0.0084702472 0.0
