32
1 0.0363922385 0.0231782599 0.027163414 0.0319068689 0.0276033284 0.0282438737 0.0231470061 0.0311358368 0.0301757856 0.0155162383 0.0673373442 0.0420822912 0.0158089712 0.0492431142 0.0222787843 0.0332806833 0.0364794264 0.0150210389 0.0178875538 0.0575996681 0.0380570708 0.0302262084 0.0426877183 0.0472577309 0.0203636727 0.0340608278 0.0197866001 0.0134079051 0.0491184606 0.0038747512 0.0349504044 0.0347269236 
2 0.0231782599 0.0245786172 0.0308697951 0.0402385334 0.0315452666 0.0375154851 0.022754384 0.0418535471 0.014551883 0.023715004 0.0153438206 0.0261779211 0.0588881685 0.0152316761 0.0299482638 0.0193249268 0.0469103113 0.01234523 0.024114946 0.0288202068 0.0109707443 0.0570379759 0.0159966874 0.0154901478 0.0207207515 0.042901097 0.069535098 0.0308311537 0.0202217725 0.062371066 0.0381980996 0.0478191599 
3 0.027163414 0.0308697951 0.009921856 0.048902106 0.0218124197 0.0189616349 0.0319441664 0.0326765032 0.0508055818 0.0244008057 0.0311266364 0.0405357362 0.0134091445 0.0239456169 0.0237724996 0.0565907377 0.0335369514 0.0452353563 0.0430072174 0.0423340566 0.0295895251 0.0173885522 0.0290690088 0.0263495144 0.0542333659 0.0205972937 0.0294195655 0.0432099107 0.0357770345 0.0155550348 0.0308045603 0.0170543981 
4 0.0319068689 0.0402385334 0.048902106 0.0620308888 0.032957803 0.0355333933 0.0351958212 0.0490307609 0.017395319 0.0136832953 0.0290362376 0.0132201514 0.0287644361 0.015182577 0.0206393551 0.0236006251 0.0168503425 0.0564792946 0.0451708833 0.0436859018 0.0219462748 0.039531948 0.0248919857 0.0326057977 0.0168960107 0.0064399111 0.0184241895 0.0243731164 0.0474099323 0.0208711794 0.0304625253 0.0566425349 
5 0.0276033284 0.0315452666 0.0218124197 0.032957803 0.0215705906 0.0147374959 0.0414202217 0.0284172082 0.0276336169 0.0380261647 0.0449412538 0.0249133218 0.0349376586 0.032754049 0.0429994759 0.0483012824 0.0184021269 0.0161336258 0.0367680402 0.0479711187 0.0564923791 0.0267325568 0.0278462403 0.0315275629 0.0260930558 0.0233446773 0.0252880836 0.0236385104 0.0228994483 0.0428894588 0.0339362967 0.0254656614 
6 0.0282438737 0.0375154851 0.0189616349 0.0355333933 0.0147374959 0.0291957474 0.0142235968 0.0325741708 0.0320835801 0.0186757587 0.0260386645 0.0156007076 0.0619016462 0.0484255292 0.046834058 0.027441007 0.0191601123 0.0257293196 0.0193970577 0.0099444004 0.0525322869 0.0152412577 0.0338210448 0.0611303358 0.0109207639 0.0263258929 0.0427779586 0.0261960097 0.0352604648 0.0310429482 0.0481729205 0.0543608772 
7 0.0231470061 0.022754384 0.0319441664 0.0351958212 0.0414202217 0.0142235968 0.0182515189 0.053750156 0.0187192744 0.0189887185 0.0314094258 0.0103944947 0.0391731644 0.0343632017 0.0404958809 0.0318002335 0.053315787 0.0382613634 0.0299617703 0.0267773364 0.024492524 0.0396200778 0.0303608141 0.0414344632 0.0128743039 0.0406549902 0.027866526 0.0323249244 0.0350209898 0.0746684633 0.0251064336 0.0012279676 
8 0.0311358368 0.0418535471 0.0326765032 0.0490307609 0.0284172082 0.0325741708 0.053750156 0.0235201647 0.0221887418 0.0306622389 0.026244863 0.0239994527 0.0320686296 0.033914526 0.0508624316 0.023719609 0.0273804087 0.0350370691 0.0240943831 0.0297388588 0.0140738101 0.0294908493 0.0203553428 0.0266264674 0.0239866578 0.0378073855 0.0255914352 0.0530691835 0.0334357157 0.0332357871 0.0406982348 0.0087595708 
9 0.0301757856 0.014551883 0.0508055818 0.017395319 0.0276336169 0.0320835801 0.0187192744 0.0221887418 0.038670403 0.0226801403 0.024031745 0.0518665023 0.0390441795 0.0317029559 0.0590363502 0.0187988293 0.0377241152 0.0339124569 0.0380910037 0.0327883587 0.0220696177 0.0525725866 0.0348658439 0.0412621069 0.0302384915 0.0289493894 0.0291179931 0.0124617954 0.0238129394 0.0202032136 0.0389081953 0.0236370046 
10 0.0155162383 0.023715004 0.0244008057 0.0136832953 0.0380261647 0.0186757587 0.0189887185 0.0306622389 0.0226801403 0.0096133187 0.0331390037 0.0210938225 0.0493459095 0.0224174937 0.0227724662 0.0406124191 0.0574354126 0.05862339 0.0319299894 0.0342384615 0.0089380462 0.0421103409 0.0715750302 0.0170232193 0.0203277755 0.0224787323 0.0535051605 0.0270639695 0.0277029904 0.0488690858 0.0334423966 0.0393932013 
11 0.0673373442 0.0153438206 0.0311266364 0.0290362376 0.0449412538 0.0260386645 0.0314094258 0.026244863 0.024031745 0.0331390037 0.0272835949 0.0232256324 0.0347037406 0.027362957 0.0267176592 0.0300931822 0.0412208092 0.023258589 0.0289310095 0.0296302066 0.0604727254 0.0356543613 0.0178137337 0.0470263021 0.0205678441 0.0506997821 0.0300953225 0.0437776263 0.0236355625 0.0139357061 0.027574964 0.0076696945 
12 0.0420822912 0.0261779211 0.0405357362 0.0132201514 0.0249133218 0.0156007076 0.0103944947 0.0239994527 0.0518665023 0.0210938225 0.0232256324 0.0776774615 0.0296699317 0.0233696469 0.0316900727 0.0290273762 0.0310982695 0.0353508144 0.0370742934 0.0116647517 0.0514810005 0.032666001 0.0325924125 0.0523704254 0.0161242123 0.0328891263 0.0141888018 0.0151256957 0.0667549401 0.0227848729 0.0280622849 0.0352275747 
13 0.0158089712 0.0588881685 0.0134091445 0.0287644361 0.0349376586 0.0619016462 0.0391731644 0.0320686296 0.0390441795 0.0493459095 0.0347037406 0.0296699317 0.0322690787 0.0301859229 0.0368416827 0.0388360344 0.0335060458 0.0257234158 0.031564898 0.0426288847 0.0334500369 0.0261111585 0.0183895482 0.0150214205 0.0394075889 0.0284811036 0.0166481302 0.0 0.0365814984 0.0169745123 0.0229770327 0.0366864264 
14 0.0492431142 0.0152316761 0.0239456169 0.015182577 0.032754049 0.0484255292 0.0343632017 0.033914526 0.0317029559 0.0224174937 0.027362957 0.0233696469 0.0301859229 0.044529034 0.0382522967 0.0361256427 0.0231319664 0.0347191018 0.0240321757 0.024518651 0.0226229602 0.0482394844 0.033792495 0.0273857146 0.042409308 0.0227536431 0.0630721189 0.0522346857 0.0214753654 0.0187589087 0.0222640475 0.0115831336 
15 0.0222787843 0.0299482638 0.0237724996 0.0206393551 0.0429994759 0.046834058 0.0404958809 0.0508624316 0.0590363502 0.0227724662 0.0267176592 0.0316900727 0.0368416827 0.0382522967 0.0299214156 0.0294016158 0.0179513525 0.0374214545 0.0298386394 0.0235981217 0.0087215939 0.0166788745 0.0395152985 0.0223261102 0.0418278081 0.032931458 0.0278009928 0.0367326667 0.0255131614 0.0294721261 0.0232445531 0.0339614803 
16 0.0332806833 0.0193249268 0.0565907377 0.0236006251 0.0483012824 0.027441007 0.0318002335 0.023719609 0.0187988293 0.0406124191 0.0300931822 0.0290273762 0.0388360344 0.0361256427 0.0294016158 0.0775525936 0.0258388083 0.0202468276 0.032557842 0.0345199916 0.0283559743 0.0095932747 0.0217650029 0.0211734088 0.0417855771 0.0382653443 0.0084195541 0.0503683935 0.0262079676 0.0306933966 0.0222265827 0.0234752558 
17 0.0364794264 0.0469103113 0.0335369514 0.0168503425 0.0184021269 0.0191601123 0.053315787 0.0273804087 0.0377241152 0.0574354126 0.0412208092 0.0310982695 0.0335060458 0.0231319664 0.0179513525 0.0258388083 0.0353543606 0.0160405923 0.0323363742 0.0342503856 0.0245062762 0.0158251975 0.0206189582 0.032160308 0.0206842496 0.0269608291 0.0498659735 0.0465986666 0.0330356162 0.0391935084 0.0244931992 0.0281332586 
18 0.0150210389 0.01234523 0.0452353563 0.0564792946 0.0161336258 0.0257293196 0.0382613634 0.0350370691 0.0339124569 0.05862339 0.023258589 0.0353508144 0.0257234158 0.0347191018 0.0374214545 0.0202468276 0.0160405923 0.0180916686 0.0378566316 0.03106663 0.0368741597 0.0086193335 0.0525655944 0.0235511633 0.0267616514 0.0261085279 0.0399275688 0.02619584 0.0241994508 0.0463440078 0.0380737065 0.0342251259 
19 0.0178875538 0.024114946 0.0430072174 0.0451708833 0.0367680402 0.0193970577 0.0299617703 0.0240943831 0.0380910037 0.0319299894 0.0289310095 0.0370742934 0.031564898 0.0240321757 0.0298386394 0.032557842 0.0323363742 0.0378566316 0.008418816 0.0244006217 0.0288877499 0.0355501847 0.0178655429 0.0418950015 0.0521251046 0.0192151966 0.0190952735 0.0249294939 0.0476961995 0.0259192679 0.0205399141 0.0688469248 
20 0.0575996681 0.0288202068 0.0423340566 0.0436859018 0.0479711187 0.0099444004 0.0267773364 0.0297388588 0.0327883587 0.0342384615 0.0296302066 0.0116647517 0.0426288847 0.024518651 0.0235981217 0.0345199916 0.0342503856 0.03106663 0.0244006217 0.0392916577 0.0256173673 0.0455186349 0.053521642 0.0253311659 0.010935227 0.0268891232 0.0428094672 0.0095316935 0.0267232788 0.0372986228 0.0219653576 0.0243901498 
21 0.0380570708 0.0109707443 0.0295895251 0.0219462748 0.0564923791 0.0525322869 0.024492524 0.0140738101 0.0220696177 0.0089380462 0.0604727254 0.0514810005 0.0334500369 0.0226229602 0.0087215939 0.0283559743 0.0245062762 0.0368741597 0.0288877499 0.0256173673 0.0236989898 0.0288310646 0.0362755996 0.0421874011 0.0311624743 0.0274283458 0.0441267733 0.0658007191 0.0080142079 0.0159950329 0.0338760011 0.0424512671 
22 0.0302262084 0.0570379759 0.0173885522 0.039531948 0.0267325568 0.0152412577 0.0396200778 0.0294908493 0.0525725866 0.0421103409 0.0356543613 0.032666001 0.0261111585 0.0482394844 0.0166788745 0.0095932747 0.0158251975 0.0086193335 0.0355501847 0.0455186349 0.0288310646 0.0438278043 0.0131035973 0.0203286411 0.041102131 0.0370664166 0.0293207575 0.0230408398 0.0356079628 0.0277550185 0.0372782989 0.038328609 
23 0.0426877183 0.0159966874 0.0290690088 0.0248919857 0.0278462403 0.0338210448 0.0303608141 0.0203553428 0.0348658439 0.0715750302 0.0178137337 0.0325924125 0.0183895482 0.033792495 0.0395152985 0.0217650029 0.0206189582 0.0525655944 0.0178655429 0.053521642 0.0362755996 0.0131035973 0.0373629638 0.0260542284 0.0253472652 0.0276483632 0.0345902835 0.0378928259 0.0185847449 0.0374478786 0.0356741237 0.0301081814 
24 0.0472577309 0.0154901478 0.0263495144 0.0326057977 0.0315275629 0.0611303358 0.0414344632 0.0266264674 0.0412621069 0.0170232193 0.0470263021 0.0523704254 0.0150214205 0.0273857146 0.0223261102 0.0211734088 0.032160308 0.0235511633 0.0418950015 0.0253311659 0.0421874011 0.0203286411 0.0260542284 0.0135731365 0.0218330481 0.0499206124 0.028887687 0.0235242752 0.0215003822 0.0217857772 0.0485245334 0.0329319108 
25 0.0203636727 0.0207207515 0.0542333659 0.0168960107 0.0260930558 0.0109207639 0.0128743039 0.0239866578 0.0302384915 0.0203277755 0.0205678441 0.0161242123 0.0394075889 0.042409308 0.0418278081 0.0417855771 0.0206842496 0.0267616514 0.0521251046 0.010935227 0.0311624743 0.041102131 0.0253472652 0.0218330481 0.0506466724 0.0423817797 0.0305006429 0.0538633585 0.0468015839 0.0284657756 0.0311669257 0.0474449223 
26 0.0340608278 0.042901097 0.0205972937 0.0064399111 0.0233446773 0.0263258929 0.0406549902 0.0378073855 0.0289493894 0.0224787323 0.0506997821 0.0328891263 0.0284811036 0.0227536431 0.032931458 0.0382653443 0.0269608291 0.0261085279 0.0192151966 0.0268891232 0.0274283458 0.0370664166 0.0276483632 0.0499206124 0.0423817797 0.0168955447 0.0538779793 0.0504812968 0.0217004484 0.0365869513 0.0241560845 0.0231018459 
27 0.0197866001 0.069535098 0.0294195655 0.0184241895 0.0252880836 0.0427779586 0.027866526 0.0255914352 0.0291179931 0.0535051605 0.0300953225 0.0141888018 0.0166481302 0.0630721189 0.0278009928 0.0084195541 0.0498659735 0.0399275688 0.0190952735 0.0428094672 0.0441267733 0.0293207575 0.0345902835 0.028887687 0.0305006429 0.0538779793 0.032472276 0.021246556 0.0123182875 0.0435285761 0.0123014401 0.0035929275 
28 0.0134079051 0.0308311537 0.0432099107 0.0243731164 0.0236385104 0.0261960097 0.0323249244 0.0530691835 0.0124617954 0.0270639695 0.0437776263 0.0151256957 0.0 0.0522346857 0.0367326667 0.0503683935 0.0465986666 0.02619584 0.0249294939 0.0095316935 0.0658007191 0.0230408398 0.0378928259 0.0235242752 0.0538633585 0.0504812968 0.021246556 0.0090730638 0.043786802 0.0338723312 0.018683176 0.026663515 
29 0.0491184606 0.0202217725 0.0357770345 0.0474099323 0.0228994483 0.0352604648 0.0350209898 0.0334357157 0.0238129394 0.0277029904 0.0236355625 0.0667549401 0.0365814984 0.0214753654 0.0255131614 0.0262079676 0.0330356162 0.0241994508 0.0476961995 0.0267232788 0.0080142079 0.0356079628 0.0185847449 0.0215003822 0.0468015839 0.0217004484 0.0123182875 0.043786802 0.0188167262 0.0444629002 0.043774064 0.0221491012 
30 0.0038747512 0.062371066 0.0155550348 0.0208711794 0.0428894588 0.0310429482 0.0746684633 0.0332357871 0.0202032136 0.0488690858 0.0139357061 0.0227848729 0.0169745123 0.0187589087 0.0294721261 0.0306933966 0.0391935084 0.0463440078 0.0259192679 0.0372986228 0.0159950329 0.0277550185 0.0374478786 0.0217857772 0.0284657756 0.0365869513 0.0435285761 0.0338723312 0.0444629002 0.0129252068 0.0329794672 0.0292391665 
31 0.0349504044 0.0381980996 0.0308045603 0.0304625253 0.0339362967 0.0481729205 0.0251064336 0.0406982348 0.0389081953 0.0334423966 0.027574964 0.0280622849 0.0229770327 0.0222640475 0.0232445531 0.0222265827 0.0244931992 0.0380737065 0.0205399141 0.0219653576 0.0338760011 0.0372782989 0.0356741237 0.0485245334 0.0311669257 0.0241560845 0.0123014401 0.018683176 0.043774064 0.0329794672 0.0396066794 0.0358774965 
32 0.0347269236 0.0478191599 0.0170543981 0.0566425349 0.0254656614 0.0543608772 0.0012279676 0.0087595708 0.0236370046 0.0393932013 0.0076696945 0.0352275747 0.0366864264 0.0115831336 0.0339614803 0.0234752558 0.0281332586 0.0342251259 0.0688469248 0.0243901498 0.0424512671 0.038328609 0.0301081814 0.0329319108 0.0474449223 0.0231018459 0.0035929275 0.026663515 0.0221491012 0.0292391665 0.0358774965 0.054824733 
