15
1 0.0 0.0560429231 0.0527066632 0.0826835407 0.0876372058 0.0736957455 0.0758576537 0.0604199694 0.0975730499 0.1040491556 0.077893444 0.0600605461 0.0919354543 0.0381066813 0.0413379677
2 0.0560429231 0.0 0.0587469618 0.0448297217 0.0937182978 0.0523808841 0.1095103285 0.0649645491 0.074969439 0.0940538652 0.0811012038 0.0277950493 0.1367502994 0.0460901481 0.0590463292
3 0.0527066632 0.0587469618 0.0 0.0926913095 0.0152200429 0.125639685 0.0447199466 0.0913908281 0.0290959203 0.055219164 0.0844926136 0.0841861735 0.0995404577 0.0975208055 0.0688294282
4 0.0826835407 0.0448297217 0.0926913095 0.0 0.0626074215 0.1036952502 0.0358640494 0.0628036882 0.0370238269 0.0372102145 0.0898668998 0.0854181858 0.1160247307 0.0962490812 0.0530320799
5 0.0876372058 0.0937182978 0.0152200429 0.0626074215 0.0 0.0151591114 0.0875739604 0.0868103316 0.0714964508 0.1204879364 0.1244869733 0.0209216397 0.0760499899 0.0250511568 0.1127794818
6 0.0736957455 0.0523808841 0.125639685 0.1036952502 0.0151591114 0.0 0.073614242 0.0777188221 0.0554477276 0.0901588439 0.0732014524 0.0958386482 0.0771362887 0.0589341521 0.0273791471
7 0.0758576537 0.1095103285 0.0447199466 0.0358640494 0.0875739604 0.073614242 0.0 0.1105366736 0.0491144515 0.0505354091 0.1053226991 0.0776760425 0.0607815921 0.0575555109 0.0613374404
8 0.0604199694 0.0649645491 0.0913908281 0.0628036882 0.0868103316 0.0777188221 0.1105366736 0.0 0.0452900054 0.0902859984 0.0606818924 0.0679755166 0.0492487775 0.0597838392 0.0720891086
9 0.0975730499 0.074969439 0.0290959203 0.0370238269 0.0714964508 0.0554477276 0.0491144515 0.0452900054 0.0 0.0265613143 0.076684694 0.092183948 0.06677671 0.1612432323 0.11653923
10 0.1040491556 0.0940538652 0.055219164 0.0372102145 0.1204879364 0.0901588439 0.0505354091 0.0902859984 0.0265613143 0.0 0.0217259934 0.0472274017 0.072994098 0.1047180167 0.0847725886
11 0.077893444 0.0811012038 0.0844926136 0.0898668998 0.1244869733 0.0732014524 0.1053226991 0.0606818924 0.076684694 0.0217259934 0.0 0.069089148 0.0195935064 0.0276391371 0.0882203426
12 0.0600605461 0.0277950493 0.0841861735 0.0854181858 0.0209216397 0.0958386482 0.0776760425 0.0679755166 0.092183948 0.0472274017 0.069089148 0.0 0.0382085207 0.1333160201 0.1001031598
13 0.0919354543 0.1367502994 0.0995404577 0.1160247307 0.0760499899 0.0771362887 0.0607815921 0.0492487775 0.06677671 0.072994098 0.0195935064 0.0382085207 0.0 0.0371090488 0.0578505259
14 0.0381066813 0.0460901481 0.0975208055 0.0962490812 0.0250511568 0.0589341521 0.0575555109 0.0597838392 0.1612432323 0.1047180167 0.0276391371 0.1333160201 0.0371090488 0.0 0.0566831702
15 0.0413379677 0.0590463292 0.0688294282 0.0530320799 0.1127794818 0.0273791471 0.0613374404 0.0720891086 0.11653923 0.0847725886 0.0882203426 0.1001031598 0.0578505259 0.0566831702 0.0
