55
1 0.0 0.016137673 0.0148877952 0.0184859507 0.0075575693 0.0121511172 0.0100170179 0.0073081042 0.0277569556 0.0147679949 0.0309368497 0.0289451558 0.0240950729 0.0231743039 0.0179235782 0.0203720274 0.0143877688 0.0183931203 0.0220475073 0.0139282445 0.0101855112 0.0310359002 0.0305681645 0.0208663224 0.0167602132 0.0202323296 0.0326836486 0.0216249061 0.0207866967 0.0189130854 0.0078899924 0.0184060168 0.0280819551 0.023764822 0.0105028362 0.0269021466 0.0119037892 0.0270178647 0.0059734401 0.0247821171 0.0164477453 0.0070378632 0.0158639105 0.0219610882 0.0072277376 0.0243102374 0.0229794238 0.020155682 0.0322040043 0.0154941593 0.0124300483 0.0127756222 0.0120024924 0.0090723615 0.017882059
2 0.016137673 0.0 0.031006708 0.0184407548 0.0158696287 0.006625879 0.0049985708 0.0203389793 0.0239712689 0.0196100566 0.024990081 0.0324245932 0.0220743405 0.0246186542 0.0167584315 0.0179205952 0.0098563932 0.013303612 0.0146612907 0.0273901205 0.0099135768 0.0249290852 0.0211521715 0.0196359253 0.0080721796 0.0093434784 0.0148135455 0.0068658436 0.028334951 0.0121396503 0.0270109207 0.0222700501 0.0212946277 0.0288094455 0.0055302115 0.0336313529 0.02118166 0.0286932124 0.0148871309 0.0262976488 0.0110071152 0.0070181086 0.029825744 0.0170068846 0.0299045113 0.0158975496 0.0118122451 0.0058949167 0.0171186617 0.0161537051 0.0241978492 0.0213599266 0.0133754227 0.0070911186 0.0265319422
3 0.0148877952 0.031006708 0.0 0.0177364272 0.0139463442 0.0206048793 0.0301485635 0.0214897438 0.0152906745 0.0189205607 0.0247948701 0.0281052653 0.022981974 0.0074371508 0.0161163922 0.0076387527 0.0044524838 0.0229610144 0.0224557502 0.0024988585 0.0179949702 0.0140550857 0.0199929991 0.0017837389 0.0235333679 0.0248581415 0.0140910715 0.0179625019 0.0130042323 0.0113264389 0.0108287319 0.0292386567 0.0194345633 0.0312065558 0.0157722078 0.0175020682 0.0032906284 0.0245832712 0.0365830024 0.0324006224 0.0111357 0.0134800729 0.0187230809 0.0217455079 0.0298527208 0.0080164507 0.0161927135 0.0226692001 0.0115606312 0.0270755799 0.0132136158 0.0097408473 0.0268814948 0.0377001462 0.0090951736
4 0.0184859507 0.0184407548 0.0177364272 0.0 0.0187303387 0.0246539094 0.0291715919 0.0167957002 0.0100449719 0.0066848979 0.0232515486 0.0174874226 0.0242455392 0.0119276444 0.017167219 0.0209768083 0.0233679382 0.0257098848 0.0144905467 0.0179906952 0.0135087904 0.0045279534 0.0103820124 0.0180865551 0.024667556 0.0198086755 0.0240795095 0.0323068323 0.0237667505 0.0187264297 0.0121956291 0.0148309972 0.0162732749 0.017146501 0.0284151609 0.0138631575 0.0120946553 0.0300691943 0.0143006918 0.0297698692 0.0081154829 0.0285796482 0.0227203424 0.0059529029 0.0216374704 0.0278520842 0.015969646 0.0183277043 0.0162148377 0.0330268559 0.010673421 0.0099379493 0.0191058645 0.0188270775 0.006878727
5 0.0075575693 0.0158696287 0.0139463442 0.0187303387 0.0 0.0032144633 0.0155281989 0.0209233537 0.0050720818 0.0310380174 0.0261056235 0.0222350278 0.0132045571 0.0176623296 0.0194385778 0.0243536283 0.0090437641 0.0216844083 0.0294761937 0.0238292943 0.0144864428 0.029916122 0.0277912529 0.0066650578 0.0272093919 0.0111783377 0.0181608549 0.0189563289 0.021003481 0.015148812 0.0114108738 0.0151077187 0.0290650863 0.0032315906 0.0272066685 0.0198408676 0.0310744781 0.0071999642 0.0412873716 0.0204076394 0.024255109 0.0249836373 0.0097569015 0.0133145656 0.0152594058 0.022341843 0.0202472407 0.0036143423 0.0168810085 0.0182051976 0.0123855435 0.0127920255 0.0158954304 0.02840698 0.0263990282
6 0.0121511172 0.006625879 0.0206048793 0.0246539094 0.0032144633 0.0 0.0248844831 0.0157886051 0.0105344528 0.0267760228 0.0144114771 0.0167522924 0.0266790924 0.014585345 0.0270228831 0.0083207138 0.0178117989 0.0162227533 0.0305559062 0.014869184 0.0234399077 0.0189782257 0.0229786519 0.0132786967 0.0204882805 0.0165750183 0.0284142799 0.0251145844 0.0262155533 0.0147364598 0.0183102694 0.0104033625 0.0175066717 0.0220424777 0.0076737306 0.0250811122 0.013757059 0.0271603333 0.005563883 0.0295601211 0.02036059 0.0184535072 0.0223080259 0.0185065674 0.0120238175 0.0158974409 0.0257184581 0.0303166913 0.0135639377 0.0166547896 0.015581396 0.0150989922 0.0008616345 0.0126475778 0.0422626375
7 0.0100170179 0.0049985708 0.0301485635 0.0291715919 0.0155281989 0.0248844831 0.0 0.0099672751 0.0134701172 0.0166953433 0.0167285071 0.0148250835 0.0189336309 0.0134658986 0.0059385469 0.0152736893 0.0259340548 0.0153917361 0.0213850075 0.0247269771 0.0200328138 0.0082331267 0.0178842803 0.0151300871 0.0273414856 0.0319694971 0.018846033 0.0215031852 0.0252372654 0.031710255 0.0170628892 0.0075623221 0.0214675238 0.0204470191 0.0204580918 0.0210290983 0.0188178765 0.004370451 0.0276972674 0.0169009022 0.0071901347 0.0187034584 0.0132779655 0.017456752 0.0167262863 0.0141620429 0.0182283075 0.0208470206 0.0198466369 0.0062761599 0.0306615638 0.0230133354 0.0325728262 0.0222482926 0.0176034531
8 0.0073081042 0.0203389793 0.0214897438 0.0167957002 0.0209233537 0.0157886051 0.0099672751 0.0 0.0370118973 0.0234963395 0.0197551483 0.0085938488 0.0276505322 0.0190727537 0.0209915866 0.0119239879 0.0051135242 0.0324502325 0.0248859168 0.0156653439 0.0279054061 0.025496513 0.0209011257 0.0177529913 0.0079729637 0.0188988201 0.0236684429 0.0067627675 0.0052022231 0.0147423369 0.0173305194 0.0177906489 0.0140468471 0.0256000918 0.0223013946 0.019062972 0.0167010766 0.0323463552 0.0200623486 0.0193063039 0.0226350008 0.0156068911 0.0115146668 0.0078240845 0.0171008705 0.0054053603 0.0188199425 0.017040548 0.0131273379 0.0260237454 0.0107587476 0.0095870627 0.0211002723 0.0408886761 0.0294917721
9 0.0277569556 0.0239712689 0.0152906745 0.0100449719 0.0050720818 0.0105344528 0.0134701172 0.0370118973 0.0 0.0155321793 0.0178956733 0.0233876172 0.0048867335 0.0151752185 0.028310473 0.0147570713 0.0083226723 0.0150342564 0.017569175 0.0239128833 0.0306475612 0.0188217229 0.025053303 0.0159166397 0.0218185356 0.0202773048 0.0077873974 0.0246970915 0.0155078041 0.0201855749 0.0083266727 0.0199874378 0.0224623686 0.0245452316 0.0165323446 0.0166595322 0.0066856721 0.0244311846 0.0182831429 0.0190741265 0.0197567993 0.0297935768 0.0159947162 0.0126934254 0.0112466886 0.021182473 0.0216313 0.0289753184 0.0197362046 0.0169873925 0.0128619041 0.0112199007 0.0216845295 0.0335886388 0.0170101102
10 0.0147679949 0.0196100566 0.0189205607 0.0066848979 0.0310380174 0.0267760228 0.0166953433 0.0234963395 0.0155321793 0.0 0.0237194778 0.0202791874 0.0228095511 0.0117157464 0.0192339845 0.005086888 0.0096735009 0.0201827372 0.0172617305 0.0181038774 0.00853964 0.016925801 0.023952836 0.0097607627 0.0128385937 0.0191744363 0.0205439533 0.0277001792 0.0207220463 0.0217577617 0.0224277561 0.0086959411 0.0145246466 0.0190831961 0.0315034899 0.0105198001 0.0107903416 0.0247274934 0.0173210612 0.0258681524 0.0319393678 0.034770841 0.0192552029 0.0190769732 0.0187778819 0.0159703179 0.0119543737 0.0047732736 0.014215977 0.0186006176 0.0243795344 0.0149510096 0.0202676113 0.0236566878 0.0184443481
11 0.0309368497 0.024990081 0.0247948701 0.0232515486 0.0261056235 0.0144114771 0.0167285071 0.0197551483 0.0178956733 0.0237194778 0.0 0.0229385623 0.0066622023 0.0139635038 0.0204610196 0.0168877509 0.0123299123 0.0087128286 0.0146768359 0.0218802768 0.0228622373 0.0073690059 0.0241654755 0.0202191199 0.0103120246 0.0236474335 0.0245518993 0.0255707977 0.0231790887 0.0190998528 0.0062700958 0.0154349835 0.0192647828 0.0102731525 0.0286146945 0.0021740086 0.0275721102 0.0029469823 0.0199723738 0.0170164218 0.0127297813 0.0096208269 0.0019723442 0.0088409347 0.0179050829 0.0246948702 0.0348107531 0.0233075827 0.0288769487 0.0108216192 0.022831829 0.01814059 0.0218930301 0.0289892317 0.0229458854
12 0.0289451558 0.0324245932 0.0281052653 0.0174874226 0.0222350278 0.0167522924 0.0148250835 0.0085938488 0.0233876172 0.0202791874 0.0229385623 0.0 0.0172659896 0.0259303689 0.0213510771 0.0142435771 0.01175384 0.0043425975 0.0186232363 0.0169225376 0.021298356 0.0224511464 0.0239362867 0.0162852086 0.0129244547 0.0154202628 0.0093314513 0.0118571962 0.0110720803 0.0223929721 0.0158174386 0.0280707656 0.0034978951 0.0214463729 0.0196203505 0.0161183501 0.0263380057 0.0151827359 0.0067668613 0.0203862821 0.0184649564 0.0194223737 0.0134897599 0.0224195033 0.0320211037 0.0083653223 0.0067531027 0.0119138846 0.0133953629 0.0337328819 0.0277361984 0.0223890412 0.0244568103 0.0325705314 0.0062474141
13 0.0240950729 0.0220743405 0.022981974 0.0242455392 0.0132045571 0.0266790924 0.0189336309 0.0276505322 0.0048867335 0.0228095511 0.0066622023 0.0172659896 0.0 0.0186504961 0.0063493541 0.0156609811 0.0254844792 0.0157362931 0.0179035513 0.0095400633 0.0227920384 0.004264406 0.0081386792 0.0329337772 0.0312860353 0.0182951198 0.027527476 0.0194881546 0.0105297326 0.0285159006 0.0087924536 0.014968405 0.0277106684 0.0167802798 0.0142165625 0.0173473149 0.0309467621 0.0214540561 0.0106701569 0.0315630195 0.0077076865 0.0026711402 0.0363222326 0.0211259998 0.0154630904 0.0115330804 0.0141297053 0.0202735977 0.0156489614 0.0172559928 0.0241324175 0.0256880064 0.0226104925 0.0072318624 0.0191703016
14 0.0231743039 0.0246186542 0.0074371508 0.0119276444 0.0176623296 0.014585345 0.0134658986 0.0190727537 0.0151752185 0.0117157464 0.0139635038 0.0259303689 0.0186504961 0.0 0.0299734065 0.0153455284 0.0113723775 0.0285002697 0.0239623406 0.0208727595 0.0088984737 0.0232590705 0.0151966184 0.0242195922 0.037387236 0.0313683178 0.0051883617 0.0114703433 0.0214516742 0.0144344748 0.0301492093 0.0125646656 0.0187850485 0.0147188612 0.0256667995 0.0157069289 0.016549866 0.0210555402 0.0262496597 0.0097696676 0.0250058366 0.0312059237 0.0245113549 0.0083778411 0.0049244537 0.018749778 0.0257942107 0.0317804588 0.0195251674 0.0209745078 0.0045360531 0.0189535728 0.0191967145 0.0106725377 0.0042950841
15 0.0179235782 0.0167584315 0.0161163922 0.017167219 0.0194385778 0.0270228831 0.0059385469 0.0209915866 0.028310473 0.0192339845 0.0204610196 0.0213510771 0.0063493541 0.0299734065 0.0 0.0304933835 0.0261473762 0.0212166892 0.0221028076 0.0095752627 0.0110744825 0.0229571698 0.0206283857 0.0235147734 0.0078681383 0.0129746546 0.0239443804 0.0207312593 0.0218506656 0.0295128424 0.019742907 0.0124873629 0.0062506158 0.0201385671 0.0144185698 0.0372444963 0.0064944319 0.0121631692 0.0218305906 0.0186711253 0.011322535 0.0115456428 0.0196798236 0.0220761528 0.0157752071 0.0326221385 0.0144487025 0.0071077598 0.0332987385 0.0106787982 0.0219435475 0.0141391028 0.0253734025 0.0140725283 0.0048452828
16 0.0203720274 0.0179205952 0.0076387527 0.0209768083 0.0243536283 0.0083207138 0.0152736893 0.0119239879 0.0147570713 0.005086888 0.0168877509 0.0142435771 0.0156609811 0.0153455284 0.0304933835 0.0 0.0229420698 0.0265417048 0.0148012513 0.0207950918 0.0138220528 0.0192121952 0.0022813338 0.0191703512 0.0259201996 0.0211896849 0.0157028518 0.0258157804 0.0266390183 0.0205640704 0.0217822175 0.0234447962 0.020170821 0.0116818805 0.0181566619 0.0238039487 0.0171466576 0.0268673062 0.0156859788 0.0306929376 0.0166606618 0.0157489758 0.0206493695 0.0148441258 0.0128332685 0.019904889 0.0110729941 0.0159754234 0.0273744556 0.0144701145 0.022196293 0.0162668926 0.0322752736 0.0227235953 0.0129174222
17 0.0143877688 0.0098563932 0.0044524838 0.0233679382 0.0090437641 0.0178117989 0.0259340548 0.0051135242 0.0083226723 0.0096735009 0.0123299123 0.01175384 0.0254844792 0.0113723775 0.0261473762 0.0229420698 0.0 0.0247689611 0.0123131133 0.0232146174 0.0164308167 0.0249548973 0.0182838683 0.0179324271 0.0331370594 0.0306443664 0.0092144372 0.0308841012 0.0156927211 0.0227345313 0.0314975203 0.0328352052 0.0066245572 0.0315972102 0.0134640935 0.0125472318 0.0182030976 0.0216498563 0.0161393798 0.024267084 0.0138774173 0.0141854974 0.0137164031 0.0077512494 0.0099687232 0.0230212838 0.0221719815 0.022247963 0.0228914124 0.0186060755 0.0133085319 0.0329076427 0.0177352968 0.0315641846 0.0090212291
18 0.0183931203 0.013303612 0.0229610144 0.0257098848 0.0216844083 0.0162227533 0.0153917361 0.0324502325 0.0150342564 0.0201827372 0.0087128286 0.0043425975 0.0157362931 0.0285002697 0.0212166892 0.0265417048 0.0247689611 0.0 0.0168323956 0.030839931 0.0143576716 0.0100824796 0.0181416139 0.021269473 0.0174209651 0.0221105598 0.0102341638 0.0122103102 0.0253889206 0.0223678882 0.0087248672 0.0109056363 0.0139017644 0.0200550281 0.0057722921 0.0292078563 0.0297695148 0.0030509661 0.0226337025 0.0196854398 0.0209859142 0.0206466554 0.0160312294 0.0217829851 0.0184513972 0.006853764 0.0120352714 0.0256328458 0.0187191732 0.0248995192 0.0222758649 0.017229427 0.0184625274 0.0037715159 0.0361053704
19 0.0220475073 0.0146612907 0.0224557502 0.0144905467 0.0294761937 0.0305559062 0.0213850075 0.0248859168 0.017569175 0.0172617305 0.0146768359 0.0186232363 0.0179035513 0.0239623406 0.0221028076 0.0148012513 0.0123131133 0.0168323956 0.0 0.0216905823 0.0064344137 0.0165407754 0.0271432972 0.0174533322 0.0066955511 0.0166908565 0.0200738136 0.0187363583 0.0163683682 0.0130633786 0.0207598829 0.0164956081 0.0137765598 0.0088756467 0.0203451297 0.0230894615 0.0201297737 0.0194210897 0.0066196687 0.0092683578 0.0212549904 0.0163627908 0.0151361238 0.0257424349 0.0215281626 0.026952256 0.0135336323 0.0124303254 0.017149203 0.0220236639 0.0182685123 0.0285928749 0.0335260287 0.0165046495 0.0153178893
20 0.0139282445 0.0273901205 0.0024988585 0.0179906952 0.0238292943 0.014869184 0.0247269771 0.0156653439 0.0239128833 0.0181038774 0.0218802768 0.0169225376 0.0095400633 0.0208727595 0.0095752627 0.0207950918 0.0232146174 0.030839931 0.0216905823 0.0 0.0307462268 0.0247658801 0.0181211816 0.0124889967 0.0186091452 0.0204379008 0.0181754209 0.0204586796 0.0192340127 0.0239522911 0.01464045 0.0139314698 0.020338296 0.0145895828 0.0189330877 0.0171819098 0.014663277 0.0208799392 0.0183730034 0.0176540109 0.008194201 0.0099288682 0.0206725827 0.0229225338 0.0106170442 0.0166655991 0.0214132364 0.0028152066 0.0266128141 0.0128585015 0.0274543204 0.0115505614 0.0302683816 0.0150581609 0.0265466249
21 0.0101855112 0.0099135768 0.0179949702 0.0135087904 0.0144864428 0.0234399077 0.0200328138 0.0279054061 0.0306475612 0.00853964 0.0228622373 0.021298356 0.0227920384 0.0088984737 0.0110744825 0.0138220528 0.0164308167 0.0143576716 0.0064344137 0.0307462268 0.0 0.0236567295 0.0165320872 0.0250136758 0.0097679069 0.0274027386 0.0098071985 0.021050712 0.0154471145 0.0183413914 0.0247645373 0.01446213 0.0117653904 0.0265439785 0.0233802461 0.0082856024 0.0202672153 0.0194337055 0.0236029009 0.0086615861 0.0261457885 0.0223273873 0.0116337407 0.0118980588 0.0122312426 0.0226308064 0.0277528218 0.0302909114 0.0135570283 0.0244330081 0.0180555607 0.0208210326 0.0139907784 0.0235420035 0.0271315941
22 0.0310359002 0.0249290852 0.0140550857 0.0045279534 0.029916122 0.0189782257 0.0082331267 0.025496513 0.0188217229 0.016925801 0.0073690059 0.0224511464 0.004264406 0.0232590705 0.0229571698 0.0192121952 0.0249548973 0.0100824796 0.0165407754 0.0247658801 0.0236567295 0.0 0.0113827821 0.022642009 0.0117357481 0.0209663019 0.0222460133 0.01531779 0.0199484558 0.0233527656 0.0185079077 0.0239688674 0.0126517316 0.0149184269 0.0099575865 0.0159189639 0.0209544422 0.023198481 0.0229070757 0.0179391427 0.0130402043 0.0156474124 0.0331694984 0.0304869567 0.0231563802 0.0172904009 0.0113800749 0.0118747164 0.0216019149 0.0215537887 0.0095468287 0.0147218504 0.0214963121 0.0161818449 0.0179040331
23 0.0305681645 0.0211521715 0.0199929991 0.0103820124 0.0277912529 0.0229786519 0.0178842803 0.0209011257 0.025053303 0.023952836 0.0241654755 0.0239362867 0.0081386792 0.0151966184 0.0206283857 0.0022813338 0.0182838683 0.0181416139 0.0271432972 0.0181211816 0.0165320872 0.0113827821 0.0 0.0260782307 0.032927483 0.006735344 0.022471611 0.0246389969 0.0237340111 0.022036412 0.0222112161 0.0213027848 0.0192262599 0.0236779505 0.0117752738 0.0076119461 0.0230374976 0.0134460721 0.0123773712 0.0167899936 0.0220650681 0.0212500091 0.0092249859 0.0085250887 0.0270492969 0.0095209527 0.0226484658 0.0198888876 0.0199355311 0.0173462273 0.0017277805 0.0102898422 0.0134746898 0.0265382278 0.0158280852
24 0.0208663224 0.0196359253 0.0017837389 0.0180865551 0.0066650578 0.0132786967 0.0151300871 0.0177529913 0.0159166397 0.0097607627 0.0202191199 0.0162852086 0.0329337772 0.0242195922 0.0235147734 0.0191703512 0.0179324271 0.021269473 0.0174533322 0.0124889967 0.0250136758 0.022642009 0.0260782307 0.0 0.0059263495 0.0232340893 0.0107014809 0.0068825972 0.0250012224 0.0139275077 0.0203343336 0.0083400854 0.0230687052 0.024981182 0.023871298 0.0183718699 0.0150148168 0.0102274668 0.026181032 0.0175550239 0.0058100972 0.0130274161 0.0137510569 0.0280859764 0.0157800909 0.0163859818 0.0318992507 0.0168888875 0.0265048605 0.0084730669 0.0242162712 0.0115223486 0.0297301254 0.0235247762 0.0426829893
25 0.0167602132 0.0080721796 0.0235333679 0.024667556 0.0272093919 0.0204882805 0.0273414856 0.0079729637 0.0218185356 0.0128385937 0.0103120246 0.0129244547 0.0312860353 0.037387236 0.0078681383 0.0259201996 0.0331370594 0.0174209651 0.0066955511 0.0186091452 0.0097679069 0.0117357481 0.032927483 0.0059263495 0.0 0.0043872103 0.0178798224 0.0216572934 0.0124446376 0.0115141501 0.0193330544 0.0069409956 0.0314857363 0.0230204897 0.0252048953 0.0064159397 0.0083452985 0.0098438997 0.0241947544 0.0038443361 0.0181325524 0.0236584202 0.0143832846 0.0186479478 0.03624349 0.0261539938 0.0126549254 0.0022427028 0.0419321759 0.0287860285 0.0087793458 0.0301487885 0.0233021392 0.0143143728 0.0214864545
26 0.0202323296 0.0093434784 0.0248581415 0.0198086755 0.0111783377 0.0165750183 0.0319694971 0.0188988201 0.0202773048 0.0191744363 0.0236474335 0.0154202628 0.0182951198 0.0313683178 0.0129746546 0.0211896849 0.0306443664 0.0221105598 0.0166908565 0.0204379008 0.0274027386 0.0209663019 0.006735344 0.0232340893 0.0043872103 0.0 0.0192285595 0.0225677807 0.0101513952 0.0108069748 0.0230104758 0.0136543452 0.0236171546 0.0084747063 0.0184403637 0.0313831801 0.0118865787 0.0117490007 0.0113225619 0.0270590911 0.0320037893 0.0194549082 0.0169635175 0.0140185711 0.025059189 0.0279875978 0.0138718184 0.0053065065 0.0337130558 0.0115039548 0.0174819482 0.0161682969 0.0265487913 0.0006783335 0.0080666729
27 0.0326836486 0.0148135455 0.0140910715 0.0240795095 0.0181608549 0.0284142799 0.018846033 0.0236684429 0.0077873974 0.0205439533 0.0245518993 0.0093314513 0.027527476 0.0051883617 0.0239443804 0.0157028518 0.0092144372 0.0102341638 0.0200738136 0.0181754209 0.0098071985 0.0222460133 0.022471611 0.0107014809 0.0178798224 0.0192285595 0.0 0.0113301611 0.0308443378 0.0238833039 0.0166369513 0.0196295127 0.0247721888 0.0206901892 0.0187514515 0.0219138851 0.016055166 0.0192696236 0.0130590436 0.0133249737 0.0170661245 0.0211801434 0.022085873 0.0125008291 0.0098879455 0.015106977 0.0206467858 0.0200389089 0.008530979 0.0276458076 0.0153692007 0.0147941455 0.0181460168 0.0212939456 0.0361778511
28 0.0216249061 0.0068658436 0.0179625019 0.0323068323 0.0189563289 0.0251145844 0.0215031852 0.0067627675 0.0246970915 0.0277001792 0.0255707977 0.0118571962 0.0194881546 0.0114703433 0.0207312593 0.0258157804 0.0308841012 0.0122103102 0.0187363583 0.0204586796 0.021050712 0.01531779 0.0246389969 0.0068825972 0.0216572934 0.0225677807 0.0113301611 0.0 0.0240962709 0.014915365 0.0158045817 0.0325141986 0.0105788342 0.0134775097 0.0325219002 0.0261443604 0.0191315009 0.0043969422 0.015378752 0.0049541057 0.0178967714 0.0386457605 0.0321275519 0.0184586923 0.0153885577 0.0125276233 0.00962101 0.0035579692 0.0101826526 0.0228905982 0.0184490628 0.0258726541 0.0105028484 0.0218249772 0.0039764162
29 0.0207866967 0.028334951 0.0130042323 0.0237667505 0.021003481 0.0262155533 0.0252372654 0.0052022231 0.0155078041 0.0207220463 0.0231790887 0.0110720803 0.0105297326 0.0214516742 0.0218506656 0.0266390183 0.0156927211 0.0253889206 0.0163683682 0.0192340127 0.0154471145 0.0199484558 0.0237340111 0.0250012224 0.0124446376 0.0101513952 0.0308443378 0.0240962709 0.0 0.0094386111 0.0093539338 0.0306849567 0.0228356513 0.0153294172 0.0109996752 0.021300083 0.0125620917 0.0123329798 0.0057689972 0.0304940464 0.0206386154 0.0168839853 0.029055816 0.0104484112 0.0163068499 0.0153146386 0.0137378782 0.0285132004 0.0147666341 0.0101389506 0.0184017367 0.0145088076 0.02885059 0.0085027851 0.0199759261
30 0.0189130854 0.0121396503 0.0113264389 0.0187264297 0.015148812 0.0147364598 0.031710255 0.0147423369 0.0201855749 0.0217577617 0.0190998528 0.0223929721 0.0285159006 0.0144344748 0.0295128424 0.0205640704 0.0227345313 0.0223678882 0.0130633786 0.0239522911 0.0183413914 0.0233527656 0.022036412 0.0139275077 0.0115141501 0.0108069748 0.0238833039 0.014915365 0.0094386111 0.0 0.0232907556 0.0136403472 0.0149225418 0.0139337386 0.0242149694 0.0221221011 0.0246863901 0.0296752735 0.0072523192 0.0154441816 0.0285613707 0.0241703134 0.0004159808 0.0254655006 0.0190955686 0.0315689251 0.024648133 0.0267440063 0.003755151 0.0159226747 0.0122010739 0.0205436605 0.0082300534 0.0130446979 0.0122087837
31 0.0078899924 0.0270109207 0.0108287319 0.0121956291 0.0114108738 0.0183102694 0.0170628892 0.0173305194 0.0083266727 0.0224277561 0.0062700958 0.0158174386 0.0087924536 0.0301492093 0.019742907 0.0217822175 0.0314975203 0.0087248672 0.0207598829 0.01464045 0.0247645373 0.0185079077 0.0222112161 0.0203343336 0.0193330544 0.0230104758 0.0166369513 0.0158045817 0.0093539338 0.0232907556 0.0 0.0218472005 0.016201984 0.0292902846 0.0200417518 0.0312892488 0.0101771284 0.0201135045 0.0208951516 0.0098347996 0.0296051756 0.016742036 0.0144133608 0.029318662 0.0195882386 0.0171586854 0.0191992786 0.0135225077 0.034173897 0.0268070368 0.0227825729 0.0151355799 0.0151435981 0.0117480916 0.0107511812
32 0.0184060168 0.0222700501 0.0292386567 0.0148309972 0.0151077187 0.0104033625 0.0075623221 0.0177906489 0.0199874378 0.0086959411 0.0154349835 0.0280707656 0.014968405 0.0125646656 0.0124873629 0.0234447962 0.0328352052 0.0109056363 0.0164956081 0.0139314698 0.01446213 0.0239688674 0.0213027848 0.0083400854 0.0069409956 0.0136543452 0.0196295127 0.0325141986 0.0306849567 0.0136403472 0.0218472005 0.0 0.0209485763 0.0084723924 0.0187303339 0.0148790135 0.0125037828 0.0100309912 0.0282583491 0.0184417448 0.0133558617 0.0244695007 0.0282098416 0.0277486782 0.0150764356 0.014386983 0.0194032107 0.0200537011 0.0193874861 0.0303437207 0.0278102493 0.0281807842 0.0104563038 0.0300817356 0.0063528496
33 0.0280819551 0.0212946277 0.0194345633 0.0162732749 0.0290650863 0.0175066717 0.0214675238 0.0140468471 0.0224623686 0.0145246466 0.0192647828 0.0034978951 0.0277106684 0.0187850485 0.0062506158 0.020170821 0.0066245572 0.0139017644 0.0137765598 0.020338296 0.0117653904 0.0126517316 0.0192262599 0.0230687052 0.0314857363 0.0236171546 0.0247721888 0.0105788342 0.0228356513 0.0149225418 0.016201984 0.0209485763 0.0 0.0244437559 0.0160969284 0.0167700322 0.0034858127 0.025188674 0.0190265613 0.0144826922 0.0187348341 0.0227263439 0.0256892048 0.0159657142 0.0256318914 0.0178921543 0.0155402726 0.0334092655 0.0225578632 0.0174705001 0.006656731 0.0167203205 0.0183431294 0.0178484844 0.0187655055
34 0.023764822 0.0288094455 0.0312065558 0.017146501 0.0032315906 0.0220424777 0.0204470191 0.0256000918 0.0245452316 0.0190831961 0.0102731525 0.0214463729 0.0167802798 0.0147188612 0.0201385671 0.0116818805 0.0315972102 0.0200550281 0.0088756467 0.0145895828 0.0265439785 0.0149184269 0.0236779505 0.024981182 0.0230204897 0.0084747063 0.0206901892 0.0134775097 0.0153294172 0.0139337386 0.0292902846 0.0084723924 0.0244437559 0.0 0.0211639006 0.0206418796 0.0132761684 0.0204471744 0.010700474 0.0283051051 0.0209476587 0.0222334135 0.0090179138 0.0264823754 0.0131102989 0.0148119224 0.0069290788 0.0263641043 0.0124664496 0.0132600689 0.0097524701 0.0197830957 0.0086227351 0.0334253893 0.0149707891
35 0.0105028362 0.0055302115 0.0157722078 0.0284151609 0.0272066685 0.0076737306 0.0204580918 0.0223013946 0.0165323446 0.0315034899 0.0286146945 0.0196203505 0.0142165625 0.0256667995 0.0144185698 0.0181566619 0.0134640935 0.0057722921 0.0203451297 0.0189330877 0.0233802461 0.0099575865 0.0117752738 0.023871298 0.0252048953 0.0184403637 0.0187514515 0.0325219002 0.0109996752 0.0242149694 0.0200417518 0.0187303339 0.0160969284 0.0211639006 0.0 0.0174034297 0.0335699677 0.0172201483 0.0185845282 0.0094362553 0.0169443135 0.0168455481 0.0118447716 0.0239709404 0.0209724315 0.0229755339 0.0140802021 0.0152533294 0.0200464549 0.0045720418 0.0235623994 0.0302376433 0.0098648824 0.0288234511 0.0035367751
36 0.0269021466 0.0336313529 0.0175020682 0.0138631575 0.0198408676 0.0250811122 0.0210290983 0.019062972 0.0166595322 0.0105198001 0.0021740086 0.0161183501 0.0173473149 0.0157069289 0.0372444963 0.0238039487 0.0125472318 0.0292078563 0.0230894615 0.0171819098 0.0082856024 0.0159189639 0.0076119461 0.0183718699 0.0064159397 0.0313831801 0.0219138851 0.0261443604 0.021300083 0.0221221011 0.0312892488 0.0148790135 0.0167700322 0.0206418796 0.0174034297 0.0 0.0295590352 0.0136402813 0.0164065985 0.0242625986 0.0124076306 0.0145672329 0.0237440497 0.0110716494 0.0037529747 0.012677375 0.0215667677 0.0219641742 0.0155423757 0.0102582877 0.0205821166 0.021468153 0.0169889708 0.011571504 0.0190030745
37 0.0119037892 0.02118166 0.0032906284 0.0120946553 0.0310744781 0.013757059 0.0188178765 0.0167010766 0.0066856721 0.0107903416 0.0275721102 0.0263380057 0.0309467621 0.016549866 0.0064944319 0.0171466576 0.0182030976 0.0297695148 0.0201297737 0.014663277 0.0202672153 0.0209544422 0.0230374976 0.0150148168 0.0083452985 0.0118865787 0.016055166 0.0191315009 0.0125620917 0.0246863901 0.0101771284 0.0125037828 0.0034858127 0.0132761684 0.0335699677 0.0295590352 0.0 0.0069696426 0.0206616962 0.0136471898 0.0157998321 0.0171040444 0.0211147723 0.03379575 0.0120892098 0.0226738262 0.0297657691 0.0213369553 0.0135230121 0.0255660414 0.0210783644 0.0261378738 0.0262679515 0.0110332436 0.0328111993
38 0.0270178647 0.0286932124 0.0245832712 0.0300691943 0.0071999642 0.0271603333 0.004370451 0.0323463552 0.0244311846 0.0247274934 0.0029469823 0.0151827359 0.0214540561 0.0210555402 0.0121631692 0.0268673062 0.0216498563 0.0030509661 0.0194210897 0.0208799392 0.0194337055 0.023198481 0.0134460721 0.0102274668 0.0098438997 0.0117490007 0.0192696236 0.0043969422 0.0123329798 0.0296752735 0.0201135045 0.0100309912 0.025188674 0.0204471744 0.0172201483 0.0136402813 0.0069696426 0.0 0.012404667 0.0093482989 0.0090849152 0.0341169258 0.0156121973 0.0232093301 0.0219141476 0.0063958798 0.0130627572 0.0167289341 0.0184053918 0.0280610358 0.0223707493 0.0313240203 0.0261618195 0.0221834217 0.0271606816
39 0.0059734401 0.0148871309 0.0365830024 0.0143006918 0.0412873716 0.005563883 0.0276972674 0.0200623486 0.0182831429 0.0173210612 0.0199723738 0.0067668613 0.0106701569 0.0262496597 0.0218305906 0.0156859788 0.0161393798 0.0226337025 0.0066196687 0.0183730034 0.0236029009 0.0229070757 0.0123773712 0.026181032 0.0241947544 0.0113225619 0.0130590436 0.015378752 0.0057689972 0.0072523192 0.0208951516 0.0282583491 0.0190265613 0.010700474 0.0185845282 0.0164065985 0.0206616962 0.012404667 0.0 0.0049273067 0.026435848 0.0074382845 0.0138375522 0.0134401719 0.0279099009 0.0179562845 0.0208374159 0.0257386667 0.0200274252 0.0179858178 0.0321065936 0.0288895567 0.0085247094 0.0354195155 0.0226414009
40 0.0247821171 0.0262976488 0.0324006224 0.0297698692 0.0204076394 0.0295601211 0.0169009022 0.0193063039 0.0190741265 0.0258681524 0.0170164218 0.0203862821 0.0315630195 0.0097696676 0.0186711253 0.0306929376 0.024267084 0.0196854398 0.0092683578 0.0176540109 0.0086615861 0.0179391427 0.0167899936 0.0175550239 0.0038443361 0.0270590911 0.0133249737 0.0049541057 0.0304940464 0.0154441816 0.0098347996 0.0184417448 0.0144826922 0.0283051051 0.0094362553 0.0242625986 0.0136471898 0.0093482989 0.0049273067 0.0 0.0154695418 0.0194425694 0.0288238763 0.0309193893 0.0096570962 0.0105269125 0.008424803 0.0226533907 0.0103121465 0.0170801967 0.0290302581 0.0118518207 0.0139284842 0.0066696465 0.0331155471
41 0.0164477453 0.0110071152 0.0111357 0.0081154829 0.024255109 0.02036059 0.0071901347 0.0226350008 0.0197567993 0.0319393678 0.0127297813 0.0184649564 0.0077076865 0.0250058366 0.011322535 0.0166606618 0.0138774173 0.0209859142 0.0212549904 0.008194201 0.0261457885 0.0130402043 0.0220650681 0.0058100972 0.0181325524 0.0320037893 0.0170661245 0.0178967714 0.0206386154 0.0285613707 0.0296051756 0.0133558617 0.0187348341 0.0209476587 0.0169443135 0.0124076306 0.0157998321 0.0090849152 0.026435848 0.0154695418 0.0 0.0243342169 0.0342708218 0.0286007748 0.0276521064 0.0288519636 0.0282542765 0.0063793733 0.0068235166 0.0103339658 0.0162970741 0.0231490598 0.0202594739 0.0106841773 0.024916181
42 0.0070378632 0.0070181086 0.0134800729 0.0285796482 0.0249836373 0.0184535072 0.0187034584 0.0156068911 0.0297935768 0.034770841 0.0096208269 0.0194223737 0.0026711402 0.0312059237 0.0115456428 0.0157489758 0.0141854974 0.0206466554 0.0163627908 0.0099288682 0.0223273873 0.0156474124 0.0212500091 0.0130274161 0.0236584202 0.0194549082 0.0211801434 0.0386457605 0.0168839853 0.0241703134 0.016742036 0.0244695007 0.0227263439 0.0222334135 0.0168455481 0.0145672329 0.0171040444 0.0341169258 0.0074382845 0.0194425694 0.0243342169 0.0 0.0247454014 0.0068267724 0.0193841441 0.0188756506 0.037225306 0.0205204011 0.0052717016 0.002605721 0.0229684598 0.0034246692 0.0059484509 0.0172157929 0.0289553573
43 0.0158639105 0.029825744 0.0187230809 0.0227203424 0.0097569015 0.0223080259 0.0132779655 0.0115146668 0.0159947162 0.0192552029 0.0019723442 0.0134897599 0.0363222326 0.0245113549 0.0196798236 0.0206493695 0.0137164031 0.0160312294 0.0151361238 0.0206725827 0.0116337407 0.0331694984 0.0092249859 0.0137510569 0.0143832846 0.0169635175 0.022085873 0.0321275519 0.029055816 0.0004159808 0.0144133608 0.0282098416 0.0256892048 0.0090179138 0.0118447716 0.0237440497 0.0211147723 0.0156121973 0.0138375522 0.0288238763 0.0342708218 0.0247454014 0.0 0.0306296522 0.0151828571 0.0361019347 0.0127409368 0.007944907 0.0241922245 0.0304814432 0.0174771638 0.0036291988 0.0169039539 0.005022629 0.0041362494
44 0.0219610882 0.0170068846 0.0217455079 0.0059529029 0.0133145656 0.0185065674 0.017456752 0.0078240845 0.0126934254 0.0190769732 0.0088409347 0.0224195033 0.0211259998 0.0083778411 0.0220761528 0.0148441258 0.0077512494 0.0217829851 0.0257424349 0.0229225338 0.0118980588 0.0304869567 0.0085250887 0.0280859764 0.0186479478 0.0140185711 0.0125008291 0.0184586923 0.0104484112 0.0254655006 0.029318662 0.0277486782 0.0159657142 0.0264823754 0.0239709404 0.0110716494 0.03379575 0.0232093301 0.0134401719 0.0309193893 0.0286007748 0.0068267724 0.0306296522 0.0 0.0192190987 0.023037805 0.0127986102 0.0222076647 0.0169328616 0.0263316104 0.0183713514 0.0181928589 0.0099058814 0.0089601317 0.0121037205
45 0.0072277376 0.0299045113 0.0298527208 0.0216374704 0.0152594058 0.0120238175 0.0167262863 0.0171008705 0.0112466886 0.0187778819 0.0179050829 0.0320211037 0.0154630904 0.0049244537 0.0157752071 0.0128332685 0.0099687232 0.0184513972 0.0215281626 0.0106170442 0.0122312426 0.0231563802 0.0270492969 0.0157800909 0.03624349 0.025059189 0.0098879455 0.0153885577 0.0163068499 0.0190955686 0.0195882386 0.0150764356 0.0256318914 0.0131102989 0.0209724315 0.0037529747 0.0120892098 0.0219141476 0.0279099009 0.0096570962 0.0276521064 0.0193841441 0.0151828571 0.0192190987 0.0 0.0260371524 0.0103981408 0.0324255477 0.0207273432 0.0283390056 0.0183875265 0.0153592609 0.0098337755 0.033416056 0.0144918244
46 0.0243102374 0.0158975496 0.0080164507 0.0278520842 0.022341843 0.0158974409 0.0141620429 0.0054053603 0.021182473 0.0159703179 0.0246948702 0.0083653223 0.0115330804 0.018749778 0.0326221385 0.019904889 0.0230212838 0.006853764 0.026952256 0.0166655991 0.0226308064 0.0172904009 0.0095209527 0.0163859818 0.0261539938 0.0279875978 0.015106977 0.0125276233 0.0153146386 0.0315689251 0.0171586854 0.014386983 0.0178921543 0.0148119224 0.0229755339 0.012677375 0.0226738262 0.0063958798 0.0179562845 0.0105269125 0.0288519636 0.0188756506 0.0361019347 0.023037805 0.0260371524 0.0 0.018255213 0.0263750027 0.0202297706 0.0023223618 0.0078055087 0.0280268482 0.0128861272 0.0252284575 0.0136239685
47 0.0229794238 0.0118122451 0.0161927135 0.015969646 0.0202472407 0.0257184581 0.0182283075 0.0188199425 0.0216313 0.0119543737 0.0348107531 0.0067531027 0.0141297053 0.0257942107 0.0144487025 0.0110729941 0.0221719815 0.0120352714 0.0135336323 0.0214132364 0.0277528218 0.0113800749 0.0226484658 0.0318992507 0.0126549254 0.0138718184 0.0206467858 0.00962101 0.0137378782 0.024648133 0.0191992786 0.0194032107 0.0155402726 0.0069290788 0.0140802021 0.0215667677 0.0297657691 0.0130627572 0.0208374159 0.008424803 0.0282542765 0.037225306 0.0127409368 0.0127986102 0.0103981408 0.018255213 0.0 0.0162721207 0.0235410599 0.0267702497 0.0330800118 0.0228172778 0.0162438102 0.0186022313 0.0056127946
48 0.020155682 0.0058949167 0.0226692001 0.0183277043 0.0036143423 0.0303166913 0.0208470206 0.017040548 0.0289753184 0.0047732736 0.0233075827 0.0119138846 0.0202735977 0.0317804588 0.0071077598 0.0159754234 0.022247963 0.0256328458 0.0124303254 0.0028152066 0.0302909114 0.0118747164 0.0198888876 0.0168888875 0.0022427028 0.0053065065 0.0200389089 0.0035579692 0.0285132004 0.0267440063 0.0135225077 0.0200537011 0.0334092655 0.0263641043 0.0152533294 0.0219641742 0.0213369553 0.0167289341 0.0257386667 0.0226533907 0.0063793733 0.0205204011 0.007944907 0.0222076647 0.0324255477 0.0263750027 0.0162721207 0.0 0.0197498665 0.0316349805 0.0189035329 0.0338263051 0.012282443 0.0051752407 0.0178311428
49 0.0322040043 0.0171186617 0.0115606312 0.0162148377 0.0168810085 0.0135639377 0.0198466369 0.0131273379 0.0197362046 0.014215977 0.0288769487 0.0133953629 0.0156489614 0.0195251674 0.0332987385 0.0273744556 0.0228914124 0.0187191732 0.017149203 0.0266128141 0.0135570283 0.0216019149 0.0199355311 0.0265048605 0.0419321759 0.0337130558 0.008530979 0.0101826526 0.0147666341 0.003755151 0.034173897 0.0193874861 0.0225578632 0.0124664496 0.0200464549 0.0155423757 0.0135230121 0.0184053918 0.0200274252 0.0103121465 0.0068235166 0.0052717016 0.0241922245 0.0169328616 0.0207273432 0.0202297706 0.0235410599 0.0197498665 0.0 0.0086236221 0.0234053668 0.0141031433 0.0151874731 0.0034051307 0.0189229597
50 0.0154941593 0.0161537051 0.0270755799 0.0330268559 0.0182051976 0.0166547896 0.0062761599 0.0260237454 0.0169873925 0.0186006176 0.0108216192 0.0337328819 0.0172559928 0.0209745078 0.0106787982 0.0144701145 0.0186060755 0.0248995192 0.0220236639 0.0128585015 0.0244330081 0.0215537887 0.0173462273 0.0084730669 0.0287860285 0.0115039548 0.0276458076 0.0228905982 0.0101389506 0.0159226747 0.0268070368 0.0303437207 0.0174705001 0.0132600689 0.0045720418 0.0102582877 0.0255660414 0.0280610358 0.0179858178 0.0170801967 0.0103339658 0.002605721 0.0304814432 0.0263316104 0.0283390056 0.0023223618 0.0267702497 0.0316349805 0.0086236221 0.0 0.0130141921 0.0058028539 0.017722893 0.0257834332 0.0093149375
51 0.0124300483 0.0241978492 0.0132136158 0.010673421 0.0123855435 0.015581396 0.0306615638 0.0107587476 0.0128619041 0.0243795344 0.022831829 0.0277361984 0.0241324175 0.0045360531 0.0219435475 0.022196293 0.0133085319 0.0222758649 0.0182685123 0.0274543204 0.0180555607 0.0095468287 0.0017277805 0.0242162712 0.0087793458 0.0174819482 0.0153692007 0.0184490628 0.0184017367 0.0122010739 0.0227825729 0.0278102493 0.006656731 0.0097524701 0.0235623994 0.0205821166 0.0210783644 0.0223707493 0.0321065936 0.0290302581 0.0162970741 0.0229684598 0.0174771638 0.0183713514 0.0183875265 0.0078055087 0.0330800118 0.0189035329 0.0234053668 0.0130141921 0.0 0.028182669 0.0136451581 0.0125755955 0.0240978839
52 0.0127756222 0.0213599266 0.0097408473 0.0099379493 0.0127920255 0.0150989922 0.0230133354 0.0095870627 0.0112199007 0.0149510096 0.01814059 0.0223890412 0.0256880064 0.0189535728 0.0141391028 0.0162668926 0.0329076427 0.017229427 0.0285928749 0.0115505614 0.0208210326 0.0147218504 0.0102898422 0.0115223486 0.0301487885 0.0161682969 0.0147941455 0.0258726541 0.0145088076 0.0205436605 0.0151355799 0.0281807842 0.0167203205 0.0197830957 0.0302376433 0.021468153 0.0261378738 0.0313240203 0.0288895567 0.0118518207 0.0231490598 0.0034246692 0.0036291988 0.0181928589 0.0153592609 0.0280268482 0.0228172778 0.0338263051 0.0141031433 0.0058028539 0.028182669 0.0 0.0213463964 0.0214808398 0.0052039607
53 0.0120024924 0.0133754227 0.0268814948 0.0191058645 0.0158954304 0.0008616345 0.0325728262 0.0211002723 0.0216845295 0.0202676113 0.0218930301 0.0244568103 0.0226104925 0.0191967145 0.0253734025 0.0322752736 0.0177352968 0.0184625274 0.0335260287 0.0302683816 0.0139907784 0.0214963121 0.0134746898 0.0297301254 0.0233021392 0.0265487913 0.0181460168 0.0105028484 0.02885059 0.0082300534 0.0151435981 0.0104563038 0.0183431294 0.0086227351 0.0098648824 0.0169889708 0.0262679515 0.0261618195 0.0085247094 0.0139284842 0.0202594739 0.0059484509 0.0169039539 0.0099058814 0.0098337755 0.0128861272 0.0162438102 0.012282443 0.0151874731 0.017722893 0.0136451581 0.0213463964 0.0 0.0046988628 0.0450148354
54 0.0090723615 0.0070911186 0.0377001462 0.0188270775 0.02840698 0.0126475778 0.0222482926 0.0408886761 0.0335886388 0.0236566878 0.0289892317 0.0325705314 0.0072318624 0.0106725377 0.0140725283 0.0227235953 0.0315641846 0.0037715159 0.0165046495 0.0150581609 0.0235420035 0.0161818449 0.0265382278 0.0235247762 0.0143143728 0.0006783335 0.0212939456 0.0218249772 0.0085027851 0.0130446979 0.0117480916 0.0300817356 0.0178484844 0.0334253893 0.0288234511 0.011571504 0.0110332436 0.0221834217 0.0354195155 0.0066696465 0.0106841773 0.0172157929 0.005022629 0.0089601317 0.033416056 0.0252284575 0.0186022313 0.0051752407 0.0034051307 0.0257834332 0.0125755955 0.0214808398 0.0046988628 0.0 0.0122146191
55 0.017882059 0.0265319422 0.0090951736 0.006878727 0.0263990282 0.0422626375 0.0176034531 0.0294917721 0.0170101102 0.0184443481 0.0229458854 0.0062474141 0.0191703016 0.0042950841 0.0048452828 0.0129174222 0.0090212291 0.0361053704 0.0153178893 0.0265466249 0.0271315941 0.0179040331 0.0158280852 0.0426829893 0.0214864545 0.0080666729 0.0361778511 0.0039764162 0.0199759261 0.0122087837 0.0107511812 0.0063528496 0.0187655055 0.0149707891 0.0035367751 0.0190030745 0.0328111993 0.0271606816 0.0226414009 0.0331155471 0.024916181 0.0289553573 0.0041362494 0.0121037205 0.0144918244 0.0136239685 0.0056127946 0.0178311428 0.0189229597 0.0093149375 0.0240978839 0.0052039607 0.0450148354 0.0122146191 0.0
