128
1 0.0061801991 0.0081559769 0.0077325952 0.0044232414 0.0054825546 0.0060421517 0.007629202 0.0064516814 0.0072198234 0.0119757848 0.0047715203 0.008618277 0.0065365181 0.0136894062 0.0082617304 0.0084178029 0.0067396357 0.0053262222 0.0095755855 0.0083013961 0.0045602406 0.0074033446 0.0069620613 0.0068246342 0.0103046139 0.0090436162 0.0071091329 0.0077854066 0.0051978257 0.0131609763 0.007295689 0.011315584 0.009089752 0.006616732 0.01165357 0.0045721708 0.0051867057 0.0033597484 0.0090339546 0.0093207793 0.0064967837 0.0083807099 0.0044739974 0.0051196277 0.0139197422 0.010349478 0.0055776936 0.0107560509 0.0124883519 0.0052600015 0.0076220024 0.0099068211 0.0053207028 0.0063582922 0.00540329 0.0065070163 0.0103126788 0.0124880562 0.0093574963 0.0069417273 0.0082978766 0.0057372004 0.0054245812 0.0073629867 0.0056029698 0.006512957 0.0055550415 0.00834988 0.0062773669 0.0079614197 0.0104265456 0.0116461761 0.0145561277 0.0135485643 0.0060671795 0.0046218493 0.0072679402 0.0027197715 0.0102949472 0.004065358 0.0146652485 0.0101076605 0.005841275 0.0062065887 0.0067213523 0.0043810197 0.0082480774 0.010333889 0.0014538032 0.0071883349 0.0070926538 0.007016912 0.0088497283 0.0061306027 0.0068807423 0.0080242302 0.0090461555 0.006743565 0.0070010681 0.0090988336 0.0050762858 0.0067745258 0.0071610332 0.0097222881 0.0065736781 0.0134256597 0.0086538067 0.0068964815 0.0128604174 0.0085921715 0.0050507327 0.0040768413 0.0084385148 0.009990777 0.0059692743 0.0091328187 0.0082982622 0.0079052717 0.0130388627 0.0048032318 0.0055327272 0.0083517002 0.0070385228 0.0128653274 0.0038462327 0.0117310291 0.0088972763 0.0055994059 
2 0.0081559769 0.0001619496 0.0051448392 0.0061481008 0.0139186412 0.0068710673 0.0051332888 0.0096298647 0.0063510266 0.0089800962 0.0067815464 0.0057454433 0.0106993667 0.0041462102 0.0051742725 0.0023612063 0.0060136912 0.0125784938 0.0079822169 0.0057467587 0.0148727053 0.0068942634 0.0083868017 0.0101193927 0.004235398 0.0123963078 0.0113506183 0.0088497354 0.0063714573 0.0091217441 0.0060532975 0.0150103315 0.0120904975 0.0116437502 0.0040421694 0.0075589921 0.0132874958 0.0049734776 0.0071252817 0.0127695853 0.0053167276 0.0073904603 0.0070166039 0.0095496198 0.0068014363 0.0063866467 0.0049790692 0.0085290972 0.0054829172 0.0057189314 0.00812519 0.0074518923 0.0078845979 0.0094865666 0.0108890486 0.0077945416 0.0110186847 0.0105341422 0.0075396937 0.0064847622 0.0097938813 0.0043576098 0.0060206106 0.0093411681 0.0052351615 0.0045765358 0.0106706831 0.0043685794 0.008697977 0.0085310133 0.0062191826 0.0041681284 0.0054094045 0.01389164 0.0072865396 0.0143283837 0.0065674445 0.011307785 0.0086784574 0.0123373352 0.0065618745 0.010876711 0.008425743 0.003786581 0.0100787979 0.0067003596 0.00899346 0.0133304785 0.0137848507 0.0054146043 0.0062120196 0.0092774172 0.0132750465 0.0065957502 0.0049877903 0.0093980184 0.0081839726 0.00714459 0.007564883 0.006623851 0.0037975319 0.0050864577 0.0031573438 0.0082376177 0.0076181626 0.0142361814 0.0030145618 0.0099850063 0.0111400598 0.0090100247 0.0030269452 0.0059584331 0.0053843279 0.0053209316 0.0091841706 0.0070738329 0.0051146873 0.0120257285 0.0055366947 0.0069889757 0.0050425249 0.0118613184 0.0044429424 0.0093135352 0.0039172254 0.0062954095 0.0049430727 0.005023987 
3 0.0077325952 0.0051448392 0.0091330202 0.0039674303 0.0057477818 0.0085691231 0.0061411211 0.0053792 0.0079009314 0.0102980601 0.0069347514 0.0055807568 0.0111858502 0.0089322565 0.003478288 0.0141471062 0.0023582153 0.0124252005 0.0080931932 0.0094675615 0.0093138315 0.0077973128 0.0041831159 0.01036504 0.0071822904 0.0144431925 0.0083140995 0.0079792833 0.0102193537 0.008301223 0.0096327768 0.0112581518 0.0068991058 0.0083539559 0.0117727496 0.0048922887 0.0079967407 0.0067228906 0.0024708804 0.0100194661 0.0089153541 0.0070269675 0.0072559864 0.0120922209 0.0106250568 0.0038426435 0.0082007217 0.0078458568 0.0087333454 0.0078990593 0.0100737395 0.0043810895 0.0090828206 0.0010752175 0.0068254923 0.0060996777 0.0087789233 0.0037061219 0.0090195404 0.0057674213 0.0050135892 0.0053073056 0.01051965 0.0118979391 0.0043711019 0.0089587245 0.00464426 0.0108771681 0.0052115692 0.0101567719 0.0061374474 0.0075757117 0.0034071472 0.0072662421 0.01368152 0.0104417505 0.0077490581 0.0115600723 0.006304246 0.0039937921 0.0105894727 0.0077280955 0.0090528983 0.0122667877 0.0043637176 0.0112928417 0.0137953993 0.0082995827 0.012289394 0.0057862249 0.0021046363 0.0065455042 0.0049290525 0.0050952565 0.0071316245 0.0093332821 0.0078238655 0.0068993248 0.0110052498 0.006066057 0.0121481693 0.0086243463 0.0067271515 0.0136186555 0.0102061678 0.0091543407 0.0054720274 0.0032134691 0.008142794 0.0102764558 0.0114272784 0.006281582 0.0047691923 0.0074516726 0.0094300925 0.006071276 0.0084050888 0.0107164732 0.0087622981 0.0053156648 0.0023910984 0.0053725467 0.0071944351 0.0099412423 0.0071515272 0.0060907675 0.006457731 0.0037308338 
4 0.0044232414 0.0061481008 0.0039674303 0.0107433192 0.0113880082 0.0085501913 0.0043460035 0.0092608341 0.0057477828 0.0043780615 0.0052294337 0.0044574082 0.0129797952 0.0094044291 0.0070787465 0.0089053349 0.0020843409 0.0111401059 0.0046553179 0.0091924653 0.0111880053 0.0098522085 0.0064227762 0.0130366498 0.0125036619 0.0051960479 0.0075987255 0.0083109264 0.0048082554 0.0122793634 0.0062057321 0.0082296097 0.012192317 0.0055105269 0.0127846752 0.0084986004 0.005243776 0.006481561 0.0056981589 0.0081449475 0.0027805803 0.0052649305 0.0118530639 0.0053948447 0.0076117887 0.004095289 0.0064806149 0.0081814512 0.0087127253 0.0102286238 0.0058966488 0.0124919017 0.0097864427 0.0096802905 0.0068635775 0.0129254031 0.003720964 0.0067553885 0.0116369067 0.0047783663 0.0107814473 0.0059970211 0.0140365675 0.0073783774 0.0087591249 0.0073333736 0.0115221602 0.0062636458 0.0117910985 0.0080451522 0.0043358006 0.0087990222 0.0091170786 0.0074052565 0.0114852036 0.0070491779 0.0088578913 0.0071359624 0.0086462018 0.0087979096 0.0086460347 0.0064712635 0.0044479546 0.0026361913 0.0082103113 0.0117005696 0.0062547132 0.0061412642 0.0053683533 0.0073365202 0.0060810108 0.0072286781 0.008856809 0.007978902 0.0058466994 0.0066289535 0.0047785005 0.0092910751 0.0075024719 0.0097087075 0.0048405456 0.0130049907 0.0079429676 0.0040030105 0.0066908934 0.0068804742 0.0076542474 0.006210162 0.0056145651 0.0059645125 0.0137572833 0.0069068117 0.0095419122 0.0119438592 0.01300187 0.0074070875 0.0064588319 0.0093302284 0.0054079296 0.0042319279 0.009205298 0.0085065839 0.0074600219 0.0049318173 0.0077795865 0.0046341731 0.0080210537 0.0086082202 
5 0.0054825546 0.0139186412 0.0057477818 0.0113880082 0.0064615987 0.0049889186 0.0122177686 0.0104673099 0.0097959556 0.0067515683 0.0067480688 0.0096126979 0.0072460502 0.0069998617 0.0087075066 0.0073239471 0.0065696592 0.0064607101 0.0084117608 0.0067876124 0.0080530903 0.0041399776 0.0108193171 0.0060367595 0.0048175229 0.0118486585 0.0110548989 0.002919219 0.0053567116 0.0084880608 0.0006320274 0.0041672301 0.0087263183 0.0078343725 0.0076177851 0.0050588633 0.0063975982 0.0118110999 0.0074094485 0.0064491799 0.0085354416 0.0079477166 0.0083410456 0.0072204552 0.007617647 0.0066861561 0.0072117111 0.0106079719 0.011903726 0.0035464781 0.0097179568 0.0098376718 0.0055128635 0.0096948768 0.0101693445 0.0109644195 0.0056018968 0.0068749664 0.0074353236 0.0057904002 0.0103018717 0.0051605373 0.0068044142 0.0025350878 0.0084016471 0.0059965702 0.0093080574 0.0096240345 0.0093873639 0.0064465391 0.0026489393 0.0060648954 0.0092938965 0.00593289 0.0111607102 0.0109871159 0.0064676643 0.0111116261 0.0081257857 0.0057377156 0.0090724462 0.0051772511 0.0095965448 0.0057447792 0.0086311208 0.0037096384 0.0090870294 0.0108537102 0.0079902394 0.0047696277 0.0122273791 0.0050151558 0.0067643759 0.0066370854 0.0047138258 0.011791843 0.0096646372 0.0053564782 0.0091231776 0.0123835397 0.0078884785 0.0021439729 0.0111877737 0.0087253819 0.0146822003 0.0138328283 0.0086270065 0.012689231 0.0062480146 0.0093193659 0.002738911 0.006817498 0.0109215672 0.0026829719 0.0097946033 0.0044453638 0.008018935 0.0060844791 0.0084938887 0.0062046142 0.0046196226 0.0101106741 0.0080639152 0.0108897496 0.0069784843 0.0069430687 0.0077864434 0.0103095203 
6 0.0060421517 0.0068710673 0.0085691231 0.0085501913 0.0049889186 0.0048301725 0.0121957544 0.0123520239 0.0089283015 0.0062703633 0.0059321164 0.0071229203 0.004177926 0.0081102485 0.0085103095 0.0086590524 0.0052091272 0.0067346673 0.0046003958 0.0055497938 0.0077413741 0.0051545261 0.005267419 0.0052831567 0.0078179711 0.0113642173 0.0064720695 0.0129201004 0.0101392894 0.0090370516 0.0079559187 0.0060326096 0.0051099853 0.0068097695 0.0087971449 0.0036888594 0.0076024048 0.0092250604 0.006052086 0.0103208041 0.0100603633 0.0128405774 0.0129783997 0.0044798452 0.0111806934 0.0077922336 0.0080153165 0.0132692248 0.013508998 0.0067582585 0.0085079796 0.0055803613 0.0044052379 0.0091029141 0.009373605 0.0097146686 0.0109984956 0.0103708202 0.0092922555 0.0072241611 0.0089856528 0.003980822 0.0095945551 0.0060603359 0.0090280029 0.0088003601 0.0072690476 0.0036317968 0.0054617856 0.0072708494 0.0095207278 0.0015993242 0.0063927248 0.012977716 0.010601666 0.0095595924 0.0075610359 0.0061976224 0.007292432 0.0072365214 0.0103600371 0.0087865291 0.0041855075 0.0040293954 0.0077136402 0.0082615292 0.0072702636 0.0050032886 0.0044011655 0.0069771015 0.0111562694 0.0110940081 0.0064998515 0.0103032336 0.0088394344 0.0138884803 0.0097429538 0.008151952 0.0036929047 0.0106093074 0.0081119755 0.0064636734 0.0109419112 0.0053679825 0.0068305736 0.0070080653 0.006432548 0.0056916506 0.0068176202 0.0094286539 0.0041628068 0.0124627679 0.0161032576 0.0046948205 0.0085528105 0.0066355478 0.0065779665 0.0095818815 0.0080520778 0.0054594499 0.0107706524 0.0007310205 0.0048361118 0.0076217452 0.0085093668 0.0086468571 0.0072385255 0.0038274034 
7 0.007629202 0.0051332888 0.0061411211 0.0043460035 0.0122177686 0.0121957544 0.0082216267 0.0074529897 0.0095296045 0.0087931679 0.0064132848 0.0068897622 0.0112525706 0.0070740228 0.0104758021 0.0052343331 0.0053014723 0.0046088993 0.0119844641 0.0049962365 0.0066791915 0.0091547973 0.00806113 0.0064040722 0.0097401638 0.0105195569 0.011785085 0.0075455977 0.00695451 0.0103448919 0.0064521963 0.0126337793 0.0030847207 0.0035255434 0.006840212 0.007959062 0.008623612 0.0094449885 0.006386563 0.0120287126 0.0064028739 0.0135456091 0.010495694 0.0056131885 0.009481333 0.0052289733 0.0070272281 0.008044226 0.0079480565 0.0100687755 0.0050917418 0.0107733869 0.0051858975 0.006129647 0.0047417183 0.0055147912 0.006012494 0.0080218143 0.0073792885 0.0037289 0.0083051172 0.0063470357 0.0086473944 0.0076655488 0.0093329533 0.0082377475 0.0109965804 0.0095445863 0.011946508 0.0063474579 0.0075967504 0.0064099787 0.006205166 0.0081210704 0.0114065003 0.0125279403 0.0120457624 0.0041034613 0.0049212801 0.0034672267 0.0051823168 0.0109741465 0.0079627998 0.0062540357 0.0106170652 0.0044752769 0.0078192585 0.0035611331 0.0133563468 0.0089825803 0.0028309278 0.0078776651 0.0064474582 0.0055959948 0.0071003584 0.0149660198 0.0052157477 0.0112649319 0.0064688061 0.0062211084 0.0045439061 0.0028568013 0.0079814198 0.0028060626 0.0061163637 0.0048348303 0.0101284541 0.0060096311 0.0078907809 0.0120298925 0.0090045617 0.0099802738 0.0095619328 0.0079701384 0.0087600713 0.003748399 0.0091679044 0.0111589733 0.0079437755 0.0077093787 0.005250986 0.0059741953 0.0138631873 0.0116685789 0.0068655799 0.0097609019 0.0058512567 0.00671632 
8 0.0064516814 0.0096298647 0.0053792 0.0092608341 0.0104673099 0.0123520239 0.0074529897 0.0040834775 0.0048991795 0.007276699 0.0040629602 0.00908999 0.008572909 0.0120389328 0.0059232928 0.0018750648 0.0087152311 0.0048188889 0.0121746895 0.0038982082 0.0027204776 0.0079112399 0.0079241462 0.0045612094 0.0115534759 0.0064969447 0.0039133457 0.0068785622 0.0091625638 0.0044109167 0.0106940137 0.0060277679 0.006946935 0.0032674638 0.0106610439 0.0098306984 0.020172968 0.0071028815 0.0049959628 0.0090301157 0.0080109179 0.0116685243 0.0056436614 0.0122530054 0.0075649526 0.005232518 0.0070026517 0.0081734885 0.0062524533 0.0070542738 0.0076222158 0.0053823753 0.0082815174 0.0115108321 0.0056138035 0.009465232 0.0072699391 0.0127078095 0.0056136032 0.01247152 0.0090287851 0.0065045457 0.0116969299 0.0058626419 0.0118926041 0.0069420525 0.0039254125 0.0078086676 0.0106335491 0.0106829434 0.0079556634 0.0129657892 0.0056014186 0.0082868134 0.0093410065 0.0074320853 0.0080651154 0.0051284256 0.0082743408 0.0013974971 0.0013664253 0.00521389 0.0076045726 0.0061159718 0.0109111176 0.0092848693 0.0070661211 0.0116764995 0.005635769 0.0050340316 0.0072238958 0.0056370968 0.0072719305 0.0090684614 0.0149022538 0.0059963099 0.0063226354 0.0083452325 0.0112597931 0.0088190872 0.0088203831 0.0054740413 0.0041667838 0.0092188875 0.0095330411 0.0095829396 0.0093143388 0.0078972074 0.0085225025 0.0087060639 0.005297028 0.0034983916 0.0037070885 0.01048751 0.00781916 0.0123621799 0.0044691274 0.0061791478 0.008257779 0.0058106751 0.0129172153 0.007291735 0.0101327022 0.008816221 0.0105926546 0.0046917676 0.0062525369 0.0085171849 
9 0.0072198234 0.0063510266 0.0079009314 0.0057477828 0.0097959556 0.0089283015 0.0095296045 0.0048991795 0.0020027245 0.0034134607 0.009681763 0.0056393545 0.0068100001 0.0067778933 0.0091896515 0.0090209979 0.0059300409 0.0033380155 0.0059296789 0.0080594892 0.0050687681 0.008288299 0.0074007661 0.0121853906 0.0061716721 0.0069801949 0.0044939948 0.0106270896 0.0078473081 0.0050194315 0.0101116043 0.0083265839 0.0111014773 0.0126778711 0.0067263661 0.0139897835 0.005242136 0.0036577447 0.0083058222 0.0076338726 0.0042806054 0.0092197947 0.0076486398 0.0057493524 0.0132915618 0.0057350755 0.0097568718 0.0056385799 0.0065310196 0.0061126018 0.0074391582 0.0062160549 0.0062937004 0.0089089268 0.0066239017 0.0073639605 0.0075578202 0.0073622541 0.0115014515 0.0066700201 0.0072319421 0.0096337961 0.0052523433 0.0040677035 0.0075692611 0.0103127907 0.0078033152 0.0031929333 0.0084541983 0.0093239345 0.0076812701 0.0081736012 0.0083716723 0.0110236367 0.0068437296 0.0086452346 0.0089956064 0.0069592473 0.0053695264 0.0100333134 0.0110465791 0.0068968372 0.0051060295 0.0104407564 0.0070231724 0.0091065306 0.0115600422 0.0137427232 0.0107605427 0.0081131302 0.005298369 0.004044504 0.0088243895 0.005003038 0.0113039514 0.0087761335 0.0076063154 0.0115538076 0.0075640547 0.0121098413 0.0059078902 0.0039748046 0.0063633081 0.0060120471 0.0072162601 0.006098346 0.0077980702 0.007343721 0.0084566583 0.0071309958 0.0082968151 0.0097716446 0.0096996173 0.005593652 0.0111197036 0.0086777881 0.0051981211 0.0080776733 0.0063217502 0.0086678725 0.0158468979 0.0091789053 0.0108206092 0.0069870813 0.0114577631 0.0080224258 0.0051136358 0.0061029349 
10 0.0119757848 0.0089800962 0.0102980601 0.0043780615 0.0067515683 0.0062703633 0.0087931679 0.007276699 0.0034134607 0.0066759524 0.0139979827 0.005336292 0.0069854374 0.0108404752 0.0057120198 0.0070454406 0.00512941 0.0068079771 0.0119718696 0.0041421551 0.0080215257 0.0051300303 0.0070041322 0.0039414265 0.0067146692 0.004724342 0.0142167099 0.0109728593 0.0102514744 0.0060476656 0.0087133568 0.0069709434 0.0051099152 0.0028071997 0.0109900438 0.0083672662 0.0037387017 0.0124183796 0.0118757778 0.0081068886 0.0095439134 0.0060177259 0.0065076648 0.0103268801 0.0102445891 0.0123192536 0.0101952298 0.0100508891 0.0097787772 0.0107549587 0.0064648818 0.0072147196 0.0095517587 0.010614268 0.0061679516 0.0028822519 0.0088931465 0.0104789355 0.0043426163 0.0071897519 0.0079270937 0.0056320173 0.0091695118 0.0106993745 0.0093224067 0.0051445776 0.0041642685 0.002692367 0.0133981167 0.0044161775 0.0073442854 0.0071168616 0.0065065162 0.0066706278 0.0097117624 0.0096310932 0.0123150729 0.0071207988 0.005854409 0.0115799317 0.0086373942 0.0074655441 0.0066634137 0.0069933234 0.0057409734 0.0083257951 0.0071108515 0.0058553516 0.0106152493 0.0110434465 0.0064923453 0.0090999394 0.0075886273 0.008329487 0.0073956245 0.0056818287 0.0074010698 0.0061220331 0.0037792257 0.008252915 0.0059659926 0.0034769836 0.0095580364 0.0117116808 0.0112654093 0.0037348408 0.0093222921 0.0065487534 0.0071111269 0.0081954326 0.0031572152 0.0097772185 0.0072179106 0.0109617782 0.0087778921 0.0096284008 0.0053267436 0.0044676611 0.008757017 0.008145184 0.0152275093 0.0024848824 0.0104109817 0.0110619103 0.0044092926 0.0044149233 0.0069265119 0.008498965 
11 0.0047715203 0.0067815464 0.0069347514 0.0052294337 0.0067480688 0.0059321164 0.0064132848 0.0040629602 0.009681763 0.0139979827 0.0109211964 0.0105842461 0.0076339707 0.0069275949 0.0084062008 0.0061550222 0.0049503417 0.0116006239 0.011725798 0.0131065428 0.006175761 0.006120263 0.0103764932 0.0105132279 0.0054704535 0.0119259784 0.0097486967 0.0035322641 0.007211595 0.0089283004 0.0114489963 0.0038742907 0.0094356654 0.0077742061 0.0099489352 0.0093349133 0.0071238632 0.0056859959 0.0067161813 0.0101372301 0.0036937001 0.0091946576 0.0072433781 0.0081931601 0.0076122408 0.0125120723 0.0078209488 0.0031907 0.0052979072 0.0044963089 0.0084868485 0.007036002 0.0095944655 0.0084656162 0.0159813275 0.0048805496 0.0099826831 0.0051350808 0.0063722305 0.0128264249 0.0069475927 0.0045019037 0.0065950874 0.0104930351 0.0080814997 0.0069973407 0.0035015966 0.0119482014 0.0110507828 0.0073457719 0.0102797901 0.0120831867 0.0042612246 0.0084392287 0.0016179345 0.0085685772 0.0077435457 0.0098812134 0.0013319443 0.0087851673 0.0045415884 0.0086573316 0.0059245701 0.0038828861 0.0058413727 0.0025698748 0.0093198757 0.0071307933 0.0079543244 0.0083399893 0.009847427 0.0033133493 0.0043663566 0.005442684 0.0091999148 0.0048578287 0.0091106472 0.0063122652 0.0089292459 0.0115265283 0.006700587 0.0119733079 0.0011138217 0.0092725474 0.0115581152 0.0090588718 0.0041202343 0.0073645687 0.0101175161 0.0109447431 0.0087101918 0.0092054103 0.0027064984 0.0069582359 0.0085096329 0.007947253 0.0087101888 0.0098524194 0.012871823 0.0096406605 0.0083269561 0.0084846381 0.0031359317 0.0033626357 0.0108421146 0.0048573444 0.0115786219 0.0124870743 
12 0.008618277 0.0057454433 0.0055807568 0.0044574082 0.0096126979 0.0071229203 0.0068897622 0.00908999 0.0056393545 0.005336292 0.0105842461 0.0062569881 0.0041541377 0.0087947221 0.0075625834 0.0118792603 0.008649466 0.0092712532 0.0067702125 0.0041948276 0.0055503193 0.0054691294 0.0076170431 0.0039906868 0.0065100521 0.0034278428 0.0083387108 0.0070269048 0.0039530014 0.0080764741 0.0083232488 0.0054697029 0.0108832028 0.0058075717 0.0120857489 0.0054220572 0.0062036896 0.00640968 0.0077751656 0.0088969962 0.0083432325 0.0044139057 0.0065459895 0.0059978525 0.0094324545 0.0122450689 0.0124080163 0.0100194836 0.0068289946 0.0060232831 0.0061466476 0.0109397481 0.0097797915 0.0069047125 0.0079497076 0.0102690071 0.0085294112 0.0089272493 0.0107169956 0.005373959 0.0097571613 0.0089617078 0.0113704557 0.0098501226 0.0103317361 0.0056366247 0.0046190545 0.0034481837 0.0073770869 0.0048327504 0.0049422004 0.0034310215 0.0095537103 0.0083162096 0.0073580716 0.007152081 0.0093465285 0.0045767142 0.0042906664 0.0160183266 0.007050132 0.0054015791 0.0062445356 0.0112124815 0.0059174281 0.010729186 0.0082669745 0.0098644347 0.0161373717 0.012175143 0.0048682327 0.0057427292 0.0053574362 0.0084795126 0.0072325101 0.0098095201 0.0066614125 0.0106205891 0.0128645334 0.0009365919 0.0119649389 0.0051532913 0.0092027848 0.0109556414 0.0105275797 0.0043656777 0.0138437847 0.0078300258 0.006905078 0.0074863174 0.0064342985 0.0081498848 0.0088670127 0.0066613903 0.0078914814 0.0093839885 0.0077446126 0.0073562626 0.0132860599 0.0066800292 0.0060285384 0.0026198427 0.0120242463 0.0097729751 0.0114104187 0.0053091004 0.0099839637 0.0041746887 
13 0.0065365181 0.0106993667 0.0111858502 0.0129797952 0.0072460502 0.004177926 0.0112525706 0.008572909 0.0068100001 0.0069854374 0.0076339707 0.0041541377 0.0037107486 0.0058550227 0.0037220654 0.0078292725 0.0070305483 0.0073480082 0.012035414 0.0062746596 0.0094074138 0.0041577832 0.0072948976 0.0090446487 0.0039853213 0.0101515801 0.005571794 0.0073371638 0.0042451538 0.0048589212 0.0052405762 0.0039172198 0.0012278134 0.0126641266 0.0087685543 0.003620066 0.0084222625 0.0086221157 0.007782936 0.0081010679 0.0064042362 0.0082089299 0.0068703968 0.0070252679 0.0120735572 0.0058827758 0.0061343943 0.0047627554 0.0077894588 0.0109186187 0.0098819305 0.00868329 0.0104871709 0.0109576703 0.011142548 0.0096797511 0.0082347475 0.0120805121 0.0060022495 0.0068842844 0.0097728408 0.0061362553 0.0029174498 0.0124307945 0.0117654839 0.0081263101 0.0088428213 0.0142628967 0.009742642 0.0068530776 0.0095995591 0.0060111563 0.0045108645 0.0069586686 0.0051098598 0.0078948763 0.0078385562 0.0044038479 0.0092001114 0.0096802629 0.0085789252 0.011846258 0.0080088739 0.0068249809 0.0117127812 0.0063752919 0.0127073795 0.0133788066 0.0075547485 0.0079302184 0.0133539309 0.0064340102 0.0025276428 0.0064406948 0.0070670824 0.002827593 0.0119121634 0.0079776296 0.0042704131 0.0038376428 0.0060659661 0.0045892068 0.0039189824 0.0067683015 0.0108386009 0.0095740507 0.0093829698 0.0063525512 0.0140898399 0.0110321545 0.005566379 0.0040574565 0.0160896451 0.0050786203 0.0106697102 0.0078794524 0.0088698628 0.0106894068 0.0048936371 0.0083923149 0.0082166515 0.006665301 0.00978253 0.0030419805 0.0059240495 0.0108481185 0.006288766 0.0042418597 
14 0.0136894062 0.0041462102 0.0089322565 0.0094044291 0.0069998617 0.0081102485 0.0070740228 0.0120389328 0.0067778933 0.0108404752 0.0069275949 0.0087947221 0.0058550227 0.0002826379 0.0130119028 0.0126155065 0.0057619516 0.0057782104 0.0145428848 0.0086166823 0.0093560131 0.0144543534 0.0075346828 0.0052681256 0.0094992018 0.0083132278 0.009361037 0.0145230408 0.0095894504 0.0074063221 0.0066156979 0.0129662009 0.0074952422 0.0030455288 0.0072979901 0.0066378215 0.0059148421 0.0045895191 0.0069998516 0.007082982 0.0165059571 0.0032101783 0.0077773242 0.0058192491 0.0095129277 0.0068716768 0.0076987781 0.0008743003 0.0057968893 0.0109726509 0.0066207173 0.0090957876 0.0099371302 0.0042054154 0.0078178833 0.0065240396 0.0071077166 0.0058372689 0.0060621869 0.005137679 0.0090600533 0.0128997289 0.0083684747 0.0114102169 0.0112960646 0.0045709721 0.0066998 0.0065351483 0.0002964959 0.0098111362 0.0099410331 0.0070566979 0.0066414635 0.0061949277 0.0060442369 0.0081381941 0.0083866944 0.003082872 0.0098728274 0.0077695903 0.0034452818 0.0078258368 0.0042220003 0.0093616726 0.0050529676 0.0044169046 0.0048466068 0.0098938768 0.0040945287 0.0037434129 0.0076780602 0.0113150733 0.0099524776 0.0040958332 0.0041235933 0.0076723192 0.0101917572 0.0062651935 0.0161010449 0.0125918712 0.0074325012 0.0036233707 0.0049528455 0.0065305559 0.0057078831 0.0073717706 0.0123609721 0.0130598864 0.0123606508 0.0045739679 0.0076858554 0.0088174083 0.0062572153 0.0069950922 0.0042629586 0.0093623809 0.0082057394 0.0123557095 0.0053585939 0.0063361338 0.0109394777 0.0039393122 0.0062035777 0.0047802977 0.0118918564 0.0128852132 0.0124599164 0.0047841768 
15 0.0082617304 0.0051742725 0.003478288 0.0070787465 0.0087075066 0.0085103095 0.0104758021 0.0059232928 0.0091896515 0.0057120198 0.0084062008 0.0075625834 0.0037220654 0.0130119028 0.0087695263 0.0092032917 0.0054473696 0.004034203 0.0165461409 0.005597574 0.0102703586 0.0048685825 0.0066671858 0.0131530921 0.0050308103 0.006889596 0.0080162853 0.0069617973 0.0095555585 0.0096386231 0.0078002354 0.0090169157 0.0029913131 0.0098818633 0.009605374 0.0017521828 0.0131700246 0.0146527243 0.0076286141 0.0062839883 0.0078090381 0.0063603808 0.0045613742 0.0034591188 0.004370616 0.0051523149 0.0081439311 0.0128275874 0.0075665171 0.0055656332 0.0069655154 0.0063079296 0.0030749857 0.0148516524 0.0105881643 0.0076861123 0.0078255338 0.0119074772 0.0070454025 0.0067616446 0.0082678007 0.0046880165 0.0079587283 0.0040757248 0.0119488886 0.0079120489 0.0094798175 0.0084899432 0.0038841999 0.0057403623 0.0085215558 0.0092130667 0.0112556934 0.0051819862 0.0056823904 0.0080078369 0.0055016055 0.0060557832 0.0097175787 0.0059083282 0.0057303779 0.0060475829 0.0074429367 0.0050565663 0.0109681349 0.0050132237 0.012579333 0.0150915149 0.0099848428 0.0046725511 0.0053943129 0.0089146938 0.0081367888 0.0065836279 0.005840269 0.0068282824 0.0074549376 0.0092515996 0.0061986172 0.0122457429 0.0099639402 0.0051140668 0.0141427243 0.0027917955 0.0145991654 0.0097212635 0.0069862371 0.0087368995 0.0062777842 0.011340319 0.0093171531 0.0079942681 0.0079452374 0.0053210811 0.0085779797 0.008584401 0.0153197303 0.0080277148 0.0085824462 0.0104050488 0.0025368264 0.0041509198 0.0060907071 0.0047468691 0.0049252958 0.0075051016 0.009239781 0.0066494194 
16 0.0084178029 0.0023612063 0.0141471062 0.0089053349 0.0073239471 0.0086590524 0.0052343331 0.0018750648 0.0090209979 0.0070454406 0.0061550222 0.0118792603 0.0078292725 0.0126155065 0.0092032917 0.004869178 0.0054123717 0.0076923768 0.0069880127 0.0095655838 0.0073967881 0.0061585179 0.0075528987 0.0060160071 0.0099161535 0.0060585679 0.0085662627 0.010340768 0.0059049245 0.0066619585 0.000935236 0.0080133897 0.0074059833 0.0078570539 0.0134119313 0.0069940222 0.0077093204 0.0029504461 0.0097057998 0.0110449705 0.0025400349 0.0080604139 0.005878702 0.0074813572 0.0099684332 0.0041182235 0.00578895 0.0098611056 0.0155815304 0.0089363822 0.0056377796 0.0093887007 0.0093677921 0.0115372454 0.0192738602 0.0052266378 0.0046402681 0.0027475976 0.0105974614 0.0176351944 0.0045796088 0.0088407016 0.0082163292 0.0071830711 0.0073538894 0.0037299422 0.0095163216 0.0054917746 0.0089099348 0.0112065893 0.0045736619 0.0080698363 0.0050536316 0.0090972583 0.0083225798 0.0064490272 0.0069454443 0.0091295235 0.0064390643 0.0033810757 0.0137809722 0.011888183 0.0053568032 0.0060971321 0.0013037709 0.0085552271 0.0058569571 0.0058612423 0.0062775208 0.0074064942 0.0104816012 0.0060869375 0.0054169563 0.0079908058 0.0105357298 0.0096352482 0.007473359 0.0075390801 0.0081016312 0.0097908998 0.0085805753 0.0040766548 0.0083546678 0.0091034726 0.0086176655 0.0068721997 0.0076666557 0.0108500183 0.0053212095 0.0024439816 0.0054521605 0.0062841543 0.0085475107 0.0075560763 0.0055805806 0.0134251133 0.0125101702 0.006865265 0.00944223 0.0026994304 0.0057705181 0.0095340436 0.0088995882 0.0112694835 0.0083708438 0.0118140791 0.0058919791 0.0102050225 
17 0.0067396357 0.0060136912 0.0023582153 0.0020843409 0.0065696592 0.0052091272 0.0053014723 0.0087152311 0.0059300409 0.00512941 0.0049503417 0.008649466 0.0070305483 0.0057619516 0.0054473696 0.0054123717 0.014342045 0.0074569457 0.0176892904 0.0094300496 0.0109314696 0.0102306392 0.008305675 0.0128904491 0.0080776356 0.0068166081 0.0027779903 0.0053094985 0.0056959954 0.0068389973 0.008904648 0.0114756433 0.0048440325 0.0106574519 0.0054422595 0.0106156171 0.0077655626 0.0129985886 0.0039560504 0.0157878015 0.0045266901 0.0116787624 0.012898997 0.0083742314 0.0043262478 0.003179263 0.0080203409 0.0055337766 0.0063557781 0.006649012 0.0066160191 0.00798978 0.0105149857 0.0049198332 0.007856487 0.0096099862 0.0080257579 0.007219198 0.0061761401 0.0069821855 0.0037756446 0.0076661031 0.012302897 0.0074584477 0.0068843675 0.0143664221 0.0031026024 0.0109860926 0.0069290818 0.0084922475 0.0088829885 0.0152386367 0.0093998089 0.0053403631 0.0074661872 0.0071891564 0.0121975335 0.0068657187 0.0071693443 0.0080948519 0.00848406 0.002680235 0.0118085937 0.0122260678 0.0071853531 0.0033808383 0.0056422833 0.0116637952 0.0061218996 0.0157093994 0.0084791976 0.0067829157 0.0124290974 0.0035200134 0.0042306768 0.0103718633 0.0054187505 0.0072976993 0.0074077278 0.007362148 0.0088342872 0.0060869809 0.0056961319 0.0073246884 0.0062667798 0.0096959239 0.0070735207 0.0092803827 0.0059292796 0.0104240553 0.0043225407 0.0026460771 0.0085556905 0.0109495411 0.0083150821 0.0020264324 0.00795508 0.0121102016 0.0065877283 0.0134564416 0.005134101 0.004154336 0.0111583238 0.0104761455 0.0104161523 0.0069962307 0.0029262011 0.0091932643 
18 0.0053262222 0.0125784938 0.0124252005 0.0111401059 0.0064607101 0.0067346673 0.0046088993 0.0048188889 0.0033380155 0.0068079771 0.0116006239 0.0092712532 0.0073480082 0.0057782104 0.004034203 0.0076923768 0.0074569457 0.0084571593 0.0065294139 0.0092070288 0.0032165257 0.0072317367 0.006747292 0.0072375421 0.0103791193 0.0077324181 0.0113437024 0.007261015 0.0113363609 0.006559357 0.0125099204 0.0060275222 0.0084040286 0.0103727286 0.0071213307 0.0118695744 0.007906072 0.0077684975 0.005943611 0.0066339058 0.0120000698 0.0078504955 0.0117968729 0.0065917276 0.0104226092 0.0102608312 0.0095827637 0.0087235243 0.0057269113 0.0066552523 0.0121365787 0.0086176909 0.0045829231 0.006731353 0.0065328568 0.0112269934 0.0105968411 0.0054795225 0.0045362522 0.0083079899 0.0082562754 0.00678476 0.0062888619 0.0048532937 0.0063062616 0.0086271595 0.0086570794 0.0063832969 0.0074273676 0.0047554437 0.0066660168 0.0025876264 0.0059515682 0.006759866 0.0076534733 0.0076784914 0.008895312 0.0051318917 0.0039357831 0.0099280683 0.0048137556 0.0123953929 0.0052024348 0.0148719955 0.0074844817 0.0087809346 0.0050273113 0.0123454332 0.0113259604 0.0082934832 0.0044731335 0.0106433656 0.0107027155 0.0075099629 0.0058953208 0.004759656 0.0122953516 0.0035919511 0.0029518517 0.0113307688 0.0035488961 0.0093238637 0.0043705099 0.0085001487 0.0082430287 0.0136613891 0.0079008477 0.0098107912 0.0077410496 0.0126224978 0.0053765776 0.0035452338 0.00800214 0.0074275412 0.0117192623 0.008061527 0.0067715867 0.0048723746 0.00963601 0.0095123352 0.0068738769 0.0091389775 0.0044169018 0.006345544 0.0053556626 0.0082459507 0.010650386 0.0065252084 
19 0.0095755855 0.0079822169 0.0080931932 0.0046553179 0.0084117608 0.0046003958 0.0119844641 0.0121746895 0.0059296789 0.0119718696 0.011725798 0.0067702125 0.012035414 0.0145428848 0.0165461409 0.0069880127 0.0176892904 0.0065294139 0.0056910402 0.0061069443 0.0056190937 0.0098255386 0.0080480015 0.0067593569 0.0090013892 0.0058576424 0.0080553082 0.0106307126 0.0069112291 0.0084521757 0.004745596 0.0079691923 0.0061249115 0.0104873068 0.008425739 0.0071524659 0.0062740373 0.0090439296 0.0096633544 0.0029555007 0.0082706356 0.0036525079 0.003814042 0.006323618 0.0036279549 0.0104213294 0.0084738061 0.0107608796 0.0059519653 0.0081504858 0.0103469923 0.0040132296 0.0093338788 0.0068808337 0.0127333699 0.0061142816 0.0059220555 0.0079138934 0.007321507 0.0049613801 0.0096268096 0.0049094664 0.0080393267 0.005178654 0.0099735268 0.0090933911 0.0012331859 0.0060160921 0.0077797682 0.0094037976 0.0056958111 0.0033659772 0.0116029311 0.0080674653 0.0093870594 0.0115526451 0.0080406106 0.0022118957 0.0070764669 0.0109513369 0.0072865778 0.0077698222 0.0049404751 0.0048247825 0.0047457467 0.0076831004 0.011425189 0.0023270444 0.005894973 0.007017531 0.0142810078 0.0024802705 0.0074051111 0.0082302584 0.0070602643 0.0040021258 0.0100028682 0.006304267 0.0065832437 0.0063248931 0.0071460316 0.0094480979 0.0081960535 0.0083559635 0.0126111608 0.008182073 0.0050526299 0.0068162226 0.008063669 0.0094993271 0.0082537421 0.0143071424 0.0059286118 0.0108947918 0.0108521687 0.004329536 0.0113162484 0.0014944141 0.0065798288 0.0102615719 0.010473546 0.0081934508 0.0078006445 0.0070347209 0.0076954905 0.0028889145 0.0066659289 0.0088667974 
20 0.0083013961 0.0057467587 0.0094675615 0.0091924653 0.0067876124 0.0055497938 0.0049962365 0.0038982082 0.0080594892 0.0041421551 0.0131065428 0.0041948276 0.0062746596 0.0086166823 0.005597574 0.0095655838 0.0094300496 0.0092070288 0.0061069443 0.0140837762 0.0145347332 0.0053736228 0.0105139197 0.0045491294 0.0033968333 0.0069202989 0.010579695 0.0059886083 0.0077695221 0.0062963255 0.003475215 0.0079706293 0.0030594647 0.0040907555 0.0089132792 0.0104670559 0.0119892374 0.0096101003 0.0014947364 0.0050400907 0.0034611921 0.0048130778 0.0044235532 0.0080619462 0.0073930234 0.0063473083 0.0085908331 0.0065085428 0.0074579179 0.0084805815 0.0079567985 0.0126486821 0.0076512224 0.006433933 0.0067144197 0.0132891174 0.0085115542 0.0072037658 0.0111078722 0.0046284992 0.0106246194 0.0074086387 0.0068456383 0.0090620457 0.0043272157 0.009008926 0.0122013482 0.010932734 0.0089691638 0.0076023444 0.0050283312 0.0050317063 0.0079430614 0.0082369257 0.0065608837 0.0098388823 0.008642651 0.0136612783 0.006237185 0.0077849409 0.0116192264 0.0047364426 0.0041580937 0.0055452329 0.0039552982 0.0085775291 0.0084642442 0.0125441573 0.0062059533 0.0062429287 0.0073342748 0.0060969515 0.009280369 0.0052668769 0.0073076091 0.0040899621 0.0123652969 0.0087762501 0.0102465166 0.0063248914 0.0089742821 0.0084372703 0.0135822118 0.0104338097 0.0072921587 0.0053759031 0.0120235253 0.0056192795 0.0062488964 0.010936855 0.0160740893 0.0058768552 0.0083298922 0.0101442419 0.0091468624 0.0100612575 0.0063324053 0.005653304 0.0139826723 0.0039549292 0.0052747732 0.0071570636 0.0085192565 0.0053753096 0.0095503104 0.0048171509 0.0086836032 0.011012767 
21 0.0045602406 0.0148727053 0.0093138315 0.0111880053 0.0080530903 0.0077413741 0.0066791915 0.0027204776 0.0050687681 0.0080215257 0.006175761 0.0055503193 0.0094074138 0.0093560131 0.0102703586 0.0073967881 0.0109314696 0.0032165257 0.0056190937 0.0145347332 0.002537925 0.0040161853 0.0115435635 0.0078065982 0.007637706 0.0120387014 0.0095681992 0.0078061007 0.0091432151 0.0095061298 0.0072923409 0.008021615 0.0121410866 0.011023748 0.0039967007 0.0054834902 0.0057948477 0.005662232 0.0063265059 0.006605561 0.0100447795 0.0048402132 0.0023486806 0.0096395274 0.0074995923 0.0057780416 0.0064462107 0.0097535138 0.0079295055 0.0084067314 0.0021095049 0.0090073482 0.0090498799 0.0058576404 0.003471291 0.0032699501 0.0087218372 0.0044776199 0.0114283608 0.0113487989 0.0035732328 0.0050431344 0.0041801322 0.006309019 0.0058410077 0.0092271482 0.0088384492 0.0097727865 0.0075904181 0.0131619244 0.0102785458 0.0123516663 0.0027559572 0.001492925 0.0071282129 0.0079946838 0.0119774091 0.0121787202 0.0049139134 0.0041820169 0.0099662236 0.0052709381 0.010377655 0.0160230687 0.0060357316 0.008233619 0.0061912994 0.0090977297 0.0090722202 0.0123387708 0.0074670292 0.0082435267 0.0062851103 0.009608182 0.0067470733 0.0041970605 0.0091547671 0.0051244522 0.0114399327 0.0045575989 0.0076969922 0.0110186669 0.0074827969 0.0153782598 0.0079217011 0.0086950503 0.0134365886 0.0096292967 0.0133086377 0.0052674426 0.0075514869 0.0094569404 0.0047198402 0.0075765289 0.0112334007 0.0045011548 0.0049920487 0.0062666002 0.0086270938 0.0101275779 0.0062960541 0.0073196717 0.0071213008 0.0041386914 0.0082393006 0.0056390232 0.0110662258 0.0050091693 
22 0.0074033446 0.0068942634 0.0077973128 0.0098522085 0.0041399776 0.0051545261 0.0091547973 0.0079112399 0.008288299 0.0051300303 0.006120263 0.0054691294 0.0041577832 0.0144543534 0.0048685825 0.0061585179 0.0102306392 0.0072317367 0.0098255386 0.0053736228 0.0040161853 0.0081247896 0.0051729432 0.0110893577 0.0045477261 0.0077984775 0.0069321141 0.0039997971 0.013382367 0.0064930385 0.0091445067 0.003846035 0.0054920223 0.0031763062 0.0058724064 0.0086793614 0.0109384551 0.0146818498 0.0087734147 0.0048423251 0.006238666 0.0111104073 0.0114864484 0.0121334695 0.0078942779 0.0069947939 0.0072099225 0.0074504343 0.0101912216 0.0063795818 0.0106813588 0.0103918706 0.0045330185 0.010087709 0.006454901 0.0106750926 0.0091022846 0.004015469 0.0053489643 0.0080936639 0.008592244 0.0091875157 0.0086694264 0.0099603504 0.0077526925 0.0123770365 0.0083525253 0.0066363733 0.007726223 0.0057519425 0.0048021117 0.0127790682 0.0053369083 0.0067195845 0.0082563958 0.0101398484 0.0122223585 0.0025852248 0.0056120407 0.0106616355 0.0037329774 0.0090237708 0.0106262538 0.008253711 0.0100371036 0.0050636849 0.0061244444 0.006820061 0.0074469334 0.0083163484 0.0084118802 0.0076495706 0.0126980012 0.0057118148 0.0077920988 0.0117197426 0.0109280154 0.0049151025 0.0106339038 0.0068785032 0.0056629141 0.0097562924 0.0086376476 0.004242846 0.0101371126 0.0103926192 0.0079496893 0.0131492531 0.0090590478 0.0058602616 0.0058818408 0.0036072323 0.0032388848 0.012531796 0.0009814991 0.0062413969 0.0126266251 0.0147365627 0.0059036286 0.0046521015 0.0021874731 0.0081906301 0.006109037 0.0039572905 0.0069052099 0.0109315078 0.0088367304 0.0116342408 
23 0.0069620613 0.0083868017 0.0041831159 0.0064227762 0.0108193171 0.005267419 0.00806113 0.0079241462 0.0074007661 0.0070041322 0.0103764932 0.0076170431 0.0072948976 0.0075346828 0.0066671858 0.0075528987 0.008305675 0.006747292 0.0080480015 0.0105139197 0.0115435635 0.0051729432 0.0076387033 0.0108479354 0.0115345588 0.0088286021 0.0087850945 0.0067267475 0.0066509107 0.0058405706 0.0076569152 0.0088074222 0.0039016657 0.0130797087 0.0068863042 0.0104523679 0.0118561523 0.007599636 0.0136277953 0.0100940264 0.0067464623 0.0056305005 0.0094800307 0.0071453381 0.0057843177 0.0042373386 0.0109463681 0.0094144809 0.0036265549 0.010346297 0.0095911566 0.0101271928 0.0093174157 0.0070262972 0.0083894538 0.0066452609 0.0022903706 0.0056378802 0.007067623 0.0082666591 0.0086207735 0.0093440508 0.0065230973 0.0036212034 0.0061078734 0.0094127299 0.0149990195 0.0112774322 0.0073464 0.009910499 0.0082709599 0.0054445895 0.0064566011 0.0088556615 0.008275342 0.0099249387 0.0046043085 0.0071318583 0.0078983722 0.008409924 0.0066664427 0.0123169948 0.0044189292 0.0063729306 0.0071326227 0.0124130486 0.0080017044 0.0050527338 0.0110761992 0.0051966487 0.0051109569 0.0071836636 0.007666064 0.010561686 0.0022189804 0.0058948364 0.0107377259 0.0056171484 0.0066110995 0.0083481688 0.0066656689 0.0097327467 0.0110555608 0.0062134972 0.007059629 0.0067424636 0.0111839024 0.00678393 0.0059025167 0.0065939987 0.0030462857 0.002888731 0.0084130458 0.0061475903 0.003972755 0.0072131563 0.0066697734 0.0085189341 0.0083057558 0.0136914767 0.0040553612 0.0073590372 0.0121034578 0.0042051879 0.0069435601 0.0084739107 0.0058441584 0.0148413119 
24 0.0068246342 0.0101193927 0.01036504 0.0130366498 0.0060367595 0.0052831567 0.0064040722 0.0045612094 0.0121853906 0.0039414265 0.0105132279 0.0039906868 0.0090446487 0.0052681256 0.0131530921 0.0060160071 0.0128904491 0.0072375421 0.0067593569 0.0045491294 0.0078065982 0.0110893577 0.0108479354 0.0041021794 0.0077666899 0.0089055467 0.0101505534 0.0056280094 0.0071266493 0.0052449142 0.0069240223 0.0039999756 0.0080605917 0.0096226108 0.011792929 0.0039268605 0.0057273579 0.0037843729 0.0075926526 0.0058384221 0.0087018402 0.0035922339 0.0129679741 0.0051188695 0.0066324788 0.0090892941 0.0066760648 0.0018511243 0.0030672676 0.003465586 0.0054716393 0.0153992251 0.0129912763 0.0105358434 0.0092490677 0.0083306769 0.0076488517 0.0027798953 0.0111411838 0.0067007877 0.0097013222 0.0028493164 0.0098838538 0.005845052 0.0089605638 0.0085347988 0.006386251 0.0041849485 0.0045064635 0.0025637515 0.0164745834 0.0119105243 0.007596676 0.0086663011 0.0081751766 0.0072520135 0.011704713 0.0114349808 0.0074393357 0.0078384388 0.0115299009 0.0103026645 0.014819153 0.0081740394 0.0071039008 0.0088125502 0.0084785632 0.0043007088 0.0093700925 0.0087148196 0.0076498483 0.011553501 0.0046890976 0.0064704255 0.0076907863 0.0038718617 0.0142899772 0.0064454379 0.0089654859 0.0062593928 0.010678834 0.0053934436 0.0033388215 0.0095560783 0.0086653095 0.009644195 0.0026479815 0.011446563 0.0037240929 0.0098735676 0.0079806434 0.0092104315 0.0088809889 0.0061428452 0.0047765936 0.0101050421 0.0050805527 0.006761358 0.0031954721 0.0043802818 0.009053156 0.0099558284 0.0065793476 0.0099851554 0.0048967947 0.0107493514 0.0092905657 0.011076026 
