32
1 0.0802905203 0.0111675906 0.0229217746 0.0302993503 0.0332098376 0.048194985 0.0361809526 0.0178230238 0.0119533622 0.0151982112 0.0305473286 0.0406675816 0.0330212225 0.025957268 0.0181062354 0.0280745596 0.0146959526 0.0064134092 0.0194371209 0.0343952016 0.0409491844 0.0636800627 0.0855492358 0.0174369183 0.006634282 0.037611335 0.0235841193 0.0205110853 0.0369434736 0.0508826276 0.0221396839 0.0355225039 
2 0.0111675906 0.0149386378 0.0202545444 0.0414756456 0.0719129984 0.0237344365 0.0471853783 0.0178697654 0.0289242817 0.0305976017 0.0461969631 0.055019839 0.0250733454 0.0663258422 0.0453191709 0.0189382782 0.0129045973 0.0373292533 0.0075109035 0.0465812963 0.0369574779 0.0391672485 0.0250156233 0.0263349003 0.0240823505 0.0444453046 0.018114538 0.0385257413 0.0279910755 0.0130889479 0.0160044278 0.0210119946 
3 0.0229217746 0.0202545444 0.0559593385 0.0100626808 0.0366828341 0.0148850992 0.0380937687 0.0061228188 0.0398664891 0.0045582711 0.0453288499 0.0324324287 0.0193197811 0.0299341864 0.0447351162 0.0216737756 0.0163507901 0.0327751009 0.0355626841 0.0262808106 0.025068796 0.0225406604 0.0399882871 0.0294941207 0.047962099 0.0417375939 0.0198907865 0.0321140847 0.0314197675 0.0472540107 0.0643548288 0.0443738219 
4 0.0302993503 0.0414756456 0.0100626808 0.0407408406 0.0374313446 0.038558737 0.0215548623 0.0319620515 0.043134865 0.0379901335 0.0206333393 0.0222837485 0.0382098953 0.0407603454 0.0140413895 0.0279815357 0.0160567769 0.0180058924 0.049709536 0.0492614532 0.0344116481 0.0291089781 0.0603900593 0.0515364588 0.0440634183 0.0194646819 0.0257322675 0.0255433953 0.0172688016 0.0265651874 0.0180225696 0.0177381105 
5 0.0332098376 0.0719129984 0.0366828341 0.0374313446 0.0132949982 0.0425017321 0.016059154 0.0253130768 0.0059147881 0.0248973362 0.0263141893 0.0243855133 0.0371985672 0.0419443858 0.0342918063 0.0453462917 0.0088724281 0.0039188688 0.0162353525 0.0202311163 0.0376889247 0.0505405626 0.0260179213 0.0372698375 0.0404450931 0.052542979 0.029476662 0.034511882 0.0191362391 0.0174022411 0.057028926 0.0319821123 
6 0.048194985 0.0237344365 0.0148850992 0.038558737 0.0425017321 0.0176281774 0.0276484628 0.0400944397 0.0332125839 0.0544073398 0.0208927673 0.0380941396 0.0189628896 0.0181817915 0.036450112 0.0383952963 0.0246486895 0.0395595332 0.0708058914 0.0143509038 0.0129211237 0.033863952 0.0348068858 0.0313451504 0.0247362567 0.0577288409 0.0255195889 0.0340456796 0.0098359294 0.0405992707 0.0234325784 0.009956736 
7 0.0361809526 0.0471853783 0.0380937687 0.0215548623 0.016059154 0.0276484628 0.0107133346 0.0286497718 0.0142076495 0.0588415592 0.0222102437 0.0284003841 0.0249391915 0.0465585682 0.0587708139 0.0280941388 0.0292338239 0.0465757469 0.0269754878 0.024675453 0.0293577214 0.0118972548 0.0274671062 0.0453738151 0.0552986212 0.02067769 0.0363823605 0.0180565733 0.0215055391 0.0346930685 0.0270891301 0.0366323741 
8 0.0178230238 0.0178697654 0.0061228188 0.0319620515 0.0253130768 0.0400944397 0.0286497718 0.0037223972 0.038755184 0.0303087196 0.0461277431 0.0132435026 0.0729455396 0.0211365115 0.0118882723 0.0366725243 0.0485811729 0.0303346008 0.0444546505 0.0085667549 0.0240320556 0.0364371845 0.0118851808 0.031411483 0.0322771282 0.0218433778 0.0490892036 0.0632706586 0.049920797 0.033280711 0.0432035289 0.02877617 
9 0.0119533622 0.0289242817 0.0398664891 0.043134865 0.0059147881 0.0332125839 0.0142076495 0.038755184 0.02785439 0.0289549021 0.0275520432 0.0356255058 0.0405367241 0.0197045478 0.0299565947 0.0357560714 0.0745171551 0.0454465798 0.008375278 0.0338492377 0.0279444809 0.0409949483 0.0218452402 0.0289236242 0.0352695918 0.0500294666 0.0272525624 0.0458466838 0.0113920424 0.0416512018 0.0189858115 0.0257661127 
10 0.0151982112 0.0305976017 0.0045582711 0.0379901335 0.0248973362 0.0544073398 0.0588415592 0.0303087196 0.0289549021 0.0117319535 0.0115859622 0.044283795 0.0315966322 0.036487091 0.0583415031 0.0660128655 0.0432458904 0.0354018066 0.0204017495 0.0359626204 0.0346915234 0.0204137452 0.032153324 0.0265425078 0.0238531528 0.0290187629 0.0147840732 0.0206190184 0.0271408805 0.0193738336 0.0466598073 0.0239434271 
11 0.0305473286 0.0461969631 0.0453288499 0.0206333393 0.0263141893 0.0208927673 0.0222102437 0.0461277431 0.0275520432 0.0115859622 0.0437485365 0.0263880863 0.0182362437 0.0357301577 0.0323820452 0.0347459046 0.0211258677 0.032368303 0.0309171614 0.0219985503 0.0242899946 0.0286709418 0.0732369298 0.0334015762 0.0402188987 0.0293417648 0.0036041539 0.0437563456 0.0264162552 0.0398422292 0.0390253265 0.0231652978 
12 0.0406675816 0.055019839 0.0324324287 0.0222837485 0.0243855133 0.0380941396 0.0284003841 0.0132435026 0.0356255058 0.044283795 0.0263880863 0.0314933277 0.0197575968 0.0476543736 0.0370369898 0.0383457899 0.0423829123 0.04572797 0.0200939058 0.0250092449 0.0318528515 0.0238335417 0.0186808555 0.0165887208 0.0347186493 0.0503677485 0.0463964852 0.0274414582 0.0249017845 0.0183354485 0.0169545483 0.0216012725 
13 0.0330212225 0.0250733454 0.0193197811 0.0382098953 0.0371985672 0.0189628896 0.0249391915 0.0729455396 0.0405367241 0.0315966322 0.0182362437 0.0197575968 0.0180666821 0.0376194598 0.0320250433 0.0271551473 0.0257601217 0.0251799523 0.0316859993 0.0673406086 0.0078104261 0.0185519136 0.0219470149 0.0471376058 0.0614454926 0.0114523715 0.033877483 0.0218383685 0.0283116528 0.0177689523 0.0197829446 0.0654451311 
14 0.025957268 0.0663258422 0.0299341864 0.0407603454 0.0419443858 0.0181817915 0.0465585682 0.0211365115 0.0197045478 0.036487091 0.0357301577 0.0476543736 0.0376194598 0.0201025559 0.0244067366 0.0315793757 0.0220150404 0.0232154682 0.0155940468 0.0136596252 0.0177177521 0.0442330886 0.0679940696 0.0047980534 0.0140398289 0.0272039591 0.0285650572 0.0086683575 0.0461373432 0.0355077776 0.040984032 0.0455833031 
15 0.0181062354 0.0453191709 0.0447351162 0.0140413895 0.0342918063 0.036450112 0.0587708139 0.0118882723 0.0299565947 0.0583415031 0.0323820452 0.0370369898 0.0320250433 0.0244067366 0.07772761 0.0294855801 0.0216200124 0.0403231413 0.0294121914 0.0204022431 0.0149323583 0.0296962067 0.0335905114 0.0171496487 0.0195296559 0.0034145276 0.0343044585 0.023007236 0.0412670723 0.0250174613 0.0384722741 0.0228959817 
16 0.0280745596 0.0189382782 0.0216737756 0.0279815357 0.0453462917 0.0383952963 0.0280941388 0.0366725243 0.0357560714 0.0660128655 0.0347459046 0.0383457899 0.0271551473 0.0315793757 0.0294855801 0.0370912713 0.0146571186 0.0295410985 0.0295225695 0.0410777827 0.0256804577 0.0236934315 0.0237024233 0.0280959121 0.0335765774 0.0235712775 0.0234213401 0.0134735672 0.0606006376 0.0286906053 0.0221557317 0.0331910632 
17 0.0146959526 0.0129045973 0.0163507901 0.0160567769 0.0088724281 0.0246486895 0.0292338239 0.0485811729 0.0745171551 0.0432458904 0.0211258677 0.0423829123 0.0257601217 0.0220150404 0.0216200124 0.0146571186 0.029107247 0.0369439692 0.0101945299 0.0203900793 0.0343106907 0.0291600566 0.0330258167 0.0345307043 0.0396908268 0.0646442105 0.0590583958 0.03460152 0.0399871272 0.043869143 0.0224532607 0.0313640721 
18 0.0064134092 0.0373292533 0.0327751009 0.0180058924 0.0039188688 0.0395595332 0.0465757469 0.0303346008 0.0454465798 0.0354018066 0.032368303 0.04572797 0.0251799523 0.0232154682 0.0403231413 0.0295410985 0.0369439692 0.0205536146 0.0406963886 0.0398703706 0.0478298593 0.0265329532 0.0342741478 0.0499438692 0.0422001465 0.0134199011 0.0258132326 0.0230352085 0.0141256038 0.01747634 0.0363689544 0.0387987155 
19 0.0194371209 0.0075109035 0.0355626841 0.049709536 0.0162353525 0.0708058914 0.0269754878 0.0444546505 0.008375278 0.0204017495 0.0309171614 0.0200939058 0.0316859993 0.0155940468 0.0294121914 0.0295225695 0.0101945299 0.0406963886 0.0145012548 0.0195849024 0.0498394777 0.0579817741 0.0328635156 0.0372482417 0.0554515499 0.0341510141 0.0166581361 0.0409255663 0.0205993021 0.02694027 0.0249596545 0.0607098935 
20 0.0343952016 0.0465812963 0.0262808106 0.0492614532 0.0202311163 0.0143509038 0.024675453 0.0085667549 0.0338492377 0.0359626204 0.0219985503 0.0250092449 0.0673406086 0.0136596252 0.0204022431 0.0410777827 0.0203900793 0.0398703706 0.0195849024 0.0784336251 0.0432307512 0.0107830314 0.0265918478 0.0392769124 0.0306870709 0.0286640533 0.026129396 0.0229080233 0.0400463364 0.0302976135 0.0235378923 0.0359251913 
21 0.0409491844 0.0369574779 0.025068796 0.0344116481 0.0376889247 0.0129211237 0.0293577214 0.0240320556 0.0279444809 0.0346915234 0.0242899946 0.0318528515 0.0078104261 0.0177177521 0.0149323583 0.0256804577 0.0343106907 0.0478298593 0.0498394777 0.0432307512 0.0539637262 0.0294286908 0.0127380228 0.0177953325 0.0096487399 0.0161589673 0.0778774449 0.022677164 0.0240732216 0.053160977 0.0536872078 0.02727295 
22 0.0636800627 0.0391672485 0.0225406604 0.0291089781 0.0505405626 0.033863952 0.0118972548 0.0364371845 0.0409949483 0.0204137452 0.0286709418 0.0238335417 0.0185519136 0.0442330886 0.0296962067 0.0236934315 0.0291600566 0.0265329532 0.0579817741 0.0107830314 0.0294286908 0.0178402415 0.0271732804 0.018858754 0.0300211183 0.0299356445 0.0399967332 0.0481528719 0.0155788546 0.0371875282 0.0421204684 0.0219242777 
23 0.0855492358 0.0250156233 0.0399882871 0.0603900593 0.0260179213 0.0348068858 0.0274671062 0.0118851808 0.0218452402 0.032153324 0.0732369298 0.0186808555 0.0219470149 0.0679940696 0.0335905114 0.0237024233 0.0330258167 0.0342741478 0.0328635156 0.0265918478 0.0127380228 0.0271732804 0.0126207802 0.0541871071 0.0093024614 0.0296623616 0.0339861173 0.0168778193 0.0316608838 0.0240998188 0.0055507014 0.0111146496 
24 0.0174369183 0.0263349003 0.0294941207 0.0515364588 0.0372698375 0.0313451504 0.0453738151 0.031411483 0.0289236242 0.0265425078 0.0334015762 0.0165887208 0.0471376058 0.0047980534 0.0171496487 0.0280959121 0.0345307043 0.0499438692 0.0372482417 0.0392769124 0.0177953325 0.018858754 0.0541871071 0.043349301 0.0345699238 0.0200151299 0.0510370977 0.0218755353 0.0174780664 0.0276440137 0.0243125253 0.0350371524 
25 0.006634282 0.0240823505 0.047962099 0.0440634183 0.0404450931 0.0247362567 0.0552986212 0.0322771282 0.0352695918 0.0238531528 0.0402188987 0.0347186493 0.0614454926 0.0140398289 0.0195296559 0.0335765774 0.0396908268 0.0422001465 0.0554515499 0.0306870709 0.0096487399 0.0300211183 0.0093024614 0.0345699238 0.0170662601 0.0325391949 0.0251146511 0.034578332 0.0321364904 0.027440425 0.0341807188 0.0072209936 
26 0.037611335 0.0444453046 0.0417375939 0.0194646819 0.052542979 0.0577288409 0.02067769 0.0218433778 0.0500294666 0.0290187629 0.0293417648 0.0503677485 0.0114523715 0.0272039591 0.0034145276 0.0235712775 0.0646442105 0.0134199011 0.0341510141 0.0286640533 0.0161589673 0.0299356445 0.0296623616 0.0200151299 0.0325391949 0.0105181969 0.0238618714 0.0285453546 0.0550626223 0.0384952721 0.0199788135 0.0338957104 
27 0.0235841193 0.018114538 0.0198907865 0.0257322675 0.029476662 0.0255195889 0.0363823605 0.0490892036 0.0272525624 0.0147840732 0.0036041539 0.0463964852 0.033877483 0.0285650572 0.0343044585 0.0234213401 0.0590583958 0.0258132326 0.0166581361 0.026129396 0.0778774449 0.0399967332 0.0339861173 0.0510370977 0.0251146511 0.0238618714 0.0360938484 0.050329849 0.0146966672 0.0227881132 0.0236036367 0.0329596694 
28 0.0205110853 0.0385257413 0.0321140847 0.0255433953 0.034511882 0.0340456796 0.0180565733 0.0632706586 0.0458466838 0.0206190184 0.0437563456 0.0274414582 0.0218383685 0.0086683575 0.023007236 0.0134735672 0.03460152 0.0230352085 0.0409255663 0.0229080233 0.022677164 0.0481528719 0.0168778193 0.0218755353 0.034578332 0.0285453546 0.050329849 0.0481793348 0.0213961125 0.0340912806 0.0346873501 0.0459085426 
29 0.0369434736 0.0279910755 0.0314197675 0.0172688016 0.0191362391 0.0098359294 0.0215055391 0.049920797 0.0113920424 0.0271408805 0.0264162552 0.0249017845 0.0283116528 0.0461373432 0.0412670723 0.0606006376 0.0399871272 0.0141256038 0.0205993021 0.0400463364 0.0240732216 0.0155788546 0.0316608838 0.0174780664 0.0321364904 0.0550626223 0.0146966672 0.0213961125 0.0816551201 0.0442316845 0.0309707203 0.0361118955 
30 0.0508826276 0.0130889479 0.0472540107 0.0265651874 0.0174022411 0.0405992707 0.0346930685 0.033280711 0.0416512018 0.0193738336 0.0398422292 0.0183354485 0.0177689523 0.0355077776 0.0250174613 0.0286906053 0.043869143 0.01747634 0.02694027 0.0302976135 0.053160977 0.0371875282 0.0240998188 0.0276440137 0.027440425 0.0384952721 0.0227881132 0.0340912806 0.0442316845 0.0120322543 0.0361764828 0.0341152089 
31 0.0221396839 0.0160044278 0.0643548288 0.0180225696 0.057028926 0.0234325784 0.0270891301 0.0432035289 0.0189858115 0.0466598073 0.0390253265 0.0169545483 0.0197829446 0.040984032 0.0384722741 0.0221557317 0.0224532607 0.0363689544 0.0249596545 0.0235378923 0.0536872078 0.0421204684 0.0055507014 0.0243125253 0.0341807188 0.0199788135 0.0236036367 0.0346873501 0.0309707203 0.0361764828 0.0399211916 0.033194272 
32 0.0355225039 0.0210119946 0.0443738219 0.0177381105 0.0319821123 0.009956736 0.0366323741 0.02877617 0.0257661127 0.0239434271 0.0231652978 0.0216012725 0.0654451311 0.0455833031 0.0228959817 0.0331910632 0.0313640721 0.0387987155 0.0607098935 0.0359251913 0.02727295 0.0219242777 0.0111146496 0.0350371524 0.0072209936 0.0338957104 0.0329596694 0.0459085426 0.0361118955 0.0341152089 0.033194272 0.0268613926 
