32
1 0.0414559798 0.0348193547 0.0272565724 0.0228773641 0.0288170183 0.0391287575 0.0193153337 0.0304467027 0.0264249576 0.034783873 0.0284957935 0.0227979919 0.0360214979 0.0328437944 0.0688951405 0.0241010864 0.0427354315 0.0178665245 0.0065833414 0.0359711255 0.0185396901 0.0221089425 0.0182029082 0.0385266709 0.0101221217 0.0494419238 0.045026328 0.0332879097 0.0400204734 0.0395267557 0.029055931 0.0345027035 
2 0.0348193547 0.0 0.0231121497 0.0346214855 0.0788697007 0.0168243708 0.0385668656 0.0148989035 0.0147350087 0.0218972067 0.0392343611 0.0143213799 0.0227847836 0.0334480811 0.0163983625 0.020497699 0.0208587081 0.0423746707 0.0624304406 0.0222485245 0.0263298597 0.0597187293 0.0446653709 0.0827632396 0.0297900307 0.0179686777 0.0288621248 0.0358977642 0.0134679257 0.0233389873 0.0336257632 0.0306294698 
3 0.0272565724 0.0231121497 0.0755783952 0.0335885448 0.047802112 0.0099577007 0.0152873983 0.0344180387 0.0224685548 0.0301522002 0.0099896812 0.0516353508 0.0205409686 0.0472313398 0.016723924 0.0206403718 0.0361610834 0.0189512543 0.0268285755 0.0684390423 0.0496383772 0.0215796984 0.0188994485 0.030744597 0.0301685786 0.0278547341 0.0561429901 0.0284107877 0.0133415717 0.0125522605 0.0354747221 0.0384289755 
4 0.0228773641 0.0346214855 0.0335885448 0.0359177612 0.0239460387 0.0236357874 0.033955221 0.0301951702 0.0291807895 0.030320527 0.0611349596 0.021900086 0.0145685873 0.0280148476 0.0432463368 0.0228216411 0.0298377033 0.0201391593 0.046717284 0.0268783093 0.0559924154 0.0220241423 0.0268892668 0.0432948214 0.0232538679 0.024812012 0.0204941619 0.0321497652 0.0548060055 0.0209599748 0.0170360686 0.0447898943 
5 0.0288170183 0.0788697007 0.047802112 0.0239460387 0.0413566817 0.0265426497 0.0117995897 0.032578304 0.0305780053 0.0366735376 0.0239243271 0.0237491027 0.0394096403 0.0180323399 0.0184651692 0.0335512307 0.0342118137 0.0321222324 0.0165662337 0.022135059 0.0412249366 0.0461739437 0.0269497813 0.0741354606 0.0333026206 0.0275109062 0.018689192 0.0234472325 0.0204042506 0.0318351651 0.0239334283 0.011262296 
6 0.0391287575 0.0168243708 0.0099577007 0.0236357874 0.0265426497 0.0346090361 0.0296755769 0.0278570901 0.0569726728 0.0544297532 0.02446026 0.0402146921 0.0357014433 0.0389108061 0.0374826567 0.0193654619 0.0094016622 0.0451295439 0.0500570242 0.0374682663 0.035880083 0.0263352435 0.0434265066 0.0482603094 0.0069395717 0.0328212528 0.0332868992 0.0128568518 0.0169973075 0.0368567263 0.0309723425 0.0175416936 
7 0.0193153337 0.0385668656 0.0152873983 0.033955221 0.0117995897 0.0296755769 0.0162984824 0.0301955822 0.0391287495 0.0214165466 0.0505456059 0.0394333836 0.0299747976 0.048495311 0.0384694037 0.0050725504 0.0414218685 0.0457725644 0.0066865083 0.0554370291 0.0373833189 0.0323436741 0.0534400413 0.0118903688 0.0347601148 0.05969837 0.0169832526 0.0316555333 0.0141957285 0.0192171922 0.0136318032 0.0578522337 
8 0.0304467027 0.0148989035 0.0344180387 0.0301951702 0.032578304 0.0278570901 0.0301955822 0.0999892766 0.0324733687 0.0189861601 0.0261688707 0.0310561184 0.0411249361 0.0187889777 0.0282246868 0.0161524815 0.0511223979 0.0512767883 0.0291477736 0.0280401016 0.0291836853 0.0430141362 0.0357544627 0.0118076291 0.0141390441 0.0323574684 0.0185380101 0.0247576274 0.0280233204 0.034000639 0.0339879634 0.0212942844 
9 0.0264249576 0.0147350087 0.0224685548 0.0291807895 0.0305780053 0.0569726728 0.0391287495 0.0324733687 0.0065098726 0.0421131069 0.0093552735 0.0258399276 0.0313299227 0.0312586142 0.027833687 0.0140050684 0.0471885252 0.0370856057 0.0197506395 0.0475450337 0.0229621864 0.0204472068 0.0441735958 0.0329967324 0.0540380368 0.0430173885 0.0477219622 0.0422934147 0.0219207348 0.0413197098 0.0153868713 0.0219447763 
10 0.034783873 0.0218972067 0.0301522002 0.030320527 0.0366735376 0.0544297532 0.0214165466 0.0189861601 0.0421131069 0.0764308338 0.031732017 0.0238493721 0.0268969885 0.0341362737 0.0243080355 0.0587334996 0.0472749719 0.0103001626 0.0506483469 0.0265301722 0.0151834089 0.0261264983 0.0230967083 0.0046114133 0.0314594714 0.0171308638 0.0416098045 0.0366916771 0.0177785661 0.0316520385 0.0165963928 0.0364495719 
11 0.0284957935 0.0392343611 0.0099896812 0.0611349596 0.0239243271 0.02446026 0.0505456059 0.0261688707 0.0093552735 0.031732017 0.0197275632 0.0248725225 0.0345433641 0.0235272354 0.0253527218 0.0507630617 0.0269189198 0.034707967 0.0419835758 0.0403798758 0.0290367017 0.0337286518 0.0289554062 0.0441718029 0.0166740623 0.0281984697 0.0189343253 0.0294038718 0.0598851067 0.021840997 0.0359194551 0.0254331929 
12 0.0227979919 0.0143213799 0.0516353508 0.021900086 0.0237491027 0.0402146921 0.0394333836 0.0310561184 0.0258399276 0.0238493721 0.0248725225 0.0361541875 0.0278969788 0.0169701687 0.0496914219 0.0441219226 0.0169715373 0.037135817 0.0359064806 0.028422045 0.0404073279 0.030914598 0.0455183534 0.0230056578 0.0278191201 0.0168330506 0.0363372236 0.017738374 0.0258694304 0.042306892 0.0369254314 0.0433840536 
13 0.0360214979 0.0227847836 0.0205409686 0.0145685873 0.0394096403 0.0357014433 0.0299747976 0.0411249361 0.0313299227 0.0268969885 0.0345433641 0.0278969788 0.0107712935 0.0546649997 0.0454375172 0.0512850457 0.0209047522 0.0355686571 0.0184477929 0.0145322581 0.0476262816 0.0444963514 0.0282919596 0.0362529209 0.0262135578 0.0358071654 0.0282290587 0.0287361518 0.0235952651 0.0042633747 0.0480073879 0.0360742999 
14 0.0328437944 0.0334480811 0.0472313398 0.0280148476 0.0180323399 0.0389108061 0.048495311 0.0187889777 0.0312586142 0.0341362737 0.0235272354 0.0169701687 0.0546649997 0.0169248671 0.0222298655 0.0249126212 0.0105472378 0.0630479549 0.0352471371 0.041518521 0.0504575459 0.0219113962 0.0255006558 0.0147587709 0.0496740296 0.0355118857 0.0323701987 0.030052693 0.013829195 0.0261414264 0.0498772994 0.0091639094 
15 0.0688951405 0.0163983625 0.016723924 0.0432463368 0.0184651692 0.0374826567 0.0384694037 0.0282246868 0.027833687 0.0243080355 0.0253527218 0.0496914219 0.0454375172 0.0222298655 0.0090050898 0.0224787465 0.0350579093 0.0454944571 0.031866303 0.0209255523 0.0189243507 0.0302003744 0.0379421076 0.035076295 0.0582208347 0.0294573416 0.035550551 0.0081742618 0.0481910455 0.0289801501 0.0121148077 0.0295808928 
16 0.0241010864 0.020497699 0.0206403718 0.0228216411 0.0335512307 0.0193654619 0.0050725504 0.0161524815 0.0140050684 0.0587334996 0.0507630617 0.0441219226 0.0512850457 0.0249126212 0.0224787465 0.0267662388 0.0128434386 0.043547109 0.0293117891 0.0604977076 0.0532152598 0.0206622868 0.0662682236 0.0291217892 0.0282627156 0.0357515866 0.0265784738 0.0433194794 0.0210348785 0.0214555414 0.0335161858 0.0193448078 
17 0.0427354315 0.0208587081 0.0361610834 0.0298377033 0.0342118137 0.0094016622 0.0414218685 0.0511223979 0.0471885252 0.0472749719 0.0269189198 0.0169715373 0.0209047522 0.0105472378 0.0350579093 0.0128434386 0.0306713558 0.0299510106 0.0270563422 0.0307845822 0.0430666529 0.0380308156 0.0251482616 0.0167403804 0.0157336834 0.0281206779 0.0268685315 0.0368548821 0.0412386796 0.0426803436 0.0397772073 0.0438186324 
18 0.0178665245 0.0423746707 0.0189512543 0.0201391593 0.0321222324 0.0451295439 0.0457725644 0.0512767883 0.0370856057 0.0103001626 0.034707967 0.037135817 0.0355686571 0.0630479549 0.0454944571 0.043547109 0.0299510106 0.0032476595 0.0511368464 0.0059780898 0.0136782269 0.027691836 0.018937168 0.0196471889 0.0420008213 0.0450492661 0.0373518555 0.0278275195 0.0292156384 0.0312581135 0.0060091187 0.0304991726 
19 0.0065833414 0.0624304406 0.0268285755 0.046717284 0.0165662337 0.0500570242 0.0066865083 0.0291477736 0.0197506395 0.0506483469 0.0419835758 0.0359064806 0.0184477929 0.0352471371 0.031866303 0.0293117891 0.0270563422 0.0511368464 0.0711677065 0.0361123639 0.0190435282 0.039349509 0.0199544445 0.0136488449 0.0200237009 0.011041239 0.019820429 0.032319892 0.0373556316 0.0385765966 0.0365985604 0.0186151188 
20 0.0359711255 0.0222485245 0.0684390423 0.0268783093 0.022135059 0.0374682663 0.0554370291 0.0280401016 0.0475450337 0.0265301722 0.0403798758 0.028422045 0.0145322581 0.041518521 0.0209255523 0.0604977076 0.0307845822 0.0059780898 0.0361123639 0.0390316586 0.0131551773 0.0187032852 0.0285232691 0.0219986675 0.0229379249 0.0149236985 0.0326924721 0.01690503 0.0453971969 0.0 0.0572522752 0.0386356857 
21 0.0185396901 0.0263298597 0.0496383772 0.0559924154 0.0412249366 0.035880083 0.0373833189 0.0291836853 0.0229621864 0.0151834089 0.0290367017 0.0404073279 0.0476262816 0.0504575459 0.0189243507 0.0532152598 0.0430666529 0.0136782269 0.0190435282 0.0131551773 0.0129840571 0.0432286974 0.0116915833 0.018215353 0.0148073215 0.0197354292 0.0356534832 0.0253741604 0.0295764885 0.0433241057 0.0394479504 0.0450323559 
22 0.0221089425 0.0597187293 0.0215796984 0.0220241423 0.0461739437 0.0263352435 0.0323436741 0.0430141362 0.0204472068 0.0261264983 0.0337286518 0.030914598 0.0444963514 0.0219113962 0.0302003744 0.0206622868 0.0380308156 0.027691836 0.039349509 0.0187032852 0.0432286974 0.0328745387 0.0263463801 0.0338988268 0.0471561014 0.0355497121 0.0258075284 0.0041872139 0.0067417614 0.066525851 0.0294886769 0.0226333923 
23 0.0182029082 0.0446653709 0.0188994485 0.0268892668 0.0269497813 0.0434265066 0.0534400413 0.0357544627 0.0441735958 0.0230967083 0.0289554062 0.0455183534 0.0282919596 0.0255006558 0.0379421076 0.0662682236 0.0251482616 0.018937168 0.0199544445 0.0285232691 0.0116915833 0.0263463801 0.0182659629 0.0115230323 0.039694157 0.0421494129 0.0265224099 0.0308209708 0.0323801772 0.0546471652 0.0338221311 0.0115986774 
24 0.0385266709 0.0827632396 0.030744597 0.0432948214 0.0741354606 0.0482603094 0.0118903688 0.0118076291 0.0329967324 0.0046114133 0.0441718029 0.0230056578 0.0362529209 0.0147587709 0.035076295 0.0291217892 0.0167403804 0.0196471889 0.0136488449 0.0219986675 0.018215353 0.0338988268 0.0115230323 0.0327481629 0.0214254125 0.0332218746 0.0116083988 0.063692071 0.0507472207 0.0324776661 0.0146451951 0.0423432253 
25 0.0101221217 0.0297900307 0.0301685786 0.0232538679 0.0333026206 0.0069395717 0.0347601148 0.0141390441 0.0540380368 0.0314594714 0.0166740623 0.0278191201 0.0262135578 0.0496740296 0.0582208347 0.0282627156 0.0157336834 0.0420008213 0.0200237009 0.0229379249 0.0148073215 0.0471561014 0.039694157 0.0214254125 0.0538794536 0.0458626377 0.0515552692 0.0507459906 0.0225315743 0.0286839596 0.0351821291 0.0129420843 
26 0.0494419238 0.0179686777 0.0278547341 0.024812012 0.0275109062 0.0328212528 0.05969837 0.0323574684 0.0430173885 0.0171308638 0.0281984697 0.0168330506 0.0358071654 0.0355118857 0.0294573416 0.0357515866 0.0281206779 0.0450492661 0.011041239 0.0149236985 0.0197354292 0.0355497121 0.0421494129 0.0332218746 0.0458626377 0.0419922019 0.0189583025 0.0390017882 0.044774357 0.0056156699 0.0395279568 0.0203026788 
27 0.045026328 0.0288621248 0.0561429901 0.0204941619 0.018689192 0.0332868992 0.0169832526 0.0185380101 0.0477219622 0.0416098045 0.0189343253 0.0363372236 0.0282290587 0.0323701987 0.035550551 0.0265784738 0.0268685315 0.0373518555 0.019820429 0.0326924721 0.0356534832 0.0258075284 0.0265224099 0.0116083988 0.0515552692 0.0189583025 0.0301213134 0.0338710544 0.0291586213 0.0294688935 0.0303064077 0.0548804729 
28 0.0332879097 0.0358977642 0.0284107877 0.0321497652 0.0234472325 0.0128568518 0.0316555333 0.0247576274 0.0422934147 0.0366916771 0.0294038718 0.017738374 0.0287361518 0.030052693 0.0081742618 0.0433194794 0.0368548821 0.0278275195 0.032319892 0.01690503 0.0253741604 0.0041872139 0.0308209708 0.063692071 0.0507459906 0.0390017882 0.0338710544 0.0242881903 0.0573524063 0.0387578176 0.0202217249 0.0389058928 
29 0.0400204734 0.0134679257 0.0133415717 0.0548060055 0.0204042506 0.0169973075 0.0141957285 0.0280233204 0.0219207348 0.0177785661 0.0598851067 0.0258694304 0.0235952651 0.013829195 0.0481910455 0.0210348785 0.0412386796 0.0292156384 0.0373556316 0.0453971969 0.0295764885 0.0067417614 0.0323801772 0.0507472207 0.0225315743 0.044774357 0.0291586213 0.0573524063 0.0144793872 0.0515860875 0.0356878155 0.0384161512 
30 0.0395267557 0.0233389873 0.0125522605 0.0209599748 0.0318351651 0.0368567263 0.0192171922 0.034000639 0.0413197098 0.0316520385 0.021840997 0.042306892 0.0042633747 0.0261414264 0.0289801501 0.0214555414 0.0426803436 0.0312581135 0.0385765966 0.0 0.0433241057 0.066525851 0.0546471652 0.0324776661 0.0286839596 0.0056156699 0.0294688935 0.0387578176 0.0515860875 0.0351683094 0.0460755239 0.018906066 
31 0.029055931 0.0336257632 0.0354747221 0.0170360686 0.0239334283 0.0309723425 0.0136318032 0.0339879634 0.0153868713 0.0165963928 0.0359194551 0.0369254314 0.0480073879 0.0498772994 0.0121148077 0.0335161858 0.0397772073 0.0060091187 0.0365985604 0.0572522752 0.0394479504 0.0294886769 0.0338221311 0.0146451951 0.0351821291 0.0395279568 0.0303064077 0.0202217249 0.0356878155 0.0460755239 0.0205963001 0.0492991731 
32 0.0345027035 0.0306294698 0.0384289755 0.0447898943 0.011262296 0.0175416936 0.0578522337 0.0212942844 0.0219447763 0.0364495719 0.0254331929 0.0433840536 0.0360742999 0.0091639094 0.0295808928 0.0193448078 0.0438186324 0.0304991726 0.0186151188 0.0386356857 0.0450323559 0.0226333923 0.0115986774 0.0423432253 0.0129420843 0.0203026788 0.0548804729 0.0389058928 0.0384161512 0.018906066 0.0492991731 0.0354941652 
