64
1 0.0058715488 0.0084893213 0.0162867501 0.0161710011 0.0125011597 0.0221326251 0.0145306655 0.0086207119 0.0186229288 0.0152285141 0.0189629132 0.033000128 0.0162135245 0.0225644796 0.0194838125 0.012482484 0.0048528207 0.0165330552 0.0142751664 0.0262800721 0.0132726152 0.0225220238 0.0194341425 0.0083592587 0.0125922574 0.0168170132 0.0120566242 0.0108477063 0.0208099343 0.0224993884 0.019301518 0.0144434742 0.0161323975 0.0145770106 0.010220057 0.0169386431 0.0122454354 0.0198724499 0.0144600767 0.0146101605 0.0141485921 0.02090621 0.0158119719 0.0153964085 0.0083592823 0.0191456788 0.0155979798 0.0089923263 0.0268953357 0.0144196496 0.0111079613 0.0231702051 0.0166173566 0.0190281175 0.0134996707 0.0141310522 0.0193663384 0.0175508588 0.0178822034 0.0083867688 0.009286846 0.0116311719 0.0111441398 0.0124080053 
2 0.0084893213 0.0209313857 0.0129799207 0.0143221208 0.0162448489 0.012895053 0.0110792394 0.0193337727 0.0061011371 0.0164357226 0.0134230836 0.0111824644 0.0288948123 0.0172071852 0.0243527619 0.0072698881 0.0165656698 0.0081639593 0.0136636237 0.0123427425 0.0196013819 0.0194959403 0.0254729998 0.0165827737 0.0077369094 0.0055480149 0.0099309655 0.0155959458 0.0170837149 0.0227500877 0.019175106 0.0132929518 0.0115226057 0.0178421381 0.0216202074 0.0231364236 0.0102658816 0.0159242912 0.0149648651 0.0193418592 0.0176683267 0.0149631953 0.0177145785 0.004024606 0.0194453405 0.0205473094 0.0173557114 0.0159315906 0.0133723872 0.0145094091 0.0210641195 0.0202160682 0.0125023595 0.0219820762 0.0165120492 0.0280462301 0.017885518 0.0063509558 0.0093375596 0.0169162136 0.0175866451 0.0113705728 0.0085221386 0.0174112623 
3 0.0162867501 0.0129799207 0.0131310213 0.0121526437 0.0173213301 0.0078412717 0.0123000981 0.0107043654 0.0191913701 0.0136504359 0.0161439577 0.0269116919 0.0167688142 0.0131509641 0.0171606711 0.0185726011 0.0158963947 0.0273989118 0.0140467129 0.0175483752 0.0145378913 0.0147765176 0.018706068 0.0059950433 0.0243139002 0.0183523885 0.0186635614 0.0011145742 0.0144490553 0.0255995246 0.0184634369 0.0150479707 0.030139512 0.0180035572 0.0062150103 0.0185427616 0.0120126578 0.0337807784 0.0139518928 0.0218631195 0.014585546 0.0256581881 0.0167204083 0.0170791608 0.0153481788 0.0181281587 0.0166384965 0.0188894695 0.0122446887 0.0103792809 0.0175510266 0.0105051452 0.0176124993 0.0129221518 0.0073063981 0.0056262942 0.0110020892 0.0130856349 0.0161798904 0.0220999115 0.0048391924 0.0097530044 0.0061820135 0.0159756487 
4 0.0161710011 0.0143221208 0.0121526437 0.023692839 0.0056203034 0.0107339783 0.0122213891 0.0138932201 0.0096160352 0.0102134825 0.0109900238 0.0189746999 0.0174623743 0.0129890743 0.0116153768 0.0185879149 0.0180035891 0.021255823 0.0085567835 0.0046885414 0.0185319294 0.024255378 0.0265960667 0.0177711393 0.0174488262 0.0175967787 0.0138860564 0.0108652342 0.0039008317 0.0195483506 0.0154514042 0.0156748418 0.0290580267 0.0131664756 0.0163655228 0.0147694322 0.019716188 0.0175967772 0.0081397642 0.0103134837 0.0204401489 0.0154814136 0.0113634532 0.0255971065 0.0159382994 0.0162129015 0.0038126223 0.0180820221 0.017189083 0.0094890841 0.0120594301 0.0191645146 0.0110509668 0.0183970316 0.0207415281 0.0155767448 0.0270729515 0.0201767924 0.0105581931 0.0119206221 0.0134626637 0.0197375394 0.0219386439 0.0221225216 
5 0.0125011597 0.0162448489 0.0173213301 0.0056203034 0.0172926618 0.0265459593 0.0182933232 0.0190963745 0.0179096414 0.0054855045 0.0203067106 0.0175702 0.0152028258 0.0132020658 0.0119284337 0.0258063113 0.0085336504 0.0132761387 0.0186879962 0.0132632556 0.0064892855 0.0072588006 0.0133176362 0.0226864002 0.0220071846 0.0059267107 0.0043275912 0.0125021221 0.0341243275 0.0079342537 0.0139456403 0.012958714 0.009780286 0.0229626656 0.0147776814 0.0164761325 0.0179655477 0.0245978803 0.0159901096 0.0139522526 0.0258329945 0.0090915687 0.0045100985 0.0172049539 0.0300876482 0.0129048155 0.0121159664 0.0135142617 0.0177178826 0.0228097695 0.0185531662 0.0117323721 0.0178014835 0.0257331515 0.0184688404 0.0123967074 0.0165854893 0.005678312 0.0163496956 0.0127531102 0.0183849013 0.0226421367 0.0128876768 0.0101730801 
6 0.0221326251 0.012895053 0.0078412717 0.0107339783 0.0265459593 0.0234501963 0.0124419058 0.0122222204 0.0249099467 0.0262628111 0.012081127 0.0068901897 0.0319078102 0.0101713493 0.0205116436 0.018099883 0.0328469957 0.023376535 0.0086353554 0.0135992049 0.0115262892 0.0119327691 0.0205686129 0.0055663365 0.0045636338 0.0191171572 0.0206112648 0.0126999271 0.0135098481 0.016414647 0.0130447177 0.0167134532 0.0154924644 0.0144845305 0.0120830262 0.0134500215 0.0158523711 0.0138809762 0.0123726931 0.0136248914 0.0161233952 0.0136009021 0.0025863093 0.007851241 0.0172298111 0.0043446464 0.0089376009 0.0201520022 0.0117782559 0.0196217083 0.0176982208 0.0189778248 0.0199283688 0.0126966754 0.0168265117 0.0170048542 0.0221201314 0.0191208576 0.0164789571 0.0128904608 0.0172501504 0.0137647829 0.0140902201 0.023860419 
7 0.0145306655 0.0110792394 0.0123000981 0.0122213891 0.0182933232 0.0124419058 0.0145925203 0.0193824894 0.0254009657 0.0138772121 0.0156717142 0.0155278016 0.0271066864 0.0272979348 0.0128306994 0.0066726999 0.0186614073 0.0125713756 0.0406639235 0.0104867322 0.0140288706 0.011985753 0.0114309265 0.0138876699 0.0137268998 0.0047393208 0.0195654108 0.0039430539 0.0087598428 0.0222575315 0.0140474831 0.0096026352 0.0121154663 0.01829112 0.0238768877 0.0162061989 0.0143717485 0.0172063733 0.0080001319 0.0227901592 0.0037199392 0.0157794315 0.0288593707 0.0138340773 0.0125303781 0.0155797967 0.0134857622 0.0122909969 0.0126742998 0.0193304429 0.0211278739 0.0131776954 0.0191401018 0.0170195197 0.0260944952 0.0147430593 0.0057988299 0.017781974 0.0050825453 0.017567804 0.0198845026 0.0088256021 0.0198885546 0.0233386797 
8 0.0086207119 0.0193337727 0.0107043654 0.0138932201 0.0190963745 0.0122222204 0.0193824894 0.0214430584 0.010642603 0.0117160152 0.0115538639 0.0285980351 0.0207137309 0.0235834277 0.0204917742 0.0211239837 0.0142269358 0.0141783098 0.012980039 0.0180415977 0.0206010832 0.0212115458 0.0178550262 0.0168625421 0.0216614137 0.0185215607 0.0210691684 0.0139055629 0.0152110871 0.0046021155 0.0127512366 0.0189858383 0.0083582358 0.0129517132 0.0067441019 0.0036501233 0.0127409498 0.0147415584 0.0123076151 0.0116784382 0.0213609978 0.0118960449 0.020264326 0.0215132748 0.01104268 0.0269693798 0.0073300916 0.0170970372 0.0181206788 0.0170939127 0.0068182975 0.0057301713 0.0108555861 0.0140408956 0.0205491987 0.0270254756 0.0211921685 0.0285194366 0.0069064028 0.008041426 0.0165451605 0.0082728009 0.0136319957 0.0202251157 
9 0.0186229288 0.0061011371 0.0191913701 0.0096160352 0.0179096414 0.0249099467 0.0254009657 0.010642603 0.0036244742 0.0217272437 0.0149788107 0.002961007 0.0256971135 0.0121318559 0.029112538 0.0191238576 0.0143029863 0.0120433012 0.0192053629 0.0138708763 0.020729845 0.0155116279 0.0159362068 0.0149118885 0.01586066 0.0078944195 0.0070416087 0.0154664959 0.0163793729 0.0100784453 0.0188194701 0.0045897113 0.0193155746 0.010521566 0.0140422896 0.0198429343 0.012555129 0.0071222884 0.0124822903 0.0203939163 0.0190510606 0.0133881549 0.012012978 0.0258208163 0.007435435 0.007380545 0.0071353747 0.0154240516 0.0146213717 0.0116597693 0.0185170464 0.0224308888 0.013146817 0.0179271872 0.0127259865 0.0124781728 0.0183404164 0.0229024569 0.0291715082 0.0177444508 0.0191207065 0.0254262955 0.0216958237 0.0137728902 
10 0.0152285141 0.0164357226 0.0136504359 0.0102134825 0.0054855045 0.0262628111 0.0138772121 0.0117160152 0.0217272437 0.0100304524 0.014752816 0.0155663897 0.0065110415 0.0052984077 0.0149940369 0.0182939618 0.0242987545 0.0146414252 0.0155153955 0.0178831121 0.0228134315 0.0064574893 0.0134833158 0.0156809806 0.0089190413 0.0131616423 0.0130680516 0.0095770982 0.0149328572 0.0236433505 0.0252452947 0.0165150981 0.0192249788 0.0153620177 0.0229028688 0.0140644428 0.0141310315 0.0253841016 0.0138760881 0.0178213588 0.012034341 0.0122240965 0.0163838425 0.0058650551 0.0309332341 0.0117858254 0.0162663747 0.0181811661 0.0106641775 0.0077193725 0.0141763584 0.0116209589 0.0172240633 0.0168082845 0.0228910999 0.0136870206 0.0156711689 0.0175276459 0.0122463222 0.0228722604 0.0194813785 0.019107215 0.0189939717 0.0169874921 
11 0.0189629132 0.0134230836 0.0161439577 0.0109900238 0.0203067106 0.012081127 0.0156717142 0.0115538639 0.0149788107 0.014752816 0.0111992716 0.016043142 0.0220644475 0.0243653398 0.0082973384 0.0147834005 0.0128504135 0.030257854 0.0126975226 0.0139972772 0.0099148765 0.0158296396 0.0207275347 0.0189034344 0.0154469746 0.0194846693 0.0165124234 0.0182655278 0.0148503002 0.0028687015 0.0110291143 0.0143245499 0.0155927345 0.0225176853 0.0114885622 0.0222238475 0.0089290219 0.0097566365 0.0178378655 0.0111538083 0.0205106319 0.0352952988 0.0115682678 0.0096697902 0.015410379 0.0110197438 0.0084702654 0.0150849851 0.0195672751 0.0159366352 0.0249962672 0.0145383437 0.0173859801 0.019320894 0.0087851264 0.0093682329 0.0229073969 0.007544726 0.0148868087 0.0166953015 0.0172568908 0.016336748 0.0180562805 0.0163087953 
12 0.033000128 0.0111824644 0.0269116919 0.0189746999 0.0175702 0.0068901897 0.0155278016 0.0285980351 0.002961007 0.0155663897 0.016043142 0.0087958094 0.0080369153 0.0138791308 0.0223376328 0.022044234 0.0172096335 0.0123100982 0.0085006756 0.0165295689 0.0026092342 0.020818334 0.0210616816 0.0188105774 0.006253896 0.027448302 0.0130872053 0.0193049191 0.0109085636 0.0193771874 0.0159955672 0.0124861448 0.0149009455 0.0119963649 0.0356725402 0.0114341591 0.0149982416 0.0151793497 0.0206618531 0.0090472304 0.0103230425 0.0221213425 0.017045319 0.0238268626 0.0257588504 0.0200957252 0.0199587159 0.0143137928 0.0069179539 0.0059329786 0.0106582408 0.0101595206 0.0134304928 0.0077558588 0.0147275396 0.010600455 0.0115333848 0.0099944675 0.0173753406 0.0270754749 0.015508191 0.0195310881 0.0079516835 0.0124819335 
13 0.0162135245 0.0288948123 0.0167688142 0.0174623743 0.0152028258 0.0319078102 0.0271066864 0.0207137309 0.0256971135 0.0065110415 0.0220644475 0.0080369153 0.0 0.0220433466 0.0197727501 0.0178923482 0.014834669 0.0225174957 0.0085524484 0.0106722648 0.0073902973 0.0044178463 0.0110491428 0.0233933074 0.0195714385 0.0111575093 0.0064054319 0.012834025 0.021620041 0.0082163497 0.0177708425 0.0144762189 0.0095681955 0.029688248 0.0078060474 0.0136965618 0.0245945915 0.0250543283 0.0094694957 0.0209027701 0.0101687292 0.0307795753 0.0105143105 0.0104912914 0.0170469193 0.0101904115 0.0090992951 0.0291824332 0.0103645299 0.016242793 0.0094654286 0.0306550402 0.0047238922 0.0105658292 0.0149925747 0.0169750415 0.0147536262 0.0098698453 0.0087038634 0.0152371312 0.0227146861 0.009079231 0.015071122 0.0111642915 
14 0.0225644796 0.0172071852 0.0131509641 0.0129890743 0.0132020658 0.0101713493 0.0272979348 0.0235834277 0.0121318559 0.0052984077 0.0243653398 0.0138791308 0.0220433466 0.0135560693 0.0218286792 0.0121676474 0.0050378527 0.0183169635 0.0305212764 0.0202783272 0.0152123442 0.0127107687 0.0199829317 0.0155925965 0.0127615098 0.0232666548 0.0197148238 0.0201704215 0.0164581704 0.0185013249 0.0068711572 0.0162080263 0.0122404492 0.0137837892 0.0299323573 0.0099726491 0.0107803971 0.0197368793 0.0095047035 0.0120239216 0.0124720621 0.0092451732 0.0183883561 0.0094859205 0.0146029189 0.0094968898 0.0244836878 0.0137196356 0.0214554384 0.0112934254 0.0158558712 0.0182041536 0.0215110499 0.010623996 0.0061881767 0.0017214019 0.0114727401 0.013241677 0.0158694256 0.013366941 0.0219478091 0.0197293184 0.0174473523 0.0131593258 
15 0.0194838125 0.0243527619 0.0171606711 0.0116153768 0.0119284337 0.0205116436 0.0128306994 0.0204917742 0.029112538 0.0149940369 0.0082973384 0.0223376328 0.0197727501 0.0218286792 0.0191313601 0.019849772 0.0073407783 0.0169550455 0.0079654453 0.0168790119 0.0200660344 0.0121673777 0.0070354418 0.0222667981 0.0210730308 0.0124310588 0.0160352111 0.0208363791 0.013185176 0.0209436524 0.0146900923 0.0077727141 0.0127827961 0.0099007562 0.0167734618 0.0230952805 0.0282661772 0.0140284336 0.0107606237 0.0065849586 0.0180004683 0.0130274026 0.0162836898 0.0074805342 0.0193850499 0.013865548 0.0256959899 0.0147655461 0.0173523743 0.0151683012 0.0069753805 0.0046473381 0.0143193542 0.0156037832 0.0089361874 0.0167255904 0.0155674032 0.0097006443 0.0280627432 0.0169643211 0.0149679716 0.0028429934 0.0091503334 0.020976036 
16 0.012482484 0.0072698881 0.0185726011 0.0185879149 0.0258063113 0.018099883 0.0066726999 0.0211239837 0.0191238576 0.0182939618 0.0147834005 0.022044234 0.0178923482 0.0121676474 0.019849772 0.0229537935 0.0249183939 0.0156601723 0.0138034437 0.0192722627 0.021493416 0.019410645 0.005849528 0.0104268954 0.015646668 0.0147411089 0.017947623 0.0115854496 0.0127667682 0.0091092269 0.0066092643 0.012349738 0.01694909 0.0257946355 0.0153473288 0.0076575736 0.0146545628 0.0161804123 0.0212364356 0.0148973123 0.0132700097 0.0207533568 0.0225419069 0.0194675456 0.0120094776 0.0143890382 0.0193975811 0.023292041 0.0159561826 0.0203604246 0.0081740019 0.0112254536 0.02677073 0.0057213255 0.0075882531 0.0092071684 0.017715003 0.0112991761 0.0181024531 0.0096767718 0.0054804311 0.0234575448 0.0124441869 0.0116672007 
17 0.0048528207 0.0165656698 0.0158963947 0.0180035891 0.0085336504 0.0328469957 0.0186614073 0.0142269358 0.0143029863 0.0242987545 0.0128504135 0.0172096335 0.014834669 0.0050378527 0.0073407783 0.0249183939 0.0230880709 0.009277478 0.0159586215 0.039082331 0.0197110656 0.0089006318 0.0104347835 0.0129078077 0.0080734086 0.0069150593 0.017141225 0.0181020007 0.0205162062 0.0126125665 0.0167721012 0.0069678589 0.014748863 0.0195282395 0.0160069242 0.0053432784 0.0225270431 0.0118273028 0.0053311404 0.0118851616 0.0133703914 0.0260238726 0.0318866361 0.0164708487 0.0082819184 0.011926685 0.0180961121 0.0134056359 0.0228334903 0.0109476643 0.0240088635 0.0110864923 0.021014865 0.0120883055 0.0136581785 0.005474783 0.0149363486 0.0119428245 0.0138701992 0.0219144011 0.0180755063 0.01519528 0.0243729867 0.0150775964 
18 0.0165330552 0.0081639593 0.0273989118 0.021255823 0.0132761387 0.023376535 0.0125713756 0.0141783098 0.0120433012 0.0146414252 0.030257854 0.0123100982 0.0225174957 0.0183169635 0.0169550455 0.0156601723 0.009277478 0.0066050029 0.0133652874 0.0328918262 0.0224632853 0.0120760808 0.0161380334 0.009586301 0.0147595867 0.0169088712 0.0175541432 0.0215535219 0.0172968869 0.0063897837 0.0151590066 0.0112763011 0.0063831887 0.019026025 0.0237569176 0.0179641778 0.0122802257 0.0106545201 0.0116019631 0.0141197276 0.0188191749 0.0237394664 0.0194976018 0.0090563283 0.0141792593 0.0150423038 0.0180559304 0.0070520722 0.0151318723 0.0207618701 0.0148291804 0.008918569 0.0103751515 0.0177721088 0.0239010762 0.0224944643 0.0187583284 0.0164695019 0.0110337139 0.0109469065 0.0110213359 0.0120255371 0.0021124538 0.0194611868 
19 0.0142751664 0.0136636237 0.0140467129 0.0085567835 0.0186879962 0.0086353554 0.0406639235 0.012980039 0.0192053629 0.0155153955 0.0126975226 0.0085006756 0.0085524484 0.0305212764 0.0079654453 0.0138034437 0.0159586215 0.0133652874 0.0119883771 0.022311811 0.008795223 0.0154534929 0.0168265955 0.0196093238 0.0064180957 0.0240818833 0.0156110613 0.0125862488 0.0195889337 0.0129156961 0.0174205908 0.007886226 0.0111847212 0.018214439 0.0075552303 0.0266889049 0.0150350164 0.0151789857 0.0208562395 0.021760415 0.0057894629 0.0074165014 0.026880325 0.0084026511 0.0251334025 0.0100535708 0.0151297074 0.0141789482 0.0238531577 0.0354737181 0.025415773 0.0087627694 0.011025055 0.0097814085 0.0123490659 0.0075415615 0.0211564721 0.0170364009 0.0088720313 0.01690794 0.0157660951 0.0247055392 0.0125199182 0.010285934 
20 0.0262800721 0.0123427425 0.0175483752 0.0046885414 0.0132632556 0.0135992049 0.0104867322 0.0180415977 0.0138708763 0.0178831121 0.0139972772 0.0165295689 0.0106722648 0.0202783272 0.0168790119 0.0192722627 0.039082331 0.0328918262 0.022311811 0.0138473716 0.0094799785 0.021239047 0.012570403 0.015671723 0.0167289269 0.0134779646 0.0203458957 0.0241907028 0.0093315076 0.0194114703 0.0190940771 0.0015322981 0.0090144649 0.0143363472 0.0088981131 0.0175123793 0.0206509253 0.0110123695 0.0106798234 0.0229781714 0.0116544398 0.0036091817 0.0201565943 0.0168741287 0.0154355989 0.0073670451 0.0150576182 0.0142357994 0.0103716287 0.0193425334 0.0111425949 0.0210319587 0.0287765126 0.0130804 0.0097302022 0.0149588318 0.0053203722 0.011049023 0.0216795636 0.0123152111 0.0174214786 0.0122728766 0.0181330904 0.0170601651 
21 0.0132726152 0.0196013819 0.0145378913 0.0185319294 0.0064892855 0.0115262892 0.0140288706 0.0206010832 0.020729845 0.0228134315 0.0099148765 0.0026092342 0.0073902973 0.0152123442 0.0200660344 0.021493416 0.0197110656 0.0224632853 0.008795223 0.0094799785 0.0047324282 0.0190913019 0.0152382111 0.015673142 0.0213717053 0.0072282334 0.0184071319 0.0183971854 0.0195419733 0.0129980614 0.0075694499 0.008568003 0.0088952139 0.0247209833 0.0161641127 0.0166277322 0.0196419489 0.0188476194 0.0153002143 0.0182564553 0.0328752811 0.0167238738 0.018019887 0.0287649428 0.0193851351 0.0204843044 0.0174614668 0.012445483 0.0082801695 0.0141814731 0.0189181854 0.0101018686 0.0147652189 0.0197884344 0.0055457556 0.0169373037 0.0155596228 0.0081770774 0.0174635681 0.0172762976 0.0291791139 0.0130522496 0.0091636969 0.0089101058 
22 0.0225220238 0.0194959403 0.0147765176 0.024255378 0.0072588006 0.0119327691 0.011985753 0.0212115458 0.0155116279 0.0064574893 0.0158296396 0.020818334 0.0044178463 0.0127107687 0.0121673777 0.019410645 0.0089006318 0.0120760808 0.0154534929 0.021239047 0.0190913019 0.0254957964 0.0086523958 0.0134567803 0.0016358362 0.0192327241 0.0120526925 0.0219668801 0.0051716858 0.0179521373 0.0286131471 0.0185618765 0.0226873665 0.0175756761 0.0141506469 0.012349901 0.01872077 0.0127416142 0.0117921611 0.0244785998 0.0144081526 0.0056790376 0.0159230503 0.0212627163 0.0202724124 0.0208775682 0.013562445 0.0103201133 0.0257213301 0.0123740814 0.0192578072 0.0219738685 0.0160824097 0.0151221393 0.0202567635 0.0138402654 0.0125744773 0.0179266129 0.0110469954 0.0199506683 0.0186187505 0.0087708925 0.0073288702 0.0120368731 
23 0.0194341425 0.0254729998 0.018706068 0.0265960667 0.0133176362 0.0205686129 0.0114309265 0.0178550262 0.0159362068 0.0134833158 0.0207275347 0.0210616816 0.0110491428 0.0199829317 0.0070354418 0.005849528 0.0104347835 0.0161380334 0.0168265955 0.012570403 0.0152382111 0.0086523958 0.0074728138 0.0144347031 0.0231530829 0.0182230458 0.0127492349 0.0194065932 0.0117974528 0.0086247539 0.0195238581 0.0162445665 0.0186435464 0.0131262479 0.0151400053 0.0287516114 0.0178659971 0.0171167508 0.0266341622 0.0128157319 0.014711388 0.0143667023 0.0143071081 0.0144996075 0.0165049207 0.0085038224 0.0107822373 0.0196548756 0.0078851743 0.0145400091 0.0135275197 0.0192053115 0.0114909481 0.0145029099 0.0093714905 0.0206201374 0.0073795485 0.0147545555 0.0133864063 0.0161963028 0.0234886406 0.0141418444 0.0125397609 0.0235469359 
24 0.0083592587 0.0165827737 0.0059950433 0.0177711393 0.0226864002 0.0055663365 0.0138876699 0.0168625421 0.0149118885 0.0156809806 0.0189034344 0.0188105774 0.0233933074 0.0155925965 0.0222667981 0.0104268954 0.0129078077 0.009586301 0.0196093238 0.015671723 0.015673142 0.0134567803 0.0144347031 0.0158792899 0.0115585219 0.0185439169 0.0147109806 0.016667687 0.0166976879 0.0133549928 0.019413481 0.0237572051 0.0273497555 0.0248732223 0.0131875249 0.0094070438 0.0188810577 0.0161013079 0.0130211682 0.0259345668 0.0125959282 0.0112469864 0.0118655787 0.0139687576 0.0112524326 0.0114882735 0.0222230713 0.0131196876 0.0092800235 0.0214070041 0.0230482763 0.0201919546 0.022667844 0.0114168882 0.0196050578 0.0063861726 0.0118364841 0.0168523932 0.0118670897 0.009615303 0.0244144214 0.0072526069 0.0137966833 0.0142242487 
25 0.0125922574 0.0077369094 0.0243139002 0.0174488262 0.0220071846 0.0045636338 0.0137268998 0.0216614137 0.01586066 0.0089190413 0.0154469746 0.006253896 0.0195714385 0.0127615098 0.0210730308 0.015646668 0.0080734086 0.0147595867 0.0064180957 0.0167289269 0.0213717053 0.0016358362 0.0231530829 0.0115585219 0.0077071966 0.0214454148 0.0111753892 0.0262012309 0.0159801268 0.0142998993 0.0097298396 0.016624144 0.0067283359 0.0084929458 0.0119620306 0.0192371517 0.0104229381 0.0136104629 0.0254821043 0.0228435088 0.0157989586 0.0218741953 0.0204164748 0.0194917026 0.0219261638 0.025118191 0.023102655 0.0205913726 0.0105372231 0.0111134755 0.0202224485 0.0132230333 0.0092180783 0.0018918624 0.0188063013 0.0192146618 0.0282592144 0.011862713 0.02278476 0.0126377775 0.0196202185 0.0166861787 0.0118479917 0.018528221 
26 0.0168170132 0.0055480149 0.0183523885 0.0175967787 0.0059267107 0.0191171572 0.0047393208 0.0185215607 0.0078944195 0.0131616423 0.0194846693 0.027448302 0.0111575093 0.0232666548 0.0124310588 0.0147411089 0.0069150593 0.0169088712 0.0240818833 0.0134779646 0.0072282334 0.0192327241 0.0182230458 0.0185439169 0.0214454148 0.0351678941 0.0061114237 0.0106732213 0.019564173 0.0156519876 0.0119642057 0.0102412436 0.0135408348 0.0182254842 0.0239410263 0.0072237749 0.0228973827 0.0092300514 0.0257970206 0.0109220835 0.0196280061 0.0142293305 0.0065512331 0.0101987487 0.0152705788 0.0175118613 0.0156795429 0.0237663194 0.017220718 0.0069273269 0.0273413482 0.0136120643 0.0192244959 0.0103225279 0.0158922078 0.0074570007 0.0213603168 0.0183333452 0.0157756996 0.0097973016 0.0140068791 0.0059260462 0.0263995312 0.0241543395 
27 0.0120566242 0.0099309655 0.0186635614 0.0138860564 0.0043275912 0.0206112648 0.0195654108 0.0210691684 0.0070416087 0.0130680516 0.0165124234 0.0130872053 0.0064054319 0.0197148238 0.0160352111 0.017947623 0.017141225 0.0175541432 0.0156110613 0.0203458957 0.0184071319 0.0120526925 0.0127492349 0.0147109806 0.0111753892 0.0061114237 0.0101876733 0.0138924979 0.0275667282 0.0168117982 0.0188411412 0.0196047454 0.0182988607 0.015855498 0.0205205635 0.0126374879 0.0168536716 0.0153271721 0.0277663796 0.0160609328 0.0010789878 0.0097839785 0.0125701516 0.0121188018 0.021931903 0.0222613874 0.0129242919 0.0164424877 0.0174077704 0.021337993 0.0205438887 0.0238190198 0.0200586981 0.0251031029 0.0071249181 0.0135602051 0.0207331804 0.0171003694 0.0162374377 0.0168389924 0.0121311219 0.0166528561 0.0097946879 0.0064364184 
28 0.0108477063 0.0155959458 0.0011145742 0.0108652342 0.0125021221 0.0126999271 0.0039430539 0.0139055629 0.0154664959 0.0095770982 0.0182655278 0.0193049191 0.012834025 0.0201704215 0.0208363791 0.0115854496 0.0181020007 0.0215535219 0.0125862488 0.0241907028 0.0183971854 0.0219668801 0.0194065932 0.016667687 0.0262012309 0.0106732213 0.0138924979 0.0082575211 0.0241818056 0.0126604683 0.011804854 0.0128432331 0.0243276735 0.0137610323 0.0188640542 0.0113851514 0.0047505142 0.0108174333 0.0300463918 0.0133334911 0.0215305572 0.0054788227 0.0206403501 0.0240187647 0.0253449531 0.0202952376 0.0268033321 0.0113259987 0.0195105332 0.0336266942 0.0078721636 0.0153113933 0.0104185472 0.0167517707 0.0057643785 0.0137047816 0.0121991618 0.0170044008 0.0078284833 0.0189394559 0.012922205 0.0162115231 0.0091775941 0.0171330611 
29 0.0208099343 0.0170837149 0.0144490553 0.0039008317 0.0341243275 0.0135098481 0.0087598428 0.0152110871 0.0163793729 0.0149328572 0.0148503002 0.0109085636 0.021620041 0.0164581704 0.013185176 0.0127667682 0.0205162062 0.0172968869 0.0195889337 0.0093315076 0.0195419733 0.0051716858 0.0117974528 0.0166976879 0.0159801268 0.019564173 0.0275667282 0.0241818056 0.0219436734 0.0202370009 0.0133500585 0.0090274503 0.015583924 0.0125617831 0.0138661738 0.0113475844 0.0086718533 0.0108348675 0.0162824584 0.0128361312 0.0042470351 0.0233774206 0.0043366541 0.0187677808 0.0121892883 0.0200019843 0.0098981023 0.01083294 0.0059875449 0.021632304 0.0135019276 0.0256936463 0.0184067452 0.0103797579 0.0133276704 0.0258132637 0.0023234566 0.0319856207 0.0148349074 0.015662484 0.0125864121 0.0292031352 0.015316388 0.0169655127 
30 0.0224993884 0.0227500877 0.0255995246 0.0195483506 0.0079342537 0.016414647 0.0222575315 0.0046021155 0.0100784453 0.0236433505 0.0028687015 0.0193771874 0.0082163497 0.0185013249 0.0209436524 0.0091092269 0.0126125665 0.0063897837 0.0129156961 0.0194114703 0.0129980614 0.0179521373 0.0086247539 0.0133549928 0.0142998993 0.0156519876 0.0168117982 0.0126604683 0.0202370009 0.0118564528 0.0112831002 0.0233962914 0.0090221328 0.017873678 0.013792331 0.0183296591 0.0124603428 0.026197183 0.014930138 0.0123108782 0.0218823846 0.0155297788 0.006327422 0.0228924355 0.0237881925 0.0223008066 0.0210942646 0.0210521632 0.0173310497 0.0210236307 0.0091394108 0.0167128105 0.0110635057 0.0173863769 0.0192686907 0.0191567268 0.0126226231 0.018709369 0.0145327382 0.0107205393 0.0111976621 0.0201824734 0.0127650322 0.0036029718 
31 0.019301518 0.019175106 0.0184634369 0.0154514042 0.0139456403 0.0130447177 0.0140474831 0.0127512366 0.0188194701 0.0252452947 0.0110291143 0.0159955672 0.0177708425 0.0068711572 0.0146900923 0.0066092643 0.0167721012 0.0151590066 0.0174205908 0.0190940771 0.0075694499 0.0286131471 0.0195238581 0.019413481 0.0097298396 0.0119642057 0.0188411412 0.011804854 0.0133500585 0.0112831002 0.0141373015 0.0307997482 0.0135036722 0.0128883498 0.0195762433 0.0081962273 0.0105976479 0.0201978172 0.016766351 0.0075027858 0.015326317 0.0150185613 0.0134637291 0.0112127548 0.0152903257 0.0058922772 0.0256885539 0.0286723103 0.010776664 0.0124111112 0.0207556674 0.0167900384 0.0029235963 0.0065208744 0.0151341086 0.0126803576 0.0167687391 0.0078381686 0.0132533951 0.0198472644 0.0155568941 0.0176235727 0.0354313906 0.0272069278 
32 0.0144434742 0.0132929518 0.0150479707 0.0156748418 0.012958714 0.0167134532 0.0096026352 0.0189858383 0.0045897113 0.0165150981 0.0143245499 0.0124861448 0.0144762189 0.0162080263 0.0077727141 0.012349738 0.0069678589 0.0112763011 0.007886226 0.0015322981 0.008568003 0.0185618765 0.0162445665 0.0237572051 0.016624144 0.0102412436 0.0196047454 0.0128432331 0.0090274503 0.0233962914 0.0307997482 0.0238162705 0.0137124123 0.0177944275 0.0261912449 0.0192360173 0.0118972303 0.0143331803 0.0269164242 0.0067079261 0.021070288 0.0253914583 0.0108266097 0.0202701197 0.011186011 0.0206231381 0.0190200782 0.0219521036 0.016600508 0.0057782821 0.0249310357 0.0142690163 0.0049253369 0.013455439 0.016572356 0.019958197 0.017182555 0.0161331764 0.0259018261 0.0189060955 0.0166275566 0.0137428932 0.0152866537 0.0160108606 
33 0.0161323975 0.0115226057 0.030139512 0.0290580267 0.009780286 0.0154924644 0.0121154663 0.0083582358 0.0193155746 0.0192249788 0.0155927345 0.0149009455 0.0095681955 0.0122404492 0.0127827961 0.01694909 0.014748863 0.0063831887 0.0111847212 0.0090144649 0.0088952139 0.0226873665 0.0186435464 0.0273497555 0.0067283359 0.0135408348 0.0182988607 0.0243276735 0.015583924 0.0090221328 0.0135036722 0.0137124123 0.0124717321 0.0122385406 0.0214342027 0.0166546327 0.0171127674 0.0086610721 0.0179379519 0.0145700252 0.0070554271 0.0145683772 0.0174023219 0.0147265264 0.0119664452 0.0195387726 0.0146199382 0.0129267743 0.013220011 0.0160241011 0.0068919991 0.0219736191 0.0179280795 0.0137119594 0.0246037455 0.012717882 0.0222862114 0.0242237836 0.0121725229 0.0215685562 0.011199251 0.0218886598 0.0189975564 0.0199078298 
34 0.0145770106 0.0178421381 0.0180035572 0.0131664756 0.0229626656 0.0144845305 0.01829112 0.0129517132 0.010521566 0.0153620177 0.0225176853 0.0119963649 0.029688248 0.0137837892 0.0099007562 0.0257946355 0.0195282395 0.019026025 0.018214439 0.0143363472 0.0247209833 0.0175756761 0.0131262479 0.0248732223 0.0084929458 0.0182254842 0.015855498 0.0137610323 0.0125617831 0.017873678 0.0128883498 0.0177944275 0.0122385406 0.0116924115 0.0209216757 0.0175828772 0.0123730966 0.0205529536 0.0093444944 0.0138535394 0.0128119104 0.0143588959 0.0120198791 0.0081367002 0.0196983177 0.0066146086 0.0201243559 0.0099263791 0.0087063925 0.0121557518 0.0088466748 0.0215156672 0.0111218865 0.016355392 0.018940573 0.0183071558 0.0103148209 0.015880504 0.0117861952 0.0138264638 0.0125945837 0.0090442824 0.0180785359 0.029575832 
35 0.010220057 0.0216202074 0.0062150103 0.0163655228 0.0147776814 0.0120830262 0.0238768877 0.0067441019 0.0140422896 0.0229028688 0.0114885622 0.0356725402 0.0078060474 0.0299323573 0.0167734618 0.0153473288 0.0160069242 0.0237569176 0.0075552303 0.0088981131 0.0161641127 0.0141506469 0.0151400053 0.0131875249 0.0119620306 0.0239410263 0.0205205635 0.0188640542 0.0138661738 0.013792331 0.0195762433 0.0261912449 0.0214342027 0.0209216757 0.0152417476 0.0149887933 0.0128721445 0.0082550735 0.0151014121 0.0114705847 0.0109699962 0.0158941519 0.0145922335 0.0292278519 0.0062383758 0.0216435316 0.0205456754 0.0087287899 0.0082151709 0.0172260721 0.0252953223 0.0196760358 0.0154408199 0.018776208 0.0089651372 0.0124320881 0.0093586872 0.0191989354 0.010607094 0.0117365399 0.0086460951 0.013325847 0.0200850113 0.0034476019 
36 0.0169386431 0.0231364236 0.0185427616 0.0147694322 0.0164761325 0.0134500215 0.0162061989 0.0036501233 0.0198429343 0.0140644428 0.0222238475 0.0114341591 0.0136965618 0.0099726491 0.0230952805 0.0076575736 0.0053432784 0.0179641778 0.0266889049 0.0175123793 0.0166277322 0.012349901 0.0287516114 0.0094070438 0.0192371517 0.0072237749 0.0126374879 0.0113851514 0.0113475844 0.0183296591 0.0081962273 0.0192360173 0.0166546327 0.0175828772 0.0149887933 0.0159875818 0.0120365341 0.0264251552 0.0177135497 0.0139855326 0.0062093297 0.017804853 0.0136988022 0.0094671589 0.0141352354 0.0149355286 0.0131468766 0.0264033886 0.020253391 0.0128273816 0.0139374273 0.0141452801 0.0243525366 0.0120336807 0.0210057236 0.0178267425 0.0161947636 0.018589142 0.0172999146 0.0116368512 0.017014651 0.0159805546 0.020450594 0.0078802679 
37 0.0122454354 0.0102658816 0.0120126578 0.019716188 0.0179655477 0.0158523711 0.0143717485 0.0127409498 0.012555129 0.0141310315 0.0089290219 0.0149982416 0.0245945915 0.0107803971 0.0282661772 0.0146545628 0.0225270431 0.0122802257 0.0150350164 0.0206509253 0.0196419489 0.01872077 0.0178659971 0.0188810577 0.0104229381 0.0228973827 0.0168536716 0.0047505142 0.0086718533 0.0124603428 0.0105976479 0.0118972303 0.0171127674 0.0123730966 0.0128721445 0.0120365341 0.0216441343 0.013565893 0.0058226218 0.0222247849 0.0139728897 0.0088189447 0.0133975848 0.0280197754 0.0140785422 0.0180936717 0.0250643905 0.0135557722 0.0152950447 0.0059534173 0.0226244371 0.0066484459 0.0211450588 0.0131874958 0.0097800625 0.0235431779 0.0196936131 0.019906005 0.0172816718 0.0116530969 0.0151668726 0.0091885256 0.0227387135 0.0253063161 
38 0.0198724499 0.0159242912 0.0337807784 0.0175967772 0.0245978803 0.0138809762 0.0172063733 0.0147415584 0.0071222884 0.0253841016 0.0097566365 0.0151793497 0.0250543283 0.0197368793 0.0140284336 0.0161804123 0.0118273028 0.0106545201 0.0151789857 0.0110123695 0.0188476194 0.0127416142 0.0171167508 0.0161013079 0.0136104629 0.0092300514 0.0153271721 0.0108174333 0.0108348675 0.026197183 0.0201978172 0.0143331803 0.0086610721 0.0205529536 0.0082550735 0.0264251552 0.013565893 0.0239585594 0.0107423998 0.0140596609 0.0144325113 0.0328186354 0.0189701612 0.0126590564 0.0098474411 0.0148980484 0.0121336107 0.0098442259 0.0176567734 0.0059848004 0.0171840767 0.0221144964 0.0068176586 0.0155254204 0.0135466769 0.0218978762 0.0124487871 0.0066420179 0.0149526787 0.0097538026 0.0172523659 0.0101322264 0.0228401173 0.0093536148 
39 0.0144600767 0.0149648651 0.0139518928 0.0081397642 0.0159901096 0.0123726931 0.0080001319 0.0123076151 0.0124822903 0.0138760881 0.0178378655 0.0206618531 0.0094694957 0.0095047035 0.0107606237 0.0212364356 0.0053311404 0.0116019631 0.0208562395 0.0106798234 0.0153002143 0.0117921611 0.0266341622 0.0130211682 0.0254821043 0.0257970206 0.0277663796 0.0300463918 0.0162824584 0.014930138 0.016766351 0.0269164242 0.0179379519 0.0093444944 0.0151014121 0.0177135497 0.0058226218 0.0107423998 0.0124888397 0.0163999777 0.0257466626 0.0137155077 0.0185200983 0.0165003261 0.0131561792 0.0135515495 0.0149193871 0.0121751598 0.02229641 0.0123919725 0.0137440383 0.0051780933 0.0221332351 0.0193880562 0.0083259744 0.0062902045 0.0216807388 0.0296168235 0.0107512918 0.0115379535 0.0141186546 0.0152019655 0.0184170408 0.0198707857 
40 0.0146101605 0.0193418592 0.0218631195 0.0103134837 0.0139522526 0.0136248914 0.0227901592 0.0116784382 0.0203939163 0.0178213588 0.0111538083 0.0090472304 0.0209027701 0.0120239216 0.0065849586 0.0148973123 0.0118851616 0.0141197276 0.021760415 0.0229781714 0.0182564553 0.0244785998 0.0128157319 0.0259345668 0.0228435088 0.0109220835 0.0160609328 0.0133334911 0.0128361312 0.0123108782 0.0075027858 0.0067079261 0.0145700252 0.0138535394 0.0114705847 0.0139855326 0.0222247849 0.0140596609 0.0163999777 0.034190909 0.006095365 0.0073330205 0.0188003051 0.0063499222 0.0122855098 0.0189353629 0.0114802187 0.0162456422 0.0128584309 0.0189208869 0.0290875748 0.018332946 0.0264838035 0.0203411823 0.0176292592 0.0106636693 0.0050041351 0.0200409225 0.0080466541 0.0177079606 0.0210389737 0.0089620233 0.00428181 0.0265731993 
41 0.0141485921 0.0176683267 0.014585546 0.0204401489 0.0258329945 0.0161233952 0.0037199392 0.0213609978 0.0190510606 0.012034341 0.0205106319 0.0103230425 0.0101687292 0.0124720621 0.0180004683 0.0132700097 0.0133703914 0.0188191749 0.0057894629 0.0116544398 0.0328752811 0.0144081526 0.014711388 0.0125959282 0.0157989586 0.0196280061 0.0010789878 0.0215305572 0.0042470351 0.0218823846 0.015326317 0.021070288 0.0070554271 0.0128119104 0.0109699962 0.0062093297 0.0139728897 0.0144325113 0.0257466626 0.006095365 0.0162967928 0.0180557097 0.0149303984 0.0159542606 0.0155135005 0.0309928571 0.0217637635 0.0176594041 0.0212777015 0.0188577895 0.0087945585 0.0124412109 0.0134411567 0.0199104162 0.0216716101 0.0179751546 0.0145512788 0.0270591164 0.0184434784 0.0172864386 0.0170102507 0.0117943309 0.0033342334 0.0131934572 
42 0.02090621 0.0149631953 0.0256581881 0.0154814136 0.0090915687 0.0136009021 0.0157794315 0.0118960449 0.0133881549 0.0122240965 0.0352952988 0.0221213425 0.0307795753 0.0092451732 0.0130274026 0.0207533568 0.0260238726 0.0237394664 0.0074165014 0.0036091817 0.0167238738 0.0056790376 0.0143667023 0.0112469864 0.0218741953 0.0142293305 0.0097839785 0.0054788227 0.0233774206 0.0155297788 0.0150185613 0.0253914583 0.0145683772 0.0143588959 0.0158941519 0.017804853 0.0088189447 0.0328186354 0.0137155077 0.0073330205 0.0180557097 0.014808017 0.0113518316 0.0073945075 0.0100440334 0.0176453499 0.0120626486 0.0165988754 0.014553237 0.0094985155 0.0164583193 0.0171138257 0.007694662 0.0246598272 0.0250226884 0.0141478414 0.0108385102 0.0069567231 0.021079677 0.0134759116 0.0074823826 0.016501222 0.0286268398 0.008915935 
43 0.0158119719 0.0177145785 0.0167204083 0.0113634532 0.0045100985 0.0025863093 0.0288593707 0.020264326 0.012012978 0.0163838425 0.0115682678 0.017045319 0.0105143105 0.0183883561 0.0162836898 0.0225419069 0.0318866361 0.0194976018 0.026880325 0.0201565943 0.018019887 0.0159230503 0.0143071081 0.0118655787 0.0204164748 0.0065512331 0.0125701516 0.0206403501 0.0043366541 0.006327422 0.0134637291 0.0108266097 0.0174023219 0.0120198791 0.0145922335 0.0136988022 0.0133975848 0.0189701612 0.0185200983 0.0188003051 0.0149303984 0.0113518316 0.0238720415 0.0086747937 0.0166505181 0.0073847392 0.0258613948 0.0233115626 0.0158163036 0.0326999821 0.0079402481 0.0173466825 0.0164442936 0.013083509 0.0129829148 0.021670087 0.0118647605 0.0192485082 0.0090322083 0.0171869421 0.0078294048 0.013150012 0.0084330512 0.0195938335 
44 0.0153964085 0.004024606 0.0170791608 0.0255971065 0.0172049539 0.007851241 0.0138340773 0.0215132748 0.0258208163 0.0058650551 0.0096697902 0.0238268626 0.0104912914 0.0094859205 0.0074805342 0.0194675456 0.0164708487 0.0090563283 0.0084026511 0.0168741287 0.0287649428 0.0212627163 0.0144996075 0.0139687576 0.0194917026 0.0101987487 0.0121188018 0.0240187647 0.0187677808 0.0228924355 0.0112127548 0.0202701197 0.0147265264 0.0081367002 0.0292278519 0.0094671589 0.0280197754 0.0126590564 0.0165003261 0.0063499222 0.0159542606 0.0073945075 0.0086747937 0.004504477 0.0111105348 0.0128904951 0.0155328759 0.0183751105 0.0264483088 0.0160994987 0.0225101733 0.014848181 0.0167457157 0.0044820887 0.0216763925 0.0234040144 0.0130217469 0.0102098905 0.011497556 0.0100818888 0.01546227 0.016418502 0.0345259952 0.0201636709 
45 0.0083592823 0.0194453405 0.0153481788 0.0159382994 0.0300876482 0.0172298111 0.0125303781 0.01104268 0.007435435 0.0309332341 0.015410379 0.0257588504 0.0170469193 0.0146029189 0.0193850499 0.0120094776 0.0082819184 0.0141792593 0.0251334025 0.0154355989 0.0193851351 0.0202724124 0.0165049207 0.0112524326 0.0219261638 0.0152705788 0.021931903 0.0253449531 0.0121892883 0.0237881925 0.0152903257 0.011186011 0.0119664452 0.0196983177 0.0062383758 0.0141352354 0.0140785422 0.0098474411 0.0131561792 0.0122855098 0.0155135005 0.0100440334 0.0166505181 0.0111105348 0.0117036142 0.0026525989 0.0117519598 0.0264499749 0.0106227286 0.0123063619 0.0118091399 0.0194705164 0.0154576192 0.0160022548 0.0218164405 0.0191952054 0.0162748655 0.0079047211 0.0196443589 0.0100242932 0.0161306995 0.0333637296 0.0096218164 0.0031360892 
46 0.0191456788 0.0205473094 0.0181281587 0.0162129015 0.0129048155 0.0043446464 0.0155797967 0.0269693798 0.007380545 0.0117858254 0.0110197438 0.0200957252 0.0101904115 0.0094968898 0.013865548 0.0143890382 0.011926685 0.0150423038 0.0100535708 0.0073670451 0.0204843044 0.0208775682 0.0085038224 0.0114882735 0.025118191 0.0175118613 0.0222613874 0.0202952376 0.0200019843 0.0223008066 0.0058922772 0.0206231381 0.0195387726 0.0066146086 0.0216435316 0.0149355286 0.0180936717 0.0148980484 0.0135515495 0.0189353629 0.0309928571 0.0176453499 0.0073847392 0.0128904951 0.0026525989 0.0087324444 0.0133738527 0.0147472979 0.0022703426 0.0110814311 0.0168818264 0.0062397827 0.0161699605 0.0217230106 0.0175858401 0.0241747267 0.0249958696 0.01304922 0.0361514238 0.0218930949 0.0168013456 0.0166583688 0.0124721479 0.0134160293 
47 0.0155979798 0.0173557114 0.0166384965 0.0038126223 0.0121159664 0.0089376009 0.0134857622 0.0073300916 0.0071353747 0.0162663747 0.0084702654 0.0199587159 0.0090992951 0.0244836878 0.0256959899 0.0193975811 0.0180961121 0.0180559304 0.0151297074 0.0150576182 0.0174614668 0.013562445 0.0107822373 0.0222230713 0.023102655 0.0156795429 0.0129242919 0.0268033321 0.0098981023 0.0210942646 0.0256885539 0.0190200782 0.0146199382 0.0201243559 0.0205456754 0.0131468766 0.0250643905 0.0121336107 0.0149193871 0.0114802187 0.0217637635 0.0120626486 0.0258613948 0.0155328759 0.0117519598 0.0133738527 0.0139522393 0.0110074886 0.022374553 0.0077187229 0.0180243322 0.0099023088 0.0135696167 0.0095397524 0.0173927113 0.0177228044 0.0128088759 0.0137866838 0.0019622137 0.0228326826 0.0243987363 0.0084850732 0.0181484157 0.0136309159 
48 0.0089923263 0.0159315906 0.0188894695 0.0180820221 0.0135142617 0.0201520022 0.0122909969 0.0170970372 0.0154240516 0.0181811661 0.0150849851 0.0143137928 0.0291824332 0.0137196356 0.0147655461 0.023292041 0.0134056359 0.0070520722 0.0141789482 0.0142357994 0.012445483 0.0103201133 0.0196548756 0.0131196876 0.0205913726 0.0237663194 0.0164424877 0.0113259987 0.01083294 0.0210521632 0.0286723103 0.0219521036 0.0129267743 0.0099263791 0.0087287899 0.0264033886 0.0135557722 0.0098442259 0.0121751598 0.0162456422 0.0176594041 0.0165988754 0.0233115626 0.0183751105 0.0264499749 0.0147472979 0.0110074886 0.0238357029 0.0156830153 0.0140836098 0.0094941109 0.0128916733 0.0192236675 0.022630036 0.0122794318 0.0074494875 0.0123331849 0.0165670993 0.0087253232 0.0165637084 0.0081215563 0.0073667527 0.0102353871 0.0165987386 
