25
1 0.0 0.0382341762 0.0067443198 0.0092451217 0.021894057 0.0650964191 0.0787823172 0.0425254317 0.0460805509 0.0228517622 0.024577536 0.0711142438 0.0490038383 0.0168931485 0.0532870274 0.0184730463 0.0543766362 0.0507117324 0.0463998429 0.0243388776 0.0731690129 0.0504976345 0.0632692878 0.0231846949 0.0492492849
2 0.0382341762 0.0 0.0300470731 0.0677070005 0.0402852312 0.0376337396 0.0621265003 0.039834499 0.0390818827 0.0428522555 0.0384002636 0.0359193232 0.0539264524 0.0350290587 0.0624649263 0.0162092696 0.0392907162 0.0570070781 0.0270302496 0.0503357596 0.0414056855 0.0340045469 0.0256125011 0.0331984608 0.0523633504
3 0.0067443198 0.0300470731 0.0 0.0323224884 0.0347329281 0.0537846771 0.0354344195 0.0401586467 0.0533675963 0.0551854426 0.0625413954 0.0285844578 0.046957746 0.0634879303 0.0381585358 0.0380919954 0.040690181 0.0429292646 0.0416457256 0.0347209643 0.0659919245 0.0521169806 0.0157862526 0.0326461478 0.0538729068
4 0.0092451217 0.0677070005 0.0323224884 0.0 0.0415014332 0.0495971057 0.021831233 0.0666001204 0.0617384087 0.0588378737 0.041630226 0.0258213213 0.0605414906 0.0207939141 0.0403381184 0.0478082338 0.0377800059 0.0247408754 0.0427546345 0.015836062 0.0477897512 0.0314522923 0.0601125752 0.0518036931 0.0414160212
5 0.021894057 0.0402852312 0.0347329281 0.0415014332 0.0 0.0363664804 0.0581665908 0.0621168711 0.0275644018 0.0232937933 0.0522965796 0.0546229489 0.0523339539 0.0700717906 0.0343951572 0.0443869268 0.0174397504 0.0644249313 0.0253043365 0.0376768321 0.0230613002 0.0552023565 0.0399049804 0.0215261391 0.0614302296
6 0.0650964191 0.0376337396 0.0537846771 0.0495971057 0.0363664804 0.0 0.0157945717 0.0276784454 0.0266688268 0.0412306511 0.0402442018 0.0346217266 0.0483068918 0.0635278829 0.0650082081 0.0500010492 0.0076732772 0.0325640425 0.0483769243 0.0578757543 0.0426469276 0.0638533826 0.0146206824 0.0344273045 0.0424008273
7 0.0787823172 0.0621265003 0.0354344195 0.021831233 0.0581665908 0.0157945717 0.0 0.0174948772 0.0510305323 0.0465607449 0.0280284371 0.0506562557 0.0424967706 0.0259771132 0.0356979309 0.0352027307 0.05224816 0.0468693805 0.0539955121 0.0780423368 0.0105755217 0.027243347 0.0403139841 0.0541248363 0.0313058964
8 0.0425254317 0.039834499 0.0401586467 0.0666001204 0.0621168711 0.0276784454 0.0174948772 0.0 0.032222693 0.0264343053 0.0608628375 0.0073590223 0.0288793903 0.0453175318 0.0424715819 0.0490840129 0.0257756628 0.0113927786 0.0664498861 0.0252782963 0.0599387297 0.0387939003 0.060480806 0.0552995701 0.0675501034
9 0.0460805509 0.0390818827 0.0533675963 0.0617384087 0.0275644018 0.0266688268 0.0510305323 0.032222693 0.0 0.0391957876 0.0416738549 0.0614990804 0.0548201749 0.036722577 0.046121683 0.0514239157 0.048392533 0.041347591 0.0385765859 0.0402991815 0.0571666183 0.0415628055 0.0268446482 0.0096587622 0.0269393083
10 0.0228517622 0.0428522555 0.0551854426 0.0588378737 0.0232937933 0.0412306511 0.0465607449 0.0264343053 0.0391957876 0.0 0.0479420879 0.0466231845 0.0539637542 0.0328595961 0.0443193465 0.0288150244 0.0385127793 0.0345018467 0.038517305 0.0596396607 0.0438181354 0.0115904072 0.0621151063 0.0566458662 0.0436932834
11 0.024577536 0.0384002636 0.0625413954 0.041630226 0.0522965796 0.0402442018 0.0280284371 0.0608628375 0.0416738549 0.0479420879 0.0 0.0351085983 0.0112421061 0.0732760669 0.0536855037 0.030722509 0.0507554575 0.0397989781 0.0180374454 0.0393701426 0.0512111435 0.0641052634 0.0510789437 0.0174062154 0.0260042064
12 0.0711142438 0.0359193232 0.0285844578 0.0258213213 0.0546229489 0.0346217266 0.0506562557 0.0073590223 0.0614990804 0.0466231845 0.0351085983 0.0 0.0226740422 0.0587396186 0.0446440255 0.0406038951 0.0681480318 0.0632398415 0.0617703913 0.0314351042 0.0153871269 0.0587526098 0.0129252922 0.0241274307 0.0456224275
13 0.0490038383 0.0539264524 0.046957746 0.0605414906 0.0523339539 0.0483068918 0.0424967706 0.0288793903 0.0548201749 0.0539637542 0.0112421061 0.0226740422 0.0 0.0473416732 0.0182785234 0.0634493745 0.0612311242 0.0290786198 0.0348679594 0.0415394605 0.018820364 0.0447043685 0.0278585786 0.0480975154 0.0395858272
14 0.0168931485 0.0350290587 0.0634879303 0.0207939141 0.0700717906 0.0635278829 0.0259771132 0.0453175318 0.036722577 0.0328595961 0.0732760669 0.0587396186 0.0473416732 0.0 0.0267121436 0.0396103896 0.0066738579 0.0244923192 0.0596269481 0.0187207439 0.0555003365 0.0347626413 0.0576020762 0.0689015328 0.017359109
15 0.0532870274 0.0624649263 0.0381585358 0.0403381184 0.0343951572 0.0650082081 0.0356979309 0.0424715819 0.046121683 0.0443193465 0.0536855037 0.0446440255 0.0182785234 0.0267121436 0.0 0.0331626624 0.0200116823 0.0757378691 0.0552523962 0.0552112371 0.0158293008 0.0489811784 0.0348660839 0.032506861 0.0228580173
16 0.0184730463 0.0162092696 0.0380919954 0.0478082338 0.0443869268 0.0500010492 0.0352027307 0.0490840129 0.0514239157 0.0288150244 0.030722509 0.0406038951 0.0634493745 0.0396103896 0.0331626624 0.0 0.044511519 0.0583512125 0.0488296927 0.0365825264 0.0660171303 0.0452154493 0.035065083 0.0306785662 0.0477037853
17 0.0543766362 0.0392907162 0.040690181 0.0377800059 0.0174397504 0.0076732772 0.05224816 0.0257756628 0.048392533 0.0385127793 0.0507554575 0.0681480318 0.0612311242 0.0066738579 0.0200116823 0.044511519 0.0 0.0286717411 0.0381909599 0.0687104621 0.0484468699 0.0500354213 0.01950039 0.0778588415 0.0550739396
18 0.0507117324 0.0570070781 0.0429292646 0.0247408754 0.0644249313 0.0325640425 0.0468693805 0.0113927786 0.041347591 0.0345018467 0.0397989781 0.0632398415 0.0290786198 0.0244923192 0.0757378691 0.0583512125 0.0286717411 0.0 0.0164096762 0.0339484502 0.0561205981 0.0412020015 0.0277977282 0.0427412597 0.0559201836
19 0.0463998429 0.0270302496 0.0416457256 0.0427546345 0.0253043365 0.0483769243 0.0539955121 0.0664498861 0.0385765859 0.038517305 0.0180374454 0.0617703913 0.0348679594 0.0596269481 0.0552523962 0.0488296927 0.0381909599 0.0164096762 0.0 0.0321564325 0.0357466176 0.0302543428 0.0569793575 0.0521421133 0.0306846646
20 0.0243388776 0.0503357596 0.0347209643 0.015836062 0.0376768321 0.0578757543 0.0780423368 0.0252782963 0.0402991815 0.0596396607 0.0393701426 0.0314351042 0.0415394605 0.0187207439 0.0552112371 0.0365825264 0.0687104621 0.0339484502 0.0321564325 0.0 0.0266494248 0.0390703672 0.0725804709 0.0370123995 0.0429690529
21 0.0731690129 0.0414056855 0.0659919245 0.0477897512 0.0230613002 0.0426469276 0.0105755217 0.0599387297 0.0571666183 0.0438181354 0.0512111435 0.0153871269 0.018820364 0.0555003365 0.0158293008 0.0660171303 0.0484468699 0.0561205981 0.0357466176 0.0266494248 0.0 0.0354489056 0.0342366875 0.0331868705 0.0418350172
22 0.0504976345 0.0340045469 0.0521169806 0.0314522923 0.0552023565 0.0638533826 0.027243347 0.0387939003 0.0415628055 0.0115904072 0.0641052634 0.0587526098 0.0447043685 0.0347626413 0.0489811784 0.0452154493 0.0500354213 0.0412020015 0.0302543428 0.0390703672 0.0354489056 0.0 0.0427959264 0.0465736501 0.0117802207
23 0.0632692878 0.0256125011 0.0157862526 0.0601125752 0.0399049804 0.0146206824 0.0403139841 0.060480806 0.0268446482 0.0621151063 0.0510789437 0.0129252922 0.0278585786 0.0576020762 0.0348660839 0.035065083 0.01950039 0.0277977282 0.0569793575 0.0725804709 0.0342366875 0.0427959264 0.0 0.0707607449 0.0468918129
24 0.0231846949 0.0331984608 0.0326461478 0.0518036931 0.0215261391 0.0344273045 0.0541248363 0.0552995701 0.0096587622 0.0566458662 0.0174062154 0.0241274307 0.0480975154 0.0689015328 0.032506861 0.0306785662 0.0778588415 0.0427412597 0.0521421133 0.0370123995 0.0331868705 0.0465736501 0.0707607449 0.0 0.0454905241
25 0.0492492849 0.0523633504 0.0538729068 0.0414160212 0.0614302296 0.0424008273 0.0313058964 0.0675501034 0.0269393083 0.0436932834 0.0260042064 0.0456224275 0.0395858272 0.017359109 0.0228580173 0.0477037853 0.0550739396 0.0559201836 0.0306846646 0.0429690529 0.0418350172 0.0117802207 0.0468918129 0.0454905241 0.0
