45
1 0.0 0.0194840086 0.0236005635 0.0106076215 0.0289164286 0.0301943984 0.0102575551 0.0096355336 0.0220097947 0.0155796285 0.0248248587 0.0375005408 0.0377993848 0.0308490477 0.0222737719 0.028274312 0.0313888991 0.0187009545 0.0156849536 0.0246155653 0.0129456997 0.0181283811 0.0239322818 0.0164286874 0.0135045315 0.0364172024 0.0165004161 0.0434475894 0.034519573 0.0366539267 0.0161904044 0.0117734266 0.0124795228 0.0181760926 0.0105123571 0.0302026153 0.0204502438 0.0121499974 0.0355661275 0.028087793 0.0147414749 0.0317003422 0.0273823153 0.0032683085 0.0326428687
2 0.0194840086 0.0 0.0106037454 0.0232349465 0.0360545137 0.0130919427 0.0299664432 0.0356283937 0.0384495325 0.0257256448 0.0332301789 0.0278367409 0.0321265303 0.0130015665 0.0351774538 0.0299985728 0.0058980473 0.0220107729 0.013617694 0.0274854382 0.0108499296 0.0202456543 0.0139762623 0.0068305583 0.0143442474 0.0204707297 0.0144932928 0.0397822304 0.006129963 0.0269399649 0.0286293749 0.038290264 0.0158722519 0.0256179284 0.032888177 0.0280405102 0.0241485663 0.0216368123 0.0114337797 0.0125149816 0.0377417365 0.0167087937 0.0125606036 0.0285641629 0.0186670577
3 0.0236005635 0.0106037454 0.0 0.031002883 0.0223490238 0.0237148028 0.0235731259 0.0231106874 0.0128212886 0.0274224314 0.0283945636 0.0434424191 0.0234340984 0.0167861747 0.0189602959 0.0052301721 0.0129871991 0.0449808921 0.0330080741 0.0156976512 0.0227672373 0.025811867 0.0189692946 0.0383884238 0.0386372767 0.0135089014 0.0217615976 0.0175416646 0.0308572218 0.026023289 0.0031304797 0.0193278464 0.0221455276 0.0216723625 0.020221038 0.0316051955 0.0110133867 0.0170080703 0.0148787793 0.0164306004 0.0263024893 0.02743602 0.0334195582 0.0190046033 0.0210171769
4 0.0106076215 0.0232349465 0.031002883 0.0 0.0314572638 0.0159860213 0.011748606 0.003604269 0.0305504526 0.0124276482 0.0161499981 0.0319171839 0.040453719 0.0256386632 0.0248757829 0.0241455707 0.0125890936 0.0351880651 0.0028472968 0.0383725342 0.0082800475 0.0234702388 0.0340669638 0.0255910204 0.0320062908 0.0318814496 0.0239047492 0.0194882249 0.0294085963 0.0182100601 0.0217427708 0.0260912703 0.0307865155 0.0043861402 0.014446193 0.028563163 0.0283348329 0.0290176356 0.0223579555 0.0147923296 0.015444845 0.0210282861 0.0193687621 0.0284939541 0.0260400856
5 0.0289164286 0.0360545137 0.0223490238 0.0314572638 0.0 0.031628133 0.0170056039 0.0231389354 0.0324332297 0.017810595 0.0174080123 0.0097977771 0.0326113361 0.0068455215 0.0053370499 0.0255932272 0.0143375559 0.0145687374 0.026936105 0.0215644807 0.013938127 0.024107389 0.0218542844 0.0328059704 0.0268972212 0.0331514053 0.040064509 0.0273676359 0.0146909247 0.0112012504 0.0085537137 0.0170433432 0.018171014 0.0342765307 0.0351789277 0.0159840506 0.0319783759 0.0135917848 0.0256729378 0.021923335 0.0178865063 0.0235071327 0.0179012418 0.0349180128 0.0215408457
6 0.0301943984 0.0130919427 0.0237148028 0.0159860213 0.031628133 0.0 0.0192390014 0.0148081014 0.0287143025 0.01530602 0.0111283785 0.0086153889 0.0228170661 0.0245961481 0.0248106271 0.0206809742 0.0125265623 0.0248850096 0.0211111884 0.0439359533 0.0224580851 0.0327160595 0.0074089563 0.0256106276 0.0228411795 0.0309967062 0.018166537 0.0401989123 0.0256348217 0.042520467 0.0218332444 0.0093924 0.0177104331 0.0307459789 0.0427055208 0.013106193 0.0250831356 0.0250080032 0.010776173 0.0189686185 0.0252810088 0.0120349382 0.0200532219 0.0260206926 0.0249380657
7 0.0102575551 0.0299664432 0.0235731259 0.011748606 0.0170056039 0.0192390014 0.0 0.025226084 0.0187645735 0.025614867 0.0230063408 0.0033628822 0.0237510516 0.0240536247 0.0173655995 0.0284362327 0.0329899726 0.0227758469 0.0219209894 0.0330351936 0.0378248128 0.0137789824 0.0101613046 0.0389895689 0.0247507824 0.0242519902 0.022320387 0.0072001496 0.0049606134 0.0243794086 0.0291888242 0.0095546616 0.0214468014 0.0133911045 0.0391369884 0.030730735 0.0264138698 0.0047574407 0.0138403901 0.03491909 0.0224972117 0.022627128 0.0250951665 0.0451528285 0.0405361658
8 0.0096355336 0.0356283937 0.0231106874 0.003604269 0.0231389354 0.0148081014 0.025226084 0.0 0.0194532473 0.013944763 0.034201022 0.0130958381 0.0099977541 0.0336488763 0.028281516 0.0430651155 0.0349496021 0.0253030829 0.0086375495 0.0115382828 0.0226533305 0.0280750079 0.0391622748 0.009323726 0.0111401454 0.0115342155 0.0272741031 0.0360208546 0.0299690845 0.0028647432 0.0265054116 0.0245627848 0.0235935066 0.026787283 0.0260951501 0.0172291541 0.0189916709 0.0156933005 0.0323402622 0.0140795665 0.0170451989 0.0239311867 0.0275364816 0.0445238058 0.0317990968
9 0.0220097947 0.0384495325 0.0128212886 0.0305504526 0.0324332297 0.0287143025 0.0187645735 0.0194532473 0.0 0.0346002127 0.0176863223 0.0242708651 0.0163957072 0.0249175006 0.011965334 0.0208378979 0.0313163414 0.0234049883 0.0194498321 0.0083942476 0.0160509186 0.0115823472 0.0217330794 0.0177344513 0.0160612957 0.0179813864 0.0264103889 0.0255391655 0.0241860902 0.0426182482 0.0325536 0.0091249598 0.0262375996 0.0092038224 0.0157869932 0.0273448802 0.0241882632 0.0287504266 0.0214869252 0.0252706996 0.0308892571 0.0361907269 0.0049706348 0.0260821708 0.0255859985
10 0.0155796285 0.0257256448 0.0274224314 0.0124276482 0.017810595 0.01530602 0.025614867 0.013944763 0.0346002127 0.0 0.0207982024 0.022198436 0.0359829343 0.0319010478 0.0359967549 0.0288051998 0.027630754 0.0087780886 0.0297990999 0.0164138151 0.0262687598 0.0110330209 0.0248641548 0.0147567864 0.0194776548 0.0168786164 0.0217630568 0.0343873756 0.0270214578 0.0346831941 0.0250246946 0.0218842726 0.0245472442 0.0061860415 0.0064583129 0.0181715299 0.0198030978 0.0311149204 0.0331213693 0.0244470103 0.0264673986 0.0293369 0.0220189839 0.0087791792 0.0247688239
11 0.0248248587 0.0332301789 0.0283945636 0.0161499981 0.0174080123 0.0111283785 0.0230063408 0.034201022 0.0176863223 0.0207982024 0.0 0.0217340523 0.0177569772 0.0206408993 0.0295110531 0.0156505604 0.0318481687 0.0148669902 0.0132496259 0.0331886941 0.0226436674 0.0302520594 0.0285666205 0.0331000729 0.0257138116 0.0181905998 0.026846226 0.0202977621 0.0221807948 0.0186823361 0.0239767008 0.0278953371 0.0174082145 0.0090084014 0.0219231418 0.0243422104 0.0164640646 0.0235534331 0.026055679 0.0265050828 0.0222297716 0.0231644353 0.0245246964 0.0090141488 0.0321858332
12 0.0375005408 0.0278367409 0.0434424191 0.0319171839 0.0097977771 0.0086153889 0.0033628822 0.0130958381 0.0242708651 0.022198436 0.0217340523 0.0 0.0132488018 0.0012351428 0.0129814048 0.0254060551 0.0099017373 0.012497721 0.0303976674 0.0032145202 0.0290607963 0.0388610353 0.0295698157 0.0232323514 0.0232456229 0.0339426775 0.0465617095 0.0215819596 0.0300464368 0.018631011 0.0051168991 0.012548654 0.0418190079 0.0398927618 0.0178937537 0.0071276119 0.0229204628 0.0452489869 0.0250712119 0.007132828 0.0330959668 0.0233213257 0.0291693676 0.0355267106 0.0067258605
13 0.0377993848 0.0321265303 0.0234340984 0.040453719 0.0326113361 0.0228170661 0.0237510516 0.0099977541 0.0163957072 0.0359829343 0.0177569772 0.0132488018 0.0 0.0353363868 0.0050887239 0.0137014758 0.0247422284 0.0244448801 0.0153092684 0.014667791 0.0135726306 0.0150020933 0.0163734694 0.0263806142 0.0374803006 0.0188373454 0.0206013789 0.0185542527 0.0389877374 0.0290738332 0.0137219354 0.0426290881 0.0138317283 0.0254914773 0.0175890396 0.0030432143 0.0355243825 0.0384481882 0.0378340729 0.0193606991 0.017507461 0.0214636722 0.0198988764 0.00868012 0.0104462735
14 0.0308490477 0.0130015665 0.0167861747 0.0256386632 0.0068455215 0.0245961481 0.0240536247 0.0336488763 0.0249175006 0.0319010478 0.0206408993 0.0012351428 0.0353363868 0.0 0.0226397857 0.0202628486 0.0335269316 0.0211649095 0.0195811728 0.0164246869 0.0168884159 0.0330062169 0.0179139657 0.022419265 0.020895303 0.0278350374 0.0182704925 0.0139481192 0.0373265523 0.0113472151 0.0237438936 0.0315839409 0.0302499049 0.0337217605 0.0326901607 0.0285615544 0.0288316308 0.0413496187 0.0116244917 0.018837347 0.0073209962 0.0098744605 0.0352728832 0.0035290999 0.0199067389
15 0.0222737719 0.0351774538 0.0189602959 0.0248757829 0.0053370499 0.0248106271 0.0173655995 0.028281516 0.011965334 0.0359967549 0.0295110531 0.0129814048 0.0050887239 0.0226397857 0.0 0.0271261512 0.01943107 0.0246377345 0.0249327334 0.0157679184 0.0257316323 0.0392641274 0.0204096521 0.0301003982 0.0238298922 0.0212575773 0.0269492626 0.0056197621 0.0172485117 0.0182796633 0.0190405141 0.0238478106 0.0131633959 0.0267269875 0.0232832241 0.0204007295 0.0106799559 0.0070646127 0.0293357245 0.0336207814 0.0383557697 0.0258512802 0.039754872 0.0335822907 0.0194408111
16 0.028274312 0.0299985728 0.0052301721 0.0241455707 0.0255932272 0.0206809742 0.0284362327 0.0430651155 0.0208378979 0.0288051998 0.0156505604 0.0254060551 0.0137014758 0.0202628486 0.0271261512 0.0 0.0307715736 0.0143022227 0.0289409304 0.0250394434 0.0356784222 0.0348063411 0.0114687542 0.0184317519 0.0270212408 0.0295426613 0.0193850159 0.0161824881 0.0299264132 0.014754294 0.0254240007 0.0351527836 0.0174737179 0.015075333 0.0115628333 0.0199936479 0.0194103197 0.033549512 0.0139330621 0.0164166511 0.020762781 0.0090374278 0.0366886493 0.013701403 0.0183519586
17 0.0313888991 0.0058980473 0.0129871991 0.0125890936 0.0143375559 0.0125265623 0.0329899726 0.0349496021 0.0313163414 0.027630754 0.0318481687 0.0099017373 0.0247422284 0.0335269316 0.01943107 0.0307715736 0.0 0.0169027868 0.0229980954 0.0265473553 0.0221664823 0.0419660338 0.0272341017 0.0236004607 0.010631188 0.0326026697 0.0250065187 0.0108204905 0.0337988096 0.0150349366 0.0385702891 0.0259963749 0.0104556414 0.0127063037 0.0371461449 0.0309188875 0.0212255767 0.0151069077 0.0194909136 0.0303062716 0.0263009696 0.0104892008 0.0088779246 0.0229141154 0.0133488125
18 0.0187009545 0.0220107729 0.0449808921 0.0351880651 0.0145687374 0.0248850096 0.0227758469 0.0253030829 0.0234049883 0.0087780886 0.0148669902 0.012497721 0.0244448801 0.0211649095 0.0246377345 0.0143022227 0.0169027868 0.0 0.0101521429 0.0230938989 0.0173023441 0.0302927396 0.0141152401 0.0239951633 0.0246662409 0.0181157682 0.0155128308 0.0108677927 0.0409121197 0.0198183706 0.0166002668 0.0177450412 0.0437874482 0.0054621653 0.0383977187 0.035099142 0.0423847282 0.0207455653 0.0204033344 0.02317672 0.0333926441 0.0271392179 0.0192029224 0.0184566649 0.0197480853
19 0.0156849536 0.013617694 0.0330080741 0.0028472968 0.026936105 0.0211111884 0.0219209894 0.0086375495 0.0194498321 0.0297990999 0.0132496259 0.0303976674 0.0153092684 0.0195811728 0.0249327334 0.0289409304 0.0229980954 0.0101521429 0.0 0.0241301705 0.0228596587 0.027181296 0.0222473422 0.0162627502 0.0361436422 0.0274786929 0.0350909348 0.0292048013 0.0197755147 0.0288555496 0.036129798 0.0147575619 0.026710888 0.0322021089 0.0186484007 0.0136797698 0.0267757114 0.0312655488 0.0115438741 0.0169620178 0.0194829555 0.0362165308 0.0175589124 0.0141280363 0.0361331128
20 0.0246155653 0.0274854382 0.0156976512 0.0383725342 0.0215644807 0.0439359533 0.0330351936 0.0115382828 0.0083942476 0.0164138151 0.0331886941 0.0032145202 0.014667791 0.0164246869 0.0157679184 0.0250394434 0.0265473553 0.0230938989 0.0241301705 0.0 0.0360079663 0.0191136006 0.0281660586 0.0172837853 0.004745605 0.0229778839 0.0199206441 0.0333744828 0.0152094553 0.0081533087 0.0298444819 0.0424275211 0.0153313875 0.0035343115 0.0230134714 0.0287182221 0.0190068828 0.028674847 0.0232283444 0.0117436188 0.0238889004 0.0345530907 0.0421164888 0.033411015 0.0124269857
21 0.0129456997 0.0108499296 0.0227672373 0.0082800475 0.013938127 0.0224580851 0.0378248128 0.0226533305 0.0160509186 0.0262687598 0.0226436674 0.0290607963 0.0135726306 0.0168884159 0.0257316323 0.0356784222 0.0221664823 0.0173023441 0.0228596587 0.0360079663 0.0 0.0036738105 0.0215597091 0.0445681701 0.0063583887 0.0247103893 0.0106636851 0.0330523074 0.0086753204 0.0304422622 0.0184820252 0.014939912 0.0238920835 0.0338495277 0.0271352586 0.0324000178 0.0202708361 0.0253967067 0.0325702338 0.0411120852 0.0092320044 0.0146140582 0.0245757434 0.0364122137 0.025464287
22 0.0181283811 0.0202456543 0.025811867 0.0234702388 0.024107389 0.0327160595 0.0137789824 0.0280750079 0.0115823472 0.0110330209 0.0302520594 0.0388610353 0.0150020933 0.0330062169 0.0392641274 0.0348063411 0.0419660338 0.0302927396 0.027181296 0.0191136006 0.0036738105 0.0 0.023026717 0.0331627908 0.0217953012 0.0100406519 0.0308587297 0.0148090886 0.0140656158 0.0042201917 0.016477591 0.0136104279 0.0295465011 0.0268867757 0.037230392 0.0162977595 0.0219007756 0.0140438255 0.029887803 0.0046283111 0.0208457623 0.0179393349 0.0257335629 0.0220151447 0.0286086443
23 0.0239322818 0.0139762623 0.0189692946 0.0340669638 0.0218542844 0.0074089563 0.0101613046 0.0391622748 0.0217330794 0.0248641548 0.0285666205 0.0295698157 0.0163734694 0.0179139657 0.0204096521 0.0114687542 0.0272341017 0.0141152401 0.0222473422 0.0281660586 0.0215597091 0.023026717 0.0 0.0219286996 0.0224230407 0.0139284894 0.032776075 0.0238259612 0.0335886082 0.0230135835 0.0435797807 0.0276844645 0.0256094698 0.0313098734 0.0198744945 0.0240262793 0.0271548691 0.0174877446 0.0184771338 0.0032330328 0.0165571194 0.0362104183 0.0146252616 0.0195497353 0.026355562
24 0.0164286874 0.0068305583 0.0383884238 0.0255910204 0.0328059704 0.0256106276 0.0389895689 0.009323726 0.0177344513 0.0147567864 0.0331000729 0.0232323514 0.0263806142 0.022419265 0.0301003982 0.0184317519 0.0236004607 0.0239951633 0.0162627502 0.0172837853 0.0445681701 0.0331627908 0.0219286996 0.0 0.0178501106 0.0230913885 0.0165103851 0.0250139735 0.0251704814 0.0280012346 0.012427276 0.01340167 0.0295478929 0.0231048231 0.0351856808 0.0265319088 0.008739924 0.0199190266 0.0299879635 0.0265046926 0.0134570622 0.0090969996 0.0267112438 0.0170124883 0.0118076798
25 0.0135045315 0.0143442474 0.0386372767 0.0320062908 0.0268972212 0.0228411795 0.0247507824 0.0111401454 0.0160612957 0.0194776548 0.0257138116 0.0232456229 0.0374803006 0.020895303 0.0238298922 0.0270212408 0.010631188 0.0246662409 0.0361436422 0.004745605 0.0063583887 0.0217953012 0.0224230407 0.0178501106 0.0 0.0222704683 0.0143969018 0.0329739958 0.0208793528 0.0323487663 0.027028971 0.0278921825 0.0338746833 0.0265584579 0.0223184314 0.0056967751 0.0293411279 0.0344448813 0.0340653568 0.0351348136 0.0254003328 0.023145783 0.0054209822 0.0175410571 0.0068063653
26 0.0364172024 0.0204707297 0.0135089014 0.0318814496 0.0331514053 0.0309967062 0.0242519902 0.0115342155 0.0179813864 0.0168786164 0.0181905998 0.0339426775 0.0188373454 0.0278350374 0.0212575773 0.0295426613 0.0326026697 0.0181157682 0.0274786929 0.0229778839 0.0247103893 0.0100406519 0.0139284894 0.0230913885 0.0222704683 0.0 0.0290413715 0.004033842 0.0307039594 0.0145107661 0.0244574056 0.0123430188 0.0327815923 0.0262263321 0.0165766891 0.028107464 0.0262919354 0.0104666624 0.0168168314 0.024401246 0.0299245888 0.0209805089 0.0145117909 0.0276766161 0.0282524751
27 0.0165004161 0.0144932928 0.0217615976 0.0239047492 0.040064509 0.018166537 0.022320387 0.0272741031 0.0264103889 0.0217630568 0.026846226 0.0465617095 0.0206013789 0.0182704925 0.0269492626 0.0193850159 0.0250065187 0.0155128308 0.0350909348 0.0199206441 0.0106636851 0.0308587297 0.032776075 0.0165103851 0.0143969018 0.0290413715 0.0 0.0310500041 0.0191463015 0.0173473927 0.0346049852 0.024000888 0.0266748814 0.0261526362 0.0160603427 0.0237229111 0.0121828059 0.008049405 0.0224983606 0.014778047 0.0301269776 0.0190352314 0.0199982828 0.0226573254 0.0108620216
28 0.0434475894 0.0397822304 0.0175416646 0.0194882249 0.0273676359 0.0401989123 0.0072001496 0.0360208546 0.0255391655 0.0343873756 0.0202977621 0.0215819596 0.0185542527 0.0139481192 0.0056197621 0.0161824881 0.0108204905 0.0108677927 0.0292048013 0.0333744828 0.0330523074 0.0148090886 0.0238259612 0.0250139735 0.0329739958 0.004033842 0.0310500041 0.0 0.0284581184 0.0266832274 0.0230655387 0.0262511342 0.020382504 0.007932533 0.0152915438 0.0281385346 0.0194787131 0.0087984308 0.0257226453 0.0156273849 0.016533882 0.0249073136 0.0260378522 0.0165287711 0.0339769865
29 0.034519573 0.006129963 0.0308572218 0.0294085963 0.0146909247 0.0256348217 0.0049606134 0.0299690845 0.0241860902 0.0270214578 0.0221807948 0.0300464368 0.0389877374 0.0373265523 0.0172485117 0.0299264132 0.0337988096 0.0409121197 0.0197755147 0.0152094553 0.0086753204 0.0140656158 0.0335886082 0.0251704814 0.0208793528 0.0307039594 0.0191463015 0.0284581184 0.0 0.0236777683 0.0010124906 0.0257464233 0.0189088 0.025326482 0.0201305356 0.029405868 0.0155602811 0.0137879613 0.0341676315 0.0162176301 0.0136336923 0.0125433494 0.0104211056 0.0261369653 0.0198445663
30 0.0366539267 0.0269399649 0.026023289 0.0182100601 0.0112012504 0.042520467 0.0243794086 0.0028647432 0.0426182482 0.0346831941 0.0186823361 0.018631011 0.0290738332 0.0113472151 0.0182796633 0.014754294 0.0150349366 0.0198183706 0.0288555496 0.0081533087 0.0304422622 0.0042201917 0.0230135835 0.0280012346 0.0323487663 0.0145107661 0.0173473927 0.0266832274 0.0236777683 0.0 0.0409922491 0.0196800588 0.0213132138 0.0240925452 0.0273405867 0.0058469108 0.0213851361 0.0244566254 0.0293760777 0.0209682885 0.01761072 0.0282654324 0.0312065088 0.0079971572 0.0304982262
31 0.0161904044 0.0286293749 0.0031304797 0.0217427708 0.0085537137 0.0218332444 0.0291888242 0.0265054116 0.0325536 0.0250246946 0.0239767008 0.0051168991 0.0137219354 0.0237438936 0.0190405141 0.0254240007 0.0385702891 0.0166002668 0.036129798 0.0298444819 0.0184820252 0.016477591 0.0435797807 0.012427276 0.027028971 0.0244574056 0.0346049852 0.0230655387 0.0010124906 0.0409922491 0.0 0.0256333943 0.0167018978 0.012573365 0.0206351837 0.0237586125 0.0137421724 0.0189412718 0.0267961967 0.0143417778 0.0160957306 0.0289615595 0.0378573994 0.0341144999 0.0221973274
32 0.0117734266 0.038290264 0.0193278464 0.0260912703 0.0170433432 0.0093924 0.0095546616 0.0245627848 0.0091249598 0.0218842726 0.0278953371 0.012548654 0.0426290881 0.0315839409 0.0238478106 0.0351527836 0.0259963749 0.0177450412 0.0147575619 0.0424275211 0.014939912 0.0136104279 0.0276844645 0.01340167 0.0278921825 0.0123430188 0.024000888 0.0262511342 0.0257464233 0.0196800588 0.0256333943 0.0 0.019340943 0.0373013759 0.0290675277 0.0100196667 0.0244000861 0.0306580384 0.0217723021 0.0347761065 0.0294153916 0.0296368097 0.0048765831 0.0112973156 0.0246249368
33 0.0124795228 0.0158722519 0.0221455276 0.0307865155 0.018171014 0.0177104331 0.0214468014 0.0235935066 0.0262375996 0.0245472442 0.0174082145 0.0418190079 0.0138317283 0.0302499049 0.0131633959 0.0174737179 0.0104556414 0.0437874482 0.026710888 0.0153313875 0.0238920835 0.0295465011 0.0256094698 0.0295478929 0.0338746833 0.0327815923 0.0266748814 0.020382504 0.0189088 0.0213132138 0.0167018978 0.019340943 0.0 0.0311190224 0.0245675691 0.0058382789 0.032039792 0.0108325514 0.0209241654 0.0276144967 0.013917985 0.0248496619 0.0099774745 0.0299841501 0.0265386386
34 0.0181760926 0.0256179284 0.0216723625 0.0043861402 0.0342765307 0.0307459789 0.0133911045 0.026787283 0.0092038224 0.0061860415 0.0090084014 0.0398927618 0.0254914773 0.0337217605 0.0267269875 0.015075333 0.0127063037 0.0054621653 0.0322021089 0.0035343115 0.0338495277 0.0268867757 0.0313098734 0.0231048231 0.0265584579 0.0262263321 0.0261526362 0.007932533 0.025326482 0.0240925452 0.012573365 0.0373013759 0.0311190224 0.0 0.0147238838 0.0267591274 0.0203527781 0.034501075 0.0181288688 0.0328539701 0.0217648193 0.0193810468 0.0322823038 0.0328809889 0.0196724926
35 0.0105123571 0.032888177 0.020221038 0.014446193 0.0351789277 0.0427055208 0.0391369884 0.0260951501 0.0157869932 0.0064583129 0.0219231418 0.0178937537 0.0175890396 0.0326901607 0.0232832241 0.0115628333 0.0371461449 0.0383977187 0.0186484007 0.0230134714 0.0271352586 0.037230392 0.0198744945 0.0351856808 0.0223184314 0.0165766891 0.0160603427 0.0152915438 0.0201305356 0.0273405867 0.0206351837 0.0290675277 0.0245675691 0.0147238838 0.0 0.0180347582 0.0183004821 0.0225415212 0.0118112887 0.0337439854 0.0132073011 0.0172425789 0.0204479049 0.0115619271 0.0213925857
36 0.0302026153 0.0280405102 0.0316051955 0.028563163 0.0159840506 0.013106193 0.030730735 0.0172291541 0.0273448802 0.0181715299 0.0243422104 0.0071276119 0.0030432143 0.0285615544 0.0204007295 0.0199936479 0.0309188875 0.035099142 0.0136797698 0.0287182221 0.0324000178 0.0162977595 0.0240262793 0.0265319088 0.0056967751 0.028107464 0.0237229111 0.0281385346 0.029405868 0.0058469108 0.0237586125 0.0100196667 0.0058382789 0.0267591274 0.0180347582 0.0 0.0299861726 0.0357564964 0.0190981101 0.0200304792 0.0365613175 0.0240083868 0.0193734587 0.0315043533 0.0262333361
37 0.0204502438 0.0241485663 0.0110133867 0.0283348329 0.0319783759 0.0250831356 0.0264138698 0.0189916709 0.0241882632 0.0198030978 0.0164640646 0.0229204628 0.0355243825 0.0288316308 0.0106799559 0.0194103197 0.0212255767 0.0423847282 0.0267757114 0.0190068828 0.0202708361 0.0219007756 0.0271548691 0.008739924 0.0293411279 0.0262919354 0.0121828059 0.0194787131 0.0155602811 0.0213851361 0.0137421724 0.0244000861 0.032039792 0.0203527781 0.0183004821 0.0299861726 0.0 0.0138896951 0.0187179558 0.0352015434 0.0214093528 0.01570471 0.0343363633 0.0187589258 0.0272244081
38 0.0121499974 0.0216368123 0.0170080703 0.0290176356 0.0135917848 0.0250080032 0.0047574407 0.0156933005 0.0287504266 0.0311149204 0.0235534331 0.0452489869 0.0384481882 0.0413496187 0.0070646127 0.033549512 0.0151069077 0.0207455653 0.0312655488 0.028674847 0.0253967067 0.0140438255 0.0174877446 0.0199190266 0.0344448813 0.0104666624 0.008049405 0.0087984308 0.0137879613 0.0244566254 0.0189412718 0.0306580384 0.0108325514 0.034501075 0.0225415212 0.0357564964 0.0138896951 0.0 0.0166417348 0.0375400291 0.0291857574 0.0223481114 0.0154279138 0.0234342534 0.0277146688
39 0.0355661275 0.0114337797 0.0148787793 0.0223579555 0.0256729378 0.010776173 0.0138403901 0.0323402622 0.0214869252 0.0331213693 0.026055679 0.0250712119 0.0378340729 0.0116244917 0.0293357245 0.0139330621 0.0194909136 0.0204033344 0.0115438741 0.0232283444 0.0325702338 0.029887803 0.0184771338 0.0299879635 0.0340653568 0.0168168314 0.0224983606 0.0257226453 0.0341676315 0.0293760777 0.0267961967 0.0217723021 0.0209241654 0.0181288688 0.0118112887 0.0190981101 0.0187179558 0.0166417348 0.0 0.0178731567 0.0288645814 0.0264741109 0.0280357742 0.0177527132 0.0135435956
40 0.028087793 0.0125149816 0.0164306004 0.0147923296 0.021923335 0.0189686185 0.03491909 0.0140795665 0.0252706996 0.0244470103 0.0265050828 0.007132828 0.0193606991 0.018837347 0.0336207814 0.0164166511 0.0303062716 0.02317672 0.0169620178 0.0117436188 0.0411120852 0.0046283111 0.0032330328 0.0265046926 0.0351348136 0.024401246 0.014778047 0.0156273849 0.0162176301 0.0209682885 0.0143417778 0.0347761065 0.0276144967 0.0328539701 0.0337439854 0.0200304792 0.0352015434 0.0375400291 0.0178731567 0.0 0.0269189865 0.032164803 0.0211967497 0.0316517513 0.0159905907
41 0.0147414749 0.0377417365 0.0263024893 0.015444845 0.0178865063 0.0252810088 0.0224972117 0.0170451989 0.0308892571 0.0264673986 0.0222297716 0.0330959668 0.017507461 0.0073209962 0.0383557697 0.020762781 0.0263009696 0.0333926441 0.0194829555 0.0238889004 0.0092320044 0.0208457623 0.0165571194 0.0134570622 0.0254003328 0.0299245888 0.0301269776 0.016533882 0.0136336923 0.01761072 0.0160957306 0.0294153916 0.013917985 0.0217648193 0.0132073011 0.0365613175 0.0214093528 0.0291857574 0.0288645814 0.0269189865 0.0 0.0217635841 0.0155127461 0.0205812808 0.0348436814
42 0.0317003422 0.0167087937 0.02743602 0.0210282861 0.0235071327 0.0120349382 0.022627128 0.0239311867 0.0361907269 0.0293369 0.0231644353 0.0233213257 0.0214636722 0.0098744605 0.0258512802 0.0090374278 0.0104892008 0.0271392179 0.0362165308 0.0345530907 0.0146140582 0.0179393349 0.0362104183 0.0090969996 0.023145783 0.0209805089 0.0190352314 0.0249073136 0.0125433494 0.0282654324 0.0289615595 0.0296368097 0.0248496619 0.0193810468 0.0172425789 0.0240083868 0.01570471 0.0223481114 0.0264741109 0.032164803 0.0217635841 0.0 0.0233991646 0.015309188 0.0264057582
43 0.0273823153 0.0125606036 0.0334195582 0.0193687621 0.0179012418 0.0200532219 0.0250951665 0.0275364816 0.0049706348 0.0220189839 0.0245246964 0.0291693676 0.0198988764 0.0352728832 0.039754872 0.0366886493 0.0088779246 0.0192029224 0.0175589124 0.0421164888 0.0245757434 0.0257335629 0.0146252616 0.0267112438 0.0054209822 0.0145117909 0.0199982828 0.0260378522 0.0104211056 0.0312065088 0.0378573994 0.0048765831 0.0099774745 0.0322823038 0.0204479049 0.0193734587 0.0343363633 0.0154279138 0.0280357742 0.0211967497 0.0155127461 0.0233991646 0.0 0.0348303069 0.0198309601
44 0.0032683085 0.0285641629 0.0190046033 0.0284939541 0.0349180128 0.0260206926 0.0451528285 0.0445238058 0.0260821708 0.0087791792 0.0090141488 0.0355267106 0.00868012 0.0035290999 0.0335822907 0.013701403 0.0229141154 0.0184566649 0.0141280363 0.033411015 0.0364122137 0.0220151447 0.0195497353 0.0170124883 0.0175410571 0.0276766161 0.0226573254 0.0165287711 0.0261369653 0.0079971572 0.0341144999 0.0112973156 0.0299841501 0.0328809889 0.0115619271 0.0315043533 0.0187589258 0.0234342534 0.0177527132 0.0316517513 0.0205812808 0.015309188 0.0348303069 0.0 0.0150595486
45 0.0326428687 0.0186670577 0.0210171769 0.0260400856 0.0215408457 0.0249380657 0.0405361658 0.0317990968 0.0255859985 0.0247688239 0.0321858332 0.0067258605 0.0104462735 0.0199067389 0.0194408111 0.0183519586 0.0133488125 0.0197480853 0.0361331128 0.0124269857 0.025464287 0.0286086443 0.026355562 0.0118076798 0.0068063653 0.0282524751 0.0108620216 0.0339769865 0.0198445663 0.0304982262 0.0221973274 0.0246249368 0.0265386386 0.0196724926 0.0213925857 0.0262333361 0.0272244081 0.0277146688 0.0135435956 0.0159905907 0.0348436814 0.0264057582 0.0198309601 0.0150595486 0.0
