128
1 0.0075096764 0.0050968663 0.0067920261 0.0042675737 0.0089626522 0.0074249695 0.008481158 0.0097901378 0.0084485745 0.0088006059 0.0042882652 0.0062672203 0.0052408309 0.0062078266 0.0058338165 0.0085697719 0.0064970869 0.0080060013 0.0086102916 0.007578884 0.0055512798 0.003665316 0.0042231877 0.0046704478 0.0056849787 0.0077915768 0.0091242639 0.0130712569 0.0127465411 0.0117030559 0.0104135785 0.0122723231 0.0051417937 0.0121715013 0.012065518 0.0097031838 0.0062118939 0.0133409911 0.0061115423 0.0046274015 0.0090324473 0.0040658258 0.0086037317 0.0082895535 0.0107162131 0.0100730946 0.0066149949 0.0021985385 0.0064480717 0.0055722047 0.0043667994 0.0059449336 0.0116244542 0.0091465165 0.0109016502 0.0068049435 0.0123521593 0.0086901016 0.006341253 0.0098936179 0.0122709143 0.0052001123 0.0085392748 0.003948948 0.0079457321 0.0077567088 0.0090719393 0.0039337909 0.0077979249 0.0137473681 0.0093354927 0.0062358053 0.0063244954 0.008075594 0.0046363928 0.0075108192 0.003008597 0.0074715609 0.0033457384 0.007623428 0.0102010928 0.0073843771 0.0094214789 0.0129150712 0.0027598076 0.0051255073 0.0091570126 0.0104598508 0.0100127734 0.0121216214 0.0066506568 0.0058906392 0.0112351382 0.0089868301 0.0103574325 0.0067745815 0.0063194333 0.0060057377 0.0063873229 0.0031773443 0.0055572316 0.0047304365 0.0133702561 0.0054264995 0.0105866018 0.0109022809 0.006634226 0.0054283359 0.0053579407 0.0055768071 0.0083324136 0.0048126755 0.0074290423 0.0064405884 0.0064768817 0.0061720219 0.008042482 0.0122753728 0.0093674622 0.0045559206 0.0122911002 0.0091508698 0.0106860897 0.0131809639 0.0071343717 0.0058103909 0.0062315486 0.0122678689 
2 0.0050968663 0.0110083834 0.0076094527 0.0070105544 0.0049528411 0.0054200864 0.0111216346 0.0113310715 0.011022942 0.0100295374 0.0045593879 0.0058781697 0.0058819772 0.0066210593 0.0078348872 0.0091227177 0.0088560779 0.0053442474 0.0106594617 0.004492931 0.0064236659 0.0055408231 0.0132336211 0.0084711076 0.0093288685 0.0056815496 0.002688514 0.0029427161 0.0063671803 0.0044633498 0.016434639 0.0116845134 0.0121554204 0.0083632317 0.0092790392 0.0078985563 0.0063236612 0.0079926684 0.0088578552 0.0155814737 0.0075981941 0.0097447528 0.00917103 0.0124611413 0.0117218604 0.0080964255 0.0104432732 0.006488275 0.01559367 0.0101559033 0.0121110137 0.0073334331 0.0079749154 0.0092211526 0.0063481616 0.0057125897 0.005735732 0.0062736353 0.0070192481 0.0078732009 0.0075489304 0.0057279142 0.0072435297 0.0070143199 0.0089135124 0.0092083866 0.0058095126 0.0103799646 0.0073994091 0.0076316513 0.0085202054 0.0097887208 0.005959291 0.0086115699 0.0068869264 0.0099538861 0.0064719033 0.0033928199 0.0091598921 0.0086026922 0.0063122574 0.005186456 0.0061000935 0.00621691 0.0063653975 0.0069220409 0.0042093505 0.0068839209 0.0078179592 0.0130667855 0.0047780164 0.010254334 0.0142214601 0.0033398982 0.0047248156 0.0044567664 0.0086110461 0.0121251113 0.0079371454 0.0025190495 0.0046404648 0.0085066439 0.0061999179 0.0067468309 0.0090455888 0.00606838 0.0072132855 0.0117994929 0.0080054112 0.0066502935 0.0113497935 0.0049150869 0.0109849865 0.0041923173 0.0037536895 0.0139116615 0.0044150058 0.005017694 0.0101261722 0.0078333159 0.009229802 0.0022396482 0.0072557535 0.0054060652 0.0086320075 0.0053634241 0.0075657565 0.0060133089 
3 0.0067920261 0.0076094527 0.0082165201 0.0103242308 0.0072012706 0.0057978916 0.0104812427 0.0055748159 0.0082781998 0.009499662 0.0092392871 0.0073035781 0.0061575747 0.0109020805 0.0088036265 0.0105461075 0.0041570564 0.0103302877 0.0060303639 0.0105359542 0.0067657555 0.0094601931 0.0068551648 0.0087862857 0.0100482989 0.004485312 0.0046758732 0.0080389403 0.0067680768 0.0072823402 0.0074165723 0.0062362932 0.0066012878 0.0078325586 0.0056361771 0.0065603563 0.0088754762 0.005512664 0.0063667051 0.0114517218 0.0113913997 0.0116656685 0.0053214551 0.0121536455 0.0034904177 0.00440142 0.0067764215 0.0130713331 0.0107332227 0.0067725582 0.0070685409 0.0075403233 0.0096248922 0.0117676901 0.0075523469 0.0048275873 0.0055334051 0.0038819168 0.0070222709 0.0070027103 0.0118463177 0.0019529829 0.0040274662 0.0089560789 0.0088552639 0.0072014773 0.0070678871 0.0093012591 0.0067045223 0.0099186963 0.0130207471 0.0032436561 0.0076709223 0.0039277335 0.0062551366 0.0073413672 0.007680606 0.0097442265 0.0074421674 0.0120753389 0.0093561943 0.0069369213 0.0030962859 0.0035056274 0.0076068237 0.008491917 0.0096701077 0.0034876615 0.0046298927 0.0099681526 0.0094972425 0.0057320988 0.0121399572 0.0069771631 0.0141812349 0.0058273162 0.005375264 0.0064385465 0.0101891438 0.0083764693 0.007257467 0.0111156015 0.0093293195 0.0104585056 0.0048640714 0.0094941112 0.0111533761 0.0100966509 0.0059362656 0.0088941843 0.0057572883 0.0047391317 0.0054462504 0.0098740278 0.0066691232 0.0097061908 0.0061141989 0.0034178553 0.0088023439 0.0059695788 0.0091105074 0.0055161117 0.0124904964 0.0075374176 0.0042729971 0.0138980722 0.0074812916 0.0118431824 
4 0.0042675737 0.0070105544 0.0103242308 0.0107744862 0.0085492262 0.0061181275 0.0076504738 0.0080787668 0.0073600918 0.0041446112 0.0086223561 0.0095408692 0.0058784375 0.0052975183 0.0103507353 0.0052956681 0.0078022967 0.0068386268 0.0097060053 0.0095537699 0.0133717526 0.0111957219 0.0152515272 0.0069014321 0.0062164118 0.0094474919 0.003821357 0.0053493144 0.0014841622 0.0056036026 0.0108261277 0.0069845254 0.0049938725 0.0077696905 0.0057670138 0.0099898367 0.0052964495 0.0091630587 0.0047115765 0.0113205299 0.0025760455 0.0094225452 0.007869186 0.0031126609 0.006701011 0.0086545964 0.0036536082 0.0143531556 0.0115623934 0.0051139693 0.0067860053 0.0082535887 0.0085046212 0.0048635956 0.0035414257 0.0089007229 0.0060315743 0.0055412405 0.0055361505 0.0057599587 0.0073462944 0.0070070282 0.0074924482 0.002671693 0.0062100048 0.0105027441 0.0035619885 0.0089929253 0.0066769289 0.008737912 0.0036256069 0.0039066812 0.0143976618 0.0079038169 0.0053047936 0.0070550862 0.0141851029 0.0119084394 0.0124041762 0.0109594343 0.011936713 0.006918856 0.0039065671 0.0092409328 0.0049672162 0.0035081109 0.0099891305 0.0132142593 0.0057055492 0.0104445765 0.0119365022 0.009870919 0.0064581278 0.0097108004 0.0059133782 0.00529059 0.0104178176 0.0069953362 0.0067718097 0.0057632629 0.0077223384 0.0084318263 0.0086090819 0.0082463027 0.0067870136 0.0093488592 0.0079559685 0.0020473042 0.0089348834 0.0063899585 0.010468189 0.0111179327 0.0047534684 0.0093324966 0.0131839705 0.0137676777 0.0084370019 0.0090180077 0.0128318751 0.0027918408 0.0070055736 0.005378181 0.0092019065 0.011401357 0.0049372711 0.0135438875 0.0020337496 0.011142919 
5 0.0089626522 0.0049528411 0.0072012706 0.0085492262 0.006296972 0.0082952925 0.0048949046 0.0061456381 0.010203697 0.0066632368 0.0122485976 0.0037327109 0.0063981437 0.0052451331 0.0063323463 0.0147694563 0.0102734828 0.0112614721 0.0110869409 0.011617672 0.0055493606 0.0078499406 0.0060526825 0.0047346355 0.0106783198 0.0035015439 0.0071229293 0.0100588738 0.0041087871 0.0079914948 0.0043865515 0.0126432561 0.0057213399 0.0079442813 0.0066344278 0.0116928985 0.0069228631 0.0079578454 0.008861475 0.010388676 0.0082465418 0.0086647502 0.004399092 0.0034210662 0.0063840233 0.0124624734 0.0099082585 0.0031573013 0.0097568821 0.0061018892 0.0093483675 0.0080243077 0.0074496944 0.013558971 0.0086868469 0.00889242 0.0069337497 0.0075041018 0.0052439213 0.0064179668 0.0049849942 0.0088872764 0.0052029304 0.0026281714 0.0098235237 0.0123059174 0.0046144086 0.011001017 0.0082640898 0.0073041851 0.0063132635 0.0160486928 0.008263358 0.009053238 0.0078864754 0.0082186574 0.0157919099 0.0070349276 0.007967966 0.0081561523 0.0050791173 0.0059414907 0.0085084654 0.0027544828 0.0156813026 0.0096078315 0.0094714368 0.0093783122 0.0108466811 0.0084121558 0.0042230864 0.0064705087 0.0072590344 0.0121505667 0.010795235 0.0086725474 0.005410265 0.0028603544 0.0028753791 0.0098888259 0.0074311885 0.0040849462 0.0081650609 0.0077644246 0.0035758473 0.0077317928 0.0054714051 0.0065083962 0.0061036728 0.0108830091 0.0089032677 0.0043457831 0.0031031292 0.0062886459 0.0095550898 0.007560308 0.008644246 0.0074877538 0.0121041019 0.0120278886 0.0094703874 0.0025973352 0.008978947 0.009440005 0.0063445988 0.002972201 0.0083876506 0.0075341891 
6 0.0074249695 0.0054200864 0.0057978916 0.0061181275 0.0082952925 0.0013549723 0.0086152912 0.0085253694 0.0099892135 0.0072427299 0.0041585776 0.0043314526 0.0076408058 0.0037252786 0.0106979657 0.0106632233 0.0086687802 0.0069008154 0.0018730937 0.0107535486 0.0123866522 0.0105989488 0.0086112644 0.0031821459 0.0030960905 0.0103881414 0.0056495266 0.0091588642 0.0088986431 0.0066214166 0.0073863264 0.010839163 0.0051507384 0.0012953044 0.0140284857 0.0094403475 0.0058087736 0.006070034 0.0057898885 0.0065895893 0.0106738733 0.0097769909 0.0071745268 0.005746284 0.0114706209 0.0140540752 0.0161863083 0.0103191307 0.00504126 0.005529432 0.0140889175 0.0098362048 0.0071240078 0.0059261122 0.0040801974 0.0071197066 0.005956162 0.0053471853 0.0061570699 0.0076153088 0.0085829615 0.0074983894 0.0051778809 0.0133134309 0.0071069996 0.0135176248 0.0118844288 0.0058572538 0.0087068513 0.0071191929 0.0063099933 0.003099708 0.0103491246 0.0053828851 0.007522124 0.0054541337 0.010127618 0.0075971719 0.0088545396 0.0063213478 0.0069085633 0.0039199786 0.006425705 0.0069630865 0.0094609102 0.0063132624 0.0048837065 0.0112082766 0.0082434963 0.0080333736 0.0063214295 0.0102646973 0.0102909144 0.0128907092 0.0105224026 0.0026683597 0.0059267284 0.0091154651 0.0107197886 0.0102598682 0.0108325333 0.0083065018 0.0052661887 0.005139317 0.0040466495 0.0165509066 0.0077479112 0.0124442844 0.0099909585 0.0052929245 0.0095283289 0.0076781743 0.0032697747 0.0075472472 0.0073210629 0.0113852047 0.0063038958 0.0056789314 0.0066905502 0.0050933746 0.0079883931 0.011889019 0.0035846387 0.0041293455 0.0104650711 0.0106594751 0.0052133724 0.0104203789 
7 0.008481158 0.0111216346 0.0104812427 0.0076504738 0.0048949046 0.0086152912 0.0133529501 0.0082389626 0.0051640767 0.0059567703 0.0101529211 0.0066905932 0.0104536884 0.0107557756 0.0082365761 0.001961314 0.0081737023 0.010921709 0.0061189297 0.0153547699 0.0031013781 0.0086643758 0.0075757941 0.0049972205 0.0025277044 0.0099650076 0.005273132 0.0093045323 0.0054716896 0.0074523761 0.0074452284 0.0060448973 0.0108015685 0.0091536868 0.0069078821 0.0167197351 0.0072401933 0.0115711094 0.0053309545 0.0144247638 0.0069379221 0.0080183383 0.0086326662 0.0051846949 0.0052384541 0.0060576156 0.0111732643 0.0057937623 0.0097973641 0.0072349894 0.0056766953 0.0066277721 0.0083908619 0.0135283999 0.0087934126 0.0080795115 0.0065597591 0.0075678204 0.0110480755 0.0074254898 0.0079603865 0.0102387224 0.0056231201 0.0114714958 0.0089457708 0.0053698878 0.0077174175 0.0014727992 0.0077910452 0.0081869948 0.0053261787 0.0073937128 0.0073765303 0.0116229333 0.0038024656 0.003407127 0.0071779835 0.0048226142 0.0066220555 0.0110433944 0.0115227889 0.00771333 0.0090215482 0.0076356336 0.0030830552 0.0109023179 0.0063069504 0.005452135 0.0094673445 0.0087576601 0.0094416954 0.004535313 0.0032796288 0.0054904069 0.0099850977 0.0137217043 0.0050401862 0.0069837058 0.0126726454 0.0051231918 0.007832831 0.0082866277 0.0078809952 0.0126052328 0.0042379232 0.0054300856 0.0039525193 0.0068012508 0.0072255042 0.0097802911 0.0024655139 0.0084949775 0.0065854246 0.0061408701 0.0086082802 0.0046644242 0.0060795574 0.0067096602 0.0099016713 0.0174585382 0.011340731 0.0079803266 0.0090165419 0.0026575272 0.007733161 0.0132546032 0.0025582818 0.0042901309 
8 0.0097901378 0.0113310715 0.0055748159 0.0080787668 0.0061456381 0.0085253694 0.0082389626 0.0094678124 0.0089644608 0.0061009394 0.0120296258 0.0060697642 0.0067262416 0.0094175682 0.0093493356 0.0101327719 0.0083611849 0.004563831 0.0130535114 0.0094123792 0.0063339366 0.0045561076 0.011762719 0.0053560106 0.0066998828 0.0089109654 0.0099635446 0.0061082429 0.0090137158 0.0026292057 0.0145600144 0.0112173388 0.0064436415 0.0123083123 0.011588095 0.0062943499 0.0077289262 0.0048735387 0.0057717073 0.0063521041 0.0065614508 0.0041671426 0.0094648119 0.0066094365 0.0087336646 0.0085447991 0.005164164 0.0103108756 0.0058761861 0.011207714 0.0076420247 0.0090801577 0.0051711678 0.0097117588 0.0082991451 0.0071801363 0.0060057685 0.0046382563 0.0093741782 0.010887676 0.0093498961 0.0041378535 0.0084655218 0.0058485944 0.010612063 0.0088317431 0.0060398376 0.0097520397 0.0077471218 0.0019708219 0.0073416403 0.0050298305 0.0059701886 0.0076556092 0.0077654443 0.0086903787 0.009733597 0.0104486072 0.0067681545 0.0037087207 0.009066524 0.0089482985 0.005091991 0.0068723217 0.011182683 0.004043196 0.0086782522 0.0083162296 0.0114866081 0.0067416687 0.0100224289 0.0081218395 0.0059745132 0.0079858266 0.0025323313 0.0082905375 0.0074189138 0.0167881608 0.0060475067 0.0078902494 0.0045753395 0.0096572026 0.0067100032 0.0108585003 0.0076322724 0.0082818604 0.0064866053 0.0060114587 0.0063506951 0.0054404827 0.0106279536 0.0083805667 0.012279231 0.0052951569 0.0062595628 0.0078924816 0.0057440631 0.0106297103 0.0052544781 0.0068332831 0.0053564908 0.003383861 0.0127986919 0.0142168982 0.0025284685 0.0065087441 0.0073468055 0.0048543258 
9 0.0084485745 0.011022942 0.0082781998 0.0073600918 0.010203697 0.0099892135 0.0051640767 0.0089644608 0.0036522837 0.004941308 0.0116403384 0.00737419 0.0058903334 0.0132694487 0.0070790775 0.0081451406 0.0072162041 0.0040526534 0.0130838757 0.0086812916 0.0091850497 0.0058061357 0.0115637592 0.0057053071 0.007430437 0.0093511322 0.0091101751 0.0111750721 0.0106169216 0.0057812688 0.0104120419 0.0070931036 0.0097906706 0.0046339485 0.0035343336 0.0055335458 0.004741119 0.0062645821 0.0093651369 0.0111253355 0.0090147566 0.0046253623 0.0049614358 0.0108833172 0.0073571574 0.0067965262 0.013675384 0.0077379527 0.0068291301 0.0050736793 0.0131591221 0.0023156422 0.0082531115 0.0057076999 0.0059591596 0.0080590001 0.006376611 0.0069246697 0.0053270943 0.0059643353 0.008309583 0.0143616293 0.0097581235 0.0124620208 0.0108735968 0.0083400326 0.0065971864 0.0072344751 0.004567939 0.0066064997 0.0073032091 0.0100535001 0.0142591193 0.0054604734 0.0120512603 0.0079294679 0.0146847841 0.0079328432 0.0053119121 0.006194385 0.0088128914 0.006594708 0.0077975277 0.0054505836 0.0079108721 0.0102775449 0.0044607607 0.002841984 0.0079917116 0.0070664717 0.0081584818 0.0018402333 0.0091046565 0.0103192519 0.0028896367 0.0101297537 0.0056796398 0.0072945952 0.0071822028 0.0103103895 0.0077802795 0.0027814393 0.0056245513 0.0097985306 0.0060793797 0.0078971767 0.0149392303 0.0056751942 0.0036669462 0.0076377146 0.0077368988 0.0105372867 0.0114877192 0.0055694251 0.0054892154 0.0070656659 0.0063402321 0.0087223379 0.0107142149 0.006675298 0.0077030321 0.0055566149 0.0043138321 0.0062613987 0.0075832763 0.0026339578 0.0114213467 0.0122242428 
10 0.0088006059 0.0100295374 0.009499662 0.0041446112 0.0066632368 0.0072427299 0.0059567703 0.0061009394 0.004941308 0.0056693502 0.0052052975 0.0029417886 0.0071800262 0.0054514074 0.0038979999 0.0072439346 0.007167166 0.0097065467 0.0030753882 0.0099510102 0.0067604741 0.0086039014 0.0060773631 0.0063221102 0.0111862756 0.0088960163 0.0037223163 0.0107401812 0.0152076202 0.0074299349 0.010637693 0.0095744027 0.0075864968 0.0046498295 0.0052896503 0.0170830547 0.0082016812 0.0049489544 0.0045042388 0.0030265835 0.0106362834 0.0099080243 0.0092958285 0.0071968951 0.0105964955 0.0054867707 0.0088408868 0.0109786621 0.0080907026 0.0020341243 0.0057904315 0.0055690996 0.0083311169 0.0090752073 0.0029830133 0.0059242458 0.0034918066 0.0060478151 0.0059937754 0.0060642415 0.0104116368 0.0087499482 0.0051366035 0.0034095866 0.0094284642 0.0118438595 0.006978187 0.0095531267 0.0122967304 0.0066083757 0.0123981507 0.0084378048 0.010283906 0.0077580191 0.0083103108 0.0088231031 0.0101701811 0.0114139976 0.0078253588 0.0066943919 0.0120272087 0.0065801279 0.0064627964 0.0107369185 0.0104199042 0.0085395632 0.0121798248 0.0093259952 0.0084763571 0.0065472364 0.0118130791 0.0058875347 0.0067100258 0.0069930513 0.0154553281 0.0034459531 0.0040522446 0.0073195479 0.0141389917 0.0048999763 0.0073943859 0.0066395786 0.0105008159 0.0056366372 0.0070076192 0.0097884309 0.0117975869 0.0058292398 0.0131084413 0.009794855 0.0058787653 0.0047511112 0.0098562808 0.0061920113 0.0074308572 0.0088142416 0.0060261365 0.0065810592 0.0109625251 0.0066776581 0.0078417921 0.0111139832 0.0062992416 0.0082198362 0.0011507986 0.0080488528 0.0073543788 0.0071059513 
11 0.0042882652 0.0045593879 0.0092392871 0.0086223561 0.0122485976 0.0041585776 0.0101529211 0.0120296258 0.0116403384 0.0052052975 0.0062844423 0.0057902893 0.0132042754 0.0032509853 0.0083215396 0.0067962801 0.0101873668 0.0039429425 0.0038938928 0.0052239951 0.0064242676 0.0049053911 0.0058904976 0.005223285 0.0067702202 0.0029185877 0.012605484 0.0084802167 0.0058445043 0.0100039379 0.0117330072 0.005415238 0.0095834195 0.0051308219 0.0103666298 0.0133372268 0.0043056506 0.0077771455 0.0086245842 0.0029676281 0.0081147576 0.007620789 0.0063622573 0.0044671905 0.0078445007 0.0067134156 0.0040727022 0.0074342093 0.0104954445 0.011822883 0.0051307093 0.0059600146 0.0119914534 0.0100317908 0.0083104947 0.0074246209 0.00974475 0.0072951955 0.0056120746 0.0116717501 0.008301053 0.0053432979 0.0100299888 0.00454361 0.0079584935 0.0133348468 0.0099815356 0.0113990999 0.0128135768 0.0086363773 0.0069155239 0.0076335332 0.0129424071 0.007243946 0.011828018 0.0107381487 0.0165606246 0.0076911241 0.0089794858 0.0033176974 0.006482025 0.006660243 0.0041543283 0.0062391294 0.004061038 0.0054413245 0.0061552971 0.00790757 0.0070735225 0.0109754097 0.0079668985 0.0039748773 0.0104827793 0.0100360318 0.0100360643 0.0052576491 0.0087878539 0.0093993716 0.0098473326 0.0111695393 0.0085280793 0.0115124643 0.0123775629 0.00435222 0.0053857874 0.0036869257 0.0100972835 0.0075913639 0.014483426 0.0038901222 0.0052192325 0.0070361505 0.0060779611 0.0110758594 0.0100440386 0.0061281555 0.0077117309 0.0106858686 0.0055929462 0.008100284 0.006046862 0.0038226392 0.0054351901 0.0055995402 0.0044750306 0.0039178793 0.0078244108 0.0095309008 
12 0.0062672203 0.0058781697 0.0073035781 0.0095408692 0.0037327109 0.0043314526 0.0066905932 0.0060697642 0.00737419 0.0029417886 0.0057902893 0.0041440856 0.0070781496 0.0104920491 0.0111210332 0.0052983406 0.0094645533 0.0105120408 0.0100727038 0.0162495228 0.0077904929 0.0055168111 0.00876169 0.0118820095 0.0066987207 0.0054192934 0.0118077562 0.007835692 0.008433474 0.0095757507 0.0126343586 0.0108568451 0.0082128321 0.0060499091 0.0051508681 0.00482187 0.0096981034 0.0094184374 0.004843081 0.0101059957 0.0060099818 0.0084831222 0.0075056474 0.0144718989 0.0073031042 0.0090390822 0.0055738371 0.0037607597 0.0170835131 0.0105484765 0.0102341836 0.0076421085 0.0022256568 0.0063360531 0.0066737941 0.0108143368 0.0053558662 0.0058636552 0.006781698 0.0071438631 0.0065255529 0.0087278848 0.0060294425 0.0107295453 0.0101324953 0.0066537899 0.0039394908 0.0088471426 0.0096648578 0.0096247488 0.004653102 0.0075610342 0.0066735449 0.0123566471 0.0034602169 0.0068855154 0.0064446336 0.0064751266 0.0055655413 0.0104728508 0.0078883358 0.0051027761 0.0047909226 0.0145215967 0.0105740112 0.0112110495 0.0076870568 0.0022471331 0.006110005 0.0082675735 0.0118255458 0.0047706354 0.0041872992 0.0078362144 0.0061053137 0.0114534686 0.012373692 0.0167921046 0.0076547119 0.0048039928 0.0046859121 0.010488591 0.0031783689 0.006017077 0.0057815209 0.0138130009 0.0058722311 0.0077208411 0.0049606163 0.0073188888 0.0058751788 0.0030777229 0.003781047 0.0099199378 0.0117359355 0.0098404209 0.0065996309 0.0087906438 0.0041724124 0.009497606 0.0108026301 0.0058521049 0.0068998073 0.0070994273 0.0114227202 0.0061865169 0.0045782231 0.0116866488 
13 0.0052408309 0.0058819772 0.0061575747 0.0058784375 0.0063981437 0.0076408058 0.0104536884 0.0067262416 0.0058903334 0.0071800262 0.0132042754 0.0070781496 0.0073728859 0.0075618739 0.0085143595 0.0083010978 0.008163961 0.0078366002 0.0092369078 0.0044299177 0.0050747685 0.0033304231 0.0022660958 0.002954209 0.0047080636 0.0065266103 0.011294645 0.0055223934 0.0052137611 0.0075656665 0.0082636037 0.0151282425 0.0068156036 0.014335613 0.0099613165 0.0035546778 0.0056012104 0.0015666216 0.0060958194 0.0077113733 0.0062344981 0.011596579 0.0056793282 0.0064198362 0.0072137177 0.013165692 0.0034095668 0.0085948544 0.0106592978 0.0064376982 0.0083370762 0.0117409448 0.0080584625 0.0086284664 0.0086547051 0.0061776296 0.0073566662 0.0066432855 0.0159619511 0.0080969093 0.003651396 0.0073279206 0.0021008571 0.0087409906 0.007802624 0.0124806456 0.0086945149 0.0080357587 0.0090956141 0.0047095463 0.0121119443 0.0071091942 0.0038274553 0.0098097364 0.0081918409 0.0067363757 0.0081364033 0.0080725287 0.0070325455 0.0064306988 0.007593892 0.0034962198 0.0081867053 0.0112063477 0.0132088933 0.006661875 0.0074480987 0.006679391 0.0073437701 0.0089454133 0.0113547314 0.0094052137 0.0047922761 0.0102727928 0.0124396184 0.0091544983 0.0046710911 0.0070477224 0.004928301 0.0162329597 0.013041189 0.0055778771 0.0055847302 0.0114320174 0.0068172942 0.0145336052 0.0057934645 0.0064555034 0.0053426543 0.0082664322 0.0066466209 0.0087990896 0.007521758 0.0064226936 0.0053756358 0.0071781118 0.0062120855 0.008450661 0.0072627197 0.0076268491 0.0087414095 0.0085683039 0.0070062006 0.0073312086 0.0107741921 0.0154405474 0.0058713071 0.0090514644 
14 0.0062078266 0.0066210593 0.0109020805 0.0052975183 0.0052451331 0.0037252786 0.0107557756 0.0094175682 0.0132694487 0.0054514074 0.0032509853 0.0104920491 0.0075618739 0.0045380916 0.0107724436 0.00936623 0.0057471343 0.0074231075 0.0060850853 0.012238859 0.0081207994 0.0053098527 0.0064584343 0.013051842 0.0103305322 0.0072060139 0.0061508581 0.0054346206 0.0105485576 0.0077174612 0.0083013358 0.0132377702 0.0047767914 0.009680735 0.0121378573 0.0085952013 0.0043808987 0.0065732505 0.0150135171 0.0056986825 0.0085719028 0.0094278797 0.013258081 0.0104635517 0.007270442 0.0060171021 0.0078851 0.0114994806 0.0092300543 0.0047241005 0.0033572226 0.0072294523 0.0112711968 0.0066302269 0.0095265831 0.007671651 0.004321635 0.006542105 0.0073572041 0.0103131815 0.007625423 0.0063558244 0.0074967761 0.0064814284 0.0011989076 0.0069946643 0.0059373712 0.0040288547 0.0113490124 0.0058514991 0.0083645506 0.0022997794 0.0086001719 0.006112326 0.0168705032 0.0070313202 0.0041028995 0.0091260528 0.0052893474 0.0147758476 0.0090314551 0.0081856654 0.0138238822 0.0128308742 0.0053194387 0.0057700201 0.0082537193 0.0039592772 0.0076221844 0.0059316303 0.0066132006 0.0056394734 0.0099911217 0.0133160453 0.006997836 0.0064053359 0.0076299481 0.0114150187 0.003945037 0.0075483929 0.0087407571 0.0115523092 0.0041029161 0.0086133583 0.0072903124 0.0066574152 0.0068912464 0.0061992859 0.0062773962 0.0086089965 0.0031951349 0.0051035196 0.0073073934 0.0094652783 0.0053793114 0.0052207072 0.0129959645 0.0063351005 0.0028493555 0.0070421053 0.0121974127 0.011581392 0.0083772233 0.005961805 0.0051066582 0.0081341056 0.0104850023 0.0065442997 
15 0.0058338165 0.0078348872 0.0088036265 0.0103507353 0.0063323463 0.0106979657 0.0082365761 0.0093493356 0.0070790775 0.0038979999 0.0083215396 0.0111210332 0.0085143595 0.0107724436 0.0108462522 0.0072396914 0.0053135887 0.0124336253 0.0043416765 0.0079500924 0.0047801556 0.0082838513 0.007411222 0.0074789374 0.0094594202 0.0099488003 0.0085583121 0.0105709744 0.004450512 0.0093903716 0.0037044002 0.0075902196 0.013352798 0.0061952446 0.0101762108 0.0068772104 0.0085591533 0.0075085762 0.0089754564 0.0081259023 0.0085972874 0.004773556 0.0101836892 0.0065839443 0.0072141397 0.0060833239 0.0103532438 0.0073896014 0.0023027733 0.0115718285 0.0047280891 0.008574197 0.0151333286 0.0056728838 0.0074744138 0.0057767356 0.0089349169 0.0081173113 0.0066610377 0.0039144925 0.0055350631 0.0052710338 0.0102826198 0.0065365046 0.0058303603 0.0072739107 0.0064477465 0.0112525983 0.008770385 0.0070214685 0.0071190982 0.0123274433 0.0061147139 0.0076643645 0.0086018656 0.007900312 0.0115405013 0.010359518 0.0052416932 0.0060206405 0.0035674254 0.0080038582 0.0078524602 0.0076893946 0.0083531173 0.0043535751 0.0088213964 0.0074123295 0.0069898002 0.0092014352 0.0067903962 0.0087474234 0.0032737706 0.00601714 0.0033852956 0.0077952765 0.0046942679 0.0149982951 0.0040130587 0.0089458601 0.0068813011 0.0101808581 0.007901126 0.0070954899 0.0133877164 0.0081538985 0.007243809 0.0032074892 0.0072603015 0.0146760792 0.0063948824 0.0102264288 0.0111235031 0.0047500615 0.0103855637 0.0084072796 0.0046844701 0.0063840483 0.0082366809 0.0056364451 0.0174479905 0.007997066 0.0046560575 0.0046655389 0.0075824207 0.0055185548 0.007412177 0.0077761545 
16 0.0085697719 0.0091227177 0.0105461075 0.0052956681 0.0147694563 0.0106632233 0.001961314 0.0101327719 0.0081451406 0.0072439346 0.0067962801 0.0052983406 0.0083010978 0.00936623 0.0072396914 0.0013282541 0.0049932129 0.0023100597 0.0133635616 0.0127014491 0.0051497699 0.0019114252 0.0079481553 0.0127177016 0.0099260709 0.0053742155 0.0035060764 0.0079697601 0.0091773567 0.0092665802 0.0096973328 0.0076599654 0.0064858642 0.0082970982 0.0035842903 0.0078030962 0.0046241353 0.007342969 0.0045392666 0.0117060584 0.0128047543 0.0026377484 0.0100541384 0.0068605718 0.0141782168 0.0085053306 0.0063740419 0.0039715738 0.0157121679 0.0015647775 0.0088898717 0.0087669944 0.0034439619 0.0110458773 0.0058749369 0.0056227514 0.0059376481 0.003570491 0.0057589121 0.0057702725 0.0065665752 0.0106174667 0.0092799206 0.004042112 0.0081591998 0.0075534557 0.0044328248 0.0067513016 0.009560122 0.0031911202 0.0066743546 0.0059513601 0.0154301917 0.0087854012 0.0059591457 0.0078220588 0.0070784638 0.0068784073 0.0085132543 0.0084429233 0.0117120435 0.0084068391 0.0068838275 0.0079077018 0.0078178279 0.0051775422 0.0038495722 0.0097689992 0.0194623375 0.0061105014 0.0110524705 0.0056695609 0.014846056 0.0076713278 0.0087558812 0.0151761896 0.0048218215 0.0113295519 0.0068518216 0.0103345314 0.0106822626 0.0084607572 0.0090024755 0.0107032566 0.0071788975 0.0054175829 0.0073452128 0.0111108553 0.0093237493 0.0061802724 0.0077501068 0.0052262516 0.0036220518 0.0086415326 0.0033900105 0.0088310976 0.0097423815 0.0117199284 0.0106797259 0.0105999525 0.0080216661 0.0052883697 0.0088635766 0.0079826829 0.0046356371 0.0034704552 0.0047846944 0.0058679826 
17 0.0064970869 0.0088560779 0.0041570564 0.0078022967 0.0102734828 0.0086687802 0.0081737023 0.0083611849 0.0072162041 0.007167166 0.0101873668 0.0094645533 0.008163961 0.0057471343 0.0053135887 0.0049932129 0.0035039313 0.0090193277 0.0064607043 0.0066636775 0.0082399818 0.0065931928 0.0092798018 0.0060900946 0.0066344044 0.0112699225 0.0031525802 0.007120098 0.011913957 0.0050023072 0.0101364194 0.0089475982 0.0104715102 0.0074150077 0.0084228828 0.006893044 0.0036808325 0.0092767154 0.0072152149 0.0067603274 0.0054143161 0.0067716682 0.0068338206 0.0089074329 0.0078529773 0.003597433 0.0047396906 0.0032213303 0.0095351334 0.0048465614 0.0072862979 0.0052815499 0.0089691977 0.010631451 0.0092538217 0.0053794176 0.0056713442 0.012373441 0.0061670032 0.0085357031 0.0103654368 0.0075312743 0.0134957163 0.0048441319 0.0115036752 0.0100665029 0.0092378609 0.0057316153 0.0122783223 0.0032263487 0.0115342722 0.0116403328 0.0082208455 0.0064379725 0.0086743004 0.0088133896 0.0145489714 0.0046950631 0.007852915 0.0092195123 0.0091644031 0.0065458579 0.0023099637 0.0093889336 0.0075256682 0.0055984805 0.0079399738 0.0088747886 0.0055016904 0.0069975999 0.0044030633 0.003054143 0.0068037145 0.0095813401 0.0070678282 0.0100330123 0.0069441397 0.0066353205 0.0111281964 0.0054114851 0.0132855489 0.0127319792 0.0060723577 0.0089887899 0.0089145001 0.0074574695 0.0095464612 0.0064997742 0.0068405677 0.0069658019 0.0048248939 0.0105280579 0.0088233175 0.0075911173 0.0086791633 0.0062399426 0.0065388711 0.0124591702 0.0141403105 0.0068647029 0.0090510026 0.0065135649 0.0084803407 0.0133399114 0.0057543355 0.0033890414 0.0073807943 0.0087941693 
18 0.0080060013 0.0053442474 0.0103302877 0.0068386268 0.0112614721 0.0069008154 0.010921709 0.004563831 0.0040526534 0.0097065467 0.0039429425 0.0105120408 0.0078366002 0.0074231075 0.0124336253 0.0023100597 0.0090193277 0.0069436686 0.0114787296 0.005786164 0.0028039918 0.0101922987 0.005362733 0.0060047534 0.0066669564 0.0076826678 0.0044932718 0.0061137646 0.0109051719 0.0083353868 0.0098561059 0.0070302696 0.0067060868 0.0112228336 0.0085697686 0.0065651859 0.0108171454 0.0084471617 0.0053369902 0.0030638564 0.0170246993 0.0114005575 0.007174257 0.004497228 0.0056177248 0.0080756555 0.0093529407 0.007763693 0.0073736168 0.0091928793 0.0091512161 0.0056876244 0.0046969457 0.0096419379 0.0072600033 0.0049799853 0.0067273462 0.0117224757 0.0037683428 0.0097448488 0.0088458963 0.0025781553 0.0111216035 0.0088124564 0.0104240122 0.0042800481 0.0079159282 0.0034917961 0.0030606974 0.0045830168 0.006249458 0.0118463392 0.0089635105 0.0075283614 0.0080354467 0.0074843748 0.0072592467 0.0108172097 0.0032508739 0.011357074 0.0036893753 0.0078328294 0.0029875118 0.0061717899 0.0040611575 0.0103811343 0.0149987438 0.0065206465 0.0082413053 0.0083581349 0.0097774897 0.003921397 0.0113263764 0.0071538941 0.0067776754 0.011414451 0.0120617529 0.0071861181 0.0062297053 0.0063880138 0.0113489894 0.0098963894 0.004162632 0.0091066638 0.0058065378 0.0088570378 0.0051669186 0.0134640921 0.0076943971 0.0061031681 0.0075254017 0.0073205737 0.0126144492 0.0125595629 0.0088845334 0.0064208179 0.0078645218 0.0067727132 0.0079710038 0.0063577916 0.004449831 0.010359658 0.006496144 0.0142225985 0.0117107922 0.0103672069 0.0068575075 0.0036102241 
19 0.0086102916 0.0106594617 0.0060303639 0.0097060053 0.0110869409 0.0018730937 0.0061189297 0.0130535114 0.0130838757 0.0030753882 0.0038938928 0.0100727038 0.0092369078 0.0060850853 0.0043416765 0.0133635616 0.0064607043 0.0114787296 0.0079853545 0.0065460804 0.004419522 0.0073864987 0.0028984216 0.0045677064 0.0147116418 0.0048868971 0.0079123524 0.005707308 0.0072271806 0.0072642975 0.0068490076 0.0051060388 0.0110363308 0.008692024 0.0089087598 0.0103852683 0.0062510423 0.0063577807 0.0110836488 0.0055010797 0.0109448305 0.00501607 0.005646327 0.0060282145 0.0056827847 0.0030870546 0.0104084385 0.0044352614 0.0059755942 0.0107942031 0.0038017092 0.0074617683 0.0147887747 0.0058760223 0.0048017256 0.0095947053 0.0126510754 0.006728383 0.0018731509 0.0090409817 0.0055266613 0.0088432429 0.009084671 0.0084975625 0.0036251179 0.0119457565 0.006322083 0.003884715 0.0060446403 0.0080460754 0.0107283734 0.0123283617 0.0059555569 0.0082312603 0.0091657227 0.0076963801 0.0112469926 0.0059202604 0.0012758946 0.0098739472 0.0054914252 0.0070318906 0.0075145597 0.0068256313 0.005010233 0.0049262902 0.0067355241 0.0137546944 0.0098414267 0.0077239182 0.0051720364 0.013044115 0.0066266287 0.0136411052 0.0125156801 0.0062665284 0.007931532 0.0049234076 0.0083426989 0.0099695539 0.0044976262 0.0098026033 0.0091800625 0.0087519139 0.0107244635 0.0091861949 0.0127090173 0.00554156 0.0071527241 0.0065927201 0.0043248182 0.0073187566 0.0101722338 0.0018010485 0.0146470639 0.0077963919 0.0089916277 0.0069245714 0.0093537542 0.0098952582 0.0087122255 0.0078189811 0.0102805902 0.0073526452 0.00688086 0.0062527933 0.0108437928 0.0044091057 
20 0.007578884 0.004492931 0.0105359542 0.0095537699 0.011617672 0.0107535486 0.0153547699 0.0094123792 0.0086812916 0.0099510102 0.0052239951 0.0162495228 0.0044299177 0.012238859 0.0079500924 0.0127014491 0.0066636775 0.005786164 0.0065460804 0.006651715 0.0049198247 0.0083557672 0.0046374617 0.0038249606 0.0148270459 0.0090241906 0.0070931061 0.0084598125 0.009055094 0.0106364449 0.0059018528 0.0095326396 0.0065701582 0.0061423168 0.0081212658 0.0073424649 0.0100807155 0.0055725273 0.0045791116 0.0078582159 0.0162910095 0.0043472193 0.0148297908 0.0058034964 0.0131886816 0.0043035847 0.0077133663 0.0043841961 0.0075926663 0.008822297 0.0100571027 0.0038033774 0.0043092468 0.0032475871 0.0134262701 0.0130632818 0.0044290002 0.0088735452 0.0072463287 0.0031951188 0.0034926708 0.0061032638 0.0104615827 0.0062691696 0.0085439132 0.0086493056 0.0041332834 0.0061198342 0.0035317748 0.0021501517 0.0029077283 0.0051272272 0.0102428987 0.0093524382 0.0107538728 0.0078293263 0.0045721605 0.0095043032 0.0079534592 0.0077936972 0.0150605723 0.0118870499 0.0066533369 0.0197367729 0.0069631456 0.0089492295 0.0041385728 0.0151579889 0.0108455752 0.0081535358 0.0023522031 0.0091866512 0.0065010378 0.0046187695 0.0056291838 0.0008707047 0.0055186214 0.0052787865 0.0056779087 0.0091516426 0.0098406156 0.0066381649 0.0039581225 0.0095091067 0.0129413046 0.0088901165 0.005704478 0.0059680061 0.002297174 0.0118917081 0.0088470546 0.00456845 0.0069448971 0.0073437255 0.0084175679 0.0057894482 0.0112770956 0.0035867822 0.0054239677 0.0096897291 0.00970932 0.0083194656 0.0067178101 0.0072022528 0.0052311782 0.0095868438 0.0043506669 0.00769577 
21 0.0055512798 0.0064236659 0.0067657555 0.0133717526 0.0055493606 0.0123866522 0.0031013781 0.0063339366 0.0091850497 0.0067604741 0.0064242676 0.0077904929 0.0050747685 0.0081207994 0.0047801556 0.0051497699 0.0082399818 0.0028039918 0.004419522 0.0049198247 0.0124344047 0.0056279005 0.0080313131 0.004539592 0.0085214211 0.0089859388 0.0118992591 0.004034777 0.0118142341 0.0058671673 0.0111167004 0.0088182308 0.0075134286 0.007708506 0.0016847665 0.0088760246 0.0061106294 0.0047618058 0.0103606418 0.0122271587 0.0064599988 0.0078860479 0.0037226105 0.0075772511 0.0049742616 0.0096011302 0.010731995 0.0087867034 0.0050473675 0.0060857359 0.0118357037 0.0102363353 0.0068634645 0.0072819505 0.0044761964 0.0080473118 0.0069638327 0.0058364105 0.0114536398 0.0091133648 0.0069839974 0.0095084117 0.0077011322 0.0101932835 0.0138454681 0.0079285356 0.0094382089 0.0113544126 0.012843908 0.0073298557 0.0078526611 0.0079368231 0.0093955187 0.0083193897 0.0108915884 0.0071427768 0.0070927432 0.0136045784 0.0071748928 0.0031125849 0.0068946524 0.0065072758 0.0077100137 0.0059402014 0.0080231816 0.0063705148 0.0056934347 0.0050102134 0.0132908247 0.0069021297 0.0055273392 0.0088671076 0.0105009186 0.0028751763 0.0055581619 0.0107385365 0.0063504791 0.0085180642 0.0069992699 0.0095835432 0.0116473757 0.0111836775 0.0162960868 0.001041031 0.0109910545 0.0071893778 0.0057437546 0.012952304 0.0053862297 0.0032505326 0.0042616023 0.0120827402 0.0111748647 0.0035688643 0.0066512461 0.0039188957 0.0104231981 0.0076303236 0.0069850941 0.0083541 0.0058306606 0.0048035741 0.0089921275 0.0075791494 0.0106415647 0.0100067121 0.0072256747 0.0096082824 
22 0.003665316 0.0055408231 0.0094601931 0.0111957219 0.0078499406 0.0105989488 0.0086643758 0.0045561076 0.0058061357 0.0086039014 0.0049053911 0.0055168111 0.0033304231 0.0053098527 0.0082838513 0.0019114252 0.0065931928 0.0101922987 0.0073864987 0.0083557672 0.0056279005 0.0113962386 0.0088817241 0.0047402163 0.0090270706 0.0063850059 0.0041156778 0.0120880676 0.0053930848 0.0075292374 0.0024439666 0.0121449869 0.0052272521 0.0120570893 0.0110667408 0.0107144365 0.006901307 0.0085586959 0.0082936733 0.0038348681 0.0084751392 0.0077301447 0.0020956006 0.0078143609 0.0111971963 0.0056229547 0.002680117 0.0048409843 0.0049871686 0.0034671338 0.0146966714 0.0052414363 0.0129831432 0.0093705863 0.0118655087 0.0053497251 0.0100452005 0.0085730226 0.0062295511 0.009865973 0.0101171494 0.0079394603 0.0062646614 0.0147520031 0.0065250698 0.004431091 0.0091314866 0.0078857143 0.010843107 0.0077528457 0.0117786987 0.0065898829 0.0046563045 0.0069880125 0.0079081901 0.0158350488 0.0028897184 0.0105942426 0.0095895486 0.0048171436 0.0058207668 0.0098016429 0.0057440806 0.0033272462 0.0083681326 0.0057166595 0.0063488859 0.0057361854 0.0127915019 0.00504177 0.0085689746 0.0092678467 0.0081420628 0.0072332617 0.0087055212 0.010966187 0.0057388269 0.0083610246 0.0067896266 0.0119296089 0.0091680776 0.0068870857 0.0108534317 0.0064042052 0.0063215777 0.0075713056 0.0076809355 0.0104559206 0.0072850905 0.0062565274 0.0109604609 0.0117442828 0.004114441 0.0083497496 0.0074691523 0.0075092008 0.0088326291 0.0103908859 0.0034718003 0.0070454409 0.009258206 0.0095490451 0.006542886 0.0053211132 0.003661721 0.0064984734 0.0184399248 0.0129814039 
23 0.0042231877 0.0132336211 0.0068551648 0.0152515272 0.0060526825 0.0086112644 0.0075757941 0.011762719 0.0115637592 0.0060773631 0.0058904976 0.00876169 0.0022660958 0.0064584343 0.007411222 0.0079481553 0.0092798018 0.005362733 0.0028984216 0.0046374617 0.0080313131 0.0088817241 0.0062559123 0.0112571105 0.0079571471 0.0080815851 0.0091239117 0.0080671035 0.0051817537 0.008864447 0.0087148476 0.0075250261 0.0065837005 0.0121163594 0.0075600853 0.0046182399 0.0106737836 0.0099936239 0.0052848213 0.0090656635 0.0059328495 0.0129331253 0.0088830299 0.0057418604 0.0087330765 0.0132535196 0.0046470185 0.0054870211 0.0047408139 0.0108899976 0.0046163044 0.0093548353 0.0152302645 0.0084702247 0.0101696575 0.0146266309 0.0072409923 0.013010795 0.0120826591 0.0092992997 0.0048120753 0.0116851116 0.0031373794 0.0051886727 0.0104815508 0.0053629896 0.0057552698 0.0107958846 0.0077736999 0.0022072058 0.004839813 0.0136161202 0.0053548455 0.0052878769 0.0085360606 0.0084546914 0.0064738133 0.0038073405 0.0071258723 0.0090743972 0.0092145405 0.0143442141 0.0059861136 0.0129126563 0.005023423 0.0063889358 0.0043175709 0.0059716075 0.0068694959 0.00830679 0.0048892223 0.0085080093 0.0065073189 0.0113229534 0.0051899917 0.0119658184 0.0053987711 0.0060216748 0.0068166248 0.0084019614 0.0058030782 0.0083252976 0.0035810904 0.008892725 0.0103529976 0.008655465 0.0044651586 0.0028267636 0.0089824329 0.0076077674 0.0087127897 0.0122636924 0.0051880091 0.0077295845 0.0061397355 0.0060535529 0.0064054325 0.0060517915 0.0042911175 0.0111085054 0.0033527566 0.0113585751 0.0089909558 0.0083494574 0.0081283819 0.0062089787 0.0037638767 0.0109779354 
24 0.0046704478 0.0084711076 0.0087862857 0.0069014321 0.0047346355 0.0031821459 0.0049972205 0.0053560106 0.0057053071 0.0063221102 0.005223285 0.0118820095 0.002954209 0.013051842 0.0074789374 0.0127177016 0.0060900946 0.0060047534 0.0045677064 0.0038249606 0.004539592 0.0047402163 0.0112571105 0.0099435966 0.0027013555 0.0124874919 0.0072751679 0.006788954 0.0106516072 0.0083617513 0.0177701464 0.0035433405 0.0086735808 0.0061944589 0.0096915701 0.014755523 0.0151455111 0.0077428228 0.0104296084 0.0098157102 0.0127770758 0.0079404588 0.0049435871 0.004914268 0.0097057374 0.0098165346 0.0058954005 0.0085296621 0.0127620177 0.0083976169 0.0066616357 0.007504388 0.0096564743 0.0140608692 0.0052056011 0.002656419 0.0045755199 0.0100910887 0.0084403203 0.008311479 0.0087876548 0.0073246846 0.0067332673 0.0088400972 0.0073472478 0.0067692444 0.0149655414 0.0133780023 0.0158831388 0.0060628569 0.00982022 0.0063585432 0.0043204372 0.0029061366 0.0069252143 0.0094626364 0.0085419972 0.0024100273 0.0097379328 0.0053848487 0.0078370622 0.0076237345 0.0086956435 0.0051143088 0.0036536423 0.0070647476 0.0109562619 0.0028223106 0.0105276679 0.0053177758 0.006164314 0.0102245492 0.0072429231 0.0079813723 0.0050227584 0.0058871413 0.0089617593 0.0105115747 0.003636998 0.0069795512 0.0078421553 0.0120023228 0.0079360742 0.0038584451 0.0115391693 0.0048114013 0.0077560409 0.0117010639 0.005427889 0.0014454975 0.0051935731 0.0019537161 0.0070788489 0.004147917 0.010515796 0.0109666751 0.0045898096 0.0094038485 0.0104993954 0.007616178 0.0133077515 0.0120870715 0.0069030531 0.0110182275 0.0096277531 0.0098106443 0.0065929399 0.0019034446 
