25
1 0.0 0.0450195984 0.0616687522 0.0306163001 0.0291680533 0.0399635364 0.0464224768 0.0355009858 0.0587295652 0.0063384448 0.0575880865 0.0400329435 0.0304706931 0.0489314269 0.0600750182 0.0665616354 0.056041532 0.0201479457 0.0304054921 0.0419486045 0.0440348668 0.0646329389 0.0328273714 0.0272953231 0.025578409
2 0.0450195984 0.0 0.0396621659 0.0588940736 0.0275737784 0.0320422013 0.0449477661 0.0293734615 0.0240551068 0.0144403836 0.0375144589 0.0471565122 0.0570048869 0.0475593179 0.0464241076 0.0563292286 0.0636656405 0.0501116861 0.0416582327 0.0489932185 0.0462762891 0.0222613489 0.0095683008 0.062456512 0.0470117238
3 0.0616687522 0.0396621659 0.0 0.0585847737 0.0767185103 0.0402419184 0.0323348811 0.0369669635 0.0268979175 0.0717306592 0.0064349536 0.0347550511 0.0022195634 0.0449286604 0.0602333893 0.0776576179 0.0196578525 0.0547552347 0.0293560303 0.0371509528 0.0605254875 0.0599669847 0.0286223243 0.0242642016 0.014665154
4 0.0306163001 0.0588940736 0.0585847737 0.0 0.013111688 0.0524631148 0.0391554976 0.0409380501 0.0254789507 0.0542441148 0.0498285267 0.0037331325 0.0565615977 0.062545982 0.0644674807 0.0246614541 0.0443189578 0.067615033 0.0406398262 0.0346506585 0.0268586106 0.0342148157 0.0228486726 0.0495513204 0.044017368
5 0.0291680533 0.0275737784 0.0767185103 0.013111688 0.0 0.0387935461 0.0166633207 0.0536300603 0.0379947376 0.0299046463 0.0334566836 0.0266597951 0.008987311 0.0415738738 0.0391812148 0.0105651794 0.0559164315 0.047444118 0.0491138175 0.0636918849 0.0418618424 0.0581079892 0.0594360605 0.0528102137 0.0876352439
6 0.0399635364 0.0320422013 0.0402419184 0.0524631148 0.0387935461 0.0 0.0753253033 0.0251722592 0.0431190029 0.0508774422 0.0369705929 0.0256369179 0.0372799479 0.066456058 0.0086699399 0.046706537 0.0500090483 0.0640214403 0.0375046135 0.0299116423 0.0399801136 0.0317040518 0.0504965954 0.0358417803 0.0408123964
7 0.0464224768 0.0449477661 0.0323348811 0.0391554976 0.0166633207 0.0753253033 0.0 0.0724165873 0.0281298682 0.0645278681 0.0361823706 0.033896247 0.0524814583 0.0292291209 0.0089964827 0.0547932874 0.0327352838 0.0435294997 0.0168482202 0.0259269675 0.0596794475 0.0419300514 0.0783092208 0.0034304216 0.0621083512
8 0.0355009858 0.0293734615 0.0369669635 0.0409380501 0.0536300603 0.0251722592 0.0724165873 0.0 0.0303890592 0.0181913082 0.0551514633 0.0342625475 0.0521961926 0.0441513534 0.0524118435 0.0329187448 0.0571144379 0.0545131508 0.0227951755 0.0397075555 0.0635479615 0.0309919739 0.0509208605 0.031593748 0.0351442563
9 0.0587295652 0.0240551068 0.0268979175 0.0254789507 0.0379947376 0.0431190029 0.0281298682 0.0303890592 0.0 0.0420563725 0.0695915828 0.0519661911 0.0490553086 0.0342275142 0.0739778307 0.0534609476 0.0449642816 0.0227731436 0.0131189787 0.0585026915 0.0401923974 0.0231813718 0.0606114123 0.0357555021 0.0517702654
10 0.0063384448 0.0144403836 0.0717306592 0.0542441148 0.0299046463 0.0508774422 0.0645278681 0.0181913082 0.0420563725 0.0 0.0430997318 0.0648467565 0.0516488812 0.0870712103 0.0098194851 0.0437106141 0.0433316499 0.0672465968 0.0429029984 0.0295012681 0.0431444731 0.0224002137 0.0307125902 0.0461875477 0.0220647436
11 0.0575880865 0.0375144589 0.0064349536 0.0498285267 0.0334566836 0.0369705929 0.0361823706 0.0551514633 0.0695915828 0.0430997318 0.0 0.0355711341 0.0302573262 0.0149408772 0.0505059992 0.0226188388 0.0202143668 0.0213221886 0.0642033178 0.0685758691 0.0274271773 0.0567277886 0.0786149435 0.0360290516 0.0471726706
12 0.0400329435 0.0471565122 0.0347550511 0.0037331325 0.0266597951 0.0256369179 0.033896247 0.0342625475 0.0519661911 0.0648467565 0.0355711341 0.0 0.0683583133 0.071874627 0.051621627 0.049221771 0.0220598831 0.0346740597 0.0663055632 0.0561296191 0.0215134418 0.0445358172 0.0313960235 0.0298439657 0.05394806
13 0.0304706931 0.0570048869 0.0022195634 0.0565615977 0.008987311 0.0372799479 0.0524814583 0.0521961926 0.0490553086 0.0516488812 0.0302573262 0.0683583133 0.0 0.0410049281 0.0576746476 0.0350579852 0.0289705754 0.0394225032 0.050987612 0.0453849368 0.0398224914 0.0312300529 0.0221027848 0.0596853545 0.0521346478
14 0.0489314269 0.0475593179 0.0449286604 0.062545982 0.0415738738 0.066456058 0.0292291209 0.0441513534 0.0342275142 0.0870712103 0.0149408772 0.071874627 0.0410049281 0.0 0.0358001377 0.0593165619 0.0561413206 0.031809207 0.0208145982 0.0098004444 0.0297955152 0.0335572747 0.0269066741 0.0302942867 0.0312690294
15 0.0600750182 0.0464241076 0.0602333893 0.0644674807 0.0391812148 0.0086699399 0.0089964827 0.0524118435 0.0739778307 0.0098194851 0.0505059992 0.051621627 0.0576746476 0.0358001377 0.0 0.0362522754 0.0297888152 0.0420075201 0.059165813 0.0580744373 0.013931174 0.0465643302 0.0179470328 0.0386253409 0.0377840572
16 0.0665616354 0.0563292286 0.0776576179 0.0246614541 0.0105651794 0.046706537 0.0547932874 0.0329187448 0.0534609476 0.0437106141 0.0226188388 0.049221771 0.0350579852 0.0593165619 0.0362522754 0.0 0.0414802456 0.0207347778 0.0294092391 0.0363394331 0.0401840779 0.0545134859 0.0139198325 0.0720448197 0.0215414098
17 0.056041532 0.0636656405 0.0196578525 0.0443189578 0.0559164315 0.0500090483 0.0327352838 0.0571144379 0.0449642816 0.0433316499 0.0202143668 0.0220598831 0.0289705754 0.0561413206 0.0297888152 0.0414802456 0.0 0.0256543433 0.0586528926 0.0589364765 0.0355657853 0.0208206992 0.0445789517 0.0475443724 0.0418361564
18 0.0201479457 0.0501116861 0.0547552347 0.067615033 0.047444118 0.0640214403 0.0435294997 0.0545131508 0.0227731436 0.0672465968 0.0213221886 0.0346740597 0.0394225032 0.031809207 0.0420075201 0.0207347778 0.0256543433 0.0 0.01410945 0.0297128349 0.0533481182 0.0435522731 0.0498263403 0.0488950497 0.0527734854
19 0.0304054921 0.0416582327 0.0293560303 0.0406398262 0.0491138175 0.0375046135 0.0168482202 0.0227951755 0.0131189787 0.0429029984 0.0642033178 0.0663055632 0.050987612 0.0208145982 0.059165813 0.0294092391 0.0586528926 0.01410945 0.0 0.060335628 0.070705454 0.039598392 0.0427483419 0.0477621168 0.0508581964
20 0.0419486045 0.0489932185 0.0371509528 0.0346506585 0.0636918849 0.0299116423 0.0259269675 0.0397075555 0.0585026915 0.0295012681 0.0685758691 0.0561296191 0.0453849368 0.0098004444 0.0580744373 0.0363394331 0.0589364765 0.0297128349 0.060335628 0.0 0.0394419531 0.0388926984 0.0234283132 0.0224349754 0.0425269368
21 0.0440348668 0.0462762891 0.0605254875 0.0268586106 0.0418618424 0.0399801136 0.0596794475 0.0635479615 0.0401923974 0.0431444731 0.0274271773 0.0215134418 0.0398224914 0.0297955152 0.013931174 0.0401840779 0.0355657853 0.0533481182 0.070705454 0.0394419531 0.0 0.0567060997 0.064463014 0.0235674701 0.0174267384
22 0.0646329389 0.0222613489 0.0599669847 0.0342148157 0.0581079892 0.0317040518 0.0419300514 0.0309919739 0.0231813718 0.0224002137 0.0567277886 0.0445358172 0.0312300529 0.0335572747 0.0465643302 0.0545134859 0.0208206992 0.0435522731 0.039598392 0.0388926984 0.0567060997 0.0 0.0419230982 0.0591748756 0.0428113743
23 0.0328273714 0.0095683008 0.0286223243 0.0228486726 0.0594360605 0.0504965954 0.0783092208 0.0509208605 0.0606114123 0.0307125902 0.0786149435 0.0313960235 0.0221027848 0.0269066741 0.0179470328 0.0139198325 0.0445789517 0.0498263403 0.0427483419 0.0234283132 0.064463014 0.0419230982 0.0 0.0777968328 0.039994408
24 0.0272953231 0.062456512 0.0242642016 0.0495513204 0.0528102137 0.0358417803 0.0034304216 0.031593748 0.0357555021 0.0461875477 0.0360290516 0.0298439657 0.0596853545 0.0302942867 0.0386253409 0.0720448197 0.0475443724 0.0488950497 0.0477621168 0.0224349754 0.0235674701 0.0591748756 0.0777968328 0.0 0.0371149178
25 0.025578409 0.0470117238 0.014665154 0.044017368 0.0876352439 0.0408123964 0.0621083512 0.0351442563 0.0517702654 0.0220647436 0.0471726706 0.05394806 0.0521346478 0.0312690294 0.0377840572 0.0215414098 0.0418361564 0.0527734854 0.0508581964 0.0425269368 0.0174267384 0.0428113743 0.039994408 0.0371149178 0.0
