32
1 0.0121281999 0.0279013595 0.0280912783 0.0238705522 0.024413032 0.0257629247 0.0330702171 0.0390058352 0.0267977607 0.0277527141 0.0366206403 0.0238859908 0.0241489543 0.0229318769 0.024185745 0.0281214177 0.02229126 0.0459565469 0.0255144608 0.0378900793 0.0177123546 0.015991786 0.0292413009 0.0403038146 0.0465973515 0.0309124653 0.0423972771 0.0623243093 0.0306076527 0.0474055418 0.0438986424 0.0322666582 
2 0.0279013595 0.0510796394 0.0545071369 0.0357191553 0.0193046527 0.023579351 0.0239336804 0.0078216249 0.0183969242 0.0324349767 0.0265381436 0.0165493001 0.0458909418 0.0132495155 0.0169221705 0.0169003091 0.0270265863 0.0396914488 0.0432722132 0.0380487272 0.0380826139 0.0501759701 0.0331487028 0.0388438066 0.0229250754 0.0579159356 0.0410425596 0.0236313563 0.0307813437 0.0289625581 0.0274952127 0.028227008 
3 0.0280912783 0.0545071369 0.0458692443 0.0354987939 0.0314238565 0.0252072748 0.0270161395 0.0163008094 0.0333529515 0.023201729 0.0165069348 0.0246271118 0.0173246692 0.0204156396 0.0130831858 0.0380504312 0.03293858 0.069281368 0.0150655833 0.0480726565 0.0524765597 0.0490728437 0.0095142998 0.032684968 0.0159342445 0.0149155989 0.0250372912 0.0348971259 0.0631691458 0.0224232964 0.0244032802 0.0396359716 
4 0.0238705522 0.0357191553 0.0354987939 0.0250686979 0.0357142013 0.0198740724 0.0208511775 0.0488187439 0.0426747825 0.0479620179 0.0277755897 0.0157615585 0.0348723121 0.029726677 0.0372425737 0.0080411267 0.0500530627 0.034990297 0.0256687241 0.0103224017 0.0396566507 0.0176298013 0.0302589086 0.0336854275 0.0221873474 0.0557353836 0.023722557 0.0400211518 0.0269027379 0.0431105904 0.0386096294 0.0179732965 
5 0.024413032 0.0193046527 0.0314238565 0.0357142013 0.0673248437 0.0230055096 0.0293263437 0.0329978005 0.0162121251 0.0364330672 0.026727464 0.0576323927 0.0172860488 0.0380937046 0.0148391179 0.033673543 0.0348571655 0.038618644 0.0257982282 0.0314401091 0.0406583069 0.0240141932 0.0775468749 0.027609319 0.0245117699 0.0412075243 0.021892348 0.0339900217 0.0160529533 0.0218242506 0.0208898194 0.0146807688 
6 0.0257629247 0.023579351 0.0252072748 0.0198740724 0.0230055096 0.0461122799 0.0249153968 0.0157190148 0.0473584398 0.054934187 0.0440260628 0.0273849972 0.0468837769 0.0252545383 0.0196413624 0.0204531969 0.0318041725 0.0265634356 0.0337920836 0.0436195807 0.0060816962 0.0205423557 0.0322568729 0.0338383488 0.0346444879 0.0422387966 0.0317971765 0.0193497845 0.0371586698 0.0409359044 0.0393179152 0.035946334 
7 0.0330702171 0.0239336804 0.0270161395 0.0208511775 0.0293263437 0.0249153968 0.0136249733 0.030742772 0.016876008 0.0394791698 0.0221158564 0.0736403695 0.0246081648 0.0429795526 0.0289647811 0.0329141687 0.0554921908 0.0429183753 0.0316413337 0.0233698743 0.0373605848 0.0575909258 0.0357812658 0.0347251212 0.0158452216 0.0302439658 0.0466490116 0.0111372826 0.0078857789 0.0312212883 0.0181296688 0.0349493393 
8 0.0390058352 0.0078216249 0.0163008094 0.0488187439 0.0329978005 0.0157190148 0.030742772 0.0283609913 0.017113023 0.0314821701 0.0438751391 0.0274675755 0.0458660128 0.0575342772 0.0306219223 0.024589034 0.0328762791 0.0134702764 0.0279677733 0.0400389121 0.0175059916 0.0663071259 0.0237851596 0.0240211357 0.039353666 0.0231389783 0.0537045556 0.0348651485 0.0060352236 0.0638357039 0.0263115258 0.0084657986 
9 0.0267977607 0.0183969242 0.0333529515 0.0426747825 0.0162121251 0.0473584398 0.016876008 0.017113023 0.0025108228 0.0186804772 0.0397439817 0.072298203 0.0115406217 0.0151743643 0.0236967174 0.0432671099 0.0317259068 0.042977377 0.0327293261 0.0233215217 0.0570315295 0.0189361405 0.019965352 0.0278907437 0.0279477117 0.0279179531 0.0248294629 0.0447669214 0.0425114511 0.0400986875 0.0390723603 0.0525832417 
10 0.0277527141 0.0324349767 0.023201729 0.0479620179 0.0364330672 0.054934187 0.0394791698 0.0314821701 0.0186804772 0.0142419369 0.0283246227 0.009440259 0.0394900122 0.0616535361 0.0495900829 0.0131165105 0.0236244637 0.0352834034 0.0208326617 0.0464339373 0.0129522855 0.045178031 0.0128231993 0.0188945322 0.0479190783 0.033551258 0.0175342924 0.0274332997 0.0195310839 0.0433971155 0.0319182297 0.0344756593 
11 0.0366206403 0.0265381436 0.0165069348 0.0277755897 0.026727464 0.0440260628 0.0221158564 0.0438751391 0.0397439817 0.0283246227 0.0035382384 0.0309101865 0.0222184855 0.0373691081 0.0343983732 0.0238127424 0.030002226 0.0366668673 0.0533555434 0.0314587199 0.0439468586 0.0412258619 0.0019523637 0.045093381 0.0169710036 0.0512356909 0.0460057429 0.038275246 0.0219963606 0.0393151001 0.021247431 0.0167500339 
12 0.0238859908 0.0165493001 0.0246271118 0.0157615585 0.0576323927 0.0273849972 0.0736403695 0.0274675755 0.072298203 0.009440259 0.0309101865 0.0119294998 0.0438663234 0.022208577 0.0278990666 0.0318069015 0.0202233855 0.0152059589 0.0197617492 0.0314540822 0.0068620998 0.0240304656 0.0277597484 0.0257018555 0.0420063245 0.0524583743 0.0421949979 0.0364271864 0.043495638 0.0231920693 0.0400452438 0.0318725078 
13 0.0241489543 0.0458909418 0.0173246692 0.0348723121 0.0172860488 0.0468837769 0.0246081648 0.0458660128 0.0115406217 0.0394900122 0.0222184855 0.0438663234 0.041212125 0.0498173694 0.0386628498 0.0337186557 0.0353923453 0.0238979567 0.0110013253 0.0216658111 0.0550249521 0.0240455555 0.03541433 0.0160397361 0.0204816052 0.0173539188 0.0462143009 0.0193421189 0.0341135793 0.0328729933 0.0164686019 0.0532635462 
14 0.0229318769 0.0132495155 0.0204156396 0.029726677 0.0380937046 0.0252545383 0.0429795526 0.0575342772 0.0151743643 0.0616535361 0.0373691081 0.022208577 0.0498173694 0.044633796 0.0408279507 0.026442234 0.0486521217 0.0289030096 0.0498892291 0.0196074342 0.0187677746 0.0215856185 0.0506248678 0.0074623488 0.0355278686 0.034995607 0.0135867173 0.0251488209 0.0361808261 0.013917282 0.0100891747 0.036748582 
15 0.024185745 0.0169221705 0.0130831858 0.0372425737 0.0148391179 0.0196413624 0.0289647811 0.0306219223 0.0236967174 0.0495900829 0.0343983732 0.0278990666 0.0386628498 0.0408279507 0.0246664773 0.0482299938 0.0431311593 0.0404102332 0.0309074998 0.0352160208 0.0228256406 0.0247148219 0.0259665038 0.0410965908 0.038473196 0.0153077411 0.0205172871 0.0315463453 0.0309620133 0.0348673279 0.0658588742 0.0247263744 
16 0.0281214177 0.0169003091 0.0380504312 0.0080411267 0.033673543 0.0204531969 0.0329141687 0.024589034 0.0432671099 0.0131165105 0.0238127424 0.0318069015 0.0337186557 0.026442234 0.0482299938 0.0161697056 0.0122330282 0.0393658421 0.0260219952 0.0268226581 0.0314013367 0.055276326 0.0759860426 0.0412169464 0.037615577 0.0282596092 0.0388982444 0.0336602183 0.0282858295 0.0119050927 0.0296630445 0.0440811281 
17 0.02229126 0.0270265863 0.03293858 0.0500530627 0.0348571655 0.0318041725 0.0554921908 0.0328762791 0.0317259068 0.0236244637 0.030002226 0.0202233855 0.0353923453 0.0486521217 0.0431311593 0.0122330282 0.0285462798 0.0117619134 0.0413686375 0.0176047558 0.0458284169 0.0577231394 0.0455850842 0.0276810662 0.0345087584 0.0139246129 0.0144799557 0.0211596045 0.0160073239 0.024282624 0.0214680947 0.0457457992 
18 0.0459565469 0.0396914488 0.069281368 0.034990297 0.038618644 0.0265634356 0.0429183753 0.0134702764 0.042977377 0.0352834034 0.0366668673 0.0152059589 0.0238979567 0.0289030096 0.0404102332 0.0393658421 0.0117619134 0.01909617 0.0142611026 0.0108085454 0.0214511462 0.0190469435 0.0287338478 0.0606355477 0.0296423042 0.0321707175 0.0338565776 0.0111744596 0.0531777814 0.0116427049 0.0361422266 0.0321969715 
19 0.0255144608 0.0432722132 0.0150655833 0.0256687241 0.0257982282 0.0337920836 0.0316413337 0.0279677733 0.0327293261 0.0208326617 0.0533555434 0.0197617492 0.0110013253 0.0498892291 0.0309074998 0.0260219952 0.0413686375 0.0142611026 0.0 0.0277656862 0.0569984637 0.0182795674 0.0476053502 0.067037516 0.0162177978 0.0117190091 0.0351173695 0.0364649698 0.0465869926 0.0115673999 0.0445045253 0.0512858825 
20 0.0378900793 0.0380487272 0.0480726565 0.0103224017 0.0314401091 0.0436195807 0.0233698743 0.0400389121 0.0233215217 0.0464339373 0.0314587199 0.0314540822 0.0216658111 0.0196074342 0.0352160208 0.0268226581 0.0176047558 0.0108085454 0.0277656862 0.0430957747 0.0365847275 0.0255841018 0.0779869198 0.0134606735 0.0482700515 0.017628535 0.0348174054 0.0328381471 0.022601929 0.0320234934 0.0177178022 0.0324289255 
21 0.0177123546 0.0380826139 0.0524765597 0.0396566507 0.0406583069 0.0060816962 0.0373605848 0.0175059916 0.0570315295 0.0129522855 0.0439468586 0.0068620998 0.0550249521 0.0187677746 0.0228256406 0.0314013367 0.0458284169 0.0214511462 0.0569984637 0.0365847275 0.035929371 0.0146503458 0.0307512632 0.0256304924 0.0435204202 0.0371215187 0.017336211 0.0511217821 0.01803699 0.0346907659 0.0275352663 0.0044655833 
22 0.015991786 0.0501759701 0.0490728437 0.0176298013 0.0240141932 0.0205423557 0.0575909258 0.0663071259 0.0189361405 0.045178031 0.0412258619 0.0240304656 0.0240455555 0.0215856185 0.0247148219 0.055276326 0.0577231394 0.0190469435 0.0182795674 0.0255841018 0.0146503458 0.024581331 0.0219312405 0.0303712601 0.0249343331 0.0177327374 0.0257646723 0.0372629543 0.0189627239 0.0353764996 0.0224068814 0.0490734458 
23 0.0292413009 0.0331487028 0.0095142998 0.0302589086 0.0775468749 0.0322568729 0.0357812658 0.0237851596 0.019965352 0.0128231993 0.0019523637 0.0277597484 0.03541433 0.0506248678 0.0259665038 0.0759860426 0.0455850842 0.0287338478 0.0476053502 0.0779869198 0.0307512632 0.0219312405 0.0373727243 0.0124306561 0.0265620321 0.0286760874 0.0110702316 0.0327211026 0.0222808486 0.0348114476 0.0172148801 0.002240491 
24 0.0403038146 0.0388438066 0.032684968 0.0336854275 0.027609319 0.0338383488 0.0347251212 0.0240211357 0.0278907437 0.0188945322 0.045093381 0.0257018555 0.0160397361 0.0074623488 0.0410965908 0.0412169464 0.0276810662 0.0606355477 0.067037516 0.0134606735 0.0256304924 0.0303712601 0.0124306561 0.0266745274 0.0360658249 0.0417493275 0.0449808536 0.0296249948 0.0300310782 0.0215971193 0.0363168751 0.0066041112 
25 0.0465973515 0.0229250754 0.0159342445 0.0221873474 0.0245117699 0.0346444879 0.0158452216 0.039353666 0.0279477117 0.0479190783 0.0169710036 0.0420063245 0.0204816052 0.0355278686 0.038473196 0.037615577 0.0345087584 0.0296423042 0.0162177978 0.0482700515 0.0435204202 0.0249343331 0.0265620321 0.0360658249 0.0320975426 0.0209594116 0.0254023825 0.0151809451 0.0549556371 0.0309156232 0.0422731757 0.0295522309 
26 0.0309124653 0.0579159356 0.0149155989 0.0557353836 0.0412075243 0.0422387966 0.0302439658 0.0231389783 0.0279179531 0.033551258 0.0512356909 0.0524583743 0.0173539188 0.034995607 0.0153077411 0.0282596092 0.0139246129 0.0321707175 0.0117190091 0.017628535 0.0371215187 0.0177327374 0.0286760874 0.0417493275 0.0209594116 0.0144072598 0.0433466028 0.0350564909 0.0301005737 0.0207989288 0.0371997469 0.0400196391 
27 0.0423972771 0.0410425596 0.0250372912 0.023722557 0.021892348 0.0317971765 0.0466490116 0.0537045556 0.0248294629 0.0175342924 0.0460057429 0.0421949979 0.0462143009 0.0135867173 0.0205172871 0.0388982444 0.0144799557 0.0338565776 0.0351173695 0.0348174054 0.017336211 0.0257646723 0.0110702316 0.0449808536 0.0254023825 0.0433466028 0.0369791303 0.020649248 0.0342256368 0.0311676371 0.0353641949 0.0194180689 
28 0.0623243093 0.0236313563 0.0348971259 0.0400211518 0.0339900217 0.0193497845 0.0111372826 0.0348651485 0.0447669214 0.0274332997 0.038275246 0.0364271864 0.0193421189 0.0251488209 0.0315463453 0.0336602183 0.0211596045 0.0111744596 0.0364649698 0.0328381471 0.0511217821 0.0372629543 0.0327211026 0.0296249948 0.0151809451 0.0350564909 0.020649248 0.0062660514 0.0428780671 0.0603423396 0.0239622839 0.0264802215 
29 0.0306076527 0.0307813437 0.0631691458 0.0269027379 0.0160529533 0.0371586698 0.0078857789 0.0060352236 0.0425114511 0.0195310839 0.0219963606 0.043495638 0.0341135793 0.0361808261 0.0309620133 0.0282858295 0.0160073239 0.0531777814 0.0465869926 0.022601929 0.01803699 0.0189627239 0.0222808486 0.0300310782 0.0549556371 0.0301005737 0.0342256368 0.0428780671 0.0500710257 0.0362785527 0.0257513239 0.0223832277 
30 0.0474055418 0.0289625581 0.0224232964 0.0431105904 0.0218242506 0.0409359044 0.0312212883 0.0638357039 0.0400986875 0.0433971155 0.0393151001 0.0231920693 0.0328729933 0.013917282 0.0348673279 0.0119050927 0.024282624 0.0116427049 0.0115673999 0.0320234934 0.0346907659 0.0353764996 0.0348114476 0.0215971193 0.0309156232 0.0207989288 0.0311676371 0.0603423396 0.0362785527 0.0034183294 0.026473809 0.0453279233 
31 0.0438986424 0.0274952127 0.0244032802 0.0386096294 0.0208898194 0.0393179152 0.0181296688 0.0263115258 0.0390723603 0.0319182297 0.021247431 0.0400452438 0.0164686019 0.0100891747 0.0658588742 0.0296630445 0.0214680947 0.0361422266 0.0445045253 0.0177178022 0.0275352663 0.0224068814 0.0172148801 0.0363168751 0.0422731757 0.0371997469 0.0353641949 0.0239622839 0.0257513239 0.026473809 0.0506318836 0.0416183763 
32 0.0322666582 0.028227008 0.0396359716 0.0179732965 0.0146807688 0.035946334 0.0349493393 0.0084657986 0.0525832417 0.0344756593 0.0167500339 0.0318725078 0.0532635462 0.036748582 0.0247263744 0.0440811281 0.0457457992 0.0321969715 0.0512858825 0.0324289255 0.0044655833 0.0490734458 0.002240491 0.0066041112 0.0295522309 0.0400196391 0.0194180689 0.0264802215 0.0223832277 0.0453279233 0.0416183763 0.0445128542 
