35
1 0.0 0.0335114134 0.0268236098 0.0402809656 0.0307876488 0.0149728207 0.0322720178 0.0337222403 0.0100953918 0.0527879236 0.0130745755 0.0333534775 0.0458033757 0.0152821237 0.0309439519 0.0452586189 0.0140625089 0.0503844468 0.0379902565 0.0077439047 0.0448864627 0.0228121125 0.0292615957 0.0500408138 0.0088354851 0.0438784261 0.0255890968 0.0134228133 0.0430505538 0.0235364837 0.0215919327 0.0134610411 0.0310974001 0.0334783185 0.0259061925
2 0.0335114134 0.0 0.0425913781 0.029653978 0.0391670697 0.0288096533 0.0141585159 0.0260138068 0.050952726 0.0335243459 0.0138237128 0.0522731285 0.031539165 0.0207639587 0.0355579363 0.0210572851 0.0159875457 0.0228487922 0.0297700485 0.0427001289 0.0188753867 0.0291550928 0.0280522209 0.0192954818 0.0292587114 0.0121715533 0.0317646581 0.0522052271 0.0032237895 0.0314719122 0.0218091915 0.0171234214 0.0493724609 0.0343784314 0.0371378721
3 0.0268236098 0.0425913781 0.0 0.013924117 0.0314438855 0.0200870847 0.0332881532 0.0274665528 0.0448955043 0.0140347561 0.0195060593 0.0311682583 0.0282533933 0.0505363587 0.0206051591 0.0395277559 0.044345052 0.0379185903 0.0126857051 0.0346324486 0.0282945362 0.0303484783 0.0177033344 0.0154150553 0.0355692167 0.0439613583 0.0365965292 0.0495463564 0.0086741197 0.0150457741 0.0263737013 0.0334612863 0.0243485333 0.0402800248 0.0206478737
4 0.0402809656 0.029653978 0.013924117 0.0 0.0297774479 0.0407540718 0.0341277941 0.0336323756 0.0482764206 0.040100287 0.0219320787 0.0417263141 0.0299781963 0.0424204225 0.0089998892 0.0203357587 0.0237648541 0.0507258101 0.0351833903 0.009847703 0.0253542483 0.0219981673 0.0402045112 0.021143228 0.0210565919 0.0322747069 0.0229250875 0.0138751615 0.0379371416 0.025995843 0.0107621211 0.0301914064 0.0057466883 0.0419080903 0.0531851324
5 0.0307876488 0.0391670697 0.0314438855 0.0297774479 0.0 0.0317747162 0.0341392171 0.0120666055 0.0284185275 0.0340821834 0.0218463326 0.0394283056 0.0238280847 0.016876775 0.0424455114 0.0088826564 0.0373126296 0.0109508905 0.0255470705 0.0174199126 0.037988698 0.0274577926 0.0126443145 0.0416115767 0.0411965804 0.0273990036 0.0385032711 0.0235503231 0.0447135955 0.0178493289 0.0211201287 0.0303982842 0.0535257083 0.0329170187 0.0329289051
6 0.0149728207 0.0288096533 0.0200870847 0.0407540718 0.0317747162 0.0 0.030134331 0.0328820573 0.0232214854 0.0168976253 0.0267897361 0.0156784339 0.0276619375 0.0301977341 0.0267884334 0.0412877915 0.0423552315 0.0018924201 0.0079463725 0.0338414834 0.0602752533 0.0359121803 0.0246826522 0.0308959508 0.0378163478 0.0289578929 0.0238202957 0.0510146492 0.0219592908 0.0267503205 0.0422131108 0.0284164576 0.0330377463 0.0300299317 0.0302445002
7 0.0322720178 0.0141585159 0.0332881532 0.0341277941 0.0341392171 0.030134331 0.0 0.0313949077 0.0577595219 0.0273184393 0.0154818051 0.0352069743 0.0394895883 0.030017991 0.0261541943 0.0271716333 0.0397835561 0.012571355 0.0335358243 0.0451733237 0.0369654469 0.0218734407 0.0324613224 0.0484869318 0.0195988572 0.0249471541 0.0175715546 0.0416431082 0.0130274061 0.0105087498 0.0311529003 0.044669884 0.0322854184 0.0145528337 0.0110758486
8 0.0337222403 0.0260138068 0.0274665528 0.0336323756 0.0120666055 0.0328820573 0.0313949077 0.0 0.0337728835 0.0445054539 0.0302954152 0.0216029768 0.0060575201 0.0248434284 0.0310334551 0.0450473288 0.0388115962 0.0200004246 0.0300236249 0.0388210011 0.0297873184 0.0249182123 0.0110201621 0.0122842461 0.0497265461 0.0307735139 0.0347515785 0.019727405 0.0225399357 0.0410921505 0.0463425233 0.0293801951 0.0192578627 0.0283382411 0.0380664545
9 0.0100953918 0.050952726 0.0448955043 0.0482764206 0.0284185275 0.0232214854 0.0577595219 0.0337728835 0.0 0.0098027949 0.0253516951 0.0397339759 0.0299073692 0.011063686 0.0086290229 0.0313516029 0.0070843145 0.0109877305 0.0369658884 0.0313827209 0.0219237781 0.02990111 0.0221394267 0.0245403768 0.0458129415 0.0268836565 0.0303412784 0.0401857194 0.028426714 0.0471690449 0.0192667099 0.048968655 0.0427595509 0.0032015353 0.0288262405
10 0.0527879236 0.0335243459 0.0140347561 0.040100287 0.0340821834 0.0168976253 0.0273184393 0.0445054539 0.0098027949 0.0 0.0341357372 0.0415009039 0.0319088658 0.0208871836 0.0297478781 0.0501990524 0.0373885523 0.0302201201 0.0352895661 0.0106410066 0.0170586435 0.0324663167 0.0456108126 0.031591674 0.0086065432 0.0438759157 0.0294425184 0.0230213728 0.0174025995 0.0195200899 0.0394009221 0.0292214123 0.0269641307 0.0151182643 0.025726109
11 0.0130745755 0.0138237128 0.0195060593 0.0219320787 0.0218463326 0.0267897361 0.0154818051 0.0302954152 0.0253516951 0.0341357372 0.0 0.0141846762 0.0294722312 0.0368035186 0.0413465258 0.0364220414 0.0281963271 0.0368952994 0.0429221778 0.0438048103 0.0189704095 0.042275556 0.0349512044 0.0198364467 0.0494844548 0.0284052557 0.0232633829 0.0374115981 0.0399451084 0.0488888364 0.0070211105 0.0239609236 0.0263211554 0.0149102815 0.0520695206
12 0.0333534775 0.0522731285 0.0311682583 0.0417263141 0.0394283056 0.0156784339 0.0352069743 0.0216029768 0.0397339759 0.0415009039 0.0141846762 0.0 0.0307436669 0.0396454101 0.024147888 0.0106426434 0.0308938919 0.0130132011 0.0043278191 0.0472418901 0.0254048368 0.0221353678 0.0473397339 0.0330289566 0.0306651056 0.0581539845 0.0282016436 0.037883824 0.033037632 0.0100375709 0.0037697308 0.0284822153 0.0051591278 0.0183860283 0.0518004062
13 0.0458033757 0.031539165 0.0282533933 0.0299781963 0.0238280847 0.0276619375 0.0394895883 0.0060575201 0.0299073692 0.0319088658 0.0294722312 0.0307436669 0.0 0.0337379439 0.0255239602 0.0413521002 0.0335748186 0.0258896699 0.0221773099 0.0373653895 0.014745321 0.0245402714 0.034212419 0.0521719047 0.0499180389 0.0065278176 0.0153056434 0.0288751612 0.0266152392 0.0161027671 0.0447598071 0.0296746643 0.0360648033 0.0362457754 0.0099757804
14 0.0152821237 0.0207639587 0.0505363587 0.0424204225 0.016876775 0.0301977341 0.030017991 0.0248434284 0.011063686 0.0208871836 0.0368035186 0.0396454101 0.0337379439 0.0 0.013501729 0.0037182961 0.0473046492 0.0304770362 0.042282296 0.0464532908 0.0510915923 0.0377466139 0.0535024776 0.0340353771 0.0291794662 0.0205741996 0.0409732045 0.0118280787 0.0176841427 0.0174354578 0.0139600637 0.0423176216 0.0268252311 0.0161991588 0.0298334828
15 0.0309439519 0.0355579363 0.0206051591 0.0089998892 0.0424455114 0.0267884334 0.0261541943 0.0310334551 0.0086290229 0.0297478781 0.0413465258 0.024147888 0.0255239602 0.013501729 0.0 0.037951644 0.0286569059 0.0202991839 0.040859256 0.0312557501 0.0408421369 0.0324879442 0.0162356199 0.0370489595 0.0286040246 0.0198724781 0.0436590692 0.0345272018 0.0236498926 0.0274044883 0.0370578117 0.0290541115 0.0335358973 0.0482597445 0.0233123455
16 0.0452586189 0.0210572851 0.0395277559 0.0203357587 0.0088826564 0.0412877915 0.0271716333 0.0450473288 0.0313516029 0.0501990524 0.0364220414 0.0106426434 0.0413521002 0.0037182961 0.037951644 0.0 0.0273534319 0.0116112275 0.0138132831 0.0194527903 0.0386264015 0.0242331929 0.0386251763 0.0154126195 0.0476904958 0.0325189992 0.0197143481 0.0213365683 0.043974103 0.0336904785 0.0256237492 0.0278447487 0.0430829694 0.015243402 0.0399458059
17 0.0140625089 0.0159875457 0.044345052 0.0237648541 0.0373126296 0.0423552315 0.0397835561 0.0388115962 0.0070843145 0.0373885523 0.0281963271 0.0308938919 0.0335748186 0.0473046492 0.0286569059 0.0273534319 0.0 0.0617841848 0.0248612237 0.0265836022 0.0360434332 0.0047596801 0.0098033103 0.0180567828 0.0125265428 0.0495464424 0.0359280105 0.0131885288 0.0251986225 0.0284344894 0.0244448164 0.0440794281 0.0358382855 0.0251166105 0.0269301407
18 0.0503844468 0.0228487922 0.0379185903 0.0507258101 0.0109508905 0.0018924201 0.012571355 0.0200004246 0.0109877305 0.0302201201 0.0368952994 0.0130132011 0.0258896699 0.0304770362 0.0202991839 0.0116112275 0.0617841848 0.0 0.0389303963 0.0418574535 0.0329140435 0.035162207 0.0568430397 0.0122414237 0.0178760329 0.0374227438 0.0083432054 0.0199553022 0.0482698801 0.0410841546 0.0297180001 0.015380815 0.0335031426 0.0416822413 0.0403455351
19 0.0379902565 0.0297700485 0.0126857051 0.0351833903 0.0255470705 0.0079463725 0.0335358243 0.0300236249 0.0369658884 0.0352895661 0.0429221778 0.0043278191 0.0221773099 0.042282296 0.040859256 0.0138132831 0.0248612237 0.0389303963 0.0 0.0207847975 0.0118955439 0.0185593337 0.0228109567 0.0359483034 0.0314884683 0.0166393626 0.0502836824 0.0497331248 0.0485456387 0.0306417971 0.0192098462 0.0290024023 0.0336345183 0.0443512222 0.0213594926
20 0.0077439047 0.0427001289 0.0346324486 0.009847703 0.0174199126 0.0338414834 0.0451733237 0.0388210011 0.0313827209 0.0106410066 0.0438048103 0.0472418901 0.0373653895 0.0464532908 0.0312557501 0.0194527903 0.0265836022 0.0418574535 0.0207847975 0.0 0.0304874832 0.035108187 0.0460436404 0.0268389969 0.0225448815 0.0246924349 0.0293954841 0.0224483947 0.0314395519 0.0339718325 0.018532201 0.0174262815 0.0240512558 0.0295950258 0.020420941
21 0.0448864627 0.0188753867 0.0282945362 0.0253542483 0.037988698 0.0602752533 0.0369654469 0.0297873184 0.0219237781 0.0170586435 0.0189704095 0.0254048368 0.014745321 0.0510915923 0.0408421369 0.0386264015 0.0360434332 0.0329140435 0.0118955439 0.0304874832 0.0 0.0317575249 0.0308625575 0.0118060199 0.0214303496 0.0380435714 0.0353556656 0.0088741593 0.0483331688 0.0420963687 0.0202032604 0.008083969 0.0181917009 0.0299475089 0.0325832012
22 0.0228121125 0.0291550928 0.0303484783 0.0219981673 0.0274577926 0.0359121803 0.0218734407 0.0249182123 0.02990111 0.0324663167 0.042275556 0.0221353678 0.0245402714 0.0377466139 0.0324879442 0.0242331929 0.0047596801 0.035162207 0.0185593337 0.035108187 0.0317575249 0.0 0.0345603925 0.0184913883 0.0226999124 0.021393595 0.0249008985 0.039527867 0.0477789111 0.0263053567 0.0353387773 0.030065666 0.0391182445 0.0445965267 0.0296136816
23 0.0292615957 0.0280522209 0.0177033344 0.0402045112 0.0126443145 0.0246826522 0.0324613224 0.0110201621 0.0221394267 0.0456108126 0.0349512044 0.0473397339 0.034212419 0.0535024776 0.0162356199 0.0386251763 0.0098033103 0.0568430397 0.0228109567 0.0460436404 0.0308625575 0.0345603925 0.0 0.0444774956 0.0342717009 0.0065209672 0.01014534 0.0561259652 0.0265138473 0.0233483134 0.0240976006 0.0210257283 0.010176407 0.0282722899 0.0254534639
24 0.0500408138 0.0192954818 0.0154150553 0.021143228 0.0416115767 0.0308959508 0.0484869318 0.0122842461 0.0245403768 0.031591674 0.0198364467 0.0330289566 0.0521719047 0.0340353771 0.0370489595 0.0154126195 0.0180567828 0.0122414237 0.0359483034 0.0268389969 0.0118060199 0.0184913883 0.0444774956 0.0 0.0557908135 0.0093180235 0.0287662492 0.0179931256 0.0339874797 0.0260378996 0.0562963072 0.0295433653 0.0388915302 0.0382037335 0.0104714625
25 0.0088354851 0.0292587114 0.0355692167 0.0210565919 0.0411965804 0.0378163478 0.0195988572 0.0497265461 0.0458129415 0.0086065432 0.0494844548 0.0306651056 0.0499180389 0.0291794662 0.0286040246 0.0476904958 0.0125265428 0.0178760329 0.0314884683 0.0225448815 0.0214303496 0.0226999124 0.0342717009 0.0557908135 0.0 0.0054223774 0.0381942978 0.0150473833 0.0239838234 0.0441553158 0.0355436384 0.0183060774 0.0257895084 0.0268598712 0.015049598
26 0.0438784261 0.0121715533 0.0439613583 0.0322747069 0.0273990036 0.0289578929 0.0249471541 0.0307735139 0.0268836565 0.0438759157 0.0284052557 0.0581539845 0.0065278176 0.0205741996 0.0198724781 0.0325189992 0.0495464424 0.0374227438 0.0166393626 0.0246924349 0.0380435714 0.021393595 0.0065209672 0.0093180235 0.0054223774 0.0 0.0521469213 0.04128655 0.029908823 0.0237413619 0.0130162662 0.0450238081 0.0558032914 0.0307399463 0.018157598
27 0.0255890968 0.0317646581 0.0365965292 0.0229250875 0.0385032711 0.0238202957 0.0175715546 0.0347515785 0.0303412784 0.0294425184 0.0232633829 0.0282016436 0.0153056434 0.0409732045 0.0436590692 0.0197143481 0.0359280105 0.0083432054 0.0502836824 0.0293954841 0.0353556656 0.0249008985 0.01014534 0.0287662492 0.0381942978 0.0521469213 0.0 0.0238538659 0.0450976451 0.0366217497 0.025170381 0.0129345766 0.0336696396 0.015114373 0.0316548541
28 0.0134228133 0.0522052271 0.0495463564 0.0138751615 0.0235503231 0.0510146492 0.0416431082 0.019727405 0.0401857194 0.0230213728 0.0374115981 0.037883824 0.0288751612 0.0118280787 0.0345272018 0.0213365683 0.0131885288 0.0199553022 0.0497331248 0.0224483947 0.0088741593 0.039527867 0.0561259652 0.0179931256 0.0150473833 0.04128655 0.0238538659 0.0 0.0166888803 0.0287562797 0.0261768676 0.0403986485 0.0150736465 0.0343571144 0.0304597281
29 0.0430505538 0.0032237895 0.0086741197 0.0379371416 0.0447135955 0.0219592908 0.0130274061 0.0225399357 0.028426714 0.0174025995 0.0399451084 0.033037632 0.0266152392 0.0176841427 0.0236498926 0.043974103 0.0251986225 0.0482698801 0.0485456387 0.0314395519 0.0483331688 0.0477789111 0.0265138473 0.0339874797 0.0239838234 0.029908823 0.0450976451 0.0166888803 0.0 0.0259555293 0.030338459 0.0278929012 0.0299729135 0.0171884007 0.0170442602
30 0.0235364837 0.0314719122 0.0150457741 0.025995843 0.0178493289 0.0267503205 0.0105087498 0.0410921505 0.0471690449 0.0195200899 0.0488888364 0.0100375709 0.0161027671 0.0174354578 0.0274044883 0.0336904785 0.0284344894 0.0410841546 0.0306417971 0.0339718325 0.0420963687 0.0263053567 0.0233483134 0.0260378996 0.0441553158 0.0237413619 0.0366217497 0.0287562797 0.0259555293 0.0 0.0459742679 0.0277701094 0.0183508143 0.0386778302 0.0455772332
31 0.0215919327 0.0218091915 0.0263737013 0.0107621211 0.0211201287 0.0422131108 0.0311529003 0.0463425233 0.0192667099 0.0394009221 0.0070211105 0.0037697308 0.0447598071 0.0139600637 0.0370578117 0.0256237492 0.0244448164 0.0297180001 0.0192098462 0.018532201 0.0202032604 0.0353387773 0.0240976006 0.0562963072 0.0355436384 0.0130162662 0.025170381 0.0261768676 0.030338459 0.0459742679 0.0 0.0532795532 0.0350439717 0.0441903876 0.0511998835
32 0.0134610411 0.0171234214 0.0334612863 0.0301914064 0.0303982842 0.0284164576 0.044669884 0.0293801951 0.048968655 0.0292214123 0.0239609236 0.0284822153 0.0296746643 0.0423176216 0.0290541115 0.0278447487 0.0440794281 0.015380815 0.0290024023 0.0174262815 0.008083969 0.030065666 0.0210257283 0.0295433653 0.0183060774 0.0450238081 0.0129345766 0.0403986485 0.0278929012 0.0277701094 0.0532795532 0.0 0.0328603031 0.0323239666 0.027976072
33 0.0310974001 0.0493724609 0.0243485333 0.0057466883 0.0535257083 0.0330377463 0.0322854184 0.0192578627 0.0427595509 0.0269641307 0.0263211554 0.0051591278 0.0360648033 0.0268252311 0.0335358973 0.0430829694 0.0358382855 0.0335031426 0.0336345183 0.0240512558 0.0181917009 0.0391182445 0.010176407 0.0388915302 0.0257895084 0.0558032914 0.0336696396 0.0150736465 0.0299729135 0.0183508143 0.0350439717 0.0328603031 0.0 0.0204808144 0.010165328
34 0.0334783185 0.0343784314 0.0402800248 0.0419080903 0.0329170187 0.0300299317 0.0145528337 0.0283382411 0.0032015353 0.0151182643 0.0149102815 0.0183860283 0.0362457754 0.0161991588 0.0482597445 0.015243402 0.0251166105 0.0416822413 0.0443512222 0.0295950258 0.0299475089 0.0445965267 0.0282722899 0.0382037335 0.0268598712 0.0307399463 0.015114373 0.0343571144 0.0171884007 0.0386778302 0.0441903876 0.0323239666 0.0204808144 0.0 0.0348550565
35 0.0259061925 0.0371378721 0.0206478737 0.0531851324 0.0329289051 0.0302445002 0.0110758486 0.0380664545 0.0288262405 0.025726109 0.0520695206 0.0518004062 0.0099757804 0.0298334828 0.0233123455 0.0399458059 0.0269301407 0.0403455351 0.0213594926 0.020420941 0.0325832012 0.0296136816 0.0254534639 0.0104714625 0.015049598 0.018157598 0.0316548541 0.0304597281 0.0170442602 0.0455772332 0.0511998835 0.027976072 0.010165328 0.0348550565 0.0
