128
1 0.0146794281 0.0111297686 0.0085963469 0.0089550304 0.0073706939 0.0050864647 0.0032822015 0.0078810527 0.0083754993 0.0037752176 0.0089799586 0.0056933798 0.0110470974 0.0091538351 0.0097727211 0.0089889624 0.0071004929 0.0102968442 0.0061806303 0.007175407 0.0059760313 0.0062655715 0.0093714828 0.0090153589 0.0067625446 0.0079715917 0.006314533 0.0084953526 0.0069383688 0.0039867634 0.0044799649 0.0056136026 0.0059698534 0.0115625154 0.0058510907 0.0077621489 0.0093922041 0.010437427 0.006894517 0.0045196339 0.0091760896 0.0059809847 0.0057254088 0.0045992022 0.0071498655 0.0082208993 0.0098049862 0.0055160176 0.006360727 0.0083854814 0.0110068839 0.0105655706 0.0062835575 0.0074926632 0.0114142414 0.008547376 0.0096782556 0.0030317953 0.0088682801 0.0110267744 0.0090664428 0.0135796545 0.0043372174 0.0106754913 0.0083403626 0.0066012343 0.0126292379 0.0110657771 0.0075110752 0.0035670262 0.0066407977 0.0133853533 0.0114177774 0.0080120008 0.0061641222 0.0093089466 0.0060963671 0.0099796913 0.0081761871 0.0049500242 0.014179518 0.0070156742 0.0036632399 0.0108040889 0.0047013381 0.0109286944 0.0066709593 0.0082407743 0.0107374935 0.0068544997 0.0036032388 0.0096228061 0.0082365641 0.0036568469 0.0100470718 0.0069777068 0.0061081518 0.0055935372 0.0051783032 0.0107668605 0.0064181648 0.0115985362 0.0079439981 0.0084047286 0.0052066127 0.0037303966 0.0059909621 0.0108286993 0.004272473 0.0042004223 0.0031742702 0.0055208992 0.0055244266 0.008000038 0.0101785126 0.0058563133 0.0101884417 0.0107438831 0.0105887043 0.0035952548 0.0032735114 0.0144948561 0.0064110598 0.0063967055 0.0075279382 0.0086348301 0.0101351996 0.0101313581 
2 0.0111297686 0.0048146796 0.0094904648 0.0064776274 0.0052293654 0.0024326243 0.0114048798 0.0099369169 0.0086237642 0.0045771351 0.0119524333 0.0102130845 0.0057601405 0.0124171532 0.0140102126 0.0129040484 0.0078832174 0.0057214113 0.0033093285 0.0056370372 0.0103419458 0.0079000579 0.0042461015 0.0063562149 0.0070160429 0.0067509915 0.0132487518 0.0055887794 0.0062962912 0.0084444537 0.0122819183 0.0050584774 0.0094584253 0.0033791373 0.0089648909 0.0064829204 0.0081828107 0.0081825275 0.0056938214 0.0106402513 0.0071885202 0.0053986441 0.0072513092 0.0062494198 0.0061086313 0.0063626931 0.0077649554 0.0098639095 0.0058058968 0.0143061375 0.0051702247 0.0056246684 0.0033205201 0.0067010699 0.006483588 0.0036421481 0.0075043914 0.0118610756 0.0114586454 0.008928185 0.0117865737 0.0127111104 0.0063116703 0.0063694621 0.0068705576 0.0076902677 0.0064049484 0.0069819896 0.0080368343 0.0070603187 0.0064133298 0.0079240854 0.005835208 0.0068770143 0.0064521088 0.0085149856 0.0080753786 0.0107852394 0.0081112065 0.0075860758 0.0090199514 0.0059884356 0.0060570319 0.0040525591 0.0089960289 0.0064959087 0.0072389621 0.0075312753 0.0075922454 0.0055086552 0.0099507486 0.0095310056 0.0111864698 0.0072450189 0.0122182273 0.008519058 0.0133172055 0.0078552636 0.005067651 0.0107551154 0.0050721135 0.0110191233 0.0084986033 0.010985094 0.006888544 0.0088229586 0.0104746371 0.0107731307 0.0060695416 0.0043123954 0.0088911906 0.0120949926 0.0099249968 0.004535516 0.0070919026 0.0089411644 0.0099282461 0.0040921636 0.0072274699 0.0053648794 0.0092207568 0.0087609486 0.0045998535 0.0043749579 0.007865465 0.0059966505 0.0054737817 0.0063390035 
3 0.0085963469 0.0094904648 0.0136934922 0.007302503 0.0120239902 0.0015170544 0.0109658118 0.0101600069 0.0063770185 0.0064864817 0.0082379033 0.0069289633 0.0057970005 0.0005009361 0.0083480751 0.0108587239 0.0098073407 0.0084678472 0.0094101524 0.0082031524 0.0140901441 0.0040122162 0.0038475944 0.0096531066 0.0084357189 0.0068129035 0.0113985467 0.0028376219 0.0042492272 0.0052064604 0.0097275708 0.0054069271 0.0065575707 0.0155802904 0.0113249007 0.0070030793 0.0137099593 0.006503181 0.0072580586 0.0068239865 0.0069292264 0.0049822466 0.0042520898 0.0097246111 0.0058317423 0.0052051369 0.0103174659 0.0020247343 0.0060123227 0.0097901695 0.009214174 0.0088531896 0.0070385653 0.0053810668 0.0080837753 0.0106621923 0.0048050377 0.0060686685 0.003832295 0.0071789582 0.0064044849 0.0057437274 0.0092605262 0.0087641666 0.0084263067 0.0075088714 0.0108761857 0.0089570583 0.0052787814 0.012981973 0.0060423649 0.0061833998 0.0064901798 0.0099832456 0.0037798633 0.0062686056 0.0107997907 0.0040344066 0.0070983409 0.0105172845 0.0067731761 0.0093972964 0.0073335588 0.0081272592 0.006568188 0.0060722686 0.0059541069 0.0092966841 0.0125389695 0.0069256398 0.0062817268 0.0070574614 0.0077955278 0.0056660029 0.0062296916 0.0125965479 0.0046291544 0.008670738 0.0144598236 0.0040756507 0.008145223 0.0086088689 0.0094961816 0.009231128 0.0148106836 0.0081739691 0.0047992878 0.0103769618 0.0039415189 0.0112854195 0.0082172074 0.0055254988 0.0089690729 0.0013688591 0.0086140901 0.0057016964 0.0074587581 0.0070134307 0.0104450293 0.0080990277 0.0072032288 0.0082829792 0.0132708092 0.0092742007 0.0100973667 0.0025934991 0.009204571 0.008142399 
4 0.0089550304 0.0064776274 0.007302503 0.0079928696 0.0079001859 0.0121822585 0.003277757 0.0051090368 0.0068971126 0.0073269875 0.0067392353 0.0127060746 0.0075857056 0.0093720547 0.0055576824 0.0113877145 0.012618252 0.0054969874 0.0064263753 0.007515423 0.0057963168 0.0144218839 0.005341698 0.004409153 0.0058012365 0.0084189967 0.0074056136 0.0117124101 0.0074353683 0.0098335288 0.0099123127 0.0097258217 0.0062151371 0.013521784 0.0063604496 0.0013572737 0.0108745058 0.0202446649 0.0035157377 0.0073645991 0.0073581816 0.0071963031 0.010757723 0.0079986033 0.0112431377 0.0062580308 0.0034677909 0.0087981565 0.003279101 0.0048767932 0.0084390522 0.004814315 0.002849359 0.0046552688 0.0081137603 0.0103327625 0.0089441715 0.0093145019 0.0025662079 0.0088150402 0.0068931324 0.0078279508 0.0134100717 0.009227047 0.0070814596 0.0078711264 0.0156919972 0.0123607333 0.0046876422 0.0061259451 0.0099600561 0.012343151 0.0062075993 0.0102676022 0.0075660553 0.0086157769 0.0115350165 0.002980551 0.010364665 0.0110443692 0.0043045617 0.0096494573 0.010894311 0.0050387771 0.0081315785 0.0044437888 0.008013357 0.0077159054 0.0069592528 0.0110761214 0.0061654537 0.0061475005 0.0098015564 0.004357148 0.008180392 0.0079933574 0.0082678713 0.0063508207 0.0048342284 0.008602458 0.0071062164 0.0089706169 0.0096036717 0.0055996545 0.0083300257 0.010171718 0.0096026425 0.0083459181 0.0075180689 0.00172339 0.0078166492 0.007044971 0.0075195828 0.0029368972 0.0044652001 0.0042550115 0.0014647901 0.0107706164 0.0095525785 0.0086668967 0.0094560126 0.0081698458 0.0060991768 0.0090604391 0.00661617 0.003219076 0.0111184768 0.0072322153 
5 0.0073706939 0.0052293654 0.0120239902 0.0079001859 0.0106389552 0.0092738905 0.0084554666 0.0115119937 0.0079242752 0.010762561 0.014490393 0.005061802 0.0074297943 0.0119037252 0.0072356843 0.0113347217 0.0066000444 0.0079704684 0.00776131 0.0040916802 0.0050459899 0.007853923 0.011984137 0.0079786615 0.0071643876 0.0068575981 0.0099514527 0.0090375455 0.0029445856 0.0058592484 0.0050503543 0.0062140015 0.0095074721 0.0099869943 0.0054470857 0.0012149879 0.0082485765 0.0140444537 0.0052736776 0.0075389543 0.0103807037 0.0064110543 0.0060062288 0.0119564408 0.0035989425 0.0054565561 0.009213251 0.0086897062 0.0097726104 0.0070808371 0.0094597974 0.0085947368 0.0038092556 0.0073532293 0.005306165 0.0057111424 0.0073966846 0.0022732076 0.008834144 0.0079005736 0.0060519507 0.0074804055 0.0049969022 0.0111933401 0.0066024419 0.0081757786 0.0064507929 0.0034708376 0.004941624 0.0132868279 0.0079058106 0.0069873581 0.0103360005 0.0073305675 0.0087116321 0.0140945908 0.0100599914 0.0074790118 0.0105067329 0.0117333498 0.0081917952 0.00557626 0.0091670019 0.0082366766 0.0072382466 0.001501041 0.0056702973 0.0074444418 0.0095651701 0.0057687045 0.0037716542 0.0042620634 0.0078925731 0.0055398578 0.0071220452 0.0099027214 0.0084861272 0.0070641458 0.0110816221 0.006183206 0.010306353 0.0071342103 0.0089021425 0.0027094671 0.0052522113 0.0121539569 0.0053248267 0.0049487645 0.0137458544 0.0100332098 0.0068869768 0.0143545918 0.0119323308 0.0053671926 0.0081757461 0.0078166536 0.006830221 0.0048769547 0.0088426817 0.0083116013 0.0049021124 0.0087704661 0.0121823863 0.0083961826 0.0114734935 0.0040683167 0.004832136 0.006627006 
6 0.0050864647 0.0024326243 0.0015170544 0.0121822585 0.0092738905 0.0117965714 0.0111199892 0.0057403344 0.0078619129 0.0044890049 0.0071425694 0.0121665574 0.0094515837 0.006059034 0.009862614 0.003368068 0.0040903273 0.003059464 0.0168776687 0.0097987867 0.0101375734 0.0048781302 0.0063507122 0.0062260728 0.0071043027 0.0055619994 0.0136608326 0.0097968223 0.0065367508 0.0115722163 0.0074843865 0.0095406532 0.0102472563 0.007234988 0.0010780011 0.0096496366 0.0049010458 0.0057029085 0.0025738652 0.0074378139 0.0122145564 0.0063192865 0.0056618343 0.0077929695 0.003042637 0.0087431423 0.0056207156 0.0100014925 0.0071607017 0.0080842708 0.009907202 0.01294109 0.0058370795 0.0077647004 0.0085404886 0.0057378366 0.0095906276 0.0077379517 0.011285937 0.0056194328 0.011101323 0.0107938662 0.0044243932 0.0056499415 0.0030968154 0.0117467199 0.0089747278 0.0072782093 0.010791759 0.0072940341 0.0101184866 0.0024767293 0.011476211 0.0043567055 0.0102257682 0.0062881867 0.0078173894 0.0044890355 0.0029736617 0.0089352216 0.0077086411 0.010300764 0.0056884446 0.0059584889 0.0116342529 0.0078547386 0.0031461932 0.0082950144 0.00872041 0.008926686 0.0066034953 0.01128613 0.0057450996 0.0089801616 0.0064753302 0.0080599359 0.0045611312 0.0065039161 0.0025332391 0.0100584892 0.0022478039 0.0090813203 0.0073213934 0.0106608687 0.0046897792 0.0120882397 0.0076749317 0.0086967539 0.0109018687 0.0091613443 0.0084584731 0.0084400302 0.008138618 0.009016975 0.0101375144 0.0091438861 0.0141235836 0.0055895316 0.0090138948 0.0104046927 0.006684574 0.0139459104 0.0072937673 0.0096774014 0.0067242382 0.0070177065 0.0094174353 0.0042410178 
7 0.0032822015 0.0114048798 0.0109658118 0.003277757 0.0084554666 0.0111199892 0.001199869 0.0109029925 0.0092715822 0.0072046153 0.0039601692 0.005318084 0.0077578464 0.005448106 0.0056825995 0.0064227499 0.0091183856 0.0124329336 0.0031049368 0.007718149 0.0095573646 0.0066743975 0.0105813138 0.0058521087 0.0062278383 0.0024863301 0.0078597584 0.0087418507 0.0121749443 0.0180870467 0.0034053622 0.0070478018 0.0080866857 0.004440845 0.0084221707 0.0077020387 0.0091287134 0.0040197151 0.0114248119 0.0095508108 0.0080949812 0.0081797149 0.0111854747 0.0113228263 0.0107089821 0.0103311459 0.0060054625 0.0047340755 0.0038675016 0.0124450386 0.0019836677 0.009282014 0.0126476086 0.0122076625 0.0105008808 0.0075335504 0.0046289576 0.0102221693 0.0125120667 0.0075726717 0.0062831802 0.005493551 0.0074464606 0.007803068 0.0106104267 0.0047607818 0.0072295308 0.0054118616 0.0090246229 0.0082965774 0.0086963923 0.0049783816 0.00725913 0.01088863 0.0094398146 0.0034835181 0.006632692 0.0051751984 0.0080502353 0.0063077561 0.007601222 0.0086693835 0.0097645211 0.0044402976 0.0078449021 0.0023937741 0.004211163 0.0118358116 0.003647431 0.0112880439 0.0049704834 0.0089224501 0.012942012 0.0113705492 0.0086889875 0.0042357129 0.0025976015 0.0074131111 0.0085004772 0.0084795646 0.0049255939 0.0103067058 0.0068745846 0.0060199089 0.0075609217 0.0078533389 0.0055104664 0.005161282 0.0047723861 0.0094624738 0.0091280283 0.0064744206 0.0128854516 0.0042882058 0.0099050057 0.0143314436 0.0099054679 0.0048974192 0.0102182392 0.0126367044 0.0081261306 0.0045589975 0.0108355299 0.0086337623 0.008368952 0.0065145549 0.0065943248 0.0086729047 
8 0.0078810527 0.0099369169 0.0101600069 0.0051090368 0.0115119937 0.0057403344 0.0109029925 0.0017670091 0.0035190108 0.0065904543 0.0050818634 0.0075920636 0.009493978 0.0067270084 0.0095816314 0.0057486334 0.0131194223 0.0068585269 0.0114211157 0.0141321871 0.0054750552 0.0089856443 0.0112168206 0.0119306507 0.0080088666 0.0105395283 0.0097300642 0.0128428255 0.0069957941 0.0082436137 0.0162189337 0.0102146016 0.0077208646 0.0112811247 0.0041929719 0.0124268909 0.0099510144 0.0047168119 0.0088549939 0.0058458588 0.0088834686 0.0068974878 0.0069759263 0.0061141925 0.0053324197 0.006974617 0.0119201319 0.0111399432 0.0076076699 0.0115150427 0.0040437739 0.007578315 0.0077943045 0.0054286665 0.0051903357 0.0102145881 0.0113624785 0.0020415372 0.0045473146 0.0075080554 0.0029500303 0.0070772182 0.0061994708 0.0082599682 0.0049031095 0.0065477895 0.0075833659 0.0095340653 0.0031522069 0.0103969789 0.0093058108 0.0070450513 0.0106879602 0.0067675411 0.0048642579 0.0041364361 0.0075183279 0.0066564693 0.0057599429 0.0093965256 0.007089308 0.0113072684 0.0071701948 0.0091212689 0.0031425405 0.0061829987 0.0071919114 0.0051807482 0.0056454075 0.011692277 0.0084333276 0.010911828 0.0120818588 0.0089854985 0.0041567907 0.0094247657 0.0083432118 0.0050637099 0.0071356042 0.0073086806 0.0067157956 0.0135343242 0.002803364 0.0065293548 0.007709528 0.0067506817 0.0061551668 0.0177749641 0.0044752451 0.0071095468 0.0063002061 0.0043605074 0.0066210273 0.0088768362 0.0081908553 0.0046390007 0.0057401089 0.0094980257 0.0087867267 0.0091694557 0.004794432 0.0061286378 0.0046537104 0.013758422 0.0053467967 0.0067076155 0.0054245929 0.0097949087 
9 0.0083754993 0.0086237642 0.0063770185 0.0068971126 0.0079242752 0.0078619129 0.0092715822 0.0035190108 0.0123068101 0.0067613879 0.0056005604 0.0086548892 0.0087918427 0.00427131 0.008407898 0.0056676092 0.0101347546 0.0086857676 0.0080935422 0.0071431255 0.0051772484 0.0055481279 0.0114700369 0.0138230985 0.0097811049 0.0079021625 0.0076796214 0.0071108187 0.0054968606 0.0044493197 0.0067582146 0.0055209746 0.0072930548 0.0051375665 0.0117664325 0.0088285611 0.012920003 0.0099198646 0.0072699111 0.0052975937 0.0034159833 0.0039455874 0.0073470433 0.0066601021 0.0073892105 0.0061669001 0.0109724685 0.0064880745 0.0081000911 0.0072092571 0.0057648052 0.0059119527 0.0064780941 0.0181239766 0.0075952607 0.004704987 0.0060259503 0.0133012278 0.0029466522 0.0065468533 0.0100615414 0.0051265141 0.0060842268 0.0074303229 0.0102465876 0.0064821663 0.0061660726 0.0068082966 0.0084951777 0.0082601835 0.0082621822 0.0104301647 0.0035002 0.0068873328 0.007905871 0.0085551432 0.0076930727 0.0071880551 0.0045433253 0.0074793617 0.0049501882 0.0081063252 0.0084904994 0.0087700329 0.0064033926 0.0054306411 0.0097690932 0.0056041791 0.0096979059 0.008432821 0.0126739534 0.005933896 0.0093042761 0.0107519418 0.0093476781 0.007133679 0.0067151995 0.0083375226 0.0057038537 0.0122854715 0.0093209048 0.0077086826 0.0093344881 0.0040825112 0.0086096384 0.0083879564 0.0072379079 0.004395567 0.0137790983 0.0102535326 0.0059174301 0.0063820662 0.009360188 0.0083676703 0.0053443431 0.0078383494 0.0042096928 0.009031357 0.0077644926 0.0082836475 0.0087833323 0.0050562842 0.0127836051 0.0102044702 0.011357654 0.0088865863 0.0100429711 0.0082124968 
10 0.0037752176 0.0045771351 0.0064864817 0.0073269875 0.010762561 0.0044890049 0.0072046153 0.0065904543 0.0067613879 0.0126227646 0.0106867919 0.0098637355 0.0093510006 0.0024798092 0.0078073048 0.0080371366 0.0050496611 0.006154535 0.0100611388 0.009628695 0.0133169814 0.0075651768 0.0069423031 0.00579262 0.0084697022 0.008948139 0.0041036678 0.0074633647 0.008460197 0.0034561598 0.0088709189 0.0086071152 0.0053568197 0.0118971713 0.0064322975 0.0085696653 0.0085325475 0.011237548 0.0081347138 0.0111050962 0.0137334175 0.0059622848 0.0066089123 0.0029914091 0.0062010146 0.0089667925 0.0119077918 0.0055219632 0.014440778 0.0071256872 0.0078560641 0.0092410368 0.0167917451 0.0118826852 0.0073319218 0.0045088182 0.0075577884 0.0047454634 0.0083296721 0.0067983966 0.0102242065 0.0085648134 0.0070629298 0.0077466512 0.0101590132 0.0109321912 0.0109329744 0.0115773093 0.0147588908 0.0036917357 0.0057460181 0.0057484973 0.0091693639 0.0085690994 0.0066236126 0.0104384142 0.0118235223 0.010693079 0.0057816482 0.0088383958 0.0099021594 0.00526921 0.0032648301 0.0054482592 0.0079240508 0.0028587096 0.0067659712 0.0046254119 0.0039706821 0.0058883472 0.0171500083 0.0075970551 0.0100139015 0.0111164866 0.0061031502 0.0076013188 0.0091928551 0.0064823699 0.0075370182 0.0079556326 0.0042881586 0.0106988296 0.0037797968 0.0057824325 0.0051060697 0.0075432432 0.0044563768 0.0072147683 0.0057625382 0.0036987686 0.0089470215 0.0094580756 0.0092894745 0.0116470113 0.0118167543 0.0065770037 0.0079475257 0.005220646 0.0051279363 0.0107791833 0.0048573679 0.007851529 0.0077075234 0.0029860409 0.0058272864 0.0086252509 0.0082201551 0.0015511719 
11 0.0089799586 0.0119524333 0.0082379033 0.0067392353 0.014490393 0.0071425694 0.0039601692 0.0050818634 0.0056005604 0.0106867919 0.0095095175 0.0098467864 0.0065416065 0.0107217518 0.0076310279 0.0048810474 0.0133175055 0.0097005547 0.0066717819 0.008855236 0.0068383905 0.0126449657 0.0038014846 0.0061558453 0.0111694682 0.0067040918 0.0093766162 0.0066637444 0.0081550589 0.0082951203 0.0099916923 0.0072649327 0.0126688511 0.0057740536 0.0060362525 0.0075003932 0.0082292485 0.0081466658 0.0040890828 0.0067558617 0.0082110874 0.0081435362 0.0057996332 0.008666985 0.0069990153 0.0140950362 0.0038096852 0.0048165412 0.0099562775 0.0095544601 0.0086479102 0.0085727639 0.0080066843 0.0038631398 0.0064711694 0.0106703147 0.0046411408 0.0124968653 0.0045962277 0.0082293795 0.0090747995 0.0067178196 0.0093280485 0.0080447531 0.0080388203 0.0091178493 0.0050652221 0.0077040539 0.0091078477 0.0032899718 0.0067141218 0.0098724087 0.0058968202 0.0098162684 0.0070533401 0.0061930666 0.0072250368 0.0133175107 0.0099908939 0.006185226 0.0116511142 0.0120735313 0.0027463025 0.0062686797 0.0068303124 0.0082924667 0.0103093417 0.0081426959 0.0043757792 0.0066072584 0.0049223266 0.006820546 0.0102184572 0.0051494166 0.0092539327 0.0064051834 0.0056419529 0.0086898404 0.00795972 0.0071120179 0.0041438603 0.0117318843 0.0071586232 0.0053194826 0.0084112561 0.0126085089 0.0102954708 0.0080388324 0.0084561274 0.007566249 0.0064365098 0.0094565697 0.0084505569 0.0051807693 0.00475966 0.0056084762 0.0091801058 0.0065309071 0.0085238021 0.0049230287 0.0138114837 0.0093634001 0.0041052801 0.006334548 0.0051863695 0.0095829243 0.0039675322 0.0045846603 
12 0.0056933798 0.0102130845 0.0069289633 0.0127060746 0.005061802 0.0121665574 0.005318084 0.0075920636 0.0086548892 0.0098637355 0.0098467864 0.0116205739 0.0079958904 0.009368131 0.0049382104 0.0117737417 0.012510249 0.0071291076 0.0117487491 0.0058873273 0.004715303 0.0066333847 0.0057097405 0.0051443484 0.0083953055 0.0060594432 0.0157335959 0.0083292457 0.0091573874 0.0089491554 0.010949006 0.0066598018 0.0097691919 0.0080471179 0.011961488 0.0078318362 0.0018364101 0.0054226596 0.0064275182 0.0127233681 0.0028403567 0.0113056095 0.0061126865 0.0076760634 0.0034787815 0.0050077718 0.0080169401 0.0030925786 0.0055658193 0.0097084239 0.010531646 0.0084413947 0.0062082584 0.0069101351 0.0055007007 0.0053629214 0.0073013924 0.0078330518 0.0055422079 0.004875924 0.0070083492 0.0047632327 0.0065709381 0.0076219469 0.0094419434 0.0039127862 0.0103143526 0.0044813954 0.0144621615 0.008615659 0.0071220579 0.0173911687 0.0072127953 0.004957261 0.0045763892 0.0103420644 0.0065451744 0.0054997248 0.0133792188 0.0046576986 0.0078063635 0.0047001942 0.0051421407 0.0087650401 0.0116340547 0.0080237292 0.0091159657 0.0070787937 0.0075553993 0.0121204587 0.0088588175 0.0140139951 0.0057232707 0.0069098168 0.0082891248 0.0070100297 0.0035876101 0.0105658947 0.0073781574 0.0104329903 0.0128867717 0.0082724292 0.0090353192 0.0058989067 0.0074672177 0.0093799419 0.0100622816 0.0041999632 0.0048794106 0.0058275805 0.0097932783 0.0081665017 0.0076371091 0.007651789 0.0067776042 0.0097381482 0.0075621169 0.01199955 0.0127106 0.0078628917 0.0019506654 0.0068245838 0.0022994384 0.0047831752 0.0044638659 0.0064098357 0.0062074628 0.0068780237 
13 0.0110470974 0.0057601405 0.0057970005 0.0075857056 0.0074297943 0.0094515837 0.0077578464 0.009493978 0.0087918427 0.0093510006 0.0065416065 0.0079958904 0.0024481279 0.0068471432 0.0051100665 0.0161178468 0.0039191607 0.0107600924 0.0046617404 0.0031608738 0.0075509563 0.008622921 0.0106742744 0.0045085519 0.0082253907 0.0048578734 0.0094860545 0.0114018294 0.0088270017 0.0070605629 0.0068758619 0.006944417 0.0136548766 0.0097057195 0.0081045318 0.0071801734 0.0063386336 0.0090526073 0.0039804828 0.0053740179 0.0087090432 0.0155520572 0.0108648159 0.0062905925 0.011881091 0.0049064838 0.0061386655 0.00762388 0.007839909 0.0072091767 0.0065852644 0.0041271605 0.0100186797 0.0075268883 0.006281268 0.0093858355 0.0011877593 0.0112640793 0.0077688985 0.008551246 0.0036031035 0.0059428098 0.0018510564 0.0072309979 0.0070846258 0.0093013739 0.0034297136 0.0079873859 0.0042728578 0.0110805199 0.0059008417 0.0068234804 0.0026075483 0.0095022146 0.0051944587 0.0087484624 0.0040940503 0.0115171157 0.0131104204 0.0066678857 0.0053305345 0.0076841081 0.0080059865 0.0050919002 0.0036695961 0.0118900609 0.0110271335 0.0091825031 0.0113370534 0.0115210511 0.0054887633 0.0027469426 0.0100210154 0.0090986189 0.0044637765 0.0081030309 0.0070360007 0.0062675673 0.0042970719 0.0052597687 0.0091922057 0.0092160483 0.0067632529 0.0094090285 0.0060009465 0.0120364787 0.0078678797 0.0144779104 0.0069557412 0.0092950387 0.0064678675 0.0076299649 0.0096746956 0.0084936181 0.0093271482 0.0102890977 0.01281911 0.0064528608 0.0070449862 0.0111331661 0.0088158006 0.0070507693 0.0143086708 0.0074774173 0.004418466 0.0068072851 0.0081602404 0.0107728279 
14 0.0091538351 0.0124171532 0.0005009361 0.0093720547 0.0119037252 0.006059034 0.005448106 0.0067270084 0.00427131 0.0024798092 0.0107217518 0.009368131 0.0068471432 0.0147461673 0.0059702328 0.0067184343 0.008545557 0.0098368823 0.0074555387 0.012416163 0.0033487437 0.0151225144 0.0092707179 0.0080402444 0.0060816924 0.0053341505 0.0094132362 0.0056043609 0.0069528109 0.0065010643 0.003808918 0.0095980235 0.0099872238 0.0068321091 0.0058512522 0.0095736187 0.009073177 0.0132454467 0.0056646033 0.0072103316 0.0057279442 0.0065888842 0.0056990905 0.0069595627 0.0102269271 0.0044687631 0.0104035167 0.0069061744 0.0117895493 0.0103447729 0.0066530002 0.0078044215 0.0093858964 0.0073160785 0.0085381518 0.0093834771 0.0068942205 0.0039696396 0.0078249093 0.004974252 0.0082755839 0.0076788908 0.0138581073 0.0078621508 0.0072525534 0.0025866596 0.0082131587 0.0037793789 0.0046574685 0.0067280928 0.0081829648 0.0096030762 0.0056616465 0.0044715485 0.0069203584 0.0036966684 0.0099978303 0.0093690237 0.0036036751 0.0113997559 0.0045944279 0.0068395464 0.0097014275 0.0059743267 0.0074413502 0.0135289436 0.0064622045 0.0157885243 0.0095355647 0.0093730412 0.008268171 0.0063543971 0.0059647907 0.0053996448 0.0062304339 0.0098794572 0.0123150782 0.0051793767 0.0074461263 0.0079380818 0.0078442976 0.0052349016 0.0128132367 0.0038157866 0.0072864847 0.0099056998 0.0033316261 0.0070182216 0.0069324561 0.0106604715 0.010110325 0.0053087028 0.0126794 0.0093273458 0.0075434744 0.0060443202 0.0114486699 0.0019122262 0.0136105157 0.0073600368 0.0116284494 0.0031018168 0.0080298382 0.0096615092 0.0086716852 0.0054918884 0.0096038117 0.00627685 
15 0.0097727211 0.0140102126 0.0083480751 0.0055576824 0.0072356843 0.009862614 0.0056825995 0.0095816314 0.008407898 0.0078073048 0.0076310279 0.0049382104 0.0051100665 0.0059702328 0.0137604411 0.0066339033 0.006199386 0.0060787279 0.0072766654 0.0102423573 0.0077289483 0.0061907131 0.0090635721 0.0056122024 0.0109472221 0.0080432095 0.0052400746 0.00535835 0.0117094834 0.0107096822 0.0102568219 0.0059659923 0.0093651268 0.0089511676 0.0067376473 0.0064353495 0.0027610297 0.0126454791 0.0072700296 0.0068150766 0.0070761337 0.0133543979 0.0063374194 0.0125835953 0.0069637796 0.0061925617 0.0064017767 0.0072668508 0.0096382801 0.0039328296 0.0104671809 0.0147116772 0.0121586513 0.0039533718 0.0059501478 0.0071760025 0.007903392 0.0029161416 0.0040812242 0.0099757335 0.0102759692 0.0036075978 0.0081038799 0.013855175 0.0096184243 0.0044835377 0.008962895 0.0112629706 0.0112826825 0.0085191626 0.0126109105 0.0040664746 0.0048441889 0.0100863367 0.0094672237 0.0070135083 0.0030554572 0.0048626946 0.006043705 0.0077883822 0.0087976997 0.0080867565 0.0110180339 0.0076628511 0.0103034858 0.0110422584 0.009181467 0.0093888221 0.0052678666 0.0099705535 0.0076253257 0.0022580217 0.0055777132 0.0079222048 0.0157917069 0.0089920318 0.0116745883 0.008137118 0.0052496835 0.0100236144 0.0061377398 0.0049608268 0.0072137049 0.0159969484 0.0051087146 0.0065797197 0.0103904933 0.0044259931 0.0058297252 0.0071241283 0.0077989156 0.0095054186 0.0058046951 0.0065136446 0.010658146 0.0023655546 0.0043667946 0.0028165101 0.006442169 0.0065340887 0.0077028531 0.008027571 0.0062992343 0.0065367309 0.0082555035 0.0083312723 0.0037039999 0.0038301571 
16 0.0089889624 0.0129040484 0.0108587239 0.0113877145 0.0113347217 0.003368068 0.0064227499 0.0057486334 0.0056676092 0.0080371366 0.0048810474 0.0117737417 0.0161178468 0.0067184343 0.0066339033 0.0072830623 0.0041343684 0.0077627571 0.0047039689 0.0078979033 0.003664968 0.0060419094 0.006090255 0.0052306993 0.0081318404 0.0082984293 0.0051695475 0.0066797121 0.0185227076 0.0064148281 0.0109158285 0.010003675 0.0085348838 0.0035776139 0.0075238153 0.007297042 0.003266299 0.0111985937 0.0076497187 0.0033598512 0.0090000265 0.0098123094 0.0044150609 0.007672131 0.0048300368 0.0112648934 0.0059471345 0.0079813646 0.001226665 0.0047860894 0.0080558933 0.0056021458 0.0050545354 0.0116518713 0.0096798975 0.0090691434 0.0105362786 0.013307244 0.0089778664 0.0124922246 0.005453615 0.0067180721 0.0113355617 0.0061483698 0.004775091 0.0056584039 0.0050182194 0.0113322002 0.008539866 0.0066738832 0.009757708 0.0077909403 0.0040606067 0.0071914063 0.0077365891 0.0115508921 0.0130250025 0.0078083901 0.0074100853 0.0085936107 0.0071347993 0.0085167169 0.0046683409 0.0030589499 0.0055949253 0.0104751785 0.0143606876 0.0110618023 0.0058235262 0.0074566797 0.0069744634 0.0041481075 0.0063747515 0.0058091723 0.0057162232 0.0041440824 0.0026442288 0.008644744 0.0070365128 0.0054169096 0.0062475572 0.0045297119 0.0081363417 0.0100210944 0.012573674 0.0153431055 0.0075249768 0.0156263829 0.0090751943 0.0109651195 0.0097258124 0.0047534608 0.0051683426 0.0041366429 0.0058181706 0.0126087115 0.0054408002 0.0097264635 0.0118919227 0.0059350837 0.0136458902 0.0038548101 0.0027231829 0.0144179559 0.0059877018 0.0059612631 0.0102805386 0.0046803416 
17 0.0071004929 0.0078832174 0.0098073407 0.012618252 0.0066000444 0.0040903273 0.0091183856 0.0131194223 0.0101347546 0.0050496611 0.0133175055 0.012510249 0.0039191607 0.008545557 0.006199386 0.0041343684 0.0017961823 0.006526144 0.0055760689 0.0050677459 0.0109807467 0.00455454 0.0072216464 0.006289621 0.0119384564 0.0100400325 0.0122111286 0.0083583025 0.0092127234 0.0056236372 0.0070078698 0.0037847777 0.01273209 0.0195797996 0.0043424884 0.0117905419 0.0046524499 0.0058843112 0.0078671777 0.0131660999 0.0078896017 0.0037377608 0.0119705384 0.007878343 0.0113931416 0.0097870932 0.0049299048 0.0122822007 0.008532415 0.0080402939 0.0060517675 0.0038942146 0.0111457143 0.0107280905 0.0081907306 0.0085090713 0.0099810813 0.0034848664 0.0094937034 0.0100576769 0.0033200328 0.0000554483000000000 0.0103696234 0.0060279591 0.0051838456 0.0068109142 0.0053411533 0.0022926584 0.0082251904 0.0063967628 0.0056523189 0.0045570991 0.011751563 0.0095728017 0.0121057526 0.011687114 0.0048658547 0.0106599228 0.0070624443 0.0068092043 0.0023654724 0.0123983011 0.0083182508 0.0133228644 0.0048101486 0.0047628314 0.0062725767 0.0068789264 0.0068314953 0.0061811301 0.0076942491 0.0066263318 0.0051736666 0.0062615851 0.0070437552 0.0072681135 0.0088310071 0.0120670948 0.0117112167 0.0038809266 0.0049570574 0.0083425874 0.0078669745 0.0063468877 0.0043139478 0.0071582445 0.0093010585 0.0068316913 0.0089721315 0.0069458953 0.0113945859 0.0085145805 0.0046198874 0.0111724959 0.0114249146 0.0060824832 0.0038866562 0.0091170328 0.0046286098 0.0084003924 0.0063024891 0.0121228302 0.0045302614 0.005845906 0.0106144687 0.0056191208 0.0135943671 0.005313918 
18 0.0102968442 0.0057214113 0.0084678472 0.0054969874 0.0079704684 0.003059464 0.0124329336 0.0068585269 0.0086857676 0.006154535 0.0097005547 0.0071291076 0.0107600924 0.0098368823 0.0060787279 0.0077627571 0.006526144 0.0069565212 0.0109046216 0.0059110926 0.009450124 0.0065793303 0.006664079 0.0054888789 0.0052083612 0.0032165176 0.0087910236 0.0093595027 0.0065992593 0.0089142125 0.0024971134 0.0035898603 0.01044676 0.0066427922 0.0066548922 0.0083132289 0.0075639172 0.0045456716 0.0120778014 0.0041428664 0.0075721885 0.008933992 0.0064722056 0.011967923 0.0077459069 0.0081433186 0.0079003828 0.006920108 0.0024976384 0.0027752254 0.0141480151 0.0072443602 0.0076695993 0.0072130285 0.0078436926 0.0148708428 0.0050210307 0.0072462076 0.0120737768 0.0033979584 0.0118317839 0.0062106954 0.0092482985 0.0082237762 0.0113551244 0.0057916127 0.0024528072 0.010859412 0.0050260057 0.0074924829 0.0099807297 0.0103274198 0.0039875895 0.0102447869 0.012378748 0.0053717992 0.0128846693 0.0054877188 0.0052914501 0.0050836029 0.0101116425 0.0083211773 0.010301027 0.0098739574 0.0095998498 0.0066334956 0.0050197236 0.0066431822 0.0101721924 0.0077546531 0.0107776042 0.0107481067 0.013986757 0.003156858 0.0091374608 0.0106852975 0.0051732961 0.0057622771 0.0070927691 0.0146427432 0.0078380847 0.0034167603 0.0089062659 0.0124409391 0.005750791 0.0098191073 0.0065112119 0.0083088248 0.0047207081 0.0087837551 0.0064287823 0.0058821732 0.0073893467 0.0092136482 0.0087635621 0.0077441916 0.0072277696 0.0059802369 0.0081876905 0.0092752722 0.009987339 0.0076425039 0.0073127528 0.0105768589 0.0089120877 0.0087005325 0.005307312 0.0027320265 
19 0.0061806303 0.0033093285 0.0094101524 0.0064263753 0.00776131 0.0168776687 0.0031049368 0.0114211157 0.0080935422 0.0100611388 0.0066717819 0.0117487491 0.0046617404 0.0074555387 0.0072766654 0.0047039689 0.0055760689 0.0109046216 0.0033299773 0.0041702297 0.0097287982 0.0054643815 0.0071990194 0.0039709126 0.0100500249 0.0079681257 0.0107971368 0.0050690111 0.0093159547 0.0168327403 0.007989361 0.0098572796 0.0109611817 0.0064284509 0.0075661431 0.0077267094 0.0113075933 0.0102871378 0.0055392 0.0108182371 0.0109589999 0.0079058731 0.0087205867 0.006592143 0.0085306626 0.0081276263 0.0101944428 0.0122733445 0.0091224297 0.0096687375 0.0116535789 0.0109393701 0.0072700054 0.0022622792 0.0013961288 0.0048347608 0.0031842976 0.0108108376 0.0074091035 0.0150502452 0.0104072071 0.0083948148 0.009820137 0.0047621082 0.0020134941 0.0046110875 0.0061406865 0.0030816731 0.006133119 0.0124308123 0.0122872216 0.0084788787 0.0069892515 0.0069619411 0.0050588502 0.0056807363 0.0056054061 0.0055561711 0.0035515524 0.0085341356 0.0098123133 0.0085238064 0.0066376585 0.0109629336 0.0125085961 0.0069742202 0.0071454366 0.009598742 0.0045645695 0.0127563506 0.0050144001 0.0064283532 0.0028799942 0.0073968674 0.0060457251 0.0081453569 0.0088315874 0.0105887511 0.0082933952 0.0041158627 0.0065181766 0.0080854193 0.0066064339 0.0079625111 0.0067532018 0.008333665 0.0038613268 0.0095477548 0.0088347219 0.0096043425 0.006151061 0.0121511495 0.0057422402 0.0098998009 0.0074604154 0.0091908235 0.0056776096 0.0052978171 0.00584521 0.0087254817 0.0096127218 0.0109258362 0.0083701616 0.0068577332 0.0057490341 0.0061438578 0.0084735046 0.0069653912 
20 0.007175407 0.0056370372 0.0082031524 0.007515423 0.0040916802 0.0097987867 0.007718149 0.0141321871 0.0071431255 0.009628695 0.008855236 0.0058873273 0.0031608738 0.012416163 0.0102423573 0.0078979033 0.0050677459 0.0059110926 0.0041702297 0.0084323707 0.0009057897 0.0065228393 0.0124142156 0.0091260603 0.0063558168 0.0093841603 0.0052562132 0.0042730455 0.0077629332 0.0079786763 0.0105789448 0.0068415741 0.0176709703 0.0044548817 0.0059480995 0.0057215525 0.005734076 0.0064942361 0.0113370784 0.0152990843 0.0079830377 0.0097189524 0.0101811273 0.0084072515 0.0112361813 0.0027610193 0.0077204373 0.0079573719 0.0090160623 0.0054652363 0.0131469398 0.008005634 0.0073425502 0.0052847456 0.0082120072 0.0022120196 0.015163253 0.0033191106 0.0069090545 0.0117730572 0.0086453762 0.0048755474 0.0051617104 0.0094388794 0.0087763795 0.0101789333 0.0058329113 0.0036383855 0.0113645537 0.007647666 0.0092270691 0.0117077712 0.0102805524 0.0054138562 0.0005426159 0.0074162244 0.0154791255 0.0100876276 0.0120977435 0.0092007251 0.002994572 0.0092845189 0.0031778133 0.0093634209 0.0037873696 0.0120606664 0.0054082312 0.0096205948 0.003929714 0.0029234088 0.0067133358 0.0041826086 0.007754982 0.0059141276 0.0055158855 0.0129790704 0.007262296 0.0109116387 0.0093726128 0.0073619733 0.0034277062 0.0113641453 0.0049875004 0.0146851191 0.0083309184 0.0072994524 0.0079216464 0.0051559986 0.005135549 0.0051259217 0.0085563052 0.0104913699 0.0096519079 0.0086769738 0.0084336426 0.0004633487 0.0058019497 0.0105692621 0.0122916538 0.0063982172 0.0101342242 0.0058395207 0.0060917039 0.0068613528 0.0037248212 0.0086935336 0.0110951793 0.0102983427 
21 0.0059760313 0.0103419458 0.0140901441 0.0057963168 0.0050459899 0.0101375734 0.0095573646 0.0054750552 0.0051772484 0.0133169814 0.0068383905 0.004715303 0.0075509563 0.0033487437 0.0077289483 0.003664968 0.0109807467 0.009450124 0.0097287982 0.0009057897 0.0039699766 0.0099342328 0.0075906915 0.0066180109 0.008213932 0.0042673378 0.004586545 0.0073075315 0.0051649695 0.0076627478 0.0061785697 0.0063776434 0.002272254 0.0070038742 0.0069898547 0.0113085807 0.0062934315 0.0063839461 0.0056620125 0.009126272 0.0059757751 0.0049643079 0.0146628265 0.0048960666 0.0118314655 0.005316146 0.0079915127 0.0153023359 0.010613808 0.0068289632 0.0055287923 0.0049403061 0.0066575904 0.0118680935 0.0053677283 0.0111566799 0.0104612847 0.0064465698 0.0054885023 0.0085817726 0.0036226645 0.0099039249 0.0088367921 0.0097667743 0.0113186578 0.008451847 0.0120431375 0.0027215541 0.012425766 0.0048105522 0.014287268 0.0099339807 0.0079439175 0.0053292927 0.008653844 0.0135398485 0.0041248047 0.0035512545 0.0037628349 0.0139087643 0.006975942 0.0039000678 0.0043530103 0.0053336264 0.0096975387 0.0067514296 0.0035319881 0.0065701795 0.0113401046 0.0052414661 0.0113308943 0.0135449141 0.0119501456 0.0084193926 0.0034831559 0.0037210071 0.0127389853 0.0051752694 0.0053352993 0.0067595204 0.0100457364 0.0046447622 0.0113916442 0.0100438754 0.0118342293 0.0050268392 0.0085239166 0.0090945956 0.0070492288 0.0049005691 0.0126998751 0.0091437684 0.0078519216 0.0088624232 0.0077447098 0.0103910781 0.0089553013 0.008000209 0.0106124976 0.0068352758 0.0054946465 0.0049344736 0.0078119895 0.0085284649 0.0128356215 0.0097771242 0.0066047134 0.0076487314 
22 0.0062655715 0.0079000579 0.0040122162 0.0144218839 0.007853923 0.0048781302 0.0066743975 0.0089856443 0.0055481279 0.0075651768 0.0126449657 0.0066333847 0.008622921 0.0151225144 0.0061907131 0.0060419094 0.00455454 0.0065793303 0.0054643815 0.0065228393 0.0099342328 0.0055887915 0.0066452415 0.008618851 0.0065557852 0.0097016479 0.0015924904 0.0108207018 0.0064718944 0.0085792589 0.0090593062 0.0100561306 0.0099082189 0.0047506852 0.0044079916 0.0028602772 0.0087379464 0.0095620809 0.0082689621 0.0077357284 0.0058570214 0.0075377244 0.0017789466 0.0072036164 0.0066977491 0.0173765431 0.0084967699 0.0098066759 0.0038093953 0.0135249645 0.0174783921 0.0086804397 0.0040805405 0.0081054018 0.0048443251 0.0115526004 0.0109298347 0.004221112 0.0075969831 0.0055010801 0.0038141287 0.0045319594 0.0061717865 0.0063330815 0.0147107792 0.0082034956 0.0067699134 0.0026079846 0.0032871646 0.0086133837 0.0064753088 0.0109804218 0.0076973942 0.0065747822 0.0063703381 0.0081269428 0.0072586296 0.0040140338 0.0071325241 0.0080651272 0.0056420645 0.0051724563 0.0144924761 0.0100169459 0.0034607231 0.0103249556 0.0056449595 0.0054698758 0.0143599443 0.0102996232 0.0022442021 0.0091393519 0.0107760362 0.015542926 0.0051351841 0.0108755474 0.0083609575 0.0091884773 0.0049107949 0.0126424656 0.0037089297 0.0091310404 0.0052039331 0.0019709171 0.0105772958 0.0101551175 0.007118373 0.005843368 0.0109922738 0.0051920987 0.0067419002 0.0073509847 0.008466166 0.0092463565 0.0065011634 0.0109238565 0.0049952973 0.0077895169 0.0141879468 0.0070584039 0.0065852727 0.0132004211 0.0066341988 0.005640301 0.010370454 0.0069561089 0.0069134977 0.0116866919 
23 0.0093714828 0.0042461015 0.0038475944 0.005341698 0.011984137 0.0063507122 0.0105813138 0.0112168206 0.0114700369 0.0069423031 0.0038014846 0.0057097405 0.0106742744 0.0092707179 0.0090635721 0.006090255 0.0072216464 0.006664079 0.0071990194 0.0124142156 0.0075906915 0.0066452415 0.0178692998 0.0064044113 0.0074033437 0.0121187194 0.0081077901 0.0134194822 0.0108443201 0.0101921365 0.0109380399 0.0062023666 0.0101731036 0.0016139463 0.0043696026 0.0043939394 0.0130726866 0.0122352456 0.007394801 0.0083383371 0.0082177197 0.012428584 0.0037772395 0.0072499547 0.0074639027 0.0062941643 0.0048528967 0.0075188031 0.0042140524 0.0083923627 0.0078968768 0.0036631524 0.0079005697 0.010221587 0.0059733934 0.0063671929 0.0069097731 0.0090766027 0.007498732 0.0061628508 0.0074547028 0.0046399274 0.0107867681 0.0120732222 0.0076308889 0.0079970444 0.0071423239 0.0064913961 0.008177688 0.0043367925 0.0018030235 0.0086194545 0.0078029147 0.0080421613 0.0147050355 0.0136176911 0.0109711879 0.0153100561 0.0099571346 0.0010467734 0.0090466123 0.013452731 0.0068879045 0.010485127 0.0102395816 0.0044568478 0.0089885726 0.0078830883 0.0073277678 0.0045860331 0.0097351938 0.0068747043 0.0025411795 0.0129317514 0.0069236598 0.0115402251 0.0055124443 0.0049376965 0.0042390604 0.0039046328 0.0095311118 0.0098782943 0.0033649325 0.0052725919 0.0076767565 0.0115886647 0.0019532071 0.0099354359 0.0038294746 0.011769331 0.0077413494 0.0063060283 0.006721683 0.0043154556 0.0053260991 0.0020388049 0.0065244843 0.0099904185 0.0090152163 0.0071924529 0.0041795094 0.0077243621 0.0102105187 0.0058750854 0.0061083936 0.0046824553 0.0129308493 0.0063469121 
24 0.0090153589 0.0063562149 0.0096531066 0.004409153 0.0079786615 0.0062260728 0.0058521087 0.0119306507 0.0138230985 0.00579262 0.0061558453 0.0051443484 0.0045085519 0.0080402444 0.0056122024 0.0052306993 0.006289621 0.0054888789 0.0039709126 0.0091260603 0.0066180109 0.008618851 0.0064044113 0.0172490072 0.0077896421 0.0049167203 0.0069220045 0.0064163673 0.0079257367 0.0077654517 0.0099276009 0.0092371157 0.0079565702 0.0061838976 0.0025972173 0.0014138088 0.0083546457 0.0079093818 0.0050761967 0.0094569866 0.0052079517 0.0065777297 0.0053675391 0.0078186886 0.0097201703 0.0050221884 0.0093452759 0.0111584433 0.0084296635 0.0094668385 0.0075894174 0.0080829889 0.0065647132 0.0086645429 0.0055031977 0.0164052094 0.0031927508 0.0047690681 0.0038174555 0.0071520624 0.006190977 0.0095433414 0.0088617355 0.010089192 0.0053191873 0.0118593397 0.0037401165 0.0104632669 0.009343711 0.0047047416 0.0122229412 0.0072845694 0.0094209552 0.0060221705 0.0092807005 0.0110043012 0.0119612309 0.0127700586 0.00947368 0.0092532753 0.0042765537 0.0070021995 0.0058105961 0.0116497205 0.0082377979 0.0086238972 0.0045880016 0.0060793692 0.0005764975 0.0042096418 0.010641032 0.0092313563 0.0101136874 0.0064227108 0.0103252584 0.0028119406 0.0080794116 0.0074454184 0.0069336591 0.0077557427 0.0076704612 0.0150226139 0.0121994523 0.0149556935 0.0057000328 0.0061209431 0.0051032416 0.0071678467 0.0083743148 0.0065996179 0.0110578165 0.0068706089 0.010243565 0.0019776663 0.0067423253 0.0083250524 0.007574394 0.0096782313 0.0092990107 0.0114903985 0.0092401004 0.0041351635 0.0080874667 0.0087523724 0.0060371051 0.0100974853 0.0103759632 0.0122771433 
