60
1 0.0 0.0158253952 0.0073815785 0.0128116894 0.0289613121 0.0255519064 0.0266789416 0.0058405279 0.017174202 0.017958036 0.0145711596 0.0167054048 0.0117615561 0.0217277614 0.0119608144 0.0125635167 0.0239951538 0.0138801866 0.0144008808 0.0194132358 0.0115780154 0.0204568119 0.0235981362 0.0156505446 0.0139938381 0.0176653899 0.0198954968 0.016002687 0.0077939806 0.026425744 0.0161037779 0.0279187723 0.0230585789 0.0063977678 0.0186952828 0.018221234 0.0121627045 0.0074534248 0.0181124521 0.0124074356 0.0201040011 0.0284009939 0.012746263 0.0022804252 0.0174331432 0.0225912013 0.0059766636 0.0259856122 0.0206160958 0.0180180449 0.0142824916 0.0200110717 0.0102978907 0.0125609435 0.0169146868 0.0158419818 0.0207205849 0.0211234792 0.0179849661 0.0233541252
2 0.0158253952 0.0 0.0208831618 0.0152444026 0.0358311862 0.0256923863 0.0206901761 0.0106141712 0.0194516024 0.0151207114 0.0130379877 0.0194352652 0.019093088 0.0116912983 0.0179417854 0.0113660445 0.0186775352 0.0124398824 0.0148275319 0.010480383 0.0178360122 0.0355907138 0.0127961262 0.0155160033 0.0103414039 0.0179205157 0.0332574738 0.0131356666 0.0257521182 0.0165462685 0.0055478626 0.0240852377 0.0240367469 0.0197809136 0.0144451818 0.0265999072 0.0190661988 0.003314643 0.0099279824 0.0121633209 0.0050649507 0.0177855213 0.0154594963 0.0193353868 0.0066140809 0.0078225887 0.0261699978 0.0332089948 0.0080063831 0.0088397926 0.0100208283 0.0182567246 0.0315364304 0.0043143502 0.0228089858 0.0138393394 0.0115029974 0.0151457018 0.015549098 0.0227140589
3 0.0073815785 0.0208831618 0.0 0.0100312303 0.0167894849 0.0115277552 0.0197552603 0.0177277692 0.0138621024 0.0235132894 0.0235095629 0.0092347996 0.0236728739 0.0189626461 0.020172965 0.0173823207 0.0073823084 0.0164296653 0.0229647865 0.0198266904 0.0171638561 0.0220682001 0.021230921 0.0175453251 0.0059689214 0.0193779722 0.005994028 0.0185318897 0.0154329746 0.0225430794 0.0185622125 0.0184892172 0.0057162054 0.0043160674 0.0084564403 0.0144744907 0.0246766432 0.0168345841 0.0191448372 0.0228990451 0.0170359391 0.0126259723 0.0210320564 0.0162054865 0.019612772 0.021551116 0.0071909324 0.0239724594 0.0188056025 0.0286823238 0.0279795597 0.0227785202 0.0081208945 0.0036945817 0.0121972691 0.0071599701 0.0246054504 0.0277534805 0.0221049608 0.0164534913
4 0.0128116894 0.0152444026 0.0100312303 0.0 0.0132179691 0.0178345673 0.0146693866 0.0262029014 0.0234069876 0.0261439455 0.022802566 0.0155553606 0.0249050552 0.0014588576 0.0233867133 0.0223117138 0.0225155318 0.0012974779 0.0064342093 0.0148491044 0.0283785903 0.0149706218 0.0261713159 0.0278453948 0.0283555494 0.0111883011 0.0218947374 0.0190526069 0.0247851305 0.0108321418 0.0128804909 0.0282241072 0.019456406 0.0087817782 0.0160976535 0.0141121678 0.0099795296 0.0257537177 0.014321044 0.0138535307 0.0276032793 0.0206182206 0.0255382068 0.0208868379 0.0050157586 0.0045971132 0.0037245091 0.0186390033 0.0058242729 0.0107019493 0.0230998056 0.0077334717 0.0181685837 0.0222113835 0.0142505355 0.014600474 0.0190470626 0.0187508437 0.0196740528 0.0073001509
5 0.0289613121 0.0358311862 0.0167894849 0.0132179691 0.0 0.0196957435 0.0165990144 0.0144910063 0.0311549614 0.0239931009 0.0057062385 0.0190434229 0.0023687038 0.0173918666 0.0180361118 0.0054765773 0.0086067499 0.0237268618 0.0012703024 0.0211643627 0.0099608874 0.0296924658 0.0073882221 0.0302027813 0.0163517508 0.0254247571 0.0077152885 0.0029120563 0.0164858344 0.0041564521 0.0229634331 0.0132270087 0.017096615 0.0222690105 0.022890341 0.0199134672 0.0182050649 0.0166890894 0.0069468627 0.0168446854 0.0255332316 0.0135750266 0.0236422155 0.0186994609 0.0227249453 0.015011031 0.0244073977 0.0160955384 0.0175162541 0.0258955923 0.0147508292 0.0069014349 0.0119072863 0.0068561914 0.024585803 0.0180576425 0.0320016005 0.0065518013 0.0086896862 0.0157359814
6 0.0255519064 0.0256923863 0.0115277552 0.0178345673 0.0196957435 0.0 0.0041480532 0.0234258021 0.0024282325 0.0126976145 0.0137298158 0.0092488255 0.0234323064 0.013666548 0.0245977859 0.0261960702 0.0232865875 0.0189857504 0.0218408574 0.0187033362 0.0169518668 0.0125320089 0.0143387762 0.0253798627 0.0262359232 0.0253519147 0.0082000263 0.0220359001 0.0043380345 0.0173179035 0.022127577 0.0082302647 0.0186247847 0.0142901424 0.0171298602 0.0214855891 0.0170895304 0.0252133695 0.0110904656 0.008967861 0.0051690417 0.0070587534 0.0224026678 0.0212869946 0.0237520545 0.0122360927 0.017747875 0.0177342362 0.0223944485 0.016486001 0.0159312631 0.0188867822 0.0171621777 0.0146962925 0.0174768545 0.0040228162 0.02562063 0.0087859827 0.0193025699 0.0182248599
7 0.0266789416 0.0206901761 0.0197552603 0.0146693866 0.0165990144 0.0041480532 0.0 0.0260276327 0.0170429221 0.0185899634 0.0198901187 0.0229055753 0.0165920023 0.0240071015 0.013482091 0.0237921494 0.022914579 0.0130618887 0.0217920315 0.0157728006 0.0112429314 0.0077094439 0.0044450665 0.0113017814 0.0049433777 0.0241341124 0.0257994382 0.0099814676 0.0218057672 0.0193904735 0.0239140044 0.0131943183 0.0111367129 0.0152724701 0.0156410073 0.0169271263 0.0095109258 0.0216437536 0.021553581 0.0145345299 0.0279780022 0.0189830828 0.0078561336 0.0126902448 0.0146972468 0.007425831 0.0078171524 0.0238521734 0.0180492031 0.0217356416 0.0273988923 0.017232946 0.0067843626 0.0197471005 0.0151300245 0.0274134933 0.007975845 0.0075053103 0.0217764958 0.0254568397
8 0.0058405279 0.0106141712 0.0177277692 0.0262029014 0.0144910063 0.0234258021 0.0260276327 0.0 0.0182636478 0.0255432217 0.0240798625 0.0257498125 0.0113507807 0.009255343 0.0317897775 0.01614383 0.0047368668 0.0133047864 0.0196386576 0.0259120318 0.0136269988 0.0064800138 0.0164177257 0.0173132917 0.0264827227 0.0177131509 0.0235540247 0.0142788692 0.0058083044 0.0151400292 0.0145561134 0.0155379368 0.0153477137 0.0201049749 0.0174944306 0.0172498486 0.0087469363 0.0164626523 0.0143869262 0.024001164 0.0154394809 0.0154171043 0.0197728701 0.0173125274 0.0067707575 0.0210811121 0.0098503988 0.0152559191 0.0144305055 0.0178745252 0.0252125318 0.0242057593 0.0223453643 0.0206970031 0.0149005917 0.0210407997 0.0233209903 0.004961951 0.0142149749 0.0050925761
9 0.017174202 0.0194516024 0.0138621024 0.0234069876 0.0311549614 0.0024282325 0.0170429221 0.0182636478 0.0 0.013285711 0.0154570958 0.0108800914 0.0209243789 0.0150679832 0.0156587868 0.0213146397 0.0168656165 0.0214438686 0.0280400664 0.006248168 0.0182266188 0.0198040559 0.009570708 0.0206849396 0.0083235678 0.0143199666 0.0197867655 0.0081099806 0.010425302 0.0075677538 0.0163897384 0.0194981134 0.0083541116 0.0194452548 0.0210676574 0.0101743022 0.0301642153 0.009803259 0.0194847244 0.0190458136 0.0081671066 0.0200128045 0.0104265256 0.020389298 0.0177785272 0.0324057669 0.0120775901 0.0263628226 0.0171777738 0.0127084737 0.0115959427 0.0265279031 0.0192742645 0.0212767067 0.0247679379 0.0037350525 0.0173144034 0.0160744076 0.0292884026 0.0144203767
10 0.017958036 0.0151207114 0.0235132894 0.0261439455 0.0239931009 0.0126976145 0.0185899634 0.0255432217 0.013285711 0.0 0.0070536917 0.0242509098 0.0243330984 0.0126434254 0.0135233463 0.0121006034 0.0188486532 0.0255051242 0.0065771213 0.0277782448 0.0256956898 0.0154182713 0.0023484556 0.0149953329 0.013730972 0.015126785 0.0172188687 0.0163346745 0.0191290998 0.0190643216 0.0145924894 0.0171159854 0.0097549052 0.0275964068 0.0124186461 0.0163253214 0.0146912748 0.0124638629 0.0182495138 0.0211769132 0.0181887068 0.0192198616 0.0303887073 0.0033575244 0.0121395637 0.0278557361 0.024507353 0.0109863243 0.0176314968 0.0023146665 0.021192495 0.0070121474 0.0140897032 0.0229646679 0.0141660415 0.0237731183 0.01767252 0.0133088008 0.0112969005 0.0150260622
11 0.0145711596 0.0130379877 0.0235095629 0.022802566 0.0057062385 0.0137298158 0.0198901187 0.0240798625 0.0154570958 0.0070536917 0.0 0.0033232865 0.0196912093 0.0097373149 0.0153971683 0.0086490601 0.0128274886 0.0193796916 0.025392865 0.0133792326 0.0148788045 0.0223125799 0.0285292834 0.0097598268 0.013213796 0.0286794076 0.0117831343 0.0241323335 0.0234485459 0.0203607532 0.0268260211 0.017075474 0.0062473748 0.0171829987 0.0058305744 0.0238103053 0.0169584602 0.0257507985 0.0150163809 0.0205480018 0.0211588977 0.0121631339 0.0110851408 0.0155216787 0.011251624 0.0197371212 0.0221944392 0.0146827515 0.0176745232 0.0150710876 0.0135887033 0.0167789417 0.0253066847 0.0261622256 0.0193269657 0.0135633968 0.0017454631 0.0222280864 0.0278095022 0.0129893621
12 0.0167054048 0.0194352652 0.0092347996 0.0155553606 0.0190434229 0.0092488255 0.0229055753 0.0257498125 0.0108800914 0.0242509098 0.0033232865 0.0 0.0237194191 0.0253362035 0.0166042755 0.0174845237 0.016462593 0.0202803597 0.0269407299 0.017825457 0.0082230961 0.004285684 0.0198490796 0.0178722812 0.0254555271 0.0176850497 0.0054801466 0.0137480297 0.0256969866 0.0028991779 0.0052048246 0.0047425819 0.0210304217 0.0053187509 0.0273314603 0.0204210671 0.0187804254 0.0308180731 0.0115178707 0.0190512257 0.0229797142 0.0137308727 0.0144768856 0.0126525559 0.029602309 0.0159554917 0.0016499152 0.015827372 0.0047481101 0.0154115366 0.0207222036 0.0076417649 0.0234152371 0.0231210405 0.0259108656 0.0215882879 0.0256716477 0.0310603504 0.0078478912 0.0195878729
13 0.0117615561 0.019093088 0.0236728739 0.0249050552 0.0023687038 0.0234323064 0.0165920023 0.0113507807 0.0209243789 0.0243330984 0.0196912093 0.0237194191 0.0 0.0332686937 0.0023255704 0.0163354985 0.0257702582 0.0103206652 0.0213991429 0.0055310752 0.0166588894 0.014994666 0.0118959095 0.0103782002 0.0070708427 0.0162057759 0.0141763915 0.0282895897 0.0136292515 0.0183237917 0.0058614613 0.0085544844 0.0134174702 0.0133269808 0.0209376031 0.0216518887 0.0092924422 0.0134340111 0.0168036932 0.0237019273 0.0203377292 0.0257103894 0.0130119171 0.033038733 0.016276087 0.0153802576 0.0151021107 0.0170420201 0.0204087219 0.016010612 0.0145913573 0.0292038229 0.0095043473 0.0167756974 0.0210179304 0.0099916588 0.0197686583 0.0172075241 0.0234245137 0.0107952655
14 0.0217277614 0.0116912983 0.0189626461 0.0014588576 0.0173918666 0.013666548 0.0240071015 0.009255343 0.0150679832 0.0126434254 0.0097373149 0.0253362035 0.0332686937 0.0 0.0224665805 0.0066550552 0.0133860762 0.0130589161 0.0095945939 0.0093632977 0.0207968466 0.0259943392 0.008865041 0.0242657374 0.0230098549 0.0180782753 0.0204742858 0.0111444291 0.011483528 0.0107182861 0.0125886781 0.0161504549 0.021548663 0.020911106 0.0171355516 0.0183533725 0.0187175391 0.0193577315 0.0147055651 0.0189331584 0.0227894992 0.0105598277 0.0196811158 0.0248987794 0.0033937857 0.004759799 0.0106418533 0.0123631592 0.0194054281 0.0217455422 0.0162741419 0.0195432467 0.0173927001 0.0289936972 0.0229376556 0.0267444389 0.0168793939 0.0205327666 0.01344209 0.0250490731
15 0.0119608144 0.0179417854 0.020172965 0.0233867133 0.0180361118 0.0245977859 0.013482091 0.0317897775 0.0156587868 0.0135233463 0.0153971683 0.0166042755 0.0023255704 0.0224665805 0.0 0.0250840973 0.0079821605 0.0309191935 0.01757814 0.0085630924 0.0163823402 0.003288566 0.0236337559 0.0160145538 0.0316203861 0.007584437 0.0158755344 0.0013204813 0.0179521746 0.0171102092 0.021514518 0.0104223348 0.0225247219 0.0299618762 0.0171795848 0.0124019302 0.0207627326 0.0164062837 0.018646915 0.0169314344 0.0119149033 0.0073341498 0.0146974029 0.0202586526 0.0064713404 0.0162480388 0.0107259498 0.0201947241 0.0162236574 0.0209283718 0.0077061135 0.0283874351 0.0168350892 0.0246476511 0.0197194951 0.0164551545 0.0136384228 0.011701116 0.0238763474 0.0170307584
16 0.0125635167 0.0113660445 0.0173823207 0.0223117138 0.0054765773 0.0261960702 0.0237921494 0.01614383 0.0213146397 0.0121006034 0.0086490601 0.0174845237 0.0163354985 0.0066550552 0.0250840973 0.0 0.0094530142 0.0058519816 0.0133018803 0.0010972875 0.0108830622 0.0322438882 0.0183090398 0.0065778189 0.0168142914 0.0186053397 0.0328697101 0.0190713579 0.0218232454 0.0235603435 0.0180210833 0.0110985635 0.0080844649 0.0108799371 0.0187626507 0.0296212829 0.0163231137 0.0205133999 0.0121677679 0.0256405679 0.0235224599 0.0151441002 0.0135684022 0.0128173099 0.027749491 0.0075513983 0.0227617227 0.0139738938 0.0161865559 0.0177599514 0.0138571564 0.0191902521 0.0242661397 0.0227204476 0.0215530403 0.0266523099 0.0275690216 0.0125132852 0.0069338795 0.0092783898
17 0.0239951538 0.0186775352 0.0073823084 0.0225155318 0.0086067499 0.0232865875 0.022914579 0.0047368668 0.0168656165 0.0188486532 0.0128274886 0.016462593 0.0257702582 0.0133860762 0.0079821605 0.0094530142 0.0 0.0065683677 0.0063473707 0.0267316711 0.0184024511 0.0270889968 0.0161799858 0.0197876546 0.0109796636 0.0100771357 0.0087175947 0.0343839107 0.0129565684 0.01905463 0.0209537173 0.030615958 0.0197297476 0.0232568745 0.0216993889 0.012511817 0.0191150672 0.0102724605 0.0263531724 0.0037939782 0.0094696192 0.0127559239 0.0055687441 0.0161075138 0.0158314065 0.0278168038 0.0202543208 0.0280006025 0.0320309239 0.0123338094 0.005709534 0.0150648748 0.0262179039 0.0298288541 0.0214454952 0.016024757 0.0054810797 0.005996057 0.0117196932 0.0230527278
18 0.0138801866 0.0124398824 0.0164296653 0.0012974779 0.0237268618 0.0189857504 0.0130618887 0.0133047864 0.0214438686 0.0255051242 0.0193796916 0.0202803597 0.0103206652 0.0130589161 0.0309191935 0.0058519816 0.0065683677 0.0 0.0270376812 0.0032511022 0.0251527487 0.023327079 0.0193641513 0.0224146704 0.0098491869 0.0270246935 0.0093014132 0.0242781161 0.0128589895 0.014905988 0.010989476 0.0120074716 0.0186849262 0.0213921822 0.0202752664 0.0269964134 0.0136114072 0.0220983298 0.0129014605 0.0243170984 0.0195759837 0.0087091061 0.0232365161 0.0200322488 0.0121616892 0.0180871888 0.0108985928 0.0100133403 0.0136412676 0.0099020887 0.013254787 0.0094921228 0.0063709738 0.0298475745 0.0193935088 0.0303130849 0.0225519266 0.0034515875 0.0281057538 0.022466139
19 0.0144008808 0.0148275319 0.0229647865 0.0064342093 0.0012703024 0.0218408574 0.0217920315 0.0196386576 0.0280400664 0.0065771213 0.025392865 0.0269407299 0.0213991429 0.0095945939 0.01757814 0.0133018803 0.0063473707 0.0270376812 0.0 0.0180924812 0.0164255432 0.0176273082 0.012184543 0.0145711797 0.0273886431 0.015633953 0.0232131179 0.0106076779 0.0263097932 0.0209317348 0.0071273785 0.0111122188 0.0201731817 0.026742275 0.0184992138 0.0118372036 0.027003077 0.0214358128 0.0256702062 0.0141758638 0.0028214407 0.0249376682 0.0161536734 0.0141908041 0.0135228082 0.0214678082 0.019940375 0.0109284285 0.016503196 0.0076164269 0.0179177298 0.0201758173 0.0081754988 0.0051225949 0.0117512822 0.0251854368 0.0177130613 0.02615484 0.0106619082 0.0169179456
20 0.0194132358 0.010480383 0.0198266904 0.0148491044 0.0211643627 0.0187033362 0.0157728006 0.0259120318 0.006248168 0.0277782448 0.0133792326 0.017825457 0.0055310752 0.0093632977 0.0085630924 0.0010972875 0.0267316711 0.0032511022 0.0180924812 0.0 0.0235097207 0.0022453395 0.0162163303 0.0235067623 0.0121293386 0.0090135782 0.0118807909 0.0321279429 0.0016252958 0.0136489245 0.0189291028 0.0262787328 0.0227192546 0.0233448328 0.0064154051 0.0208652061 0.0144937103 0.0088384355 0.020297547 0.0133744008 0.0230415003 0.0124273907 0.0197400789 0.0313023241 0.0242064584 0.0173060213 0.0223860415 0.0219894684 0.0152061145 0.025246688 0.0099575081 0.0234084586 0.0170251519 0.0194098658 0.0240387545 0.0094814374 0.0105428711 0.0255828651 0.0301343108 0.0121229847
21 0.0115780154 0.0178360122 0.0171638561 0.0283785903 0.0099608874 0.0169518668 0.0112429314 0.0136269988 0.0182266188 0.0256956898 0.0148788045 0.0082230961 0.0166588894 0.0207968466 0.0163823402 0.0108830622 0.0184024511 0.0251527487 0.0164255432 0.0235097207 0.0 0.0198109975 0.0266623172 0.0249920861 0.0119320592 0.0198835687 0.0211877121 0.0164133515 0.006454598 0.0208465712 0.0185899857 0.0254091133 0.0260328484 0.0136687209 0.0085884672 0.0161477403 0.0120591831 0.01502135 0.0153232852 0.0191027445 0.0166809416 0.0080397541 0.0190411734 0.0246900734 0.0116441792 0.0160481351 0.0103181913 0.0136940421 0.0194173093 0.0265698719 0.022233162 0.0099750479 0.0045679747 0.0262590137 0.0169307844 0.0158284396 0.0209111076 0.0174490972 0.0068495846 0.0127504471
22 0.0204568119 0.0355907138 0.0220682001 0.0149706218 0.0296924658 0.0125320089 0.0077094439 0.0064800138 0.0198040559 0.0154182713 0.0223125799 0.004285684 0.014994666 0.0259943392 0.003288566 0.0322438882 0.0270889968 0.023327079 0.0176273082 0.0022453395 0.0198109975 0.0 0.0161190054 0.0170805768 0.0191475153 0.0151548201 0.0284930021 0.016436759 0.0215963747 0.0041751814 0.0113231728 0.02814498 0.0283875101 0.0075239361 0.0163007406 0.025737481 0.0138676022 0.0167240894 0.0196116075 0.0149434082 0.0117844456 0.0149436907 0.0090895935 0.0056242926 0.0125653624 0.0218902055 0.0160067989 0.0191684513 0.0129109411 0.0072512972 0.0183091528 0.0154074529 0.0091903922 0.0230644431 0.0034042685 0.0087071052 0.0297221806 0.0223637105 0.0265225434 0.0133638577
23 0.0235981362 0.0127961262 0.021230921 0.0261713159 0.0073882221 0.0143387762 0.0044450665 0.0164177257 0.009570708 0.0023484556 0.0285292834 0.0198490796 0.0118959095 0.008865041 0.0236337559 0.0183090398 0.0161799858 0.0193641513 0.012184543 0.0162163303 0.0266623172 0.0161190054 0.0 0.0103558427 0.0075720012 0.0131183048 0.0182905289 0.0177506695 0.0099145863 0.0119530907 0.0201775819 0.0132547235 0.0140980323 0.0129771276 0.0245585273 0.0142242073 0.0066387272 0.0216158011 0.0268804648 0.0274007661 0.0272893315 0.0252483626 0.0216392374 0.0129165874 0.0203525887 0.0186268345 0.0222829242 0.0140443195 0.0269846769 0.0070515389 0.0101298196 0.0180629706 0.0210141557 0.0221912384 0.011593029 0.0258277424 0.0173537489 0.0109388162 0.0183625932 0.0211946057
24 0.0156505446 0.0155160033 0.0175453251 0.0278453948 0.0302027813 0.0253798627 0.0113017814 0.0173132917 0.0206849396 0.0149953329 0.0097598268 0.0178722812 0.0103782002 0.0242657374 0.0160145538 0.0065778189 0.0197876546 0.0224146704 0.0145711797 0.0235067623 0.0249920861 0.0170805768 0.0103558427 0.0 0.0174653639 0.0138850454 0.0132183773 0.0201235478 0.0129023869 0.0119537145 0.0113897558 0.0169211911 0.0239044377 0.0114601307 0.0207992653 0.0120694658 0.0232605708 0.015473858 0.0126830475 0.0120400379 0.0208121421 0.025798082 0.0167943727 0.006085197 0.0040770229 0.0126267081 0.0230348494 0.02076326 0.0154496888 0.0215555724 0.0229166761 0.0113165643 0.0173501373 0.0162832405 0.016270202 0.0093684826 0.0126275604 0.020145656 0.0225430926 0.0206188478
25 0.0139938381 0.0103414039 0.0059689214 0.0283555494 0.0163517508 0.0262359232 0.0049433777 0.0264827227 0.0083235678 0.013730972 0.013213796 0.0254555271 0.0070708427 0.0230098549 0.0316203861 0.0168142914 0.0109796636 0.0098491869 0.0273886431 0.0121293386 0.0119320592 0.0191475153 0.0075720012 0.0174653639 0.0 0.0169168062 0.0124843025 0.014593508 0.0238828657 0.0273240091 0.0041492508 0.0102204888 0.0102030979 0.0138145988 0.0196787395 0.0253585233 0.0163684455 0.0170896698 0.0178479117 0.0098391576 0.0211570591 0.0219887934 0.0238242566 0.0261081896 0.029230412 0.0128707808 0.0268728791 0.0149978052 0.0093043234 0.0151641709 0.0160350041 0.0126883527 0.0112257371 0.0164377119 0.0219303513 0.0273275712 0.0121175879 0.0206931914 0.0189861517 0.0128917982
26 0.0176653899 0.0179205157 0.0193779722 0.0111883011 0.0254247571 0.0253519147 0.0241341124 0.0177131509 0.0143199666 0.015126785 0.0286794076 0.0176850497 0.0162057759 0.0180782753 0.007584437 0.0186053397 0.0100771357 0.0270246935 0.015633953 0.0090135782 0.0198835687 0.0151548201 0.0131183048 0.0138850454 0.0169168062 0.0 0.0197119977 0.0101787236 0.0279416082 0.0191162421 0.0160074827 0.0115735498 0.0158960027 0.0118637775 0.0285648271 0.0227155316 0.012491066 0.0172367707 0.0089017029 0.0190486981 0.012898681 0.0165911522 0.011982575 0.0216304688 0.0056709877 0.0167806415 0.0237575296 0.0187691244 0.0127567415 0.0049932999 0.0099055981 0.0328409543 0.0211208114 0.0097545739 0.0147712537 0.0050210231 0.0274720944 0.0187768821 0.0175379035 0.0199506667
27 0.0198954968 0.0332574738 0.005994028 0.0218947374 0.0077152885 0.0082000263 0.0257994382 0.0235540247 0.0197867655 0.0172188687 0.0117831343 0.0054801466 0.0141763915 0.0204742858 0.0158755344 0.0328697101 0.0087175947 0.0093014132 0.0232131179 0.0118807909 0.0211877121 0.0284930021 0.0182905289 0.0132183773 0.0124843025 0.0197119977 0.0 0.0218196828 0.0115717353 0.0162668169 0.0170666871 0.0193510473 0.0150908971 0.006474936 0.0208098191 0.005869454 0.0289436896 0.0142961014 0.0112701355 0.0272585549 0.0200558839 0.0177586356 0.0117222341 0.01967917 0.027967743 0.0255729358 0.0076262729 0.0320594057 0.0172675521 0.0097738143 0.004869086 0.0132816172 0.0199671132 0.0238138771 0.0081676526 0.006637778 0.0172478614 0.018112461 0.0179448763 0.013910285
28 0.016002687 0.0131356666 0.0185318897 0.0190526069 0.0029120563 0.0220359001 0.0099814676 0.0142788692 0.0081099806 0.0163346745 0.0241323335 0.0137480297 0.0282895897 0.0111444291 0.0013204813 0.0190713579 0.0343839107 0.0242781161 0.0106076779 0.0321279429 0.0164133515 0.016436759 0.0177506695 0.0201235478 0.014593508 0.0101787236 0.0218196828 0.0 0.0103806094 0.0150739203 0.0179010742 0.0306539021 0.0168599208 0.0205763484 0.0248179899 0.0229915365 0.0170089948 0.0127463184 0.0147381268 0.0151194881 0.0302196907 0.0253386315 0.0032654927 0.0072392024 0.033037507 0.0142882163 0.0078424129 0.0067896024 0.0243941086 0.0214637741 0.0134232753 0.0098013494 0.0146539998 0.0095559642 0.0127674865 0.0213762072 0.0054026873 0.0186179413 0.0210858896 0.0237724215
29 0.0077939806 0.0257521182 0.0154329746 0.0247851305 0.0164858344 0.0043380345 0.0218057672 0.0058083044 0.010425302 0.0191290998 0.0234485459 0.0256969866 0.0136292515 0.011483528 0.0179521746 0.0218232454 0.0129565684 0.0128589895 0.0263097932 0.0016252958 0.006454598 0.0215963747 0.0099145863 0.0129023869 0.0238828657 0.0279416082 0.0115717353 0.0103806094 0.0 0.0083013099 0.0237093727 0.0082479068 0.0296224145 0.0175809523 0.0158581002 0.0160421439 0.0138094731 0.0051859861 0.0284756695 0.0178334641 0.0302643338 0.0130243476 0.022744325 0.0059869575 0.0164306006 0.0166874648 0.0199529987 0.0241499513 0.0294009438 0.0302252564 0.0149766656 0.0111540135 0.0185724893 0.0234517537 0.0302189448 0.0136818469 0.0054742046 0.0118565304 0.016495797 0.0163980921
30 0.026425744 0.0165462685 0.0225430794 0.0108321418 0.0041564521 0.0173179035 0.0193904735 0.0151400292 0.0075677538 0.0190643216 0.0203607532 0.0028991779 0.0183237917 0.0107182861 0.0171102092 0.0235603435 0.01905463 0.014905988 0.0209317348 0.0136489245 0.0208465712 0.0041751814 0.0119530907 0.0119537145 0.0273240091 0.0191162421 0.0162668169 0.0150739203 0.0083013099 0.0 0.0159914641 0.0236174678 0.0233557094 0.0209128821 0.0178049601 0.0199499383 0.0237737519 0.029352543 0.011381397 0.0195833877 0.0114518701 0.0131129308 0.0087657318 0.0103386369 0.0124800052 0.0139338953 0.0113352582 0.0271719975 0.0185767151 0.0159917589 0.0172833611 0.0209928209 0.0228643747 0.0220165943 0.0178521826 0.0183963803 0.0211995305 0.0251758913 0.0169526476 0.0128750534
31 0.0161037779 0.0055478626 0.0185622125 0.0128804909 0.0229634331 0.022127577 0.0239140044 0.0145561134 0.0163897384 0.0145924894 0.0268260211 0.0052048246 0.0058614613 0.0125886781 0.021514518 0.0180210833 0.0209537173 0.010989476 0.0071273785 0.0189291028 0.0185899857 0.0113231728 0.0201775819 0.0113897558 0.0041492508 0.0160074827 0.0170666871 0.0179010742 0.0237093727 0.0159914641 0.0 0.0292446706 0.0265641778 0.02660388 0.0105549917 0.0203200032 0.0101554679 0.0195536126 0.015803966 0.0054567969 0.0177629916 0.0255881161 0.0295930158 0.015904369 0.0168478304 0.015647113 0.0099410541 0.0143084004 0.0128470561 0.0136576152 0.0190044146 0.0205755556 0.0297265613 0.0176506979 0.0187489636 0.0122016746 0.0169387594 0.0211933627 0.0192565934 0.0163885001
32 0.0279187723 0.0240852377 0.0184892172 0.0282241072 0.0132270087 0.0082302647 0.0131943183 0.0155379368 0.0194981134 0.0171159854 0.017075474 0.0047425819 0.0085544844 0.0161504549 0.0104223348 0.0110985635 0.030615958 0.0120074716 0.0111122188 0.0262787328 0.0254091133 0.02814498 0.0132547235 0.0169211911 0.0102204888 0.0115735498 0.0193510473 0.0306539021 0.0082479068 0.0236174678 0.0292446706 0.0 0.016388249 0.0170793132 0.0196750499 0.007963093 0.0171728835 0.0054235034 0.0079505105 0.0279726961 0.0118354608 0.0230245324 0.0103483327 0.018545718 0.0274074217 0.0187539861 0.0120523707 0.0044640353 0.0162210485 0.007726749 0.0065465177 0.0186293851 0.0237243689 0.0028406694 0.028765304 0.018066613 0.0221906773 0.0125057155 0.0187551506 0.027752367
33 0.0230585789 0.0240367469 0.0057162054 0.019456406 0.017096615 0.0186247847 0.0111367129 0.0153477137 0.0083541116 0.0097549052 0.0062473748 0.0210304217 0.0134174702 0.021548663 0.0225247219 0.0080844649 0.0197297476 0.0186849262 0.0201731817 0.0227192546 0.0260328484 0.0283875101 0.0140980323 0.0239044377 0.0102030979 0.0158960027 0.0150908971 0.0168599208 0.0296224145 0.0233557094 0.0265641778 0.016388249 0.0 0.0140922064 0.0308883768 0.0152436508 0.015573629 0.0206534481 0.0168539109 0.0071261876 0.0186860543 0.0127813726 0.0183016206 0.0223552001 0.0325571017 0.0112995366 0.0132776431 0.0060937036 0.0160680209 0.0200464695 0.0103250806 0.0085013417 0.0110655485 0.0079894711 0.0119900584 0.0060979835 0.0251061491 0.0174872433 0.017335479 0.0190572075
34 0.0063977678 0.0197809136 0.0043160674 0.0087817782 0.0222690105 0.0142901424 0.0152724701 0.0201049749 0.0194452548 0.0275964068 0.0171829987 0.0053187509 0.0133269808 0.020911106 0.0299618762 0.0108799371 0.0232568745 0.0213921822 0.026742275 0.0233448328 0.0136687209 0.0075239361 0.0129771276 0.0114601307 0.0138145988 0.0118637775 0.006474936 0.0205763484 0.0175809523 0.0209128821 0.02660388 0.0170793132 0.0140922064 0.0 0.0125057547 0.0275046861 0.0276912105 0.0138902038 0.0091055315 0.0227906731 0.0137428679 0.0226785957 0.021617927 0.0300651487 0.0142289406 0.022909868 0.0171884287 0.0126083973 0.0105955851 0.0140216645 0.0202039157 0.0152232402 0.0218318857 0.0167530564 0.0245775063 0.0107710359 0.008332591 0.0141502074 0.0134500263 0.0163596413
35 0.0186952828 0.0144451818 0.0084564403 0.0160976535 0.022890341 0.0171298602 0.0156410073 0.0174944306 0.0210676574 0.0124186461 0.0058305744 0.0273314603 0.0209376031 0.0171355516 0.0171795848 0.0187626507 0.0216993889 0.0202752664 0.0184992138 0.0064154051 0.0085884672 0.0163007406 0.0245585273 0.0207992653 0.0196787395 0.0285648271 0.0208098191 0.0248179899 0.0158581002 0.0178049601 0.0105549917 0.0196750499 0.0308883768 0.0125057547 0.0 0.0205223775 0.0148876094 0.0173553124 0.0028383473 0.019998773 0.0254059423 0.0253067687 0.0218024984 0.0183370316 0.0063642887 0.016848502 0.0127979437 0.0169288514 0.02005124 0.0172581176 0.0196029827 0.0199188824 0.0109585159 0.0174501688 0.0141895906 0.008908976 0.0146109628 0.0059671172 0.0059746135 0.0159057766
36 0.018221234 0.0265999072 0.0144744907 0.0141121678 0.0199134672 0.0214855891 0.0169271263 0.0172498486 0.0101743022 0.0163253214 0.0238103053 0.0204210671 0.0216518887 0.0183533725 0.0124019302 0.0296212829 0.012511817 0.0269964134 0.0118372036 0.0208652061 0.0161477403 0.025737481 0.0142242073 0.0120694658 0.0253585233 0.0227155316 0.005869454 0.0229915365 0.0160421439 0.0199499383 0.0203200032 0.007963093 0.0152436508 0.0275046861 0.0205223775 0.0 0.016016035 0.02766647 0.0295546153 0.0128882269 0.0080567653 0.00978837 0.0073697949 0.0130522823 0.0182692371 0.0038331699 0.0163589173 0.0254190232 0.0029372423 0.0160585766 0.0118179322 0.0236623993 0.0123713027 0.0021363714 0.0214878099 0.0152543842 0.0231505324 0.0115376144 0.0139107306 0.010788423
37 0.0121627045 0.0190661988 0.0246766432 0.0099795296 0.0182050649 0.0170895304 0.0095109258 0.0087469363 0.0301642153 0.0146912748 0.0169584602 0.0187804254 0.0092924422 0.0187175391 0.0207627326 0.0163231137 0.0191150672 0.0136114072 0.027003077 0.0144937103 0.0120591831 0.0138676022 0.0066387272 0.0232605708 0.0163684455 0.012491066 0.0289436896 0.0170089948 0.0138094731 0.0237737519 0.0101554679 0.0171728835 0.015573629 0.0276912105 0.0148876094 0.016016035 0.0 0.0307264371 0.026623822 0.0214691106 0.0022621699 0.0189730196 0.01661489 0.0170348348 0.0187007649 0.0172855072 0.0172346376 0.0044730626 0.0275217826 0.0167291468 0.0285963738 0.0147715959 0.0122611629 0.0097248948 0.0152333302 0.0198425665 0.0122608849 0.015173638 0.0134893169 0.0139277125
38 0.0074534248 0.003314643 0.0168345841 0.0257537177 0.0166890894 0.0252133695 0.0216437536 0.0164626523 0.009803259 0.0124638629 0.0257507985 0.0308180731 0.0134340111 0.0193577315 0.0164062837 0.0205133999 0.0102724605 0.0220983298 0.0214358128 0.0088384355 0.01502135 0.0167240894 0.0216158011 0.015473858 0.0170896698 0.0172367707 0.0142961014 0.0127463184 0.0051859861 0.029352543 0.0195536126 0.0054235034 0.0206534481 0.0138902038 0.0173553124 0.02766647 0.0307264371 0.0 0.0118017028 0.0153536978 0.0242339492 0.0140660467 0.0151675388 0.009723767 0.0118274166 0.0283984482 0.0190420611 0.0141649932 0.0146565472 0.0122978378 0.015456193 0.031390471 0.0178173448 0.0172086977 0.0016200573 0.0114522864 0.0150539821 0.0174645785 0.0217470589 0.015486156
39 0.0181124521 0.0099279824 0.0191448372 0.014321044 0.0069468627 0.0110904656 0.021553581 0.0143869262 0.0194847244 0.0182495138 0.0150163809 0.0115178707 0.0168036932 0.0147055651 0.018646915 0.0121677679 0.0263531724 0.0129014605 0.0256702062 0.020297547 0.0153232852 0.0196116075 0.0268804648 0.0126830475 0.0178479117 0.0089017029 0.0112701355 0.0147381268 0.0284756695 0.011381397 0.015803966 0.0079505105 0.0168539109 0.0091055315 0.0028383473 0.0295546153 0.026623822 0.0118017028 0.0 0.0247779537 0.0091272793 0.01194514 0.0048061419 0.0139125413 0.0248344965 0.0185729886 0.0217106304 0.027298057 0.0034740067 0.0199216656 0.0139600223 0.0290072649 0.0250865733 0.0104180182 0.0247172115 0.0250293918 0.0229368113 0.0255179103 0.0147392493 0.0132619232
40 0.0124074356 0.0121633209 0.0228990451 0.0138535307 0.0168446854 0.008967861 0.0145345299 0.024001164 0.0190458136 0.0211769132 0.0205480018 0.0190512257 0.0237019273 0.0189331584 0.0169314344 0.0256405679 0.0037939782 0.0243170984 0.0141758638 0.0133744008 0.0191027445 0.0149434082 0.0274007661 0.0120400379 0.0098391576 0.0190486981 0.0272585549 0.0151194881 0.0178334641 0.0195833877 0.0054567969 0.0279726961 0.0071261876 0.0227906731 0.019998773 0.0128882269 0.0214691106 0.0153536978 0.0247779537 0.0 0.016069646 0.0211467485 0.0219629529 0.0178431679 0.0062611807 0.0068019845 0.0267401133 0.0217758847 0.0231677672 0.0134247039 0.02093181 0.0067797415 0.0054175367 0.0048053644 0.0158657109 0.0233906786 0.0055933812 0.0227112079 0.0108935056 0.022051135
41 0.0201040011 0.0050649507 0.0170359391 0.0276032793 0.0255332316 0.0051690417 0.0279780022 0.0154394809 0.0081671066 0.0181887068 0.0211588977 0.0229797142 0.0203377292 0.0227894992 0.0119149033 0.0235224599 0.0094696192 0.0195759837 0.0028214407 0.0230415003 0.0166809416 0.0117844456 0.0272893315 0.0208121421 0.0211570591 0.012898681 0.0200558839 0.0302196907 0.0302643338 0.0114518701 0.0177629916 0.0118354608 0.0186860543 0.0137428679 0.0254059423 0.0080567653 0.0022621699 0.0242339492 0.0091272793 0.016069646 0.0 0.0170825062 0.0170969216 0.0102100785 0.0204772168 0.0143201432 0.0232294474 0.0049985405 0.0187042993 0.0208102107 0.02060854 0.0042272975 0.0119959555 0.0180884674 0.0088420921 0.0239899298 0.0164308178 0.0085880855 0.0330278083 0.0095786484
42 0.0284009939 0.0177855213 0.0126259723 0.0206182206 0.0135750266 0.0070587534 0.0189830828 0.0154171043 0.0200128045 0.0192198616 0.0121631339 0.0137308727 0.0257103894 0.0105598277 0.0073341498 0.0151441002 0.0127559239 0.0087091061 0.0249376682 0.0124273907 0.0080397541 0.0149436907 0.0252483626 0.025798082 0.0219887934 0.0165911522 0.0177586356 0.0253386315 0.0130243476 0.0131129308 0.0255881161 0.0230245324 0.0127813726 0.0226785957 0.0253067687 0.00978837 0.0189730196 0.0140660467 0.01194514 0.0211467485 0.0170825062 0.0 0.0103522633 0.0235373006 0.0308052952 0.0128237093 0.0134482694 0.0181151673 0.0171207108 0.0291986936 0.0123710249 0.0115408363 0.022613883 0.014865242 0.0288529533 0.0035872685 0.0030031506 0.0112855447 0.0205571823 0.0145260043
43 0.012746263 0.0154594963 0.0210320564 0.0255382068 0.0236422155 0.0224026678 0.0078561336 0.0197728701 0.0104265256 0.0303887073 0.0110851408 0.0144768856 0.0130119171 0.0196811158 0.0146974029 0.0135684022 0.0055687441 0.0232365161 0.0161536734 0.0197400789 0.0190411734 0.0090895935 0.0216392374 0.0167943727 0.0238242566 0.011982575 0.0117222341 0.0032654927 0.022744325 0.0087657318 0.0295930158 0.0103483327 0.0183016206 0.021617927 0.0218024984 0.0073697949 0.01661489 0.0151675388 0.0048061419 0.0219629529 0.0170969216 0.0103522633 0.0 0.0207105912 0.0089891575 0.0204275758 0.0226239469 0.0138409695 0.0336702928 0.0317074713 0.0225284822 0.0131163294 0.0161519449 0.0094265443 0.0045486045 0.0273333925 0.0139320589 0.0202332373 0.0141501277 0.0222213641
44 0.0022804252 0.0193353868 0.0162054865 0.0208868379 0.0186994609 0.0212869946 0.0126902448 0.0173125274 0.020389298 0.0033575244 0.0155216787 0.0126525559 0.033038733 0.0248987794 0.0202586526 0.0128173099 0.0161075138 0.0200322488 0.0141908041 0.0313023241 0.0246900734 0.0056242926 0.0129165874 0.006085197 0.0261081896 0.0216304688 0.01967917 0.0072392024 0.0059869575 0.0103386369 0.015904369 0.018545718 0.0223552001 0.0300651487 0.0183370316 0.0130522823 0.0170348348 0.009723767 0.0139125413 0.0178431679 0.0102100785 0.0235373006 0.0207105912 0.0 0.0131552271 0.0138665473 0.0283632364 0.0065221866 0.0226489746 0.0074195308 0.0283646772 0.0152265582 0.0231602728 0.0181534338 0.0160414077 0.0229826888 0.0201868301 0.0040967782 0.011748424 0.0232676328
45 0.0174331432 0.0066140809 0.019612772 0.0050157586 0.0227249453 0.0237520545 0.0146972468 0.0067707575 0.0177785272 0.0121395637 0.011251624 0.029602309 0.016276087 0.0033937857 0.0064713404 0.027749491 0.0158314065 0.0121616892 0.0135228082 0.0242064584 0.0116441792 0.0125653624 0.0203525887 0.0040770229 0.029230412 0.0056709877 0.027967743 0.033037507 0.0164306006 0.0124800052 0.0168478304 0.0274074217 0.0325571017 0.0142289406 0.0063642887 0.0182692371 0.0187007649 0.0118274166 0.0248344965 0.0062611807 0.0204772168 0.0308052952 0.0089891575 0.0131552271 0.0 0.0229286329 0.0078094928 0.0096444331 0.0207788853 0.007537251 0.0332422879 0.017405147 0.0124362948 0.0162822814 0.0267609697 0.0214829087 0.0120466443 0.0225431154 0.0167217218 0.0211921007
46 0.0225912013 0.0078225887 0.021551116 0.0045971132 0.015011031 0.0122360927 0.007425831 0.0210811121 0.0324057669 0.0278557361 0.0197371212 0.0159554917 0.0153802576 0.004759799 0.0162480388 0.0075513983 0.0278168038 0.0180871888 0.0214678082 0.0173060213 0.0160481351 0.0218902055 0.0186268345 0.0126267081 0.0128707808 0.0167806415 0.0255729358 0.0142882163 0.0166874648 0.0139338953 0.015647113 0.0187539861 0.0112995366 0.022909868 0.016848502 0.0038331699 0.0172855072 0.0283984482 0.0185729886 0.0068019845 0.0143201432 0.0128237093 0.0204275758 0.0138665473 0.0229286329 0.0 0.0144049241 0.0127823752 0.0283363561 0.0158202913 0.0219795163 0.0180039418 0.0196878418 0.0297588513 0.0123487991 0.0189111447 0.0098803896 0.0292655945 0.0043667365 0.0135221897
47 0.0059766636 0.0261699978 0.0071909324 0.0037245091 0.0244073977 0.017747875 0.0078171524 0.0098503988 0.0120775901 0.024507353 0.0221944392 0.0016499152 0.0151021107 0.0106418533 0.0107259498 0.0227617227 0.0202543208 0.0108985928 0.019940375 0.0223860415 0.0103181913 0.0160067989 0.0222829242 0.0230348494 0.0268728791 0.0237575296 0.0076262729 0.0078424129 0.0199529987 0.0113352582 0.0099410541 0.0120523707 0.0132776431 0.0171884287 0.0127979437 0.0163589173 0.0172346376 0.0190420611 0.0217106304 0.0267401133 0.0232294474 0.0134482694 0.0226239469 0.0283632364 0.0078094928 0.0144049241 0.0 0.0038931022 0.0152342346 0.0241341804 0.0214376919 0.0289807928 0.0129397643 0.0216732998 0.0201043329 0.0300840602 0.018554771 0.0150644565 0.02885943 0.0177614604
48 0.0259856122 0.0332089948 0.0239724594 0.0186390033 0.0160955384 0.0177342362 0.0238521734 0.0152559191 0.0263628226 0.0109863243 0.0146827515 0.015827372 0.0170420201 0.0123631592 0.0201947241 0.0139738938 0.0280006025 0.0100133403 0.0109284285 0.0219894684 0.0136940421 0.0191684513 0.0140443195 0.02076326 0.0149978052 0.0187691244 0.0320594057 0.0067896024 0.0241499513 0.0271719975 0.0143084004 0.0044640353 0.0060937036 0.0126083973 0.0169288514 0.0254190232 0.0044730626 0.0141649932 0.027298057 0.0217758847 0.0049985405 0.0181151673 0.0138409695 0.0065221866 0.0096444331 0.0127823752 0.0038931022 0.0 0.0180404063 0.0135699115 0.0052803376 0.0186555875 0.0230818009 0.030148088 0.0197438365 0.0187790187 0.0192563164 0.015861751 0.0147291027 0.0168058564
49 0.0206160958 0.0080063831 0.0188056025 0.0058242729 0.0175162541 0.0223944485 0.0180492031 0.0144305055 0.0171777738 0.0176314968 0.0176745232 0.0047481101 0.0204087219 0.0194054281 0.0162236574 0.0161865559 0.0320309239 0.0136412676 0.016503196 0.0152061145 0.0194173093 0.0129109411 0.0269846769 0.0154496888 0.0093043234 0.0127567415 0.0172675521 0.0243941086 0.0294009438 0.0185767151 0.0128470561 0.0162210485 0.0160680209 0.0105955851 0.02005124 0.0029372423 0.0275217826 0.0146565472 0.0034740067 0.0231677672 0.0187042993 0.0171207108 0.0336702928 0.0226489746 0.0207788853 0.0283363561 0.0152342346 0.0180404063 0.0 0.0170736359 0.0084725394 0.0114028548 0.0154802674 0.0133859325 0.0027657408 0.0242219163 0.0189879706 0.0048046101 0.0286461479 0.013740393
50 0.0180180449 0.0088397926 0.0286823238 0.0107019493 0.0258955923 0.016486001 0.0217356416 0.0178745252 0.0127084737 0.0023146665 0.0150710876 0.0154115366 0.016010612 0.0217455422 0.0209283718 0.0177599514 0.0123338094 0.0099020887 0.0076164269 0.025246688 0.0265698719 0.0072512972 0.0070515389 0.0215555724 0.0151641709 0.0049932999 0.0097738143 0.0214637741 0.0302252564 0.0159917589 0.0136576152 0.007726749 0.0200464695 0.0140216645 0.0172581176 0.0160585766 0.0167291468 0.0122978378 0.0199216656 0.0134247039 0.0208102107 0.0291986936 0.0317074713 0.0074195308 0.007537251 0.0158202913 0.0241341804 0.0135699115 0.0170736359 0.0 0.0221030624 0.010304014 0.0210270851 0.0153260509 0.0315760831 0.019435136 0.0226863092 0.0339675306 0.0041614265 0.0156760988
51 0.0142824916 0.0100208283 0.0279795597 0.0230998056 0.0147508292 0.0159312631 0.0273988923 0.0252125318 0.0115959427 0.021192495 0.0135887033 0.0207222036 0.0145913573 0.0162741419 0.0077061135 0.0138571564 0.005709534 0.013254787 0.0179177298 0.0099575081 0.022233162 0.0183091528 0.0101298196 0.0229166761 0.0160350041 0.0099055981 0.004869086 0.0134232753 0.0149766656 0.0172833611 0.0190044146 0.0065465177 0.0103250806 0.0202039157 0.0196029827 0.0118179322 0.0285963738 0.015456193 0.0139600223 0.02093181 0.02060854 0.0123710249 0.0225284822 0.0283646772 0.0332422879 0.0219795163 0.0214376919 0.0052803376 0.0084725394 0.0221030624 0.0 0.0207725532 0.0185972713 0.0173183206 0.0150607464 0.0127461461 0.0214718745 0.0238352202 0.015317804 0.0169209868
52 0.0200110717 0.0182567246 0.0227785202 0.0077334717 0.0069014349 0.0188867822 0.017232946 0.0242057593 0.0265279031 0.0070121474 0.0167789417 0.0076417649 0.0292038229 0.0195432467 0.0283874351 0.0191902521 0.0150648748 0.0094921228 0.0201758173 0.0234084586 0.0099750479 0.0154074529 0.0180629706 0.0113165643 0.0126883527 0.0328409543 0.0132816172 0.0098013494 0.0111540135 0.0209928209 0.0205755556 0.0186293851 0.0085013417 0.0152232402 0.0199188824 0.0236623993 0.0147715959 0.031390471 0.0290072649 0.0067797415 0.0042272975 0.0115408363 0.0131163294 0.0152265582 0.017405147 0.0180039418 0.0289807928 0.0186555875 0.0114028548 0.010304014 0.0207725532 0.0 0.0185939709 0.0163103863 0.0153333162 0.0172987748 0.0138697175 0.001978862 0.023598474 0.0209660663
