55
1 0.0 0.0048123661 0.0227824032 0.0214090204 0.0220516899 0.0139554909 0.0132169808 0.0156206227 0.0140187488 0.0300211059 0.0284059753 0.0057631418 0.0182276651 0.0195223079 0.0180914772 0.0202442481 0.0306234022 0.0218257439 0.0168472421 0.0148872997 0.0189968287 0.0267364693 0.0324345906 0.0296058873 0.0117302964 0.0136077211 0.0209505236 0.0140603714 0.0029033064 0.0204729561 0.0196305082 0.0269070503 0.0128984556 0.022999221 0.0119435139 0.0329115485 0.0178091011 0.0214840365 0.0118472242 0.0123869646 0.0204895854 0.0250454255 0.0229541955 0.0263903472 0.0116989574 0.0264738223 0.0121525559 0.0188324916 0.0044332479 0.0003555139 0.0220541812 0.0062656065 0.021252104 0.0130548633 0.0339035958
2 0.0048123661 0.0 0.0197533933 0.0095124969 0.0184220711 0.0166940689 0.0169491787 0.019810261 0.0175093323 0.0218211315 0.0193746655 0.0176955191 0.0108622766 0.0198291106 0.0190851246 0.018560086 0.0146836695 0.0117942153 0.0175201269 0.0258047209 0.0185757644 0.0312094281 0.0313057556 0.0331951514 0.0111389218 0.0170788765 0.0203090211 0.0207975354 0.0145506643 0.0148871098 0.0119039635 0.0232177613 0.0074201958 0.0195996668 0.0290372208 0.0169411035 0.011773507 0.0104440231 0.0227985421 0.0250219506 0.0134022262 0.025285131 0.0201743014 0.0091258227 0.0200219901 0.0324825284 0.0177336031 0.0151599629 0.0286203829 0.0093232786 0.0265902108 0.0149428119 0.01338499 0.0202676518 0.0217851305
3 0.0227824032 0.0197533933 0.0 0.0152780514 0.0102863548 0.0348384663 0.0233560553 0.023086999 0.0213229329 0.0185771343 0.0210380734 0.010947164 0.014273978 0.0195883394 0.021583384 0.0147612592 0.0176558658 0.0161013353 0.0154717774 0.009796253 0.0302660313 0.0341289914 0.0259334287 0.0360087367 0.0025948312 0.0256228213 0.0060842234 0.011998176 0.024522233 0.0108035534 0.0219358193 0.0114948997 0.0101358221 0.0265179348 0.0125324089 0.0292847507 0.0140582598 0.0094646877 0.0295266911 0.0154100589 0.0137419381 0.0299053009 0.0161726344 0.0051484257 0.0107778867 0.012382567 0.0146194192 0.0171813755 0.0107680393 0.0181374122 0.0177536979 0.027474983 0.0195210735 0.028410552 0.0191811152
4 0.0214090204 0.0095124969 0.0152780514 0.0 0.0137327933 0.0306063214 0.0176478132 0.0064805861 0.0180907474 0.0188145645 0.0234559784 0.0317774308 0.0047088601 0.0126553742 0.0164715266 0.0346691448 0.0206816844 0.036947698 0.0218155099 0.0083286685 0.0174193258 0.0185630056 0.0117885517 0.0316045649 0.0167810274 0.0198039177 0.0139800602 0.0286924667 0.0181206575 0.0279132281 0.0187234756 0.0117817783 0.0217822854 0.0022532678 0.0021413459 0.0111922267 0.0288403321 0.0226275765 0.0284955 0.0131649949 0.0146925648 0.0119894888 0.0173773948 0.0364923288 0.0207879602 0.0058223291 0.0103515579 0.0186179431 0.0100896443 0.02669509 0.0201273392 0.0228519453 0.0146143391 0.0228741141 0.0178621016
5 0.0220516899 0.0184220711 0.0102863548 0.0137327933 0.0 0.0284790382 0.0071757627 0.0119158298 0.0073284478 0.0284266423 0.004803126 0.0026376631 0.024002555 0.0108805967 0.0272025915 0.0336287091 0.0061105781 0.0307019607 0.0077718824 0.0230980504 0.0108871847 0.0263049859 0.0195712233 0.0135995861 0.0203757634 0.0061672377 0.028219532 0.014727047 0.0288999989 0.0155903878 0.0144862564 0.0217596959 0.0160529102 0.00299409 0.0180869396 0.0315748077 0.0265741759 0.0123826037 0.0164191938 0.0135110949 0.0214673854 0.0281672532 0.029274277 0.0277989151 0.0294191477 0.0102321988 0.01608681 0.0214585059 0.0269504145 0.0219109844 0.0168635973 0.0265425228 0.0039992077 0.0148609237 0.028126799
6 0.0139554909 0.0166940689 0.0348384663 0.0306063214 0.0284790382 0.0 0.0276172235 0.0192800306 0.0136821284 0.00619562 0.0195917806 0.0159674609 0.0055513199 0.0227730123 0.0041048757 0.0199432477 0.0107891446 0.0055116977 0.0334124557 0.016240629 0.0246104572 0.0242549203 0.0231917488 0.0142980179 0.0271950422 0.009506934 0.0076829907 0.0257909448 0.0152474904 0.0236353542 0.0226131317 0.0371711664 0.0101369946 0.0163909584 0.0109708638 0.0110555925 0.0138203916 0.0180124219 0.0072538974 0.0228471988 0.0170113731 0.0269433281 0.0103684492 0.0233732943 0.0202907225 0.0064676375 0.0181871724 0.0327597526 0.0346576604 0.0264901722 0.0063276891 0.0169268662 0.0147129916 0.0196611443 0.0149012163
7 0.0132169808 0.0169491787 0.0233560553 0.0176478132 0.0071757627 0.0276172235 0.0 0.0219905056 0.020082114 0.0208616509 0.030284647 0.0146390301 0.0225899888 0.0160152682 0.0194180875 0.0078072812 0.023109633 0.0059398077 0.0123930945 0.0120337017 0.0188737282 0.0165340515 0.0267332154 0.016247284 0.0232608489 0.0159734459 0.0186935981 0.0267594875 0.0293527548 0.0155945357 0.0157246522 0.0149327342 0.0141053773 0.0212065318 0.0265692373 0.0083555412 0.0227271205 0.0142441416 0.0177731406 0.0044848912 0.0110467285 0.0124028875 0.0167745317 0.0306228005 0.0236958654 0.0196297885 0.0263892037 0.0182520565 0.0179362586 0.014633278 0.0267006084 0.024092652 0.0168448829 0.0227431546 0.0169611607
8 0.0156206227 0.019810261 0.023086999 0.0064805861 0.0119158298 0.0192800306 0.0219905056 0.0 0.022359981 0.0174133814 0.0134057224 0.0050468156 0.0265061751 0.0255211705 0.012594862 0.0173474158 0.0205305961 0.0123585767 0.0139284584 0.022259137 0.0122944393 0.0146394792 0.0173033914 0.0207176681 0.0128402425 0.01158942 0.0127811438 0.0186674265 0.0112425778 0.0294997794 0.0021189718 0.0238201808 0.0307857249 0.0225496046 0.0141657315 0.0281907312 0.0173269227 0.0265179767 0.0161706338 0.0244443399 0.0214604571 0.0146468233 0.0197502722 0.032693002 0.0340314442 0.020270763 0.0245825477 0.0136021369 0.024167944 0.0147859087 0.0277437635 0.0287821024 0.0119216802 0.0095553064 0.0068823355
9 0.0140187488 0.0175093323 0.0213229329 0.0180907474 0.0073284478 0.0136821284 0.020082114 0.022359981 0.0 0.0177031172 0.0245334608 0.0072277478 0.0256448185 0.0117744737 0.0164244004 0.0229995122 0.0287558811 0.0130687057 0.024576653 0.0294248364 0.0088037624 0.0103793129 0.0138543002 0.014334379 0.0271338234 0.0283160608 0.0073843338 0.0254646061 0.0145012631 0.0253812213 0.0273989876 0.0197738753 0.0244090124 0.0314217997 0.024806723 0.0287252023 0.0244210628 0.0121349368 0.0188807852 0.0234947604 0.012631286 0.0224173605 0.0264770606 0.0158122363 0.0162618472 0.019840544 0.0098074643 0.018701636 0.0187172371 0.0057018165 0.0045567713 0.0262942693 0.0094538862 0.0179805691 0.0077977673
10 0.0300211059 0.0218211315 0.0185771343 0.0188145645 0.0284266423 0.00619562 0.0208616509 0.0174133814 0.0177031172 0.0 0.0232618749 0.0196184919 0.0190363238 0.0147441338 0.0223704147 0.0190817263 0.0113012608 0.0018573286 0.0272794099 0.0140832716 0.0193203562 0.0334070556 0.0154373573 0.0218069623 0.011695616 0.027174224 0.018122226 0.0217138772 0.026246874 0.0186920006 0.0152620789 0.0274930181 0.0151785589 0.0118420252 0.0120936782 0.0177540834 0.0151130646 0.0186307877 0.0023375645 0.0236762529 0.0157128169 0.0141025232 0.0221519827 0.0139469732 0.0035941216 0.0310889211 0.0353916704 0.0236786908 0.0252523349 0.0099097187 0.0179501298 0.0195281146 0.0192172475 0.0174460859 0.0055624228
11 0.0284059753 0.0193746655 0.0210380734 0.0234559784 0.004803126 0.0195917806 0.030284647 0.0134057224 0.0245334608 0.0232618749 0.0 0.0110600857 0.0227758882 0.0146933692 0.0223566926 0.0193966242 0.0101905157 0.0210649275 0.0119262931 0.0232633558 0.0285776623 0.0115102434 0.0166944135 0.0068327185 0.0134528482 0.0133347116 0.0124316905 0.0126858709 0.0162454367 0.0267018675 0.0131332995 0.0048842555 0.0225526199 0.0208631532 0.0158688878 0.0136137532 0.0186576028 0.0229516629 0.0283688675 0.0192682123 0.0134022447 0.0306038145 0.0324751872 0.0207186468 0.0114499776 0.0198924891 0.0219521766 0.0135331485 0.0092125276 0.0072472151 0.0279079146 0.0257467993 0.0215352608 0.0100518306 0.0307579328
12 0.0057631418 0.0176955191 0.010947164 0.0317774308 0.0026376631 0.0159674609 0.0146390301 0.0050468156 0.0072277478 0.0196184919 0.0110600857 0.0 0.011376534 0.0312296881 0.0339924016 0.0048016832 0.0307359521 0.0058877722 0.02010031 0.0225044257 0.0225829689 0.0205345839 0.0248907583 0.0082689015 0.0258818918 0.0017450414 0.0072802109 0.0222439833 0.0218685979 0.020168029 0.0257140659 0.0194110335 0.0188267012 0.0230392676 0.0267167208 0.0121100203 0.0296437562 0.0121108599 0.0358284968 0.0290194132 0.0199493882 0.0217864526 0.0175866942 0.0018487132 0.0217344505 0.0254075783 0.0101509997 0.0233971124 0.0083179852 0.0247230769 0.027634649 0.0136632303 0.0234996533 0.0322089853 0.0171964107
13 0.0182276651 0.0108622766 0.014273978 0.0047088601 0.024002555 0.0055513199 0.0225899888 0.0265061751 0.0256448185 0.0190363238 0.0227758882 0.011376534 0.0 0.0286062144 0.0233126739 0.0075155622 0.0248671071 0.0234325897 0.0247195053 0.0247093267 0.0288919676 0.0152287685 0.019314246 0.0212081093 0.0170141238 0.0258227742 0.0090002996 0.0303978064 0.0145118145 0.0175198417 0.0227204284 0.0177836852 0.0141483651 0.0068271136 0.032203712 0.0180156888 0.0152781091 0.0221202569 0.0087931588 0.012629417 0.0207248317 0.0203500603 0.0129880662 0.0125919339 0.0272420251 0.011348032 0.0170233843 0.023192616 0.0227562409 0.0239266323 0.0159821785 0.0114832977 0.0080959095 0.0158728207 0.0242729222
14 0.0195223079 0.0198291106 0.0195883394 0.0126553742 0.0108805967 0.0227730123 0.0160152682 0.0255211705 0.0117744737 0.0147441338 0.0146933692 0.0312296881 0.0286062144 0.0 0.0218561855 0.0189744785 0.0185471551 0.015141012 0.0230329839 0.0095586033 0.0164449957 0.0091329562 0.0136563502 0.0182194068 0.0247586252 0.0197768995 0.0157784311 0.021937971 0.0219155306 0.009866158 0.0224663882 0.0089684287 0.0131392864 0.0276244564 0.0241737651 0.0137015287 0.0029753755 0.0339800919 0.0381622811 0.0276152614 0.011608631 0.0164392759 0.029182796 0.0050896996 0.0300315133 0.0134685631 0.0173984278 0.0089050854 0.0181420863 0.025734164 0.0107057456 0.0097845274 0.0254444491 0.0066483542 0.0321790162
15 0.0180914772 0.0190851246 0.021583384 0.0164715266 0.0272025915 0.0041048757 0.0194180875 0.012594862 0.0164244004 0.0223704147 0.0223566926 0.0339924016 0.0233126739 0.0218561855 0.0 0.0145607368 0.0196379365 0.0250071464 0.0177816734 0.0162935403 0.0096997074 0.0182574976 0.0196136365 0.0139126746 0.0236071034 0.0144391268 0.0224440057 0.0240943092 0.0180002086 0.0152583033 0.0218542116 0.0171399207 0.0205109577 0.0098898832 0.0150533996 0.0242367518 0.0211386499 0.0095189239 0.0287246389 0.0169892351 0.0234330421 0.0106492669 0.029355201 0.0086238292 0.0171114358 0.0161070783 0.0235394263 0.0136104026 0.011800112 0.0265024256 0.0126031084 0.0069933892 0.0231303937 0.0259552097 0.0140568029
16 0.0202442481 0.018560086 0.0147612592 0.0346691448 0.0336287091 0.0199432477 0.0078072812 0.0173474158 0.0229995122 0.0190817263 0.0193966242 0.0048016832 0.0075155622 0.0189744785 0.0145607368 0.0 0.0196293271 0.0246141978 0.0041647126 0.0094286425 0.0057626507 0.0236002984 0.0298982176 0.0175100992 0.0224959594 0.0141331406 0.0083333505 0.0335131331 0.0113073228 0.0266846457 0.0145285994 0.0182698053 0.0275639893 0.0203494066 0.0108401788 0.0139134698 0.0230199662 0.0068124384 0.0366242983 0.0268186424 0.0185777272 0.0353357476 0.0138725186 0.0184829874 0.0090415053 0.0292385245 0.0041857236 0.0112932429 0.0244085113 0.0314329459 0.005877266 0.0039206966 0.0209111196 0.021007301 0.0283059752
17 0.0306234022 0.0146836695 0.0176558658 0.0206816844 0.0061105781 0.0107891446 0.023109633 0.0205305961 0.0287558811 0.0113012608 0.0101905157 0.0307359521 0.0248671071 0.0185471551 0.0196379365 0.0196293271 0.0 0.0224965165 0.0226602525 0.0136824117 0.0091265935 0.0041907694 0.0124724817 0.0071711992 0.013796515 0.020801414 0.0261585366 0.0278271602 0.0349922815 0.0187616382 0.0085505666 0.0246738744 0.0143069169 0.0154107422 0.014896526 0.0175404254 0.0331014836 0.0126416165 0.0098178957 0.0322548335 0.0224171397 0.0214061094 0.012873929 0.0219364438 0.0049836549 0.0180914254 0.0275330751 0.017967167 0.0073954511 0.0255031218 0.0262603235 0.017892061 0.0172873864 0.0194593461 0.0138110062
18 0.0218257439 0.0117942153 0.0161013353 0.036947698 0.0307019607 0.0055116977 0.0059398077 0.0123585767 0.0130687057 0.0018573286 0.0210649275 0.0058877722 0.0234325897 0.015141012 0.0250071464 0.0246141978 0.0224965165 0.0 0.0236720092 0.0322071094 0.0148640517 0.0210059124 0.0199271783 0.021569497 0.0272748414 0.027405847 0.0115243495 0.0156256752 0.0055848103 0.0127812547 0.0157519609 0.0063833351 0.0255912613 0.0145811742 0.0138237983 0.0213353689 0.0215039715 0.0096800739 0.0248278344 0.0175671986 0.0154152667 0.022986819 0.01737832 0.022086192 0.004326798 0.0162978118 0.0244565273 0.0177241543 0.0135756602 0.0207754434 0.0160515809 0.0253444482 0.0306248004 0.0306905217 0.0240259113
19 0.0168472421 0.0175201269 0.0154717774 0.0218155099 0.0077718824 0.0334124557 0.0123930945 0.0139284584 0.024576653 0.0272794099 0.0119262931 0.02010031 0.0247195053 0.0230329839 0.0177816734 0.0041647126 0.0226602525 0.0236720092 0.0 0.0169691264 0.0110006584 0.0275246131 0.0273878569 0.027509469 0.0205672452 0.0249755128 0.0179430293 0.0126516103 0.0207700517 0.0176336526 0.0167568017 0.016982295 0.0176559089 0.0264037379 0.027681003 0.0024404791 0.0183410815 0.0113004074 0.0239745829 0.0217039474 0.0213129881 0.0042522186 0.0125050801 0.0208223087 0.0207795856 0.020972805 0.0094952403 0.017449504 0.028346636 0.006154618 0.0238194654 0.0167238191 0.008169381 0.0205969633 0.021351966
20 0.0148872997 0.0258047209 0.009796253 0.0083286685 0.0230980504 0.016240629 0.0120337017 0.022259137 0.0294248364 0.0140832716 0.0232633558 0.0225044257 0.0247093267 0.0095586033 0.0162935403 0.0094286425 0.0136824117 0.0322071094 0.0169691264 0.0 0.0229081683 0.0246863687 0.0136584671 0.0148099667 0.0216104089 0.0150930018 0.0225082439 0.0087510332 0.0269361614 0.0166373335 0.0147887834 0.0180648664 0.0182833408 0.0207750603 0.0093809585 0.0125064672 0.0179089926 0.0373636396 0.0334341155 0.0255989412 0.0179998355 0.025662808 0.0129404414 0.010105902 0.013795362 0.0188341711 0.0290647819 0.0139372081 0.0074780536 0.0183532096 0.0259704943 0.0226149054 0.0157276838 0.0061034698 0.0211342444
21 0.0189968287 0.0185757644 0.0302660313 0.0174193258 0.0108871847 0.0246104572 0.0188737282 0.0122944393 0.0088037624 0.0193203562 0.0285776623 0.0225829689 0.0288919676 0.0164449957 0.0096997074 0.0057626507 0.0091265935 0.0148640517 0.0110006584 0.0229081683 0.0 0.0297781141 0.012595443 0.0159233854 0.0166684235 0.0063269221 0.0198629065 0.0111414186 0.0333179506 0.0111993404 0.0282871195 0.0261730607 0.0166955735 0.0154008043 0.0322690555 0.0331447489 0.0130224052 0.0166201805 0.0092257621 0.0247675231 0.0198017428 0.009506168 0.0177572017 0.0248093718 0.0340885999 0.0195635483 0.0094754753 0.0284902871 0.0184755979 0.0175669492 0.0156663143 0.0160645485 0.0156044651 0.0173834917 0.0134187981
22 0.0267364693 0.0312094281 0.0341289914 0.0185630056 0.0263049859 0.0242549203 0.0165340515 0.0146394792 0.0103793129 0.0334070556 0.0115102434 0.0205345839 0.0152287685 0.0091329562 0.0182574976 0.0236002984 0.0041907694 0.0210059124 0.0275246131 0.0246863687 0.0297781141 0.0 0.0080522113 0.0185511861 0.0058405611 0.0048387287 0.0173081106 0.0069804012 0.0092874795 0.025767983 0.0248969054 0.0101048553 0.0152156829 0.0162210895 0.0278175123 0.0221215527 0.0129899654 0.014251892 0.0055084955 0.0255799625 0.0215885704 0.0273732201 0.0203423526 0.0136367051 0.0062218372 0.0114887934 0.0143329176 0.0244999748 0.0209962422 0.0231879442 0.014955412 0.0342412089 0.0256565563 0.0235747621 0.0049611028
23 0.0324345906 0.0313057556 0.0259334287 0.0117885517 0.0195712233 0.0231917488 0.0267332154 0.0173033914 0.0138543002 0.0154373573 0.0166944135 0.0248907583 0.019314246 0.0136563502 0.0196136365 0.0298982176 0.0124724817 0.0199271783 0.0273878569 0.0136584671 0.012595443 0.0080522113 0.0 0.0309690056 0.0159423627 0.004325654 0.0295838486 0.0061376709 0.0221178118 0.0116346599 0.025949053 0.0163514962 0.0166268423 0.013544071 0.0094426967 0.0228807843 0.0210503376 0.0014846936 0.0082068313 0.0125801599 0.0220791051 0.0167958578 0.0232278616 0.0207376933 0.0108165153 0.0249880673 0.0302813831 0.0165194939 0.0106958651 0.0263505888 0.0229891437 0.01396879 0.010518513 0.0212929926 0.0241953264
24 0.0296058873 0.0331951514 0.0360087367 0.0316045649 0.0135995861 0.0142980179 0.016247284 0.0207176681 0.014334379 0.0218069623 0.0068327185 0.0082689015 0.0212081093 0.0182194068 0.0139126746 0.0175100992 0.0071711992 0.021569497 0.027509469 0.0148099667 0.0159233854 0.0185511861 0.0309690056 0.0 0.0257916502 0.0364753036 0.029497517 0.0163898681 0.0203021392 0.0110633941 0.0145685434 0.0143111348 0.0169934155 0.0175078276 0.0164000603 0.0182679791 0.0227293817 0.0220064712 0.0143302605 0.0078749329 0.0068056708 0.0135221654 0.0032672521 0.018493014 0.0285816607 0.0154281179 0.0194098983 0.0201160646 0.0131908009 0.0002151303 0.0207201569 0.0173408433 0.0192597475 0.0174727814 0.0277929605
25 0.0117302964 0.0111389218 0.0025948312 0.0167810274 0.0203757634 0.0271950422 0.0232608489 0.0128402425 0.0271338234 0.011695616 0.0134528482 0.0258818918 0.0170141238 0.0247586252 0.0236071034 0.0224959594 0.013796515 0.0272748414 0.0205672452 0.0216104089 0.0166684235 0.0058405611 0.0159423627 0.0257916502 0.0 0.0250675233 0.0215569103 0.0216956742 0.0156573515 0.02130599 0.0146320116 0.0276987569 0.020941653 0.0136084475 0.0238364805 0.0216769585 0.0098938223 0.0321579263 0.0116773442 0.0151628164 0.0188610121 0.0159415436 0.0008559799 0.014218676 0.0140488154 0.0270170066 0.023540337 0.013349338 0.0047501097 0.015844927 0.019677167 0.0162720254 0.0214323308 0.0265812401 0.0315908515
26 0.0136077211 0.0170788765 0.0256228213 0.0198039177 0.0061672377 0.009506934 0.0159734459 0.01158942 0.0283160608 0.027174224 0.0133347116 0.0017450414 0.0258227742 0.0197768995 0.0144391268 0.0141331406 0.020801414 0.027405847 0.0249755128 0.0150930018 0.0063269221 0.0048387287 0.004325654 0.0364753036 0.0250675233 0.0 0.0217685438 0.0259659092 0.0202816329 0.02349679 0.003191616 0.018934832 0.0202569477 0.0227431152 0.0221610438 0.0207516939 0.0344829634 0.0131069651 0.0023980922 0.0144896865 0.0145410761 0.0172846927 0.0312127208 0.0355101466 0.0125530734 0.0352356741 0.0346087918 0.0167032975 0.0235754104 0.0084905755 0.0058921207 0.0209659719 0.0155662232 0.0077789619 0.026649171
27 0.0209505236 0.0203090211 0.0060842234 0.0139800602 0.028219532 0.0076829907 0.0186935981 0.0127811438 0.0073843338 0.018122226 0.0124316905 0.0072802109 0.0090002996 0.0157784311 0.0224440057 0.0083333505 0.0261585366 0.0115243495 0.0179430293 0.0225082439 0.0198629065 0.0173081106 0.0295838486 0.029497517 0.0215569103 0.0217685438 0.0 0.0236639487 0.0231360027 0.0239226199 0.0324334204 0.0119199391 0.0328444696 0.0059144962 0.0233831818 0.0295230088 0.0311406815 0.0266198147 0.0213289712 0.0071941112 0.0236918717 0.0359887203 0.0160316706 0.015491047 0.0053758617 0.025000731 0.0131973124 0.0149909998 0.0116184704 0.0295531507 0.0118398381 0.0181695257 0.0112151209 0.0256834119 0.001939965
28 0.0140603714 0.0207975354 0.011998176 0.0286924667 0.014727047 0.0257909448 0.0267594875 0.0186674265 0.0254646061 0.0217138772 0.0126858709 0.0222439833 0.0303978064 0.021937971 0.0240943092 0.0335131331 0.0278271602 0.0156256752 0.0126516103 0.0087510332 0.0111414186 0.0069804012 0.0061376709 0.0163898681 0.0216956742 0.0259659092 0.0236639487 0.0 0.0266044822 0.0151374361 0.0150494233 0.0051348545 0.0137660234 0.0163511055 0.0175335636 0.0127542684 0.0147058576 0.0109983145 0.0093570644 0.0131250665 0.0175564823 0.0164214529 0.0317672099 0.0274472148 0.0183168336 0.0251376809 0.0084005295 0.0200137526 0.0072303512 0.0211916064 0.0205990914 0.0298723397 0.0216638795 0.0247698956 0.0087188371
29 0.0029033064 0.0145506643 0.024522233 0.0181206575 0.0288999989 0.0152474904 0.0293527548 0.0112425778 0.0145012631 0.026246874 0.0162454367 0.0218685979 0.0145118145 0.0219155306 0.0180002086 0.0113073228 0.0349922815 0.0055848103 0.0207700517 0.0269361614 0.0333179506 0.0092874795 0.0221178118 0.0203021392 0.0156573515 0.0202816329 0.0231360027 0.0266044822 0.0 0.025116173 0.0262146036 0.010866731 0.0155095513 0.0190427607 0.0232556442 0.0183232281 0.0307175851 0.0082551205 0.0215768586 0.0071666187 0.0195955929 0.0072606178 0.0159266331 0.018493978 0.0073403311 0.0221006765 0.0019885725 0.0234354868 0.0154288029 0.0229324324 0.0229376056 0.0108020028 0.0261611966 0.0219824667 0.0091438426
30 0.0204729561 0.0148871098 0.0108035534 0.0279132281 0.0155903878 0.0236353542 0.0155945357 0.0294997794 0.0253812213 0.0186920006 0.0267018675 0.020168029 0.0175198417 0.009866158 0.0152583033 0.0266846457 0.0187616382 0.0127812547 0.0176336526 0.0166373335 0.0111993404 0.025767983 0.0116346599 0.0110633941 0.02130599 0.02349679 0.0239226199 0.0151374361 0.025116173 0.0 0.0217200757 0.0009907599 0.0214228085 0.0270639354 0.0141896741 0.0191630323 0.0228741808 0.0205423507 0.0045834887 0.0228371613 0.0272334898 0.0089018431 0.0029337902 0.026090814 0.0154436043 0.0087013986 0.0113480092 0.0135390367 0.027146251 0.0247551106 0.0256072141 0.0161428476 0.0232174601 0.0281096301 0.0123147964
31 0.0196305082 0.0119039635 0.0219358193 0.0187234756 0.0144862564 0.0226131317 0.0157246522 0.0021189718 0.0273989876 0.0152620789 0.0131332995 0.0257140659 0.0227204284 0.0224663882 0.0218542116 0.0145285994 0.0085505666 0.0157519609 0.0167568017 0.0147887834 0.0282871195 0.0248969054 0.025949053 0.0145685434 0.0146320116 0.003191616 0.0324334204 0.0150494233 0.0262146036 0.0217200757 0.0 0.0336108553 0.0284670496 0.002942698 0.0217307146 0.0152899151 0.0182928235 0.0100924763 0.0257269342 0.0223013401 0.0076687396 0.0080402464 0.0212316704 0.0162678039 0.0234083575 0.0232583783 0.0223939642 0.0139214685 0.0214211715 0.0218569235 0.0212955288 0.0299061368 0.0216314918 0.0062632725 0.0099743169
32 0.0269070503 0.0232177613 0.0114948997 0.0117817783 0.0217596959 0.0371711664 0.0149327342 0.0238201808 0.0197738753 0.0274930181 0.0048842555 0.0194110335 0.0177836852 0.0089684287 0.0171399207 0.0182698053 0.0246738744 0.0063833351 0.016982295 0.0180648664 0.0261730607 0.0101048553 0.0163514962 0.0143111348 0.0276987569 0.018934832 0.0119199391 0.0051348545 0.010866731 0.0009907599 0.0336108553 0.0 0.0248079679 0.0109642857 0.0082423246 0.0229915439 0.0229978743 0.0140386427 0.0267622848 0.014805168 0.0079537746 0.013718746 0.0291697024 0.0199142237 0.0377650472 0.0219580982 0.0256425527 0.0190557076 0.0010733642 0.0282590026 0.0130705305 0.0196054459 0.0197851035 0.0329105511 0.0174971216
33 0.0128984556 0.0074201958 0.0101358221 0.0217822854 0.0160529102 0.0101369946 0.0141053773 0.0307857249 0.0244090124 0.0151785589 0.0225526199 0.0188267012 0.0141483651 0.0131392864 0.0205109577 0.0275639893 0.0143069169 0.0255912613 0.0176559089 0.0182833408 0.0166955735 0.0152156829 0.0166268423 0.0169934155 0.020941653 0.0202569477 0.0328444696 0.0137660234 0.0155095513 0.0214228085 0.0284670496 0.0248079679 0.0 0.0227168817 0.0095419478 0.0188888823 0.0160473589 0.0183454913 0.0183635567 0.0221413711 0.0183727106 0.0372992548 0.020333396 0.0145736752 0.0168530866 0.0173994828 0.0162952353 0.0127650844 0.0113377246 0.0178829429 0.0152696486 0.0100379169 0.0246498524 0.0192875128 0.0225643167
34 0.022999221 0.0195996668 0.0265179348 0.0022532678 0.00299409 0.0163909584 0.0212065318 0.0225496046 0.0314217997 0.0118420252 0.0208631532 0.0230392676 0.0068271136 0.0276244564 0.0098898832 0.0203494066 0.0154107422 0.0145811742 0.0264037379 0.0207750603 0.0154008043 0.0162210895 0.013544071 0.0175078276 0.0136084475 0.0227431152 0.0059144962 0.0163511055 0.0190427607 0.0270639354 0.002942698 0.0109642857 0.0227168817 0.0 0.0306920739 0.0103934463 0.0217619198 0.028334649 0.0142149693 0.0233337187 0.01911667 0.0189390932 0.0255596939 0.0300760724 0.0174879738 0.0089511167 0.0175832004 0.0297499575 0.0165780332 0.0269269731 0.0206954158 0.0152159821 0.0153635118 0.0204793235 0.0209855925
35 0.0119435139 0.0290372208 0.0125324089 0.0021413459 0.0180869396 0.0109708638 0.0265692373 0.0141657315 0.024806723 0.0120936782 0.0158688878 0.0267167208 0.032203712 0.0241737651 0.0150533996 0.0108401788 0.014896526 0.0138237983 0.027681003 0.0093809585 0.0322690555 0.0278175123 0.0094426967 0.0164000603 0.0238364805 0.0221610438 0.0233831818 0.0175335636 0.0232556442 0.0141896741 0.0217307146 0.0082423246 0.0095419478 0.0306920739 0.0 0.0068428145 0.0138093651 0.0139443649 0.0106367603 0.0245011435 0.0202369204 0.0290761368 0.0243227037 0.0047823313 0.0201477881 0.0174930211 0.0256664727 0.0276310646 0.0216538576 0.0119764732 0.027710746 0.0114973998 0.0199153657 0.0146815441 0.0199911398
36 0.0329115485 0.0169411035 0.0292847507 0.0111922267 0.0315748077 0.0110555925 0.0083555412 0.0281907312 0.0287252023 0.0177540834 0.0136137532 0.0121100203 0.0180156888 0.0137015287 0.0242367518 0.0139134698 0.0175404254 0.0213353689 0.0024404791 0.0125064672 0.0331447489 0.0221215527 0.0228807843 0.0182679791 0.0216769585 0.0207516939 0.0295230088 0.0127542684 0.0183232281 0.0191630323 0.0152899151 0.0229915439 0.0188888823 0.0103934463 0.0068428145 0.0 0.0041841426 0.020029581 0.0149079371 0.0218320269 0.0313043048 0.0256330201 0.0073327113 0.0184386938 0.0318227848 0.0069030071 0.0130248681 0.0173148916 0.0257905756 0.0278921099 0.0207680928 0.0043481105 0.0173477907 0.016997484 0.0157144694
37 0.0178091011 0.011773507 0.0140582598 0.0288403321 0.0265741759 0.0138203916 0.0227271205 0.0173269227 0.0244210628 0.0151130646 0.0186576028 0.0296437562 0.0152781091 0.0029753755 0.0211386499 0.0230199662 0.0331014836 0.0215039715 0.0183410815 0.0179089926 0.0130224052 0.0129899654 0.0210503376 0.0227293817 0.0098938223 0.0344829634 0.0311406815 0.0147058576 0.0307175851 0.0228741808 0.0182928235 0.0229978743 0.0160473589 0.0217619198 0.0138093651 0.0041841426 0.0 0.0340145918 0.0048461923 0.0198679561 0.0056654216 0.0007525957 0.0180828719 0.0260005318 0.0128626987 0.0222290863 0.0177320369 0.0106596562 0.0216701169 0.0066866675 0.0134470117 0.0292363607 0.0279808625 0.0066959061 0.0168358432
38 0.0214840365 0.0104440231 0.0094646877 0.0226275765 0.0123826037 0.0180124219 0.0142441416 0.0265179767 0.0121349368 0.0186307877 0.0229516629 0.0121108599 0.0221202569 0.0339800919 0.0095189239 0.0068124384 0.0126416165 0.0096800739 0.0113004074 0.0373636396 0.0166201805 0.014251892 0.0014846936 0.0220064712 0.0321579263 0.0131069651 0.0266198147 0.0109983145 0.0082551205 0.0205423507 0.0100924763 0.0140386427 0.0183454913 0.028334649 0.0139443649 0.020029581 0.0340145918 0.0 0.024573068 0.0186822218 0.0163090756 0.0264387214 0.0171068797 0.0179515547 0.0320836387 0.0140155194 0.0168275741 0.0177737045 0.0132034847 0.0206577865 0.0180337739 0.0313664402 0.0261823694 0.0216901687 0.0178373296
39 0.0118472242 0.0227985421 0.0295266911 0.0284955 0.0164191938 0.0072538974 0.0177731406 0.0161706338 0.0188807852 0.0023375645 0.0283688675 0.0358284968 0.0087931588 0.0381622811 0.0287246389 0.0366242983 0.0098178957 0.0248278344 0.0239745829 0.0334341155 0.0092257621 0.0055084955 0.0082068313 0.0143302605 0.0116773442 0.0023980922 0.0213289712 0.0093570644 0.0215768586 0.0045834887 0.0257269342 0.0267622848 0.0183635567 0.0142149693 0.0106367603 0.0149079371 0.0048461923 0.024573068 0.0 0.0148450134 0.0297618673 0.0188739953 0.0209411246 0.0026118961 0.0103125791 0.0264425303 0.0181587546 0.0130782487 0.02320624 0.035370377 0.0155394588 0.0329911762 0.0150256931 0.0080781325 0.026478699
40 0.0123869646 0.0250219506 0.0154100589 0.0131649949 0.0135110949 0.0228471988 0.0044848912 0.0244443399 0.0234947604 0.0236762529 0.0192682123 0.0290194132 0.012629417 0.0276152614 0.0169892351 0.0268186424 0.0322548335 0.0175671986 0.0217039474 0.0255989412 0.0247675231 0.0255799625 0.0125801599 0.0078749329 0.0151628164 0.0144896865 0.0071941112 0.0131250665 0.0071666187 0.0228371613 0.0223013401 0.014805168 0.0221413711 0.0233337187 0.0245011435 0.0218320269 0.0198679561 0.0186822218 0.0148450134 0.0 0.0321265678 0.0304048256 0.0192128657 0.0194818257 0.0072877534 0.0106363334 0.0229762897 0.0198659267 0.0101467942 0.0139610625 0.0287296879 0.0085521763 0.0101359097 0.0051195195 0.020366854
41 0.0204895854 0.0134022262 0.0137419381 0.0146925648 0.0214673854 0.0170113731 0.0110467285 0.0214604571 0.012631286 0.0157128169 0.0134022447 0.0199493882 0.0207248317 0.011608631 0.0234330421 0.0185777272 0.0224171397 0.0154152667 0.0213129881 0.0179998355 0.0198017428 0.0215885704 0.0220791051 0.0068056708 0.0188610121 0.0145410761 0.0236918717 0.0175564823 0.0195955929 0.0272334898 0.0076687396 0.0079537746 0.0183727106 0.01911667 0.0202369204 0.0313043048 0.0056654216 0.0163090756 0.0297618673 0.0321265678 0.0 0.0103828006 0.0208611467 0.0135139333 0.0107352472 0.0184711923 0.0181032228 0.0255621618 0.0325428719 0.0178899945 0.0133453253 0.0288865142 0.0169712384 0.0240601628 0.0219060659
42 0.0250454255 0.025285131 0.0299053009 0.0119894888 0.0281672532 0.0269433281 0.0124028875 0.0146468233 0.0224173605 0.0141025232 0.0306038145 0.0217864526 0.0203500603 0.0164392759 0.0106492669 0.0353357476 0.0214061094 0.022986819 0.0042522186 0.025662808 0.009506168 0.0273732201 0.0167958578 0.0135221654 0.0159415436 0.0172846927 0.0359887203 0.0164214529 0.0072606178 0.0089018431 0.0080402464 0.013718746 0.0372992548 0.0189390932 0.0290761368 0.0256330201 0.0007525957 0.0264387214 0.0188739953 0.0304048256 0.0103828006 0.0 0.0085967491 0.0242580055 0.0101834033 0.0080581691 0.0062291136 0.017618139 0.0205153788 0.0243677229 0.0148874179 0.0187910519 0.00856202 0.0170873785 0.0119116379
43 0.0229541955 0.0201743014 0.0161726344 0.0173773948 0.029274277 0.0103684492 0.0167745317 0.0197502722 0.0264770606 0.0221519827 0.0324751872 0.0175866942 0.0129880662 0.029182796 0.029355201 0.0138725186 0.012873929 0.01737832 0.0125050801 0.0129404414 0.0177572017 0.0203423526 0.0232278616 0.0032672521 0.0008559799 0.0312127208 0.0160316706 0.0317672099 0.0159266331 0.0029337902 0.0212316704 0.0291697024 0.020333396 0.0255596939 0.0243227037 0.0073327113 0.0180828719 0.0171068797 0.0209411246 0.0192128657 0.0208611467 0.0085967491 0.0 0.0145148614 0.0294562968 0.007843641 0.0334428125 0.0085988785 0.0232421836 0.0167124661 0.0248673627 0.0071584096 0.0198397564 0.0134971276 0.0121186826
44 0.0263903472 0.0091258227 0.0051484257 0.0364923288 0.0277989151 0.0233732943 0.0306228005 0.032693002 0.0158122363 0.0139469732 0.0207186468 0.0018487132 0.0125919339 0.0050896996 0.0086238292 0.0184829874 0.0219364438 0.022086192 0.0208223087 0.010105902 0.0248093718 0.0136367051 0.0207376933 0.018493014 0.014218676 0.0355101466 0.015491047 0.0274472148 0.018493978 0.026090814 0.0162678039 0.0199142237 0.0145736752 0.0300760724 0.0047823313 0.0184386938 0.0260005318 0.0179515547 0.0026118961 0.0194818257 0.0135139333 0.0242580055 0.0145148614 0.0 0.0350346739 0.0071285423 0.0189978789 0.0197539661 0.0283940671 0.0098001689 0.0198109415 0.0094980812 0.0184480556 0.0173268892 0.0147818632
45 0.0116989574 0.0200219901 0.0107778867 0.0207879602 0.0294191477 0.0202907225 0.0236958654 0.0340314442 0.0162618472 0.0035941216 0.0114499776 0.0217344505 0.0272420251 0.0300315133 0.0171114358 0.0090415053 0.0049836549 0.004326798 0.0207795856 0.013795362 0.0340885999 0.0062218372 0.0108165153 0.0285816607 0.0140488154 0.0125530734 0.0053758617 0.0183168336 0.0073403311 0.0154436043 0.0234083575 0.0377650472 0.0168530866 0.0174879738 0.0201477881 0.0318227848 0.0128626987 0.0320836387 0.0103125791 0.0072877534 0.0107352472 0.0101834033 0.0294562968 0.0350346739 0.0 0.0148554735 0.0161829597 0.0304529811 0.0387002701 0.0100554897 0.0333255228 0.0095601037 0.0235862676 0.0057187186 0.0182575005
46 0.0264738223 0.0324825284 0.012382567 0.0058223291 0.0102321988 0.0064676375 0.0196297885 0.020270763 0.019840544 0.0310889211 0.0198924891 0.0254075783 0.011348032 0.0134685631 0.0161070783 0.0292385245 0.0180914254 0.0162978118 0.020972805 0.0188341711 0.0195635483 0.0114887934 0.0249880673 0.0154281179 0.0270170066 0.0352356741 0.025000731 0.0251376809 0.0221006765 0.0087013986 0.0232583783 0.0219580982 0.0173994828 0.0089511167 0.0174930211 0.0069030071 0.0222290863 0.0140155194 0.0264425303 0.0106363334 0.0184711923 0.0080581691 0.007843641 0.0071285423 0.0148554735 0.0 0.0327611954 0.0090551812 0.023926784 0.0234243933 0.0185686486 0.0273157532 0.0212208859 0.0212264418 0.0078458521
47 0.0121525559 0.0177336031 0.0146194192 0.0103515579 0.01608681 0.0181871724 0.0263892037 0.0245825477 0.0098074643 0.0353916704 0.0219521766 0.0101509997 0.0170233843 0.0173984278 0.0235394263 0.0041857236 0.0275330751 0.0244565273 0.0094952403 0.0290647819 0.0094754753 0.0143329176 0.0302813831 0.0194098983 0.023540337 0.0346087918 0.0131973124 0.0084005295 0.0019885725 0.0113480092 0.0223939642 0.0256425527 0.0162952353 0.0175832004 0.0256664727 0.0130248681 0.0177320369 0.0168275741 0.0181587546 0.0229762897 0.0181032228 0.0062291136 0.0334428125 0.0189978789 0.0161829597 0.0327611954 0.0 0.0152427779 0.0113392991 0.0180637465 0.0201150052 0.0077780379 0.0356888129 0.0121357174 0.0209334776
48 0.0188324916 0.0151599629 0.0171813755 0.0186179431 0.0214585059 0.0327597526 0.0182520565 0.0136021369 0.018701636 0.0236786908 0.0135331485 0.0233971124 0.023192616 0.0089050854 0.0136104026 0.0112932429 0.017967167 0.0177241543 0.017449504 0.0139372081 0.0284902871 0.0244999748 0.0165194939 0.0201160646 0.013349338 0.0167032975 0.0149909998 0.0200137526 0.0234354868 0.0135390367 0.0139214685 0.0190557076 0.0127650844 0.0297499575 0.0276310646 0.0173148916 0.0106596562 0.0177737045 0.0130782487 0.0198659267 0.0255621618 0.017618139 0.0085988785 0.0197539661 0.0304529811 0.0090551812 0.0152427779 0.0 0.0254557176 0.0312436297 0.000342453 0.0205458614 0.017464214 0.0220926731 0.0238437308
49 0.0044332479 0.0286203829 0.0107680393 0.0100896443 0.0269504145 0.0346576604 0.0179362586 0.024167944 0.0187172371 0.0252523349 0.0092125276 0.0083179852 0.0227562409 0.0181420863 0.011800112 0.0244085113 0.0073954511 0.0135756602 0.028346636 0.0074780536 0.0184755979 0.0209962422 0.0106958651 0.0131908009 0.0047501097 0.0235754104 0.0116184704 0.0072303512 0.0154288029 0.027146251 0.0214211715 0.0010733642 0.0113377246 0.0165780332 0.0216538576 0.0257905756 0.0216701169 0.0132034847 0.02320624 0.0101467942 0.0325428719 0.0205153788 0.0232421836 0.0283940671 0.0387002701 0.023926784 0.0113392991 0.0254557176 0.0 0.0202427622 0.0225901233 0.0163761028 0.0151853633 0.0347877157 0.0144856684
50 0.0003555139 0.0093232786 0.0181374122 0.02669509 0.0219109844 0.0264901722 0.014633278 0.0147859087 0.0057018165 0.0099097187 0.0072472151 0.0247230769 0.0239266323 0.025734164 0.0265024256 0.0314329459 0.0255031218 0.0207754434 0.006154618 0.0183532096 0.0175669492 0.0231879442 0.0263505888 0.0002151303 0.015844927 0.0084905755 0.0295531507 0.0211916064 0.0229324324 0.0247551106 0.0218569235 0.0282590026 0.0178829429 0.0269269731 0.0119764732 0.0278921099 0.0066866675 0.0206577865 0.035370377 0.0139610625 0.0178899945 0.0243677229 0.0167124661 0.0098001689 0.0100554897 0.0234243933 0.0180637465 0.0312436297 0.0202427622 0.0 0.0167955606 0.0146079887 0.007849478 0.0161302733 0.0129615662
51 0.0220541812 0.0265902108 0.0177536979 0.0201273392 0.0168635973 0.0063276891 0.0267006084 0.0277437635 0.0045567713 0.0179501298 0.0279079146 0.027634649 0.0159821785 0.0107057456 0.0126031084 0.005877266 0.0262603235 0.0160515809 0.0238194654 0.0259704943 0.0156663143 0.014955412 0.0229891437 0.0207201569 0.019677167 0.0058921207 0.0118398381 0.0205990914 0.0229376056 0.0256072141 0.0212955288 0.0130705305 0.0152696486 0.0206954158 0.027710746 0.0207680928 0.0134470117 0.0180337739 0.0155394588 0.0287296879 0.0133453253 0.0148874179 0.0248673627 0.0198109415 0.0333255228 0.0185686486 0.0201150052 0.000342453 0.0225901233 0.0167955606 0.0 0.0164816569 0.0153951977 0.0077574739 0.0207926372
52 0.0062656065 0.0149428119 0.027474983 0.0228519453 0.0265425228 0.0169268662 0.024092652 0.0287821024 0.0262942693 0.0195281146 0.0257467993 0.0136632303 0.0114832977 0.0097845274 0.0069933892 0.0039206966 0.017892061 0.0253444482 0.0167238191 0.0226149054 0.0160645485 0.0342412089 0.01396879 0.0173408433 0.0162720254 0.0209659719 0.0181695257 0.0298723397 0.0108020028 0.0161428476 0.0299061368 0.0196054459 0.0100379169 0.0152159821 0.0114973998 0.0043481105 0.0292363607 0.0313664402 0.0329911762 0.0085521763 0.0288865142 0.0187910519 0.0071584096 0.0094980812 0.0095601037 0.0273157532 0.0077780379 0.0205458614 0.0163761028 0.0146079887 0.0164816569 0.0 0.0156570549 0.0264672103 0.0264098757
53 0.021252104 0.01338499 0.0195210735 0.0146143391 0.0039992077 0.0147129916 0.0168448829 0.0119216802 0.0094538862 0.0192172475 0.0215352608 0.0234996533 0.0080959095 0.0254444491 0.0231303937 0.0209111196 0.0172873864 0.0306248004 0.008169381 0.0157276838 0.0156044651 0.0256565563 0.010518513 0.0192597475 0.0214323308 0.0155662232 0.0112151209 0.0216638795 0.0261611966 0.0232174601 0.0216314918 0.0197851035 0.0246498524 0.0153635118 0.0199153657 0.0173477907 0.0279808625 0.0261823694 0.0150256931 0.0101359097 0.0169712384 0.00856202 0.0198397564 0.0184480556 0.0235862676 0.0212208859 0.0356888129 0.017464214 0.0151853633 0.007849478 0.0153951977 0.0156570549 0.0 0.0255877487 0.0308820225
54 0.0130548633 0.0202676518 0.028410552 0.0228741141 0.0148609237 0.0196611443 0.0227431546 0.0095553064 0.0179805691 0.0174460859 0.0100518306 0.0322089853 0.0158728207 0.0066483542 0.0259552097 0.021007301 0.0194593461 0.0306905217 0.0205969633 0.0061034698 0.0173834917 0.0235747621 0.0212929926 0.0174727814 0.0265812401 0.0077789619 0.0256834119 0.0247698956 0.0219824667 0.0281096301 0.0062632725 0.0329105511 0.0192875128 0.0204793235 0.0146815441 0.016997484 0.0066959061 0.0216901687 0.0080781325 0.0051195195 0.0240601628 0.0170873785 0.0134971276 0.0173268892 0.0057187186 0.0212264418 0.0121357174 0.0220926731 0.0347877157 0.0161302733 0.0077574739 0.0264672103 0.0255877487 0.0 0.0138422529
55 0.0339035958 0.0217851305 0.0191811152 0.0178621016 0.028126799 0.0149012163 0.0169611607 0.0068823355 0.0077977673 0.0055624228 0.0307579328 0.0171964107 0.0242729222 0.0321790162 0.0140568029 0.0283059752 0.0138110062 0.0240259113 0.021351966 0.0211342444 0.0134187981 0.0049611028 0.0241953264 0.0277929605 0.0315908515 0.026649171 0.001939965 0.0087188371 0.0091438426 0.0123147964 0.0099743169 0.0174971216 0.0225643167 0.0209855925 0.0199911398 0.0157144694 0.0168358432 0.0178373296 0.026478699 0.020366854 0.0219060659 0.0119116379 0.0121186826 0.0147818632 0.0182575005 0.0078458521 0.0209334776 0.0238437308 0.0144856684 0.0129615662 0.0207926372 0.0264098757 0.0308820225 0.0138422529 0.0
