64
1 0.019463325 0.0255402328 0.032871219 0.0108138235 0.0227186797 0.0119142192 0.0116015149 0.0163413773 0.0171332788 0.0126014218 0.0149051245 0.0093690733 0.0107608018 0.0093451308 0.0165632375 0.0208959728 0.0180117892 0.0158000751 0.0225784233 0.0199946231 0.0097665861 0.021955242 0.0165372804 0.0096984606 0.0240585549 0.0109175499 0.0316025311 0.0187244077 0.0187881928 0.0221585903 0.0265593696 0.0073906206 0.0221908861 0.0189423432 0.0182359011 0.0158573553 0.0034483851 0.0138236147 0.0172957105 0.0130909473 0.0158472822 0.0099576524 0.0217806005 0.0154825181 0.0252443314 0.0102491333 0.0143156068 0.0110013819 0.0064824273 0.0158063188 0.0028117005 0.0198608482 0.0199919876 0.0036568759 0.0184732087 0.0109434347 0.0113425097 0.0094124821 0.008364946 0.0210035904 0.0072695221 0.015745331 0.0135294922 0.0111609457 
2 0.0255402328 0.0051599592 0.0083079665 0.0126424813 0.0108276099 0.0070814093 0.0131036651 0.0162732358 0.0156970156 0.0118054821 0.0204690613 0.0199019263 0.0184704774 0.0318561588 0.0117850998 0.0186705485 0.0216300914 0.012290178 0.0120860417 0.0143871188 0.0123574308 0.0127375743 0.0161065843 0.0126690147 0.0152207223 0.016224573 0.0160286903 0.0128496376 0.0197965645 0.0245602457 0.0050905922 0.013417967 0.0136117985 0.0125825239 0.0187845966 0.0096968771 0.0175134284 0.0196770199 0.0111638958 0.0121519905 0.0152243982 0.0196745686 0.0193854887 0.0264425039 0.0120224645 0.0128144939 0.0251614627 0.0141802643 0.020906286 0.0121912841 0.0162527707 0.0168930097 0.0172459451 0.0142599698 0.0223424585 0.0146061443 0.0179271287 0.0221286121 0.0163227803 0.0138078266 0.0091317616 0.0066344478 0.0165594826 0.01765696 
3 0.032871219 0.0083079665 0.0109105896 0.0110631011 0.0151222694 0.0157610674 0.0055335478 0.029676494 0.0153737925 0.0169566934 0.0080789315 0.0231279424 0.0231363943 0.0129390719 0.0132868532 0.0247119754 0.0132205672 0.0150725885 0.0060600085 0.0055917995 0.0216660112 0.0135342035 0.0109088098 0.0175519637 0.0110468925 0.0200893063 0.0040510535 0.0154314214 0.0191023748 0.0312546745 0.0191723225 0.0139665286 0.0211420554 0.0138169015 0.0133598393 0.0186107541 0.0153329071 0.0164606022 0.0127696247 0.0326221865 0.0091478042 0.0168945894 0.0116373177 0.0085278398 0.0160045513 0.0307772689 0.0153418773 0.0082658002 0.0038611656 0.0152737172 0.0160457255 0.0092584395 0.0140604544 0.0124769239 0.0166488104 0.0155915033 0.0186217326 0.0166510128 0.0165908857 0.0147038319 0.0196791311 0.0168661222 0.0138609248 0.0145192644 
4 0.0108138235 0.0126424813 0.0110631011 0.019472141 0.0098732511 0.0124505026 0.0129206689 0.0207715141 0.0279100397 0.0219465036 0.0203749736 0.0082474829 0.0215688288 0.0218237014 0.0113525819 0.0132362171 0.0099718179 0.0151289067 0.0220587233 0.0143375984 0.0158754755 0.0213008686 0.0146978364 0.013950164 0.0147099289 0.019532495 0.0170312856 0.0250779479 0.0148767409 0.0066741273 0.0118925463 0.0217819271 0.0104944708 0.0232271158 0.0083004686 0.0145254636 0.0153715414 0.0092701514 0.007644009 0.0091120159 0.0204975615 0.0181419409 0.0220858207 0.0065677873 0.009744689 0.0134343476 0.0263170571 0.017408822 0.0132245552 0.0176456892 0.0118269646 0.0178775727 0.013450827 0.010813762 0.0242521946 0.0194734978 0.0147824441 0.0081130163 0.0194490151 0.0158682122 0.008763973 0.0114483702 0.0171377931 0.0283626484 
5 0.0227186797 0.0108276099 0.0151222694 0.0098732511 0.0360682103 0.0155275178 0.0173939091 0.0264180495 0.0094504786 0.0095577072 0.0147854024 0.0132373422 0.0123262749 0.0165021189 0.0182525394 0.0231939931 0.0167567355 0.0184316997 0.0176257438 0.0093238403 0.0125273499 0.0134172602 0.0117676059 0.0189503853 0.0030649532 0.0219907509 0.0150426511 0.0128432214 0.007496264 0.0132214391 0.00853876 0.0127258146 0.01631692 0.0183671615 0.0169994564 0.0208372445 0.0306815912 0.0070320599 0.0161040648 0.0199935856 0.0238191457 0.0202745846 0.010881144 0.0191587927 0.0195066645 0.0186383797 0.0113914516 0.011512899 0.014900787 0.012089606 0.0132889908 0.0178884345 0.0093122448 0.0082494308 0.0224202105 0.0054755217 0.0121286468 0.0138584921 0.0142022556 0.0157287009 0.0133398917 0.0276319421 0.0227468657 0.0102430046 
6 0.0119142192 0.0070814093 0.0157610674 0.0124505026 0.0155275178 0.0109662258 0.0105062329 0.0137460975 0.0125877205 0.0124553578 0.0199706311 0.002875367 0.0080265466 0.0132508982 0.0123631316 0.0170477506 0.0104139768 0.0164504634 0.0168489888 0.0212355313 0.0243250134 0.020096259 0.0267412521 0.0160780057 0.0150518935 0.0306711724 0.0177984315 0.0234371921 0.0162924664 0.0230719449 0.0144394024 0.017942006 0.024051564 0.0062891903 0.0125327064 0.0217290436 0.0072676521 0.020990088 0.026197983 0.0032114209 0.0173060655 0.0128293979 0.0169194864 0.0264685456 0.0127999891 0.0149791139 0.0242568594 0.0059528925 0.0189693805 0.0246250421 0.0223081187 0.0145391862 0.0177931661 0.0060647707 0.0278345615 0.0113714439 0.0153784625 0.0091890235 0.0125828737 0.0154307084 0.0080594948 0.004397883 0.0111802656 0.0190689448 
7 0.0116015149 0.0131036651 0.0055335478 0.0129206689 0.0173939091 0.0105062329 0.0124697874 0.0050339607 0.0248745776 0.0243510535 0.0150057929 0.0135931197 0.0038344259 0.0157496426 0.0180057168 0.0342669349 0.0166270349 0.0233933226 0.0140638758 0.0112363147 0.0136169793 0.0136563758 0.0170059625 0.008994727 0.023043203 0.0100660936 0.0230652193 0.0122041012 0.0162043014 0.025734123 0.0157214066 0.0118680309 0.0131762028 0.0112322578 0.0199504174 0.0099098223 0.0058092866 0.0114633564 0.008335036 0.0137491408 0.0199401908 0.0190964796 0.010361734 0.0050587006 0.0159265444 0.0190810772 0.0274558875 0.0135372299 0.0311154312 0.0217751813 0.0110530166 0.0138263235 0.0248017031 0.0176854092 0.0130054594 0.0188671502 0.0118486836 0.0124800858 0.0088780736 0.030084615 0.0180148448 0.0207857682 0.0096761254 0.0172731429 
8 0.0163413773 0.0162732358 0.029676494 0.0207715141 0.0264180495 0.0137460975 0.0050339607 0.0205899144 0.0176262348 0.0068946588 0.022645384 0.0153702844 0.0179701359 0.0129794894 0.0178542637 0.0178193363 0.0120108804 0.0102719845 0.0045818965 0.0151810875 0.0159001153 0.0094764833 0.0169052708 0.0130738642 0.0189065947 0.0182128642 0.0104913026 0.0074481572 0.015521442 0.0242066986 0.0267871546 0.0191577839 0.0146925927 0.0134054749 0.009562938 0.020818137 0.0255815143 0.0130108494 0.0132853553 0.0096031111 0.0120191215 0.0143285959 0.0124360662 0.0136782532 0.0168463704 0.0068244354 0.0234260575 0.0127915404 0.0148760271 0.0117024299 0.0060148766 0.0227902328 0.0157902111 0.0167269775 0.023761807 0.0108088784 0.0236243009 0.0126754274 0.0160107993 0.0073334071 0.0174655792 0.0177378612 0.0184289878 0.0157977725 
9 0.0171332788 0.0156970156 0.0153737925 0.0279100397 0.0094504786 0.0125877205 0.0248745776 0.0176262348 0.0141655802 0.0267967431 0.0156016934 0.0211570769 0.0026477118 0.0173132506 0.0080464966 0.0170552197 0.0180843388 0.0193204935 0.0174882739 0.0195360294 0.0099201767 0.0073818385 0.0080740717 0.0204644089 0.0129826814 0.0158458398 0.0080884743 0.0295442393 0.0131703124 0.0132258613 0.0161158716 0.0157858971 0.0087138516 0.0227267138 0.0114315963 0.0151265469 0.0193077157 0.0080305461 0.0181926521 0.0079753073 0.0227102308 0.0197874624 0.0115964437 0.0028364944 0.0141086978 0.0164453587 0.0124050857 0.018601875 0.0243955317 0.0075627068 0.0217394781 0.0075011097 0.0175332116 0.0201196144 0.0112515464 0.0231503127 0.022496648 0.0172863056 0.020364395 0.0013486959 0.0169117113 0.0166901504 0.0163773046 0.0168089808 
10 0.0126014218 0.0118054821 0.0169566934 0.0219465036 0.0095577072 0.0124553578 0.0243510535 0.0068946588 0.0267967431 0.0094905229 0.0103754399 0.0040933928 0.0133540564 0.0167394245 0.0131785718 0.025437238 0.0100250334 0.0102065438 0.025192349 0.0099329232 0.0117293018 0.0246798376 0.0094361262 0.0137509436 0.0159069718 0.011280671 0.0110495834 0.0113289653 0.0164630221 0.0171189261 0.0170454912 0.008106667 0.0117963655 0.0173074075 0.0139514747 0.0365931463 0.0217299258 0.0162406795 0.0176989394 0.022153124 0.0049825565 0.0177605031 0.0208662504 0.0159442887 0.0145587093 0.0094856477 0.0255295025 0.0093334133 0.013999659 0.0193724961 0.0178327706 0.0079593634 0.0278402806 0.0131535729 0.0172675462 0.0112432116 0.0146246457 0.0101570531 0.0207273647 0.0120514619 0.0284872204 0.0139475979 0.0179553921 0.0181608056 
11 0.0149051245 0.0204690613 0.0080789315 0.0203749736 0.0147854024 0.0199706311 0.0150057929 0.022645384 0.0156016934 0.0103754399 0.0193111409 0.0149682551 0.0171657568 0.0139791417 0.0213628664 0.0190875181 0.0209233322 0.0052911935 0.0119339892 0.0124052197 0.0335757755 0.0127616991 0.0257540346 0.0155708521 0.0091647116 0.0202019978 0.0089337021 0.0144514575 0.0168210252 0.0132704575 0.0162361466 0.0256365412 0.0130206815 0.0217938329 0.0089641987 0.0234358837 0.0182393363 0.0222187767 0.0098343954 0.0061360928 0.0248471541 0.0192307077 0.0177833593 0.017893924 0.0113920349 0.009932157 0.010112842 0.0120133304 0.007089489 0.0237031419 0.0084688907 0.0110680462 0.0116409685 0.0122215194 0.0202903791 0.020776046 0.0144257845 0.0187170412 0.0095718812 0.0179165582 0.0186213788 0.0115870448 0.0059565226 0.0100773514 
12 0.0093690733 0.0199019263 0.0231279424 0.0082474829 0.0132373422 0.002875367 0.0135931197 0.0153702844 0.0211570769 0.0040933928 0.0149682551 0.0 0.0212716183 0.0250894471 0.0217702557 0.0099305754 0.0183615579 0.0161950369 0.0108902256 0.0178479823 0.0221685484 0.0120283522 0.0218461848 0.013143576 0.0202134347 0.0119662848 0.0156239029 0.018142764 0.0154474111 0.0112171307 0.0176182159 0.0169184494 0.0134907355 0.0182639785 0.0150503417 0.0173944765 0.0134707352 0.0053747971 0.0220476841 0.0141637135 0.0198975084 0.0148469788 0.0116567751 0.0096461024 0.0172020208 0.0212120146 0.0108244691 0.0113813222 0.0114676666 0.0179681286 0.0104957606 0.0192764088 0.0232668734 0.0211714335 0.016636397 0.0204529123 0.0253201242 0.0173304071 0.0069680237 0.0181782931 0.0158460109 0.0221074418 0.0131484822 0.0208097653 
13 0.0107608018 0.0184704774 0.0231363943 0.0215688288 0.0123262749 0.0080265466 0.0038344259 0.0179701359 0.0026477118 0.0133540564 0.0171657568 0.0212716183 0.0052829839 0.0327989354 0.0159254446 0.0069386928 0.0171491813 0.0195426941 0.0121693934 0.0244699013 0.0139741253 0.0150386519 0.0158580743 0.029450494 0.0116925167 0.0032784986 0.0199848828 0.0141264732 0.01541498 0.0232328488 0.0355266165 0.0162914379 0.0170433085 0.0072064371 0.0230067803 0.010920713 0.0170130502 0.0054965762 0.0096104308 0.0169970878 0.0255062441 0.0027838625 0.0181949089 0.0116827245 0.0167073604 0.0202537258 0.0092032022 0.0213977928 0.0189497569 0.0196213607 0.0319566907 0.0314718786 0.0033547125 0.0028634041 0.0074532591 0.0112802826 0.0097032336 0.0180269584 0.0150121932 0.0199900667 0.0126823346 0.0187664182 0.0111224368 0.0160409525 
14 0.0093451308 0.0318561588 0.0129390719 0.0218237014 0.0165021189 0.0132508982 0.0157496426 0.0129794894 0.0173132506 0.0167394245 0.0139791417 0.0250894471 0.0327989354 0.0202681626 0.013483402 0.0250013108 0.0126276815 0.0097532123 0.0244355867 0.0205834211 0.0149936833 0.0092772957 0.0210163546 0.0155247631 0.0036944522 0.019877323 0.0145002098 0.0115420064 0.0093209679 0.0172100818 0.0224318288 0.0152883273 0.0088863615 0.005446514 0.0263352617 0.0131537731 0.0196753676 0.0140617735 0.0093299275 0.0111841694 0.0060412613 0.013083145 0.012712218 0.0087665618 0.0275319104 0.0227091565 0.0130741597 0.0061106143 0.0108932088 0.010926304 0.0170363944 0.0075121111 0.0253785891 0.0085152811 0.0227846545 0.0074408737 0.0099343833 0.0245852887 0.0190922151 0.0194092398 0.0190034369 0.0159982516 0.0093731472 0.0128179635 
15 0.0165632375 0.0117850998 0.0132868532 0.0113525819 0.0182525394 0.0123631316 0.0180057168 0.0178542637 0.0080464966 0.0131785718 0.0213628664 0.0217702557 0.0159254446 0.013483402 0.0126308941 0.0132624489 0.0193153899 0.0132412026 0.012815502 0.0173620182 0.00471284 0.0121011354 0.0116338542 0.0075381252 0.0091154574 0.0090204946 0.0253859204 0.0126656203 0.0110579246 0.0157990326 0.0166212268 0.0179137763 0.0207974963 0.004717884 0.0268362222 0.0106412924 0.0097238458 0.0242314913 0.0100323578 0.0224454427 0.013711482 0.0189933583 0.0307697589 0.0141872601 0.0282353764 0.0069215481 0.0022617601 0.0139424579 0.0111764374 0.0168886509 0.027746609 0.0143689715 0.0183463216 0.0198488762 0.007310499 0.0247931743 0.0166656345 0.0100870407 0.0131599091 0.0205288193 0.0222896513 0.016638444 0.0296428644 0.016635738 
16 0.0208959728 0.0186705485 0.0247119754 0.0132362171 0.0231939931 0.0170477506 0.0342669349 0.0178193363 0.0170552197 0.025437238 0.0190875181 0.0099305754 0.0069386928 0.0250013108 0.0132624489 0.010636632 0.0090648648 0.0212962083 0.0040104219 0.0143681642 0.0079649599 0.0160707436 0.00856369 0.0083602777 0.0093079323 0.0229517686 0.0080843847 0.0090997987 0.0099152364 0.0157919734 0.0248313644 0.012632961 0.0224164141 0.0156007862 0.0156819474 0.0125905347 0.0226942138 0.0160317701 0.0241561028 0.0211879497 0.0048393065 0.0137671801 0.0164146715 0.0175068402 0.0100197768 0.0146208966 0.0246488814 0.0102501867 0.0154762298 0.0173739561 0.0034887952 0.023936183 0.006266419 0.019483769 0.0077214086 0.0277397531 0.0097849547 0.0134761654 0.0193285206 0.0139840905 0.0274761909 0.0087594938 0.0072169141 0.0165525838 
17 0.0180117892 0.0216300914 0.0132205672 0.0099718179 0.0167567355 0.0104139768 0.0166270349 0.0120108804 0.0180843388 0.0100250334 0.0209233322 0.0183615579 0.0171491813 0.0126276815 0.0193153899 0.0090648648 0.0214429456 0.0150779856 0.0118829471 0.0145526357 0.0110103203 0.0226471233 0.016330901 0.0191794644 0.0164318492 0.0162216732 0.0200290079 0.0159681518 0.0121238288 0.0236562049 0.0078716325 0.0087038631 0.0123119784 0.0075828597 0.0231842988 0.0179058283 0.0107354456 0.0074556613 0.0126618802 0.0140212508 0.0232533861 0.0068163019 0.0133083057 0.0088272148 0.0240728038 0.0207565485 0.0022411205 0.0308778778 0.013408352 0.0207488462 0.0214989371 0.0143641097 0.0230562399 0.0090903395 0.024717279 0.0172389301 0.0158095867 0.0182973377 0.0121168121 0.0149782966 0.0187888909 0.0139611741 0.0144145531 0.0141727461 
18 0.0158000751 0.012290178 0.0150725885 0.0151289067 0.0184316997 0.0164504634 0.0233933226 0.0102719845 0.0193204935 0.0102065438 0.0052911935 0.0161950369 0.0195426941 0.0097532123 0.0132412026 0.0212962083 0.0150779856 0.0126791724 0.0155191987 0.0069907929 0.0132330234 0.0248948384 0.0100608099 0.0158313937 0.0224061008 0.0171701364 0.0202046071 0.0259513285 0.012223889 0.0177218904 0.0183208334 0.0281977926 0.0059923787 0.0180716461 0.017105763 0.0109792562 0.0084187105 0.0159049908 0.0145763193 0.0232635001 0.011283695 0.0168456864 0.0057963584 0.0244172421 0.0123335198 0.0214591327 0.0078579099 0.0078967992 0.0180372489 0.0126078661 0.0148632588 0.0055139418 0.0208756237 0.025527159 0.0180330618 0.0072384614 0.0127869009 0.0227427662 0.0281496791 0.0125482112 0.0170130014 0.0102042855 0.0143272822 0.0191587471 
19 0.0225784233 0.0120860417 0.0060600085 0.0220587233 0.0176257438 0.0168489888 0.0140638758 0.0045818965 0.0174882739 0.025192349 0.0119339892 0.0108902256 0.0121693934 0.0244355867 0.012815502 0.0040104219 0.0118829471 0.0155191987 0.0043050371 0.0034714091 0.0327396154 0.0164782592 0.0210033812 0.0107604256 0.0092573054 0.0083771886 0.015097431 0.0317518731 0.0089685046 0.0166234384 0.0204731584 0.0153469553 0.0154555501 0.0112280343 0.0276691797 0.0091011154 0.007756576 0.0147371855 0.0082433586 0.0113046279 0.0135705124 0.0125823944 0.0121328787 0.0222620411 0.015375703 0.0110127634 0.0141405032 0.0301069961 0.0091657904 0.0039922023 0.0279725198 0.0146804056 0.0164935414 0.0211628331 0.0141128615 0.0151215412 0.022392152 0.0227975421 0.0310964697 0.0234103376 0.0141416851 0.0088725579 0.0256970147 0.0153155542 
20 0.0199946231 0.0143871188 0.0055917995 0.0143375984 0.0093238403 0.0212355313 0.0112363147 0.0151810875 0.0195360294 0.0099329232 0.0124052197 0.0178479823 0.0244699013 0.0205834211 0.0173620182 0.0143681642 0.0145526357 0.0069907929 0.0034714091 0.020681543 0.0076162797 0.0110071073 0.0221274608 0.0191695491 0.0172182544 0.0149835805 0.0101299143 0.0142098638 0.0149041803 0.0177015744 0.0120211028 0.0128495268 0.0145808397 0.0123537777 0.0150185428 0.0165188792 0.0316488742 0.0263662289 0.0095624473 0.0179816223 0.0097105576 0.0134133337 0.0118859566 0.0188378882 0.0097737141 0.0208438081 0.0134092539 0.0227739282 0.0087566681 0.0124072611 0.0211929996 0.0065998118 0.0054788814 0.0202407676 0.0156276009 0.0060520452 0.024778458 0.0172544274 0.0206997371 0.0238166857 0.0219072117 0.0313857546 0.0222267617 0.0094669278 
21 0.0097665861 0.0123574308 0.0216660112 0.0158754755 0.0125273499 0.0243250134 0.0136169793 0.0159001153 0.0099201767 0.0117293018 0.0335757755 0.0221685484 0.0139741253 0.0149936833 0.00471284 0.0079649599 0.0110103203 0.0132330234 0.0327396154 0.0076162797 0.0344054961 0.0227259467 0.0201639034 0.0152239606 0.0204513536 0.0144349694 0.0024383673 0.0202221464 0.0161587363 0.0041943921 0.0144262196 0.0135489705 0.0153456356 0.0205683405 0.0141223232 0.0160810618 0.0071056134 0.0223430194 0.0180877445 0.0308733844 0.0173385127 0.0133156721 0.019421669 0.015730335 0.0077370254 0.0071181616 0.0069030819 0.0171110303 0.0098168035 0.0137212713 0.0210077199 0.0146127163 0.0224537932 0.0192269575 0.0174994652 0.0075296218 0.0133904219 0.0099684492 0.018077879 0.0150134121 0.0110845061 0.010596858 0.0139639546 0.0247654862 
22 0.021955242 0.0127375743 0.0135342035 0.0213008686 0.0134172602 0.020096259 0.0136563758 0.0094764833 0.0073818385 0.0246798376 0.0127616991 0.0120283522 0.0150386519 0.0092772957 0.0121011354 0.0160707436 0.0226471233 0.0248948384 0.0164782592 0.0110071073 0.0227259467 0.0179405322 0.0193866958 0.0161338697 0.0342588065 0.0111260823 0.0263563724 0.0268991622 0.0264752722 0.0040825343 0.0141511454 0.014756175 0.0135370813 0.0163096961 0.0280574849 0.0094831832 0.0200472961 0.0132451021 0.0187346207 0.0203809872 0.016714512 0.0194078903 0.0161926836 0.0148519705 0.0038657527 0.0276155711 0.0099575124 0.0074526899 0.0171571985 0.0112545397 0.0141709782 0.0146854933 0.0103727175 0.0148873818 0.0038470032 0.0173675555 0.020700465 0.0111411533 0.0089003041 0.0019067272 0.0197230581 0.0094452802 0.0185298794 0.0052224875 
23 0.0165372804 0.0161065843 0.0109088098 0.0146978364 0.0117676059 0.0267412521 0.0170059625 0.0169052708 0.0080740717 0.0094361262 0.0257540346 0.0218461848 0.0158580743 0.0210163546 0.0116338542 0.00856369 0.016330901 0.0100608099 0.0210033812 0.0221274608 0.0201639034 0.0193866958 0.0216255316 0.035220026 0.013373545 0.0119303605 0.0069908988 0.0169125857 0.0166824685 0.0244046016 0.0230038473 0.0180972844 0.0179458708 0.0175541736 0.0260696947 0.0111915244 0.0150201421 0.0223650278 0.0170698131 0.0161181269 0.0242861624 0.0127117133 0.0103293392 0.0166843315 0.0205001737 0.0075251287 0.0233522239 0.019252162 0.0051187216 0.0102781621 0.0174793702 0.0201685619 0.007754749 0.0154642814 0.0121268846 0.005944115 0.0134727852 0.0096503611 0.0149368249 0.0095224808 0.0005617961 0.0096336983 0.0119447602 0.0077995456 
24 0.0096984606 0.0126690147 0.0175519637 0.013950164 0.0189503853 0.0160780057 0.008994727 0.0130738642 0.0204644089 0.0137509436 0.0155708521 0.013143576 0.029450494 0.0155247631 0.0075381252 0.0083602777 0.0191794644 0.0158313937 0.0107604256 0.0191695491 0.0152239606 0.0161338697 0.035220026 0.0012461742 0.0316982838 0.0115083519 0.0102558685 0.0185191419 0.0168072592 0.0256864475 0.0188217065 0.0225869157 0.016725272 0.0103126157 0.0137559233 0.0130344411 0.0164106861 0.0083491256 0.0228033445 0.0026175529 0.0121602395 0.0123795153 0.0324019139 0.0143087333 0.0116149891 0.0088452275 0.0193495295 0.0109502779 0.0236846647 0.0103421768 0.0103723119 0.0059728573 0.01968894 0.0164525478 0.0177416917 0.0164998005 0.0264089541 0.0139796138 0.0136610839 0.0113701191 0.0123072305 0.0187163508 0.0139738045 0.0193896011 
25 0.0240585549 0.0152207223 0.0110468925 0.0147099289 0.0030649532 0.0150518935 0.023043203 0.0189065947 0.0129826814 0.0159069718 0.0091647116 0.0202134347 0.0116925167 0.0036944522 0.0091154574 0.0093079323 0.0164318492 0.0224061008 0.0092573054 0.0172182544 0.0204513536 0.0342588065 0.013373545 0.0316982838 0.0112465805 0.0154838295 0.0124202404 0.0127389799 0.0117706145 0.0098278502 0.0089551776 0.0243281742 0.013611263 0.0068356539 0.0112542441 0.0032099727 0.021192482 0.0140823226 0.0311378087 0.010541856 0.0155223211 0.0225144019 0.0237021541 0.0096688756 0.0180427996 0.0315224025 0.0084345345 0.027626057 0.0113809719 0.0255610271 0.0096801866 0.0112258582 0.012644029 0.02135531 0.0235292811 0.0040780653 0.0158468069 0.0167972574 0.0235888739 0.0055785727 0.0204147118 0.0113306551 0.0133577635 0.015683634 
26 0.0109175499 0.016224573 0.0200893063 0.019532495 0.0219907509 0.0306711724 0.0100660936 0.0182128642 0.0158458398 0.011280671 0.0202019978 0.0119662848 0.0032784986 0.019877323 0.0090204946 0.0229517686 0.0162216732 0.0171701364 0.0083771886 0.0149835805 0.0144349694 0.0111260823 0.0119303605 0.0115083519 0.0154838295 0.0220698584 0.0134271693 0.0280021867 0.0290766702 0.0143979071 0.017142233 0.0212661669 0.025175317 0.0153902922 0.0082987348 0.0131348742 0.0046877084 0.0208792167 0.0212826549 0.0115056883 0.0127057775 0.0101173641 0.0100468253 0.0192347226 0.0199026257 0.0180097241 0.0165719009 0.0140331228 0.0162232963 0.0145212582 0.0099529944 0.0246210707 0.0194058698 0.0174140812 0.0168032671 0.0122639166 0.0093899236 0.0131824753 0.0180981728 0.010409559 0.0041580197 0.0114206364 0.0190351975 0.0133776644 
27 0.0316025311 0.0160286903 0.0040510535 0.0170312856 0.0150426511 0.0177984315 0.0230652193 0.0104913026 0.0080884743 0.0110495834 0.0089337021 0.0156239029 0.0199848828 0.0145002098 0.0253859204 0.0080843847 0.0200290079 0.0202046071 0.015097431 0.0101299143 0.0024383673 0.0263563724 0.0069908988 0.0102558685 0.0124202404 0.0134271693 0.0142375524 0.0150466095 0.0172574198 0.020275053 0.0063462985 0.0209395747 0.0116538598 0.0188556317 0.0333090797 0.0084104092 0.0160104496 0.0217696245 0.0174374874 0.013035177 0.0203831266 0.0188895698 0.0142327878 0.0209466122 0.0167152473 0.0077763666 0.0085348725 0.0246419732 0.0114944988 0.0096390927 0.0107199461 0.0106262083 0.0128185259 0.0196026603 0.0220964165 0.0077940713 0.0087292644 0.0117507912 0.0084448973 0.0173189366 0.0246939302 0.0148980248 0.0255720712 0.0329837793 
28 0.0187244077 0.0128496376 0.0154314214 0.0250779479 0.0128432214 0.0234371921 0.0122041012 0.0074481572 0.0295442393 0.0113289653 0.0144514575 0.018142764 0.0141264732 0.0115420064 0.0126656203 0.0090997987 0.0159681518 0.0259513285 0.0317518731 0.0142098638 0.0202221464 0.0268991622 0.0169125857 0.0185191419 0.0127389799 0.0280021867 0.0150466095 0.0171449128 0.0234565024 0.0078386262 0.0216589378 0.0231995897 0.0123685227 0.0222228296 0.010295744 0.0069902973 0.0109405118 0.0148173371 0.0097471257 0.0203677321 0.0208995414 0.0139820996 0.0107690804 0.0074117999 0.0046720881 0.0178196292 0.0116391663 0.0103406527 0.0159448988 0.0173146844 0.0151044343 0.0125616927 0.0102604342 0.0172332586 0.0096567614 0.013368248 0.0068445115 0.0184012535 0.0170939291 0.0143152838 0.0175370154 0.0161789492 0.0171634251 0.0072990526 
29 0.0187881928 0.0197965645 0.0191023748 0.0148767409 0.007496264 0.0162924664 0.0162043014 0.015521442 0.0131703124 0.0164630221 0.0168210252 0.0154474111 0.01541498 0.0093209679 0.0110579246 0.0099152364 0.0121238288 0.012223889 0.0089685046 0.0149041803 0.0161587363 0.0264752722 0.0166824685 0.0168072592 0.0117706145 0.0290766702 0.0172574198 0.0234565024 0.0096838753 0.0069359797 0.0049628886 0.0179692238 0.0111513483 0.0094259802 0.0184078903 0.0285564312 0.0208935804 0.0216702857 0.019783285 0.0154276569 0.0199828622 0.0035176143 0.0180726484 0.022027718 0.0209081784 0.0124019313 0.0072868167 0.0125305378 0.0160478974 0.0141074153 0.0149165411 0.0246169164 0.0195649165 0.0054315988 0.0092279516 0.0130631222 0.0141137137 0.0206383064 0.0150516061 0.0247536589 0.0153100372 0.0067800609 0.0254386195 0.0177463334 
30 0.0221585903 0.0245602457 0.0312546745 0.0066741273 0.0132214391 0.0230719449 0.025734123 0.0242066986 0.0132258613 0.0171189261 0.0132704575 0.0112171307 0.0232328488 0.0172100818 0.0157990326 0.0157919734 0.0236562049 0.0177218904 0.0166234384 0.0177015744 0.0041943921 0.0040825343 0.0244046016 0.0256864475 0.0098278502 0.0143979071 0.020275053 0.0078386262 0.0069359797 0.006810712 0.0216105656 0.0143117753 0.0208008184 0.0316355078 0.014795887 0.0065179411 0.0168950065 0.0128733472 0.0220119921 0.0113273314 0.0166326458 0.0233265969 0.0102018244 0.0204204093 0.008766501 0.0022467864 0.0145286645 0.0133862617 0.0091673738 0.0168012357 0.0037065666 0.0218623065 0.0127666029 0.009357167 0.0127528255 0.0236564614 0.0102255116 0.0053631964 0.0090879187 0.0087486294 0.0266346899 0.0104518853 0.0136908145 0.0255315851 
31 0.0265593696 0.0050905922 0.0191723225 0.0118925463 0.00853876 0.0144394024 0.0157214066 0.0267871546 0.0161158716 0.0170454912 0.0162361466 0.0176182159 0.0355266165 0.0224318288 0.0166212268 0.0248313644 0.0078716325 0.0183208334 0.0204731584 0.0120211028 0.0144262196 0.0141511454 0.0230038473 0.0188217065 0.0089551776 0.017142233 0.0063462985 0.0216589378 0.0049628886 0.0216105656 0.0021618094 0.0137317185 0.0130151832 0.0131734848 0.0044673297 0.0218669824 0.0152674151 0.0158224807 0.0158067589 0.0145625737 0.0078081909 0.015594611 0.0122237249 0.0175932323 0.0117046258 0.0118972837 0.0113269938 0.0275737486 0.0113465093 0.0143123763 0.0200568583 0.0163289829 0.0165493743 0.0160934081 0.0152120786 0.0156843741 0.0216364039 0.0178328203 0.0088519246 0.0141750379 0.0097967896 0.0245407868 0.013138385 0.0144516796 
32 0.0073906206 0.013417967 0.0139665286 0.0217819271 0.0127258146 0.017942006 0.0118680309 0.0191577839 0.0157858971 0.008106667 0.0256365412 0.0169184494 0.0162914379 0.0152883273 0.0179137763 0.012632961 0.0087038631 0.0281977926 0.0153469553 0.0128495268 0.0135489705 0.014756175 0.0180972844 0.0225869157 0.0243281742 0.0212661669 0.0209395747 0.0231995897 0.0179692238 0.0143117753 0.0137317185 0.0034497637 0.00807491 0.0123093157 0.0154636284 0.0190045203 0.0153122377 0.0088711397 0.0254589735 0.0141554045 0.0066811241 0.007627503 0.0287227831 0.0101711303 0.0193604395 0.0165065714 0.0196420055 0.0114505838 0.0164650016 0.0277300975 0.0133328964 0.0076182855 0.0210923852 0.0224371416 0.0152592512 0.0224953143 0.0133034489 0.0139679359 0.0182797247 0.0203313829 0.0019070455 0.0019768211 0.0156163768 0.0092664141 
33 0.0221908861 0.0136117985 0.0211420554 0.0104944708 0.01631692 0.024051564 0.0131762028 0.0146925927 0.0087138516 0.0117963655 0.0130206815 0.0134907355 0.0170433085 0.0088863615 0.0207974963 0.0224164141 0.0123119784 0.0059923787 0.0154555501 0.0145808397 0.0153456356 0.0135370813 0.0179458708 0.016725272 0.013611263 0.025175317 0.0116538598 0.0123685227 0.0111513483 0.0208008184 0.0130151832 0.00807491 0.0214994204 0.0183012487 0.021340481 0.0158318203 0.0105332422 0.01874798 0.0080207818 0.0073728373 0.0090794431 0.0171867539 0.0275614445 0.0224537342 0.0181294215 0.0126941286 0.0130484965 0.0161429038 0.020542819 0.0106250636 0.0245050534 0.0331007915 0.0180436931 0.0236675102 0.0038576974 0.0241203426 0.014232416 0.0084001487 0.0081853598 0.013415962 0.0113887271 0.0122052028 0.015112574 0.0210649672 
34 0.0189423432 0.0125825239 0.0138169015 0.0232271158 0.0183671615 0.0062891903 0.0112322578 0.0134054749 0.0227267138 0.0173074075 0.0217938329 0.0182639785 0.0072064371 0.005446514 0.004717884 0.0156007862 0.0075828597 0.0180716461 0.0112280343 0.0123537777 0.0205683405 0.0163096961 0.0175541736 0.0103126157 0.0068356539 0.0153902922 0.0188556317 0.0222228296 0.0094259802 0.0316355078 0.0131734848 0.0123093157 0.0183012487 0.0169863019 0.0066028078 0.0200458492 0.0165540464 0.0151786147 0.015490274 0.0248235461 0.0126809637 0.0199886549 0.0139761359 0.0160694294 0.0149517689 0.011300711 0.0132251457 0.026522777 0.0271453675 0.0094088189 0.0188751387 0.0170106037 0.0007990059 0.0208994307 0.0160245563 0.0134752866 0.0194273387 0.0314335928 0.0124299291 0.0117711838 0.0174503083 0.010546616 0.0196762454 0.0161719399 
35 0.0182359011 0.0187845966 0.0133598393 0.0083004686 0.0169994564 0.0125327064 0.0199504174 0.009562938 0.0114315963 0.0139514747 0.0089641987 0.0150503417 0.0230067803 0.0263352617 0.0268362222 0.0156819474 0.0231842988 0.017105763 0.0276691797 0.0150185428 0.0141223232 0.0280574849 0.0260696947 0.0137559233 0.0112542441 0.0082987348 0.0333090797 0.010295744 0.0184078903 0.014795887 0.0044673297 0.0154636284 0.021340481 0.0066028078 0.0101514749 0.0360630412 0.0076063324 0.0092192137 0.0051168642 0.0134056334 0.0182918988 0.0130367153 0.0116134616 0.0171023555 0.014913172 0.0103049283 0.0048798836 0.0113210604 0.0124157171 0.0100087783 0.005942351 0.0179189276 0.0118017313 0.0242420918 0.0205483682 0.0164098524 0.0083709371 0.0160760462 0.0274383769 0.0116473573 0.023863955 0.019385662 0.0142380503 0.0084625782 
36 0.0158573553 0.0096968771 0.0186107541 0.0145254636 0.0208372445 0.0217290436 0.0099098223 0.020818137 0.0151265469 0.0365931463 0.0234358837 0.0173944765 0.010920713 0.0131537731 0.0106412924 0.0125905347 0.0179058283 0.0109792562 0.0091011154 0.0165188792 0.0160810618 0.0094831832 0.0111915244 0.0130344411 0.0032099727 0.0131348742 0.0084104092 0.0069902973 0.0285564312 0.0065179411 0.0218669824 0.0190045203 0.0158318203 0.0200458492 0.0360630412 0.0101030366 0.0113468179 0.011197208 0.0132360107 0.018492631 0.0186627001 0.0128618282 0.015073515 0.0111742604 0.0205116374 0.0092234082 0.0142053433 0.0108674459 0.0227266326 0.0176176266 0.0303398221 0.0126247504 0.0078889452 0.0117111167 0.0168389266 0.019885754 0.0094575271 0.0139873724 0.0225406913 0.0130041045 0.0158642653 0.0267618676 0.0100272567 0.0159990054 
37 0.0034483851 0.0175134284 0.0153329071 0.0153715414 0.0306815912 0.0072676521 0.0058092866 0.0255815143 0.0193077157 0.0217299258 0.0182393363 0.0134707352 0.0170130502 0.0196753676 0.0097238458 0.0226942138 0.0107354456 0.0084187105 0.007756576 0.0316488742 0.0071056134 0.0200472961 0.0150201421 0.0164106861 0.021192482 0.0046877084 0.0160104496 0.0109405118 0.0208935804 0.0168950065 0.0152674151 0.0153122377 0.0105332422 0.0165540464 0.0076063324 0.0113468179 0.0233590365 0.02392991 0.0247939349 0.0283496205 0.0203914051 0.0162808623 0.0123100693 0.0128450194 0.0190227061 0.0098408341 0.0099125817 0.023018713 0.0108639393 0.0142632654 0.0062008595 0.0090308388 0.0158930492 0.0174127372 0.0170188165 0.0158733915 0.0224902527 0.0216629299 0.0128121491 0.0232529718 0.0091726047 0.0084904953 0.0110888654 0.0131744695 
38 0.0138236147 0.0196770199 0.0164606022 0.0092701514 0.0070320599 0.020990088 0.0114633564 0.0130108494 0.0080305461 0.0162406795 0.0222187767 0.0053747971 0.0054965762 0.0140617735 0.0242314913 0.0160317701 0.0074556613 0.0159049908 0.0147371855 0.0263662289 0.0223430194 0.0132451021 0.0223650278 0.0083491256 0.0140823226 0.0208792167 0.0217696245 0.0148173371 0.0216702857 0.0128733472 0.0158224807 0.0088711397 0.01874798 0.0151786147 0.0092192137 0.011197208 0.02392991 0.0168900786 0.0199434918 0.0198846909 0.0089256736 0.0125165971 0.0105332382 0.0194159857 0.0170820956 0.0212814988 0.0175378451 0.0081687664 0.0199181281 0.008334332 0.018393911 0.0239298691 0.0040599949 0.0131576781 0.0253863081 0.0119107788 0.0099928882 0.0168290823 0.0121578626 0.016199629 0.0371297574 0.0124444024 0.0250613856 0.0096748557 
39 0.0172957105 0.0111638958 0.0127696247 0.007644009 0.0161040648 0.026197983 0.008335036 0.0132853553 0.0181926521 0.0176989394 0.0098343954 0.0220476841 0.0096104308 0.0093299275 0.0100323578 0.0241561028 0.0126618802 0.0145763193 0.0082433586 0.0095624473 0.0180877445 0.0187346207 0.0170698131 0.0228033445 0.0311378087 0.0212826549 0.0174374874 0.0097471257 0.019783285 0.0220119921 0.0158067589 0.0254589735 0.0080207818 0.015490274 0.0051168642 0.0132360107 0.0247939349 0.0199434918 0.0035022202 0.0121459193 0.0198284863 0.0198490152 0.016791454 0.0185848711 0.0115570903 0.014015416 0.0231679536 0.0046509419 0.0020803071 0.0127317829 0.0196518013 0.0172810763 0.0114514832 0.0211329542 0.0139863119 0.0142052 0.0334187321 0.0130435421 0.0132150805 0.0245912879 0.0088258478 0.0167753963 0.0214444852 0.0073662026 
40 0.0130909473 0.0121519905 0.0326221865 0.0091120159 0.0199935856 0.0032114209 0.0137491408 0.0096031111 0.0079753073 0.022153124 0.0061360928 0.0141637135 0.0169970878 0.0111841694 0.0224454427 0.0211879497 0.0140212508 0.0232635001 0.0113046279 0.0179816223 0.0308733844 0.0203809872 0.0161181269 0.0026175529 0.010541856 0.0115056883 0.013035177 0.0203677321 0.0154276569 0.0113273314 0.0145625737 0.0141554045 0.0073728373 0.0248235461 0.0134056334 0.018492631 0.0283496205 0.0198846909 0.0121459193 0.0 0.0122356433 0.0270332971 0.0138118375 0.0250227397 0.0174261052 0.0179105907 0.0199847569 0.0191779037 0.0133422609 0.0045412085 0.0121649923 0.0122450678 0.0192092896 0.0196191506 0.0105140802 0.0161241326 0.0156625263 0.0210412039 0.0188637159 0.0196996892 0.0087721423 0.0183619727 0.0134440251 0.0160550312 
41 0.0158472822 0.0152243982 0.0091478042 0.0204975615 0.0238191457 0.0173060655 0.0199401908 0.0120191215 0.0227102308 0.0049825565 0.0248471541 0.0198975084 0.0255062441 0.0060412613 0.013711482 0.0048393065 0.0232533861 0.011283695 0.0135705124 0.0097105576 0.0173385127 0.016714512 0.0242861624 0.0121602395 0.0155223211 0.0127057775 0.0203831266 0.0208995414 0.0199828622 0.0166326458 0.0078081909 0.0066811241 0.0090794431 0.0126809637 0.0182918988 0.0186627001 0.0203914051 0.0089256736 0.0198284863 0.0122356433 0.0025864748 0.0118090794 0.021610729 0.0050349895 0.020662157 0.0217985323 0.0162568487 0.0116817689 0.0245574672 0.0214117727 0.016472339 0.0198403748 0.014756064 0.0024311667 0.0211856943 0.0074923099 0.0094201219 0.0132347445 0.0136581503 0.0186604614 0.0077971223 0.0350020049 0.0240730886 0.0131998428 
42 0.0099576524 0.0196745686 0.0168945894 0.0181419409 0.0202745846 0.0128293979 0.0190964796 0.0143285959 0.0197874624 0.0177605031 0.0192307077 0.0148469788 0.0027838625 0.013083145 0.0189933583 0.0137671801 0.0068163019 0.0168456864 0.0125823944 0.0134133337 0.0133156721 0.0194078903 0.0127117133 0.0123795153 0.0225144019 0.0101173641 0.0188895698 0.0139820996 0.0035176143 0.0233265969 0.015594611 0.007627503 0.0171867539 0.0199886549 0.0130367153 0.0128618282 0.0162808623 0.0125165971 0.0198490152 0.0270332971 0.0118090794 0.0165521941 0.0169505953 0.0128634733 0.0089639384 0.0117765352 0.0112767927 0.0135587305 0.0068877792 0.0243402689 0.0171105669 0.0057933151 0.0175361893 0.010279597 0.0173878811 0.0236845219 0.0145272676 0.019762121 0.0102721162 0.0281516851 0.0105595217 0.033534676 0.0230741438 0.0201000113 
43 0.0217806005 0.0193854887 0.0116373177 0.0220858207 0.010881144 0.0169194864 0.010361734 0.0124360662 0.0115964437 0.0208662504 0.0177833593 0.0116567751 0.0181949089 0.012712218 0.0307697589 0.0164146715 0.0133083057 0.0057963584 0.0121328787 0.0118859566 0.019421669 0.0161926836 0.0103293392 0.0324019139 0.0237021541 0.0100468253 0.0142327878 0.0107690804 0.0180726484 0.0102018244 0.0122237249 0.0287227831 0.0275614445 0.0139761359 0.0116134616 0.015073515 0.0123100693 0.0105332382 0.016791454 0.0138118375 0.021610729 0.0169505953 0.0139605329 0.0180559031 0.0192481731 0.007560461 0.020476734 0.0201695138 0.0186883902 0.0150047472 0.009411972 0.0248023158 0.018176626 0.0058257468 0.0 0.0128787043 0.0066547144 0.0141965065 0.0087951961 0.0113736495 0.028167849 0.020162799 0.01992153 0.0113124777 
44 0.0154825181 0.0264425039 0.0085278398 0.0065677873 0.0191587927 0.0264685456 0.0050587006 0.0136782532 0.0028364944 0.0159442887 0.017893924 0.0096461024 0.0116827245 0.0087665618 0.0141872601 0.0175068402 0.0088272148 0.0244172421 0.0222620411 0.0188378882 0.015730335 0.0148519705 0.0166843315 0.0143087333 0.0096688756 0.0192347226 0.0209466122 0.0074117999 0.022027718 0.0204204093 0.0175932323 0.0101711303 0.0224537342 0.0160694294 0.0171023555 0.0111742604 0.0128450194 0.0194159857 0.0185848711 0.0250227397 0.0050349895 0.0128634733 0.0180559031 0.0157919353 0.0131864236 0.0186596351 0.0250647107 0.0177146532 0.0127240893 0.0181058007 0.0168480476 0.0180641027 0.0095654748 0.0085511053 0.0216076823 0.0117482533 0.0117021773 0.0215115645 0.0160920889 0.0130851967 0.0158777883 0.0163215988 0.0202396124 0.0156719038 
45 0.0252443314 0.0120224645 0.0160045513 0.009744689 0.0195066645 0.0127999891 0.0159265444 0.0168463704 0.0141086978 0.0145587093 0.0113920349 0.0172020208 0.0167073604 0.0275319104 0.0282353764 0.0100197768 0.0240728038 0.0123335198 0.015375703 0.0097737141 0.0077370254 0.0038657527 0.0205001737 0.0116149891 0.0180427996 0.0199026257 0.0167152473 0.0046720881 0.0209081784 0.008766501 0.0117046258 0.0193604395 0.0181294215 0.0149517689 0.014913172 0.0205116374 0.0190227061 0.0170820956 0.0115570903 0.0174261052 0.020662157 0.0089639384 0.0192481731 0.0131864236 0.0090936161 0.0153704091 0.0204936418 0.0127459581 0.0201649805 0.0118369566 0.022660577 0.0158997803 0.0166912988 0.0207234444 0.0200098044 0.0259729834 0.0017429126 0.0109268932 0.0091441189 0.017968985 0.0176452341 0.0135588232 0.0138435141 0.0146537013 
46 0.0102491333 0.0128144939 0.0307772689 0.0134343476 0.0186383797 0.0149791139 0.0190810772 0.0068244354 0.0164453587 0.0094856477 0.009932157 0.0212120146 0.0202537258 0.0227091565 0.0069215481 0.0146208966 0.0207565485 0.0214591327 0.0110127634 0.0208438081 0.0071181616 0.0276155711 0.0075251287 0.0088452275 0.0315224025 0.0180097241 0.0077763666 0.0178196292 0.0124019313 0.0022467864 0.0118972837 0.0165065714 0.0126941286 0.011300711 0.0103049283 0.0092234082 0.0098408341 0.0212814988 0.014015416 0.0179105907 0.0217985323 0.0117765352 0.007560461 0.0186596351 0.0153704091 0.0186576803 0.0087232004 0.018899532 0.0158013088 0.0176360279 0.0197351025 0.0193940364 0.0256386356 0.0133824067 0.0167136105 0.0203511184 0.0237414458 0.0117025403 0.0199073014 0.0192758495 0.0087808545 0.0166379462 0.0171782239 0.0143702989 
47 0.0143156068 0.0251614627 0.0153418773 0.0263170571 0.0113914516 0.0242568594 0.0274558875 0.0234260575 0.0124050857 0.0255295025 0.010112842 0.0108244691 0.0092032022 0.0130741597 0.0022617601 0.0246488814 0.0022411205 0.0078579099 0.0141405032 0.0134092539 0.0069030819 0.0099575124 0.0233522239 0.0193495295 0.0084345345 0.0165719009 0.0085348725 0.0116391663 0.0072868167 0.0145286645 0.0113269938 0.0196420055 0.0130484965 0.0132251457 0.0048798836 0.0142053433 0.0099125817 0.0175378451 0.0231679536 0.0199847569 0.0162568487 0.0112767927 0.020476734 0.0250647107 0.0204936418 0.0087232004 0.0426122405 0.0206639389 0.0249825041 0.0218351902 0.0196262182 0.0096879802 0.0106884388 0.0113702972 0.0088632746 0.0156171484 0.0224336535 0.0127166961 0.0036246884 0.0078376198 0.0223382305 0.0269112034 0.0171872876 0.0118472025 
48 0.0110013819 0.0141802643 0.0082658002 0.017408822 0.011512899 0.0059528925 0.0135372299 0.0127915404 0.018601875 0.0093334133 0.0120133304 0.0113813222 0.0213977928 0.0061106143 0.0139424579 0.0102501867 0.0308778778 0.0078967992 0.0301069961 0.0227739282 0.0171110303 0.0074526899 0.019252162 0.0109502779 0.027626057 0.0140331228 0.0246419732 0.0103406527 0.0125305378 0.0133862617 0.0275737486 0.0114505838 0.0161429038 0.026522777 0.0113210604 0.0108674459 0.023018713 0.0081687664 0.0046509419 0.0191779037 0.0116817689 0.0135587305 0.0201695138 0.0177146532 0.0127459581 0.018899532 0.0206639389 0.0176189972 0.0249181536 0.0192620593 0.0166572839 0.0088106357 0.0249785642 0.0140010222 0.019314123 0.0068538401 0.0150993581 0.0170865576 0.0134372758 0.0255359878 0.0056277649 0.0080732354 0.0186932061 0.0230408059 
