128
1 0.0073218377 0.0057700643 0.0067961918 0.0126403687 0.0080139256 0.0077652348 0.0097369653 0.0098782116 0.0086622573 0.0137850641 0.0041873627 0.0068284183 0.0012886552 0.0048691158 0.0041757035 0.00796521 0.0084314904 0.006826656 0.0052008331 0.0072870482 0.0043570741 0.0070285963 0.0092310627 0.0063465572 0.0113014689 0.0098356334 0.0090039592 0.009494197 0.0127591622 0.0082107379 0.0118402308 0.0154421083 0.0113314712 0.0135849656 0.0096071298 0.0063086732 0.0049248132 0.0119921612 0.0105648549 0.0061468525 0.0104258607 0.0098737448 0.0065260516 0.0092638593 0.0043474515 0.0060064447 0.0085189014 0.0058233463 0.0061704702 0.0085243834 0.0097010927 0.0064084765 0.0034801138 0.0077007664 0.0119294221 0.0072460589 0.0101145048 0.0020766716 0.0090290351 0.0153508652 0.0062712219 0.0081774471 0.0088943384 0.0055285026 0.0067874873 0.0066918412 0.0063857482 0.0041834092 0.006540629 0.0059999744 0.0078935344 0.0105513021 0.0071586833 0.0053364698 0.0124041722 0.0067376981 0.0092643148 0.0090448125 0.0059999172 0.0099299914 0.005757645 0.0054788948 0.0050100407 0.0048447912 0.0064317831 0.0109049263 0.0096483491 0.0057062492 0.0081786055 0.0056007124 0.0089831544 0.0134083702 0.0106405203 0.0017075052 0.0118799762 0.0082158011 0.0058774104 0.0068302279 0.0098241153 0.0015638666 0.0085135487 0.0051029746 0.0125133715 0.0081416183 0.0049177671 0.0063673927 0.0079732968 0.0080611775 0.0107340612 0.0037023022 0.0059999713 0.0082887471 0.0082258727 0.0057186248 0.0064819104 0.0068088891 0.0056648687 0.0060053388 0.0098862189 0.0087590324 0.0093563812 0.0077999202 0.0042526594 0.0046940193 0.0085130934 0.0078462658 0.0073505553 0.0107858353 
2 0.0057700643 0.0056159295 0.009931153 0.0074555838 0.0084346282 0.004602737 0.0066814793 0.0053460184 0.0092842807 0.0047078912 0.0044136574 0.0111951919 0.0074423783 0.0085635723 0.0057830906 0.0102282508 0.00834881 0.0051040062 0.0043511639 0.0058283813 0.0089877879 0.0078113974 0.0100940678 0.0062661365 0.006397578 0.0082806906 0.0087246489 0.0069637391 0.0109687213 0.0081731106 0.0099603765 0.0051045753 0.0065090324 0.0109226187 0.0057988324 0.0075876833 0.0126937285 0.0042990808 0.0057685283 0.010099391 0.0102026143 0.0110465599 0.0051415964 0.0064398062 0.0055964991 0.0108819105 0.004862979 0.0085558649 0.0083711457 0.0083686498 0.0066030024 0.0062485775 0.0071887141 0.0093661841 0.0049903743 0.013705053 0.0080946044 0.0099570875 0.0075443143 0.0079632706 0.0047257284 0.0095626892 0.0093579799 0.0139023272 0.0079378016 0.0075828103 0.0107504481 0.009768267 0.004413222 0.0070492301 0.0086825534 0.0086780444 0.0033125325 0.0074847079 0.0056801333 0.0076450122 0.007367031 0.0027232354 0.009446274 0.0128577309 0.0140581164 0.0085236334 0.0005915499 0.0066823783 0.0089061234 0.0080429016 0.004332437 0.0079353206 0.0109498857 0.0076557455 0.0093829735 0.0077514254 0.0096146809 0.0086929569 0.0084285242 0.0089450117 0.0106288727 0.0122146099 0.006811136 0.0143797848 0.0065154195 0.0093793191 0.0080220552 0.0039980758 0.0069346959 0.0061403285 0.0067573584 0.0062469326 0.0078002765 0.0075197152 0.0161499817 0.0054711771 0.009825115 0.0088848286 0.0092657102 0.0053926141 0.0072258994 0.0058935167 0.01073396 0.0046567365 0.0022429985 0.0051666259 0.0093207022 0.0091672867 0.0079924387 0.004841283 0.006620118 0.0067502032 
3 0.0067961918 0.009931153 0.0013583871 0.0097175548 0.0155264242 0.0028725527 0.0076331259 0.0111491331 0.0096790353 0.0086943577 0.008231337 0.0125511925 0.0032319567 0.0058721098 0.0081476827 0.0047337278 0.010660604 0.001967364 0.0063079288 0.0109961377 0.0071802968 0.0120832024 0.0106600369 0.0059285234 0.0059727346 0.0067416216 0.0064185148 0.0050563865 0.0092101708 0.0065244032 0.0093137273 0.0067947031 0.0085585138 0.0047674731 0.0149443506 0.0078638051 0.0103763314 0.0065370531 0.0036279601 0.0079937274 0.0067273005 0.0010451058 0.0067023863 0.0130768422 0.0068971696 0.0050698328 0.0068254746 0.0119643001 0.0076414313 0.0074649841 0.0044520728 0.0057738929 0.0041138463 0.0097387999 0.0083544237 0.00485123 0.0054421785 0.0064236427 0.0125022239 0.0061067135 0.0077244946 0.0106163792 0.0085895962 0.0046520026 0.0118470311 0.0117489563 0.0055030325 0.0029509206 0.0066139247 0.0078879978 0.0068259466 0.0078896628 0.0084800283 0.0026925784 0.0092436242 0.0120167676 0.0056918934 0.0124616498 0.0113826537 0.009719458 0.0062813347 0.0094286327 0.0058700157 0.0079702299 0.0031167548 0.0068858193 0.0091030734 0.00863584 0.0083841288 0.012073966 0.007823917 0.0074442732 0.008700655 0.0099431644 0.0070716776 0.0090066628 0.010072302 0.0080916071 0.0070222799 0.0110008943 0.0122345822 0.0142884828 0.0077855335 0.0081614459 0.0060877808 0.0062616915 0.0106980062 0.0034464535 0.0125903517 0.0088643954 0.0103606947 0.004797761 0.0075388518 0.0081182679 0.007081107 0.0097160764 0.0037801126 0.0070577653 0.0038442446 0.0062442171 0.0073670028 0.0048946121 0.006934573 0.0109717979 0.0094416013 0.0077372185 0.0080193398 0.003424862 
4 0.0126403687 0.0074555838 0.0097175548 0.0060183779 0.0073806573 0.013727594 0.008006647 0.0054052953 0.0051619249 0.0097461865 0.0125723975 0.0100013078 0.0068355875 0.0099365055 0.0017398881 0.005596147 0.0098024236 0.0091703986 0.0080030721 0.0087076748 0.0061448611 0.0088232949 0.0037003794 0.0064569179 0.0131391467 0.005221363 0.0062583778 0.0116155569 0.0044741658 0.0041019468 0.0101689577 0.0106829035 0.0178679158 0.0064172463 0.0053063998 0.0108580343 0.0126805685 0.0094099653 0.0071613786 0.0063269975 0.0134481835 0.0077821828 0.0124280382 0.0056705863 0.0077199035 0.0120724789 0.0089533224 0.0062558564 0.0093651097 0.0082833725 0.0063096409 0.0082255518 0.0059984574 0.0034089563 0.0070506559 0.0065921988 0.0125782485 0.0065025145 0.0063922919 0.0102372832 0.0046563506 0.0086567627 0.0060646378 0.0066258901 0.0052461619 0.0041606076 0.005760899 0.0109354283 0.0101751767 0.0069444642 0.0096712408 0.0064862855 0.0109270011 0.0063741719 0.0112034138 0.0079046882 0.0107202698 0.0103566865 0.0082517434 0.0055801266 0.002839113 0.0085806168 0.0130342175 0.0083588384 0.0098461454 0.0061360744 0.0044176254 0.0077446579 0.0053738514 0.0094864821 0.004872363 0.0108837419 0.0080233343 0.0097291289 0.0115802302 0.0031910315 0.0035232663 0.0080242632 0.0090334387 0.0031719693 0.0055654012 0.0030284586 0.0077115013 0.0080197112 0.0042567287 0.0034900014 0.0061654711 0.0091179466 0.0092500505 0.0082950367 0.0065467397 0.0081364091 0.0054604425 0.008092083 0.0091087818 0.0020136047 0.0113025948 0.0085460898 0.0054444323 0.0070832017 0.007167529 0.0068149876 0.0040395252 0.013824115 0.0070176545 0.0069042954 0.0055015726 0.0078264336 
5 0.0080139256 0.0084346282 0.0155264242 0.0073806573 0.0051719343 0.0051700688 0.0082767008 0.0038162162 0.006809055 0.005664815 0.0064813621 0.0059723077 0.0109233081 0.0047016436 0.0106759513 0.0055372252 0.0024275264 0.0082245332 0.003649927 0.0084591812 0.0062924217 0.0121591543 0.0071270927 0.011850275 0.0109568716 0.0092021948 0.0037867413 0.0089819511 0.0034991752 0.0051801102 0.0066665591 0.0057839973 0.0045266805 0.0096828104 0.0145279973 0.0072460671 0.0027276143 0.0030089325 0.0021645288 0.0104650383 0.0123600529 0.0053442337 0.0078775435 0.0079062728 0.005264716 0.0128851329 0.003513821 0.003574143 0.0077361595 0.0083919223 0.0110092534 0.0114433839 0.0106107375 0.009006568 0.0086903094 0.0084782677 0.0109676387 0.0110786324 0.0073879104 0.009314812 0.0080240596 0.0070110736 0.0112696885 0.0058827352 0.0041113847 0.0062259699 0.0135691808 0.0086655541 0.003039601 0.0057594828 0.0074968593 0.0057044319 0.0059747167 0.0032372936 0.0057586191 0.0159923942 0.0108616208 0.0081001973 0.0088868104 0.0051288267 0.0020167424 0.005623187 0.0089844504 0.0057025441 0.0056430806 0.0069726972 0.0068127246 0.0087066278 0.0069103445 0.0103605482 0.0097988694 0.0066515694 0.009818112 0.0111013482 0.0116661274 0.0108162384 0.0019683791 0.0166441215 0.0057057552 0.0094423943 0.0154084608 0.0150032742 0.0105176585 0.0091973811 0.0051358266 0.005370737 0.0095357641 0.0041085828 0.0131704559 0.0086030321 0.0071817384 0.0072763213 0.0077008216 0.0061921479 0.0068845709 0.0045400595 0.0076933497 0.0108022804 0.0102791027 0.0095300876 0.0061491614 0.0049580999 0.0065240282 0.0131085063 0.0052248467 0.005095993 0.0076197416 0.0051464925 
6 0.0077652348 0.004602737 0.0028725527 0.013727594 0.0051700688 0.008542586 0.0052471487 0.0087626597 0.0099532357 0.007228861 0.0066972974 0.0055431442 0.0034962476 0.0023948724 0.0113653742 0.007216421 0.0058278485 0.0071846967 0.0080726518 0.0064802202 0.0030908478 0.0055578504 0.0097968999 0.0057079749 0.0083338535 0.0101789528 0.0077077264 0.0084147628 0.0086082081 0.0084177209 0.0089254756 0.003190985 0.0121447479 0.008295121 0.0104383032 0.0056336718 0.0030066424 0.00621274 0.0063472273 0.0094680661 0.0082170318 0.0079748909 0.0103247457 0.0029425227 0.0046052309 0.0054998521 0.0088166089 0.0053561779 0.0150379517 0.0061021491 0.0069598528 0.0101941535 0.0136752454 0.0137357456 0.0085595157 0.0036388072 0.0091685696 0.0115949889 0.0069912977 0.0078150864 0.0045853437 0.0161000512 0.0093386773 0.0080407496 0.0111985394 0.0110238094 0.0071827664 0.00359945 0.0082724773 0.0043000742 0.0071499392 0.0073011194 0.0101101016 0.0130246167 0.0086585815 0.0093928385 0.0038529996 0.0111495995 0.0067428131 0.0047014119 0.0088366427 0.0075110143 0.0104566398 0.0063830216 0.007364294 0.0108131129 0.0068948302 0.0080612275 0.0046272082 0.0071223514 0.0061213719 0.0082035561 0.0049398527 0.0106681334 0.0104018309 0.010331507 0.0067959632 0.0076922138 0.0061011565 0.005261376 0.0102903475 0.0042541965 0.009687978 0.0146889323 0.0066742998 0.0140605655 0.0093548962 0.0024386955 0.0104574024 0.0046510585 0.0072446571 0.0099924169 0.004739789 0.0090695766 0.0059558627 0.0112597163 0.0058049614 0.0102384657 0.0086054601 0.0136205061 0.005975951 0.0098315694 0.0088929323 0.0050604149 0.0100524203 0.0041534959 0.0007225877 0.0070679263 
7 0.0097369653 0.0066814793 0.0076331259 0.008006647 0.0082767008 0.0052471487 0.0090668206 0.0024429944 0.0064202238 0.009916395 0.0090727854 0.0151942743 0.006705985 0.0063934885 0.0068917356 0.0084077245 0.0056344543 0.0070879228 0.0108033453 0.0074389005 0.0064517224 0.010965542 0.0053171484 0.0072112191 0.0115272812 0.0069094559 0.0095877097 0.0052758766 0.0028168829 0.0046678639 0.0054416677 0.0054038545 0.0059416121 0.0133889256 0.0050654508 0.0052078575 0.0117108835 0.005496968 0.0068602392 0.0085952548 0.0014970325 0.005439026 0.0066855737 0.0098045936 0.0065338187 0.0108577378 0.0072932023 0.0091016897 0.0041796499 0.0060153787 0.0125448168 0.0085708167 0.0049848286 0.0090652615 0.0071228106 0.0039190055 0.010626526 0.0061021106 0.0116937172 0.0107959396 0.0037362012 0.0085093664 0.0109117642 0.0076379921 0.0089787167 0.0097047264 0.0074154725 0.0113731747 0.0079119368 0.0097218568 0.0061573418 0.0041844572 0.0091121665 0.0052328838 0.0095557658 0.0087216158 0.0055117609 0.0060998597 0.0125304597 0.0015735035 0.0055556382 0.0055753039 0.0085293758 0.0049579401 0.0071524649 0.0112472786 0.0035043301 0.0113544284 0.0064593997 0.0048731481 0.010995717 0.0067086418 0.0113037822 0.006547207 0.0127435455 0.0096782847 0.0119569089 0.0039231487 0.0078789018 0.0037076903 0.0105386607 0.0101145034 0.0117101442 0.0021142482 0.0142486384 0.004638432 0.0111502905 0.0107483859 0.0121067937 0.0105371861 0.0095174718 0.0091269863 0.0102406002 0.005756918 0.0044367716 0.0132807465 0.0048096919 0.0102797643 0.0044094849 0.0048100235 0.0065216484 0.0055453219 0.0082014396 0.0090354592 0.0119704919 0.0046160381 0.0121598424 0.0044037892 
8 0.0098782116 0.0053460184 0.0111491331 0.0054052953 0.0038162162 0.0087626597 0.0024429944 0.0069752138 0.0085360507 0.0075053144 0.0074918719 0.0074354394 0.0129053025 0.0047329858 0.0082172097 0.0091410273 0.0062274817 0.0083659018 0.006317387 0.010720213 0.0060176195 0.0103891139 0.0049954658 0.0082564939 0.0062206047 0.0077084127 0.0057782577 0.0068873631 0.005724441 0.0059612911 0.0073773088 0.0083295804 0.0067520017 0.0034890794 0.0070209705 0.011018367 0.0116313669 0.007489233 0.0040085293 0.005282352 0.0105673312 0.0077973487 0.0099720712 0.0010446624 0.0028809149 0.0064333869 0.0041870392 0.013106722 0.0047739998 0.005177029 0.00858288 0.0088953766 0.0137531298 0.0110884589 0.0117204554 0.0101889399 0.0144081368 0.0135430532 0.004245156 0.0028324404 0.0045508963 0.0070554127 0.0103438051 0.0058541297 0.0090497586 0.0077596723 0.0087645764 0.0072102513 0.0077891832 0.0049689288 0.003038174 0.0093330274 0.0051797624 0.0057256286 0.0098683081 0.0066708532 0.0098837723 0.012016851 0.0068461066 0.0092269672 0.011963915 0.0136378298 0.0102837611 0.0068016416 0.0106372425 0.0036871566 0.0074780351 0.0073436993 0.0072290122 0.0039049248 0.0122022039 0.0108005725 0.0072632936 0.0063965069 0.0121108449 0.0076365835 0.0065785248 0.0105216757 0.0051686572 0.0083867682 0.0088870601 0.0096690713 0.0100053729 0.0042127149 0.0066849266 0.0110020892 0.0063192289 0.0116880789 0.0073341486 0.007178216 0.005196275 0.0086491845 0.007304463 0.0065854313 0.007469826 0.0052976147 0.0084964241 0.0073993112 0.0087848777 0.0098366369 0.012651708 0.0056297946 0.0058688121 0.0087187133 0.0102333826 0.0036593233 0.0072816413 0.0098784459 
9 0.0086622573 0.0092842807 0.0096790353 0.0051619249 0.006809055 0.0099532357 0.0064202238 0.0085360507 0.0095212954 0.0107520843 0.0104838699 0.0089200774 0.0090971489 0.0082667972 0.012173921 0.0079880382 0.0038887548 0.0137140075 0.0049399859 0.0079372178 0.0046644326 0.0059615302 0.0036035388 0.0108282562 0.0094890434 0.010197288 0.0081220878 0.006564759 0.0104789644 0.0069564488 0.0079702091 0.0090789303 0.0122981678 0.0041819495 0.007779214 0.0087104306 0.0069465038 0.0076874293 0.0055441335 0.0070524887 0.0075681891 0.0070551049 0.0039140411 0.0046140352 0.0143092742 0.009580698 0.0035213316 0.0079400387 0.0089912346 0.0095853076 0.0047121904 0.0099423405 0.0145639631 0.0071134744 0.00781033 0.0082571423 0.0036099019 0.002492277 0.0108418955 0.0093381691 0.0073704605 0.0028670028 0.0067471817 0.0110933562 0.00870189 0.0081222194 0.0062213904 0.0067167464 0.0134541888 0.0071496136 0.0110583852 0.0083107089 0.0051462029 0.0091715768 0.0096414905 0.0076515929 0.0029821618 0.0058071795 0.0124525553 0.0080695273 0.0037092404 0.0081573288 0.0075406495 0.0068002488 0.0074175759 0.0060258359 0.0078924802 0.006447435 0.0121120136 0.0040645319 0.0097592565 0.0081918822 0.008977977 0.0080021867 0.0066066022 0.0116755038 0.0040878995 0.007228677 0.0071012941 0.0100656207 0.0099984702 0.0054781454 0.0076982292 0.0067416963 0.005792308 0.0088499518 0.0029530777 0.0116212539 0.0085533015 0.0101254176 0.0119333409 0.004766964 0.0056155667 0.0120426288 0.005423418 0.0069037161 0.0090882604 0.0040517269 0.0053868622 0.007195688 0.011842833 0.0050977115 0.0138520425 0.0060945998 0.0046834552 0.0059147634 0.0033263535 0.0063025401 
10 0.0137850641 0.0047078912 0.0086943577 0.0097461865 0.005664815 0.007228861 0.009916395 0.0075053144 0.0107520843 0.0136300889 0.0080079728 0.0081335083 0.0078293224 0.0053108947 0.0116161505 0.0063898259 0.0099401513 0.0041194902 0.0062331831 0.012484608 0.0068322791 0.0050076812 0.0077675749 0.0073918471 0.0068584832 0.0125297519 0.0054451819 0.0050749879 0.0072191679 0.0068135731 0.0103449898 0.0087606856 0.0074273 0.0039245542 0.0129255718 0.0042058813 0.0092420662 0.0049821949 0.0072946624 0.0109996226 0.0022195504 0.0115327799 0.0044501743 0.0131395278 0.0029042163 0.0091306183 0.0090724428 0.0065623883 0.0067015477 0.0062243104 0.0075063126 0.0071865753 0.0054780772 0.0056748578 0.0074213769 0.0047875503 0.0110213313 0.008207032 0.0096707487 0.0030574251 0.0144739117 0.0104147364 0.0057236436 0.005921938 0.0106871502 0.0075107777 0.0075290401 0.0118201743 0.0085259323 0.0060179127 0.0059860727 0.0083912011 0.0047458564 0.0083018448 0.0086094153 0.0110585301 0.0044271992 0.0082659245 0.0093405547 0.0090597135 0.0063797896 0.0046885057 0.009008883 0.0033040141 0.0091879734 0.0081417962 0.0121272157 0.0115936892 0.0137617039 0.0080892917 0.0108563641 0.0079648999 0.0101322376 0.0043988804 0.0068194274 0.0067450951 0.0037150329 0.0135046249 0.0046681592 0.0103056376 0.0096958551 0.0043481249 0.0084233996 0.0065983921 0.0076655761 0.0102989713 0.0056579169 0.0067101647 0.0065184029 0.0128007059 0.0111447039 0.0062406222 0.0075550545 0.0067352816 0.004865947 0.0042102761 0.0073797704 0.005622256 0.0118747272 0.0066458963 0.0065524212 0.0017906513 0.0070173845 0.0137997314 0.0028546697 0.006320344 0.0071579785 0.0066169578 
11 0.0041873627 0.0044136574 0.008231337 0.0125723975 0.0064813621 0.0066972974 0.0090727854 0.0074918719 0.0104838699 0.0080079728 0.0066810983 0.005037608 0.0043506994 0.0115179059 0.0066798615 0.0099044508 0.0055847425 0.0112374866 0.0103623807 0.0072201714 0.0112401419 0.0016577703 0.0122771967 0.0061477415 0.0162977739 0.0094715365 0.0087581134 0.0068316641 0.0063972833 0.0181905058 0.0044851443 0.0047339266 0.0063080311 0.0037986426 0.0093408452 0.0078340912 0.0056327808 0.0070812372 0.0114883137 0.0043109204 0.0060357532 0.0101119611 0.0103512901 0.0081547392 0.0066794859 0.0100881541 0.0046192342 0.0095771871 0.0095484193 0.0079955931 0.0089233365 0.0080077366 0.0033097552 0.0027945427 0.0061247351 0.0049516559 0.0044261028 0.0121791798 0.0042998996 0.008257612 0.0068026574 0.0054635235 0.0022231004 0.0135277613 0.0114204727 0.0051304079 0.0089445504 0.0073317405 0.0112688584 0.0063018337 0.0050332612 0.0059281707 0.0055968043 0.0107409747 0.0033708776 0.0098750775 0.0046378205 0.0127039715 0.0062630068 0.0093412648 0.0118854334 0.0118899103 0.006905053 0.0095356571 0.0082935292 0.0084762802 0.0053735227 0.0069043898 0.007160637 0.006181431 0.0075337085 0.0060949274 0.0081968688 0.0094921493 0.004216788 0.0093663162 0.0067264099 0.0077521244 0.0067930776 0.0128049203 0.0086172544 0.0102061397 0.0029666307 0.0099244215 0.0156336427 0.0056091349 0.0114993168 0.008652274 0.0074774382 0.0056843209 0.001118195 0.0096432427 0.0082841297 0.010011983 0.0079220827 0.007244931 0.006373182 0.0069002437 0.0078053237 0.0045366325 0.011366758 0.0126074217 0.0120798949 0.0074060171 0.0038534913 0.0072847311 0.0056160916 0.0052494513 
12 0.0068284183 0.0111951919 0.0125511925 0.0100013078 0.0059723077 0.0055431442 0.0151942743 0.0074354394 0.0089200774 0.0081335083 0.005037608 0.0085091966 0.0070126608 0.0083381815 0.0059233155 0.0060282049 0.0084900505 0.0088073151 0.0072734263 0.0074721081 0.0117387022 0.0067463004 0.0142767654 0.0102861777 0.0032938889 0.006059272 0.0040515613 0.0155949986 0.0067307786 0.0030509436 0.0089210689 0.0100023988 0.0083152286 0.0067581879 0.0084326972 0.0090485136 0.011725435 0.0048407613 0.0049286955 0.0104051427 0.0063574244 0.0078810377 0.00655077 0.0066054467 0.0077050924 0.007620535 0.0092900469 0.0069412788 0.0054960412 0.0078238546 0.0045020757 0.011189093 0.0064202265 0.008663886 0.0051372919 0.0079878556 0.0065177272 0.0078547328 0.001796602 0.0053761591 0.0087645143 0.0083559023 0.0049438604 0.0100254205 0.0033546009 0.0093017267 0.0027614368 0.0087819173 0.0115602862 0.008672927 0.0066470223 0.0054466496 0.0089069728 0.0091010114 0.0062989696 0.0102528879 0.0074842997 0.0073351026 0.0114728949 0.0104715669 0.0088119432 0.0049740002 0.0043599595 0.0113488187 0.0067442205 0.004725607 0.0088436671 0.0113214103 0.0085048385 0.0045851581 0.0093231637 0.0054336228 0.0054595116 0.00851078 0.0063288962 0.0049502958 0.0105450972 0.0120975194 0.0091223569 0.0055296126 0.0070895902 0.0163404567 0.0087260333 0.0079069928 0.0096007286 0.0075329969 0.0066940594 0.0023168721 0.0088327129 0.0045283858 0.0069895726 0.0080214441 0.0051645393 0.0019482862 0.007191594 0.0058290723 0.0121137864 0.014648128 0.0111697615 0.0062249375 0.004983761 0.0107273297 0.0125268079 0.0078712344 0.0037819204 0.0055790235 0.0084074885 0.0082004097 
13 0.0012886552 0.0074423783 0.0032319567 0.0068355875 0.0109233081 0.0034962476 0.006705985 0.0129053025 0.0090971489 0.0078293224 0.0043506994 0.0070126608 0.0060857806 0.0124133982 0.0053971745 0.0061570763 0.0104058663 0.0159567279 0.0084240165 0.006697386 0.0123857326 0.0072143841 0.0079362754 0.006219313 0.0086053372 0.0058964991 0.0087602601 0.0057235647 0.008559437 0.0064764148 0.0154188239 0.0061319361 0.0091148088 0.0046646349 0.0106784583 0.0127059893 0.0078780918 0.0113112317 0.0058803555 0.0038053887 0.0088568816 0.0048448512 0.00849184 0.0087158134 0.0087186206 0.0069461553 0.0107134687 0.0096652385 0.0088978571 0.0070873179 0.0115588511 0.0056372336 0.009954845 0.0083310224 0.0017150948 0.0058179716 0.0057224435 0.0027610034 0.0095248871 0.0087619757 0.0078235198 0.0053263556 0.0067306463 0.005477053 0.0099190481 0.008576548 0.0056698684 0.0051117006 0.0021554519 0.0067502604 0.0068321545 0.0063314029 0.0092019869 0.0047301069 0.0128160502 0.0013690599 0.0100918144 0.0050022118 0.0124680414 0.0043662482 0.0063742605 0.0083224276 0.0063101463 0.0065384268 0.0081899909 0.0104574738 0.0107526015 0.0079935446 0.0075655757 0.0068415694 0.006389782 0.0086764169 0.0031859142 0.0077958602 0.0085071581 0.0166809146 0.0070252089 0.0045998337 0.0052791201 0.0079052712 0.0096735668 0.0098269305 0.0073888108 0.0076898882 0.0107014362 0.00984177 0.0061610327 0.0047554907 0.0120670731 0.0093098209 0.011415915 0.0076570034 0.0069901162 0.0096304761 0.0140329897 0.0075990147 0.0062851404 0.0046440881 0.005789261 0.0117016789 0.004696566 0.0069456207 0.0021807694 0.0069452169 0.0123809636 0.0081463332 0.0100299773 0.0126250349 
14 0.0048691158 0.0085635723 0.0058721098 0.0099365055 0.0047016436 0.0023948724 0.0063934885 0.0047329858 0.0082667972 0.0053108947 0.0115179059 0.0083381815 0.0124133982 0.0050667368 0.0153567162 0.0102440725 0.0043732424 0.010722171 0.0108591722 0.0034423226 0.0154191729 0.0067746981 0.0063539647 0.0189388757 0.0097151284 0.0018254201 0.0063657598 0.0077992081 0.0086006063 0.0071222673 0.0050968035 0.0131447171 0.003823904 0.0069516409 0.0084813193 0.0107330381 0.0067300806 0.0081179803 0.0088168296 0.0089817144 0.0075213759 0.0099889021 0.0092007729 0.0071566738 0.009617688 0.003776963 0.0058728171 0.0080268033 0.0095716726 0.0056542456 0.007163001 0.011004791 0.0050039641 0.0104861285 0.0084157646 0.0080247461 0.0038598725 0.0076390167 0.0077447193 0.0042761032 0.0057984509 0.0056549524 0.0140752328 0.007197708 0.0097702444 0.006313461 0.0075542106 0.0110494922 0.0040897177 0.0064370172 0.0055400315 0.0050607749 0.002312931 0.0065954367 0.0057575038 0.0060866148 0.0127803201 0.0126949554 0.0101810354 0.0068864279 0.0081199202 0.0094508351 0.0052197429 0.0103598454 0.0046961055 0.006926924 0.0101188371 0.009269297 0.0091504201 0.0093580257 0.0095594001 0.0086276221 0.0117091587 0.0068158185 0.0084819866 0.0032603272 0.0075018115 0.0078742757 0.0035978673 0.0045625154 0.0076862369 0.0040288456 0.0073448085 0.0084809107 0.0027309736 0.0070499836 0.013162103 0.0105478463 0.0076358022 0.0055401786 0.0082078651 0.0070279413 0.0059481799 0.0080085069 0.0104190155 0.0066635734 0.0061727071 0.0139775459 0.0047834302 0.0087069504 0.0059242348 0.0067049793 0.0110625662 0.0066815041 0.0087158042 0.0130087611 0.0073306094 0.0067758263 
15 0.0041757035 0.0057830906 0.0081476827 0.0017398881 0.0106759513 0.0113653742 0.0068917356 0.0082172097 0.012173921 0.0116161505 0.0066798615 0.0059233155 0.0053971745 0.0153567162 0.0065157642 0.008370932 0.0118729744 0.0096117838 0.0066423414 0.00690315 0.00569562 0.0027876687 0.0093670064 0.00857311 0.0093388723 0.005034581 0.0061711803 0.0061950829 0.0070806776 0.0045478031 0.0078059217 0.0047943447 0.0103238146 0.0038314813 0.004723432 0.0062254776 0.0051453295 0.0105972284 0.0075939269 0.0084412387 0.0081843911 0.0042162115 0.0077134725 0.0063971127 0.010583276 0.0096396359 0.007446785 0.0047507299 0.0090997985 0.0047298931 0.0085813903 0.0137270454 0.0043203773 0.0081532815 0.0092310339 0.0041860451 0.0061476808 0.0116160568 0.0141942126 0.0073263955 0.0058742715 0.0103819876 0.0057907316 0.0109626881 0.0048792289 0.0068923944 0.0065273178 0.0102060483 0.0120021359 0.0120581072 0.0095502528 0.004862592 0.0148422254 0.006017828 0.0078832098 0.0058625034 0.0135163038 0.0049298533 0.0104797318 0.0050811306 0.013476718 0.0029919243 0.0036316701 0.0079767471 0.0025122162 0.0114407511 0.0070768243 0.0056503611 0.014554702 0.0081398674 0.0058374408 0.0082107864 0.0066406127 0.0063114423 0.0077643724 0.0052677233 0.0092120703 0.0059651601 0.0065122906 0.0144448995 0.0049129401 0.0035526069 0.0072802409 0.005697698 0.0081262431 0.0113632909 0.0045905844 0.0089170653 0.0042961193 0.0042800504 0.0088780506 0.0085506899 0.0074816527 0.004950308 0.0057604732 0.004011651 0.0069259993 0.0056472248 0.0134885595 0.0094179144 0.0092010455 0.0066056624 0.0111140834 0.0080952512 0.0135649639 0.0077379774 0.0089806782 0.0157725095 
16 0.00796521 0.0102282508 0.0047337278 0.005596147 0.0055372252 0.007216421 0.0084077245 0.0091410273 0.0079880382 0.0063898259 0.0099044508 0.0060282049 0.0061570763 0.0102440725 0.008370932 0.0120400805 0.007680414 0.0090288301 0.0051202187 0.0057228399 0.0035854513 0.0035796255 0.0062331125 0.0086014096 0.0052447503 0.005803116 0.0073290677 0.0078823891 0.0074823971 0.0073451082 0.0052757019 0.0037914858 0.0098931693 0.0074327953 0.0099709137 0.0050687327 0.0063853592 0.009762126 0.011537072 0.0050801666 0.0068965827 0.0095909945 0.0120586307 0.0062681391 0.0084228818 0.0058198135 0.0092116997 0.0110614551 0.0119658527 0.0084159936 0.0041458362 0.0092339797 0.0057516417 0.0077382542 0.0045796124 0.0057553996 0.0062240799 0.0052763149 0.0079954678 0.0047971079 0.0082500616 0.0077376119 0.0035461692 0.0037331498 0.0037443524 0.012412167 0.0063254798 0.0114784941 0.0121145691 0.0118646898 0.0056743617 0.0050073245 0.0097053157 0.01134619 0.0136914272 0.0087392469 0.0080963127 0.013951958 0.0088464165 0.0053274214 0.0129174239 0.0062262339 0.0099354859 0.0055563406 0.0061998724 0.0121921346 0.014090176 0.0084535615 0.0130912859 0.0118904179 0.0080342582 0.003449913 0.0043643292 0.0072414381 0.0101292021 0.0079846527 0.0112128186 0.0035260748 0.0084385109 0.009759659 0.00829668 0.0063204812 0.0072542602 0.0099261236 0.0049536632 0.0109216729 0.0134851129 0.006838553 0.0063099111 0.0113827714 0.0111769036 0.0065049877 0.0074633434 0.0098460636 0.0081705133 0.0073515949 0.0053737784 0.0061973276 0.0103121944 0.0048233117 0.0037991686 0.0076360161 0.0084107242 0.0026147317 0.0060168384 0.009479288 0.0070878883 0.0037651832 
17 0.0084314904 0.00834881 0.010660604 0.0098024236 0.0024275264 0.0058278485 0.0056344543 0.0062274817 0.0038887548 0.0099401513 0.0055847425 0.0084900505 0.0104058663 0.0043732424 0.0118729744 0.007680414 0.0075148826 0.0083499547 0.0093286251 0.0113158404 0.0107019788 0.005176824 0.0049513703 0.010246999 0.0054117025 0.0069737897 0.0064504851 0.0115438164 0.0093869862 0.0102099786 0.0087889706 0.0051833652 0.0049897392 0.0087436254 0.0056695999 0.0122555762 0.0058254407 0.0065607399 0.0033488426 0.0099110785 0.0048296922 0.0098045786 0.00697104 0.0061622793 0.0071652838 0.0039206493 0.0083328095 0.0051253602 0.0099080559 0.0041111122 0.0112431386 0.0070278352 0.006983176 0.0086819324 0.0056746907 0.0089607182 0.0085102688 0.0038414551 0.0102927383 0.0078701231 0.0029224218 0.0060900229 0.0100637321 0.0096997146 0.0091766499 0.0073539612 0.0090640052 0.0078430713 0.0079078942 0.0052724322 0.0103872541 0.0066822106 0.0064254207 0.0034078202 0.0048005905 0.0050721965 0.0070659811 0.0065887152 0.0078599052 0.0103762319 0.0079910972 0.0095198503 0.0103269099 0.0120236504 0.0043229476 0.0117024499 0.0085470624 0.0102446548 0.0103974295 0.0062797746 0.0087775195 0.0057501408 0.0141975038 0.0060676828 0.0103720473 0.0085184238 0.0086834535 0.0091399328 0.006878841 0.0069941135 0.0116195538 0.0097046141 0.0035741335 0.0086285693 0.005349251 0.0083554384 0.0076382461 0.0100705959 0.0121384443 0.0116993768 0.0068714901 0.0107563952 0.0041710704 0.0059612209 0.0053762373 0.0078117527 0.0016563351 0.0108037626 0.0051092165 0.0052669668 0.0072846167 0.0059359047 0.0138504908 0.0068182978 0.0086132516 0.0100289116 0.0132365868 0.0070195684 
18 0.006826656 0.0051040062 0.001967364 0.0091703986 0.0082245332 0.0071846967 0.0070879228 0.0083659018 0.0137140075 0.0041194902 0.0112374866 0.0088073151 0.0159567279 0.010722171 0.0096117838 0.0090288301 0.0083499547 0.0035828827 0.0087023692 0.0069293352 0.0048478482 0.0101186443 0.0091833936 0.0093926818 0.0076774855 0.0035723966 0.0071541055 0.0084424985 0.0113329678 0.0074948728 0.0090631978 0.0102617573 0.0045360409 0.0027662362 0.0127933287 0.0041931955 0.0082232383 0.0044316285 0.0076547107 0.0031615994 0.0066185739 0.0099310455 0.00697502 0.0046620082 0.0143874262 0.0068630572 0.0088522679 0.0047159022 0.0060146532 0.0071266631 0.0043589424 0.0083305133 0.0084357221 0.0096746466 0.0125589581 0.0082390875 0.009967727 0.0146644618 0.0122478149 0.0072374716 0.0102904933 0.0048182435 0.003388308 0.0027559932 0.0107741956 0.0050938265 0.0086834742 0.0027926021 0.0071315321 0.0091763016 0.0074773739 0.0062651732 0.0090556954 0.004324243 0.002876064 0.0034547112 0.0048678467 0.0119673404 0.0064853548 0.0090811183 0.0097524087 0.0074710361 0.0090882156 0.0055587112 0.0115175315 0.0078616489 0.0065212612 0.0069492905 0.0111699366 0.0089717712 0.0053993733 0.0136124338 0.007263594 0.0081806146 0.0064030691 0.0090695834 0.0063519955 0.0040501723 0.0114828088 0.0058860041 0.0115966361 0.0103576563 0.0047147375 0.0050358613 0.0067945365 0.0092347198 0.0101648903 0.0047499087 0.0110299407 0.0078083987 0.0058440746 0.0090546734 0.0164018646 0.0071348408 0.0034233557 0.0059507549 0.0049924382 0.0120361059 0.0150118598 0.0048602415 0.0100316626 0.0089440383 0.0084646201 0.0062140606 0.0043418666 0.0076340266 0.0020530128 0.0099402418 
19 0.0052008331 0.0043511639 0.0063079288 0.0080030721 0.003649927 0.0080726518 0.0108033453 0.006317387 0.0049399859 0.0062331831 0.0103623807 0.0072734263 0.0084240165 0.0108591722 0.0066423414 0.0051202187 0.0093286251 0.0087023692 0.0127670797 0.0094521523 0.0069672711 0.00818885 0.0073425533 0.0045616842 0.0056211888 0.0051893823 0.0081044731 0.0062001673 0.0127637742 0.0044449016 0.0023195085 0.0072553344 0.0042059495 0.0080005484 0.004966872 0.0048469522 0.0092493051 0.005656908 0.004363478 0.0085630968 0.0079660634 0.0077860628 0.0060764126 0.0028379242 0.0079027454 0.0125236121 0.0069968107 0.0065669907 0.0094528339 0.0069721856 0.0052470846 0.0094759525 0.0027256775 0.0117410534 0.0095613399 0.0055988946 0.0097796835 0.0039353269 0.0098202908 0.0065490372 0.0159136694 0.0046419226 0.0064372263 0.0116444178 0.0098496034 0.0081707884 0.0104583391 0.0083870608 0.0077123419 0.0046214206 0.0073432644 0.007084342 0.0088379017 0.0057329753 0.0075547267 0.0043814942 0.0091846196 0.0116550192 0.0078868145 0.0113832598 0.0124616818 0.0097020042 0.0066956953 0.0093784949 0.0098347682 0.0136110108 0.0100844099 0.0037892803 0.0057750688 0.0091203198 0.0125731861 0.0044506109 0.0072636108 0.007899332 0.0044583025 0.0104356923 0.0107631039 0.0104499095 0.0047118401 0.0049948687 0.008184789 0.0045566132 0.0051232746 0.0124121061 0.0101846947 0.0099912031 0.011543634 0.0069213519 0.0036882079 0.0103170864 0.0054545584 0.0026325608 0.0069092972 0.0081974852 0.0086254339 0.0095084488 0.0088090674 0.0136703342 0.0107335405 0.0091624344 0.0052135351 0.006458908 0.0096904539 0.0127785496 0.0127938191 0.00589777 0.0059099602 0.0061570428 
20 0.0072870482 0.0058283813 0.0109961377 0.0087076748 0.0084591812 0.0064802202 0.0074389005 0.010720213 0.0079372178 0.012484608 0.0072201714 0.0074721081 0.006697386 0.0034423226 0.00690315 0.0057228399 0.0113158404 0.0069293352 0.0094521523 0.009063357 0.0083485221 0.006894778 0.0062653554 0.0078345466 0.0069535294 0.0099347431 0.0077667618 0.005455569 0.0054562577 0.0085191183 0.0083253355 0.0107035689 0.0092921539 0.0112893168 0.010063753 0.0054797184 0.0095776372 0.0099850791 0.0143716097 0.0097047084 0.0069793075 0.0061436193 0.0091300835 0.0088409071 0.0080171176 0.0067874189 0.005225543 0.0056901648 0.0044811436 0.0107123396 0.0067623781 0.00993715 0.0037237788 0.0079511674 0.0048802561 0.0082039163 0.0162028997 0.0070344822 0.0078955026 0.0176886909 0.0074096111 0.0127064786 0.0071853722 0.0041586564 0.0095234952 0.0052667417 0.0132819368 0.0098131991 0.0073344616 0.0085022231 0.0040191347 0.011610224 0.0084803764 0.0091937448 0.0077252864 0.0067894384 0.0030794598 0.0094272134 0.009626983 0.0093035952 0.0070444249 0.0089506202 0.004266797 0.0032854927 0.0076867804 0.0039473046 0.0077084681 0.0073316557 0.0088009446 0.0063409208 0.0101413441 0.0095050823 0.0092773089 0.0070377022 0.0063790857 0.0069763255 0.0135186645 0.0050595078 0.0062522054 0.0023593885 0.0049853132 0.0078521868 0.0059335437 0.0058311252 0.0063614522 0.0095618161 0.009653457 0.0063268527 0.0010648754 0.0111878476 0.0092439962 0.0038338984 0.0082183544 0.0108727262 0.0080751571 0.0074094261 0.0054946927 0.0094013674 0.0059256517 0.0061926211 0.0081238538 0.0067184833 0.0091031683 0.0056010637 0.0055175379 0.0082246876 0.006026251 0.0058827625 
21 0.0043570741 0.0089877879 0.0071802968 0.0061448611 0.0062924217 0.0030908478 0.0064517224 0.0060176195 0.0046644326 0.0068322791 0.0112401419 0.0117387022 0.0123857326 0.0154191729 0.00569562 0.0035854513 0.0107019788 0.0048478482 0.0069672711 0.0083485221 0.0113971255 0.0076349354 0.0077282816 0.0087702139 0.0078522261 0.0066254788 0.0045921846 0.0072892751 0.0098631105 0.0034680251 0.0094741442 0.0082800798 0.0097485857 0.009401068 0.0053109503 0.0068217401 0.0111903291 0.0111766048 0.0064780742 0.0117448321 0.0055067154 0.0118859191 0.0094672217 0.0058536665 0.006705722 0.0072584706 0.0071034454 0.006508674 0.0087836461 0.009334898 0.00995969 0.0083868993 0.0038532697 0.007594707 0.0040391922 0.0065386094 0.0080293387 0.004792007 0.0081430132 0.0128424393 0.0076524184 0.0151269081 0.0089372854 0.0126244691 0.007941246 0.0187498838 0.0058007422 0.0054484187 0.0133021821 0.0096998257 0.0093161083 0.0072180715 0.007412617 0.0045144433 0.0069435131 0.0085911733 0.0053473208 0.0015775086 0.0073988109 0.0055949246 0.0060162268 0.0052168222 0.0056904635 0.0129906888 0.0077626211 0.0041942756 0.0087732488 0.0094573283 0.0047875946 0.0114741327 0.0044519408 0.0064200962 0.0056270284 0.003028977 0.0027368304 0.0107691639 0.0103007685 0.01194091 0.0137409895 0.0052180807 0.0093045868 0.004473916 0.0087798021 0.0078200678 0.0159501566 0.0080672158 0.0041258868 0.0043555257 0.0080635858 0.0028170788 0.0105564602 0.0043116214 0.0088585532 0.0198155679 0.0056912349 0.0086661345 0.0057448624 0.0115118421 0.0053112538 0.0052531094 0.0064861084 0.0044170292 0.0075182331 0.005999444 0.007106247 0.0090932908 0.0060370298 0.005683503 
22 0.0070285963 0.0078113974 0.0120832024 0.0088232949 0.0121591543 0.0055578504 0.010965542 0.0103891139 0.0059615302 0.0050076812 0.0016577703 0.0067463004 0.0072143841 0.0067746981 0.0027876687 0.0035796255 0.005176824 0.0101186443 0.00818885 0.006894778 0.0076349354 0.0081248753 0.0092532664 0.0027206531 0.0075430786 0.0054318221 0.0106889487 0.0038218123 0.0107038003 0.0058213049 0.007676842 0.0113001704 0.007661909 0.0052297674 0.0062751221 0.0053858477 0.0142223683 0.0080815941 0.0064875032 0.0050277673 0.0087560991 0.0124029168 0.0046500729 0.0065118597 0.0089920222 0.0090736788 0.0059935773 0.006889611 0.0074594222 0.0064454392 0.0093488745 0.0077591899 0.0081945563 0.0074540508 0.0081528203 0.0067803388 0.0052168149 0.0067874609 0.0050478969 0.0088911846 0.0065974102 0.0065766017 0.006582648 0.0062696794 0.0083740855 0.0122405357 0.001457194 0.0115888307 0.0133347798 0.0053292028 0.0099089177 0.0091588059 0.0081027379 0.0076495015 0.0059480098 0.0082691301 0.0097289864 0.0061278702 0.0110333509 0.0063092845 0.0030630489 0.0082479463 0.0098949347 0.0100529073 0.0102473537 0.0062655934 0.0086175937 0.0062817827 0.0067250104 0.0090199726 0.0095096676 0.0066666348 0.0042063603 0.0066932078 0.0039483178 0.0059105835 0.0088727506 0.0111202576 0.0075498949 0.0118598746 0.0133256076 0.0078213694 0.0127844368 0.0079773091 0.0067618659 0.0086670896 0.006904906 0.0086294032 0.010744985 0.0131047039 0.008067422 0.0054045583 0.0063037894 0.0138190991 0.0061723424 0.0046143343 0.0051837202 0.0049486239 0.0136152249 0.0093933879 0.0085592885 0.0092024423 0.0090178253 0.0065822421 0.0049376677 0.0080986823 0.0097059772 0.0094822574 
23 0.0092310627 0.0100940678 0.0106600369 0.0037003794 0.0071270927 0.0097968999 0.0053171484 0.0049954658 0.0036035388 0.0077675749 0.0122771967 0.0142767654 0.0079362754 0.0063539647 0.0093670064 0.0062331125 0.0049513703 0.0091833936 0.0073425533 0.0062653554 0.0077282816 0.0092532664 0.0104835117 0.010433887 0.004584752 0.0136123335 0.010455198 0.0077119574 0.0079695104 0.0089703704 0.0072370033 0.0058633749 0.0100043431 0.0056501834 0.0105352453 0.0147175909 0.0039048007 0.0093341356 0.008605667 0.0062177303 0.0084165358 0.0073186377 0.0108691658 0.0065455817 0.003585934 0.0079869643 0.0069862529 0.0059783938 0.0062978839 0.005245592 0.0069522387 0.0090498121 0.0033869086 0.0130197111 0.0088953814 0.0090633496 0.0108983583 0.0082265182 0.0058821888 0.0071076922 0.0071807402 0.0014671066 0.0138260401 0.0029659458 0.0062414241 0.0081754133 0.0071798419 0.014262757 0.0057357391 0.0049662092 0.0059034373 0.0086458288 0.0042187583 0.0036903266 0.0071386696 0.0120651551 0.0089575752 0.0119565843 0.0074980458 0.0090566992 0.0092088106 0.00906652 0.0102510797 0.0094721508 0.0044125528 0.0162884386 0.008382232 0.0079511875 0.0060640243 0.0072397222 0.0127460762 0.0041119053 0.0097138447 0.0048618119 0.0061696166 0.0110393972 0.0109859212 0.0070454491 0.0074229986 0.0053409109 0.0036950433 0.0045865241 0.0094363387 0.0092886822 0.0063478276 0.008574316 0.0071704248 0.0062902341 0.0031212581 0.0077114019 0.009925563 0.0053655257 0.0055130373 0.0109690296 0.0117360196 0.0072604157 0.0029459905 0.0076615489 0.0037962801 0.0064558484 0.0046595464 0.0088189965 0.0095160355 0.0129906155 0.0052768816 0.0099956771 0.0080407386 0.0024767465 
24 0.0063465572 0.0062661365 0.0059285234 0.0064569179 0.011850275 0.0057079749 0.0072112191 0.0082564939 0.0108282562 0.0073918471 0.0061477415 0.0102861777 0.006219313 0.0189388757 0.00857311 0.0086014096 0.010246999 0.0093926818 0.0045616842 0.0078345466 0.0087702139 0.0027206531 0.010433887 0.0060224673 0.0045682401 0.0067755575 0.0082727335 0.006588992 0.0065606989 0.0060339678 0.0013093749 0.0058881405 0.0016182954 0.0094563418 0.0042768291 0.0068903919 0.0128173147 0.0037055507 0.0020488365 0.0064066148 0.002826956 0.0070287684 0.0091528049 0.0122644097 0.0077908219 0.0107311046 0.0056198378 0.0059600051 0.0104523063 0.0089081996 0.006794875 0.0084510822 0.0065999245 0.0093676705 0.0090926738 0.0061694426 0.0093572483 0.0079804029 0.0097994673 0.0105690583 0.0098452583 0.0052537964 0.0058385319 0.0092345575 0.0042627118 0.0176520783 0.004839879 0.0039952703 0.0036139282 0.008408699 0.0073330462 0.0089127079 0.0117025006 0.0078511391 0.0075004326 0.0094106777 0.0082997633 0.0075684629 0.007238643 0.0080664816 0.0070389626 0.0135717099 0.0061822354 0.0058639449 0.0083102438 0.0115795218 0.008795461 0.0050546131 0.0025850205 0.0056775556 0.0117331174 0.0086506662 0.0086781107 0.0056417969 0.0087591364 0.0104057354 0.0052440902 0.0070805828 0.0065936025 0.0053603607 0.0072649759 0.0096847785 0.008957663 0.0110209516 0.0079758208 0.0073885666 0.0130651768 0.0091524538 0.0099956721 0.0041951262 0.009231489 0.0139595594 0.0095505451 0.0085739433 0.005290621 0.0073567813 0.0098383929 0.0079975618 0.0094642309 0.005943729 0.0068759764 0.0100934334 0.0085343823 0.0072927149 0.0081006159 0.0052991142 0.0077642566 0.0073675328 
