128
1 0.0097522444 0.0076753029 0.0061953119 0.0111734393 0.0046926913 0.0109338163 0.005543197 0.0042772432 0.0091696428 0.0090581489 0.0109476711 0.0036356222 0.004317599 0.0114284225 0.0056247577 0.005705804 0.0088843326 0.0088310279 0.0066574783 0.0141178385 0.0061664803 0.0133327871 0.0071969985 0.008094842 0.0113901322 0.0079624424 0.0062060385 0.0079457055 0.0076323649 0.0071546922 0.0079095084 0.008039228 0.0082410858 0.0072365698 0.0112493692 0.0096943691 0.0130587796 0.0108120573 0.0080989507 0.009311529 0.00520039 0.007879851 0.0101925585 0.0027783084 0.0096266626 0.0085917239 0.0141396113 0.0086154417 0.0084292517 0.0134544535 0.0076403102 0.0049594158 0.0064928365 0.007654391 0.0091173075 0.0066519816 0.0101373352 0.0044934161 0.0045533152 0.0063363107 0.0067312399 0.0131327344 0.0027192566 0.0020777663 0.0082946641 0.008572749 0.0061062646 0.0087572201 0.0110437584 0.0112468625 0.0044222846 0.0160234908 0.005210542 0.012168899 0.0041581204 0.0070622328 0.0092247136 0.0069528856 0.0089232834 0.005392102 0.0106572037 0.0069671638 0.0036641926 0.003422371 0.0107983242 0.0062713179 0.0028708003 0.0067400602 0.0044180764 0.0093789681 0.010455425 0.006621996 0.0036299494 0.0076335359 0.0040233306 0.0094409686 0.0022566399 0.0083347449 0.0067598331 0.0097217013 0.0095837342 0.0061812357 0.004916464 0.0042109132 0.0087781945 0.0083809098 0.0047294857 0.0043259844 0.0108851197 0.0036185628 0.008237424 0.0052332568 0.0088236667 0.0052706685 0.0089788659 0.0099273623 0.0100415113 0.0120766665 0.004616161 0.0053635916 0.0050898301 0.0095836319 0.0148333997 0.0102787333 0.011572425 0.0052183259 0.0059410739 0.0087147336 
2 0.0076753029 0.0118331658 0.0115930574 0.0084978911 0.0067725587 0.0025739653 0.007846063 0.0083474288 0.0081901263 0.0077631933 0.009124359 0.0064987661 0.0062467804 0.0099593331 0.0061088059 0.0098851332 0.0068208083 0.0032512677 0.0084542588 0.0072109172 0.0064938114 0.0056046014 0.0084748409 0.0059266991 0.0049738563 0.0051841663 0.0065914719 0.0123751039 0.0121886723 0.0045401358 0.0145617608 0.005515765 0.0072528513 0.0027292953 0.0064128398 0.0133342912 0.0072982902 0.0088353704 0.0072357124 0.0027338789 0.0093329135 0.0088694829 0.0116732494 0.0088689365 0.0041286272 0.0070522637 0.0043957004 0.0064916861 0.0086056462 0.012072145 0.0104649973 0.0119816281 0.0072626853 0.0107137489 0.0091125205 0.0139374014 0.0087860402 0.0034111651 0.008921872 0.0065180492 0.0073841144 0.0098248432 0.0113096442 0.0039619006 0.0072474296 0.0088230671 0.0109230566 0.0074551529 0.0102613285 0.0065658149 0.0070859904 0.0079334972 0.0134447446 0.0019225736 0.0051421439 0.0119503934 0.0120402103 0.0046021484 0.0128664987 0.0080684327 0.005402901 0.005166283 0.007635021 0.003271255 0.0076567747 0.0117080031 0.0069565328 0.0051253297 0.0063317123 0.0034098548 0.0036544194 0.0022444583 0.0095461762 0.0107369652 0.0068969313 0.0146107822 0.0045382946 0.0083511978 0.002935528 0.0114748236 0.0097662618 0.0062794269 0.01199657 0.0095334469 0.0042261623 0.007266332 0.0093198911 0.010093316 0.0060228886 0.0038826736 0.0097801916 0.0101922749 0.0071735657 0.0068250924 0.0060944825 0.0124808247 0.0099819066 0.0143453873 0.002670395 0.008433067 0.0072067539 0.0100698091 0.0044896391 0.0055839449 0.0061795942 0.0070532363 0.0051709502 0.0058983301 
3 0.0061953119 0.0115930574 0.0038029985 0.0087620052 0.0072108038 0.0075065728 0.0085431639 0.0085359958 0.0141208443 0.0058215538 0.007489974 0.0102293406 0.0084450138 0.0026295366 0.0083460815 0.011991071 0.0072789514 0.0101365169 0.0028422504 0.0044575774 0.0139648362 0.0101394443 0.0039180734 0.0067336088 0.0064615841 0.005528417 0.0105242175 0.0069765301 0.0074374059 0.0087266831 0.0111905593 0.0064854746 0.0088736376 0.0107098944 0.0081932792 0.0079963346 0.004087688 0.0062040283 0.006849346 0.0073596764 0.0063458105 0.0066707211 0.0136916408 0.0061886747 0.0056529117 0.0069689451 0.0099846224 0.004987775 0.0044621634 0.0083310773 0.009979117 0.0082745626 0.003620763 0.0125076898 0.003779835 0.0127938234 0.0031450417 0.0082201123 0.0089313885 0.0091157679 0.0070475139 0.0109983586 0.0038352218 0.0100384392 0.0036918064 0.0046018793 0.0047646779 0.0076303373 0.0140959072 0.0085964324 0.0133233193 0.0121671634 0.0094024186 0.0078357913 0.009354234 0.0091257136 0.0086895535 0.0078786527 0.0032340385 0.0117738513 0.0116566047 0.0044241125 0.0091158924 0.0036960058 0.0103777512 0.0097063489 0.0071503655 0.0049776447 0.0100098673 0.011942986 0.0058422965 0.0082456118 0.0033876811 0.009533623 0.0066270103 0.0040333523 0.0106474034 0.0134487283 0.0090963949 0.0048503698 0.009650035 0.0043801567 0.009538754 0.009754433 0.0079815722 0.0089271145 0.0047994637 0.0118513442 0.0089084975 0.0110557467 0.0044304043 0.0103497138 0.0075170562 0.0059609481 0.0104478233 0.0060125281 0.0047252202 0.0044295599 0.0044411898 0.0036170911 0.0106016558 0.0062268534 0.0059309626 0.0086479325 0.0060819917 0.0093718326 0.0063495455 0.0032034291 
4 0.0111734393 0.0084978911 0.0087620052 0.0072307304 0.0040814293 0.0073719667 0.0086237962 0.0060575722 0.0130348917 0.0072545512 0.0177485256 0.0061233906 0.0089220875 0.0059853891 0.0045687511 0.0079572136 0.010133601 0.0112405718 0.0099105009 0.0111364954 0.0039308566 0.0060044934 0.0080155744 0.0058142968 0.0104015308 0.0077494247 0.0067203269 0.0059236504 0.0068770939 0.0069554675 0.0089498695 0.0081446084 0.0087038883 0.0059081563 0.0102865686 0.0064862727 0.0049438291 0.0160178824 0.0062778002 0.008912368 0.0062742065 0.0073513764 0.0043873428 0.0060096983 0.0071110439 0.0067895979 0.0054335631 0.0078071706 0.0117964074 0.0116293674 0.009167443 0.0104112057 0.0091076839 0.0072533472 0.0115658416 0.0070421291 0.00876974 0.003112973 0.0078365665 0.0082663749 0.0064726556 0.0077743115 0.0086141337 0.0079058418 0.0066456291 0.0043173468 0.0073726051 0.0112348525 0.0060543886 0.0110610516 0.0047764482 0.007285768 0.0063080551 0.005051303 0.0030321517 0.0062474584 0.0043804547 0.0161151788 0.0108607038 0.0056541556 0.0075200932 0.0076546004 0.0083596929 0.0086847606 0.0052987426 0.0046425702 0.0133968325 0.0096052875 0.0128836435 0.0107067428 0.0067554841 0.0055219679 0.0105459069 0.0063671942 0.0082599375 0.008841161 0.0051426653 0.0047443446 0.0058264003 0.0105761186 0.011145924 0.0077303652 0.010311358 0.0029519852 0.0078228701 0.0087940606 0.0089185127 0.0080592152 0.0073690927 0.0050185749 0.0108203979 0.0020911571 0.006910723 0.0087482373 0.0073880359 0.0065218042 0.0064030799 0.0061580096 0.0083014211 0.0063989218 0.007029812 0.0076521379 0.0046205006 0.0087237908 0.0044490956 0.0078656232 0.0067038205 0.0106309951 
5 0.0046926913 0.0067725587 0.0072108038 0.0040814293 0.005197481 0.0093169802 0.0101613758 0.009823953 0.0046082607 0.0045141561 0.0086302774 0.015062255 0.0039859925 0.0090443119 0.0048366623 0.0068402569 0.0031040509 0.0111130118 0.0116939482 0.0059722572 0.0091404741 0.0094295109 0.0020008639 0.0107352052 0.0102649805 0.0056349684 0.0040974443 0.0131013976 0.0121340359 0.0059024748 0.0045526488 0.0099762555 0.0070752743 0.0053876561 0.0060189622 0.0091917472 0.0051650333 0.0083223561 0.0056041202 0.0033478973 0.0146858973 0.0077533311 0.0067688944 0.0059211552 0.0055169147 0.0073775036 0.0089312331 0.0073839411 0.0163291521 0.0088047609 0.0100868897 0.0052219919 0.0124280513 0.0105300631 0.0071701133 0.0112720988 0.0084847052 0.0070662479 0.0108677271 0.0093405853 0.0098444154 0.0057228009 0.0091610154 0.0104937472 0.0065853953 0.0049675274 0.0052471741 0.0066690591 0.0054739263 0.0046092287 0.0058375853 0.0121585624 0.0085865465 0.0025643812 0.0089170015 0.0099690782 0.009643931 0.0075431434 0.0093444223 0.0076687079 0.010229306 0.0093930244 0.0071070004 0.0104207838 0.0089035439 0.0058489379 0.0089427784 0.0090687818 0.0045274339 0.0130911996 0.0098770062 0.0075907444 0.0079894811 0.0044550323 0.0129409518 0.0044681125 0.0076915475 0.0092255329 0.0084623959 0.0063163578 0.0109825997 0.0074093928 0.0064563722 0.0063007843 0.0057733819 0.0081131243 0.0074740335 0.0034581413 0.0090643305 0.0053732493 0.0087167826 0.0109662742 0.0089733901 0.0021219855 0.012112344 0.0082384123 0.0052254325 0.0119482475 0.0082316824 0.0038897 0.0024274668 0.006503005 0.0030473106 0.0139316885 0.0069082912 0.0079366596 0.0056356668 0.0095353713 
6 0.0109338163 0.0025739653 0.0075065728 0.0073719667 0.0093169802 0.0075362329 0.0095378729 0.0098295904 0.006924567 0.0116250902 0.0060340978 0.0052869076 0.0113343727 0.0067783555 0.0053716555 0.0085252736 0.0071278066 0.0120431821 0.0099442376 0.0070430344 0.0053009273 0.0068738946 0.0072478952 0.0086428797 0.0089809708 0.0051575041 0.0087467 0.0087819108 0.0090866515 0.0116797772 0.0068546902 0.0157030744 0.0073972519 0.0055515905 0.008090578 0.0106489101 0.011305511 0.0066829027 0.0066467945 0.0057794004 0.0028995 0.0110268784 0.0130711641 0.0092079876 0.012635216 0.0099684814 0.0079052593 0.0088926665 0.0078849809 0.0023223952 0.0035637874 0.0132405354 0.01048394 0.0058502422 0.0115851571 0.0084782775 0.0115537305 0.0099621037 0.0115232002 0.0041586215 0.0105210605 0.0084004459 0.0073588408 0.0054251588 0.0047741482 0.011899948 0.0069815019 0.0048539237 0.0046166001 0.0135927784 0.0056694609 0.004721438 0.0098153534 0.0063204254 0.0078286259 0.0139798597 0.0058355441 0.0096131218 0.0074090091 0.0045601449 0.0048323828 0.0054869922 0.0093090452 0.0038360436 0.0094969065 0.0029543448 0.0057570355 0.0017558147 0.0101378517 0.0031030578 0.0089117314 0.007006055 0.0058205189 0.0064266896 0.005242382 0.0089615926 0.0003366393 0.0075877616 0.0084213837 0.0060455121 0.006499605 0.0067814518 0.0084846723 0.0051911165 0.0082464828 0.0100645525 0.0158291944 0.0046932453 0.0097702369 0.0055862253 0.005135201 0.009436359 0.0086469847 0.0110824591 0.0112043587 0.0097189257 0.011492003 0.0099051855 0.0062171159 0.0068431662 0.0071912327 0.0071185444 0.001752112 0.0081795329 0.0084552987 0.0095626585 0.0038158497 0.0034695813 
7 0.005543197 0.007846063 0.0085431639 0.0086237962 0.0101613758 0.0095378729 0.0056021029 0.0099906357 0.0052643968 0.0068885866 0.0063417608 0.0055649 0.0078815247 0.0046568836 0.0066415957 0.0026051815 0.0081170631 0.0112723649 0.0030966163 0.0051533906 0.013140807 0.0142749049 0.0048472446 0.0055104369 0.006225035 0.0077976272 0.0059350125 0.0068918568 0.0075461105 0.0091912738 0.0089421844 0.0087881251 0.0090972735 0.0113581599 0.0039914721 0.0051519102 0.0081213772 0.0042987771 0.0091129933 0.0144571364 0.0104105625 0.0099422686 0.0051133587 0.0076585272 0.0111097961 0.0077883052 0.0077215063 0.0130876142 0.0084061469 0.006361843 0.0083888593 0.0096928817 0.0056472282 0.0083804144 0.0106246027 0.0102274193 0.0054738363 0.012472107 0.0114262612 0.0030503095 0.0053412682 0.0061997612 0.0084174541 0.0114384358 0.0120359198 0.0064691269 0.0087234627 0.007992411 0.0073496925 0.0037321733 0.0145767334 0.0045065382 0.0082067209 0.0085406065 0.0119885677 0.0063017544 0.0066156099 0.0075276739 0.0089333644 0.0085958526 0.0033781062 0.0096122954 0.0065461785 0.0054400804 0.0076149957 0.0139122605 0.010980421 0.0090298129 0.0050313326 0.003281409 0.0097415815 0.009346591 0.0099086796 0.0047449015 0.0069507173 0.003561606 0.0083044589 0.0082398859 0.0043409252 0.0029252302 0.0095557174 0.0115424174 0.00899688 0.0093161217 0.0049686145 0.0055906614 0.0067416725 0.0059611292 0.0099191117 0.004517623 0.0090875798 0.0074663187 0.0134749887 0.0121062435 0.0071275802 0.0066148218 0.0114249054 0.0087184709 0.0042259107 0.0050010631 0.0070176227 0.004413863 0.0081598841 0.0037558315 0.0052246342 0.0089559461 0.0082355321 0.0084982185 
8 0.0042772432 0.0083474288 0.0085359958 0.0060575722 0.009823953 0.0098295904 0.0099906357 0.0048198941 0.0045993276 0.0029990755 0.0055483316 0.0133848114 0.0077803696 0.0099253074 0.0064495901 0.0039065161 0.0052395111 0.0074813976 0.0038344596 0.0079599461 0.006594917 0.008875477 0.0105060541 0.0080260562 0.0109879501 0.0078438011 0.0060599775 0.0016321997 0.0070754991 0.0059106861 0.0062048984 0.011363821 0.006362321 0.0057946747 0.0080956715 0.0112416615 0.0063098413 0.0137630613 0.0076986349 0.0057574974 0.0055428673 0.0068100658 0.009554613 0.0093500476 0.0075833426 0.0077496978 0.0084850821 0.0075121659 0.0039773489 0.0055749432 0.0064047589 0.0054056017 0.0145112364 0.0107109608 0.0090703566 0.0094777239 0.0090877746 0.0074929853 0.0114005695 0.0024430552 0.0048196362 0.0090672637 0.0128927563 0.0103738369 0.0065316796 0.0074439372 0.0078714946 0.0109742468 0.0089697787 0.0068096703 0.0139446103 0.006960355 0.0107430936 0.0097081612 0.0078325886 0.008268844 0.0105268713 0.0050173702 0.012136706 0.0048028674 0.0033640899 0.0064333224 0.0118271211 0.0103844679 0.0071362698 0.0021975462 0.0024806827 0.0106081699 0.009115879 0.0016846659 0.0077540285 0.0069488342 0.0020527565 0.0069538526 0.0041439411 0.0054864481 0.0067999911 0.0042582393 0.0074371998 0.0082466036 0.0087282997 0.0077519144 0.0139398722 0.0091825055 0.0068154123 0.0090116113 0.0083023119 0.0072211729 0.0088036524 0.00658695 0.009727731 0.0030690546 0.0159636604 0.0053016374 0.00931248 0.0074343958 0.0069819075 0.0077194209 0.0109827245 0.0087523933 0.007096597 0.0040064266 0.0072385479 0.0056027694 0.0079898301 0.0115346477 0.0123635102 0.0165278305 
9 0.0091696428 0.0081901263 0.0141208443 0.0130348917 0.0046082607 0.006924567 0.0052643968 0.0045993276 0.0086768743 0.0075686697 0.0059904246 0.005834024 0.0077053926 0.0052879946 0.0062267341 0.0053465445 0.0099871669 0.0113354897 0.0083930828 0.0097548361 0.009141414 0.0125027951 0.0059661108 0.0055607042 0.01077679 0.0118726362 0.0065980947 0.0071648636 0.0084555619 0.0076220417 0.0086076338 0.0038992586 0.0088058042 0.0031763682 0.0060735176 0.0080284783 0.0100712027 0.0118230281 0.0122103222 0.0087798788 0.0060489337 0.0065986961 0.0121261424 0.0116482802 0.0078423466 0.0023691849 0.0070514943 0.015983469 0.006823813 0.0097981948 0.0055174573 0.011185863 0.009559407 0.003374427 0.0068322489 0.0093917533 0.0107881793 0.0060608094 0.0102627737 0.0043580025 0.0124053288 0.0141408735 0.0110639609 0.006814347 0.0045154716 0.0052850197 0.0076381161 0.0077514958 0.0036347276 0.0063080569 0.0066011572 0.0107938813 0.0033039266 0.0089238311 0.005487612 0.0062768704 0.0099598934 0.0050988915 0.0112243643 0.0085316725 0.0041235213 0.0096826007 0.011302402 0.0066596077 0.0054433537 0.0083982709 0.004303381 0.0085393187 0.0104110182 0.0053853353 0.0061151734 0.0076072327 0.0045075339 0.0107555735 0.0069237416 0.0048886741 0.0131081265 0.0058838213 0.0083082011 0.006691506 0.0073676451 0.0089411262 0.0073069642 0.0053967279 0.0070210611 0.00532206 0.0062507891 0.00449316 0.0051505235 0.0058745155 0.0082015279 0.0057222609 0.00976817 0.0060887863 0.0014984436 0.0132183187 0.0072407315 0.0060831335 0.0085665489 0.0123864228 0.0061233124 0.0064145053 0.0122875947 0.0117569652 0.0060430062 0.0059808546 0.0089000185 0.0070196621 
10 0.0090581489 0.0077631933 0.0058215538 0.0072545512 0.0045141561 0.0116250902 0.0068885866 0.0029990755 0.0075686697 0.0062937838 0.0116091534 0.0055359174 0.0137873033 0.0066556511 0.0079960122 0.007295418 0.0088843458 0.0117144285 0.0063765881 0.0090389472 0.007191673 0.0079856897 0.0107289159 0.0109488748 0.0085017366 0.0096211317 0.0083871188 0.0084996502 0.0059486698 0.0064868757 0.0057778971 0.0106871086 0.0017321977 0.0044668562 0.0048711547 0.0109090922 0.0076762279 0.0057449663 0.0066572455 0.0087156664 0.0067877019 0.0094651857 0.0073297436 0.0103852319 0.0057809113 0.011936622 0.0078985715 0.005355896 0.0065913755 0.0133725148 0.0072356808 0.0064482792 0.0063995071 0.0084077033 0.0091661997 0.0090427511 0.0053422659 0.0052275117 0.0084636954 0.0107603929 0.0052323519 0.0085104094 0.0146511662 0.0053281578 0.0073674285 0.0027241723 0.0091101334 0.0036169078 0.0069215894 0.0063631303 0.0107366646 0.0069529872 0.0066740458 0.010608874 0.0114774128 0.0114946655 0.0112236572 0.0039138137 0.0057257074 0.0109328168 0.0066713694 0.00810582 0.0092749638 0.0093478344 0.0114647394 0.0076064078 0.0084936854 0.0046898104 0.0076564269 0.0096145576 0.0070582543 0.0090295645 0.0098267857 0.0090869061 0.0061579182 0.0069923844 0.0141877579 0.0071229521 0.0041322067 0.0041798273 0.0050004799 0.00875655 0.0045173415 0.0045633564 0.0062896042 0.0026268934 0.0120826567 0.0065789777 0.0076781928 0.0059133311 0.0076313328 0.0068316123 0.0074519487 0.0057876587 0.0067987719 0.0110293234 0.0044632568 0.0057323864 0.0083610336 0.0095120525 0.0116148818 0.0135252404 0.0057161206 0.0068347201 0.0097798064 0.0087669652 0.0059918949 0.0082802812 
11 0.0109476711 0.009124359 0.007489974 0.0177485256 0.0086302774 0.0060340978 0.0063417608 0.0055483316 0.0059904246 0.0116091534 0.0061927599 0.0068185051 0.0085689995 0.0081602449 0.0063193772 0.0059422473 0.0038628876 0.0050673351 0.0105497031 0.003078559 0.004939284 0.0080743738 0.0093375578 0.0047356019 0.0076105867 0.0069766244 0.0080978476 0.0047370239 0.0127879815 0.0032368344 0.0059958342 0.0050445554 0.0098919886 0.0097995785 0.0059260958 0.009891987 0.0059042675 0.0063990284 0.0084490425 0.0067375432 0.0064988484 0.011266926 0.0063919052 0.0107495475 0.0102802046 0.0090388681 0.0044418699 0.0041482462 0.0030174672 0.0077757024 0.0055250841 0.0069797137 0.0094738185 0.0086043884 0.0102924376 0.0025740163 0.0068242655 0.0044527756 0.003773588 0.0007044678 0.0057626877 0.0056334689 0.0113371048 0.0062362855 0.0035367763 0.0055191933 0.0102298863 0.0101164438 0.0103730591 0.0069836481 0.0075371048 0.0062125227 0.0067716961 0.0113115998 0.009481573 0.0114236271 0.0031420306 0.0102400598 0.0083652307 0.0069257231 0.0097743758 0.0100464241 0.0079344919 0.0101721597 0.0066525713 0.0104046512 0.0062849489 0.002299319 0.0057745928 0.0049962834 0.0061644042 0.0070159872 0.0063267911 0.0070012942 0.0043680521 0.0015741446 0.0134992078 0.0099805751 0.0067329126 0.0077144386 0.0096826285 0.008643821 0.0111820824 0.0087421468 0.0067119482 0.0127517599 0.0068132032 0.0121881576 0.0094786912 0.0111724243 0.0046336635 0.0050909799 0.011892051 0.0077183399 0.0089153342 0.0094814458 0.0095241856 0.0125753994 0.013679069 0.0100003798 0.0107396069 0.0118067046 0.0095661814 0.008749921 0.00987053 0.0076736673 0.0088406651 0.0086046933 
12 0.0036356222 0.0064987661 0.0102293406 0.0061233906 0.015062255 0.0052869076 0.0055649 0.0133848114 0.005834024 0.0055359174 0.0068185051 0.0060647932 0.0091149873 0.0072936668 0.0072245016 0.0072119592 0.0053413132 0.0047723279 0.0061026517 0.0113355706 0.0087145658 0.0132291292 0.005126373 0.0083435824 0.0052797605 0.0034505396 0.014347948 0.0118262242 0.0099887229 0.0090291875 0.0068773264 0.0102464723 0.0074643309 0.0098557073 0.0083000582 0.0104479453 0.0067643699 0.0090109365 0.0094587236 0.005561995 0.0093436711 0.0100842228 0.0057836479 0.0023268002 0.0059504903 0.0112584566 0.0064592295 0.0103567431 0.007529654 0.0029512283 0.0085390658 0.0094733826 0.0122472338 0.0065895739 0.0056841123 0.0175985757 0.0076785293 0.0040657726 0.0103194904 0.0061867466 0.0104501676 0.0045070313 0.0122364684 0.0059316663 0.0094293912 0.0082513034 0.0076460927 0.007849386 0.0031860215 0.0065837599 0.0026497091 0.0087531912 0.0103475925 0.0092354974 0.0123277034 0.0099347095 0.0078691408 0.009667027 0.0083993868 0.0071381816 0.0069344516 0.0112328469 0.011694222 0.0080898276 0.0060218753 0.007910201 0.0072448912 0.0087397189 0.0107772521 0.0062613959 0.0077394834 0.0110697391 0.012512268 0.0034594951 0.0078790837 0.0061711949 0.0056215226 0.0087311639 0.0071290106 0.0105863199 0.0093292685 0.0073737389 0.0016534751 0.0038388208 0.0048378416 0.0064537195 0.0103350333 0.0066201448 0.0022096881 0.0071977575 0.0073578651 0.0042926747 0.0126072551 0.0111461815 0.0081013203 0.0070300612 0.0075569358 0.0081850451 0.0037351186 0.0060702666 0.0107993337 0.0054144984 0.0065140855 0.0085937269 0.0025816514 0.0043935717 0.0078682393 0.0075165531 
13 0.004317599 0.0062467804 0.0084450138 0.0089220875 0.0039859925 0.0113343727 0.0078815247 0.0077803696 0.0077053926 0.0137873033 0.0085689995 0.0091149873 0.0061625272 0.0105908693 0.0070611658 0.0053162744 0.010872814 0.0067196363 0.0055931254 0.0079697358 0.0017980379 0.0087789285 0.0069890285 0.0078474144 0.0110155883 0.0109075322 0.0063891225 0.0053637754 0.0036441729 0.013122352 0.0120409649 0.0129478878 0.003188363 0.0075679524 0.0071778383 0.001936329 0.0073343543 0.0132193132 0.0065545053 0.0090757412 0.0103943232 0.0034482324 0.0070342843 0.0065757128 0.0065120155 0.0044321666 0.0067070672 0.0064275207 0.0087187825 0.0088373307 0.0036548168 0.0015489108 0.0090651359 0.0011808904 0.0131716176 0.0056305529 0.014158205 0.009567297 0.0053712181 0.006477799 0.0074204307 0.0073574339 0.0117600117 0.0055103716 0.0054243656 0.0052189902 0.0041584717 0.0049784545 0.0089242698 0.0056677319 0.0120236918 0.0043468528 0.0045893018 0.0100721756 0.0083972422 0.006692536 0.004919589 0.0050874996 0.0077913728 0.0104026341 0.0068884012 0.0091938598 0.0137898446 0.0076077008 0.0112342879 0.0073520559 0.0084581096 0.008837422 0.0085928512 0.0054449659 0.0088912644 0.0050445044 0.0048235652 0.0071937464 0.0065838616 0.0027918107 0.0079342747 0.0065309776 0.010069794 0.0136834517 0.0091885962 0.0136948105 0.009059748 0.0074718902 0.0091954353 0.0095336434 0.006602316 0.0102055632 0.0082572316 0.0061239694 0.0068575362 0.0107253078 0.0059808992 0.0108913781 0.0054823359 0.0088714122 0.007086636 0.0095787728 0.009699174 0.0084944862 0.0083207596 0.006992559 0.0097282926 0.0134883968 0.0075103681 0.0067646258 0.0115613114 0.0067527151 
14 0.0114284225 0.0099593331 0.0026295366 0.0059853891 0.0090443119 0.0067783555 0.0046568836 0.0099253074 0.0052879946 0.0066556511 0.0081602449 0.0072936668 0.0105908693 0.0017340712 0.0054537607 0.0081340431 0.0103286529 0.0045887229 0.0138041346 0.0095552374 0.0108234893 0.0019338941 0.0083248442 0.0117488805 0.0084029823 0.0127563454 0.0075840177 0.0098470358 0.0091583061 0.007825575 0.009874942 0.0039882316 0.009790649 0.0066187331 0.0040957115 0.0123514342 0.0082388507 0.007341619 0.009696668 0.0048199286 0.0103855841 0.009338096 0.0119093461 0.0078527568 0.0048586047 0.004870114 0.0053505705 0.0065834587 0.0091447735 0.0082411423 0.0063043269 0.0091915995 0.0032112285 0.0084102256 0.0085389932 0.007971357 0.0080232877 0.0099987791 0.012654531 0.0066495643 0.0079913739 0.0146449929 0.0050109176 0.0076267406 0.0062043639 0.0073173932 0.0047549768 0.0082305735 0.0124246078 0.0046328472 0.0083667282 0.0101274785 0.008572699 0.0106779383 0.0033826858 0.0035560056 0.0098931084 0.007862052 0.0054013158 0.0058980963 0.0149206581 0.0033312531 0.004977485 0.003928761 0.007877301 0.0121669675 0.0060578554 0.0044586469 0.0066206988 0.0035527051 0.0067049442 0.0060575747 0.0069713449 0.0098039041 0.0033001879 0.0051247106 0.0088074124 0.0096233365 0.0062992325 0.0105055923 0.0111559688 0.0121073269 0.0111180465 0.0056957702 0.0046344897 0.0070634887 0.0128750677 0.0050857614 0.0019421519 0.0060390185 0.0082199509 0.0087720191 0.0117809208 0.0063217716 0.0061009724 0.0113435134 0.0056547741 0.010272203 0.0077467824 0.00483297 0.0079447226 0.0052798853 0.0123334627 0.013175275 0.0070849075 0.009021521 0.0090365126 0.0069882106 
15 0.0056247577 0.0061088059 0.0083460815 0.0045687511 0.0048366623 0.0053716555 0.0066415957 0.0064495901 0.0062267341 0.0079960122 0.0063193772 0.0072245016 0.0070611658 0.0054537607 0.0072401511 0.0098989118 0.0021382758 0.0055044758 0.0087266659 0.0094713662 0.0078035434 0.0113087622 0.0087362514 0.0119674562 0.0079031975 0.0091495387 0.0124665205 0.0085601691 0.0073584373 0.0039839655 0.0072833239 0.005668619 0.0121389796 0.0106643799 0.0122212684 0.0066209542 0.0087096223 0.0105488894 0.0047528762 0.0061985243 0.0053251338 0.0082550282 0.0043159523 0.0088019505 0.0094913306 0.0137924368 0.0067803499 0.0053915086 0.0053308103 0.0082400476 0.0085333032 0.0090500399 0.0102774817 0.005850519 0.0083873892 0.014439825 0.0019775764 0.0063470132 0.005596879 0.0107898877 0.0029381441 0.0065857769 0.0071033695 0.0103958482 0.0091641128 0.0041329356 0.0059290012 0.0069630656 0.0140763279 0.0090241496 0.0049868886 0.0077639988 0.008915473 0.0049623197 0.0100769088 0.0101914299 0.0137729219 0.007302833 0.0081829235 0.0096295045 0.0085698447 0.0146022138 0.0082600463 0.0060421277 0.0091160511 0.0068524803 0.0061273204 0.0083701063 0.0081291184 0.008416188 0.0087050337 0.0078276002 0.0056560687 0.0097005168 0.0117822804 0.0123277662 0.0040982208 0.0065891046 0.0102257661 0.0129390888 0.0048427491 0.0083222312 0.0077379064 0.009904632 0.0130226113 0.0037605902 0.0071094091 0.0072512134 0.0038058855 0.0057173178 0.0064263398 0.0058400264 0.0060031402 0.0107453484 0.004695462 0.0074828641 0.0053554412 0.0077698881 0.0066096867 0.0116978669 0.0073541179 0.0057869861 0.0068391475 0.0083368362 0.0069326246 0.0080289831 0.0056879232 0.0082688556 
16 0.005705804 0.0098851332 0.011991071 0.0079572136 0.0068402569 0.0085252736 0.0026051815 0.0039065161 0.0053465445 0.007295418 0.0059422473 0.0072119592 0.0053162744 0.0081340431 0.0098989118 0.0065396052 0.0078336868 0.0043477754 0.0064818278 0.006843486 0.0050957988 0.0074627284 0.0008897131 0.0116920866 0.0056780505 0.0081234069 0.0086482534 0.0075785089 0.0100077328 0.0064949564 0.0081367248 0.0119915429 0.0065805534 0.0065964712 0.0066181677 0.0101910137 0.0095457075 0.0080695127 0.0073879484 0.0107350145 0.0056491234 0.0040031347 0.0112942165 0.0075833209 0.0053447431 0.0042469504 0.0088568979 0.0108655399 0.0083407854 0.0090798273 0.0133596876 0.0084607005 0.0065675618 0.0076046812 0.006262933 0.0083554464 0.0069053446 0.0091958952 0.0051905219 0.0065970229 0.0124311003 0.0051917589 0.0109694857 0.0108636272 0.0154302853 0.0036922117 0.0052536641 0.0054078751 0.0099935952 0.0023451029 0.0047867741 0.0101471521 0.0059129361 0.0010368764 0.0073730995 0.0054606302 0.0067461333 0.009436137 0.0102881834 0.0065614271 0.0080368825 0.0123742529 0.0150584339 0.0105382344 0.0079907631 0.0074818613 0.0063989081 0.0086517058 0.0094425264 0.0094256976 0.0095918597 0.0099361983 0.0112493162 0.009321691 0.0073414141 0.0072006123 0.0040316216 0.007733553 0.0108390373 0.0029761258 0.0050474621 0.0067925117 0.0106553259 0.0073711525 0.0065173113 0.0095573472 0.0058332553 0.0059758805 0.0106929254 0.0098826555 0.0039976976 0.0100752766 0.0095423804 0.0068200605 0.0078829275 0.0065387038 0.0032139265 0.0121817981 0.0102095918 0.0062467561 0.0103894111 0.0090645763 0.0104356519 0.0049545013 0.0090681034 0.0110502115 0.0087762025 0.006381188 
17 0.0088843326 0.0068208083 0.0072789514 0.010133601 0.0031040509 0.0071278066 0.0081170631 0.0052395111 0.0099871669 0.0088843458 0.0038628876 0.0053413132 0.010872814 0.0103286529 0.0021382758 0.0078336868 0.0100007401 0.0106822897 0.0142973507 0.0048033344 0.0058095685 0.005181586 0.0057960616 0.0085451983 0.0089624414 0.0056297254 0.0133059136 0.0038322388 0.0114568099 0.0077914737 0.0078677106 0.0071710221 0.0092252872 0.0076378202 0.0098920096 0.0050877083 0.0085184607 0.007115658 0.0092109648 0.0073766853 0.0068011666 0.0130381576 0.0060114308 0.0133215002 0.0069734788 0.0053739772 0.0126747554 0.0099043511 0.0078861947 0.0034533554 0.0059799692 0.0123865835 0.0042017728 0.0062906411 0.0075491313 0.0051211665 0.0066308054 0.0046616711 0.0079076635 0.0047652321 0.0067168052 0.0077368611 0.011867019 0.0037913859 0.0084410839 0.0029793438 0.006760532 0.0018770972 0.0080278228 0.0028920459 0.0092965287 0.0025084312 0.0112402972 0.0095326468 0.006961585 0.0045591187 0.0089528197 0.0096561994 0.0072791334 0.0128651377 0.0083365915 0.0082606101 0.0083491638 0.0081668962 0.0107729538 0.0061264429 0.0052865716 0.0064390943 0.0066462733 0.0052055645 0.0098935326 0.0067387848 0.0050214763 0.0070508327 0.0047041711 0.0118075168 0.0070051507 0.0100683312 0.0121126505 0.0054984956 0.0140533261 0.0095645361 0.0041652201 0.0063115068 0.0099470813 0.0093629931 0.0064556411 0.0106577352 0.0040254403 0.0073502386 0.0072028795 0.0091788565 0.0128003357 0.0065602375 0.0093788807 0.0130283564 0.0025126454 0.0094697087 0.0039679819 0.006267629 0.0154311548 0.0079117816 0.0113348913 0.0096520798 0.0111817416 0.0036349767 0.0107666054 0.0083062085 
18 0.0088310279 0.0032512677 0.0101365169 0.0112405718 0.0111130118 0.0120431821 0.0112723649 0.0074813976 0.0113354897 0.0117144285 0.0050673351 0.0047723279 0.0067196363 0.0045887229 0.0055044758 0.0043477754 0.0106822897 0.0049032181 0.00726131 0.0112405407 0.0115134167 0.0037288428 0.0060159687 0.0082127297 0.0103388063 0.0081680805 0.011190472 0.0111196831 0.0041175836 0.010262761 0.0070652085 0.0137834306 0.0108065352 0.011736118 0.0034905354 0.0136903322 0.0014114731 0.0090009571 0.0129672733 0.0080021757 0.0096160407 0.0133629663 0.0060783951 0.0098950876 0.0067361583 0.0122652303 0.0103297816 0.0053254064 0.0089054012 0.0078388106 0.0072252847 0.0075004245 0.0045380539 0.0050401621 0.0034133372 0.0091336792 0.0068690213 0.0083851434 0.0085719191 0.0056873431 0.0066137246 0.0057963145 0.0118616013 0.0082785315 0.0042655786 0.0096143455 0.0096389085 0.011060386 0.0063525305 0.0078669141 0.0073095556 0.0084578665 0.0101360607 0.0062103631 0.0081600871 0.0087122878 0.0112916939 0.0037179821 0.0044134848 0.0073758967 0.0098211213 0.0126668623 0.005425121 0.0084358158 0.0073232451 0.0090887682 0.0098246469 0.0113663804 0.0104281545 0.0087064152 0.002562354 0.002165406 0.0126629647 0.0105803524 0.005415084 0.0065787014 0.0101747935 0.0057536653 0.0054551387 0.0070338242 0.0059984496 0.0084262377 0.008721364 0.0053758209 0.0075841772 0.0100148008 0.0047609612 0.0092588119 0.0094631277 0.0064312506 0.0048244321 0.0079624726 0.0039220545 0.0054478591 0.0052966872 0.0058077752 0.0050005517 0.0069151264 0.0062394639 0.00803455 0.0071187527 0.0081504058 0.003388237 0.0044281065 0.002553448 0.0091609371 0.0107633343 0.0035009551 
19 0.0066574783 0.0084542588 0.0028422504 0.0099105009 0.0116939482 0.0099442376 0.0030966163 0.0038344596 0.0083930828 0.0063765881 0.0105497031 0.0061026517 0.0055931254 0.0138041346 0.0087266659 0.0064818278 0.0142973507 0.00726131 0.0105860862 0.0125817485 0.0068119494 0.0066651592 0.0091787352 0.0122641995 0.0158338421 0.0096990863 0.010235592 0.0051150366 0.0033195412 0.0068876237 0.0124176065 0.0019072512 0.0052024908 0.0107392679 0.006645438 0.0058386605 0.0103619091 0.0065168928 0.0135764412 0.0050519045 0.0052861488 0.0102376536 0.007352064 0.0044564408 0.0050815119 0.0051970167 0.0070819776 0.0119458179 0.0069222183 0.0035415573 0.0046468964 0.0114694434 0.0035388191 0.0055231789 0.009444629 0.0054424477 0.0076208029 0.0062564474 0.0045846161 0.0027573045 0.0069397701 0.0047278882 0.0116411365 0.0097596286 0.0107359438 0.0143319427 0.0049506553 0.0084759004 0.006035793 0.0108786953 0.004048805 0.0074756423 0.0054104972 0.0083434823 0.0107243509 0.0085123753 0.0073779552 0.0116615724 0.0144380051 0.0100379256 0.0070770212 0.0115485506 0.0095289736 0.010916423 0.0117076274 0.0039546247 0.0115384843 0.0097734152 0.0035440957 0.0039946381 0.0081625448 0.0097159714 0.0081721348 0.0064527561 0.0071811354 0.0078095471 0.007471029 0.0083099881 0.0072623023 0.0124747703 0.0072560492 0.0070292754 0.0057681029 0.0064210351 0.0057030743 0.0087098379 0.0132214208 0.010716481 0.0102099409 0.0083666591 0.0076359533 0.0126046355 0.0031539042 0.0055250414 0.007677048 0.0074458399 0.0071659335 0.0042623868 0.009558005 0.0051408034 0.0071681027 0.0077377408 0.0047704627 0.0051898694 0.0028505592 0.0047163433 0.0053185377 0.0057293132 
20 0.0141178385 0.0072109172 0.0044575774 0.0111364954 0.0059722572 0.0070430344 0.0051533906 0.0079599461 0.0097548361 0.0090389472 0.003078559 0.0113355706 0.0079697358 0.0095552374 0.0094713662 0.006843486 0.0048033344 0.0112405407 0.0125817485 0.0172549291 0.0092560466 0.0070894185 0.0054514985 0.0109051918 0.0037744614 0.0047549262 0.0042878073 0.0096940903 0.007771888 0.0144633501 0.0077465311 0.0100027366 0.011145117 0.0080433485 0.006052753 0.0042621036 0.0128425539 0.0041944885 0.0035649386 0.0128355712 0.0085355686 0.0086196727 0.0054669113 0.0045868121 0.0090503617 0.0069031348 0.0090234148 0.0040980976 0.0131749073 0.0086202268 0.0042230053 0.0110607967 0.0054472856 0.0057017863 0.0055101189 0.004402296 0.0038998707 0.0048908431 0.0060283432 0.0099602673 0.0101811584 0.0063246159 0.0101969333 0.0076167326 0.0032451404 0.0093956582 0.0098138221 0.0051410792 0.0048689568 0.0043484736 0.0174028408 0.0067647488 0.0089925603 0.009722834 0.0034158025 0.0028167351 0.0064333748 0.010312399 0.0064917157 0.0066517343 0.0106039524 0.0072128999 0.0054068751 0.0081108966 0.01321714 0.0071104317 0.0095112984 0.0076843132 0.003539447 0.0042992289 0.009363491 0.0060886361 0.0066344622 0.008807072 0.0063695279 0.0118051236 0.0092639004 0.0117707734 0.0033147243 0.0086283744 0.0107422384 0.0053963976 0.0100748713 0.0086497595 0.0096299333 0.0039874529 0.0105418732 0.0125991799 0.0086640926 0.0080217008 0.0113542414 0.0045776275 0.0107778727 0.0061054536 0.0124960252 0.0049618328 0.0125908218 0.0052292818 0.0107256425 0.0036445295 0.0043125381 0.0042912538 0.0076092114 0.0045894896 0.0103906281 0.0051203618 0.0057960452 0.0049174703 
21 0.0061664803 0.0064938114 0.0139648362 0.0039308566 0.0091404741 0.0053009273 0.013140807 0.006594917 0.009141414 0.007191673 0.004939284 0.0087145658 0.0017980379 0.0108234893 0.0078035434 0.0050957988 0.0058095685 0.0115134167 0.0068119494 0.0092560466 0.0055405939 0.0084468007 0.0050905456 0.0083124334 0.0075301785 0.010638372 0.0061112111 0.0126925442 0.0073342566 0.0161515543 0.0062972548 0.0035306532 0.0052801335 0.0056269021 0.0074549816 0.0065799305 0.0080541052 0.0084080071 0.0124119199 0.0054922056 0.010375743 0.0139212737 0.0088672315 0.0085370691 0.0146804123 0.0089517046 0.0076955826 0.0048929691 0.0105327827 0.0050513288 0.0086485813 0.0045747728 0.0068087428 0.0111760353 0.0032563865 0.0045592683 0.0067179196 0.0037991693 0.0115548681 0.0058272765 0.0088732982 0.010122199 0.0074697225 0.0041448787 0.0080709178 0.0076168072 0.0068051061 0.0098268222 0.0066042043 0.0042891248 0.0104926565 0.0087039629 0.0041566601 0.0057450932 0.007079904 0.0103643891 0.0067670943 0.0102079151 0.0078135218 0.006743237 0.0077938367 0.006686279 0.0065158379 0.0124750424 0.0038760374 0.0069119285 0.0073925294 0.0119721926 0.0072730038 0.004951893 0.0097834927 0.0082103313 0.0133105808 0.00755075 0.0156680823 0.0045464715 0.0115234252 0.0058824452 0.0130273129 0.0088089585 0.0059532884 0.0083742567 0.0046173681 0.00809015 0.010081257 0.0074606824 0.0113389813 0.0028598199 0.0100004185 0.0070609073 0.0093949382 0.0075108411 0.0123731432 0.0075370425 0.0078453004 0.0043509463 0.0050164676 0.0091817875 0.0083054604 0.0052386294 0.0040378347 0.0044727201 0.0083219509 0.007658482 0.0083346101 0.0032620698 0.007359318 0.0068577832 
22 0.0133327871 0.0056046014 0.0101394443 0.0060044934 0.0094295109 0.0068738946 0.0142749049 0.008875477 0.0125027951 0.0079856897 0.0080743738 0.0132291292 0.0087789285 0.0019338941 0.0113087622 0.0074627284 0.005181586 0.0037288428 0.0066651592 0.0070894185 0.0084468007 0.0024614715 0.0046625625 0.008237071 0.0007737135 0.0088660946 0.0058016466 0.0028590053 0.0061284383 0.0050954466 0.0113915922 0.0069052763 0.0078711729 0.0097354692 0.0039755284 0.0051059019 0.0064162238 0.0100550676 0.0067326599 0.0089983439 0.011764906 0.0063700339 0.0094456828 0.0153775332 0.0055938513 0.0056640761 0.0072086924 0.0089402311 0.0069913853 0.0053420312 0.0017653986 0.0077102179 0.0102495218 0.0130402391 0.0071413036 0.0062541727 0.0034524994 0.0050602483 0.0108688465 0.00626094 0.0122409333 0.0083221567 0.0054632785 0.0043721607 0.0066113468 0.0065797015 0.012099847 0.0051872388 0.0103489354 0.0106043939 0.0056227261 0.0051616934 0.0083970473 0.0061167923 0.0101271305 0.0059092321 0.0041213768 0.0067340545 0.0057596288 0.0077896469 0.0101479065 0.0094563041 0.0056791188 0.0062229733 0.0112655948 0.0080065024 0.0099913056 0.0085363053 0.0088055103 0.0046580941 0.0035705586 0.0128104996 0.0049033295 0.0049948203 0.0058754723 0.0103347255 0.0041549581 0.0096753479 0.0043841232 0.0114125306 0.0052784831 0.0091758158 0.0130660141 0.0074982501 0.0050084597 0.0118524771 0.0037200253 0.0086938599 0.0087468389 0.0056313216 0.0077916646 0.0125449512 0.0110715222 0.0047268209 0.0126897551 0.0074904905 0.0045746688 0.0083152465 0.006206788 0.0102050536 0.008749934 0.0086564057 0.0067596886 0.0085722886 0.008610535 0.0102085375 0.0105586683 0.0176424143 
23 0.0071969985 0.0084748409 0.0039180734 0.0080155744 0.0020008639 0.0072478952 0.0048472446 0.0105060541 0.0059661108 0.0107289159 0.0093375578 0.005126373 0.0069890285 0.0083248442 0.0087362514 0.0008897131 0.0057960616 0.0060159687 0.0091787352 0.0054514985 0.0050905456 0.0046625625 0.0071218522 0.0090436078 0.0084019056 0.0075889994 0.0048468332 0.0128954001 0.0044173417 0.0042587834 0.0051482091 0.005298364 0.0064365695 0.0086627069 0.0089106585 0.0023908527 0.0083954725 0.0090888345 0.0074214827 0.0107438581 0.0063074438 0.0096996565 0.0141124739 0.0076497162 0.0042774442 0.0077510332 0.0119721388 0.0102733345 0.0030612761 0.0049064314 0.007375998 0.0080956648 0.0052278938 0.0135519139 0.006314779 0.0054445627 0.0075009339 0.0099248688 0.0100719958 0.0141208918 0.0046484251 0.0055443347 0.009256331 0.0086442983 0.0078036451 0.0100832412 0.0047786142 0.0088595031 0.012967 0.0070413703 0.0081702268 0.0055774246 0.0047429376 0.0046922314 0.0090460429 0.0107916739 0.0067753156 0.003270778 0.0028450591 0.0073184897 0.006221328 0.005464441 0.0102209031 0.0105575318 0.006247678 0.0089077742 0.0084544227 0.01258923 0.0125345934 0.0104879674 0.0057251328 0.0099523035 0.0081168959 0.0088875858 0.0087884509 0.0063470961 0.0084813699 0.0137175838 0.0019586358 0.0117239059 0.0079148786 0.0078064757 0.0078610185 0.0139123915 0.0108030433 0.0088855982 0.0102604934 0.00749672 0.0101735213 0.0101858718 0.0033150907 0.0068823556 0.0060382429 0.0094346689 0.0071309683 0.0056363883 0.0110968183 0.0089148312 0.0074739163 0.0114507246 0.0077555098 0.0061408724 0.0078040472 0.0046428578 0.0076522182 0.0124501892 0.0124914325 0.0069331883 
24 0.008094842 0.0059266991 0.0067336088 0.0058142968 0.0107352052 0.0086428797 0.0055104369 0.0080260562 0.0055607042 0.0109488748 0.0047356019 0.0083435824 0.0078474144 0.0117488805 0.0119674562 0.0116920866 0.0085451983 0.0082127297 0.0122641995 0.0109051918 0.0083124334 0.008237071 0.0090436078 0.0121559491 0.0079849798 0.0100651666 0.0055622204 0.0039866819 0.0086234893 0.0053346839 0.0018580564 0.0092160245 0.002810505 0.0084847743 0.0092207953 0.0132377779 0.0047767614 0.011437463 0.0028326142 0.0070710877 0.0133942843 0.0113261613 0.0109959656 0.0032083963 0.0071090047 0.0034873197 0.0070661219 0.0092952514 0.0102782049 0.0081316802 0.0063793469 0.0101627167 0.0048028352 0.009691173 0.006613567 0.0064501188 0.0038782727 0.0087562506 0.0070361177 0.0039389463 0.0087211728 0.001818818 0.0080614368 0.0059419419 0.0097678259 0.0071432266 0.0070794872 0.0101794417 0.0073414653 0.0080569689 0.00612151 0.0078096007 0.0054369056 0.0096104618 0.0110001609 0.0080243286 0.0049312517 0.0108514501 0.0092865582 0.0107968075 0.0062877502 0.0034427199 0.0104581692 0.007052923 0.0054347247 0.0080494387 0.0107538059 0.0080063148 0.0094984295 0.0093711813 0.0122305421 0.0086225518 0.0047026494 0.004812857 0.0052181488 0.0067385811 0.0097593405 0.0110006802 0.0089680328 0.0047184043 0.0050972189 0.0055503026 0.0065780625 0.0083005412 0.0035854457 0.0108928925 0.0057258247 0.0062611022 0.010257213 0.0100162014 0.0085971495 0.0052866559 0.0077612436 0.0094651913 0.0125865891 0.0109372389 0.0029164906 0.0043336325 0.0098812868 0.0089140494 0.0093675504 0.008437672 0.0067608144 0.0074249385 0.0098302863 0.0082264969 0.0069714622 0.0024185591 
