35
1 0.0 0.0117759617 0.0032941355 0.0392463113 0.0496332702 0.0173915279 0.0402508992 0.0378044357 0.0365227845 0.0251780514 0.0335996469 0.0473183261 0.0305421626 0.0354167422 0.0347888544 0.0313919566 0.0376269626 0.0234252894 0.0044161435 0.0207849523 0.0484285197 0.0320477159 0.0482837104 0.0275219969 0.0233425804 0.0258539042 0.0343602623 0.0475505837 0.0285875756 0.0139131202 0.0226310378 0.0253139486 0.0148653238 0.0183732186 0.028518088
2 0.0117759617 0.0 0.0111714919 0.0399271641 0.0451364313 0.0115480467 0.0305654968 0.0371055637 0.0326188159 0.0369393108 0.0228972601 0.0072016518 0.0108777826 0.0365618121 0.043946103 0.0218910236 0.0391361582 0.0438619498 0.0488887572 0.0187049975 0.0084332498 0.0164306815 0.0394577044 0.0454635139 0.0376756046 0.0288998956 0.0364411731 0.0038943044 0.0179798487 0.0403456906 0.0533315183 0.0323468029 0.0298105719 0.0286445846 0.0300890771
3 0.0032941355 0.0111714919 0.0 0.0264359159 0.0402975352 0.0447865832 0.0423726276 0.0224499268 0.0399821211 0.0511543272 0.0247468543 0.0304389212 0.0446847833 0.0099171194 0.0240399125 0.0251715299 0.036778849 0.0345403239 0.0086940965 0.0434359375 0.0330859169 0.0369515413 0.0329478339 0.0449857217 0.0252884288 0.0302299099 0.0427232075 0.0235727123 0.0095397209 0.010248692 0.0396487201 0.0201925296 0.0248652811 0.0279233889 0.0334034034
4 0.0392463113 0.0399271641 0.0264359159 0.0 0.0461716611 0.0175895738 0.0178097297 0.0194580907 0.0065217976 0.006524466 0.0305336579 0.0133642855 0.0145644216 0.0126365168 0.0378104345 0.0070714886 0.0358727368 0.0589980517 0.0128816238 0.0335965005 0.0448454887 0.0152974198 0.0460695696 0.0043705181 0.0411170086 0.0502508734 0.0323687466 0.017644156 0.0488914046 0.0084868826 0.0349367196 0.0510977758 0.0397078554 0.0548494048 0.0330517481
5 0.0496332702 0.0451364313 0.0402975352 0.0461716611 0.0 0.0175212814 0.0280520662 0.0216910692 0.0145463035 0.0570809746 0.0354301633 0.0279001805 0.0122836448 0.0189762657 0.018937648 0.0297407215 0.0157335879 0.0330590287 0.0208503022 0.0076921777 0.0160186399 0.0513726441 0.0202629149 0.0512711515 0.0388971896 0.0233595483 0.0246684641 0.0357713074 0.0403229775 0.0322063862 0.0289348279 0.0111488882 0.0368359192 0.0453436555 0.0028511727
6 0.0173915279 0.0115480467 0.0447865832 0.0175895738 0.0175212814 0.0 0.0196931615 0.0468696783 0.04754019 0.0375343829 0.025154553 0.0454518413 0.0492591268 0.0304066062 0.0192304579 0.0101874567 0.0314705241 0.0195296675 0.0356615948 0.0304005345 0.0170812408 0.0504406003 0.0136042709 0.0504926222 0.0439832593 0.035627893 0.0188092323 0.0251603519 0.0255762702 0.0194828731 0.0096320426 0.0289446417 0.0343096377 0.0385227163 0.0311055592
7 0.0402508992 0.0305654968 0.0423726276 0.0178097297 0.0280520662 0.0196931615 0.0 0.0363707975 0.0273150528 0.0288256872 0.0332040118 0.0239775382 0.0201793137 0.0307897484 0.0553545042 0.0525576727 0.0028671923 0.0422129213 0.0310296799 0.044949099 0.043006182 0.0202676732 0.0262654908 0.0213258172 0.0255130063 0.013155436 0.0125073702 0.0323425344 0.0266056765 0.0211056204 0.0288464738 0.0245457474 0.047057507 0.0171437256 0.0319345391
8 0.0378044357 0.0371055637 0.0224499268 0.0194580907 0.0216910692 0.0468696783 0.0363707975 0.0 0.0309104802 0.0385723744 0.0194088017 0.0357686563 0.0361022331 0.0210195044 0.0479966609 0.007976679 0.006984853 0.017452617 0.0322618851 0.0443267572 0.0184782776 0.0307294481 0.0133565769 0.0295474667 0.031725784 0.0484999874 0.0436950888 0.0343279118 0.0408006179 0.018782506 0.0355116717 0.0056182855 0.0323457661 0.0281928058 0.0278567415
9 0.0365227845 0.0326188159 0.0399821211 0.0065217976 0.0145463035 0.04754019 0.0273150528 0.0309104802 0.0 0.0067003469 0.0411243467 0.0322883143 0.0330876807 0.0136858472 0.0298111079 0.0436956937 0.0476639388 0.0527600484 0.0408899964 0.0190413592 0.0140203948 0.0252575851 0.0193005005 0.0239529289 0.0443351499 0.0222694502 0.0205168724 0.0375575297 0.0374315607 0.0203368228 0.0271412206 0.0445685015 0.0269831249 0.0277125849 0.0119095472
10 0.0251780514 0.0369393108 0.0511543272 0.006524466 0.0570809746 0.0375343829 0.0288256872 0.0385723744 0.0067003469 0.0 0.0098981577 0.0467957473 0.0297711769 0.0324285985 0.0164037484 0.024267867 0.015782674 0.019895658 0.0493289895 0.0233531547 0.0520775365 0.0194083401 0.0386081471 0.0482855688 0.039202901 0.0198876778 0.0206518839 0.0182206652 0.0261381403 0.0259081459 0.0107176761 0.031838858 0.0131444305 0.0393172806 0.0401570544
11 0.0335996469 0.0228972601 0.0247468543 0.0305336579 0.0354301633 0.025154553 0.0332040118 0.0194088017 0.0411243467 0.0098981577 0.0 0.0090807248 0.0380215261 0.0342858407 0.0103670665 0.0242540783 0.0249412585 0.0313959254 0.030767438 0.0516014272 0.0327574111 0.0379715345 0.0373876513 0.0157208436 0.0281547068 0.0049625798 0.0327993173 0.0295873057 0.0293408186 0.0397793873 0.0203004312 0.048751476 0.0270929432 0.0359088171 0.0487720375
12 0.0473183261 0.0072016518 0.0304389212 0.0133642855 0.0279001805 0.0454518413 0.0239775382 0.0357686563 0.0322883143 0.0467957473 0.0090807248 0.0 0.0498857412 0.0153474069 0.0275792048 0.0185201118 0.0269450522 0.0142219656 0.0407015261 0.0182518466 0.0330177369 0.0062976128 0.0405686898 0.027838819 0.0332111636 0.0223842405 0.0413856251 0.0169416321 0.0412095322 0.0321992311 0.0394163715 0.0322616578 0.0247972476 0.0492313119 0.0282000854
13 0.0305421626 0.0108777826 0.0446847833 0.0145644216 0.0122836448 0.0492591268 0.0201793137 0.0361022331 0.0330876807 0.0297711769 0.0380215261 0.0498857412 0.0 0.0162062119 0.0408650485 0.0326994276 0.0409215487 0.0097353303 0.0402297398 0.0166068955 0.0513716381 0.0268150176 0.0154415618 0.0310868497 0.0246096869 0.0405330594 0.0349061999 0.0393000649 0.0223166243 0.0249419404 0.0230197689 0.0221917893 0.0173938295 0.0321604243 0.0273877493
14 0.0354167422 0.0365618121 0.0099171194 0.0126365168 0.0189762657 0.0304066062 0.0307897484 0.0210195044 0.0136858472 0.0324285985 0.0342858407 0.0153474069 0.0162062119 0.0 0.042760155 0.0281444889 0.0247632663 0.0250141202 0.0250231132 0.0505869045 0.0370362445 0.034397886 0.0376793468 0.0331467716 0.0388686431 0.0228768389 0.029464584 0.0271763793 0.0267303128 0.0549994191 0.0239833485 0.0215423779 0.0332341012 0.0305614051 0.0443320724
15 0.0347888544 0.043946103 0.0240399125 0.0378104345 0.018937648 0.0192304579 0.0553545042 0.0479966609 0.0298111079 0.0164037484 0.0103670665 0.0275792048 0.0408650485 0.042760155 0.0 0.0255256234 0.0350991428 0.0204789541 0.0470814234 0.0031376958 0.0239374559 0.0220370059 0.0201981919 0.0245325728 0.0412158128 0.043883068 0.0267240514 0.025814322 0.0278623961 0.007917063 0.0252680777 0.0392890487 0.0351154534 0.0106985515 0.0442931829
16 0.0313919566 0.0218910236 0.0251715299 0.0070714886 0.0297407215 0.0101874567 0.0525576727 0.007976679 0.0436956937 0.024267867 0.0242540783 0.0185201118 0.0326994276 0.0281444889 0.0255256234 0.0 0.0452760742 0.029277376 0.013005912 0.0338251657 0.0402970185 0.0433934394 0.0402426536 0.0233480122 0.0449586199 0.01968023 0.0286352267 0.0436634206 0.0447821184 0.0185538167 0.0321558628 0.0288159598 0.0272745622 0.0234333834 0.0362853284
17 0.0376269626 0.0391361582 0.036778849 0.0358727368 0.0157335879 0.0314705241 0.0028671923 0.006984853 0.0476639388 0.015782674 0.0249412585 0.0269450522 0.0409215487 0.0247632663 0.0350991428 0.0452760742 0.0 0.0341976252 0.0394027144 0.0044184233 0.0429003301 0.0422149463 0.0219828733 0.0290728844 0.0497549683 0.0191532331 0.0382300586 0.0331573359 0.021215593 0.0155339605 0.0217954983 0.0362980116 0.027095582 0.0197401871 0.035971955
18 0.0234252894 0.0438619498 0.0345403239 0.0589980517 0.0330590287 0.0195296675 0.0422129213 0.017452617 0.0527600484 0.019895658 0.0313959254 0.0142219656 0.0097353303 0.0250141202 0.0204789541 0.029277376 0.0341976252 0.0 0.0107138884 0.0483378184 0.0147220539 0.0537803465 0.0356254178 0.0461817603 0.0119417672 0.0042762907 0.0178425848 0.0355429487 0.0269221666 0.0428459847 0.0243813452 0.0373797163 0.0253317809 0.0200763679 0.0340409092
19 0.0044161435 0.0488887572 0.0086940965 0.0128816238 0.0208503022 0.0356615948 0.0310296799 0.0322618851 0.0408899964 0.0493289895 0.030767438 0.0407015261 0.0402297398 0.0250231132 0.0470814234 0.013005912 0.0394027144 0.0107138884 0.0 0.0195836011 0.0399309916 0.0212880024 0.0066588744 0.0111655267 0.0279986744 0.0230679049 0.0343796521 0.0198120185 0.0412264758 0.048024397 0.0249046736 0.0384781318 0.0381067492 0.028944489 0.0446010134
20 0.0207849523 0.0187049975 0.0434359375 0.0335965005 0.0076921777 0.0304005345 0.044949099 0.0443267572 0.0190413592 0.0233531547 0.0516014272 0.0182518466 0.0166068955 0.0505869045 0.0031376958 0.0338251657 0.0044184233 0.0483378184 0.0195836011 0.0 0.0130857363 0.0269509494 0.0245573566 0.0134757884 0.0253841961 0.0522625228 0.0237229144 0.0355072629 0.0076965062 0.0380725399 0.0534938545 0.0448847974 0.035474855 0.03599334 0.0368021319
21 0.0484285197 0.0084332498 0.0330859169 0.0448454887 0.0160186399 0.0170812408 0.043006182 0.0184782776 0.0140203948 0.0520775365 0.0327574111 0.0330177369 0.0513716381 0.0370362445 0.0239374559 0.0402970185 0.0429003301 0.0147220539 0.0399309916 0.0130857363 0.0 0.0147421359 0.0167091071 0.0334276205 0.0157404079 0.0341529228 0.0359089312 0.0274742492 0.0295752867 0.0309871968 0.0044241745 0.0383215098 0.0377066481 0.0383788794 0.017918867
22 0.0320477159 0.0164306815 0.0369515413 0.0152974198 0.0513726441 0.0504406003 0.0202676732 0.0307294481 0.0252575851 0.0194083401 0.0379715345 0.0062976128 0.0268150176 0.034397886 0.0220370059 0.0433934394 0.0422149463 0.0537803465 0.0212880024 0.0269509494 0.0147421359 0.0 0.0127610005 0.0204985619 0.0206871399 0.0198986623 0.0460057676 0.0173178714 0.0261140413 0.0396798214 0.0371686085 0.0240762933 0.045723958 0.0414284682 0.0205472796
23 0.0482837104 0.0394577044 0.0329478339 0.0460695696 0.0202629149 0.0136042709 0.0262654908 0.0133565769 0.0193005005 0.0386081471 0.0373876513 0.0405686898 0.0154415618 0.0376793468 0.0201981919 0.0402426536 0.0219828733 0.0356254178 0.0066588744 0.0245573566 0.0167091071 0.0127610005 0.0 0.0141560209 0.0508329034 0.0373680572 0.0268282778 0.0344944849 0.0347372152 0.033638467 0.0341060588 0.0346714991 0.0347726831 0.0368478935 0.0195769947
24 0.0275219969 0.0454635139 0.0449857217 0.0043705181 0.0512711515 0.0504926222 0.0213258172 0.0295474667 0.0239529289 0.0482855688 0.0157208436 0.027838819 0.0310868497 0.0331467716 0.0245325728 0.0233480122 0.0290728844 0.0461817603 0.0111655267 0.0134757884 0.0334276205 0.0204985619 0.0141560209 0.0 0.0138704669 0.0474559817 0.0146627221 0.0545318117 0.0466647193 0.0251706194 0.0215287167 0.0176591076 0.0237193877 0.0211638001 0.0427033287
25 0.0233425804 0.0376756046 0.0252884288 0.0411170086 0.0388971896 0.0439832593 0.0255130063 0.031725784 0.0443351499 0.039202901 0.0281547068 0.0332111636 0.0246096869 0.0388686431 0.0412158128 0.0449586199 0.0497549683 0.0119417672 0.0279986744 0.0253841961 0.0157404079 0.0206871399 0.0508329034 0.0138704669 0.0 0.0208278354 0.0126429441 0.0141246017 0.0245112318 0.0333676989 0.0187340989 0.017014772 0.0313836221 0.034131658 0.0149514678
26 0.0258539042 0.0288998956 0.0302299099 0.0502508734 0.0233595483 0.035627893 0.013155436 0.0484999874 0.0222694502 0.0198876778 0.0049625798 0.0223842405 0.0405330594 0.0228768389 0.043883068 0.01968023 0.0191532331 0.0042762907 0.0230679049 0.0522625228 0.0341529228 0.0198986623 0.0373680572 0.0474559817 0.0208278354 0.0 0.0303976488 0.0301537547 0.025272144 0.0481675076 0.0533277928 0.0348387717 0.0125450164 0.0342858196 0.020193541
27 0.0343602623 0.0364411731 0.0427232075 0.0323687466 0.0246684641 0.0188092323 0.0125073702 0.0436950888 0.0205168724 0.0206518839 0.0327993173 0.0413856251 0.0349061999 0.029464584 0.0267240514 0.0286352267 0.0382300586 0.0178425848 0.0343796521 0.0237229144 0.0359089312 0.0460057676 0.0268282778 0.0146627221 0.0126429441 0.0303976488 0.0 0.0292917473 0.0225770183 0.0462774143 0.0420226099 0.0263738322 0.0088311506 0.034612451 0.0287349692
28 0.0475505837 0.0038943044 0.0235727123 0.017644156 0.0357713074 0.0251603519 0.0323425344 0.0343279118 0.0375575297 0.0182206652 0.0295873057 0.0169416321 0.0393000649 0.0271763793 0.025814322 0.0436634206 0.0331573359 0.0355429487 0.0198120185 0.0355072629 0.0274742492 0.0173178714 0.0344944849 0.0545318117 0.0141246017 0.0301537547 0.0292917473 0.0 0.0267001262 0.0244365952 0.017405216 0.0284999175 0.0454424451 0.0279763439 0.0396060876
29 0.0285875756 0.0179798487 0.0095397209 0.0488914046 0.0403229775 0.0255762702 0.0266056765 0.0408006179 0.0374315607 0.0261381403 0.0293408186 0.0412095322 0.0223166243 0.0267303128 0.0278623961 0.0447821184 0.021215593 0.0269221666 0.0412264758 0.0076965062 0.0295752867 0.0261140413 0.0347372152 0.0466647193 0.0245112318 0.025272144 0.0225770183 0.0267001262 0.0 0.0223317382 0.0479352268 0.028152428 0.0257452452 0.0305888786 0.0179183636
30 0.0139131202 0.0403456906 0.010248692 0.0084868826 0.0322063862 0.0194828731 0.0211056204 0.018782506 0.0203368228 0.0259081459 0.0397793873 0.0321992311 0.0249419404 0.0549994191 0.007917063 0.0185538167 0.0155339605 0.0428459847 0.048024397 0.0380725399 0.0309871968 0.0396798214 0.033638467 0.0251706194 0.0333676989 0.0481675076 0.0462774143 0.0244365952 0.0223317382 0.0 0.0321905941 0.0345798668 0.0331880957 0.0280574833 0.0342424216
31 0.0226310378 0.0533315183 0.0396487201 0.0349367196 0.0289348279 0.0096320426 0.0288464738 0.0355116717 0.0271412206 0.0107176761 0.0203004312 0.0394163715 0.0230197689 0.0239833485 0.0252680777 0.0321558628 0.0217954983 0.0243813452 0.0249046736 0.0534938545 0.0044241745 0.0371686085 0.0341060588 0.0215287167 0.0187340989 0.0533277928 0.0420226099 0.017405216 0.0479352268 0.0321905941 0.0 0.0349915774 0.0304803094 0.003926622 0.0417072533
32 0.0253139486 0.0323468029 0.0201925296 0.0510977758 0.0111488882 0.0289446417 0.0245457474 0.0056182855 0.0445685015 0.031838858 0.048751476 0.0322616578 0.0221917893 0.0215423779 0.0392890487 0.0288159598 0.0362980116 0.0373797163 0.0384781318 0.0448847974 0.0383215098 0.0240762933 0.0346714991 0.0176591076 0.017014772 0.0348387717 0.0263738322 0.0284999175 0.028152428 0.0345798668 0.0349915774 0.0 0.0194395552 0.0226905793 0.0131813446
33 0.0148653238 0.0298105719 0.0248652811 0.0397078554 0.0368359192 0.0343096377 0.047057507 0.0323457661 0.0269831249 0.0131444305 0.0270929432 0.0247972476 0.0173938295 0.0332341012 0.0351154534 0.0272745622 0.027095582 0.0253317809 0.0381067492 0.035474855 0.0377066481 0.045723958 0.0347726831 0.0237193877 0.0313836221 0.0125450164 0.0088311506 0.0454424451 0.0257452452 0.0331880957 0.0304803094 0.0194395552 0.0 0.0280820781 0.0320972833
34 0.0183732186 0.0286445846 0.0279233889 0.0548494048 0.0453436555 0.0385227163 0.0171437256 0.0281928058 0.0277125849 0.0393172806 0.0359088171 0.0492313119 0.0321604243 0.0305614051 0.0106985515 0.0234333834 0.0197401871 0.0200763679 0.028944489 0.03599334 0.0383788794 0.0414284682 0.0368478935 0.0211638001 0.034131658 0.0342858196 0.034612451 0.0279763439 0.0305888786 0.0280574833 0.003926622 0.0226905793 0.0280820781 0.0 0.0050574021
35 0.028518088 0.0300890771 0.0334034034 0.0330517481 0.0028511727 0.0311055592 0.0319345391 0.0278567415 0.0119095472 0.0401570544 0.0487720375 0.0282000854 0.0273877493 0.0443320724 0.0442931829 0.0362853284 0.035971955 0.0340409092 0.0446010134 0.0368021319 0.017918867 0.0205472796 0.0195769947 0.0427033287 0.0149514678 0.020193541 0.0287349692 0.0396060876 0.0179183636 0.0342424216 0.0417072533 0.0131813446 0.0320972833 0.0050574021 0.0
