32
1 0.0028135799 0.0377918797 0.0285914667 0.0183732381 0.0396668389 0.0275877772 0.0294067601 0.0450375704 0.0272506683 0.0311827521 0.0320409792 0.0456516717 0.0326449347 0.0186784018 0.0384120162 0.0388047861 0.0305781005 0.0391063715 0.0512156603 0.0295190821 0.0406641115 0.0515454083 0.0137755489 0.0167478487 0.0058544947 0.0400257703 0.052883172 0.0248429911 0.0289212625 0.0235794433 0.0369556053 0.0198498077 
2 0.0377918797 0.0 0.0105805538 0.0200933775 0.0224456294 0.032774618 0.0146135164 0.0192996533 0.0604209701 0.0414710011 0.004909761 0.0530795782 0.0514058446 0.0381256409 0.0206923712 0.0327907195 0.0207334547 0.0334963536 0.0335188021 0.0261675287 0.0398687193 0.0435590918 0.046167711 0.0460200712 0.0353815357 0.0375915027 0.0612278317 0.0306336686 0.0107095996 0.0330214978 0.0293375038 0.0120700132 
3 0.0285914667 0.0105805538 0.0048751508 0.0358415141 0.0276636675 0.0179494295 0.0410737759 0.0136739882 0.026318044 0.019448924 0.0371327728 0.0138449024 0.0274612351 0.0418566905 0.0286497823 0.013164238 0.0390869212 0.0384237895 0.0309020317 0.0827532957 0.022584223 0.0446260623 0.0435074958 0.0345966766 0.0615350436 0.0492667339 0.021135042 0.008143391 0.0296902534 0.031796731 0.019734514 0.0540916599 
4 0.0183732381 0.0200933775 0.0358415141 0.0044080934 0.0136880252 0.0919257469 0.0291286325 0.024272762 0.0241111853 0.0527277165 0.0162119091 0.0342930742 0.0200041922 0.0030794286 0.0390684942 0.0448628783 0.0342533315 0.0220352809 0.0231647969 0.0235025678 0.0365532214 0.050765112 0.0448487193 0.0246827241 0.0287930776 0.0322473673 0.0337500566 0.0312711789 0.042956057 0.0395004954 0.0247279022 0.034857843 
5 0.0396668389 0.0224456294 0.0276636675 0.0136880252 0.0302658362 0.0266165854 0.0402093892 0.037904435 0.0207775667 0.0160507902 0.0402648778 0.0442788228 0.0087452829 0.0494031711 0.0343188129 0.0231325062 0.0440488443 0.0351637407 0.0259001528 0.0443907033 0.042987784 0.029371256 0.0187490967 0.0318556286 0.0410214692 0.0196424191 0.0187138059 0.0155107538 0.0525152504 0.0290955278 0.0419078949 0.0336934349 
6 0.0275877772 0.032774618 0.0179494295 0.0919257469 0.0266165854 0.0 0.0193946023 0.0220477537 0.0209802674 0.0353154287 0.0679787359 0.0325580788 0.0357172051 0.029726523 0.0216526813 0.0333348166 0.0281076827 0.0379865048 0.036937794 0.0067841026 0.0396072192 0.0278169833 0.0250615341 0.0260309218 0.0286874077 0.0376615482 0.0126861162 0.0319107914 0.0436212307 0.0445771433 0.02341289 0.0335498805 
7 0.0294067601 0.0146135164 0.0410737759 0.0291286325 0.0402093892 0.0193946023 0.0356813541 0.0400495178 0.0238496203 0.0097339783 0.0298845219 0.0283318651 0.0359493953 0.0230689739 0.0368994648 0.0329228937 0.0351031097 0.0809696052 0.024173411 0.0247481647 0.0367042811 0.0270215106 0.0328141021 0.0222402295 0.0475182475 0.0130417962 0.0136631471 0.0474457492 0.0024172301 0.0382328409 0.0332398782 0.0504684351 
8 0.0450375704 0.0192996533 0.0136739882 0.024272762 0.037904435 0.0220477537 0.0400495178 0.0658518285 0.0312689703 0.0213120934 0.0394068326 0.0619489213 0.0233126304 0.0533529544 0.0388631255 0.0089516006 0.0368928759 0.0388760275 0.0137915756 0.0532251002 0.0294756378 0.0024375754 0.0406784654 0.0303924391 0.0143353833 0.0312734833 0.0287599111 0.0289626618 0.0233081902 0.0252812638 0.0435023717 0.0122524008 
9 0.0272506683 0.0604209701 0.026318044 0.0241111853 0.0207775667 0.0209802674 0.0238496203 0.0312689703 0.0477923081 0.0443504877 0.0387867863 0.05936719 0.0433766125 0.0175188993 0.0376105259 0.0605985101 0.0312874782 0.0096978506 0.0424616614 0.0237965986 0.0172127889 0.0306758759 0.0285590879 0.0314136846 0.0304928545 0.0481023817 0.0202520593 0.0394313684 0.009637629 0.0187696388 0.0132655876 0.0205648423 
10 0.0311827521 0.0414710011 0.019448924 0.0527277165 0.0160507902 0.0353154287 0.0097339783 0.0213120934 0.0443504877 0.0516462692 0.0226319052 0.0342924686 0.0377292297 0.0292533496 0.0304101154 0.0130737865 0.0179850366 0.0373725185 0.0290746743 0.0080693599 0.0265231498 0.0483224519 0.0315751847 0.0270154005 0.0120748145 0.0300938377 0.045667734 0.0549649636 0.0256530958 0.029680406 0.046937564 0.0383595119 
11 0.0320409792 0.004909761 0.0371327728 0.0162119091 0.0402648778 0.0679787359 0.0298845219 0.0394068326 0.0387867863 0.0226319052 0.0200329197 0.031295659 0.0356822898 0.0375056251 0.0212855629 0.033571178 0.0264740067 0.0255578979 0.0285531577 0.0216064969 0.0107917524 0.0325241833 0.0294510687 0.028683768 0.0406104367 0.005929842 0.0190316792 0.0479333803 0.0618393323 0.0377390348 0.0292431466 0.0454085004 
12 0.0456516717 0.0530795782 0.0138449024 0.0342930742 0.0442788228 0.0325580788 0.0283318651 0.0619489213 0.05936719 0.0342924686 0.031295659 0.0296358913 0.037931121 0.0200545553 0.024596475 0.0222742581 0.0213739348 0.0244084514 0.035192954 0.0217516815 0.0361400075 0.0197650688 0.0167715448 0.0307321458 0.0369984377 0.0262455208 0.0389906264 0.0235479191 0.0150876226 0.0224025207 0.0236420509 0.0335149803 
13 0.0326449347 0.0514058446 0.0274612351 0.0200041922 0.0087452829 0.0357172051 0.0359493953 0.0233126304 0.0433766125 0.0377292297 0.0356822898 0.037931121 0.02499221 0.026406413 0.0385076409 0.0269490322 0.0452140249 0.0375645058 0.0169324946 0.0467446776 0.0058129432 0.0460315854 0.0268220876 0.072760612 0.0291850931 0.0101681626 0.0344622445 0.0141559452 0.0475862366 0.0315658483 0.0123927157 0.0157855534 
14 0.0186784018 0.0381256409 0.0418566905 0.0030794286 0.0494031711 0.029726523 0.0230689739 0.0533529544 0.0175188993 0.0292533496 0.0375056251 0.0200545553 0.026406413 0.0325250226 0.0423457085 0.0290254695 0.0225336617 0.0037033092 0.0453593548 0.0314179059 0.0391426302 0.0146418699 0.0245486584 0.0187006008 0.0221731571 0.0364532233 0.0352998374 0.0500172548 0.0390768928 0.0811696198 0.0116726251 0.0321625716 
15 0.0384120162 0.0206923712 0.0286497823 0.0390684942 0.0343188129 0.0216526813 0.0368994648 0.0388631255 0.0376105259 0.0304101154 0.0212855629 0.024596475 0.0385076409 0.0423457085 0.0322332782 0.0387531641 0.0563887039 0.0159815221 0.0063500042 0.0177228977 0.0383307989 0.0184351773 0.0319663625 0.0159143852 0.0555108621 0.0271254559 0.0492930929 0.0189155755 0.0231709369 0.0241005358 0.054420119 0.0220743507 
16 0.0388047861 0.0327907195 0.013164238 0.0448628783 0.0231325062 0.0333348166 0.0329228937 0.0089516006 0.0605985101 0.0130737865 0.033571178 0.0222742581 0.0269490322 0.0290254695 0.0387531641 0.0198466972 0.0149264025 0.0298940033 0.0278519661 0.06377132 0.0374489521 0.031380825 0.0203052097 0.0394223985 0.0265304927 0.0116021689 0.0374263624 0.0377764494 0.0224794492 0.0177107959 0.0655931853 0.0438234843 
17 0.0305781005 0.0207334547 0.0390869212 0.0342533315 0.0440488443 0.0281076827 0.0351031097 0.0368928759 0.0312874782 0.0179850366 0.0264740067 0.0213739348 0.0452140249 0.0225336617 0.0563887039 0.0149264025 0.0420339094 0.0233305288 0.0572345434 0.018990384 0.0371350445 0.0375892105 0.0456886622 0.0190733351 0.0397993142 0.0299103377 0.043425451 0.0179157718 0.0359054373 0.0185799369 0.00950279 0.0188977735 
18 0.0391063715 0.0334963536 0.0384237895 0.0220352809 0.0351637407 0.0379865048 0.0809696052 0.0388760275 0.0096978506 0.0373725185 0.0255578979 0.0244084514 0.0375645058 0.0037033092 0.0159815221 0.0298940033 0.0233305288 0.0384420984 0.0126129519 0.022859012 0.0476929841 0.03856725 0.0162389017 0.0288507951 0.0320837004 0.0276317753 0.002886039 0.0136370714 0.0549941907 0.0465141441 0.0577472759 0.025673549 
19 0.0512156603 0.0335188021 0.0309020317 0.0231647969 0.0259001528 0.036937794 0.024173411 0.0137915756 0.0424616614 0.0290746743 0.0285531577 0.035192954 0.0169324946 0.0453593548 0.0063500042 0.0278519661 0.0572345434 0.0126129519 0.0105750526 0.0221966722 0.0289791378 0.0484506027 0.039777555 0.0412818624 0.0181471154 0.0346718388 0.0366275173 0.0577532446 0.0173959564 0.0201931014 0.0496923397 0.033030017 
20 0.0295190821 0.0261675287 0.0827532957 0.0235025678 0.0443907033 0.0067841026 0.0247481647 0.0532251002 0.0237965986 0.0080693599 0.0216064969 0.0217516815 0.0467446776 0.0314179059 0.0177228977 0.06377132 0.018990384 0.022859012 0.0221966722 0.0175304352 0.0319228224 0.0266302868 0.0254011819 0.022508491 0.0228007018 0.0550161935 0.0322827666 0.028033296 0.0820988224 0.0207315758 0.029010557 0.016015318 
21 0.0406641115 0.0398687193 0.022584223 0.0365532214 0.042987784 0.0396072192 0.0367042811 0.0294756378 0.0172127889 0.0265231498 0.0107917524 0.0361400075 0.0058129432 0.0391426302 0.0383307989 0.0374489521 0.0371350445 0.0476929841 0.0289791378 0.0319228224 0.0383324415 0.0228584931 0.0349472258 0.0293463257 0.0068174738 0.0387368885 0.0531144823 0.0153767211 0.0177825147 0.013829337 0.0243659955 0.058913892 
22 0.0515454083 0.0435590918 0.0446260623 0.050765112 0.029371256 0.0278169833 0.0270215106 0.0024375754 0.0306758759 0.0483224519 0.0325241833 0.0197650688 0.0460315854 0.0146418699 0.0184351773 0.031380825 0.0375892105 0.03856725 0.0484506027 0.0266302868 0.0228584931 0.0112793678 0.0185500282 0.0152905219 0.0394340169 0.0436270173 0.0468925497 0.0475085109 0.0095187894 0.0166206237 0.0186057208 0.0396569732 
23 0.0137755489 0.046167711 0.0435074958 0.0448487193 0.0187490967 0.0250615341 0.0328141021 0.0406784654 0.0285590879 0.0315751847 0.0294510687 0.0167715448 0.0268220876 0.0245486584 0.0319663625 0.0203052097 0.0456886622 0.0162389017 0.039777555 0.0254011819 0.0349472258 0.0185500282 0.0716880106 0.030888149 0.0187897246 0.0198137172 0.0190748522 0.0183494981 0.0554266786 0.0667795129 0.0240426364 0.0189417879 
24 0.0167478487 0.0460200712 0.0345966766 0.0246827241 0.0318556286 0.0260309218 0.0222402295 0.0303924391 0.0314136846 0.0270154005 0.028683768 0.0307321458 0.072760612 0.0187006008 0.0159143852 0.0394223985 0.0190733351 0.0288507951 0.0412818624 0.022508491 0.0293463257 0.0152905219 0.030888149 0.0674428738 0.037988514 0.0344027717 0.0149599952 0.0433924311 0.0202237717 0.0365929074 0.0413661374 0.0191815828 
25 0.0058544947 0.0353815357 0.0615350436 0.0287930776 0.0410214692 0.0286874077 0.0475182475 0.0143353833 0.0304928545 0.0120748145 0.0406104367 0.0369984377 0.0291850931 0.0221731571 0.0555108621 0.0265304927 0.0397993142 0.0320837004 0.0181471154 0.0228007018 0.0068174738 0.0394340169 0.0187897246 0.037988514 0.0281606567 0.033979883 0.046342694 0.0304247162 0.0158224935 0.056556605 0.0484332689 0.0077163136 
26 0.0400257703 0.0375915027 0.0492667339 0.0322473673 0.0196424191 0.0376615482 0.0130417962 0.0312734833 0.0481023817 0.0300938377 0.005929842 0.0262455208 0.0101681626 0.0364532233 0.0271254559 0.0116021689 0.0299103377 0.0276317753 0.0346718388 0.0550161935 0.0387368885 0.0436270173 0.0198137172 0.0344027717 0.033979883 0.0340453094 0.0380444981 0.0357654535 0.0283177832 0.0141995296 0.0284761045 0.0468896848 
27 0.052883172 0.0612278317 0.021135042 0.0337500566 0.0187138059 0.0126861162 0.0136631471 0.0287599111 0.0202520593 0.045667734 0.0190316792 0.0389906264 0.0344622445 0.0352998374 0.0492930929 0.0374263624 0.043425451 0.002886039 0.0366275173 0.0322827666 0.0531144823 0.0468925497 0.0190748522 0.0149599952 0.046342694 0.0380444981 0.0 0.0182245891 0.0371451656 0.022346874 0.0153847966 0.0500050106 
28 0.0248429911 0.0306336686 0.008143391 0.0312711789 0.0155107538 0.0319107914 0.0474457492 0.0289626618 0.0394313684 0.0549649636 0.0479333803 0.0235479191 0.0141559452 0.0500172548 0.0189155755 0.0377764494 0.0179157718 0.0136370714 0.0577532446 0.028033296 0.0153767211 0.0475085109 0.0183494981 0.0433924311 0.0304247162 0.0357654535 0.0182245891 0.0296742627 0.0418964351 0.0222638251 0.0363708785 0.0379492526 
29 0.0289212625 0.0107095996 0.0296902534 0.042956057 0.0525152504 0.0436212307 0.0024172301 0.0233081902 0.009637629 0.0256530958 0.0618393323 0.0150876226 0.0475862366 0.0390768928 0.0231709369 0.0224794492 0.0359054373 0.0549941907 0.0173959564 0.0820988224 0.0177825147 0.0095187894 0.0554266786 0.0202237717 0.0158224935 0.0283177832 0.0371451656 0.0418964351 0.0304872603 0.0232118487 0.0138692187 0.0372333643 
30 0.0235794433 0.0330214978 0.031796731 0.0395004954 0.0290955278 0.0445771433 0.0382328409 0.0252812638 0.0187696388 0.029680406 0.0377390348 0.0224025207 0.0315658483 0.0811696198 0.0241005358 0.0177107959 0.0185799369 0.0465141441 0.0201931014 0.0207315758 0.013829337 0.0166206237 0.0667795129 0.0365929074 0.056556605 0.0141995296 0.022346874 0.0222638251 0.0232118487 0.0298390741 0.0169270665 0.0465906944 
31 0.0369556053 0.0293375038 0.019734514 0.0247279022 0.0419078949 0.02341289 0.0332398782 0.0435023717 0.0132655876 0.046937564 0.0292431466 0.0236420509 0.0123927157 0.0116726251 0.054420119 0.0655931853 0.00950279 0.0577472759 0.0496923397 0.029010557 0.0243659955 0.0186057208 0.0240426364 0.0413661374 0.0484332689 0.0284761045 0.0153847966 0.0363708785 0.0138692187 0.0169270665 0.0395506003 0.0366690589 
32 0.0198498077 0.0120700132 0.0540916599 0.034857843 0.0336934349 0.0335498805 0.0504684351 0.0122524008 0.0205648423 0.0383595119 0.0454085004 0.0335149803 0.0157855534 0.0321625716 0.0220743507 0.0438234843 0.0188977735 0.025673549 0.033030017 0.016015318 0.058913892 0.0396569732 0.0189417879 0.0191815828 0.0077163136 0.0468896848 0.0500050106 0.0379492526 0.0372333643 0.0465906944 0.0366690589 0.0041084572 
