40
1 0.0 0.0166881618 0.0191576534 0.0418431971 0.0313620949 0.013548152 0.0214754685 0.0336999035 0.0360643877 0.0266484154 0.0251734308 0.0286104678 0.0203630284 0.0088867585 0.0264495471 0.0247970594 0.0290108733 0.0214457886 0.0302721359 0.0426154294 0.0300095959 0.026037404 0.025890642 0.0303297539 0.0356151854 0.02596552 0.0063591324 0.0335648729 0.0197460211 0.0216437822 0.0192022007 0.0291963415 0.0043557153 0.0059664718 0.0338648212 0.0365455061 0.0284525529 0.0284926388 0.0327355149 0.0279143736
2 0.0166881618 0.0 0.0082419577 0.0360909486 0.0143900962 0.0148069591 0.0227590208 0.0176235151 0.0168477485 0.027352834 0.023505577 0.0124847335 0.0254971265 0.0135029071 0.0305676508 0.0557656706 0.0297968366 0.0288290535 0.0103195743 0.0266012499 0.0232119571 0.0283885299 0.0434331819 0.0235984677 0.0184095556 0.0371723615 0.0434330859 0.0295552858 0.0200411058 0.0254946918 0.0176349274 0.0320823369 0.024950619 0.0150358343 0.0382007122 0.0134386752 0.0310513158 0.0493610838 0.0264941051 0.0273405459
3 0.0191576534 0.0082419577 0.0 0.0190231234 0.0417239678 0.0280973383 0.0402226628 0.0344308682 0.0394782537 0.0329545108 0.0187308918 0.0303566283 0.0129064128 0.0297519872 0.0260127791 0.0295245201 0.0447749514 0.0164368289 0.0315337935 0.0141234452 0.0408866684 0.0084588534 0.0051874493 0.0256578501 0.0203021006 0.0259122244 0.0152856729 0.0546767328 0.0231992884 0.0203278203 0.0071829853 0.0242404689 0.0241764653 0.0223907788 0.0356795303 0.0372481827 0.015452174 0.0321282795 0.0141594876 0.0299644125
4 0.0418431971 0.0360909486 0.0190231234 0.0 0.0192291636 0.0307726633 0.0365588622 0.0214260881 0.0139115696 0.0161354855 0.0404568728 0.0359756379 0.0287144574 0.0308510965 0.0070604312 0.016166455 0.0289490964 0.0302788151 0.0223506231 0.0092759092 0.018931735 0.0173832145 0.0251175505 0.0100281612 0.0346179596 0.0090253074 0.0313489048 0.0224337185 0.0185130351 0.0336703638 0.015787161 0.0379301191 0.041163374 0.0397224205 0.0265098225 0.0417056638 0.032147533 0.0252836221 0.0194453294 0.0141645084
5 0.0313620949 0.0143900962 0.0417239678 0.0192291636 0.0 0.0157176741 0.0499260023 0.0172792987 0.0145337611 0.0199688425 0.0153510897 0.0324586802 0.0133663422 0.0201120844 0.0245067299 0.0262041525 0.0238992024 0.0184826617 0.0261430217 0.0397051721 0.0290789362 0.0321752098 0.0197126795 0.0414968706 0.0126238925 0.020558989 0.0202455662 0.0336452879 0.0274690793 0.0312459244 0.0285357746 0.0438836555 0.0175230662 0.0294523974 0.0217224218 0.0332641255 0.0062916034 0.0473310348 0.0243897111 0.0149937361
6 0.013548152 0.0148069591 0.0280973383 0.0307726633 0.0157176741 0.0 0.022730096 0.0291287764 0.0346467853 0.0249171976 0.0242196583 0.0176253227 0.031074978 0.0361529505 0.0065323128 0.0120757111 0.020861016 0.0030783594 0.0188552012 0.0329216637 0.0325214342 0.010661531 0.016783164 0.0061470756 0.0387088899 0.0297785315 0.0321508549 0.0309169697 0.0346921815 0.030134612 0.0412628315 0.0181910571 0.0298112436 0.029716475 0.0396552609 0.037941227 0.0289733665 0.0285276247 0.0262804309 0.0393824227
7 0.0214754685 0.0227590208 0.0402226628 0.0365588622 0.0499260023 0.022730096 0.0 0.0165620463 0.0197170093 0.0253956528 0.0323994501 0.0350458634 0.0174975047 0.006554442 0.0102155819 0.0250403252 0.0178600752 0.0341149293 0.0174580545 0.0208714666 0.0258844266 0.0402071408 0.0497986619 0.0200764419 0.0402673097 0.0108487245 0.0104983677 0.0398220179 0.0304968622 0.041661542 0.0236916765 0.031774258 0.0210745023 0.0168738801 0.0126929816 0.0392678321 0.0147395546 0.0232153966 0.014202281 0.0205016279
8 0.0336999035 0.0176235151 0.0344308682 0.0214260881 0.0172792987 0.0291287764 0.0165620463 0.0 0.0319814329 0.0239118099 0.0232283579 0.0251562548 0.0264034151 0.0276237455 0.0057288026 0.0223147894 0.0452872917 0.0371961453 0.032201898 0.0070461253 0.0171343528 0.019428566 0.0150912748 0.0224792288 0.0244351417 0.0282784001 0.0483221714 0.0320850356 0.0213344417 0.0242354886 0.026466581 0.0268052964 0.0093448276 0.0200642495 0.0209886647 0.0222342728 0.040682205 0.0311286854 0.0359492145 0.0352813373
9 0.0360643877 0.0168477485 0.0394782537 0.0139115696 0.0145337611 0.0346467853 0.0197170093 0.0319814329 0.0 0.0345337066 0.0167238954 0.0298869544 0.0370893131 0.024439921 0.0371505871 0.0080014839 0.0249267387 0.0313152617 0.0296555315 0.0233394649 0.0226516488 0.0345275386 0.0137968362 0.00965336 0.0115148295 0.0185969194 0.0258697967 0.0091651874 0.0280307808 0.034988251 0.0376018675 0.0329203363 0.0425974549 0.033608958 0.037833039 0.0265242416 0.018966354 0.0076504443 0.0268204848 0.0224378648
10 0.0266484154 0.027352834 0.0329545108 0.0161354855 0.0199688425 0.0249171976 0.0253956528 0.0239118099 0.0345337066 0.0 0.03760044 0.0358302099 0.0224770898 0.023170027 0.0244779046 0.0232824004 0.0328250717 0.0133736564 0.008426364 0.0133407802 0.0100834991 0.0419916658 0.0376787157 0.0257638305 0.0242025194 0.0373189249 0.0190599909 0.0247823194 0.0298217089 0.0352004946 0.02585903 0.025970304 0.0465641722 0.0277905994 0.0298192383 0.0288411427 0.0021041734 0.0053388569 0.0370717632 0.0181146515
11 0.0251734308 0.023505577 0.0187308918 0.0404568728 0.0153510897 0.0242196583 0.0323994501 0.0232283579 0.0167238954 0.03760044 0.0 0.0144488287 0.0250155267 0.0410758853 0.0197550738 0.0327795269 0.0303465493 0.0401998436 0.0250278295 0.0202156611 0.0119826925 0.0262560198 0.033886197 0.0247044104 0.022935879 0.0209333555 0.0167826372 0.0282007695 0.0400071635 0.0252910303 0.0287035992 0.025276298 0.0268063084 0.0159923213 0.0378996405 0.0056774952 0.0316862828 0.0264649168 0.0219953582 0.0222632364
12 0.0286104678 0.0124847335 0.0303566283 0.0359756379 0.0324586802 0.0176253227 0.0350458634 0.0251562548 0.0298869544 0.0358302099 0.0144488287 0.0 0.0275677934 0.0240301228 0.0339731121 0.015036919 0.0113356586 0.0373588089 0.016797606 0.0194707205 0.0239587636 0.0287418591 0.0165578552 0.0318977621 0.0204950999 0.0232012101 0.0128581481 0.0142620915 0.035359931 0.0265994989 0.0111802729 0.0269402284 0.0178638899 0.0355414028 0.0340515804 0.0283980869 0.0243175082 0.0440511221 0.0281739693 0.0320993967
13 0.0203630284 0.0254971265 0.0129064128 0.0287144574 0.0133663422 0.031074978 0.0174975047 0.0264034151 0.0370893131 0.0224770898 0.0250155267 0.0275677934 0.0 0.0334079302 0.0218763999 0.003850184 0.0448889994 0.0335576582 0.0230318845 0.0387957213 0.0201842326 0.0241815853 0.0167632989 0.0400851678 0.0255174332 0.0286074216 0.0134660964 0.0345484821 0.0296798752 0.0268351034 0.0264722294 0.04564249 0.0033759451 0.0217590598 0.0183891601 0.0224867931 0.0367719856 0.0258107066 0.0233565799 0.0286845882
14 0.0088867585 0.0135029071 0.0297519872 0.0308510965 0.0201120844 0.0361529505 0.006554442 0.0276237455 0.024439921 0.023170027 0.0410758853 0.0240301228 0.0334079302 0.0 0.0436943028 0.0351823266 0.0200061106 0.0250413455 0.0454543736 0.0389706621 0.007004224 0.0364283324 0.0212975795 0.027252682 0.0217759751 0.0248049311 0.0111062286 0.026654376 0.0187618832 0.0401144743 0.0273245568 0.0115374273 0.0134214298 0.0229292527 0.0279787052 0.0331428249 0.0191637818 0.0360222962 0.0163718176 0.0289982423
15 0.0264495471 0.0305676508 0.0260127791 0.0070604312 0.0245067299 0.0065323128 0.0102155819 0.0057288026 0.0371505871 0.0244779046 0.0197550738 0.0339731121 0.0218763999 0.0436943028 0.0 0.0579335691 0.0306972772 0.0500187889 0.0376947688 0.0359609352 0.0310033646 0.0223818684 0.0224544273 0.0423468869 0.0325173554 0.016232695 0.0282647642 0.009351088 0.0167586317 0.0103400229 0.0296518966 0.0330762958 0.0321805391 0.0247808071 0.0162213722 0.0073864165 0.0271570916 0.0141108899 0.0350991262 0.0183779059
16 0.0247970594 0.0557656706 0.0295245201 0.016166455 0.0262041525 0.0120757111 0.0250403252 0.0223147894 0.0080014839 0.0232824004 0.0327795269 0.015036919 0.003850184 0.0351823266 0.0579335691 0.0 0.0161187533 0.0299018548 0.0085109524 0.0187986915 0.0145546678 0.0043253791 0.0328194522 0.0269694215 0.052463474 0.0272929453 0.0465363872 0.0167526727 0.0219390477 0.0219680761 0.0238476853 0.0313255983 0.0155400881 0.0376226774 0.0159479311 0.0521007813 0.0305788766 0.0260072509 0.0152360475 0.0248861945
17 0.0290108733 0.0297968366 0.0447749514 0.0289490964 0.0238992024 0.020861016 0.0178600752 0.0452872917 0.0249267387 0.0328250717 0.0303465493 0.0113356586 0.0448889994 0.0200061106 0.0306972772 0.0161187533 0.0 0.031049857 0.0294337497 0.0411107187 0.0185647339 0.016678993 0.0267266635 0.0201671303 0.0190064076 0.0161636764 0.0312179825 0.0241312533 0.034198503 0.0169711553 0.0440239177 0.0089926831 0.0285108509 0.041398869 0.0351284658 0.0027161174 0.0270589322 0.0053480384 0.0162959687 0.0135208306
18 0.0214457886 0.0288290535 0.0164368289 0.0302788151 0.0184826617 0.0030783594 0.0341149293 0.0371961453 0.0313152617 0.0133736564 0.0401998436 0.0373588089 0.0335576582 0.0250413455 0.0500187889 0.0299018548 0.031049857 0.0 0.0095153345 0.0136928085 0.0443935337 0.0051041164 0.0171393073 0.0256127787 0.0204807234 0.0296139514 0.038709813 0.0171571753 0.0417201248 0.033897824 0.0413344573 0.0032699242 0.0444533708 0.0229972674 0.0158272066 0.0149597959 0.0160328192 0.0056790105 0.0317086326 0.0250203674
19 0.0302721359 0.0103195743 0.0315337935 0.0223506231 0.0261430217 0.0188552012 0.0174580545 0.032201898 0.0296555315 0.008426364 0.0250278295 0.016797606 0.0230318845 0.0454543736 0.0376947688 0.0085109524 0.0294337497 0.0095153345 0.0 0.0233684897 0.0289366538 0.0339828258 0.0408941092 0.0396069304 0.0212496451 0.0394121243 0.0286220632 0.0298897778 0.034802808 0.0142616889 0.0240718069 0.0223198755 0.0434084019 0.0358225157 0.0111294869 0.021431193 0.037306113 0.0162006867 0.0032599512 0.0273401561
20 0.0426154294 0.0266012499 0.0141234452 0.0092759092 0.0397051721 0.0329216637 0.0208714666 0.0070461253 0.0233394649 0.0133407802 0.0202156611 0.0194707205 0.0387957213 0.0389706621 0.0359609352 0.0187986915 0.0411107187 0.0136928085 0.0233684897 0.0 0.0345259824 0.0154878602 0.0228434293 0.023174251 0.0146086863 0.0145722939 0.0189603142 0.0149024526 0.0343439613 0.0229051307 0.0323165807 0.0182743034 0.0170117822 0.0345365153 0.0224902398 0.0340155097 0.0514467122 0.0125796471 0.0451307736 0.0356484589
21 0.0300095959 0.0232119571 0.0408866684 0.018931735 0.0290789362 0.0325214342 0.0258844266 0.0171343528 0.0226516488 0.0100834991 0.0119826925 0.0239587636 0.0201842326 0.007004224 0.0310033646 0.0145546678 0.0185647339 0.0443935337 0.0289366538 0.0345259824 0.0 0.0415320277 0.0271795844 0.029710224 0.0143197612 0.0309360867 0.0504301038 0.0041931298 0.0253170118 0.0279170489 0.0271554952 0.0249406615 0.0412004372 0.0154007516 0.0298500884 0.0155064649 0.0304861545 0.0224495525 0.0231740436 0.0327982695
22 0.026037404 0.0283885299 0.0084588534 0.0173832145 0.0321752098 0.010661531 0.0402071408 0.019428566 0.0345275386 0.0419916658 0.0262560198 0.0287418591 0.0241815853 0.0364283324 0.0223818684 0.0043253791 0.016678993 0.0051041164 0.0339828258 0.0154878602 0.0415320277 0.0 0.0179403835 0.0331793741 0.0150140401 0.0410046268 0.0257341593 0.0125407907 0.0502743684 0.0126619218 0.0255272223 0.0081188449 0.0211970453 0.0369415801 0.0286702581 0.0333488367 0.0349021903 0.0269713367 0.0322768682 0.0293356316
23 0.025890642 0.0434331819 0.0051874493 0.0251175505 0.0197126795 0.016783164 0.0497986619 0.0150912748 0.0137968362 0.0376787157 0.033886197 0.0165578552 0.0167632989 0.0212975795 0.0224544273 0.0328194522 0.0267266635 0.0171393073 0.0408941092 0.0228434293 0.0271795844 0.0179403835 0.0 0.0353023458 0.0287849493 0.0337868495 0.0259033147 0.0345734328 0.0125872857 0.0281788762 0.0282818861 0.033106497 0.0231573009 0.0090658104 0.0158674282 0.0291265832 0.0251422905 0.037089152 0.0295508001 0.0215027543
24 0.0303297539 0.0235984677 0.0256578501 0.0100281612 0.0414968706 0.0061470756 0.0200764419 0.0224792288 0.00965336 0.0257638305 0.0247044104 0.0318977621 0.0400851678 0.027252682 0.0423468869 0.0269694215 0.0201671303 0.0256127787 0.0396069304 0.023174251 0.029710224 0.0331793741 0.0353023458 0.0 0.0220727641 0.0065361709 0.0302908252 0.0358624403 0.0144990349 0.0304579848 0.0202146831 0.0409369794 0.0025197327 0.0345537575 0.0118753083 0.0336023462 0.0100312612 0.0221627394 0.04066936 0.0284742063
25 0.0356151854 0.0184095556 0.0203021006 0.0346179596 0.0126238925 0.0387088899 0.0402673097 0.0244351417 0.0115148295 0.0242025194 0.022935879 0.0204950999 0.0255174332 0.0217759751 0.0325173554 0.052463474 0.0190064076 0.0204807234 0.0212496451 0.0146086863 0.0143197612 0.0150140401 0.0287849493 0.0220727641 0.0 0.0238390951 0.0291784347 0.0419408106 0.030509261 0.0175296364 0.0412835173 0.0054875478 0.0250864683 0.0332450386 0.0409386016 0.0230935946 0.0381642756 0.0136261591 0.0172308111 0.0269071706
26 0.02596552 0.0371723615 0.0259122244 0.0090253074 0.020558989 0.0297785315 0.0108487245 0.0282784001 0.0185969194 0.0373189249 0.0209333555 0.0232012101 0.0286074216 0.0248049311 0.016232695 0.0272929453 0.0161636764 0.0296139514 0.0394121243 0.0145722939 0.0309360867 0.0410046268 0.0337868495 0.0065361709 0.0238390951 0.0 0.0488598181 0.0177788449 0.0197814986 0.0250129808 0.0400932344 0.0278751762 0.0129322375 0.0247101926 0.0280717063 0.018978528 0.0275654276 0.0327249584 0.0233825868 0.0318394735
27 0.0063591324 0.0434330859 0.0152856729 0.0313489048 0.0202455662 0.0321508549 0.0104983677 0.0483221714 0.0258697967 0.0190599909 0.0167826372 0.0128581481 0.0134660964 0.0111062286 0.0282647642 0.0465363872 0.0312179825 0.038709813 0.0286220632 0.0189603142 0.0504301038 0.0257341593 0.0259033147 0.0302908252 0.0291784347 0.0488598181 0.0 0.0319467061 0.0207715869 0.0072655726 0.0231533367 0.0401500941 0.0138324868 0.0031200156 0.0200362068 0.0329583689 0.0228304349 0.0110063306 0.0297517969 0.0336824291
28 0.0335648729 0.0295552858 0.0546767328 0.0224337185 0.0336452879 0.0309169697 0.0398220179 0.0320850356 0.0091651874 0.0247823194 0.0282007695 0.0142620915 0.0345484821 0.026654376 0.009351088 0.0167526727 0.0241312533 0.0171571753 0.0298897778 0.0149024526 0.0041931298 0.0125407907 0.0345734328 0.0358624403 0.0419408106 0.0177788449 0.0319467061 0.0 0.0221365903 0.0283362679 0.0230020852 0.0249997495 0.0132730039 0.0411071748 0.0207075914 0.0197243542 0.0374560334 0.0312621896 0.0110811951 0.0215800428
29 0.0197460211 0.0200411058 0.0231992884 0.0185130351 0.0274690793 0.0346921815 0.0304968622 0.0213344417 0.0280307808 0.0298217089 0.0400071635 0.035359931 0.0296798752 0.0187618832 0.0167586317 0.0219390477 0.034198503 0.0417201248 0.034802808 0.0343439613 0.0253170118 0.0502743684 0.0125872857 0.0144990349 0.030509261 0.0197814986 0.0207715869 0.0221365903 0.0 0.0307989307 0.0126099957 0.0172184289 0.0216119056 0.0223820025 0.0358818593 0.021947192 0.0124833424 0.0234994397 0.0260159195 0.018757912
30 0.0216437822 0.0254946918 0.0203278203 0.0336703638 0.0312459244 0.030134612 0.041661542 0.0242354886 0.034988251 0.0352004946 0.0252910303 0.0265994989 0.0268351034 0.0401144743 0.0103400229 0.0219680761 0.0169711553 0.033897824 0.0142616889 0.0229051307 0.0279170489 0.0126619218 0.0281788762 0.0304579848 0.0175296364 0.0250129808 0.0072655726 0.0283362679 0.0307989307 0.0 0.0137701513 0.0093011671 0.03741755 0.0278658086 0.0152943335 0.0231489394 0.0275204987 0.044411119 0.0258409818 0.029483255
31 0.0192022007 0.0176349274 0.0071829853 0.015787161 0.0285357746 0.0412628315 0.0236916765 0.026466581 0.0376018675 0.02585903 0.0287035992 0.0111802729 0.0264722294 0.0273245568 0.0296518966 0.0238476853 0.0440239177 0.0413344573 0.0240718069 0.0323165807 0.0271554952 0.0255272223 0.0282818861 0.0202146831 0.0412835173 0.0400932344 0.0231533367 0.0230020852 0.0126099957 0.0137701513 0.0 0.0395669708 0.0157481484 0.0277661555 0.0210950317 0.0273696445 0.0085244912 0.0338195738 0.0154306576 0.0234356809
32 0.0291963415 0.0320823369 0.0242404689 0.0379301191 0.0438836555 0.0181910571 0.031774258 0.0268052964 0.0329203363 0.025970304 0.025276298 0.0269402284 0.04564249 0.0115374273 0.0330762958 0.0313255983 0.0089926831 0.0032699242 0.0223198755 0.0182743034 0.0249406615 0.0081188449 0.033106497 0.0409369794 0.0054875478 0.0278751762 0.0401500941 0.0249997495 0.0172184289 0.0093011671 0.0395669708 0.0 0.0074942267 0.0367710427 0.0255427055 0.0071993067 0.0350160257 0.0163273323 0.0323286426 0.0379693027
33 0.0043557153 0.024950619 0.0241764653 0.041163374 0.0175230662 0.0298112436 0.0210745023 0.0093448276 0.0425974549 0.0465641722 0.0268063084 0.0178638899 0.0033759451 0.0134214298 0.0321805391 0.0155400881 0.0285108509 0.0444533708 0.0434084019 0.0170117822 0.0412004372 0.0211970453 0.0231573009 0.0025197327 0.0250864683 0.0129322375 0.0138324868 0.0132730039 0.0216119056 0.03741755 0.0157481484 0.0074942267 0.0 0.0240695753 0.040023656 0.02956125 0.0430364287 0.040993428 0.0505545333 0.0321565388
34 0.0059664718 0.0150358343 0.0223907788 0.0397224205 0.0294523974 0.029716475 0.0168738801 0.0200642495 0.033608958 0.0277905994 0.0159923213 0.0355414028 0.0217590598 0.0229292527 0.0247808071 0.0376226774 0.041398869 0.0229972674 0.0358225157 0.0345365153 0.0154007516 0.0369415801 0.0090658104 0.0345537575 0.0332450386 0.0247101926 0.0031200156 0.0411071748 0.0223820025 0.0278658086 0.0277661555 0.0367710427 0.0240695753 0.0 0.0288220068 0.0203323456 0.0212265271 0.0350546501 0.0092013438 0.0143614675
35 0.0338648212 0.0382007122 0.0356795303 0.0265098225 0.0217224218 0.0396552609 0.0126929816 0.0209886647 0.037833039 0.0298192383 0.0378996405 0.0340515804 0.0183891601 0.0279787052 0.0162213722 0.0159479311 0.0351284658 0.0158272066 0.0111294869 0.0224902398 0.0298500884 0.0286702581 0.0158674282 0.0118753083 0.0409386016 0.0280717063 0.0200362068 0.0207075914 0.0358818593 0.0152943335 0.0210950317 0.0255427055 0.040023656 0.0288220068 0.0 0.0050594048 0.0130722165 0.0210817459 0.0425017571 0.0235778126
36 0.0365455061 0.0134386752 0.0372481827 0.0417056638 0.0332641255 0.037941227 0.0392678321 0.0222342728 0.0265242416 0.0288411427 0.0056774952 0.0283980869 0.0224867931 0.0331428249 0.0073864165 0.0521007813 0.0027161174 0.0149597959 0.021431193 0.0340155097 0.0155064649 0.0333488367 0.0291265832 0.0336023462 0.0230935946 0.018978528 0.0329583689 0.0197243542 0.021947192 0.0231489394 0.0273696445 0.0071993067 0.02956125 0.0203323456 0.0050594048 0.0 0.0387910242 0.0342390208 0.0300127358 0.0166741763
37 0.0284525529 0.0310513158 0.015452174 0.032147533 0.0062916034 0.0289733665 0.0147395546 0.040682205 0.018966354 0.0021041734 0.0316862828 0.0243175082 0.0367719856 0.0191637818 0.0271570916 0.0305788766 0.0270589322 0.0160328192 0.037306113 0.0514467122 0.0304861545 0.0349021903 0.0251422905 0.0100312612 0.0381642756 0.0275654276 0.0228304349 0.0374560334 0.0124833424 0.0275204987 0.0085244912 0.0350160257 0.0430364287 0.0212265271 0.0130722165 0.0387910242 0.0 0.0105012031 0.0242080296 0.0186612091
38 0.0284926388 0.0493610838 0.0321282795 0.0252836221 0.0473310348 0.0285276247 0.0232153966 0.0311286854 0.0076504443 0.0053388569 0.0264649168 0.0440511221 0.0258107066 0.0360222962 0.0141108899 0.0260072509 0.0053480384 0.0056790105 0.0162006867 0.0125796471 0.0224495525 0.0269713367 0.037089152 0.0221627394 0.0136261591 0.0327249584 0.0110063306 0.0312621896 0.0234994397 0.044411119 0.0338195738 0.0163273323 0.040993428 0.0350546501 0.0210817459 0.0342390208 0.0105012031 0.0 0.0213957083 0.0306521283
39 0.0327355149 0.0264941051 0.0141594876 0.0194453294 0.0243897111 0.0262804309 0.014202281 0.0359492145 0.0268204848 0.0370717632 0.0219953582 0.0281739693 0.0233565799 0.0163718176 0.0350991262 0.0152360475 0.0162959687 0.0317086326 0.0032599512 0.0451307736 0.0231740436 0.0322768682 0.0295508001 0.04066936 0.0172308111 0.0233825868 0.0297517969 0.0110811951 0.0260159195 0.0258409818 0.0154306576 0.0323286426 0.0505545333 0.0092013438 0.0425017571 0.0300127358 0.0242080296 0.0213957083 0.0 0.0212156816
40 0.0279143736 0.0273405459 0.0299644125 0.0141645084 0.0149937361 0.0393824227 0.0205016279 0.0352813373 0.0224378648 0.0181146515 0.0222632364 0.0320993967 0.0286845882 0.0289982423 0.0183779059 0.0248861945 0.0135208306 0.0250203674 0.0273401561 0.0356484589 0.0327982695 0.0293356316 0.0215027543 0.0284742063 0.0269071706 0.0318394735 0.0336824291 0.0215800428 0.018757912 0.029483255 0.0234356809 0.0379693027 0.0321565388 0.0143614675 0.0235778126 0.0166741763 0.0186612091 0.0306521283 0.0212156816 0.0
