32
1 0.0094999348 0.0367255295 0.0259185805 0.0432961105 0.035661674 0.0572966846 0.0210709027 0.0299213959 0.0263859205 0.0457492885 0.0349396122 0.0334082072 0.0099666456 0.0277514143 0.0332002402 0.0472491252 0.060334038 0.0567119509 0.0208600249 0.0298848179 0.0156976887 0.0211241214 0.0199221702 0.0190041145 0.0203493189 0.0231643567 0.0115899855 0.0209012697 0.042726636 0.0395490812 0.0289790726 0.0511600865 
2 0.0367255295 0.0355782502 0.0664179626 0.0093434335 0.0317518863 0.0209053093 0.0602040407 0.0325413958 0.0381502682 0.0232853154 0.0153233696 0.0220858635 0.044877063 0.0160568785 0.0240503317 0.0303461398 0.0135800268 0.008110493 0.0185170763 0.0387014583 0.0452395045 0.0428365047 0.0206239629 0.0120443225 0.0290430357 0.0465484657 0.0680189186 0.0329411938 0.0374679671 0.0393965629 0.027533877 0.0117535927 
3 0.0259185805 0.0664179626 0.0033055887 0.0505698382 0.0219274191 0.025907292 0.0440989175 0.0111617118 0.0498449457 0.0445801124 0.060193945 0.0259108222 0.0570275907 0.0598372681 0.0262203414 0.0293878243 0.0371901187 0.0418906026 0.0269543442 0.0085223531 0.0329154532 0.0265221336 0.0349946407 0.0118998834 0.0330299307 0.0153894021 0.0139417359 0.0383099803 0.0249815949 0.0140128917 0.0028850601 0.0342497143 
4 0.0432961105 0.0093434335 0.0505698382 0.0221343445 0.042989263 0.0696260162 0.0521018159 0.0244448332 0.0198571795 0.0405578721 0.0211682279 0.0363546095 0.0156023012 0.0279457146 0.042211561 0.0304438006 0.0393753463 0.0345895005 0.0367814143 0.0378394044 0.0208084306 0.0247639273 0.0269392872 0.0255558429 0.0074839491 0.0465485366 0.0189102828 0.0213531108 0.0248925899 0.0372925206 0.0194459724 0.0287729629 
5 0.035661674 0.0317518863 0.0219274191 0.042989263 0.00618392 0.0331521203 0.0373547789 0.0240997228 0.0168760529 0.0522708553 0.0296140592 0.0340303847 0.0157529099 0.0338573938 0.0378070412 0.0254523797 0.0336029964 0.0361135946 0.0534995112 0.0253594035 0.0145620729 0.0559909276 0.0239107054 0.0457074347 0.045281705 0.0323334906 0.0483050876 0.0389461678 0.0138025256 0.0135868564 0.0220271137 0.0181885459 
6 0.0572966846 0.0209053093 0.025907292 0.0696260162 0.0331521203 0.0441996794 0.0274245103 0.016395007 0.0466727248 0.0172231187 0.0259200006 0.0499141137 0.014517548 0.0343569156 0.0209029438 0.0132875246 0.0181221344 0.0267396282 0.0166732436 0.0280417789 0.0337784816 0.0630055779 0.0059400424 0.0382182462 0.0327454942 0.0344671164 0.0243850427 0.0226903181 0.0356609422 0.0205222525 0.0371898818 0.0441183102 
7 0.0210709027 0.0602040407 0.0440989175 0.0521018159 0.0373547789 0.0274245103 0.0241462862 0.0278799574 0.0317741829 0.0415596667 0.0227825833 0.0231871374 0.0358134964 0.0060222211 0.0130867376 0.054167279 0.0384928297 0.0298488977 0.0255401449 0.0520808804 0.0191900145 0.0121378587 0.0293079095 0.038281535 0.0236788776 0.0200095771 0.0625009147 0.0171807287 0.0129728563 0.0440187416 0.0227794601 0.0293042592 
8 0.0299213959 0.0325413958 0.0111617118 0.0244448332 0.0240997228 0.016395007 0.0278799574 0.0225747999 0.0161259978 0.0343471391 0.0339494441 0.0349349996 0.0576559645 0.0304398877 0.0374585175 0.0457121081 0.0287427457 0.034811265 0.045772579 0.0113510116 0.038435316 0.0416759351 0.0340156835 0.0248335603 0.0296343139 0.0156659181 0.039992412 0.0143159827 0.0347263771 0.0434276368 0.0168885366 0.0660678446 
9 0.0263859205 0.0381502682 0.0498449457 0.0198571795 0.0168760529 0.0466727248 0.0317741829 0.0161259978 0.0350076498 0.0144123728 0.0266645471 0.0175759733 0.0210425301 0.0172029418 0.0362066465 0.063586416 0.0332245576 0.0375395749 0.0485046548 0.026481885 0.0244271178 0.0444143733 0.0156474571 0.0351235412 0.0389128557 0.032013267 0.0116647607 0.0517591167 0.0294432233 0.0226372175 0.0403497324 0.0304703154 
10 0.0457492885 0.0232853154 0.0445801124 0.0405578721 0.0522708553 0.0172231187 0.0415596667 0.0343471391 0.0144123728 0.000351386 0.0307830412 0.021022768 0.0604540803 0.0268082623 0.0266735518 0.0232158712 0.0534022678 0.0162617157 0.0210698851 0.0381250725 0.0392991133 0.0066566625 0.0531219057 0.0136346622 0.0364715624 0.0288191271 0.0409785667 0.0182817405 0.0579479635 0.0235357151 0.0273260419 0.0217732963 
11 0.0349396122 0.0153233696 0.060193945 0.0211682279 0.0296140592 0.0259200006 0.0227825833 0.0339494441 0.0266645471 0.0307830412 0.0666641904 0.0397269891 0.0262422078 0.0141844962 0.0312102466 0.0261988744 0.0246593593 0.0090755775 0.039452247 0.0429037967 0.0174873422 0.0258650223 0.0562596831 0.050095415 0.0156641808 0.0095817716 0.0112367545 0.0563918307 0.0437539438 0.0159331109 0.0377801654 0.0382939648 
12 0.0334082072 0.0220858635 0.0259108222 0.0363546095 0.0340303847 0.0499141137 0.0231871374 0.0349349996 0.0175759733 0.021022768 0.0397269891 0.0199886845 0.0137216682 0.0279687982 0.0340671634 0.0516035427 0.020799016 0.0400122495 0.0167315689 0.0561927772 0.0354528238 0.038000908 0.0153161789 0.0106289878 0.0377135867 0.0177628068 0.0374887951 0.0406884047 0.0487674739 0.0382940105 0.0461008166 0.0145478704 
13 0.0099666456 0.044877063 0.0570275907 0.0156023012 0.0157529099 0.014517548 0.0358134964 0.0576559645 0.0210425301 0.0604540803 0.0262422078 0.0137216682 0.0219618911 0.0231855333 0.053141431 0.0287590581 0.0197887707 0.0178984463 0.0144310241 0.0598653189 0.0505607109 0.0481956412 0.0170235549 0.0423836028 0.0361499192 0.0081469746 0.0201598775 0.0355177615 0.044404046 0.0210117741 0.061075509 0.0036651493 
14 0.0277514143 0.0160568785 0.0598372681 0.0279457146 0.0338573938 0.0343569156 0.0060222211 0.0304398877 0.0172029418 0.0268082623 0.0141844962 0.0279687982 0.0231855333 0.0416969456 0.0385197285 0.0277645137 0.018905413 0.0424382969 0.0185439742 0.006197521 0.0383971239 0.0290355284 0.017409007 0.0520211204 0.0274334037 0.0332655396 0.0442867143 0.0193806324 0.0512216141 0.0446041868 0.0459356488 0.0573253619 
15 0.0332002402 0.0240503317 0.0262203414 0.042211561 0.0378070412 0.0209029438 0.0130867376 0.0374585175 0.0362066465 0.0266735518 0.0312102466 0.0340671634 0.053141431 0.0385197285 0.0034098726 0.0225465918 0.0342870002 0.0454149736 0.0308393262 0.0243091951 0.0263089864 0.0298293668 0.0404285589 0.0295782196 0.0130397604 0.0332162578 0.0328136335 0.0288448441 0.0294794164 0.0185643099 0.0655464824 0.0367867219 
16 0.0472491252 0.0303461398 0.0293878243 0.0304438006 0.0254523797 0.0132875246 0.054167279 0.0457121081 0.063586416 0.0232158712 0.0261988744 0.0516035427 0.0287590581 0.0277645137 0.0225465918 0.0339011483 0.0081641099 0.0215281887 0.0506148699 0.0468272464 0.0091872615 0.0094805641 0.0591578602 0.0221362766 0.0448503877 0.0419658957 0.0266213092 0.0242767935 0.0103987254 0.0219845914 0.0258337905 0.0233499319 
17 0.060334038 0.0135800268 0.0371901187 0.0393753463 0.0336029964 0.0181221344 0.0384928297 0.0287427457 0.0332245576 0.0534022678 0.0246593593 0.020799016 0.0197887707 0.018905413 0.0342870002 0.0081641099 0.0278827389 0.0332942164 0.0388884366 0.0374531057 0.0329413763 0.0482376087 0.0255236694 0.0331211327 0.0469047877 0.0385778489 0.0122272763 0.0376199372 0.0153345988 0.0372220331 0.024803558 0.0272969448 
18 0.0567119509 0.008110493 0.0418906026 0.0345895005 0.0361135946 0.0267396282 0.0298488977 0.034811265 0.0375395749 0.0162617157 0.0090755775 0.0400122495 0.0178984463 0.0424382969 0.0454149736 0.0215281887 0.0332942164 0.0341787253 0.0258208315 0.0193234685 0.0617801416 0.0073150803 0.0245400916 0.037566989 0.0519234556 0.0460778586 0.0365852564 0.0191457705 0.0387531926 0.0345187837 0.0031853778 0.027005805 
19 0.0208600249 0.0185170763 0.0269543442 0.0367814143 0.0534995112 0.0166732436 0.0255401449 0.045772579 0.0485046548 0.0210698851 0.039452247 0.0167315689 0.0144310241 0.0185439742 0.0308393262 0.0506148699 0.0388884366 0.0258208315 0.0040558528 0.0235337096 0.052240268 0.0333985686 0.0066244699 0.0495458293 0.0403918582 0.0 0.0505073529 0.0400903168 0.0453912481 0.0329308888 0.0195053721 0.0522891082 
20 0.0298848179 0.0387014583 0.0085223531 0.0378394044 0.0253594035 0.0280417789 0.0520808804 0.0113510116 0.026481885 0.0381250725 0.0429037967 0.0561927772 0.0598653189 0.006197521 0.0243091951 0.0468272464 0.0374531057 0.0193234685 0.0235337096 0.0060700288 0.0321335342 0.0257947341 0.0487326993 0.0441150239 0.0264605475 0.0300795069 0.0371559476 0.0192277873 0.0335200828 0.0444499416 0.0226524029 0.0166135585 
21 0.0156976887 0.0452395045 0.0329154532 0.0208084306 0.0145620729 0.0337784816 0.0191900145 0.038435316 0.0244271178 0.0392991133 0.0174873422 0.0354528238 0.0505607109 0.0383971239 0.0263089864 0.0091872615 0.0329413763 0.0617801416 0.052240268 0.0321335342 0.0 0.0209861994 0.0408365603 0.0157712495 0.0193821034 0.0554358088 0.0110622416 0.0711958826 0.049844293 0.0368918912 0.022896412 0.0148545964 
22 0.0211241214 0.0428365047 0.0265221336 0.0247639273 0.0559909276 0.0630055779 0.0121378587 0.0416759351 0.0444143733 0.0066566625 0.0258650223 0.038000908 0.0481956412 0.0290355284 0.0298293668 0.0094805641 0.0482376087 0.0073150803 0.0333985686 0.0257947341 0.0209861994 0.0127151167 0.0575167333 0.0331662893 0.0354393356 0.0443063426 0.0206054036 0.0245102097 0.0094437744 0.0262263208 0.0476753514 0.0331278784 
23 0.0199221702 0.0206239629 0.0349946407 0.0269392872 0.0239107054 0.0059400424 0.0293079095 0.0340156835 0.0156474571 0.0531219057 0.0562596831 0.0153161789 0.0170235549 0.017409007 0.0404285589 0.0591578602 0.0255236694 0.0245400916 0.0066244699 0.0487326993 0.0408365603 0.0575167333 0.0260921118 0.0561299665 0.0219696474 0.0312101589 0.0336262144 0.0258538476 0.0142989404 0.0210197405 0.0533260555 0.0426804855 
24 0.0190041145 0.0120443225 0.0118998834 0.0255558429 0.0457074347 0.0382182462 0.038281535 0.0248335603 0.0351235412 0.0136346622 0.050095415 0.0106289878 0.0423836028 0.0520211204 0.0295782196 0.0221362766 0.0331211327 0.037566989 0.0495458293 0.0441150239 0.0157712495 0.0331662893 0.0561299665 0.0250203107 0.0037688814 0.0343749307 0.0402162219 0.0370369712 0.0336454882 0.02856285 0.0388737655 0.0179373353 
25 0.0203493189 0.0290430357 0.0330299307 0.0074839491 0.045281705 0.0327454942 0.0236788776 0.0296343139 0.0389128557 0.0364715624 0.0156641808 0.0377135867 0.0361499192 0.0274334037 0.0130397604 0.0448503877 0.0469047877 0.0519234556 0.0403918582 0.0264605475 0.0193821034 0.0354393356 0.0219696474 0.0037688814 0.0654488773 0.0341244322 0.0155599028 0.0416532 0.0146894197 0.0201622904 0.0443204836 0.0463184957 
26 0.0231643567 0.0465484657 0.0153894021 0.0465485366 0.0323334906 0.0344671164 0.0200095771 0.0156659181 0.032013267 0.0288191271 0.0095817716 0.0177628068 0.0081469746 0.0332655396 0.0332162578 0.0419658957 0.0385778489 0.0460778586 0.0 0.0300795069 0.0554358088 0.0443063426 0.0312101589 0.0343749307 0.0341244322 0.0339023693 0.0493582691 0.0244365187 0.0195183691 0.0396350405 0.0319005799 0.0481634623 
27 0.0115899855 0.0680189186 0.0139417359 0.0189102828 0.0483050876 0.0243850427 0.0625009147 0.039992412 0.0116647607 0.0409785667 0.0112367545 0.0374887951 0.0201598775 0.0442867143 0.0328136335 0.0266213092 0.0122272763 0.0365852564 0.0505073529 0.0371559476 0.0110622416 0.0206054036 0.0336262144 0.0402162219 0.0155599028 0.0493582691 0.0112455951 0.006551935 0.0321882161 0.0707378528 0.0241029477 0.0353745753 
28 0.0209012697 0.0329411938 0.0383099803 0.0213531108 0.0389461678 0.0226903181 0.0171807287 0.0143159827 0.0517591167 0.0182817405 0.0563918307 0.0406884047 0.0355177615 0.0193806324 0.0288448441 0.0242767935 0.0376199372 0.0191457705 0.0400903168 0.0192277873 0.0711958826 0.0245102097 0.0258538476 0.0370369712 0.0416532 0.0244365187 0.006551935 0.0359259501 0.0280424674 0.0276882142 0.032591698 0.0466494179 
29 0.042726636 0.0374679671 0.0249815949 0.0248925899 0.0138025256 0.0356609422 0.0129728563 0.0347263771 0.0294432233 0.0579479635 0.0437539438 0.0487674739 0.044404046 0.0512216141 0.0294794164 0.0103987254 0.0153345988 0.0387531926 0.0453912481 0.0335200828 0.049844293 0.0094437744 0.0142989404 0.0336454882 0.0146894197 0.0195183691 0.0321882161 0.0280424674 0.0480618727 0.0246170595 0.0358611308 0.0141419511 
30 0.0395490812 0.0393965629 0.0140128917 0.0372925206 0.0135868564 0.0205222525 0.0440187416 0.0434276368 0.0226372175 0.0235357151 0.0159331109 0.0382940105 0.0210117741 0.0446041868 0.0185643099 0.0219845914 0.0372220331 0.0345187837 0.0329308888 0.0444499416 0.0368918912 0.0262263208 0.0210197405 0.02856285 0.0201622904 0.0396350405 0.0707378528 0.0276882142 0.0246170595 0.0524098967 0.0256972487 0.0188584876 
31 0.0289790726 0.027533877 0.0028850601 0.0194459724 0.0220271137 0.0371898818 0.0227794601 0.0168885366 0.0403497324 0.0273260419 0.0377801654 0.0461008166 0.061075509 0.0459356488 0.0655464824 0.0258337905 0.024803558 0.0031853778 0.0195053721 0.0226524029 0.022896412 0.0476753514 0.0533260555 0.0388737655 0.0443204836 0.0319005799 0.0241029477 0.032591698 0.0358611308 0.0256972487 0.0181254739 0.026804981 
32 0.0511600865 0.0117535927 0.0342497143 0.0287729629 0.0181885459 0.0441183102 0.0293042592 0.0660678446 0.0304703154 0.0217732963 0.0382939648 0.0145478704 0.0036651493 0.0573253619 0.0367867219 0.0233499319 0.0272969448 0.027005805 0.0522891082 0.0166135585 0.0148545964 0.0331278784 0.0426804855 0.0179373353 0.0463184957 0.0481634623 0.0353745753 0.0466494179 0.0141419511 0.0188584876 0.026804981 0.0220549889 
