32
1 0.0175573279 0.0080232781 0.0400312622 0.0344155668 0.0236293589 0.039349888 0.0093379895 0.0150897304 0.027368968 0.0535971328 0.0405546412 0.064167082 0.0259991176 0.0266895076 0.0192791512 0.0375071159 0.0095499861 0.0326144079 0.0163930161 0.0393322724 0.0345338144 0.0379282812 0.0436099846 0.0281389346 0.0389598622 0.0352195749 0.0401986435 0.0380768236 0.0248428827 0.024242491 0.0177318648 0.0560300419 
2 0.0080232781 0.0283025369 0.0165466122 0.0205187948 0.0258617428 0.0100304279 0.0433504768 0.0302213507 0.0453871804 0.0322442209 0.047052256 0.0306386062 0.0456722211 0.0353137084 0.0435101822 0.0259912454 0.0379488496 0.0322106819 0.0168854229 0.0149003601 0.0528684595 0.0299649056 0.0471816927 0.020928917 0.0132759538 0.0335134921 0.0207525496 0.0504446958 0.0259585324 0.033134127 0.0646538396 0.0167126794 
3 0.0400312622 0.0165466122 0.0321379173 0.0285747837 0.0144059478 0.0482083256 0.0250805304 0.04128469 0.0156748419 0.0331076495 0.0269331287 0.0476287292 0.0368569014 0.0594539011 0.026095364 0.05528598 0.019205261 0.0246406118 0.0142346374 0.0579567415 0.0126115022 0.0454545719 0.0365141913 0.0574071456 0.008944608 0.0407905759 0.0261383268 0.0404381778 0.0022200623 0.0090406282 0.0181750177 0.0389213757 
4 0.0344155668 0.0205187948 0.0285747837 0.0204328019 0.0228683367 0.0331658324 0.0301600063 0.0432738474 0.0234085729 0.0283459292 0.0387627697 0.0240018371 0.0474258993 0.0479661051 0.0137278326 0.0289985541 0.0280649417 0.0344998823 0.0282615184 0.0210002957 0.025417461 0.0564610478 0.0086158569 0.0052204243 0.0453416507 0.0489003317 0.0253536466 0.0386618826 0.0523115968 0.0202681145 0.0516499759 0.0239239034 
5 0.0236293589 0.0258617428 0.0144059478 0.0228683367 0.0204563816 0.0512583106 0.022055097 0.0485626296 0.0211717278 0.0293211579 0.0604193611 0.0251114699 0.0394924116 0.0170745326 0.0161544938 0.0394089675 0.0336764304 0.0234789352 0.031938264 0.0365886717 0.0305694472 0.0320940531 0.0145006035 0.0347656482 0.0206217304 0.0641065088 0.0692614622 0.035005547 0.0286751125 0.0177330747 0.0298675788 0.0198650051 
6 0.039349888 0.0100304279 0.0482083256 0.0331658324 0.0512583106 0.0157222773 0.0370044024 0.0277483515 0.0262213524 0.0480418626 0.0430135942 0.0231130582 0.0427100218 0.0257613959 0.0438685748 0.0122946979 0.0304937281 0.0302003009 0.0295176744 0.0083715138 0.0425206875 0.0158166859 0.0472331356 0.0245946764 0.0406273772 0.0369056629 0.0264917114 0.0133901496 0.027999453 0.0317593315 0.0234104801 0.0431550582 
7 0.0093379895 0.0433504768 0.0250805304 0.0301600063 0.022055097 0.0370044024 0.0312277083 0.0080166013 0.0502010701 0.0174939466 0.0263982953 0.0363648882 0.0377617864 0.0102039727 0.0324541541 0.0066482771 0.0337095747 0.0391577166 0.0288185547 0.0449237136 0.0388075884 0.0252902653 0.0583394391 0.0442436148 0.0463776236 0.045569092 0.0253799557 0.0660781437 0.0248476838 0.0335434825 0.01464115 0.006513199 
8 0.0150897304 0.0302213507 0.04128469 0.0432738474 0.0485626296 0.0277483515 0.0080166013 0.0153995562 0.0618845519 0.0342896624 0.0280394204 0.0395593252 0.0276492586 0.0246925144 0.0225617376 0.048053394 0.0491630479 0.0421960524 0.0452626214 0.0430058041 0.0170139531 0.0322091015 0.0396370511 0.0165487095 0.0176940604 0.0266665886 0.0377695412 0.0080892968 0.0245462607 0.0134923202 0.0402261962 0.0301527732 
9 0.027368968 0.0453871804 0.0156748419 0.0234085729 0.0211717278 0.0262213524 0.0502010701 0.0618845519 0.0157678124 0.036537684 0.0035885422 0.0579192086 0.0242930725 0.0308962781 0.0356094359 0.0390686448 0.0367873864 0.0376773376 0.0539473864 0.0424062285 0.0296101327 0.0146050645 0.0319030075 0.002872665 0.0238470569 0.0064798872 0.0112376434 0.0374444819 0.0472224938 0.0560987843 0.019726331 0.0331351689 
10 0.0535971328 0.0322442209 0.0331076495 0.0283459292 0.0293211579 0.0480418626 0.0174939466 0.0342896624 0.036537684 0.0408103647 0.015068085 0.0132713919 0.0164212312 0.0153463854 0.0230099012 0.0411079958 0.038216516 0.0474089973 0.0066477393 0.0268317081 0.039540787 0.0372392493 0.0108213654 0.0537686584 0.0289727309 0.0328123517 0.0328059502 0.0431211659 0.0457622531 0.0164702699 0.0298163023 0.0317493539 
11 0.0405546412 0.047052256 0.0269331287 0.0387627697 0.0604193611 0.0430135942 0.0263982953 0.0280394204 0.0035885422 0.015068085 0.0 0.0286721095 0.0279671578 0.0444120674 0.0457637052 0.0315545934 0.0401792504 0.016056951 0.0302465294 0.0420294964 0.0303157823 0.0262766351 0.0279318554 0.0404526424 0.046875943 0.0343246175 0.0299052742 0.0134616977 0.0320933269 0.0155642152 0.0334053699 0.0326806861 
12 0.064167082 0.0306386062 0.0476287292 0.0240018371 0.0251114699 0.0231130582 0.0363648882 0.0395593252 0.0579192086 0.0132713919 0.0286721095 0.0172915159 0.0420139731 0.0171062979 0.0206609171 0.0293651794 0.0280197471 0.0234329667 0.0307528652 0.0321240301 0.0368613243 0.04076268 0.0302811173 0.0355334619 0.0254108914 0.0267002595 0.0182696434 0.0169577596 0.0272048583 0.0289669788 0.0252472698 0.056588557 
13 0.0259991176 0.0456722211 0.0368569014 0.0474258993 0.0394924116 0.0427100218 0.0377617864 0.0276492586 0.0242930725 0.0164212312 0.0279671578 0.0420139731 0.0341501344 0.0212435899 0.0311603408 0.0490904057 0.0108649114 0.0237573646 0.0394326308 0.0164944516 0.0469287117 0.0364951122 0.0481550055 0.0414258353 0.0019026732 0.0156664255 0.0148968376 0.0442934508 0.0390443734 0.0315349992 0.0227124169 0.0164872771 
14 0.0266895076 0.0353137084 0.0594539011 0.0479661051 0.0170745326 0.0257613959 0.0102039727 0.0246925144 0.0308962781 0.0153463854 0.0444120674 0.0171062979 0.0212435899 0.0493335739 0.0222131002 0.0531435622 0.0542910575 0.0382392172 0.0278360197 0.0198300755 0.0228973934 0.0337953512 0.0268773223 0.0374216698 0.0221628778 0.042636747 0.0233415904 0.0306336693 0.0359209314 0.0180978289 0.0196955564 0.0454721995 
15 0.0192791512 0.0435101822 0.026095364 0.0137278326 0.0161544938 0.0438685748 0.0324541541 0.0225617376 0.0356094359 0.0230099012 0.0457637052 0.0206609171 0.0311603408 0.0222131002 0.034135372 0.028838667 0.0275710339 0.028529359 0.0370853915 0.0515160255 0.0202008406 0.0552762717 0.0289077407 0.0133330153 0.0518961684 0.0134226281 0.03565921 0.0274802974 0.0380911115 0.0305524785 0.0246755043 0.0567599939 
16 0.0375071159 0.0259912454 0.05528598 0.0289985541 0.0394089675 0.0122946979 0.0066482771 0.048053394 0.0390686448 0.0411079958 0.0315545934 0.0293651794 0.0490904057 0.0531435622 0.028838667 0.0293168764 0.037722717 0.0248208921 0.0177700736 0.0285628565 0.0321705064 0.0176934917 0.0293174273 0.0369598024 0.0095567997 0.0167403117 0.030542796 0.0394998317 0.0252399705 0.0368977316 0.0239472437 0.0368833916 
17 0.0095499861 0.0379488496 0.019205261 0.0280649417 0.0336764304 0.0304937281 0.0337095747 0.0491630479 0.0367873864 0.038216516 0.0401792504 0.0280197471 0.0108649114 0.0542910575 0.0275710339 0.037722717 0.0298047662 0.0424982033 0.0421148145 0.0151836716 0.0101744218 0.0280213991 0.0448481123 0.0133536215 0.0196467332 0.0266561024 0.0222232418 0.0368050214 0.0439250466 0.0362775893 0.0415063259 0.0314964898 
18 0.0326144079 0.0322106819 0.0246406118 0.0344998823 0.0234789352 0.0302003009 0.0391577166 0.0421960524 0.0376773376 0.0474089973 0.016056951 0.0234329667 0.0237573646 0.0382392172 0.028529359 0.0248208921 0.0424982033 0.0086325249 0.0438957968 0.0196619868 0.0377082675 0.0424364329 0.0369337864 0.0118312463 0.0272684709 0.0329869687 0.0539062148 0.0224948659 0.0162166395 0.0363359215 0.0513315513 0.0169394478 
19 0.0163930161 0.0168854229 0.0142346374 0.0282615184 0.031938264 0.0295176744 0.0288185547 0.0452626214 0.0539473864 0.0066477393 0.0302465294 0.0307528652 0.0394326308 0.0278360197 0.0370853915 0.0177700736 0.0421148145 0.0438957968 0.0253012811 0.002764834 0.0278466594 0.0277054982 0.0370107856 0.047256169 0.0400148379 0.0156613529 0.0386935559 0.0299783359 0.0001786831 0.0186005851 0.0678601916 0.0800862739 
20 0.0393322724 0.0149003601 0.0579567415 0.0210002957 0.0365886717 0.0083715138 0.0449237136 0.0430058041 0.0424062285 0.0268317081 0.0420294964 0.0321240301 0.0164944516 0.0198300755 0.0515160255 0.0285628565 0.0151836716 0.0196619868 0.002764834 0.0525236636 0.024757457 0.0334886188 0.0306709448 0.0297968637 0.0298203897 0.055019046 0.0493342113 0.0196222633 0.0283934963 0.0330610074 0.0395631358 0.0104641649 
21 0.0345338144 0.0528684595 0.0126115022 0.025417461 0.0305694472 0.0425206875 0.0388075884 0.0170139531 0.0296101327 0.039540787 0.0303157823 0.0368613243 0.0469287117 0.0228973934 0.0202008406 0.0321705064 0.0101744218 0.0377082675 0.0278466594 0.024757457 0.022505363 0.011563953 0.0221347874 0.0558988574 0.0551734762 0.0295590021 0.0404888854 0.0191625499 0.020143698 0.0604592863 0.0318302476 0.0177246964 
22 0.0379282812 0.0299649056 0.0454545719 0.0564610478 0.0320940531 0.0158166859 0.0252902653 0.0322091015 0.0146050645 0.0372392493 0.0262766351 0.04076268 0.0364951122 0.0337953512 0.0552762717 0.0176934917 0.0280213991 0.0424364329 0.0277054982 0.0334886188 0.011563953 0.0333786423 0.0276414714 0.0259717111 0.0150098154 0.0300586501 0.0208085125 0.0219660587 0.0416984818 0.0260623678 0.0389475579 0.0378780613 
23 0.0436099846 0.0471816927 0.0365141913 0.0086158569 0.0145006035 0.0472331356 0.0583394391 0.0396370511 0.0319030075 0.0108213654 0.0279318554 0.0302811173 0.0481550055 0.0268773223 0.0289077407 0.0293174273 0.0448481123 0.0369337864 0.0370107856 0.0306709448 0.0221347874 0.0276414714 0.0305103247 0.0188975975 0.0324984166 0.0326150335 0.0196968191 0.023180304 0.0278115006 0.0485716296 0.0154166298 0.0217350606 
24 0.0281389346 0.020928917 0.0574071456 0.0052204243 0.0347656482 0.0245946764 0.0442436148 0.0165487095 0.002872665 0.0537686584 0.0404526424 0.0355334619 0.0414258353 0.0374216698 0.0133330153 0.0369598024 0.0133536215 0.0118312463 0.047256169 0.0297968637 0.0558988574 0.0259717111 0.0188975975 0.0195050327 0.0246077721 0.0573260629 0.052287582 0.0245787081 0.0304330772 0.0224590168 0.0262036254 0.045977235 
25 0.0389598622 0.0132759538 0.008944608 0.0453416507 0.0206217304 0.0406273772 0.0463776236 0.0176940604 0.0238470569 0.0289727309 0.046875943 0.0254108914 0.0019026732 0.0221628778 0.0518961684 0.0095567997 0.0196467332 0.0272684709 0.0400148379 0.0298203897 0.0551734762 0.0150098154 0.0324984166 0.0246077721 0.0231388376 0.028878208 0.0554833529 0.0293871042 0.0408146207 0.0373773696 0.0563009934 0.0421115937 
26 0.0352195749 0.0335134921 0.0407905759 0.0489003317 0.0641065088 0.0369056629 0.045569092 0.0266665886 0.0064798872 0.0328123517 0.0343246175 0.0267002595 0.0156664255 0.042636747 0.0134226281 0.0167403117 0.0266561024 0.0329869687 0.0156613529 0.055019046 0.0295590021 0.0300586501 0.0326150335 0.0573260629 0.028878208 0.0318110982 0.0076997781 0.0209211859 0.0207425268 0.043177605 0.0373000618 0.0091322624 
27 0.0401986435 0.0207525496 0.0261383268 0.0253536466 0.0692614622 0.0264917114 0.0253799557 0.0377695412 0.0112376434 0.0328059502 0.0299052742 0.0182696434 0.0148968376 0.0233415904 0.03565921 0.030542796 0.0222232418 0.0539062148 0.0386935559 0.0493342113 0.0404888854 0.0208085125 0.0196968191 0.052287582 0.0554833529 0.0076997781 0.0270753154 0.0279215006 0.0308292066 0.0199522891 0.036621364 0.0289733883 
28 0.0380768236 0.0504446958 0.0404381778 0.0386618826 0.035005547 0.0133901496 0.0660781437 0.0080892968 0.0374444819 0.0431211659 0.0134616977 0.0169577596 0.0442934508 0.0306336693 0.0274802974 0.0394998317 0.0368050214 0.0224948659 0.0299783359 0.0196222633 0.0191625499 0.0219660587 0.023180304 0.0245787081 0.0293871042 0.0209211859 0.0279215006 0.0526190461 0.0387458771 0.0456687562 0.0177760268 0.0260953246 
29 0.0248428827 0.0259585324 0.0022200623 0.0523115968 0.0286751125 0.027999453 0.0248476838 0.0245462607 0.0472224938 0.0457622531 0.0320933269 0.0272048583 0.0390443734 0.0359209314 0.0380911115 0.0252399705 0.0439250466 0.0162166395 0.0001786831 0.0283934963 0.020143698 0.0416984818 0.0278115006 0.0304330772 0.0408146207 0.0207425268 0.0308292066 0.0387458771 0.0797141826 0.0534931555 0.0168821267 0.0079967776 
30 0.024242491 0.033134127 0.0090406282 0.0202681145 0.0177330747 0.0317593315 0.0335434825 0.0134923202 0.0560987843 0.0164702699 0.0155642152 0.0289669788 0.0315349992 0.0180978289 0.0305524785 0.0368977316 0.0362775893 0.0363359215 0.0186005851 0.0330610074 0.0604592863 0.0260623678 0.0485716296 0.0224590168 0.0373773696 0.043177605 0.0199522891 0.0456687562 0.0534931555 0.0573315486 0.0300644334 0.0137105825 
31 0.0177318648 0.0646538396 0.0181750177 0.0516499759 0.0298675788 0.0234104801 0.01464115 0.0402261962 0.019726331 0.0298163023 0.0334053699 0.0252472698 0.0227124169 0.0196955564 0.0246755043 0.0239472437 0.0415063259 0.0513315513 0.0678601916 0.0395631358 0.0318302476 0.0389475579 0.0154166298 0.0262036254 0.0563009934 0.0373000618 0.036621364 0.0177760268 0.0168821267 0.0300644334 0.0192727227 0.0135409086 
32 0.0560300419 0.0167126794 0.0389213757 0.0239239034 0.0198650051 0.0431550582 0.006513199 0.0301527732 0.0331351689 0.0317493539 0.0326806861 0.056588557 0.0164872771 0.0454721995 0.0567599939 0.0368833916 0.0314964898 0.0169394478 0.0800862739 0.0104641649 0.0177246964 0.0378780613 0.0217350606 0.045977235 0.0421115937 0.0091322624 0.0289733883 0.0260953246 0.0079967776 0.0137105825 0.0135409086 0.0511070687 
