55
1 0.0 0.0252502765 0.0141342985 0.016043787 0.0216483345 0.018223156 0.0229851488 0.0265812325 0.0189312322 0.0263634466 0.0162763691 0.0260981743 0.0249454486 0.0245233877 0.0080928555 0.0275787093 0.0120297872 0.0249792273 0.0149300223 0.0164593169 0.0035344612 0.018550773 0.0220543107 0.0244355273 0.0102624586 0.0177703083 0.0235021021 0.0268894735 0.0278257939 0.0051468621 0.0164301839 0.0098723495 0.0134306353 0.0035139759 0.0270195202 0.0161675831 0.0158922579 0.0119666145 0.0234643515 0.0222686484 0.0185980379 0.0131440125 0.0209064961 0.0073188342 0.0150812676 0.0221022674 0.0080623757 0.0093188248 0.0132864864 0.027378142 0.0243886424 0.0197002511 0.0283451187 0.0256160807 0.0206807606
2 0.0252502765 0.0 0.0153765821 0.0213039205 0.0150495572 0.0136493223 0.0236053933 0.0106923896 0.0146908823 0.0069994191 0.0072906864 0.031207203 0.0178825084 0.0117234327 0.0029600122 0.0073300363 0.0197257281 0.0168306082 0.0157070116 0.01758137 0.0120209792 0.0262327855 0.0166011162 0.0208026349 0.0177996987 0.0194641284 0.018757096 0.0218749262 0.0179986078 0.0244721515 0.0058903141 0.0264530207 0.0341409147 0.0325078084 0.0145286478 0.0231196364 0.0208778082 0.0190968404 0.0087536458 0.0197169497 0.0255858121 0.0288483004 0.0262060534 0.0268973161 0.0330976747 0.0148479041 0.0110954875 0.0312503544 0.0070469164 0.0258409974 0.0259807132 0.0194715271 0.0118260731 0.0091913294 0.0068474901
3 0.0141342985 0.0153765821 0.0 0.0082700462 0.0096179938 0.0110380068 0.0202693361 0.010968195 0.0243019188 0.0223977647 0.0186955948 0.0108466639 0.0315234385 0.0193020938 0.0072091366 0.0143128123 0.0119229615 0.0188199929 0.0212215548 0.022003473 0.0217343533 0.0221460268 0.0176039004 0.018937271 0.0276896103 0.021198328 0.0071019334 0.0130497155 0.0135203659 0.0137155618 0.0195105136 0.0232165014 0.0329639929 0.0100941456 0.0104889044 0.0195427475 0.0061974833 0.0262673474 0.0089769297 0.023276602 0.0169015119 0.0189807119 0.0258856525 0.0290107417 0.024126214 0.0303484364 0.0263325299 0.0188954846 0.0025622445 0.0245809104 0.0332190285 0.0081358446 0.0067756441 0.0331454096 0.0316355367
4 0.016043787 0.0213039205 0.0082700462 0.0 0.0121438061 0.0118095923 0.0190489433 0.0112680818 0.0233139329 0.0101934432 0.0103922079 0.0143238188 0.0206798479 0.0331923945 0.0236215688 0.0227377693 0.0194246856 0.0204552871 0.0203359031 0.0171152539 0.0210979186 0.0060823707 0.033077411 0.0338178006 0.010174357 0.0145696506 0.0105341658 0.015895264 0.0119948877 0.024659914 0.0194969798 0.014060215 0.0117123744 0.0232134555 0.0240645709 0.0181377076 0.0270013209 0.0321718083 0.0221480066 0.0159797241 0.032030886 0.016033446 0.0216583862 0.0061867787 0.0290680605 0.0123515231 0.0262032071 0.0024212708 0.0105174997 0.0183201074 0.0263758807 0.0184644288 0.0138028195 0.019716957 0.021284555
5 0.0216483345 0.0150495572 0.0096179938 0.0121438061 0.0 0.0117439676 0.013410043 0.0224281682 0.0157638885 0.0178781976 0.024622192 0.0216461948 0.019081918 0.0205615216 0.026858821 0.0179707898 0.01099301 0.0264383837 0.0226661572 0.0211450891 0.0158310266 0.0183810431 0.0105701332 0.0061278398 0.0147284431 0.0125799939 0.0169362062 0.0229746261 0.0281066032 0.0166164337 0.0184580095 0.0229662296 0.0334055536 0.0038629646 0.0176353804 0.0145915681 0.02307177 0.0147568002 0.0253426624 0.0170673955 0.018394055 0.0127705737 0.013913385 0.0123432528 0.0215670442 0.0189082781 0.0230276474 0.015192316 0.0164756761 0.0267155553 0.0281102015 0.0168767681 0.019948135 0.0284055609 0.0216728341
6 0.018223156 0.0136493223 0.0110380068 0.0118095923 0.0117439676 0.0 0.0194900549 0.0303898697 0.0100250973 0.017200621 0.0161009054 0.0220504005 0.0074604669 0.0226991935 0.0160612389 0.0036463829 0.0296985632 0.0207925249 0.0332518843 0.0097523806 0.0212433724 0.0222816405 0.0094302393 0.0149652013 0.0205571618 0.0230971586 0.0281789598 0.0168518016 0.0183121972 0.0121062494 0.0224514749 0.0209513744 0.0341332153 0.0058456288 0.0196974927 0.0287175583 0.0280313557 0.0115892375 0.0273299446 0.012649214 0.0098070206 0.0109459585 0.0248080043 0.0109710945 0.0133070351 0.0301159938 0.0066716916 0.0280904913 0.0231455512 0.0281807632 0.0197803665 0.0101869921 0.0261931194 0.0095412612 0.0247505498
7 0.0229851488 0.0236053933 0.0202693361 0.0190489433 0.013410043 0.0194900549 0.0 0.0178515007 0.0137553333 0.0080447668 0.0235175549 0.0106084979 0.0159844674 0.013248441 0.0201608925 0.0246818696 0.0096810821 0.018336866 0.0262309273 0.0076251917 0.0199250482 0.0248951094 0.0207216306 0.0065613742 0.0281469403 0.0137959056 0.02292119 0.0159474239 0.010843953 0.0219913549 0.0152098774 0.0175014509 0.0253942324 0.0159289791 0.014599339 0.0269371184 0.0249935262 0.0247925349 0.0184073826 0.0082225188 0.0267823841 0.016473313 0.0270067104 0.015990439 0.0223949716 0.0163965905 0.0153735712 0.0172019614 0.0140833945 0.0219752087 0.008758975 0.0242144868 0.0278794465 0.0227983519 0.0163969947
8 0.0265812325 0.0106923896 0.010968195 0.0112680818 0.0224281682 0.0303898697 0.0178515007 0.0 0.0078991849 0.0185066459 0.0207517578 0.0090800536 0.0235816818 0.014065454 0.0330710068 0.0181465936 0.0132451021 0.0148112754 0.0044247004 0.0181257536 0.0059977236 0.0225437684 0.0035614051 0.0195858534 0.0199054429 0.0278141509 0.0125073792 0.0294046835 0.0225534951 0.0197049626 0.0223971541 0.0175007973 0.018708814 0.0250672883 0.0215722481 0.0195666129 0.0090797115 0.0323997633 0.0106697012 0.0292747716 0.0074080458 0.0251524761 0.0140602755 0.0295336316 0.0182768737 0.0151424929 0.0144928856 0.0314946855 0.0210555719 0.020465845 0.0065167401 0.0252199627 0.0141783322 0.0200072214 0.0212905856
9 0.0189312322 0.0146908823 0.0243019188 0.0233139329 0.0157638885 0.0100250973 0.0137553333 0.0078991849 0.0 0.0276324345 0.0191822173 0.0297546765 0.0256951067 0.0331520254 0.0131209042 0.023034714 0.0094826984 0.013815211 0.0125585557 0.0226578092 0.0142157201 0.0219721925 0.0246769099 0.0124831138 0.0271193391 0.0145886246 0.0197491848 0.0162653894 0.0237021303 0.0070298606 0.0319102022 0.0199423862 0.0194499753 0.0227113256 0.0218044206 0.016966992 0.0304409832 0.0148340686 0.0232474242 0.007377271 0.0215211479 0.0101869697 0.0288602545 0.0206391747 0.029508474 0.0139373051 0.010536704 0.0032682235 0.0238449716 0.008472943 0.0190691311 0.0249030954 0.0254576786 0.0056904918 0.0048480979
10 0.0263634466 0.0069994191 0.0223977647 0.0101934432 0.0178781976 0.017200621 0.0080447668 0.0185066459 0.0276324345 0.0 0.0277771322 0.0153759597 0.0099815257 0.0025044243 0.0214261405 0.0128629633 0.0284543813 0.0236616794 0.0172268809 0.0145709518 0.0324319899 0.0115917804 0.0081834951 0.0189257803 0.0210595791 0.0118559083 0.0298857252 0.0139542821 0.0195242555 0.0048968695 0.0245526363 0.0222305412 0.0122397183 0.0169202866 0.0298675988 0.0079394865 0.0229172336 0.0122370471 0.0207649886 0.0229513543 0.0153412419 0.029874359 0.0174184545 0.0205957726 0.0156143682 0.0049205948 0.0249818821 0.0131664582 0.0239193366 0.0200687759 0.0168772337 0.0271795706 0.0257378848 0.0229277172 0.0273870144
11 0.0162763691 0.0072906864 0.0186955948 0.0103922079 0.024622192 0.0161009054 0.0235175549 0.0207517578 0.0191822173 0.0277771322 0.0 0.0207840897 0.0156899072 0.0256888077 0.0172080449 0.0205426688 0.0146484474 0.0284473795 0.0291914963 0.0305554676 0.0145733376 0.0219266179 0.006459524 0.0149794395 0.0279456264 0.0160107615 0.0078295164 0.0139217824 0.0087754402 0.0279051905 0.0154014085 0.0253253992 0.0133431753 0.0216875727 0.0307509289 0.0061410312 0.0207808436 0.03126395 0.0061695672 0.0068789834 0.0126372963 0.0177079951 0.0102346529 0.0320616457 0.0277699835 0.0112134128 0.0194474863 0.0191876537 0.0102975354 0.0132098476 0.0196465839 0.0112922291 0.0158052833 0.0363458515 0.0177095196
12 0.0260981743 0.031207203 0.0108466639 0.0143238188 0.0216461948 0.0220504005 0.0106084979 0.0090800536 0.0297546765 0.0153759597 0.0207840897 0.0 0.015763664 0.0203053467 0.0082821794 0.0223907198 0.0177687288 0.0140655156 0.0296287311 0.0089706656 0.0222607392 0.0118872342 0.0146014652 0.0207054153 0.0055887999 0.0189747951 0.0123511192 0.0249362063 0.0272396612 0.034062648 0.0174277729 0.0103958969 0.0223367177 0.0163823572 0.0328699561 0.0208287125 0.0135381297 0.0320187175 0.0062167284 0.0268705756 0.0201565994 0.0158917662 0.0250989747 0.0201823064 0.0204716272 0.0145501006 0.0153897829 0.0139465591 0.0326562512 0.0171787158 0.0259743406 0.006641483 0.0109167806 0.0027141127 0.0177856676
13 0.0249454486 0.0178825084 0.0315234385 0.0206798479 0.019081918 0.0074604669 0.0159844674 0.0235816818 0.0256951067 0.0099815257 0.0156899072 0.015763664 0.0 0.026001628 0.0225496557 0.0185062473 0.0229599071 0.011576111 0.0289288612 0.0190092932 0.0269355222 0.0191811351 0.0149220432 0.0307460193 0.0254293379 0.0191883265 0.015484529 0.0200373575 0.0230617707 0.0280634298 0.0287250279 0.015245203 0.0124369966 0.0113381845 0.0120519666 0.0170295956 0.0148226487 0.0232084988 0.0169973849 0.0169221886 0.0178714253 0.0097033683 0.0015355344 0.0187461661 0.0196209689 0.0127812073 0.02917974 0.0127773937 0.017228445 0.0193266275 0.0154400077 0.0148752357 0.0088198114 0.0222474957 0.010217722
14 0.0245233877 0.0117234327 0.0193020938 0.0331923945 0.0205615216 0.0226991935 0.013248441 0.014065454 0.0331520254 0.0025044243 0.0256888077 0.0203053467 0.026001628 0.0 0.0226984678 0.0073065818 0.0111168874 0.0135404221 0.0305437449 0.0100146346 0.0156383201 0.0102281214 0.0026910411 0.030006954 0.0190632017 0.0165326534 0.0331776892 0.0251362211 0.0218384682 0.0076699271 0.0214737647 0.0202709372 0.0145070165 0.0162538197 0.0288750946 0.0139051823 0.0098330498 0.0290928929 0.0087799123 0.0225595401 0.0158391876 0.0085657612 0.0082892718 0.0124822213 0.0095289237 0.0181917256 0.0272536564 0.0179212638 0.0142838756 0.024450188 0.0183936058 0.0107635602 0.0338471592 0.0233425104 0.0271243925
15 0.0080928555 0.0029600122 0.0072091366 0.0236215688 0.026858821 0.0160612389 0.0201608925 0.0330710068 0.0131209042 0.0214261405 0.0172080449 0.0082821794 0.0225496557 0.0226984678 0.0 0.0126222977 0.0059502296 0.0159654667 0.01052583 0.0238464662 0.0091923852 0.0212477045 0.0363545976 0.0303297312 0.0199593464 0.0015367566 0.0260504516 0.0213688311 0.0140569103 0.0253272965 0.0130179425 0.0027028587 0.0209961834 0.0233428529 0.0314397464 0.0174974646 0.0183608134 0.0051773259 0.021526045 0.0233470502 0.0145134689 0.0253623527 0.0241230914 0.0129377994 0.02054669 0.0141502753 0.0302757298 0.0226262302 0.0186375228 0.0255913225 0.0214607649 0.0292690406 0.0060229251 0.0327638624 0.0066554151
16 0.0275787093 0.0073300363 0.0143128123 0.0227377693 0.0179707898 0.0036463829 0.0246818696 0.0181465936 0.023034714 0.0128629633 0.0205426688 0.0223907198 0.0185062473 0.0073065818 0.0126222977 0.0 0.0243318387 0.0282770983 0.0152065515 0.0289677525 0.0155034387 0.0191569467 0.0094787042 0.0119918843 0.0266629136 0.02107252 0.0278351759 0.0265155519 0.0258110269 0.0158917989 0.0240674984 0.0165385176 0.0201207379 0.0156407745 0.0079991643 0.0275787536 0.0160300359 0.0217509434 0.0123873907 0.0104694385 0.0202786776 0.0218397276 0.0196186213 0.0207717201 0.0041470919 0.0135291334 0.0197767419 0.0335681334 0.0067727926 0.0225110819 0.0259036483 0.0257273309 0.0053933202 0.0282230696 0.0089812966
17 0.0120297872 0.0197257281 0.0119229615 0.0194246856 0.01099301 0.0296985632 0.0096810821 0.0132451021 0.0094826984 0.0284543813 0.0146484474 0.0177687288 0.0229599071 0.0111168874 0.0059502296 0.0243318387 0.0 0.0193417241 0.0097913156 0.0280875448 0.02463685 0.0126219403 0.028276304 0.0160974555 0.0230045024 0.0242473956 0.0239842142 0.0060202795 0.0190158192 0.0130532721 0.0193263554 0.0034339738 0.0294022805 0.0224494738 0.0175792572 0.0217275957 0.0209334878 0.0164595354 0.0313975714 0.0160252725 0.0309062078 0.0166328153 0.0135242554 0.0299948756 0.0173799171 0.0225645583 0.0209223073 0.0138387002 0.0248007578 0.0179111313 0.0190782409 0.0219161319 0.0138169517 0.0095717428 0.0187939473
18 0.0249792273 0.0168306082 0.0188199929 0.0204552871 0.0264383837 0.0207925249 0.018336866 0.0148112754 0.013815211 0.0236616794 0.0284473795 0.0140655156 0.011576111 0.0135404221 0.0159654667 0.0282770983 0.0193417241 0.0 0.0240745535 0.0143684625 0.0149654906 0.0102805027 0.0119488976 0.0228602197 0.0259145202 0.0103743101 0.0257125669 0.0206608363 0.0124216917 0.0077477649 0.02385769 0.0100720158 0.0223624514 0.014984024 0.0245600436 0.023403635 0.0140378842 0.0083814665 0.027301089 0.0267116291 0.0111120366 0.0276545542 0.0156839596 0.0264690518 0.0168186558 0.0138494522 0.0245647605 0.0219968651 0.0178461838 0.0195009168 0.0114859481 0.0112878896 0.0222140465 0.0068890671 0.0254700941
19 0.0149300223 0.0157070116 0.0212215548 0.0203359031 0.0226661572 0.0332518843 0.0262309273 0.0044247004 0.0125585557 0.0172268809 0.0291914963 0.0296287311 0.0289288612 0.0305437449 0.01052583 0.0152065515 0.0097913156 0.0240745535 0.0 0.0206078231 0.0072827829 0.0256269393 0.0252590548 0.0231524701 0.0177989045 0.0144863564 0.0144718918 0.0149459414 0.0314603864 0.0268365731 0.0185092576 0.021899224 0.0052009831 0.0237356664 0.0053972404 0.0114828877 0.0224978469 0.0141054885 0.0200399117 0.0169213469 0.008111178 0.0149381916 0.0253163651 0.0221513441 0.0041585047 0.0274516581 0.029265928 0.0135186455 0.0149384938 0.0121293039 0.0118622905 0.0087370411 0.0241116273 0.0173895102 0.0177562596
20 0.0164593169 0.01758137 0.022003473 0.0171152539 0.0211450891 0.0097523806 0.0076251917 0.0181257536 0.0226578092 0.0145709518 0.0305554676 0.0089706656 0.0190092932 0.0100146346 0.0238464662 0.0289677525 0.0280875448 0.0143684625 0.0206078231 0.0 0.0334762883 0.0265152554 0.0213033024 0.0109226227 0.0139178893 0.0157447721 0.0215485029 0.0183168121 0.0311955558 0.0233806168 0.0179229407 0.0248367053 0.0055166442 0.0171283331 0.0013794514 0.0202212232 0.0192004408 0.0034580143 0.0286289257 0.0232949588 0.0275640853 0.0234394588 0.0078444975 0.0145555381 0.0136794293 0.011136846 0.0235909601 0.0119542384 0.0245635578 0.0069146762 0.0164389979 0.0260930464 0.0199223791 0.0229795764 0.0199487571
21 0.0035344612 0.0120209792 0.0217343533 0.0210979186 0.0158310266 0.0212433724 0.0199250482 0.0059977236 0.0142157201 0.0324319899 0.0145733376 0.0222607392 0.0269355222 0.0156383201 0.0091923852 0.0155034387 0.02463685 0.0149654906 0.0072827829 0.0334762883 0.0 0.0265887543 0.0135824954 0.0109640769 0.0046359713 0.0137423063 0.0190840205 0.0255401251 0.0169010955 0.0267175186 0.0150656071 0.0238740989 0.0189747282 0.0244037264 0.0214992187 0.0105945619 0.0114448594 0.0156226483 0.0120615725 0.0353720344 0.0292609046 0.0020330571 0.0257204331 0.0202386823 0.0146385022 0.0151276158 0.0333653262 0.0137055133 0.0179313274 0.0121866158 0.0301602921 0.0216237931 0.0170175577 0.0207627296 0.0270604821
22 0.018550773 0.0262327855 0.0221460268 0.0060823707 0.0183810431 0.0222816405 0.0248951094 0.0225437684 0.0219721925 0.0115917804 0.0219266179 0.0118872342 0.0191811351 0.0102281214 0.0212477045 0.0191569467 0.0126219403 0.0102805027 0.0256269393 0.0265152554 0.0265887543 0.0 0.0291461475 0.0085449556 0.0139659951 0.0206977199 0.0142731464 0.0190648892 0.0078474233 0.007752788 0.0147516952 0.0179413625 0.0224206567 0.0175419952 0.0166079668 0.0295745769 0.0061931755 0.016956948 0.0312010006 0.0263762209 0.0323469919 0.0258833452 0.0216958089 0.015360732 0.0250395901 0.0201258283 0.0173874614 0.0198370391 0.0325884706 0.021676572 0.0130342879 0.0062068411 0.0043447918 0.011440992 0.0122339423
23 0.0220543107 0.0166011162 0.0176039004 0.033077411 0.0105701332 0.0094302393 0.0207216306 0.0035614051 0.0246769099 0.0081834951 0.006459524 0.0146014652 0.0149220432 0.0026910411 0.0363545976 0.0094787042 0.028276304 0.0119488976 0.0252590548 0.0213033024 0.0135824954 0.0291461475 0.0 0.0230227301 0.0130907427 0.0241649939 0.0201199811 0.0246096049 0.0176055249 0.0185734496 0.0231841988 0.0263154325 0.017323563 0.0249892802 0.0267207217 0.0193495335 0.0257092865 0.0204652235 0.0292449386 0.0217813724 0.0189346915 0.0086805675 0.0117049772 0.0192789369 0.0034400085 0.0285998749 0.0117874191 0.0141361797 0.0086965922 0.0129332321 0.0178857112 0.0205936288 0.026584129 0.0150299084 0.0249394367
24 0.0244355273 0.0208026349 0.018937271 0.0338178006 0.0061278398 0.0149652013 0.0065613742 0.0195858534 0.0124831138 0.0189257803 0.0149794395 0.0207054153 0.0307460193 0.030006954 0.0303297312 0.0119918843 0.0160974555 0.0228602197 0.0231524701 0.0109226227 0.0109640769 0.0085449556 0.0230227301 0.0 0.0268410498 0.0065965992 0.0094299276 0.0275111371 0.0193400613 0.0230355563 0.0245465511 0.0145386845 0.0223266761 0.0243786393 0.0205806541 0.0235162365 0.0219660035 0.0117780076 0.0063152828 0.0261746028 0.0135269541 0.0165593846 0.0186676471 0.0166020474 0.0103970793 0.0185762294 0.0182727525 0.0271113722 0.0169668744 0.0162320042 0.0188588228 0.0264553993 0.0118652005 0.0205568927 0.0095092991
25 0.0102624586 0.0177996987 0.0276896103 0.010174357 0.0147284431 0.0205571618 0.0281469403 0.0199054429 0.0271193391 0.0210595791 0.0279456264 0.0055887999 0.0254293379 0.0190632017 0.0199593464 0.0266629136 0.0230045024 0.0259145202 0.0177989045 0.0139178893 0.0046359713 0.0139659951 0.0130907427 0.0268410498 0.0 0.013657532 0.0168049913 0.0117508901 0.0047394064 0.0147059106 0.0144075948 0.0217588395 0.0143109565 0.0259053173 0.0194319469 0.0266507214 0.0238531579 0.0212478377 0.0215927273 0.0246340737 0.0114397054 0.0187608514 0.0248599933 0.0273088921 0.0262854753 0.0226099571 0.0143200312 0.0038423881 0.007718846 0.0111630728 0.0153186009 0.0349117361 0.0289060614 0.0066211705 0.0092194827
26 0.0177703083 0.0194641284 0.021198328 0.0145696506 0.0125799939 0.0230971586 0.0137959056 0.0278141509 0.0145886246 0.0118559083 0.0160107615 0.0189747951 0.0191883265 0.0165326534 0.0015367566 0.02107252 0.0242473956 0.0103743101 0.0144863564 0.0157447721 0.0137423063 0.0206977199 0.0241649939 0.0065965992 0.013657532 0.0 0.0190544088 0.0191809917 0.0129669695 0.0179991931 0.0199535675 0.0205119468 0.0236777016 0.020811228 0.0106615979 0.0169558874 0.0250585914 0.0279087237 0.0124352234 0.0245376782 0.0204983975 0.0221410846 0.0211184854 0.0218429853 0.0306100006 0.0258295258 0.00164835 0.0221924064 0.0328002106 0.011149947 0.0100720231 0.0056691279 0.0311933888 0.0249315901 0.0328268119
27 0.0235021021 0.018757096 0.0071019334 0.0105341658 0.0169362062 0.0281789598 0.02292119 0.0125073792 0.0197491848 0.0298857252 0.0078295164 0.0123511192 0.015484529 0.0331776892 0.0260504516 0.0278351759 0.0239842142 0.0257125669 0.0144718918 0.0215485029 0.0190840205 0.0142731464 0.0201199811 0.0094299276 0.0168049913 0.0190544088 0.0 0.0173969202 0.0227680238 0.0234362852 0.011776571 0.0113494627 0.0163532638 0.0083656165 0.0193202935 0.0090715688 0.0286968526 0.0333331172 0.0139169308 0.0005113673 0.0015993113 0.0244403776 0.0287964586 0.0005077459 0.0164544202 0.015842781 0.0070687694 0.0203424407 0.0309525814 0.029238377 0.0148136 0.0347714719 0.0217621998 0.0239504358 0.0158766806
28 0.0268894735 0.0218749262 0.0130497155 0.015895264 0.0229746261 0.0168518016 0.0159474239 0.0294046835 0.0162653894 0.0139542821 0.0139217824 0.0249362063 0.0200373575 0.0251362211 0.0213688311 0.0265155519 0.0060202795 0.0206608363 0.0149459414 0.0183168121 0.0255401251 0.0190648892 0.0246096049 0.0275111371 0.0117508901 0.0191809917 0.0173969202 0.0 0.0019623257 0.0265433284 0.0250451407 0.0320738909 0.0104272266 0.025121886 0.0147719164 0.0046764534 0.02097716 0.0269141311 0.0326722235 0.0122675104 0.0129357231 0.0198678447 0.0227504118 0.0216913263 0.010002996 0.0090917422 0.0160895746 0.0010945929 0.0226268642 0.020413581 0.0133534864 0.0104436645 0.0224126161 0.009001722 0.0247486976
29 0.0278257939 0.0179986078 0.0135203659 0.0119948877 0.0281066032 0.0183121972 0.010843953 0.0225534951 0.0237021303 0.0195242555 0.0087754402 0.0272396612 0.0230617707 0.0218384682 0.0140569103 0.0258110269 0.0190158192 0.0124216917 0.0314603864 0.0311955558 0.0169010955 0.0078474233 0.0176055249 0.0193400613 0.0047394064 0.0129669695 0.0227680238 0.0019623257 0.0 0.0270689266 0.0141754192 0.0024544859 0.0298825189 0.017139172 0.008888318 0.0212839824 0.020025063 0.0058987021 0.0267470917 0.0261950392 0.0152318789 0.0261431156 0.0196175447 0.0096662383 0.0034240639 0.0269339071 0.0332471121 0.0195974125 0.0237462697 0.0250462682 0.0133613251 0.0073860658 0.0124371834 0.022408101 0.0286049445
30 0.0051468621 0.0244721515 0.0137155618 0.024659914 0.0166164337 0.0121062494 0.0219913549 0.0197049626 0.0070298606 0.0048968695 0.0279051905 0.034062648 0.0280634298 0.0076699271 0.0253272965 0.0158917989 0.0130532721 0.0077477649 0.0268365731 0.0233806168 0.0267175186 0.007752788 0.0185734496 0.0230355563 0.0147059106 0.0179991931 0.0234362852 0.0265433284 0.0270689266 0.0 0.0192865928 0.0118040987 0.0200517579 0.0141702802 0.0148428638 0.0186003819 0.0203114922 0.0241451368 0.0075649201 0.0159947378 0.015328122 0.0199909325 0.0205231293 0.0023388885 0.0154320462 0.0212927531 0.0196088408 0.0198909968 0.0237148097 0.0213151833 0.0190379258 0.0172385683 0.0331321348 0.0160917514 0.0221799609
31 0.0164301839 0.0058903141 0.0195105136 0.0194969798 0.0184580095 0.0224514749 0.0152098774 0.0223971541 0.0319102022 0.0245526363 0.0154014085 0.0174277729 0.0287250279 0.0214737647 0.0130179425 0.0240674984 0.0193263554 0.02385769 0.0185092576 0.0179229407 0.0150656071 0.0147516952 0.0231841988 0.0245465511 0.0144075948 0.0199535675 0.011776571 0.0250451407 0.0141754192 0.0192865928 0.0 0.0346313772 0.0340192622 0.0323618013 0.0106629849 0.0208481217 0.0084663157 0.0072524358 0.0173050126 0.0137102122 0.011703938 0.0071921992 0.0153418157 0.0134709557 0.0185546686 0.0344577353 0.0016959317 0.0311121239 0.0072973038 0.0125282783 0.0136744952 0.0177951636 0.0161092744 0.0223359828 0.0192426677
32 0.0098723495 0.0264530207 0.0232165014 0.014060215 0.0229662296 0.0209513744 0.0175014509 0.0175007973 0.0199423862 0.0222305412 0.0253253992 0.0103958969 0.015245203 0.0202709372 0.0027028587 0.0165385176 0.0034339738 0.0100720158 0.021899224 0.0248367053 0.0238740989 0.0179413625 0.0263154325 0.0145386845 0.0217588395 0.0205119468 0.0113494627 0.0320738909 0.0024544859 0.0118040987 0.0346313772 0.0 0.015401015 0.0179355921 0.0154153444 0.0072646129 0.0318560583 0.0129072869 0.0173102615 0.0314151949 0.015029808 0.0173543308 0.0088219404 0.0271319369 0.0281658441 0.0166665134 0.0246053992 0.0227292495 0.0061909925 0.0281355423 0.0090031481 0.0278948116 0.0105188926 0.0159624344 0.0296145126
33 0.0134306353 0.0341409147 0.0329639929 0.0117123744 0.0334055536 0.0341332153 0.0253942324 0.018708814 0.0194499753 0.0122397183 0.0133431753 0.0223367177 0.0124369966 0.0145070165 0.0209961834 0.0201207379 0.0294022805 0.0223624514 0.0052009831 0.0055166442 0.0189747282 0.0224206567 0.017323563 0.0223266761 0.0143109565 0.0236777016 0.0163532638 0.0104272266 0.0298825189 0.0200517579 0.0340192622 0.015401015 0.0 0.0049476235 0.0193788168 0.0151637168 0.0191941169 0.0201185834 0.0263168171 0.0062211801 0.0082845988 0.0216555621 0.0151417688 0.016138366 0.0214887384 0.0090318557 0.0156649501 0.0217201234 0.0234876042 0.0252260657 0.0191982702 0.0187790154 0.011315753 0.006028224 0.0085263101
34 0.0035139759 0.0325078084 0.0100941456 0.0232134555 0.0038629646 0.0058456288 0.0159289791 0.0250672883 0.0227113256 0.0169202866 0.0216875727 0.0163823572 0.0113381845 0.0162538197 0.0233428529 0.0156407745 0.0224494738 0.014984024 0.0237356664 0.0171283331 0.0244037264 0.0175419952 0.0249892802 0.0243786393 0.0259053173 0.020811228 0.0083656165 0.025121886 0.017139172 0.0141702802 0.0323618013 0.0179355921 0.0049476235 0.0 0.0122454119 0.0215173434 0.015854455 0.0208925187 0.0300548521 0.0284899556 0.0116977093 0.0025605036 0.0169345362 0.0243261744 0.0148298224 0.0233435411 0.0150957177 0.0241304828 0.021454871 0.0140331397 0.0224914063 0.0133837943 0.0167936856 0.0213889826 0.0278000208
35 0.0270195202 0.0145286478 0.0104889044 0.0240645709 0.0176353804 0.0196974927 0.014599339 0.0215722481 0.0218044206 0.0298675988 0.0307509289 0.0328699561 0.0120519666 0.0288750946 0.0314397464 0.0079991643 0.0175792572 0.0245600436 0.0053972404 0.0013794514 0.0214992187 0.0166079668 0.0267207217 0.0205806541 0.0194319469 0.0106615979 0.0193202935 0.0147719164 0.008888318 0.0148428638 0.0106629849 0.0154153444 0.0193788168 0.0122454119 0.0 0.0168657988 0.0284484268 0.0132307541 0.0288176359 0.0245495724 0.0180621997 0.0195293347 0.0182497924 0.0322380581 0.0189522717 0.019035281 0.012229858 0.0166482636 0.0231698165 0.0130512533 0.0186260541 0.005991252 0.020200153 0.0169543829 0.0099408128
36 0.0161675831 0.0231196364 0.0195427475 0.0181377076 0.0145915681 0.0287175583 0.0269371184 0.0195666129 0.016966992 0.0079394865 0.0061410312 0.0208287125 0.0170295956 0.0139051823 0.0174974646 0.0275787536 0.0217275957 0.023403635 0.0114828877 0.0202212232 0.0105945619 0.0295745769 0.0193495335 0.0235162365 0.0266507214 0.0169558874 0.0090715688 0.0046764534 0.0212839824 0.0186003819 0.0208481217 0.0072646129 0.0151637168 0.0215173434 0.0168657988 0.0 0.0241202717 0.0224569251 0.0141265946 0.0100393046 0.015716621 0.0106634905 0.020457186 0.0236971867 0.0257385438 0.0224981268 0.0119388285 0.0257526345 0.0076447422 0.0140878196 0.0189321683 0.0318467439 0.0204788088 0.0244513225 0.021916091
37 0.0158922579 0.0208778082 0.0061974833 0.0270013209 0.02307177 0.0280313557 0.0249935262 0.0090797115 0.0304409832 0.0229172336 0.0207808436 0.0135381297 0.0148226487 0.0098330498 0.0183608134 0.0160300359 0.0209334878 0.0140378842 0.0224978469 0.0192004408 0.0114448594 0.0061931755 0.0257092865 0.0219660035 0.0238531579 0.0250585914 0.0286968526 0.02097716 0.020025063 0.0203114922 0.0084663157 0.0318560583 0.0191941169 0.015854455 0.0284484268 0.0241202717 0.0 0.0101016809 0.0076795548 0.0109336994 0.0064479621 0.0282644072 0.0233678559 0.0046907702 0.0030660454 0.0173312278 0.0256560651 0.0147470373 0.0235462942 0.0192030475 0.0112381789 0.0220205779 0.0222202681 0.0191141931 0.0196572166
38 0.0119666145 0.0190968404 0.0262673474 0.0321718083 0.0147568002 0.0115892375 0.0247925349 0.0323997633 0.0148340686 0.0122370471 0.03126395 0.0320187175 0.0232084988 0.0290928929 0.0051773259 0.0217509434 0.0164595354 0.0083814665 0.0141054885 0.0034580143 0.0156226483 0.016956948 0.0204652235 0.0117780076 0.0212478377 0.0279087237 0.0333331172 0.0269141311 0.0058987021 0.0241451368 0.0072524358 0.0129072869 0.0201185834 0.0208925187 0.0132307541 0.0224569251 0.0101016809 0.0 0.0294661475 0.0180299354 0.0220098701 0.0256890332 0.0057774685 0.0155097984 0.0252525251 0.0110175609 0.0106863771 0.0249073274 0.0305245467 0.004720659 0.0186841698 0.0156371361 0.0133447553 0.0041519251 0.0283312083
39 0.0234643515 0.0087536458 0.0089769297 0.0221480066 0.0253426624 0.0273299446 0.0184073826 0.0106697012 0.0232474242 0.0207649886 0.0061695672 0.0062167284 0.0169973849 0.0087799123 0.021526045 0.0123873907 0.0313975714 0.027301089 0.0200399117 0.0286289257 0.0120615725 0.0312010006 0.0292449386 0.0063152828 0.0215927273 0.0124352234 0.0139169308 0.0326722235 0.0267470917 0.0075649201 0.0173050126 0.0173102615 0.0263168171 0.0300548521 0.0288176359 0.0141265946 0.0076795548 0.0294661475 0.0 0.0159376941 0.0229013129 0.0251355992 0.0066756652 0.0165338899 0.0206662432 0.0217304913 0.0132677622 0.0229222666 0.032375394 0.0123991514 0.0128037636 0.0073532593 0.0167457652 0.010099111 0.0090742799
40 0.0222686484 0.0197169497 0.023276602 0.0159797241 0.0170673955 0.012649214 0.0082225188 0.0292747716 0.007377271 0.0229513543 0.0068789834 0.0268705756 0.0169221886 0.0225595401 0.0233470502 0.0104694385 0.0160252725 0.0267116291 0.0169213469 0.0232949588 0.0353720344 0.0263762209 0.0217813724 0.0261746028 0.0246340737 0.0245376782 0.0005113673 0.0122675104 0.0261950392 0.0159947378 0.0137102122 0.0314151949 0.0062211801 0.0284899556 0.0245495724 0.0100393046 0.0109336994 0.0180299354 0.0159376941 0.0 0.013403263 0.0132576516 0.0236417237 0.0093271007 0.0200323938 0.0171240368 0.0258889676 0.0106870101 0.020208105 0.0212468971 0.0189644898 0.016020454 0.0072798277 0.0160489534 0.0249123067
41 0.0185980379 0.0255858121 0.0169015119 0.032030886 0.018394055 0.0098070206 0.0267823841 0.0074080458 0.0215211479 0.0153412419 0.0126372963 0.0201565994 0.0178714253 0.0158391876 0.0145134689 0.0202786776 0.0309062078 0.0111120366 0.008111178 0.0275640853 0.0292609046 0.0323469919 0.0189346915 0.0135269541 0.0114397054 0.0204983975 0.0015993113 0.0129357231 0.0152318789 0.015328122 0.011703938 0.015029808 0.0082845988 0.0116977093 0.0180621997 0.015716621 0.0064479621 0.0220098701 0.0229013129 0.013403263 0.0 0.0148018438 0.0200966305 0.0231709746 0.0261216272 0.0292852695 0.0243678197 0.0215617867 0.0197942552 0.0237410063 0.0199111913 0.0266070213 0.0197993961 0.0326461993 0.0103747098
42 0.0131440125 0.0288483004 0.0189807119 0.016033446 0.0127705737 0.0109459585 0.016473313 0.0251524761 0.0101869697 0.029874359 0.0177079951 0.0158917662 0.0097033683 0.0085657612 0.0253623527 0.0218397276 0.0166328153 0.0276545542 0.0149381916 0.0234394588 0.0020330571 0.0258833452 0.0086805675 0.0165593846 0.0187608514 0.0221410846 0.0244403776 0.0198678447 0.0261431156 0.0199909325 0.0071921992 0.0173543308 0.0216555621 0.0025605036 0.0195293347 0.0106634905 0.0282644072 0.0256890332 0.0251355992 0.0132576516 0.0148018438 0.0 0.0249037171 0.0144757907 0.0161308321 0.0143369337 0.0234969291 0.017746384 0.0260315463 0.0193656174 0.0213639843 0.021847033 0.0194424742 0.0224102421 0.0236978872
43 0.0209064961 0.0262060534 0.0258856525 0.0216583862 0.013913385 0.0248080043 0.0270067104 0.0140602755 0.0288602545 0.0174184545 0.0102346529 0.0250989747 0.0015355344 0.0082892718 0.0241230914 0.0196186213 0.0135242554 0.0156839596 0.0253163651 0.0078444975 0.0257204331 0.0216958089 0.0117049772 0.0186676471 0.0248599933 0.0211184854 0.0287964586 0.0227504118 0.0196175447 0.0205231293 0.0153418157 0.0088219404 0.0151417688 0.0169345362 0.0182497924 0.020457186 0.0233678559 0.0057774685 0.0066756652 0.0236417237 0.0200966305 0.0249037171 0.0 0.0184985423 0.0215834014 0.0218449941 0.0096627501 0.021173766 0.0213380427 0.0053362676 0.0155430026 0.0350338786 0.0137932453 0.0179815818 0.0113526412
44 0.0073188342 0.0268973161 0.0290107417 0.0061867787 0.0123432528 0.0109710945 0.015990439 0.0295336316 0.0206391747 0.0205957726 0.0320616457 0.0201823064 0.0187461661 0.0124822213 0.0129377994 0.0207717201 0.0299948756 0.0264690518 0.0221513441 0.0145555381 0.0202386823 0.015360732 0.0192789369 0.0166020474 0.0273088921 0.0218429853 0.0005077459 0.0216913263 0.0096662383 0.0023388885 0.0134709557 0.0271319369 0.016138366 0.0243261744 0.0322380581 0.0236971867 0.0046907702 0.0155097984 0.0165338899 0.0093271007 0.0231709746 0.0144757907 0.0184985423 0.0 0.0281175082 0.0173030733 0.0063731282 0.0248224734 0.005060722 0.0210864597 0.01798236 0.0299688619 0.0191482704 0.0257380929 0.0205133257
45 0.0150812676 0.0330976747 0.024126214 0.0290680605 0.0215670442 0.0133070351 0.0223949716 0.0182768737 0.029508474 0.0156143682 0.0277699835 0.0204716272 0.0196209689 0.0095289237 0.02054669 0.0041470919 0.0173799171 0.0168186558 0.0041585047 0.0136794293 0.0146385022 0.0250395901 0.0034400085 0.0103970793 0.0262854753 0.0306100006 0.0164544202 0.010002996 0.0034240639 0.0154320462 0.0185546686 0.0281658441 0.0214887384 0.0148298224 0.0189522717 0.0257385438 0.0030660454 0.0252525251 0.0206662432 0.0200323938 0.0261216272 0.0161308321 0.0215834014 0.0281175082 0.0 0.0268034802 0.0154683852 0.0169253992 0.0251758118 0.0142508206 0.0234092425 0.0053011568 0.0326283359 0.0078466656 0.0116022786
46 0.0221022674 0.0148479041 0.0303484364 0.0123515231 0.0189082781 0.0301159938 0.0163965905 0.0151424929 0.0139373051 0.0049205948 0.0112134128 0.0145501006 0.0127812073 0.0181917256 0.0141502753 0.0135291334 0.0225645583 0.0138494522 0.0274516581 0.011136846 0.0151276158 0.0201258283 0.0285998749 0.0185762294 0.0226099571 0.0258295258 0.015842781 0.0090917422 0.0269339071 0.0212927531 0.0344577353 0.0166665134 0.0090318557 0.0233435411 0.019035281 0.0224981268 0.0173312278 0.0110175609 0.0217304913 0.0171240368 0.0292852695 0.0143369337 0.0218449941 0.0173030733 0.0268034802 0.0 0.0202418195 0.0305982992 0.0169728766 0.0217779821 0.0203184379 0.0168241727 0.0044038006 0.0151820668 0.0093504532
47 0.0080623757 0.0110954875 0.0263325299 0.0262032071 0.0230276474 0.0066716916 0.0153735712 0.0144928856 0.010536704 0.0249818821 0.0194474863 0.0153897829 0.02917974 0.0272536564 0.0302757298 0.0197767419 0.0209223073 0.0245647605 0.029265928 0.0235909601 0.0333653262 0.0173874614 0.0117874191 0.0182727525 0.0143200312 0.00164835 0.0070687694 0.0160895746 0.0332471121 0.0196088408 0.0016959317 0.0246053992 0.0156649501 0.0150957177 0.012229858 0.0119388285 0.0256560651 0.0106863771 0.0132677622 0.0258889676 0.0243678197 0.0234969291 0.0096627501 0.0063731282 0.0154683852 0.0202418195 0.0 0.0195891809 0.0189293717 0.0301800563 0.0121685272 0.0127966943 0.0295905915 0.0284352099 0.0127289661
48 0.0093188248 0.0312503544 0.0188954846 0.0024212708 0.015192316 0.0280904913 0.0172019614 0.0314946855 0.0032682235 0.0131664582 0.0191876537 0.0139465591 0.0127773937 0.0179212638 0.0226262302 0.0335681334 0.0138387002 0.0219968651 0.0135186455 0.0119542384 0.0137055133 0.0198370391 0.0141361797 0.0271113722 0.0038423881 0.0221924064 0.0203424407 0.0010945929 0.0195974125 0.0198909968 0.0311121239 0.0227292495 0.0217201234 0.0241304828 0.0166482636 0.0257526345 0.0147470373 0.0249073274 0.0229222666 0.0106870101 0.0215617867 0.017746384 0.021173766 0.0248224734 0.0169253992 0.0305982992 0.0195891809 0.0 0.0068257087 0.0057732382 0.0258101848 0.0259173675 0.0157028982 0.0183610844 0.0204496145
49 0.0132864864 0.0070469164 0.0025622445 0.0105174997 0.0164756761 0.0231455512 0.0140833945 0.0210555719 0.0238449716 0.0239193366 0.0102975354 0.0326562512 0.017228445 0.0142838756 0.0186375228 0.0067727926 0.0248007578 0.0178461838 0.0149384938 0.0245635578 0.0179313274 0.0325884706 0.0086965922 0.0169668744 0.007718846 0.0328002106 0.0309525814 0.0226268642 0.0237462697 0.0237148097 0.0072973038 0.0061909925 0.0234876042 0.021454871 0.0231698165 0.0076447422 0.0235462942 0.0305245467 0.032375394 0.020208105 0.0197942552 0.0260315463 0.0213380427 0.005060722 0.0251758118 0.0169728766 0.0189293717 0.0068257087 0.0 0.0253567092 0.0183450046 0.0115387993 0.0253531988 0.011297148 0.0163752242
50 0.027378142 0.0258409974 0.0245809104 0.0183201074 0.0267155553 0.0281807632 0.0219752087 0.020465845 0.008472943 0.0200687759 0.0132098476 0.0171787158 0.0193266275 0.024450188 0.0255913225 0.0225110819 0.0179111313 0.0195009168 0.0121293039 0.0069146762 0.0121866158 0.021676572 0.0129332321 0.0162320042 0.0111630728 0.011149947 0.029238377 0.020413581 0.0250462682 0.0213151833 0.0125282783 0.0281355423 0.0252260657 0.0140331397 0.0130512533 0.0140878196 0.0192030475 0.004720659 0.0123991514 0.0212468971 0.0237410063 0.0193656174 0.0053362676 0.0210864597 0.0142508206 0.0217779821 0.0301800563 0.0057732382 0.0253567092 0.0 0.0052456989 0.0217434782 0.0270859609 0.0153805654 0.0169663722
51 0.0243886424 0.0259807132 0.0332190285 0.0263758807 0.0281102015 0.0197803665 0.008758975 0.0065167401 0.0190691311 0.0168772337 0.0196465839 0.0259743406 0.0154400077 0.0183936058 0.0214607649 0.0259036483 0.0190782409 0.0114859481 0.0118622905 0.0164389979 0.0301602921 0.0130342879 0.0178857112 0.0188588228 0.0153186009 0.0100720231 0.0148136 0.0133534864 0.0133613251 0.0190379258 0.0136744952 0.0090031481 0.0191982702 0.0224914063 0.0186260541 0.0189321683 0.0112381789 0.0186841698 0.0128037636 0.0189644898 0.0199111913 0.0213639843 0.0155430026 0.01798236 0.0234092425 0.0203184379 0.0121685272 0.0258101848 0.0183450046 0.0052456989 0.0 0.0240437705 0.0265210124 0.0266777996 0.0183862224
52 0.0197002511 0.0194715271 0.0081358446 0.0184644288 0.0168767681 0.0101869921 0.0242144868 0.0252199627 0.0249030954 0.0271795706 0.0112922291 0.006641483 0.0148752357 0.0107635602 0.0292690406 0.0257273309 0.0219161319 0.0112878896 0.0087370411 0.0260930464 0.0216237931 0.0062068411 0.0205936288 0.0264553993 0.0349117361 0.0056691279 0.0347714719 0.0104436645 0.0073860658 0.0172385683 0.0177951636 0.0278948116 0.0187790154 0.0133837943 0.005991252 0.0318467439 0.0220205779 0.0156371361 0.0073532593 0.016020454 0.0266070213 0.021847033 0.0350338786 0.0299688619 0.0053011568 0.0168241727 0.0127966943 0.0259173675 0.0115387993 0.0217434782 0.0240437705 0.0 0.0078923336 0.0155088607 0.0219981506
53 0.0283451187 0.0118260731 0.0067756441 0.0138028195 0.019948135 0.0261931194 0.0278794465 0.0141783322 0.0254576786 0.0257378848 0.0158052833 0.0109167806 0.0088198114 0.0338471592 0.0060229251 0.0053933202 0.0138169517 0.0222140465 0.0241116273 0.0199223791 0.0170175577 0.0043447918 0.026584129 0.0118652005 0.0289060614 0.0311933888 0.0217621998 0.0224126161 0.0124371834 0.0331321348 0.0161092744 0.0105188926 0.011315753 0.0167936856 0.020200153 0.0204788088 0.0222202681 0.0133447553 0.0167457652 0.0072798277 0.0197993961 0.0194424742 0.0137932453 0.0191482704 0.0326283359 0.0044038006 0.0295905915 0.0157028982 0.0253531988 0.0270859609 0.0265210124 0.0078923336 0.0 0.0179532489 0.0150082497
54 0.0256160807 0.0091913294 0.0331454096 0.019716957 0.0284055609 0.0095412612 0.0227983519 0.0200072214 0.0056904918 0.0229277172 0.0363458515 0.0027141127 0.0222474957 0.0233425104 0.0327638624 0.0282230696 0.0095717428 0.0068890671 0.0173895102 0.0229795764 0.0207627296 0.011440992 0.0150299084 0.0205568927 0.0066211705 0.0249315901 0.0239504358 0.009001722 0.022408101 0.0160917514 0.0223359828 0.0159624344 0.006028224 0.0213889826 0.0169543829 0.0244513225 0.0191141931 0.0041519251 0.010099111 0.0160489534 0.0326461993 0.0224102421 0.0179815818 0.0257380929 0.0078466656 0.0151820668 0.0284352099 0.0183610844 0.011297148 0.0153805654 0.0266777996 0.0155088607 0.0179532489 0.0 0.0177432494
55 0.0206807606 0.0068474901 0.0316355367 0.021284555 0.0216728341 0.0247505498 0.0163969947 0.0212905856 0.0048480979 0.0273870144 0.0177095196 0.0177856676 0.010217722 0.0271243925 0.0066554151 0.0089812966 0.0187939473 0.0254700941 0.0177562596 0.0199487571 0.0270604821 0.0122339423 0.0249394367 0.0095092991 0.0092194827 0.0328268119 0.0158766806 0.0247486976 0.0286049445 0.0221799609 0.0192426677 0.0296145126 0.0085263101 0.0278000208 0.0099408128 0.021916091 0.0196572166 0.0283312083 0.0090742799 0.0249123067 0.0103747098 0.0236978872 0.0113526412 0.0205133257 0.0116022786 0.0093504532 0.0127289661 0.0204496145 0.0163752242 0.0169663722 0.0183862224 0.0219981506 0.0150082497 0.0177432494 0.0
