128
1 0.0070706055 0.0061813828 0.0137106709 0.0109434831 0.0120919872 0.009830072 0.0047982286 0.0062605918 0.0068253865 0.0094468965 0.0080302565 0.0067271387 0.0062034764 0.0067153967 0.0103728558 0.0068648052 0.0025772476 0.0045539165 0.0077200589 0.0074530251 0.0129179134 0.0049562096 0.0052798311 0.0088184378 0.0065827374 0.0045358672 0.0104342995 0.0068146352 0.0130447958 0.0072039514 0.0102240455 0.006473412 0.0088858556 0.0054203145 0.0094418559 0.0079155575 0.0098968499 0.0094467494 0.0071900351 0.0079225316 0.0076208304 0.0121807622 0.0114965488 0.009758157 0.00635888 0.0126740068 0.0116174627 0.0063109516 0.0063760164 0.0052900802 0.0030228791 0.0055274578 0.0116624587 0.008570271 0.0064844812 0.0088906453 0.0090933009 0.0085773637 0.0108727141 0.0111836616 0.0025701505 0.0082473153 0.0085338648 0.0076044695 0.0076292366 0.0084425056 0.0088688706 0.0117358065 0.0063071134 0.0052965509 0.0069502577 0.0083271988 0.0057571522 0.0086043608 0.0072729561 0.0080495271 0.0087968914 0.0111877833 0.005492623 0.0060709788 0.0108919854 0.0019114017 0.0090378407 0.0032242692 0.0103034258 0.0015418213 0.0058789065 0.0055508375 0.0050139268 0.0043295133 0.0051374024 0.008213771 0.006847102 0.011299861 0.0075578152 0.0101922286 0.010813356 0.008253316 0.0054988832 0.0088058066 0.0028048412 0.0067635362 0.0045289991 0.0097419092 0.0029795537 0.0088157581 0.0066462494 0.0113312588 0.0080050338 0.0116254331 0.0082201834 0.0107893077 0.0103217757 0.0084950297 0.0048668357 0.0087251606 0.0081705987 0.0064109361 0.0028990375 0.0096631808 0.0087153013 0.0094012224 0.0098636824 0.0118476966 0.0080125051 0.0080858591 0.0058264873 0.0030412465 
2 0.0061813828 0.0089996658 0.0108003332 0.0073226893 0.0071403903 0.0056816722 0.0053205059 0.0090239606 0.0100029699 0.0060402002 0.0104767706 0.0070861571 0.0092831238 0.0115257047 0.0109647441 0.0065135026 0.0090945111 0.008889316 0.008448654 0.0040579988 0.0054752186 0.0054979709 0.0064363328 0.009143215 0.0065341262 0.0128511725 0.0045188516 0.0064346337 0.0041733974 0.0066744409 0.0072831331 0.008044759 0.0066939748 0.0065195328 0.009711307 0.0044485429 0.0035375984 0.0115711038 0.0064092445 0.0136440155 0.0039635703 0.0091464058 0.005993087 0.0061306204 0.0079584553 0.0094472142 0.0050927476 0.0088001598 0.0149227549 0.0116648955 0.0104282964 0.008404146 0.0053294488 0.0052659855 0.0005258602 0.0058856134 0.0093049994 0.0103486196 0.0050070093 0.0063354646 0.0097262521 0.0064542524 0.0094545367 0.009309371 0.0081628539 0.0075394324 0.0070301036 0.0025149602 0.0114577366 0.0050996828 0.0079591933 0.0077743623 0.0061050306 0.0100920011 0.0091041934 0.0047672347 0.0137420435 0.010987164 0.0097412131 0.0046282113 0.0020646117 0.0085299008 0.0128701026 0.0101364007 0.009668016 0.0103918912 0.0046885199 0.0022246391 0.0066614102 0.0086302736 0.0080279174 0.0072656004 0.0092877804 0.0066659696 0.0102996504 0.0087677466 0.0065384429 0.0049341591 0.0099047233 0.0103540981 0.0146961007 0.0111910529 0.0158193254 0.0036530879 0.0024537443 0.0056076683 0.0103907663 0.0063941192 0.0084538794 0.0073859277 0.0041880943 0.0068236916 0.0085455173 0.0100943477 0.0080657141 0.0096696197 0.0035199901 0.0098328343 0.0062724807 0.002818823 0.008188957 0.0058525372 0.0015716293 0.0064036178 0.0113897353 0.0053995024 0.0123857491 0.0149576252 
3 0.0137106709 0.0108003332 0.0152514778 0.0109677715 0.0074750433 0.0114543423 0.0085653465 0.0054842899 0.0088312425 0.0090900415 0.0074212039 0.0106833148 0.0063572706 0.0057502205 0.0107396739 0.004483408 0.0055077824 0.0048914197 0.0041058607 0.006145394 0.002537153 0.0078570391 0.0054951549 0.0059195642 0.0078959351 0.0081975757 0.0028947023 0.0059232049 0.0096381686 0.0101797101 0.0064195697 0.0067413931 0.005502807 0.0035280497 0.0078877465 0.0112304422 0.0131264366 0.0171061826 0.0046733306 0.0039864205 0.0078298619 0.004221193 0.0097495512 0.0059426155 0.008349742 0.0037409186 0.0057304975 0.0096609487 0.0103945388 0.0116208497 0.0089309133 0.0077824144 0.0082191984 0.0086973428 0.0063599372 0.0055143727 0.00741706 0.001053713 0.0031226821 0.0088979173 0.0078855333 0.0125073473 0.0034719302 0.007527595 0.0097141965 0.0058184186 0.0106360233 0.0062254969 0.0103464088 0.0105199644 0.004892791 0.007158281 0.0072993121 0.0091545382 0.0016099253 0.0057128382 0.0074933518 0.0051544646 0.0067477915 0.0096879656 0.0046669072 0.0134492035 0.0086648519 0.0104029312 0.0081263646 0.0052936523 0.0046388342 0.0084605604 0.0018890721 0.0064352875 0.0080331851 0.0070482312 0.0053163793 0.0076173186 0.0091647337 0.0073432853 0.0099879545 0.0053045855 0.0134309624 0.0092001681 0.0098840079 0.0038882304 0.0070521728 0.0091507123 0.0091745048 0.0098826759 0.0092158122 0.008758886 0.0042549126 0.0098625345 0.0114764539 0.0121177776 0.0064980706 0.0081060854 0.0093092664 0.0080069888 0.0087265512 0.0136056932 0.0104904152 0.0019252853 0.0107592361 0.0163383683 0.0087287709 0.0072670602 0.008021548 0.0087994766 0.0016807149 0.0052861832 
4 0.0109434831 0.0073226893 0.0109677715 0.0035967425 0.0028124898 0.012690306 0.0072530267 0.0048721855 0.0088772237 0.0082048111 0.004983991 0.0086607146 0.0091321966 0.0055063286 0.0052420696 0.0023339638 0.010343526 0.0034527792 0.0072085774 0.0032616154 0.0098924359 0.0076213354 0.0065210823 0.0113335925 0.0114666278 0.0083640567 0.0094634691 0.0086817611 0.0081059684 0.0081735152 0.0099714995 0.0069206756 0.0071893961 0.0085199646 0.0064827837 0.0117072771 0.0099056699 0.0078261629 0.0095282084 0.0050312417 0.0072456999 0.0111194742 0.0078365363 0.0088667207 0.0122629287 0.0067311376 0.0065117101 0.0017808667 0.0030710279 0.006297813 0.005239825 0.0103877482 0.0116753091 0.0103693899 0.0096579265 0.0103410753 0.0076346263 0.0120343485 0.0061075374 0.0111135869 0.0071209912 0.0032859839 0.0057899778 0.0085815641 0.0091301552 0.0137376528 0.0048802493 0.0051409686 0.0114297167 0.0111428833 0.0108462817 0.0059939695 0.0088275126 0.0048729067 0.0125341667 0.0062998402 0.0096517312 0.005345752 0.0103195589 0.0063874127 0.0066430945 0.0062407499 0.0084508221 0.006977495 0.0039658967 0.0041596286 0.0072391932 0.0129056 0.0035391905 0.0098984769 0.0106497044 0.0083856811 0.0103874393 0.0054505422 0.00645998 0.0125177828 0.0099117032 0.0093030053 0.0115983251 0.0069500009 0.0076306443 0.0088931078 0.0099626142 0.0051815481 0.0052335522 0.0091457377 0.0041590856 0.0075116834 0.006839512 0.0078989071 0.0066345297 0.0093050581 0.0066356134 0.004903941 0.0092739468 0.0056534752 0.0105381987 0.0112527079 0.0090628224 0.0085622348 0.0039761482 0.0050162367 0.0048972494 0.0054690431 0.0059174624 0.0049589988 0.0125234709 0.0033503798 
5 0.0120919872 0.0071403903 0.0074750433 0.0028124898 0.0084291479 0.0040233457 0.0030919202 0.0046150984 0.0062945128 0.0105104922 0.0085343001 0.0052836728 0.0063653696 0.0037328592 0.0106468399 0.0039363496 0.0101124642 0.0102350483 0.0098388563 0.0098909341 0.0086885977 0.0031679569 0.0112018719 0.0086537659 0.0114185079 0.0104352781 0.0051282359 0.0071622714 0.0089267404 0.0046851936 0.0056041699 0.0100870874 0.0115547648 0.0084978064 0.0043765477 0.0056967618 0.008178937 0.0083124843 0.0051732053 0.0106463365 0.0079180994 0.0081549288 0.0054652239 0.0045369878 0.00815548 0.0063466131 0.0075096411 0.0069196892 0.0076112247 0.0103252347 0.0076781361 0.0075409566 0.0038941623 0.0028150707 0.0066973791 0.0110557471 0.0131535958 0.0063415116 0.0070737742 0.0095399722 0.0107495395 0.0029536758 0.003805349 0.0109982519 0.0052884924 0.0077339299 0.0102109281 0.0043211947 0.003646772 0.0036850802 0.0124347998 0.0027056505 0.0090870499 0.0042177569 0.0093626347 0.0085712717 0.0096436624 0.0069550009 0.0117564966 0.0071920689 0.0117794169 0.0046932867 0.0029110678 0.0151417733 0.007853356 0.0081758394 0.0035370234 0.0086933886 0.0093749155 0.0083534318 0.0055557463 0.0054170443 0.013585415 0.0054799147 0.0116528851 0.0029647805 0.0081158126 0.0141366106 0.0077349932 0.0138746476 0.0054487652 0.0063450025 0.0090352469 0.0123878611 0.0076240531 0.0084874702 0.0125956949 0.0091221315 0.0047164008 0.0110805754 0.0043310275 0.0084651495 0.0060499769 0.0099091566 0.0145854539 0.0082142272 0.0083493676 0.0126696196 0.0095269317 0.0068704204 0.0039711058 0.0069996369 0.0158559012 0.0057829689 0.0080540569 0.0071660357 0.0054981964 0.0051155399 
6 0.009830072 0.0056816722 0.0114543423 0.012690306 0.0040233457 0.0112246971 0.0053459065 0.0074417654 0.00399333 0.0101392772 0.0082167434 0.0102081616 0.0083625718 0.0105741078 0.0025798511 0.0063153006 0.0059997604 0.005164428 0.0054777706 0.0080339038 0.0084639609 0.0056183797 0.0055748809 0.0077339074 0.0116034404 0.0077306367 0.0073434694 0.0071172313 0.0120648913 0.0050817009 0.0111906144 0.011227566 0.0083268241 0.0081509404 0.006751795 0.0083470913 0.0096014703 0.0040158224 0.0107205064 0.0051470937 0.0029059496 0.0057060435 0.0071409836 0.0066786451 0.0060211442 0.0075269903 0.0058946189 0.0076096482 0.0035145343 0.0082211702 0.0077331665 0.0055377283 0.0087429053 0.0089949162 0.0061596061 0.0023835361 0.0077182539 0.007234891 0.0064176233 0.0076259563 0.0079248202 0.0052290786 0.0087451474 0.014751999 0.0144691963 0.0049874857 0.0086599446 0.0081696198 0.0099083841 0.0068109514 0.0042008988 0.0063115881 0.0067879084 0.0105936576 0.0092966318 0.0115694355 0.0060992839 0.0090500647 0.0101750841 0.0023649406 0.0061187704 0.0149221647 0.0091849686 0.0100003689 0.0076436574 0.007723805 0.0065510699 0.0093641027 0.0049972959 0.0085271125 0.00629673 0.0059659596 0.0091636667 0.0071570489 0.0095847364 0.0060406532 0.0048911865 0.0057598054 0.0072439289 0.0070626733 0.0033279715 0.0063411065 0.001892527 0.0112307288 0.0111828295 0.0041341545 0.0036867566 0.0107428144 0.0113420002 0.0096872489 0.0086831483 0.0151366984 0.0065692074 0.0096376421 0.0160805655 0.0050846451 0.0033493173 0.0093738255 0.011371295 0.0079895052 0.0045591963 0.0057587264 0.0101251975 0.007762679 0.0101519224 0.009137146 0.0152101692 0.0058073032 
7 0.0047982286 0.0053205059 0.0085653465 0.0072530267 0.0030919202 0.0053459065 0.0102800169 0.0052268796 0.0043197819 0.0098039479 0.0072074722 0.0083670201 0.0108620446 0.0082408516 0.0069645915 0.007446958 0.0082415898 0.0086428786 0.0075419686 0.0119870249 0.0059119471 0.0059854258 0.0114937029 0.0135347295 0.0090960317 0.007502868 0.0115030178 0.0025234918 0.0138325446 0.0078595243 0.0087833698 0.0032686218 0.009037071 0.013552198 0.0094082537 0.0109440128 0.0025508833 0.0060490098 0.0094688605 0.0081632841 0.0042386797 0.0118762399 0.0070491207 0.0089009347 0.009125347 0.0068757456 0.0073358707 0.0024942481 0.0121865888 0.0069920988 0.0050791294 0.0046579485 0.0089152231 0.0025195756 0.006438359 0.0081625979 0.0048099785 0.0122735611 0.0074250598 0.0036449684 0.0035070954 0.0055666555 0.0111904511 0.0126211884 0.0072283989 0.007521223 0.0062512173 0.0064520195 0.0041231128 0.0071882186 0.0151795687 0.0097804851 0.0099891767 0.0047272112 0.0098286447 0.0076606427 0.0063626367 0.00339284 0.006324974 0.0086217099 0.0045930923 0.0085980758 0.0079821194 0.006587367 0.0100324336 0.0099170056 0.0047069346 0.0068871127 0.0071545594 0.0069160333 0.0129486222 0.0100537414 0.0120450551 0.0090042439 0.0062131498 0.0094353202 0.0128441223 0.0053043749 0.0041767218 0.0045239727 0.0041124625 0.0085264902 0.0097785984 0.008505244 0.0037149508 0.005265157 0.0093921349 0.0139472633 0.0112029013 0.0085323841 0.0038080626 0.0012395331 0.0055308082 0.0080441922 0.0086018273 0.0073771136 0.0136953237 0.0063596315 0.0120923541 0.0139984564 0.0053208374 0.0039771509 0.0077814268 0.007539609 0.0086119006 0.0148918542 0.0070855949 0.0066471246 
8 0.0062605918 0.0090239606 0.0054842899 0.0048721855 0.0046150984 0.0074417654 0.0052268796 0.0151081201 0.0087081486 0.0104532186 0.00884068 0.0081646003 0.012575096 0.0129337044 0.0111138877 0.0041804763 0.0099512612 0.0028631351 0.0051879462 0.0008777954 0.0103957575 0.0072133662 0.0091196608 0.0048705732 0.0090050793 0.0057504938 0.0077595084 0.0098438554 0.0070650066 0.0088392517 0.01340306 0.0104532947 0.009887528 0.0088080413 0.0045671068 0.0072549593 0.0044657384 0.0066648774 0.0020595963 0.0115304044 0.009224833 0.003755757 0.0139475532 0.0048307578 0.0053354875 0.0058824898 0.0087863708 0.0107265756 0.0104541977 0.0077734362 0.006470137 0.0094887642 0.0129624938 0.0081449149 0.0151412865 0.006510891 0.0135312777 0.0098932383 0.0067558861 0.006933728 0.0049590644 0.0067221073 0.0065326717 0.0082619073 0.0054777955 0.0066688075 0.0064398791 0.0030687704 0.0033148238 0.0055763479 0.0107082409 0.0042072901 0.007277523 0.0126997724 0.0116018605 0.0122010428 0.0054225444 0.006849046 0.0093999787 0.0078935854 0.00759831 0.0072897492 0.0059574544 0.0046235062 0.0074849032 0.0072229631 0.0087499032 0.0085834022 0.0102948737 0.0077190231 0.0098876663 0.006277817 0.0032002476 0.0084097722 0.0112634586 0.0040890416 0.0023579344 0.007223647 0.0073474908 0.0082974262 0.0019789127 0.0065833642 0.0112276575 0.004891205 0.0077835123 0.0068575493 0.0129381565 0.0076216492 0.0113832275 0.0092155288 0.0074843034 0.0067516279 0.0066913258 0.0038762301 0.0042722834 0.0071839468 0.0068878808 0.0088964179 0.0136647535 0.0152022092 0.0022566933 0.0047279715 0.0080365123 0.0129608295 0.0053880393 0.0050081213 0.0133484621 0.0083299033 
9 0.0068253865 0.0100029699 0.0088312425 0.0088772237 0.0062945128 0.00399333 0.0043197819 0.0087081486 0.013506774 0.0035983314 0.0086685626 0.0046757249 0.0090029127 0.0080553552 0.0063219459 0.0059282698 0.0070262968 0.0101669733 0.0034994208 0.0139243573 0.0078314502 0.0074755427 0.0078771169 0.0112909382 0.005788822 0.0092894017 0.0062674046 0.0099627403 0.0070104813 0.0100889099 0.0106465518 0.0093391979 0.0058153925 0.0075331731 0.0052412493 0.004948894 0.0081945876 0.013338222 0.0071945763 0.0074737878 0.00741457 0.0102877209 0.0085220308 0.0052428401 0.0075710557 0.0083360653 0.0061530674 0.0086543848 0.0167991934 0.0113564826 0.0037197605 0.0066450736 0.0102920181 0.0083002112 0.0055937054 0.0048409754 0.0017582674 0.0135354521 0.0139180762 0.0150895989 0.0151586073 0.0076238305 0.0088666566 0.002960786 0.0027839312 0.0088012588 0.0051833302 0.0048231884 0.0045096731 0.0080293754 0.0105055983 0.0092911965 0.0071352548 0.0071712465 0.001923687 0.0106734874 0.0037917273 0.0062483018 0.0071074158 0.0102109734 0.0107503427 0.0055294833 0.0110686401 0.0058893836 0.0033866572 0.0106096719 0.0026767775 0.0027937351 0.0074356731 0.0086530253 0.0084843239 0.0073125222 0.0062531872 0.0036020623 0.0101859694 0.0034322389 0.0070539585 0.0080328338 0.0135502235 0.0065106066 0.007955854 0.0081797966 0.0154986658 0.0069477089 0.0050866971 0.0098141662 0.010482537 0.0082157903 0.006226696 0.0119290618 0.0035295219 0.0086635696 0.0048355279 0.0114631087 0.0082199353 0.0132239277 0.009934644 0.004820497 0.0052315855 0.0114056897 0.0072419452 0.0085266965 0.0029642317 0.0041836466 0.0087732665 0.002939598 0.0113628874 0.007465394 
10 0.0094468965 0.0060402002 0.0090900415 0.0082048111 0.0105104922 0.0101392772 0.0098039479 0.0104532186 0.0035983314 0.0074255224 0.0119237617 0.0070483647 0.0040571562 0.0043533802 0.0130564702 0.0047295869 0.0071126972 0.006590934 0.0065189478 0.0050856154 0.0051761725 0.0092356137 0.0069650966 0.0070216312 0.0103299343 0.0055231652 0.0073134453 0.0061174319 0.0100451492 0.0055715447 0.0056338082 0.0091215278 0.007436193 0.0119726465 0.0090119584 0.0091233174 0.0144827676 0.0123370765 0.0093791231 0.0063399875 0.009771412 0.00788984 0.0065944939 0.0041949301 0.0085626655 0.0102245053 0.0060878957 0.0045973678 0.009237679 0.0063295426 0.0140392156 0.00658885 0.008559609 0.0030875539 0.0108315604 0.0080721996 0.00506566 0.0056018781 0.0087707844 0.0088280391 0.0101256452 0.0054133013 0.0094609558 0.0081716834 0.007159779 0.0078870447 0.010028157 0.0083536882 0.0131914764 0.0034113253 0.006071703 0.0071450068 0.0069886363 0.0100089525 0.0111928828 0.007871596 0.0090352166 0.007244501 0.0100545027 0.0067475683 0.0063136989 0.0153268896 0.0044376163 0.003805204 0.0096780756 0.0102559694 0.0070548399 0.006644913 0.0121770413 0.009813543 0.0066962417 0.0032639137 0.0041807039 0.0100861751 0.009467722 0.0064712561 0.007318975 0.00307793 0.011313331 0.0035445134 0.0049505901 0.0090837474 0.0058142929 0.0052083067 0.0089595766 0.0114030604 0.0030963051 0.0096356245 0.0052011909 0.0066621139 0.0071654303 0.0067406325 0.0121100092 0.0059481933 0.0052553177 0.0073505808 0.0128623316 0.0067349203 0.0079072892 0.006904931 0.0060968011 0.0102199213 0.0117320466 0.0036989464 0.0097775965 0.00611955 0.0064111583 0.0041944343 
11 0.0080302565 0.0104767706 0.0074212039 0.004983991 0.0085343001 0.0082167434 0.0072074722 0.00884068 0.0086685626 0.0119237617 0.0100078922 0.0112491344 0.0059030617 0.0045853132 0.0082378345 0.005876983 0.0100039538 0.0147554894 0.0124780812 0.0072559018 0.0070058115 0.0074606448 0.009398648 0.0078629431 0.0044772715 0.0084072235 0.0112474724 0.0107831138 0.005707541 0.0067431676 0.0078445603 0.0098195672 0.0042240622 0.0107354614 0.0043769313 0.0068056558 0.0060766838 0.0129638016 0.0095148244 0.0066149647 0.0077692079 0.0078293265 0.0075442196 0.0136682134 0.0110758891 0.0076513679 0.0089542764 0.0038936661 0.0081600689 0.0130500412 0.0057264193 0.0046687813 0.0090201678 0.0102614351 0.0054857704 0.0095698135 0.0065338348 0.0030692548 0.0085261573 0.0053865297 0.0140579051 0.0062215846 0.007653006 0.005894862 0.0070205368 0.0095749023 0.0063772106 0.0043692403 0.0049268278 0.005320292 0.0024611112 0.0088444705 0.0097559898 0.0072004227 0.0054117917 0.0075974616 0.0101342779 0.0040383202 0.0104443203 0.0041754563 0.0081737996 0.010426932 0.0056415695 0.0072087276 0.0081461266 0.0110172633 0.0065070317 0.0104450301 0.0024279023 0.0043664424 0.0067019454 0.0039737873 0.0084254128 0.0089344485 0.0065313256 0.0107537211 0.0069383879 0.0050597195 0.0075921658 0.0090424284 0.0052309249 0.0085475232 0.0089401825 0.0087938305 0.0122402665 0.0050168875 0.0080941517 0.0075797392 0.0032512665 0.0059570154 0.0090848085 0.0081925395 0.0052928104 0.0118333226 0.0089122013 0.0036257823 0.0116129189 0.0054751292 0.0082858937 0.0125690449 0.0073678439 0.0060056495 0.0057489268 0.011109124 0.0083105286 0.0107481508 0.0056766666 0.0061305357 
12 0.0067271387 0.0070861571 0.0106833148 0.0086607146 0.0052836728 0.0102081616 0.0083670201 0.0081646003 0.0046757249 0.0070483647 0.0112491344 0.0060821563 0.0133561026 0.0061918492 0.0117028584 0.0135970772 0.0048533733 0.0125073761 0.0057477037 0.0064858175 0.0067117564 0.0065510412 0.0049764473 0.0091162704 0.0059544147 0.0046636586 0.012154713 0.0039073394 0.0075797193 0.0093873794 0.0073421015 0.0122975214 0.0069995201 0.0086588937 0.011640993 0.0112335919 0.0086800264 0.0081815044 0.0070328067 0.004394368 0.0094055197 0.0084396936 0.012540594 0.0107264425 0.0074158196 0.0158266721 0.0051654601 0.0132652764 0.0074036697 0.0046327527 0.0039574955 0.0113827399 0.0109597211 0.0064040517 0.0051210322 0.0085818674 0.0030481566 0.0010570755 0.0068626048 0.0015812832 0.0086233119 0.0111616352 0.0047437008 0.0095833253 0.0022169716 0.0041877232 0.0078383905 0.0029957038 0.0074204747 0.0075247515 0.0092998114 0.0042532712 0.0039867177 0.0064047993 0.0083511076 0.0063978414 0.0121570175 0.0076373584 0.0116204696 0.0078741766 0.0126859048 0.0063869892 0.0088749955 0.0060780626 0.0044799028 0.0040848596 0.0103385254 0.0107696096 0.0029937988 0.0081164884 0.0090630231 0.0056855112 0.0096402397 0.0083886036 0.0043354065 0.0098373118 0.0069084512 0.0067858678 0.011511306 0.0108165272 0.0039773499 0.0080993029 0.006874234 0.0038532007 0.0087099685 0.0052205043 0.011954904 0.0070138602 0.0052179371 0.0086338915 0.0049700534 0.0082831821 0.0080173269 0.0072915346 0.0138879302 0.005101612 0.0118791072 0.0084932071 0.0128173465 0.0128025894 0.0031619298 0.0023296454 0.0083249905 0.0086777011 0.018091125 0.0054456901 0.0032981297 0.0055914885 
13 0.0062034764 0.0092831238 0.0063572706 0.0091321966 0.0063653696 0.0083625718 0.0108620446 0.012575096 0.0090029127 0.0040571562 0.0059030617 0.0133561026 0.0075443003 0.0098919827 0.0075873758 0.0056035008 0.0059683809 0.0109906902 0.0062985676 0.0111255984 0.0100654534 0.0046636425 0.0067054318 0.0069682213 0.0050106181 0.0085027022 0.0081959306 0.0109327196 0.0030388908 0.0117990193 0.0074098102 0.0028653031 0.0103882906 0.0024125281 0.0074729637 0.0087500797 0.0047768092 0.0077589502 0.0063245317 0.001180138 0.0064505647 0.009023922 0.0057853984 0.0148596375 0.0079971473 0.0062864729 0.0056645306 0.0076331963 0.0053182912 0.0057494443 0.0107127424 0.0056030887 0.0068874798 0.0100336347 0.0049615499 0.006953593 0.0043402312 0.0096427668 0.0028709407 0.004851763 0.0129053449 0.0071880075 0.0062763113 0.0058459917 0.0033979153 0.006478471 0.0105998993 0.0155044904 0.0107875072 0.0088556393 0.0053140191 0.005835867 0.0105430936 0.0088557173 0.0049477692 0.0069293153 0.0058955925 0.0096833473 0.0086258831 0.0077959699 0.0144245028 0.0139361178 0.0112543122 0.0133708077 0.0041548968 0.0085212035 0.0127295593 0.0104661426 0.0050236707 0.0132697414 0.0082979047 0.0089919144 0.0094682903 0.0064599948 0.0107151098 0.0062313766 0.0063239696 0.0051791882 0.0130102009 0.0065354183 0.0032438767 0.0101397257 0.008561167 0.0130964325 0.005498913 0.0040006172 0.0043105443 0.0081056242 0.0075213888 0.0084948103 0.0107798283 0.0070436136 0.0098100096 0.0079541621 0.0028754311 0.0066966194 0.0099060552 0.0033932077 0.0034073083 0.0087001198 0.0113495847 0.0119686435 0.0040581617 0.0066233227 0.0069192384 0.0090345821 0.0065389699 0.0060183593 
14 0.0067153967 0.0115257047 0.0057502205 0.0055063286 0.0037328592 0.0105741078 0.0082408516 0.0129337044 0.0080553552 0.0043533802 0.0045853132 0.0061918492 0.0098919827 0.0067972951 0.0047915452 0.0059147633 0.0093656411 0.0149870349 0.0024490728 0.0047401972 0.0084946109 0.0080024636 0.0086049227 0.0064591547 0.0086132711 0.0061600517 0.0048965588 0.0099022609 0.011077661 0.0064569451 0.007967095 0.0113292671 0.0037156676 0.0050581822 0.0066024803 0.0100635631 0.0090935154 0.0060735438 0.0080870726 0.0106532659 0.0058566978 0.0126746673 0.0112464757 0.0037020128 0.0115186031 0.0060643775 0.0058629525 0.0094629115 0.0073839259 0.0104273213 0.0094492878 0.0073987684 0.0117210462 0.0050238931 0.0101799108 0.0071225313 0.0049668114 0.0061953901 0.0097194492 0.0069165268 0.0037061055 0.0098755308 0.0032747301 0.0064706021 0.0073210135 0.0074858614 0.0141496946 0.0066844457 0.015493289 0.0112202881 0.0059279953 0.005755795 0.0053911952 0.0078235724 0.0079340171 0.0092197921 0.0077430433 0.0092443552 0.0035349774 0.0133160847 0.0030236708 0.0062663331 0.0080748265 0.0078715101 0.0162807116 0.0097015569 0.0018627702 0.0081771645 0.0070310059 0.0064545014 0.0101073594 0.0079055451 0.009255385 0.0087720901 0.0109853038 0.0057037775 0.0125673073 0.0093181752 0.0030392351 0.0108595466 0.0087253164 0.0086740185 0.005034653 0.0073782953 0.0072208438 0.011499548 0.0103906332 0.0069573415 0.0090578786 0.0084035846 0.0045964451 0.0068135422 0.0083618509 0.0081132266 0.008264498 0.008552193 0.0098494494 0.0058336647 0.0045183055 0.0018495987 0.0032783135 0.0103313972 0.0093425901 0.0069247835 0.0067306764 0.009886271 0.00421934 0.0070538592 
15 0.0103728558 0.0109647441 0.0107396739 0.0052420696 0.0106468399 0.0025798511 0.0069645915 0.0111138877 0.0063219459 0.0130564702 0.0082378345 0.0117028584 0.0075873758 0.0047915452 0.0015934129 0.0114826477 0.0105743845 0.0083881153 0.0120506789 0.0080706533 0.0054055276 0.0022210146 0.008743888 0.0049557555 0.0030564662 0.0141738542 0.003644171 0.0103204274 0.0080730544 0.004606694 0.006753418 0.0107349441 0.0083815459 0.0104758675 0.0071175508 0.0092190544 0.007722673 0.0083884356 0.0085078822 0.0045496587 0.0071110811 0.0062853371 0.0087561963 0.0115245751 0.0079145414 0.0049785848 0.0076743985 0.0036057456 0.0080154151 0.0045985654 0.0040371636 0.0052797379 0.0051948396 0.0102730631 0.008379309 0.0086491397 0.0087216726 0.0038448431 0.0106056259 0.004371796 0.0050880355 0.0063786455 0.0034972521 0.0038835897 0.0093843771 0.0098588046 0.0069063047 0.0103645897 0.0077973443 0.0076345162 0.0112702077 0.0037558386 0.0084681168 0.0069873139 0.0154440657 0.0077944161 0.0073943814 0.0111865688 0.0116412065 0.0098142273 0.0062973864 0.006120409 0.013823509 0.0100196261 0.007855039 0.0110864047 0.0060912974 0.0053716333 0.0073408641 0.0039297111 0.0033839461 0.0068452133 0.008990482 0.0042103215 0.007101 0.0085786289 0.0061087963 0.0057313558 0.0069172818 0.006686093 0.0160236787 0.0086483238 0.0056516573 0.0067052615 0.0054390805 0.0102085396 0.0017703214 0.0089956242 0.006498573 0.0040785661 0.0057241159 0.0099245585 0.0044468211 0.0075285039 0.0143814905 0.0096426701 0.0103287734 0.0063536434 0.0110805258 0.0110401182 0.0060617626 0.01083419 0.0086878841 0.0074178764 0.0026788503 0.0109106977 0.01023481 0.012308331 
16 0.0068648052 0.0065135026 0.004483408 0.0023339638 0.0039363496 0.0063153006 0.007446958 0.0041804763 0.0059282698 0.0047295869 0.005876983 0.0135970772 0.0056035008 0.0059147633 0.0114826477 0.0075024125 0.0056257243 0.0068149848 0.0121317386 0.0055985022 0.0134641389 0.0126347057 0.014456357 0.0088699008 0.0104897184 0.0128710222 0.0103757848 0.0048611234 0.0128007955 0.0036762706 0.0074241124 0.0078271817 0.0075715034 0.0078706498 0.0054495698 0.0095138931 0.0093673669 0.0042396249 0.0101391984 0.0083154094 0.0054609631 0.0092717109 0.0063077435 0.0146074696 0.0126323826 0.0119839741 0.0128379749 0.005949304 0.0073819102 0.0054431393 0.0068131073 0.0067045386 0.0115634581 0.0086588388 0.0070682273 0.0107756825 0.0059463192 0.0127829193 0.0031145317 0.0115792571 0.0056057839 0.0049382827 0.0128074168 0.0066983562 0.0076829133 0.0089344272 0.0066222756 0.0122651091 0.0029784781 0.0069374127 0.0082256911 0.0096185903 0.0039793271 0.013132192 0.0099357027 0.0126328673 0.0046897082 0.0081186634 0.0093638232 0.0060680952 0.0073805822 0.0057127207 0.0033474045 0.0088896389 0.0064894502 0.008190329 0.0083232797 0.0097678682 0.0096142299 0.0093771697 0.0102134962 0.006658631 0.0037413144 0.0098746286 0.0067947296 0.0055294784 0.0052143829 0.0076503737 0.0055155466 0.0113964983 0.0046207458 0.0089188874 0.006783032 0.0102137696 0.0029570339 0.0064285928 0.0113244191 0.0051602334 0.0140082784 0.0046731381 0.0094863534 0.0088701401 0.0038399051 0.0106971632 0.0043696988 0.0057687547 0.0053073569 0.0060288612 0.0035976364 0.0115404387 0.006555327 0.008589004 0.008709 0.0043614101 0.006429418 0.0043881468 0.0068332782 0.0066403738 
17 0.0025772476 0.0090945111 0.0055077824 0.010343526 0.0101124642 0.0059997604 0.0082415898 0.0099512612 0.0070262968 0.0071126972 0.0100039538 0.0048533733 0.0059683809 0.0093656411 0.0105743845 0.0056257243 0.0065417008 0.0064291945 0.00414106 0.0045971604 0.0117802944 0.0077771201 0.0063334726 0.0088879679 0.0060402008 0.0146470374 0.0061212192 0.0107557295 0.0088161237 0.0128201909 0.0053353639 0.001949579 0.0128897259 0.0064492271 0.0072155638 0.0126769524 0.0046611124 0.0094905921 0.0094206199 0.0056024731 0.0105599386 0.0084605801 0.0059287755 0.0079056481 0.0108224446 0.0092157221 0.0092150973 0.0065739419 0.006657016 0.0061108384 0.0137948297 0.0076277386 0.0059802954 0.0047649992 0.0029444291 0.0052733306 0.0049727714 0.0088130779 0.0144277234 0.0041875522 0.005268379 0.0125847504 0.0064387129 0.0092424451 0.0074281434 0.006188798 0.0108372124 0.0048973106 0.0063298111 0.0082343044 0.0078247602 0.012685313 0.0085223643 0.0047246302 0.0056312087 0.0106551707 0.0047415446 0.0058721532 0.0076383247 0.0087159839 0.0084937851 0.0088678521 0.0053685187 0.008627853 0.0104388774 0.0130105635 0.0069259526 0.0052534427 0.0105171167 0.0079989128 0.0100557319 0.0065815175 0.0030456306 0.0083148864 0.0043946874 0.0121106146 0.010389983 0.0072879169 0.0038590424 0.0079080294 0.0099149776 0.0069874627 0.0093798404 0.0050858504 0.0080941398 0.0063400677 0.0073781201 0.0066709982 0.0072535625 0.0117410215 0.0060170703 0.0064979329 0.0157362425 0.0067396865 0.0108595718 0.0067780555 0.0043172088 0.0080561246 0.0071795256 0.010343392 0.0033795563 0.0083140175 0.0058825389 0.0069211366 0.0095614641 0.007045756 0.004279177 0.0113582404 
18 0.0045539165 0.008889316 0.0048914197 0.0034527792 0.0102350483 0.005164428 0.0086428786 0.0028631351 0.0101669733 0.006590934 0.0147554894 0.0125073761 0.0109906902 0.0149870349 0.0083881153 0.0068149848 0.0064291945 0.0044299003 0.0055929582 0.0080094927 0.013678562 0.0045010292 0.0072654353 0.0055941635 0.0063600297 0.0090638018 0.0032120171 0.0135786796 0.0066797237 0.0070017291 0.007621173 0.0075024927 0.0096290712 0.007653543 0.0083088336 0.0124691397 0.0144104392 0.0048090325 0.0120506737 0.0096348448 0.0100864492 0.0034711966 0.0107477157 0.0100429851 0.0061870655 0.0096170355 0.004481607 0.0046070102 0.0102446805 0.0077716393 0.0106786184 0.0036816954 0.0145375228 0.0098433039 0.0072540203 0.0085564787 0.005858746 0.0142378089 0.011228193 0.0088796905 0.0039346031 0.0091221459 0.0099545886 0.0091948652 0.0016909729 0.0011775759 0.009531718 0.0047326627 0.0073193343 0.0072728708 0.0106068218 0.0097895191 0.0077235204 0.0044125563 0.0039051963 0.0038467558 0.0086236791 0.0151874716 0.0078363945 0.0065587212 0.0046182071 0.0148002548 0.0072427903 0.0086962471 0.0107923634 0.0062412382 0.0058997006 0.0068276367 0.0113141648 0.0091433641 0.0075841206 0.0081140653 0.002493037 0.0084256374 0.0071050098 0.0050122277 0.0088102539 0.0049344294 0.0045024335 0.0054747096 0.0047887264 0.0061124654 0.0097855518 0.0103487767 0.0111395774 0.0039208489 0.0044749105 0.0050912954 0.0061995028 0.0075937482 0.0096043215 0.0056044545 0.0093363979 0.011042098 0.0086751249 0.0095644204 0.0037821955 0.0049726702 0.0083414123 0.0074103805 0.0028789744 0.0101955016 0.006313113 0.0065504023 0.0065358609 0.0061505247 0.0111735883 0.0105653487 
19 0.0077200589 0.008448654 0.0041058607 0.0072085774 0.0098388563 0.0054777706 0.0075419686 0.0051879462 0.0034994208 0.0065189478 0.0124780812 0.0057477037 0.0062985676 0.0024490728 0.0120506789 0.0121317386 0.00414106 0.0055929582 0.003644376 0.0050002743 0.0095078232 0.0099293407 0.0038308286 0.0066220564 0.0086744029 0.0106905357 0.011210333 0.0104963136 0.0046737164 0.0094413157 0.0110445454 0.0107575452 0.0090347073 0.006686848 0.0069623047 0.0086500139 0.0058689142 0.0043395882 0.0067774787 0.0108955483 0.0058103728 0.0049874463 0.0122554839 0.0075180517 0.0060279048 0.0054780498 0.0100151326 0.0059927639 0.0032140755 0.0115902834 0.0105031072 0.0066368136 0.0061532685 0.0075119519 0.0051720256 0.0050924972 0.0097379821 0.0082458171 0.0143417156 0.00583434 0.0068629501 0.0043950194 0.0127186014 0.0043951895 0.0099811727 0.0171189736 0.0079948431 0.0082002246 0.0126290456 0.004754006 0.0034715776 0.0106771982 0.0087020538 0.0085350381 0.011529129 0.011212197 0.0081378591 0.0125591213 0.0100223128 0.0062599569 0.0125707124 0.0050805675 0.0050526497 0.0098766439 0.0091327154 0.0042598082 0.0052550235 0.0055293309 0.0111700018 0.0065765469 0.0067108826 0.0088032312 0.0056819847 0.0098305247 0.0133168559 0.0070962399 0.0064680745 0.0099599421 0.0067802723 0.0066625039 0.0066086954 0.0115328848 0.0044109447 0.0103313188 0.0082585979 0.0057335786 0.0065478655 0.0073612278 0.0055563677 0.0117999299 0.0033267597 0.0083989178 0.0028533925 0.0145289779 0.0074070502 0.0073867089 0.0102734 0.0069404003 0.003826844 0.0080742369 0.0108963416 0.009734451 0.0052002329 0.0050605999 0.0093127866 0.0033716171 0.0055213237 0.0104777499 
20 0.0074530251 0.0040579988 0.006145394 0.0032616154 0.0098909341 0.0080339038 0.0119870249 0.0008777954 0.0139243573 0.0050856154 0.0072559018 0.0064858175 0.0111255984 0.0047401972 0.0080706533 0.0055985022 0.0045971604 0.0080094927 0.0050002743 0.0009504255 0.00535135 0.0067363271 0.0053814432 0.0071001241 0.0106650563 0.0056619287 0.0036170916 0.0101000395 0.0063042742 0.0097015573 0.006590013 0.0106391822 0.0106868652 0.003420749 0.0114031508 0.0141479838 0.0089992311 0.0049359146 0.0073111923 0.0107603258 0.0056660888 0.0084200463 0.0065836218 0.0039070332 0.0041610288 0.012191519 0.0107274479 0.0108898061 0.0038438444 0.0070741366 0.0089803229 0.0089869709 0.0043719108 0.0058097795 0.0074525118 0.010506977 0.0073856957 0.0176830793 0.0072193335 0.0090368447 0.0069929266 0.0121237645 0.0069547523 0.0070467563 0.006711155 0.0068896236 0.0107974837 0.0047553997 0.0074575869 0.0117560569 0.0066806707 0.0094575714 0.0103030896 0.0107776769 0.0019764483 0.0094672359 0.011155327 0.0070116458 0.0055442974 0.007481658 0.0086412027 0.008892709 0.0030599786 0.0063446199 0.0090251305 0.0082380876 0.0075083307 0.0105357026 0.0094597072 0.0117749394 0.0091617165 0.0087198713 0.0088114339 0.0098078259 0.0114418761 0.0062718519 0.0098983282 0.0138110208 0.0065518994 0.0103015404 0.0135010808 0.0065662013 0.0083615067 0.0134134726 0.0093872312 0.0090170967 0.007461384 0.0038036554 0.0033089427 0.0046467061 0.006008611 0.0050979709 0.007992242 0.0039320647 0.0066851401 0.0062532566 0.0094170035 0.0056279183 0.0088021204 0.0018119532 0.0090145279 0.0104090421 0.0093197324 0.0077348803 0.0065801213 0.0095553831 0.0046531846 0.0090751843 
21 0.0129179134 0.0054752186 0.002537153 0.0098924359 0.0086885977 0.0084639609 0.0059119471 0.0103957575 0.0078314502 0.0051761725 0.0070058115 0.0067117564 0.0100654534 0.0084946109 0.0054055276 0.0134641389 0.0117802944 0.013678562 0.0095078232 0.00535135 0.0086908291 0.0068937201 0.0074985905 0.0045250586 0.0071559003 0.009921915 0.0086159762 0.0030770964 0.0052630182 0.0130319625 0.0049353853 0.0087839507 0.0068109946 0.0070056383 0.0070996987 0.0085614867 0.0054396773 0.0063866036 0.0049571211 0.0051142491 0.0055236595 0.0093333524 0.0065019091 0.0073232225 0.0090569659 0.0077741456 0.0067097646 0.0115620696 0.0115253704 0.0048298058 0.010415124 0.0065125344 0.0020722278 0.0058234673 0.0065522179 0.0042707158 0.0139002508 0.009541779 0.0047148548 0.0111167455 0.0030375923 0.0056423864 0.0100402106 0.0069811887 0.0098043798 0.0064354707 0.0080052771 0.0064202098 0.0107520745 0.0059338595 0.0108863338 0.0098650858 0.0113133363 0.0140193157 0.0113223707 0.0094028425 0.0043503034 0.0053882938 0.0030861821 0.0106948115 0.0067633927 0.0098401905 0.0108125747 0.0076297784 0.0040623802 0.0076356336 0.0070553374 0.0096677988 0.0121940471 0.0072248471 0.0116930558 0.0133264154 0.005663845 0.010892137 0.0059356269 0.0065280521 0.0084394785 0.0059930821 0.0070242402 0.0076202119 0.0051649764 0.0055011811 0.0128288021 0.0103055626 0.0019696575 0.0019739492 0.0072952117 0.0070464967 0.0069454664 0.0048011936 0.0132038779 0.0109626093 0.0039758948 0.0060761501 0.0066638842 0.0040891128 0.0094647419 0.0095434525 0.0040173345 0.0108245781 0.0089056639 0.0049223394 0.0065449437 0.009074144 0.0058354128 0.0088007542 0.0043730528 0.0159209151 
22 0.0049562096 0.0054979709 0.0078570391 0.0076213354 0.0031679569 0.0056183797 0.0059854258 0.0072133662 0.0074755427 0.0092356137 0.0074606448 0.0065510412 0.0046636425 0.0080024636 0.0022210146 0.0126347057 0.0077771201 0.0045010292 0.0099293407 0.0067363271 0.0068937201 0.0086064762 0.0071527995 0.0042008583 0.0067190041 0.0107200537 0.0087470262 0.0071275784 0.0110353982 0.0038138828 0.0063953627 0.0092415286 0.0023590009 0.0094597602 0.0124609892 0.0078852939 0.0079949451 0.0065902075 0.0058508961 0.0094740579 0.0082753184 0.0041715536 0.0028959572 0.0089112537 0.0092526494 0.0103760435 0.0115004155 0.005298775 0.0120462681 0.0104830179 0.0069185401 0.0119826345 0.0052889761 0.0089556965 0.0102683106 0.0135199208 0.0051904889 0.0080372502 0.0068452663 0.0084656449 0.0086486515 0.0070699506 0.0072467323 0.0087141387 0.0043748163 0.0078337008 0.0139379991 0.0080915386 0.0113809472 0.0045416508 0.0069024852 0.0057704577 0.0105746287 0.010770769 0.0043273179 0.005298121 0.0072321638 0.009076507 0.0092101667 0.0115579462 0.0104763271 0.0071630809 0.0088763293 0.0050013487 0.0126025551 0.0110110517 0.0057163949 0.0095223697 0.0059314256 0.0089751724 0.0123903285 0.0074050674 0.0056767183 0.0051436401 0.0071879094 0.0043501558 0.0057631449 0.0104263889 0.0125013489 0.0089275944 0.009436061 0.0040659875 0.0118210276 0.0055850195 0.0147644542 0.0095212964 0.0084875119 0.0081656985 0.0034490245 0.0076293387 0.004928015 0.0093177239 0.0093644409 0.0063965565 0.0043703752 0.0069849093 0.0026101557 0.001640566 0.0084863067 0.0060558354 0.0121400556 0.0051275518 0.008540617 0.0167092891 0.0054984086 0.0048876962 0.0104773031 0.0094107429 
23 0.0052798311 0.0064363328 0.0054951549 0.0065210823 0.0112018719 0.0055748809 0.0114937029 0.0091196608 0.0078771169 0.0069650966 0.009398648 0.0049764473 0.0067054318 0.0086049227 0.008743888 0.014456357 0.0063334726 0.0072654353 0.0038308286 0.0053814432 0.0074985905 0.0071527995 0.00544087 0.0050856224 0.0111627346 0.0095359465 0.0104087043 0.0054360069 0.0067571498 0.0093866476 0.0136948894 0.0053482343 0.0049339468 0.0089222851 0.0071024473 0.0071787007 0.0080996171 0.0119398181 0.0121891729 0.0087267367 0.0039719997 0.0050371607 0.0050026327 0.0071713397 0.0077117693 0.0058674668 0.011882964 0.0108582341 0.0099356466 0.0061552043 0.0089643226 0.0065949429 0.0043129729 0.0038886777 0.0162125074 0.0032566808 0.0093015733 0.0094136208 0.0101780814 0.0119023608 0.0107656901 0.0099550842 0.0078989376 0.004778809 0.007204191 0.0054828381 0.0147227286 0.0068391217 0.0074842876 0.0098471562 0.011067098 0.0083602586 0.0073827859 0.0083497677 0.0039688134 0.0096010436 0.0013424187 0.0094564478 0.0048368145 0.0075028323 0.0082172318 0.0088729037 0.0072415585 0.0035903974 0.0095119933 0.0060640907 0.0064898661 0.0063403236 0.0081048122 0.0078738669 0.012864977 0.0062285874 0.0072195348 0.0043988996 0.0072869659 0.0072959945 0.0052697939 0.0090113068 0.0040116397 0.0060410474 0.0078595658 0.0061103398 0.0086023552 0.0082523002 0.0075920507 0.0074387272 0.0167256561 0.0092898284 0.0110462709 0.003495839 0.0026754405 0.0036360476 0.0077589779 0.0145481421 0.0060368486 0.0065222555 0.0108361448 0.0092777308 0.0095222108 0.006171096 0.0120270369 0.0065862334 0.0096403733 0.0101644482 0.0063616535 0.0051688797 0.0046492447 0.0079387018 
24 0.0088184378 0.009143215 0.0059195642 0.0113335925 0.0086537659 0.0077339074 0.0135347295 0.0048705732 0.0112909382 0.0070216312 0.0078629431 0.0091162704 0.0069682213 0.0064591547 0.0049557555 0.0088699008 0.0088879679 0.0055941635 0.0066220564 0.0071001241 0.0045250586 0.0042008583 0.0050856224 0.0052227044 0.0104467722 0.0078519374 0.007338373 0.0092256348 0.0044887351 0.0046817419 0.0109531164 0.0072033648 0.0061013902 0.0081028276 0.0058492006 0.0050515371 0.0063088414 0.0079186679 0.0059182015 0.0099749569 0.0057398159 0.0075597559 0.0094677056 0.0052518359 0.0042273673 0.007499601 0.0112255104 0.0082567139 0.0089367567 0.0082094512 0.008341753 0.0072229975 0.0155957479 0.0081247265 0.0065010327 0.00620561 0.0099734877 0.0086153152 0.0079800481 0.0058333064 0.0091076828 0.0105122917 0.013063373 0.0092048646 0.0074369775 0.0099531497 0.0090526753 0.0053884285 0.004785681 0.0047510893 0.0091465053 0.0063461815 0.0098896141 0.0103766323 0.0132157186 0.0132623515 0.0085167641 0.0083851043 0.0071600771 0.00691405 0.0066087692 0.0072525145 0.0119129271 0.00772741 0.0028179332 0.0135705339 0.0053176908 0.0095332184 0.0065754925 0.0047715072 0.0080214549 0.0097375419 0.0121431402 0.0052359418 0.0047544458 0.0074553073 0.0104865551 0.0034085568 0.0039314942 0.0073358389 0.0098784242 0.0096821062 0.0053806509 0.0057598386 0.0097592561 0.008266168 0.0083021327 0.0085395044 0.0039816181 0.0058275257 0.0087052644 0.0046647662 0.0096976938 0.0074928261 0.0061195424 0.0073363411 0.0076174142 0.0061335882 0.0114988762 0.0125456607 0.0066432197 0.0091488242 0.0092206457 0.0059684298 0.0041428194 0.009289319 0.0062980593 0.0090570052 
