25
1 0.0 0.0410409904 0.0585389501 0.0413468549 0.0606062169 0.0674361672 0.0309539826 0.0411796991 0.0535739152 0.0051945229 0.0541101876 0.0416544973 0.0281648125 0.0468170258 0.0369363221 0.0540404185 0.0473136844 0.0779240506 0.041909102 0.0206618938 0.0400333644 0.0360296792 0.0370781253 0.0241812789 0.0132742586
2 0.0410409904 0.0 0.0443578347 0.0444674764 0.037357931 0.0504650115 0.0533244848 0.0562471607 0.0221708969 0.0589737631 0.0490473019 0.013043442 0.0154474188 0.0308386731 0.042411912 0.0362145372 0.0448672109 0.0348943556 0.0724508813 0.0471253868 0.0458820778 0.0376368929 0.0421719659 0.0549497512 0.0246126431
3 0.0585389501 0.0443578347 0.0 0.0575671278 0.0275445399 0.0481735968 0.0576022512 0.0305363739 0.0515712403 0.0262499928 0.0168337614 0.0378704772 0.0465438898 0.0241827165 0.0369415779 0.0383928495 0.0541519069 0.0505528372 0.0319304339 0.0350145758 0.0146841193 0.0539558563 0.0585172389 0.0321677487 0.0661181031
4 0.0413468549 0.0444674764 0.0575671278 0.0 0.0506976343 0.0514380727 0.0757290102 0.0222262702 0.0367178468 0.0580095659 0.056737684 0.0720544822 0.0269028084 0.0208359255 0.0170339153 0.0167947236 0.0275466428 0.0648221292 0.0578241898 0.0368312711 0.0323441147 0.0058730396 0.0356464812 0.038851527 0.0517012066
5 0.0606062169 0.037357931 0.0275445399 0.0506976343 0.0 0.0434676139 0.0403723159 0.0332350986 0.0275084783 0.0191576694 0.0474307497 0.0259663104 0.056876866 0.048335947 0.0393180426 0.051641655 0.0507440722 0.0509945716 0.0414927776 0.0785918601 0.026122289 0.0403146582 0.0485273683 0.0170848357 0.0366104987
6 0.0674361672 0.0504650115 0.0481735968 0.0514380727 0.0434676139 0.0 0.0297537273 0.0321447641 0.0257760757 0.0431203183 0.0491742147 0.0477386427 0.0576646881 0.0457257474 0.0333005257 0.0299385106 0.0448456954 0.0091396813 0.0408503972 0.0372155601 0.0386640136 0.0510595458 0.0532669149 0.0381036907 0.0315368244
7 0.0309539826 0.0533244848 0.0576022512 0.0757290102 0.0403723159 0.0297537273 0.0 0.0335614568 0.0204830092 0.0387091036 0.024203326 0.0206105359 0.0644545419 0.0492239567 0.0397470559 0.0329340471 0.0421122714 0.0573543115 0.0293196373 0.0453045029 0.034482226 0.0531233989 0.0540925699 0.0318820131 0.0406662638
8 0.0411796991 0.0562471607 0.0305363739 0.0222262702 0.0332350986 0.0321447641 0.0335614568 0.0 0.0408311829 0.0673614364 0.0265830951 0.0691865027 0.0616456142 0.0548257095 0.0373186012 0.0322204426 0.0294573938 0.071726004 0.0308564559 0.0472979419 0.0433384757 0.035231115 0.0230502825 0.0444779886 0.0354609348
9 0.0535739152 0.0221708969 0.0515712403 0.0367178468 0.0275084783 0.0257760757 0.0204830092 0.0408311829 0.0 0.0251162267 0.0564885434 0.0100371107 0.0232009497 0.0748746145 0.0451439098 0.041705933 0.0526902667 0.0539905321 0.0531189288 0.0611057168 0.0247022306 0.0518854683 0.048345688 0.028330059 0.0706311765
10 0.0051945229 0.0589737631 0.0262499928 0.0580095659 0.0191576694 0.0431203183 0.0387091036 0.0673614364 0.0251162267 0.0 0.035861002 0.0431031706 0.0356281366 0.0628363848 0.0485584346 0.0434159241 0.0058478717 0.0201784751 0.0352544238 0.053672364 0.0701067994 0.0627387053 0.045865021 0.0555776758 0.0394630121
11 0.0541101876 0.0490473019 0.0168337614 0.056737684 0.0474307497 0.0491742147 0.024203326 0.0265830951 0.0564885434 0.035861002 0.0 0.0322062255 0.0399504517 0.0689490121 0.0398262525 0.0677152484 0.0312626531 0.0186627107 0.0455187981 0.0547181803 0.0312038807 0.0188154929 0.0405707751 0.057339844 0.0367906091
12 0.0416544973 0.013043442 0.0378704772 0.0720544822 0.0259663104 0.0477386427 0.0206105359 0.0691865027 0.0100371107 0.0431031706 0.0322062255 0.0 0.0433253983 0.0303850902 0.0273107023 0.0273363529 0.0497076872 0.0196236521 0.0676591827 0.0279061068 0.0324253425 0.0729285002 0.0553981265 0.0546104233 0.0779120377
13 0.0281648125 0.0154474188 0.0465438898 0.0269028084 0.056876866 0.0576646881 0.0644545419 0.0616456142 0.0232009497 0.0356281366 0.0399504517 0.0433253983 0.0 0.0277258317 0.0624194711 0.0361925241 0.0320389611 0.0678914051 0.0439004416 0.035674891 0.0499232099 0.0448922668 0.0426944115 0.0074667969 0.0493742132
14 0.0468170258 0.0308386731 0.0241827165 0.0208359255 0.048335947 0.0457257474 0.0492239567 0.0548257095 0.0748746145 0.0628363848 0.0689490121 0.0303850902 0.0277258317 0.0 0.0490067152 0.0061034425 0.060951608 0.0287857544 0.0359139411 0.0393875374 0.0555485708 0.0687074394 0.0386435977 0.0222262506 0.0091685081
15 0.0369363221 0.042411912 0.0369415779 0.0170339153 0.0393180426 0.0333005257 0.0397470559 0.0373186012 0.0451439098 0.0485584346 0.0398262525 0.0273107023 0.0624194711 0.0490067152 0.0 0.0581340124 0.0419030571 0.0433896753 0.0344797077 0.0213521756 0.0523787561 0.0420494249 0.0368440433 0.0603761872 0.0538195223
16 0.0540404185 0.0362145372 0.0383928495 0.0167947236 0.051641655 0.0299385106 0.0329340471 0.0322204426 0.041705933 0.0434159241 0.0677152484 0.0273363529 0.0361925241 0.0061034425 0.0581340124 0.0 0.0299244018 0.0389520943 0.0533715318 0.0404234332 0.0382199655 0.0522604775 0.0436627087 0.0853684122 0.0450363533
17 0.0473136844 0.0448672109 0.0541519069 0.0275466428 0.0507440722 0.0448456954 0.0421122714 0.0294573938 0.0526902667 0.0058478717 0.0312626531 0.0497076872 0.0320389611 0.060951608 0.0419030571 0.0299244018 0.0 0.0280310096 0.0334204281 0.0300907061 0.0581925481 0.0385264656 0.0480283605 0.0636676088 0.0546774889
18 0.0779240506 0.0348943556 0.0505528372 0.0648221292 0.0509945716 0.0091396813 0.0573543115 0.071726004 0.0539905321 0.0201784751 0.0186627107 0.0196236521 0.0678914051 0.0287857544 0.0433896753 0.0389520943 0.0280310096 0.0 0.0100283383 0.0407910125 0.0329240553 0.0255796466 0.0398556945 0.0412019076 0.0727060953
19 0.041909102 0.0724508813 0.0319304339 0.0578241898 0.0414927776 0.0408503972 0.0293196373 0.0308564559 0.0531189288 0.0352544238 0.0455187981 0.0676591827 0.0439004416 0.0359139411 0.0344797077 0.0533715318 0.0334204281 0.0100283383 0.0 0.0385660051 0.0387930276 0.0327861636 0.0249220063 0.0300991429 0.0755340573
20 0.0206618938 0.0471253868 0.0350145758 0.0368312711 0.0785918601 0.0372155601 0.0453045029 0.0472979419 0.0611057168 0.053672364 0.0547181803 0.0279061068 0.035674891 0.0393875374 0.0213521756 0.0404234332 0.0300907061 0.0407910125 0.0385660051 0.0 0.0511686365 0.041985746 0.0284403069 0.035973077 0.0507011125
21 0.0400333644 0.0458820778 0.0146841193 0.0323441147 0.026122289 0.0386640136 0.034482226 0.0433384757 0.0247022306 0.0701067994 0.0312038807 0.0324253425 0.0499232099 0.0555485708 0.0523787561 0.0382199655 0.0581925481 0.0329240553 0.0387930276 0.0511686365 0.0 0.0447856609 0.0489129101 0.0835158857 0.0116478401
22 0.0360296792 0.0376368929 0.0539558563 0.0058730396 0.0403146582 0.0510595458 0.0531233989 0.035231115 0.0518854683 0.0627387053 0.0188154929 0.0729285002 0.0448922668 0.0687074394 0.0420494249 0.0522604775 0.0385264656 0.0255796466 0.0327861636 0.041985746 0.0447856609 0.0 0.0385184974 0.0393223065 0.0109935522
23 0.0370781253 0.0421719659 0.0585172389 0.0356464812 0.0485273683 0.0532669149 0.0540925699 0.0230502825 0.048345688 0.045865021 0.0405707751 0.0553981265 0.0426944115 0.0386435977 0.0368440433 0.0436627087 0.0480283605 0.0398556945 0.0249220063 0.0284403069 0.0489129101 0.0385184974 0.0 0.0393044031 0.0276425027
24 0.0241812789 0.0549497512 0.0321677487 0.038851527 0.0170848357 0.0381036907 0.0318820131 0.0444779886 0.028330059 0.0555776758 0.057339844 0.0546104233 0.0074667969 0.0222262506 0.0603761872 0.0853684122 0.0636676088 0.0412019076 0.0300991429 0.035973077 0.0835158857 0.0393223065 0.0393044031 0.0 0.0139211856
25 0.0132742586 0.0246126431 0.0661181031 0.0517012066 0.0366104987 0.0315368244 0.0406662638 0.0354609348 0.0706311765 0.0394630121 0.0367906091 0.0779120377 0.0493742132 0.0091685081 0.0538195223 0.0450363533 0.0546774889 0.0727060953 0.0755340573 0.0507011125 0.0116478401 0.0109935522 0.0276425027 0.0139211856 0.0
