64
1 0.0062932905 0.0151357113 0.0080211733 0.0206380376 0.0176059713 0.0191566024 0.0158970846 0.0225081591 0.01513699 0.0134627324 0.0240834832 0.0065799128 0.009233929 0.0286605565 0.0169388605 0.0134140633 0.0069666034 0.0130924996 0.0077136704 0.0298725104 0.0221824818 0.0227679658 0.0165987316 0.0067940016 0.0158526692 0.0036313869 0.0188412831 0.0184408865 0.0201241542 0.011350224 0.0170317552 0.0134691358 0.0096825596 0.0170865609 0.0121382281 0.010945429 0.0244596659 0.0127740897 0.0109580395 0.0162187139 0.0134142978 0.0243015839 0.009912907 0.0081719968 0.0203989263 0.0100763644 0.0119332917 0.0092107264 0.0083826601 0.0065281954 0.0165912765 0.0098937508 0.017066905 0.020510541 0.0126419904 0.0165720009 0.0296871512 0.0133373487 0.0179069277 0.0147926488 0.0141288363 0.0289065033 0.02487614 0.0289972253 
2 0.0151357113 0.0045976322 0.0173626446 0.0036299161 0.0071910286 0.0120463529 0.0121249278 0.0222536138 0.0170600159 0.0109151695 0.0129260858 0.0182237358 0.0186539294 0.0160800247 0.0147512989 0.007979477 0.0145477598 0.0209449986 0.00671535 0.0162113957 0.0162466733 0.0134997757 0.0109690591 0.0267409769 0.0086713178 0.0152156282 0.0161257553 0.0218157628 0.0128532623 0.0078118235 0.022469064 0.005134807 0.0189757962 0.0206901173 0.0201262462 0.0109031004 0.0226343458 0.0216785622 0.0190490153 0.0049079013 0.0123231487 0.0286584358 0.0133017683 0.0168105983 0.0150169952 0.016343792 0.0206189012 0.0094165943 0.0182504736 0.0230730256 0.0188037625 0.0039603663 0.0211933258 0.0234970946 0.0093964571 0.0165141554 0.0154320657 0.0167584302 0.016294901 0.0271094301 0.0124133964 0.0156103623 0.0207727168 0.0225597437 
3 0.0080211733 0.0173626446 0.0071806186 0.0112154994 0.0112181826 0.0254014647 0.0089411636 0.0055066218 0.0246101091 0.0057707796 0.0238950244 0.0133945349 0.0162767622 0.01524985 0.0210981671 0.0194048038 0.0189333155 0.0152945676 0.0074857526 0.0020412706 0.022678358 0.010965606 0.0314379299 0.0044297376 0.0105734785 0.0379420096 0.0129844365 0.0194466345 0.0193304259 0.0232767749 0.0109387531 0.0072071936 0.0214250884 0.02509139 0.0276772195 0.0128029143 0.0117678621 0.0252186096 0.023662549 0.0139520931 0.0198762306 0.0086471293 0.0175903326 0.0106692355 0.0138570785 0.0216061424 0.0110752204 0.0191201722 0.0167091188 0.0081608878 0.0104705925 0.0157353762 0.0080616703 0.0187681234 0.0188414494 0.0169360776 0.0260700807 0.013809753 0.0160955227 0.0114109034 0.0111474088 0.0151907878 0.0116778767 0.0073614597 
4 0.0206380376 0.0036299161 0.0112154994 0.0084256835 0.0085043422 0.0164055591 0.0234373143 0.0135681848 0.0103108658 0.0131300874 0.007104898 0.0182199979 0.0080824781 0.0162740565 0.0148891418 0.0246196831 0.0135769405 0.0113199741 0.0218623061 0.0061864654 0.0049102455 0.0096273336 0.0121949446 0.0235039574 0.0154173918 0.0171096583 0.0192240088 0.0153133398 0.0229220015 0.0085521094 0.0085555333 0.0256974159 0.0145720506 0.017939307 0.0213579586 0.0167048027 0.0299574134 0.0195300417 0.0148944486 0.0122985788 0.0137524518 0.0099567627 0.0306016009 0.0056558734 0.0249948866 0.0209876836 0.0095515069 0.0146459968 0.0143991988 0.0054648157 0.0157784901 0.0325559344 0.0266870541 0.0205836346 0.0210402973 0.0140024308 0.0102310267 0.0209114205 0.0081643763 0.0127796048 0.0197160975 0.0131241501 0.0113625906 0.0213681421 
5 0.0176059713 0.0071910286 0.0112181826 0.0085043422 0.0090889758 0.0144642959 0.0078518006 0.012158597 0.0206448235 0.0356152336 0.0130606893 0.0193865492 0.0356268224 0.0117843414 0.0244143284 0.0154474981 0.0116076986 0.0082471271 0.0203429376 0.0080039661 0.009405228 0.0106891192 0.0127067813 0.0177390267 0.0302971745 0.0163811049 0.0112523236 0.0166063478 0.0113125758 0.0174614646 0.0197758052 0.0064579265 0.0229696538 0.0208581102 0.0231419544 0.0156174688 0.020860769 0.0112149924 0.0259003689 0.0126158845 0.0187245255 0.0180049683 0.0172524534 0.0159929607 0.012006877 0.0147268861 0.0093153816 0.0283119765 0.0178592785 0.0194590907 0.0233975706 0.00493146 0.0118635161 0.0121055443 0.0113831744 0.0148189899 0.0093540012 0.0113193059 0.0095394777 0.014452147 0.0155281191 0.00874567 0.0123029873 0.0230743487 
6 0.0191566024 0.0120463529 0.0254014647 0.0164055591 0.0144642959 0.0267527957 0.0152648561 0.0214598317 0.0199318647 0.0076550402 0.027722606 0.0120492281 0.012309855 0.014023376 0.0072689863 0.022607156 0.022611913 0.015020031 0.0097960099 0.0138949568 0.0199536583 0.0145097031 0.0186286527 0.005058652 0.0090151418 0.0127131478 0.0199254527 0.0117155804 0.0066725752 0.0173843748 0.0217067624 0.0308502548 0.0095322024 0.0096344592 0.01596219 0.0079541329 0.0115513348 0.0231864496 0.0198189426 0.0105518244 0.0162801034 0.0146572443 0.018812341 0.0198283363 0.010570437 0.0199705487 0.0220001896 0.0114560233 0.0177414891 0.0243657089 0.0102324832 0.0057030318 0.0093854761 0.0125231777 0.0082580585 0.0145746908 0.0161512494 0.0140632219 0.0084196735 0.020440239 0.0126480677 0.0179280851 0.0244919886 0.0173298619 
7 0.0158970846 0.0121249278 0.0089411636 0.0234373143 0.0078518006 0.0152648561 0.0239104763 0.0101005983 0.013409097 0.0045674047 0.0098657632 0.0181909525 0.0134427913 0.0095765376 0.0141613637 0.0071499732 0.0124779737 0.0303711697 0.0129219167 0.0106545349 0.0201160222 0.0206400324 0.0171024212 0.0165523989 0.0102367671 0.0256308513 0.0125922841 0.0073846322 0.027916242 0.0162782435 0.0043282279 0.016048626 0.0127012029 0.0177144744 0.0166567837 0.0056179755 0.0136192221 0.0190421631 0.0154663295 0.0261869045 0.0111839758 0.0061104581 0.0251389913 0.0152709722 0.0218008335 0.012932195 0.0027795301 0.0337379655 0.0064042146 0.01555538 0.0189838123 0.0291472728 0.0175343273 0.0172089647 0.0338013918 0.0170597637 0.0185905675 0.0131428446 0.0085780602 0.0071726429 0.0125307713 0.0172133606 0.0238983704 0.0180738298 
8 0.0225081591 0.0222536138 0.0055066218 0.0135681848 0.012158597 0.0214598317 0.0101005983 0.0080301542 0.0114771883 0.0098209095 0.0093588027 0.020578147 0.0183410186 0.0180216483 0.0177258403 0.0218031729 0.0202266833 0.0132514731 0.0134519189 0.0220068964 0.0118631234 0.0066929008 0.0168716911 0.0132664052 0.0151011248 0.025766951 0.0114859473 0.0145177613 0.0124583349 0.007516087 0.0187986227 0.0341671218 0.0179793353 0.0118101905 0.0192744947 0.0159680065 0.0181725183 0.0246691544 0.011515247 0.0139907084 0.016933847 0.0124066549 0.0064806994 0.0066321516 0.0109114173 0.019934163 0.0189159844 0.0185618228 0.0124201466 0.0195422969 0.0068500144 0.016512962 0.0094806926 0.0154168283 0.0223621752 0.0199896809 0.0092200602 0.0116980013 0.0197062456 0.0168458795 0.0229593303 0.0227055281 0.0220140602 0.0079641712 
9 0.01513699 0.0170600159 0.0246101091 0.0103108658 0.0206448235 0.0199318647 0.013409097 0.0114771883 0.0166431723 0.022119186 0.0175799616 0.0095845133 0.0108591129 0.0034334583 0.0144925531 0.0182226816 0.0101246857 0.0116398421 0.0104217053 0.0043359732 0.0295087805 0.0168755691 0.0185766803 0.0145249871 0.004529814 0.0103088344 0.0164248853 0.0283772539 0.0159973461 0.0134915243 0.0121639872 0.0099380012 0.0094656544 0.0190201935 0.0198215228 0.0127619497 0.0197332492 0.0242514778 0.0166272423 0.020495608 0.0151365154 0.0039137368 0.0119177522 0.012087022 0.0170769744 0.008753139 0.0147842946 0.0172944408 0.0308498336 0.026367412 0.0169161658 0.0193364148 0.0168582046 0.0249051532 0.0156576483 0.0220183005 0.0118722191 0.0179567622 0.0085990498 0.0134467015 0.0143864533 0.0153600328 0.0176472947 0.0119261181 
10 0.0134627324 0.0109151695 0.0057707796 0.0131300874 0.0356152336 0.0076550402 0.0045674047 0.0098209095 0.022119186 0.012065475 0.0037033196 0.0211396309 0.0251175025 0.0173627253 0.0188844893 0.0193535221 0.0216964769 0.0110668798 0.0106573984 0.0086751732 0.009915441 0.012151266 0.0112418239 0.0177611278 0.0214154801 0.0253751958 0.0146596103 0.0119032293 0.0191442069 0.0134486695 0.0172527565 0.0144971699 0.0089571787 0.0325821229 0.0181324671 0.0170140912 0.0093395653 0.0264327634 0.0182133905 0.010874136 0.0104107209 0.0123126048 0.0096714512 0.0028080143 0.0269648618 0.0279728848 0.0160555251 0.0174049427 0.0180261028 0.0138376691 0.004012166 0.0185806105 0.0165146518 0.0198840621 0.0235704501 0.0270698521 0.0113559918 0.0115283671 0.0095555701 0.0182133828 0.0160731274 0.011038717 0.0058474737 0.0281999726 
11 0.0240834832 0.0129260858 0.0238950244 0.007104898 0.0130606893 0.027722606 0.0098657632 0.0093588027 0.0175799616 0.0037033196 0.0179726565 0.0136812327 0.0139776854 0.0135300605 0.0057506874 0.0106150543 0.013605142 0.0214179209 0.0186241664 0.0165907534 0.0202121846 0.0314878536 0.0055050234 0.0117644187 0.014023487 0.0140163348 0.0127065226 0.0184914553 0.025353502 0.0151915249 0.0087636644 0.0178907988 0.0063885862 0.0102534597 0.0107109304 0.0219378792 0.0181746246 0.0197773273 0.0190452855 0.0216886192 0.0115212066 0.0148481086 0.0195102201 0.0027885401 0.0184694069 0.0100032972 0.018534143 0.0062056974 0.0307560353 0.0104580209 0.0094039075 0.0141637481 0.020468231 0.0158654018 0.0190810751 0.0194955593 0.0177729964 0.004846221 0.0271500578 0.0101956223 0.031162033 0.0067028299 0.0180596193 0.0240885459 
12 0.0065799128 0.0182237358 0.0133945349 0.0182199979 0.0193865492 0.0120492281 0.0181909525 0.020578147 0.0095845133 0.0211396309 0.0136812327 0.0154296105 0.0237732152 0.0171584057 0.0231138739 0.0179882926 0.0089008661 0.0092840413 0.0055101203 0.0120410703 0.0177891382 0.0130221092 0.0139809641 0.0158041707 0.0162880682 0.0106888322 0.0270901685 0.0141156937 0.0075644456 0.0257123372 0.016152967 0.0171231152 0.0162848328 0.0067405841 0.0166077577 0.0259139439 0.0150139709 0.0068540967 0.0080262855 0.0160539066 0.0165424224 0.0247981082 0.0142962757 0.0076406079 0.0092887354 0.0102159169 0.0246883248 0.0216549466 0.0165664483 0.0264034195 0.0187317647 0.0282542503 0.0119821965 0.0190516587 0.0090016502 0.0119614256 0.0135859783 0.0199461623 0.0133936931 0.0095013145 0.0136200546 0.0176323915 0.0062470424 0.0239398926 
13 0.009233929 0.0186539294 0.0162767622 0.0080824781 0.0356268224 0.012309855 0.0134427913 0.0183410186 0.0108591129 0.0251175025 0.0139776854 0.0237732152 0.0150881197 0.0128932377 0.0188618625 0.0065525799 0.0209004696 0.0090657304 0.0195145026 0.0125907186 0.0131691774 0.0118949152 0.02420768 0.0096801877 0.0206495582 0.0223205582 0.0302776133 0.0111923602 0.0124215296 0.0214988856 0.0051422414 0.0063936396 0.0191832789 0.0151321812 0.0225786963 0.0068501953 0.0200548686 0.020649989 0.0120869449 0.0202804665 0.0117377878 0.0144188662 0.0187570011 0.0152187196 0.0110826241 0.0033869783 0.023207832 0.0142023325 0.0126011624 0.0099262802 0.0175715821 0.0171487795 0.0170699071 0.021349715 0.0150966369 0.0177474112 0.0117429102 0.0068732447 0.0090454299 0.0191904395 0.011725866 0.011283681 0.017089085 0.0256984375 
14 0.0286605565 0.0160800247 0.01524985 0.0162740565 0.0117843414 0.014023376 0.0095765376 0.0180216483 0.0034334583 0.0173627253 0.0135300605 0.0171584057 0.0128932377 0.0212029041 0.0110717533 0.0208857328 0.0134171986 0.0126442505 0.0084093458 0.032606306 0.0188740037 0.0110389155 0.0174100654 0.0179876793 0.011748698 0.0128570476 0.0109227886 0.00880839 0.0230519688 0.0151587613 0.0259963491 0.0089357476 0.0150849522 0.0167416012 0.0202754102 0.0155360958 0.0169725068 0.0051113378 0.0086644089 0.0109576744 0.0179645945 0.0132246082 0.0123779574 0.0228059389 0.0105982158 0.0135304802 0.0095509903 0.0187627908 0.0142368333 0.0142511921 0.0155722716 0.0306842016 0.0238019362 0.0148879824 0.0186438576 0.0269004192 0.0147940238 0.0158421274 0.0217299888 0.0098231484 0.0177109068 0.0108578791 0.0158708559 0.0091566278 
15 0.0169388605 0.0147512989 0.0210981671 0.0148891418 0.0244143284 0.0072689863 0.0141613637 0.0177258403 0.0144925531 0.0188844893 0.0057506874 0.0231138739 0.0188618625 0.0110717533 0.0 0.0051378875 0.0123276884 0.0149948873 0.0260533499 0.0284344752 0.0165995912 0.0175963565 0.0087392591 0.0076860424 0.0280038568 0.0151824051 0.0166327214 0.010291441 0.0088763378 0.0132892312 0.0217051349 0.0130461923 0.01684442 0.0216270848 0.0224709804 0.0110092545 0.0275898791 0.0168385721 0.0205992525 0.0135297466 0.0216482304 0.0153085759 0.0234470001 0.0167398061 0.0011430048 0.0139707956 0.0133779776 0.0177086264 0.018487325 0.0157206668 0.0185335826 0.0146065994 0.0144525263 0.0117393403 0.0116792368 0.0170541501 0.0240746273 0.0144082252 0.020299653 0.0057809091 0.0155918791 0.0184447038 0.0127671793 0.004486124 
16 0.0134140633 0.007979477 0.0194048038 0.0246196831 0.0154474981 0.022607156 0.0071499732 0.0218031729 0.0182226816 0.0193535221 0.0106150543 0.0179882926 0.0065525799 0.0208857328 0.0051378875 0.0280106675 0.0154199184 0.0123884134 0.0218014141 0.0150517634 0.0312062925 0.0174204075 0.0151568499 0.0149823094 0.0106279013 0.0141653105 0.011754862 0.0156700843 0.0153948561 0.0165334037 0.016987492 0.0187863922 0.0111942371 0.0144078062 0.0124112024 0.017748794 0.0132964599 0.004842832 0.0122201664 0.0211312156 0.013217501 0.0093437483 0.0230220585 0.0171655339 0.0191171728 0.0111911421 0.0120061072 0.0128160172 0.0222440406 0.0300909771 0.0123743546 0.0108217107 0.0139981763 0.0238450558 0.0164063443 0.0209155165 0.0017599374 0.0078822107 0.0218457461 0.0130275337 0.0066471805 0.0137422727 0.0207097332 0.0160172987 
17 0.0069666034 0.0145477598 0.0189333155 0.0135769405 0.0116076986 0.022611913 0.0124779737 0.0202266833 0.0101246857 0.0216964769 0.013605142 0.0089008661 0.0209004696 0.0134171986 0.0123276884 0.0154199184 0.0140851385 0.0123702414 0.0148577042 0.01355456 0.0089185931 0.013632993 0.0191901706 0.0149694632 0.0109221674 0.0153164873 0.0193602269 0.0112525735 0.0187413366 0.0214180853 0.0229130235 0.024279021 0.0087681443 0.0070384847 0.0123221691 0.0232867676 0.0229347712 0.0158052119 0.0244107733 0.024609982 0.0106668725 0.0272192256 0.0140773331 0.0183457653 0.0127905183 0.0195938677 0.0078646939 0.0072474914 0.0238631938 0.0112043243 0.0270205694 0.0158823739 0.0102979819 0.0101980928 0.0101422384 0.0137452078 0.0036867392 0.0336374331 0.0120752141 0.0169603666 0.0122857558 0.0167250112 0.0190868372 0.0130834694 
18 0.0130924996 0.0209449986 0.0152945676 0.0113199741 0.0082471271 0.015020031 0.0303711697 0.0132514731 0.0116398421 0.0110668798 0.0214179209 0.0092840413 0.0090657304 0.0126442505 0.0149948873 0.0123884134 0.0123702414 0.0183155392 0.0178949211 0.0008320831 0.0176497979 0.012926021 0.0159504628 0.0169450062 0.0238315622 0.0190783962 0.0201045039 0.0106515879 0.0102510273 0.0316885325 0.019852001 0.0146221772 0.0173732932 0.0136845676 0.0183018265 0.0183641886 0.0086205957 0.0163889175 0.0171602727 0.0089287557 0.014329424 0.0169338976 0.0162179228 0.0133690969 0.0089095615 0.0208222575 0.01674304 0.0180690832 0.0189893821 0.024560444 0.0126140312 0.016300749 0.0158567388 0.0136994438 0.0221805401 0.0160180882 0.016218221 0.0101084532 0.0115003232 0.0223209568 0.0136726195 0.0180601313 0.018436713 0.0122387963 
19 0.0077136704 0.00671535 0.0074857526 0.0218623061 0.0203429376 0.0097960099 0.0129219167 0.0134519189 0.0104217053 0.0106573984 0.0186241664 0.0055101203 0.0195145026 0.0084093458 0.0260533499 0.0218014141 0.0148577042 0.0178949211 0.0040898406 0.0240351807 0.0116848778 0.0121370708 0.0159016318 0.0184662271 0.0256949583 0.0114426198 0.0064989423 0.0139193166 0.0172550951 0.009930495 0.011498721 0.0194120634 0.0098606682 0.0195064611 0.0217732563 0.0277370713 0.0187956326 0.0140328423 0.0193494615 0.0014158253 0.0147755285 0.0269704517 0.0044469948 0.0259546653 0.029215198 0.0213232665 0.0212093064 0.0224033688 0.0121128944 0.0231148329 0.0084834278 0.0154371954 0.019535947 0.0130115964 0.0171063803 0.0071844974 0.023583167 0.0222722148 0.0071721458 0.0177490016 0.0071555252 0.0106231997 0.0274072314 0.0132792138 
20 0.0298725104 0.0162113957 0.0020412706 0.0061864654 0.0080039661 0.0138949568 0.0106545349 0.0220068964 0.0043359732 0.0086751732 0.0165907534 0.0120410703 0.0125907186 0.032606306 0.0284344752 0.0150517634 0.01355456 0.0008320831 0.0240351807 0.0152923001 0.0113999991 0.0075474653 0.0149061718 0.0181365638 0.0122046685 0.0249208148 0.0114652302 0.0116441478 0.0158185957 0.0112424545 0.0096398205 0.0171255061 0.0114534576 0.0178310885 0.025036692 0.0097589443 0.0205145886 0.0112901252 0.01215291 0.0265493806 0.0071139318 0.0203689868 0.0211320486 0.0193783093 0.0172703815 0.0208668433 0.0217606213 0.0178054627 0.009994992 0.0154145646 0.0142951743 0.0129329151 0.020206565 0.0105549876 0.0274948251 0.0126167478 0.019637906 0.0217079171 0.0209825184 0.0191670309 0.0102054646 0.0185266916 0.0148937423 0.0121203943 
21 0.0221824818 0.0162466733 0.022678358 0.0049102455 0.009405228 0.0199536583 0.0201160222 0.0118631234 0.0295087805 0.009915441 0.0202121846 0.0177891382 0.0131691774 0.0188740037 0.0165995912 0.0312062925 0.0089185931 0.0176497979 0.0116848778 0.0113999991 0.0181228345 0.0055273366 0.0173643189 0.0123603609 0.0319192274 0.0167919708 0.0171615239 0.0354567201 0.0080851729 0.0137818826 0.0351808404 0.012849203 0.0118525076 0.0192162171 0.0097963671 0.0088975191 0.0114635683 0.0085658617 0.0199410895 0.012647347 0.0091282108 0.0138578111 0.0075213345 0.0204736602 0.017219806 0.0068755696 0.0234415257 0.0079033986 0.0168725936 0.0162509643 0.0161496306 0.0109869585 0.0070349565 0.0249891431 0.0168525226 0.0059270261 0.0120350313 0.0079082233 0.0135048405 0.0136232371 0.0125485196 0.0274817498 0.0153763929 0.0147713567 
22 0.0227679658 0.0134997757 0.010965606 0.0096273336 0.0106891192 0.0145097031 0.0206400324 0.0066929008 0.0168755691 0.012151266 0.0314878536 0.0130221092 0.0118949152 0.0110389155 0.0175963565 0.0174204075 0.013632993 0.012926021 0.0121370708 0.0075474653 0.0055273366 0.0344251825 0.0102911344 0.0154529968 0.013461786 0.0217385782 0.0170484725 0.0173578417 0.0154264515 0.0138742157 0.0121150738 0.0087734137 0.0250475515 0.0080421254 0.0147038228 0.012417974 0.0156429836 0.0242350314 0.0055609757 0.0291976915 0.0111239657 0.0067116888 0.0143132095 0.01827311 0.0126883154 0.0127176128 0.0209508474 0.0163058629 0.015465166 0.0193918025 0.0210395429 0.0174886715 0.0270681563 0.0091299325 0.0190814727 0.0153921406 0.0240816867 0.0085597492 0.0193344002 0.0169710085 0.0165251493 0.0201463157 0.0139029116 0.015873263 
23 0.0165987316 0.0109690591 0.0314379299 0.0121949446 0.0127067813 0.0186286527 0.0171024212 0.0168716911 0.0185766803 0.0112418239 0.0055050234 0.0139809641 0.02420768 0.0174100654 0.0087392591 0.0151568499 0.0191901706 0.0159504628 0.0159016318 0.0149061718 0.0173643189 0.0102911344 0.0312818184 0.0193301131 0.0149626801 0.0097715869 0.0166711179 0.0266713306 0.0118041035 0.0122436579 0.0246523094 0.0149186024 0.0110683214 0.0315219772 0.0228426473 0.0172775716 0.0146711148 0.0151093566 0.0059736443 0.0189870623 0.0062527891 0.0183887432 0.006190263 0.0175004645 0.0089530854 0.0213809302 0.012713045 0.0114064457 0.0083827968 0.0256111707 0.014662926 0.0185665041 0.0043863143 0.0158769892 0.021300075 0.0152873558 0.0144357981 0.0148784166 0.0014644571 0.0268944982 0.0144710177 0.0148509143 0.0145820253 0.0068715108 
24 0.0067940016 0.0267409769 0.0044297376 0.0235039574 0.0177390267 0.005058652 0.0165523989 0.0132664052 0.0145249871 0.0177611278 0.0117644187 0.0158041707 0.0096801877 0.0179876793 0.0076860424 0.0149823094 0.0149694632 0.0169450062 0.0184662271 0.0181365638 0.0123603609 0.0154529968 0.0193301131 0.0198827143 0.0174613141 0.0082991891 0.0216438197 0.0158832176 0.0112083255 0.0023559092 0.0152416764 0.0084604751 0.0230334844 0.0169646428 0.0146860241 0.0072759756 0.013949452 0.0082331904 0.0177384795 0.0163085284 0.0178113216 0.0121535307 0.0136792609 0.027280525 0.0126366565 0.0159862948 0.0257756789 0.021391073 0.0127396801 0.0156220282 0.0219973596 0.0174375996 0.0123126328 0.0203860786 0.0204524121 0.0155487061 0.0269256551 0.0082974117 0.0090654934 0.0134529026 0.0232496802 0.0134118076 0.021776236 0.0220467462 
25 0.0158526692 0.0086713178 0.0105734785 0.0154173918 0.0302971745 0.0090151418 0.0102367671 0.0151011248 0.004529814 0.0214154801 0.014023487 0.0162880682 0.0206495582 0.011748698 0.0280038568 0.0106279013 0.0109221674 0.0238315622 0.0256949583 0.0122046685 0.0319192274 0.013461786 0.0149626801 0.0174613141 0.0109446896 0.0106091084 0.0126531961 0.0093460299 0.006604517 0.0068711303 0.0082293812 0.0189304477 0.0148283942 0.0129408308 0.0140037308 0.0236102865 0.0167085544 0.0132288149 0.0136852005 0.0222731771 0.0202805702 0.0057825678 0.009813828 0.0112161635 0.0167285332 0.0075796282 0.0102700469 0.0155139638 0.0183841626 0.0073323292 0.0210857383 0.0225547274 0.0177767724 0.0106580592 0.0097025433 0.0219793242 0.0234830175 0.0231750086 0.0195284047 0.0168882184 0.0297691459 0.0243294564 0.0000905405000000000 0.0276994668 
26 0.0036313869 0.0152156282 0.0379420096 0.0171096583 0.0163811049 0.0127131478 0.0256308513 0.025766951 0.0103088344 0.0253751958 0.0140163348 0.0106888322 0.0223205582 0.0128570476 0.0151824051 0.0141653105 0.0153164873 0.0190783962 0.0114426198 0.0249208148 0.0167919708 0.0217385782 0.0097715869 0.0082991891 0.0106091084 0.000666975 0.0171384584 0.0136738339 0.020369617 0.0163383921 0.0157982004 0.009364178 0.0186393657 0.0140967819 0.016151459 0.0098121783 0.0095493598 0.0158843657 0.01303566 0.0058716654 0.024375981 0.0157011951 0.0157837039 0.0228876948 0.0162286016 0.0083889083 0.0087678052 0.0172304338 0.0094595317 0.0133784316 0.0164005388 0.0182244321 0.0186345379 0.0190044946 0.0134590834 0.0123519712 0.0153026286 0.0104358796 0.0137769635 0.0144180324 0.0240885015 0.0222698929 0.0284877162 0.007278542 
27 0.0188412831 0.0161257553 0.0129844365 0.0192240088 0.0112523236 0.0199254527 0.0125922841 0.0114859473 0.0164248853 0.0146596103 0.0127065226 0.0270901685 0.0302776133 0.0109227886 0.0166327214 0.011754862 0.0193602269 0.0201045039 0.0064989423 0.0114652302 0.0171615239 0.0170484725 0.0166711179 0.0216438197 0.0126531961 0.0171384584 0.0131617738 0.0164749078 0.0260299241 0.0149303975 0.0212706048 0.0159069355 0.0079059087 0.0200952614 0.0096266838 0.0106675377 0.0158054117 0.0182281421 0.0189727024 0.0128379326 0.0078187618 0.0100817796 0.0208551957 0.0162039117 0.0128670338 0.0197924447 0.0193634779 0.0211068443 0.0219372256 0.0159590295 0.0156089537 0.0197300819 0.0066777486 0.0116061336 0.015522209 0.0146738887 0.0143065186 0.015055137 0.011226316 0.0171760642 0.0062482023 0.0150222691 0.0113617844 0.0152387094 
28 0.0184408865 0.0218157628 0.0194466345 0.0153133398 0.0166063478 0.0117155804 0.0073846322 0.0145177613 0.0283772539 0.0119032293 0.0184914553 0.0141156937 0.0111923602 0.00880839 0.010291441 0.0156700843 0.0112525735 0.0106515879 0.0139193166 0.0116441478 0.0354567201 0.0173578417 0.0266713306 0.0158832176 0.0093460299 0.0136738339 0.0164749078 0.0154352647 0.0214507157 0.0137693674 0.0237047543 0.0084979047 0.0025060474 0.013690841 0.006876169 0.0305291481 0.0143631663 0.0197289095 0.0056386019 0.0095162106 0.0193491902 0.0108138725 0.0122112677 0.0149552698 0.014884951 0.0152826885 0.02727294 0.0035162994 0.0165503721 0.0121669975 0.0241243201 0.004853334 0.019739215 0.0099149985 0.0170313898 0.0152562112 0.0174964147 0.010612772 0.019014375 0.0119579791 0.0267874843 0.0229052017 0.0279949766 0.0131780184 
29 0.0201241542 0.0128532623 0.0193304259 0.0229220015 0.0113125758 0.0066725752 0.027916242 0.0124583349 0.0159973461 0.0191442069 0.025353502 0.0075644456 0.0124215296 0.0230519688 0.0088763378 0.0153948561 0.0187413366 0.0102510273 0.0172550951 0.0158185957 0.0080851729 0.0154264515 0.0118041035 0.0112083255 0.006604517 0.020369617 0.0260299241 0.0214507157 0.0161900681 0.0244613265 0.0052319425 0.0148246994 0.0152063147 0.0130023944 0.0209390253 0.0229015891 0.0217284744 0.0089240554 0.02295493 0.0115064333 0.0088754094 0.0134150909 0.0169492492 0.0204683767 0.0223673349 0.0146599201 0.0107317527 0.0117753688 0.0071725145 0.0184324777 0.004461197 0.0115866287 0.0192880887 0.0193269133 0.0177906305 0.0265120229 0.0109875988 0.0191079591 0.0161619886 0.0031432974 0.0167669805 0.0076037124 0.0254088079 0.0146967798 
30 0.011350224 0.0078118235 0.0232767749 0.0085521094 0.0174614646 0.0173843748 0.0162782435 0.007516087 0.0134915243 0.0134486695 0.0151915249 0.0257123372 0.0214988856 0.0151587613 0.0132892312 0.0165334037 0.0214180853 0.0316885325 0.009930495 0.0112424545 0.0137818826 0.0138742157 0.0122436579 0.0023559092 0.0068711303 0.0163383921 0.0149303975 0.0137693674 0.0244613265 0.0046291878 0.0075213415 0.0180491451 0.0209945019 0.0081172023 0.0137345987 0.022907697 0.0178342282 0.010843238 0.008411492 0.0206378365 0.0217806496 0.0218614722 0.0346355399 0.0174245854 0.0184415858 0.018305374 0.0259362925 0.0116336895 0.0142625765 0.0136781503 0.0023999474 0.0147873567 0.0199978227 0.0083208639 0.0136682382 0.0252525672 0.0083343657 0.0168925172 0.0174781411 0.0177293554 0.0237067173 0.013421276 0.0114635825 0.0180455782 
31 0.0170317552 0.022469064 0.0109387531 0.0085555333 0.0197758052 0.0217067624 0.0043282279 0.0187986227 0.0121639872 0.0172527565 0.0087636644 0.016152967 0.0051422414 0.0259963491 0.0217051349 0.016987492 0.0229130235 0.019852001 0.011498721 0.0096398205 0.0351808404 0.0121150738 0.0246523094 0.0152416764 0.0082293812 0.0157982004 0.0212706048 0.0237047543 0.0052319425 0.0075213415 0.0167217214 0.0261667083 0.0262299872 0.0108697735 0.0108410908 0.0137837887 0.0161226925 0.0228724241 0.0165322953 0.0244221099 0.0199120091 0.0148912159 0.0107598594 0.0202420434 0.006883104 0.0032365205 0.021726101 0.0056463288 0.0241588833 0.0189686593 0.0104816143 0.0075668003 0.0230259388 0.0085565199 0.0098842602 0.0194914279 0.0205504537 0.0102756417 0.0172835501 0.0182661303 0.0053941991 0.0106169586 0.0170110212 0.0099893608 
32 0.0134691358 0.005134807 0.0072071936 0.0256974159 0.0064579265 0.0308502548 0.016048626 0.0341671218 0.0099380012 0.0144971699 0.0178907988 0.0171231152 0.0063936396 0.0089357476 0.0130461923 0.0187863922 0.024279021 0.0146221772 0.0194120634 0.0171255061 0.012849203 0.0087734137 0.0149186024 0.0084604751 0.0189304477 0.009364178 0.0159069355 0.0084979047 0.0148246994 0.0180491451 0.0261667083 0.0129608311 0.0230188401 0.0123336247 0.0145507667 0.0063824254 0.0231974177 0.0224239894 0.0176117746 0.0070183341 0.0279430955 0.0197118417 0.00782665 0.0050749685 0.0174358168 0.0182713264 0.0142295776 0.0159431316 0.0124943467 0.0115734531 0.0076066103 0.0154511629 0.006930506 0.0289322082 0.0165227966 0.0133040482 0.0120288647 0.0266882255 0.0088724629 0.0151438794 0.0229313558 0.0109500865 0.0186426947 0.0281688675 
33 0.0096825596 0.0189757962 0.0214250884 0.0145720506 0.0229696538 0.0095322024 0.0127012029 0.0179793353 0.0094656544 0.0089571787 0.0063885862 0.0162848328 0.0191832789 0.0150849522 0.01684442 0.0111942371 0.0087681443 0.0173732932 0.0098606682 0.0114534576 0.0118525076 0.0250475515 0.0110683214 0.0230334844 0.0148283942 0.0186393657 0.0079059087 0.0025060474 0.0152063147 0.0209945019 0.0262299872 0.0230188401 0.007868794 0.0176852531 0.0062837107 0.0271792406 0.0216636391 0.0147429324 0.0123276934 0.008556388 0.0154111978 0.0149762699 0.011575016 0.018687802 0.022723981 0.0191798302 0.0183669617 0.0110187458 0.0211983936 0.0106511777 0.0156214978 0.0216952248 0.0096956672 0.0103889382 0.0247069104 0.0230034773 0.0061212302 0.0227006264 0.0164037018 0.0276390466 0.0187014917 0.0151116007 0.0129990549 0.0160866878 
34 0.0170865609 0.0206901173 0.02509139 0.017939307 0.0208581102 0.0096344592 0.0177144744 0.0118101905 0.0190201935 0.0325821229 0.0102534597 0.0067405841 0.0151321812 0.0167416012 0.0216270848 0.0144078062 0.0070384847 0.0136845676 0.0195064611 0.0178310885 0.0192162171 0.0080421254 0.0315219772 0.0169646428 0.0129408308 0.0140967819 0.0200952614 0.013690841 0.0130023944 0.0081172023 0.0108697735 0.0123336247 0.0176852531 0.0098294789 0.0162538847 0.0165390651 0.015070642 0.0069513735 0.0121565212 0.0128831015 0.0086887651 0.011082803 0.0059944597 0.0097683679 0.0126500176 0.0186933529 0.0115983843 0.0114040317 0.0133688703 0.0164958468 0.019285521 0.0134856409 0.0198176005 0.0213099933 0.0184941687 0.0286094003 0.0070618522 0.0189333252 0.0175263512 0.0139460823 0.0087195443 0.0294100025 0.0196559718 0.0203484088 
35 0.0121382281 0.0201262462 0.0276772195 0.0213579586 0.0231419544 0.01596219 0.0166567837 0.0192744947 0.0198215228 0.0181324671 0.0107109304 0.0166077577 0.0225786963 0.0202754102 0.0224709804 0.0124112024 0.0123221691 0.0183018265 0.0217732563 0.025036692 0.0097963671 0.0147038228 0.0228426473 0.0146860241 0.0140037308 0.016151459 0.0096266838 0.006876169 0.0209390253 0.0137345987 0.0108410908 0.0145507667 0.0062837107 0.0162538847 0.0037455879 0.0096721847 0.01165294 0.0094911033 0.024913744 0.0169559101 0.0080857845 0.0073218653 0.0139720351 0.0166934894 0.0174145442 0.0136027639 0.0064707818 0.029508233 0.0243556417 0.0106467051 0.0138691551 0.0136097551 0.0142551428 0.015367106 0.013785031 0.0141214056 0.0169005908 0.0136132828 0.0245775087 0.0165960325 0.0190517201 0.010329168 0.0075091642 0.0138436562 
36 0.010945429 0.0109031004 0.0128029143 0.0167048027 0.0156174688 0.0079541329 0.0056179755 0.0159680065 0.0127619497 0.0170140912 0.0219378792 0.0259139439 0.0068501953 0.0155360958 0.0110092545 0.017748794 0.0232867676 0.0183641886 0.0277370713 0.0097589443 0.0088975191 0.012417974 0.0172775716 0.0072759756 0.0236102865 0.0098121783 0.0106675377 0.0305291481 0.0229015891 0.022907697 0.0137837887 0.0063824254 0.0271792406 0.0165390651 0.0096721847 0.0148246693 0.0177926302 0.0202764301 0.0137059615 0.0071260911 0.010608081 0.0138509824 0.0162902342 0.0157176594 0.0146498861 0.0297542256 0.0199036022 0.0182017055 0.0221125281 0.0152701441 0.0143158746 0.0113590812 0.0064216038 0.0177458581 0.0107377175 0.0097544888 0.0173561492 0.0212280773 0.0228072232 0.0148076161 0.0056402123 0.0233858634 0.0133291529 0.016739064 
37 0.0244596659 0.0226343458 0.0117678621 0.0299574134 0.020860769 0.0115513348 0.0136192221 0.0181725183 0.0197332492 0.0093395653 0.0181746246 0.0150139709 0.0200548686 0.0169725068 0.0275898791 0.0132964599 0.0229347712 0.0086205957 0.0187956326 0.0205145886 0.0114635683 0.0156429836 0.0146711148 0.013949452 0.0167085544 0.0095493598 0.0158054117 0.0143631663 0.0217284744 0.0178342282 0.0161226925 0.0231974177 0.0216636391 0.015070642 0.01165294 0.0177926302 0.0046908612 0.0172166 0.0190863108 0.0101568308 0.0168806003 0.004146337 0.0224858399 0.0161707317 0.0204112747 0.0139914767 0.019444847 0.0108203659 0.0065482611 0.0155075727 0.0190251483 0.0070187764 0.0109771399 0.013524549 0.010641992 0.0072442098 0.0206124529 0.0154922009 0.0099387454 0.0229314768 0.0175962693 0.0075881178 0.0140456458 0.0045252469 
38 0.0127740897 0.0216785622 0.0252186096 0.0195300417 0.0112149924 0.0231864496 0.0190421631 0.0246691544 0.0242514778 0.0264327634 0.0197773273 0.0068540967 0.020649989 0.0051113378 0.0168385721 0.004842832 0.0158052119 0.0163889175 0.0140328423 0.0112901252 0.0085658617 0.0242350314 0.0151093566 0.0082331904 0.0132288149 0.0158843657 0.0182281421 0.0197289095 0.0089240554 0.010843238 0.0228724241 0.0224239894 0.0147429324 0.0069513735 0.0094911033 0.0202764301 0.0172166 0.0338198551 0.0208092284 0.0047208184 0.0158461004 0.0125230656 0.0210521051 0.0178047787 0.0140578829 0.0171420655 0.0069621187 0.0150248616 0.0171597595 0.0213767406 0.0210309503 0.0141547863 0.0121887118 0.0146881595 0.0146338992 0.0070912245 0.0177908966 0.0128875621 0.0122418097 0.006906535 0.0178730062 0.0083279348 0.0149689429 0.0103708268 
39 0.0109580395 0.0190490153 0.023662549 0.0148944486 0.0259003689 0.0198189426 0.0154663295 0.011515247 0.0166272423 0.0182133905 0.0190452855 0.0080262855 0.0120869449 0.0086644089 0.0205992525 0.0122201664 0.0244107733 0.0171602727 0.0193494615 0.01215291 0.0199410895 0.0055609757 0.0059736443 0.0177384795 0.0136852005 0.01303566 0.0189727024 0.0056386019 0.02295493 0.008411492 0.0165322953 0.0176117746 0.0123276934 0.0121565212 0.024913744 0.0137059615 0.0190863108 0.0208092284 0.0112441573 0.020806558 0.0107601637 0.0208890548 0.0095556975 0.0179489636 0.0218194081 0.0181970507 0.0200642829 0.0277164292 0.0082610163 0.0084474376 0.0070744308 0.0094932839 0.0131405337 0.0133939503 0.0151478748 0.011130406 0.0173032085 0.0253040356 0.0149102662 0.0191217264 0.0197958678 0.0152041728 0.0043584229 0.020033961 
40 0.0162187139 0.0049079013 0.0139520931 0.0122985788 0.0126158845 0.0105518244 0.0261869045 0.0139907084 0.020495608 0.010874136 0.0216886192 0.0160539066 0.0202804665 0.0109576744 0.0135297466 0.0211312156 0.024609982 0.0089287557 0.0014158253 0.0265493806 0.012647347 0.0291976915 0.0189870623 0.0163085284 0.0222731771 0.0058716654 0.0128379326 0.0095162106 0.0115064333 0.0206378365 0.0244221099 0.0070183341 0.008556388 0.0128831015 0.0169559101 0.0071260911 0.0101568308 0.0047208184 0.020806558 0.0049253186 0.0242775895 0.0130887668 0.018850402 0.0252503926 0.0142679862 0.0138618136 0.0313090579 0.009359712 0.0172430936 0.0195299898 0.0234325078 0.0141274203 0.0164801724 0.0147660062 0.0135141132 0.0144315162 0.0117403246 0.0101058847 0.0123064771 0.0277598479 0.0142287577 0.0148848492 0.0292362736 0.0113537747 
41 0.0134142978 0.0123231487 0.0198762306 0.0137524518 0.0187245255 0.0162801034 0.0111839758 0.016933847 0.0151365154 0.0104107209 0.0115212066 0.0165424224 0.0117377878 0.0179645945 0.0216482304 0.013217501 0.0106668725 0.014329424 0.0147755285 0.0071139318 0.0091282108 0.0111239657 0.0062527891 0.0178113216 0.0202805702 0.024375981 0.0078187618 0.0193491902 0.0088754094 0.0217806496 0.0199120091 0.0279430955 0.0154111978 0.0086887651 0.0080857845 0.010608081 0.0168806003 0.0158461004 0.0107601637 0.0242775895 0.0241638796 0.0230141117 0.0098384756 0.0271017589 0.0143770192 0.0348430848 0.0092900851 0.0204616664 0.0087699065 0.014552123 0.0210095456 0.0150868021 0.0119337629 0.0160312869 0.0213976648 0.016155097 0.013017725 0.0232021463 0.0118213918 0.0062646331 0.0189098076 0.0168278492 0.0124329436 0.0167336807 
42 0.0243015839 0.0286584358 0.0086471293 0.0099567627 0.0180049683 0.0146572443 0.0061104581 0.0124066549 0.0039137368 0.0123126048 0.0148481086 0.0247981082 0.0144188662 0.0132246082 0.0153085759 0.0093437483 0.0272192256 0.0169338976 0.0269704517 0.0203689868 0.0138578111 0.0067116888 0.0183887432 0.0121535307 0.0057825678 0.0157011951 0.0100817796 0.0108138725 0.0134150909 0.0218614722 0.0148912159 0.0197118417 0.0149762699 0.011082803 0.0073218653 0.0138509824 0.004146337 0.0125230656 0.0208890548 0.0130887668 0.0230141117 0.0162574642 0.0213688382 0.0238394572 0.0148304006 0.0178783991 0.018212729 0.0152808295 0.024804972 0.008858577 0.0209298719 0.0282612717 0.0226573415 0.0135791584 0.007285816 0.0050167193 0.0175902282 0.0113781747 0.0247769396 0.0207780658 0.0158945396 0.0126041361 0.0073688115 0.023879037 
43 0.009912907 0.0133017683 0.0175903326 0.0306016009 0.0172524534 0.018812341 0.0251389913 0.0064806994 0.0119177522 0.0096714512 0.0195102201 0.0142962757 0.0187570011 0.0123779574 0.0234470001 0.0230220585 0.0140773331 0.0162179228 0.0044469948 0.0211320486 0.0075213345 0.0143132095 0.006190263 0.0136792609 0.009813828 0.0157837039 0.0208551957 0.0122112677 0.0169492492 0.0346355399 0.0107598594 0.00782665 0.011575016 0.0059944597 0.0139720351 0.0162902342 0.0224858399 0.0210521051 0.0095556975 0.018850402 0.0098384756 0.0213688382 0.0139556716 0.0231004375 0.0153960589 0.0176538641 0.0203164106 0.0188756631 0.0197358913 0.0211864813 0.0193554382 0.0133987696 0.0177139647 0.0096150079 0.0104756271 0.0158522809 0.0215262098 0.016398519 0.0082947315 0.0116771219 0.0129511987 0.0235262009 0.003194898 0.0163119789 
44 0.0081719968 0.0168105983 0.0106692355 0.0056558734 0.0159929607 0.0198283363 0.0152709722 0.0066321516 0.012087022 0.0028080143 0.0027885401 0.0076406079 0.0152187196 0.0228059389 0.0167398061 0.0171655339 0.0183457653 0.0133690969 0.0259546653 0.0193783093 0.0204736602 0.01827311 0.0175004645 0.027280525 0.0112161635 0.0228876948 0.0162039117 0.0149552698 0.0204683767 0.0174245854 0.0202420434 0.0050749685 0.018687802 0.0097683679 0.0166934894 0.0157176594 0.0161707317 0.0178047787 0.0179489636 0.0252503926 0.0271017589 0.0238394572 0.0231004375 0.0075358843 0.0160167125 0.0095632733 0.0122875878 0.0134603702 0.0183341689 0.0237818833 0.0194071611 0.0203818954 0.0181666916 0.0172457901 0.0103729248 0.0046353325 0.0154595199 0.0104740047 0.0232163118 0.0150344767 0.0096941061 0.0211198276 0.0070603811 0.0093329398 
45 0.0203989263 0.0150169952 0.0138570785 0.0249948866 0.012006877 0.010570437 0.0218008335 0.0109114173 0.0170769744 0.0269648618 0.0184694069 0.0092887354 0.0110826241 0.0105982158 0.0011430048 0.0191171728 0.0127905183 0.0089095615 0.029215198 0.0172703815 0.017219806 0.0126883154 0.0089530854 0.0126366565 0.0167285332 0.0162286016 0.0128670338 0.014884951 0.0223673349 0.0184415858 0.006883104 0.0174358168 0.022723981 0.0126500176 0.0174145442 0.0146498861 0.0204112747 0.0140578829 0.0218194081 0.0142679862 0.0143770192 0.0148304006 0.0153960589 0.0160167125 0.0123120229 0.0185920626 0.0154174656 0.0274125701 0.0130197412 0.0120206742 0.0131695109 0.0251658952 0.0207780109 0.0180477264 0.0120058543 0.010764866 0.0063941444 0.0177698576 0.014076445 0.0103288869 0.0258059283 0.0105685118 0.0150339727 0.0138817497 
46 0.0100763644 0.016343792 0.0216061424 0.0209876836 0.0147268861 0.0199705487 0.012932195 0.019934163 0.008753139 0.0279728848 0.0100032972 0.0102159169 0.0033869783 0.0135304802 0.0139707956 0.0111911421 0.0195938677 0.0208222575 0.0213232665 0.0208668433 0.0068755696 0.0127176128 0.0213809302 0.0159862948 0.0075796282 0.0083889083 0.0197924447 0.0152826885 0.0146599201 0.018305374 0.0032365205 0.0182713264 0.0191798302 0.0186933529 0.0136027639 0.0297542256 0.0139914767 0.0171420655 0.0181970507 0.0138618136 0.0348430848 0.0178783991 0.0176538641 0.0095632733 0.0185920626 0.0055002334 0.0094107698 0.0100330751 0.0114116364 0.0215314001 0.0209524472 0.0181019933 0.0196072507 0.0221507504 0.0152011371 0.0062761307 0.0144655082 0.0270912107 0.0142743764 0.0146751711 0.0118935111 0.0143052643 0.0172359519 0.0022430567 
47 0.0119332917 0.0206189012 0.0110752204 0.0095515069 0.0093153816 0.0220001896 0.0027795301 0.0189159844 0.0147842946 0.0160555251 0.018534143 0.0246883248 0.023207832 0.0095509903 0.0133779776 0.0120061072 0.0078646939 0.01674304 0.0212093064 0.0217606213 0.0234415257 0.0209508474 0.012713045 0.0257756789 0.0102700469 0.0087678052 0.0193634779 0.02727294 0.0107317527 0.0259362925 0.021726101 0.0142295776 0.0183669617 0.0115983843 0.0064707818 0.0199036022 0.019444847 0.0069621187 0.0200642829 0.0313090579 0.0092900851 0.018212729 0.0203164106 0.0122875878 0.0154174656 0.0094107698 0.0158872246 0.0179719133 0.0107378606 0.0100413329 0.0088124045 0.0099155473 0.0082271906 0.010886317 0.0258509754 0.0154462538 0.0140073142 0.0313812865 0.0089490323 0.0074979325 0.0214398516 0.0214405394 0.0076925061 0.0076074803 
48 0.0092107264 0.0094165943 0.0191201722 0.0146459968 0.0283119765 0.0114560233 0.0337379655 0.0185618228 0.0172944408 0.0174049427 0.0062056974 0.0216549466 0.0142023325 0.0187627908 0.0177086264 0.0128160172 0.0072474914 0.0180690832 0.0224033688 0.0178054627 0.0079033986 0.0163058629 0.0114064457 0.021391073 0.0155139638 0.0172304338 0.0211068443 0.0035162994 0.0117753688 0.0116336895 0.0056463288 0.0159431316 0.0110187458 0.0114040317 0.029508233 0.0182017055 0.0108203659 0.0150248616 0.0277164292 0.009359712 0.0204616664 0.0152808295 0.0188756631 0.0134603702 0.0274125701 0.0100330751 0.0179719133 0.0169240744 0.0062680932 0.0097814219 0.0171945719 0.0069143687 0.0062231108 0.0152172055 0.0126085562 0.0169137659 0.0269469108 0.0097030008 0.0286058475 0.0164466544 0.0113987655 0.0249254285 0.0153853366 0.0065833965 
