60
1 0.0 0.0173825579 0.0191074886 0.0162746877 0.0102482362 0.0183336421 0.0176061822 0.0181144217 0.0160390434 0.0182844072 0.0250102983 0.0162455303 0.0050270938 0.0184165879 0.0163961784 0.0253854219 0.0139217639 0.0089616199 0.0041874782 0.0162808305 0.0285070435 0.0163869239 0.0295003924 0.0137306062 0.0099115293 0.0106079347 0.0234838043 0.0152140129 0.0043173821 0.0287455738 0.0115010009 0.0219776941 0.0177041369 0.0164600367 0.0129860366 0.0245489014 0.0202610592 0.02962332 0.0224730565 0.0104012613 0.0120140771 0.0192252352 0.0226954247 0.0202395286 0.021887867 0.0139221029 0.0031990008 0.0166738597 0.0086319751 0.0282652244 0.0081113591 0.0199652371 0.0106701143 0.0097523181 0.0131790083 0.024902194 0.0186183363 0.0307177754 0.0136198415 0.0141443439
2 0.0173825579 0.0 0.0248129808 0.0091382291 0.0067065944 0.0158744446 0.0110577148 0.0237549526 0.0225827074 0.0146205192 0.0110378792 0.0028034331 0.0169101965 0.0093764502 0.0169078656 0.0232441098 0.0267228652 0.010177705 0.0113225455 0.0218701236 0.0257679589 0.0197813145 0.0223291862 0.0197120075 0.0258452206 0.0131522458 0.0171465067 0.0168863531 0.0116619197 0.0118599764 0.0161958315 0.0147290948 0.0174052249 0.0174700984 0.0209176761 0.0173467966 0.0131979862 0.0280318285 0.0150441822 0.0236958739 0.0189676039 0.0129712485 0.0176861638 0.0138511809 0.0207960589 0.0265133589 0.0249185736 0.0133284501 0.0062206608 0.0282554143 0.0130429663 0.0257986213 0.0089408515 0.0151421749 0.0182685738 0.0045524634 0.0165348904 0.0082318612 0.0225613532 0.0189363736
3 0.0191074886 0.0248129808 0.0 0.0148826732 0.0286483248 0.0072560592 0.0199292208 0.0157322059 0.0256762733 0.0218297636 0.0248226543 0.0021366542 0.0157379922 0.0185965382 0.0140097337 0.0301333491 0.0229093381 0.01670901 0.0204422158 0.0119382949 0.0161795196 0.0229017899 0.0202445895 0.0324718874 0.0183696428 0.0265422516 0.0144339573 0.0088398274 0.0052713298 0.0207593876 0.0132951934 0.0019243963 0.0139632459 0.0193565386 0.0116436203 0.0199436035 0.0321497882 0.0209215635 0.0176603112 0.0136716349 0.027625022 0.0096524594 0.0058783578 0.0184868737 0.0219900051 0.0027532254 0.0075082805 0.0119181049 0.0155796428 0.0180898457 0.0239808232 0.0134544682 0.012974453 0.0102493117 0.0191225419 0.0143592561 0.0161650805 0.014619567 0.0250543143 0.0046835169
4 0.0162746877 0.0091382291 0.0148826732 0.0 0.0239324143 0.0113299607 0.0193989541 0.0092137366 0.0196827999 0.008875758 0.0108565666 0.0240652173 0.0210301127 0.0190132344 0.0200070978 0.0230490459 0.011260441 0.0262258499 0.0091293431 0.0024510134 0.0078675181 0.0210768052 0.0232822087 0.0094256838 0.0212847155 0.0061673415 0.0149442843 0.0105020136 0.0047138586 0.0199825859 0.0165515409 0.0300688698 0.0213641839 0.0227555597 0.0078503861 0.0222148296 0.0120151882 0.0107637641 0.0164779125 0.0132902398 0.0167494489 0.0233025859 0.0278472296 0.0094440315 0.0213118395 0.0255903127 0.0080401097 0.0321826168 0.0208845803 0.0201375101 0.0129774566 0.0130034677 0.0085686786 0.0153799439 0.0154260077 0.0297077696 0.0301542009 0.017059084 0.0185730374 0.0212434634
5 0.0102482362 0.0067065944 0.0286483248 0.0239324143 0.0 0.0236511453 0.0056640227 0.0183307578 0.0116234469 0.0087165157 0.0252165615 0.0176433185 0.0100097384 0.0161136402 0.0250220643 0.0181501196 0.0189501744 0.0261362759 0.0079217224 0.0134041487 0.0279839916 0.0146040676 0.0142484144 0.0249083886 0.0137424941 0.0147422499 0.0117731601 0.0150742063 0.0082495081 0.0166038472 0.023079506 0.0214983445 0.0183972976 0.0214513614 0.0150685434 0.0069150394 0.014118559 0.0273314108 0.0176568855 0.0107412987 0.0190905022 0.0188315545 0.0290878155 0.0223220041 0.0040095403 0.0138561557 0.0316553187 0.0212621148 0.0286262718 0.0041039668 0.0217288845 0.0085705761 0.008619644 0.030529276 0.0182134474 0.0209139708 0.0073886974 0.0061954028 0.0122423892 0.0184746712
6 0.0183336421 0.0158744446 0.0072560592 0.0113299607 0.0236511453 0.0 0.0210529063 0.0333426062 0.019464446 0.0143562866 0.0129084601 0.0088644922 0.0191838962 0.0170770254 0.0096751874 0.0279348121 0.0161438951 0.0185907372 0.0190811117 0.0133141023 0.0203282098 0.0235952251 0.0134075038 0.0166818395 0.0157383248 0.0335774663 0.0168655682 0.0059169016 0.0213851531 0.0131321291 0.0153852642 0.0176060297 0.0103331128 0.0268896646 0.0209226677 0.0215108328 0.0062434043 0.0095101943 0.017594545 0.0285903506 0.0124828621 0.0264053434 0.0078020811 0.0106495549 0.0160361316 0.0113570159 0.0128625836 0.0180222966 0.0263762138 0.0161011253 0.0141077682 0.010349386 0.0162964072 0.00969212 0.0062592878 0.0173345007 0.0155067478 0.0250693748 0.0228761567 0.0217634382
7 0.0176061822 0.0110577148 0.0199292208 0.0193989541 0.0056640227 0.0210529063 0.0 0.0161963413 0.0061796706 0.0054087701 0.007146907 0.0199797598 0.013070999 0.0238069265 0.0196951299 0.0201730616 0.0152611212 0.019552002 0.0158305297 0.0303812085 0.0025702722 0.0200163762 0.0129211866 0.0251393777 0.0176642663 0.0185295141 0.0031276983 0.0208432361 0.0065577195 0.0121232869 0.0217631372 0.0325965227 0.0056317521 0.0074583657 0.0171339778 0.0102289262 0.0155343741 0.0046462714 0.0166321031 0.0222533704 0.0169965328 0.0312001795 0.0324608826 0.0070773158 0.0164448598 0.0186558127 0.0251173203 0.0086603604 0.0301991574 0.0038270851 0.0119000513 0.0197174827 0.032988083 0.0244047933 0.028732497 0.0161724491 0.0091263682 0.0218605515 0.0239547107 0.0197403441
8 0.0181144217 0.0237549526 0.0157322059 0.0092137366 0.0183307578 0.0333426062 0.0161963413 0.0 0.0172330339 0.0267053677 0.009569461 0.020132693 0.0156728625 0.0071925624 0.012952713 0.0283879781 0.0108051248 0.01673357 0.0194516007 0.0116860986 0.0093154079 0.0185400398 0.0131718982 0.0228691715 0.0104691449 0.022276691 0.0036546939 0.0161029202 0.021671697 0.0227250134 0.0120878898 0.001444717 0.014640398 0.0094992432 0.0198389371 0.0249954402 0.0043471701 0.0281836154 0.0197707947 0.0200134619 0.0219071053 0.0193011731 0.0241110052 0.0261532865 0.0110540514 0.0178703344 0.0136683937 0.0124562103 0.0240035029 0.029846173 0.0132323304 0.003866763 0.0160177408 0.0182448085 0.0194579349 0.0154641418 0.0182823772 0.0064693985 0.0177569377 0.0240098986
9 0.0160390434 0.0225827074 0.0256762733 0.0196827999 0.0116234469 0.019464446 0.0061796706 0.0172330339 0.0 0.0246451152 0.0159707889 0.0143585047 0.0181096733 0.0251658003 0.0211100594 0.0021881304 0.0141580578 0.0163634701 0.0321207184 0.0229461196 0.0086725558 0.0157552824 0.0110002041 0.0155000285 0.0245305049 0.0175617425 0.0238959499 0.0209068916 0.0102507388 0.0143757514 0.0071507232 0.0153245324 0.0294159165 0.018085955 0.0186741188 0.0143239146 0.0158197692 0.0091130939 0.0124209395 0.011306585 0.0230651327 0.0128722658 0.012377812 0.0107012518 0.0219970796 0.023556911 0.019229896 0.0229897892 0.0113929969 0.0277452786 0.0176868622 0.0165213477 0.0077834645 0.0120335229 0.0254704798 0.0123208115 0.016151418 0.0177032866 0.0084079451 0.020289391
10 0.0182844072 0.0146205192 0.0218297636 0.008875758 0.0087165157 0.0143562866 0.0054087701 0.0267053677 0.0246451152 0.0 0.0238915846 0.0173194301 0.0140300728 0.0238219961 0.016570423 0.0268187976 0.0262517977 0.0191430717 0.0195882817 0.0133987415 0.0078991837 0.0182425497 0.0150930662 0.0135853466 0.0080345909 0.0142059747 0.0173256644 0.0213304963 0.0146905956 0.0130684504 0.0150202583 0.0165637192 0.0259522025 0.0152048455 0.0186917446 0.0128094385 0.0208515576 0.0126406241 0.0142275274 0.0212247812 0.0264268357 0.0153412226 0.0028095606 0.0136212593 0.0082345228 0.010083293 0.0255909333 0.0220449569 0.0179551615 0.0263969839 0.0165881606 0.0155029422 0.0297444533 0.0125820062 0.0159611947 0.0132569648 0.016669347 0.0127982797 0.0141656003 0.0232870041
11 0.0250102983 0.0110378792 0.0248226543 0.0108565666 0.0252165615 0.0129084601 0.007146907 0.009569461 0.0159707889 0.0238915846 0.0 0.0092231958 0.0138346034 0.0219089804 0.0206251935 0.0193088815 0.0190486818 0.0094702309 0.0226565985 0.014950238 0.0188911552 0.0193514426 0.0108507186 0.0125286678 0.0202991024 0.0260272583 0.0244342322 0.017440126 0.0235462357 0.0067338122 0.0156477706 0.0206389891 0.0208646366 0.0080593514 0.0164436299 0.0102232597 0.0141671538 0.0167206014 0.0024667712 0.0152960764 0.0118565086 0.019608569 0.0190773563 0.0074818053 0.0236640938 0.0288617781 0.0230214426 0.018873479 0.0268402826 0.011406372 0.0103607397 0.0088662937 0.0200043947 0.008850344 0.0303577954 0.0216349535 0.0162242119 0.0258264103 0.0162593694 0.0128350438
12 0.0162455303 0.0028034331 0.0021366542 0.0240652173 0.0176433185 0.0088644922 0.0199797598 0.020132693 0.0143585047 0.0173194301 0.0092231958 0.0 0.0146709635 0.0166467769 0.0282759702 0.0164297402 0.0079766237 0.01974683 0.0154856309 0.0276213003 0.0167832673 0.0158988542 0.0119027078 0.0176581544 0.0142626428 0.0182038506 0.0262674973 0.0198660559 0.0292145921 0.0194976665 0.0123311145 0.0133297223 0.0298449816 0.03156786 0.0248872447 0.0238435085 0.0125890196 0.0056950848 0.0145461195 0.024219356 0.013359379 0.0213379292 0.0238681326 0.0158590622 0.0234134371 0.0116074106 0.0124077547 0.0083508358 0.0215399339 0.0048094504 0.0045529097 0.0040706285 0.0201024097 0.0163014418 0.0074143086 0.0136232739 0.0265209132 0.0256441002 0.0233445506 0.0198367732
13 0.0050270938 0.0169101965 0.0157379922 0.0210301127 0.0100097384 0.0191838962 0.013070999 0.0156728625 0.0181096733 0.0140300728 0.0138346034 0.0146709635 0.0 0.0222217345 0.0144527254 0.0206984368 0.0122022614 0.0108496777 0.0225063882 0.0066988245 0.0274065966 0.0127426884 0.0071989433 0.019002941 0.0173039733 0.0275902378 0.0240339675 0.0248190296 0.0166954154 0.0332329326 0.0187120253 0.0225088111 0.01837376 0.0224616218 0.0131450497 0.0125035587 0.0225403428 0.013684882 0.0080165172 0.0101611874 0.0129195942 0.0282876785 0.034951536 0.0128694225 0.0132901024 0.017954567 0.0239454935 0.010257708 0.018543323 0.0183701698 0.0227840188 0.017429465 0.0086156623 0.0143028041 0.0234417792 0.0170526334 0.0081090224 0.022706978 0.0092300111 0.0058852969
14 0.0184165879 0.0093764502 0.0185965382 0.0190132344 0.0161136402 0.0170770254 0.0238069265 0.0071925624 0.0251658003 0.0238219961 0.0219089804 0.0166467769 0.0222217345 0.0 0.0223375519 0.0086549234 0.0220277997 0.0159108754 0.019041173 0.0056157316 0.0119000062 0.0186089316 0.0189960327 0.0325789629 0.021625841 0.0072795986 0.0096951897 0.0094314541 0.0051992959 0.0201088003 0.0239405014 0.0095619106 0.0065895255 0.0123720344 0.0266038359 0.0166478824 0.0191097329 0.0206275368 0.0251326528 0.0140099895 0.014784215 0.0201434081 0.0137862753 0.0182525274 0.0178835293 0.0067641291 0.0157856975 0.0178935004 0.021296039 0.0158064674 0.0158738228 0.0217425923 0.0075295564 0.015323676 0.0083814784 0.0215831605 0.0292054331 0.0097734476 0.0256310384 0.0195939824
15 0.0163961784 0.0169078656 0.0140097337 0.0200070978 0.0250220643 0.0096751874 0.0196951299 0.012952713 0.0211100594 0.016570423 0.0206251935 0.0282759702 0.0144527254 0.0223375519 0.0 0.0072288212 0.0173044923 0.0125006901 0.0207909252 0.0176681779 0.0250135562 0.0202748663 0.0261958829 0.0067718186 0.01290215 0.0203636258 0.0105432427 0.0049707341 0.0081527987 0.0143266156 0.0206863411 0.0168794733 0.006818501 0.0236909462 0.0249869291 0.0317844049 0.0263934013 0.0195088569 0.0130171742 0.0072469824 0.0155485204 0.0157407752 0.009022824 0.015274231 0.0204255744 0.0164163912 0.0233925024 0.0168179222 0.0228385822 0.0161397667 0.0118874922 0.0263502518 0.0112265878 0.0091400797 0.0151380502 0.0151227913 0.0175341994 0.0272627437 0.0146247159 0.0060366967
16 0.0253854219 0.0232441098 0.0301333491 0.0230490459 0.0181501196 0.0279348121 0.0201730616 0.0283879781 0.0021881304 0.0268187976 0.0193088815 0.0164297402 0.0206984368 0.0086549234 0.0072288212 0.0 0.0210203904 0.0107272497 0.0208891108 0.0179035622 0.0149273904 0.0217036897 0.0072465119 0.0067824501 0.0176524175 0.0174751125 0.0128917513 0.0233881411 0.0092243351 0.0145688079 0.0214529678 0.0091001995 0.014921245 0.0278374981 0.0216662222 0.0165890385 0.0090599247 0.0072394508 0.0183377075 0.015226876 0.0157650902 0.0186284585 0.0126657283 0.0168016969 0.0109731857 0.0173146454 0.0160004512 0.0069647036 0.0096369271 0.0176717745 0.0103773438 0.0271542199 0.0041654978 0.0200261168 0.0133437015 0.0094098307 0.0167246336 0.028774918 0.0237878012 0.0281955953
17 0.0139217639 0.0267228652 0.0229093381 0.011260441 0.0189501744 0.0161438951 0.0152611212 0.0108051248 0.0141580578 0.0262517977 0.0190486818 0.0079766237 0.0122022614 0.0220277997 0.0173044923 0.0210203904 0.0 0.0200239176 0.0104050973 0.0154542286 0.0138848892 0.0226241405 0.0073219527 0.0238711108 0.012927456 0.0154538703 0.0128811442 0.02410709 0.0270152445 0.0186521523 0.01441255 0.0131687502 0.0170741369 0.0058154576 0.0103273079 0.0112054842 0.0229738977 0.0217254028 0.0161727283 0.0142640568 0.028182591 0.0041243186 0.0107758558 0.0124757623 0.0167812804 0.0160808683 0.0149867548 0.0161759819 0.0224437815 0.0034483078 0.0257445241 0.0188119937 0.0116333238 0.0211017739 0.0046943456 0.0275919055 0.0316343921 0.0221310604 0.0235645922 0.0198896915
18 0.0089616199 0.010177705 0.01670901 0.0262258499 0.0261362759 0.0185907372 0.019552002 0.01673357 0.0163634701 0.0191430717 0.0094702309 0.01974683 0.0108496777 0.0159108754 0.0125006901 0.0107272497 0.0200239176 0.0 0.023390904 0.0153923808 0.0116831636 0.0140940303 0.0281676646 0.0112111745 0.018668781 0.0156587232 0.0154275952 0.0144321746 0.0235209699 0.0279547835 0.0140478648 0.0161575164 0.0154014084 0.0186430008 0.0079085446 0.013372479 0.0150248081 0.026345181 0.0191907772 0.0210498091 0.0052947662 0.0134659795 0.0126161445 0.0163250899 0.0171689206 0.0086613943 0.0273001033 0.0201853629 0.0090883241 0.0194633222 0.0180841776 0.0069104302 0.0225631416 0.019738451 0.0309524141 0.0155936356 0.0199622412 0.0094209859 0.0256656826 0.0169729147
19 0.0041874782 0.0113225455 0.0204422158 0.0091293431 0.0079217224 0.0190811117 0.0158305297 0.0194516007 0.0321207184 0.0195882817 0.0226565985 0.0154856309 0.0225063882 0.019041173 0.0207909252 0.0208891108 0.0104050973 0.023390904 0.0 0.0184697248 0.0182923042 0.0152265628 0.0146872743 0.0184650013 0.0044986195 0.0283745782 0.0036894919 0.0242375891 0.0039120868 0.0225941182 0.0292881888 0.0293532944 0.0359022595 0.0150420794 0.0119893649 0.0211347842 0.0012243385 0.0202580166 0.0281469284 0.0173696889 0.0139873191 0.0100031462 0.0298935396 0.015639838 0.0195375931 0.0118987047 0.0063124075 0.0117445438 0.0189987208 0.0237823104 0.0132659248 0.0129486312 0.0022930855 0.0150684206 0.0150730714 0.0159540718 0.0068862574 0.0194368921 0.0154986149 0.0253792377
20 0.0162808305 0.0218701236 0.0119382949 0.0024510134 0.0134041487 0.0133141023 0.0303812085 0.0116860986 0.0229461196 0.0133987415 0.014950238 0.0276213003 0.0066988245 0.0056157316 0.0176681779 0.0179035622 0.0154542286 0.0153923808 0.0184697248 0.0 0.0080718248 0.0116332242 0.0160089274 0.0253924697 0.0126431329 0.0164039574 0.0120216581 0.0228474321 0.0229400045 0.0131940663 0.0242857535 0.018578244 0.0250142049 0.0036071958 0.0204306413 0.0214349191 0.0140991965 0.0180095824 0.0192765983 0.0263925061 0.0193564979 0.015439731 0.0194539997 0.0206870734 0.0247685059 0.0228344687 0.0146605807 0.0169037922 0.0122572603 0.0206548401 0.0094220731 0.0183865651 0.0151809974 0.0203572787 0.0256303268 0.0293094608 0.0119212474 0.0124413377 0.0048365542 0.0157670192
21 0.0285070435 0.0257679589 0.0161795196 0.0078675181 0.0279839916 0.0203282098 0.0025702722 0.0093154079 0.0086725558 0.0078991837 0.0188911552 0.0167832673 0.0274065966 0.0119000062 0.0250135562 0.0149273904 0.0138848892 0.0116831636 0.0182923042 0.0080718248 0.0 0.0146617992 0.0283040072 0.0179207503 0.0140306302 0.0165131235 0.0255201984 0.0085574937 0.0282602754 0.0186916568 0.0248084628 0.0200434277 0.0123116408 0.0235087419 0.0143472481 0.0099083585 0.0210525503 0.0153602889 0.0192480247 0.0225368962 0.0158746743 0.0205542083 0.0220929143 0.0198623561 0.0060566268 0.0156672686 0.0104618351 0.0216482123 0.0127187828 0.0214287579 0.0221036546 0.0225192984 0.0096835028 0.0148081488 0.0093351463 0.0162555661 0.0130551834 0.0281724245 0.0004548383 0.0197152111
22 0.0163869239 0.0197813145 0.0229017899 0.0210768052 0.0146040676 0.0235952251 0.0200163762 0.0185400398 0.0157552824 0.0182425497 0.0193514426 0.0158988542 0.0127426884 0.0186089316 0.0202748663 0.0217036897 0.0226241405 0.0140940303 0.0152265628 0.0116332242 0.0146617992 0.0 0.0170118879 0.0255481146 0.0114205446 0.015397589 0.0290939637 0.0287162576 0.0208117511 0.0143699206 0.0085240697 0.0195908616 0.0070990263 0.0236973951 0.0226831132 0.0181797713 0.0098466933 0.0169228711 0.0142508981 0.0162564177 0.0040222259 0.0211135419 0.0189960855 0.0132663305 0.0119403724 0.0279072336 0.009868026 0.0016426779 0.0142632046 0.0215661159 0.024385791 0.0221826849 0.0180734349 0.0127534587 0.0015256002 0.025854685 0.0100567646 0.0116421565 0.0125540858 0.0192437736
23 0.0295003924 0.0223291862 0.0202445895 0.0232822087 0.0142484144 0.0134075038 0.0129211866 0.0131718982 0.0110002041 0.0150930662 0.0108507186 0.0119027078 0.0071989433 0.0189960327 0.0261958829 0.0072465119 0.0073219527 0.0281676646 0.0146872743 0.0160089274 0.0283040072 0.0170118879 0.0 0.0275261907 0.0186364475 0.0271139358 0.0041855001 0.0061928931 0.0258279627 0.0264776369 0.0118780433 0.0152235222 0.0046710153 0.0067003617 0.0187693754 0.0262079977 0.0187085609 0.006544602 0.0089629778 0.0244017066 0.0038077887 0.0228347099 0.0152574501 0.0147441521 0.0128128836 0.021241188 0.0111882792 0.0105240831 0.0160132999 0.0212156526 0.0202728393 0.0190199525 0.0288597207 0.0215715557 0.0161600365 0.0281069632 0.0143864063 0.0134122414 0.0182800186 0.0231708882
24 0.0137306062 0.0197120075 0.0324718874 0.0094256838 0.0249083886 0.0166818395 0.0251393777 0.0228691715 0.0155000285 0.0135853466 0.0125286678 0.0176581544 0.019002941 0.0325789629 0.0067718186 0.0067824501 0.0238711108 0.0112111745 0.0184650013 0.0253924697 0.0179207503 0.0255481146 0.0275261907 0.0 0.0244199633 0.0105724378 0.0085860962 0.0020440132 0.0190149699 0.0150178215 0.0206520179 0.0247132801 0.0124104472 0.0078701035 0.0179993785 0.0218029633 0.0182070974 0.0109184343 0.009704602 0.0041214861 0.0084046388 0.0231257378 0.0302724886 0.0128214515 0.0211730891 0.0010865683 0.024393191 0.0147129244 0.0171889467 0.0095159955 0.0180455448 0.0197018493 0.0140439791 0.0162503503 0.0178283727 0.0234582603 0.0173939377 0.0063276584 0.0183419608 0.018575799
25 0.0099115293 0.0258452206 0.0183696428 0.0212847155 0.0137424941 0.0157383248 0.0176642663 0.0104691449 0.0245305049 0.0080345909 0.0202991024 0.0142626428 0.0173039733 0.021625841 0.01290215 0.0176524175 0.012927456 0.018668781 0.0044986195 0.0126431329 0.0140306302 0.0114205446 0.0186364475 0.0244199633 0.0 0.0140853544 0.0220219799 0.0265991152 0.006598422 0.0189669419 0.0195258408 0.0240142413 0.028001216 0.0186373872 0.0143304672 0.0245294206 0.0223413625 0.0062968113 0.0066647509 0.015991242 0.0116515354 0.0087144159 0.0158937609 0.0185398782 0.0109649137 0.0163192389 0.0193796658 0.0140738994 0.0110998098 0.0190727317 0.0204415586 0.0276476616 0.0234832102 0.0121553885 0.0017297361 0.0230218818 0.0274272689 0.0208328786 0.0246160782 0.0174477982
26 0.0106079347 0.0131522458 0.0265422516 0.0061673415 0.0147422499 0.0335774663 0.0185295141 0.022276691 0.0175617425 0.0142059747 0.0260272583 0.0182038506 0.0275902378 0.0072795986 0.0203636258 0.0174751125 0.0154538703 0.0156587232 0.0283745782 0.0164039574 0.0165131235 0.015397589 0.0271139358 0.0105724378 0.0140853544 0.0 0.0133354954 0.0152437383 0.0074333775 0.0115153109 0.0149646885 0.0105718033 0.0243937939 0.0121022182 0.0056808864 0.0239691618 0.0212000921 0.0262810416 0.003422475 0.0014929491 0.0122012379 0.0095980709 0.0172646794 0.0069964519 0.028007708 0.0291719913 0.0039455061 0.0062028135 0.0109140723 0.0143104633 0.0252095997 0.0271720858 0.0174785995 0.0205717918 0.0303603401 0.0086528732 0.0316592825 0.005833794 0.018889297 0.0300756445
27 0.0234838043 0.0171465067 0.0144339573 0.0149442843 0.0117731601 0.0168655682 0.0031276983 0.0036546939 0.0238959499 0.0173256644 0.0244342322 0.0262674973 0.0240339675 0.0096951897 0.0105432427 0.0128917513 0.0128811442 0.0154275952 0.0036894919 0.0120216581 0.0255201984 0.0290939637 0.0041855001 0.0085860962 0.0220219799 0.0133354954 0.0 0.0325486687 0.0166843705 0.0059584937 0.018442702 0.0155904565 0.0162767626 0.0281936374 0.0160493547 0.0229990059 0.0281075572 0.0191032601 0.0154037164 0.024225298 0.0300086563 0.0099208892 0.018299236 0.0317147793 0.0231931204 0.0021297897 0.0100206593 0.0189252053 0.0185006445 0.0204437754 0.0172762226 0.0159572851 0.0206309968 0.0211440595 0.0149199257 0.009989439 0.0189514185 0.0194543715 0.0127603393 0.0048956116
28 0.0152140129 0.0168863531 0.0088398274 0.0105020136 0.0150742063 0.0059169016 0.0208432361 0.0161029202 0.0209068916 0.0213304963 0.017440126 0.0198660559 0.0248190296 0.0094314541 0.0049707341 0.0233881411 0.02410709 0.0144321746 0.0242375891 0.0228474321 0.0085574937 0.0287162576 0.0061928931 0.0020440132 0.0265991152 0.0152437383 0.0325486687 0.0 0.008699721 0.0066212829 0.0114238478 0.0113233287 0.0056865906 0.0101771471 0.022034099 0.0229185791 0.027812144 0.0153044917 0.0228305855 0.0175646804 0.0124330283 0.0282871618 0.0155768283 0.0183332821 0.0202020317 0.006443104 0.0315304925 0.0197576593 0.0215224312 0.0153873787 0.0172831892 0.0059837683 0.0040788727 0.0083621416 0.0189104865 0.0208053117 0.0079745835 0.0340243327 0.0315782662 0.0220702861
29 0.0043173821 0.0116619197 0.0052713298 0.0047138586 0.0082495081 0.0213851531 0.0065577195 0.021671697 0.0102507388 0.0146905956 0.0235462357 0.0292145921 0.0166954154 0.0051992959 0.0081527987 0.0092243351 0.0270152445 0.0235209699 0.0039120868 0.0229400045 0.0282602754 0.0208117511 0.0258279627 0.0190149699 0.006598422 0.0074333775 0.0166843705 0.008699721 0.0 0.0091933388 0.0237328771 0.0266357578 0.012648671 0.0018675852 0.020753654 0.0244114891 0.019912042 0.0202372657 0.0259861203 0.0250669446 0.0236279243 0.0113948651 0.0154112674 0.0269559089 0.0265058944 0.0257752312 0.0276797008 0.0091845171 0.0248961127 0.0102275314 0.0156000549 0.0296127079 0.017365221 0.0238113014 0.0219339115 0.0059788443 0.0097769421 0.0204910034 0.019059644 0.0127439396
30 0.0287455738 0.0118599764 0.0207593876 0.0199825859 0.0166038472 0.0131321291 0.0121232869 0.0227250134 0.0143757514 0.0130684504 0.0067338122 0.0194976665 0.0332329326 0.0201088003 0.0143266156 0.0145688079 0.0186521523 0.0279547835 0.0225941182 0.0131940663 0.0186916568 0.0143699206 0.0264776369 0.0150178215 0.0189669419 0.0115153109 0.0059584937 0.0066212829 0.0091933388 0.0 0.0213991185 0.0066280692 0.0171578104 0.0233856228 0.026509161 0.0155274232 0.0064762115 0.0198204657 0.0179223739 0.0192006243 0.0280720588 0.0268213137 0.0183154502 0.0194799512 0.0155935849 0.0233617459 0.0144720106 0.0102211074 0.0268387184 0.0163457432 0.012125878 0.0174473565 0.0254254102 0.0118928363 0.0004906617 0.0088456765 0.0197593872 0.0139173456 0.0172652524 0.0082294695
31 0.0115010009 0.0161958315 0.0132951934 0.0165515409 0.023079506 0.0153852642 0.0217631372 0.0120878898 0.0071507232 0.0150202583 0.0156477706 0.0123311145 0.0187120253 0.0239405014 0.0206863411 0.0214529678 0.01441255 0.0140478648 0.0292881888 0.0242857535 0.0248084628 0.0085240697 0.0118780433 0.0206520179 0.0195258408 0.0149646885 0.018442702 0.0114238478 0.0237328771 0.0213991185 0.0 0.0229322945 0.0152877592 0.0157729618 0.0185631981 0.015326189 0.0258185044 0.0221080836 0.0159220237 0.0016718149 0.0159206047 0.0127729572 0.003776938 0.0211039239 0.026229764 0.0191922085 0.0098810992 0.0203104474 0.0190222933 0.0143079903 0.0237339809 0.0184532325 0.0172350496 0.0044601704 0.0016797012 0.0210307636 0.0249068352 0.0086330903 0.0119407727 0.0298182568
32 0.0219776941 0.0147290948 0.0019243963 0.0300688698 0.0214983445 0.0176060297 0.0325965227 0.001444717 0.0153245324 0.0165637192 0.0206389891 0.0133297223 0.0225088111 0.0095619106 0.0168794733 0.0091001995 0.0131687502 0.0161575164 0.0293532944 0.018578244 0.0200434277 0.0195908616 0.0152235222 0.0247132801 0.0240142413 0.0105718033 0.0155904565 0.0113233287 0.0266357578 0.0066280692 0.0229322945 0.0 0.0075185637 0.0174254782 0.0127393444 0.0139690356 0.0187257273 0.0302876867 0.0214828531 0.0173980493 0.0123016809 0.0152029861 0.0142170303 0.0162499637 0.0205625532 0.0228341636 0.0191013552 0.0120101785 0.0144226418 0.0145360094 0.0114002086 0.0049334518 0.0338200516 0.0159888335 0.0220848747 0.0129871213 0.0133457467 0.0161771739 0.0242315656 0.0037677969
33 0.0177041369 0.0174052249 0.0139632459 0.0213641839 0.0183972976 0.0103331128 0.0056317521 0.014640398 0.0294159165 0.0259522025 0.0208646366 0.0298449816 0.01837376 0.0065895255 0.006818501 0.014921245 0.0170741369 0.0154014084 0.0359022595 0.0250142049 0.0123116408 0.0070990263 0.0046710153 0.0124104472 0.028001216 0.0243937939 0.0162767626 0.0056865906 0.012648671 0.0171578104 0.0152877592 0.0075185637 0.0 0.0170130213 0.0050521907 0.0217492785 0.0268697041 0.017849425 0.0247118136 0.0197929724 0.0150519316 0.0195679361 0.0080602078 0.0272338412 0.0157551612 0.007522751 0.013823612 0.0181650032 0.0201300411 0.0201135176 0.0209356286 0.0211613447 0.0209602507 0.0172381289 0.0145985068 0.0131136419 0.0223729367 0.0094364342 0.0160941753 0.0165511161
34 0.0164600367 0.0174700984 0.0193565386 0.0227555597 0.0214513614 0.0268896646 0.0074583657 0.0094992432 0.018085955 0.0152048455 0.0080593514 0.03156786 0.0224616218 0.0123720344 0.0236909462 0.0278374981 0.0058154576 0.0186430008 0.0150420794 0.0036071958 0.0235087419 0.0236973951 0.0067003617 0.0078701035 0.0186373872 0.0121022182 0.0281936374 0.0101771471 0.0018675852 0.0233856228 0.0157729618 0.0174254782 0.0170130213 0.0 0.0165229834 0.0171519669 0.010964616 0.0172672896 0.0230209514 0.0100845947 0.0170025566 0.0119844696 0.0133956603 0.0164310091 0.0133115714 0.0259267851 0.0227844936 0.0117626935 0.018608072 0.0159678672 0.0289925125 0.0245966894 0.014310995 0.0248833659 0.0244890848 0.0139594392 0.0166981333 0.0187429509 0.0036997158 0.0173591573
35 0.0129860366 0.0209176761 0.0116436203 0.0078503861 0.0150685434 0.0209226677 0.0171339778 0.0198389371 0.0186741188 0.0186917446 0.0164436299 0.0248872447 0.0131450497 0.0266038359 0.0249869291 0.0216662222 0.0103273079 0.0079085446 0.0119893649 0.0204306413 0.0143472481 0.0226831132 0.0187693754 0.0179993785 0.0143304672 0.0056808864 0.0160493547 0.022034099 0.020753654 0.026509161 0.0185631981 0.0127393444 0.0050521907 0.0165229834 0.0 0.0107959104 0.0159639586 0.0188514223 0.0266486926 0.0187097745 0.0316746465 0.027251507 0.0074371251 0.0134788728 0.0271155765 0.0253113531 0.0281905834 0.0060689894 0.0063704173 0.0071079474 0.0236658888 0.0235575653 0.0157454358 0.0189615706 0.0145740977 0.0127563563 0.0105107379 0.0100402391 0.0162412016 0.0088191976
36 0.0245489014 0.0173467966 0.0199436035 0.0222148296 0.0069150394 0.0215108328 0.0102289262 0.0249954402 0.0143239146 0.0128094385 0.0102232597 0.0238435085 0.0125035587 0.0166478824 0.0317844049 0.0165890385 0.0112054842 0.013372479 0.0211347842 0.0214349191 0.0099083585 0.0181797713 0.0262079977 0.0218029633 0.0245294206 0.0239691618 0.0229990059 0.0229185791 0.0244114891 0.0155274232 0.015326189 0.0139690356 0.0217492785 0.0171519669 0.0107959104 0.0 0.0113587496 0.0125752481 0.0178284459 0.0164914474 0.0138175638 0.0143611541 0.0107191726 0.0136091081 0.0146455608 0.0155352666 0.0123397426 0.0264576 0.0132808341 0.0144362067 0.0075004748 0.0093183986 0.0214691501 0.0226007562 0.0169522459 0.0159410678 0.0112241954 0.0167733617 0.0100014795 0.0177391766
37 0.0202610592 0.0131979862 0.0321497882 0.0120151882 0.014118559 0.0062434043 0.0155343741 0.0043471701 0.0158197692 0.0208515576 0.0141671538 0.0125890196 0.0225403428 0.0191097329 0.0263934013 0.0090599247 0.0229738977 0.0150248081 0.0012243385 0.0140991965 0.0210525503 0.0098466933 0.0187085609 0.0182070974 0.0223413625 0.0212000921 0.0281075572 0.027812144 0.019912042 0.0064762115 0.0258185044 0.0187257273 0.0268697041 0.010964616 0.0159639586 0.0113587496 0.0 0.0197954171 0.0291785909 0.0147119103 0.0127915045 0.0289345539 0.0126839309 0.0140432053 0.003077849 0.0077307757 0.0051608745 0.0096763198 0.0129654753 0.029663981 0.0079353772 0.0096298284 0.0083916624 0.0237989662 0.0268752712 0.0245483314 0.0173215524 0.0120701256 0.028561194 0.0253670594
38 0.02962332 0.0280318285 0.0209215635 0.0107637641 0.0273314108 0.0095101943 0.0046462714 0.0281836154 0.0091130939 0.0126406241 0.0167206014 0.0056950848 0.013684882 0.0206275368 0.0195088569 0.0072394508 0.0217254028 0.026345181 0.0202580166 0.0180095824 0.0153602889 0.0169228711 0.006544602 0.0109184343 0.0062968113 0.0262810416 0.0191032601 0.0153044917 0.0202372657 0.0198204657 0.0221080836 0.0302876867 0.017849425 0.0172672896 0.0188514223 0.0125752481 0.0197954171 0.0 0.0083607418 0.0221764897 0.0102636601 0.0156212087 0.0293297695 0.0250079525 0.0080865802 0.0039229153 0.0123876687 0.0185024306 0.0238597397 0.0234351913 0.0088678237 0.0282016388 0.0277987622 0.0037070642 0.0161731223 0.0201393973 0.010509677 0.0164293234 0.0092001739 0.0119142828
39 0.0224730565 0.0150441822 0.0176603112 0.0164779125 0.0176568855 0.017594545 0.0166321031 0.0197707947 0.0124209395 0.0142275274 0.0024667712 0.0145461195 0.0080165172 0.0251326528 0.0130171742 0.0183377075 0.0161727283 0.0191907772 0.0281469284 0.0192765983 0.0192480247 0.0142508981 0.0089629778 0.009704602 0.0066647509 0.003422475 0.0154037164 0.0228305855 0.0259861203 0.0179223739 0.0159220237 0.0214828531 0.0247118136 0.0230209514 0.0266486926 0.0178284459 0.0291785909 0.0083607418 0.0 0.0073797993 0.0236829748 0.0142275612 0.0189706497 0.0241711444 0.0191047366 0.0270533828 0.0146470536 0.0229249026 0.0130702728 0.0166584743 0.0157387628 0.0183190955 0.0151570331 0.0225373702 0.0151584728 0.0084004416 0.0185349878 0.0121820454 0.0191858637 0.0070821056
40 0.0104012613 0.0236958739 0.0136716349 0.0132902398 0.0107412987 0.0285903506 0.0222533704 0.0200134619 0.011306585 0.0212247812 0.0152960764 0.024219356 0.0101611874 0.0140099895 0.0072469824 0.015226876 0.0142640568 0.0210498091 0.0173696889 0.0263925061 0.0225368962 0.0162564177 0.0244017066 0.0041214861 0.015991242 0.0014929491 0.024225298 0.0175646804 0.0250669446 0.0192006243 0.0016718149 0.0173980493 0.0197929724 0.0100845947 0.0187097745 0.0164914474 0.0147119103 0.0221764897 0.0073797993 0.0 0.0279054442 0.01623021 0.018924408 0.011153166 0.0061162406 0.0233963403 0.0213748751 0.0214001339 0.014923031 0.0155470867 0.0207506504 0.0066525041 0.0156389373 0.0130825475 0.0074394151 0.0250487234 0.0121164498 0.034296686 0.0240183384 0.0242843284
41 0.0120140771 0.0189676039 0.027625022 0.0167494489 0.0190905022 0.0124828621 0.0169965328 0.0219071053 0.0230651327 0.0264268357 0.0118565086 0.013359379 0.0129195942 0.014784215 0.0155485204 0.0157650902 0.028182591 0.0052947662 0.0139873191 0.0193564979 0.0158746743 0.0040222259 0.0038077887 0.0084046388 0.0116515354 0.0122012379 0.0300086563 0.0124330283 0.0236279243 0.0280720588 0.0159206047 0.0123016809 0.0150519316 0.0170025566 0.0316746465 0.0138175638 0.0127915045 0.0102636601 0.0236829748 0.0279054442 0.0 0.0193998943 0.0109882097 0.0230280519 0.0146316568 0.0131683606 0.0200835548 0.0046884795 0.0219014958 0.0131778996 0.0148315274 0.0181462955 0.0148739567 0.0275530033 0.00960067 0.017359116 0.0185749344 0.0213962355 0.0205199638 0.0191807536
42 0.0192252352 0.0129712485 0.0096524594 0.0233025859 0.0188315545 0.0264053434 0.0312001795 0.0193011731 0.0128722658 0.0153412226 0.019608569 0.0213379292 0.0282876785 0.0201434081 0.0157407752 0.0186284585 0.0041243186 0.0134659795 0.0100031462 0.015439731 0.0205542083 0.0211135419 0.0228347099 0.0231257378 0.0087144159 0.0095980709 0.0099208892 0.0282871618 0.0113948651 0.0268213137 0.0127729572 0.0152029861 0.0195679361 0.0119844696 0.027251507 0.0143611541 0.0289345539 0.0156212087 0.0142275612 0.01623021 0.0193998943 0.0 0.0105279937 0.0117730904 0.0230673791 0.0097120109 0.0103421958 0.0165401768 0.0182248851 0.0105718534 0.0032866051 0.0122366761 0.0260150314 0.0201317783 0.0211675543 0.0177271221 0.0134586338 0.0023182159 0.0092330284 0.0298631555
43 0.0226954247 0.0176861638 0.0058783578 0.0278472296 0.0290878155 0.0078020811 0.0324608826 0.0241110052 0.012377812 0.0028095606 0.0190773563 0.0238681326 0.034951536 0.0137862753 0.009022824 0.0126657283 0.0107758558 0.0126161445 0.0298935396 0.0194539997 0.0220929143 0.0189960855 0.0152574501 0.0302724886 0.0158937609 0.0172646794 0.018299236 0.0155768283 0.0154112674 0.0183154502 0.003776938 0.0142170303 0.0080602078 0.0133956603 0.0074371251 0.0107191726 0.0126839309 0.0293297695 0.0189706497 0.018924408 0.0109882097 0.0105279937 0.0 0.026841734 0.0076540844 0.0113099841 0.0254361206 0.0107674794 0.0073045265 0.0137063393 0.0241310931 0.0150937941 0.0250232503 0.0121656558 0.013860082 0.0091140011 0.0262960579 0.0246017614 0.0193931923 0.0120218624
44 0.0202395286 0.0138511809 0.0184868737 0.0094440315 0.0223220041 0.0106495549 0.0070773158 0.0261532865 0.0107012518 0.0136212593 0.0074818053 0.0158590622 0.0128694225 0.0182525274 0.015274231 0.0168016969 0.0124757623 0.0163250899 0.015639838 0.0206870734 0.0198623561 0.0132663305 0.0147441521 0.0128214515 0.0185398782 0.0069964519 0.0317147793 0.0183332821 0.0269559089 0.0194799512 0.0211039239 0.0162499637 0.0272338412 0.0164310091 0.0134788728 0.0136091081 0.0140432053 0.0250079525 0.0241711444 0.011153166 0.0230280519 0.0117730904 0.026841734 0.0 0.0090003587 0.0222315269 0.028013524 0.0200816223 0.0087678257 0.0143662423 0.0153119479 0.0172232179 0.0295987925 0.0112420034 0.0190772186 0.0075767747 0.0195402128 0.0046193614 0.024666505 0.0176304649
45 0.021887867 0.0207960589 0.0219900051 0.0213118395 0.0040095403 0.0160361316 0.0164448598 0.0110540514 0.0219970796 0.0082345228 0.0236640938 0.0234134371 0.0132901024 0.0178835293 0.0204255744 0.0109731857 0.0167812804 0.0171689206 0.0195375931 0.0247685059 0.0060566268 0.0119403724 0.0128128836 0.0211730891 0.0109649137 0.028007708 0.0231931204 0.0202020317 0.0265058944 0.0155935849 0.026229764 0.0205625532 0.0157551612 0.0133115714 0.0271155765 0.0146455608 0.003077849 0.0080865802 0.0191047366 0.0061162406 0.0146316568 0.0230673791 0.0076540844 0.0090003587 0.0 0.0180129905 0.0201458293 0.0172679618 0.0245034306 0.0221688 0.0160540877 0.0261608836 0.0093294339 0.0159771891 0.0192872542 0.0235751698 0.0179907566 0.0194331727 0.0075953797 0.0060201841
46 0.0139221029 0.0265133589 0.0027532254 0.0255903127 0.0138561557 0.0113570159 0.0186558127 0.0178703344 0.023556911 0.010083293 0.0288617781 0.0116074106 0.017954567 0.0067641291 0.0164163912 0.0173146454 0.0160808683 0.0086613943 0.0118987047 0.0228344687 0.0156672686 0.0279072336 0.021241188 0.0010865683 0.0163192389 0.0291719913 0.0021297897 0.006443104 0.0257752312 0.0233617459 0.0191922085 0.0228341636 0.007522751 0.0259267851 0.0253113531 0.0155352666 0.0077307757 0.0039229153 0.0270533828 0.0233963403 0.0131683606 0.0097120109 0.0113099841 0.0222315269 0.0180129905 0.0 0.0106133941 0.026852568 0.030915066 0.0137087107 0.0232060432 0.0053300737 0.0152155123 0.0280105163 0.0118194265 0.0105567908 0.0210626633 0.0349314684 0.0138587221 0.0094019897
47 0.0031990008 0.0249185736 0.0075082805 0.0080401097 0.0316553187 0.0128625836 0.0251173203 0.0136683937 0.019229896 0.0255909333 0.0230214426 0.0124077547 0.0239454935 0.0157856975 0.0233925024 0.0160004512 0.0149867548 0.0273001033 0.0063124075 0.0146605807 0.0104618351 0.009868026 0.0111882792 0.024393191 0.0193796658 0.0039455061 0.0100206593 0.0315304925 0.0276797008 0.0144720106 0.0098810992 0.0191013552 0.013823612 0.0227844936 0.0281905834 0.0123397426 0.0051608745 0.0123876687 0.0146470536 0.0213748751 0.0200835548 0.0103421958 0.0254361206 0.028013524 0.0201458293 0.0106133941 0.0 0.025590499 0.0230682346 0.0148366322 0.0091637723 0.0162066645 0.0179559918 0.0228598715 0.015592766 0.0115277454 0.0052382224 0.0099378478 0.0238384386 0.0173143726
48 0.0166738597 0.0133284501 0.0119181049 0.0321826168 0.0212621148 0.0180222966 0.0086603604 0.0124562103 0.0229897892 0.0220449569 0.018873479 0.0083508358 0.010257708 0.0178935004 0.0168179222 0.0069647036 0.0161759819 0.0201853629 0.0117445438 0.0169037922 0.0216482123 0.0016426779 0.0105240831 0.0147129244 0.0140738994 0.0062028135 0.0189252053 0.0197576593 0.0091845171 0.0102211074 0.0203104474 0.0120101785 0.0181650032 0.0117626935 0.0060689894 0.0264576 0.0096763198 0.0185024306 0.0229249026 0.0214001339 0.0046884795 0.0165401768 0.0107674794 0.0200816223 0.0172679618 0.026852568 0.025590499 0.0 0.0094409016 0.0264639343 0.0287368315 0.023979656 0.0295939429 0.0167032781 0.0333628394 0.012470898 0.0176625289 0.0217559396 0.0198247428 0.0203373321
49 0.0086319751 0.0062206608 0.0155796428 0.0208845803 0.0286262718 0.0263762138 0.0301991574 0.0240035029 0.0113929969 0.0179551615 0.0268402826 0.0215399339 0.018543323 0.021296039 0.0228385822 0.0096369271 0.0224437815 0.0090883241 0.0189987208 0.0122572603 0.0127187828 0.0142632046 0.0160132999 0.0171889467 0.0110998098 0.0109140723 0.0185006445 0.0215224312 0.0248961127 0.0268387184 0.0190222933 0.0144226418 0.0201300411 0.018608072 0.0063704173 0.0132808341 0.0129654753 0.0238597397 0.0130702728 0.014923031 0.0219014958 0.0182248851 0.0073045265 0.0087678257 0.0245034306 0.030915066 0.0230682346 0.0094409016 0.0 0.0109900508 0.0262407932 0.0066040678 0.0061859593 0.0264681301 0.0132259115 0.0142549122 0.0140869068 0.0123793337 0.0036183079 0.0178570817
50 0.0282652244 0.0282554143 0.0180898457 0.0201375101 0.0041039668 0.0161011253 0.0038270851 0.029846173 0.0277452786 0.0263969839 0.011406372 0.0048094504 0.0183701698 0.0158064674 0.0161397667 0.0176717745 0.0034483078 0.0194633222 0.0237823104 0.0206548401 0.0214287579 0.0215661159 0.0212156526 0.0095159955 0.0190727317 0.0143104633 0.0204437754 0.0153873787 0.0102275314 0.0163457432 0.0143079903 0.0145360094 0.0201135176 0.0159678672 0.0071079474 0.0144362067 0.029663981 0.0234351913 0.0166584743 0.0155470867 0.0131778996 0.0105718534 0.0137063393 0.0143662423 0.0221688 0.0137087107 0.0148366322 0.0264639343 0.0109900508 0.0 0.0131691302 0.018647251 0.0242328235 0.010443028 0.0211667113 0.0201611168 0.0252467992 0.0051985393 0.0139184841 0.0122158479
51 0.0081113591 0.0130429663 0.0239808232 0.0129774566 0.0217288845 0.0141077682 0.0119000513 0.0132323304 0.0176868622 0.0165881606 0.0103607397 0.0045529097 0.0227840188 0.0158738228 0.0118874922 0.0103773438 0.0257445241 0.0180841776 0.0132659248 0.0094220731 0.0221036546 0.024385791 0.0202728393 0.0180455448 0.0204415586 0.0252095997 0.0172762226 0.0172831892 0.0156000549 0.012125878 0.0237339809 0.0114002086 0.0209356286 0.0289925125 0.0236658888 0.0075004748 0.0079353772 0.0088678237 0.0157387628 0.0207506504 0.0148315274 0.0032866051 0.0241310931 0.0153119479 0.0160540877 0.0232060432 0.0091637723 0.0287368315 0.0262407932 0.0131691302 0.0 0.0054731599 0.0257812787 0.0284317687 0.0117865067 0.0223350103 0.0184592676 0.0145426674 0.0189756372 0.0221075421
52 0.0199652371 0.0257986213 0.0134544682 0.0130034677 0.0085705761 0.010349386 0.0197174827 0.003866763 0.0165213477 0.0155029422 0.0088662937 0.0040706285 0.017429465 0.0217425923 0.0263502518 0.0271542199 0.0188119937 0.0069104302 0.0129486312 0.0183865651 0.0225192984 0.0221826849 0.0190199525 0.0197018493 0.0276476616 0.0271720858 0.0159572851 0.0059837683 0.0296127079 0.0174473565 0.0184532325 0.0049334518 0.0211613447 0.0245966894 0.0235575653 0.0093183986 0.0096298284 0.0282016388 0.0183190955 0.0066525041 0.0181462955 0.0122366761 0.0150937941 0.0172232179 0.0261608836 0.0053300737 0.0162066645 0.023979656 0.0066040678 0.018647251 0.0054731599 0.0 0.0186665602 0.0184072523 0.0252722353 0.0123547258 0.0148160484 0.0297573407 0.0134161094 0.0207182248
