35
1 0.0 0.0304540229 0.0262486432 0.0248427309 0.0216460915 0.0187116133 0.0292679034 0.0348117604 0.0211251345 0.0202541072 0.036059092 0.0281887713 0.0422662303 0.0242650384 0.0185149571 0.0292881484 0.0410248017 0.0184646825 0.0377428349 0.0251586694 0.0324605625 0.0476189687 0.0389008392 0.0556844486 0.0336357775 0.0545454204 0.0280603535 0.0363105898 0.0162287953 0.0196926861 0.0439007742 0.0019746534 0.0225643268 0.0114098912 0.0286766796
2 0.0304540229 0.0 0.048182969 0.0242119299 0.0310498629 0.0300286975 0.0500085213 0.0302942726 0.0123192044 0.0247265887 0.0366741586 0.0346243504 0.04191161 0.0235981021 0.0239274893 0.032572804 0.0044779945 0.0462340179 0.0245604426 0.0129799498 0.0117038092 0.0269517847 0.0131075919 0.0234870821 0.0294855008 0.0302148215 0.0427646648 0.0563338604 0.0296981486 0.0434823468 0.0231728402 0.0125492651 0.0387663589 0.0277930858 0.0276518511
3 0.0262486432 0.048182969 0.0 0.0316222908 0.0484815827 0.0186616023 0.0333799592 0.0575543642 0.0302869756 0.0252015976 0.0070042297 0.0197136426 0.0384232933 0.0110986617 0.033199676 0.036573053 0.0353940282 0.0422112045 0.0139870457 0.0244756599 0.0418337898 0.0276886852 0.0345810758 0.0087322722 0.0114793984 0.0554694362 0.0177595046 0.0232042434 0.0082229262 0.0177438144 0.035587285 0.0503411615 0.0197402134 0.0472653664 0.0186503481
4 0.0248427309 0.0242119299 0.0316222908 0.0 0.0382387461 0.0283737846 0.0353380757 0.0383785594 0.0232782999 0.0276607423 0.0369095306 0.0368736908 0.0356550349 0.0189779468 0.0347679471 0.0303374007 0.0257849745 0.0439814274 0.0320640819 0.0246096904 0.0452232467 0.0220638534 0.0100376686 0.0116979016 0.0223439217 0.0311789398 0.0355265762 0.0218824764 0.0419783392 0.0135738872 0.0231964088 0.0408452581 0.0304140108 0.0339368274 0.0241937996
5 0.0216460915 0.0310498629 0.0484815827 0.0382387461 0.0 0.0458135901 0.0176882343 0.0084018105 0.0416761032 0.0168220936 0.0168270301 0.020733619 0.0230125661 0.0414384462 0.0381986983 0.0497043678 0.0154302395 0.020972149 0.0091933416 0.0403572316 0.0489189658 0.0517854892 0.009111956 0.02133297 0.0106472191 0.0235344767 0.0353993538 0.0135517036 0.0244968668 0.0173540561 0.0349147666 0.0423947861 0.0517225278 0.0288311901 0.0403178682
6 0.0187116133 0.0300286975 0.0186616023 0.0283737846 0.0458135901 0.0 0.0222931232 0.0092320256 0.0354417346 0.0143844684 0.0333828723 0.0229988834 0.028175026 0.0360062692 0.0440878059 0.0198633977 0.023333876 0.0389202262 0.0356977213 0.0255442054 0.0208188397 0.0171696205 0.0425529966 0.0341181744 0.0454343195 0.0172336303 0.0231850835 0.0248561869 0.0380493295 0.035561602 0.0254868437 0.0456113115 0.0367514473 0.0323194819 0.0299002098
7 0.0292679034 0.0500085213 0.0333799592 0.0353380757 0.0176882343 0.0222931232 0.0 0.0236238417 0.0462466394 0.0320574455 0.018367115 0.0301279633 0.0353653485 0.0019155608 0.0214128661 0.0443246479 0.0239440283 0.038002853 0.0345042427 0.0299322804 0.0351545315 0.0233077526 0.0286198291 0.0276933819 0.0297937303 0.0323980475 0.0293163979 0.0558658086 0.0313354603 0.0107373244 0.0215851775 0.0158171537 0.0129424442 0.0275130802 0.0501192305
8 0.0348117604 0.0302942726 0.0575543642 0.0383785594 0.0084018105 0.0092320256 0.0236238417 0.0 0.046785262 0.0482411505 0.0377915141 0.0185910284 0.0037620463 0.0152248546 0.0181591794 0.0108685435 0.0328907677 0.032097333 0.0262121017 0.0403471102 0.0190000069 0.0170320706 0.0371625644 0.0078257056 0.0478789203 0.0205436204 0.051272127 0.0117041697 0.0296657467 0.0399837213 0.0308883945 0.0417086104 0.0165472383 0.0477180907 0.0478014873
9 0.0211251345 0.0123192044 0.0302869756 0.0232782999 0.0416761032 0.0354417346 0.0462466394 0.046785262 0.0 0.0119085959 0.026720487 0.0250920472 0.030507078 0.0393322234 0.0395611114 0.0340254448 0.0273259515 0.0439049464 0.0369787222 0.0436763847 0.0206344896 0.0387592512 0.0548817682 0.036564259 0.0270598794 0.0162135894 0.037439201 0.0252527819 0.0136656744 0.0342025169 0.0077818118 0.0098765213 0.0261016296 0.0187828783 0.016591402
10 0.0202541072 0.0247265887 0.0252015976 0.0276607423 0.0168220936 0.0143844684 0.0320574455 0.0482411505 0.0119085959 0.0 0.0317728182 0.0434320988 0.052395091 0.0293016059 0.036339093 0.0279572664 0.0281767389 0.0197267495 0.0415941258 0.0285961519 0.0251873414 0.0181071392 0.0337430555 0.0512872662 0.0438814426 0.0363641201 0.027567149 0.0365476589 0.023209192 0.0289206346 0.0228403996 0.0199044455 0.0215164209 0.0237771203 0.0265980851
11 0.036059092 0.0366741586 0.0070042297 0.0369095306 0.0168270301 0.0333828723 0.018367115 0.0377915141 0.026720487 0.0317728182 0.0 0.0485734622 0.0519029502 0.0421855002 0.0358742433 0.029657327 0.0399574454 0.0179049864 0.0345619491 0.0249161372 0.0100405425 0.0178756211 0.0314775785 0.0262540439 0.0298826008 0.0282310965 0.0276736891 0.0325229645 0.0215897651 0.0133293853 0.0099085128 0.0342130235 0.0356751451 0.0382181512 0.0360650316
12 0.0281887713 0.0346243504 0.0197136426 0.0368736908 0.020733619 0.0229988834 0.0301279633 0.0185910284 0.0250920472 0.0434320988 0.0485734622 0.0 0.0137763163 0.0320694318 0.034651069 0.0315691839 0.0044556759 0.0129448119 0.0298373098 0.0310231626 0.0349464511 0.0360250926 0.0125325024 0.0625059251 0.0256190035 0.0282986475 0.0153483131 0.0164687303 0.0289366643 0.0311346416 0.0286614583 0.0425186407 0.0338214488 0.0441333818 0.0397725802
13 0.0422662303 0.04191161 0.0384232933 0.0356550349 0.0230125661 0.028175026 0.0353653485 0.0037620463 0.030507078 0.052395091 0.0519029502 0.0137763163 0.0 0.0060631069 0.0118045457 0.0316589258 0.0220088545 0.0098220976 0.0370063014 0.0146889019 0.0347738592 0.0083998365 0.0062093242 0.0471025772 0.0307468337 0.0368366451 0.021739126 0.0459280104 0.029514414 0.0341027905 0.043883154 0.0259807356 0.0253835275 0.0403031515 0.0388906896
14 0.0242650384 0.0235981021 0.0110986617 0.0189779468 0.0414384462 0.0360062692 0.0019155608 0.0152248546 0.0393322234 0.0293016059 0.0421855002 0.0320694318 0.0060631069 0.0 0.0322296374 0.0274980399 0.0381461256 0.0462020828 0.0142370996 0.0265798773 0.052167108 0.042411494 0.0330108511 0.0164465328 0.0454194448 0.0337124503 0.0389914596 0.0354987364 0.0351919301 0.0370982252 0.0396617187 0.0088040322 0.0277395106 0.0086192033 0.0388576923
15 0.0185149571 0.0239274893 0.033199676 0.0347679471 0.0381986983 0.0440878059 0.0214128661 0.0181591794 0.0395611114 0.036339093 0.0358742433 0.034651069 0.0118045457 0.0322296374 0.0 0.0235603772 0.0399092146 0.0280242456 0.0198766593 0.0318087014 0.0346126135 0.0232570448 0.0215278867 0.0263297692 0.0072672787 0.0312622533 0.0297803223 0.0434749939 0.0278144228 0.0321769132 0.0214328486 0.0463910694 0.0393040027 0.0299319114 0.0195291525
16 0.0292881484 0.032572804 0.036573053 0.0303374007 0.0497043678 0.0198633977 0.0443246479 0.0108685435 0.0340254448 0.0279572664 0.029657327 0.0315691839 0.0316589258 0.0274980399 0.0235603772 0.0 0.0207350154 0.0380317797 0.0236485071 0.0169817399 0.0073365221 0.0113928387 0.0397581583 0.04350434 0.0316266661 0.0339347777 0.0319122901 0.0251821251 0.010891792 0.0330737926 0.0315875949 0.0286512734 0.0331240749 0.0384814038 0.0406863802
17 0.0410248017 0.0044779945 0.0353940282 0.0257849745 0.0154302395 0.023333876 0.0239440283 0.0328907677 0.0273259515 0.0281767389 0.0399574454 0.0044556759 0.0220088545 0.0381461256 0.0399092146 0.0207350154 0.0 0.0199701344 0.0416844552 0.0454708499 0.0370343003 0.0191892208 0.0149386955 0.0227296173 0.0350432097 0.0314512049 0.0384013001 0.0407580193 0.0255748439 0.0291563514 0.0260088905 0.0318133153 0.0510633539 0.0233587753 0.0433577305
18 0.0184646825 0.0462340179 0.0422112045 0.0439814274 0.020972149 0.0389202262 0.038002853 0.032097333 0.0439049464 0.0197267495 0.0179049864 0.0129448119 0.0098220976 0.0462020828 0.0280242456 0.0380317797 0.0199701344 0.0 0.04789251 0.0281245603 0.0259756984 0.012508366 0.0110586911 0.0416975016 0.0257232278 0.0160935851 0.0342251077 0.0173289245 0.0342117389 0.0196516809 0.0285905128 0.0550950756 0.0409894183 0.0185005393 0.0249171339
19 0.0377428349 0.0245604426 0.0139870457 0.0320640819 0.0091933416 0.0356977213 0.0345042427 0.0262121017 0.0369787222 0.0415941258 0.0345619491 0.0298373098 0.0370063014 0.0142370996 0.0198766593 0.0236485071 0.0416844552 0.04789251 0.0 0.0148588887 0.0423694153 0.0244501926 0.0396411235 0.0417415174 0.0416285952 0.0410368006 0.0318964376 0.0401461647 0.0286800264 0.024348155 0.0285455742 0.0162178441 0.0115584778 0.024286549 0.0073147857
20 0.0251586694 0.0129799498 0.0244756599 0.0246096904 0.0403572316 0.0255442054 0.0299322804 0.0403471102 0.0436763847 0.0285961519 0.0249161372 0.0310231626 0.0146889019 0.0265798773 0.0318087014 0.0169817399 0.0454708499 0.0281245603 0.0148588887 0.0 0.0318124321 0.0375462776 0.0421972222 0.0370446791 0.0221580933 0.0159202625 0.0208853961 0.0096529651 0.0362686992 0.0440565629 0.0506351568 0.03228627 0.0294584617 0.0364008295 0.0235465389
21 0.0324605625 0.0117038092 0.0418337898 0.0452232467 0.0489189658 0.0208188397 0.0351545315 0.0190000069 0.0206344896 0.0251873414 0.0100405425 0.0349464511 0.0347738592 0.052167108 0.0346126135 0.0073365221 0.0370343003 0.0259756984 0.0423694153 0.0318124321 0.0 0.0377328651 0.02880159 0.0106722678 0.0277928995 0.032499507 0.0323097394 0.0262133001 0.0465323739 0.0100231648 0.0318691812 0.0154141507 0.0202797523 0.0429380027 0.0249166801
22 0.0476189687 0.0269517847 0.0276886852 0.0220638534 0.0517854892 0.0171696205 0.0233077526 0.0170320706 0.0387592512 0.0181071392 0.0178756211 0.0360250926 0.0083998365 0.042411494 0.0232570448 0.0113928387 0.0191892208 0.012508366 0.0244501926 0.0375462776 0.0377328651 0.0 0.0467611222 0.0481089958 0.0333448702 0.0163775592 0.0358672452 0.0399804891 0.0416561446 0.0160488211 0.0431953711 0.028018213 0.0375085872 0.0388070032 0.0130521132
23 0.0389008392 0.0131075919 0.0345810758 0.0100376686 0.009111956 0.0425529966 0.0286198291 0.0371625644 0.0548817682 0.0337430555 0.0314775785 0.0125325024 0.0062093242 0.0330108511 0.0215278867 0.0397581583 0.0149386955 0.0110586911 0.0396411235 0.0421972222 0.02880159 0.0467611222 0.0 0.0120077958 0.0381766982 0.037569502 0.0177203892 0.0108829411 0.0456498835 0.0468028592 0.0091643299 0.0436957837 0.0330238785 0.024455266 0.0502365815
24 0.0556844486 0.0234870821 0.0087322722 0.0116979016 0.02133297 0.0341181744 0.0276933819 0.0078257056 0.036564259 0.0512872662 0.0262540439 0.0625059251 0.0471025772 0.0164465328 0.0263297692 0.04350434 0.0227296173 0.0416975016 0.0417415174 0.0370446791 0.0106722678 0.0481089958 0.0120077958 0.0 0.0237741703 0.02143838 0.0342841 0.0468148133 0.0261700381 0.0210283594 0.0152436068 0.0248738948 0.0345973764 0.0337506601 0.0034555762
25 0.0336357775 0.0294855008 0.0114793984 0.0223439217 0.0106472191 0.0454343195 0.0297937303 0.0478789203 0.0270598794 0.0438814426 0.0298826008 0.0256190035 0.0307468337 0.0454194448 0.0072672787 0.0316266661 0.0350432097 0.0257232278 0.0416285952 0.0221580933 0.0277928995 0.0333448702 0.0381766982 0.0237741703 0.0 0.0348098582 0.0261340517 0.0229237746 0.0260905193 0.0473370618 0.0133105516 0.0295587123 0.0311185396 0.0186379708 0.0302352586
26 0.0545454204 0.0302148215 0.0554694362 0.0311789398 0.0235344767 0.0172336303 0.0323980475 0.0205436204 0.0162135894 0.0363641201 0.0282310965 0.0282986475 0.0368366451 0.0337124503 0.0312622533 0.0339347777 0.0314512049 0.0160935851 0.0410368006 0.0159202625 0.032499507 0.0163775592 0.037569502 0.02143838 0.0348098582 0.0 0.0217685574 0.0189973667 0.0312843977 0.0320037479 0.0150341774 0.032338631 0.0342789739 0.0361151684 0.0210103477
27 0.0280603535 0.0427646648 0.0177595046 0.0355265762 0.0353993538 0.0231850835 0.0293163979 0.051272127 0.037439201 0.027567149 0.0276736891 0.0153483131 0.021739126 0.0389914596 0.0297803223 0.0319122901 0.0384013001 0.0342251077 0.0318964376 0.0208853961 0.0323097394 0.0358672452 0.0177203892 0.0342841 0.0261340517 0.0217685574 0.0 0.0266701311 0.0213788344 0.03696404 0.004642605 0.0423487961 0.0160022799 0.0315607783 0.0332045997
28 0.0363105898 0.0563338604 0.0232042434 0.0218824764 0.0135517036 0.0248561869 0.0558658086 0.0117041697 0.0252527819 0.0365476589 0.0325229645 0.0164687303 0.0459280104 0.0354987364 0.0434749939 0.0251821251 0.0407580193 0.0173289245 0.0401461647 0.0096529651 0.0262133001 0.0399804891 0.0108829411 0.0468148133 0.0229237746 0.0189973667 0.0266701311 0.0 0.0286497011 0.0453327352 0.0358901233 0.0173538004 0.0152638088 0.0239834014 0.0285724998
29 0.0162287953 0.0296981486 0.0082229262 0.0419783392 0.0244968668 0.0380493295 0.0313354603 0.0296657467 0.0136656744 0.023209192 0.0215897651 0.0289366643 0.029514414 0.0351919301 0.0278144228 0.010891792 0.0255748439 0.0342117389 0.0286800264 0.0362686992 0.0465323739 0.0416561446 0.0456498835 0.0261700381 0.0260905193 0.0312843977 0.0213788344 0.0286497011 0.0 0.0515273426 0.0558181605 0.0012446267 0.0408270915 0.0283321855 0.0196139251
30 0.0196926861 0.0434823468 0.0177438144 0.0135738872 0.0173540561 0.035561602 0.0107373244 0.0399837213 0.0342025169 0.0289206346 0.0133293853 0.0311346416 0.0341027905 0.0370982252 0.0321769132 0.0330737926 0.0291563514 0.0196516809 0.024348155 0.0440565629 0.0100231648 0.0160488211 0.0468028592 0.0210283594 0.0473370618 0.0320037479 0.03696404 0.0453327352 0.0515273426 0.0 0.027797253 0.043634261 0.0237938985 0.0178430654 0.0204823019
31 0.0439007742 0.0231728402 0.035587285 0.0231964088 0.0349147666 0.0254868437 0.0215851775 0.0308883945 0.0077818118 0.0228403996 0.0099085128 0.0286614583 0.043883154 0.0396617187 0.0214328486 0.0315875949 0.0260088905 0.0285905128 0.0285455742 0.0506351568 0.0318691812 0.0431953711 0.0091643299 0.0152436068 0.0133105516 0.0150341774 0.004642605 0.0358901233 0.0558181605 0.027797253 0.0 0.0575667547 0.04161407 0.03282196 0.0377617323
32 0.0019746534 0.0125492651 0.0503411615 0.0408452581 0.0423947861 0.0456113115 0.0158171537 0.0417086104 0.0098765213 0.0199044455 0.0342130235 0.0425186407 0.0259807356 0.0088040322 0.0463910694 0.0286512734 0.0318133153 0.0550950756 0.0162178441 0.03228627 0.0154141507 0.028018213 0.0436957837 0.0248738948 0.0295587123 0.032338631 0.0423487961 0.0173538004 0.0012446267 0.043634261 0.0575667547 0.0 0.0158666376 0.0139592008 0.0311320905
33 0.0225643268 0.0387663589 0.0197402134 0.0304140108 0.0517225278 0.0367514473 0.0129424442 0.0165472383 0.0261016296 0.0215164209 0.0356751451 0.0338214488 0.0253835275 0.0277395106 0.0393040027 0.0331240749 0.0510633539 0.0409894183 0.0115584778 0.0294584617 0.0202797523 0.0375085872 0.0330238785 0.0345973764 0.0311185396 0.0342789739 0.0160022799 0.0152638088 0.0408270915 0.0237938985 0.04161407 0.0158666376 0.0 0.0214839392 0.029157127
34 0.0114098912 0.0277930858 0.0472653664 0.0339368274 0.0288311901 0.0323194819 0.0275130802 0.0477180907 0.0187828783 0.0237771203 0.0382181512 0.0441333818 0.0403031515 0.0086192033 0.0299319114 0.0384814038 0.0233587753 0.0185005393 0.024286549 0.0364008295 0.0429380027 0.0388070032 0.024455266 0.0337506601 0.0186379708 0.0361151684 0.0315607783 0.0239834014 0.0283321855 0.0178430654 0.03282196 0.0139592008 0.0214839392 0.0 0.0337304899
35 0.0286766796 0.0276518511 0.0186503481 0.0241937996 0.0403178682 0.0299002098 0.0501192305 0.0478014873 0.016591402 0.0265980851 0.0360650316 0.0397725802 0.0388906896 0.0388576923 0.0195291525 0.0406863802 0.0433577305 0.0249171339 0.0073147857 0.0235465389 0.0249166801 0.0130521132 0.0502365815 0.0034555762 0.0302352586 0.0210103477 0.0332045997 0.0285724998 0.0196139251 0.0204823019 0.0377617323 0.0311320905 0.029157127 0.0337304899 0.0
