32
1 0.0318118535 0.0276218133 0.0253658964 0.0459239576 0.0844334382 0.0313331287 0.0402253973 0.0346019543 0.0158391503 0.0441764261 0.020537982 0.0390596922 0.0352203995 0.029820518 0.0443590134 0.0344107809 0.0324881515 0.0194412131 0.0173685865 0.0305676725 0.0577851477 0.0162254066 0.0195168097 0.0428401021 0.035803079 0.0159125165 0.0201177772 0.0180168336 0.0263475645 0.0199533013 0.0116647951 0.0312096416 
2 0.0276218133 0.0271579336 0.0340369715 0.0228400882 0.0202581972 0.0333773999 0.0362208388 0.0524532222 0.0618731695 0.0320782798 0.0251835438 0.024212957 0.0487708735 0.034364675 0.0128688269 0.0285997938 0.0281758891 0.0498084354 0.0282756865 0.0552274792 0.0190728295 0.0398396054 0.0435358803 0.013727825 0.027907057 0.018319345 0.0266053776 0.0160674542 0.0108924114 0.0364516776 0.0337182349 0.0304562278 
3 0.0253658964 0.0340369715 0.0289312058 0.0165658544 0.0167397921 0.0192299928 0.0585269778 0.0280770227 0.0096604501 0.0342643034 0.025104918 0.0491542566 0.0313950774 0.0186850573 0.0317301555 0.0083031675 0.0381730502 0.0086569224 0.0580095984 0.0652349359 0.0293317307 0.024591808 0.0219254326 0.0443254548 0.03106313 0.0460998797 0.0222736704 0.0476394231 0.0102454538 0.033665319 0.0278214436 0.0551716482 
4 0.0459239576 0.0228400882 0.0165658544 0.03908352 0.0281088809 0.020731001 0.0415840288 0.035154266 0.0507629621 0.0183177059 0.0425511812 0.0153731641 0.0320286724 0.0316607873 0.0626358336 0.0206156127 0.0069812164 0.0149191036 0.0292094859 0.0470430061 0.0467019924 0.0266204719 0.027996026 0.008110708 0.0306294668 0.0634088252 0.0309546114 0.030467042 0.0329831658 0.0273702664 0.0253218402 0.0273452558 
5 0.0844334382 0.0202581972 0.0167397921 0.0281088809 0.0363113072 0.0268695082 0.0301023641 0.0337209674 0.018398438 0.0289015261 0.0320260009 0.0361189449 0.0086985383 0.033964073 0.0285415547 0.0478190484 0.0261617532 0.0163145277 0.0152380265 0.0368696601 0.037727726 0.0285159919 0.0425639182 0.0212815189 0.0231529556 0.0237138789 0.0356111617 0.0399107251 0.0343882709 0.0462667092 0.0 0.0612705968 
6 0.0313331287 0.0333773999 0.0192299928 0.020731001 0.0268695082 0.0336352237 0.0327938925 0.0157800142 0.0611839487 0.0294114801 0.022425114 0.0243699112 0.0311167033 0.0343936184 0.0273650226 0.0577712312 0.0143201352 0.0352768918 0.0327552281 0.0100635324 0.0247625179 0.0526073786 0.038506268 0.0450234656 0.0284145104 0.0060469151 0.0274750245 0.0417646796 0.0287122214 0.0331558685 0.0605482266 0.0187799458 
7 0.0402253973 0.0362208388 0.0585269778 0.0415840288 0.0301023641 0.0327938925 0.0390815624 0.0223990392 0.0202986842 0.0428263646 0.0303768556 0.0189843021 0.0344025591 0.0530956073 0.0298680046 0.0428917877 0.0560204709 0.019560989 0.0320192096 0.0389397338 0.0060835398 0.0133701742 0.0020167634 0.078984713 0.0139093801 0.0002408981 0.0332834195 0.0037136984 0.0393410702 0.0234902457 0.0272966138 0.0380508143 
8 0.0346019543 0.0524532222 0.0280770227 0.035154266 0.0337209674 0.0157800142 0.0223990392 0.0384360952 0.0233037589 0.0179497908 0.0498455266 0.0522086925 0.0490403749 0.0270606373 0.042367637 0.0249866142 0.0149610864 0.045772199 0.0285204864 0.029659489 0.0292581609 0.0064703216 0.0208719767 0.0502761362 0.0274267189 0.0325386935 0.0270573281 0.0318395922 0.0581695745 0.0189016855 0.0115818001 0.0193091375 
9 0.0158391503 0.0618731695 0.0096604501 0.0507629621 0.018398438 0.0611839487 0.0202986842 0.0233037589 0.0243887328 0.0224517033 0.0299900371 0.0425854517 0.0312862082 0.0568097575 0.0199308263 0.0384269102 0.016883393 0.0349982046 0.0267167113 0.0 0.0292910867 0.054685233 0.0327318029 0.0323945556 0.0592088054 0.0191975012 0.0308559239 0.0353380187 0.0568612874 0.0302321786 0.0082199607 0.0051951484 
10 0.0441764261 0.0320782798 0.0342643034 0.0183177059 0.0289015261 0.0294114801 0.0428263646 0.0179497908 0.0224517033 0.0205080764 0.0481043251 0.0486315611 0.0113661874 0.0247126752 0.03064771 0.0183652126 0.0538054816 0.0269464789 0.0256498045 0.0164955423 0.0665742346 0.0329565416 0.0139573417 0.0410614674 0.0273071517 0.0256276344 0.0388466812 0.0177209872 0.0298264951 0.023048674 0.0403494107 0.0471127453 
11 0.020537982 0.0251835438 0.025104918 0.0425511812 0.0320260009 0.022425114 0.0303768556 0.0498455266 0.0299900371 0.0481043251 0.0155553428 0.0205588973 0.0499706804 0.0429473188 0.0283286684 0.0497373556 0.0411054639 0.0505701999 0.0442316885 0.0122804987 0.0295938568 0.0005554932 0.0299194052 0.0355965594 0.017976227 0.0233114791 0.0421171879 0.0252178895 0.0291847897 0.0425888805 0.0239147604 0.0185918728 
12 0.0390596922 0.024212957 0.0491542566 0.0153731641 0.0361189449 0.0243699112 0.0189843021 0.0522086925 0.0425854517 0.0486315611 0.0205588973 0.0 0.0574387796 0.0434821391 0.0149999629 0.0325566646 0.0319045734 0.0183862814 0.0185091698 0.0183197384 0.0219552652 0.0310494795 0.0353986192 0.0370341917 0.0344912666 0.0491803893 0.0167663742 0.0279495247 0.0355364482 0.0327593621 0.0471293059 0.0238946333 
13 0.0352203995 0.0487708735 0.0313950774 0.0320286724 0.0086985383 0.0311167033 0.0344025591 0.0490403749 0.0312862082 0.0113661874 0.0499706804 0.0574387796 0.0130542342 0.0306291351 0.0109679157 0.0064931268 0.0248382084 0.0174137598 0.0331424238 0.0235867148 0.0359859184 0.0422034288 0.0288931072 0.0049763266 0.0246932538 0.0320490518 0.032908228 0.0126550545 0.0558987977 0.0468063598 0.0419537878 0.060116113 
14 0.029820518 0.034364675 0.0186850573 0.0316607873 0.033964073 0.0343936184 0.0530956073 0.0270606373 0.0568097575 0.0247126752 0.0429473188 0.0434821391 0.0306291351 0.0169585926 0.018019689 0.0385373072 0.0131274034 0.0329090852 0.014162827 0.0305382629 0.013917178 0.0127731285 0.0560577834 0.0408071449 0.0215573261 0.0372743008 0.029999606 0.031212753 0.0423889203 0.0059368097 0.0524139415 0.0297819411 
15 0.0443590134 0.0128688269 0.0317301555 0.0626358336 0.0285415547 0.0273650226 0.0298680046 0.042367637 0.0199308263 0.03064771 0.0283286684 0.0149999629 0.0109679157 0.018019689 0.023235699 0.0186286899 0.0288084921 0.0406687411 0.0268846092 0.0571259434 0.0102759509 0.0637101561 0.0058811964 0.0415665014 0.049418616 0.0381350804 0.0410558198 0.0489761503 0.0307621685 0.0150961298 0.0259833232 0.0311559122 
16 0.0344107809 0.0285997938 0.0083031675 0.0206156127 0.0478190484 0.0577712312 0.0428917877 0.0249866142 0.0384269102 0.0183652126 0.0497373556 0.0325566646 0.0064931268 0.0385373072 0.0186286899 0.0258706613 0.0248175412 0.0318340415 0.0372919028 0.0274410823 0.0319128851 0.0389981269 0.0346171678 0.0268263469 0.0297110096 0.0520647195 0.0451957049 0.0039575767 0.0096442779 0.0219042033 0.0628698657 0.0268995833 
17 0.0324881515 0.0281758891 0.0381730502 0.0069812164 0.0261617532 0.0143201352 0.0560204709 0.0149610864 0.016883393 0.0538054816 0.0411054639 0.0319045734 0.0248382084 0.0131274034 0.0288084921 0.0248175412 0.0042968129 0.0250241164 0.0552112322 0.0529438218 0.0398175997 0.0418816802 0.0423687237 0.0424713536 0.0465221965 0.0402537846 0.0196045891 0.0206329762 0.0266784682 0.0277012109 0.0548743439 0.0071447805 
18 0.0194412131 0.0498084354 0.0086569224 0.0149191036 0.0163145277 0.0352768918 0.019560989 0.045772199 0.0349982046 0.0269464789 0.0505701999 0.0183862814 0.0174137598 0.0329090852 0.0406687411 0.0318340415 0.0250241164 0.0173237243 0.052117201 0.0323186749 0.014726596 0.0359158317 0.0350829937 0.0237299208 0.0422816416 0.0336284423 0.0487178555 0.0358967474 0.0154100567 0.0384923025 0.0436379229 0.042218898 
19 0.0173685865 0.0282756865 0.0580095984 0.0292094859 0.0152380265 0.0327552281 0.0320192096 0.0285204864 0.0267167113 0.0256498045 0.0442316885 0.0185091698 0.0331424238 0.014162827 0.0268846092 0.0372919028 0.0552112322 0.052117201 0.039365815 0.0362285514 0.0684569058 0.0119352979 0.0346639356 0.0217487033 0.0249470702 0.02681672 0.0301945545 0.0259052849 0.0290937544 0.0211416351 0.0169943204 0.0371935736 
20 0.0305676725 0.0552274792 0.0652349359 0.0470430061 0.0368696601 0.0100635324 0.0389397338 0.029659489 0.0 0.0164955423 0.0122804987 0.0183197384 0.0235867148 0.0305382629 0.0571259434 0.0274410823 0.0529438218 0.0323186749 0.0362285514 0.0069223815 0.0370559034 0.0337459158 0.0556507183 0.0145547072 0.0287496176 0.0187410036 0.0396841531 0.005061428 0.0276615609 0.0282873479 0.0256524088 0.0573485139 
21 0.0577851477 0.0190728295 0.0293317307 0.0467019924 0.037727726 0.0247625179 0.0060835398 0.0292581609 0.0292910867 0.0665742346 0.0295938568 0.0219552652 0.0359859184 0.013917178 0.0102759509 0.0319128851 0.0398175997 0.014726596 0.0684569058 0.0370559034 0.0143087525 0.0655349051 0.0115192303 0.0072831513 0.0390734164 0.0212605859 0.0151727874 0.0414559017 0.0463384153 0.0420226012 0.0318791178 0.0138641098 
22 0.0162254066 0.0398396054 0.024591808 0.0266204719 0.0285159919 0.0526073786 0.0133701742 0.0064703216 0.054685233 0.0329565416 0.0005554932 0.0310494795 0.0422034288 0.0127731285 0.0637101561 0.0389981269 0.0418816802 0.0359158317 0.0119352979 0.0337459158 0.0655349051 0.0004817962 0.0196606355 0.0171715435 0.0117408398 0.0365769053 0.040149362 0.0684197713 0.0282428794 0.0277617578 0.0383843955 0.0372237373 
23 0.0195168097 0.0435358803 0.0219254326 0.027996026 0.0425639182 0.038506268 0.0020167634 0.0208719767 0.0327318029 0.0139573417 0.0299194052 0.0353986192 0.0288931072 0.0560577834 0.0058811964 0.0346171678 0.0423687237 0.0350829937 0.0346639356 0.0556507183 0.0115192303 0.0196606355 0.0427185877 0.0253024718 0.0393946819 0.0328631592 0.0296405723 0.0664650229 0.0263417589 0.022653229 0.0447860097 0.0164987707 
24 0.0428401021 0.013727825 0.0443254548 0.008110708 0.0212815189 0.0450234656 0.078984713 0.0502761362 0.0323945556 0.0410614674 0.0355965594 0.0370341917 0.0049763266 0.0408071449 0.0415665014 0.0268263469 0.0424713536 0.0237299208 0.0217487033 0.0145547072 0.0072831513 0.0171715435 0.0253024718 0.0139701848 0.0285527821 0.0316644987 0.0494831052 0.0290670613 0.0292890589 0.0451893762 0.0114722015 0.0442168625 
25 0.035803079 0.027907057 0.03106313 0.0306294668 0.0231529556 0.0284145104 0.0139093801 0.0274267189 0.0592088054 0.0273071517 0.017976227 0.0344912666 0.0246932538 0.0215573261 0.049418616 0.0297110096 0.0465221965 0.0422816416 0.0249470702 0.0287496176 0.0390734164 0.0117408398 0.0393946819 0.0285527821 0.0274005973 0.037680601 0.0335020353 0.0490391603 0.0163974322 0.0437648674 0.0268941675 0.0213889389 
26 0.0159125165 0.018319345 0.0460998797 0.0634088252 0.0237138789 0.0060469151 0.0002408981 0.0325386935 0.0191975012 0.0256276344 0.0233114791 0.0491803893 0.0320490518 0.0372743008 0.0381350804 0.0520647195 0.0402537846 0.0336284423 0.02681672 0.0187410036 0.0212605859 0.0365769053 0.0328631592 0.0316644987 0.037680601 0.0387593275 0.0335375483 0.0191307048 0.0433559974 0.0333412554 0.0248687935 0.0443995638 
27 0.0201177772 0.0266053776 0.0222736704 0.0309546114 0.0356111617 0.0274750245 0.0332834195 0.0270573281 0.0308559239 0.0388466812 0.0421171879 0.0167663742 0.032908228 0.029999606 0.0410558198 0.0451957049 0.0196045891 0.0487178555 0.0301945545 0.0396841531 0.0151727874 0.040149362 0.0296405723 0.0494831052 0.0335020353 0.0335375483 0.0528649843 0.0186223876 0.0184942032 0.0088418805 0.0476991175 0.0126669677 
28 0.0180168336 0.0160674542 0.0476394231 0.030467042 0.0399107251 0.0417646796 0.0037136984 0.0318395922 0.0353380187 0.0177209872 0.0252178895 0.0279495247 0.0126550545 0.031212753 0.0489761503 0.0039575767 0.0206329762 0.0358967474 0.0259052849 0.005061428 0.0414559017 0.0684197713 0.0664650229 0.0290670613 0.0490391603 0.0191307048 0.0186223876 0.0302192417 0.0350820045 0.0684599145 0.0125137219 0.0415812682 
29 0.0263475645 0.0108924114 0.0102454538 0.0329831658 0.0343882709 0.0287122214 0.0393410702 0.0581695745 0.0568612874 0.0298264951 0.0291847897 0.0355364482 0.0558987977 0.0423889203 0.0307621685 0.0096442779 0.0266784682 0.0154100567 0.0290937544 0.0276615609 0.0463384153 0.0282428794 0.0263417589 0.0292890589 0.0163974322 0.0433559974 0.0184942032 0.0350820045 0.021574745 0.0395894523 0.0217241481 0.0435431472 
30 0.0199533013 0.0364516776 0.033665319 0.0273702664 0.0462667092 0.0331558685 0.0234902457 0.0189016855 0.0302321786 0.023048674 0.0425888805 0.0327593621 0.0468063598 0.0059368097 0.0150961298 0.0219042033 0.0277012109 0.0384923025 0.0211416351 0.0282873479 0.0420226012 0.0277617578 0.022653229 0.0451893762 0.0437648674 0.0333412554 0.0088418805 0.0684599145 0.0395894523 0.0155553428 0.0535539727 0.026016183 
31 0.0116647951 0.0337182349 0.0278214436 0.0253218402 0.0 0.0605482266 0.0272966138 0.0115818001 0.0082199607 0.0403494107 0.0239147604 0.0471293059 0.0419537878 0.0524139415 0.0259833232 0.0628698657 0.0548743439 0.0436379229 0.0169943204 0.0256524088 0.0318791178 0.0383843955 0.0447860097 0.0114722015 0.0268941675 0.0248687935 0.0476991175 0.0125137219 0.0217241481 0.0535539727 0.0235325113 0.0207455368 
32 0.0312096416 0.0304562278 0.0551716482 0.0273452558 0.0612705968 0.0187799458 0.0380508143 0.0193091375 0.0051951484 0.0471127453 0.0185918728 0.0238946333 0.060116113 0.0297819411 0.0311559122 0.0268995833 0.0071447805 0.042218898 0.0371935736 0.0573485139 0.0138641098 0.0372237373 0.0164987707 0.0442168625 0.0213889389 0.0443995638 0.0126669677 0.0415812682 0.0435431472 0.026016183 0.0207455368 0.0096079308 
