35
1 0.0 0.0384212113 0.0377080104 0.0315044066 0.0197175032 0.0462033093 0.0366506575 0.0425274943 0.0314656079 0.0102393075 0.0278001858 0.0188292075 0.0292546845 0.0432723612 0.0422835528 0.0199350721 0.0286112856 0.0313734964 0.0352937228 0.0256203706 0.0402222104 0.0303705106 0.010454863 0.0109474556 0.0419382484 0.0403871143 0.0125872333 0.0439015547 0.0160830565 0.0299286752 0.0273625633 0.0130905977 0.010895583 0.0488382074 0.0262806791
2 0.0384212113 0.0 0.0191979509 0.0514724118 0.0258882283 0.029752679 0.0173140074 0.0360406802 0.0398288693 0.0370264836 0.0473852682 0.0240228162 0.022603343 0.0116680973 0.0144583172 0.0370104428 0.0285599687 0.0249190401 0.0166256441 0.0365436598 0.025513824 0.0256842082 0.0269865821 0.0479009258 0.0336971395 0.0094263105 0.0217247684 0.0361416939 0.0397468272 0.0184798031 0.0164530626 0.0221812855 0.0455915363 0.0264417958 0.0452911179
3 0.0377080104 0.0191979509 0.0 0.0217055359 0.0076052829 0.0415712603 0.0189558878 0.0065195742 0.0431612175 0.0295811136 0.0221513933 0.0311935473 0.0355797038 0.0339758421 0.0116965447 0.0275696673 0.0388131248 0.0279662095 0.0424545586 0.0411480167 0.0274317966 0.0313913945 0.0445209617 0.0199034743 0.036870825 0.0015859429 0.0266707584 0.0239868722 0.0236136397 0.0173129022 0.0605915435 0.0495765588 0.0373042711 0.0226165702 0.0380680477
4 0.0315044066 0.0514724118 0.0217055359 0.0 0.0377095151 0.0301804506 0.0283331188 0.055210259 0.029724836 0.046551849 0.0389817038 0.0222792646 0.013696653 0.0217824175 0.0261365233 0.015667671 0.0342728883 0.0252726268 0.0454240776 0.0224236145 0.0103501522 0.0134843801 0.0354110277 0.0453632701 0.0367274846 0.0350099171 0.0344218732 0.0427797111 0.0227306824 0.0267993967 0.0206106582 0.0024269282 0.0196917025 0.0368832963 0.0189796963
5 0.0197175032 0.0258882283 0.0076052829 0.0377095151 0.0 0.0312611494 0.0189420839 0.020657914 0.0452568013 0.0296119111 0.0232898212 0.0312872857 0.0412243439 0.0418209604 0.032708475 0.0150582295 0.0350186435 0.0286183311 0.0464534521 0.0450069569 0.0280683351 0.0251304439 0.0123332247 0.036680032 0.0187960532 0.0332621706 0.0379481568 0.0315461363 0.0159580521 0.043062684 0.0073331541 0.0306319407 0.0316184098 0.0435263366 0.0269679816
6 0.0462033093 0.029752679 0.0415712603 0.0301804506 0.0312611494 0.0 0.0157469258 0.0160530652 0.0243014976 0.0387304437 0.0312196362 0.0361675181 0.0216680451 0.0166551455 0.019742004 0.0373024993 0.038970449 0.0275301234 0.0141469178 0.0339310152 0.0313162954 0.0059553399 0.0402710774 0.0413780615 0.0086431129 0.0441120726 0.0094883651 0.015569626 0.0213786326 0.0256338386 0.0629496979 0.0309843791 0.0380986553 0.0319633765 0.0411233347
7 0.0366506575 0.0173140074 0.0189558878 0.0283331188 0.0189420839 0.0157469258 0.0 0.0323338118 0.0146480305 0.0361801569 0.0145371209 0.0234366236 0.0448768253 0.030631317 0.035110872 0.0252416004 0.0420862173 0.0293518663 0.0066615545 0.0257648365 0.0404033712 0.0358380105 0.0231494445 0.0609527226 0.0308183786 0.0120264929 0.0461819275 0.0235003208 0.0334037281 0.0476371606 0.0221173159 0.0327228723 0.032900945 0.0255017707 0.0360420246
8 0.0425274943 0.0360406802 0.0065195742 0.055210259 0.020657914 0.0160530652 0.0323338118 0.0 0.039872557 0.0234037184 0.0223695589 0.0358178962 0.0272440776 0.0196007132 0.0301472805 0.0363283977 0.0183284563 0.0246104986 0.0354050209 0.0446241317 0.041144021 0.0428368916 0.0111654718 0.0066767762 0.0248338607 0.0230040535 0.0181851274 0.0313813558 0.0462314206 0.0317211885 0.0325624992 0.0423272119 0.0317149414 0.0209431753 0.0281768994
9 0.0314656079 0.0398288693 0.0431612175 0.029724836 0.0452568013 0.0243014976 0.0146480305 0.039872557 0.0 0.0188707561 0.0481638816 0.0287506092 0.0309447664 0.0215982236 0.0322703058 0.0128759009 0.0372609355 0.0132921287 0.015275255 0.0109920408 0.0244354998 0.0442825381 0.0487140449 0.0160648728 0.0336942563 0.0522395563 0.0258881329 0.0265411945 0.0465720472 0.034725195 0.0179947974 0.0262814753 0.0030023974 0.0338555151 0.0271542567
10 0.0102393075 0.0370264836 0.0295811136 0.046551849 0.0296119111 0.0387304437 0.0361801569 0.0234037184 0.0188707561 0.0 0.0246203607 0.0275006171 0.0390900952 0.0106294696 0.0308519135 0.0094023743 0.0294477288 0.0258510521 0.043212898 0.0404452944 0.0412019652 0.0146635866 0.0431701317 0.0233535048 0.0459220599 0.0280201638 0.0440793938 0.0364306004 0.0121886274 0.0107602851 0.0513868092 0.0253521217 0.0323359416 0.0052524293 0.0346348359
11 0.0278001858 0.0473852682 0.0221513933 0.0389817038 0.0232898212 0.0312196362 0.0145371209 0.0223695589 0.0481638816 0.0246203607 0.0 0.0109121954 0.020195839 0.0141642193 0.0306113094 0.0315539036 0.0295160162 0.0200604274 0.0419152609 0.0254040903 0.0373012444 0.0326514954 0.0338008565 0.0284662111 0.0250712617 0.0162350849 0.034362103 0.0448520613 0.0293003801 0.0291701665 0.0145765539 0.0471846721 0.0402033372 0.0293097357 0.032662644
12 0.0188292075 0.0240228162 0.0311935473 0.0222792646 0.0312872857 0.0361675181 0.0234366236 0.0358178962 0.0287506092 0.0275006171 0.0109121954 0.0 0.0339542134 0.0127920079 0.0504775157 0.0331669046 0.0304970853 0.0310166884 0.0540910358 0.0301424519 0.0255620977 0.0268817964 0.0283289645 0.0436878211 0.0446360947 0.0169330002 0.0229870009 0.0476663642 0.0143031172 0.0252365624 0.0057917129 0.0372638907 0.045688884 0.0231620727 0.0255351363
13 0.0292546845 0.022603343 0.0355797038 0.013696653 0.0412243439 0.0216680451 0.0448768253 0.0272440776 0.0309447664 0.0390900952 0.020195839 0.0339542134 0.0 0.0385889599 0.0339381799 0.0275116442 0.0274002161 0.0290521639 0.0251970105 0.0070740302 0.0334144843 0.0335791072 0.0200270009 0.0488406348 0.0343713255 0.0171497263 0.0436165572 0.036897486 0.0348327702 0.0371921748 0.0187742514 0.0425185221 0.0100517719 0.00994602 0.0296933724
14 0.0432723612 0.0116680973 0.0339758421 0.0217824175 0.0418209604 0.0166551455 0.030631317 0.0196007132 0.0215982236 0.0106294696 0.0141642193 0.0127920079 0.0385889599 0.0 0.0294798058 0.0325981142 0.0422642471 0.0274003838 0.0274378599 0.0382573216 0.0215705345 0.0252371969 0.0388948232 0.052910985 0.0159844875 0.0402900599 0.0468122643 0.0253425077 0.0252124093 0.0485411186 0.0132629182 0.0395030128 0.0343648957 0.028498468 0.0289568516
15 0.0422835528 0.0144583172 0.0116965447 0.0261365233 0.032708475 0.019742004 0.035110872 0.0301472805 0.0322703058 0.0308519135 0.0306113094 0.0504775157 0.0339381799 0.0294798058 0.0 0.0313384954 0.0258668558 0.0244174284 0.0391171987 0.0279876925 0.0361804897 0.0475338343 0.0090587757 0.0097571316 0.0055845579 0.0292993934 0.0332303334 0.0408883709 0.0434757941 0.0241882433 0.0343585083 0.0341866516 0.0286459893 0.0231765435 0.0317951126
16 0.0199350721 0.0370104428 0.0275696673 0.015667671 0.0150582295 0.0373024993 0.0252416004 0.0363283977 0.0128759009 0.0094023743 0.0315539036 0.0331669046 0.0275116442 0.0325981142 0.0313384954 0.0 0.0184374214 0.0413226255 0.0337044421 0.0276974492 0.0161733524 0.0433301557 0.0401345036 0.0239580951 0.0239662525 0.0462126449 0.0278466802 0.0361922082 0.0208363238 0.0380691485 0.0458271792 0.0485649148 0.017237056 0.0361301132 0.0217985165
17 0.0286112856 0.0285599687 0.0388131248 0.0342728883 0.0350186435 0.038970449 0.0420862173 0.0183284563 0.0372609355 0.0294477288 0.0295160162 0.0304970853 0.0274002161 0.0422642471 0.0258668558 0.0184374214 0.0 0.0218224249 0.0344894057 0.0531595162 0.040180902 0.0122923752 0.0205415823 0.0429964711 0.0423599004 0.0317124208 0.035873212 0.0141274721 0.0220720437 0.0175471462 0.0142649944 0.024975004 0.0137838603 0.0283693232 0.0240804055
18 0.0313734964 0.0249190401 0.0279662095 0.0252726268 0.0286183311 0.0275301234 0.0293518663 0.0246104986 0.0132921287 0.0258510521 0.0200604274 0.0310166884 0.0290521639 0.0274003838 0.0244174284 0.0413226255 0.0218224249 0.0 0.0207396086 0.0252113001 0.0449971655 0.0322261903 0.03110256 0.0371037298 0.0324836883 0.0469491876 0.0274973041 0.0316630852 0.0416548109 0.0107669845 0.0521305069 0.0337476693 0.0413350919 0.0177144626 0.0187991393
19 0.0352937228 0.0166256441 0.0424545586 0.0454240776 0.0464534521 0.0141469178 0.0066615545 0.0354050209 0.015275255 0.043212898 0.0419152609 0.0540910358 0.0251970105 0.0274378599 0.0391171987 0.0337044421 0.0344894057 0.0207396086 0.0 0.0365024068 0.0299634148 0.0337059975 0.0431533039 0.0059308561 0.0149838591 0.0240768614 0.0418592149 0.0348465785 0.0177720498 0.0255731897 0.0268096634 0.0204629752 0.0178369283 0.0238522404 0.0250255371
20 0.0256203706 0.0365436598 0.0411480167 0.0224236145 0.0450069569 0.0339310152 0.0257648365 0.0446241317 0.0109920408 0.0404452944 0.0254040903 0.0301424519 0.0070740302 0.0382573216 0.0279876925 0.0276974492 0.0531595162 0.0252113001 0.0365024068 0.0 0.0126295612 0.0280207638 0.0370992668 0.022539326 0.0175109392 0.0477386971 0.031806593 0.0305050945 0.003187517 0.0288661878 0.0417229604 0.0462290249 0.0132657264 0.0212894188 0.0196527274
21 0.0402222104 0.025513824 0.0274317966 0.0103501522 0.0280683351 0.0313162954 0.0404033712 0.041144021 0.0244354998 0.0412019652 0.0373012444 0.0255620977 0.0334144843 0.0215705345 0.0361804897 0.0161733524 0.040180902 0.0449971655 0.0299634148 0.0126295612 0.0 0.0558926638 0.0095751138 0.0298982599 0.0080644292 0.0160311689 0.0264357503 0.0138505551 0.0517452488 0.035919002 0.024861182 0.0121620945 0.0311453814 0.0388827428 0.0374756904
22 0.0303705106 0.0256842082 0.0313913945 0.0134843801 0.0251304439 0.0059553399 0.0358380105 0.0428368916 0.0442825381 0.0146635866 0.0326514954 0.0268817964 0.0335791072 0.0252371969 0.0475338343 0.0433301557 0.0122923752 0.0322261903 0.0337059975 0.0280207638 0.0558926638 0.0 0.0139888528 0.0108368098 0.0284147051 0.0482384453 0.0276079 0.0083168059 0.0465325088 0.0221472423 0.0344989197 0.026920534 0.0313337961 0.0331605493 0.0270140502
23 0.010454863 0.0269865821 0.0445209617 0.0354110277 0.0123332247 0.0402710774 0.0231494445 0.0111654718 0.0487140449 0.0431701317 0.0338008565 0.0283289645 0.0200270009 0.0388948232 0.0090587757 0.0401345036 0.0205415823 0.03110256 0.0431533039 0.0370992668 0.0095751138 0.0139888528 0.0 0.0176002476 0.0391661717 0.04427338 0.0251533235 0.0424236611 0.0205359585 0.0288743663 0.0227512071 0.0467207761 0.0449564703 0.0280829522 0.0175790517
24 0.0109474556 0.0479009258 0.0199034743 0.0453632701 0.036680032 0.0413780615 0.0609527226 0.0066767762 0.0160648728 0.0233535048 0.0284662111 0.0436878211 0.0488406348 0.052910985 0.0097571316 0.0239580951 0.0429964711 0.0371037298 0.0059308561 0.022539326 0.0298982599 0.0108368098 0.0176002476 0.0 0.0313864827 0.0164834304 0.0245352619 0.0326578096 0.0236079669 0.0413571231 0.0453253394 0.0143073733 0.0316527187 0.0156842193 0.0392546
25 0.0419382484 0.0336971395 0.036870825 0.0367274846 0.0187960532 0.0086431129 0.0308183786 0.0248338607 0.0336942563 0.0459220599 0.0250712617 0.0446360947 0.0343713255 0.0159844875 0.0055845579 0.0239662525 0.0423599004 0.0324836883 0.0149838591 0.0175109392 0.0080644292 0.0284147051 0.0391661717 0.0313864827 0.0 0.053532974 0.0330973209 0.0154360849 0.030608367 0.0261990432 0.0403548369 0.0182131871 0.0403882712 0.0309301276 0.0353142129
26 0.0403871143 0.0094263105 0.0015859429 0.0350099171 0.0332621706 0.0441120726 0.0120264929 0.0230040535 0.0522395563 0.0280201638 0.0162350849 0.0169330002 0.0171497263 0.0402900599 0.0292993934 0.0462126449 0.0317124208 0.0469491876 0.0240768614 0.0477386971 0.0160311689 0.0482384453 0.04427338 0.0164834304 0.053532974 0.0 0.033659229 0.0086926403 0.0586027465 0.0247546434 0.0182486231 0.0166784104 0.0263277314 0.0079114061 0.0308943001
27 0.0125872333 0.0217247684 0.0266707584 0.0344218732 0.0379481568 0.0094883651 0.0461819275 0.0181851274 0.0258881329 0.0440793938 0.034362103 0.0229870009 0.0436165572 0.0468122643 0.0332303334 0.0278466802 0.035873212 0.0274973041 0.0418592149 0.031806593 0.0264357503 0.0276079 0.0251533235 0.0245352619 0.0330973209 0.033659229 0.0 0.0359401407 0.0223606113 0.0422346405 0.0295657867 0.0283622852 0.0050963737 0.031938132 0.0109462444
28 0.0439015547 0.0361416939 0.0239868722 0.0427797111 0.0315461363 0.015569626 0.0235003208 0.0313813558 0.0265411945 0.0364306004 0.0448520613 0.0476663642 0.036897486 0.0253425077 0.0408883709 0.0361922082 0.0141274721 0.0316630852 0.0348465785 0.0305050945 0.0138505551 0.0083168059 0.0424236611 0.0326578096 0.0154360849 0.0086926403 0.0359401407 0.0 0.0322957478 0.0409988069 0.0072833144 0.0127359142 0.0370858236 0.0424178622 0.0151045388
29 0.0160830565 0.0397468272 0.0236136397 0.0227306824 0.0159580521 0.0213786326 0.0334037281 0.0462314206 0.0465720472 0.0121886274 0.0293003801 0.0143031172 0.0348327702 0.0252124093 0.0434757941 0.0208363238 0.0220720437 0.0416548109 0.0177720498 0.003187517 0.0517452488 0.0465325088 0.0205359585 0.0236079669 0.030608367 0.0586027465 0.0223606113 0.0322957478 0.0 0.0295369594 0.0131854507 0.0327060292 0.0322852835 0.0477244292 0.0277187624
30 0.0299286752 0.0184798031 0.0173129022 0.0267993967 0.043062684 0.0256338386 0.0476371606 0.0317211885 0.034725195 0.0107602851 0.0291701665 0.0252365624 0.0371921748 0.0485411186 0.0241882433 0.0380691485 0.0175471462 0.0107669845 0.0255731897 0.0288661878 0.035919002 0.0221472423 0.0288743663 0.0413571231 0.0261990432 0.0247546434 0.0422346405 0.0409988069 0.0295369594 0.0 0.0165239188 0.0171636681 0.0314302309 0.0302500102 0.0413982935
31 0.0273625633 0.0164530626 0.0605915435 0.0206106582 0.0073331541 0.0629496979 0.0221173159 0.0325624992 0.0179947974 0.0513868092 0.0145765539 0.0057917129 0.0187742514 0.0132629182 0.0343585083 0.0458271792 0.0142649944 0.0521305069 0.0268096634 0.0417229604 0.024861182 0.0344989197 0.0227512071 0.0453253394 0.0403548369 0.0182486231 0.0295657867 0.0072833144 0.0131854507 0.0165239188 0.0 0.0333999548 0.0600061826 0.0282162262 0.0388977069
32 0.0130905977 0.0221812855 0.0495765588 0.0024269282 0.0306319407 0.0309843791 0.0327228723 0.0423272119 0.0262814753 0.0253521217 0.0471846721 0.0372638907 0.0425185221 0.0395030128 0.0341866516 0.0485649148 0.024975004 0.0337476693 0.0204629752 0.0462290249 0.0121620945 0.026920534 0.0467207761 0.0143073733 0.0182131871 0.0166784104 0.0283622852 0.0127359142 0.0327060292 0.0171636681 0.0333999548 0.0 0.0219354292 0.0399523769 0.0285302585
33 0.010895583 0.0455915363 0.0373042711 0.0196917025 0.0316184098 0.0380986553 0.032900945 0.0317149414 0.0030023974 0.0323359416 0.0402033372 0.045688884 0.0100517719 0.0343648957 0.0286459893 0.017237056 0.0137838603 0.0413350919 0.0178369283 0.0132657264 0.0311453814 0.0313337961 0.0449564703 0.0316527187 0.0403882712 0.0263277314 0.0050963737 0.0370858236 0.0322852835 0.0314302309 0.0600061826 0.0219354292 0.0 0.0396062521 0.0211821309
34 0.0488382074 0.0264417958 0.0226165702 0.0368832963 0.0435263366 0.0319633765 0.0255017707 0.0209431753 0.0338555151 0.0052524293 0.0293097357 0.0231620727 0.00994602 0.028498468 0.0231765435 0.0361301132 0.0283693232 0.0177144626 0.0238522404 0.0212894188 0.0388827428 0.0331605493 0.0280829522 0.0156842193 0.0309301276 0.0079114061 0.031938132 0.0424178622 0.0477244292 0.0302500102 0.0282162262 0.0399523769 0.0396062521 0.0 0.0479718428
35 0.0262806791 0.0452911179 0.0380680477 0.0189796963 0.0269679816 0.0411233347 0.0360420246 0.0281768994 0.0271542567 0.0346348359 0.032662644 0.0255351363 0.0296933724 0.0289568516 0.0317951126 0.0217985165 0.0240804055 0.0187991393 0.0250255371 0.0196527274 0.0374756904 0.0270140502 0.0175790517 0.0392546 0.0353142129 0.0308943001 0.0109462444 0.0151045388 0.0277187624 0.0413982935 0.0388977069 0.0285302585 0.0211821309 0.0479718428 0.0
