32
1 0.0358720679 0.0353254228 0.0122540544 0.0308294487 0.0415317783 0.0403708691 0.0431391794 0.0324409987 0.0480896716 0.0252401075 0.0444007021 0.0203057668 0.0294554211 0.0366282314 0.024261467 0.0215017482 0.0250001334 0.0281605288 0.0253507277 0.0325659603 0.0296817493 0.0408848783 0.0324651332 0.0252877886 0.0455768043 0.0269892635 0.0336342132 0.023077829 0.0340032254 0.0037251761 0.0260065587 0.0459430953 
2 0.0353254228 0.0296570873 0.0183913772 0.0260744049 0.02767007 0.0207586616 0.0252938113 0.0234493043 0.0196082629 0.058999412 0.0149364913 0.0226106467 0.0418098576 0.013508386 0.0436430221 0.0241688048 0.0256789945 0.0418513535 0.0255914145 0.0318019625 0.0316825892 0.0366326894 0.0243210954 0.0444622379 0.0162744841 0.0420834714 0.0493025118 0.0111318721 0.0295550318 0.0487681765 0.0563056779 0.0386514147 
3 0.0122540544 0.0183913772 0.0260610344 0.04735187 0.0398284789 0.013446612 0.0454239509 0.0346321131 0.0356189978 0.0304225587 0.0271105324 0.0480096363 0.0183773463 0.0297238876 0.0591891155 0.0160568608 0.0123596501 0.0453316652 0.0394462339 0.0524742679 0.0306168858 0.0166650446 0.0342215073 0.0170585968 0.0080678974 0.028702223 0.0617449012 0.0383919595 0.0214076952 0.0236245186 0.0503967214 0.0175918057 
4 0.0308294487 0.0260744049 0.04735187 0.0369131483 0.047568618 0.0352610679 0.0322157082 0.0265599405 0.0444773988 0.0384526304 0.015747332 0.0265700817 0.023417467 0.0303035352 0.0211451155 0.0249426427 0.0301821425 0.0186956714 0.0307644848 0.0396503764 0.0520645802 0.012281272 0.0526239359 0.0280478798 0.0298150314 0.0260676156 0.0405923061 0.0006353407 0.0559750725 0.0038507679 0.0342162204 0.0367068927 
5 0.0415317783 0.02767007 0.0398284789 0.047568618 0.0481158528 0.0229833094 0.034037047 0.0286936163 0.0331351066 0.026124171 0.031759321 0.0202897238 0.025032585 0.0471385811 0.028229425 0.0066089431 0.0247544116 0.028262801 0.0192053303 0.0307858112 0.0224384361 0.0190922508 0.0275542106 0.0438981303 0.0181323086 0.0366817821 0.0442660407 0.014440514 0.0093458643 0.0252950722 0.0405935881 0.0865068207 
6 0.0403708691 0.0207586616 0.013446612 0.0352610679 0.0229833094 0.0410584419 0.0334834531 0.0314386522 0.0216009597 0.007415442 0.0152174295 0.0207616455 0.0501950663 0.0564155013 0.0135199514 0.0208200512 0.0352694046 0.0412082551 0.029363123 0.015734193 0.0293406839 0.0296672217 0.0251526506 0.0576993732 0.0142217976 0.0361856749 0.020462045 0.0516016858 0.0524312329 0.0482166485 0.0368914836 0.0318074125 
7 0.0431391794 0.0252938113 0.0454239509 0.0322157082 0.034037047 0.0334834531 0.0368642312 0.0346798009 0.0310325929 0.0274929622 0.016426765 0.0385061993 0.0319587911 0.017213837 0.0219551543 0.0618266333 0.0511065576 0.0125832663 0.0426799426 0.0202557386 0.0303702003 0.0180075625 0.020634752 0.0174241442 0.0402760535 0.0225944819 0.0284089409 0.0205019407 0.0308256337 0.0596223683 0.0218154076 0.0313428925 
8 0.0324409987 0.0234493043 0.0346321131 0.0265599405 0.0286936163 0.0314386522 0.0346798009 0.0138434301 0.0411788724 0.0156272972 0.0343779611 0.0143527717 0.0289718477 0.0278585578 0.0306429607 0.0440398356 0.0300593506 0.0257038424 0.0446921163 0.0297859351 0.0262872388 0.0305992495 0.0078775957 0.037814276 0.034345367 0.0384863227 0.0277883791 0.0625186484 0.0184962461 0.0593593486 0.0313251112 0.0320730123 
9 0.0480896716 0.0196082629 0.0356189978 0.0444773988 0.0331351066 0.0216009597 0.0310325929 0.0411788724 0.0510074999 0.0246925782 0.0487440501 0.0448916555 0.0274179233 0.041115822 0.0168622375 0.0126666484 0.0302298668 0.0371943196 0.0275377987 0.0236521917 0.0269217997 0.0179781294 0.0220133027 0.0398669736 0.0430686203 0.0314223899 0.0253230247 0.0089178688 0.0062840801 0.0234317766 0.0576727656 0.0363448141 
10 0.0252401075 0.058999412 0.0304225587 0.0384526304 0.026124171 0.007415442 0.0274929622 0.0156272972 0.0246925782 0.0237372261 0.0447419375 0.0186888549 0.0322336945 0.0184264296 0.0238781641 0.0329191916 0.0419356288 0.0427952393 0.0354468004 0.0213304279 0.0274021356 0.0231022957 0.0308005589 0.0407658561 0.0437683066 0.0478640075 0.0310268523 0.0354291398 0.0527411187 0.0165652939 0.0393836136 0.0205500672 
11 0.0444007021 0.0149364913 0.0271105324 0.015747332 0.031759321 0.0152174295 0.016426765 0.0343779611 0.0487440501 0.0447419375 0.0170437262 0.0521059772 0.0220186477 0.0375992437 0.0372230546 0.032107087 0.0317137578 0.0357109572 0.0266744733 0.0308618033 0.0275211593 0.0390659603 0.0568692048 0.0163661651 0.012729134 0.0250332763 0.0288585229 0.0315673004 0.0625707555 0.0140059764 0.0467601594 0.0221311354 
12 0.0203057668 0.0226106467 0.0480096363 0.0265700817 0.0202897238 0.0207616455 0.0385061993 0.0143527717 0.0448916555 0.0186888549 0.0521059772 0.0418186117 0.0269597493 0.0311683159 0.0461768768 0.0301558431 0.0359381454 0.0298233234 0.0389248474 0.0419746533 0.0506635991 0.0162452271 0.0441943257 0.0266341704 0.0347637764 0.0082123939 0.0086517456 0.0323912075 0.0100388843 0.0407159797 0.0463960481 0.0310593163 
13 0.0294554211 0.0418098576 0.0183773463 0.023417467 0.025032585 0.0501950663 0.0319587911 0.0289718477 0.0274179233 0.0322336945 0.0220186477 0.0269597493 0.0249513511 0.008030175 0.0469927979 0.0486869514 0.0330818976 0.012936577 0.0181093138 0.0111609319 0.046290396 0.0464613821 0.049152281 0.0456800205 0.0263179879 0.0306111568 0.0250895087 0.0296101633 0.0378488246 0.0158887288 0.0422139676 0.0430371903 
14 0.0366282314 0.013508386 0.0297238876 0.0303035352 0.0471385811 0.0564155013 0.017213837 0.0278585578 0.041115822 0.0184264296 0.0375992437 0.0311683159 0.008030175 0.0553296995 0.0231369604 0.0276291706 0.0382894879 0.0383421479 0.0366700228 0.0279838825 0.0277124005 0.0223136659 0.0259792693 0.0301606752 0.0298825264 0.0178787231 0.0343864133 0.0206053853 0.0603314393 0.0241299844 0.0285330502 0.0355745918 
15 0.024261467 0.0436430221 0.0591891155 0.0211451155 0.028229425 0.0135199514 0.0219551543 0.0306429607 0.0168622375 0.0238781641 0.0372230546 0.0461768768 0.0469927979 0.0231369604 0.0212236892 0.0441406012 0.0247271577 0.0357683615 0.0202941895 0.0339063475 0.0086095722 0.0419260688 0.0440538533 0.0232612993 0.0259708446 0.0169384296 0.0597271158 0.041930324 0.0095410339 0.0323469618 0.0429872871 0.0357905602 
16 0.0215017482 0.0241688048 0.0160568608 0.0249426427 0.0066089431 0.0208200512 0.0618266333 0.0440398356 0.0126666484 0.0329191916 0.032107087 0.0301558431 0.0486869514 0.0276291706 0.0441406012 0.0066428262 0.0386359256 0.0408938903 0.0319765584 0.0470869363 0.0490945644 0.0496485486 0.0242653795 0.0555677204 0.0229922577 0.0280316404 0.026887842 0.0305617667 0.017987202 0.0388696221 0.0168045091 0.0257817975 
17 0.0250001334 0.0256789945 0.0123596501 0.0301821425 0.0247544116 0.0352694046 0.0511065576 0.0300593506 0.0302298668 0.0419356288 0.0317137578 0.0359381454 0.0330818976 0.0382894879 0.0247271577 0.0386359256 0.0744982906 0.0 0.0230465162 0.0528895989 0.0233320014 0.02311181 0.0341994915 0.0317545235 0.0286358836 0.0410880403 0.0150398564 0.0351702742 0.0127852698 0.0434496966 0.0337969065 0.0182393282 
18 0.0281605288 0.0418513535 0.0453316652 0.0186956714 0.028262801 0.0412082551 0.0125832663 0.0257038424 0.0371943196 0.0427952393 0.0357109572 0.0298233234 0.012936577 0.0383421479 0.0357683615 0.0408938903 0.0 0.012288109 0.0304098074 0.0250522282 0.0287006519 0.0660281524 0.0310806442 0.0325067042 0.0223503699 0.0355558996 0.020716799 0.0438339103 0.0663463186 0.0184022341 0.0387240192 0.0127419522 
19 0.0253507277 0.0255914145 0.0394462339 0.0307644848 0.0192053303 0.029363123 0.0426799426 0.0446921163 0.0275377987 0.0354468004 0.0266744733 0.0389248474 0.0181093138 0.0366700228 0.0202941895 0.0319765584 0.0230465162 0.0304098074 0.0554406452 0.039704459 0.0391623701 0.0455862797 0.0186335309 0.0216694546 0.0246773749 0.0313124168 0.0272858862 0.0423246375 0.0323624451 0.0389753138 0.0054165838 0.0312649014 
20 0.0325659603 0.0318019625 0.0524742679 0.0396503764 0.0307858112 0.015734193 0.0202557386 0.0297859351 0.0236521917 0.0213304279 0.0308618033 0.0419746533 0.0111609319 0.0279838825 0.0339063475 0.0470869363 0.0528895989 0.0250522282 0.039704459 0.0071092456 0.0200232014 0.0268834684 0.0436188342 0.0349761745 0.046676535 0.024299386 0.0328584739 0.0324120548 0.0440883175 0.0230246523 0.030193786 0.0251781649 
21 0.0296817493 0.0316825892 0.0306168858 0.0520645802 0.0224384361 0.0293406839 0.0303702003 0.0262872388 0.0269217997 0.0274021356 0.0275211593 0.0506635991 0.046290396 0.0277124005 0.0086095722 0.0490945644 0.0233320014 0.0287006519 0.0391623701 0.0200232014 0.0 0.035693076 0.0455696394 0.0255713874 0.0336764884 0.048750802 0.0618836336 0.0142693196 0.0294078138 0.026628691 0.0111304529 0.0395024806 
22 0.0408848783 0.0366326894 0.0166650446 0.012281272 0.0190922508 0.0296672217 0.0180075625 0.0305992495 0.0179781294 0.0231022957 0.0390659603 0.0162452271 0.0464613821 0.0223136659 0.0419260688 0.0496485486 0.02311181 0.0660281524 0.0455862797 0.0268834684 0.035693076 0.0186636216 0.0343125515 0.0331891224 0.0153849352 0.0372031575 0.0220727837 0.0395805041 0.034874509 0.0598043257 0.0143011002 0.032739156 
23 0.0324651332 0.0243210954 0.0342215073 0.0526239359 0.0275542106 0.0251526506 0.020634752 0.0078775957 0.0220133027 0.0308005589 0.0568692048 0.0441943257 0.049152281 0.0259792693 0.0440538533 0.0242653795 0.0341994915 0.0310806442 0.0186335309 0.0436188342 0.0455696394 0.0343125515 0.0248746286 0.0237175091 0.0289109123 0.0185173955 0.0234912538 0.0391800127 0.0287365289 0.0397734442 0.0164469375 0.0267576301 
24 0.0252877886 0.0444622379 0.0170585968 0.0280478798 0.0438981303 0.0576993732 0.0174241442 0.037814276 0.0398669736 0.0407658561 0.0163661651 0.0266341704 0.0456800205 0.0301606752 0.0232612993 0.0555677204 0.0317545235 0.0325067042 0.0216694546 0.0349761745 0.0255713874 0.0331891224 0.0237175091 0.0301124509 0.0580381572 0.0315595961 0.028256876 0.0188419577 0.0322961892 0.0235223595 0.0160547899 0.0079374403 
25 0.0455768043 0.0162744841 0.0080678974 0.0298150314 0.0181323086 0.0142217976 0.0402760535 0.034345367 0.0430686203 0.0437683066 0.012729134 0.0347637764 0.0263179879 0.0298825264 0.0259708446 0.0229922577 0.0286358836 0.0223503699 0.0246773749 0.046676535 0.0336764884 0.0153849352 0.0289109123 0.0580381572 0.0272817998 0.0411396344 0.0258489679 0.0587028395 0.0263112433 0.0357828009 0.0353588034 0.0450200568 
26 0.0269892635 0.0420834714 0.028702223 0.0260676156 0.0366817821 0.0361856749 0.0225944819 0.0384863227 0.0314223899 0.0478640075 0.0250332763 0.0082123939 0.0306111568 0.0178787231 0.0169384296 0.0280316404 0.0410880403 0.0355558996 0.0313124168 0.024299386 0.048750802 0.0372031575 0.0185173955 0.0315595961 0.0411396344 0.034990304 0.0543223473 0.0458705125 0.0230683705 0.0202153889 0.0191678002 0.0291560956 
27 0.0336342132 0.0493025118 0.0617449012 0.0405923061 0.0442660407 0.020462045 0.0284089409 0.0277883791 0.0253230247 0.0310268523 0.0288585229 0.0086517456 0.0250895087 0.0343864133 0.0597271158 0.026887842 0.0150398564 0.020716799 0.0272858862 0.0328584739 0.0618836336 0.0220727837 0.0234912538 0.028256876 0.0258489679 0.0543223473 0.0298113567 0.0560748168 0.0291299718 0.0017760364 0.0132004443 0.0120801328 
28 0.023077829 0.0111318721 0.0383919595 0.0006353407 0.014440514 0.0516016858 0.0205019407 0.0625186484 0.0089178688 0.0354291398 0.0315673004 0.0323912075 0.0296101633 0.0206053853 0.041930324 0.0305617667 0.0351702742 0.0438339103 0.0423246375 0.0324120548 0.0142693196 0.0395805041 0.0391800127 0.0188419577 0.0587028395 0.0458705125 0.0560748168 0.0271434231 0.0184478487 0.036263608 0.0139891642 0.0245821701 
29 0.0340032254 0.0295550318 0.0214076952 0.0559750725 0.0093458643 0.0524312329 0.0308256337 0.0184962461 0.0062840801 0.0527411187 0.0625707555 0.0100388843 0.0378488246 0.0603314393 0.0095410339 0.017987202 0.0127852698 0.0663463186 0.0323624451 0.0440883175 0.0294078138 0.034874509 0.0287365289 0.0322961892 0.0263112433 0.0230683705 0.0291299718 0.0184478487 0.0050468042 0.0560182056 0.0241166855 0.0275801381 
30 0.0037251761 0.0487681765 0.0236245186 0.0038507679 0.0252950722 0.0482166485 0.0596223683 0.0593593486 0.0234317766 0.0165652939 0.0140059764 0.0407159797 0.0158887288 0.0241299844 0.0323469618 0.0388696221 0.0434496966 0.0184022341 0.0389753138 0.0230246523 0.026628691 0.0598043257 0.0397734442 0.0235223595 0.0357828009 0.0202153889 0.0017760364 0.036263608 0.0560182056 0.0380677314 0.0298160413 0.0300630698 
31 0.0260065587 0.0563056779 0.0503967214 0.0342162204 0.0405935881 0.0368914836 0.0218154076 0.0313251112 0.0576727656 0.0393836136 0.0467601594 0.0463960481 0.0422139676 0.0285330502 0.0429872871 0.0168045091 0.0337969065 0.0387240192 0.0054165838 0.030193786 0.0111304529 0.0143011002 0.0164469375 0.0160547899 0.0353588034 0.0191678002 0.0132004443 0.0139891642 0.0241166855 0.0298160413 0.0488666277 0.0311176878 
32 0.0459430953 0.0386514147 0.0175918057 0.0367068927 0.0865068207 0.0318074125 0.0313428925 0.0320730123 0.0363448141 0.0205500672 0.0221311354 0.0310593163 0.0430371903 0.0355745918 0.0357905602 0.0257817975 0.0182393282 0.0127419522 0.0312649014 0.0251781649 0.0395024806 0.032739156 0.0267576301 0.0079374403 0.0450200568 0.0291560956 0.0120801328 0.0245821701 0.0275801381 0.0300630698 0.0311176878 0.0351467759 
