55
1 0.0 0.0054805792 0.0230877288 0.022612315 0.0268082779 0.0258434969 0.0098718936 0.0085399378 0.0223508798 0.0305387766 0.0245028943 0.0182422941 0.0117562414 0.0233843563 0.0312488022 0.0175830713 0.0220531692 0.0267982522 0.014540671 0.0231396546 0.0132413897 0.0244925535 0.0179989638 0.0123904137 0.0160656072 0.0175380431 0.0213387361 0.0230472894 0.0079406904 0.0176038155 0.0264884567 0.0211387745 0.0200452088 0.023011346 0.0160876734 0.0277921695 0.0159714486 0.0105889361 0.0095385928 0.0152280792 0.0056741106 0.0150337601 0.0271136905 0.0209172504 0.0126380971 0.0207681284 0.0141284055 0.0260090026 0.0063386112 0.0086791531 0.0242710026 0.0132164698 0.0242660255 0.0150992328 0.0199155799
2 0.0054805792 0.0 0.0042718584 0.0267768315 0.0192161638 0.0025614574 0.0119766761 0.0052850092 0.0088117318 0.0221505054 0.0174214362 0.0224675952 0.0287873976 0.0220318277 0.0222754662 0.0310052434 0.0061155021 0.0083199075 0.0086599909 0.0293853942 0.008388232 0.0246252469 0.0266352692 0.0216113593 0.0123117075 0.0247065014 0.0299649393 0.0274818386 0.0332879187 0.0216034445 0.0182147979 0.0299028074 0.0074421689 0.021323153 0.0292324586 0.0213976979 0.0311237831 0.0089166099 0.0192817187 0.0201126467 0.0138106277 0.0089320222 0.0109623925 0.0377100676 0.0210266788 0.0086260349 0.0131360192 0.0125940672 0.019143488 0.0332181116 0.0017493114 0.0184577927 0.0245983466 0.007669134 0.027801032
3 0.0230877288 0.0042718584 0.0 0.0070897881 0.0205052217 0.0127511195 0.0207545801 0.0221061877 0.018624739 0.0267030177 0.0175454402 0.0174864542 0.0038423728 0.0160228607 0.0133712252 0.0226092587 0.0277368088 0.0223797491 0.0232863094 0.0223592707 0.0189750861 0.0206265634 0.0123818373 0.0062345513 0.0138189908 0.0114738332 0.0265996376 0.0144033421 0.0097008898 0.0222081583 0.0096022458 0.0290685077 0.0216831244 0.0217591175 0.0180409845 0.0244205223 0.0051894253 0.0262046169 0.0200369104 0.0293982248 0.0191006012 0.0226318252 0.0127353591 0.0199443461 0.0196523273 0.0175521168 0.0016847295 0.0265120028 0.014630483 0.0355083587 0.020703168 0.0224558152 0.0247538273 0.0172012455 0.0205732337
4 0.022612315 0.0267768315 0.0070897881 0.0 0.0128565641 0.0366162074 0.0274349654 0.0187473566 0.0083398815 0.006035025 0.0216527942 0.0233513188 0.0236183339 0.028943545 0.0233457196 0.036680346 0.0186432308 0.0119142292 0.016509709 0.0214898477 0.0074368095 0.0360013017 0.0119569557 0.0116145444 0.0147236966 0.0219550053 0.0254906935 0.007941733 0.0318256835 0.0205849565 0.0336198786 0.0171561406 0.0110538742 0.019197863 0.0145179353 0.019417411 0.0376237718 0.0068261522 0.0241303205 0.0031195693 0.0074435004 0.0184641767 0.0082559591 0.0390241379 0.0243483496 0.0047086143 0.0145176719 0.0113703017 0.022466974 0.014084976 0.0058711554 0.010783368 0.0108525905 0.0127060481 0.0262498711
5 0.0268082779 0.0192161638 0.0205052217 0.0128565641 0.0 0.0174543857 0.0306560652 0.0136541798 0.023821227 0.014795573 0.0271227084 0.0179441078 0.0289605829 0.0068255117 0.014181887 0.0144886723 0.0181279616 0.028017076 0.0160306841 0.0232724603 0.0118719544 0.014278197 0.0173922857 0.0246193771 0.0178341583 0.0148021976 0.0233396885 0.0167516541 0.0168544928 0.0293557031 0.0304084931 0.0076177123 0.0214432903 0.0050926103 0.0366849717 0.0101179369 0.018300588 0.024644346 0.0019542157 0.0295307121 0.0185495639 0.011106402 0.0197555691 0.024384146 0.0158355349 0.0066921173 0.0327444688 0.0180624818 0.0198905539 0.0144770125 0.0227369131 0.006295488 0.0193793005 0.0133846678 0.009071885
6 0.0258434969 0.0025614574 0.0127511195 0.0366162074 0.0174543857 0.0 0.0021161407 0.0058466112 0.0333435591 0.0260952137 0.0192831467 0.0142876864 0.0280289375 0.0248651926 0.0156879747 0.0022424139 0.0055838316 0.0053846667 0.0225638866 0.0090294224 0.019675866 0.0131692643 0.0210962358 0.020282604 0.0134535575 0.0225000203 0.0160059905 0.0276991923 0.0193215567 0.0109981668 0.0061212993 0.0245799706 0.0218425681 0.0272823891 0.0145563368 0.0132684044 0.0220277609 0.0310900163 0.0020928998 0.0205093529 0.0286739928 0.0159691379 0.0211996504 0.0210979598 0.0241924471 0.0116384289 0.0164718549 0.0194885487 0.0225300059 0.0242941717 0.0327536348 0.0260769159 0.0336167861 0.0148017108 0.0100359514
7 0.0098718936 0.0119766761 0.0207545801 0.0274349654 0.0306560652 0.0021161407 0.0 0.0335355382 0.0207582664 0.023970075 0.0155973681 0.0193511343 0.0283175287 0.0224542954 0.0228343178 0.0172032456 0.0234631502 0.0163974464 0.0180924379 0.0149006997 0.0156764456 0.0231475213 0.0243207564 0.0215002878 0.0219256458 0.0038039288 0.0189892156 0.0207562797 0.0137977875 0.0113703973 0.0317680575 0.0051155515 0.0128832712 0.0217904664 0.0082390281 0.0254500188 0.0242251031 0.0260154202 0.0067383516 0.0128497565 0.0112873936 0.0194088218 0.0096012659 0.0243743217 0.0160987228 0.0050940451 0.0155221061 0.0328741301 0.0204674205 0.0229054437 0.0238652741 0.0172575188 0.02063423 0.0131339033 0.0174262868
8 0.0085399378 0.0052850092 0.0221061877 0.0187473566 0.0136541798 0.0058466112 0.0335355382 0.0 0.0203612927 0.0098322775 0.0051075937 0.0249535247 0.0295019823 0.0075415224 0.0113184426 0.0070950206 0.0171655983 0.0155869517 0.0181554019 0.0280562719 0.0318759097 0.0143573912 0.0172764313 0.0096056236 0.0194092659 0.018932196 0.0060654392 0.0200237208 0.014545548 0.0315504262 0.0215115157 0.0339761894 0.0288097947 0.0342187556 0.0312434394 0.0265624313 0.0183605434 0.0141676963 0.0202838919 0.0250166004 0.0011141858 0.0202221512 0.0134230317 0.004913314 0.0107496027 0.0199972332 0.0277347399 0.0099881782 0.0220275134 0.0218799869 0.0048648808 0.0262793015 0.0278059101 0.0240977298 0.0247187295
9 0.0223508798 0.0088117318 0.018624739 0.0083398815 0.023821227 0.0333435591 0.0207582664 0.0203612927 0.0 0.0132095478 0.0325732641 0.0200288832 0.0175358279 0.0082874216 0.0228921808 0.0173894676 0.0294751022 0.0043486642 0.0119155312 0.0038776805 0.0126818517 0.0087402613 0.0118565675 0.0235371163 0.02432395 0.0384870445 0.0252989493 0.0161936945 0.02390948 0.0121930101 0.0178796523 0.0248790736 0.0280796179 0.0143196435 0.0010286676 0.0007996839 0.0159209729 0.0198382724 0.0141108123 0.0263690683 0.0276432654 0.0177186346 0.027058652 0.0123048129 0.0290062104 0.0197085399 0.0121802767 0.0151796397 0.0074576831 0.0218012511 0.0274688359 0.0223697301 0.0190856873 0.0154201069 0.0272041358
10 0.0305387766 0.0221505054 0.0267030177 0.006035025 0.014795573 0.0260952137 0.023970075 0.0098322775 0.0132095478 0.0 0.0334232325 0.0115548429 0.0185424094 0.0019196292 0.0289610167 0.0179991755 0.0205581684 0.019522328 0.009452397 0.0041205711 0.0165664648 0.0258204974 0.0135313374 0.0238104056 0.018839339 0.0284870077 0.0095507155 0.0037209129 0.0077716136 0.0177651742 0.0306501714 0.0153071116 0.0142390947 0.0287989471 0.0254049381 0.0135958606 0.022905355 0.0127884575 0.0120339646 0.0117670003 0.0064144632 0.0210694671 0.0168732903 0.014644633 0.0139498845 0.0087335697 0.0282011982 0.0256916962 0.0287231888 0.0303829271 0.0181299321 0.0338314883 0.0304264848 0.0197275081 0.0104621175
11 0.0245028943 0.0174214362 0.0175454402 0.0216527942 0.0271227084 0.0192831467 0.0155973681 0.0051075937 0.0325732641 0.0334232325 0.0 0.0216067396 0.0292590341 0.0137725033 0.010250312 0.0159926791 0.0078466645 0.014654753 0.0268501314 0.020748635 0.0146756693 0.0176487234 0.0206949308 0.0107042101 0.0094145185 0.0166667417 0.0098822518 0.0137874817 0.0104729803 0.0031966827 0.0074672685 0.0166322578 0.0008438733 0.0161301606 0.0317958752 0.0262918637 0.0147654797 0.0242783786 0.0248082477 0.0149324276 0.0307081986 0.0242819968 0.0218484314 0.0196985861 0.0011400836 0.0338357732 0.009239252 0.0198362537 0.0191180292 0.022364328 0.0274476646 0.0289141907 0.0073964389 0.0343449713 0.0195244487
12 0.0182422941 0.0224675952 0.0174864542 0.0233513188 0.0179441078 0.0142876864 0.0193511343 0.0249535247 0.0200288832 0.0115548429 0.0216067396 0.0 0.0126262004 0.0189528178 0.01420913 0.0188769447 0.0202613638 0.0203105486 0.0161719279 0.0281519147 0.0255790833 0.0244515912 0.0136660017 0.0265765402 0.0151594392 0.0094259261 0.0088467008 0.0141326973 0.0001601566 0.0217428318 0.015806966 0.0039957002 0.0300299413 0.0130469483 0.0145239756 0.0296731898 0.0112504897 0.0154150839 0.0165903843 0.0225115719 0.0046222648 0.0198967754 0.0197757341 0.0239644606 0.0256781566 0.0156326002 0.019403324 0.0289854564 0.0328528303 0.0249090148 0.009717706 0.0210238126 0.0175044674 0.0221143786 0.02049837
13 0.0117562414 0.0287873976 0.0038423728 0.0236183339 0.0289605829 0.0280289375 0.0283175287 0.0295019823 0.0175358279 0.0185424094 0.0292590341 0.0126262004 0.0 0.0210669644 0.010761659 0.0186659013 0.0099393193 0.0288956309 0.014495117 0.0051556348 0.0198990449 0.007854933 0.0264580518 0.0019104931 0.0232553062 0.0283841057 0.0234050945 0.0192335705 0.0205175391 0.0145200086 0.0155801888 0.020479253 0.0137896273 0.0283146729 0.0073742957 0.0170470175 0.0082720524 0.0229243669 0.022395597 0.0286941996 0.0140637363 0.0045401946 0.0197117943 0.0281372377 0.0102974802 0.0151455448 0.0372735934 0.0098487056 0.0186932955 0.0149901755 0.0155588053 0.0269726768 0.020221866 0.01184771 0.0126306897
14 0.0233843563 0.0220318277 0.0160228607 0.028943545 0.0068255117 0.0248651926 0.0224542954 0.0075415224 0.0082874216 0.0019196292 0.0137725033 0.0189528178 0.0210669644 0.0 0.0090225115 0.0109554487 0.0186652731 0.0093485034 0.0163617801 0.0155035438 0.00994933 0.0349587964 0.0210247839 0.0322514081 0.0092340557 0.021716947 0.0240352889 0.0363365316 0.0055683799 0.0142377596 0.0191032172 0.0156862487 0.0274602313 0.0319103221 0.0265426137 0.0306916496 0.019134675 0.0158734992 0.0141151801 0.0156163878 0.0210816483 0.0192222588 0.028639161 0.0015645746 0.0299537119 0.0342487698 0.0257353734 0.0124868819 0.0076874549 0.0090051123 0.0143830811 0.0144469988 0.0113685998 0.0220877814 0.0267157777
15 0.0312488022 0.0222754662 0.0133712252 0.0233457196 0.014181887 0.0156879747 0.0228343178 0.0113184426 0.0228921808 0.0289610167 0.010250312 0.01420913 0.010761659 0.0090225115 0.0 0.0178849088 0.0176822827 0.0248591504 0.0179017315 0.0290540228 0.0137438083 0.0110285773 0.0163583096 0.0252800594 0.0158204999 0.017169803 0.016013216 0.0156742811 0.0273930774 0.014602778 0.0032564694 0.0133807353 0.0261547516 0.0084182445 0.0233129746 0.0206487856 0.0198277453 0.0259017541 0.0228927339 0.0211771893 0.0100018115 0.0160164586 0.0173972158 0.0126015938 0.012662213 0.0331393223 0.0165286653 0.0337200335 0.0227890151 0.0078155475 0.0248547702 0.0194178182 0.0049325147 0.0345806727 0.0177438131
16 0.0175830713 0.0310052434 0.0226092587 0.036680346 0.0144886723 0.0022424139 0.0172032456 0.0070950206 0.0173894676 0.0179991755 0.0159926791 0.0188769447 0.0186659013 0.0109554487 0.0178849088 0.0 0.0233735374 0.0129838171 0.0105896965 0.0080613812 0.0211698434 0.0207033508 0.0266960826 0.0178166711 0.0315899988 0.0110026509 0.0101337302 0.034951059 0.0292842954 0.0270190753 0.0231368757 0.023008849 0.0228109045 0.0077443668 0.0147279981 0.0085545433 0.0120502301 0.0099681599 0.026484357 0.0218572179 0.0163753476 0.0173159307 0.0315858053 0.0085774676 0.0345379722 0.0149065244 0.0047005615 0.0237112162 0.0137180536 0.0200730995 0.0019775533 0.0165697942 0.0301910026 0.0296395814 0.0137296004
17 0.0220531692 0.0061155021 0.0277368088 0.0186432308 0.0181279616 0.0055838316 0.0234631502 0.0171655983 0.0294751022 0.0205581684 0.0078466645 0.0202613638 0.0099393193 0.0186652731 0.0176822827 0.0233735374 0.0 0.0245494878 0.0157399649 0.0144840027 0.0275844445 0.021186867 0.0169720361 0.0157331148 0.0194137894 0.0307840299 0.0115769758 0.0127098493 0.0110801484 0.0216031582 0.0256015208 0.0207708176 0.0138004391 0.014711112 0.0273508689 0.0326804119 0.0165070414 0.0144904163 0.0065574247 0.0271018067 0.0250166481 0.0148890088 0.0155789415 0.0265141087 0.0255871874 0.0253561309 0.0115703229 0.0037778072 0.0298297436 0.0224541608 0.0179486963 0.0172001381 0.0033133692 0.011404784 0.0198782604
18 0.0267982522 0.0083199075 0.0223797491 0.0119142292 0.028017076 0.0053846667 0.0163974464 0.0155869517 0.0043486642 0.019522328 0.014654753 0.0203105486 0.0288956309 0.0093485034 0.0248591504 0.0129838171 0.0245494878 0.0 0.0251055945 0.0119772889 0.0197266872 0.0178600674 0.0093674813 0.0315343942 0.012720735 0.0180715288 0.022485614 0.0252244706 0.0228476242 0.0170840628 0.0144322569 0.0157681081 0.0074722901 0.024621526 0.0181882645 0.0183119451 0.0093788804 0.007442357 0.0196022084 0.0260073305 0.0155886551 0.0311913114 0.0177641051 0.014387855 0.0163680941 0.0198081802 0.0313358539 0.0236379673 0.0244250349 0.0228021996 0.0210234764 0.0271479133 0.0139670514 0.0135621722 0.0174882521
19 0.014540671 0.0086599909 0.0232863094 0.016509709 0.0160306841 0.0225638866 0.0180924379 0.0181554019 0.0119155312 0.009452397 0.0268501314 0.0161719279 0.014495117 0.0163617801 0.0179017315 0.0105896965 0.0157399649 0.0251055945 0.0 0.0342847766 0.0161360741 0.0255938456 0.0159745983 0.0218012068 0.0268703042 0.0247637617 0.0240908827 0.0018340276 0.0248908644 0.0215166146 0.0282459632 0.0330953705 0.0106717868 0.0252453408 0.0165112291 0.0138850973 0.0263763902 0.0279772767 0.0227989561 0.0183922525 0.0165034779 0.0248351318 0.0246345405 0.0194132604 0.0146844477 0.0214680646 0.0178762408 0.0163549397 0.016971638 0.0033146327 0.0323946913 0.0056984575 0.0089832983 0.0008820288 0.0126055675
20 0.0231396546 0.0293853942 0.0223592707 0.0214898477 0.0232724603 0.0090294224 0.0149006997 0.0280562719 0.0038776805 0.0041205711 0.020748635 0.0281519147 0.0051556348 0.0155035438 0.0290540228 0.0080613812 0.0144840027 0.0119772889 0.0342847766 0.0 0.0259509967 0.0141318283 0.0233274218 0.0041827803 0.0249823739 0.0145272434 0.0264227847 0.016628029 0.0240743098 0.0258783781 0.0157551735 0.0104271464 0.0113032188 0.0189094371 0.0082530064 0.0104717071 0.0174743365 0.0084641788 0.0179871573 0.0191301671 0.0191910513 0.0289338465 0.0239360146 0.0187440454 0.0270225335 0.0243249303 0.0102023373 0.0226170788 0.0203158877 0.022133564 0.0226362912 0.0232495087 0.0083717764 0.0240809912 0.0189059946
21 0.0132413897 0.008388232 0.0189750861 0.0074368095 0.0118719544 0.019675866 0.0156764456 0.0318759097 0.0126818517 0.0165664648 0.0146756693 0.0255790833 0.0198990449 0.00994933 0.0137438083 0.0211698434 0.0275844445 0.0197266872 0.0161360741 0.0259509967 0.0 0.0320075993 0.0207827831 0.0230418601 0.024169762 0.0084097187 0.0042621101 0.0222676822 0.0322220092 0.0174525247 0.0041885744 0.0166945002 0.0032648756 0.0130834268 0.0273613245 0.0281593985 0.0266081519 0.0195714596 0.0300171485 0.0079181844 0.019450766 0.021349802 0.0154500661 0.0191279693 0.0273574513 0.0221874246 0.0156886661 0.0305111223 0.0207214258 0.0103410146 0.0228328655 0.0063057854 0.0145002067 0.0195864548 0.0223008943
22 0.0244925535 0.0246252469 0.0206265634 0.0360013017 0.014278197 0.0131692643 0.0231475213 0.0143573912 0.0087402613 0.0258204974 0.0176487234 0.0244515912 0.007854933 0.0349587964 0.0110285773 0.0207033508 0.021186867 0.0178600674 0.0255938456 0.0141318283 0.0320075993 0.0 0.0240024791 0.0096938466 0.0226778635 0.0215229591 0.0161738814 0.019265477 0.0163145421 0.0244567095 0.0242682344 0.0200451477 0.0188228603 0.0119136839 0.0025673991 0.0187696259 0.0161141424 0.0154466717 0.0220620137 0.0133144994 0.0168106767 0.0180710212 0.0124247093 0.0262565671 0.0213457869 0.0184497322 0.0253468546 0.0165764761 0.0173993664 0.0106054556 0.0119187469 0.0088792877 0.0100526738 0.0113681947 0.0243774365
23 0.0179989638 0.0266352692 0.0123818373 0.0119569557 0.0173922857 0.0210962358 0.0243207564 0.0172764313 0.0118565675 0.0135313374 0.0206949308 0.0136660017 0.0264580518 0.0210247839 0.0163583096 0.0266960826 0.0169720361 0.0093674813 0.0159745983 0.0233274218 0.0207827831 0.0240024791 0.0 0.0200145543 0.0142101933 0.016405846 0.0112823716 0.0194947155 0.0224085564 0.008013694 0.01421228 0.0146928439 0.0148536875 0.0211449211 0.020696988 0.0083099743 0.0189312674 0.0199107685 0.0147570177 0.0221567355 0.0196277109 0.0270463429 0.0209469551 0.0249905637 0.016319156 0.0192137007 0.0239079963 0.0177680489 0.0216976958 0.0137576937 0.0106758865 0.0239623825 0.0221236605 0.0296089154 0.0170852755
24 0.0123904137 0.0216113593 0.0062345513 0.0116145444 0.0246193771 0.020282604 0.0215002878 0.0096056236 0.0235371163 0.0238104056 0.0107042101 0.0265765402 0.0019104931 0.0322514081 0.0252800594 0.0178166711 0.0157331148 0.0315343942 0.0218012068 0.0041827803 0.0230418601 0.0096938466 0.0200145543 0.0 0.0248734615 0.0304082434 0.0309285523 0.0079310361 0.0204722856 0.0125242396 0.0116445243 0.0296293163 0.0037241617 0.0311156246 0.017755134 0.0214583099 0.0199545202 0.0194305205 0.0172410667 0.0191507143 0.0215827885 0.0198541931 0.0191255283 0.0122020958 0.0198514436 0.0193747707 0.0179613441 0.0140770733 0.0131658413 0.0257634547 0.0189048478 0.0176543644 0.005637624 0.0216044278 0.019251069
25 0.0160656072 0.0123117075 0.0138189908 0.0147236966 0.0178341583 0.0134535575 0.0219256458 0.0194092659 0.02432395 0.018839339 0.0094145185 0.0151594392 0.0232553062 0.0092340557 0.0158204999 0.0315899988 0.0194137894 0.012720735 0.0268703042 0.0249823739 0.024169762 0.0226778635 0.0142101933 0.0248734615 0.0 0.0131155259 0.021341722 0.0238152802 0.0184930521 0.0250947771 0.0154873823 0.0222860771 0.0217240966 0.0192877788 0.0105925584 0.0187430384 0.0182914714 0.0203687173 0.0198455327 0.0070247945 0.0293727787 0.0162461076 0.0103840345 0.0204911726 0.0172576515 0.0318170042 0.011742403 0.0086033282 0.0213283352 0.0261113689 0.0256256762 0.0133585883 0.0137708869 0.0164305471 0.0148500929
26 0.0175380431 0.0247065014 0.0114738332 0.0219550053 0.0148021976 0.0225000203 0.0038039288 0.018932196 0.0384870445 0.0284870077 0.0166667417 0.0094259261 0.0283841057 0.021716947 0.017169803 0.0110026509 0.0307840299 0.0180715288 0.0247637617 0.0145272434 0.0084097187 0.0215229591 0.016405846 0.0304082434 0.0131155259 0.0 0.0181761144 0.0272413972 0.0201372928 0.0099020673 0.0081194513 0.0302567119 0.0085738739 0.0106419291 0.0173199925 0.0136408349 0.0168843042 0.0260827381 0.0200986918 0.0105816427 0.0274792558 0.0155254969 0.0218078826 0.0234384196 0.0143507762 0.0218153732 0.0243435675 0.0240280007 0.0236512921 0.0087925449 0.0170042715 0.0193142714 0.0250241667 0.0050905297 0.0056162997
27 0.0213387361 0.0299649393 0.0265996376 0.0254906935 0.0233396885 0.0160059905 0.0189892156 0.0060654392 0.0252989493 0.0095507155 0.0098822518 0.0088467008 0.0234050945 0.0240352889 0.016013216 0.0101337302 0.0115769758 0.022485614 0.0240908827 0.0264227847 0.0042621101 0.0161738814 0.0112823716 0.0309285523 0.021341722 0.0181761144 0.0 0.0153177516 0.0283720416 0.0100261445 0.0142361504 0.0209126867 0.0305518236 0.0008798149 0.0054066112 0.0143993337 0.0226819993 0.0271841781 0.011450509 0.0189754333 0.0241899611 0.0253285249 0.0272287321 0.0193359735 0.0234926612 0.0280069447 0.0165718909 0.0034719638 0.0078971325 0.0240648249 0.0156860295 0.0244579749 0.024023255 0.0221446641 0.0120036925
28 0.0230472894 0.0274818386 0.0144033421 0.007941733 0.0167516541 0.0276991923 0.0207562797 0.0200237208 0.0161936945 0.0037209129 0.0137874817 0.0141326973 0.0192335705 0.0363365316 0.0156742811 0.034951059 0.0127098493 0.0252244706 0.0018340276 0.016628029 0.0222676822 0.019265477 0.0194947155 0.0079310361 0.0238152802 0.0272413972 0.0153177516 0.0 0.0265039961 0.0144822147 0.0290873386 0.0156311682 0.0267560038 0.0242346264 0.0219897532 0.0160648288 0.0111500283 0.0202775426 0.0154141531 0.0079282614 0.0305653396 0.0104849401 0.0156846577 0.0237020539 0.0180387847 0.0146112449 0.0087474127 0.0149241479 0.0238974875 0.0138359076 0.0187806509 0.024831409 0.0140329784 0.0074185075 0.0270595675
29 0.0079406904 0.0332879187 0.0097008898 0.0318256835 0.0168544928 0.0193215567 0.0137977875 0.014545548 0.02390948 0.0077716136 0.0104729803 0.0001601566 0.0205175391 0.0055683799 0.0273930774 0.0292842954 0.0110801484 0.0228476242 0.0248908644 0.0240743098 0.0322220092 0.0163145421 0.0224085564 0.0204722856 0.0184930521 0.0201372928 0.0283720416 0.0265039961 0.0 0.0145310635 0.0205621087 0.0070524503 0.0160429132 0.0088089638 0.0333989293 0.009632785 0.0105817734 0.0270815615 0.0320396844 0.0163518453 0.0143142761 0.0131764465 0.0184083253 0.0223400065 0.0103472649 0.0157790147 0.0042487833 0.0217011315 0.0289350776 0.0289914033 0.0051884762 0.0068663375 0.0302997332 0.0239959672 0.0191548655
30 0.0176038155 0.0216034445 0.0222081583 0.0205849565 0.0293557031 0.0109981668 0.0113703973 0.0315504262 0.0121930101 0.0177651742 0.0031966827 0.0217428318 0.0145200086 0.0142377596 0.014602778 0.0270190753 0.0216031582 0.0170840628 0.0215166146 0.0258783781 0.0174525247 0.0244567095 0.008013694 0.0125242396 0.0250947771 0.0099020673 0.0100261445 0.0144822147 0.0145310635 0.0 0.0252636649 0.0144887822 0.0261416912 0.0203203747 0.0170722876 0.0173850618 0.0182800019 0.0241950793 0.0128510527 0.0142939601 0.0183534892 0.0202463493 0.0099533909 0.0204251861 0.0256421912 0.0074167024 0.0162641003 0.0110807396 0.0267185382 0.0315107559 0.0206790049 0.0190114864 0.032935359 0.0210631173 0.0152895956
31 0.0264884567 0.0182147979 0.0096022458 0.0336198786 0.0304084931 0.0061212993 0.0317680575 0.0215115157 0.0178796523 0.0306501714 0.0074672685 0.015806966 0.0155801888 0.0191032172 0.0032564694 0.0231368757 0.0256015208 0.0144322569 0.0282459632 0.0157551735 0.0041885744 0.0242682344 0.01421228 0.0116445243 0.0154873823 0.0081194513 0.0142361504 0.0290873386 0.0205621087 0.0252636649 0.0 0.0160308952 0.0300353473 0.0042780208 0.0032186996 0.0154435166 0.0197754662 0.0232483421 0.0269997575 0.02251017 0.0320003989 0.0280851289 0.0179076646 0.0156132084 0.0078261454 0.0048200059 0.03121872 0.0071734662 0.0184507333 0.008712536 0.0183180855 0.0267531702 0.0136754393 0.0300572913 0.0161276134
32 0.0211387745 0.0299028074 0.0290685077 0.0171561406 0.0076177123 0.0245799706 0.0051155515 0.0339761894 0.0248790736 0.0153071116 0.0166322578 0.0039957002 0.020479253 0.0156862487 0.0133807353 0.023008849 0.0207708176 0.0157681081 0.0330953705 0.0104271464 0.0166945002 0.0200451477 0.0146928439 0.0296293163 0.0222860771 0.0302567119 0.0209126867 0.0156311682 0.0070524503 0.0144887822 0.0160308952 0.0 0.0246654514 0.0101519936 0.0030158657 0.0314102496 0.0079733941 0.0303845863 0.025478168 0.0296490744 0.0211755854 0.0136693722 0.023264252 0.0075481325 0.0170620466 0.0268729203 0.0047836445 0.0174459442 0.0204394469 0.0226119525 0.010307929 0.0173403422 0.0222704338 0.0055069048 0.0172654045
33 0.0200452088 0.0074421689 0.0216831244 0.0110538742 0.0214432903 0.0218425681 0.0128832712 0.0288097947 0.0280796179 0.0142390947 0.0008438733 0.0300299413 0.0137896273 0.0274602313 0.0261547516 0.0228109045 0.0138004391 0.0074722901 0.0106717868 0.0113032188 0.0032648756 0.0188228603 0.0148536875 0.0037241617 0.0217240966 0.0085738739 0.0305518236 0.0267560038 0.0160429132 0.0261416912 0.0300353473 0.0246654514 0.0 0.0133349345 0.0138942615 0.0237287148 0.0324023367 0.0213099532 0.0263845828 0.0198038122 0.0256426575 0.0202065605 0.0212423729 0.0142729582 0.0091526094 0.0174534098 0.0152628831 0.0295421026 0.0106518497 0.0080864886 0.0204160106 0.0168418811 0.0150606107 0.025931605 0.022361541
34 0.023011346 0.021323153 0.0217591175 0.019197863 0.0050926103 0.0272823891 0.0217904664 0.0342187556 0.0143196435 0.0287989471 0.0161301606 0.0130469483 0.0283146729 0.0319103221 0.0084182445 0.0077443668 0.014711112 0.024621526 0.0252453408 0.0189094371 0.0130834268 0.0119136839 0.0211449211 0.0311156246 0.0192877788 0.0106419291 0.0008798149 0.0242346264 0.0088089638 0.0203203747 0.0042780208 0.0101519936 0.0133349345 0.0 0.0269325295 0.0119580605 0.0290207451 0.0303616971 0.0193541777 0.0176642571 0.0138580042 0.0288229418 0.0218798454 0.0032716897 0.0128539595 0.0177308354 0.0088500423 0.0239147484 0.0123589566 0.0324838189 0.0272161695 0.0123393291 0.0078826509 0.0262414312 0.0199615948
35 0.0160876734 0.0292324586 0.0180409845 0.0145179353 0.0366849717 0.0145563368 0.0082390281 0.0312434394 0.0010286676 0.0254049381 0.0317958752 0.0145239756 0.0073742957 0.0265426137 0.0233129746 0.0147279981 0.0273508689 0.0181882645 0.0165112291 0.0082530064 0.0273613245 0.0025673991 0.020696988 0.017755134 0.0105925584 0.0173199925 0.0054066112 0.0219897532 0.0333989293 0.0170722876 0.0032186996 0.0030158657 0.0138942615 0.0269325295 0.0 0.0143447065 0.027688429 0.016378612 0.0224341765 0.0074676161 0.0272224453 0.012624682 0.0213308145 0.0220513157 0.0124821208 0.0232995799 0.0134302015 0.0267262238 0.0329851387 0.0208101881 0.0127538414 0.0156737671 0.0264579885 0.0125362021 0.0264620813
36 0.0277921695 0.0213976979 0.0244205223 0.019417411 0.0101179369 0.0132684044 0.0254500188 0.0265624313 0.0007996839 0.0135958606 0.0262918637 0.0296731898 0.0170470175 0.0306916496 0.0206487856 0.0085545433 0.0326804119 0.0183119451 0.0138850973 0.0104717071 0.0281593985 0.0187696259 0.0083099743 0.0214583099 0.0187430384 0.0136408349 0.0143993337 0.0160648288 0.009632785 0.0173850618 0.0154435166 0.0314102496 0.0237287148 0.0119580605 0.0143447065 0.0 0.0169667309 0.0126086324 0.032369102 0.0249828604 0.0026947023 0.0157791275 0.0261790349 0.0073396295 0.0188041465 0.0143329044 0.0195530083 0.0190971374 0.0168099475 0.0094868517 0.0228991143 0.033495489 0.0205581985 0.0207076997 0.0108088963
37 0.0159714486 0.0311237831 0.0051894253 0.0376237718 0.018300588 0.0220277609 0.0242251031 0.0183605434 0.0159209729 0.022905355 0.0147654797 0.0112504897 0.0082720524 0.019134675 0.0198277453 0.0120502301 0.0165070414 0.0093788804 0.0263763902 0.0174743365 0.0266081519 0.0161141424 0.0189312674 0.0199545202 0.0182914714 0.0168843042 0.0226819993 0.0111500283 0.0105817734 0.0182800019 0.0197754662 0.0079733941 0.0324023367 0.0290207451 0.027688429 0.0169667309 0.0 0.0183136753 0.0261322418 0.0084433517 0.0252384891 0.0239916474 0.0170909264 0.0255001739 0.0054856954 0.0241463974 0.0185101049 0.0122963137 0.0136936811 0.0107483667 0.0254446488 0.0112643825 0.0137417155 0.0247592356 0.015208118
38 0.0105889361 0.0089166099 0.0262046169 0.0068261522 0.024644346 0.0310900163 0.0260154202 0.0141676963 0.0198382724 0.0127884575 0.0242783786 0.0154150839 0.0229243669 0.0158734992 0.0259017541 0.0099681599 0.0144904163 0.007442357 0.0279772767 0.0084641788 0.0195714596 0.0154466717 0.0199107685 0.0194305205 0.0203687173 0.0260827381 0.0271841781 0.0202775426 0.0270815615 0.0241950793 0.0232483421 0.0303845863 0.0213099532 0.0303616971 0.016378612 0.0126086324 0.0183136753 0.0 0.0168954737 0.0200784937 0.0088639854 0.0162234048 0.0155921992 0.0165872715 0.0225443464 0.0015716804 0.0226935168 0.0095263932 0.026855527 0.010029854 0.0200242995 0.0217889572 0.0079163106 0.0196524472 0.0171851085
39 0.0095385928 0.0192817187 0.0200369104 0.0241303205 0.0019542157 0.0020928998 0.0067383516 0.0202838919 0.0141108123 0.0120339646 0.0248082477 0.0165903843 0.022395597 0.0141151801 0.0228927339 0.026484357 0.0065574247 0.0196022084 0.0227989561 0.0179871573 0.0300171485 0.0220620137 0.0147570177 0.0172410667 0.0198455327 0.0200986918 0.011450509 0.0154141531 0.0320396844 0.0128510527 0.0269997575 0.025478168 0.0263845828 0.0193541777 0.0224341765 0.032369102 0.0261322418 0.0168954737 0.0 0.0169855202 0.0156974753 0.0136515732 0.0048299271 0.0262129005 0.0120274298 0.0295725915 0.0136194489 0.0209910302 0.0176664456 0.0158541233 0.0175324905 0.0112361198 0.0254950933 0.027370246 0.01499911
40 0.0152280792 0.0201126467 0.0293982248 0.0031195693 0.0295307121 0.0205093529 0.0128497565 0.0250166004 0.0263690683 0.0117670003 0.0149324276 0.0225115719 0.0286941996 0.0156163878 0.0211771893 0.0218572179 0.0271018067 0.0260073305 0.0183922525 0.0191301671 0.0079181844 0.0133144994 0.0221567355 0.0191507143 0.0070247945 0.0105816427 0.0189754333 0.0079282614 0.0163518453 0.0142939601 0.02251017 0.0296490744 0.0198038122 0.0176642571 0.0074676161 0.0249828604 0.0084433517 0.0200784937 0.0169855202 0.0 0.0236181975 0.013066758 0.0346008763 0.0096605418 0.0211165844 0.02244713 0.0123371017 0.0121903902 0.0088371091 0.0091913276 0.0330909325 0.0245723032 0.0187862649 0.0265316933 0.0153500014
41 0.0056741106 0.0138106277 0.0191006012 0.0074435004 0.0185495639 0.0286739928 0.0112873936 0.0011141858 0.0276432654 0.0064144632 0.0307081986 0.0046222648 0.0140637363 0.0210816483 0.0100018115 0.0163753476 0.0250166481 0.0155886551 0.0165034779 0.0191910513 0.019450766 0.0168106767 0.0196277109 0.0215827885 0.0293727787 0.0274792558 0.0241899611 0.0305653396 0.0143142761 0.0183534892 0.0320003989 0.0211755854 0.0256426575 0.0138580042 0.0272224453 0.0026947023 0.0252384891 0.0088639854 0.0156974753 0.0236181975 0.0 0.011882987 0.0153910367 0.0199201406 0.0110157746 0.0205110645 0.035463006 0.0282785618 0.0042520376 0.0172822603 0.0179858167 0.0151911417 0.019004719 0.0324848609 0.0207130652
42 0.0150337601 0.0089320222 0.0226318252 0.0184641767 0.011106402 0.0159691379 0.0194088218 0.0202221512 0.0177186346 0.0210694671 0.0242819968 0.0198967754 0.0045401946 0.0192222588 0.0160164586 0.0173159307 0.0148890088 0.0311913114 0.0248351318 0.0289338465 0.021349802 0.0180710212 0.0270463429 0.0198541931 0.0162461076 0.0155254969 0.0253285249 0.0104849401 0.0131764465 0.0202463493 0.0280851289 0.0136693722 0.0202065605 0.0288229418 0.012624682 0.0157791275 0.0239916474 0.0162234048 0.0136515732 0.013066758 0.011882987 0.0 0.0137692352 0.0109332779 0.0156777005 0.0211689577 0.0239668752 0.0234893625 0.0124153066 0.0236343893 0.0038251588 0.031658956 0.0275687842 0.0168094707 0.0180698056
43 0.0271136905 0.0109623925 0.0127353591 0.0082559591 0.0197555691 0.0211996504 0.0096012659 0.0134230317 0.027058652 0.0168732903 0.0218484314 0.0197757341 0.0197117943 0.028639161 0.0173972158 0.0315858053 0.0155789415 0.0177641051 0.0246345405 0.0239360146 0.0154500661 0.0124247093 0.0209469551 0.0191255283 0.0103840345 0.0218078826 0.0272287321 0.0156846577 0.0184083253 0.0099533909 0.0179076646 0.023264252 0.0212423729 0.0218798454 0.0213308145 0.0261790349 0.0170909264 0.0155921992 0.0048299271 0.0346008763 0.0153910367 0.0137692352 0.0 0.005113825 0.0339866092 0.0139780038 0.019192039 0.0194234777 0.0081263102 0.0219829354 0.0319028829 0.0141235571 0.0064067292 0.0056711058 0.0277494533
44 0.0209172504 0.0377100676 0.0199443461 0.0390241379 0.024384146 0.0210979598 0.0243743217 0.004913314 0.0123048129 0.014644633 0.0196985861 0.0239644606 0.0281372377 0.0015645746 0.0126015938 0.0085774676 0.0265141087 0.014387855 0.0194132604 0.0187440454 0.0191279693 0.0262565671 0.0249905637 0.0122020958 0.0204911726 0.0234384196 0.0193359735 0.0237020539 0.0223400065 0.0204251861 0.0156132084 0.0075481325 0.0142729582 0.0032716897 0.0220513157 0.0073396295 0.0255001739 0.0165872715 0.0262129005 0.0096605418 0.0199201406 0.0109332779 0.005113825 0.0 0.0297213501 0.0207852506 0.014215924 0.02036937 0.027689805 0.0013886476 0.0194303307 0.0211780136 0.016896259 0.0174710005 0.0216007963
45 0.0126380971 0.0210266788 0.0196523273 0.0243483496 0.0158355349 0.0241924471 0.0160987228 0.0107496027 0.0290062104 0.0139498845 0.0011400836 0.0256781566 0.0102974802 0.0299537119 0.012662213 0.0345379722 0.0255871874 0.0163680941 0.0146844477 0.0270225335 0.0273574513 0.0213457869 0.016319156 0.0198514436 0.0172576515 0.0143507762 0.0234926612 0.0180387847 0.0103472649 0.0256421912 0.0078261454 0.0170620466 0.0091526094 0.0128539595 0.0124821208 0.0188041465 0.0054856954 0.0225443464 0.0120274298 0.0211165844 0.0110157746 0.0156777005 0.0339866092 0.0297213501 0.0 0.0305363672 0.0142937291 0.0088425462 0.0179346197 0.0237899052 0.02595201 0.0066163668 0.0310027324 0.0290535617 0.0027887404
46 0.0207681284 0.0086260349 0.0175521168 0.0047086143 0.0066921173 0.0116384289 0.0050940451 0.0199972332 0.0197085399 0.0087335697 0.0338357732 0.0156326002 0.0151455448 0.0342487698 0.0331393223 0.0149065244 0.0253561309 0.0198081802 0.0214680646 0.0243249303 0.0221874246 0.0184497322 0.0192137007 0.0193747707 0.0318170042 0.0218153732 0.0280069447 0.0146112449 0.0157790147 0.0074167024 0.0048200059 0.0268729203 0.0174534098 0.0177308354 0.0232995799 0.0143329044 0.0241463974 0.0015716804 0.0295725915 0.02244713 0.0205110645 0.0211689577 0.0139780038 0.0207852506 0.0305363672 0.0 0.0188548849 0.0310957978 0.0201383428 0.0207461651 0.0108690013 0.0196645764 0.0132263407 0.0063951018 0.0097261086
47 0.0141284055 0.0131360192 0.0016847295 0.0145176719 0.0327444688 0.0164718549 0.0155221061 0.0277347399 0.0121802767 0.0282011982 0.009239252 0.019403324 0.0372735934 0.0257353734 0.0165286653 0.0047005615 0.0115703229 0.0313358539 0.0178762408 0.0102023373 0.0156886661 0.0253468546 0.0239079963 0.0179613441 0.011742403 0.0243435675 0.0165718909 0.0087474127 0.0042487833 0.0162641003 0.03121872 0.0047836445 0.0152628831 0.0088500423 0.0134302015 0.0195530083 0.0185101049 0.0226935168 0.0136194489 0.0123371017 0.035463006 0.0239668752 0.019192039 0.014215924 0.0142937291 0.0188548849 0.0 0.0200704899 0.0121817906 0.0287170895 0.0151025234 0.0235171798 0.0296120748 0.0244220894 0.0351216182
48 0.0260090026 0.0125940672 0.0265120028 0.0113703017 0.0180624818 0.0194885487 0.0328741301 0.0099881782 0.0151796397 0.0256916962 0.0198362537 0.0289854564 0.0098487056 0.0124868819 0.0337200335 0.0237112162 0.0037778072 0.0236379673 0.0163549397 0.0226170788 0.0305111223 0.0165764761 0.0177680489 0.0140770733 0.0086033282 0.0240280007 0.0034719638 0.0149241479 0.0217011315 0.0110807396 0.0071734662 0.0174459442 0.0295421026 0.0239147484 0.0267262238 0.0190971374 0.0122963137 0.0095263932 0.0209910302 0.0121903902 0.0282785618 0.0234893625 0.0194234777 0.02036937 0.0088425462 0.0310957978 0.0200704899 0.0 0.0227389111 0.0221097668 0.0125312354 0.013386332 0.0099155137 0.0242526344 0.0091038292
49 0.0063386112 0.019143488 0.014630483 0.022466974 0.0198905539 0.0225300059 0.0204674205 0.0220275134 0.0074576831 0.0287231888 0.0191180292 0.0328528303 0.0186932955 0.0076874549 0.0227890151 0.0137180536 0.0298297436 0.0244250349 0.016971638 0.0203158877 0.0207214258 0.0173993664 0.0216976958 0.0131658413 0.0213283352 0.0236512921 0.0078971325 0.0238974875 0.0289350776 0.0267185382 0.0184507333 0.0204394469 0.0106518497 0.0123589566 0.0329851387 0.0168099475 0.0136936811 0.026855527 0.0176664456 0.0088371091 0.0042520376 0.0124153066 0.0081263102 0.027689805 0.0179346197 0.0201383428 0.0121817906 0.0227389111 0.0 0.0086949911 0.0171965159 0.0216512106 0.0177762489 0.0107607291 0.0242052483
50 0.0086791531 0.0332181116 0.0355083587 0.014084976 0.0144770125 0.0242941717 0.0229054437 0.0218799869 0.0218012511 0.0303829271 0.022364328 0.0249090148 0.0149901755 0.0090051123 0.0078155475 0.0200730995 0.0224541608 0.0228021996 0.0033146327 0.022133564 0.0103410146 0.0106054556 0.0137576937 0.0257634547 0.0261113689 0.0087925449 0.0240648249 0.0138359076 0.0289914033 0.0315107559 0.008712536 0.0226119525 0.0080864886 0.0324838189 0.0208101881 0.0094868517 0.0107483667 0.010029854 0.0158541233 0.0091913276 0.0172822603 0.0236343893 0.0219829354 0.0013886476 0.0237899052 0.0207461651 0.0287170895 0.0221097668 0.0086949911 0.0 0.0226578805 0.0223891548 0.0079890696 0.0186042305 0.0211303554
51 0.0242710026 0.0017493114 0.020703168 0.0058711554 0.0227369131 0.0327536348 0.0238652741 0.0048648808 0.0274688359 0.0181299321 0.0274476646 0.009717706 0.0155588053 0.0143830811 0.0248547702 0.0019775533 0.0179486963 0.0210234764 0.0323946913 0.0226362912 0.0228328655 0.0119187469 0.0106758865 0.0189048478 0.0256256762 0.0170042715 0.0156860295 0.0187806509 0.0051884762 0.0206790049 0.0183180855 0.010307929 0.0204160106 0.0272161695 0.0127538414 0.0228991143 0.0254446488 0.0200242995 0.0175324905 0.0330909325 0.0179858167 0.0038251588 0.0319028829 0.0194303307 0.02595201 0.0108690013 0.0151025234 0.0125312354 0.0171965159 0.0226578805 0.0 0.0106851515 0.0343178226 0.0168489641 0.015037885
52 0.0132164698 0.0184577927 0.0224558152 0.010783368 0.006295488 0.0260769159 0.0172575188 0.0262793015 0.0223697301 0.0338314883 0.0289141907 0.0210238126 0.0269726768 0.0144469988 0.0194178182 0.0165697942 0.0172001381 0.0271479133 0.0056984575 0.0232495087 0.0063057854 0.0088792877 0.0239623825 0.0176543644 0.0133585883 0.0193142714 0.0244579749 0.024831409 0.0068663375 0.0190114864 0.0267531702 0.0173403422 0.0168418811 0.0123393291 0.0156737671 0.033495489 0.0112643825 0.0217889572 0.0112361198 0.0245723032 0.0151911417 0.031658956 0.0141235571 0.0211780136 0.0066163668 0.0196645764 0.0235171798 0.013386332 0.0216512106 0.0223891548 0.0106851515 0.0 0.0209683627 0.0074497935 0.0179073772
53 0.0242660255 0.0245983466 0.0247538273 0.0108525905 0.0193793005 0.0336167861 0.02063423 0.0278059101 0.0190856873 0.0304264848 0.0073964389 0.0175044674 0.020221866 0.0113685998 0.0049325147 0.0301910026 0.0033133692 0.0139670514 0.0089832983 0.0083717764 0.0145002067 0.0100526738 0.0221236605 0.005637624 0.0137708869 0.0250241667 0.024023255 0.0140329784 0.0302997332 0.032935359 0.0136754393 0.0222704338 0.0150606107 0.0078826509 0.0264579885 0.0205581985 0.0137417155 0.0079163106 0.0254950933 0.0187862649 0.019004719 0.0275687842 0.0064067292 0.016896259 0.0310027324 0.0132263407 0.0296120748 0.0099155137 0.0177762489 0.0079890696 0.0343178226 0.0209683627 0.0 0.0114183372 0.0279821824
54 0.0150992328 0.007669134 0.0172012455 0.0127060481 0.0133846678 0.0148017108 0.0131339033 0.0240977298 0.0154201069 0.0197275081 0.0343449713 0.0221143786 0.01184771 0.0220877814 0.0345806727 0.0296395814 0.011404784 0.0135621722 0.0008820288 0.0240809912 0.0195864548 0.0113681947 0.0296089154 0.0216044278 0.0164305471 0.0050905297 0.0221446641 0.0074185075 0.0239959672 0.0210631173 0.0300572913 0.0055069048 0.025931605 0.0262414312 0.0125362021 0.0207076997 0.0247592356 0.0196524472 0.027370246 0.0265316933 0.0324848609 0.0168094707 0.0056711058 0.0174710005 0.0290535617 0.0063951018 0.0244220894 0.0242526344 0.0107607291 0.0186042305 0.0168489641 0.0074497935 0.0114183372 0.0 0.02296568
55 0.0199155799 0.027801032 0.0205732337 0.0262498711 0.009071885 0.0100359514 0.0174262868 0.0247187295 0.0272041358 0.0104621175 0.0195244487 0.02049837 0.0126306897 0.0267157777 0.0177438131 0.0137296004 0.0198782604 0.0174882521 0.0126055675 0.0189059946 0.0223008943 0.0243774365 0.0170852755 0.019251069 0.0148500929 0.0056162997 0.0120036925 0.0270595675 0.0191548655 0.0152895956 0.0161276134 0.0172654045 0.022361541 0.0199615948 0.0264620813 0.0108088963 0.015208118 0.0171851085 0.01499911 0.0153500014 0.0207130652 0.0180698056 0.0277494533 0.0216007963 0.0027887404 0.0097261086 0.0351216182 0.0091038292 0.0242052483 0.0211303554 0.015037885 0.0179073772 0.0279821824 0.02296568 0.0
