64
1 0.0378924527 0.0123477674 0.0245755034 0.0150787703 0.008305926 0.0071133393 0.014392569 0.0118450031 0.0160040144 0.0221764714 0.0188782915 0.0217554317 0.0085200075 0.005562125 0.0139842405 0.0114875221 0.017545779 0.0084684925 0.0175741996 0.033248257 0.0139830659 0.0231329199 0.0080665728 0.0251431895 0.0066936909 0.0180823797 0.0103526664 0.0224295635 0.0184487322 0.013288003 0.015082416 0.0145526946 0.0167217641 0.01510255 0.020639989 0.0117309736 0.0212888753 0.0177093599 0.0222375284 0.0231559081 0.0147720365 0.0147619927 0.0101908947 0.0138581312 0.017084423 0.0202869592 0.0243753205 0.0147358402 0.0223005627 0.0172852502 0.0043401281 0.0149074017 0.0110609026 0.0036684608 0.017167212 0.0225094349 0.0169497103 0.0108564823 0.0161280062 0.0108981845 0.0147131298 0.0086152453 0.0050591398 0.0088761444 
2 0.0123477674 0.013024489 0.0171194818 0.0125750414 0.0161633157 0.0157832515 0.0107125238 0.010665484 0.0129692963 0.0147511526 0.0164945043 0.0098706312 0.0146576118 0.0114372926 0.010969257 0.0211175864 0.009274975 0.023397646 0.0150418572 0.0097208697 0.0090849218 0.0137873882 0.0137599717 0.0113393597 0.0226705026 0.0173023152 0.0121542885 0.0147507254 0.0253669993 0.0109822298 0.0198385686 0.0203289346 0.0150224655 0.0169162093 0.0171709298 0.006820356 0.0161206035 0.0260774686 0.0151073589 0.0280990215 0.0175992595 0.0165855638 0.014785452 0.0142510188 0.0348202127 0.0141300906 0.0142418507 0.023763406 0.0083695997 0.0272462187 0.0138791038 0.0164466589 0.0109745952 0.0182219435 0.0167882226 0.0135187613 0.0144793677 0.008612567 0.0101710662 0.0147852179 0.0091910803 0.0234044257 0.0156936997 0.0172459641 
3 0.0245755034 0.0171194818 0.0163559821 0.0130330911 0.0197085028 0.0141745571 0.011720897 0.0070499985 0.0138750997 0.0148242283 0.0275166392 0.0128144073 0.0109529685 0.0079831484 0.0145228462 0.0078856882 0.0267819462 0.0251776831 0.0079145019 0.0112723924 0.0144733207 0.0164059626 0.0095113783 0.0157819312 0.0116783406 0.0164492817 0.009656699 0.0023993009 0.0225444696 0.0108364078 0.0063157591 0.0089544479 0.0085111112 0.0096234402 0.0187635176 0.0147369856 0.0327580657 0.0134584948 0.0078432349 0.01364474 0.0225026531 0.0137759187 0.0234093209 0.0197266108 0.0184836667 0.0262821669 0.0176177915 0.020333074 0.0209461887 0.0154201904 0.0288325899 0.0218479781 0.0148855164 0.0041861728 0.0272852184 0.0146640798 0.0070270196 0.0186771017 0.014628062 0.0040761008 0.01302629 0.0124096587 0.0276513814 0.0226987958 
4 0.0150787703 0.0125750414 0.0130330911 0.0158690702 0.0194184529 0.0086367936 0.0236419067 0.0058906326 0.0240527676 0.0248445652 0.0119784484 0.0095332951 0.0211935775 0.0195835724 0.0097623741 0.0142525697 0.0078081908 0.0209741991 0.0161057037 0.0172386204 0.0097539294 0.0077500957 0.0073828827 0.0257921484 0.0092197181 0.0088573724 0.0175152974 0.0219365205 0.0210958069 0.0022472652 0.0074693164 0.0253639683 0.0123417885 0.0098552309 0.0324530203 0.0070556103 0.0268765093 0.0148694178 0.0203091773 0.0042124739 0.0079178861 0.0115151382 0.0167189877 0.0042320543 0.0137246082 0.0212369085 0.0150410446 0.0094678643 0.0149041948 0.0211638353 0.0258041779 0.0124211247 0.0118016132 0.0162391215 0.0088146579 0.0227811753 0.0068693442 0.0209314765 0.0230543972 0.0221754691 0.0310522051 0.0183500036 0.0252986578 0.0146548613 
5 0.008305926 0.0161633157 0.0197085028 0.0194184529 0.0177791956 0.0165486802 0.0094021471 0.0254077816 0.0007948731 0.0118520102 0.0209844545 0.0123802308 0.0153355108 0.0226160314 0.0130302225 0.006072669 0.0090451119 0.0263462772 0.0155321197 0.0093817759 0.0140609121 0.0129095607 0.0273515057 0.0046115133 0.0222374214 0.0069301018 0.0242334334 0.0246416976 0.0141563197 0.0062779196 0.0143639949 0.0219047679 0.013510442 0.0118365823 0.022525801 0.0183679667 0.0191872094 0.0193234208 0.01332281 0.011749827 0.0131561009 0.009332937 0.0082343777 0.0087912384 0.0172881805 0.0190783171 0.0206417592 0.0182047447 0.0185154881 0.0144653937 0.0115641891 0.0196375693 0.0305321232 0.0165979827 0.0168882024 0.0165412245 0.0168409797 0.0175560576 0.0207491976 0.0078423331 0.0139649503 0.01685773 0.0065860381 0.0205243889 
6 0.0071133393 0.0157832515 0.0141745571 0.0086367936 0.0165486802 0.012598698 0.0119018432 0.0138691942 0.0239197197 0.0252893493 0.0134088976 0.0131346915 0.0074592372 0.026262767 0.0209158604 0.0138995591 0.0109848229 0.0293788431 0.0314264817 0.0210903289 0.0216631598 0.0124995687 0.0098796908 0.0103245619 0.0122487865 0.0167624077 0.0205952524 0.0191014392 0.01614135 0.0227556399 0.0151466085 0.0101505421 0.0168692716 0.0099791388 0.0090650632 0.0180219539 0.0203097138 0.0202602965 0.01441985 0.0074540183 0.0065222016 0.0210086766 0.0162905569 0.0138490918 0.0095857723 0.0099716805 0.010862585 0.013354082 0.0137992223 0.0141713603 0.0215788218 0.0331383893 0.0085443549 0.0065595787 0.0146751785 0.0211581558 0.020794363 0.0184834603 0.0179161356 0.0203090811 0.015128512 0.010586959 0.0153982224 0.0048683292 
7 0.014392569 0.0107125238 0.011720897 0.0236419067 0.0094021471 0.0119018432 0.0085704008 0.0132409245 0.0173435153 0.0218945264 0.0116277469 0.0217887303 0.0142136712 0.0337000148 0.0182847958 0.012424482 0.0055113158 0.0092699471 0.0186178355 0.0176298336 0.0176254254 0.0105872757 0.0126710437 0.0193440324 0.0185786531 0.016348312 0.013278775 0.0241373869 0.0150974458 0.0112124885 0.0150398178 0.0269240373 0.0148934449 0.0170945759 0.0120322189 0.0065990776 0.0142645071 0.0104763778 0.0117143818 0.0196075587 0.0158258518 0.0105237081 0.0149885374 0.0181023856 0.0150630865 0.0210354944 0.0197948832 0.0163815504 0.0207469463 0.015453734 0.0198945574 0.0120152036 0.0198303285 0.0296674832 0.0088061676 0.0193476772 0.0145390412 0.0176289476 0.0143318724 0.0111680978 0.0181398642 0.0041858984 0.0191914862 0.009920734 
8 0.0118450031 0.010665484 0.0070499985 0.0058906326 0.0254077816 0.0138691942 0.0132409245 0.022706826 0.0152958837 0.0214631202 0.0206760136 0.0167322647 0.0244951246 0.0097307224 0.0144264316 0.0164533669 0.0219389964 0.0139150356 0.0140527325 0.0149262768 0.0106768349 0.0153737261 0.0172234122 0.0087150109 0.02597825 0.0080475117 0.0197581555 0.0038235358 0.0222026361 0.0116496097 0.0162741871 0.0106405678 0.016619415 0.0207691554 0.0036678604 0.0181496299 0.0261192296 0.0252144982 0.0275771929 0.0047580967 0.0131995097 0.0198125215 0.018245919 0.0167012101 0.0118581827 0.0216178559 0.0241874213 0.0190823792 0.0116844425 0.0222866944 0.0158525018 0.0174049365 0.0162816261 0.0023576287 0.023839791 0.0058096863 0.0231547754 0.0099014578 0.0076437926 0.0092389242 0.010518474 0.0155996969 0.017750076 0.0179501668 
9 0.0160040144 0.0129692963 0.0138750997 0.0240527676 0.0007948731 0.0239197197 0.0173435153 0.0152958837 0.0078508394 0.0189992095 0.0152945574 0.0266059899 0.0186094137 0.0205118414 0.0163053996 0.0085830692 0.0119117746 0.017859456 0.0122895299 0.0133482543 0.0158174401 0.0120415025 0.0138080384 0.0103006079 0.0067560295 0.0223707461 0.0237443023 0.0074894493 0.0303492058 0.0126085711 0.0207990781 0.0196593674 0.0159826201 0.0123800576 0.0127713447 0.0161391837 0.0068854905 0.0173655779 0.0247859953 0.009913162 0.0165347404 0.0050324653 0.0075999833 0.0156445996 0.0257287203 0.0279740339 0.0213956243 0.0137627761 0.0036318119 0.0177364833 0.0083923655 0.0104823626 0.0180663339 0.013573922 0.0198099283 0.018960607 0.0304289568 0.0075170411 0.0160733852 0.0230017246 0.0094338446 0.0276590728 0.0053617509 0.0118051912 
10 0.0221764714 0.0147511526 0.0148242283 0.0248445652 0.0118520102 0.0252893493 0.0218945264 0.0214631202 0.0189992095 0.0111304843 0.0179989724 0.0174326694 0.0147091321 0.0155621701 0.0136069188 0.014765828 0.0056996991 0.003729106 0.0337162398 0.0122442214 0.0158108962 0.0247024916 0.0124582174 0.0178116681 0.0198311245 0.0336384794 0.0056880932 0.0118842673 0.0245526834 0.0132981741 0.0194549337 0.0106543501 0.0161349219 0.0184914058 0.0110935021 0.0104599935 0.0098940592 0.0169887944 0.006495672 0.0094003442 0.0140978787 0.0209908952 0.0027252421 0.0075971172 0.0067005011 0.0108776067 0.0250571348 0.008142868 0.0216416901 0.0198023381 0.0087830748 0.01123338 0.0190201582 0.016052468 0.0176346277 0.0108800499 0.013537945 0.0224528095 0.0132101726 0.0106572976 0.018759921 0.0108080844 0.0214404802 0.0224621127 
11 0.0188782915 0.0164945043 0.0275166392 0.0119784484 0.0209844545 0.0134088976 0.0116277469 0.0206760136 0.0152945574 0.0179989724 0.0065182678 0.0166553608 0.0187098062 0.0128559208 0.0235036006 0.0138339298 0.0097508356 0.0062122074 0.0103096526 0.0177235656 0.0169314349 0.0273840612 0.0119153971 0.0094427675 0.0214029623 0.014255401 0.0102059743 0.0127872272 0.0204462962 0.0151059753 0.0270849303 0.013026036 0.0156605846 0.0206283215 0.0148989953 0.0164222745 0.014704599 0.0130165755 0.0092969304 0.0141286235 0.0088526094 0.0107744309 0.0093136278 0.0237164366 0.018028102 0.0199520017 0.0187479984 0.0240221856 0.0085616697 0.0144878193 0.0081549566 0.0064301755 0.0159878068 0.0195581094 0.0089805312 0.0154942439 0.0229058444 0.0132904256 0.0142145192 0.0158379525 0.0176364428 0.0212847845 0.0196802829 0.0144100029 
12 0.0217554317 0.0098706312 0.0128144073 0.0095332951 0.0123802308 0.0131346915 0.0217887303 0.0167322647 0.0266059899 0.0174326694 0.0166553608 0.0038810657 0.0156718112 0.0217924401 0.0100263706 0.0160509624 0.0135312159 0.0113189881 0.0309798366 0.010424834 0.021809957 0.0164936774 0.0208137776 0.018698348 0.0155645143 0.0234228065 0.0184356057 0.0145064102 0.0179381616 0.0172212842 0.0130231147 0.0155475934 0.0156578071 0.0124811012 0.0253576058 0.0167068306 0.0267057259 0.0086250277 0.0215717491 0.0151918692 0.013403904 0.0203478997 0.0140557231 0.0122379324 0.011275917 0.0152889846 0.0177814277 0.0074337329 0.0141300903 0.0133595947 0.0044610545 0.0248884485 0.0181723743 0.0149230734 0.0054307029 0.0119076789 0.0291908016 0.0144411775 0.0092281389 0.0082017626 0.0080653068 0.0218863395 0.0066535295 0.0150802102 
13 0.0085200075 0.0146576118 0.0109529685 0.0211935775 0.0153355108 0.0074592372 0.0142136712 0.0244951246 0.0186094137 0.0147091321 0.0187098062 0.0156718112 0.0143134425 0.010591293 0.0161453092 0.011837006 0.0062875585 0.0160223041 0.0249603267 0.0185227255 0.0187148711 0.0089011615 0.0175518154 0.0219388099 0.0117591609 0.0132410975 0.0233784521 0.0088960847 0.0171337503 0.0125578844 0.0137711809 0.0161188065 0.0208592594 0.0169614925 0.0124639416 0.0212732815 0.0189886497 0.0212679258 0.0019402322 0.0128239203 0.0120712901 0.0221768688 0.0116566029 0.005027306 0.0096354282 0.012282099 0.0144462165 0.0233616795 0.0363606981 0.0056568137 0.0162291684 0.0212772191 0.0059822439 0.0135850136 0.012964428 0.0153562671 0.0178356258 0.018069846 0.0080959827 0.0222076592 0.0151770735 0.0257246027 0.0122279832 0.0288422677 
14 0.005562125 0.0114372926 0.0079831484 0.0195835724 0.0226160314 0.026262767 0.0337000148 0.0097307224 0.0205118414 0.0155621701 0.0128559208 0.0217924401 0.010591293 0.0195652635 0.010452943 0.0103877563 0.0409614244 0.0127382714 0.0100655744 0.0204589825 0.0075664993 0.0179073446 0.008106685 0.0033285679 0.0308509708 0.0233613087 0.0206131581 0.0099400661 0.0123568562 0.019271274 0.0102910668 0.0151695946 0.0209931957 0.0067745303 0.0179552232 0.0076148688 0.011005016 0.0162174348 0.0134591862 0.0163153979 0.0103671733 0.0120778453 0.0220592974 0.0126584984 0.0099842182 0.0168487534 0.0118855418 0.013747229 0.0154064172 0.0149110747 0.0158744981 0.0125789664 0.022610383 0.0105465851 0.0089507257 0.0246335762 0.0078007343 0.0132898591 0.0195442336 0.0218146993 0.0127346778 0.02407713 0.0071813527 0.0264987305 
15 0.0139842405 0.010969257 0.0145228462 0.0097623741 0.0130302225 0.0209158604 0.0182847958 0.0144264316 0.0163053996 0.0136069188 0.0235036006 0.0100263706 0.0161453092 0.010452943 0.0065330644 0.0096030589 0.0201227423 0.0219654315 0.0180860035 0.012435724 0.0209867557 0.0198586856 0.0143256944 0.0138672852 0.016703646 0.0151322948 0.0156149759 0.0188769894 0.0272841594 0.0177626133 0.009714778 0.0159487146 0.0170952332 0.0199508785 0.0145039115 0.0156148358 0.0173739878 0.01831738 0.026866693 0.013393744 0.0119523235 0.0301840445 0.0145017491 0.0282526783 0.0062186862 0.0188021547 0.0125215321 0.0151384365 0.0009032193 0.0086417831 0.0106142053 0.0244374427 0.0131340647 0.0131551124 0.0136686745 0.0084766948 0.0106892591 0.0146948106 0.0253483147 0.013723549 0.0138343874 0.012867602 0.0133775153 0.0209859095 
16 0.0114875221 0.0211175864 0.0078856882 0.0142525697 0.006072669 0.0138995591 0.012424482 0.0164533669 0.0085830692 0.014765828 0.0138339298 0.0160509624 0.011837006 0.0103877563 0.0096030589 0.01396 0.0123075987 0.0212844989 0.0201115894 0.0147500801 0.0162219982 0.027693271 0.0171252207 0.0251401948 0.0156325074 0.0159214302 0.021636689 0.0394026873 0.0099031344 0.0320330583 0.0191581439 0.016155789 0.0221506325 0.019062154 0.01809986 0.0110030411 0.0166444295 0.0132660525 0.0082184444 0.0138120018 0.0344822236 0.009985028 0.0247974108 0.0132520804 0.0222224059 0.0128666242 0.0115433455 0.0139092097 0.0194836134 0.0110134358 0.0241322779 0.0098763818 0.0063539333 0.0057933204 0.0100937324 0.0174720355 0.0196001114 0.0121838202 0.0127216927 0.0083289377 0.0070072999 0.0141866754 0.0163476071 0.012997236 
17 0.017545779 0.009274975 0.0267819462 0.0078081908 0.0090451119 0.0109848229 0.0055113158 0.0219389964 0.0119117746 0.0056996991 0.0097508356 0.0135312159 0.0062875585 0.0409614244 0.0201227423 0.0123075987 0.0265152985 0.0142747484 0.0161785494 0.0114328807 0.0153255965 0.0057017297 0.0079910374 0.0325312641 0.0118839664 0.0183777146 0.0156472771 0.0108954772 0.011601407 0.0092166155 0.0191810899 0.0148080017 0.0323724682 0.0138444989 0.0182703822 0.0254850273 0.0056244746 0.0118616881 0.0297941376 0.021617561 0.0089485719 0.0162747225 0.0289146027 0.0129878639 0.0214151798 0.0092666978 0.0062171504 0.0194829826 0.0152502043 0.0023451298 0.0162349441 0.0201975429 0.0155388443 0.0188543264 0.0272604821 0.0163506638 0.0075701264 0.0077023813 0.0116966658 0.0172345005 0.0351560687 0.0120553061 0.0142915883 0.0088565746 
18 0.0084684925 0.023397646 0.0251776831 0.0209741991 0.0263462772 0.0293788431 0.0092699471 0.0139150356 0.017859456 0.003729106 0.0062122074 0.0113189881 0.0160223041 0.0127382714 0.0219654315 0.0212844989 0.0142747484 0.011979002 0.0190754664 0.0356506187 0.0144079118 0.0036522194 0.0176138688 0.0158516451 0.0096474582 0.0151113928 0.0099743628 0.0143671648 0.016697964 0.0108129053 0.0053336342 0.0163204229 0.0127283509 0.0179750554 0.0244027042 0.0213573679 0.0192303329 0.0123992758 0.0242038154 0.0307552704 0.0195302416 0.0110534596 0.0218279689 0.0205573844 0.0101759955 0.0172353632 0.0115904238 0.0122804299 0.0179347346 0.0043841725 0.006709711 0.0125869618 0.0114263551 0.0132408969 0.021422967 0.0072597044 0.0163142354 0.0121331341 0.0170388772 0.0215336127 0.0064200095 0.0105486122 0.014877193 0.0200362098 
19 0.0175741996 0.0150418572 0.0079145019 0.0161057037 0.0155321197 0.0314264817 0.0186178355 0.0140527325 0.0122895299 0.0337162398 0.0103096526 0.0309798366 0.0249603267 0.0100655744 0.0180860035 0.0201115894 0.0161785494 0.0190754664 0.0040765904 0.0101491505 0.0141659756 0.0188040148 0.0125994346 0.0245069806 0.0213810068 0.0105580577 0.0225161685 0.0139959579 0.0145115607 0.0204399817 0.0003434813 0.015075273 0.0174041218 0.0137561243 0.0065357951 0.0137892827 0.018936693 0.0108609037 0.0133965828 0.0066245647 0.0184673539 0.0102233775 0.006260877 0.0156105594 0.0104040257 0.0107470844 0.0094621563 0.0119238669 0.0145284056 0.0229866988 0.0207832758 0.0109753684 0.0213779065 0.0199806213 0.0183434704 0.0108780014 0.0198158749 0.0180860754 0.014986391 0.0114974931 0.0175988235 0.0095689967 0.0310127753 0.0080146183 
20 0.033248257 0.0097208697 0.0112723924 0.0172386204 0.0093817759 0.0210903289 0.0176298336 0.0149262768 0.0133482543 0.0122442214 0.0177235656 0.010424834 0.0185227255 0.0204589825 0.012435724 0.0147500801 0.0114328807 0.0356506187 0.0101491505 0.0182279284 0.0169321456 0.014465601 0.0084239761 0.0212236458 0.0135368207 0.0181352642 0.0172967973 0.0120915124 0.0091023505 0.0129833194 0.0130437236 0.0119983936 0.0235236293 0.0092174997 0.0175131793 0.0064590142 0.0164627675 0.0184950546 0.0123143899 0.0177434 0.0097136054 0.0067351855 0.0142064003 0.0211384683 0.0119127889 0.019682297 0.0134661643 0.0150245388 0.0243303076 0.0159344645 0.0118243918 0.0229181031 0.0158220574 0.0106561254 0.0138661748 0.0263753276 0.0199120089 0.0037256713 0.0144194148 0.0140932741 0.0238773254 0.0155230158 0.0084375717 0.0255655121 
21 0.0139830659 0.0090849218 0.0144733207 0.0097539294 0.0140609121 0.0216631598 0.0176254254 0.0106768349 0.0158174401 0.0158108962 0.0169314349 0.021809957 0.0187148711 0.0075664993 0.0209867557 0.0162219982 0.0153255965 0.0144079118 0.0141659756 0.0169321456 0.0180830073 0.0183793622 0.0254443102 0.0151456116 0.0211835866 0.0091385551 0.0066606186 0.017246857 0.025609132 0.0153288098 0.011122324 0.0222132792 0.0263520276 0.0097079134 0.0112001666 0.0169595466 0.017957146 0.0223282873 0.0124893172 0.0116879923 0.0211193428 0.005464122 0.0179772586 0.016027026 0.0174576667 0.0140834277 0.0146667358 0.0226639876 0.018949426 0.0126270854 0.0057005752 0.0108263239 0.0179491219 0.0179117445 0.0205344745 0.0157948555 0.013092507 0.0107847651 0.0166988585 0.0140930169 0.0130315441 0.0116111213 0.0208373446 0.0098467658 
22 0.0231329199 0.0137873882 0.0164059626 0.0077500957 0.0129095607 0.0124995687 0.0105872757 0.0153737261 0.0120415025 0.0247024916 0.0273840612 0.0164936774 0.0089011615 0.0179073446 0.0198586856 0.027693271 0.0057017297 0.0036522194 0.0188040148 0.014465601 0.0183793622 0.0023440689 0.0164987669 0.0159688932 0.0176557048 0.0181407224 0.0191678504 0.0210506421 0.0161477353 0.0174866691 0.0186015135 0.0266670695 0.0116338986 0.0153198544 0.0176285599 0.0106158315 0.0183243595 0.0129466156 0.0090952894 0.008745838 0.0228978109 0.0199323731 0.0156462746 0.0246692811 0.0089660779 0.0237919875 0.0209169549 0.0060835273 0.0150517887 0.007441631 0.0229589285 0.0148535587 0.0130198511 0.0112145453 0.015477886 0.0117292794 0.0194776202 0.0184359702 0.0173491343 0.022308493 0.0144779909 0.0188303166 0.0003850042 0.0116122109 
23 0.0080665728 0.0137599717 0.0095113783 0.0073828827 0.0273515057 0.0098796908 0.0126710437 0.0172234122 0.0138080384 0.0124582174 0.0119153971 0.0208137776 0.0175518154 0.008106685 0.0143256944 0.0171252207 0.0079910374 0.0176138688 0.0125994346 0.0084239761 0.0254443102 0.0164987669 0.0012868485 0.0182306554 0.0217545501 0.0184975907 0.0204702016 0.0117586257 0.0094757574 0.0196757468 0.0222252664 0.0203898878 0.0154636959 0.0129616595 0.0169353799 0.0230880601 0.0107721405 0.0054511429 0.0076389001 0.0090349143 0.0222239679 0.0116879544 0.0135609557 0.0210578977 0.0276718571 0.0157957938 0.0173264747 0.0136591216 0.0323848794 0.0145971407 0.0031450104 0.019628026 0.0136174133 0.0127823079 0.0170893412 0.013672948 0.0138821573 0.0207239911 0.0244204659 0.0194919497 0.0187983857 0.0212328989 0.0080401253 0.0278752152 
24 0.0251431895 0.0113393597 0.0157819312 0.0257921484 0.0046115133 0.0103245619 0.0193440324 0.0087150109 0.0103006079 0.0178116681 0.0094427675 0.018698348 0.0219388099 0.0033285679 0.0138672852 0.0251401948 0.0325312641 0.0158516451 0.0245069806 0.0212236458 0.0151456116 0.0159688932 0.0182306554 0.0148909155 0.0049248338 0.018596426 0.0067626579 0.0120547399 0.0136954944 0.0231690909 0.0098596668 0.0147655234 0.0176765839 0.0067302702 0.01879185 0.018754175 0.0110995648 0.0154070484 0.0164842581 0.0158824372 0.0113005324 0.013212994 0.0128341828 0.0249537878 0.0225085683 0.0146327459 0.0109858217 0.0133334332 0.0196998746 0.0194759577 0.0083814329 0.0166455853 0.0149497913 0.0144378343 0.0149459487 0.0072718253 0.0137923266 0.0221927136 0.0061554097 0.0273007295 0.0134252698 0.0268094701 0.0151477981 0.011021738 
25 0.0066936909 0.0226705026 0.0116783406 0.0092197181 0.0222374214 0.0122487865 0.0185786531 0.02597825 0.0067560295 0.0198311245 0.0214029623 0.0155645143 0.0117591609 0.0308509708 0.016703646 0.0156325074 0.0118839664 0.0096474582 0.0213810068 0.0135368207 0.0211835866 0.0176557048 0.0217545501 0.0049248338 0.0272225348 0.020810904 0.0071579915 0.0116956009 0.0089690235 0.0197390071 0.03491049 0.0172687944 0.0236354507 0.0068833033 0.0067498794 0.0152006235 0.0025634964 0.023844203 0.0176163125 0.0183619533 0.0111487594 0.0215818442 0.0211959186 0.0061395757 0.0196632786 0.0025192455 0.0184615108 0.005067874 0.0131533555 0.0303994601 0.0141011643 0.0166038916 0.016875903 0.0062390537 0.0116472464 0.0143023729 0.0061864928 0.016433046 0.012763703 0.0183242972 0.0156450429 0.0168246249 0.020317203 0.0120013613 
26 0.0180823797 0.0173023152 0.0164492817 0.0088573724 0.0069301018 0.0167624077 0.016348312 0.0080475117 0.0223707461 0.0336384794 0.014255401 0.0234228065 0.0132410975 0.0233613087 0.0151322948 0.0159214302 0.0183777146 0.0151113928 0.0105580577 0.0181352642 0.0091385551 0.0181407224 0.0184975907 0.018596426 0.020810904 0.0296810774 0.0143486306 0.0143279704 0.0078526247 0.0161411539 0.0071999912 0.0300741265 0.0188654451 0.0041702063 0.027395152 0.0194868895 0.01683859 0.0055290446 0.0187476166 0.0131683211 0.0081642732 0.0155940966 0.0120288589 0.003844979 0.0108887884 0.0150599174 0.0181245627 0.0153865566 0.0109244691 0.0108506851 0.0087068068 0.0209531751 0.0041156063 0.0131674334 0.0098391048 0.0121194448 0.0156008156 0.0192288875 0.0220447998 0.0117645215 0.0171945136 0.0191901392 0.0256582265 0.0182326247 
27 0.0103526664 0.0121542885 0.009656699 0.0175152974 0.0242334334 0.0205952524 0.013278775 0.0197581555 0.0237443023 0.0056880932 0.0102059743 0.0184356057 0.0233784521 0.0206131581 0.0156149759 0.021636689 0.0156472771 0.0099743628 0.0225161685 0.0172967973 0.0066606186 0.0191678504 0.0204702016 0.0067626579 0.0071579915 0.0143486306 0.0163487265 0.0178321169 0.0327135114 0.01290537 0.0179581899 0.0046902431 0.0157693124 0.0185330228 0.0170259873 0.0187294086 0.012692339 0.0169017348 0.0181788749 0.0108423427 0.0123218332 0.015928547 0.0134552979 0.0085078683 0.0256409676 0.0233939471 0.0113119141 0.0153932199 0.0084688815 0.0172234001 0.0178693878 0.0070237507 0.0262255833 0.013192553 0.0111831288 0.0248112199 0.0159973211 0.0073186497 0.0198299902 0.0166083152 0.0138284982 0.0136184731 0.0152874976 0.0075741999 
28 0.0224295635 0.0147507254 0.0023993009 0.0219365205 0.0246416976 0.0191014392 0.0241373869 0.0038235358 0.0074894493 0.0118842673 0.0127872272 0.0145064102 0.0088960847 0.0099400661 0.0188769894 0.0394026873 0.0108954772 0.0143671648 0.0139959579 0.0120915124 0.017246857 0.0210506421 0.0117586257 0.0120547399 0.0116956009 0.0143279704 0.0178321169 0.0094527641 0.0333765277 0.0187356403 0.0065280838 0.015893768 0.0189649938 0.0330149444 0.0177825285 0.0107003118 0.0061172107 0.0233226918 0.0089360268 0.0204784405 0.0186520422 0.0120702766 0.0121905449 0.0152915884 0.0086991052 0.0027892188 0.0103307085 0.0080852049 0.0195039815 0.011883791 0.0207470594 0.0099271061 0.0233581038 0.0216427935 0.0177019283 0.0247060845 0.0164924541 0.0143308012 0.0102299016 0.0141096805 0.0118888989 0.0101824678 0.0199423772 0.0276199321 
29 0.0184487322 0.0253669993 0.0225444696 0.0210958069 0.0141563197 0.01614135 0.0150974458 0.0222026361 0.0303492058 0.0245526834 0.0204462962 0.0179381616 0.0171337503 0.0123568562 0.0272841594 0.0099031344 0.011601407 0.016697964 0.0145115607 0.0091023505 0.025609132 0.0161477353 0.0094757574 0.0136954944 0.0089690235 0.0078526247 0.0327135114 0.0333765277 0.009737691 0.0143766619 0.017196496 0.016854424 0.0121007801 0.0151559477 0.0113494348 0.0156209174 0.0137395998 0.0161385581 0.0155025596 0.0041000853 0.012966237 0.0091609015 0.0161587881 0.006242106 0.0193590218 0.0090582762 0.011311165 0.014597141 0.0103739724 0.0151246079 0.0134277197 0.0179183498 0.0140401118 0.0078675992 0.0216075222 0.0184412435 0.0138250881 0.012799402 0.0206327883 0.0104373945 0.0116507985 0.0141217159 0.015619473 0.0066143256 
30 0.013288003 0.0109822298 0.0108364078 0.0022472652 0.0062779196 0.0227556399 0.0112124885 0.0116496097 0.0126085711 0.0132981741 0.0151059753 0.0172212842 0.0125578844 0.019271274 0.0177626133 0.0320330583 0.0092166155 0.0108129053 0.0204399817 0.0129833194 0.0153288098 0.0174866691 0.0196757468 0.0231690909 0.0197390071 0.0161411539 0.01290537 0.0187356403 0.0143766619 0.0165457835 0.0280300171 0.0085990378 0.0208454956 0.0240355621 0.0115160345 0.0084827156 0.0100786643 0.0204530749 0.0210727947 0.0127366707 0.0119871267 0.0080916556 0.0132007337 0.0155668093 0.027102987 0.0048778417 0.0130065304 0.0053752238 0.0111930805 0.0228344601 0.0245598372 0.021981415 0.0188030164 0.0182850742 0.0164984824 0.0238001534 0.0192967728 0.0089229435 0.0105826396 0.0201033372 0.0158524451 0.016444883 0.014629091 0.0144882397 
31 0.015082416 0.0198385686 0.0063157591 0.0074693164 0.0143639949 0.0151466085 0.0150398178 0.0162741871 0.0207990781 0.0194549337 0.0270849303 0.0130231147 0.0137711809 0.0102910668 0.009714778 0.0191581439 0.0191810899 0.0053336342 0.0003434813 0.0130437236 0.011122324 0.0186015135 0.0222252664 0.0098596668 0.03491049 0.0071999912 0.0179581899 0.0065280838 0.017196496 0.0280300171 0.0228066912 0.023020193 0.0091439297 0.0103364168 0.0189536806 0.0235511791 0.0139550342 0.0166564849 0.0122410318 0.0146691355 0.0309825101 0.021906087 0.0056058847 0.0065895326 0.0298744852 0.0109060671 0.0099744236 0.0254507189 0.0138919699 0.0153211108 0.016549274 0.0056167927 0.0146896641 0.021604902 0.0153992283 0.0082438053 0.0124032382 0.0141159925 0.0161276879 0.0147426576 0.027159309 0.009723873 0.0064678487 0.0269572973 
32 0.0145526946 0.0203289346 0.0089544479 0.0253639683 0.0219047679 0.0101505421 0.0269240373 0.0106405678 0.0196593674 0.0106543501 0.013026036 0.0155475934 0.0161188065 0.0151695946 0.0159487146 0.016155789 0.0148080017 0.0163204229 0.015075273 0.0119983936 0.0222132792 0.0266670695 0.0203898878 0.0147655234 0.0172687944 0.0300741265 0.0046902431 0.015893768 0.016854424 0.0085990378 0.023020193 0.0320027282 0.0093399851 0.0049860592 0.0152843221 0.0040932004 0.015336047 0.0120037233 0.010819209 0.015478021 0.0126159524 0.0138734021 0.0193053577 0.0130803663 0.0281126515 0.0151215972 0.0155819261 0.009820968 0.0120655952 0.0211755227 0.0093667573 0.0095917563 0.014805422 0.0106074757 0.0086458481 0.011452273 0.0274927504 0.0112967656 0.0246207283 0.0223038522 0.0047014784 0.0167197716 0.0223965907 0.0061632456 
33 0.0167217641 0.0150224655 0.0085111112 0.0123417885 0.013510442 0.0168692716 0.0148934449 0.016619415 0.0159826201 0.0161349219 0.0156605846 0.0156578071 0.0208592594 0.0209931957 0.0170952332 0.0221506325 0.0323724682 0.0127283509 0.0174041218 0.0235236293 0.0263520276 0.0116338986 0.0154636959 0.0176765839 0.0236354507 0.0188654451 0.0157693124 0.0189649938 0.0121007801 0.0208454956 0.0091439297 0.0093399851 0.014132397 0.0057425029 0.0032877495 0.0094443038 0.0142722488 0.0254826544 0.0108347529 0.0128546164 0.0080480348 0.0220839854 0.0138127568 0.0268288306 0.0084512008 0.0208366937 0.0160939885 0.019978204 0.0089179755 0.0112158574 0.0099536899 0.0107906875 0.0132239361 0.020481279 0.0042323942 0.0125306084 0.0122383028 0.0261834344 0.0142466203 0.0310150942 0.0127902084 0.016354293 0.0128466251 0.0059499479 
34 0.01510255 0.0169162093 0.0096234402 0.0098552309 0.0118365823 0.0099791388 0.0170945759 0.0207691554 0.0123800576 0.0184914058 0.0206283215 0.0124811012 0.0169614925 0.0067745303 0.0199508785 0.019062154 0.0138444989 0.0179750554 0.0137561243 0.0092174997 0.0097079134 0.0153198544 0.0129616595 0.0067302702 0.0068833033 0.0041702063 0.0185330228 0.0330149444 0.0151559477 0.0240355621 0.0103364168 0.0049860592 0.0057425029 0.0115464756 0.0085002079 0.0164811284 0.0220848369 0.0223700724 0.0263883229 0.0233880758 0.0182937452 0.0188216921 0.0215569674 0.0124799904 0.0069039105 0.012312211 0.0255720767 0.0315167558 0.0117803142 0.0130505454 0.0150731697 0.0120320865 0.0171987687 0.0059144226 0.0102791983 0.0131822401 0.0145798563 0.0233000279 0.0225611169 0.0186181728 0.0266584034 0.0146614421 0.0175898764 0.0250262238 
35 0.020639989 0.0171709298 0.0187635176 0.0324530203 0.022525801 0.0090650632 0.0120322189 0.0036678604 0.0127713447 0.0110935021 0.0148989953 0.0253576058 0.0124639416 0.0179552232 0.0145039115 0.01809986 0.0182703822 0.0244027042 0.0065357951 0.0175131793 0.0112001666 0.0176285599 0.0169353799 0.01879185 0.0067498794 0.027395152 0.0170259873 0.0177825285 0.0113494348 0.0115160345 0.0189536806 0.0152843221 0.0032877495 0.0085002079 0.0289821446 0.0173051235 0.0162562309 0.0108840574 0.0142583143 0.0156376667 0.0110862908 0.0119306526 0.0102336214 0.0259287822 0.0201160739 0.0168220136 0.0115495943 0.0175514428 0.0178513563 0.0121243743 0.0275383623 0.0174175048 0.0167154053 0.0157777953 0.0290088273 0.0159005296 0.0129563728 0.0094924524 0.0254296927 0.0077016552 0.0084129306 0.0095946077 0.010398138 0.0025522086 
36 0.0117309736 0.006820356 0.0147369856 0.0070556103 0.0183679667 0.0180219539 0.0065990776 0.0181496299 0.0161391837 0.0104599935 0.0164222745 0.0167068306 0.0212732815 0.0076148688 0.0156148358 0.0110030411 0.0254850273 0.0213573679 0.0137892827 0.0064590142 0.0169595466 0.0106158315 0.0230880601 0.018754175 0.0152006235 0.0194868895 0.0187294086 0.0107003118 0.0156209174 0.0084827156 0.0235511791 0.0040932004 0.0094443038 0.0164811284 0.0173051235 0.0220810742 0.0041811701 0.0097244663 0.0129024134 0.020288725 0.021851782 0.0231192078 0.0143015633 0.0100936135 0.0097798139 0.0095910232 0.0133933701 0.0158620105 0.0041282857 0.025478095 0.015364198 0.0203531302 0.0206969996 0.0246245343 0.0202709665 0.0138647556 0.0125552443 0.0191574164 0.0310484341 0.0249475726 0.0138911674 0.0216287025 0.0250035672 0.0074957276 
37 0.0212888753 0.0161206035 0.0327580657 0.0268765093 0.0191872094 0.0203097138 0.0142645071 0.0261192296 0.0068854905 0.0098940592 0.014704599 0.0267057259 0.0189886497 0.011005016 0.0173739878 0.0166444295 0.0056244746 0.0192303329 0.018936693 0.0164627675 0.017957146 0.0183243595 0.0107721405 0.0110995648 0.0025634964 0.01683859 0.012692339 0.0061172107 0.0137395998 0.0100786643 0.0139550342 0.015336047 0.0142722488 0.0220848369 0.0162562309 0.0041811701 0.0202372279 0.0075684134 0.0090754556 0.0104657049 0.0200412511 0.0205054654 0.0198243071 0.0266547664 0.0082159241 0.0109467213 0.006187434 0.0204310174 0.0186446235 0.0192395695 0.0307904407 0.0143160978 0.0178232389 0.0207246991 0.008127303 0.0138496474 0.0205341271 0.0141071752 0.0079403125 0.013045777 0.0153950308 0.0144623421 0.0080216447 0.0171746639 
38 0.0177093599 0.0260774686 0.0134584948 0.0148694178 0.0193234208 0.0202602965 0.0104763778 0.0252144982 0.0173655779 0.0169887944 0.0130165755 0.0086250277 0.0212679258 0.0162174348 0.01831738 0.0132660525 0.0118616881 0.0123992758 0.0108609037 0.0184950546 0.0223282873 0.0129466156 0.0054511429 0.0154070484 0.023844203 0.0055290446 0.0169017348 0.0233226918 0.0161385581 0.0204530749 0.0166564849 0.0120037233 0.0254826544 0.0223700724 0.0108840574 0.0097244663 0.0075684134 0.0130800338 0.0115919718 0.0151550694 0.0238966678 0.0120159171 0.0140137417 0.0124223294 0.0259408111 0.0135130762 0.0191287505 0.0158708945 0.0133706158 0.0101332571 0.02549312 0.0082533547 0.0142677384 0.0139695018 0.0130177577 0.0126013227 0.0168197828 0.012757386 0.0174135378 0.0153655259 0.006243613 0.0199841157 0.0136551063 0.0169417024 
39 0.0222375284 0.0151073589 0.0078432349 0.0203091773 0.01332281 0.01441985 0.0117143818 0.0275771929 0.0247859953 0.006495672 0.0092969304 0.0215717491 0.0019402322 0.0134591862 0.026866693 0.0082184444 0.0297941376 0.0242038154 0.0133965828 0.0123143899 0.0124893172 0.0090952894 0.0076389001 0.0164842581 0.0176163125 0.0187476166 0.0181788749 0.0089360268 0.0155025596 0.0210727947 0.0122410318 0.010819209 0.0108347529 0.0263883229 0.0142583143 0.0129024134 0.0090754556 0.0115919718 0.0039324484 0.0319699031 0.0139637777 0.0227656794 0.0191300573 0.0111264721 0.0129123139 0.0074911557 0.0226007086 0.0299265977 0.0189392808 0.0244830677 0.0189442284 0.0194328582 0.0138623709 0.0133356332 0.0120766217 0.0143813316 0.0086743364 0.0181065519 0.0202532628 0.0101362995 0.0141364558 0.0134418969 0.0123738594 0.0128540469 
40 0.0231559081 0.0280990215 0.01364474 0.0042124739 0.011749827 0.0074540183 0.0196075587 0.0047580967 0.009913162 0.0094003442 0.0141286235 0.0151918692 0.0128239203 0.0163153979 0.013393744 0.0138120018 0.021617561 0.0307552704 0.0066245647 0.0177434 0.0116879923 0.008745838 0.0090349143 0.0158824372 0.0183619533 0.0131683211 0.0108423427 0.0204784405 0.0041000853 0.0127366707 0.0146691355 0.015478021 0.0128546164 0.0233880758 0.0156376667 0.020288725 0.0104657049 0.0151550694 0.0319699031 0.0151405246 0.0322273447 0.0122201941 0.0118248355 0.0119051993 0.0082154627 0.0174178649 0.0057715989 0.0090346946 0.0088475239 0.0141652036 0.0205710113 0.0159300131 0.0255812903 0.0149312775 0.0280299267 0.0130671419 0.0290003096 0.0352827409 0.0189203153 0.0214201586 0.0155031893 0.0125164082 0.0063294272 0.0167989265 
41 0.0147720365 0.0175992595 0.0225026531 0.0079178861 0.0131561009 0.0065222016 0.0158258518 0.0131995097 0.0165347404 0.0140978787 0.0088526094 0.013403904 0.0120712901 0.0103671733 0.0119523235 0.0344822236 0.0089485719 0.0195302416 0.0184673539 0.0097136054 0.0211193428 0.0228978109 0.0222239679 0.0113005324 0.0111487594 0.0081642732 0.0123218332 0.0186520422 0.012966237 0.0119871267 0.0309825101 0.0126159524 0.0080480348 0.0182937452 0.0110862908 0.021851782 0.0200412511 0.0238966678 0.0139637777 0.0322273447 0.0234199378 0.015488579 0.014457646 0.0140280853 0.0085783341 0.0231165361 0.0095533514 0.0188435746 0.0132759898 0.0136282351 0.0245789648 0.0090086136 0.0062128004 0.0182446906 0.0197259608 0.0211347311 0.0095287273 0.0173958805 0.0075826941 0.0080472141 0.0116334585 0.015178975 0.0197526169 0.0218777059 
42 0.0147619927 0.0165855638 0.0137759187 0.0115151382 0.009332937 0.0210086766 0.0105237081 0.0198125215 0.0050324653 0.0209908952 0.0107744309 0.0203478997 0.0221768688 0.0120778453 0.0301840445 0.009985028 0.0162747225 0.0110534596 0.0102233775 0.0067351855 0.005464122 0.0199323731 0.0116879544 0.013212994 0.0215818442 0.0155940966 0.015928547 0.0120702766 0.0091609015 0.0080916556 0.021906087 0.0138734021 0.0220839854 0.0188216921 0.0119306526 0.0231192078 0.0205054654 0.0120159171 0.0227656794 0.0122201941 0.015488579 0.0113145322 0.0215481649 0.017405202 0.0100139089 0.0212361239 0.0219755538 0.0137720391 0.0244557579 0.0178916281 0.0248586962 0.0101126906 0.0125673111 0.0173058997 0.0076460262 0.0187001306 0.0134331991 0.015568939 0.0142623976 0.0160388481 0.0248978255 0.0159961585 0.0064248917 0.0219457687 
43 0.0101908947 0.014785452 0.0234093209 0.0167189877 0.0082343777 0.0162905569 0.0149885374 0.018245919 0.0075999833 0.0027252421 0.0093136278 0.0140557231 0.0116566029 0.0220592974 0.0145017491 0.0247974108 0.0289146027 0.0218279689 0.006260877 0.0142064003 0.0179772586 0.0156462746 0.0135609557 0.0128341828 0.0211959186 0.0120288589 0.0134552979 0.0121905449 0.0161587881 0.0132007337 0.0056058847 0.0193053577 0.0138127568 0.0215569674 0.0102336214 0.0143015633 0.0198243071 0.0140137417 0.0191300573 0.0118248355 0.014457646 0.0215481649 0.0132910986 0.0275732508 0.0216356565 0.0101140534 0.0135584022 0.0083333254 0.0190701692 0.0067710562 0.0144252559 0.02227976 0.0295842535 0.0249506849 0.0041711185 0.0098699073 0.0100299169 0.0231682668 0.0165030346 0.0215266641 0.022597478 0.0134857123 0.0131380927 0.0192755931 
44 0.0138581312 0.0142510188 0.0197266108 0.0042320543 0.0087912384 0.0138490918 0.0181023856 0.0167012101 0.0156445996 0.0075971172 0.0237164366 0.0122379324 0.005027306 0.0126584984 0.0282526783 0.0132520804 0.0129878639 0.0205573844 0.0156105594 0.0211384683 0.016027026 0.0246692811 0.0210578977 0.0249537878 0.0061395757 0.003844979 0.0085078683 0.0152915884 0.006242106 0.0155668093 0.0065895326 0.0130803663 0.0268288306 0.0124799904 0.0259287822 0.0100936135 0.0266547664 0.0124223294 0.0111264721 0.0119051993 0.0140280853 0.017405202 0.0275732508 0.0252795954 0.0138752894 0.0098330672 0.022577904 0.0135020986 0.0220523903 0.0166211208 0.0142877962 0.0105034826 0.020077011 0.0181774487 0.0194130177 0.0191554613 0.0133321108 0.0218095355 0.0161701003 0.0231442892 0.0087849081 0.0147306072 0.0091642605 0.0108984991 
45 0.017084423 0.0348202127 0.0184836667 0.0137246082 0.0172881805 0.0095857723 0.0150630865 0.0118581827 0.0257287203 0.0067005011 0.018028102 0.011275917 0.0096354282 0.0099842182 0.0062186862 0.0222224059 0.0214151798 0.0101759955 0.0104040257 0.0119127889 0.0174576667 0.0089660779 0.0276718571 0.0225085683 0.0196632786 0.0108887884 0.0256409676 0.0086991052 0.0193590218 0.027102987 0.0298744852 0.0281126515 0.0084512008 0.0069039105 0.0201160739 0.0097798139 0.0082159241 0.0259408111 0.0129123139 0.0082154627 0.0085783341 0.0100139089 0.0216356565 0.0138752894 0.0285715486 0.0101126574 0.0105471813 0.0095256481 0.0298564378 0.0171151325 0.0164242838 0.0191368561 0.0085477451 0.012782661 0.0075933072 0.0103860724 0.0136706061 0.0310246554 0.0072281411 0.0128587257 0.0098485009 0.0205518829 0.0082941168 0.0137295836 
46 0.0202869592 0.0141300906 0.0262821669 0.0212369085 0.0190783171 0.0099716805 0.0210354944 0.0216178559 0.0279740339 0.0108776067 0.0199520017 0.0152889846 0.012282099 0.0168487534 0.0188021547 0.0128666242 0.0092666978 0.0172353632 0.0107470844 0.019682297 0.0140834277 0.0237919875 0.0157957938 0.0146327459 0.0025192455 0.0150599174 0.0233939471 0.0027892188 0.0090582762 0.0048778417 0.0109060671 0.0151215972 0.0208366937 0.012312211 0.0168220136 0.0095910232 0.0109467213 0.0135130762 0.0074911557 0.0174178649 0.0231165361 0.0212361239 0.0101140534 0.0098330672 0.0101126574 0.0300385614 0.0228065835 0.0131995088 0.0145224626 0.0136914156 0.01637121 0.0135210632 0.0131164535 0.0235515996 0.0106666553 0.0207565497 0.0066998045 0.0104778358 0.0178319275 0.0187081151 0.0164572187 0.0171742184 0.0244975596 0.0150748203 
47 0.0243753205 0.0142418507 0.0176177915 0.0150410446 0.0206417592 0.010862585 0.0197948832 0.0241874213 0.0213956243 0.0250571348 0.0187479984 0.0177814277 0.0144462165 0.0118855418 0.0125215321 0.0115433455 0.0062171504 0.0115904238 0.0094621563 0.0134661643 0.0146667358 0.0209169549 0.0173264747 0.0109858217 0.0184615108 0.0181245627 0.0113119141 0.0103307085 0.011311165 0.0130065304 0.0099744236 0.0155819261 0.0160939885 0.0255720767 0.0115495943 0.0133933701 0.006187434 0.0191287505 0.0226007086 0.0057715989 0.0095533514 0.0219755538 0.0135584022 0.022577904 0.0105471813 0.0228065835 0.0122871861 0.0194346105 0.0157057168 0.0160208145 0.0057994723 0.005517897 0.034604759 0.0233481307 0.025742445 0.0203673742 0.0161572474 0.0097878222 0.0171160739 0.0138381975 0.0190872745 0.0077430645 0.0112813281 0.011967988 
48 0.0147358402 0.023763406 0.020333074 0.0094678643 0.0182047447 0.013354082 0.0163815504 0.0190823792 0.0137627761 0.008142868 0.0240221856 0.0074337329 0.0233616795 0.013747229 0.0151384365 0.0139092097 0.0194829826 0.0122804299 0.0119238669 0.0150245388 0.0226639876 0.0060835273 0.0136591216 0.0133334332 0.005067874 0.0153865566 0.0153932199 0.0080852049 0.014597141 0.0053752238 0.0254507189 0.009820968 0.019978204 0.0315167558 0.0175514428 0.0158620105 0.0204310174 0.0158708945 0.0299265977 0.0090346946 0.0188435746 0.0137720391 0.0083333254 0.0135020986 0.0095256481 0.0131995088 0.0194346105 0.0040276122 0.0095673929 0.0095140124 0.010428535 0.009860164 0.0229780559 0.0312532222 0.0124736942 0.0180997721 0.0149676905 0.0235936836 0.0119002099 0.0120228559 0.0280370841 0.0137796069 0.0246751494 0.0175689833 
