128
1 0.0037145689 0.0138292786 0.0083633043 0.0049785178 0.0086921157 0.0078225278 0.0109595329 0.0049622586 0.010121793 0.0088116236 0.0133660308 0.0087015905 0.0042665794 0.0064755037 0.0095878032 0.0036462268 0.0059836248 0.0080102584 0.0063368808 0.0110646458 0.0024923993 0.0117428378 0.0087224637 0.0019867995 0.0044211018 0.0095362147 0.0049941158 0.0102002734 0.0084624449 0.0080423646 0.0070896619 0.0103689358 0.0036725478 0.004172852 0.0121233604 0.0079154756 0.0074622651 0.0086649176 0.0055096528 0.007966998 0.0062436312 0.0063248699 0.0059116046 0.0139180793 0.0037972616 0.0169770965 0.0029782339 0.0083231623 0.0076868158 0.0081708895 0.0076035786 0.0067109468 0.0095855447 0.0119641462 0.0066603245 0.0104113616 0.0083345752 0.0074554092 0.0076668753 0.0116425578 0.0083863851 0.0081866624 0.0076672254 0.0077449624 0.0085984408 0.0098798323 0.0082735593 0.0082355314 0.0084717345 0.0082211167 0.0100368312 0.0073217774 0.0131959809 0.0041920717 0.0034766204 0.0093833086 0.0089938592 0.0082156175 0.0080645749 0.007840771 0.0073970014 0.0130992582 0.0119988013 0.0060625461 0.0108008887 0.0065940817 0.0025017787 0.0100061921 0.0095203782 0.0088032573 0.0052514985 0.0086968083 0.003731335 0.0099114827 0.0125439578 0.0094417069 0.0072951023 0.0069951709 0.0061283445 0.009847133 0.0089651955 0.0077618053 0.005632505 0.008005755 0.0061976977 0.0069946089 0.0047449826 0.007556937 0.005558011 0.0072636395 0.0123691995 0.0048567393 0.0081250362 0.0033200708 0.0003248217 0.0139272988 0.0041368872 0.0088856885 0.0098015797 0.0043644331 0.0042850463 0.0109972528 0.0008403913 0.0053788027 0.0079368635 0.008096124 0.0139627958 0.0050869322 
2 0.0138292786 0.0050143748 0.0041255972 0.010385229 0.0046179955 0.0111807833 0.0101969887 0.0086906734 0.0092508312 0.0042610231 0.0097866603 0.0136099378 0.0072877874 0.0055809274 0.0024168135 0.0082738044 0.0099837219 0.0101328218 0.0057444704 0.0038751876 0.0123399737 0.0064159611 0.0062869298 0.0082139898 0.0113724649 0.0037317103 0.0036882493 0.010948087 0.0140591721 0.0043193361 0.0066866 0.0048399384 0.0108675968 0.0070345942 0.0093610201 0.0055313961 0.0058599316 0.0097903075 0.0069019491 0.0065159883 0.0103872984 0.0028747628 0.0106653298 0.0047879934 0.0127458953 0.0099259706 0.0087398617 0.0132792292 0.0065560154 0.0094778324 0.0069186063 0.0097119989 0.0119985577 0.0089115368 0.0053049104 0.0045719188 0.0059686428 0.0064852535 0.009147984 0.0095997864 0.0033715473 0.0083601514 0.0047494832 0.0042703403 0.0078758814 0.0080784903 0.0026045584 0.0100100539 0.0054864939 0.0064240484 0.0104052169 0.0091989908 0.0083102312 0.0044621734 0.0079351868 0.0090050892 0.0100684397 0.0074971559 0.0064499253 0.0067101032 0.0043208268 0.008631627 0.0074174354 0.0039026217 0.0055398361 0.0090578824 0.0087130887 0.006760178 0.0060556658 0.0093656762 0.0096653588 0.0067648422 0.0080981071 0.0115470845 0.0087624988 0.0046936154 0.0060340946 0.0103937376 0.0097582594 0.0083463774 0.0058752763 0.0139149621 0.0097461879 0.0108440474 0.0064803746 0.0096876317 0.0052404597 0.0090590826 0.0088131679 0.0046550778 0.0049880681 0.0112983611 0.0066720016 0.0063740901 0.0118688656 0.0073361776 0.0092663086 0.0064030592 0.0060684021 0.0066809887 0.0045045621 0.0062947309 0.0117021208 0.0114275548 0.008368861 0.0104592328 0.0024852347 0.0073132486 
3 0.0083633043 0.0041255972 0.0098935579 0.0112336143 0.0040810432 0.0063526012 0.010436124 0.0063896882 0.0097018964 0.0050691943 0.0052511534 0.0055458742 0.008614675 0.0093731005 0.0100547734 0.0127361087 0.0127649402 0.0072748655 0.0030879064 0.0117756325 0.0074072747 0.0105206472 0.0094397024 0.0057953998 0.010058423 0.0056867404 0.0085302459 0.011662652 0.0081875818 0.0023480815 0.0040736399 0.0060970471 0.0039276191 0.0043922353 0.0072430783 0.0087755397 0.005491793 0.0027675839 0.0088060357 0.0072254543 0.006670463 0.0152549041 0.0054825408 0.0037939301 0.0062278641 0.0098450344 0.0113821173 0.0049125997 0.0055971358 0.0084435876 0.0061135316 0.0081787744 0.0101432475 0.0086776415 0.0065414969 0.0079566563 0.0085015656 0.0039012929 0.0054688695 0.0117704484 0.0038958516 0.0058620515 0.0076708629 0.0119003637 0.0053117512 0.0047942184 0.0062727741 0.0109048917 0.0117324239 0.0084761372 0.0065814951 0.0063808932 0.0054844934 0.0105790905 0.0070812348 0.0078749116 0.0037893946 0.0069236682 0.0085532078 0.0040241526 0.011218648 0.0091969347 0.0117672784 0.0068064511 0.0053097426 0.004195345 0.0077950123 0.0032443962 0.0073530936 0.016517804 0.0089023202 0.0098299988 0.0067287644 0.0022457774 0.0082407195 0.0080076752 0.0111262962 0.0155031913 0.0120563223 0.0083132994 0.0052614755 0.0091993673 0.0051891435 0.0081920492 0.0091850209 0.0113958693 0.0058017058 0.0040175339 0.0089222796 0.0160045797 0.0091437122 0.0094396823 0.003657913 0.009847901 0.0051321005 0.0083591424 0.007099585 0.0049675443 0.0042417399 0.0042129179 0.0127249888 0.0107472204 0.0107229666 0.007328363 0.0050124982 0.0071392465 0.0105910161 0.0125833717 
4 0.0049785178 0.010385229 0.0112336143 0.0074534346 0.0061221759 0.0085167872 0.0089010961 0.0057055708 0.0075498059 0.0083031447 0.0096793438 0.0042796723 0.0024943994 0.0059600007 0.0072733545 0.0031685251 0.0080137408 0.010965798 0.0047154557 0.009088439 0.004813771 0.0097056267 0.0115481743 0.0182069447 0.0100354905 0.0136372315 0.010253946 0.0061293075 0.0115036145 0.005601001 0.0038571996 0.0075046806 0.0034493314 0.0064807943 0.0087754787 0.0098302572 0.0086125676 0.0074795938 0.0111864912 0.0074157095 0.0128733128 0.0086707913 0.0030822656 0.0052577936 0.0050691952 0.0081602211 0.0110770657 0.0105844149 0.0063326089 0.0052500091 0.0081886493 0.0091974522 0.0079482327 0.0093828371 0.0091576271 0.0093763625 0.0127787781 0.0031055905 0.0093041861 0.0099320161 0.0050717868 0.0111590603 0.0079713498 0.0127314743 0.0125520889 0.0080845322 0.008059182 0.005572595 0.0078434088 0.0087776178 0.0117667764 0.0068836686 0.0058321384 0.0064370494 0.0091587559 0.0078827091 0.0098444154 0.0086045622 0.004445653 0.0077312011 0.007254246 0.0082166082 0.0061142471 0.0022288201 0.0063021738 0.0024524511 0.0085302665 0.0074017584 0.0109781733 0.004210864 0.0090449292 0.0045952689 0.0096853694 0.0100312377 0.0106637366 0.0089011177 0.0069135814 0.0037866031 0.0061502036 0.0073943823 0.0079468469 0.0014278707 0.0037494006 0.0082932755 0.007266138 0.0053211845 0.0065506982 0.0058220299 0.0046157642 0.0064555541 0.0047570187 0.0054026173 0.0050238237 0.0103947163 0.0123722868 0.0091252148 0.0056848083 0.0123532246 0.0080904633 0.0073936401 0.0083682603 0.0140050512 0.0067215891 0.0098233609 0.011984759 0.0028581078 0.0059307574 0.0094507468 
5 0.0086921157 0.0046179955 0.0040810432 0.0061221759 0.0142599337 0.0091570195 0.0095404669 0.008123857 0.0075610606 0.008463355 0.0039193271 0.0083636775 0.0050898285 0.0040098345 0.008094016 0.0089621698 0.0094968773 0.0086725839 0.0132834166 0.0082373719 0.0103146683 0.0086270625 0.0032385166 0.0030621724 0.015375178 0.0080762845 0.0036239658 0.0090612702 0.0097676336 0.0071617288 0.0113845969 0.0080349981 0.0049879545 0.0113055625 0.0072560757 0.0081238742 0.0107766952 0.0072225777 0.0150371728 0.0055022661 0.0105371272 0.0097856057 0.0080327188 0.003982214 0.009591586 0.0085420085 0.0087070493 0.0143495121 0.0058151749 0.0089941517 0.0127974118 0.0086923086 0.009088823 0.0073419313 0.0069332517 0.0054563767 0.0099948042 0.0079187274 0.0107546905 0.0044561866 0.0079572739 0.0086557072 0.0066706306 0.0084540789 0.0057179475 0.0042786313 0.0072699755 0.0046474132 0.0074925769 0.0036492767 0.0053947814 0.011825611 0.0115300254 0.0069849979 0.0068129871 0.0025864812 0.0044303915 0.0088610356 0.0074079579 0.0111915699 0.0086643048 0.0074987345 0.0082569683 0.0132924695 0.0084643725 0.0041423572 0.0050115095 0.0040899677 0.0114725558 0.0080864547 0.0064464551 0.0140878444 0.0051130627 0.0065079811 0.0028183701 0.0085457516 0.0042142587 0.0086504619 0.0063296093 0.0081968418 0.0072205152 0.0041391658 0.0065606022 0.004150976 0.0131995027 0.0083079283 0.0079638608 0.0076156805 0.0049146169 0.0052722715 0.0080364947 0.0044108551 0.0067569027 0.0043717284 0.0049718297 0.0107797243 0.0114276799 0.0052149092 0.0061388363 0.0105353523 0.0067373922 0.0069154952 0.0124819702 0.006915173 0.0038288013 0.0090758243 0.0140424162 0.0078437734 
6 0.0078225278 0.0111807833 0.0063526012 0.0085167872 0.0091570195 0.0067793653 0.0021551846 0.0072662793 0.0049486207 0.0074520254 0.0066504119 0.0063592597 0.0108632917 0.0065966053 0.0051329204 0.0081898936 0.008380653 0.0062753886 0.0048369 0.0032490426 0.0088945549 0.0059058023 0.0104345777 0.0047715156 0.0101019697 0.0073170761 0.004080672 0.0084586613 0.0126581917 0.0056004019 0.0106920585 0.0143586734 0.0133641572 0.0077776376 0.0048162954 0.011142507 0.0034967945 0.0064183479 0.0073200494 0.0125872794 0.01405976 0.0049335314 0.0082469686 0.0106296131 0.0083548417 0.0092447322 0.0117719167 0.0056110092 0.0115222731 0.010073041 0.0047153851 0.0048935414 0.0084098855 0.0038430524 0.0075145532 0.0106752192 0.0067869656 0.0081910253 0.0058322322 0.0105372415 0.008388339 0.0076976024 0.0143551979 0.0032691975 0.0080943167 0.0049099146 0.0061898511 0.0081506937 0.0075974333 0.0070242806 0.0106148879 0.0026351288 0.0117604012 0.0059641006 0.0114789466 0.0106939404 0.0024022694 0.008299492 0.0087641175 0.0098219156 0.0026695546 0.0062081793 0.0089082572 0.0065040853 0.0097861092 0.0099836274 0.0110623285 0.0034131711 0.0185964517 0.0046037233 0.0051062487 0.0039526219 0.0067673119 0.0078782118 0.0096645634 0.0061517154 0.0074814701 0.0141479758 0.0101636575 0.0116872516 0.008069425 0.005726419 0.0078473954 0.0057927414 0.0103546382 0.0047189452 0.0081918623 0.0114583909 0.0066014886 0.00961717 0.0055242777 0.0025987927 0.0104334236 0.0053419474 0.0030323068 0.0090306945 0.0035587441 0.0093315401 0.0070908175 0.006599784 0.0105250379 0.0088982537 0.0045560262 0.0090620477 0.0090840642 0.0085564801 0.0053815809 0.0059575897 
7 0.0109595329 0.0101969887 0.010436124 0.0089010961 0.0095404669 0.0021551846 0.0028352944 0.0104094746 0.0114037581 0.0093949675 0.0143114577 0.0037100616 0.0064574208 0.0077734251 0.0075812762 0.0079873974 0.0102801225 0.0058553111 0.0095730927 0.007440687 0.0092919731 0.0065382736 0.0063111089 0.0087621391 0.0059198325 0.0090802297 0.0043503722 0.0124862006 0.0040910478 0.0109213759 0.0117039819 0.0083076102 0.0057357347 0.0076076473 0.0073556099 0.0056198663 0.0055924332 0.0096139073 0.0036289578 0.0031918681 0.0048657589 0.0091529108 0.0048079241 0.0099831713 0.0098711379 0.0084902511 0.0098187043 0.0036776865 0.0111502856 0.0071615361 0.0056121369 0.0117643576 0.0057329025 0.00527217 0.0027652098 0.0122781815 0.00780327 0.0072497726 0.0065709675 0.0154572589 0.0078203381 0.010985693 0.0059175141 0.012538732 0.002085516 0.0046568259 0.0080935919 0.0105085809 0.0032071448 0.0087311188 0.0069389522 0.0076945276 0.0086005913 0.0085773192 0.0051667637 0.0098688764 0.0140602312 0.0038543969 0.0103777577 0.0102912939 0.0051695116 0.0236694382 0.0027597037 0.0150525832 0.0044392923 0.0116229323 0.0109729626 0.0067189872 0.0058821706 0.0059386706 0.0069442333 0.0164408638 0.0103288581 0.0039475626 0.0049635396 0.0121057801 0.0069405117 0.0102595133 0.0045373516 0.0116237651 0.0090656633 0.0071565735 0.0030312265 0.0070126229 0.0093386207 0.0056530105 0.0025012821 0.0080235649 0.0153600451 0.0061316264 0.0049947452 0.0054840612 0.0052657844 0.0078850395 0.0058138089 0.0044653339 0.005257234 0.0076072862 0.0070249253 0.0019864596 0.0086320763 0.0061300268 0.0051576846 0.0027148475 0.007305886 0.0069094477 0.0119990419 0.0089991742 
8 0.0049622586 0.0086906734 0.0063896882 0.0057055708 0.008123857 0.0072662793 0.0104094746 0.0029971301 0.0092720475 0.0050361004 0.0067593708 0.0053220289 0.0148304304 0.0037417747 0.0090307641 0.0095328308 0.0067016332 0.0057659558 0.0038184604 0.0066095966 0.0060137102 0.0075093413 0.0064008623 0.0038328604 0.0062786784 0.0085571103 0.0093580525 0.0047082943 0.0075810945 0.0070030067 0.011900397 0.0103251749 0.0089438699 0.004983261 0.0084822435 0.0100811621 0.0099844442 0.0073061522 0.0080184602 0.0064271493 0.005301695 0.0064138554 0.0038713296 0.0129083193 0.0100618482 0.0096499198 0.0062856325 0.0036450251 0.0173522085 0.0057130013 0.0061442994 0.010835534 0.009864383 0.0072842021 0.0095886029 0.0090802716 0.0088235047 0.0066416999 0.0064768273 0.004663108 0.0139073683 0.0120137274 0.0122832053 0.0075730955 0.0101905491 0.0091566826 0.0061161859 0.0098813433 0.0080677902 0.008641604 0.0033051142 0.0095316687 0.0058817628 0.0068663755 0.0037659472 0.0060832508 0.007202784 0.0063331173 0.0098553355 0.0077722311 0.0097549514 0.0049929909 0.0086769848 0.0040954139 0.0063309424 0.0048326607 0.0063591921 0.0026988555 0.0029952869 0.0069622388 0.0081150076 0.0104863589 0.0084873041 0.0086481262 0.0076666195 0.0099272214 0.0068145531 0.0111774197 0.0123394277 0.0065449014 0.0040323844 0.0065520989 0.0133827574 0.0076590615 0.0042506466 0.009549904 0.0071079919 0.0131491727 0.010098883 0.005372214 0.0077823267 0.0041486106 0.0106495678 0.0134842621 0.0065749028 0.00698262 0.0089523601 0.0044383509 0.0150270692 0.0074632581 0.0062900583 0.004770788 0.0069680436 0.0069133601 0.009730676 0.008885954 0.0137139396 0.0084666237 
9 0.010121793 0.0092508312 0.0097018964 0.0075498059 0.0075610606 0.0049486207 0.0114037581 0.0092720475 0.0009255086 0.0056686254 0.0092303315 0.0098273939 0.0137046713 0.0129220672 0.0091962363 0.0064427447 0.007352792 0.0031263254 0.0109986762 0.0073166244 0.007275716 0.0117285412 0.0084694114 0.0063201422 0.0024923412 0.0049176835 0.0106341139 0.0076119028 0.003718977 0.0109881334 0.0040028265 0.0119644125 0.0114563551 0.0068148966 0.0067141055 0.0070797761 0.0082022514 0.0073446229 0.0029153563 0.0136728284 0.0068534177 0.0080952399 0.0059700459 0.0116362708 0.0035941535 0.0111638742 0.009164633 0.0110718281 0.0072168468 0.0078689476 0.0044399711 0.0056589581 0.008857818 0.0097229671 0.0147373435 0.0091755255 0.0045063204 0.0102963497 0.0092668103 0.0070890878 0.0054880586 0.0107662877 0.0061761785 0.0068639331 0.005462322 0.00681525 0.0052424599 0.0094438863 0.0067036366 0.0063131544 0.0080652822 0.0075148424 0.0055836631 0.0055750759 0.0088628694 0.0072283868 0.0079576774 0.0073926948 0.006034614 0.0100708133 0.0077151584 0.0090471099 0.0095472924 0.0109042492 0.0111829603 0.0051296832 0.0066215396 0.0059075879 0.0065775656 0.0076932555 0.0070514277 0.0073421446 0.0096771131 0.0060963001 0.0075318169 0.0070604337 0.0109075923 0.0130663825 0.0055071802 0.0080576785 0.0049457659 0.0078578833 0.0095707379 0.0121217496 0.00200846 0.0052475864 0.0111781123 0.0081273681 0.0006628245 0.0063024204 0.0061986976 0.0038731902 0.0132900667 0.0024408214 0.0071332588 0.0073527878 0.0077389914 0.0062399521 0.0066964317 0.0089741118 0.0097626982 0.0073818135 0.0113063111 0.0076854765 0.0079988998 0.0087858747 0.0103143954 0.0053851417 
10 0.0088116236 0.0042610231 0.0050691943 0.0083031447 0.008463355 0.0074520254 0.0093949675 0.0050361004 0.0056686254 0.0083515718 0.0071752428 0.011313215 0.0101122834 0.0115104831 0.0067632888 0.0060238147 0.0055231042 0.0083862315 0.0089037534 0.011030627 0.0053031967 0.0103249793 0.0121085256 0.0120783369 0.017433475 0.0060557528 0.0098238666 0.0108348475 0.0061775197 0.0046657953 0.009449666 0.0053361905 0.0081912072 0.0026718073 0.009027727 0.0074208122 0.0076359948 0.0089870856 0.0062931762 0.009738382 0.0089424202 0.0089418361 0.0065196527 0.0058984176 0.0058267886 0.0164468876 0.010115982 0.0085212642 0.0076398826 0.0117504341 0.0030529647 0.0076861813 0.0046606448 0.002858631 0.0132164806 0.0116458322 0.0031842033 0.0031347896 0.0142235876 0.0107703054 0.0040314973 0.008157085 0.0076663262 0.0134094509 0.0026412194 0.0127233404 0.0053443262 0.0065262906 0.0060447496 0.0074147868 0.0096725515 0.0119085221 0.0130595601 0.0035514319 0.0049977277 0.010278212 0.0085655239 0.0121761683 0.0053259858 0.0041706401 0.0093605309 0.009071487 0.0087449222 0.0032873082 0.0028234026 0.0070140506 0.0032047651 0.0073389428 0.0045869318 0.0052951774 0.0089056748 0.0018967617 0.0051525576 0.010223608 0.0051218563 0.0077336983 0.0095803761 0.0123119529 0.0069355263 0.0071304428 0.0055953055 0.0034251081 0.0039932342 0.0052746085 0.0098625074 0.0044511756 0.0099713752 0.0060178784 0.0044915145 0.0093411906 0.0097063887 0.0063565162 0.0054959809 0.0060001529 0.0111427845 0.0037518834 0.0085939351 0.0085521215 0.0059751424 0.0144726913 0.0106309426 0.0106246173 0.0092678767 0.0097922495 0.0110125778 0.0024326505 0.00289054 0.0153424761 
11 0.0133660308 0.0097866603 0.0052511534 0.0096793438 0.0039193271 0.0066504119 0.0143114577 0.0067593708 0.0092303315 0.0071752428 0.0066974321 0.0070483201 0.0064390982 0.0051011358 0.0086470511 0.0104631096 0.0095297185 0.0095346708 0.0082422798 0.011785825 0.0074656537 0.0081770587 0.0063197536 0.007856762 0.0072633278 0.0062767553 0.0055906248 0.0026354891 0.0052320385 0.0079204229 0.005726241 0.004963892 0.0133973318 0.0084048732 0.0101454415 0.0091354037 0.0060381795 0.0097698794 0.008910973 0.0080457602 0.004172543 0.01115536 0.0095171035 0.0082810995 0.0112608817 0.0036011342 0.0039262442 0.0051987239 0.0067146656 0.005505108 0.0129080697 0.0074973658 0.0049676156 0.0074968037 0.008305552 0.0071335783 0.0051630875 0.0065569987 0.0060694625 0.0089491395 0.0061160243 0.0115113002 0.0113140985 0.0064929317 0.0085617799 0.009294898 0.0046683191 0.0053374387 0.0085548184 0.0062149632 0.0081243069 0.0046100498 0.0099750474 0.0142330608 0.0150715473 0.0059434149 0.0079409294 0.005343687 0.0124833712 0.0057595469 0.0025128313 0.0069468495 0.0048876299 0.0094083611 0.0084138381 0.0124974459 0.0064359717 0.0074071661 0.0120383281 0.0116433507 0.0064551925 0.0126054759 0.0034361899 0.0092972329 0.0106718579 0.0045387293 0.0106100257 0.0081050539 0.0093234571 0.0100964433 0.0069807633 0.0101917055 0.0090268791 0.0084325124 0.0068482203 0.0091155443 0.0080509766 0.0039668273 0.0056009602 0.0052540665 0.0063599542 0.0108083315 0.0064197395 0.002609792 0.0099699423 0.0092260718 0.0065227297 0.0097662002 0.0120322682 0.0100306816 0.0034644166 0.0027709628 0.0053653827 0.0095800291 0.005222326 0.0094695339 0.003208925 0.0055469239 
12 0.0087015905 0.0136099378 0.0055458742 0.0042796723 0.0083636775 0.0063592597 0.0037100616 0.0053220289 0.0098273939 0.011313215 0.0070483201 0.0079897805 0.0061161506 0.0079141193 0.0120690654 0.0073636382 0.0073363294 0.0129318903 0.0093909732 0.0101299656 0.0055904877 0.0083905959 0.0084984989 0.0115992832 0.009266978 0.0077362505 0.0067665493 0.0107242176 0.0081967936 0.0113184532 0.0032981294 0.010746765 0.0063677733 0.0144470083 0.0087567042 0.0043398075 0.0094078368 0.0135127968 0.0068106844 0.0159526363 0.0019914599 0.0110550235 0.0079116971 0.0035996548 0.007927928 0.0130942388 0.0040902363 0.0052622947 0.0069827591 0.0061488676 0.0067845908 0.0064393061 0.0073741072 0.0066077243 0.0060396899 0.0032306003 0.0096590478 0.0073445119 0.0135382026 0.0093049961 0.0031447864 0.0099149018 0.0078736757 0.0092864693 0.0084924895 0.0057227272 0.007613773 0.006224235 0.0106284165 0.0122263103 0.0123684355 0.0065516219 0.0046143037 0.0089403301 0.005332364 0.0088919281 0.0089923753 0.006427032 0.0143806971 0.0074131439 0.0072378902 0.0091993234 0.0088725342 0.0056033244 0.0083163626 0.0064285659 0.0039391647 0.0126002478 0.0071965458 0.0070251318 0.0113253847 0.0032331001 0.0036225354 0.0104090182 0.0095938521 0.0048530401 0.0056220302 0.0114159914 0.004379687 0.0050642084 0.0101092992 0.0038895986 0.0088655701 0.0110908062 0.0029345004 0.003223037 0.0036462441 0.0008020343 0.0075130545 0.0092540338 0.0095012961 0.006537872 0.0099599568 0.0133107629 0.0057530711 0.0044825932 0.0112614196 0.006077991 0.0032594818 0.0104140391 0.0027185175 0.0061885372 0.0081639521 0.0113114202 0.0030558536 0.0077462778 0.0085181984 0.0079944962 
13 0.0042665794 0.0072877874 0.008614675 0.0024943994 0.0050898285 0.0108632917 0.0064574208 0.0148304304 0.0137046713 0.0101122834 0.0064390982 0.0061161506 0.0099059265 0.0097354275 0.006310449 0.008534862 0.0057546536 0.0089998021 0.0103462236 0.003901332 0.0102820662 0.0055456369 0.0050590308 0.0095862113 0.0121430176 0.0070211245 0.0107657779 0.006944585 0.0057187599 0.0064218814 0.0042482685 0.0034095847 0.0049532482 0.012779081 0.0145806804 0.0057934835 0.0093731905 0.0096748898 0.0092445213 0.0143404455 0.0075942257 0.0131191394 0.0062105724 0.0114141108 0.0078594713 0.0013119961 0.0062752404 0.0033394889 0.0037097939 0.0020489233 0.0093116912 0.0056778759 0.0040140216 0.0059735833 0.0065312872 0.0078980007 0.005149948 0.0090640424 0.0101613265 0.0050704122 0.0061505953 0.0091298569 0.0043205269 0.0055494329 0.0073819594 0.0066854593 0.0092302903 0.0160538308 0.0081771768 0.007706609 0.0022783754 0.0083810802 0.0092860071 0.0067223027 0.0051303853 0.0079156421 0.0128071504 0.0089106336 0.0072884054 0.0076255721 0.0096299885 0.00706458 0.009635807 0.0054574186 0.0090843798 0.008431167 0.0138963226 0.006801594 0.0044183643 0.0089431809 0.0073755992 0.0054527475 0.0151165163 0.0085380072 0.0056503793 0.009294069 0.010395829 0.0071537653 0.0085437779 0.0098047952 0.0072111991 0.0052270458 0.0113491031 0.0055166526 0.0055336168 0.0051705737 0.0104657403 0.0092878806 0.0099628399 0.011918047 0.00638028 0.0098827739 0.0042341706 0.0080723662 0.0085408149 0.003952342 0.0074457236 0.0087662241 0.0062810634 0.0066376686 0.0135003967 0.0094754945 0.0054741256 0.0062726162 0.0050373944 0.0062659373 0.006988914 0.0083434862 
14 0.0064755037 0.0055809274 0.0093731005 0.0059600007 0.0040098345 0.0065966053 0.0077734251 0.0037417747 0.0129220672 0.0115104831 0.0051011358 0.0079141193 0.0097354275 0.0100849645 0.0060474797 0.0111582297 0.0056825558 0.0090140092 0.0074238367 0.0073341358 0.01005954 0.0088147872 0.0072731262 0.0045540245 0.004618037 0.0106813277 0.00694308 0.0085874199 0.0078161284 0.0123681847 0.012675587 0.0044660931 0.0052037397 0.0094364308 0.0048135159 0.0056334075 0.0071455954 0.0031406104 0.0023023188 0.0092924798 0.0088364795 0.013795956 0.0083153475 0.0085448967 0.0066623837 0.0071557014 0.0078817684 0.0090844866 0.0107301309 0.0100118684 0.0106848445 0.0127470582 0.0072447563 0.0053208213 0.0086573772 0.0025497618 0.0062849097 0.0104655513 0.0056295543 0.0117603275 0.0104993441 0.0051512546 0.0049435238 0.0158397135 0.004706429 0.0087441196 0.0122057078 0.0087451174 0.0088938202 0.0065479836 0.0046348247 0.0085906537 0.0095121865 0.0078531678 0.0095120083 0.0113460016 0.0021981284 0.0072262882 0.0058370899 0.0124732709 0.0109241498 0.0092777538 0.0056893903 0.0039948437 0.0048509727 0.0049263432 0.0119457927 0.0106791679 0.0027152693 0.0075271586 0.0029976349 0.0063820923 0.0101520604 0.0035440645 0.005389546 0.0082383334 0.0067704494 0.0072252002 0.0073452125 0.0066914692 0.0072277014 0.0086863572 0.0047169387 0.0056197926 0.0137433574 0.0096416492 0.0067304609 0.0083608857 0.0085370415 0.006544325 0.004111081 0.0008016253 0.0081447473 0.0094261182 0.0098591912 0.0064119049 0.0081503964 0.0063098564 0.0112135767 0.0036546468 0.0078833433 0.0119564162 0.0118922823 0.0046343782 0.0116178271 0.0058658151 0.013620751 0.0102809636 
15 0.0095878032 0.0024168135 0.0100547734 0.0072733545 0.008094016 0.0051329204 0.0075812762 0.0090307641 0.0091962363 0.0067632888 0.0086470511 0.0120690654 0.006310449 0.0060474797 0.0060481013 0.0100235589 0.0041829761 0.003043484 0.0083975236 0.0076289332 0.0060387764 0.0092958514 0.0052616547 0.011405699 0.0056657688 0.0090909321 0.0113440997 0.0108141594 0.005731397 0.0046186162 0.0129360168 0.0104804828 0.0060524887 0.0081333854 0.0052415087 0.0028943443 0.0151185409 0.0075926027 0.0130204989 0.0053774738 0.0101354195 0.0094675719 0.00628202 0.0081463517 0.004911942 0.0053175945 0.0050196449 0.0047817562 0.0077535003 0.0096012464 0.0087669864 0.0037303492 0.0154280738 0.0094979341 0.0110701139 0.0076009578 0.0036961034 0.0052278236 0.0081170136 0.0039844909 0.0093739186 0.0120234454 0.0080130325 0.0079506167 0.0084603167 0.0080290175 0.0076276709 0.0068751665 0.003338059 0.0029899957 0.0059200117 0.0132798351 0.0101820938 0.0133949935 0.0070163893 0.0061385 0.0084656057 0.0096804443 0.0080925711 0.0071588715 0.0063051444 0.009068603 0.0047597701 0.0057572833 0.0046927674 0.0042798578 0.0046506964 0.0073466395 0.0089971094 0.0049733128 0.0048986878 0.0081706242 0.0015046586 0.0085664727 0.0099714133 0.0063657048 0.0093272711 0.0063383319 0.0022913935 0.0141611827 0.0157384166 0.0066969305 0.0083366727 0.0072767849 0.0112195457 0.0080620919 0.0067529264 0.0076321673 0.0129383633 0.0062792701 0.0067931397 0.0095233572 0.0085513524 0.0032163957 0.0088249635 0.0123684669 0.0042843921 0.0079075177 0.0116646155 0.0062845366 0.0118195855 0.0048254845 0.0084778355 0.0088830114 0.0107898931 0.0073772096 0.0113169086 0.0075396244 
16 0.0036462268 0.0082738044 0.0127361087 0.0031685251 0.0089621698 0.0081898936 0.0079873974 0.0095328308 0.0064427447 0.0060238147 0.0104631096 0.0073636382 0.008534862 0.0111582297 0.0100235589 0.0096545295 0.0049367599 0.0073440252 0.0050553673 0.0173564432 0.0098870824 0.0077506124 0.0069406838 0.0092225601 0.0083970498 0.0113494446 0.0106916516 0.0044439692 0.0081195082 0.0096960718 0.0046692013 0.0054369217 0.0050802316 0.0035900505 0.0067466164 0.0110505958 0.0072895063 0.0078988929 0.0075911786 0.0077171726 0.0109098103 0.0078390769 0.0146254456 0.0082908634 0.0080066192 0.0066663871 0.0122960272 0.0136233577 0.0134025597 0.0057545674 0.0036013257 0.0033747772 0.0091470969 0.0031372133 0.0054884453 0.0092833412 0.0053171565 0.0085071778 0.005893558 0.0081883326 0.0048055481 0.0112118119 0.0066269413 0.005113818 0.0118260056 0.0061039512 0.0109207406 0.0038221278 0.0038450369 0.0066985406 0.012765214 0.0048795693 0.0039258755 0.0114117265 0.0051126452 0.0115612599 0.0109220768 0.0052399836 0.0111155724 0.0072489764 0.0035729191 0.0050148273 0.0033938895 0.008908729 0.0055232461 0.0066815085 0.0058629426 0.0132341407 0.0139426541 0.0073652579 0.0099979285 0.0041881867 0.0125855935 0.0019725757 0.0049734365 0.0051446627 0.0057766896 0.0077080976 0.0045678298 0.0057822561 0.0041738909 0.0063227757 0.0071862353 0.0036472684 0.0074546935 0.004039233 0.0113501144 0.008248019 0.0072572364 0.0070883158 0.0144299018 0.0104492658 0.0105706532 0.0078345699 0.012703672 0.008644138 0.0085153264 0.0052971925 0.0058956141 0.0058429615 0.0121263794 0.0160136799 0.0076965964 0.0041706379 0.007870142 0.0068949433 0.0070134431 0.0061321277 
17 0.0059836248 0.0099837219 0.0127649402 0.0080137408 0.0094968773 0.008380653 0.0102801225 0.0067016332 0.007352792 0.0055231042 0.0095297185 0.0073363294 0.0057546536 0.0056825558 0.0041829761 0.0049367599 0.0053232529 0.0050494363 0.0040105211 0.0081290225 0.0073991316 0.0074520659 0.0069374719 0.0088233176 0.0051667286 0.0084889768 0.0104784933 0.0099479831 0.0107198602 0.0086809927 0.0065955578 0.0074445802 0.005181684 0.0076603646 0.0094422654 0.0059512091 0.0094052454 0.0037520643 0.0069169267 0.0047937846 0.0062707088 0.0078355534 0.0112256358 0.0065568895 0.0046505494 0.004280978 0.0105315186 0.0129021539 0.0080100845 0.007867579 0.0100333566 0.0081626632 0.0107638133 0.0054763257 0.0069696369 0.0038263543 0.0060119552 0.0131366181 0.0133160583 0.0066559643 0.0064042107 0.0061061503 0.0079469826 0.01012239 0.0064242774 0.0086872136 0.0107704818 0.0062056185 0.007309438 0.0038604361 0.0092553983 0.0055163941 0.0056714516 0.0060520761 0.0103691825 0.0032296662 0.0086695573 0.0054220638 0.0091408619 0.0088170081 0.0074855518 0.0041382521 0.0028263386 0.0127671052 0.0096568302 0.0065939318 0.0056071431 0.0051177211 0.0070618185 0.0098280942 0.0079047687 0.0080089203 0.0105974482 0.0125254541 0.0063808729 0.0068804686 0.0106249162 0.0100736042 0.0103849988 0.0060889579 0.011047573 0.006728927 0.0098015239 0.0132991239 0.0047634965 0.0086025726 0.0129370434 0.0082876326 0.0172023417 0.0137612727 0.0123126285 0.0130729744 0.0076460641 0.0122757919 0.0038601001 0.0040839296 0.0050323169 0.0076387813 0.0055797225 0.0057796489 0.0082698615 0.0031046491 0.0126086573 0.0042145105 0.0069771793 0.0055091886 0.0054197101 0.003509186 
18 0.0080102584 0.0101328218 0.0072748655 0.010965798 0.0086725839 0.0062753886 0.0058553111 0.0057659558 0.0031263254 0.0083862315 0.0095346708 0.0129318903 0.0089998021 0.0090140092 0.003043484 0.0073440252 0.0050494363 0.0099333175 0.0073266927 0.0085774579 0.0079117342 0.0048845443 0.0100438151 0.0046158747 0.0098257257 0.0063982742 0.0062077944 0.0044041625 0.0058262303 0.0065450781 0.0135479336 0.0095897102 0.0065498997 0.0062770154 0.0031497549 0.0075189907 0.0116573114 0.0066332689 0.0101173702 0.0036455503 0.0074398033 0.0061905428 0.0088040216 0.0075489737 0.013310513 0.0066972959 0.0044522709 0.0076000517 0.0101563767 0.0054184998 0.0184035202 0.0087774958 0.0054997398 0.0105753427 0.0065872343 0.0041597791 0.0039304366 0.0093235921 0.0062637678 0.0094394581 0.0070527268 0.0086569801 0.0090309873 0.0090091938 0.0028140611 0.0074647398 0.0061460519 0.0117713522 0.0086847324 0.0057402313 0.0067842446 0.0040829609 0.0109797179 0.0089140942 0.0038718785 0.0070869436 0.0083415761 0.0139081529 0.0082077118 0.006980752 0.0036607359 0.0047229089 0.0124750103 0.0171144907 0.0064709776 0.0096787673 0.0073628062 0.0059447451 0.0036029147 0.0074318542 0.0128613188 0.0062345038 0.0107624293 0.0085307517 0.0099998083 0.0135888416 0.0063391007 0.0108725687 0.0071904507 0.0046505818 0.0077527027 0.0074635974 0.0073953806 0.0075734156 0.0105776837 0.0055425498 0.0037059541 0.0135485215 0.0055792756 0.0113984007 0.010330788 0.0068487284 0.0086881226 0.0036997832 0.0071406735 0.0063624039 0.007175327 0.0063876286 0.0121688931 0.0054108146 0.0039121314 0.0106231727 0.0098129932 0.0084399541 0.0036319672 0.0074380648 0.0050794153 0.0091379207 
19 0.0063368808 0.0057444704 0.0030879064 0.0047154557 0.0132834166 0.0048369 0.0095730927 0.0038184604 0.0109986762 0.0089037534 0.0082422798 0.0093909732 0.0103462236 0.0074238367 0.0083975236 0.0050553673 0.0040105211 0.0073266927 0.0084709162 0.0065040258 0.0051268587 0.0088614037 0.0067006507 0.0055839044 0.0098130775 0.0109137799 0.0092631688 0.0062478951 0.0136277687 0.0077443444 0.0074679762 0.002518581 0.0140539612 0.0099475716 0.0044204088 0.0046725816 0.0064254663 0.0078086007 0.0121648371 0.0033119296 0.007922259 0.0047625623 0.0112025465 0.0092256457 0.0077878126 0.0029306635 0.008518916 0.0072225017 0.0046548648 0.0041227716 0.0075403185 0.0023368405 0.0108282989 0.0048421739 0.006055491 0.0044082399 0.0146910273 0.0157708526 0.0075412383 0.0088412808 0.0060739587 0.0035321168 0.0064205478 0.0082024068 0.010501319 0.0113488561 0.0103856608 0.0075798524 0.0097916424 0.004922762 0.0070746572 0.0105110746 0.0071622422 0.0109677545 0.007482905 0.003466589 0.0141463233 0.0060531622 0.0045600795 0.0022170448 0.0053796733 0.0081599934 0.0112035395 0.0162926094 0.0059715344 0.0132318275 0.0058362777 0.0079888946 0.0106028216 0.0097232475 0.0079066736 0.0063073118 0.0054885299 0.0058451077 0.004027292 0.0070020039 0.0101413535 0.0097875425 0.0075107629 0.0072595317 0.0062868813 0.0064144662 0.0088479112 0.0109285928 0.0057275388 0.0115275505 0.0075618193 0.0053242511 0.0059628805 0.0082048696 0.0021361635 0.0134849317 0.0094860546 0.0061261077 0.0062484128 0.0141292819 0.0116712143 0.0098589736 0.0085595004 0.0082187121 0.0040581805 0.0093161548 0.0088640146 0.0106853317 0.0081073371 0.0083867533 0.0080959726 0.0033642142 
20 0.0110646458 0.0038751876 0.0117756325 0.009088439 0.0082373719 0.0032490426 0.007440687 0.0066095966 0.0073166244 0.011030627 0.011785825 0.0101299656 0.003901332 0.0073341358 0.0076289332 0.0173564432 0.0081290225 0.0085774579 0.0065040258 0.0070332134 0.0052493701 0.0102890486 0.0088673114 0.0094088826 0.0082450367 0.0139597117 0.0056474104 0.0088956081 0.0084686408 0.004869654 0.0044429058 0.0059398073 0.0120176328 0.0040996906 0.0084892285 0.0161296671 0.0046531967 0.0107242025 0.0126634166 0.0077947536 0.008280256 0.0054172116 0.0129621664 0.0046647325 0.0063482471 0.0045231908 0.0082822814 0.0051087478 0.0022948275 0.0100000745 0.0120979266 0.0057378058 0.0108352158 0.0042176106 0.0086866707 0.0076781964 0.0053227667 0.0084415237 0.0114964748 0.0093068705 0.0045021201 0.0039267381 0.0063109321 0.0056666393 0.0149870606 0.0055145865 0.0165313919 0.0071678454 0.007710131 0.0142377312 0.010620455 0.0057062991 0.0027815857 0.0024261404 0.0055033294 0.0111792198 0.008009756 0.0050506305 0.0111653428 0.0080815929 0.0085524373 0.0023970908 0.0086005818 0.0092045549 0.0073921971 0.007254165 0.0086282062 0.0106551339 0.0051496153 0.0052556114 0.0047464944 0.0059250246 0.0053473604 0.0065526773 0.008142071 0.0070422697 0.0060054463 0.0048591097 0.0091686884 0.0090839517 0.0039920893 0.0114170061 0.0087209869 0.0104187973 0.0047579817 0.0087276958 0.0042676757 0.0031297093 0.0062623326 0.0111519927 0.0145099245 0.0061417439 0.0057266315 0.0055757211 0.0092677191 0.0058004439 0.0050326408 0.0100456895 0.00502685 0.0031322808 0.0107154958 0.0141272684 0.0036849048 0.0102199322 0.0068197512 0.0070300791 0.0069493637 0.0096788953 
21 0.0024923993 0.0123399737 0.0074072747 0.004813771 0.0103146683 0.0088945549 0.0092919731 0.0060137102 0.007275716 0.0053031967 0.0074656537 0.0055904877 0.0102820662 0.01005954 0.0060387764 0.0098870824 0.0073991316 0.0079117342 0.0051268587 0.0052493701 0.0021200693 0.0084424012 0.0112155243 0.0133933556 0.0115255192 0.0069181647 0.0134857324 0.0078211498 0.0029026342 0.007310999 0.0046798381 0.0064260109 0.0080171121 0.0080629099 0.0039298523 0.0122434674 0.0083731329 0.0050388412 0.0135870389 0.0063404989 0.0069334861 0.0129200771 0.0100300099 0.0058719425 0.0070473936 0.0078122505 0.0110203685 0.0045628282 0.0035838068 0.006176948 0.0075882766 0.0111131754 0.0068477386 0.0082612109 0.0075992891 0.0089931413 0.0092996814 0.0051736614 0.010178229 0.0117317602 0.0056650849 0.0107281686 0.0120490176 0.0139351551 0.0041611746 0.0063742153 0.008775115 0.0016804847 0.0077558968 0.0063860631 0.0078211876 0.0128566132 0.0052403044 0.012665622 0.008902911 0.0142015827 0.0065932742 0.0102901716 0.0051607585 0.010256629 0.0023737831 0.0086860703 0.0063811527 0.0075301312 0.0111437488 0.0101040918 0.005544728 0.003934737 0.0077057965 0.0055484617 0.0065483624 0.0059165379 0.0049990271 0.0100742709 0.0082939751 0.0053762975 0.0066566244 0.0060262222 0.0103149635 0.0096094571 0.0058529259 0.0032835929 0.0114616021 0.0088963184 0.0051841987 0.0087306767 0.0065506772 0.0098843803 0.007144733 0.0074525419 0.0052190937 0.0071877742 0.0046165942 0.0153718547 0.0020733366 0.0058240916 0.0088494009 0.0066145595 0.0097810432 0.0126833508 0.0077245081 0.0032009552 0.0060930056 0.0088568841 0.0063609596 0.0090483226 0.0079934473 0.0100538352 
22 0.0117428378 0.0064159611 0.0105206472 0.0097056267 0.0086270625 0.0059058023 0.0065382736 0.0075093413 0.0117285412 0.0103249793 0.0081770587 0.0083905959 0.0055456369 0.0088147872 0.0092958514 0.0077506124 0.0074520659 0.0048845443 0.0088614037 0.0102890486 0.0084424012 0.0023014955 0.0057867983 0.0087224713 0.007798629 0.0146415248 0.0035124557 0.0102647257 0.0046504941 0.0063092508 0.0077229614 0.0072362271 0.0039206102 0.0081533103 0.0101129735 0.008065835 0.0066726607 0.0079255547 0.0017246297 0.0109765345 0.0053099896 0.006029984 0.0111095814 0.0092774935 0.0085237378 0.0039343707 0.0089250796 0.0090570816 0.0074608994 0.0041315727 0.0148188842 0.003350433 0.0049322881 0.0096960144 0.0116826532 0.0125612788 0.0074692924 0.0102322785 0.0042248271 0.0114761621 0.0097635936 0.0060540951 0.0078310949 0.0110272043 0.0051619918 0.0071361494 0.0081655384 0.0061635909 0.0123659847 0.0110086891 0.007654447 0.005150256 0.0124606957 0.0113333452 0.0108893381 0.0017738693 0.0062315835 0.0089412023 0.0104916184 0.0083559752 0.0074295338 0.0023909392 0.0044366595 0.0076819799 0.0037813019 0.0094358339 0.006575381 0.0073756704 0.0074707758 0.0125775297 0.0027811376 0.0092459107 0.0111992222 0.0080937598 0.0080986427 0.0117462979 0.0140755308 0.0109097246 0.0049050469 0.0110424518 0.0066645225 0.0086989528 0.0081113036 0.0059735338 0.0095204433 0.0047717152 0.0052932753 0.0103814935 0.0065939047 0.0047896451 0.004991084 0.007059369 0.0048235392 0.0055337905 0.0041181312 0.0094095704 0.0070315147 0.0067478288 0.0058492316 0.0049003497 0.0068732825 0.0104055617 0.0054945784 0.0075827292 0.0073082451 0.0125392132 0.0079830325 0.0037104424 
23 0.0087224637 0.0062869298 0.0094397024 0.0115481743 0.0032385166 0.0104345777 0.0063111089 0.0064008623 0.0084694114 0.0121085256 0.0063197536 0.0084984989 0.0050590308 0.0072731262 0.0052616547 0.0069406838 0.0069374719 0.0100438151 0.0067006507 0.0088673114 0.0112155243 0.0057867983 0.0105370177 0.0130141836 0.0044942926 0.0142759546 0.003008354 0.0030481447 0.00611011 0.0075450556 0.0073883708 0.0101470093 0.0055138399 0.0067500809 0.0081333397 0.0070877063 0.0104443172 0.0056020419 0.0077308878 0.0087403358 0.0083054728 0.0063291112 0.0058337936 0.0085246839 0.0075759121 0.0037576479 0.0119774821 0.0085881335 0.0045004499 0.0079670566 0.0112929681 0.0074282633 0.0037600988 0.0109316482 0.0070468505 0.0101386198 0.0081932179 0.0062838651 0.0061145137 0.0090697256 0.008291838 0.0105693701 0.0088306242 0.0064046782 0.0080607198 0.0068747633 0.0118433901 0.0173878867 0.0079417924 0.0065103324 0.0079465908 0.0061428201 0.0065983597 0.0088397555 0.0060137347 0.0066704875 0.0075250139 0.0147845993 0.0096089223 0.0078165586 0.0032073122 0.007497601 0.0061987801 0.0027791341 0.0087293687 0.007407201 0.0069909556 0.0061191977 0.0068501287 0.012519524 0.0087353358 0.0060535748 0.0097636966 0.0024092524 0.0070785623 0.0079725781 0.0116841363 0.0129307752 0.0063271727 0.0152728682 0.0060544263 0.0037575404 0.00548965 0.0090927024 0.0072764408 0.0136441162 0.006372076 0.0051093119 0.0028093592 0.0147268658 0.0084379207 0.0102502247 0.0083154287 0.0030472265 0.0123861053 0.0035547556 0.0076984166 0.0072178811 0.0082809954 0.0015676871 0.0061363545 0.0066110734 0.0066999583 0.009023073 0.0092725638 0.0056166647 0.0081254851 0.0071811539 
24 0.0019867995 0.0082139898 0.0057953998 0.0182069447 0.0030621724 0.0047715156 0.0087621391 0.0038328604 0.0063201422 0.0120783369 0.007856762 0.0115992832 0.0095862113 0.0045540245 0.011405699 0.0092225601 0.0088233176 0.0046158747 0.0055839044 0.0094088826 0.0133933556 0.0087224713 0.0130141836 0.0085633422 0.0055815063 0.0077578511 0.0050123777 0.0092067222 0.0071641101 0.0120846576 0.0109135291 0.0087664666 0.0062770962 0.009100685 0.0078557773 0.0083141346 0.0089422204 0.0128534157 0.004913663 0.0076450587 0.0025238171 0.0057862303 0.0063912407 0.0114909227 0.0072466482 0.0052743953 0.0106072482 0.0051315891 0.004881536 0.0037700429 0.0074253624 0.0054821884 0.0079243508 0.0060538456 0.0071421563 0.0034273335 0.0040041348 0.0066349101 0.0052972348 0.0031149375 0.0082429569 0.0074652309 0.0063820523 0.0096586686 0.0075684252 0.0032973367 0.0079824346 0.0076191188 0.0091957566 0.0098799482 0.0088977741 0.0095535264 0.0077655227 0.012573363 0.0066625833 0.0078739461 0.0118550161 0.0113231587 0.0090725093 0.0074688398 0.0106611512 0.004072697 0.00701995 0.0119839504 0.0106776442 0.0104742721 0.0089443535 0.0066030482 0.0108938684 0.0084397054 0.0101184906 0.0124255724 0.0054674749 0.0071415255 0.0044276121 0.0065590273 0.0020279752 0.0111730693 0.0095263514 0.0126358482 0.0044990354 0.0042647352 0.0060763003 0.0064655157 0.0036044666 0.0042295527 0.0042442771 0.0091009567 0.0072336153 0.0057854613 0.0077376569 0.0055674853 0.0090807581 0.0065697936 0.0115258504 0.0053551649 0.0125536923 0.0124524302 0.0055945989 0.0049835888 0.0145031361 0.010670544 0.0057818082 0.0082919015 0.0094618496 0.0090971764 0.0063347425 0.0059425817 
