15
1 0.0 0.0475799185 0.0683893653 0.0581604869 0.0763061309 0.0638916893 0.0367724877 0.1039263516 0.079352477 0.0889019551 0.1087569346 0.0424379586 0.0726665904 0.0728438776 0.0800137763
2 0.0475799185 0.0 0.0486674493 0.1339396129 0.1073551461 0.0871067871 0.0840627937 0.0479325901 0.0687217866 0.0572555596 0.0171805638 0.0671913785 0.0878126033 0.0375867722 0.1076070385
3 0.0683893653 0.0486674493 0.0 0.0396553108 0.0796761143 0.0609247241 0.0836724087 0.1209476298 0.0542718937 0.0903008529 0.0231223532 0.029099216 0.0935250132 0.1000410508 0.107706618
4 0.0581604869 0.1339396129 0.0396553108 0.0 0.0922261777 0.0748849369 0.0064554561 0.0510618385 0.0787503155 0.0658173516 0.0874743053 0.0941860999 0.0910263085 0.0720438214 0.0543179778
5 0.0763061309 0.1073551461 0.0796761143 0.0922261777 0.0 0.0317922304 0.0254035395 0.0782543333 0.0789745476 0.0740973944 0.0798911636 0.0456767531 0.0806268059 0.0794051073 0.0703145558
6 0.0638916893 0.0871067871 0.0609247241 0.0748849369 0.0317922304 0.0 0.0659431436 0.0274178145 0.0584367815 0.0971041081 0.1269447827 0.0946422688 0.0876094441 0.1023244502 0.0209768385
7 0.0367724877 0.0840627937 0.0836724087 0.0064554561 0.0254035395 0.0659431436 0.0 0.100183815 0.0548373414 0.1131899838 0.0707506517 0.1412923661 0.0752833575 0.0809390425 0.0612136123
8 0.1039263516 0.0479325901 0.1209476298 0.0510618385 0.0782543333 0.0274178145 0.100183815 0.0 0.1079742034 0.0440724706 0.0952519722 0.0333194047 0.0800716296 0.0617648065 0.0478211403
9 0.079352477 0.0687217866 0.0542718937 0.0787503155 0.0789745476 0.0584367815 0.0548373414 0.1079742034 0.0 0.1050387271 0.0515120112 0.0684387109 0.0454603871 0.0664579293 0.0817728875
10 0.0889019551 0.0572555596 0.0903008529 0.0658173516 0.0740973944 0.0971041081 0.1131899838 0.0440724706 0.1050387271 0.0 0.0286237868 0.0953319659 0.0226277152 0.0391313516 0.0785067777
11 0.1087569346 0.0171805638 0.0231223532 0.0874743053 0.0798911636 0.1269447827 0.0707506517 0.0952519722 0.0515120112 0.0286237868 0.0 0.0772617144 0.0891886128 0.0887560613 0.0552850864
12 0.0424379586 0.0671913785 0.029099216 0.0941860999 0.0456767531 0.0946422688 0.1412923661 0.0333194047 0.0684387109 0.0953319659 0.0772617144 0.0 0.04130213 0.0750125733 0.0948074597
13 0.0726665904 0.0878126033 0.0935250132 0.0910263085 0.0806268059 0.0876094441 0.0752833575 0.0800716296 0.0454603871 0.0226277152 0.0891886128 0.04130213 0.0 0.0584181638 0.0743812388
14 0.0728438776 0.0375867722 0.1000410508 0.0720438214 0.0794051073 0.1023244502 0.0809390425 0.0617648065 0.0664579293 0.0391313516 0.0887560613 0.0750125733 0.0584181638 0.0 0.0652749923
15 0.0800137763 0.1076070385 0.107706618 0.0543179778 0.0703145558 0.0209768385 0.0612136123 0.0478211403 0.0817728875 0.0785067777 0.0552850864 0.0948074597 0.0743812388 0.0652749923 0.0
