128
1 0.01487693 0.0053160971 0.0118384344 0.013547032 0.0043896425 0.0102281195 0.0083684446 0.0044301377 0.0071688453 0.0100132764 0.0043987975 0.0087457016 0.0084278169 0.0115666963 0.0051048582 0.0124755337 0.0082698532 0.0066357782 0.0086036768 0.0052726526 0.0066328979 0.0092142336 0.0071517472 0.0064717679 0.0045954276 0.0096458276 0.0055690393 0.0123508564 0.0098275192 0.0106370077 0.0055955144 0.0097748471 0.0034918082 0.0060515185 0.0067885084 0.0123498354 0.0100455618 0.0089331918 0.008422277 0.0071700429 0.0066609815 0.0082068204 0.0104032641 0.0067722245 0.0109588157 0.005524822 0.0102497979 0.0067431835 0.0107989525 0.0099500561 0.0105829923 0.0082443446 0.0056568175 0.0033968712 0.0105839848 0.0090824186 0.0070545771 0.0098221182 0.0080120799 0.0109160535 0.0072978238 0.0061954587 0.0122160588 0.0085877667 0.0060658069 0.0079060998 0.0058841412 0.0073200086 0.0044397546 0.0081633091 0.006949911 0.0124710893 0.0063396263 0.0084643867 0.0053877 0.003966391 0.0043616527 0.009541915 0.0057200831 0.0090107343 0.0047329414 0.0105341379 0.0095701829 0.0078533178 0.00676106 0.0052285957 0.012036878 0.0120069226 0.0089534039 0.007750657 0.005815501 0.0081265457 0.008913143 0.0116393228 0.0065314077 0.0061353165 0.0079145136 0.0041912311 0.0089464854 0.0087240012 0.014437509 0.0061039668 0.0078595649 0.0058343193 0.0076155105 0.0036770741 0.0109768788 0.0110130049 0.0022496254 0.0068012462 0.0049616362 0.0069151233 0.0066013001 0.0075646322 0.0081968965 0.0036447199 0.00159018 0.0062976312 0.0060547036 0.0025793032 0.0049518917 0.0109272452 0.0111581523 0.007101734 0.0101012632 0.0048374254 0.0083553262 0.0029179229 
2 0.0053160971 0.0032646712 0.0091786273 0.007195093 0.0064592403 0.008263311 0.0067523899 0.0042174699 0.0070023323 0.0061481454 0.0023905224 0.0075491147 0.0076853316 0.0124444127 0.0072803061 0.010274475 0.0072911953 0.0115416554 0.0076200768 0.0110305107 0.0054211493 0.0132150645 0.0146164877 0.0079440063 0.0058478775 0.0095189457 0.009193107 0.0103695863 0.0069002378 0.0071014502 0.0065076705 0.0078683457 0.0079413377 0.0024173614 0.0082662164 0.0065823153 0.0089071285 0.0059381566 0.0063137077 0.0046254395 0.0074183219 0.0034357369 0.0099996368 0.0100416192 0.0076604538 0.0117868845 0.0091547885 0.0092140668 0.0039569634 0.0060967482 0.0044306749 0.0082651284 0.0060890851 0.0102998798 0.0107441044 0.0078624646 0.0043298662 0.0104788048 0.0023786081 0.0117669781 0.0059041219 0.0080486155 0.0049483384 0.0061348593 0.0056381173 0.0113814007 0.0077717559 0.0114174046 0.0106505173 0.0035878988 0.0064667581 0.0072731659 0.0108562867 0.0096499507 0.0086809251 0.0035676192 0.0054471384 0.0099328403 0.0084477034 0.0035844513 0.0052744596 0.0084515829 0.0058807652 0.0053432177 0.003021862 0.0040063236 0.0161577261 0.0052426993 0.0041800927 0.0073775006 0.0064137644 0.0114285348 0.0074363744 0.0077439213 0.0079687829 0.0064954233 0.0092974117 0.0099755515 0.0091677278 0.0088269818 0.0133618848 0.0096092686 0.009207393 0.006953491 0.011697788 0.0042818235 0.0064611106 0.0064372337 0.005543279 0.0091739396 0.0114758604 0.003595464 0.0101773005 0.0097783492 0.0103162115 0.0073740138 0.0046587956 0.0125311865 0.0049021609 0.012602502 0.0072613103 0.0118994695 0.0075657871 0.0092610369 0.0112815126 0.0064158409 0.0091238122 0.0081602182 
3 0.0118384344 0.0091786273 0.0083318367 0.003275537 0.0122020366 0.0031614434 0.0098829576 0.0035380557 0.0035627061 0.0090484625 0.0075439695 0.0131351766 0.0027845139 0.0103096569 0.0138422088 0.0076319286 0.0113794039 0.0078474396 0.0154123662 0.0099780228 0.008015794 0.0118784584 0.007277777 0.007239555 0.0042612912 0.0041801245 0.0112652767 0.0035465862 0.0083340068 0.0074275109 0.0071674375 0.007267371 0.0089227226 0.0101522907 0.0103586339 0.0049857674 0.0054811087 0.0107447253 0.0047449306 0.0063522398 0.0086224028 0.0047848082 0.0071252153 0.0079080198 0.0094749666 0.0073623371 0.0067846233 0.0100421511 0.0076244177 0.0020728512 0.0059187742 0.0044755589 0.0066897192 0.0055732037 0.0125293284 0.0108486466 0.0066321501 0.0066154658 0.0120163432 0.0083615465 0.0062306432 0.0048988314 0.0047178353 0.0073757977 0.0082106848 0.0047239153 0.002856052 0.0057053803 0.0100861589 0.0081713118 0.010171522 0.0089870022 0.0090665684 0.0057638377 0.0089233377 0.0124257448 0.006153674 0.0082353402 0.0084718466 0.0085081807 0.0080761627 0.0082059505 0.0090754346 0.0027730277 0.0100728783 0.0093648616 0.0063411622 0.0068177299 0.0076571708 0.0081808936 0.0140468646 0.0102435091 0.0076004757 0.0090575085 0.0137050938 0.0080406585 0.0141194993 0.008004872 0.0065217961 0.0073188869 0.0041345899 0.0062558897 0.0048051794 0.0034249367 0.00837674 0.0110432693 0.0055707875 0.0078583429 0.0105893371 0.0058384803 0.010939905 0.0092870806 0.0029885974 0.0070032084 0.0114479102 0.0099907139 0.0070489458 0.0088660428 0.0069705783 0.0072815008 0.0064788919 0.005253659 0.0084556608 0.0068262038 0.0066490201 0.0069510154 0.0044340826 0.0053704066 
4 0.013547032 0.007195093 0.003275537 0.0030592574 0.0052338602 0.0112722535 0.0084968661 0.0064317538 0.0066621381 0.009004078 0.0119115287 0.0022838296 0.0120104569 0.0059701131 0.0058901081 0.0097941088 0.0114938136 0.0073032497 0.009474348 0.0049985353 0.011267124 0.0093915787 0.0080370865 0.0077547673 0.0068969091 0.0095091277 0.0050111525 0.0055710901 0.0068703189 0.0035109798 0.0117632185 0.0082056894 0.0075889043 0.0078252734 0.0137532671 0.0055174993 0.0052716716 0.0094481041 0.0116121266 0.0067332409 0.0091548409 0.0073862596 0.0052512587 0.0075121413 0.0100755527 0.0033489737 0.0040425157 0.0105815284 0.0043470021 0.0095510135 0.0075354704 0.0100816406 0.0110514968 0.004101338 0.0029045309 0.013541972 0.0118666579 0.0031790496 0.0081905681 0.0114016728 0.0091529867 0.0048632151 0.0082118138 0.009616989 0.004915002 0.0044465289 0.0062159872 0.0093459578 0.0089032538 0.0096992536 0.0051365686 0.005580697 0.0044570408 0.0057113854 0.0066072499 0.0116536572 0.0038526574 0.0043012697 0.0042049889 0.0073752036 0.00625011 0.0108026333 0.0068245897 0.0048856031 0.0089577999 0.0058869802 0.0064765654 0.0095067126 0.0061460753 0.0086428415 0.0090729136 0.008831421 0.0043171105 0.0064113714 0.0066918589 0.0094139705 0.0089666065 0.0122233738 0.0132892744 0.0044139273 0.0091360511 0.0085250706 0.0049603847 0.0142530634 0.006321362 0.0040296852 0.0052419247 0.0094461487 0.0060751168 0.0077986901 0.0101534484 0.0101690846 0.0115155915 0.0054125297 0.0081696107 0.0120733791 0.0113698255 0.0047786586 0.0072350346 0.0059352735 0.0053432176 0.007316055 0.0107009611 0.0128477354 0.0089212396 0.0133677034 0.0114968849 0.0031902502 
5 0.0043896425 0.0064592403 0.0122020366 0.0052338602 0.0116070269 0.0091671356 0.006565438 0.0124652707 0.0056090625 0.0019104368 0.0070931754 0.0066224604 0.0050964991 0.0058907265 0.0132098977 0.0090273556 0.009075827 0.009023619 0.005837391 0.0099674684 0.0037266256 0.0112058103 0.0070280055 0.0057484295 0.0073128863 0.0036541204 0.0106393389 0.007492778 0.0018173924 0.004540788 0.0068340851 0.005415009 0.0148860546 0.0110977158 0.0060928925 0.0046953308 0.0015795495 0.0056950799 0.0098325824 0.0121854017 0.0129005395 0.0107992391 0.009080097 0.0073672711 0.0084490537 0.007576517 0.005517633 0.0099554852 0.0029840418 0.0054484076 0.0058410971 0.0084519488 0.0066992022 0.0067518921 0.0065208117 0.0067491698 0.0117841968 0.0055093875 0.0108851188 0.0103124141 0.0097362395 0.0081859526 0.0082098989 0.009657516 0.0029636526 0.0096286405 0.0063280358 0.0094468052 0.0110914286 0.0081572946 0.0054424484 0.0100691864 0.0044033255 0.0076994597 0.0067106106 0.0115328774 0.0079004628 0.0081332581 0.0082927205 0.0079003604 0.0109702932 0.0062659894 0.0052077712 0.0080465971 0.0082453071 0.0078988738 0.0074005067 0.0042606519 0.0065240672 0.0075852107 0.0099750142 0.0032641389 0.0053720055 0.008257958 0.0070109431 0.0081797912 0.0059785538 0.0049288935 0.0048409975 0.0064292818 0.0107148431 0.0105010737 0.0030088772 0.0113018217 0.0126929436 0.0083596698 0.0059616226 0.0127055431 0.007214318 0.0096742471 0.0061713708 0.0137046076 0.0060946963 0.0121249994 0.0025639503 0.0051910992 0.0081257292 0.0080797149 0.0092894059 0.0124279554 0.0093756513 0.0109769187 0.0074112092 0.0078438718 0.0041353522 0.0076173127 0.0114450715 0.0096361332 
6 0.0102281195 0.008263311 0.0031614434 0.0112722535 0.0091671356 0.0127438813 0.0024706806 0.0060550284 0.0085182197 0.0124956443 0.0020720875 0.0079077402 0.0130378687 0.0095455541 0.0072517462 0.0087495978 0.0036976859 0.0079831661 0.0061875484 0.0142147606 0.0065821551 0.005718644 0.0079006779 0.0093186318 0.0084339535 0.0112867281 0.00915341 0.0073208585 0.0072644444 0.0074365118 0.0054395409 0.0040669613 0.0082321296 0.0061941777 0.0051746955 0.0052160451 0.008383468 0.0091777746 0.0060481501 0.0064392211 0.0014799178 0.0076200754 0.0078338541 0.0075202198 0.0052666346 0.0106935114 0.003838677 0.0073100826 0.008259977 0.0084321632 0.0063743619 0.0118740649 0.0122120776 0.0018133798 0.0047172985 0.0054731337 0.0051903525 0.0124305198 0.0091353872 0.0071751586 0.0078070589 0.0111784321 0.0055787748 0.0066648256 0.0114114902 0.0037064605 0.0060627094 0.0046546209 0.0093158826 0.0088240086 0.0120098041 0.0083642634 0.0086501642 0.0094248307 0.0083938803 0.0062021576 0.0166011197 0.0058452161 0.0050583608 0.0079619766 0.0050469128 0.0085826641 0.0095385564 0.0103402535 0.0109351764 0.0094070359 0.0091904994 0.0034475615 0.0057769964 0.0099943404 0.0019605341 0.007481031 0.0117474451 0.0092969544 0.0100619775 0.0074709155 0.0100455165 0.0043922282 0.0076887374 0.0098282013 0.0088259468 0.0070314512 0.0081195258 0.0079429879 0.009842157 0.0170509314 0.0068191917 0.0093267653 0.0137636313 0.0089257891 0.0107484453 0.0071442926 0.0015219483 0.0092016783 0.003925233 0.0059044128 0.0026852119 0.0053854181 0.0134496221 0.0029210934 0.0078651265 0.0074435922 0.0075966227 0.0071543393 0.0063172529 0.0039145683 0.01321349 0.0055472009 
7 0.0083684446 0.0067523899 0.0098829576 0.0084968661 0.006565438 0.0024706806 0.0044171238 0.0129724997 0.001793472 0.0072337155 0.0080250744 0.0110094939 0.0098840342 0.0059468968 0.0078784827 0.0070710752 0.0049352493 0.0038988828 0.0042410834 0.0057721482 0.0065187316 0.0064868248 0.0078943335 0.0086044604 0.0052907468 0.0063203157 0.0157316987 0.0099207595 0.0053460117 0.0134045478 0.0110010303 0.0076355064 0.0072724287 0.0065450799 0.012194878 0.0081297217 0.0041453937 0.0091811542 0.0107519828 0.006937716 0.0096375321 0.0062805378 0.0100341693 0.0043874038 0.0144474985 0.0098395009 0.0166480681 0.0078001189 0.0079086815 0.0101741871 0.0038752042 0.0103864957 0.0102139865 0.0044023223 0.0078649493 0.0032451143 0.0048470308 0.0069610221 0.0071374291 0.0085077724 0.0097356964 0.0058838524 0.007544359 0.0080511296 0.006106553 0.0102355024 0.0129823241 0.0061870771 0.0045074398 0.0062227347 0.0124838162 0.0039838923 0.0098111516 0.0045058924 0.0071444552 0.007251573 0.0071687036 0.010178792 0.0133057631 0.0072535796 0.0101417887 0.0050336125 0.0123088728 0.0104736298 0.0083654012 0.0063758308 0.0090585738 0.0063956001 0.0045405619 0.0077312485 0.0076814487 0.0061729103 0.0075544377 0.0085217095 0.0074241843 0.0062863493 0.0042178214 0.0054397678 0.0091347332 0.0077513351 0.0103937064 0.0036678652 0.0115348583 0.0049409924 0.0047598006 0.0079583215 0.0077349144 0.0068197271 0.0100296917 0.0093486332 0.0100965241 0.0116728325 0.0047554239 0.009009896 0.0105003051 0.0068825552 0.0040826443 0.0151688344 0.005292585 0.0035609284 0.0068203873 0.0092524281 0.004500671 0.00661263 0.0025502561 0.0122989805 0.0069548999 0.0101162471 
8 0.0044301377 0.0042174699 0.0035380557 0.0064317538 0.0124652707 0.0060550284 0.0129724997 0.0129972643 0.0097941596 0.0087160657 0.0045587687 0.0057417959 0.0063119278 0.0063332676 0.0123994909 0.0069143394 0.0119159501 0.0094800092 0.007745857 0.0080720383 0.0084568748 0.0106569946 0.0092132231 0.0029813885 0.0082527566 0.0085197541 0.0056513439 0.0012686513 0.0097974524 0.0120220286 0.0079755098 0.0098857569 0.0075698449 0.0050200507 0.0033906151 0.008501806 0.0061108224 0.0152743489 0.0078068833 0.008197647 0.0117330317 0.0069639268 0.0065342098 0.0141258699 0.0028818414 0.0103780986 0.0056624515 0.0109713696 0.0096310678 0.0165330789 0.0074680911 0.0039216721 0.0078575801 0.0045072975 0.0123178489 0.0045859182 0.0092667173 0.0087050986 0.0078485361 0.0110760881 0.0100096814 0.0024214384 0.0043454706 0.0053248355 0.0069766819 0.0099416507 0.0083821205 0.0059907338 0.0077497913 0.0053083407 0.0098984026 0.0051453601 0.0078927705 0.0086373649 0.0132707589 0.0104547296 0.0058232358 0.0128059071 0.0055629427 0.0039968818 0.0045590282 0.0054361137 0.0064262667 0.0069523338 0.007242155 0.0039958918 0.0122763774 0.0076152405 0.0101177703 0.003129024 0.006307151 0.003128188 0.0103827809 0.0087113107 0.0072084694 0.0022112588 0.0096932343 0.0084217198 0.0059838774 0.0035751873 0.0041459843 0.0043994012 0.0057426449 0.0047195731 0.0067685998 0.0105339986 0.0111830329 0.0025988194 0.0096893697 0.00561398 0.0084672037 0.0050629029 0.0118362039 0.0124694677 0.0146629547 0.0077685113 0.01131503 0.0080391204 0.0079460004 0.0048491598 0.0099055178 0.0083527123 0.0094742176 0.0114340667 0.0068138193 0.0032438314 0.011241956 0.0077947444 
9 0.0071688453 0.0070023323 0.0035627061 0.0066621381 0.0056090625 0.0085182197 0.001793472 0.0097941596 0.0078215201 0.0092967532 0.0057003136 0.0104787357 0.0063865125 0.0087197559 0.0075494086 0.005031007 0.009151857 0.0049515829 0.0097990892 0.0099383512 0.0094494662 0.0069892716 0.0045817459 0.0068372678 0.0061920894 0.0092175174 0.003594484 0.0084762665 0.005119064 0.0056435427 0.006892877 0.0066423025 0.0079894883 0.0063550297 0.0041652887 0.0093256697 0.0036512602 0.0065644875 0.0057241891 0.0071499067 0.0127414116 0.0052012333 0.0130524146 0.0104532073 0.0102193516 0.0062774641 0.0119786166 0.0088540862 0.0021202075 0.0053308849 0.0029453676 0.0040123626 0.0063325233 0.011286543 0.0070525049 0.0118662511 0.0090501689 0.0124683997 0.0103126499 0.0048487452 0.0048163884 0.0136658397 0.0082793268 0.0088528694 0.0100503938 0.0071732636 0.011449049 0.0045516561 0.0127007155 0.0103119487 0.006776437 0.0042768691 0.0092691168 0.0047282712 0.0011709081 0.011988572 0.0070259265 0.0082016603 0.013618061 0.0111901046 0.007461183 0.007829468 0.0051328092 0.0081237933 0.0031128616 0.0080133251 0.0091555724 0.0093391029 0.0058470741 0.0044742376 0.0127920164 0.0066102918 0.0074602596 0.0084017534 0.0142197533 0.0100652758 0.0073630992 0.0072952885 0.0101312663 0.0146957919 0.009932545 0.0075104205 0.0050866079 0.0082564634 0.0078840606 0.0026945744 0.0098457263 0.0073129518 0.0170352237 0.0082750841 0.0057947989 0.0070307271 0.0055254196 0.0115653538 0.0060811972 0.0095580501 0.0100331068 0.0058599255 0.0143651532 0.007188658 0.0047262618 0.0042481309 0.0045116374 0.009337397 0.0106316894 0.0091288083 0.0039714142 0.0070855803 
10 0.0100132764 0.0061481454 0.0090484625 0.009004078 0.0019104368 0.0124956443 0.0072337155 0.0087160657 0.0092967532 0.0038887233 0.0104857479 0.0120823095 0.0033845998 0.0059566565 0.0125695041 0.0100602154 0.0076022017 0.0054894626 0.0084666924 0.0055553398 0.0125193655 0.0029071362 0.0061999736 0.005338564 0.0027851412 0.0036703317 0.0038291267 0.008833183 0.0163984796 0.0073122911 0.0112243031 0.0084481768 0.0098182644 0.0026479075 0.0105941469 0.0027096989 0.0073887461 0.0038412651 0.0133790361 0.007111616 0.0118976465 0.0062253759 0.0056510923 0.0058242661 0.0034572303 0.0115489997 0.0119930939 0.0036807655 0.010409636 0.0076475783 0.0087600596 0.0074041587 0.0107272694 0.0061230607 0.0082246302 0.0075579267 0.0054875493 0.0080528345 0.016981302 0.009341513 0.0140637209 0.0092695108 0.0082717693 0.0076003103 0.0080484148 0.0060222138 0.0080284845 0.0092889546 0.0100993689 0.0047961467 0.0065041316 0.0075888341 0.0035218374 0.0092390952 0.0063392533 0.0052949323 0.0047512471 0.0122599788 0.0064015865 0.0069335202 0.0090718585 0.0113764978 0.0076523171 0.0071815061 0.0078459044 0.0115561845 0.0052353619 0.0081508164 0.0080577905 0.0159014493 0.0093484563 0.0069358041 0.010844281 0.0033601276 0.0074400958 0.0030291574 0.0096008697 0.0105214104 0.0076378726 0.0059450673 0.004588664 0.0034938702 0.0038172883 0.009816199 0.0034500152 0.0053582374 0.0083509471 0.0054457089 0.0055527689 0.0091758508 0.0067687644 0.0080693963 0.0086278403 0.0077548699 0.009890882 0.0080090964 0.0069161218 0.0100488941 0.0047577786 0.0085112386 0.0116503658 0.0067773991 0.0090316426 0.0051448199 0.0053666056 0.0111051985 0.00327566 0.0148669634 
11 0.0043987975 0.0023905224 0.0075439695 0.0119115287 0.0070931754 0.0020720875 0.0080250744 0.0045587687 0.0057003136 0.0104857479 0.0058660385 0.0039764846 0.009223669 0.0099298268 0.0059676547 0.0107800219 0.009017823 0.0032085874 0.0070439825 0.0067760667 0.0142818978 0.01061974 0.0087770813 0.0134784414 0.0019464298 0.0080303238 0.0131660402 0.0073548922 0.0069795417 0.0057041375 0.0046197208 0.0092356984 0.0036033589 0.0174040561 0.0115123581 0.0097069592 0.0034799669 0.0066204472 0.0142804365 0.0123994391 0.0108647776 0.0070775419 0.0086832504 0.0107601004 0.0086542486 0.0076083544 0.0090120206 0.0019126887 0.007938839 0.0050084982 0.0132665529 0.0098973331 0.0053913522 0.0082256721 0.0064337179 0.0077260385 0.0088472774 0.0039956425 0.0093394157 0.0061112573 0.0057927741 0.0083696297 0.0060316054 0.0131125658 0.0059272528 0.0086893683 0.0051909816 0.0081131066 0.0061370983 0.006510909 0.0045608666 0.0100555868 0.0109465479 0.006861517 0.009268528 0.0062738073 0.0073878456 0.0059266609 0.0071878626 0.0068714499 0.0053697889 0.0054733069 0.0122393482 0.0143148574 0.0057783369 0.0016580091 0.0059191075 0.0017197902 0.0062892229 0.0109479315 0.0088595001 0.0080353819 0.0077194796 0.0044333386 0.0054803302 0.0066595183 0.0049595932 0.0121035778 0.0055802688 0.0065031972 0.0101987657 0.0095841697 0.0073157535 0.0066911944 0.0074673858 0.0038073929 0.0080160061 0.0052309801 0.0152025558 0.009205542 0.0033914612 0.0123068528 0.0070446265 0.0033568103 0.0110656473 0.0074695298 0.0037552316 0.0095866768 0.0116718247 0.0096149567 0.0107977134 0.0065979288 0.0045316461 0.0067385662 0.0145971276 0.0129402993 0.0054908142 0.0111370047 
12 0.0087457016 0.0075491147 0.0131351766 0.0022838296 0.0066224604 0.0079077402 0.0110094939 0.0057417959 0.0104787357 0.0120823095 0.0039764846 0.0051644041 0.0106535391 0.0082784891 0.0079069811 0.0061908404 0.0107759299 0.0125672811 0.0117601053 0.0109419169 0.0055129886 0.0086535056 0.0051737328 0.0047779421 0.0062129006 0.0075945966 0.0090852551 0.0040597744 0.0060682072 0.0066329191 0.0043643693 0.0057017581 0.0087822003 0.0072126851 0.0036944239 0.0030951668 0.0051184034 0.0118208894 0.0087563011 0.0063671676 0.010553614 0.005308807 0.0080021246 0.0093871609 0.0090077528 0.0088602576 0.0057770902 0.0103705786 0.0046849459 0.0070408152 0.015395331 0.0078540092 0.0088443205 0.0060970803 0.0036394365 0.0116807342 0.0074978637 0.0014751611 0.0047449452 0.0090836364 0.0065655395 0.0041957964 0.0074872742 0.0130572032 0.0079438005 0.0168487724 0.0046938582 0.0099342396 0.007264595 0.0061904977 0.0059110316 0.007851992 0.0044454583 0.0066175872 0.0088071505 0.006713025 0.0052805636 0.0138335722 0.0117474071 0.0074979164 0.0058334423 0.007738635 0.0056916238 0.0123932257 0.0080328567 0.0099032208 0.0037381734 0.0073151054 0.009119862 0.0131220944 0.0099835998 0.0060972188 0.0102384718 0.0159896689 0.007171795 0.0059918658 0.0039561544 0.0107772691 0.0087189817 0.0120879383 0.0102661541 0.0109868307 0.0083843054 0.0112889044 0.0062819824 0.0049963405 0.0068332996 0.0099354086 0.0101478946 0.0038806523 0.0092729584 0.006267852 0.0035458072 0.0075316344 0.0065748187 0.0121256938 0.0038186005 0.0046720051 0.0068165921 0.0040047134 0.0118415801 0.0094797641 0.0077436873 0.0029140107 0.0015626882 0.010740036 0.0034078394 0.0101262803 
13 0.0084278169 0.0076853316 0.0027845139 0.0120104569 0.0050964991 0.0130378687 0.0098840342 0.0063119278 0.0063865125 0.0033845998 0.009223669 0.0106535391 0.0054439696 0.009266259 0.0105591326 0.0065072267 0.0066166021 0.0028553671 0.0094438904 0.0057240008 0.0079293064 0.0089162169 0.0102100983 0.0137532332 0.0086170735 0.0066200149 0.0047369322 0.00766427 0.013070326 0.0134999978 0.0069534167 0.0050900212 0.0070068607 0.0088972206 0.0091632587 0.0113777276 0.0095234476 0.0109105642 0.0042274578 0.0039573117 0.0030476527 0.0063161816 0.0074303138 0.0052373809 0.0070315147 0.0057917374 0.0064264395 0.0016957167 0.0051173275 0.008116558 0.014011022 0.0027482494 0.009404851 0.0156696645 0.0110337642 0.0070208111 0.0060772965 0.0051680462 0.0128842015 0.0123939533 0.0100660822 0.0099568029 0.0069207377 0.0133604121 0.0080294153 0.0070941202 0.0074715844 0.0075953677 0.0062079188 0.0103904416 0.005655628 0.0072575327 0.0060590854 0.0063195445 0.0061812968 0.0058509981 0.0053159894 0.0039404123 0.0071975804 0.0072057228 0.0060676468 0.0156939773 0.0093440367 0.0049131862 0.0073938201 0.0117927692 0.0068645122 0.0044545995 0.0133235942 0.0069123901 0.0082329213 0.0121288811 0.0088990353 0.0044002135 0.0051400414 0.0057569604 0.007276996 0.0113839922 0.0087520021 0.0085862731 0.0043385137 0.0098358966 0.0033184397 0.0024606574 0.0093787095 0.010560265 0.0090395051 0.0062505829 0.013459013 0.0089459752 0.0081484718 0.006996266 0.0071604351 0.0034119253 0.0104771332 0.0076789071 0.0092281756 0.0061481137 0.0071473651 0.0070415974 0.0079998709 0.008638697 0.006431575 0.0106092028 0.0033067698 0.0113895684 0.0053613336 0.0037918564 
14 0.0115666963 0.0124444127 0.0103096569 0.0059701131 0.0058907265 0.0095455541 0.0059468968 0.0063332676 0.0087197559 0.0059566565 0.0099298268 0.0082784891 0.009266259 0.0033388109 0.0098106669 0.0111147493 0.0083167726 0.0104365875 0.0040261606 0.0078500721 0.0108656137 0.0032504988 0.0057228868 0.0148208566 0.0064162364 0.0103147557 0.0185318036 0.0058967181 0.0146628707 0.0109696752 0.009750848 0.0049316516 0.0047272724 0.0041726347 0.0051875211 0.0059882848 0.01142744 0.0114219828 0.0088446449 0.0063017515 0.0056878812 0.0067812044 0.0072910208 0.0132459574 0.0089973906 0.0100617443 0.0071064976 0.0038002625 0.0057771574 0.0079022819 0.0054896978 0.003869416 0.0115749438 0.0072583652 0.0062468926 0.007411076 0.0045289527 0.0120480754 0.0046139622 0.0110295664 0.0122370921 0.0089231194 0.0098925292 0.0110907988 0.0138591948 0.0050365097 0.0069648263 0.0056731532 0.0039828892 0.005944292 0.0051272202 0.0100170494 0.0064137491 0.0065889392 0.0065323724 0.0123691264 0.0097999658 0.0116599871 0.0061616067 0.0097505762 0.0104278092 0.0061383926 0.0122067073 0.0095779538 0.0060976227 0.0048651997 0.0064966658 0.008060922 0.0079200758 0.0073369873 0.0040052756 0.0095835775 0.0018505797 0.0099291006 0.0094099811 0.0064737835 0.0094904243 0.0041598279 0.0019010433 0.0078337554 0.0080730043 0.0047693539 0.0120922895 0.0094638174 0.0048858412 0.0037137663 0.0042320594 0.0059030388 0.0042086378 0.0075567793 0.0113088365 0.0026934465 0.0096808069 0.0090042006 0.0084567168 0.0047569819 0.0062078558 0.0045401713 0.0100817254 0.0070411012 0.0039870344 0.0061899815 0.0078711912 0.0088502184 0.0125026872 0.0079913586 0.0068919079 0.0052740832 
15 0.0051048582 0.0072803061 0.0138422088 0.0058901081 0.0132098977 0.0072517462 0.0078784827 0.0123994909 0.0075494086 0.0125695041 0.0059676547 0.0079069811 0.0105591326 0.0098106669 0.0045586388 0.0043274239 0.0086110342 0.0056367546 0.0078881478 0.0059164508 0.0101010553 0.0057645578 0.0041365876 0.0118499647 0.0051576785 0.007597609 0.0043928872 0.0064045181 0.0048428488 0.0051711968 0.0082297979 0.0094151858 0.0037852424 0.0079466342 0.0041629451 0.0087613522 0.0043912299 0.0115441982 0.008964053 0.0040326861 0.0045685654 0.0071521973 0.0072866199 0.0129764399 0.0115312409 0.0074664092 0.0114830967 0.0098476875 0.0079371591 0.0070597169 0.0066664663 0.0080072208 0.0078965321 0.0045682582 0.0083646284 0.0124720328 0.0119158597 0.0067977285 0.0059052778 0.0039425347 0.0111530758 0.0103865656 0.0070180502 0.0138663783 0.0045157008 0.0061015707 0.0095015278 0.0107714001 0.0097444373 0.0060223673 0.0083293591 0.0108740315 0.0161984928 0.0079551147 0.0072378938 0.0036197227 0.0094944883 0.007026992 0.01105496 0.0093764245 0.0066054596 0.0035447523 0.0060833334 0.0021549349 0.0098888815 0.0081853349 0.003770759 0.0035556631 0.0099791911 0.0046051779 0.005851991 0.0118929794 0.0109699911 0.0040834156 0.0096316368 0.0082025511 0.005944795 0.005409679 0.0079834697 0.0073948867 0.0069170687 0.009342137 0.0066238868 0.0085961507 0.0123591594 0.0112102439 0.0052239769 0.0020474138 0.0117181384 0.0058117767 0.0070669774 0.0146113089 0.0058928771 0.004662407 0.0098125764 0.0068915985 0.0101205862 0.0097463315 0.008253486 0.0008379295 0.006680647 0.0039118555 0.0064986367 0.007354544 0.0086128141 0.0085962324 0.0133261843 0.0066288211 
16 0.0124755337 0.010274475 0.0076319286 0.0097941088 0.0090273556 0.0087495978 0.0070710752 0.0069143394 0.005031007 0.0100602154 0.0107800219 0.0061908404 0.0065072267 0.0111147493 0.0043274239 0.0068745264 0.0056697407 0.0023312181 0.0058707307 0.01045935 0.0049382918 0.0074093286 0.0107812176 0.0170286675 0.006614616 0.0112166332 0.0063349661 0.0059117879 0.005425609 0.0050318233 0.0083345177 0.0089263201 0.0122820037 0.0093325592 0.0110486096 0.0081545354 0.0059182203 0.0027730692 0.0073653438 0.0105436299 0.0048787762 0.0065971176 0.0068692641 0.004437204 0.008975908 0.009337271 0.0091231499 0.0067665221 0.0075820275 0.0079399331 0.0045197787 0.0064807656 0.0114208594 0.0075900384 0.0056231123 0.0047181368 0.0074611097 0.0160835576 0.0108276466 0.0036206114 0.0086023388 0.0099678611 0.0079388341 0.0094476463 0.0096003661 0.0034445409 0.0069631092 0.0127732195 0.0113470832 0.0120967783 0.009060249 0.0096178812 0.0100835541 0.0085438816 0.0081072074 0.0059871376 0.0083929136 0.0082612289 0.0055431634 0.0057395049 0.0095369027 0.0063709875 0.0069655369 0.0095361987 0.0036106632 0.0130729378 0.0105613884 0.0062934325 0.0090284034 0.0030288127 0.0040953637 0.0080722873 0.0055500875 0.0060289735 0.007580305 0.0049373356 0.0088151929 0.0053792314 0.0104152589 0.0076880805 0.0074895277 0.0071681701 0.0039798095 0.0089191301 0.0084644612 0.0057697597 0.0107779159 0.0060290197 0.0117936135 0.0068713763 0.0078269341 0.0036998911 0.0103429795 0.0051078529 0.0062005712 0.0102785884 0.0040838918 0.0053806334 0.004756236 0.0120913268 0.0034565658 0.0098500564 0.003930607 0.0071174389 0.0107816788 0.0106365351 0.0068933044 0.008836241 
17 0.0082698532 0.0072911953 0.0113794039 0.0114938136 0.009075827 0.0036976859 0.0049352493 0.0119159501 0.009151857 0.0076022017 0.009017823 0.0107759299 0.0066166021 0.0083167726 0.0086110342 0.0056697407 0.01246867 0.0005810871 0.0075284026 0.010032313 0.0120933678 0.006034708 0.0047106547 0.0076282945 0.0073429251 0.0078782226 0.0022148677 0.0088454095 0.0060601595 0.0112615348 0.0081914853 0.0070820513 0.00835982 0.003363237 0.0114387216 0.0115110009 0.0053232627 0.0067424701 0.0074807592 0.0099867086 0.0112163717 0.0072415535 0.0055636709 0.0069162373 0.0059127178 0.0062625588 0.0028902088 0.0056109251 0.0109515515 0.0074954981 0.0039544513 0.0044192314 0.0116019797 0.0088181413 0.0110391967 0.0033268931 0.0057344538 0.0041583875 0.0080455967 0.0114685973 0.0073428889 0.0035048788 0.0080969406 0.0013742973 0.011107445 0.0058077873 0.0102420208 0.0050418895 0.0049690742 0.0083916696 0.0038637464 0.0029672881 0.0033990148 0.0092886642 0.005043073 0.0073725584 0.0097674119 0.0077458816 0.006164986 0.0058513224 0.0096722645 0.0054165312 0.0076801578 0.0148324694 0.0047121607 0.0054820524 0.0100135528 0.0100285411 0.0106462128 0.0114824198 0.0080404479 0.0097149825 0.0085090174 0.0080353957 0.0094691383 0.0071018802 0.0100357115 0.0058858366 0.0120119584 0.0064147635 0.0126656477 0.0102625957 0.0075164975 0.0107297239 0.0140601217 0.0065819232 0.0095041653 0.006423099 0.0103652922 0.0114733901 0.0074668005 0.002123481 0.0132220837 0.0052950655 0.0047912376 0.0087033195 0.0039460326 0.0080548046 0.008431537 0.011921652 0.0047941443 0.0104580739 0.0107946828 0.005278288 0.0097306104 0.0089374675 0.007565971 0.0057646632 
18 0.0066357782 0.0115416554 0.0078474396 0.0073032497 0.009023619 0.0079831661 0.0038988828 0.0094800092 0.0049515829 0.0054894626 0.0032085874 0.0125672811 0.0028553671 0.0104365875 0.0056367546 0.0023312181 0.0005810871 0.0120969318 0.0064194364 0.0120309237 0.0087454424 0.0050870374 0.0101843167 0.0051427438 0.008514901 0.0067415862 0.0061840536 0.0074137758 0.0082637748 0.0102563296 0.0108250105 0.0081436595 0.0101932173 0.0094375157 0.0043313732 0.0065074197 0.0062047962 0.010104884 0.0136175551 0.0073429248 0.0067630737 0.0094998322 0.0064991492 0.012761004 0.0077513196 0.0083492624 0.0105874741 0.0096206824 0.0087031914 0.007127311 0.0054889909 0.0092281616 0.0066028059 0.0090931723 0.0085910127 0.00543903 0.013819469 0.0056184612 0.0080311085 0.0084297587 0.0086455784 0.0067531512 0.0064140261 0.0101251655 0.0110426717 0.0087310381 0.0079367123 0.0081494685 0.002094175 0.0105530888 0.0040167695 0.0055252182 0.0031836645 0.0103654282 0.0161542551 0.0054718922 0.0045795305 0.0041647539 0.0109225207 0.0110352407 0.0056785529 0.0114202141 0.0069117268 0.0062999509 0.0108287932 0.0110688209 0.0062212512 0.0056969138 0.0045329326 0.0064829468 0.0112349784 0.0091476513 0.0137624858 0.0028613195 0.0086425085 0.0073786284 0.0075890252 0.0097202714 0.0055609307 0.0090313463 0.0029527235 0.0068010581 0.0090053044 0.0094962262 0.0088943514 0.0068667219 0.0108289965 0.0051771993 0.0064034925 0.0094208514 0.0049673507 0.0092965004 0.0056849714 0.0093913377 0.0068766627 0.0034607907 0.0129435793 0.0068219781 0.0062161303 0.0037512335 0.0120320109 0.0082799553 0.0076110332 0.0042321569 0.0086547143 0.0111669296 0.0067704948 0.0064940384 
19 0.0086036768 0.0076200768 0.0154123662 0.009474348 0.005837391 0.0061875484 0.0042410834 0.007745857 0.0097990892 0.0084666924 0.0070439825 0.0117601053 0.0094438904 0.0040261606 0.0078881478 0.0058707307 0.0075284026 0.0064194364 0.0119261303 0.0094766048 0.0099332694 0.0067198257 0.0103336495 0.0026169159 0.0080170701 0.0067866732 0.007861203 0.0047455256 0.0049113249 0.0090637975 0.0067307815 0.0115428313 0.0067705823 0.0034820957 0.0049180248 0.0083933005 0.0053904468 0.0134074788 0.0004523981 0.0015776113 0.0070386132 0.0103846145 0.0116008531 0.0044744242 0.0123838656 0.0111563183 0.0097371234 0.009244611 0.0081206034 0.005313435 0.0019462162 0.0071230761 0.0072134397 0.0078191387 0.0042457152 0.0075647854 0.0099586939 0.0066870027 0.0046602439 0.0090472319 0.0080744259 0.0111836216 0.0089303794 0.0064051698 0.0146330817 0.0085237157 0.0089981245 0.0113173273 0.0086626665 0.0139601844 0.0100384161 0.0067988897 0.0099876993 0.0050135308 0.0045287672 0.0059684339 0.0064421952 0.0096146548 0.0062726344 0.0041892873 0.0082693858 0.0062788896 0.006161865 0.0106252754 0.005828434 0.0102906629 0.0082072881 0.0064985823 0.0079179287 0.0104854902 0.0073346985 0.0032464648 0.0063064107 0.0106741153 0.0080466879 0.0136460912 0.0070368592 0.0050818907 0.0129075254 0.0090025622 0.004834696 0.0120554996 0.0114915536 0.0063287323 0.0116751 0.00404466 0.0120842344 0.0079524774 0.0066479974 0.0071784176 0.0060048996 0.0047714851 0.0085700184 0.0036824731 0.0095959784 0.0058378251 0.0065415309 0.0018101062 0.0096451865 0.0064839981 0.003427817 0.0106069279 0.009977341 0.0117043591 0.0050367578 0.0042312283 0.0095499908 0.0106918632 
20 0.0052726526 0.0110305107 0.0099780228 0.0049985353 0.0099674684 0.0142147606 0.0057721482 0.0080720383 0.0099383512 0.0055553398 0.0067760667 0.0109419169 0.0057240008 0.0078500721 0.0059164508 0.01045935 0.010032313 0.0120309237 0.0094766048 0.002555329 0.0048012493 0.0061899299 0.0057114322 0.0107329975 0.0110347389 0.0044626672 0.0101093244 0.0085516752 0.0118077175 0.0085268954 0.0060085747 0.0107032751 0.004097662 0.01447759 0.0069584037 0.0033135141 0.0086156459 0.0085958174 0.0043117295 0.0055846112 0.0107073626 0.0096458176 0.0079816298 0.010401892 0.0091204497 0.0152141589 0.0026906748 0.0096827734 0.002559105 0.0052022182 0.0087351036 0.0074680589 0.0037054888 0.0040261139 0.0120816689 0.0056419773 0.0037400328 0.0157320875 0.0037715119 0.005008854 0.0089927874 0.0121783995 0.0062489497 0.0071735203 0.013519819 0.0055122036 0.0076127575 0.0045216228 0.003852399 0.0050267827 0.0015371775 0.0082284815 0.0107732464 0.0088631046 0.0051641883 0.0064783406 0.0025500533 0.0074027267 0.0153831866 0.0050548366 0.0121872897 0.0041162528 0.0057573252 0.0051123591 0.0101730678 0.0042242874 0.005183791 0.0081564112 0.0082677149 0.0108245551 0.0091892297 0.0029828177 0.0051787226 0.0065163978 0.0069486444 0.010195576 0.0148275173 0.0090753126 0.0056812039 0.0050560647 0.0072183989 0.0094526801 0.0080210186 0.0048517393 0.0151187395 0.0065103103 0.0086332917 0.0104249162 0.0121860029 0.0079143006 0.0025715594 0.0063541319 0.0102242335 0.008205095 0.0159866315 0.0064168606 0.0067036565 0.0094771758 0.0066209166 0.0078795551 0.008994455 0.0034202561 0.006570295 0.0082190247 0.0096925474 0.0048945584 0.007755983 0.0096772555 
21 0.0066328979 0.0054211493 0.008015794 0.011267124 0.0037266256 0.0065821551 0.0065187316 0.0084568748 0.0094494662 0.0125193655 0.0142818978 0.0055129886 0.0079293064 0.0108656137 0.0101010553 0.0049382918 0.0120933678 0.0087454424 0.0099332694 0.0048012493 0.0065935979 0.009275533 0.0087689814 0.0058513795 0.0075492001 0.0032744425 0.0056803924 0.0103610762 0.0096021103 0.0102336996 0.0073743066 0.0045566689 0.0075359883 0.0075620474 0.0056975836 0.0028399741 0.0093476223 0.0068106149 0.0088926409 0.0105947605 0.0091977007 0.0085189863 0.0124549561 0.0045411373 0.0121525488 0.0074640477 0.0077658511 0.0054153397 0.0088371902 0.0118131063 0.0050476868 0.0045633915 0.0080415949 0.0133431835 0.0108452805 0.010604303 0.0089897994 0.0089982981 0.0102797984 0.0040268186 0.0071072819 0.0075160007 0.0136982263 0.0141426666 0.0095334461 0.0083193494 0.0044904195 0.0077763061 0.0084441981 0.0067234492 0.0035561318 0.0104770849 0.004310196 0.0084593274 0.0030185491 0.0061792017 0.0121892638 0.0023869533 0.0071709119 0.008333903 0.0065790999 0.007531752 0.0046579788 0.0016572317 0.0055530995 0.0093186598 0.0081686901 0.0082595225 0.0090356535 0.0080305918 0.0080563815 0.0075660585 0.0035251078 0.0035078537 0.0089050626 0.0087728033 0.0016417439 0.0111899659 0.0090882926 0.00656716 0.0075994311 0.0111257001 0.0073873132 0.0060440223 0.0084165447 0.0082573513 0.0079941288 0.0031004703 0.0097717844 0.0096302882 0.00405695 0.0077031196 0.0084429797 0.0149881035 0.0065122122 0.0141730695 0.0055125664 0.0064638006 0.0040322911 0.0056463759 0.0061772571 0.0091950511 0.0111353526 0.0082962446 0.0070235729 0.0043224925 0.0098239738 0.0066256706 
22 0.0092142336 0.0132150645 0.0118784584 0.0093915787 0.0112058103 0.005718644 0.0064868248 0.0106569946 0.0069892716 0.0029071362 0.01061974 0.0086535056 0.0089162169 0.0032504988 0.0057645578 0.0074093286 0.006034708 0.0050870374 0.0067198257 0.0061899299 0.009275533 0.0071487184 0.005659691 0.0082359775 0.0062452121 0.0057598679 0.010311913 0.0064431349 0.0080437915 0.0081893161 0.0131706984 0.008241947 0.0078645696 0.0081098468 0.0053900134 0.0141557991 0.0019839328 0.0048388432 0.0065323134 0.0073962822 0.0079457269 0.0065449497 0.0116982839 0.0089912091 0.010089961 0.007189169 0.0051767612 0.007083931 0.0056211747 0.0097856688 0.0090081334 0.0111035401 0.0094613898 0.0098971472 0.0065105577 0.0086524188 0.0119157591 0.0065222866 0.0082797242 0.0086004713 0.008601495 0.006095277 0.0079101211 0.0119001542 0.0113086729 0.0088619117 0.0066820069 0.0054645 0.0133388595 0.0096922335 0.0069076913 0.0119254409 0.0053790434 0.008675294 0.0057379763 0.0067086268 0.0092015174 0.0149425215 0.0050180071 0.0116961833 0.0047757614 0.0061535107 0.0081320902 0.0085419991 0.010198974 0.0078799029 0.0092952043 0.0031907734 0.0036558515 0.0070447488 0.0117422684 0.0061589732 0.0058848909 0.0041598871 0.0095139224 0.0080765798 0.0070283685 0.0057808255 0.0089509364 0.0051133913 0.0052772509 0.0108949499 0.0087652503 0.0075607375 0.0104454343 0.0031693637 0.0087737921 0.0034091947 0.004302349 0.0083904627 0.0045685329 0.0075757346 0.0056256661 0.0035599278 0.010030337 0.0056200117 0.0142545519 0.0041872742 0.009789547 0.0063550468 0.0140387807 0.0081427126 0.0065957072 0.0108228151 0.0091385322 0.0039804307 0.0033238874 0.0046902961 
23 0.0071517472 0.0146164877 0.007277777 0.0080370865 0.0070280055 0.0079006779 0.0078943335 0.0092132231 0.0045817459 0.0061999736 0.0087770813 0.0051737328 0.0102100983 0.0057228868 0.0041365876 0.0107812176 0.0047106547 0.0101843167 0.0103336495 0.0057114322 0.0087689814 0.005659691 0.015045427 0.0073820852 0.0017394257 0.0110576939 0.0071285424 0.0066796877 0.0041444234 0.0066893604 0.0075664362 0.0038894839 0.0071924511 0.0082758415 0.003522234 0.004195185 0.0040124072 0.006176373 0.008110556 0.010151586 0.006763195 0.0055398129 0.0091059734 0.0103711273 0.0087490793 0.0070989519 0.0141739602 0.008228505 0.0065252634 0.0129293809 0.0125474573 0.0072404566 0.0068479216 0.0085205671 0.0094871657 0.0103990918 0.0076061927 0.0095062514 0.0063208834 0.0050285733 0.0122691522 0.005582198 0.0103943638 0.0036556705 0.007708768 0.007266282 0.007362857 0.007260058 0.0137772106 0.00567412 0.0096006747 0.0079594006 0.0048288883 0.0096273276 0.0088584984 0.0043298051 0.0094682637 0.0080203846 0.0064263943 0.0090317566 0.0122534942 0.0057365687 0.0048287179 0.0082634584 0.0055721203 0.0084650551 0.0075576583 0.008962917 0.0065152544 0.0080479106 0.0092959293 0.0010642032 0.0070641942 0.0055842011 0.0098200447 0.0087066576 0.0079608978 0.0059902157 0.0128319248 0.0042283001 0.0064311983 0.0150338176 0.00551552 0.0067984404 0.003019039 0.0088439141 0.0126725404 0.0059916083 0.009549313 0.0077431278 0.0070354474 0.0094953635 0.0088941187 0.0047735966 0.0102980415 0.0052762912 0.007098146 0.0054136739 0.0047759904 0.0114090569 0.0064461697 0.0086976603 0.0083044645 0.0084265043 0.0093595582 0.012047976 0.0128532875 0.0039239393 
24 0.0064717679 0.0079440063 0.007239555 0.0077547673 0.0057484295 0.0093186318 0.0086044604 0.0029813885 0.0068372678 0.005338564 0.0134784414 0.0047779421 0.0137532332 0.0148208566 0.0118499647 0.0170286675 0.0076282945 0.0051427438 0.0026169159 0.0107329975 0.0058513795 0.0082359775 0.0073820852 0.0110955644 0.0067217981 0.0087564372 0.0076952103 0.0072887497 0.0083375386 0.0066327047 0.0119799354 0.0063225293 0.0115631678 0.0076958402 0.0088365834 0.0036673417 0.0066600959 0.0108667548 0.0075166565 0.0084079115 0.0078116687 0.0001622823 0.0029592858 0.0082161484 0.0086907939 0.0095229765 0.0089245472 0.0096731014 0.0112205539 0.0042445169 0.0049784739 0.0010686787 0.0132362529 0.005528638 0.0071977476 0.0108443097 0.0086355587 0.0043851553 0.0096467709 0.0115006651 0.0039309433 0.0078701522 0.0095316503 0.0097988796 0.007266497 0.0090388253 0.0058951385 0.0050563329 0.0082946886 0.0114949722 0.0073096211 0.0073213052 0.0047763695 0.007242772 0.0044725911 0.0083572034 0.0113842327 0.0051565607 0.003276694 0.0074863988 0.0094940933 0.0053775802 0.0144033227 0.0112913224 0.0130632729 0.0063530346 0.0086443906 0.0089648365 0.006012093 0.0044013385 0.0075334376 0.0035679198 0.0109071709 0.009245146 0.0038200333 0.0091082108 0.0010317526 0.0093382227 0.0022597728 0.0050726322 0.0062027429 0.0045506355 0.0157725065 0.0086953385 0.0078640191 0.0068603314 0.0116252491 0.0164617111 0.0065742142 0.0036755141 0.0130445474 0.0124945384 0.0068160121 0.005366899 0.0074146463 0.0070941184 0.0049255638 0.0136472716 0.0062247623 0.0057257177 0.004093531 0.0112516188 0.0094573227 0.0075980871 0.0056725294 0.0027482665 0.0064608585 0.0067987515 
