128
1 0.0103136449 0.008942157 0.0130603374 0.005159605 0.0102691067 0.0097246266 0.007730198 0.01123177 0.0118057012 0.008411063 0.0016523176 0.0060941548 0.0097118388 0.0114919585 0.0142902985 0.0053249459 0.0114948806 0.0077318638 0.0096519599 0.0029917905 0.0086194761 0.005887416 0.007697494 0.0073366627 0.0074601413 0.0079885629 0.0106409744 0.0102473748 0.0053055317 0.0080143477 0.0076968043 0.0063318575 0.0109409822 0.0049124056 0.0051986939 0.0021783673 0.0069736927 0.0054643072 0.0048685732 0.002632294 0.0022094901 0.0068884234 0.0068449018 0.0043535149 0.012124738 0.0127017223 0.0039614466 0.005399554 0.0132781813 0.0076001452 0.0105942609 0.0055820681 0.0038350354 0.0071359986 0.0107139022 0.0075394866 0.0108192344 0.0099246162 0.0059062675 0.008015124 0.0028703123 0.0058370648 0.0062375261 0.0018630054 0.0094416192 0.010994806 0.0093825002 0.0100495082 0.0106944629 0.010206948 0.0111592705 0.0072736473 0.0107680367 0.0016457633 0.0077857566 0.0071029899 0.004110476 0.0124725954 0.006084038 0.014913759 0.005599044 0.0025654345 0.0054100952 0.0080340193 0.0079321477 0.0068274638 0.0102993431 0.0051114023 0.0093673481 0.0043503291 0.0052885851 0.0092639123 0.0050313729 0.0071422118 0.0066113316 0.0096268022 0.0044784015 0.0073988136 0.0128001713 0.0065616094 0.0104179157 0.0063325301 0.0120361959 0.0078330615 0.0092508646 0.0049773497 0.0061444665 0.0050700602 0.0060726626 0.0097624311 0.0059918298 0.006521405 0.0124108864 0.0089327716 0.0099455559 0.0090633783 0.0041376816 0.0092954142 0.0077537433 0.0082661998 0.012165871 0.0074994392 0.0138869618 0.0120261894 0.0013240984 0.0071290915 0.0054282018 0.0108215288 
2 0.008942157 0.0024111709 0.0094244337 0.0067331342 0.0079569475 0.0050841662 0.012133305 0.0095593465 0.0036717319 0.0116910283 0.0085115971 0.0132822679 0.0075533291 0.0064962321 0.011868702 0.0051432819 0.0134037748 0.0057867538 0.0070448736 0.0094016706 0.0082291084 0.0092421318 0.0078368402 0.0093733467 0.0047785913 0.0025562786 0.0092704646 0.0086349052 0.0053300513 0.0084112552 0.0079015366 0.0038513196 0.0118658499 0.0062399383 0.0059583088 0.0081926011 0.0082390311 0.009423574 0.0049695597 0.0061216817 0.0061888667 0.0043085392 0.004876501 0.0037812238 0.0092673619 0.0091821574 0.0077292073 0.007378186 0.010868916 0.0073554689 0.0093950781 0.0079741979 0.0046797465 0.0102490406 0.0070227969 0.0092873025 0.0091471564 0.0109313913 0.0059199322 0.0035117947 0.0055130268 0.0067684232 0.0091912682 0.0072926008 0.0087584383 0.0127671118 0.0067570716 0.005036681 0.0047629279 0.0091295141 0.012887769 0.0066527093 0.0088048976 0.0062717082 0.0104471364 0.0055900918 0.0080939835 0.0043551268 0.0021623127 0.0080463269 0.0053339628 0.0134202994 0.013858804 0.0042150708 0.0066053992 0.0122009396 0.0052330725 0.0109734536 0.0086991635 0.0042338931 0.0101541339 0.0121655319 0.0100676664 0.0151433344 0.0091686458 0.0079232266 0.0054519211 0.0086578718 0.0066967878 0.0102059595 0.0137854944 0.0018472417 0.0034455748 0.0045742205 0.0073966539 0.0107595026 0.0124075202 0.0095082568 0.0097048537 0.0088229078 0.0088200184 0.0118700186 0.0066017791 0.0008335906 0.008067877 0.0053908471 0.0066070104 0.0108946795 0.0048200646 0.0066068473 0.0057013205 0.0088096435 0.0072982272 0.0058934763 0.0109613775 0.0067799918 0.0037351386 0.0067764587 
3 0.0130603374 0.0094244337 0.0067434661 0.0047419407 0.0106441833 0.0082184988 0.0100480622 0.0070705363 0.0056147363 0.0037578626 0.0061463035 0.0055872605 0.0085117779 0.0066135289 0.0065157024 0.0090568827 0.0074057807 0.0053877583 0.0059502899 0.0054112177 0.006911051 0.011582328 0.0069692926 0.0104782709 0.0107145636 0.0169532915 0.0078377211 0.0023716602 0.0062209418 0.0157427219 0.008660232 0.013661106 0.0050516952 0.0078131892 0.0060734381 0.0103831137 0.0130457887 0.0091795728 0.0089007799 0.0100248009 0.0059834454 0.0057019462 0.0077320519 0.0055220844 0.00814609 0.0101195381 0.0095006 0.0037766419 0.0073169727 0.0098282223 0.0129540655 0.006353581 0.0085820946 0.0107760315 0.0042302956 0.0082990765 0.0065334734 0.008842328 0.0072842296 0.0048673673 0.00436674 0.0029079332 0.0078143174 0.0073921375 0.0090435756 0.0094499311 0.0086650327 0.0129510005 0.0103700288 0.0045784109 0.0066371134 0.006545209 0.0065115968 0.0093239818 0.0112056743 0.0022284924 0.0097097008 0.0093733255 0.0039663775 0.0054655509 0.0084999517 0.0113105612 0.0115392586 0.0113311554 0.0023027689 0.0085905881 0.0066038254 0.0057264798 0.0177594459 0.0049947725 0.0109436882 0.0099205964 0.0043079079 0.0061458857 0.0030354946 0.008303997 0.0080745943 0.0115758687 0.0140345412 0.0085388055 0.0039141305 0.0033639924 0.0047646164 0.0059852894 0.007726141 0.0079623961 0.0045057019 0.0081048666 0.0072564196 0.0093481012 0.0055827261 0.0092906256 0.0043012258 0.0069992431 0.0054820593 0.0079575129 0.0074837646 0.0126141996 0.006229191 0.0073311266 0.0081355313 0.011749032 0.0082231962 0.010180231 0.0015089893 0.0039401666 0.0025820897 0.008594862 
4 0.005159605 0.0067331342 0.0047419407 0.0087106791 0.0083436819 0.004302092 0.005926973 0.0092406608 0.0115116906 0.0136044754 0.007261203 0.0037733298 0.0053810914 0.009938987 0.0071557324 0.0061151485 0.0054428141 0.0151051239 0.0044726181 0.0064330747 0.0109828732 0.007397806 0.0065891232 0.0045207288 0.0103196015 0.0039962841 0.008293633 0.0091301179 0.013043328 0.0131554201 0.0103922791 0.0128283727 0.0048389935 0.0118985181 0.0081404386 0.0076251184 0.0098735766 0.007339943 0.0044220589 0.0108174649 0.0058672001 0.0095871694 0.0077342255 0.008215545 0.008657879 0.0082443873 0.0106272573 0.0086888355 0.0062752693 0.0092606869 0.0046829915 0.0049908934 0.0102238157 0.0162952312 0.0069815652 0.0096230669 0.0121787226 0.0112116515 0.0114557745 0.0052399401 0.009097598 0.0053582775 0.007441714 0.0045192768 0.0076473879 0.0061337344 0.0077755612 0.0104087063 0.0054686287 0.0108893494 0.0015975755 0.0091940596 0.0104456954 0.0067530034 0.003054365 0.0101187824 0.0088839693 0.0060693038 0.0069024279 0.0044676161 0.0064321453 0.0043782573 0.0102221049 0.0029559014 0.0087325835 0.007466819 0.0145889467 0.0095197876 0.0089751978 0.0059232835 0.010443908 0.0064539035 0.0048629573 0.0078786945 0.0076770894 0.0074189596 0.0126193043 0.004638232 0.0100453489 0.0072773224 0.0075331902 0.0077463259 0.0053558098 0.0110875196 0.0041222653 0.0060050006 0.0048278186 0.0117829312 0.0003055031 0.0073387956 0.0056057794 0.0069927853 0.003133244 0.0092784097 0.0075202356 0.0085182421 0.0068370235 0.0072808803 0.0147401455 0.0072068834 0.004882484 0.0105153807 0.0055028795 0.0053179674 0.0099226018 0.0083948827 0.0060548821 0.0044505106 
5 0.0102691067 0.0079569475 0.0106441833 0.0083436819 0.0105298396 0.0072710989 0.0074231379 0.0121257417 0.0020656753 0.0115046676 0.0061115627 0.0119397709 0.0047917678 0.0080846302 0.0038800224 0.0072971379 0.0063976926 0.0053728873 0.0106021016 0.0100433746 0.0113941372 0.0030929344 0.0078742595 0.0020921546 0.0057614873 0.005485022 0.011416955 0.0066626641 0.0114756552 0.0041778674 0.0082726266 0.0071132072 0.0080087492 0.0037248676 0.0060508442 0.0129600123 0.0079855651 0.0054605908 0.008973843 0.0071130131 0.0067669147 0.0041957438 0.0040833443 0.010075123 0.0053551651 0.0079980775 0.0085216396 0.00818036 0.0061766599 0.0069025832 0.0083077331 0.0028224999 0.0087527897 0.010352194 0.0053507946 0.0058888981 0.0058814053 0.0113516716 0.0031785986 0.0042285869 0.0141797967 0.0109461905 0.0070027893 0.0122994701 0.0056316246 0.0060209787 0.0039841248 0.009195787 0.0079074634 0.0049290743 0.0074697938 0.004777574 0.0139998062 0.0047548745 0.006857448 0.0093713632 0.0078299687 0.0117620106 0.0049190027 0.0035845643 0.0064563646 0.0072169684 0.0047377486 0.0084646054 0.008719992 0.0069338063 0.0076411676 0.0086020527 0.0083441459 0.0060873058 0.0049420237 0.0108343007 0.007391785 0.0124635342 0.0056943503 0.0118872272 0.008092872 0.008091721 0.0080123023 0.0097661934 0.0042943591 0.0126702489 0.0087107261 0.0054346193 0.0103120064 0.0047741947 0.0112975342 0.0066808919 0.0047754227 0.0082202165 0.0053345544 0.010304079 0.0064470164 0.0079035189 0.0084767096 0.010177413 0.0065589871 0.0052748792 0.007407657 0.0093825019 0.0085632058 0.0101188789 0.0129282975 0.013085565 0.0131769648 0.006568635 0.0091040055 0.0120904717 
6 0.0097246266 0.0050841662 0.0082184988 0.004302092 0.0072710989 0.0080145101 0.0041610923 0.0104813075 0.006602395 0.0105248496 0.0074440281 0.0071545496 0.0044473034 0.0113978971 0.0060020381 0.0059204877 0.0083612877 0.0052770462 0.0057299852 0.0081187764 0.0086582378 0.007383002 0.0052877872 0.0047036001 0.0097342491 0.0064861072 0.0133984602 0.0059207947 0.0058591203 0.0048404862 0.0070348669 0.0118744293 0.0021032813 0.0077806319 0.0035421243 0.0067375403 0.0050376804 0.0040486186 0.0069406117 0.0079187601 0.0135247583 0.0104495057 0.0086292377 0.0109249057 0.0066107244 0.0071952472 0.0079101087 0.0088341785 0.0095660107 0.0021040234 0.0107324632 0.0045233584 0.0051638725 0.0014426653 0.0110000173 0.0051587764 0.0071792575 0.0030065633 0.0113645227 0.007689008 0.0098138217 0.0050315449 0.0079366219 0.0104256719 0.0067356226 0.0138950338 0.0064434788 0.0038401333 0.0063604612 0.0127072099 0.0114618256 0.006097977 0.0075194763 0.0083475853 0.0084029338 0.0105104139 0.0144076351 0.0081492313 0.0115371158 0.0103963805 0.005570559 0.0133114528 0.0112959724 0.0073417882 0.0086736035 0.0056316207 0.0045105289 0.0094475024 0.0084851699 0.004260572 0.0115796462 0.0092116834 0.0107623489 0.0073836912 0.0020772788 0.0114262125 0.0073623993 0.0033843722 0.0099029069 0.00656126 0.0161902729 0.0098926994 0.0070005718 0.0074280669 0.0104152586 0.0086822804 0.0077058141 0.005159291 0.0100313857 0.0069771415 0.0081346615 0.0066240948 0.005527904 0.0085259019 0.010617753 0.0054988887 0.0061703937 0.0084979055 0.0102051914 0.0117461997 0.0092271563 0.003701219 0.0046218636 0.0062524483 0.0085668152 0.0107093895 0.0069620411 0.0081890155 
7 0.007730198 0.012133305 0.0100480622 0.005926973 0.0074231379 0.0041610923 0.0075852332 0.0094411974 0.0110249587 0.0097463956 0.0091265646 0.0067800416 0.0052844543 0.0073208753 0.007095718 0.0089677965 0.0091835793 0.0151379285 0.007371225 0.0081934842 0.0049736187 0.0071216553 0.0071121418 0.0064760154 0.0115550485 0.0076361349 0.0004329161 0.009782487 0.0038876037 0.0097584622 0.0081429233 0.0080291628 0.0097232014 0.0033407115 0.0097185034 0.0114530731 0.011533479 0.0105865565 0.0087658546 0.0035110754 0.004442646 0.0055471967 0.0075149958 0.0036266791 0.0075586552 0.0127671012 0.0069203504 0.010459461 0.0133601105 0.0074262115 0.0063314899 0.0132963684 0.0070020856 0.013728722 0.0089829648 0.006342777 0.0091185041 0.008842405 0.0047096157 0.0124747781 0.0039850477 0.0063089794 0.0043912841 0.0040538855 0.0054186842 0.0084956495 0.0085107793 0.0107185662 0.0077902432 0.0068239008 0.008267869 0.0073542985 0.0056592332 0.0083687011 0.0079513941 0.014344308 0.0008395979 0.0056036626 0.0065480701 0.0052330557 0.0053008132 0.0100990598 0.0075070454 0.0076354752 0.0077718973 0.0065908017 0.0093761211 0.0029791041 0.0075780463 0.0059448343 0.0109235429 0.009351224 0.0039118833 0.0082747109 0.009937202 0.0105676136 0.0086131789 0.0069209804 0.0060016754 0.0107145474 0.0017578232 0.0113944306 0.0120777856 0.0074953313 0.0081041144 0.0053522133 0.0098238792 0.0092561748 0.0066916609 0.005961056 0.0059319051 0.010881124 0.0052218188 0.0109834943 0.0062809261 0.0080443077 0.0053606534 0.0041637943 0.0110912802 0.0070126536 0.0084472559 0.0083026983 0.0087163847 0.0049839076 0.006732893 0.0060910061 0.0085181041 0.0089783927 
8 0.01123177 0.0095593465 0.0070705363 0.0092406608 0.0121257417 0.0104813075 0.0094411974 0.0073098609 0.00647873 0.0041290587 0.0071475438 0.0037800726 0.0096918237 0.0063665148 0.0072935903 0.0065174608 0.0056104691 0.009192737 0.0093622755 0.0089833245 0.0066520541 0.0059347338 0.0094439542 0.0073976109 0.0040831539 0.0094120294 0.0014060393 0.0089260292 0.0056615905 0.0046190494 0.0126539712 0.0045187146 0.0073989372 0.0083538697 0.0086953572 0.0042871714 0.0072939889 0.0091446508 0.005485415 0.0122775832 0.0128213296 0.0085111565 0.0087945663 0.007843318 0.0043680229 0.0120051085 0.008474356 0.0033556996 0.0033512343 0.0097199297 0.0048909425 0.0081215507 0.0054545214 0.0071724299 0.0138399148 0.0070722762 0.0075689655 0.0085172822 0.0083519635 0.0112335936 0.0084638697 0.0047440265 0.0045140793 0.0056256295 0.0064245359 0.0086101765 0.0100210376 0.0099435996 0.0062527988 0.0073584952 0.0146168025 0.0080881231 0.0046943507 0.0055601148 0.0072169208 0.008622441 0.0122211071 0.0027245569 0.0026697213 0.0097440749 0.0070703946 0.0035949907 0.0044823622 0.0112298231 0.0066644633 0.0100647774 0.0122401055 0.0050168999 0.0135015794 0.0065737147 0.0105597653 0.0072490059 0.0115959483 0.0087842253 0.0077172626 0.0071675308 0.0118465431 0.0072136402 0.0029533748 0.0069032394 0.0089226603 0.0063308871 0.0065400694 0.0146291973 0.0079303947 0.0092007699 0.0050106128 0.0060149732 0.00481367 0.0138475419 0.008177169 0.0120443779 0.0080601212 0.0089757556 0.009422614 0.0062097791 0.007922363 0.0064962872 0.0060778919 0.0090725173 0.004959748 0.0093371814 0.0016930053 0.0040581869 0.0118893438 0.003752066 0.0073349656 0.0146016541 
9 0.0118057012 0.0036717319 0.0056147363 0.0115116906 0.0020656753 0.006602395 0.0110249587 0.00647873 0.0124041033 0.0104420201 0.0063031711 0.0138642804 0.0069716572 0.006212684 0.004780701 0.0115463281 0.0078072792 0.0129333342 0.0092792102 0.005146975 0.0007581201 0.0084697463 0.0092303499 0.0074207709 0.0047603313 0.0115544748 0.0090732203 0.0079907729 0.0128971862 0.010252092 0.0104148431 0.0137907666 0.0057121893 0.0072068976 0.0108153833 0.0047644353 0.0067888743 0.0064087024 0.0044310616 0.0055874826 0.0047969772 0.0104131228 0.0080990795 0.0069561999 0.0060443895 0.0133453192 0.0147331793 0.0040240989 0.0086360443 0.0056008054 0.0043900173 0.0044452078 0.0086729245 0.0077103741 0.0082867666 0.0055837628 0.005990055 0.0047584801 0.0048496827 0.0096769809 0.0082019267 0.0055641669 0.0020164229 0.005230918 0.0087912547 0.0070571677 0.0117405257 0.0086112305 0.0058995925 0.011839804 0.0105076954 0.0067497314 0.0127151871 0.0061964468 0.0110614191 0.0114833335 0.005125743 0.0066923254 0.0054160154 0.0057334146 0.0086750224 0.0061000169 0.0083905337 0.0079740629 0.0045141739 0.011076732 0.0047626386 0.0091940317 0.013676226 0.0103421758 0.0127671276 0.0070272802 0.008693778 0.0043998705 0.0097627589 0.0075566086 0.0105786008 0.0118485265 0.0013357944 0.003543524 0.0147878083 0.007345885 0.0044361375 0.0067300679 0.0044711229 0.0090748962 0.0081237174 0.0043689687 0.0090062566 0.0107581489 0.008897205 0.0035349472 0.0012700578 0.0095623395 0.0072555747 0.0085635202 0.0075753438 0.0090455703 0.005203711 0.0078031744 0.007798968 0.0074946923 0.0112651854 0.0118015951 0.0086077944 0.0041272469 0.0048253197 0.005602409 
10 0.008411063 0.0116910283 0.0037578626 0.0136044754 0.0115046676 0.0105248496 0.0097463956 0.0041290587 0.0104420201 0.0041025862 0.0025220074 0.0067566381 0.0039609317 0.0093294761 0.0073526789 0.0036711159 0.0070558246 0.0075686949 0.0139734866 0.0054140537 0.0056070423 0.005833687 0.0058127861 0.013584104 0.007773336 0.0046981724 0.0086284114 0.0103603844 0.0098455857 0.0086502502 0.0115648805 0.0068318095 0.0046750625 0.003594051 0.0044128545 0.010348025 0.0100810333 0.0175351536 0.0118780096 0.0114485146 0.0066453216 0.0065075921 0.0082122807 0.0058607023 0.0073113854 0.0097025547 0.0074935557 0.0138918049 0.0086031432 0.0141251701 0.0105543155 0.0034131217 0.009984284 0.0059992947 0.0084658454 0.0052106541 0.0064190732 0.0151938556 0.0029137165 0.0072480224 0.0059951884 0.0104974104 0.0075274855 0.0069872142 0.0105724458 0.0037937277 0.0059878157 0.0094153554 0.0067579638 0.0063624341 0.0057091659 0.0071303395 0.0049343739 0.0055901944 0.0101294983 0.0073540086 0.0097413236 0.0091500047 0.0117934852 0.0055155217 0.006121662 0.0013427632 0.0075140552 0.0081671132 0.0090076244 0.0035191421 0.014655271 0.0048621261 0.0120451247 0.0046805686 0.006767672 0.0075723402 0.0047668687 0.010213674 0.0075175732 0.0061946335 0.0048970424 0.0097667627 0.0101327766 0.0048070747 0.0076182282 0.0057865364 0.0073230798 0.0106088943 0.0054063852 0.0107540045 0.0076208086 0.0096460297 0.0072787208 0.0117031314 0.0050266767 0.0087396447 0.0052866103 0.0078644611 0.0065731962 0.0126570059 0.0032752016 0.0117262753 0.0074579608 0.0028243326 0.0084277427 0.0101175784 0.008123454 0.0046052328 0.0045098894 0.0094617011 0.0012464811 0.010396149 
11 0.0016523176 0.0085115971 0.0061463035 0.007261203 0.0061115627 0.0074440281 0.0091265646 0.0071475438 0.0063031711 0.0025220074 0.0092842544 0.0083248459 0.0099838216 0.0082806198 0.0106673332 0.002138083 0.0069610904 0.0061224456 0.0084726025 0.010679494 0.0098498759 0.0136568193 0.0144883583 0.0085221768 0.0058877424 0.0099753285 0.0067478687 0.0120192251 0.0062654915 0.0080648073 0.0075070138 0.0038666362 0.0049814476 0.0051601142 0.0086357848 0.0094877957 0.0061542908 0.0071345425 0.0113549552 0.0058631582 0.0097415807 0.0118894391 0.0054631637 0.0106908459 0.0065177565 0.0066077185 0.0092794738 0.0060311053 0.0041574806 0.0065592295 0.009455697 0.0106678577 0.0074344791 0.0091093995 0.0115517388 0.0045546178 0.0025570001 0.0056129889 0.0027244511 0.0122047921 0.0085362231 0.0049959132 0.0107634073 0.0083424342 0.0126316279 0.0018239728 0.0088289085 0.0056241101 0.0023953918 0.0103991347 0.0012683947 0.0046655263 0.0027843691 0.0131031785 0.0081327228 0.0076056256 0.0116910724 0.0122861853 0.0055941786 0.0067351818 0.0051341219 0.0081550794 0.0095184127 0.0046279985 0.0060010406 0.0104404017 0.0112346557 0.009706594 0.0103067204 0.0025971205 0.0076767976 0.0086254588 0.0061078124 0.0039916638 0.005383174 0.0068536515 0.0050516656 0.0216528169 0.0056550037 0.0116511344 0.0078528115 0.0072493048 0.0039751118 0.0068727828 0.0096737636 0.0083286557 0.0133325186 0.0083492023 0.0077545954 0.0115262109 0.0076267525 0.0031976483 0.0059349032 0.0067241439 0.0066123409 0.0136150225 0.0104583654 0.0076030342 0.0097324191 0.0037813764 0.0126319564 0.0042251729 0.0144031398 0.0055929501 0.0087023321 0.0082363819 0.0092592597 0.0065938227 
12 0.0060941548 0.0132822679 0.0055872605 0.0037733298 0.0119397709 0.0071545496 0.0067800416 0.0037800726 0.0138642804 0.0067566381 0.0083248459 0.0100069933 0.0053678439 0.0047061048 0.0089209165 0.0118318764 0.005309978 0.0050181895 0.0052680183 0.0094718272 0.0070537203 0.0098896989 0.0071479247 0.0075182038 0.0104351678 0.0125242112 0.0044463305 0.0125581963 0.0085543187 0.0040369772 0.009115892 0.0113582077 0.0098796059 0.0145566234 0.0090710828 0.0049700861 0.0034204302 0.0056364329 0.0054146187 0.0040873829 0.0086819465 0.0035263627 0.0094154668 0.0089733068 0.0082013463 0.0068713211 0.0082476612 0.0048499963 0.0093076202 0.0054952773 0.0083740357 0.0053896846 0.0137515365 0.005327101 0.0041893126 0.0099349374 0.0082670113 0.007319372 0.0090662877 0.0080750484 0.0076841134 0.0039423208 0.0063098075 0.0150522648 0.0103851351 0.0131728054 0.008865627 0.00451076 0.006550613 0.0080525109 0.0056442995 0.0114113155 0.0094119916 0.0083587171 0.0086441572 0.0106237131 0.0034142874 0.0032575199 0.0075318713 0.008292924 0.0065460226 0.0115689143 0.0095966512 0.0048550316 0.0124853409 0.0063117362 0.0083221009 0.006652692 0.0059416608 0.0097443935 0.0122102863 0.0093414901 0.0038841428 0.0064758684 0.0082789864 0.012438361 0.0048600933 0.0089713414 0.0067267125 0.0095423331 0.0061456641 0.0045530675 0.0065305083 0.0100444608 0.0100383974 0.0123362846 0.0019310111 0.0058817484 0.0082362767 0.0100787131 0.008787117 0.0093933995 0.0020670862 0.0105165591 0.0063312884 0.0066835997 0.0048272475 0.0054332221 0.0087236081 0.0058892751 0.0081441575 0.0115492151 0.008787411 0.0048940381 0.0097042177 0.0075604024 0.0044464883 0.006435917 
13 0.0097118388 0.0075533291 0.0085117779 0.0053810914 0.0047917678 0.0044473034 0.0052844543 0.0096918237 0.0069716572 0.0039609317 0.0099838216 0.0053678439 0.00786014 0.004926938 0.0095429351 0.0068198806 0.0121347483 0.0040028777 0.0105508678 0.0027398242 0.0048196112 0.0050641106 0.0100325622 0.0064835242 0.0105217991 0.007821658 0.0030160244 0.0030248187 0.0112981481 0.0067330516 0.006000035 0.0079216126 0.0059730938 0.0082896866 0.0118633512 0.0084406953 0.0085711395 0.0120486149 0.0058579521 0.0093900827 0.0084136685 0.0096188001 0.008597692 0.0050854475 0.0067178312 0.005517505 0.0107500471 0.0083102805 0.0073755097 0.0085217514 0.011104521 0.004914684 0.0074298658 0.0094515897 0.008731599 0.0127191555 0.0111402807 0.0075539444 0.0149700291 0.0104265167 0.0070268415 0.0089827356 0.0083472513 0.0118178202 0.0105417238 0.0082769407 0.0087430301 0.0100966716 0.0150787203 0.005875874 0.0112012188 0.01242102 0.0088712381 0.0098840029 0.0073663769 0.0025377277 0.0081837498 0.0050954162 0.0058336739 0.0154388172 0.0060102058 0.0112710415 0.0005768213 0.0091286449 0.0090612238 0.0112556366 0.0066780062 0.0044064468 0.0041244142 0.0065596237 0.0086053452 0.007465483 0.0062128107 0.0092526491 0.0058008947 0.0038387746 0.0066166554 0.0039967461 0.0078604262 0.0097148383 0.0149188229 0.0072594382 0.009270997 0.0038784856 0.0075171777 0.0056083258 0.0069376766 0.0101393846 0.0095626245 0.0076411877 0.0077589159 0.0082485692 0.0093663768 0.0 0.0118639911 0.0073767767 0.0034994737 0.006141122 0.0053461567 0.0082105555 0.0021971521 0.0059878891 0.0091068441 0.0073642196 0.0051611814 0.010451457 0.0109891775 0.0073803385 
14 0.0114919585 0.0064962321 0.0066135289 0.009938987 0.0080846302 0.0113978971 0.0073208753 0.0063665148 0.006212684 0.0093294761 0.0082806198 0.0047061048 0.004926938 0.0073699608 0.0089514605 0.0045044872 0.0028605168 0.0071048992 0.0059094372 0.0074052034 0.0078010725 0.0075290756 0.0075699596 0.0078301635 0.0050947924 0.0083831589 0.0135074377 0.0091138606 0.0161967122 0.0088719714 0.0097190828 0.0094979068 0.0045702251 0.010738451 0.0140877955 0.0067971643 0.0056754591 0.0065474004 0.0138165111 0.011310298 0.0030443531 0.0072949266 0.0082385617 0.0102941238 0.0031583882 0.0065984519 0.0082267718 0.0059050035 0.0116049089 0.0190587643 0.0105345032 0.0156868954 0.0101987758 0.0093313086 0.006699387 0.010052946 0.005289896 0.0048650445 0.0059533262 0.0095358212 0.0081155385 0.0061863963 0.0112833405 0.0053996304 0.0066170803 0.0078719872 0.0062251947 0.0083260411 0.0058293607 0.0051849858 0.0061018301 0.0065509607 0.0059390856 0.0092348564 0.0052705363 0.0057902143 0.0087335845 0.0051142786 0.0030106198 0.0044892809 0.0121688575 0.0087575357 0.0062456363 0.0059625108 0.0097558691 0.0076255199 0.0068971094 0.0075937043 0.0095401185 0.0102047018 0.0080296583 0.0041018295 0.0101803103 0.0063778994 0.0076190248 0.0056527683 0.0029822006 0.0057503199 0.0029414556 0.0053269276 0.0093198965 0.0070234799 0.011843599 0.0099342875 0.0074934421 0.014353798 0.0046425807 0.0037217757 0.0048767762 0.0065821923 0.0072221921 0.007806963 0.0054769215 0.0087971405 0.0057233988 0.0100920431 0.0067039505 0.0067856028 0.0115474669 0.0066441622 0.0040941096 0.0075832394 0.0061554285 0.0087124709 0.0089027967 0.0077159484 0.0092507393 0.01450177 
15 0.0142902985 0.011868702 0.0065157024 0.0071557324 0.0038800224 0.0060020381 0.007095718 0.0072935903 0.004780701 0.0073526789 0.0106673332 0.0089209165 0.0095429351 0.0089514605 0.0080738157 0.0067182343 0.0055474141 0.00676906 0.0164982846 0.0061263833 0.0035161422 0.0084010625 0.0093272717 0.0043257132 0.0098494389 0.0041493324 0.0099731386 0.0073865666 0.0084435008 0.0068707373 0.0031477947 0.0048536395 0.0151493199 0.0037825648 0.0100866271 0.0103119145 0.0104863053 0.0073426705 0.0023511154 0.0133914444 0.0023491716 0.0112338746 0.0059912965 0.0084567836 0.0064060724 0.0120630709 0.0084231549 0.0076438216 0.0057026816 0.0084113227 0.0092447963 0.005891962 0.0096835909 0.006155329 0.0044010272 0.010203539 0.007403233 0.0102726035 0.0071995692 0.0104890634 0.0078281625 0.0069688493 0.0088231772 0.0069028887 0.0142314551 0.0072341454 0.0065693936 0.0047809276 0.009876247 0.0058663459 0.004601659 0.0069893543 0.0071938381 0.0103765476 0.0056674045 0.0062343246 0.0045628135 0.0035951022 0.0114833375 0.0060884054 0.013893458 0.0060766304 0.01004934 0.0051003062 0.0121506017 0.0088770434 0.0036826647 0.0115017315 0.0088508141 0.0112298591 0.0127202285 0.0029116441 0.0068387453 0.007827206 0.0070152522 0.0057739836 0.005555725 0.0046807194 0.0074316305 0.0090065542 0.0055251756 0.0043490013 0.0079837924 0.0098378757 0.0054469889 0.0076754363 0.0072680023 0.0093774331 0.0077421658 0.00401389 0.0093833077 0.0060957112 0.004579614 0.0076239808 0.0087228453 0.0110720894 0.005352276 0.0111259905 0.0105543728 0.0125489284 0.007520619 0.0075702509 0.0090896243 0.0076024816 0.0080483331 0.0101047813 0.0047730059 0.0071402243 
16 0.0053249459 0.0051432819 0.0090568827 0.0061151485 0.0072971379 0.0059204877 0.0089677965 0.0065174608 0.0115463281 0.0036711159 0.002138083 0.0118318764 0.0068198806 0.0045044872 0.0067182343 0.007797178 0.0054557382 0.0066131532 0.0086046868 0.0069996349 0.0077546137 0.0054094363 0.0134848844 0.0119706012 0.0077281689 0.0067866361 0.0067651743 0.0109115576 0.0066833812 0.0067495296 0.0024315631 0.0090894901 0.0100024728 0.0099635077 0.0030207177 0.0070119869 0.0076428949 0.007016938 0.006256716 0.0069464173 0.0103569213 0.0098164368 0.0056657642 0.0052248488 0.0062568478 0.0118964356 0.008788794 0.0089606966 0.0049274846 0.0091724282 0.0061664818 0.0142583166 0.00785203 0.0102575945 0.0054659586 0.0096881925 0.0058875961 0.0049131046 0.0065298243 0.0112804415 0.0038443707 0.0047704579 0.0063452195 0.0041994552 0.0072794196 0.010539773 0.0057367214 0.0068068966 0.0081289054 0.0067994437 0.0071274221 0.005919808 0.0050757193 0.010275136 0.0048059439 0.0045518233 0.0064684455 0.0127621066 0.0064985281 0.0151036959 0.0045726415 0.0043162942 0.0078723612 0.0071830683 0.0069930926 0.0138235 0.0033015611 0.012377301 0.0116119584 0.0103178231 0.0037160646 0.0109329418 0.0168560377 0.0068310298 0.0103063789 0.0035243259 0.0135891472 0.0093109632 0.007069433 0.0091070038 0.0099244195 0.0090419549 0.0051368225 0.0052234455 0.0052940464 0.0041149471 0.0117441252 0.0040107014 0.0110926595 0.0048178078 0.0045903724 0.0075982797 0.0129504998 0.0101818579 0.0066255572 0.0086504921 0.0099185398 0.0063622355 0.0075808991 0.0098721119 0.0135222381 0.0081102482 0.0098108099 0.0106043166 0.0046288427 0.0092299653 0.0096453709 0.0090277891 
17 0.0114948806 0.0134037748 0.0074057807 0.0054428141 0.0063976926 0.0083612877 0.0091835793 0.0056104691 0.0078072792 0.0070558246 0.0069610904 0.005309978 0.0121347483 0.0028605168 0.0055474141 0.0054557382 0.0109935938 0.0107791436 0.0087168037 0.00787008 0.0034610298 0.0070629663 0.0068919625 0.0066545323 0.0080965271 0.0031892508 0.0065033731 0.0140250976 0.0101399276 0.0083515595 0.0065170771 0.0091300674 0.0076462748 0.0077448026 0.0067326612 0.0066398592 0.0092079388 0.0074582098 0.0089917189 0.0042746529 0.0150048874 0.0088921218 0.0126999786 0.0077564508 0.0078390051 0.0079850174 0.0129775514 0.0081762929 0.0126006912 0.0105833428 0.0075809967 0.0080607999 0.0065812463 0.0088453639 0.0095973158 0.009114709 0.0118442306 0.0004072372 0.0087701576 0.0059440426 0.004935639 0.0094482575 0.0060634546 0.0059347283 0.0093205765 0.0059443848 0.0101098748 0.0087810364 0.0132500302 0.0104896127 0.0085878632 0.0073945537 0.0050736487 0.0048923676 0.0120957476 0.005259946 0.0047290741 0.0042799057 0.0132736091 0.0070238592 0.010845258 0.0105514261 0.0089685028 0.0067014931 0.0054115417 0.008157258 0.010501612 0.00688739 0.0019584317 0.0092948122 0.0067416793 0.0040447331 0.0083530955 0.0079632324 0.0072870148 0.0103247944 0.007158435 0.0048739738 0.0070714842 0.0103571224 0.0077918781 0.0128836227 0.0058590823 0.004170134 0.0063816042 0.0047791185 0.0104647208 0.0095336749 0.0076774833 0.0087742244 0.0067789521 0.0080913046 0.0109427017 0.0067010077 0.0037790009 0.0056064948 0.0081454801 0.0097385528 0.0083666114 0.0080931593 0.0054188973 0.0077102843 0.0036508632 0.0059356211 0.0060357852 0.005529959 0.0061554601 0.0058894427 
18 0.0077318638 0.0057867538 0.0053877583 0.0151051239 0.0053728873 0.0052770462 0.0151379285 0.009192737 0.0129333342 0.0075686949 0.0061224456 0.0050181895 0.0040028777 0.0071048992 0.00676906 0.0066131532 0.0107791436 0.0059870886 0.0066528462 0.0128533232 0.011225323 0.0029347214 0.001731589 0.0093506279 0.0078530761 0.0112370714 0.0070647882 0.010273179 0.0091607202 0.0114161201 0.0058119374 0.0093965913 0.0068227678 0.00927805 0.0084837641 0.0061966604 0.0045190033 0.0063381748 0.0118393157 0.0031292006 0.013594412 0.0026337962 0.0083379508 0.0083818825 0.0096375357 0.0090437233 0.0107644222 0.0082345733 0.0107019229 0.003417156 0.0085893231 0.0041574401 0.008472355 0.0068354921 0.0038049765 0.0073944611 0.0084687375 0.0075904567 0.0084950656 0.0107161477 0.0091516594 0.0072771679 0.0085422527 0.0056093718 0.0078205412 0.0062646223 0.0066472102 0.0090052644 0.0129461063 0.0073124427 0.0053559822 0.0077090488 0.0072993245 0.0087526336 0.0082824433 0.0085047911 0.0107870314 0.0119280098 0.0083255591 0.0067323728 0.0091572225 0.0159587813 0.0112409835 0.004870948 0.0070168629 0.0025476188 0.0033147314 0.0045284825 0.0085042594 0.0053525173 0.0082396052 0.0040976185 0.0075655308 0.0062960948 0.0062595329 0.0067769724 0.008232068 0.016046335 0.0104219033 0.0072801896 0.005158073 0.0128420143 0.0088600924 0.0085403746 0.011054576 0.009929443 0.0103490563 0.0089707151 0.0059352837 0.0060154695 0.0045863103 0.0022100245 0.0059792666 0.0121977114 0.0075164882 0.0106853345 0.0064809599 0.0062886365 0.0082842436 0.0045585457 0.0034767307 0.0108286108 0.0089436983 0.0071334255 0.0038521257 0.0043574869 0.0079644393 0.0043071035 
19 0.0096519599 0.0070448736 0.0059502899 0.0044726181 0.0106021016 0.0057299852 0.007371225 0.0093622755 0.0092792102 0.0139734866 0.0084726025 0.0052680183 0.0105508678 0.0059094372 0.0164982846 0.0086046868 0.0087168037 0.0066528462 0.0067115763 0.0056206362 0.0037053727 0.0091838884 0.0082387487 0.0071418118 0.0086569176 0.0078186218 0.006036827 0.0077008937 0.0078848399 0.0072652583 0.0123384257 0.0044898066 0.0163599048 0.0081620576 0.0043734523 0.0032105902 0.0089119519 0.0033705764 0.0028759556 0.006836671 0.0049289898 0.0105669834 0.0067746581 0.0078883814 0.0073057422 0.0132643199 0.0068829382 0.0104702467 0.0057382818 0.0093362065 0.0099922663 0.0094951419 0.006841921 0.0168212458 0.0102912213 0.0090677213 0.0054813482 0.0122161328 0.0067352251 0.0111396066 0.0091721302 0.0117706535 0.0024850896 0.0075454735 0.0067500299 0.0081265573 0.0085672026 0.0031746726 0.0095513391 0.006094592 0.0063163663 0.0052153938 0.0056898673 0.0102855588 0.00775549 0.0097956585 0.0036443185 0.0051968219 0.012250656 0.0100017462 0.0078875782 0.0066091452 0.0061153057 0.0059206061 0.0113303518 0.0076689621 0.0046481104 0.007605386 0.007780079 0.0084805745 0.0064907479 0.0069212599 0.0072807367 0.0043837023 0.0102637956 0.009394972 0.0048658696 0.0076683534 0.0059687189 0.0106143549 0.0053762004 0.0062576026 0.0058917039 0.011151814 0.0098972083 0.0106484972 0.0059872061 0.0096754095 0.0064740777 0.0082719667 0.0020473612 0.0029060401 0.0065100118 0.0080017842 0.0067606561 0.008530055 0.0088511841 0.006985646 0.0076509806 0.0082145507 0.008837004 0.0098102084 0.009812305 0.0087848261 0.0071748601 0.008146763 0.0075651336 0.0042457805 
20 0.0029917905 0.0094016706 0.0054112177 0.0064330747 0.0100433746 0.0081187764 0.0081934842 0.0089833245 0.005146975 0.0054140537 0.010679494 0.0094718272 0.0027398242 0.0074052034 0.0061263833 0.0069996349 0.00787008 0.0128533232 0.0056206362 0.0003813451 0.008185791 0.0064503428 0.0111486613 0.0048499964 0.0046937758 0.0105367384 0.0086855942 0.0121359226 0.0058776363 0.0073692432 0.0064632603 0.0049893638 0.0085335832 0.0074040164 0.0075013522 0.0143425847 0.0096785523 0.0083981892 0.0155623143 0.0052507784 0.0048527766 0.0048673952 0.0091634467 0.0057360903 0.0059049142 0.0046907261 0.0050455659 0.0106005779 0.0066503918 0.0092862088 0.0113955072 0.0102863973 0.0071940357 0.0063312176 0.0068253569 0.0067482064 0.0077660433 0.0109762798 0.0054340116 0.0088444868 0.0095011133 0.0078986356 0.00671311 0.0117068134 0.0087650244 0.0098200835 0.0068764353 0.0033853291 0.009591919 0.0099186554 0.0134824614 0.0075484297 0.0062573536 0.0087068615 0.0117136466 0.0111192949 0.0093938813 0.0078598822 0.0049743457 0.0054521569 0.0088509364 0.0063820357 0.0044823373 0.0059862561 0.0094150568 0.0105286508 0.0067666032 0.0066114095 0.0120946214 0.0066055639 0.0051787339 0.0040430019 0.0089110119 0.0090321776 0.0123540606 0.0070686991 0.0114162198 0.0075746748 0.0112524945 0.0047812641 0.0063968491 0.0087049971 0.0086241111 0.0046758301 0.0053016708 0.0100514089 0.0077578494 0.0060584982 0.0083296253 0.0091915333 0.0058636525 0.0063515017 0.0089684366 0.0086242823 0.0083655529 0.004334882 0.0151733083 0.0040729955 0.0088684096 0.0046951679 0.0088971844 0.006725908 0.0082174412 0.0111231638 0.0043526395 0.0131714188 0.0044850306 0.0056525828 
21 0.0086194761 0.0082291084 0.006911051 0.0109828732 0.0113941372 0.0086582378 0.0049736187 0.0066520541 0.0007581201 0.0056070423 0.0098498759 0.0070537203 0.0048196112 0.0078010725 0.0035161422 0.0077546137 0.0034610298 0.011225323 0.0037053727 0.008185791 0.0073639733 0.0111956658 0.0074920284 0.0151368924 0.0087452875 0.003571698 0.0103883276 0.007084588 0.0120096031 0.0077972622 0.0081434699 0.0085626428 0.0082397383 0.0055149214 0.0090205169 0.0106397944 0.0089453354 0.0047279623 0.0151057722 0.0095427324 0.0109457395 0.005412162 0.0064611798 0.003056821 0.0128358116 0.0101774599 0.0035202563 0.0105652239 0.0081227157 0.0098655295 0.0091260591 0.0054855991 0.0095084842 0.0020052234 0.0056102345 0.0111028431 0.004575133 0.0100692226 0.0068687852 0.0020675496 0.0084215315 0.0074444084 0.0055135973 0.0057296082 0.0098151325 0.0087550012 0.0064040802 0.0105607623 0.0093172358 0.009757603 0.0020656539 0.0070199454 0.0084646184 0.0070669495 0.0114245179 0.0055760996 0.0066115013 0.0113530446 0.0100583846 0.0072095722 0.0051538276 0.0051239289 0.0054545203 0.0058707534 0.0081471182 0.0068451976 0.0142138594 0.0030304351 0.01297332 0.0082054078 0.0093288649 0.0026218876 0.0079175677 0.0067879524 0.0070442287 0.0090304883 0.0022043189 0.0027014882 0.0085965946 0.0069844417 0.0105443194 0.008431651 0.0158434535 0.0079670907 0.0085256632 0.0099187249 0.0031949771 0.0055454776 0.0093430737 0.0072358398 0.0051273757 0.0073770383 0.0049347515 0.0033128659 0.0072515193 0.0089685415 0.0112189927 0.006279296 0.0144830511 0.0110260382 0.0105357745 0.0146850186 0.0027250608 0.0066583875 0.0087771977 0.0058688991 0.011151953 0.0094940018 
22 0.005887416 0.0092421318 0.011582328 0.007397806 0.0030929344 0.007383002 0.0071216553 0.0059347338 0.0084697463 0.005833687 0.0136568193 0.0098896989 0.0050641106 0.0075290756 0.0084010625 0.0054094363 0.0070629663 0.0029347214 0.0091838884 0.0064503428 0.0111956658 0.0033520933 0.0105540531 0.0067542686 0.0036613269 0.0114575142 0.0057357794 0.009892601 0.009991291 0.0065887152 0.0068520286 0.0073216853 0.0080911638 0.0062655908 0.0110397178 0.0099340587 0.0104315476 0.0052687402 0.0032087553 0.0038374102 0.0104525779 0.0096282504 0.0089977078 0.0082337688 0.0067461378 0.0069504681 0.0048454146 0.0112686828 0.0122843818 0.0103509685 0.008397915 0.0100942037 0.0061256013 0.0077016978 0.0100351743 0.0068203535 0.0116476492 0.0045303495 0.0061649179 0.0058456569 0.0055612502 0.007182079 0.0078327743 0.0090810542 0.0058925525 0.0105971411 0.0092969051 0.0157815327 0.0080110907 0.0091079882 0.00938539 0.0098887692 0.0094714516 0.0099480442 0.0108582617 0.0049077563 0.0064823721 0.0052497472 0.0031362229 0.0109758225 0.0058674899 0.0084481031 0.00714825 0.0094375477 0.0123271065 0.0064951493 0.009539936 0.004838724 0.0071827314 0.0074862817 0.0073984038 0.0071658246 0.0071746627 0.0065058843 0.0059801336 0.0099832559 0.0091247693 0.0105877234 0.0083484282 0.0126334 0.0030405399 0.0062523655 0.0112898435 0.0097732985 0.0041242658 0.0058764524 0.0086063089 0.0053792009 0.0089193453 0.0082071337 0.0098383019 0.0089857764 0.0080971117 0.0056874599 0.0022231367 0.0063898011 0.0112839787 0.0064037407 0.0061278749 0.0064429555 0.0021614068 0.0096523033 0.0082722579 0.0092928214 0.0072889841 0.0095147774 0.0053877723 0.0070753265 
23 0.007697494 0.0078368402 0.0069692926 0.0065891232 0.0078742595 0.0052877872 0.0071121418 0.0094439542 0.0092303499 0.0058127861 0.0144883583 0.0071479247 0.0100325622 0.0075699596 0.0093272717 0.0134848844 0.0068919625 0.001731589 0.0082387487 0.0111486613 0.0074920284 0.0105540531 0.0086294683 0.0099096581 0.0095369806 0.0059033443 0.0117715742 0.0040832717 0.0062190685 0.0102229182 0.0133116901 0.0040019067 0.0084742666 0.0069486126 0.0107199429 0.0067494447 0.0080269311 0.0063934941 0.0064018084 0.0046055365 0.0059308225 0.0085970926 0.0101671275 0.0069693439 0.0105033802 0.0074495795 0.0068553919 0.0095355027 0.0074244102 0.0057636279 0.0092692494 0.0077208754 0.0066284872 0.0062611295 0.0060095269 0.0099823337 0.0130809056 0.0064126124 0.0045633134 0.0066383526 0.0014619385 0.009725723 0.0093601072 0.0054013773 0.0072789366 0.0051619693 0.0100262071 0.0068556459 0.0057761461 0.0061759169 0.0139498931 0.0068132731 0.0077358508 0.0067261044 0.0075928035 0.0106652251 0.0062805413 0.0102581073 0.0111768877 0.0063995785 0.0070544293 0.006985591 0.0028307358 0.0084852404 0.0107733035 0.0082324427 0.0094569866 0.0053859923 0.0117688764 0.0058336672 0.0082512175 0.0056696291 0.0041137453 0.0100922935 0.0058460852 0.0027045431 0.0068205971 0.0086714207 0.0122875273 0.0081452457 0.0081109583 0.0063817426 0.0061547485 0.0068817357 0.0076189845 0.0059353153 0.0106223768 0.0055979573 0.0105220281 0.0086070848 0.0090091868 0.0111791378 0.0078035224 0.0074637436 0.0079875493 0.009909571 0.0034301542 0.0066329635 0.0074277959 0.0070080241 0.0089665989 0.0057580761 0.0066180114 0.008422382 0.0049594873 0.0066442644 0.0107542277 0.009725554 
24 0.0073366627 0.0093733467 0.0104782709 0.0045207288 0.0020921546 0.0047036001 0.0064760154 0.0073976109 0.0074207709 0.013584104 0.0085221768 0.0075182038 0.0064835242 0.0078301635 0.0043257132 0.0119706012 0.0066545323 0.0093506279 0.0071418118 0.0048499964 0.0151368924 0.0067542686 0.0099096581 0.0142139354 0.0099100781 0.0115891077 0.0072509616 0.0090008543 0.0051917332 0.009704789 0.0044379174 0.0089895966 0.0063090479 0.0128844843 0.0099485788 0.0050053865 0.0085453582 0.006875185 0.0076469244 0.0065050031 0.0111652696 0.0087121511 0.0128094969 0.0059170585 0.0048356962 0.0103635428 0.0080471539 0.0072721174 0.0080520072 0.0052926097 0.0080191943 0.0099596159 0.0047373422 0.0055022005 0.0099315473 0.0094824481 0.0107791201 0.0070029387 0.0107527957 0.0081823871 0.0106349083 0.0081269608 0.0079546367 0.0074684663 0.0009208171 0.008710475 0.0060249244 0.0089127464 0.0132699806 0.0058629945 0.0094922326 0.0089139414 0.0104460405 0.0137870124 0.0052433331 0.0107053059 0.0022073789 0.0039620131 0.0056092756 0.0060979639 0.0116817747 0.0033856934 0.0068532008 0.0016884733 0.0054382202 0.0060394446 0.0093097994 0.007471768 0.0087425382 0.0057667178 0.0046990871 0.0116223387 0.0053413931 0.0080445691 0.0082894594 0.0060305402 0.0108269517 0.0065379502 0.0101428584 0.0095958492 0.0087116675 0.004869141 0.0122679245 0.0098197713 0.0029203658 0.0069333564 0.0075945008 0.0133695579 0.0071645849 0.0069969007 0.0113578159 0.0059667967 0.005228139 0.0032394137 0.0071672266 0.0155162186 0.0084521649 0.0074479673 0.0067033865 0.0102665004 0.0043632247 0.006154822 0.0043236561 0.0018901492 0.0107458594 0.0092924572 0.0069097622 0.0018095646 
