30
1 0.0 0.0271517242 0.0378870539 0.0401911466 0.0201295548 0.0461778534 0.025422994 0.0092001725 0.0398681926 0.0405676105 0.0332880202 0.0213308085 0.0186570183 0.0260775499 0.0496667499 0.0489060368 0.0425543095 0.0203443656 0.0408404592 0.0497884922 0.0309901796 0.0382574409 0.0237339757 0.0411299278 0.0239096936 0.0472687379 0.0392123363 0.0203363539 0.0423726092 0.0547386327
2 0.0271517242 0.0 0.0380037552 0.0347434164 0.039036319 0.0573386054 0.0529945424 0.0340195261 0.0312086239 0.0390931266 0.0212343251 0.0512132138 0.0540642871 0.0363330976 0.0085212842 0.0445196828 0.0287341215 0.02842915 0.0233815566 0.0190855189 0.0488593645 0.0396061151 0.0393706061 0.004055544 0.0576969521 0.0310715023 0.0520577746 0.0338633867 0.0117121081 0.0126007699
3 0.0378870539 0.0380037552 0.0 0.0493153794 0.031978649 0.0512344991 0.0209472261 0.0426121239 0.0418707989 0.0441049894 0.0406876122 0.0318302827 0.0151938045 0.0241802114 0.0304971571 0.0235670441 0.0305574285 0.0416556118 0.0358617622 0.0335897447 0.0359145811 0.0578288838 0.0066816298 0.0429363571 0.0292779872 0.0325970144 0.0387871106 0.0122038204 0.0282843673 0.0499131143
4 0.0401911466 0.0347434164 0.0493153794 0.0 0.0578987847 0.0343011254 0.0189116797 0.0098231196 0.038574097 0.0227907543 0.0469676968 0.025153746 0.0268099879 0.0332644102 0.0233701101 0.0388887736 0.0258764457 0.0262939446 0.0126224579 0.0576255752 0.0567430353 0.018944201 0.0302615201 0.0397275545 0.0357673354 0.035772387 0.0271864897 0.0529825489 0.0574168673 0.0217754096
5 0.0201295548 0.039036319 0.031978649 0.0578987847 0.0 0.0357710496 0.0070618666 0.0447100275 0.027721817 0.0191658614 0.0507302168 0.0203194997 0.0522591638 0.0585931688 0.0348066663 0.0195474847 0.0361313 0.0363606802 0.042984248 0.0435628556 0.0133073497 0.0305428617 0.0086218602 0.0461799499 0.0796206464 0.0063655471 0.040675732 0.0369320304 0.0405914992 0.0183933101
6 0.0461778534 0.0573386054 0.0512344991 0.0343011254 0.0357710496 0.0 0.0220782925 0.0358071791 0.0569757973 0.0175306479 0.0202544114 0.0263007807 0.0686418559 0.0041368189 0.019763265 0.0172740199 0.0133883844 0.0279769967 0.0531143063 0.0308018877 0.0410106464 0.0369675803 0.0049830064 0.0062245466 0.0535738147 0.0421480361 0.0518367195 0.0378914693 0.0567106963 0.0297857073
7 0.025422994 0.0529945424 0.0209472261 0.0189116797 0.0070618666 0.0220782925 0.0 0.0239254972 0.0537399431 0.0189155604 0.0303609522 0.0414312197 0.0043913547 0.0136589266 0.0509071321 0.0456416891 0.0313686615 0.0359164632 0.0228945863 0.0604324362 0.0355984637 0.0363180527 0.0739012847 0.0464563485 0.0438284453 0.016188323 0.0398819032 0.0549632301 0.036608407 0.0352545181
8 0.0092001725 0.0340195261 0.0426121239 0.0098231196 0.0447100275 0.0358071791 0.0239254972 0.0 0.0141032321 0.0244679947 0.030493797 0.0345621449 0.0343612434 0.0618818224 0.006689149 0.0471732135 0.0495422193 0.0534156757 0.0457438862 0.0631821097 0.0120331161 0.0281070116 0.0514916064 0.0316091471 0.05361246 0.0376571782 0.0240664407 0.0317782653 0.0390203989 0.0249102421
9 0.0398681926 0.0312086239 0.0418707989 0.038574097 0.027721817 0.0569757973 0.0537399431 0.0141032321 0.0 0.0316231932 0.0237199196 0.0404182641 0.0147123101 0.0315331501 0.0307452086 0.0146600476 0.0470707559 0.0130487861 0.0528713997 0.0398564076 0.0408120954 0.0344650336 0.0546452192 0.0397760217 0.0380831547 0.0434646157 0.0187658188 0.0442720382 0.0080634626 0.0333305958
10 0.0405676105 0.0390931266 0.0441049894 0.0227907543 0.0191658614 0.0175306479 0.0189155604 0.0244679947 0.0316231932 0.0 0.0328062264 0.0447642639 0.0365434964 0.0326248484 0.0353937275 0.0585403053 0.0358109134 0.0402191633 0.036848191 0.0272568114 0.0105912398 0.064156372 0.0208995683 0.028515777 0.0349944005 0.0399837717 0.0389415317 0.0486339844 0.0533807122 0.0208349569
11 0.0332880202 0.0212343251 0.0406876122 0.0469676968 0.0507302168 0.0202544114 0.0303609522 0.030493797 0.0237199196 0.0328062264 0.0 0.0366228376 0.0275933355 0.0431680081 0.0404850221 0.0217586286 0.0377443208 0.0144753015 0.0200992004 0.0407292526 0.043119059 0.0585785319 0.0375354754 0.0140830024 0.0234605563 0.0407199457 0.0390478881 0.0689827983 0.0248205885 0.0364330693
12 0.0213308085 0.0512132138 0.0318302827 0.025153746 0.0203194997 0.0263007807 0.0414312197 0.0345621449 0.0404182641 0.0447642639 0.0366228376 0.0 0.0252184399 0.0422431157 0.0178767806 0.0385220481 0.037521519 0.0505257569 0.0498331526 0.0203246641 0.0379565325 0.0412188062 0.0299184786 0.0314844426 0.0399735785 0.004523866 0.0227932385 0.0339360341 0.0501936616 0.0519888228
13 0.0186570183 0.0540642871 0.0151938045 0.0268099879 0.0522591638 0.0686418559 0.0043913547 0.0343612434 0.0147123101 0.0365434964 0.0275933355 0.0252184399 0.0 0.0348115582 0.0513032481 0.0465669963 0.0274400255 0.0350106087 0.0282351975 0.0260859665 0.0238530047 0.0395740517 0.0477758328 0.0269394859 0.0424614728 0.0544472803 0.0455470157 0.0313110287 0.0320896124 0.0281013167
14 0.0260775499 0.0363330976 0.0241802114 0.0332644102 0.0585931688 0.0041368189 0.0136589266 0.0618818224 0.0315331501 0.0326248484 0.0431680081 0.0422431157 0.0348115582 0.0 0.0486580683 0.0193166451 0.0553729161 0.0345590974 0.0099870032 0.0314272793 0.0470570299 0.0206759191 0.0345547537 0.0588850631 0.0194917797 0.0568920916 0.0425649816 0.0374681746 0.0099710864 0.0306114246
15 0.0496667499 0.0085212842 0.0304971571 0.0233701101 0.0348066663 0.019763265 0.0509071321 0.006689149 0.0307452086 0.0353937275 0.0404850221 0.0178767806 0.0513032481 0.0486580683 0.0 0.0411985002 0.0338185232 0.0525672467 0.0419051608 0.0325535842 0.0481537531 0.0098881829 0.0363341701 0.060635483 0.0449647377 0.0271369288 0.0333598314 0.0037260482 0.0621984345 0.0228758462
16 0.0489060368 0.0445196828 0.0235670441 0.0388887736 0.0195474847 0.0172740199 0.0456416891 0.0471732135 0.0146600476 0.0585403053 0.0217586286 0.0385220481 0.0465669963 0.0193166451 0.0411985002 0.0 0.05870433 0.0399768945 0.0265236896 0.0229083297 0.0313594502 0.0208294603 0.0571716922 0.0288990706 0.0337709974 0.0168955434 0.0574705807 0.0335015499 0.0251846281 0.0207226676
17 0.0425543095 0.0287341215 0.0305574285 0.0258764457 0.0361313 0.0133883844 0.0313686615 0.0495422193 0.0470707559 0.0358109134 0.0377443208 0.037521519 0.0274400255 0.0553729161 0.0338185232 0.05870433 0.0 0.0360417183 0.0344249091 0.0232313395 0.0228127137 0.0304251198 0.0267541347 0.0418076562 0.0196716936 0.0585245737 0.0266139805 0.0259977497 0.0294402962 0.0326179405
18 0.0203443656 0.02842915 0.0416556118 0.0262939446 0.0363606802 0.0279769967 0.0359164632 0.0534156757 0.0130487861 0.0402191633 0.0144753015 0.0505257569 0.0350106087 0.0345590974 0.0525672467 0.0399768945 0.0360417183 0.0 0.025504187 0.031276097 0.0520283455 0.0257311786 0.0441661894 0.0458934536 0.0432608084 0.0236592987 0.0356435391 0.0289924485 0.0328357556 0.0241912372
19 0.0408404592 0.0233815566 0.0358617622 0.0126224579 0.042984248 0.0531143063 0.0228945863 0.0457438862 0.0528713997 0.036848191 0.0200992004 0.0498331526 0.0282351975 0.0099870032 0.0419051608 0.0265236896 0.0344249091 0.025504187 0.0 0.0436730134 0.024858017 0.0463034032 0.036608887 0.0307540503 0.0309462564 0.0445774236 0.0184995173 0.0461610148 0.0397916141 0.0341514492
20 0.0497884922 0.0190855189 0.0335897447 0.0576255752 0.0435628556 0.0308018877 0.0604324362 0.0631821097 0.0398564076 0.0272568114 0.0407292526 0.0203246641 0.0260859665 0.0314272793 0.0325535842 0.0229083297 0.0232313395 0.031276097 0.0436730134 0.0 0.0340452579 0.0311207394 0.0521026254 0.0427607862 0.0365739666 0.0217547116 0.0214780044 0.0188089158 0.0366491703 0.0073144568
21 0.0309901796 0.0488593645 0.0359145811 0.0567430353 0.0133073497 0.0410106464 0.0355984637 0.0120331161 0.0408120954 0.0105912398 0.043119059 0.0379565325 0.0238530047 0.0470570299 0.0481537531 0.0313594502 0.0228127137 0.0520283455 0.024858017 0.0340452579 0.0 0.0514971836 0.0181063389 0.0270461535 0.0562352325 0.047682994 0.0125845212 0.0188960904 0.0274549069 0.0493933436
22 0.0382574409 0.0396061151 0.0578288838 0.018944201 0.0305428617 0.0369675803 0.0363180527 0.0281070116 0.0344650336 0.064156372 0.0585785319 0.0412188062 0.0395740517 0.0206759191 0.0098881829 0.0208294603 0.0304251198 0.0257311786 0.0463034032 0.0311207394 0.0514971836 0.0 0.0277005619 0.0333517707 0.0248575525 0.0417689323 0.0344324644 0.0199110415 0.034859721 0.0220818263
23 0.0237339757 0.0393706061 0.0066816298 0.0302615201 0.0086218602 0.0049830064 0.0739012847 0.0514916064 0.0546452192 0.0208995683 0.0375354754 0.0299184786 0.0477758328 0.0345547537 0.0363341701 0.0571716922 0.0267541347 0.0441661894 0.036608887 0.0521026254 0.0181063389 0.0277005619 0.0 0.0132469598 0.0053990256 0.0467649435 0.0406096969 0.0238945977 0.0400133376 0.0667520217
24 0.0411299278 0.004055544 0.0429363571 0.0397275545 0.0461799499 0.0062245466 0.0464563485 0.0316091471 0.0397760217 0.028515777 0.0140830024 0.0314844426 0.0269394859 0.0588850631 0.060635483 0.0288990706 0.0418076562 0.0458934536 0.0307540503 0.0427607862 0.0270461535 0.0333517707 0.0132469598 0.0 0.0126972667 0.035143978 0.0391299048 0.0384107393 0.0230983726 0.0691211863
25 0.0239096936 0.0576969521 0.0292779872 0.0357673354 0.0796206464 0.0535738147 0.0438284453 0.05361246 0.0380831547 0.0349944005 0.0234605563 0.0399735785 0.0424614728 0.0194917797 0.0449647377 0.0337709974 0.0196716936 0.0432608084 0.0309462564 0.0365739666 0.0562352325 0.0248575525 0.0053990256 0.0126972667 0.0 0.0178542989 0.0314238378 0.0249894095 0.0038993558 0.0377032835
26 0.0472687379 0.0310715023 0.0325970144 0.035772387 0.0063655471 0.0421480361 0.016188323 0.0376571782 0.0434646157 0.0399837717 0.0407199457 0.004523866 0.0544472803 0.0568920916 0.0271369288 0.0168955434 0.0585245737 0.0236592987 0.0445774236 0.0217547116 0.047682994 0.0417689323 0.0467649435 0.035143978 0.0178542989 0.0 0.0284625181 0.056120579 0.0218538532 0.0226991261
27 0.0392123363 0.0520577746 0.0387871106 0.0271864897 0.040675732 0.0518367195 0.0398819032 0.0240664407 0.0187658188 0.0389415317 0.0390478881 0.0227932385 0.0455470157 0.0425649816 0.0333598314 0.0574705807 0.0266139805 0.0356435391 0.0184995173 0.0214780044 0.0125845212 0.0344324644 0.0406096969 0.0391299048 0.0314238378 0.0284625181 0.0 0.027295975 0.0290797365 0.0425509111
28 0.0203363539 0.0338633867 0.0122038204 0.0529825489 0.0369320304 0.0378914693 0.0549632301 0.0317782653 0.0442720382 0.0486339844 0.0689827983 0.0339360341 0.0313110287 0.0374681746 0.0037260482 0.0335015499 0.0259977497 0.0289924485 0.0461610148 0.0188089158 0.0188960904 0.0199110415 0.0238945977 0.0384107393 0.0249894095 0.056120579 0.027295975 0.0 0.0454953022 0.0422433754
29 0.0423726092 0.0117121081 0.0282843673 0.0574168673 0.0405914992 0.0567106963 0.036608407 0.0390203989 0.0080634626 0.0533807122 0.0248205885 0.0501936616 0.0320896124 0.0099710864 0.0621984345 0.0251846281 0.0294402962 0.0328357556 0.0397916141 0.0366491703 0.0274549069 0.034859721 0.0400133376 0.0230983726 0.0038993558 0.0218538532 0.0290797365 0.0454953022 0.0 0.0569094382
30 0.0547386327 0.0126007699 0.0499131143 0.0217754096 0.0183933101 0.0297857073 0.0352545181 0.0249102421 0.0333305958 0.0208349569 0.0364330693 0.0519888228 0.0281013167 0.0306114246 0.0228758462 0.0207226676 0.0326179405 0.0241912372 0.0341514492 0.0073144568 0.0493933436 0.0220818263 0.0667520217 0.0691211863 0.0377032835 0.0226991261 0.0425509111 0.0422433754 0.0569094382 0.0
