60
1 0.0 0.0206735748 0.0169999868 0.0109310861 0.0224583067 0.0188450326 0.0271431905 0.0277744195 0.0131860603 0.0194486179 0.009297856 0.0175846053 0.0195442543 0.0077633432 0.0123076183 0.0186139978 0.0170999447 0.0102975347 0.0164526802 0.0228390324 0.0061462954 0.0245559143 0.0083480285 0.0119270854 0.0217063812 0.0230175906 0.0238480491 0.0301672013 0.0207246069 0.0272805406 0.0192072796 0.015171086 0.0195672262 0.0066001236 0.0244962404 0.0111831986 0.0201566941 0.0159962344 0.0174335973 0.0026421238 0.0220401569 0.0065551699 0.0224801348 0.0067562749 0.0127948251 0.0129584822 0.0134517078 0.0185143616 0.015367602 0.005612605 0.0197787335 0.0245062823 0.0250233509 0.0171062436 0.018612424 0.012608661 0.0093095018 0.0243537642 0.0197822485 0.0129508305
2 0.0206735748 0.0 0.0181670304 0.0227492731 0.0194384316 0.0108772832 0.0146429326 0.0071721134 0.010921651 0.0166329956 0.0127257662 0.0130953076 0.0207897995 0.0186052768 0.0176778825 0.0190802468 0.0266875296 0.0141754229 0.0181728977 0.0192559978 0.0211577091 0.0229491152 0.014248153 0.0167679161 0.0121309493 0.0142282611 0.0209057219 0.0196323577 0.0279047022 0.0037978811 0.0191967272 0.012639524 0.0176726193 0.0150779523 0.0171650103 0.0201791947 0.018648703 0.0124368306 0.0305931118 0.0133397634 0.0239365935 0.015365056 0.0177796727 0.0147450494 0.0199935227 0.0107796759 0.0113623441 0.0097129364 0.0201983151 0.0193135123 0.0134033214 0.0214468111 0.012394673 0.0233631089 0.0188656156 0.0198193087 0.0125307456 0.0087136233 0.0152483927 0.0188141058
3 0.0169999868 0.0181670304 0.0 0.0072466095 0.0177876239 0.0096953962 0.0211666949 0.0158907387 0.017944281 0.0116756513 0.0152280104 0.0223785013 0.0237152445 0.0214461174 0.0193240224 0.0134374859 0.0225988849 0.0216378319 0.0175600276 0.0184874725 0.0175962858 0.0093069546 0.0190303613 0.0125889866 0.0124775152 0.02593034 0.0185509041 0.0093914275 0.0175353852 0.0066981447 0.0097332354 0.0115590639 0.0149409698 0.0145530109 0.0261073212 0.0283396173 0.0223075152 0.0156779283 0.0268085993 0.0249116866 0.0090177974 0.0123415547 0.0129378861 0.0252068489 0.0200322684 0.0123284072 0.0224167449 0.0229551655 0.0136590457 0.0118408219 0.0100606411 0.0271175454 0.0175623445 0.0186952265 0.0113802358 0.0131567772 0.0146503112 0.0115396355 0.0203965608 0.0162713171
4 0.0109310861 0.0227492731 0.0072466095 0.0 0.0187506504 0.016106367 0.0180914263 0.0182682091 0.0223989952 0.0112830872 0.0173968058 0.0235544861 0.0050667987 0.031110401 0.0216320085 0.025898377 0.0105561338 0.01372359 0.0199059796 0.0095413751 0.0167530909 0.029197862 0.0171926454 0.0202800853 0.0256486761 0.0136850584 0.0159073168 0.0164707376 0.0223239192 0.0160340801 0.0146212072 0.0221866765 0.0209084621 0.0215748644 0.0157803315 0.0292315873 0.006782994 0.017839187 0.0105553567 0.0158580137 0.0152050248 0.0077315757 0.0161594659 0.0181760193 0.0119551305 0.0183398883 0.0245800859 0.0165266962 0.0131498797 0.0144480518 0.0170740703 0.0052620228 0.0248473628 0.0100475398 0.0080452376 0.0212551214 0.009082494 0.0188172291 0.0081541962 0.0280990962
5 0.0224583067 0.0194384316 0.0177876239 0.0187506504 0.0 0.0186021196 0.017412086 0.0117073893 0.0021418168 0.014457378 0.0170116504 0.0237470216 0.0277016759 0.0246175138 0.0067667016 0.001147988 0.0224264583 0.0117937777 0.0111814383 0.0086985561 0.0053057393 0.0278423797 0.016560048 0.0324911101 0.0121933342 0.0066649409 0.0213153165 0.0032378649 0.017302052 0.0187423934 0.0134937821 0.0150211705 0.01935411 0.027782995 0.0068473738 0.0169382906 0.0286445933 0.0108905256 0.0187794106 0.0193530955 0.0192543664 0.0207751162 0.0187370791 0.0093080661 0.0180107529 0.0189174121 0.0091274137 0.0158052987 0.0124999583 0.0106497485 0.0255083752 0.0194228601 0.0323145547 0.0260021014 0.0165729541 0.012129657 0.0295756297 0.0149088278 0.0162690177 0.0176017001
6 0.0188450326 0.0108772832 0.0096953962 0.016106367 0.0186021196 0.0 0.0227848037 0.0230530458 0.0262842508 0.0145938606 0.013757836 0.0115794884 0.0168987526 0.0109677768 0.0104239474 0.0254567295 0.0139099145 0.0225475161 0.0254858224 0.0115326108 0.0085934665 0.0187231811 0.0228622735 0.021581861 0.0086847575 0.0160900409 0.0178345265 0.0161883072 0.0167180824 0.0114888598 0.0087344191 0.0218413433 0.0239881661 0.0201833542 0.0298685676 0.0070203122 0.0239533157 0.0231585056 0.0190310803 0.0248057882 0.0210419384 0.0152334416 0.0220812516 0.0035257294 0.0146389566 0.0199999035 0.0150082258 0.0041499273 0.0182318871 0.0074634243 0.0203304207 0.0157725726 0.0260949077 0.0118324892 0.0228302391 0.0246680981 0.0035327775 0.018143043 0.01710772 0.0135602838
7 0.0271431905 0.0146429326 0.0211666949 0.0180914263 0.017412086 0.0227848037 0.0 0.0236890413 0.0074519342 0.0175234721 0.0224444456 0.0164367134 0.0018288827 0.012219609 0.0316273323 0.0159284616 0.0155461796 0.0169809921 0.0006582666 0.0181834552 0.0242112953 0.0089453791 0.0295350559 0.0158099483 0.0057887898 0.0176676005 0.0138170225 0.0239680123 0.0231738133 0.0224945693 0.0132440885 0.0077447921 0.0158000877 0.0119043057 0.0163360899 0.0159944297 0.0049574465 0.0084593778 0.0138052393 0.0124621911 0.0197089684 0.0227832099 0.0182455222 0.0184574821 0.0131825812 0.0283116101 0.0198336347 0.0178103031 0.0269121183 0.0193110895 0.0178250037 0.0089796851 0.0126506251 0.0044204053 0.0235248969 0.0199337754 0.0167050271 0.0201957501 0.0263315126 0.0169973451
8 0.0277744195 0.0071721134 0.0158907387 0.0182682091 0.0117073893 0.0230530458 0.0236890413 0.0 0.0196864951 0.0246410892 0.0255551889 0.0302370118 0.0074423507 0.0114768207 0.0253618984 0.0182312758 0.0242496804 0.0256109852 0.0019245779 0.0191032157 0.0089953868 0.0084345834 0.0037440392 0.0238166924 0.0273862846 0.0199278969 0.0040329905 0.018541749 0.0112614552 0.0221048067 0.0254787792 0.0104432504 0.0117351482 0.013500946 0.0161384839 0.0207135366 0.0148665336 0.0180603959 0.0195661037 0.0187764358 0.0124328038 0.0032823322 0.0236070055 0.0090314249 0.0142219426 0.0167546263 0.0075314202 0.0307879365 0.0334559162 0.021367522 0.0167640356 0.0111764163 0.0147684874 0.0044323752 0.0114067824 0.0117425268 0.0271596055 0.0259008362 0.0164719098 0.0091030497
9 0.0131860603 0.010921651 0.017944281 0.0223989952 0.0021418168 0.0262842508 0.0074519342 0.0196864951 0.0 0.014672485 0.0161787812 0.0119355616 0.0309954107 0.0171232026 0.0115359225 0.0189513927 0.0140763481 0.0124839611 0.02655758 0.0253422046 0.0097409778 0.0115610401 0.0106610299 0.0173715611 0.0165175375 0.0221118836 0.0122334485 0.0172507108 0.0107335814 0.0264859191 0.0091130664 0.0179790122 0.0134887942 0.0116356522 0.0152452873 0.0242644336 0.0155759598 0.0166476199 0.0141653541 0.0198706617 0.0096600505 0.0214085408 0.0132316691 0.0126434336 0.019883273 0.0254896568 0.0232450438 0.0237214675 0.0027689046 0.0154741161 0.0101607829 0.0192988415 0.0124840262 0.0258185059 0.0210040278 0.0287183479 0.0321550987 0.0150430387 0.0142323499 0.0210369592
10 0.0194486179 0.0166329956 0.0116756513 0.0112830872 0.014457378 0.0145938606 0.0175234721 0.0246410892 0.014672485 0.0 0.0196828914 0.0140766756 0.0208143764 0.0097952609 0.0185648445 0.0161869165 0.0129504512 0.0164740832 0.0118729503 0.0212969453 0.0316128309 0.0245807153 0.027339248 0.0125552494 0.0222417164 0.0262014421 0.0146846346 0.0107107452 0.0201974281 0.0218735552 0.0252345072 0.0316792061 0.0054097301 0.0111758236 0.0051559334 0.0098314143 0.0166173819 0.0120998986 0.0079467505 0.0109458848 0.0154039887 0.016368047 0.0146455965 0.0126830995 0.0189930912 0.0065859329 0.006895898 0.0157176641 0.0275128139 0.0269176317 0.0289271098 0.0208530229 0.0109898677 0.006924088 0.0214216615 0.0198513152 0.0193783116 0.0182728374 0.0181724838 0.0187474106
11 0.009297856 0.0127257662 0.0152280104 0.0173968058 0.0170116504 0.013757836 0.0224444456 0.0255551889 0.0161787812 0.0196828914 0.0 0.0195985721 0.0253191478 0.0246498479 0.019053342 0.0160066667 0.0145279919 0.0239013177 0.0206842013 0.0112559233 0.0212871709 0.0098329907 0.003850598 0.0170542688 0.0109640346 0.0226579445 0.0232055505 0.0307511225 0.015690306 0.0231128172 0.0044043813 0.0206084741 0.0123150522 0.0078757288 0.0053364991 0.0173241954 0.0170755605 0.0214172298 0.0180355947 0.0108006246 0.0124151127 0.018213778 0.0164382577 0.0108507618 0.0162116893 0.0247961322 0.0201039513 0.0179831805 0.0050119827 0.0243269709 0.015716628 0.016499859 0.0140288845 0.0189065631 0.0226436579 0.0240684347 0.0027416224 0.0161130387 0.0224835187 0.0225695894
12 0.0175846053 0.0130953076 0.0223785013 0.0235544861 0.0237470216 0.0115794884 0.0164367134 0.0302370118 0.0119355616 0.0140766756 0.0195985721 0.0 0.0131342924 0.0111268352 0.0173600994 0.0206992131 0.0130101305 0.0222371291 0.0182751626 0.0218103386 0.0126326951 0.0237378415 0.0278044124 0.0158706396 0.0248870243 0.0152897153 0.0325642276 0.0070077673 0.0171828716 0.0127057997 0.0166023141 0.0298481998 0.0021646793 0.0027060742 0.0149740628 0.0157945149 0.0233661624 0.0181640345 0.0200702061 0.016039875 0.0294324384 0.0279356681 0.003760788 0.0286939736 0.0083313646 0.0043848057 0.0103711033 0.0260453035 0.0280380836 0.0209347458 0.0229503501 0.0137554107 0.0125650709 0.0158517938 0.0097728672 0.0124446088 0.0070551579 0.0069714181 0.0137353383 0.0056794464
13 0.0195442543 0.0207897995 0.0237152445 0.0050667987 0.0277016759 0.0168987526 0.0018288827 0.0074423507 0.0309954107 0.0208143764 0.0253191478 0.0131342924 0.0 0.0129098394 0.0085589566 0.0222592596 0.0141516795 0.0083832095 0.0247413675 0.019918435 0.0135360292 0.0137412479 0.0342738219 0.0215325387 0.008943815 0.0150105493 0.0097545148 0.0310985868 0.0223906038 0.020377881 0.0276120913 0.0242248394 0.0166919074 0.013996854 0.0186135858 0.0139561687 0.0102533258 0.0110727143 0.019854255 0.0018827257 0.0113799553 0.0030366461 0.0158261311 0.0253886206 0.0159624197 0.0197662713 0.014647106 0.0221468503 0.0163427665 0.0253894468 0.0188922959 0.0101926325 0.0075639425 0.0248755346 0.0170595428 0.0177960961 0.0171328123 0.0107317833 0.0166396063 0.0162377509
14 0.0077633432 0.0186052768 0.0214461174 0.031110401 0.0246175138 0.0109677768 0.012219609 0.0114768207 0.0171232026 0.0097952609 0.0246498479 0.0111268352 0.0129098394 0.0 0.0074375003 0.0128516776 0.0248379474 0.022576376 0.0132802201 0.0225874254 0.009090057 0.0174211388 0.0124197238 0.017374622 0.0251312231 0.0072941953 0.0120961252 0.0154578177 0.0208794234 0.0145797227 0.0183665368 0.0081161749 0.00827317 0.0225452323 0.015181018 0.0278319874 0.0159693084 0.0147813434 0.0295548655 0.0149341154 0.0281929255 0.0150728198 0.0142434988 0.0192516938 0.0229940437 0.0218055683 0.0332790175 0.0300192729 0.0083567721 0.0159668964 0.0121980901 0.0159407434 0.0183967585 0.012354523 0.0091333483 0.0088202117 0.0162021871 0.0262545661 0.017089205 0.0097470648
15 0.0123076183 0.0176778825 0.0193240224 0.0216320085 0.0067667016 0.0104239474 0.0316273323 0.0253618984 0.0115359225 0.0185648445 0.019053342 0.0173600994 0.0085589566 0.0074375003 0.0 0.0168910211 0.0033392394 0.0243809842 0.0236167058 0.0228048921 0.0110223353 0.0230213287 0.0064367137 0.0101564047 0.0062751438 0.0174579563 0.0124876739 0.0111806938 0.0181554379 0.0078544416 0.016393246 0.01913821 0.0042953046 0.0190148729 0.0259361978 0.0107837532 0.0202542297 0.0094110279 0.0192974797 0.0287651253 0.0189077751 0.0202083357 0.0148180367 0.0158729367 0.021060127 0.0069523308 0.0087455034 0.0148063163 0.0269166477 0.0231999692 0.0159706334 0.0183803966 0.0155545158 0.0171465375 0.0203826857 0.0265026834 0.0286693699 0.0290690523 0.0212928403 0.0195408102
16 0.0186139978 0.0190802468 0.0134374859 0.025898377 0.001147988 0.0254567295 0.0159284616 0.0182312758 0.0189513927 0.0161869165 0.0160066667 0.0206992131 0.0222592596 0.0128516776 0.0168910211 0.0 0.0141573504 0.0103175823 0.0292670702 0.007372629 0.0201905482 0.0067571615 0.029394784 0.0087792786 0.0156615761 0.0265267085 0.0182824394 0.0237099337 0.0058574706 0.0194995605 0.0197536395 0.0183483779 0.0199311257 0.0118078876 0.017158751 0.0283660019 0.0219288406 0.0144116821 0.0116699727 0.0269668216 0.0153453295 0.006815148 0.0092463155 0.0184422367 0.0171129921 0.0256466442 0.0128580868 0.0150489079 0.0131543156 0.0220028411 0.0069361003 0.0225568958 0.0211245289 0.015248244 0.01677311 0.016500422 0.0227707958 0.0120118946 0.011488762 0.0111585259
17 0.0170999447 0.0266875296 0.0225988849 0.0105561338 0.0224264583 0.0139099145 0.0155461796 0.0242496804 0.0140763481 0.0129504512 0.0145279919 0.0130101305 0.0141516795 0.0248379474 0.0033392394 0.0141573504 0.0 0.0180123968 0.0118690876 0.0148242291 0.0246416439 0.0166348484 0.019799582 0.0186410041 0.0183237389 0.0129443942 0.0306788891 0.0194657574 0.0196314092 0.0132378223 0.0086490759 0.0067496529 0.0262932019 0.012176979 0.0158363298 0.0142031297 0.0272361096 0.0075178768 0.0058420677 0.0190407118 0.0147140404 0.0241449563 0.0079741011 0.0208565438 0.0079222813 0.0186942368 0.0180212508 0.0065229533 0.0270199867 0.0108927656 0.014994713 0.0211274373 0.0135568192 0.0164228591 0.0128858901 0.0268737202 0.0189734951 0.0140111044 0.0298355231 0.0281795201
18 0.0102975347 0.0141754229 0.0216378319 0.01372359 0.0117937777 0.0225475161 0.0169809921 0.0256109852 0.0124839611 0.0164740832 0.0239013177 0.0222371291 0.0083832095 0.022576376 0.0243809842 0.0103175823 0.0180123968 0.0 0.0064819091 0.0100394452 0.0158488343 0.0138613157 0.0246143548 0.0130069601 0.0214045406 0.0278928645 0.0205549918 0.0316934058 0.0302437786 0.0084539436 0.0202580026 0.009120682 0.0282156956 0.0094918808 0.0206327743 0.0116891605 0.0120905685 0.0128571679 0.0155872032 0.0229261871 0.0119757733 0.0032550782 0.0173305075 0.0209181865 0.0114641881 0.0112729845 0.0256342898 0.0259541374 0.0112441223 0.0060384324 0.0300455661 0.014868458 0.0164653061 0.0059561684 0.0116058734 0.0131618554 0.0273136909 0.0131748517 0.0182546458 0.0215655271
19 0.0164526802 0.0181728977 0.0175600276 0.0199059796 0.0111814383 0.0254858224 0.0006582666 0.0019245779 0.02655758 0.0118729503 0.0206842013 0.0182751626 0.0247413675 0.0132802201 0.0236167058 0.0292670702 0.0118690876 0.0064819091 0.0 0.0117463364 0.0180477656 0.0062445449 0.0244382696 0.0072446147 0.0099800706 0.0249966043 0.0148026128 0.017887694 0.0088661993 0.0328093735 0.0233154636 0.0187549232 0.0151400568 0.0266632583 0.018106162 0.0053346338 0.0048052514 0.0246322573 0.0174818684 0.0185378513 0.0082329988 0.0238863026 0.021149867 0.0246621847 0.0282642932 0.0302671687 0.0198210611 0.0042885029 0.015215914 0.020640001 0.0150882706 0.0236626612 0.0147530186 0.0066510555 0.0049405512 0.0159946795 0.0242983146 0.0093297514 0.0126507508 0.0283788956
20 0.0228390324 0.0192559978 0.0184874725 0.0095413751 0.0086985561 0.0115326108 0.0181834552 0.0191032157 0.0253422046 0.0212969453 0.0112559233 0.0218103386 0.019918435 0.0225874254 0.0228048921 0.007372629 0.0148242291 0.0100394452 0.0117463364 0.0 0.0216977214 0.0218808938 0.0139028434 0.0152594738 0.0190365787 0.0075214179 0.0266345659 0.0207099459 0.0156106563 0.0166845684 0.0157481814 0.0137015292 0.0216873781 0.0054576302 0.0177466068 0.0168833182 0.0122560727 0.0165945976 0.0216428907 0.0185994943 0.0171632688 0.0159044313 0.0210247852 0.0158530742 0.0098497316 0.0148709096 0.0281478591 0.0116460967 0.0135905631 0.0178847207 0.0171128588 0.024870215 0.0040434347 0.0206296068 0.0198416964 0.0234014745 0.0181891517 0.0193911725 0.0276992013 0.0029888635
21 0.0061462954 0.0211577091 0.0175962858 0.0167530909 0.0053057393 0.0085934665 0.0242112953 0.0089953868 0.0097409778 0.0316128309 0.0212871709 0.0126326951 0.0135360292 0.009090057 0.0110223353 0.0201905482 0.0246416439 0.0158488343 0.0180477656 0.0216977214 0.0 0.0223766498 0.0138459994 0.0164000081 0.0245458535 0.027259657 0.0233689382 0.0138496423 0.0080334583 0.0209990519 0.0187107784 0.0124621691 0.0066479997 0.0170440105 0.0186065679 0.0172312788 0.0127905282 0.0184001032 0.0087182226 0.0145507382 0.0218039321 0.0043216762 0.0055023707 0.019838947 0.0197804512 0.01786736 0.029721641 0.0215150582 0.0211312717 0.0274367726 0.0068911471 0.0171225689 0.0123025098 0.0215272332 0.0119355424 0.0213483516 0.0154111764 0.0268404877 0.014831177 0.0289207909
22 0.0245559143 0.0229491152 0.0093069546 0.029197862 0.0278423797 0.0187231811 0.0089453791 0.0084345834 0.0115610401 0.0245807153 0.0098329907 0.0237378415 0.0137412479 0.0174211388 0.0230213287 0.0067571615 0.0166348484 0.0138613157 0.0062445449 0.0218808938 0.0223766498 0.0 0.0157124484 0.0144632659 0.0094181603 0.0121573602 0.0174630113 0.0272769763 0.0207855455 0.017264813 0.027094881 0.0125258632 0.0052663255 0.0134900081 0.0106449063 0.0172631988 0.0333265016 0.0165504087 0.0191308964 0.0151161978 0.0256802889 0.0086151668 0.0219687542 0.0145801114 0.0100335907 0.0162152129 0.0253203095 0.0118936072 0.0204663189 0.0257347691 0.0074722574 0.0328149898 0.0046572886 0.0162148155 0.0168849156 0.0132535101 0.0302968225 0.0079459768 0.0048612653 0.0185321741
23 0.0083480285 0.014248153 0.0190303613 0.0171926454 0.016560048 0.0228622735 0.0295350559 0.0037440392 0.0106610299 0.027339248 0.003850598 0.0278044124 0.0342738219 0.0124197238 0.0064367137 0.029394784 0.019799582 0.0246143548 0.0244382696 0.0139028434 0.0138459994 0.0157124484 0.0 0.0104529676 0.0148438409 0.0039721865 0.0259163752 0.0083239639 0.0177431585 0.0073855053 0.0115792754 0.0091081291 0.0055567215 0.0176346642 0.0164114239 0.0307840804 0.0233683158 0.0184385745 0.0117967057 0.0170889806 0.01717844 0.0077815575 0.0218671975 0.0195222902 0.0155591249 0.0193488565 0.0293921596 0.0150626049 0.0173238877 0.0166911379 0.0134529323 0.0157349761 0.0120059288 0.0131451631 0.009362619 0.0276366488 0.0363266008 0.0136571903 0.0250585177 0.0074728633
24 0.0119270854 0.0167679161 0.0125889866 0.0202800853 0.0324911101 0.021581861 0.0158099483 0.0238166924 0.0173715611 0.0125552494 0.0170542688 0.0158706396 0.0215325387 0.017374622 0.0101564047 0.0087792786 0.0186410041 0.0130069601 0.0072446147 0.0152594738 0.0164000081 0.0144632659 0.0104529676 0.0 0.0139257937 0.0130136893 0.0244917496 0.0180790148 0.0213938982 0.0215709454 0.0129710173 0.0162557008 0.0217470905 0.0109561484 0.0311579209 0.0234206459 0.0124311353 0.0188148927 0.0166904829 0.0130607356 0.0132641631 0.0116411549 0.016249753 0.0289633808 0.0229099482 0.0102773774 0.0093661764 0.0082499044 0.0229288058 0.0189513619 0.0121686926 0.0068307143 0.0181090684 0.0197615724 0.0296656896 0.017078253 0.0110397942 0.0108750511 0.0283297946 0.0219319406
25 0.0217063812 0.0121309493 0.0124775152 0.0256486761 0.0121933342 0.0086847575 0.0057887898 0.0273862846 0.0165175375 0.0222417164 0.0109640346 0.0248870243 0.008943815 0.0251312231 0.0062751438 0.0156615761 0.0183237389 0.0214045406 0.0099800706 0.0190365787 0.0245458535 0.0094181603 0.0148438409 0.0139257937 0.0 0.0091426406 0.0158846717 0.0223270775 0.0146011294 0.010832738 0.0283921966 0.0096603323 0.0332311096 0.0053375049 0.0078925167 0.0098941101 0.0133542038 0.0303812732 0.012316542 0.0181593407 0.0135802028 0.0200429691 0.0175524874 0.0064038365 0.0247032545 0.0161171223 0.0114768308 0.0317973839 0.01279132 0.0254032955 0.0087901065 0.0114883477 0.0134058835 0.0209723748 0.032583948 0.0098698992 0.010918574 0.0306937734 0.0225971834 0.0292864834
26 0.0230175906 0.0142282611 0.02593034 0.0136850584 0.0066649409 0.0160900409 0.0176676005 0.0199278969 0.0221118836 0.0262014421 0.0226579445 0.0152897153 0.0150105493 0.0072941953 0.0174579563 0.0265267085 0.0129443942 0.0278928645 0.0249966043 0.0075214179 0.027259657 0.0121573602 0.0039721865 0.0130136893 0.0091426406 0.0 0.0236599648 0.0118215063 0.0186436033 0.018601554 0.0216361676 0.0097566699 0.0182839068 0.0182683003 0.0205790331 0.0184890308 0.0160857112 0.0307108954 0.0268416626 0.0177299847 0.0213100749 0.02588774 0.0097824282 0.0067201528 0.003209617 0.0135944799 0.0091733274 0.0226508301 0.021874893 0.0167152868 0.0279314684 0.0102775387 0.0059503545 0.0176138409 0.023085463 0.0118761087 0.0075390083 0.0259966851 0.0107252459 0.0083145265
27 0.0238480491 0.0209057219 0.0185509041 0.0159073168 0.0213153165 0.0178345265 0.0138170225 0.0040329905 0.0122334485 0.0146846346 0.0232055505 0.0325642276 0.0097545148 0.0120961252 0.0124876739 0.0182824394 0.0306788891 0.0205549918 0.0148026128 0.0266345659 0.0233689382 0.0174630113 0.0259163752 0.0244917496 0.0158846717 0.0236599648 0.0 0.0219360507 0.0068364367 0.0244309721 0.010811761 0.0155844107 0.0230794868 0.0092762917 0.0068885807 0.0040484169 0.0213638695 0.0176162715 0.0049751148 0.0121337602 0.0087111431 0.0211404493 0.024104581 0.0060680172 0.0152553904 0.0221330606 0.0210150835 0.0084846454 0.0195962422 0.0144632483 0.0318614334 0.0238856777 0.0132344325 0.0144760467 0.0127965182 0.0179258965 0.0124829917 0.0062936093 0.0280226119 0.0040912651
28 0.0301672013 0.0196323577 0.0093914275 0.0164707376 0.0032378649 0.0161883072 0.0239680123 0.018541749 0.0172507108 0.0107107452 0.0307511225 0.0070077673 0.0310985868 0.0154578177 0.0111806938 0.0237099337 0.0194657574 0.0316934058 0.017887694 0.0207099459 0.0138496423 0.0272769763 0.0083239639 0.0180790148 0.0223270775 0.0118215063 0.0219360507 0.0 0.0208463222 0.012276909 0.0136986278 0.0213672476 0.0143191024 0.0244484272 0.013238509 0.0064960471 0.0159505809 0.0092119513 0.03066885 0.0148049388 0.0168394992 0.0179897885 0.0226115201 0.0117837131 0.015882994 0.0124627798 0.0159589179 0.012002004 0.0097247896 0.0264529071 0.0119138967 0.0104283639 0.0138053427 0.0147718351 0.0172466969 0.0224169646 0.0242388372 0.0154982525 0.0042950963 0.0082122172
29 0.0207246069 0.0279047022 0.0175353852 0.0223239192 0.017302052 0.0167180824 0.0231738133 0.0112614552 0.0107335814 0.0201974281 0.015690306 0.0171828716 0.0223906038 0.0208794234 0.0181554379 0.0058574706 0.0196314092 0.0302437786 0.0088661993 0.0156106563 0.0080334583 0.0207855455 0.0177431585 0.0213938982 0.0146011294 0.0186436033 0.0068364367 0.0208463222 0.0 0.0093741927 0.0093458561 0.0310188894 0.0216798208 0.0163870794 0.0129787043 0.0127137422 0.0240319602 0.0199981273 0.0166280568 0.0228663686 0.0198504902 0.0225616463 0.0318692547 0.0253544007 0.0139674476 0.0164239732 0.0081776077 0.0097662284 0.0157361958 0.0143868522 0.0179424605 0.0141434346 0.019014719 0.0173086876 0.0089823917 0.0074858148 0.009006387 0.0195792839 0.0066249782 0.0135282135
30 0.0272805406 0.0037978811 0.0066981447 0.0160340801 0.0187423934 0.0114888598 0.0224945693 0.0221048067 0.0264859191 0.0218735552 0.0231128172 0.0127057997 0.020377881 0.0145797227 0.0078544416 0.0194995605 0.0132378223 0.0084539436 0.0328093735 0.0166845684 0.0209990519 0.017264813 0.0073855053 0.0215709454 0.010832738 0.018601554 0.0244309721 0.012276909 0.0093741927 0.0 0.0135721033 0.0151030953 0.0175793036 0.0134472916 0.011939337 0.0299755535 0.0178255454 0.0055624749 0.0263804409 0.01503972 0.0075957033 0.0219369824 0.0183120913 0.0203293092 0.0177226518 0.021020925 0.0185345554 0.0213084859 0.0110542742 0.0152229123 0.0249385149 0.0236273528 0.0174351036 0.0136199183 0.022839815 0.0155348682 0.0130654569 0.0170665452 0.0192237607 0.0041325461
31 0.0192072796 0.0191967272 0.0097332354 0.0146212072 0.0134937821 0.0087344191 0.0132440885 0.0254787792 0.0091130664 0.0252345072 0.0044043813 0.0166023141 0.0276120913 0.0183665368 0.016393246 0.0197536395 0.0086490759 0.0202580026 0.0233154636 0.0157481814 0.0187107784 0.027094881 0.0115792754 0.0129710173 0.0283921966 0.0216361676 0.010811761 0.0136986278 0.0093458561 0.0135721033 0.0 0.0254158965 0.0173747403 0.0153944242 0.014718735 0.0256282386 0.0124967911 0.0297966384 0.0186372903 0.0036185086 0.0047582865 0.0164432391 0.0187443508 0.0157013145 0.0250965681 0.0215724744 0.0182737073 0.0089964999 0.0294873178 0.0207457807 0.0308592262 0.0129940799 0.0188158945 0.0032259623 0.0150573003 0.0194453937 0.0136176715 0.0125839747 0.0180757738 0.015451232
32 0.015171086 0.012639524 0.0115590639 0.0221866765 0.0150211705 0.0218413433 0.0077447921 0.0104432504 0.0179790122 0.0316792061 0.0206084741 0.0298481998 0.0242248394 0.0081161749 0.01913821 0.0183483779 0.0067496529 0.009120682 0.0187549232 0.0137015292 0.0124621691 0.0125258632 0.0091081291 0.0162557008 0.0096603323 0.0097566699 0.0155844107 0.0213672476 0.0310188894 0.0151030953 0.0254158965 0.0 0.0161452225 0.0238064736 0.0105160528 0.0216375532 0.0214332065 0.0156570768 0.0067370796 0.0189909772 0.0115314766 0.0308762829 0.0102574357 0.0088409625 0.0186605814 0.0106590047 0.0201721479 0.0083539632 0.0079931901 0.0120082472 0.0146893522 0.0214567382 0.0248179865 0.0224239921 0.0288299752 0.0133370176 0.0300361973 0.0091375785 0.0205226808 0.0273369549
33 0.0195672262 0.0176726193 0.0149409698 0.0209084621 0.01935411 0.0239881661 0.0158000877 0.0117351482 0.0134887942 0.0054097301 0.0123150522 0.0021646793 0.0166919074 0.00827317 0.0042953046 0.0199311257 0.0262932019 0.0282156956 0.0151400568 0.0216873781 0.0066479997 0.0052663255 0.0055567215 0.0217470905 0.0332311096 0.0182839068 0.0230794868 0.0143191024 0.0216798208 0.0175793036 0.0173747403 0.0161452225 0.0 0.0181045263 0.0212492236 0.0208564478 0.0154185664 0.0185594683 0.0186357552 0.0211418179 0.014529902 0.0218234478 0.0088931286 0.0324740335 0.0206154143 0.0175996153 0.0126602788 0.0203546263 0.0062348319 0.0148011964 0.0046705823 0.0238627637 0.0219374984 0.0237180357 0.0222312602 0.0337179426 0.002162412 0.0181866149 0.0199107367 0.006866158
34 0.0066001236 0.0150779523 0.0145530109 0.0215748644 0.027782995 0.0201833542 0.0119043057 0.013500946 0.0116356522 0.0111758236 0.0078757288 0.0027060742 0.013996854 0.0225452323 0.0190148729 0.0118078876 0.012176979 0.0094918808 0.0266632583 0.0054576302 0.0170440105 0.0134900081 0.0176346642 0.0109561484 0.0053375049 0.0182683003 0.0092762917 0.0244484272 0.0163870794 0.0134472916 0.0153944242 0.0238064736 0.0181045263 0.0 0.0181416845 0.0238413569 0.005591354 0.0150985785 0.0300919746 0.0271726688 0.0311236682 0.0165125659 0.0215794243 0.0179121804 0.0157010606 0.0111046833 0.0147095391 0.012108202 0.0260063564 0.0128473738 0.0266601184 0.0177644415 0.0107549064 0.0121334389 0.016825079 0.0279991458 0.0252474085 0.0323790368 0.0133043158 0.0280688613
35 0.0244962404 0.0171650103 0.0261073212 0.0157803315 0.0068473738 0.0298685676 0.0163360899 0.0161384839 0.0152452873 0.0051559334 0.0053364991 0.0149740628 0.0186135858 0.015181018 0.0259361978 0.017158751 0.0158363298 0.0206327743 0.018106162 0.0177466068 0.0186065679 0.0106449063 0.0164114239 0.0311579209 0.0078925167 0.0205790331 0.0068885807 0.013238509 0.0129787043 0.011939337 0.014718735 0.0105160528 0.0212492236 0.0181416845 0.0 0.0207326541 0.0138296853 0.0251864703 0.0209802519 0.0198737225 0.0159209915 0.0112660815 0.0075303946 0.0291439091 0.0171780883 0.0301890733 0.0012348021 0.0174883789 0.0193598351 0.0131750142 0.03489029 0.0189901073 0.0056633684 0.0253485821 0.0076629168 0.007168563 0.0185674359 0.0191390026 0.0194180051 0.0224365534
36 0.0111831986 0.0201791947 0.0283396173 0.0292315873 0.0169382906 0.0070203122 0.0159944297 0.0207135366 0.0242644336 0.0098314143 0.0173241954 0.0157945149 0.0139561687 0.0278319874 0.0107837532 0.0283660019 0.0142031297 0.0116891605 0.0053346338 0.0168833182 0.0172312788 0.0172631988 0.0307840804 0.0234206459 0.0098941101 0.0184890308 0.0040484169 0.0064960471 0.0127137422 0.0299755535 0.0256282386 0.0216375532 0.0208564478 0.0238413569 0.0207326541 0.0 0.0286091334 0.0101776642 0.0140096643 0.0140977644 0.0164983842 0.0243199685 0.0205121057 0.0099762871 0.0201186961 0.0109868126 0.0127630538 0.0116370589 0.0080895313 0.0176602319 0.0086239752 0.0221801069 0.0193247142 0.0192475561 0.0054751296 0.0128357977 0.0087508715 0.0176136167 0.0117612016 0.02585544
37 0.0201566941 0.018648703 0.0223075152 0.006782994 0.0286445933 0.0239533157 0.0049574465 0.0148665336 0.0155759598 0.0166173819 0.0170755605 0.0233661624 0.0102533258 0.0159693084 0.0202542297 0.0219288406 0.0272361096 0.0120905685 0.0048052514 0.0122560727 0.0127905282 0.0333265016 0.0233683158 0.0124311353 0.0133542038 0.0160857112 0.0213638695 0.0159505809 0.0240319602 0.0178255454 0.0124967911 0.0214332065 0.0154185664 0.005591354 0.0138296853 0.0286091334 0.0 0.0146217025 0.0129331535 0.0081396644 0.0192915909 0.0335624583 0.0137577902 0.0124311263 0.025429127 0.0182055005 0.0137437061 0.0153499324 0.0146030048 0.0230861856 0.0184685893 0.003323201 0.0178353859 0.0263799547 0.0252484396 0.006244588 0.0127621427 0.010604022 0.0154517234 0.0128733553
38 0.0159962344 0.0124368306 0.0156779283 0.017839187 0.0108905256 0.0231585056 0.0084593778 0.0180603959 0.0166476199 0.0120998986 0.0214172298 0.0181640345 0.0110727143 0.0147813434 0.0094110279 0.0144116821 0.0075178768 0.0128571679 0.0246322573 0.0165945976 0.0184001032 0.0165504087 0.0184385745 0.0188148927 0.0303812732 0.0307108954 0.0176162715 0.0092119513 0.0199981273 0.0055624749 0.0297966384 0.0156570768 0.0185594683 0.0150985785 0.0251864703 0.0101776642 0.0146217025 0.0 0.0096796473 0.0248528195 0.01681915 0.0189931768 0.0271551318 0.0217069126 0.0138189301 0.0183165629 0.0080148081 0.0208291258 0.0090868894 0.0233199843 0.0123184276 0.0300163798 0.012349177 0.0274121136 0.0173021809 0.0073325164 0.0151380799 0.006704079 0.014488306 0.0274365946
39 0.0174335973 0.0305931118 0.0268085993 0.0105553567 0.0187794106 0.0190310803 0.0138052393 0.0195661037 0.0141653541 0.0079467505 0.0180355947 0.0200702061 0.019854255 0.0295548655 0.0192974797 0.0116699727 0.0058420677 0.0155872032 0.0174818684 0.0216428907 0.0087182226 0.0191308964 0.0117967057 0.0166904829 0.012316542 0.0268416626 0.0049751148 0.03066885 0.0166280568 0.0263804409 0.0186372903 0.0067370796 0.0186357552 0.0300919746 0.0209802519 0.0140096643 0.0129331535 0.0096796473 0.0 0.0123613777 0.0029225659 0.0216901317 0.0232236494 0.0086287269 0.0183334894 0.0188400444 0.01367183 0.0121743019 0.0084028129 0.0164204188 0.008008568 0.017580625 0.0333449321 0.0268333745 0.0276373982 0.0200486135 0.0124632634 0.0071952104 0.0069350488 0.0197108186
40 0.0026421238 0.0133397634 0.0249116866 0.0158580137 0.0193530955 0.0248057882 0.0124621911 0.0187764358 0.0198706617 0.0109458848 0.0108006246 0.016039875 0.0018827257 0.0149341154 0.0287651253 0.0269668216 0.0190407118 0.0229261871 0.0185378513 0.0185994943 0.0145507382 0.0151161978 0.0170889806 0.0130607356 0.0181593407 0.0177299847 0.0121337602 0.0148049388 0.0228663686 0.01503972 0.0036185086 0.0189909772 0.0211418179 0.0271726688 0.0198737225 0.0140977644 0.0081396644 0.0248528195 0.0123613777 0.0 0.0242501856 0.0218592167 0.0213418982 0.0194942978 0.0116717142 0.0215666061 0.004458864 0.0142845566 0.0128099243 0.0088573622 0.0173238778 0.0194627907 0.0191312081 0.0150887266 0.017273714 0.0254179869 0.0196269409 0.0088431517 0.0187065607 0.0262711544
41 0.0220401569 0.0239365935 0.0090177974 0.0152050248 0.0192543664 0.0210419384 0.0197089684 0.0124328038 0.0096600505 0.0154039887 0.0124151127 0.0294324384 0.0113799553 0.0281929255 0.0189077751 0.0153453295 0.0147140404 0.0119757733 0.0082329988 0.0171632688 0.0218039321 0.0256802889 0.01717844 0.0132641631 0.0135802028 0.0213100749 0.0087111431 0.0168394992 0.0198504902 0.0075957033 0.0047582865 0.0115314766 0.014529902 0.0311236682 0.0159209915 0.0164983842 0.0192915909 0.01681915 0.0029225659 0.0242501856 0.0 0.0199353053 0.019400303 0.0159531413 0.0209931587 0.0028793951 0.0139207004 0.0218165839 0.0223000186 0.0152417213 0.0313802023 0.0020865544 0.0218410369 0.0151287608 0.0175416961 0.0100478112 0.0314445024 0.0227959202 0.0149747747 0.021396968
42 0.0065551699 0.015365056 0.0123415547 0.0077315757 0.0207751162 0.0152334416 0.0227832099 0.0032823322 0.0214085408 0.016368047 0.018213778 0.0279356681 0.0030366461 0.0150728198 0.0202083357 0.006815148 0.0241449563 0.0032550782 0.0238863026 0.0159044313 0.0043216762 0.0086151668 0.0077815575 0.0116411549 0.0200429691 0.02588774 0.0211404493 0.0179897885 0.0225616463 0.0219369824 0.0164432391 0.0308762829 0.0218234478 0.0165125659 0.0112660815 0.0243199685 0.0335624583 0.0189931768 0.0216901317 0.0218592167 0.0199353053 0.0 0.0130328886 0.0212519066 0.0276089444 0.016160508 0.0240616577 0.0170009998 0.0195028417 0.0175491945 0.0186192974 0.0205103803 0.0124516772 0.0230450427 0.0273825896 0.0094547184 0.0036878967 0.0106579485 0.0183950386 0.0001082557
43 0.0224801348 0.0177796727 0.0129378861 0.0161594659 0.0187370791 0.0220812516 0.0182455222 0.0236070055 0.0132316691 0.0146455965 0.0164382577 0.003760788 0.0158261311 0.0142434988 0.0148180367 0.0092463155 0.0079741011 0.0173305075 0.021149867 0.0210247852 0.0055023707 0.0219687542 0.0218671975 0.016249753 0.0175524874 0.0097824282 0.024104581 0.0226115201 0.0318692547 0.0183120913 0.0187443508 0.0102574357 0.0088931286 0.0215794243 0.0075303946 0.0205121057 0.0137577902 0.0271551318 0.0232236494 0.0213418982 0.019400303 0.0130328886 0.0 0.0109127106 0.0167652859 0.0241716907 0.025082684 0.011037013 0.015301243 0.0037532228 0.026399812 0.022981898 0.0220705171 0.0186216087 0.0159826578 0.0079027885 0.0301395501 0.0128266763 0.0129400601 0.0061440704
44 0.0067562749 0.0147450494 0.0252068489 0.0181760193 0.0093080661 0.0035257294 0.0184574821 0.0090314249 0.0126434336 0.0126830995 0.0108507618 0.0286939736 0.0253886206 0.0192516938 0.0158729367 0.0184422367 0.0208565438 0.0209181865 0.0246621847 0.0158530742 0.019838947 0.0145801114 0.0195222902 0.0289633808 0.0064038365 0.0067201528 0.0060680172 0.0117837131 0.0253544007 0.0203293092 0.0157013145 0.0088409625 0.0324740335 0.0179121804 0.0291439091 0.0099762871 0.0124311263 0.0217069126 0.0086287269 0.0194942978 0.0159531413 0.0212519066 0.0109127106 0.0 0.0173200142 0.0158977551 0.0017046148 0.0258371623 0.0164753811 0.0115824762 0.0144526004 0.0120698673 0.0151510052 0.0266410399 0.019579329 0.0175911099 0.0157627051 0.0231516224 0.020810298 0.0306577104
45 0.0127948251 0.0199935227 0.0200322684 0.0119551305 0.0180107529 0.0146389566 0.0131825812 0.0142219426 0.019883273 0.0189930912 0.0162116893 0.0083313646 0.0159624197 0.0229940437 0.021060127 0.0171129921 0.0079222813 0.0114641881 0.0282642932 0.0098497316 0.0197804512 0.0100335907 0.0155591249 0.0229099482 0.0247032545 0.003209617 0.0152553904 0.015882994 0.0139674476 0.0177226518 0.0250965681 0.0186605814 0.0206154143 0.0157010606 0.0171780883 0.0201186961 0.025429127 0.0138189301 0.0183334894 0.0116717142 0.0209931587 0.0276089444 0.0167652859 0.0173200142 0.0 0.019606908 0.019269511 0.0100485902 0.0126164015 0.0241302394 0.0046000265 0.0121858938 0.0275324005 0.0122198677 0.0165479393 0.0164954468 0.0189837087 0.0133815396 0.0186664166 0.0225000926
46 0.0129584822 0.0107796759 0.0123284072 0.0183398883 0.0189174121 0.0199999035 0.0283116101 0.0167546263 0.0254896568 0.0065859329 0.0247961322 0.0043848057 0.0197662713 0.0218055683 0.0069523308 0.0256466442 0.0186942368 0.0112729845 0.0302671687 0.0148709096 0.01786736 0.0162152129 0.0193488565 0.0102773774 0.0161171223 0.0135944799 0.0221330606 0.0124627798 0.0164239732 0.021020925 0.0215724744 0.0106590047 0.0175996153 0.0111046833 0.0301890733 0.0109868126 0.0182055005 0.0183165629 0.0188400444 0.0215666061 0.0028793951 0.016160508 0.0241716907 0.0158977551 0.019606908 0.0 0.0160375703 0.0201894597 0.0135982139 0.0161684954 0.0133975183 0.021691525 0.0210058401 0.0104668512 0.0159920834 0.0161851609 0.027973984 0.0119103196 0.0140010275 0.009241521
47 0.0134517078 0.0113623441 0.0224167449 0.0245800859 0.0091274137 0.0150082258 0.0198336347 0.0075314202 0.0232450438 0.006895898 0.0201039513 0.0103711033 0.014647106 0.0332790175 0.0087455034 0.0128580868 0.0180212508 0.0256342898 0.0198210611 0.0281478591 0.029721641 0.0253203095 0.0293921596 0.0093661764 0.0114768308 0.0091733274 0.0210150835 0.0159589179 0.0081776077 0.0185345554 0.0182737073 0.0201721479 0.0126602788 0.0147095391 0.0012348021 0.0127630538 0.0137437061 0.0080148081 0.01367183 0.004458864 0.0139207004 0.0240616577 0.025082684 0.0017046148 0.019269511 0.0160375703 0.0 0.0273357301 0.0321913905 0.02632221 0.0144417698 0.0073585583 0.0278518404 0.0067303723 0.021460809 0.0138901264 0.0182552864 0.0195840829 0.0092490403 0.0323309509
48 0.0185143616 0.0097129364 0.0229551655 0.0165266962 0.0158052987 0.0041499273 0.0178103031 0.0307879365 0.0237214675 0.0157176641 0.0179831805 0.0260453035 0.0221468503 0.0300192729 0.0148063163 0.0150489079 0.0065229533 0.0259541374 0.0042885029 0.0116460967 0.0215150582 0.0118936072 0.0150626049 0.0082499044 0.0317973839 0.0226508301 0.0084846454 0.012002004 0.0097662284 0.0213084859 0.0089964999 0.0083539632 0.0203546263 0.012108202 0.0174883789 0.0116370589 0.0153499324 0.0208291258 0.0121743019 0.0142845566 0.0218165839 0.0170009998 0.011037013 0.0258371623 0.0100485902 0.0201894597 0.0273357301 0.0 0.0237516217 0.0162640322 0.0278734085 0.0157388332 0.0218040422 0.0132777299 0.0140796386 0.0096215537 0.0107535494 0.0218890581 0.0188135002 0.0183968166
49 0.015367602 0.0201983151 0.0136590457 0.0131498797 0.0124999583 0.0182318871 0.0269121183 0.0334559162 0.0027689046 0.0275128139 0.0050119827 0.0280380836 0.0163427665 0.0083567721 0.0269166477 0.0131543156 0.0270199867 0.0112441223 0.015215914 0.0135905631 0.0211312717 0.0204663189 0.0173238877 0.0229288058 0.01279132 0.021874893 0.0195962422 0.0097247896 0.0157361958 0.0110542742 0.0294873178 0.0079931901 0.0062348319 0.0260063564 0.0193598351 0.0080895313 0.0146030048 0.0090868894 0.0084028129 0.0128099243 0.0223000186 0.0195028417 0.015301243 0.0164753811 0.0126164015 0.0135982139 0.0321913905 0.0237516217 0.0 0.0074184691 0.0216385155 0.0096757317 0.0319924221 0.0173133383 0.010113664 0.0212192982 0.0033323055 0.0255156791 0.0227427256 0.0099514506
50 0.005612605 0.0193135123 0.0118408219 0.0144480518 0.0106497485 0.0074634243 0.0193110895 0.021367522 0.0154741161 0.0269176317 0.0243269709 0.0209347458 0.0253894468 0.0159668964 0.0231999692 0.0220028411 0.0108927656 0.0060384324 0.020640001 0.0178847207 0.0274367726 0.0257347691 0.0166911379 0.0189513619 0.0254032955 0.0167152868 0.0144632483 0.0264529071 0.0143868522 0.0152229123 0.0207457807 0.0120082472 0.0148011964 0.0128473738 0.0131750142 0.0176602319 0.0230861856 0.0233199843 0.0164204188 0.0088573622 0.0152417213 0.0175491945 0.0037532228 0.0115824762 0.0241302394 0.0161684954 0.02632221 0.0162640322 0.0074184691 0.0 0.0276498978 0.0109785508 0.0136150122 0.0250206799 0.0223538995 0.0186236362 0.0054146947 0.0164486935 0.0115139148 0.0058953079
51 0.0197787335 0.0134033214 0.0100606411 0.0170740703 0.0255083752 0.0203304207 0.0178250037 0.0167640356 0.0101607829 0.0289271098 0.015716628 0.0229503501 0.0188922959 0.0121980901 0.0159706334 0.0069361003 0.014994713 0.0300455661 0.0150882706 0.0171128588 0.0068911471 0.0074722574 0.0134529323 0.0121686926 0.0087901065 0.0279314684 0.0318614334 0.0119138967 0.0179424605 0.0249385149 0.0308592262 0.0146893522 0.0046705823 0.0266601184 0.03489029 0.0086239752 0.0184685893 0.0123184276 0.008008568 0.0173238778 0.0313802023 0.0186192974 0.026399812 0.0144526004 0.0046000265 0.0133975183 0.0144417698 0.0278734085 0.0216385155 0.0276498978 0.0 0.0230691265 0.0132275828 0.0100282984 0.0080997388 0.0191327693 0.0048625269 0.0146763512 0.0106837844 0.0061528554
52 0.0245062823 0.0214468111 0.0271175454 0.0052620228 0.0194228601 0.0157725726 0.0089796851 0.0111764163 0.0192988415 0.0208530229 0.016499859 0.0137554107 0.0101926325 0.0159407434 0.0183803966 0.0225568958 0.0211274373 0.014868458 0.0236626612 0.024870215 0.0171225689 0.0328149898 0.0157349761 0.0068307143 0.0114883477 0.0102775387 0.0238856777 0.0104283639 0.0141434346 0.0236273528 0.0129940799 0.0214567382 0.0238627637 0.0177644415 0.0189901073 0.0221801069 0.003323201 0.0300163798 0.017580625 0.0194627907 0.0020865544 0.0205103803 0.022981898 0.0120698673 0.0121858938 0.021691525 0.0073585583 0.0157388332 0.0096757317 0.0109785508 0.0230691265 0.0 0.0077149933 0.0141780238 0.0290254904 0.0049230653 0.0152367035 0.0209587108 0.0176470779 0.0222930478
