35
1 0.0 0.0512781156 0.0418833593 0.0211387473 0.0196456356 0.0294853052 0.0453235039 0.050123113 0.0318449494 0.0079399159 0.0249446882 0.033624559 0.0132940707 0.0272097263 0.0428584377 0.0291080068 0.0407006773 0.033430596 0.0062908041 0.0311911743 0.0227130134 0.0401244633 0.0285633115 0.0351788801 0.0252620033 0.0297972833 0.0502794514 0.0097770405 0.0236593436 0.0190369452 0.0400827797 0.0068342692 0.0267911971 0.017629509 0.0429551239
2 0.0512781156 0.0 0.0250494933 0.0258275069 0.026516339 0.0222880217 0.0486926693 0.0379556755 0.0345126201 0.0185979331 0.0103534385 0.0332054462 0.0327018831 0.0062786121 0.0085139205 0.0021989463 0.0566561498 0.026772174 0.0326722142 0.01383207 0.0420845314 0.0399613601 0.0342518497 0.0330063088 0.0239877328 0.0329411206 0.0344485773 0.0414022104 0.0311518568 0.0401582723 0.0222554653 0.0234228985 0.014006626 0.0435363276 0.0294816333
3 0.0418833593 0.0250494933 0.0 0.0086879934 0.0108101566 0.0415405957 0.0309621278 0.0425450731 0.0176670987 0.0172386399 0.0131476357 0.0340308081 0.0354540036 0.0257265017 0.0411644506 0.0316279172 0.0232255586 0.0062431895 0.0350657024 0.001150783 0.0293159208 0.0344207111 0.0250062654 0.0272292442 0.0402337514 0.0471868905 0.0448017254 0.0357649762 0.0215453453 0.0249286209 0.0325655624 0.0455810712 0.0282861013 0.0396237963 0.0402889294
4 0.0211387473 0.0258275069 0.0086879934 0.0 0.0359176436 0.044679337 0.0270515347 0.0172542667 0.0311253824 0.017583156 0.0415129565 0.035068476 0.0320855225 0.0355402203 0.0348636638 0.0214320883 0.0435218551 0.0274047442 0.0196805134 0.032478611 0.0029246308 0.0362890908 0.0262360095 0.0483859664 0.0470101547 0.0265099727 0.0122885775 0.0327844456 0.0015698934 0.0221881504 0.0380343746 0.0428266017 0.0430728594 0.039137001 0.0278880526
5 0.0196456356 0.026516339 0.0108101566 0.0359176436 0.0 0.0342824758 0.0420819654 0.0291728633 0.0293418209 0.0085485631 0.0220922723 0.0381387685 0.0233884499 0.034678939 0.0184667459 0.0442835283 0.0539524967 0.0401255429 0.0325124926 0.0411706633 0.037424757 0.0374927096 0.0279677544 0.0290963308 0.0395569454 0.0117521634 0.0258859505 0.0185939163 0.0136750106 0.0368744501 0.0445251868 0.0326124017 0.0263600277 0.0262537882 0.0068012449
6 0.0294853052 0.0222880217 0.0415405957 0.044679337 0.0342824758 0.0 0.0222703171 0.0160590678 0.0371816368 0.0320891214 0.0358318701 0.0267659225 0.040589558 0.0516262275 0.0249002948 0.0129540134 0.0219659752 0.0202155195 0.0129372192 0.0461709167 0.0445728185 0.0257804983 0.0334269441 0.0137533068 0.0072799686 0.0292888174 0.0225100492 0.0220114991 0.0309612397 0.0330813786 0.0494929997 0.0055341258 0.0506749755 0.0494472637 0.0083507192
7 0.0453235039 0.0486926693 0.0309621278 0.0270515347 0.0420819654 0.0222703171 0.0 0.0308923654 0.0243517219 0.0199133012 0.0264315385 0.0313745956 0.0340278556 0.0182223562 0.0088950746 0.0108923755 0.0204427031 0.0148055741 0.0272984587 0.0268118741 0.0304262844 0.0491726628 0.0302311727 0.0227079578 0.024491989 0.0371485276 0.0293716689 0.0227641189 0.0387437859 0.0193886276 0.0185194635 0.0443402926 0.0471887184 0.0356203846 0.0391424323
8 0.050123113 0.0379556755 0.0425450731 0.0172542667 0.0291728633 0.0160590678 0.0308923654 0.0 0.0238586723 0.041756386 0.0188512876 0.0583902466 0.0232490337 0.0249748892 0.0323037214 0.0320856492 0.0280621603 0.0533449455 0.0310721534 0.0093027132 0.0106275343 0.0442592945 0.0256140013 0.027476447 0.0412488605 0.022978169 0.0229593368 0.0345829725 0.0206156575 0.0193566571 0.0089801808 0.0423337639 0.0185532317 0.0206189062 0.038540704
9 0.0318449494 0.0345126201 0.0176670987 0.0311253824 0.0293418209 0.0371816368 0.0243517219 0.0238586723 0.0 0.0288587538 0.0139595755 0.0535385596 0.0271929354 0.0304717555 0.0227737435 0.0281167602 0.0123051502 0.0262096342 0.0401327701 0.0303866283 0.0258685963 0.0216501622 0.0287957954 0.0384551369 0.0208804074 0.0416628075 0.0222484016 0.0289128918 0.0326001871 0.0381871993 0.0070418499 0.0459945692 0.0330492142 0.0291184598 0.0417041527
10 0.0079399159 0.0185979331 0.0172386399 0.017583156 0.0085485631 0.0320891214 0.0199133012 0.041756386 0.0288587538 0.0 0.0444300089 0.041314028 0.0349524191 0.0401507352 0.044655609 0.032648179 0.0286615142 0.0223349333 0.0196454789 0.0186140312 0.0428649346 0.0490588959 0.0132021306 0.0222244893 0.035328956 0.0203195525 0.0542245495 0.0459005522 0.0326501532 0.036521578 0.0234133012 0.0388387574 0.0082390398 0.0226570378 0.0346233652
11 0.0249446882 0.0103534385 0.0131476357 0.0415129565 0.0220922723 0.0358318701 0.0264315385 0.0188512876 0.0139595755 0.0444300089 0.0 0.0352391476 0.0126309967 0.0324558953 0.039989881 0.0394333023 0.0287078412 0.0311751802 0.0402225802 0.0303262841 0.0134637245 0.0230392107 0.018641422 0.0173515052 0.022968246 0.0486621397 0.0341416104 0.0499421415 0.0414070337 0.0319386227 0.0219637271 0.0319449645 0.0318509927 0.0396115755 0.0313367035
12 0.033624559 0.0332054462 0.0340308081 0.035068476 0.0381387685 0.0267659225 0.0313745956 0.0583902466 0.0535385596 0.041314028 0.0352391476 0.0 0.0121484332 0.0156101805 0.0395949126 0.0178076246 0.0169659697 0.0247952126 0.0280882746 0.0502118156 0.0274768618 0.0328644968 0.0427785816 0.015408194 0.0114496564 0.0181322044 0.0238939977 0.0106217333 0.033430711 0.0358365188 0.0223940629 0.01837552 0.0375263369 0.020402567 0.023495576
13 0.0132940707 0.0327018831 0.0354540036 0.0320855225 0.0233884499 0.040589558 0.0340278556 0.0232490337 0.0271929354 0.0349524191 0.0126309967 0.0121484332 0.0 0.0311536482 0.0212198882 0.0100114221 0.03109667 0.0524696076 0.0415145066 0.0369866077 0.0479464126 0.0264166537 0.009449244 0.0357032506 0.0367059199 0.0324400284 0.0216188432 0.0218627735 0.0377969069 0.0246289135 0.0486586628 0.0173945665 0.0394676959 0.0373067222 0.0164358946
14 0.0272097263 0.0062786121 0.0257265017 0.0355402203 0.034678939 0.0516262275 0.0182223562 0.0249748892 0.0304717555 0.0401507352 0.0324558953 0.0156101805 0.0311536482 0.0 0.0251928552 0.0218977312 0.0371297973 0.0300044364 0.0489354348 0.0217537714 0.0247699955 0.0382114178 0.0483909505 0.0406787223 0.0475699351 0.0209347138 0.0351691226 0.0239742355 0.0138637286 0.0154210116 0.0171081803 0.0305651635 0.0363929304 0.0263508335 0.0215853456
15 0.0428584377 0.0085139205 0.0411644506 0.0348636638 0.0184667459 0.0249002948 0.0088950746 0.0323037214 0.0227737435 0.044655609 0.039989881 0.0395949126 0.0212198882 0.0251928552 0.0 0.0279680623 0.0200581043 0.0071376015 0.0304338909 0.055473263 0.0386498218 0.041000838 0.0317241403 0.0333230545 0.049461534 0.0341519952 0.0378747575 0.0422558972 0.0065096589 0.0250504124 0.0371114009 0.0259696805 0.0074679864 0.0218322863 0.0211524151
16 0.0291080068 0.0021989463 0.0316279172 0.0214320883 0.0442835283 0.0129540134 0.0108923755 0.0320856492 0.0281167602 0.032648179 0.0394333023 0.0178076246 0.0100114221 0.0218977312 0.0279680623 0.0 0.0530122077 0.0325940943 0.0327395174 0.0531906374 0.0299469249 0.0398484764 0.0337152167 0.0358937311 0.0243603549 0.0281794359 0.0407112163 0.0096569116 0.0360203981 0.0252184221 0.0136978918 0.0385754736 0.0505915756 0.0315161647 0.0280657428
17 0.0407006773 0.0566561498 0.0232255586 0.0435218551 0.0539524967 0.0219659752 0.0204427031 0.0280621603 0.0123051502 0.0286615142 0.0287078412 0.0169659697 0.03109667 0.0371297973 0.0200581043 0.0530122077 0.0 0.0286606425 0.0189585286 0.0167362733 0.0218516617 0.024501008 0.016287561 0.0322038426 0.0313500732 0.0033367671 0.0437450219 0.0318610504 0.0224088188 0.0493947355 0.043422726 0.0332639094 0.0351801475 0.0084971335 0.021875268
18 0.033430596 0.026772174 0.0062431895 0.0274047442 0.0401255429 0.0202155195 0.0148055741 0.0533449455 0.0262096342 0.0223349333 0.0311751802 0.0247952126 0.0524696076 0.0300044364 0.0071376015 0.0325940943 0.0286606425 0.0 0.0314650373 0.0405718975 0.0264593115 0.0391402679 0.0502134846 0.0330850901 0.0405363074 0.0149972857 0.008272419 0.0286596734 0.0223389817 0.0095196769 0.0310578416 0.0406345157 0.0249462397 0.0342997601 0.0460785816
19 0.0062908041 0.0326722142 0.0350657024 0.0196805134 0.0325124926 0.0129372192 0.0272984587 0.0310721534 0.0401327701 0.0196454789 0.0402225802 0.0280882746 0.0415145066 0.0489354348 0.0304338909 0.0327395174 0.0189585286 0.0314650373 0.0 0.0331073409 0.0410098972 0.0274149578 0.028231113 0.0223509086 0.0274978804 0.0314422319 0.0407979267 0.0312973832 0.0370077463 0.0291394444 0.0253016482 0.0160331766 0.0277123201 0.0243002575 0.02769019
20 0.0311911743 0.01383207 0.001150783 0.032478611 0.0411706633 0.0461709167 0.0268118741 0.0093027132 0.0303866283 0.0186140312 0.0303262841 0.0502118156 0.0369866077 0.0217537714 0.055473263 0.0531906374 0.0167362733 0.0405718975 0.0331073409 0.0 0.011509751 0.0488763058 0.0194208488 0.0112050884 0.0220770182 0.0283907397 0.0279362755 0.0295994042 0.0256843 0.0243640381 0.0430104982 0.035634875 0.0309869142 0.0079039506 0.0439326364
21 0.0227130134 0.0420845314 0.0293159208 0.0029246308 0.037424757 0.0445728185 0.0304262844 0.0106275343 0.0258685963 0.0428649346 0.0134637245 0.0274768618 0.0479464126 0.0247699955 0.0386498218 0.0299469249 0.0218516617 0.0264593115 0.0410098972 0.011509751 0.0 0.014723762 0.0358059966 0.0247623216 0.0357090811 0.0398384107 0.0287041171 0.0361310897 0.0484707283 0.0426979427 0.0198414257 0.0264122345 0.0138629531 0.028133139 0.032999414
22 0.0401244633 0.0399613601 0.0344207111 0.0362890908 0.0374927096 0.0257804983 0.0491726628 0.0442592945 0.0216501622 0.0490588959 0.0230392107 0.0328644968 0.0264166537 0.0382114178 0.041000838 0.0398484764 0.024501008 0.0391402679 0.0274149578 0.0488763058 0.014723762 0.0 0.016506002 0.0239037325 0.0356404756 0.006395368 0.0182906058 0.0170785923 0.0236110434 0.0126648415 0.0253328189 0.0377103303 0.0134957954 0.0187743632 0.0163487873
23 0.0285633115 0.0342518497 0.0250062654 0.0262360095 0.0279677544 0.0334269441 0.0302311727 0.0256140013 0.0287957954 0.0132021306 0.018641422 0.0427785816 0.009449244 0.0483909505 0.0317241403 0.0337152167 0.016287561 0.0502134846 0.028231113 0.0194208488 0.0358059966 0.016506002 0.0 0.0435138774 0.0214388591 0.04293315 0.0128735871 0.0485548443 0.0402807377 0.0182704236 0.0417177554 0.0085068098 0.0194264444 0.0364369007 0.0415868147
24 0.0351788801 0.0330063088 0.0272292442 0.0483859664 0.0290963308 0.0137533068 0.0227079578 0.027476447 0.0384551369 0.0222244893 0.0173515052 0.015408194 0.0357032506 0.0406787223 0.0333230545 0.0358937311 0.0322038426 0.0330850901 0.0223509086 0.0112050884 0.0247623216 0.0239037325 0.0435138774 0.0 0.025997269 0.0175292024 0.0277023133 0.0483929528 0.0428269077 0.0261379648 0.0330829764 0.0249745213 0.0398713385 0.0237066682 0.0228804983
25 0.0252620033 0.0239877328 0.0402337514 0.0470101547 0.0395569454 0.0072799686 0.024491989 0.0412488605 0.0208804074 0.035328956 0.022968246 0.0114496564 0.0367059199 0.0475699351 0.049461534 0.0243603549 0.0313500732 0.0405363074 0.0274978804 0.0220770182 0.0357090811 0.0356404756 0.0214388591 0.025997269 0.0 0.0174074412 0.036039638 0.0260525631 0.0409507458 0.03157891 0.0220788642 0.0216595705 0.0093546892 0.0297010376 0.0271331609
26 0.0297972833 0.0329411206 0.0471868905 0.0265099727 0.0117521634 0.0292888174 0.0371485276 0.022978169 0.0416628075 0.0203195525 0.0486621397 0.0181322044 0.0324400284 0.0209347138 0.0341519952 0.0281794359 0.0033367671 0.0149972857 0.0314422319 0.0283907397 0.0398384107 0.006395368 0.04293315 0.0175292024 0.0174074412 0.0 0.0110211937 0.0262023305 0.036593016 0.0340005599 0.0331770779 0.0383025623 0.0402264893 0.0482714645 0.0478488873
27 0.0502794514 0.0344485773 0.0448017254 0.0122885775 0.0258859505 0.0225100492 0.0293716689 0.0229593368 0.0222484016 0.0542245495 0.0341416104 0.0238939977 0.0216188432 0.0351691226 0.0378747575 0.0407112163 0.0437450219 0.008272419 0.0407979267 0.0279362755 0.0287041171 0.0182906058 0.0128735871 0.0277023133 0.036039638 0.0110211937 0.0 0.0150603451 0.0300259961 0.0501734603 0.0228613462 0.0252132817 0.026462407 0.0503405643 0.0120516651
28 0.0097770405 0.0414022104 0.0357649762 0.0327844456 0.0185939163 0.0220114991 0.0227641189 0.0345829725 0.0289128918 0.0459005522 0.0499421415 0.0106217333 0.0218627735 0.0239742355 0.0422558972 0.0096569116 0.0318610504 0.0286596734 0.0312973832 0.0295994042 0.0361310897 0.0170785923 0.0485548443 0.0483929528 0.0260525631 0.0262023305 0.0150603451 0.0 0.0215629722 0.0470038538 0.0257968914 0.0236384236 0.0394265801 0.0263820044 0.0264907289
29 0.0236593436 0.0311518568 0.0215453453 0.0015698934 0.0136750106 0.0309612397 0.0387437859 0.0206156575 0.0326001871 0.0326501532 0.0414070337 0.033430711 0.0377969069 0.0138637286 0.0065096589 0.0360203981 0.0224088188 0.0223389817 0.0370077463 0.0256843 0.0484707283 0.0236110434 0.0402807377 0.0428269077 0.0409507458 0.036593016 0.0300259961 0.0215629722 0.0 0.0298386821 0.0256056301 0.0224863866 0.0446445187 0.0385896274 0.0308722509
30 0.0190369452 0.0401582723 0.0249286209 0.0221881504 0.0368744501 0.0330813786 0.0193886276 0.0193566571 0.0381871993 0.036521578 0.0319386227 0.0358365188 0.0246289135 0.0154210116 0.0250504124 0.0252184221 0.0493947355 0.0095196769 0.0291394444 0.0243640381 0.0426979427 0.0126648415 0.0182704236 0.0261379648 0.03157891 0.0340005599 0.0501734603 0.0470038538 0.0298386821 0.0 0.02402212 0.0437114372 0.0209104274 0.0225752557 0.0361804456
31 0.0400827797 0.0222554653 0.0325655624 0.0380343746 0.0445251868 0.0494929997 0.0185194635 0.0089801808 0.0070418499 0.0234133012 0.0219637271 0.0223940629 0.0486586628 0.0171081803 0.0371114009 0.0136978918 0.043422726 0.0310578416 0.0253016482 0.0430104982 0.0198414257 0.0253328189 0.0417177554 0.0330829764 0.0220788642 0.0331770779 0.0228613462 0.0257968914 0.0256056301 0.02402212 0.0 0.0293086883 0.0431194034 0.0320369999 0.0333801984
32 0.0068342692 0.0234228985 0.0455810712 0.0428266017 0.0326124017 0.0055341258 0.0443402926 0.0423337639 0.0459945692 0.0388387574 0.0319449645 0.01837552 0.0173945665 0.0305651635 0.0259696805 0.0385754736 0.0332639094 0.0406345157 0.0160331766 0.035634875 0.0264122345 0.0377103303 0.0085068098 0.0249745213 0.0216595705 0.0383025623 0.0252132817 0.0236384236 0.0224863866 0.0437114372 0.0293086883 0.0 0.0260472561 0.0305915302 0.0247263712
33 0.0267911971 0.014006626 0.0282861013 0.0430728594 0.0263600277 0.0506749755 0.0471887184 0.0185532317 0.0330492142 0.0082390398 0.0318509927 0.0375263369 0.0394676959 0.0363929304 0.0074679864 0.0505915756 0.0351801475 0.0249462397 0.0277123201 0.0309869142 0.0138629531 0.0134957954 0.0194264444 0.0398713385 0.0093546892 0.0402264893 0.026462407 0.0394265801 0.0446445187 0.0209104274 0.0431194034 0.0260472561 0.0 0.0137636104 0.0310429567
34 0.017629509 0.0435363276 0.0396237963 0.039137001 0.0262537882 0.0494472637 0.0356203846 0.0206189062 0.0291184598 0.0226570378 0.0396115755 0.020402567 0.0373067222 0.0263508335 0.0218322863 0.0315161647 0.0084971335 0.0342997601 0.0243002575 0.0079039506 0.028133139 0.0187743632 0.0364369007 0.0237066682 0.0297010376 0.0482714645 0.0503405643 0.0263820044 0.0385896274 0.0225752557 0.0320369999 0.0305915302 0.0137636104 0.0 0.0250331095
35 0.0429551239 0.0294816333 0.0402889294 0.0278880526 0.0068012449 0.0083507192 0.0391424323 0.038540704 0.0417041527 0.0346233652 0.0313367035 0.023495576 0.0164358946 0.0215853456 0.0211524151 0.0280657428 0.021875268 0.0460785816 0.02769019 0.0439326364 0.032999414 0.0163487873 0.0415868147 0.0228804983 0.0271331609 0.0478488873 0.0120516651 0.0264907289 0.0308722509 0.0361804456 0.0333801984 0.0247263712 0.0310429567 0.0250331095 0.0
