35
1 0.0 0.041284616 0.0397243553 0.018694567 0.0123139209 0.0356771303 0.0245840771 0.0150377757 0.0104078755 0.0349500227 0.0290838871 0.0306950573 0.0400019671 0.0220839953 0.0489318189 0.0377233759 0.0328570709 0.0058530627 0.041869422 0.0302644376 0.0382163587 0.0271016026 0.0309512612 0.0123600501 0.0553249626 0.0006576019 0.0348391443 0.0517626774 0.0329243374 0.0066720244 0.037057804 0.0433292221 0.0210600061 0.0303417622 0.0253627496
2 0.041284616 0.0 0.0266113584 0.0438349333 0.0342923867 0.0244390208 0.0282803174 0.0350097192 0.034031412 0.0195140904 0.035161289 0.045726865 0.0160021218 0.0269583096 0.0227469921 0.0376148209 0.0170687325 0.0448260161 0.0378731158 0.0172438748 0.0166061762 0.0203551746 0.0250867961 0.0250627797 0.045179442 0.033498132 0.0222946969 0.0550703386 0.0081075167 0.0323383566 0.0150853391 0.0136119335 0.0465221431 0.0240155778 0.0286456053
3 0.0397243553 0.0266113584 0.0 0.0413285758 0.0298318381 0.0409461422 0.0333958643 0.0234218438 0.0296977348 0.0215814121 0.0473535085 0.0183907559 0.0292283868 0.0321604272 0.0119060223 0.0397291054 0.0253983585 0.0446384329 0.0334738161 0.016152138 0.0283363866 0.030060184 0.0298334823 0.020246907 0.0083494421 0.0122873095 0.0119104539 0.0333101405 0.0307854905 0.0257277484 0.0433389406 0.0393652636 0.0335122924 0.0282088605 0.0397570218
4 0.018694567 0.0438349333 0.0413285758 0.0 0.0141779501 0.0429658228 0.0174205617 0.0300083766 0.0382777092 0.0430318332 0.0164225761 0.0345023278 0.0293103182 0.0430893995 0.0189310952 0.0433353107 0.036203302 0.0195499546 0.0221571711 0.0231342336 0.0290175722 0.0241093485 0.0340046214 0.0134243741 0.035875128 0.033527936 0.0237908556 0.0362511345 0.0058415134 0.0265477563 0.0195403647 0.0445080278 0.0470260162 0.0153379927 0.0348213401
5 0.0123139209 0.0342923867 0.0298318381 0.0141779501 0.0 0.0543765498 0.0221182688 0.0196276688 0.0456207888 0.0384312851 0.0281898291 0.0155734743 0.0449752295 0.0294337558 0.0236309255 0.0106979315 0.0299876681 0.0224793457 0.019416192 0.051243054 0.0414935777 0.0308533182 0.0282935641 0.0147807555 0.0534514267 0.0381751583 0.0301187304 0.025504937 0.0210428228 0.0168025361 0.0308952774 0.0341176839 0.0297326224 0.0264204364 0.0318990906
6 0.0356771303 0.0244390208 0.0409461422 0.0429658228 0.0543765498 0.0 0.0459608795 0.0211565635 0.0221683636 0.0074764149 0.0214867457 0.0138661892 0.0171475468 0.0230684144 0.0294900799 0.0289203647 0.0247790852 0.0490447004 0.029765136 0.0294274262 0.0271200717 0.01837834 0.0221918811 0.0309548261 0.0306189759 0.0300963698 0.0362779072 0.0377070327 0.0218674582 0.0211336311 0.0275354758 0.0306989453 0.0412215593 0.0196913188 0.0423436311
7 0.0245840771 0.0282803174 0.0333958643 0.0174205617 0.0221182688 0.0459608795 0.0 0.0248596773 0.0322924606 0.0251726416 0.0476935773 0.0326387464 0.0172356981 0.0438581328 0.0291442236 0.0139187566 0.0305152106 0.0169164251 0.0404795262 0.0327276896 0.0275024345 0.0343628322 0.0234525098 0.0390112514 0.0155898573 0.0305978767 0.0183441947 0.0161606863 0.0455506747 0.0279693246 0.0350194257 0.0395401652 0.0346700595 0.028697105 0.0243188679
8 0.0150377757 0.0350097192 0.0234218438 0.0300083766 0.0196276688 0.0211565635 0.0248596773 0.0 0.0410599964 0.039341012 0.0309162674 0.0415712776 0.0107579716 0.0392491531 0.0435964076 0.0284836416 0.0251408044 0.0401303375 0.0210486555 0.0140568187 0.0126480289 0.0312348541 0.0220017787 0.0331907566 0.0304030461 0.0223355464 0.0187669619 0.0478485995 0.0375003996 0.0357710957 0.0349153367 0.0201222437 0.0332512482 0.0486114276 0.026924708
9 0.0104078755 0.034031412 0.0296977348 0.0382777092 0.0456207888 0.0221683636 0.0322924606 0.0410599964 0.0 0.0397046413 0.0242227102 0.0484511917 0.0392004619 0.0382388037 0.021953475 0.0374018373 0.0263826211 0.0024555363 0.0339831385 0.0488303655 0.0114713374 0.0460855574 0.0112881412 0.0201212171 0.0318353789 0.0199756026 0.0076919232 0.0269301122 0.0231492454 0.0158938141 0.0390903115 0.0289993978 0.0226565602 0.031909678 0.0485205996
10 0.0349500227 0.0195140904 0.0215814121 0.0430318332 0.0384312851 0.0074764149 0.0251726416 0.039341012 0.0397046413 0.0 0.0334121247 0.0502540756 0.030252068 0.0457601175 0.0542999934 0.0130208794 0.0190882531 0.0074451274 0.0200044753 0.0521104897 0.0263856645 0.0326047118 0.0405755916 0.0090632991 0.0114684347 0.0301659686 0.0108297408 0.0314444158 0.0515307887 0.01051848 0.0650021793 0.0145989183 0.0122804066 0.0288494373 0.0298310053
11 0.0290838871 0.035161289 0.0473535085 0.0164225761 0.0281898291 0.0214867457 0.0476935773 0.0309162674 0.0242227102 0.0334121247 0.0 0.0223494662 0.016947458 0.0442900998 0.0072460371 0.052051817 0.0098256972 0.036288979 0.0110180061 0.015066271 0.0349230397 0.0280859916 0.0209239184 0.0484679355 0.0331835577 0.0358562715 0.0340470255 0.0086534223 0.0236666305 0.0301718279 0.0470476572 0.0221955589 0.0479581599 0.0414855243 0.0143071324
12 0.0306950573 0.045726865 0.0183907559 0.0345023278 0.0155734743 0.0138661892 0.0326387464 0.0415712776 0.0484511917 0.0502540756 0.0223494662 0.0 0.0357107696 0.0192182867 0.0407812025 0.0410351349 0.0446658274 0.0492191702 0.0401168117 0.0314548819 0.0057851996 0.0322414585 0.0229257079 0.007411279 0.0155545001 0.0353278453 0.0259360518 0.0102006946 0.0316657245 0.0239689231 0.0469412112 0.0173040271 0.0258502872 0.0229640209 0.0197015575
13 0.0400019671 0.0160021218 0.0292283868 0.0293103182 0.0449752295 0.0171475468 0.0172356981 0.0107579716 0.0392004619 0.030252068 0.016947458 0.0357107696 0.0 0.0258803531 0.0536527154 0.0131293402 0.0379508752 0.0386447655 0.0276700025 0.0025293449 0.0285200806 0.0451704063 0.0286291863 0.0368662216 0.0215977518 0.0208543259 0.0419912682 0.0223654113 0.0186137863 0.0453401625 0.0262183236 0.0367571696 0.041272592 0.0321707719 0.0274051478
14 0.0220839953 0.0269583096 0.0321604272 0.0430893995 0.0294337558 0.0230684144 0.0438581328 0.0392491531 0.0382388037 0.0457601175 0.0442900998 0.0192182867 0.0258803531 0.0 0.0338888757 0.0228578196 0.0272803475 0.0362029445 0.0126922448 0.0555166704 0.0305193499 0.03802306 0.0484750576 0.0341574703 0.0282830047 0.0255012236 0.0407452763 0.0035116699 0.0219395012 0.0170517081 0.022493222 0.0207956412 0.0172240912 0.014792509 0.0147590639
15 0.0489318189 0.0227469921 0.0119060223 0.0189310952 0.0236309255 0.0294900799 0.0291442236 0.0435964076 0.021953475 0.0542999934 0.0072460371 0.0407812025 0.0536527154 0.0338888757 0.0 0.0053802447 0.0305225857 0.0411205245 0.0412407569 0.0371198204 0.0397815623 0.0041124697 0.0411964077 0.0283483264 0.0162146978 0.0313826117 0.0394238681 0.0154934443 0.0067106792 0.0264266593 0.0140360292 0.0234911239 0.0445233525 0.0394574312 0.0338175403
16 0.0377233759 0.0376148209 0.0397291054 0.0433353107 0.0106979315 0.0289203647 0.0139187566 0.0284836416 0.0374018373 0.0130208794 0.052051817 0.0410351349 0.0131293402 0.0228578196 0.0053802447 0.0 0.0174570742 0.0341884323 0.0346804292 0.026197717 0.0363287458 0.033910344 0.026839312 0.0182958831 0.0184908079 0.0346148918 0.0442816715 0.0331799752 0.0316975414 0.0416123683 0.0267611567 0.0176632145 0.0514260938 0.0323917458 0.014682215
17 0.0328570709 0.0170687325 0.0253983585 0.036203302 0.0299876681 0.0247790852 0.0305152106 0.0251408044 0.0263826211 0.0190882531 0.0098256972 0.0446658274 0.0379508752 0.0272803475 0.0305225857 0.0174570742 0.0 0.0054793587 0.0371169436 0.0452433239 0.0109561204 0.0481250488 0.0471697098 0.0331977148 0.0154087601 0.0519655016 0.0267492211 0.0259118072 0.0222800721 0.0169801634 0.0322103561 0.0449895019 0.029783446 0.0231630044 0.0481464324
18 0.0058530627 0.0448260161 0.0446384329 0.0195499546 0.0224793457 0.0490447004 0.0169164251 0.0401303375 0.0024555363 0.0074451274 0.036288979 0.0492191702 0.0386447655 0.0362029445 0.0411205245 0.0341884323 0.0054793587 0.0 0.037744914 0.0388821188 0.0269063305 0.0238597444 0.0455573533 0.0311853127 0.0044970586 0.0275371792 0.0294244947 0.0509359061 0.0641756076 0.0370947336 0.0352446872 0.0064153926 0.0098707948 0.0305661392 0.0056191192
19 0.041869422 0.0378731158 0.0334738161 0.0221571711 0.019416192 0.029765136 0.0404795262 0.0210486555 0.0339831385 0.0200044753 0.0110180061 0.0401168117 0.0276700025 0.0126922448 0.0412407569 0.0346804292 0.0371169436 0.037744914 0.0 0.0331811209 0.0470869227 0.0122137268 0.0204276565 0.0345790754 0.0481237591 0.0308732551 0.0258729916 0.0097147042 0.0205074857 0.0314930002 0.0276963942 0.0564967144 0.0089570565 0.0234820474 0.0269433318
20 0.0302644376 0.0172438748 0.016152138 0.0231342336 0.051243054 0.0294274262 0.0327276896 0.0140568187 0.0488303655 0.0521104897 0.015066271 0.0314548819 0.0025293449 0.0555166704 0.0371198204 0.026197717 0.0452433239 0.0388821188 0.0331811209 0.0 0.030173922 0.0346733937 0.0143782935 0.0263999821 0.0515694144 0.0267778534 0.0289483693 0.0167059867 0.0430663267 0.0422413429 0.0076305005 0.028326316 0.0176793856 0.0222963972 0.008750719
21 0.0382163587 0.0166061762 0.0283363866 0.0290175722 0.0414935777 0.0271200717 0.0275024345 0.0126480289 0.0114713374 0.0263856645 0.0349230397 0.0057851996 0.0285200806 0.0305193499 0.0397815623 0.0363287458 0.0109561204 0.0269063305 0.0470869227 0.030173922 0.0 0.0361688388 0.0078724135 0.0443159722 0.0242388111 0.0346901261 0.027302753 0.0268284494 0.0400059719 0.0546350478 0.0369946581 0.0189420731 0.0311833927 0.0414957349 0.0255468755
22 0.0271016026 0.0203551746 0.030060184 0.0241093485 0.0308533182 0.01837834 0.0343628322 0.0312348541 0.0460855574 0.0326047118 0.0280859916 0.0322414585 0.0451704063 0.03802306 0.0041124697 0.033910344 0.0481250488 0.0238597444 0.0122137268 0.0346733937 0.0361688388 0.0 0.0309801529 0.038063727 0.0263072434 0.0405534612 0.0291181292 0.0382320876 0.0296183175 0.0268085969 0.0382536632 0.0062728233 0.0149653132 0.0388513134 0.0102447652
23 0.0309512612 0.0250867961 0.0298334823 0.0340046214 0.0282935641 0.0221918811 0.0234525098 0.0220017787 0.0112881412 0.0405755916 0.0209239184 0.0229257079 0.0286291863 0.0484750576 0.0411964077 0.026839312 0.0471697098 0.0455573533 0.0204276565 0.0143782935 0.0078724135 0.0309801529 0.0 0.0399920067 0.0141339291 0.0323881565 0.0415900684 0.019513893 0.046342638 0.0299766851 0.0271948887 0.0485394204 0.0196349321 0.0200655412 0.0375730437
24 0.0123600501 0.0250627797 0.020246907 0.0134243741 0.0147807555 0.0309548261 0.0390112514 0.0331907566 0.0201212171 0.0090632991 0.0484679355 0.007411279 0.0368662216 0.0341574703 0.0283483264 0.0182958831 0.0331977148 0.0311853127 0.0345790754 0.0263999821 0.0443159722 0.038063727 0.0399920067 0.0 0.0432043213 0.0370172727 0.029085242 0.0276389636 0.0277878399 0.0396368524 0.0144961175 0.0228364006 0.0440909755 0.0273370392 0.0473718516
25 0.0553249626 0.045179442 0.0083494421 0.035875128 0.0534514267 0.0306189759 0.0155898573 0.0304030461 0.0318353789 0.0114684347 0.0331835577 0.0155545001 0.0215977518 0.0282830047 0.0162146978 0.0184908079 0.0154087601 0.0044970586 0.0481237591 0.0515694144 0.0242388111 0.0263072434 0.0141339291 0.0432043213 0.0 0.0329260802 0.052038353 0.0163426142 0.0427879634 0.0335541544 0.0261806287 0.0291562495 0.0207435955 0.0245025719 0.0428640778
26 0.0006576019 0.033498132 0.0122873095 0.033527936 0.0381751583 0.0300963698 0.0305978767 0.0223355464 0.0199756026 0.0301659686 0.0358562715 0.0353278453 0.0208543259 0.0255012236 0.0313826117 0.0346148918 0.0519655016 0.0275371792 0.0308732551 0.0267778534 0.0346901261 0.0405534612 0.0323881565 0.0370172727 0.0329260802 0.0 0.0207529146 0.0356455344 0.0140529375 0.0274399128 0.034663489 0.020761329 0.0381261171 0.0262500655 0.0327241425
27 0.0348391443 0.0222946969 0.0119104539 0.0237908556 0.0301187304 0.0362779072 0.0183441947 0.0187669619 0.0076919232 0.0108297408 0.0340470255 0.0259360518 0.0419912682 0.0407452763 0.0394238681 0.0442816715 0.0267492211 0.0294244947 0.0258729916 0.0289483693 0.027302753 0.0291181292 0.0415900684 0.029085242 0.052038353 0.0207529146 0.0 0.0425626877 0.0395930153 0.0147160404 0.0123644157 0.0434472741 0.0236761278 0.0427411267 0.0287270052
28 0.0517626774 0.0550703386 0.0333101405 0.0362511345 0.025504937 0.0377070327 0.0161606863 0.0478485995 0.0269301122 0.0314444158 0.0086534223 0.0102006946 0.0223654113 0.0035116699 0.0154934443 0.0331799752 0.0259118072 0.0509359061 0.0097147042 0.0167059867 0.0268284494 0.0382320876 0.019513893 0.0276389636 0.0163426142 0.0356455344 0.0425626877 0.0 0.0366100358 0.0452715481 0.0151746693 0.0482168698 0.0296943768 0.0254838073 0.0341213668
29 0.0329243374 0.0081075167 0.0307854905 0.0058415134 0.0210428228 0.0218674582 0.0455506747 0.0375003996 0.0231492454 0.0515307887 0.0236666305 0.0316657245 0.0186137863 0.0219395012 0.0067106792 0.0316975414 0.0222800721 0.0641756076 0.0205074857 0.0430663267 0.0400059719 0.0296183175 0.046342638 0.0277878399 0.0427879634 0.0140529375 0.0395930153 0.0366100358 0.0 0.0202242721 0.023758519 0.0311802396 0.0403993907 0.0159572272 0.0290580295
30 0.0066720244 0.0323383566 0.0257277484 0.0265477563 0.0168025361 0.0211336311 0.0279693246 0.0357710957 0.0158938141 0.01051848 0.0301718279 0.0239689231 0.0453401625 0.0170517081 0.0264266593 0.0416123683 0.0169801634 0.0370947336 0.0314930002 0.0422413429 0.0546350478 0.0268085969 0.0299766851 0.0396368524 0.0335541544 0.0274399128 0.0147160404 0.0452715481 0.0202242721 0.0 0.0324331503 0.0311952886 0.0271213191 0.0417369382 0.0434945372
31 0.037057804 0.0150853391 0.0433389406 0.0195403647 0.0308952774 0.0275354758 0.0350194257 0.0349153367 0.0390903115 0.0650021793 0.0470476572 0.0469412112 0.0262183236 0.022493222 0.0140360292 0.0267611567 0.0322103561 0.0352446872 0.0276963942 0.0076305005 0.0369946581 0.0382536632 0.0271948887 0.0144961175 0.0261806287 0.034663489 0.0123644157 0.0151746693 0.023758519 0.0324331503 0.0 0.0256517597 0.0239141848 0.0222572307 0.0329026327
32 0.0433292221 0.0136119335 0.0393652636 0.0445080278 0.0341176839 0.0306989453 0.0395401652 0.0201222437 0.0289993978 0.0145989183 0.0221955589 0.0173040271 0.0367571696 0.0207956412 0.0234911239 0.0176632145 0.0449895019 0.0064153926 0.0564967144 0.028326316 0.0189420731 0.0062728233 0.0485394204 0.0228364006 0.0291562495 0.020761329 0.0434472741 0.0482168698 0.0311802396 0.0311952886 0.0256517597 0.0 0.0241230336 0.0323424345 0.0340083428
33 0.0210600061 0.0465221431 0.0335122924 0.0470260162 0.0297326224 0.0412215593 0.0346700595 0.0332512482 0.0226565602 0.0122804066 0.0479581599 0.0258502872 0.041272592 0.0172240912 0.0445233525 0.0514260938 0.029783446 0.0098707948 0.0089570565 0.0176793856 0.0311833927 0.0149653132 0.0196349321 0.0440909755 0.0207435955 0.0381261171 0.0236761278 0.0296943768 0.0403993907 0.0271213191 0.0239141848 0.0241230336 0.0 0.033584199 0.0122648684
34 0.0303417622 0.0240155778 0.0282088605 0.0153379927 0.0264204364 0.0196913188 0.028697105 0.0486114276 0.031909678 0.0288494373 0.0414855243 0.0229640209 0.0321707719 0.014792509 0.0394574312 0.0323917458 0.0231630044 0.0305661392 0.0234820474 0.0222963972 0.0414957349 0.0388513134 0.0200655412 0.0273370392 0.0245025719 0.0262500655 0.0427411267 0.0254838073 0.0159572272 0.0417369382 0.0222572307 0.0323424345 0.033584199 0.0 0.0425415828
35 0.0253627496 0.0286456053 0.0397570218 0.0348213401 0.0318990906 0.0423436311 0.0243188679 0.026924708 0.0485205996 0.0298310053 0.0143071324 0.0197015575 0.0274051478 0.0147590639 0.0338175403 0.014682215 0.0481464324 0.0056191192 0.0269433318 0.008750719 0.0255468755 0.0102447652 0.0375730437 0.0473718516 0.0428640778 0.0327241425 0.0287270052 0.0341213668 0.0290580295 0.0434945372 0.0329026327 0.0340083428 0.0122648684 0.0425415828 0.0
