64
1 0.0461528424 0.010529871 0.0202746608 0.0119960501 0.0115249328 0.0206549262 0.015076458 0.0213637718 0.0140022917 0.0128110704 0.0166707587 0.0135200822 0.0309561147 0.0211679932 0.0068197003 0.0101446542 0.0190233163 0.012077557 0.0110373567 0.0107317161 0.0109998133 0.0077227925 0.0257242805 0.0140678136 0.0124282913 0.0157869347 0.0233954411 0.0321010365 0.0198576692 0.023959872 0.022548072 0.0148137328 0.0077360232 0.0161892214 0.0174811881 0.014536263 0.0265101862 0.0164657557 0.0186315499 0.0070445171 0.0102701363 0.0140173742 0.0199362812 0.0137548194 0.0036144935 0.0058993994 0.0151755977 0.0074728544 0.0198844806 0.0098591968 0.0135815401 0.0130757487 0.0186554348 0.0191108642 0.0166501194 0.0210434882 0.0047678163 0.0161501919 0.0094049006 0.0122118184 0.0198488812 0.0097794504 0.0098569529 0.0114415805 
2 0.010529871 0.0268365028 0.0126533458 0.0165685177 0.0196753808 0.0162669147 0.0108668485 0.0267060941 0.0152392381 0.0139121485 0.0138287637 0.0100801392 0.0038673055 0.0154484762 0.0118335892 0.0159552313 0.0221542924 0.0128286194 0.0309940002 0.0102535974 0.0158996239 0.0101256117 0.0132160842 0.020039081 0.0220425606 0.0193099801 0.019391516 0.0126410208 0.019240062 0.0094443764 0.020090385 0.0135337111 0.0074873457 0.0143065771 0.0052565966 0.0071190012 0.026718094 0.0171114681 0.0145343901 0.0205623585 0.0069772826 0.0047806782 0.0122726872 0.0196288515 0.0117951846 0.0117561097 0.0204008132 0.0158025322 0.0171430122 0.0225794726 0.0235056911 0.0190890053 0.0127523382 0.0059947472 0.0184934306 0.0156683999 0.0136273058 0.0132666151 0.0130207503 0.0256776144 0.0185383478 0.022404469 0.0127486733 0.0175072671 
3 0.0202746608 0.0126533458 0.0214299524 0.0086959282 0.0182151298 0.0162824481 0.0140477185 0.014775784 0.0177464943 0.0053373779 0.0209038053 0.0193154109 0.017632445 0.0133839758 0.0203833146 0.0074289574 0.0146504344 0.0079388329 0.0274657043 0.0218358606 0.003367852 0.0113911735 0.0193817352 0.0108583433 0.0120059705 0.0154704835 0.0096179614 0.0095660662 0.0152995119 0.0161309724 0.0059764321 0.0102184996 0.0201471248 0.0180129079 0.013912626 0.0135557088 0.0035067269 0.0322047507 0.0138196764 0.0127057203 0.0111118571 0.0167406117 0.0303484532 0.030444305 0.0135257202 0.0088781204 0.0257996023 0.0080260791 0.0121247591 0.0233894073 0.0171620585 0.0243952596 0.0174386073 0.0240161916 0.0266925368 0.0121085237 0.0117684372 0.0168850696 0.0115814211 0.0028177633 0.0215692191 0.008558042 0.0166580544 0.0204120762 
4 0.0119960501 0.0165685177 0.0086959282 0.0064052322 0.0061261813 0.0119159728 0.0135220026 0.009710601 0.0151527502 0.0112527918 0.0207873117 0.0329465696 0.0161730746 0.0173009671 0.0196221436 0.0166919268 0.0256920328 0.0097315583 0.0232495613 0.015006276 0.0152568516 0.0112189601 0.0065602702 0.0243864642 0.0245304224 0.013271804 0.0171115151 0.0214235349 0.0093937355 0.0190033962 0.0196834816 0.0047254404 0.0185240676 0.0053965091 0.0237871885 0.0174148118 0.0136743602 0.0114167459 0.0103579912 0.0128341473 0.0239956694 0.0186325534 0.0156954852 0.0162255146 0.020374041 0.005869555 0.0213175652 0.0187268649 0.0245639536 0.0130015522 0.0122332099 0.0100453572 0.0212117697 0.0112529354 0.0116914975 0.0243019195 0.0137370239 0.0152074054 0.027388115 0.0090212742 0.016940414 0.012299055 0.0125983675 0.0151497536 
5 0.0115249328 0.0196753808 0.0182151298 0.0061261813 0.0362308382 0.0098979877 0.0183194417 0.0109340555 0.0078701749 0.0214456583 0.0083351814 0.0095094038 0.0195160874 0.0152046631 0.0068066381 0.0219144274 0.0258278802 0.0144704179 0.0136360145 0.0125978324 0.0101816441 0.0168732643 0.0093836638 0.014043063 0.0285369728 0.0182625864 0.0137402851 0.0205154331 0.0156901234 0.0173014056 0.0112950116 0.019171537 0.0224017493 0.0171803767 0.0134434621 0.0135253734 0.0075591445 0.0065950216 0.0204965847 0.0263956846 0.0093678224 0.0042506847 0.0207180298 0.0363140611 0.0180532776 0.0163884237 0.0080053839 0.0277366784 0.0183057593 0.0098652556 0.0079499931 0.0219161809 0.0052402154 0.0191401803 0.0114087196 0.0246938849 0.0172856546 0.0196200342 0.0081013471 0.0107068236 0.0117152476 0.0066219036 0.0172790855 0.0186646386 
6 0.0206549262 0.0162669147 0.0162824481 0.0119159728 0.0098979877 0.0347465902 0.0261632435 0.008151759 0.010905732 0.0185262121 0.0172614226 0.0202068795 0.0079270335 0.0100998938 0.0277064138 0.0202371057 0.0133128619 0.0190655703 0.0158728076 0.0007698141 0.0194851145 0.0132088209 0.0181580097 0.0076216095 0.0131052394 0.0146191712 0.0095070254 0.0139866837 0.0139656289 0.0149416598 0.0065201877 0.0058253641 0.0189119646 0.0131919783 0.0056730993 0.021982103 0.0184230922 0.0075467737 0.0138899305 0.0195052478 0.0173090364 0.0255456481 0.0156033268 0.0132879319 0.0223049486 0.0195463402 0.0112576413 0.0280827184 0.0173287522 0.0209609484 0.0069358048 0.0159639044 0.0098181589 0.0226235603 0.0210672297 0.0168188264 0.0122751611 0.0059730415 0.0302311726 0.0169275998 0.0222225982 0.0064734791 0.0197785237 0.0056233544 
7 0.015076458 0.0108668485 0.0140477185 0.0135220026 0.0183194417 0.0261632435 0.0329781196 0.0138389441 0.0054272617 0.0076816316 0.0134368133 0.020974655 0.0120076841 0.0116033804 0.0123269886 0.0130988082 0.0143264085 0.0315569227 0.0085313509 0.0284017264 0.0179581068 0.0266142638 0.0132025682 0.0107695233 0.0176260139 0.018425071 0.021678106 0.0074485007 0.014018558 0.007692425 0.0139649755 0.0184917754 0.0068005922 0.0301089824 0.003589829 0.0128697503 0.0280759242 0.0079853907 0.0104445446 0.0118090233 0.0187760724 0.0109007269 0.0078865298 0.0283731491 0.0123733827 0.0218309218 0.0275508943 0.0254758128 0.0182688751 0.0047716338 0.0032373678 0.0234533591 0.0095672908 0.0100314785 0.0212297097 0.0163135683 0.0101249448 0.0196737026 0.0184001186 0.0075672573 0.0116913981 0.0183447551 0.0170389914 0.0133577268 
8 0.0213637718 0.0267060941 0.014775784 0.009710601 0.0109340555 0.008151759 0.0138389441 0.0177187237 0.0173818363 0.0205219889 0.0179293377 0.0106489543 0.0052532723 0.0118415717 0.0269692708 0.0132466765 0.0 0.0100282317 0.0060722841 0.0221708061 0.0232842539 0.0147158086 0.0138891992 0.0126703599 0.0175751465 0.0166821613 0.0242718666 0.0000205039000000000 0.0201815698 0.0187107805 0.0112821805 0.0203386745 0.0156054488 0.0206903715 0.0269738763 0.0082439034 0.0101830271 0.0212717144 0.0078799798 0.0194197745 0.0173855436 0.0101269006 0.0104807904 0.01863842 0.0114000991 0.0251982414 0.012188751 0.0186563779 0.0121444835 0.0117377139 0.0152377138 0.0159475561 0.0152178716 0.0059293927 0.0221996557 0.0204771691 0.0212610505 0.0254040711 0.0080713196 0.0242430858 0.0182375737 0.0134293543 0.0215888052 0.0156434947 
9 0.0140022917 0.0152392381 0.0177464943 0.0151527502 0.0078701749 0.010905732 0.0054272617 0.0173818363 0.0302894433 0.0107538175 0.0182092616 0.0086824792 0.0193767565 0.0110990299 0.0178198115 0.0200091035 0.0190129562 0.0206226062 0.0176127607 0.0118047155 0.0052606032 0.0178607509 0.0222401858 0.0156474832 0.0114590538 0.0027157925 0.0077391494 0.0146789199 0.0137417376 0.0104569457 0.0106317526 0.004755838 0.0202741016 0.025553798 0.0198436664 0.0173638165 0.0174598585 0.0082532702 0.0358668249 0.0250261783 0.0053597391 0.0208013855 0.0113252918 0.0216879241 0.0282593126 0.0134516788 0.0261902942 0.0148253793 0.0114945616 0.0118092697 0.0208710346 0.0145060495 0.0105409577 0.0233213911 0.0160281396 0.0142825624 0.0133079954 0.0074563929 0.0216104221 0.017596656 0.0191615543 0.0195540686 0.0055427699 0.0151669211 
10 0.0128110704 0.0139121485 0.0053373779 0.0112527918 0.0214456583 0.0185262121 0.0076816316 0.0205219889 0.0107538175 0.0280965074 0.0202207435 0.0117425158 0.019982329 0.0034891181 0.0154781779 0.0127399377 0.0153005669 0.0106374493 0.0126100679 0.0104695957 0.0148336602 0.0091102189 0.0280943208 0.0228472076 0.0193434416 0.0162086588 0.0204349338 0.0105911535 0.018475639 0.0090717384 0.0071024284 0.0212546134 0.0205286351 0.0253172456 0.0211491035 0.020094655 0.0204572318 0.0148681169 0.0186447177 0.0200672036 0.019009444 0.0181614725 0.0207474866 0.0122251694 0.0137888736 0.0176310592 0.0117705975 0.0087198872 0.0139648444 0.0151501086 0.0069784456 0.0205928219 0.0158278156 0.0195478829 0.018205021 0.0112770188 0.023611217 0.0181225852 0.0126793483 0.0098184709 0.0103563867 0.0099064336 0.022943272 0.0074597074 
11 0.0166707587 0.0138287637 0.0209038053 0.0207873117 0.0083351814 0.0172614226 0.0134368133 0.0179293377 0.0182092616 0.0202207435 0.0037901648 0.0109333592 0.0159512762 0.0281165525 0.015344592 0.0082978816 0.0265923293 0.0204101787 0.0214485513 0.0123366459 0.0121238235 0.0150507108 0.0082830882 0.0139112276 0.0231895341 0.0124685769 0.0179390992 0.0173723633 0.0074389227 0.025992229 0.0194445851 0.0121447203 0.0059964381 0.0161598882 0.0227252503 0.0193872655 0.016184578 0.0158096654 0.0175495083 0.0188805187 0.0202497173 0.0136628015 0.0082594923 0.0142281831 0.012593198 0.0125975759 0.0201966361 0.0227258166 0.0206678487 0.0179581772 0.0093113252 0.0121135461 0.0147145369 0.0222840579 0.0110390124 0.0065967625 0.0192784961 0.0088087406 0.0220082513 0.0130730212 0.0093861129 0.012426979 0.0146753479 0.0122874392 
12 0.0135200822 0.0100801392 0.0193154109 0.0329465696 0.0095094038 0.0202068795 0.020974655 0.0106489543 0.0086824792 0.0117425158 0.0109333592 0.0243338167 0.0125927286 0.0138321413 0.0219619556 0.0084167928 0.0220747187 0.0158053098 0.013447711 0.0177737649 0.0204729769 0.0119750469 0.009551388 0.0174404233 0.0165153367 0.0114598514 0.0221192638 0.0169054391 0.0184062858 0.0299467027 0.0155195415 0.0137460279 0.0184301024 0.0070028015 0.0123902241 0.0131061114 0.0256425585 0.013320226 0.0249643747 0.0122648155 0.0124194391 0.0082337769 0.0139349354 0.0185129204 0.0058235065 0.0209643361 0.0060521164 0.0182106255 0.0080680246 0.0258851927 0.0159716746 0.0116012731 0.0143985095 0.0090117324 0.0097309289 0.0105837564 0.0217395833 0.0234159033 0.0156013043 0.0247762325 0.0151577323 0.0119364235 0.0092691637 0.0187220227 
13 0.0309561147 0.0038673055 0.017632445 0.0161730746 0.0195160874 0.0079270335 0.0120076841 0.0052532723 0.0193767565 0.019982329 0.0159512762 0.0125927286 0.00282287 0.0234006637 0.020378456 0.0254765113 0.0111346744 0.0247307694 0.030839951 0.0360426517 0.0311768655 0.0186988786 0.0113492792 0.0375514589 0.01576843 0.012906049 0.0190899257 0.0116545106 0.0230666654 0.0161446854 0.0125223496 0.0172617947 0.0098368318 0.0208720252 0.0069009663 0.0179102079 0.0121394312 0.0095513056 0.0159069558 0.0102559479 0.00882657 0.0038116568 0.0179166145 0.0108612519 0.0087465598 0.014433042 0.0174349218 0.005279216 0.0129070163 0.0138546084 0.0169123556 0.0048722768 0.0013893168 0.02828347 0.0194813432 0.0058031227 0.0125182964 0.0226805677 0.01745943 0.0083573623 0.0111827224 0.0132273985 0.0243082793 0.0128253815 
14 0.0211679932 0.0154484762 0.0133839758 0.0173009671 0.0152046631 0.0100998938 0.0116033804 0.0118415717 0.0110990299 0.0034891181 0.0281165525 0.0138321413 0.0234006637 0.0170439076 0.0096959491 0.021793658 0.0162789316 0.0169867265 0.0145605165 0.0282589059 0.0127410381 0.0224129261 0.0157187278 0.012301639 0.0200647738 0.0342190549 0.0202819002 0.0045224438 0.0143801754 0.0063058353 0.0276480841 0.0064267974 0.0152269922 0.0086836435 0.008711435 0.0124682031 0.0205783594 0.0112096436 0.0143070533 0.0139320193 0.0153161886 0.0170905256 0.017838684 0.009843782 0.0141124337 0.0081722579 0.0150346856 0.0058818733 0.0146719273 0.0253216741 0.0293484138 0.0161818886 0.0039071095 0.0328146288 0.0133001151 0.0177135481 0.0150951391 0.0187145961 0.0250132165 0.0004733337 0.0123115949 0.0193658515 0.011826788 0.017901977 
15 0.0068197003 0.0118335892 0.0203833146 0.0196221436 0.0068066381 0.0277064138 0.0123269886 0.0269692708 0.0178198115 0.0154781779 0.015344592 0.0219619556 0.020378456 0.0096959491 0.0153726217 0.0231283969 0.0123351437 0.0186587288 0.0120159916 0.0084639651 0.0222081593 0.0097574942 0.0066327315 0.0099701054 0.0280857525 0.0200859606 0.0110527126 0.0068872861 0.0232621424 0.0256346804 0.0330574153 0.0179451937 0.0137757795 0.0208470933 0.0134659575 0.0225604233 0.0251753246 0.0040715107 0.0065098319 0.0117437363 0.0055427844 0.0110158766 0.0196416237 0.0137125441 0.0290545468 0.0145364862 0.0158231253 0.0230716973 0.0084928193 0.0150270999 0.0174080713 0.0195734719 0.0155421614 0.0044405176 0.0144316514 0.0156092397 0.014698559 0.0099262654 0.0067139833 0.0151474941 0.0162349852 0.015809455 0.0059620287 0.0167323723 
16 0.0101446542 0.0159552313 0.0074289574 0.0166919268 0.0219144274 0.0202371057 0.0130988082 0.0132466765 0.0200091035 0.0127399377 0.0082978816 0.0084167928 0.0254765113 0.021793658 0.0231283969 0.0242029897 0.0135426853 0.0063745466 0.0208070655 0.0186556107 0.0125659303 0.0114086223 0.0131430337 0.0108195066 0.0173002004 0.0191443495 0.0109274491 0.0167520626 0.0137068074 0.0213504742 0.0144520983 0.0116544706 0.016786973 0.0170513713 0.0175163879 0.0152346452 0.0180015047 0.006943999 0.0251640778 0.0094529379 0.0239949668 0.0131213649 0.0171751366 0.0172604547 0.015445669 0.0076006887 0.004761395 0.0092489433 0.0174065614 0.0128199622 0.0199078374 0.0130504682 0.0197385432 0.0154868349 0.0196479154 0.0225673543 0.0185351307 0.0095046462 0.026068631 0.0064379035 0.0207325201 0.0166919462 0.0145357192 0.016719538 
17 0.0190233163 0.0221542924 0.0146504344 0.0256920328 0.0258278802 0.0133128619 0.0143264085 0.0 0.0190129562 0.0153005669 0.0265923293 0.0220747187 0.0111346744 0.0162789316 0.0123351437 0.0135426853 0.0167209537 0.0154134414 0.0091015181 0.0084319506 0.0289092529 0.0116301806 0.0153251325 0.017466944 0.0195224935 0.0055368766 0.0198249109 0.0170266801 0.0218681946 0.0136066298 0.0132797116 0.0227079731 0.014551388 0.012461456 0.0092082175 0.0087135978 0.009197892 0.0183766595 0.0243606331 0.0102525259 0.0150295033 0.0171485002 0.0155223218 0.0242393526 0.0233465011 0.013355713 0.0118981052 0.0097484274 0.013879129 0.0045831865 0.0149672519 0.0148507157 0.0188592295 0.0113611917 0.0061446488 0.0240008529 0.0173547713 0.0097615068 0.0177181776 0.0159892541 0.0228144682 0.0117567966 0.0173920929 0.0135238555 
18 0.012077557 0.0128286194 0.0079388329 0.0097315583 0.0144704179 0.0190655703 0.0315569227 0.0100282317 0.0206226062 0.0106374493 0.0204101787 0.0158053098 0.0247307694 0.0169867265 0.0186587288 0.0063745466 0.0154134414 0.0298327663 0.012182513 0.0118293572 0.0233147259 0.0255223098 0.0179948294 0.0120709365 0.021713559 0.0094515979 0.0152861019 0.0156357845 0.0115691941 0.002920696 0.0217105772 0.0115491881 0.0127670673 0.0091135128 0.0092547946 0.0092958218 0.0289204571 0.0149385806 0.0204358701 0.00406898 0.0174023831 0.0199226595 0.022001427 0.0081753182 0.0124140414 0.0139063743 0.0202969039 0.0141265538 0.0111949617 0.0223252722 0.0131173394 0.0116947868 0.0157848909 0.0118593982 0.0169868801 0.0175220692 0.020432439 0.0064699608 0.0090145629 0.0350002179 0.0035804414 0.0181476828 0.0230298901 0.0168768579 
19 0.0110373567 0.0309940002 0.0274657043 0.0232495613 0.0136360145 0.0158728076 0.0085313509 0.0060722841 0.0176127607 0.0126100679 0.0214485513 0.013447711 0.030839951 0.0145605165 0.0120159916 0.0208070655 0.0091015181 0.012182513 0.0025517855 0.0100639899 0.0114222827 0.0185804383 0.0093248349 0.0126742086 0.0102675617 0.0136164858 0.0157487792 0.0230048441 0.0095227528 0.0131601721 0.0091352049 0.0222276635 0.0076957191 0.009869106 0.0173919575 0.0136640641 0.0126221279 0.0116630813 0.0212121175 0.0280174622 0.0253800905 0.0265023442 0.0144068744 0.0200650347 0.0092764655 0.0101086925 0.0155591367 0.0082437455 0.0194792091 0.0188156322 0.0114189772 0.0221685658 0.0155001922 0.0179551635 0.0094751529 0.0185170534 0.0209785167 0.0185315037 0.0033778804 0.0221204476 0.0141526931 0.0091076253 0.0111399626 0.0327966744 
20 0.0107317161 0.0102535974 0.0218358606 0.015006276 0.0125978324 0.0007698141 0.0284017264 0.0221708061 0.0118047155 0.0104695957 0.0123366459 0.0177737649 0.0360426517 0.0282589059 0.0084639651 0.0186556107 0.0084319506 0.0118293572 0.0100639899 0.0171992089 0.0184164659 0.0160479972 0.0138878335 0.0247973323 0.0299831121 0.0103652988 0.0055347387 0.0114438333 0.025276834 0.0093885581 0.0054834542 0.0137810531 0.0142203922 0.0226343491 0.0151053676 0.0107629937 0.0194649445 0.033329833 0.0099295367 0.0172290172 0.0145932194 0.0177063979 0.0052957557 0.0127298298 0.0130517239 0.0158170541 0.0286258315 0.0080920714 0.007540409 0.024000153 0.0169815683 0.0180927176 0.0171472512 0.0085093838 0.015512846 0.0140241596 0.0163154611 0.0126540635 0.0091733069 0.0187139511 0.0172130482 0.026077321 0.0109987153 0.010952824 
21 0.0109998133 0.0158996239 0.003367852 0.0152568516 0.0101816441 0.0194851145 0.0179581068 0.0232842539 0.0052606032 0.0148336602 0.0121238235 0.0204729769 0.0311768655 0.0127410381 0.0222081593 0.0125659303 0.0289092529 0.0233147259 0.0114222827 0.0184164659 0.0097507257 0.0160642338 0.0048033332 0.0198366369 0.0094997795 0.0166339709 0.0080075559 0.0138615761 0.0210602436 0.0315143003 0.0122511744 0.0112460201 0.0134921934 0.0126381837 0.004850433 0.006481403 0.0144512067 0.0241184892 0.0038844689 0.011054058 0.016227556 0.0115541773 0.0142124665 0.0187086433 0.0202587698 0.018608354 0.0231436047 0.0233313671 0.0188495491 0.0097163732 0.010053165 0.0170755303 0.0152068167 0.0232061274 0.0242779204 0.0094454392 0.0061137131 0.0197090739 0.0143115693 0.0153205355 0.0108522714 0.0184942652 0.0286641589 0.0172795215 
22 0.0077227925 0.0101256117 0.0113911735 0.0112189601 0.0168732643 0.0132088209 0.0266142638 0.0147158086 0.0178607509 0.0091102189 0.0150507108 0.0119750469 0.0186988786 0.0224129261 0.0097574942 0.0114086223 0.0116301806 0.0255223098 0.0185804383 0.0160479972 0.0160642338 0.0129464634 0.0061559911 0.013944772 0.0162260655 0.0076714864 0.0283013369 0.0246652213 0.0122896622 0.0156798658 0.0147875562 0.0306318615 0.0136613216 0.0174939091 0.0072778656 0.0181663452 0.0220891353 0.0126495483 0.0090467701 0.0255489124 0.0114866048 0.0199916833 0.0089771521 0.0203139231 0.0182832261 0.0112890691 0.018896138 0.0059518911 0.018983746 0.0192363987 0.0148602712 0.0125143911 0.0153630025 0.0137110107 0.0110141772 0.0119103715 0.0099365735 0.0225145806 0.0264986945 0.0163031726 0.0176675754 0.0023018243 0.0112151899 0.0355547392 
23 0.0257242805 0.0132160842 0.0193817352 0.0065602702 0.0093836638 0.0181580097 0.0132025682 0.0138891992 0.0222401858 0.0280943208 0.0082830882 0.009551388 0.0113492792 0.0157187278 0.0066327315 0.0131430337 0.0153251325 0.0179948294 0.0093248349 0.0138878335 0.0048033332 0.0061559911 0.0174967713 0.0102484635 0.0190025979 0.0203405998 0.0137042962 0.0092132915 0.0361029471 0.0075492675 0.0217440347 0.0206614817 0.0127517092 0.0130405792 0.015143712 0.017998169 0.0138116698 0.0223992416 0.0249904763 0.0141380238 0.0110183653 0.0179853869 0.0070641783 0.0130039531 0.014138225 0.0215022172 0.0114880182 0.0101046533 0.0188609681 0.0135412002 0.0122197354 0.0268380089 0.0157142706 0.0083140324 0.0125287355 0.0105344333 0.0118184786 0.0245740473 0.0302996442 0.0116985698 0.0318256302 0.0150970242 0.0246840906 0.0127882807 
24 0.0140678136 0.020039081 0.0108583433 0.0243864642 0.014043063 0.0076216095 0.0107695233 0.0126703599 0.0156474832 0.0228472076 0.0139112276 0.0174404233 0.0375514589 0.012301639 0.0099701054 0.0108195066 0.017466944 0.0120709365 0.0126742086 0.0247973323 0.0198366369 0.013944772 0.0102484635 0.0135775399 0.0056934188 0.0197305408 0.0179535657 0.0165616447 0.0202421088 0.0141521054 0.0129500364 0.0105604964 0.0151838904 0.0109481688 0.0105814287 0.005600673 0.0165839064 0.0212224125 0.0276695634 0.009201096 0.012943518 0.0209283274 0.0102411937 0.012673658 0.0179786629 0.0197107358 0.0222702478 0.0171942384 0.0223083906 0.014965974 0.0056264558 0.0123305542 0.0205675426 0.0180556214 0.0202753346 0.0197127925 0.0148526914 0.0316697906 0.0127112464 0.0080984097 0.0099214813 0.0154869898 0.0161254901 0.0089534534 
25 0.0124282913 0.0220425606 0.0120059705 0.0245304224 0.0285369728 0.0131052394 0.0176260139 0.0175751465 0.0114590538 0.0193434416 0.0231895341 0.0165153367 0.01576843 0.0200647738 0.0280857525 0.0173002004 0.0195224935 0.021713559 0.0102675617 0.0299831121 0.0094997795 0.0162260655 0.0190025979 0.0056934188 0.0152980813 0.0182565847 0.0048609679 0.009162517 0.018982874 0.0214987802 0.0070195032 0.033905362 0.0062670779 0.0123497047 0.0154784782 0.0217390951 0.018204714 0.0133351507 0.007493897 0.0272137948 0.0096795516 0.0108649066 0.0176565891 0.0158805999 0.0116062671 0.0092399077 0.0069958886 0.0119528263 0.0165086906 0.0131192271 0.0094655601 0.0176715294 0.0078991108 0.012420767 0.0135126322 0.0249112588 0.0220568667 0.0111399128 0.0078120206 0.0151676926 0.0087150996 0.0136809067 0.0101753407 0.0193145364 
26 0.0157869347 0.0193099801 0.0154704835 0.013271804 0.0182625864 0.0146191712 0.018425071 0.0166821613 0.0027157925 0.0162086588 0.0124685769 0.0114598514 0.012906049 0.0342190549 0.0200859606 0.0191443495 0.0055368766 0.0094515979 0.0136164858 0.0103652988 0.0166339709 0.0076714864 0.0203405998 0.0197305408 0.0182565847 0.0167463722 0.0196172596 0.0170861806 0.017398787 0.0289686884 0.0193044993 0.0150615002 0.0184368656 0.020688842 0.0203014528 0.0125634783 0.0046689056 0.0087794783 0.0067063953 0.0165572138 0.0210641581 0.0143702189 0.0238118709 0.019803049 0.0110383859 0.0173788489 0.0103176023 0.018776975 0.0169029052 0.0067252549 0.0071929373 0.0128432592 0.0127577295 0.0147945949 0.0118106704 0.0221586142 0.0102607255 0.0181606284 0.019176991 0.0181968621 0.009296066 0.0179011565 0.0231417019 0.0165929471 
27 0.0233954411 0.019391516 0.0096179614 0.0171115151 0.0137402851 0.0095070254 0.021678106 0.0242718666 0.0077391494 0.0204349338 0.0179390992 0.0221192638 0.0190899257 0.0202819002 0.0110527126 0.0109274491 0.0198249109 0.0152861019 0.0157487792 0.0055347387 0.0080075559 0.0283013369 0.0137042962 0.0179535657 0.0048609679 0.0196172596 0.0175181815 0.017856412 0.0022653695 0.0117645188 0.0208225787 0.0194613955 0.0248018849 0.0185645273 0.015623272 0.0151469376 0.0162743286 0.0131506483 0.0153006759 0.0164903385 0.0126535227 0.0169169099 0.0148424036 0.0094691752 0.012321499 0.0158029477 0.0122660546 0.0210966832 0.01309854 0.0092536586 0.0055415796 0.0071059121 0.0238179213 0.0065220428 0.0105179749 0.0191481658 0.0302001941 0.0122099352 0.0206557967 0.0087412563 0.0183540598 0.0243856456 0.0141100784 0.0187893107 
28 0.0321010365 0.0126410208 0.0095660662 0.0214235349 0.0205154331 0.0139866837 0.0074485007 0.0000205039000000000 0.0146789199 0.0105911535 0.0173723633 0.0169054391 0.0116545106 0.0045224438 0.0068872861 0.0167520626 0.0170266801 0.0156357845 0.0230048441 0.0114438333 0.0138615761 0.0246652213 0.0092132915 0.0165616447 0.009162517 0.0170861806 0.017856412 0.0192921307 0.0100171811 0.0072959081 0.0118880044 0.0232370001 0.0164727111 0.0207576561 0.0185802838 0.0177781749 0.0212744372 0.0187702495 0.0301187182 0.0190389443 0.0150692516 0.015862578 0.0189193449 0.0131994222 0.0144213939 0.0140043284 0.014175033 0.0132782656 0.0103451577 0.0187673104 0.0140019391 0.0258850599 0.0079786011 0.0266549453 0.0048838579 0.022382253 0.0096304201 0.0147327137 0.0137620555 0.0207783553 0.010873012 0.018008344 0.0175828365 0.0176971777 
29 0.0198576692 0.019240062 0.0152995119 0.0093937355 0.0156901234 0.0139656289 0.014018558 0.0201815698 0.0137417376 0.018475639 0.0074389227 0.0184062858 0.0230666654 0.0143801754 0.0232621424 0.0137068074 0.0218681946 0.0115691941 0.0095227528 0.025276834 0.0210602436 0.0122896622 0.0361029471 0.0202421088 0.018982874 0.017398787 0.0022653695 0.0100171811 0.0072030657 0.0075707431 0.0146096218 0.0181168172 0.0156975576 0.0220001987 0.0114826366 0.0123646475 0.0149942232 0.005498862 0.0089232411 0.0070060991 0.0041743491 0.0192325056 0.0165610733 0.0091595342 0.0144383077 0.023250872 0.0104498727 0.0343270575 0.0120550898 0.0104593819 0.0241362087 0.01668827 0.016828453 0.0072994906 0.017008112 0.0161595279 0.0214330671 0.0188396587 0.0178412472 0.0106465428 0.0167005503 0.0117801436 0.0249013207 0.0134402662 
30 0.023959872 0.0094443764 0.0161309724 0.0190033962 0.0173014056 0.0149416598 0.007692425 0.0187107805 0.0104569457 0.0090717384 0.025992229 0.0299467027 0.0161446854 0.0063058353 0.0256346804 0.0213504742 0.0136066298 0.002920696 0.0131601721 0.0093885581 0.0315143003 0.0156798658 0.0075492675 0.0141521054 0.0214987802 0.0289686884 0.0117645188 0.0072959081 0.0075707431 0.0179753854 0.0129389955 0.0171937152 0.0250430703 0.0176351716 0.0136693305 0.0122099284 0.016958107 0.0206544439 0.0048593305 0.0144472813 0.0099723131 0.0061667323 0.0199060819 0.0059992533 0.0132792283 0.0299745647 0.0225651864 0.0154985825 0.0148679451 0.0206076154 0.0102801778 0.009954505 0.0135736851 0.0166424649 0.0092901197 0.0102098322 0.0234323013 0.0117970985 0.0032978942 0.0272607621 0.0241624959 0.0093226937 0.0156047734 0.0255905213 
31 0.022548072 0.020090385 0.0059764321 0.0196834816 0.0112950116 0.0065201877 0.0139649755 0.0112821805 0.0106317526 0.0071024284 0.0194445851 0.0155195415 0.0125223496 0.0276480841 0.0330574153 0.0144520983 0.0132797116 0.0217105772 0.0091352049 0.0054834542 0.0122511744 0.0147875562 0.0217440347 0.0129500364 0.0070195032 0.0193044993 0.0208225787 0.0118880044 0.0146096218 0.0129389955 0.0160420979 0.0206805726 0.0282819602 0.0100656397 0.0188268795 0.018602355 0.011608281 0.0221751332 0.0138252773 0.0231310423 0.0087895034 0.0078154619 0.0164336553 0.0103090967 0.0154905045 0.0167965497 0.0159567979 0.0144344117 0.0227443618 0.0136168703 0.0224901834 0.0098870443 0.0139522466 0.0155225055 0.0160052279 0.0177286502 0.0180141314 0.018212937 0.0231007875 0.01606513 0.0124120521 0.0104349289 0.0233527897 0.0075310004 
32 0.0148137328 0.0135337111 0.0102184996 0.0047254404 0.019171537 0.0058253641 0.0184917754 0.0203386745 0.004755838 0.0212546134 0.0121447203 0.0137460279 0.0172617947 0.0064267974 0.0179451937 0.0116544706 0.0227079731 0.0115491881 0.0222276635 0.0137810531 0.0112460201 0.0306318615 0.0206614817 0.0105604964 0.033905362 0.0150615002 0.0194613955 0.0232370001 0.0181168172 0.0171937152 0.0206805726 0.0096329422 0.0067695515 0.0096347713 0.0133604639 0.0193790752 0.006281202 0.0223751592 0.0182752771 0.0209633955 0.0282589134 0.0218901997 0.0248902336 0.0124164004 0.0158827123 0.0144059278 0.0129247404 0.0106040646 0.0144409732 0.0138996664 0.0075023624 0.0209791304 0.037390061 0.0142002745 0.0059795147 0.0137739508 0.0191645625 0.0077362119 0.0232674787 0.0084698767 0.0155972886 0.0123595863 0.0057489627 0.0082147781 
33 0.0077360232 0.0074873457 0.0201471248 0.0185240676 0.0224017493 0.0189119646 0.0068005922 0.0156054488 0.0202741016 0.0205286351 0.0059964381 0.0184301024 0.0098368318 0.0152269922 0.0137757795 0.016786973 0.014551388 0.0127670673 0.0076957191 0.0142203922 0.0134921934 0.0136613216 0.0127517092 0.0151838904 0.0062670779 0.0184368656 0.0248018849 0.0164727111 0.0156975576 0.0250430703 0.0282819602 0.0067695515 0.0276150248 0.0150671449 0.0321368135 0.0185908358 0.0067513165 0.0111534395 0.021985088 0.0148592865 0.0144020321 0.0113210349 0.0131373671 0.0047945121 0.012566846 0.0081989999 0.0160974906 0.0104176165 0.0083759636 0.0210043454 0.0242556685 0.01781908 0.0167698248 0.0209796351 0.0187971848 0.0100669449 0.0111893105 0.0142640395 0.0148695996 0.0183152194 0.0234168415 0.0213567181 0.0141969364 0.020663309 
34 0.0161892214 0.0143065771 0.0180129079 0.0053965091 0.0171803767 0.0131919783 0.0301089824 0.0206903715 0.025553798 0.0253172456 0.0161598882 0.0070028015 0.0208720252 0.0086836435 0.0208470933 0.0170513713 0.012461456 0.0091135128 0.009869106 0.0226343491 0.0126381837 0.0174939091 0.0130405792 0.0109481688 0.0123497047 0.020688842 0.0185645273 0.0207576561 0.0220001987 0.0176351716 0.0100656397 0.0096347713 0.0150671449 0.0169360585 0.0161787563 0.0270271198 0.0157256154 0.0187135687 0.012713237 0.0115548657 0.0129529795 0.0185890997 0.0053640132 0.0117545429 0.0207589615 0.0066981191 0.0136483192 0.0134089792 0.0121699323 0.0137553911 0.0266982768 0.0159847591 0.025423335 0.0091448217 0.0097326194 0.0154154524 0.0133227822 0.0084891593 0.017215809 0.0140809914 0.0096690061 0.0126943041 0.0180930623 0.0245583503 
35 0.0174811881 0.0052565966 0.013912626 0.0237871885 0.0134434621 0.0056730993 0.003589829 0.0269738763 0.0198436664 0.0211491035 0.0227252503 0.0123902241 0.0069009663 0.008711435 0.0134659575 0.0175163879 0.0092082175 0.0092547946 0.0173919575 0.0151053676 0.004850433 0.0072778656 0.015143712 0.0105814287 0.0154784782 0.0203014528 0.015623272 0.0185802838 0.0114826366 0.0136693305 0.0188268795 0.0133604639 0.0321368135 0.0161787563 0.0292275083 0.0207655913 0.0241618446 0.0167679484 0.0218951724 0.0147359503 0.013405318 0.0224688129 0.0165101237 0.0237211847 0.0198487122 0.0155652391 0.0060468515 0.0141605765 0.0066080544 0.0172059682 0.0144497547 0.0227692421 0.0168271513 0.0102438859 0.0198134791 0.0234660434 0.0170311362 0.0137996684 0.0156530205 0.0158580839 0.0048595688 0.0162342825 0.0168114516 0.0118153744 
36 0.014536263 0.0071190012 0.0135557088 0.0174148118 0.0135253734 0.021982103 0.0128697503 0.0082439034 0.0173638165 0.020094655 0.0193872655 0.0131061114 0.0179102079 0.0124682031 0.0225604233 0.0152346452 0.0087135978 0.0092958218 0.0136640641 0.0107629937 0.006481403 0.0181663452 0.017998169 0.005600673 0.0217390951 0.0125634783 0.0151469376 0.0177781749 0.0123646475 0.0122099284 0.018602355 0.0193790752 0.0185908358 0.0270271198 0.0207655913 0.027553369 0.0124302563 0.0038594099 0.0053612245 0.0263857944 0.0149227754 0.0199111432 0.0273163279 0.0067920838 0.0106320874 0.025399162 0.0155141578 0.020206734 0.0302026191 0.0199397675 0.0155840433 0.0082599149 0.0248552995 0.0180725078 0.0171811726 0.0084524792 0.0152174797 0.0030728228 0.0148408213 0.0112747614 0.0128242467 0.0213800515 0.0091126763 0.0192222618 
37 0.0265101862 0.026718094 0.0035067269 0.0136743602 0.0075591445 0.0184230922 0.0280759242 0.0101830271 0.0174598585 0.0204572318 0.016184578 0.0256425585 0.0121394312 0.0205783594 0.0251753246 0.0180015047 0.009197892 0.0289204571 0.0126221279 0.0194649445 0.0144512067 0.0220891353 0.0138116698 0.0165839064 0.018204714 0.0046689056 0.0162743286 0.0212744372 0.0149942232 0.016958107 0.011608281 0.006281202 0.0067513165 0.0157256154 0.0241618446 0.0124302563 0.0197971478 0.0161870598 0.0090340018 0.0197938467 0.0106685031 0.016018471 0.0166703938 0.0152034277 0.0107685676 0.0103982854 0.0138147948 0.0182676174 0.0087793045 0.0080273163 0.0181007177 0.0089898453 0.0170777898 0.0157918446 0.0136228057 0.0181812281 0.0213268003 0.0129230648 0.0190072638 0.0145882605 0.0102209753 0.0207552619 0.0131611616 0.0060602701 
38 0.0164657557 0.0171114681 0.0322047507 0.0114167459 0.0065950216 0.0075467737 0.0079853907 0.0212717144 0.0082532702 0.0148681169 0.0158096654 0.013320226 0.0095513056 0.0112096436 0.0040715107 0.006943999 0.0183766595 0.0149385806 0.0116630813 0.033329833 0.0241184892 0.0126495483 0.0223992416 0.0212224125 0.0133351507 0.0087794783 0.0131506483 0.0187702495 0.005498862 0.0206544439 0.0221751332 0.0223751592 0.0111534395 0.0187135687 0.0167679484 0.0038594099 0.0161870598 0.0176060463 0.0176317883 0.0066454312 0.0208659362 0.0127597985 0.0048533296 0.023850704 0.0118170395 0.0221804737 0.0108324634 0.0062575185 0.0103634935 0.0251755466 0.022377963 0.0255031746 0.0166882733 0.0126725309 0.0180974761 0.0181909347 0.0192705044 0.0176210735 0.0200118437 0.0307582036 0.014729355 0.0166479899 0.0060005168 0.0158468358 
39 0.0186315499 0.0145343901 0.0138196764 0.0103579912 0.0204965847 0.0138899305 0.0104445446 0.0078799798 0.0358668249 0.0186447177 0.0175495083 0.0249643747 0.0159069558 0.0143070533 0.0065098319 0.0251640778 0.0243606331 0.0204358701 0.0212121175 0.0099295367 0.0038844689 0.0090467701 0.0249904763 0.0276695634 0.007493897 0.0067063953 0.0153006759 0.0301187182 0.0089232411 0.0048593305 0.0138252773 0.0182752771 0.021985088 0.012713237 0.0218951724 0.0053612245 0.0090340018 0.0176317883 0.0044761606 0.0195057891 0.0124795925 0.0135632951 0.0135938583 0.0155522759 0.0259916303 0.0253262372 0.0061057028 0.0108257764 0.0134144858 0.0234989831 0.0125594777 0.0172357463 0.0161307632 0.0168849908 0.0119299624 0.0120168595 0.0154970774 0.0165024347 0.0060489752 0.0226466209 0.0183371949 0.0210373038 0.0113912049 0.0128268489 
40 0.0070445171 0.0205623585 0.0127057203 0.0128341473 0.0263956846 0.0195052478 0.0118090233 0.0194197745 0.0250261783 0.0200672036 0.0188805187 0.0122648155 0.0102559479 0.0139320193 0.0117437363 0.0094529379 0.0102525259 0.00406898 0.0280174622 0.0172290172 0.011054058 0.0255489124 0.0141380238 0.009201096 0.0272137948 0.0165572138 0.0164903385 0.0190389443 0.0070060991 0.0144472813 0.0231310423 0.0209633955 0.0148592865 0.0115548657 0.0147359503 0.0263857944 0.0197938467 0.0066454312 0.0195057891 0.0267839715 0.0206687461 0.022358058 0.0131903082 0.0199260186 0.0058381174 0.0186583969 0.020672818 0.0181056675 0.0061683471 0.0175407211 0.0127660631 0.0140353564 0.011935504 0.0092034403 0.0210672001 0.0152925353 0.0058420712 0.0197261235 0.0077636636 0.0133058065 0.008057247 0.0221264692 0.0128416741 0.0063866948 
41 0.0102701363 0.0069772826 0.0111118571 0.0239956694 0.0093678224 0.0173090364 0.0187760724 0.0173855436 0.0053597391 0.019009444 0.0202497173 0.0124194391 0.00882657 0.0153161886 0.0055427844 0.0239949668 0.0150295033 0.0174023831 0.0253800905 0.0145932194 0.016227556 0.0114866048 0.0110183653 0.012943518 0.0096795516 0.0210641581 0.0126535227 0.0150692516 0.0041743491 0.0099723131 0.0087895034 0.0282589134 0.0144020321 0.0129529795 0.013405318 0.0149227754 0.0106685031 0.0208659362 0.0124795925 0.0206687461 0.0301860357 0.0186675568 0.0130740424 0.0091039099 0.0232073818 0.0164137449 0.0139308598 0.0316054489 0.0202554039 0.0173460989 0.0244021539 0.0099857325 0.0079048634 0.0167457182 0.0202120586 0.0190542402 0.0165147762 0.0129871456 0.0233249418 0.0069640776 0.0245718214 0.0173685139 0.018376452 0.0077760657 
42 0.0140173742 0.0047806782 0.0167406117 0.0186325534 0.0042506847 0.0255456481 0.0109007269 0.0101269006 0.0208013855 0.0181614725 0.0136628015 0.0082337769 0.0038116568 0.0170905256 0.0110158766 0.0131213649 0.0171485002 0.0199226595 0.0265023442 0.0177063979 0.0115541773 0.0199916833 0.0179853869 0.0209283274 0.0108649066 0.0143702189 0.0169169099 0.015862578 0.0192325056 0.0061667323 0.0078154619 0.0218901997 0.0113210349 0.0185890997 0.0224688129 0.0199111432 0.016018471 0.0127597985 0.0135632951 0.022358058 0.0186675568 0.0114471256 0.0152279858 0.0050856496 0.0232492865 0.0318210494 0.0197545269 0.0084734405 0.0278466759 0.0294522065 0.0097626152 0.0175463413 0.015240061 0.0140152621 0.0148060398 0.013951663 0.0078875349 0.0089389168 0.0096314805 0.01931923 0.0177644124 0.0150652621 0.0175448278 0.0147581081 
43 0.0199362812 0.0122726872 0.0303484532 0.0156954852 0.0207180298 0.0156033268 0.0078865298 0.0104807904 0.0113252918 0.0207474866 0.0082594923 0.0139349354 0.0179166145 0.017838684 0.0196416237 0.0171751366 0.0155223218 0.022001427 0.0144068744 0.0052957557 0.0142124665 0.0089771521 0.0070641783 0.0102411937 0.0176565891 0.0238118709 0.0148424036 0.0189193449 0.0165610733 0.0199060819 0.0164336553 0.0248902336 0.0131373671 0.0053640132 0.0165101237 0.0273163279 0.0166703938 0.0048533296 0.0135938583 0.0131903082 0.0130740424 0.0152279858 0.0113283577 0.0076763552 0.0144842404 0.0088002487 0.0153384355 0.0217126684 0.0221413125 0.0181168379 0.016967135 0.0246906124 0.0249923431 0.0178115558 0.0225622539 0.0072322095 0.0163306403 0.0089072082 0.0176191919 0.013760772 0.016736667 0.015735386 0.0180570923 0.0095372556 
44 0.0137548194 0.0196288515 0.030444305 0.0162255146 0.0363140611 0.0132879319 0.0283731491 0.01863842 0.0216879241 0.0122251694 0.0142281831 0.0185129204 0.0108612519 0.009843782 0.0137125441 0.0172604547 0.0242393526 0.0081753182 0.0200650347 0.0127298298 0.0187086433 0.0203139231 0.0130039531 0.012673658 0.0158805999 0.019803049 0.0094691752 0.0131994222 0.0091595342 0.0059992533 0.0103090967 0.0124164004 0.0047945121 0.0117545429 0.0237211847 0.0067920838 0.0152034277 0.023850704 0.0155522759 0.0199260186 0.0091039099 0.0050856496 0.0076763552 0.0257909305 0.0186729067 0.0280131736 0.0190026962 0.0105794366 0.0139526261 0.0123927582 0.0139980988 0.0055819992 0.0207156778 0.0172432684 0.0272853036 0.0130306943 0.0145102307 0.0166313336 0.0084191947 0.0171634556 0.019927554 0.006266866 0.0169089544 0.0093066513 
45 0.0036144935 0.0117951846 0.0135257202 0.020374041 0.0180532776 0.0223049486 0.0123733827 0.0114000991 0.0282593126 0.0137888736 0.012593198 0.0058235065 0.0087465598 0.0141124337 0.0290545468 0.015445669 0.0233465011 0.0124140414 0.0092764655 0.0130517239 0.0202587698 0.0182832261 0.014138225 0.0179786629 0.0116062671 0.0110383859 0.012321499 0.0144213939 0.0144383077 0.0132792283 0.0154905045 0.0158827123 0.012566846 0.0207589615 0.0198487122 0.0106320874 0.0107685676 0.0118170395 0.0259916303 0.0058381174 0.0232073818 0.0232492865 0.0144842404 0.0186729067 0.0101361447 0.0118985614 0.0090268419 0.0212830642 0.0186572355 0.0124364725 0.0273720678 0.0082332996 0.0132664113 0.0209215551 0.0289322122 0.0200717131 0.0145518895 0.0239237733 0.0124986267 0.0161873012 0.0235984029 0.0139344336 0.0095650369 0.0071780174 
46 0.0058993994 0.0117561097 0.0088781204 0.005869555 0.0163884237 0.0195463402 0.0218309218 0.0251982414 0.0134516788 0.0176310592 0.0125975759 0.0209643361 0.014433042 0.0081722579 0.0145364862 0.0076006887 0.013355713 0.0139063743 0.0101086925 0.0158170541 0.018608354 0.0112890691 0.0215022172 0.0197107358 0.0092399077 0.0173788489 0.0158029477 0.0140043284 0.023250872 0.0299745647 0.0167965497 0.0144059278 0.0081989999 0.0066981191 0.0155652391 0.025399162 0.0103982854 0.0221804737 0.0253262372 0.0186583969 0.0164137449 0.0318210494 0.0088002487 0.0280131736 0.0118985614 0.0060443539 0.0110657173 0.0382864381 0.0142092242 0.0121759586 0.0248214568 0.0121781268 0.013705514 0.0069121014 0.0175573457 0.0271083389 0.0207062194 0.011826478 0.0055935359 0.0077587787 0.0147649604 0.006142227 0.0197441864 0.010120954 
47 0.0151755977 0.0204008132 0.0257996023 0.0213175652 0.0080053839 0.0112576413 0.0275508943 0.012188751 0.0261902942 0.0117705975 0.0201966361 0.0060521164 0.0174349218 0.0150346856 0.0158231253 0.004761395 0.0118981052 0.0202969039 0.0155591367 0.0286258315 0.0231436047 0.018896138 0.0114880182 0.0222702478 0.0069958886 0.0103176023 0.0122660546 0.014175033 0.0104498727 0.0225651864 0.0159567979 0.0129247404 0.0160974906 0.0136483192 0.0060468515 0.0155141578 0.0138147948 0.0108324634 0.0061057028 0.020672818 0.0139308598 0.0197545269 0.0153384355 0.0190026962 0.0090268419 0.0110657173 0.0346591209 0.0091385358 0.0077915724 0.0144495476 0.0195227965 0.0080967162 0.0221697952 0.0183273634 0.0245154071 0.0036459182 0.0238964055 0.0180837694 0.011262875 0.0219294734 0.0213673109 0.0077673801 0.0175208668 0.0082142869 
48 0.0074728544 0.0158025322 0.0080260791 0.0187268649 0.0277366784 0.0280827184 0.0254758128 0.0186563779 0.0148253793 0.0087198872 0.0227258166 0.0182106255 0.005279216 0.0058818733 0.0230716973 0.0092489433 0.0097484274 0.0141265538 0.0082437455 0.0080920714 0.0233313671 0.0059518911 0.0101046533 0.0171942384 0.0119528263 0.018776975 0.0210966832 0.0132782656 0.0343270575 0.0154985825 0.0144344117 0.0106040646 0.0104176165 0.0134089792 0.0141605765 0.020206734 0.0182676174 0.0062575185 0.0108257764 0.0181056675 0.0316054489 0.0084734405 0.0217126684 0.0105794366 0.0212830642 0.0382864381 0.0091385358 0.0027569133 0.022370733 0.0221773474 0.0182731324 0.0161821065 0.0055316293 0.0288097213 0.0163725533 0.0093169224 0.0050640538 0.0063414298 0.0133160699 0.0164574917 0.0186201001 0.0233773725 0.0095520855 0.0180456481 
