15
1 0.0 0.075383425 0.0431794438 0.0377187799 0.0694524356 0.0974518612 0.0889576318 0.0851520708 0.0392367597 0.0408736686 0.1113001662 0.0293061425 0.1106901819 0.093102259 0.078195174
2 0.075383425 0.0 0.0882933875 0.0953722534 0.0412684961 0.0790868163 0.0734095199 0.0736698232 0.0663294965 0.039743132 0.0412309049 0.104471575 0.0652759691 0.0745545231 0.081910678
3 0.0431794438 0.0882933875 0.0 0.1015673469 0.118966495 0.1075091889 0.0130153771 0.0266776702 0.0717196982 0.1099216217 0.042502291 0.0731900662 0.0389700288 0.0664900202 0.0979973643
4 0.0377187799 0.0953722534 0.1015673469 0.0 0.056812264 0.0369705438 0.0464566169 0.0566374938 0.0355817747 0.1102806103 0.0620724123 0.0855539741 0.0974040384 0.0868440713 0.0907278199
5 0.0694524356 0.0412684961 0.118966495 0.056812264 0.0 0.0261514945 0.1134714923 0.0905865138 0.0613176242 0.0924372138 0.0675761983 0.0379357409 0.0903576486 0.049986684 0.0836796991
6 0.0974518612 0.0790868163 0.1075091889 0.0369705438 0.0261514945 0.0 0.0536372588 0.0847609353 0.1205440861 0.0794304674 0.0695662844 0.0726469837 0.1147329122 0.0513286564 0.0061825111
7 0.0889576318 0.0734095199 0.0130153771 0.0464566169 0.1134714923 0.0536372588 0.0 0.0470886528 0.0777375679 0.0942909233 0.0825251041 0.137382479 0.0237658577 0.1139986772 0.0342628409
8 0.0851520708 0.0736698232 0.0266776702 0.0566374938 0.0905865138 0.0847609353 0.0470886528 0.0 0.0363662172 0.0919932197 0.0907968907 0.0778123292 0.0801574513 0.0818342064 0.0764665253
9 0.0392367597 0.0663294965 0.0717196982 0.0355817747 0.0613176242 0.1205440861 0.0777375679 0.0363662172 0.0 0.0488931256 0.1008934621 0.0725289456 0.0862151007 0.1060426532 0.076593488
10 0.0408736686 0.039743132 0.1099216217 0.1102806103 0.0924372138 0.0794304674 0.0942909233 0.0919932197 0.0488931256 0.0 0.0391964696 0.0633444382 0.0329904551 0.0624874821 0.0941171727
11 0.1113001662 0.0412309049 0.042502291 0.0620724123 0.0675761983 0.0695662844 0.0825251041 0.0907968907 0.1008934621 0.0391964696 0.0 0.0652867421 0.0887333387 0.07492237 0.0633973657
12 0.0293061425 0.104471575 0.0731900662 0.0855539741 0.0379357409 0.0726469837 0.137382479 0.0778123292 0.0725289456 0.0633444382 0.0652867421 0.0 0.0532395345 0.0362693283 0.0910317209
13 0.1106901819 0.0652759691 0.0389700288 0.0974040384 0.0903576486 0.1147329122 0.0237658577 0.0801574513 0.0862151007 0.0329904551 0.0887333387 0.0532395345 0.0 0.0470844559 0.070383027
14 0.093102259 0.0745545231 0.0664900202 0.0868440713 0.049986684 0.0513286564 0.1139986772 0.0818342064 0.1060426532 0.0624874821 0.07492237 0.0362693283 0.0470844559 0.0 0.0550546131
15 0.078195174 0.081910678 0.0979973643 0.0907278199 0.0836796991 0.0061825111 0.0342628409 0.0764665253 0.076593488 0.0941171727 0.0633973657 0.0910317209 0.070383027 0.0550546131 0.0
