64
1 0.0055486683 0.0064016521 0.013104512 0.0194476356 0.0127539217 0.0133695258 0.0087185788 0.0175156447 0.0202389497 0.0203030536 0.0089903458 0.0117026951 0.0100651505 0.0218174706 0.0187970514 0.0168527747 0.012762104 0.0190524149 0.0115692293 0.008034596 0.0079629042 0.0171491923 0.0131778091 0.0148628465 0.0203627449 0.0145469094 0.013545018 0.0094048735 0.0252199669 0.0216349816 0.0219642262 0.0194448229 0.0068085504 0.0154485922 0.0316132957 0.0288650006 0.0121654836 0.0150593844 0.0138130468 0.0113264528 0.0097798345 0.0200110664 0.0182426817 0.0120070822 0.0382930072 0.0068098938 0.018848929 0.0136860457 0.0208236691 0.0111896264 0.0156299913 0.0203861942 0.0146874633 0.0177645926 0.0162245263 0.0134571551 0.0197676696 0.009483579 0.0176611612 0.0196926232 0.0123728671 0.0098623939 0.0143817493 0.0175141213 
2 0.0064016521 0.0184298883 0.0180455991 0.0149525092 0.0021423845 0.0127319998 0.0166120621 0.0177288561 0.0081733649 0.0095302686 0.0059323493 0.013745104 0.0091106324 0.0159552731 0.0159555258 0.0220130911 0.0206590163 0.0104177966 0.0206421229 0.0097795826 0.0178465351 0.0203777272 0.0160194987 0.0246515044 0.0293437805 0.0158260405 0.0189753699 0.0158114771 0.015476478 0.0154840555 0.0191648155 0.0197251661 0.0262571698 0.019457072 0.012212437 0.0204593649 0.0205846382 0.0088656178 0.0121013801 0.0212541044 0.0094739905 0.0073901221 0.0115258891 0.0158420142 0.0080374856 0.0063664943 0.0324094864 0.0197415788 0.0123796914 0.0113447984 0.0187377878 0.0124282666 0.018010633 0.0232279574 0.0169092238 0.0261921401 0.0226129251 0.0116336742 0.0096568294 0.0102500219 0.0143740013 0.0102540406 0.0145451507 0.0178024859 
3 0.013104512 0.0180455991 0.0230810163 0.0089279406 0.0152018937 0.0189945676 0.0289812425 0.0119805461 0.0116856004 0.0164934252 0.0226089479 0.0173583064 0.0161797523 0.017798097 0.0134857259 0.0298884962 0.0248218119 0.0078654045 0.021803249 0.0258932997 0.0152702848 0.0133329382 0.0161462109 0.0164145001 0.0096588621 0.0038766636 0.0153956049 0.0265545964 0.0052184236 0.0112395525 0.0170950696 0.0125385849 0.0102088478 0.0094983369 0.0142013883 0.0250910783 0.0050199299 0.0076339689 0.0077636555 0.0171913702 0.018760772 0.015053738 0.0259051513 0.0277722641 0.0185647552 0.0072870935 0.0275736761 0.0054801738 0.0118285661 0.0167491098 0.009140825 0.0130954617 0.0141336143 0.0039280932 0.0134197127 0.0163446763 0.0201158191 0.0243617796 0.0159500634 0.0221962329 0.0136805833 0.0098524889 0.0101288651 0.0151271826 
4 0.0194476356 0.0149525092 0.0089279406 0.0329108705 0.0092948472 0.0131717743 0.0132588939 0.0147133984 0.0167287315 0.0216427928 0.0222150174 0.0260664914 0.0107800139 0.0093811364 0.0189444178 0.0247842687 0.0138727554 0.0150419397 0.0079467751 0.0207995786 0.0108451538 0.0139872856 0.0189004042 0.0187336302 0.011951128 0.0220288477 0.0055920123 0.0091243929 0.0125009996 0.0129070959 0.0163706446 0.0162661338 0.0324346576 0.0126130047 0.0152992625 0.0144433574 0.0169938383 0.0149915357 0.00799012 0.0182061364 0.0088063901 0.0226147612 0.0139618746 0.0060448387 0.0131637155 0.0097871344 0.0054647793 0.0198319526 0.0118237633 0.0116921073 0.0066853424 0.0182492497 0.0169765861 0.0279094939 0.0135099855 0.0141452712 0.0154990458 0.0179966609 0.0116070497 0.0334880976 0.0096840253 0.0192733137 0.022285647 0.0124374843 
5 0.0127539217 0.0021423845 0.0152018937 0.0092948472 0.0207592842 0.0196921541 0.0151265015 0.0183880659 0.0185063863 0.0119264437 0.0060819889 0.0095292723 0.018064791 0.018228747 0.0140906839 0.0142925245 0.0188817786 0.0197970674 0.0122218014 0.0120747624 0.0137165112 0.0166479111 0.0208900151 0.009925042 0.0128736035 0.0119368231 0.015358325 0.0274525536 0.0200937611 0.0185942828 0.0086322647 0.0117940669 0.012277336 0.0214312269 0.0238732316 0.0131719875 0.0072498792 0.0285323103 0.0346444092 0.0249279282 0.0160684062 0.0187734248 0.0107760349 0.0152749147 0.0147135773 0.0112225311 0.0167835116 0.0103927085 0.0179519014 0.0173155866 0.0179069196 0.0126432777 0.0267858582 0.0137590525 0.0076839745 0.0111834599 0.0161736583 0.0138748415 0.025324649 0.0182109732 0.0153188002 0.0050215209 0.0150737772 0.0106878705 
6 0.0133695258 0.0127319998 0.0189945676 0.0131717743 0.0196921541 0.0091712928 0.0137337788 0.0250597137 0.0102715453 0.0136428626 0.013043014 0.0120495652 0.014900732 0.0175831242 0.0187598838 0.0308674229 0.0081150536 0.0269386493 0.022174004 0.0160415811 0.013748844 0.0105363899 0.0203441119 0.0087100619 0.0177098071 0.0088142954 0.0176461684 0.0087330455 0.018841747 0.0121322651 0.0165657831 0.0266761464 0.0219405316 0.0123328145 0.0287611699 0.0031754672 0.01754128 0.008992068 0.0172856595 0.0195639578 0.0224774454 0.0090019764 0.0107599397 0.0116960277 0.0147164287 0.013667283 0.0162912989 0.0127877207 0.0216197203 0.0159646423 0.020145569 0.0138200716 0.0150901512 0.0151666609 0.0209326369 0.019896552 0.009523304 0.009200314 0.0069648314 0.0139359038 0.0181338426 0.0203565427 0.0161612445 0.0113260332 
7 0.0087185788 0.0166120621 0.0289812425 0.0132588939 0.0151265015 0.0137337788 0.0077742871 0.0133168233 0.0107203183 0.0133573014 0.0108826138 0.0168844432 0.0126547084 0.016944139 0.0117777555 0.0250118503 0.0256050877 0.0182748783 0.0166111607 0.0066456871 0.0146545793 0.0229719413 0.0202104223 0.0079395642 0.0148028247 0.0116488912 0.0102440998 0.0109330551 0.0180675406 0.003699626 0.0141574824 0.015201228 0.0197842631 0.0081016412 0.019453478 0.0314843811 0.0099158671 0.0239391745 0.0192996707 0.0152420812 0.0160728881 0.0180753243 0.0102990126 0.0208940137 0.0153531753 0.0165179461 0.0081758248 0.0090768392 0.0171211588 0.0101082569 0.0099871546 0.0148623954 0.0151941418 0.0276694378 0.0196196504 0.0137419813 0.0107831713 0.0166977652 0.012549328 0.0142489336 0.0204042042 0.0263865534 0.0291954584 0.0123214612 
8 0.0175156447 0.0177288561 0.0119805461 0.0147133984 0.0183880659 0.0250597137 0.0133168233 0.0162403291 0.0085013935 0.0079473286 0.0197382161 0.0071695707 0.0098321291 0.0323963074 0.0152919994 0.021471826 0.0256627171 0.0117163127 0.0150858642 0.0177861831 0.0159911694 0.0179499829 0.0175530137 0.021249767 0.0076568906 0.0120235171 0.0057244697 0.0215756188 0.0217739892 0.0167512941 0.0092433318 0.0048412602 0.0105680239 0.0221432378 0.0057344093 0.0072088652 0.0179243495 0.0105160165 0.0114619728 0.0129589733 0.0173140723 0.0081684204 0.0096676522 0.0246118721 0.0282219719 0.0281610103 0.0122574255 0.0089244811 0.0122398227 0.0075560685 0.0152929743 0.0214432742 0.0246890097 0.0162330819 0.0125749854 0.0200741697 0.0125435685 0.007542315 0.0163591654 0.0256183101 0.0244791224 0.0140213888 0.0270362332 0.0065762268 
9 0.0202389497 0.0081733649 0.0116856004 0.0167287315 0.0185063863 0.0102715453 0.0107203183 0.0085013935 0.0241361863 0.0054533617 0.0144481227 0.025650839 0.0115536464 0.0160526738 0.0161501557 0.0211397976 0.0259557113 0.0052403382 0.0054954103 0.0104612033 0.0130745855 0.0139552616 0.0067106787 0.0150856813 0.0140718153 0.0196899969 0.011902976 0.0084554152 0.0105382022 0.0135141074 0.0257433355 0.0203965463 0.0082855946 0.0257435546 0.0225709353 0.0283397206 0.0159579507 0.0159762747 0.0173655948 0.0081820016 0.0146617609 0.0168249156 0.0184917309 0.0239135852 0.019484134 0.0147970597 0.0150936123 0.0164480827 0.0124250988 0.0212921844 0.0193639533 0.0129458062 0.0140120669 0.0207176928 0.0152923324 0.0199206887 0.0233948085 0.0105737555 0.0059283619 0.0085690741 0.0229063847 0.0180467657 0.0136722731 0.0190999071 
10 0.0203030536 0.0095302686 0.0164934252 0.0216427928 0.0119264437 0.0136428626 0.0133573014 0.0079473286 0.0054533617 0.0127255808 0.0146001685 0.0134527543 0.0158580372 0.0173102959 0.0126309818 0.0145119287 0.0141787416 0.0269187573 0.0104275749 0.0090187545 0.0108616825 0.0075530258 0.0047331152 0.0170163675 0.0200142975 0.0143688966 0.0127924622 0.0215548286 0.0200654472 0.0191532524 0.0267789179 0.0160244687 0.0179787935 0.0051580767 0.0090670262 0.0175902248 0.0157681745 0.0254544823 0.0158537394 0.0138541802 0.0129596069 0.011165474 0.0168103524 0.0253509544 0.0168384775 0.017873974 0.0105648994 0.0266844066 0.0153537512 0.018897587 0.0120847548 0.0255459988 0.0191528224 0.0181453961 0.0112959301 0.0116842208 0.0189523069 0.017393208 0.0254739849 0.0192084729 0.0110425347 0.0191697939 0.0080625988 0.0167166201 
11 0.0089903458 0.0059323493 0.0226089479 0.0222150174 0.0060819889 0.013043014 0.0108826138 0.0197382161 0.0144481227 0.0146001685 0.0120958042 0.0144279087 0.013436796 0.0266865139 0.025245022 0.0104718254 0.016919597 0.0297113842 0.0055667837 0.0059990232 0.0104852535 0.0269296834 0.0099720988 0.0137107534 0.0174099868 0.0140533088 0.0183407413 0.0107739061 0.012957965 0.0185489783 0.0112852619 0.0101339175 0.0216429939 0.0202771427 0.0197866237 0.0229860126 0.0070069364 0.0153955004 0.0229317874 0.0212723021 0.025347471 0.0230036424 0.0124265 0.0194153196 0.0105942408 0.0147472858 0.0055462416 0.0258213396 0.0226347448 0.0082917365 0.0172155092 0.0163755263 0.0218388555 0.016579152 0.0240548267 0.0186985303 0.0083092502 0.0161252629 0.0144033359 0.0103228396 0.0172320228 0.0095378368 0.0114935754 0.0049823573 
12 0.0117026951 0.013745104 0.0173583064 0.0260664914 0.0095292723 0.0120495652 0.0168844432 0.0071695707 0.025650839 0.0134527543 0.0144279087 0.0095843106 0.0258924811 0.0154619306 0.0227676387 0.0334801664 0.0187703013 0.0218232347 0.0218387153 0.0089073509 0.0101572066 0.0177055061 0.0074995173 0.0044433479 0.016815183 0.0053770391 0.0097765661 0.0203758021 0.022032917 0.0152726676 0.0120856751 0.0175571657 0.0180149864 0.0166839652 0.0141711496 0.0178125868 0.0241062233 0.0179036836 0.009987747 0.0151320759 0.0164272465 0.0230317287 0.0153917252 0.010021652 0.0216494622 0.0238426438 0.0034887558 0.02015727 0.0199780842 0.0053972648 0.0096859566 0.0109055861 0.0194236925 0.0151982979 0.0089396077 0.0149780074 0.0260258133 0.0078757288 0.0247730444 0.0093384745 0.0118295151 0.0126475822 0.0141406192 0.01537815 
13 0.0100651505 0.0091106324 0.0161797523 0.0107800139 0.018064791 0.014900732 0.0126547084 0.0098321291 0.0115536464 0.0158580372 0.013436796 0.0258924811 0.0275506801 0.0174465262 0.0203089163 0.016099028 0.0057610725 0.0083292656 0.0089356226 0.0126997871 0.0169631207 0.0208499787 0.0092851301 0.0160132068 0.0141188807 0.0098917067 0.015655142 0.0104576214 0.0055299955 0.0124407094 0.0209675767 0.0154897988 0.0128677961 0.0310080619 0.0152137956 0.0218488239 0.020355381 0.0136307504 0.0040421592 0.0203886399 0.0159375389 0.0214882476 0.0216032618 0.0137725217 0.0210441963 0.0039823057 0.0169675733 0.0123748043 0.0270141245 0.0379018761 0.0186198317 0.0156303068 0.0112550327 0.0170943498 0.0154966645 0.0154851507 0.0029036259 0.0214248864 0.0165150799 0.0137490481 0.0153147859 0.0148476344 0.0163805374 0.0207185716 
14 0.0218174706 0.0159552731 0.017798097 0.0093811364 0.018228747 0.0175831242 0.016944139 0.0323963074 0.0160526738 0.0173102959 0.0266865139 0.0154619306 0.0174465262 0.0011323917 0.0107905993 0.0067061599 0.0083016928 0.0213725856 0.0218014335 0.0202069219 0.0200064425 0.022501411 0.0137703146 0.0215148838 0.0339773522 0.0195262436 0.0164406624 0.0102278549 0.0089594588 0.003479805 0.0156266337 0.0169241696 0.0170099392 0.016982622 0.009376611 0.0174659748 0.0127073627 0.0096011972 0.0149009767 0.0123208884 0.0049922606 0.019985261 0.0214024127 0.0135678911 0.0159950307 0.0029523515 0.0229819478 0.0113811567 0.0223483786 0.0222213655 0.005495817 0.011039647 0.0174100415 0.0170552633 0.0133019481 0.0255167153 0.0191946447 0.012644266 0.0169038956 0.0112820153 0.0105129342 0.0185411613 0.0079170244 0.0086617464 
15 0.0187970514 0.0159555258 0.0134857259 0.0189444178 0.0140906839 0.0187598838 0.0117777555 0.0152919994 0.0161501557 0.0126309818 0.025245022 0.0227676387 0.0203089163 0.0107905993 0.0161216912 0.0151399294 0.0103079903 0.0084682094 0.0181445596 0.005118983 0.009718819 0.0211515544 0.008499383 0.0099830965 0.0274665985 0.0271467216 0.0163518995 0.0163120861 0.016778515 0.0161513652 0.0192932438 0.0105927961 0.0233397203 0.0106492454 0.0256233969 0.0121364516 0.0083065924 0.0183597241 0.0235809867 0.0217676234 0.006087621 0.0109987283 0.0133961412 0.0153519659 0.0212697606 0.0119788078 0.007281176 0.02525174 0.0171417596 0.0208159408 0.0173821337 0.0138505556 0.0199236266 0.0047816356 0.0105091243 0.012159414 0.0112231419 0.0184860406 0.007946294 0.0212260743 0.0139251539 0.0176149754 0.0130560034 0.0168346457 
16 0.0168527747 0.0220130911 0.0298884962 0.0247842687 0.0142925245 0.0308674229 0.0250118503 0.021471826 0.0211397976 0.0145119287 0.0104718254 0.0334801664 0.016099028 0.0067061599 0.0151399294 0.0154971897 0.018880276 0.0232710353 0.024188893 0.0042066424 0.0096297074 0.0082242282 0.0296250609 0.0123855789 0.0027633225 0.015842365 0.0270901329 0.0079858793 0.0202454864 0.0174439716 0.0155390384 0.0115343503 0.010734103 0.0139505363 0.0184366311 0.0204260687 0.0092663606 0.0125678393 0.0115434308 0.0143009577 0.0038306141 0.0057042089 0.0199852589 0.0171042376 0.0164256066 0.0276683588 0.0106821836 0.0112756769 0.0120960829 0.0238149407 0.0109747746 0.0153210028 0.0077398503 0.0062981732 0.0130381768 0.0114244241 0.0184991465 0.0079568367 0.0126573641 0.0225205175 0.0054539586 0.0119555103 0.0211792574 0.0080836628 
17 0.012762104 0.0206590163 0.0248218119 0.0138727554 0.0188817786 0.0081150536 0.0256050877 0.0256627171 0.0259557113 0.0141787416 0.016919597 0.0187703013 0.0057610725 0.0083016928 0.0103079903 0.018880276 0.0171973936 0.0141371611 0.0102116548 0.0059719462 0.0190903221 0.0192032303 0.0229026338 0.0139917455 0.0094097826 0.0228976252 0.0158009412 0.0178022831 0.00788336 0.0043447981 0.0129590632 0.0253612293 0.0084087532 0.0151162904 0.0192676183 0.0103224112 0.0148218887 0.0208839566 0.0125976528 0.0259117438 0.0215026123 0.0024955374 0.022014193 0.0073218184 0.0094848841 0.0101706963 0.0118785789 0.0170353054 0.0171595596 0.0134356051 0.0262084045 0.0115521159 0.0086416108 0.0106489149 0.0125513008 0.0253257058 0.0255272572 0.0062226723 0.0200701262 0.0082510461 0.0216824835 0.0116747882 0.0167595043 0.0264340866 
18 0.0190524149 0.0104177966 0.0078654045 0.0150419397 0.0197970674 0.0269386493 0.0182748783 0.0117163127 0.0052403382 0.0269187573 0.0297113842 0.0218232347 0.0083292656 0.0213725856 0.0084682094 0.0232710353 0.0141371611 0.0135862161 0.0251921225 0.0214125038 0.0167591556 0.0159829344 0.0096485875 0.0242093126 0.0132689175 0.0171052727 0.0235322948 0.0175751376 0.0124539207 0.0104605791 0.0147189929 0.0178593117 0.0087420667 0.0145887385 0.0198784397 0.0060816629 0.0182517267 0.0276572371 0.0112671612 0.0199367407 0.0036145463 0.0140320693 0.0113207862 0.016328865 0.0093186534 0.0188462755 0.0058529147 0.0301860923 0.0208604713 0.0211171753 0.00933156 0.0067792847 0.0037474625 0.0118086936 0.0123442106 0.0176459231 0.0193715727 0.0134556345 0.0159904081 0.0168495462 0.01338891 0.0087447263 0.0174451547 0.0130735956 
19 0.0115692293 0.0206421229 0.021803249 0.0079467751 0.0122218014 0.022174004 0.0166111607 0.0150858642 0.0054954103 0.0104275749 0.0055667837 0.0218387153 0.0089356226 0.0218014335 0.0181445596 0.024188893 0.0102116548 0.0251921225 0.0238279314 0.0144936853 0.0152694736 0.0096990262 0.013080056 0.0127665344 0.0109596166 0.0146544134 0.0233210717 0.0205499197 0.0096277074 0.0129024303 0.0206573501 0.0236235712 0.0173039512 0.0306278894 0.0188561956 0.0212676965 0.0246115534 0.0138945492 0.0197847211 0.003182125 0.0181874144 0.0142141815 0.0105789327 0.0187685036 0.0179414832 0.0097731805 0.0103805103 0.0206630461 0.0058100713 0.0104464793 0.0104693179 0.0132157503 0.0126143104 0.0099479716 0.0108145589 0.0233850794 0.0240818682 0.0083782379 0.0114054505 0.0122014184 0.0148674875 0.0145121834 0.0180829475 0.0244411698 
20 0.008034596 0.0097795826 0.0258932997 0.0207995786 0.0120747624 0.0160415811 0.0066456871 0.0177861831 0.0104612033 0.0090187545 0.0059990232 0.0089073509 0.0126997871 0.0202069219 0.005118983 0.0042066424 0.0059719462 0.0214125038 0.0144936853 0.0376779329 0.0195646978 0.0098130031 0.0199095946 0.0136186579 0.0112219905 0.0122273718 0.0125519104 0.0093070186 0.018669241 0.0300730167 0.0146476124 0.007289498 0.0175143113 0.0169417619 0.0174239594 0.0106268301 0.020255421 0.009271579 0.009682617 0.0200808434 0.0125207673 0.0292185784 0.008043989 0.0221121983 0.017963663 0.0201771649 0.020178229 0.0113903123 0.0076572876 0.0317122825 0.0175863875 0.0142249919 0.0235887164 0.0181568571 0.0241297409 0.0211604045 0.0018557513 0.0185389233 0.0170784252 0.0096575961 0.0046135812 0.0304271144 0.0199046104 0.0241814867 
21 0.0079629042 0.0178465351 0.0152702848 0.0108451538 0.0137165112 0.013748844 0.0146545793 0.0159911694 0.0130745855 0.0108616825 0.0104852535 0.0101572066 0.0169631207 0.0200064425 0.009718819 0.0096297074 0.0190903221 0.0167591556 0.0152694736 0.0195646978 0.0151173375 0.0258279125 0.0090299136 0.0148396782 0.0238504088 0.0119093416 0.0134696634 0.0270894995 0.0233108134 0.0101892576 0.0162597859 0.0103616763 0.0097423948 0.0141172157 0.0169311021 0.0219891281 0.0116637879 0.0222303165 0.0053809862 0.0188176534 0.0122570735 0.0149963376 0.012280562 0.011290707 0.0203678029 0.0156540822 0.0171792963 0.0223271864 0.013828513 0.0171499972 0.0154177751 0.0140212238 0.0121949769 0.0167829016 0.0149834686 0.0260659382 0.0169099002 0.0088305051 0.0233124498 0.0154319752 0.0176836143 0.0147362887 0.0233447962 0.0192083067 
22 0.0171491923 0.0203777272 0.0133329382 0.0139872856 0.0166479111 0.0105363899 0.0229719413 0.0179499829 0.0139552616 0.0075530258 0.0269296834 0.0177055061 0.0208499787 0.022501411 0.0211515544 0.0082242282 0.0192032303 0.0159829344 0.0096990262 0.0098130031 0.0258279125 0.0265794329 0.0129333714 0.0141851182 0.0185119206 0.0185098773 0.0043301193 0.0169116106 0.02923698 0.0122416924 0.0137278286 0.0101013895 0.0152216097 0.018481548 0.0109386158 0.0159102109 0.0064982791 0.0123272334 0.0095405946 0.0139237307 0.0236829141 0.0193299907 0.0214128503 0.0174488934 0.0001349782 0.0208596278 0.015484623 0.0109427206 0.0127681955 0.0053987925 0.0097635341 0.0162391803 0.0310988823 0.0167554297 0.0182172858 0.0146630345 0.0130578094 0.0101937238 0.0165076912 0.0167131846 0.0140670935 0.0096697951 0.0217791971 0.0113492857 
23 0.0131778091 0.0160194987 0.0161462109 0.0189004042 0.0208900151 0.0203441119 0.0202104223 0.0175530137 0.0067106787 0.0047331152 0.0099720988 0.0074995173 0.0092851301 0.0137703146 0.008499383 0.0296250609 0.0229026338 0.0096485875 0.013080056 0.0199095946 0.0090299136 0.0129333714 0.0145186041 0.0114697429 0.0228173538 0.0114578523 0.0190626586 0.0126407508 0.0116045604 0.0191349016 0.0091820756 0.0191326762 0.0154610725 0.0124538465 0.0115282214 0.0197364579 0.0209943268 0.0196747322 0.0051043563 0.0089670456 0.0156796445 0.0196631959 0.0138670632 0.0245262096 0.0308814255 0.0154779939 0.0116682641 0.0152468257 0.0029412149 0.0119539078 0.0174754716 0.0248721471 0.0207440899 0.0188818109 0.019388631 0.0129068465 0.0322539223 0.0196304789 0.0200232222 0.0130666607 0.0153316708 0.0131811345 0.0051316173 0.0194243741 
24 0.0148628465 0.0246515044 0.0164145001 0.0187336302 0.009925042 0.0087100619 0.0079395642 0.021249767 0.0150856813 0.0170163675 0.0137107534 0.0044433479 0.0160132068 0.0215148838 0.0099830965 0.0123855789 0.0139917455 0.0242093126 0.0127665344 0.0136186579 0.0148396782 0.0141851182 0.0114697429 0.0132305535 0.0202166066 0.0112115733 0.0185529083 0.0104481073 0.0143056127 0.0089167207 0.0145726208 0.0242937395 0.0162022416 0.0140639033 0.0238543345 0.0142759829 0.0124399012 0.0200691339 0.0188359879 0.0102597975 0.0096120399 0.010730257 0.0222928957 0.0213614869 0.0092688497 0.0114819876 0.0215193267 0.0162655437 0.0193915104 0.0145822844 0.0209084348 0.0217268293 0.007468502 0.0141987688 0.0094846967 0.0196723203 0.0152493303 0.0123754509 0.0167080062 0.0141942325 0.0283957462 0.0153559318 0.023119865 0.0211653556 
25 0.0203627449 0.0293437805 0.0096588621 0.011951128 0.0128736035 0.0177098071 0.0148028247 0.0076568906 0.0140718153 0.0200142975 0.0174099868 0.016815183 0.0141188807 0.0339773522 0.0274665985 0.0027633225 0.0094097826 0.0132689175 0.0109596166 0.0112219905 0.0238504088 0.0185119206 0.0228173538 0.0202166066 0.0160724537 0.0143767265 0.0146994508 0.0059988191 0.0228891164 0.0129938158 0.0212844119 0.0241127724 0.0092558441 0.0239752608 0.0123178004 0.0041462617 0.0130134837 0.009048946 0.0316558294 0.0148342075 0.0168317214 0.0251001808 0.0217786392 0.0070979277 0.0070056083 0.0089147045 0.0123881853 0.0072617179 0.0194147638 0.0106592992 0.0062331306 0.0344445399 0.0197526529 0.0145032343 0.0114748571 0.0159693898 0.0090396577 0.0165657695 0.0085886821 0.0154941731 0.0203645527 0.0091136937 0.0130390191 0.0170350241 
26 0.0145469094 0.0158260405 0.0038766636 0.0220288477 0.0119368231 0.0088142954 0.0116488912 0.0120235171 0.0196899969 0.0143688966 0.0140533088 0.0053770391 0.0098917067 0.0195262436 0.0271467216 0.015842365 0.0228976252 0.0171052727 0.0146544134 0.0122273718 0.0119093416 0.0185098773 0.0114578523 0.0112115733 0.0143767265 0.0227148756 0.0116163955 0.0192024576 0.0157253583 0.0214909777 0.0175096806 0.0164327985 0.0138478744 0.0141023384 0.0192184435 0.0122813239 0.0230744566 0.0214355108 0.0175845291 0.0103380755 0.0211818811 0.0222268935 0.0159034902 0.0102842205 0.0182878539 0.0068866075 0.0135402941 0.026178109 0.0130744925 0.006861806 0.019396277 0.0228405173 0.0164947047 0.0231293646 0.0063057867 0.0130960903 0.0202026757 0.0081911966 0.019042147 0.0097343615 0.0215134656 0.0187714731 0.0153822141 0.0139506611 
27 0.013545018 0.0189753699 0.0153956049 0.0055920123 0.015358325 0.0176461684 0.0102440998 0.0057244697 0.011902976 0.0127924622 0.0183407413 0.0097765661 0.015655142 0.0164406624 0.0163518995 0.0270901329 0.0158009412 0.0235322948 0.0233210717 0.0125519104 0.0134696634 0.0043301193 0.0190626586 0.0185529083 0.0146994508 0.0116163955 0.0194496764 0.0156371567 0.0285813651 0.0132158885 0.0106245574 0.0193566837 0.0097088906 0.0092493754 0.0041393479 0.0247565235 0.0145071476 0.0255189312 0.0202873156 0.0146489717 0.0087876111 0.0158929479 0.0155370564 0.0281771402 0.0121343345 0.0147826075 0.0167112771 0.0058087378 0.0115017247 0.0129095838 0.0125486366 0.0170842614 0.0175218279 0.023128946 0.0136331821 0.0180920121 0.0191918229 0.0205381536 0.0104133773 0.018035163 0.0092546077 0.027528691 0.0132326917 0.0201027105 
28 0.0094048735 0.0158114771 0.0265545964 0.0091243929 0.0274525536 0.0087330455 0.0109330551 0.0215756188 0.0084554152 0.0215548286 0.0107739061 0.0203758021 0.0104576214 0.0102278549 0.0163120861 0.0079858793 0.0178022831 0.0175751376 0.0205499197 0.0093070186 0.0270894995 0.0169116106 0.0126407508 0.0104481073 0.0059988191 0.0192024576 0.0156371567 0.0176227256 0.0107158323 0.0178346527 0.0117675053 0.0249256621 0.0221679674 0.0076221694 0.0219185571 0.0161874241 0.0241232992 0.0195469739 0.0163875077 0.0135541564 0.0253185098 0.0132868104 0.0172651826 0.0104730379 0.0122236895 0.0190991959 0.0085456334 0.0156056696 0.0113719618 0.0157251003 0.0218760188 0.0134275619 0.0091046073 0.0123067807 0.0163355757 0.0160534217 0.0149918278 0.0154731465 0.0218113519 0.0146409273 0.012492434 0.0160370472 0.0213783225 0.011885985 
29 0.0252199669 0.015476478 0.0052184236 0.0125009996 0.0200937611 0.018841747 0.0180675406 0.0217739892 0.0105382022 0.0200654472 0.012957965 0.022032917 0.0055299955 0.0089594588 0.016778515 0.0202454864 0.00788336 0.0124539207 0.0096277074 0.018669241 0.0233108134 0.02923698 0.0116045604 0.0143056127 0.0228891164 0.0157253583 0.0285813651 0.0107158323 0.0179455936 0.0148006067 0.00577089 0.0112934566 0.0166477635 0.0063803133 0.0170698685 0.0161285524 0.0165556199 0.0089031081 0.0237657593 0.007337636 0.016892028 0.0204756074 0.0137520896 0.0181219001 0.0076536875 0.0325222137 0.0148222659 0.013159998 0.0137989616 0.0163705192 0.0230009835 0.021720704 0.0108430148 0.011253624 0.0153722626 0.0103446166 0.0212650293 0.0166506931 0.0093715132 0.0189385732 0.0106207444 0.0156314475 0.0211974606 0.0043161335 
30 0.0216349816 0.0154840555 0.0112395525 0.0129070959 0.0185942828 0.0121322651 0.003699626 0.0167512941 0.0135141074 0.0191532524 0.0185489783 0.0152726676 0.0124407094 0.003479805 0.0161513652 0.0174439716 0.0043447981 0.0104605791 0.0129024303 0.0300730167 0.0101892576 0.0122416924 0.0191349016 0.0089167207 0.0129938158 0.0214909777 0.0132158885 0.0178346527 0.0148006067 0.027143315 0.0267680637 0.0120984543 0.0132996884 0.0187709332 0.0114457754 0.0098570305 0.0198898921 0.0173055002 0.0142331514 0.0158356826 0.0170290337 0.0182609263 0.0154320616 0.0051526536 0.0288579886 0.0138364918 0.0292164629 0.0106013114 0.0220429467 0.0186784098 0.0139873799 0.0088943937 0.0135553186 0.0266783893 0.0142430901 0.0161995491 0.0210509403 0.0229126661 0.0170481879 0.0150641066 0.0127665064 0.0101170343 0.0105453602 0.0141339559 
31 0.0219642262 0.0191648155 0.0170950696 0.0163706446 0.0086322647 0.0165657831 0.0141574824 0.0092433318 0.0257433355 0.0267789179 0.0112852619 0.0120856751 0.0209675767 0.0156266337 0.0192932438 0.0155390384 0.0129590632 0.0147189929 0.0206573501 0.0146476124 0.0162597859 0.0137278286 0.0091820756 0.0145726208 0.0212844119 0.0175096806 0.0106245574 0.0117675053 0.00577089 0.0267680637 0.00221661 0.0035124494 0.0161401497 0.0133690934 0.0158361476 0.0142002502 0.0156681154 0.0093561598 0.0121423305 0.0210127825 0.0245431615 0.0212668038 0.0230022055 0.0278133216 0.0196768694 0.023093965 0.0130569734 0.0121024236 0.0069996293 0.0221825225 0.0155179785 0.0113088178 0.0143059335 0.0105772923 0.01546455 0.0212871772 0.0083966548 0.021322528 0.0170150346 0.0035243815 0.0139784777 0.0256979961 0.0145201197 0.0089273548 
32 0.0194448229 0.0197251661 0.0125385849 0.0162661338 0.0117940669 0.0266761464 0.015201228 0.0048412602 0.0203965463 0.0160244687 0.0101339175 0.0175571657 0.0154897988 0.0169241696 0.0105927961 0.0115343503 0.0253612293 0.0178593117 0.0236235712 0.007289498 0.0103616763 0.0101013895 0.0191326762 0.0242937395 0.0241127724 0.0164327985 0.0193566837 0.0249256621 0.0112934566 0.0120984543 0.0035124494 0.0214531037 0.0205221074 0.0123995482 0.0104645617 0.0174115958 0.0132472665 0.0069252158 0.0184097613 0.0166011557 0.0156018393 0.0206497387 0.0099495164 0.0075313786 0.0208227441 0.0032089142 0.0172357883 0.0083727885 0.0223207297 0.010043729 0.0166303324 0.0111107073 0.0089755818 0.0223658715 0.0173015825 0.025499784 0.0032246399 0.0196848473 0.0152967197 0.0069761809 0.0224218254 0.0149491671 0.0232627835 0.0242325028 
33 0.0068085504 0.0262571698 0.0102088478 0.0324346576 0.012277336 0.0219405316 0.0197842631 0.0105680239 0.0082855946 0.0179787935 0.0216429939 0.0180149864 0.0128677961 0.0170099392 0.0233397203 0.010734103 0.0084087532 0.0087420667 0.0173039512 0.0175143113 0.0097423948 0.0152216097 0.0154610725 0.0162022416 0.0092558441 0.0138478744 0.0097088906 0.0221679674 0.0166477635 0.0132996884 0.0161401497 0.0205221074 0.0313669949 0.0126251186 0.0217386101 0.0091183019 0.0131425562 0.0197416454 0.0142551215 0.0170027808 0.0072100801 0.012138676 0.0189204301 0.016350322 0.0238953657 0.0011434497 0.0154261819 0.0178207121 0.016320409 0.024400467 0.0206921868 0.0070485473 0.0085075398 0.0098436485 0.0101258998 0.0193691897 0.0136011466 0.0109710738 0.0120113716 0.015135014 0.024742303 0.022609346 0.0155565651 0.0168289515 
34 0.0154485922 0.019457072 0.0094983369 0.0126130047 0.0214312269 0.0123328145 0.0081016412 0.0221432378 0.0257435546 0.0051580767 0.0202771427 0.0166839652 0.0310080619 0.016982622 0.0106492454 0.0139505363 0.0151162904 0.0145887385 0.0306278894 0.0169417619 0.0141172157 0.018481548 0.0124538465 0.0140639033 0.0239752608 0.0141023384 0.0092493754 0.0076221694 0.0063803133 0.0187709332 0.0133690934 0.0123995482 0.0126251186 0.0162427941 0.0141377852 0.0153485899 0.007025712 0.0133636572 0.011049455 0.0086162946 0.0158402866 0.0168873273 0.0133983088 0.0143482272 0.0143403723 0.0336234066 0.0221281944 0.0141683648 0.0096612514 0.029386389 0.0205654407 0.0116440379 0.0150448725 0.0114569962 0.0194711812 0.0211319259 0.0122190202 0.0241747443 0.0213737296 0.0092549241 0.0181651181 0.0110659646 0.006213795 0.0122873582 
35 0.0316132957 0.012212437 0.0142013883 0.0152992625 0.0238732316 0.0287611699 0.019453478 0.0057344093 0.0225709353 0.0090670262 0.0197866237 0.0141711496 0.0152137956 0.009376611 0.0256233969 0.0184366311 0.0192676183 0.0198784397 0.0188561956 0.0174239594 0.0169311021 0.0109386158 0.0115282214 0.0238543345 0.0123178004 0.0192184435 0.0041393479 0.0219185571 0.0170698685 0.0114457754 0.0158361476 0.0104645617 0.0217386101 0.0141377852 0.0073568041 0.0161196195 0.0170662494 0.0180343833 0.0089511464 0.0188533842 0.021145624 0.0131466202 0.016853876 0.0124743752 0.020107265 0.0037259629 0.0181209362 0.0124049746 0.0127355456 0.005611392 0.0180508824 0.0190288951 0.0121094267 0.0156985896 0.0178953362 0.0127743899 0.0133608369 0.0076322181 0.0226789985 0.009076585 0.0206076364 0.0125026582 0.0153502565 0.008164906 
36 0.0288650006 0.0204593649 0.0250910783 0.0144433574 0.0131719875 0.0031754672 0.0314843811 0.0072088652 0.0283397206 0.0175902248 0.0229860126 0.0178125868 0.0218488239 0.0174659748 0.0121364516 0.0204260687 0.0103224112 0.0060816629 0.0212676965 0.0106268301 0.0219891281 0.0159102109 0.0197364579 0.0142759829 0.0041462617 0.0122813239 0.0247565235 0.0161874241 0.0161285524 0.0098570305 0.0142002502 0.0174115958 0.0091183019 0.0153485899 0.0161196195 0.0079311441 0.0151789357 0.0064663146 0.0187633828 0.0142429089 0.0098779188 0.0158913408 0.0178694147 0.0108938298 0.022837648 0.0125091775 0.0176265246 0.0099261125 0.0244648552 0.0061243468 0.0116076567 0.011825261 0.0214487472 0.0206700287 0.0189843636 0.0074770475 0.0178219433 0.0191935112 0.0159411181 0.0120915195 0.0066660763 0.0092075027 0.0240070349 0.0141831152 
37 0.0121654836 0.0205846382 0.0050199299 0.0169938383 0.0072498792 0.01754128 0.0099158671 0.0179243495 0.0159579507 0.0157681745 0.0070069364 0.0241062233 0.020355381 0.0127073627 0.0083065924 0.0092663606 0.0148218887 0.0182517267 0.0246115534 0.020255421 0.0116637879 0.0064982791 0.0209943268 0.0124399012 0.0130134837 0.0230744566 0.0145071476 0.0241232992 0.0165556199 0.0198898921 0.0156681154 0.0132472665 0.0131425562 0.007025712 0.0170662494 0.0151789357 0.0314198334 0.0223450295 0.0134978615 0.0149656934 0.0088605793 0.0175571198 0.0131154139 0.0160318723 0.0083367929 0.032055573 0.0105124655 0.0203163079 0.0074127226 0.0160219759 0.0147561451 0.0166644358 0.0112053389 0.0133963748 0.0112475005 0.0151605692 0.0113805965 0.0216044994 0.0178502265 0.0242151208 0.0198859403 0.0153736614 0.0210766639 0.0108338193 
38 0.0150593844 0.0088656178 0.0076339689 0.0149915357 0.0285323103 0.008992068 0.0239391745 0.0105160165 0.0159762747 0.0254544823 0.0153955004 0.0179036836 0.0136307504 0.0096011972 0.0183597241 0.0125678393 0.0208839566 0.0276572371 0.0138945492 0.009271579 0.0222303165 0.0123272334 0.0196747322 0.0200691339 0.009048946 0.0214355108 0.0255189312 0.0195469739 0.0089031081 0.0173055002 0.0093561598 0.0069252158 0.0197416454 0.0133636572 0.0180343833 0.0064663146 0.0223450295 0.0015203485 0.0070467612 0.0240207147 0.0228968696 0.0077310952 0.0150182373 0.0151300328 0.0310201771 0.0110358801 0.0088607368 0.0219365793 0.0156633645 0.0214909414 0.0090148863 0.0122450743 0.013822907 0.0051294596 0.021146001 0.0109829406 0.0137194834 0.009680615 0.0265837893 0.0134820809 0.0195222817 0.0192765898 0.0144967779 0.0161057329 
39 0.0138130468 0.0121013801 0.0077636555 0.00799012 0.0346444092 0.0172856595 0.0192996707 0.0114619728 0.0173655948 0.0158537394 0.0229317874 0.009987747 0.0040421592 0.0149009767 0.0235809867 0.0115434308 0.0125976528 0.0112671612 0.0197847211 0.009682617 0.0053809862 0.0095405946 0.0051043563 0.0188359879 0.0316558294 0.0175845291 0.0202873156 0.0163875077 0.0237657593 0.0142331514 0.0121423305 0.0184097613 0.0142551215 0.011049455 0.0089511464 0.0187633828 0.0134978615 0.0070467612 0.0113418822 0.0291953353 0.0227205853 0.0147616295 0.0194178454 0.0191190829 0.0281450423 0.0186424816 0.0076229583 0.0114337064 0.0222260696 0.029864906 0.0114895423 0.0140508815 0.0117378314 0.0203206633 0.0219055601 0.0099281046 0.0219082031 0.0119920809 0.0133833427 0.0222380285 0.0105816106 0.0055011956 0.0080960488 0.0175850552 
40 0.0113264528 0.0212541044 0.0171913702 0.0182061364 0.0249279282 0.0195639578 0.0152420812 0.0129589733 0.0081820016 0.0138541802 0.0212723021 0.0151320759 0.0203886399 0.0123208884 0.0217676234 0.0143009577 0.0259117438 0.0199367407 0.003182125 0.0200808434 0.0188176534 0.0139237307 0.0089670456 0.0102597975 0.0148342075 0.0103380755 0.0146489717 0.0135541564 0.007337636 0.0158356826 0.0210127825 0.0166011557 0.0170027808 0.0086162946 0.0188533842 0.0142429089 0.0149656934 0.0240207147 0.0291953353 0.0130508453 0.0180487503 0.0269598566 0.0241409346 0.0083331541 0.011441398 0.0230927468 0.017492091 0.0120914567 0.0151248285 0.0095046456 0.0102877289 0.0219443255 0.0169535032 0.0096125439 0.0093405497 0.0144503051 0.0118123376 0.0079756695 0.0097460477 0.0101243001 0.0209813278 0.0115843882 0.0152273333 0.0206497988 
41 0.0097798345 0.0094739905 0.018760772 0.0088063901 0.0160684062 0.0224774454 0.0160728881 0.0173140723 0.0146617609 0.0129596069 0.025347471 0.0164272465 0.0159375389 0.0049922606 0.006087621 0.0038306141 0.0215026123 0.0036145463 0.0181874144 0.0125207673 0.0122570735 0.0236829141 0.0156796445 0.0096120399 0.0168317214 0.0211818811 0.0087876111 0.0253185098 0.016892028 0.0170290337 0.0245431615 0.0156018393 0.0072100801 0.0158402866 0.021145624 0.0098779188 0.0088605793 0.0228968696 0.0227205853 0.0180487503 0.0147847508 0.0193630782 0.0084922662 0.0120234811 0.0176655538 0.0288207576 0.0250256167 0.0151594138 0.0161038181 0.0184575315 0.0163041115 0.02030859 0.0121815103 0.0187725485 0.0129711042 0.0244590981 0.0109671022 0.0084474588 0.0139161001 0.0246040503 0.0168804747 0.0071876099 0.0073054732 0.0209570897 
42 0.0200110664 0.0073901221 0.015053738 0.0226147612 0.0187734248 0.0090019764 0.0180753243 0.0081684204 0.0168249156 0.011165474 0.0230036424 0.0230317287 0.0214882476 0.019985261 0.0109987283 0.0057042089 0.0024955374 0.0140320693 0.0142141815 0.0292185784 0.0149963376 0.0193299907 0.0196631959 0.010730257 0.0251001808 0.0222268935 0.0158929479 0.0132868104 0.0204756074 0.0182609263 0.0212668038 0.0206497387 0.012138676 0.0168873273 0.0131466202 0.0158913408 0.0175571198 0.0077310952 0.0147616295 0.0269598566 0.0193630782 0.009379854 0.0180408526 0.0190580662 0.0124906922 0.0148447384 0.0172941212 0.0121478408 0.0124363016 0.0206777659 0.0037530919 0.0146806748 0.0132654306 0.0177445083 0.0218536683 0.0203118042 0.0142340279 0.015963494 0.0131836306 0.0147944236 0.014356256 0.0062747383 0.0043893063 0.0112568721 
43 0.0182426817 0.0115258891 0.0259051513 0.0139618746 0.0107760349 0.0107599397 0.0102990126 0.0096676522 0.0184917309 0.0168103524 0.0124265 0.0153917252 0.0216032618 0.0214024127 0.0133961412 0.0199852589 0.022014193 0.0113207862 0.0105789327 0.008043989 0.012280562 0.0214128503 0.0138670632 0.0222928957 0.0217786392 0.0159034902 0.0155370564 0.0172651826 0.0137520896 0.0154320616 0.0230022055 0.0099495164 0.0189204301 0.0133983088 0.016853876 0.0178694147 0.0131154139 0.0150182373 0.0194178454 0.0241409346 0.0084922662 0.0180408526 0.0128606905 0.0193830432 0.0093549878 0.0216674863 0.017361501 0.0129426418 0.0115645674 0.015474108 0.0130128262 0.0265824345 0.0130082606 0.0104814802 0.0133415761 0.0088680947 0.0127736286 0.0176737213 0.009026142 0.0206113353 0.0192586353 0.0221972502 0.0138220456 0.0083888309 
44 0.0120070822 0.0158420142 0.0277722641 0.0060448387 0.0152749147 0.0116960277 0.0208940137 0.0246118721 0.0239135852 0.0253509544 0.0194153196 0.010021652 0.0137725217 0.0135678911 0.0153519659 0.0171042376 0.0073218184 0.016328865 0.0187685036 0.0221121983 0.011290707 0.0174488934 0.0245262096 0.0213614869 0.0070979277 0.0102842205 0.0281771402 0.0104730379 0.0181219001 0.0051526536 0.0278133216 0.0075313786 0.016350322 0.0143482272 0.0124743752 0.0108938298 0.0160318723 0.0151300328 0.0191190829 0.0083331541 0.0120234811 0.0190580662 0.0193830432 0.0044312957 0.0253016468 0.0136249101 0.0076342852 0.0198461649 0.0016279653 0.006980416 0.0127168267 0.0148059989 0.0215257063 0.0180411186 0.022147548 0.0176069679 0.0049071903 0.0121232932 0.0227095086 0.008820669 0.0147501722 0.0267025623 0.0101955818 0.023903268 
45 0.0382930072 0.0080374856 0.0185647552 0.0131637155 0.0147135773 0.0147164287 0.0153531753 0.0282219719 0.019484134 0.0168384775 0.0105942408 0.0216494622 0.0210441963 0.0159950307 0.0212697606 0.0164256066 0.0094848841 0.0093186534 0.0179414832 0.017963663 0.0203678029 0.0001349782 0.0308814255 0.0092688497 0.0070056083 0.0182878539 0.0121343345 0.0122236895 0.0076536875 0.0288579886 0.0196768694 0.0208227441 0.0238953657 0.0143403723 0.020107265 0.022837648 0.0083367929 0.0310201771 0.0281450423 0.011441398 0.0176655538 0.0124906922 0.0093549878 0.0253016468 0.0140651048 0.0141648008 0.0144673794 0.0154082607 0.0135220092 0.0112180829 0.006771998 0.0041338183 0.0046030969 0.0243610288 0.0106489333 0.0109483151 0.0121204853 0.0115543754 0.0110261162 0.0129842401 0.0121139212 0.0108238975 0.010091622 0.0136460311 
46 0.0068098938 0.0063664943 0.0072870935 0.0097871344 0.0112225311 0.013667283 0.0165179461 0.0281610103 0.0147970597 0.017873974 0.0147472858 0.0238426438 0.0039823057 0.0029523515 0.0119788078 0.0276683588 0.0101706963 0.0188462755 0.0097731805 0.0201771649 0.0156540822 0.0208596278 0.0154779939 0.0114819876 0.0089147045 0.0068866075 0.0147826075 0.0190991959 0.0325222137 0.0138364918 0.023093965 0.0032089142 0.0011434497 0.0336234066 0.0037259629 0.0125091775 0.032055573 0.0110358801 0.0186424816 0.0230927468 0.0288207576 0.0148447384 0.0216674863 0.0136249101 0.0141648008 0.0271999471 0.0145775693 0.0091037642 0.0142760315 0.0346247163 0.0158094732 0.0106860248 0.0251956947 0.0092919656 0.0093216503 0.0064914259 0.0180482037 0.0248758404 0.0095297589 0.0197741386 0.0127834639 0.0195322719 0.0105014633 0.0169773424 
47 0.018848929 0.0324094864 0.0275736761 0.0054647793 0.0167835116 0.0162912989 0.0081758248 0.0122574255 0.0150936123 0.0105648994 0.0055462416 0.0034887558 0.0169675733 0.0229819478 0.007281176 0.0106821836 0.0118785789 0.0058529147 0.0103805103 0.020178229 0.0171792963 0.015484623 0.0116682641 0.0215193267 0.0123881853 0.0135402941 0.0167112771 0.0085456334 0.0148222659 0.0292164629 0.0130569734 0.0172357883 0.0154261819 0.0221281944 0.0181209362 0.0176265246 0.0105124655 0.0088607368 0.0076229583 0.017492091 0.0250256167 0.0172941212 0.017361501 0.0076342852 0.0144673794 0.0145775693 0.033946724 0.0235074666 0.0182184192 0.0146185053 0.0189895558 0.0106723476 0.0068428506 0.0121220905 0.0179236162 0.0107029711 0.0173560624 0.0219535209 0.0175569847 0.020981664 0.0259311966 0.0112215141 0.0230333002 0.0102007038 
48 0.0136860457 0.0197415788 0.0054801738 0.0198319526 0.0103927085 0.0127877207 0.0090768392 0.0089244811 0.0164480827 0.0266844066 0.0258213396 0.02015727 0.0123748043 0.0113811567 0.02525174 0.0112756769 0.0170353054 0.0301860923 0.0206630461 0.0113903123 0.0223271864 0.0109427206 0.0152468257 0.0162655437 0.0072617179 0.026178109 0.0058087378 0.0156056696 0.013159998 0.0106013114 0.0121024236 0.0083727885 0.0178207121 0.0141683648 0.0124049746 0.0099261125 0.0203163079 0.0219365793 0.0114337064 0.0120914567 0.0151594138 0.0121478408 0.0129426418 0.0198461649 0.0154082607 0.0091037642 0.0235074666 0.0236588005 0.0190524372 0.009425133 0.0105411301 0.0148813717 0.0229846024 0.0123336314 0.0249282984 0.0166579422 0.0155302105 0.0148093657 0.0137948848 0.0137613412 0.0143027753 0.0137508003 0.0152210439 0.0236886986 
