20
1 0.0 0.056060074 0.0308537419 0.0495201865 0.0501392444 0.0810425836 0.0538767811 0.0549884349 0.0541712854 0.0514982974 0.0455518777 0.0543385043 0.0628543013 0.0734343994 0.0134019115 0.0420718087 0.0342678489 0.0841992172 0.0577886289 0.0499408727
2 0.056060074 0.0 0.0531213677 0.0755827592 0.0577179178 0.0358471197 0.0840485799 0.0743646315 0.0249213951 0.0081952253 0.0620754839 0.0287024559 0.0442733949 0.0416678632 0.0747074098 0.0946069546 0.0448093961 0.0573483159 0.0543854034 0.0275642519
3 0.0308537419 0.0531213677 0.0 0.0417004698 0.0701354901 0.0444730891 0.0594225082 0.0739017762 0.0579528873 0.0209575276 0.051384044 0.0883716395 0.0512395405 0.0695290657 0.045575444 0.0652511925 0.0198531528 0.0592407112 0.0369382591 0.0600980929
4 0.0495201865 0.0755827592 0.0417004698 0.0 0.0469483935 0.0662178469 0.0770629837 0.0334508087 0.0437221492 0.0528820116 0.04641651 0.0716268706 0.0168331101 0.055480814 0.0653983723 0.0562784303 0.0791212981 0.0159780093 0.0621185281 0.0436604482
5 0.0501392444 0.0577179178 0.0701354901 0.0469483935 0.0 0.0563502208 0.0365062966 0.067912379 0.0612103803 0.0789703773 0.0359154034 0.0476698496 0.0516304387 0.0582170882 0.054179254 0.0667724029 0.0546446037 0.0174541532 0.0389087991 0.0487173075
6 0.0810425836 0.0358471197 0.0444730891 0.0662178469 0.0563502208 0.0 0.0388544048 0.0430155212 0.0738626883 0.0475070924 0.0528419401 0.0191722183 0.041909703 0.0350428459 0.0970357845 0.0559612274 0.0539961668 0.0186926913 0.0672546492 0.0709222068
7 0.0538767811 0.0840485799 0.0594225082 0.0770629837 0.0365062966 0.0388544048 0.0 0.0559387481 0.0171041921 0.0240468401 0.0304754744 0.0743390866 0.0915285586 0.0676680024 0.0629558295 0.0537973629 0.0193053553 0.0754800147 0.0390277424 0.0385612386
8 0.0549884349 0.0743646315 0.0739017762 0.0334508087 0.067912379 0.0430155212 0.0559387481 0.0 0.0637604778 0.0918589297 0.0252313042 0.0354520559 0.0159005107 0.0416428869 0.0708677586 0.059449216 0.0262568112 0.0625433991 0.0653133159 0.0381510346
9 0.0541712854 0.0249213951 0.0579528873 0.0437221492 0.0612103803 0.0738626883 0.0171041921 0.0637604778 0.0 0.0669740881 0.0680826752 0.0742244752 0.0490416559 0.0565923115 0.0729059074 0.0225334775 0.060739315 0.0325823932 0.063614913 0.0360033327
10 0.0514982974 0.0081952253 0.0209575276 0.0528820116 0.0789703773 0.0475070924 0.0240468401 0.0918589297 0.0669740881 0.0 0.0619479856 0.0577095372 0.0887718691 0.0412861809 0.0319547528 0.0293944169 0.0827357156 0.0825394946 0.034304445 0.0464652128
11 0.0455518777 0.0620754839 0.051384044 0.04641651 0.0359154034 0.0528419401 0.0304754744 0.0252313042 0.0680826752 0.0619479856 0.0 0.0785912054 0.0421078792 0.0209898853 0.0612851746 0.078626821 0.0737754862 0.017103522 0.0676046618 0.0799926662
12 0.0543385043 0.0287024559 0.0883716395 0.0716268706 0.0476698496 0.0191722183 0.0743390866 0.0354520559 0.0742244752 0.0577095372 0.0785912054 0.0 0.0118971858 0.0658501563 0.0406574254 0.0588318139 0.0524422818 0.0787511121 0.0225296235 0.0388425027
13 0.0628543013 0.0442733949 0.0512395405 0.0168331101 0.0516304387 0.041909703 0.0915285586 0.0159005107 0.0490416559 0.0887718691 0.0421078792 0.0118971858 0.0 0.060797428 0.0791757811 0.0358003966 0.0237996668 0.0628694634 0.0881910928 0.0813780237
14 0.0734343994 0.0416678632 0.0695290657 0.055480814 0.0582170882 0.0350428459 0.0676680024 0.0416428869 0.0565923115 0.0412861809 0.0209898853 0.0658501563 0.060797428 0.0 0.0421415226 0.0284668303 0.0467604485 0.0533510683 0.0532020852 0.0878791174
15 0.0134019115 0.0747074098 0.045575444 0.0653983723 0.054179254 0.0970357845 0.0629558295 0.0708677586 0.0729059074 0.0319547528 0.0612851746 0.0406574254 0.0791757811 0.0421415226 0.0 0.0258919795 0.0827998378 0.037866668 0.0085481533 0.0326510333
16 0.0420718087 0.0946069546 0.0652511925 0.0562784303 0.0667724029 0.0559612274 0.0537973629 0.059449216 0.0225334775 0.0293944169 0.078626821 0.0588318139 0.0358003966 0.0284668303 0.0258919795 0.0 0.0570441252 0.0567028648 0.0469697068 0.0655489722
17 0.0342678489 0.0448093961 0.0198531528 0.0791212981 0.0546446037 0.0539961668 0.0193053553 0.0262568112 0.060739315 0.0827357156 0.0737754862 0.0524422818 0.0237996668 0.0467604485 0.0827998378 0.0570441252 0.0 0.0696901801 0.0702214485 0.0477368617
18 0.0841992172 0.0573483159 0.0592407112 0.0159780093 0.0174541532 0.0186926913 0.0754800147 0.0625433991 0.0325823932 0.0825394946 0.017103522 0.0787511121 0.0628694634 0.0533510683 0.037866668 0.0567028648 0.0696901801 0.0 0.0673992207 0.0502075009
19 0.0577886289 0.0543854034 0.0369382591 0.0621185281 0.0389087991 0.0672546492 0.0390277424 0.0653133159 0.063614913 0.034304445 0.0676046618 0.0225296235 0.0881910928 0.0532020852 0.0085481533 0.0469697068 0.0702214485 0.0673992207 0.0 0.055679323
20 0.0499408727 0.0275642519 0.0600980929 0.0436604482 0.0487173075 0.0709222068 0.0385612386 0.0381510346 0.0360033327 0.0464652128 0.0799926662 0.0388425027 0.0813780237 0.0878791174 0.0326510333 0.0655489722 0.0477368617 0.0502075009 0.055679323 0.0
