64
1 0.0321002041 0.0144163154 0.0091184691 0.0184817503 0.0218978794 0.0032122442 0.0183007973 0.0171301573 0.0303841085 0.0140130944 0.0199088077 0.0182093726 0.0160712084 0.0195592929 0.0124052278 0.0154916884 0.0132573355 0.012868164 0.0204812508 0.0251460279 0.021523105 0.0151266702 0.0122894444 0.0174192473 0.0190257935 0.01376909 0.0117084301 0.0164615055 0.0149246016 0.0097949781 0.0171996754 0.0123219018 0.022711511 0.0131401187 0.0126095777 0.0198344297 0.0194881976 0.0139039981 0.0057500327 0.0156469409 0.0208653532 0.0044076467 0.0135479305 0.0063844818 0.031519151 0.0159118296 0.0170252829 0.01027775 0.0094141988 0.0126320201 0.013064471 0.0167840723 0.0057388611 0.0013085745 0.0123296472 0.0162563231 0.0136465711 0.0221809781 0.0285538509 0.0088051374 0.0245680507 0.0165508233 0.0165649096 0.0045594398 
2 0.0144163154 0.0311345698 0.0149985201 0.0222842242 0.0065715309 0.0179592898 0.0121597688 0.0113331081 0.013455916 0.0112815131 0.0075338445 0.0127116533 0.013402983 0.0180734953 0.0060252639 0.0266482954 0.0123097954 0.0087300476 0.0095994698 0.0125654827 0.0129410587 0.0164380089 0.0173926081 0.0122468951 0.0207502922 0.0169246637 0.0259233871 0.0164165546 0.0133676613 0.0156452076 0.0095622166 0.0083455768 0.0282039877 0.0184936101 0.0063249262 0.0064058532 0.0154333457 0.0137605206 0.0059850902 0.0183799274 0.018599092 0.0230381387 0.0124943709 0.0084894985 0.0251392834 0.0134278184 0.0056822424 0.0232787344 0.0121169171 0.0231780471 0.0078243477 0.0062613011 0.01473276 0.0234735726 0.0206832998 0.0176882051 0.0167019623 0.0197168863 0.025308602 0.0253517623 0.0124012606 0.0276033102 0.0191684236 0.0155036844 
3 0.0091184691 0.0149985201 0.0355129204 0.0135491593 0.0001205738 0.0129099346 0.0122396627 0.0209875795 0.0268005829 0.0146442199 0.0192206682 0.0158381433 0.0137698131 0.0203733491 0.0131899035 0.0125119574 0.0232606948 0.014467964 0.0139465352 0.0150166113 0.0245228101 0.0144436991 0.013794033 0.0136820463 0.0168425343 0.0293174881 0.028632201 0.0064671058 0.0170715552 0.0211674981 0.0169525347 0.0119111301 0.0222812274 0.0169690797 0.0127361645 0.0050227616 0.0167073731 0.0099538292 0.0184578921 0.0242018419 0.0076503008 0.0157291372 0.0160612445 0.0057917026 0.0153773804 0.0171976442 0.0064509201 0.0198532128 0.0090223949 0.0112223397 0.0241121706 0.0115016845 0.0227215732 0.0158560274 0.0138669417 0.0164583127 0.0144433415 0.0282819061 0.0102493779 0.0067910731 0.0147179224 0.0096608604 0.0096683528 0.0137021108 
4 0.0184817503 0.0222842242 0.0135491593 0.0100841207 0.0187197081 0.0103403277 0.0121606847 0.0052008533 0.015253931 0.0145510062 0.0135078676 0.0196537883 0.0087184874 0.0184113859 0.0120767967 0.0087448264 0.0355308328 0.0135823333 0.0201108631 0.0053242717 0.0218595165 0.012800661 0.0249498529 0.0106925981 0.015865716 0.0210998199 0.0204503981 0.0179571017 0.0254030593 0.0102020141 0.0022846543 0.0160041471 0.0223939106 0.0160149599 0.0100857198 0.0066358582 0.0225873757 0.0197559279 0.0191438808 0.0060074778 0.0180967338 0.0184690461 0.0082909479 0.0161903484 0.0215768684 0.0111089808 0.0137753884 0.0081560108 0.0171392855 0.0140127746 0.0211561015 0.0205873112 0.0226949148 0.0200808597 0.0170014151 0.0164549034 0.021204837 0.0182584989 0.0042437862 0.0122844475 0.0152697276 0.0214138191 0.0057922818 0.0182588429 
5 0.0218978794 0.0065715309 0.0001205738 0.0187197081 0.0289049267 0.0164057458 0.0200286908 0.0155135198 0.0213876101 0.0164340111 0.012547787 0.0113445268 0.0197288156 0.0077310997 0.0104456222 0.0162718858 0.0131630386 0.0193430622 0.0107637336 0.0212265141 0.0095150597 0.0121055712 0.0091164229 0.0222597247 0.0145719599 0.0144148619 0.0160416639 0.0279126859 0.0113460769 0.0081119854 0.0169120535 0.0070374599 0.0267648013 0.0058776473 0.0154320152 0.027270173 0.0174465256 0.0104959361 0.0085231762 0.0183456319 0.0107133561 0.0104480252 0.0173840516 0.0286654938 0.0145607673 0.0161606304 0.0210428048 0.0236119918 0.0199908931 0.0170278821 0.0200303836 0.013358133 0.0222386307 0.0172086085 0.0179413539 0.0160273923 0.0100790338 0.0082538222 0.0140911161 0.0098544805 0.0167796119 0.0165756308 0.0124393308 0.0174648611 
6 0.0032122442 0.0179592898 0.0129099346 0.0103403277 0.0164057458 0.0251966859 0.0195304266 0.0210284419 0.0143585706 0.0071950151 0.0245612205 0.0316576159 0.0196068997 0.0040189791 0.0191205885 0.0167959605 0.0215104857 0.006667747 0.0168398291 0.007882465 0.0151392511 0.0143777001 0.0143360459 0.0092880678 0.0138088954 0.0230224202 0.0131223094 0.0135976841 0.018031862 0.0159291055 0.0127453797 0.0140470716 0.0214277563 0.0171026433 0.010203804 0.0182137944 0.0141855158 0.0198420934 0.0187772579 0.0194191467 0.0156277747 0.0091356911 0.0165358232 0.0098775708 0.0158853507 0.0193114865 0.0099354668 0.018669309 0.0162245503 0.0105186056 0.0144208047 0.0165570294 0.0165597778 0.0214084496 0.0099064554 0.0178367375 0.0284392789 0.0182668329 0.0167413355 0.0083250594 0.0100656771 0.0202950147 0.0170410191 0.0089986215 
7 0.0183007973 0.0121597688 0.0122396627 0.0121606847 0.0200286908 0.0195304266 0.0116296992 0.013522392 0.0101743756 0.0147797134 0.0202809196 0.0183659872 0.0236034257 0.0283240566 0.010085884 0.0259641369 0.0220497239 0.0182385564 0.0267111045 0.0135953347 0.0157677597 0.0247987222 0.0188636294 0.013774968 0.0149050309 0.0144947401 0.0094835098 0.0183174756 0.014058304 0.0176215926 0.0196771529 0.0132129707 0.0067435966 0.0101678748 0.0152968835 0.0132052645 0.0216321524 0.0063866468 0.0180019917 0.0100748859 0.025168903 0.0023681373 0.0184298387 0.0129380152 0.0036508962 0.0209289163 0.01621545 0.0190281386 0.0207259534 0.0144203202 0.0118024501 0.0158124816 0.0137921308 0.0052223389 0.0084516066 0.0081399201 0.0146629865 0.0268392843 0.009978611 0.0140737991 0.0214166245 0.0193297651 0.0171766064 0.0111963336 
8 0.0171301573 0.0113331081 0.0209875795 0.0052008533 0.0155135198 0.0210284419 0.013522392 0.0020502375 0.0163907483 0.0265471471 0.0178729946 0.0169661074 0.0083934492 0.0102796968 0.0119876319 0.0254384515 0.0190858879 0.0199082089 0.0088705406 0.0126620061 0.0163551087 0.0076930286 0.0097695493 0.0115195171 0.0131485059 0.0140200055 0.012363899 0.0250500159 0.0143765296 0.017550091 0.0219489965 0.0274142935 0.040579113 0.0196499459 0.0130952544 0.0083409293 0.0111676965 0.0064639983 0.0132910719 0.0150500299 0.0323477554 0.0200740808 0.0145668031 0.0181976958 0.0150435122 0.0130566875 0.0048968982 0.0240292268 0.0107305723 0.0112000103 0.0119861711 0.0236318824 0.0158372175 0.0049669191 0.00841483 0.0110216333 0.0245636515 0.0062318321 0.0085826643 0.0262361017 0.016434177 0.0139708795 0.0197916374 0.0241704212 
9 0.0303841085 0.013455916 0.0268005829 0.015253931 0.0213876101 0.0143585706 0.0101743756 0.0163907483 0.0059792946 0.0145383023 0.0129064606 0.0230502413 0.0142892534 0.0186829362 0.0206059379 0.0086922978 0.0135937697 0.0105735338 0.0153524119 0.020509449 0.0173099267 0.0205469475 0.0151030509 0.0102687872 0.0125464928 0.0112831204 0.0140520789 0.0192530139 0.0119810873 0.013997087 0.0145518525 0.0079069225 0.0091173971 0.0158848469 0.009761142 0.0211146767 0.0168359767 0.0149413832 0.0128617556 0.0107422077 0.019073458 0.0255415333 0.0146504941 0.0230501991 0.011166727 0.0092832329 0.0204473412 0.0156535673 0.0140695012 0.0194169526 0.0155045931 0.0068642795 0.0156251917 0.0299514121 0.0114794745 0.0108835074 0.0266906819 0.0115595406 0.0141407812 0.0138000183 0.0162878187 0.0179555379 0.0129527341 0.0169119374 
10 0.0140130944 0.0112815131 0.0146442199 0.0145510062 0.0164340111 0.0071950151 0.0147797134 0.0265471471 0.0145383023 0.0160407588 0.0164267003 0.0076346207 0.0226654165 0.0179909386 0.0194125482 0.0053635058 0.0023456303 0.010219932 0.0206037378 0.0075222391 0.0046039553 0.0157093834 0.0087816239 0.0091468132 0.0171941756 0.0291059932 0.0134193801 0.0274114169 0.0138458813 0.0194128976 0.0244225302 0.015114624 0.0227614171 0.0181283353 0.0191085622 0.006392474 0.0133801257 0.0164225625 0.0154060768 0.0199874335 0.0136726974 0.0159467099 0.0253808381 0.0075554184 0.0045056473 0.0178280417 0.0257733598 0.0159800223 0.0206746619 0.0115785326 0.0237463977 0.0190362364 0.0145564332 0.0180464485 0.0154858498 0.018245649 0.0198071013 0.0078194284 0.0234756806 0.0113754552 0.014890033 0.0129174635 0.0142796436 0.0174565378 
11 0.0199088077 0.0075338445 0.0192206682 0.0135078676 0.012547787 0.0245612205 0.0202809196 0.0178729946 0.0129064606 0.0164267003 0.009255617 0.0078040693 0.0237524687 0.0262654079 0.0119506131 0.0132670775 0.0130271795 0.0103145869 0.0131827849 0.0091030805 0.0188104881 0.0121729738 0.0104680069 0.020542689 0.0159034252 0.0222449881 0.0176093127 0.0101260806 0.0274585415 0.0197246366 0.0153047088 0.0090413747 0.0100240996 0.0170466574 0.0267660509 0.0216308172 0.0076749392 0.0130604409 0.0101015166 0.0135081229 0.0160652954 0.0248841797 0.0201846007 0.0122769334 0.0118460541 0.009013733 0.0173282534 0.0250175679 0.0162976833 0.0160544504 0.009836241 0.0148955329 0.0093521122 0.0130117987 0.0179066643 0.024597406 0.0078311059 0.0121916578 0.0122419409 0.026563701 0.021849738 0.0060217873 0.0151803577 0.0176411786 
12 0.0182093726 0.0127116533 0.0158381433 0.0196537883 0.0113445268 0.0316576159 0.0183659872 0.0169661074 0.0230502413 0.0076346207 0.0078040693 0.0167782054 0.0060218942 0.0107731047 0.0159375261 0.0248335495 0.0064029715 0.0138159796 0.0038950699 0.0123411069 0.0161286691 0.0221218999 0.0189815402 0.0288904522 0.0176441216 0.0096468551 0.0264340053 0.0088001626 0.0059883978 0.0157585315 0.0101533005 0.0163067573 0.0056621339 0.0155568747 0.0293667983 0.0103350451 0.0207418072 0.0123730407 0.014641317 0.0199432377 0.0226224136 0.0199452255 0.0177960405 0.0156815333 0.0212345979 0.0146274543 0.0175506519 0.005954549 0.0166956193 0.0223494699 0.0194417384 0.010853588 0.017467828 0.019496982 0.0116294595 0.0073981127 0.0119384233 0.0119707361 0.0137568041 0.0204025192 0.0117276444 0.0161360855 0.0155651825 0.0182468597 
13 0.0160712084 0.013402983 0.0137698131 0.0087184874 0.0197288156 0.0196068997 0.0236034257 0.0083934492 0.0142892534 0.0226654165 0.0237524687 0.0060218942 0.018360422 0.0108128359 0.0107178721 0.0143008912 0.0152105037 0.0051017181 0.018574728 0.0122961604 0.0298271759 0.0167605187 0.0137284156 0.0187378427 0.0225677363 0.0130160508 0.0084839992 0.0114277113 0.0212396845 0.0104818194 0.0156850871 0.0162897185 0.0142920119 0.0109142458 0.0045656058 0.0151506707 0.0163995583 0.0171268275 0.0256608868 0.0181358479 0.0140051425 0.012524283 0.0144554843 0.0222100609 0.0117772284 0.0182202982 0.0083966889 0.0077042315 0.0082297111 0.0178637589 0.0160146 0.0173952115 0.0127579656 0.0161231326 0.0254403404 0.0120193306 0.015919521 0.018104032 0.01958672 0.0218066407 0.0252879883 0.0133745567 0.0139106299 0.0209817825 
14 0.0195592929 0.0180734953 0.0203733491 0.0184113859 0.0077310997 0.0040189791 0.0283240566 0.0102796968 0.0186829362 0.0179909386 0.0262654079 0.0107731047 0.0108128359 0.0320479696 0.008508577 0.0189641416 0.0102503094 0.0220646998 0.0103662474 0.0156731926 0.0174857682 0.0241738969 0.0046957863 0.0164984025 0.01786082 0.0180108723 0.0186601431 0.0105102378 0.0130492758 0.0083773925 0.0163411429 0.0077749187 0.0216755593 0.0211080098 0.0205418979 0.019888065 0.0144901514 0.0354908237 0.0239545788 0.0194857565 0.0126645501 0.013197063 0.0138149081 0.0121989314 0.0131799068 0.0167791796 0.0073025704 0.0118038525 0.0147988767 0.0188714745 0.0091918237 0.0198863155 0.0067154092 0.0079770209 0.0054046336 0.0124269267 0.0147766316 0.0158969903 0.0261564606 0.0115226784 0.0140627096 0.0117881459 0.0207586429 0.0095790825 
15 0.0124052278 0.0060252639 0.0131899035 0.0120767967 0.0104456222 0.0191205885 0.010085884 0.0119876319 0.0206059379 0.0194125482 0.0119506131 0.0159375261 0.0107178721 0.008508577 0.0181387326 0.0145753006 0.0137991555 0.0177755253 0.0094167178 0.0213339471 0.0157148019 0.0093771256 0.0333338547 0.007619063 0.0074856716 0.0116566474 0.0234277058 0.0179327602 0.0105075487 0.0150196628 0.0124518414 0.0214803143 0.0212535696 0.0167283135 0.0155012139 0.01288216 0.0050856059 0.0238705254 0.0142000727 0.0075254787 0.0095018568 0.01385652 0.0184229805 0.0166722741 0.0170963695 0.0176038487 0.017429474 0.0262966087 0.0040659039 0.0134477348 0.0176760749 0.0136472168 0.0176641814 0.0301965529 0.0243891917 0.023135322 0.0145879347 0.0072412918 0.0410513711 0.0106231209 0.0063845628 0.0178350563 0.0245004057 0.0161108371 
16 0.0154916884 0.0266482954 0.0125119574 0.0087448264 0.0162718858 0.0167959605 0.0259641369 0.0254384515 0.0086922978 0.0053635058 0.0132670775 0.0248335495 0.0143008912 0.0189641416 0.0145753006 0.0145721928 0.016059493 0.0182328794 0.018869098 0.0265831305 0.0086551882 0.0244446129 0.0200208793 0.0051841161 0.0073695107 0.0092781129 0.0086953118 0.0154656295 0.0117544738 0.0085290405 0.0102309753 0.0207126796 0.0131856205 0.0133816033 0.0082283493 0.0195175426 0.0223623746 0.0085411971 0.0180475915 0.021714023 0.003795535 0.0227306569 0.0147234236 0.0086233501 0.0134306764 0.0062887695 0.0126511603 0.0172664825 0.0138141004 0.0163808018 0.009809969 0.0135293282 0.0111562119 0.0197545291 0.0190253478 0.0231690596 0.0167724073 0.0183881836 0.0283675853 0.0302661559 0.0195948498 0.0148279246 0.0144951206 0.0136387785 
17 0.0132573355 0.0123097954 0.0232606948 0.0355308328 0.0131630386 0.0215104857 0.0220497239 0.0190858879 0.0135937697 0.0023456303 0.0130271795 0.0064029715 0.0152105037 0.0102503094 0.0137991555 0.016059493 0.0114931179 0.0202046404 0.0080010573 0.012353645 0.0122817728 0.0111593075 0.0117979152 0.0212037604 0.012582587 0.02388355 0.0315181193 0.0237021545 0.0057292292 0.0026751076 0.0026811486 0.0113144709 0.0073529179 0.0221872285 0.0187038657 0.0270244148 0.0245438321 0.001520768 0.006871988 0.0285835451 0.0303598294 0.017739665 0.0164977925 0.0040831309 0.009868326 0.0187953015 0.0160415427 0.0047309035 0.0161157428 0.0171515408 0.0179746036 0.0157312085 0.0267684722 0.0062586328 0.0247529294 0.007780902 0.0143663333 0.0265217004 0.0159306986 0.024967292 0.0084876691 0.0088508067 0.0215963323 0.0184016929 
18 0.012868164 0.0087300476 0.014467964 0.0135823333 0.0193430622 0.006667747 0.0182385564 0.0199082089 0.0105735338 0.010219932 0.0103145869 0.0138159796 0.0051017181 0.0220646998 0.0177755253 0.0182328794 0.0202046404 0.0222019292 0.0228378053 0.0257332183 0.0155705035 0.0053648948 0.0208897322 0.0245899796 0.0250590371 0.0105741041 0.0049122969 0.0249733487 0.0179767122 0.0192824754 0.0171222934 0.013625986 0.0024124229 0.015349058 0.0303536233 0.0156780171 0.0114608396 0.0020662283 0.0089374634 0.0097737857 0.0218693375 0.0170884797 0.0159658699 0.0183266808 0.0272317459 0.0122831728 0.0233113838 0.0227767308 0.0115613055 0.0081566029 0.0190871868 0.0125215961 0.0138196315 0.0101035086 0.0295132701 0.0240162889 0.0098808399 0.017469171 0.0059441352 0.0113885333 0.0144271482 0.0127929887 0.0129636557 0.0186454025 
19 0.0204812508 0.0095994698 0.0139465352 0.0201108631 0.0107637336 0.0168398291 0.0267111045 0.0088705406 0.0153524119 0.0206037378 0.0131827849 0.0038950699 0.018574728 0.0103662474 0.0094167178 0.018869098 0.0080010573 0.0228378053 0.025001484 0.0165174426 0.0104595835 0.0136020473 0.0143448925 0.0322530758 0.0111975062 0.019843754 0.0169070528 0.0155104438 0.0135966368 0.0160480353 0.015867137 0.014562758 0.0151708105 0.0106191383 0.0323485306 0.0212347465 0.0125043035 0.0175808815 0.0236655569 0.0077651373 0.014126317 0.0107102658 0.0172376419 0.0089281301 0.0166477368 0.0151275384 0.0212069721 0.0093645824 0.0152803231 0.012451054 0.0233804239 0.0134676718 0.0032070996 0.0234732259 0.0176282143 0.020578194 0.0129138886 0.0183878347 0.0151844478 0.0176850043 0.0065346961 0.0197276207 0.010670396 0.0110567812 
20 0.0251460279 0.0125654827 0.0150166113 0.0053242717 0.0212265141 0.007882465 0.0135953347 0.0126620061 0.020509449 0.0075222391 0.0091030805 0.0123411069 0.0122961604 0.0156731926 0.0213339471 0.0265831305 0.012353645 0.0257332183 0.0165174426 0.0152131901 0.0071007951 0.008573192 0.015041819 0.0170579267 0.0130935627 0.0225678015 0.0310159669 0.0169638673 0.0063990492 0.020036626 0.0090824872 0.0295365408 0.0197160771 0.0061879684 0.0105231918 0.0161828985 0.0135791624 0.0164831958 0.0098762163 0.0095685182 0.0191962851 0.0183215662 0.0065289184 0.013116853 0.0173001387 0.0141214996 0.0169441147 0.0118310148 0.0144514168 0.0276861142 0.0169168026 0.0156526792 0.0199647721 0.0170000833 0.0211720217 0.0221552529 0.003892096 0.0091607507 0.0151447447 0.0285515676 0.0187033556 0.0168423287 0.0165112354 0.0116490097 
21 0.021523105 0.0129410587 0.0245228101 0.0218595165 0.0095150597 0.0151392511 0.0157677597 0.0163551087 0.0173099267 0.0046039553 0.0188104881 0.0161286691 0.0298271759 0.0174857682 0.0157148019 0.0086551882 0.0122817728 0.0155705035 0.0104595835 0.0071007951 0.0070837664 0.0130723028 0.0210276506 0.0227402565 0.0153997332 0.0124524345 0.0123076943 0.0258785697 0.0136859506 0.0219966791 0.0208447225 0.0117309698 0.0030843358 0.0142638824 0.0151546239 0.0057896684 0.0229952307 0.0214811459 0.0184752365 0.0130281079 0.0053053507 0.0083899716 0.018933514 0.0184246627 0.0181405368 0.0135474199 0.0296465911 0.011287629 0.0227910617 0.0145092869 0.0147712026 0.0132014495 0.0106867597 0.0186132156 0.0108525419 0.0158569552 0.0172348638 0.0340482216 0.0119673922 0.011773164 0.0160751415 0.0109112994 0.0136131587 0.0153533506 
22 0.0151266702 0.0164380089 0.0144436991 0.012800661 0.0121055712 0.0143777001 0.0247987222 0.0076930286 0.0205469475 0.0157093834 0.0121729738 0.0221218999 0.0167605187 0.0241738969 0.0093771256 0.0244446129 0.0111593075 0.0053648948 0.0136020473 0.008573192 0.0130723028 0.0191812399 0.0156080255 0.0201614773 0.0183797017 0.0088208956 0.0199949321 0.0113946612 0.0188951799 0.0088221892 0.0162948172 0.0169305382 0.0107871315 0.012722806 0.0101722961 0.0333497389 0.015440351 0.0249464099 0.0025300136 0.0115968932 0.016205301 0.011493351 0.0158060213 0.0184501397 0.0184818531 0.0223698853 0.0182128459 0.008647329 0.0166158577 0.0134385353 0.0103719661 0.013118184 0.0169795134 0.025235399 0.0232613756 0.0079085348 0.0233917316 0.0149489017 0.0212235383 0.0232379367 0.0122637099 0.018246531 0.0102573708 0.0089417252 
23 0.0122894444 0.0173926081 0.013794033 0.0249498529 0.0091164229 0.0143360459 0.0188636294 0.0097695493 0.0151030509 0.0087816239 0.0104680069 0.0189815402 0.0137284156 0.0046957863 0.0333338547 0.0200208793 0.0117979152 0.0208897322 0.0143448925 0.015041819 0.0210276506 0.0156080255 0.0194084581 0.0185355129 0.0064085301 0.0104622714 0.0168654074 0.0090285123 0.0200150939 0.0201207187 0.0088835426 0.0176809141 0.0235987931 0.0245222861 0.0259740228 0.0190989445 0.0176571724 0.0139187301 0.010173129 0.0168865761 0.0035754383 0.0206968619 0.011908872 0.0128159811 0.0174411727 0.0238034928 0.0205681052 0.0262871558 0.0145145491 0.0215900047 0.0088030021 0.0045366157 0.0187509174 0.0119168803 0.0117900534 0.0191313952 0.0082286743 0.0043791843 0.0170339264 0.0196046116 0.01671822 0.0126412593 0.0175355023 0.0121547301 
24 0.0174192473 0.0122468951 0.0136820463 0.0106925981 0.0222597247 0.0092880678 0.013774968 0.0115195171 0.0102687872 0.0091468132 0.020542689 0.0288904522 0.0187378427 0.0164984025 0.007619063 0.0051841161 0.0212037604 0.0245899796 0.0322530758 0.0170579267 0.0227402565 0.0201614773 0.0185355129 0.0099781223 0.0121009601 0.025612596 0.021289103 0.0191846652 0.0264802525 0.0086350739 0.0198841546 0.0220836646 0.0080891685 0.0091695857 0.0075131952 0.017396439 0.0069703675 0.022778035 0.019283644 0.0173618557 0.0087994241 0.0113357414 0.0182476103 0.0177646823 0.0091501402 0.0140302955 0.0098248208 0.0212179162 0.0157679975 0.0102369845 0.0106521068 0.0140642062 0.0140147696 0.0180181186 0.0146642694 0.0126022205 0.0187677446 0.0164998722 0.0062235894 0.0138837449 0.0139054752 0.0205126427 0.0195553535 0.0121361711 
25 0.0190257935 0.0207502922 0.0168425343 0.015865716 0.0145719599 0.0138088954 0.0149050309 0.0131485059 0.0125464928 0.0171941756 0.0159034252 0.0176441216 0.0225677363 0.01786082 0.0074856716 0.0073695107 0.012582587 0.0250590371 0.0111975062 0.0130935627 0.0153997332 0.0183797017 0.0064085301 0.0121009601 0.017512823 0.0132000632 0.0069676258 0.0095997638 0.022226667 0.0203259596 0.0198214668 0.0122357251 0.0106423379 0.0213386824 0.0249567692 0.0249267947 0.0158499852 0.0236617973 0.0132100664 0.0264468606 0.0130597615 0.0147999879 0.0154886186 0.026906082 0.0145411045 0.0203259841 0.0237043846 0.0025493922 0.0110605791 0.020205018 0.0184637264 0.0274883273 0.010917013 0.0108951659 0.0100608791 0.023437112 0.0051035731 0.0233712196 0.0104908626 0.0080554566 0.0058096798 0.0046139129 0.0133976652 0.0206188061 
26 0.01376909 0.0169246637 0.0293174881 0.0210998199 0.0144148619 0.0230224202 0.0144947401 0.0140200055 0.0112831204 0.0291059932 0.0222449881 0.0096468551 0.0130160508 0.0180108723 0.0116566474 0.0092781129 0.02388355 0.0105741041 0.019843754 0.0225678015 0.0124524345 0.0088208956 0.0104622714 0.025612596 0.0132000632 0.0154064891 0.0320426674 0.0152535063 0.0218561458 0.0207771071 0.0226849052 0.0105056379 0.0123101213 0.014521115 0.015295036 0.0129425304 0.0050982544 0.0141407679 0.0189477054 0.0135491277 0.0124140757 0.010448283 0.0079803623 0.0072333461 0.0155642422 0.0100999611 0.0113849277 0.0279908916 0.0260064417 0.0220526761 0.0024684613 0.0079307096 0.0082780983 0.0224698799 0.0063088956 0.0145204781 0.0130598991 0.0109553472 0.0178179454 0.0236966193 0.0220697077 0.0209553455 0.0027151166 0.0115239723 
27 0.0117084301 0.0259233871 0.028632201 0.0204503981 0.0160416639 0.0131223094 0.0094835098 0.012363899 0.0140520789 0.0134193801 0.0176093127 0.0264340053 0.0084839992 0.0186601431 0.0234277058 0.0086953118 0.0315181193 0.0049122969 0.0169070528 0.0310159669 0.0123076943 0.0199949321 0.0168654074 0.021289103 0.0069676258 0.0320426674 0.0161933315 0.0128541362 0.0144168046 0.016039746 0.0194530695 0.0123060287 0.014518219 0.0068852406 0.0197968107 0.0085051169 0.0175422397 0.0077136915 0.0155540034 0.0151086317 0.0244210074 0.0124280594 0.0127591793 0.0097991952 0.0244480106 0.0206077215 0.0132534837 0.0121707158 0.0147475954 0.0043961961 0.0140469244 0.0123023659 0.0245122679 0.01861949 0.0179579473 0.0130919345 0.0139389027 0.008662078 0.0069877438 0.0052342155 0.0225085672 0.0033953599 0.0186022644 0.0118931026 
28 0.0164615055 0.0164165546 0.0064671058 0.0179571017 0.0279126859 0.0135976841 0.0183174756 0.0250500159 0.0192530139 0.0274114169 0.0101260806 0.0088001626 0.0114277113 0.0105102378 0.0179327602 0.0154656295 0.0237021545 0.0249733487 0.0155104438 0.0169638673 0.0258785697 0.0113946612 0.0090285123 0.0191846652 0.0095997638 0.0152535063 0.0128541362 0.0160772386 0.0108624019 0.0196039891 0.001785518 0.0058196027 0.0208159696 0.0164810394 0.0193251995 0.0137281841 0.0101899509 0.0033882339 0.0151667831 0.0190760184 0.0137058573 0.0106849858 0.0080929611 0.0184065742 0.0278512582 0.0130345934 0.0277402262 0.0118345715 0.0110110497 0.0151441178 0.0196039218 0.0143041209 0.0167312686 0.0155604693 0.0175647904 0.0136141302 0.0197427354 0.0241249278 0.0197957327 0.020490544 0.0134756688 0.0038075262 0.0186388489 0.00526822 
29 0.0149246016 0.0133676613 0.0170715552 0.0254030593 0.0113460769 0.018031862 0.014058304 0.0143765296 0.0119810873 0.0138458813 0.0274585415 0.0059883978 0.0212396845 0.0130492758 0.0105075487 0.0117544738 0.0057292292 0.0179767122 0.0135966368 0.0063990492 0.0136859506 0.0188951799 0.0200150939 0.0264802525 0.022226667 0.0218561458 0.0144168046 0.0108624019 0.0020135028 0.0182727962 0.0212253416 0.0171180682 0.0143397588 0.0105596367 0.0087920933 0.0096272247 0.0143335716 0.0109335876 0.0163828413 0.014490422 0.0181550343 0.027369101 0.0140402625 0.0165076043 0.0184344045 0.0184214086 0.0085046533 0.0126518645 0.0207717515 0.0061493259 0.0220142219 0.0111308884 0.0235421204 0.0136800292 0.0218995136 0.0197243124 0.0216371838 0.0160356496 0.0143069083 0.017975848 0.0230273292 0.0183783611 0.0107668413 0.0102418734 
30 0.0097949781 0.0156452076 0.0211674981 0.0102020141 0.0081119854 0.0159291055 0.0176215926 0.017550091 0.013997087 0.0194128976 0.0197246366 0.0157585315 0.0104818194 0.0083773925 0.0150196628 0.0085290405 0.0026751076 0.0192824754 0.0160480353 0.020036626 0.0219966791 0.0088221892 0.0201207187 0.0086350739 0.0203259596 0.0207771071 0.016039746 0.0196039891 0.0182727962 0.025169419 0.0166026434 0.0124010689 0.0102115195 0.0208017913 0.0201877233 0.0179795473 0.0180575319 0.0162951045 0.0201963476 0.0153046981 0.0096602332 0.0220643194 0.015975626 0.0047550967 0.015844143 0.015174599 0.0269287472 0.0114169008 0.0187833387 0.011721645 0.0155995995 0.00473921 0.0195987722 0.0145987757 0.009232354 0.0231561553 0.0189510595 0.014390801 0.0035035597 0.0218283054 0.0282184933 0.0126524897 0.0145962633 0.0134420738 
31 0.0171996754 0.0095622166 0.0169525347 0.0022846543 0.0169120535 0.0127453797 0.0196771529 0.0219489965 0.0145518525 0.0244225302 0.0153047088 0.0101533005 0.0156850871 0.0163411429 0.0124518414 0.0102309753 0.0026811486 0.0171222934 0.015867137 0.0090824872 0.0208447225 0.0162948172 0.0088835426 0.0198841546 0.0198214668 0.0226849052 0.0194530695 0.001785518 0.0212253416 0.0166026434 0.0139453192 0.0107752496 0.0170387052 0.0140910241 0.0113984701 0.024400892 0.0071170991 0.0074374191 0.0251567308 0.023662817 0.0054709861 0.0098638638 0.0193642736 0.0224208572 0.0190379759 0.0146213374 0.0207523253 0.0167654569 0.0196168808 0.0143167418 0.024492762 0.0098428667 0.015186882 0.0130870935 0.009474451 0.008944508 0.0120020512 0.0081037362 0.0255143896 0.0258641174 0.0190028523 0.0213727065 0.0203861436 0.0208136648 
32 0.0123219018 0.0083455768 0.0119111301 0.0160041471 0.0070374599 0.0140470716 0.0132129707 0.0274142935 0.0079069225 0.015114624 0.0090413747 0.0163067573 0.0162897185 0.0077749187 0.0214803143 0.0207126796 0.0113144709 0.013625986 0.014562758 0.0295365408 0.0117309698 0.0169305382 0.0176809141 0.0220836646 0.0122357251 0.0105056379 0.0123060287 0.0058196027 0.0171180682 0.0124010689 0.0107752496 0.0251794199 0.0136125081 0.0171283004 0.0242863018 0.0112730645 0.0163936636 0.022043199 0.0152627988 0.0121054046 0.0094472756 0.0178672798 0.0127739997 0.0231673688 0.0243645361 0.0116340644 0.015768051 0.0358507583 0.017864015 0.0284973324 0.0202963453 0.0042946298 0.0176762603 0.0089159331 0.0162282398 0.0168469791 0.0162799429 0.0113029955 0.0195377365 0.0118054461 0.0180908865 0.0123531519 0.0242427378 0.0040602888 
33 0.022711511 0.0282039877 0.0222812274 0.0223939106 0.0267648013 0.0214277563 0.0067435966 0.040579113 0.0091173971 0.0227614171 0.0100240996 0.0056621339 0.0142920119 0.0216755593 0.0212535696 0.0131856205 0.0073529179 0.0024124229 0.0151708105 0.0197160771 0.0030843358 0.0107871315 0.0235987931 0.0080891685 0.0106423379 0.0123101213 0.014518219 0.0208159696 0.0143397588 0.0102115195 0.0170387052 0.0136125081 0.0091715586 0.0307007399 0.0125861714 0.0155901802 0.0157621299 0.0047153184 0.0155209915 0.0203055828 0.0151851547 0.0109630891 0.0100750489 0.0122613586 0.0157882946 0.0148135521 0.0235077767 0.0114828997 0.020411617 0.0162345958 0.0161289859 0.011342267 0.0178805209 0.0154798356 0.0110690457 0.0143467768 0.0208559445 0.0163476875 0.0081843131 0.0142112001 0.0210926162 0.0083668078 0.0240853124 0.0127541172 
34 0.0131401187 0.0184936101 0.0169690797 0.0160149599 0.0058776473 0.0171026433 0.0101678748 0.0196499459 0.0158848469 0.0181283353 0.0170466574 0.0155568747 0.0109142458 0.0211080098 0.0167283135 0.0133816033 0.0221872285 0.015349058 0.0106191383 0.0061879684 0.0142638824 0.012722806 0.0245222861 0.0091695857 0.0213386824 0.014521115 0.0068852406 0.0164810394 0.0105596367 0.0208017913 0.0140910241 0.0171283004 0.0307007399 0.0090237867 0.0292073554 0.012116329 0.0186847636 0.0244343802 0.0124822516 0.0133861616 0.0115250313 0.0122225706 0.0060946201 0.00670721 0.0078829666 0.0223070874 0.0037198773 0.0129677094 0.0217322317 0.0108380204 0.0108833074 0.0186654617 0.0162755835 0.0147889409 0.0246039613 0.0223597481 0.0184207983 0.01727179 0.0241770049 0.0049558708 0.0234092157 0.0097076817 0.0112359796 0.0342180135 
35 0.0126095777 0.0063249262 0.0127361645 0.0100857198 0.0154320152 0.010203804 0.0152968835 0.0130952544 0.009761142 0.0191085622 0.0267660509 0.0293667983 0.0045656058 0.0205418979 0.0155012139 0.0082283493 0.0187038657 0.0303536233 0.0323485306 0.0105231918 0.0151546239 0.0101722961 0.0259740228 0.0075131952 0.0249567692 0.015295036 0.0197968107 0.0193251995 0.0087920933 0.0201877233 0.0113984701 0.0242863018 0.0125861714 0.0292073554 0.0125608801 0.0060487246 0.0158948325 0.0154903396 0.0207932836 0.0137973721 0.0092286319 0.0166944832 0.0296752785 0.0171031111 0.0114857193 0.0140910072 0.0133901878 0.0098801612 0.0376555014 0.0197264546 0.0077239702 0.0093620688 0.0040981596 0.0115900601 0.0157742611 0.0120374159 0.0328558341 0.0169802045 0.0089146324 0.0107008067 0.0059974492 0.0109606132 0.0144068448 0.0088824652 
36 0.0198344297 0.0064058532 0.0050227616 0.0066358582 0.027270173 0.0182137944 0.0132052645 0.0083409293 0.0211146767 0.006392474 0.0216308172 0.0103350451 0.0151506707 0.019888065 0.01288216 0.0195175426 0.0270244148 0.0156780171 0.0212347465 0.0161828985 0.0057896684 0.0333497389 0.0190989445 0.017396439 0.0249267947 0.0129425304 0.0085051169 0.0137281841 0.0096272247 0.0179795473 0.024400892 0.0112730645 0.0155901802 0.012116329 0.0060487246 0.0038707047 0.0166278544 0.011149228 0.0137412424 0.0202232588 0.0156848613 0.0210002473 0.0144677248 0.0158424858 0.0154500598 0.0112277703 0.010393729 0.0248527358 0.0144763897 0.0205175285 0.0085417497 0.0179720808 0.028890199 0.0157460756 0.0060613198 0.0153213338 0.0256053663 0.0091434848 0.0170086333 0.0142234173 0.0104061858 0.0097291086 0.0248461028 0.0222451506 
37 0.0194881976 0.0154333457 0.0167073731 0.0225873757 0.0174465256 0.0141855158 0.0216321524 0.0111676965 0.0168359767 0.0133801257 0.0076749392 0.0207418072 0.0163995583 0.0144901514 0.0050856059 0.0223623746 0.0245438321 0.0114608396 0.0125043035 0.0135791624 0.0229952307 0.015440351 0.0176571724 0.0069703675 0.0158499852 0.0050982544 0.0175422397 0.0101899509 0.0143335716 0.0180575319 0.0071170991 0.0163936636 0.0157621299 0.0186847636 0.0158948325 0.0166278544 0.0116025617 0.0301383892 0.0042241733 0.0156487398 0.0083825924 0.0083368821 0.0094219324 0.0141254753 0.0212466207 0.0165988284 0.0173767742 0.0201991753 0.0203486096 0.0413085923 0.0134868775 0.015603726 0.0161739252 0.0175289796 0.013062155 0.0154136267 0.0110932183 0.0127620095 0.0141399198 0.0087338459 0.0120192392 0.0147675565 0.0234811328 0.0204525841 
38 0.0139039981 0.0137605206 0.0099538292 0.0197559279 0.0104959361 0.0198420934 0.0063866468 0.0064639983 0.0149413832 0.0164225625 0.0130604409 0.0123730407 0.0171268275 0.0354908237 0.0238705254 0.0085411971 0.001520768 0.0020662283 0.0175808815 0.0164831958 0.0214811459 0.0249464099 0.0139187301 0.022778035 0.0236617973 0.0141407679 0.0077136915 0.0033882339 0.0109335876 0.0162951045 0.0074374191 0.022043199 0.0047153184 0.0244343802 0.0154903396 0.011149228 0.0301383892 0.0053364444 0.0247629176 0.0066699077 0.0165421629 0.0174698845 0.0200187582 0.0190532957 0.0071397231 0.024126185 0.0183384131 0.0279812067 0.0144434106 0.0176365393 0.0254096304 0.0111928757 0.0133138733 0.0167181496 0.0222483354 0.0099522021 0.0096913359 0.0213417439 0.0184239122 0.0125097631 0.0074663618 0.0080440641 0.0284448681 0.0210174334 
39 0.0057500327 0.0059850902 0.0184578921 0.0191438808 0.0085231762 0.0187772579 0.0180019917 0.0132910719 0.0128617556 0.0154060768 0.0101015166 0.014641317 0.0256608868 0.0239545788 0.0142000727 0.0180475915 0.006871988 0.0089374634 0.0236655569 0.0098762163 0.0184752365 0.0025300136 0.010173129 0.019283644 0.0132100664 0.0189477054 0.0155540034 0.0151667831 0.0163828413 0.0201963476 0.0251567308 0.0152627988 0.0155209915 0.0124822516 0.0207932836 0.0137412424 0.0042241733 0.0247629176 0.0061392566 0.0170320926 0.0086647114 0.0173748077 0.0166983224 0.0165812811 0.0123513849 0.0065056548 0.0129876992 0.0175687616 0.0161543553 0.0177886758 0.0203503469 0.0222674119 0.0129726495 0.0136773621 0.0183732334 0.0213650462 0.0282803375 0.0130381821 0.0124745914 0.0135191451 0.0198521686 0.0159145805 0.0217626882 0.026285679 
40 0.0156469409 0.0183799274 0.0242018419 0.0060074778 0.0183456319 0.0194191467 0.0100748859 0.0150500299 0.0107422077 0.0199874335 0.0135081229 0.0199432377 0.0181358479 0.0194857565 0.0075254787 0.021714023 0.0285835451 0.0097737857 0.0077651373 0.0095685182 0.0130281079 0.0115968932 0.0168865761 0.0173618557 0.0264468606 0.0135491277 0.0151086317 0.0190760184 0.014490422 0.0153046981 0.023662817 0.0121054046 0.0203055828 0.0133861616 0.0137973721 0.0202232588 0.0156487398 0.0066699077 0.0170320926 0.0264738076 0.0190460974 0.0216774155 0.0186710317 0.0195010154 0.0137433825 0.0192657071 0.0119293319 0.0190647326 0.0182795508 0.0021139116 0.020638121 0.0148967984 0.0119167284 0.0066669607 0.0238736561 0.0089018094 0.0160697993 0.017168272 0.0132576448 0.0109383546 0.0139757772 0.0083475275 0.0135845689 0.0104584928 
41 0.0208653532 0.018599092 0.0076503008 0.0180967338 0.0107133561 0.0156277747 0.025168903 0.0323477554 0.019073458 0.0136726974 0.0160652954 0.0226224136 0.0140051425 0.0126645501 0.0095018568 0.003795535 0.0303598294 0.0218693375 0.014126317 0.0191962851 0.0053053507 0.016205301 0.0035754383 0.0087994241 0.0130597615 0.0124140757 0.0244210074 0.0137058573 0.0181550343 0.0096602332 0.0054709861 0.0094472756 0.0151851547 0.0115250313 0.0092286319 0.0156848613 0.0083825924 0.0165421629 0.0086647114 0.0190460974 0.0204291734 0.022032949 0.0173229798 0.0293966118 0.0094362741 0.0077447689 0.0125526126 0.008297223 0.0196549101 0.0266364709 0.0135754787 0.0125099675 0.0228536378 0.0201622806 0.0189855534 0.0177698309 0.0170877971 0.0193734769 0.0175522521 0.0155690244 0.0176728134 0.0171971574 0.0142971836 0.0113885974 
42 0.0044076467 0.0230381387 0.0157291372 0.0184690461 0.0104480252 0.0091356911 0.0023681373 0.0200740808 0.0255415333 0.0159467099 0.0248841797 0.0199452255 0.012524283 0.013197063 0.01385652 0.0227306569 0.017739665 0.0170884797 0.0107102658 0.0183215662 0.0083899716 0.011493351 0.0206968619 0.0113357414 0.0147999879 0.010448283 0.0124280594 0.0106849858 0.027369101 0.0220643194 0.0098638638 0.0178672798 0.0109630891 0.0122225706 0.0166944832 0.0210002473 0.0083368821 0.0174698845 0.0173748077 0.0216774155 0.022032949 0.0228595141 0.0375286534 0.0125887114 0.0158011788 0.0144688533 0.0169264056 0.0102941645 0.0119016481 0.0101122882 0.0121774709 0.0294858988 0.0083201099 0.0063119706 0.0145202749 0.0121844597 0.0110549461 0.0108190237 0.0250169025 0.0176783818 0.0188394431 0.0096401825 0.0078347797 0.0222645525 
43 0.0135479305 0.0124943709 0.0160612445 0.0082909479 0.0173840516 0.0165358232 0.0184298387 0.0145668031 0.0146504941 0.0253808381 0.0201846007 0.0177960405 0.0144554843 0.0138149081 0.0184229805 0.0147234236 0.0164977925 0.0159658699 0.0172376419 0.0065289184 0.018933514 0.0158060213 0.011908872 0.0182476103 0.0154886186 0.0079803623 0.0127591793 0.0080929611 0.0140402625 0.015975626 0.0193642736 0.0127739997 0.0100750489 0.0060946201 0.0296752785 0.0144677248 0.0094219324 0.0200187582 0.0166983224 0.0186710317 0.0173229798 0.0375286534 0.0056696055 0.0100066522 0.0366030716 0.0128163398 0.0200780844 0.0124410472 0.0071227953 0.0130518436 0.0249326467 0.0154228169 0.0150471331 0.0119471618 0.0063199731 0.0282762766 0.023590099 0.0135642292 0.0073463715 0.0203887504 0.0072247514 0.0160006964 0.0175664648 0.0102675357 
44 0.0063844818 0.0084894985 0.0057917026 0.0161903484 0.0286654938 0.0098775708 0.0129380152 0.0181976958 0.0230501991 0.0075554184 0.0122769334 0.0156815333 0.0222100609 0.0121989314 0.0166722741 0.0086233501 0.0040831309 0.0183266808 0.0089281301 0.013116853 0.0184246627 0.0184501397 0.0128159811 0.0177646823 0.026906082 0.0072333461 0.0097991952 0.0184065742 0.0165076043 0.0047550967 0.0224208572 0.0231673688 0.0122613586 0.00670721 0.0171031111 0.0158424858 0.0141254753 0.0190532957 0.0165812811 0.0195010154 0.0293966118 0.0125887114 0.0100066522 0.0187673554 0.0078123065 0.0240730534 0.0176498483 0.0188004586 0.0169365794 0.0095706149 0.0168604323 0.0098623879 0.0175492348 0.0255466788 0.0260777745 0.0210293065 0.0137588327 0.0162198304 0.0223314138 0.0125621034 0.0234947788 0.0212624564 0.0083822313 0.0123752213 
45 0.031519151 0.0251392834 0.0153773804 0.0215768684 0.0145607673 0.0158853507 0.0036508962 0.0150435122 0.011166727 0.0045056473 0.0118460541 0.0212345979 0.0117772284 0.0131799068 0.0170963695 0.0134306764 0.009868326 0.0272317459 0.0166477368 0.0173001387 0.0181405368 0.0184818531 0.0174411727 0.0091501402 0.0145411045 0.0155642422 0.0244480106 0.0278512582 0.0184344045 0.015844143 0.0190379759 0.0243645361 0.0157882946 0.0078829666 0.0114857193 0.0154500598 0.0212466207 0.0071397231 0.0123513849 0.0137433825 0.0094362741 0.0158011788 0.0366030716 0.0078123065 0.0102658947 0.0157583257 0.0112042539 0.0188288083 0.0148022474 0.0091650276 0.0099234131 0.0252288768 0.0143166727 0.0182234458 0.0038262679 0.019078359 0.0193489561 0.0105654912 0.0197340762 0.0093003661 0.005554391 0.0177953506 0.0127875964 0.0182134547 
46 0.0159118296 0.0134278184 0.0171976442 0.0111089808 0.0161606304 0.0193114865 0.0209289163 0.0130566875 0.0092832329 0.0178280417 0.009013733 0.0146274543 0.0182202982 0.0167791796 0.0176038487 0.0062887695 0.0187953015 0.0122831728 0.0151275384 0.0141214996 0.0135474199 0.0223698853 0.0238034928 0.0140302955 0.0203259841 0.0100999611 0.0206077215 0.0130345934 0.0184214086 0.015174599 0.0146213374 0.0116340644 0.0148135521 0.0223070874 0.0140910072 0.0112277703 0.0165988284 0.024126185 0.0065056548 0.0192657071 0.0077447689 0.0144688533 0.0128163398 0.0240730534 0.0157583257 0.0070056702 0.0365478498 0.0313972853 0.0160115188 0.0115231252 0.0085146672 0.0117508942 0.0181924474 0.0152268826 0.0074764356 0.0125230008 0.0183904248 0.0206905339 0.0084661843 0.0158917269 0.0208442962 0.0261241863 0.0061615353 0.0087173749 
47 0.0170252829 0.0056822424 0.0064509201 0.0137753884 0.0210428048 0.0099354668 0.01621545 0.0048968982 0.0204473412 0.0257733598 0.0173282534 0.0175506519 0.0083966889 0.0073025704 0.017429474 0.0126511603 0.0160415427 0.0233113838 0.0212069721 0.0169441147 0.0296465911 0.0182128459 0.0205681052 0.0098248208 0.0237043846 0.0113849277 0.0132534837 0.0277402262 0.0085046533 0.0269287472 0.0207523253 0.015768051 0.0235077767 0.0037198773 0.0133901878 0.010393729 0.0173767742 0.0183384131 0.0129876992 0.0119293319 0.0125526126 0.0169264056 0.0200780844 0.0176498483 0.0112042539 0.0365478498 0.0090335575 0.0104375786 0.0168449519 0.0106795682 0.0110939404 0.0018715545 0.0089863724 0.0131156639 0.0213260359 0.0118334278 0.0112125975 0.012854976 0.0115729888 0.0290535073 0.0169335019 0.0173799947 0.011276738 0.0221930721 
48 0.01027775 0.0232787344 0.0198532128 0.0081560108 0.0236119918 0.018669309 0.0190281386 0.0240292268 0.0156535673 0.0159800223 0.0250175679 0.005954549 0.0077042315 0.0118038525 0.0262966087 0.0172664825 0.0047309035 0.0227767308 0.0093645824 0.0118310148 0.011287629 0.008647329 0.0262871558 0.0212179162 0.0025493922 0.0279908916 0.0121707158 0.0118345715 0.0126518645 0.0114169008 0.0167654569 0.0358507583 0.0114828997 0.0129677094 0.0098801612 0.0248527358 0.0201991753 0.0279812067 0.0175687616 0.0190647326 0.008297223 0.0102941645 0.0124410472 0.0188004586 0.0188288083 0.0313972853 0.0104375786 0.0085656146 0.0163452577 0.0126009073 0.0107715908 0.0273589205 0.0131046385 0.0142524175 0.0082784675 0.0114266096 0.0048071743 0.0137964526 0.0116301197 0.019544858 0.0174604541 0.0127976732 0.0101621282 0.0126476991 
