55
1 0.0 0.0320179197 0.0227993367 0.0218275871 0.0172951526 0.0152139309 0.0094300767 0.0328606834 0.0038114271 0.0082555389 0.0244422283 0.0224005265 0.010805995 0.0110069399 0.0176487339 0.0244966076 0.030309334 0.0169842434 0.0263083165 0.0046210394 0.0157114918 0.0134974813 0.0129096167 0.0091847539 0.0228551276 0.0210092427 0.0301778208 0.0309245312 0.0145954576 0.0211270824 0.0279402244 0.0306464424 0.0139412413 0.0112108821 0.0054111695 0.0227820767 0.0278220059 0.0291911396 0.0039095334 0.0166403481 0.0072732232 0.0270225471 0.0107360313 0.0220608412 0.0327691637 0.0212967151 0.0105588397 0.006019547 0.0190365284 0.0125432798 0.0234359133 0.0143659572 0.0144537349 0.0280194697 0.0163849214
2 0.0320179197 0.0 0.0266996265 0.0159645661 0.0137262659 0.0112382731 0.0074924389 0.0056193119 0.0199327617 0.010147396 0.0205333536 0.0214498683 0.0106639007 0.0280881822 0.021219674 0.0249798786 0.0246099223 0.0235742901 0.0353515691 0.0184284022 0.019543218 0.0177753318 0.0226580439 0.0152811286 0.007716819 0.0119030518 0.0122707395 0.0200226818 0.0196315163 0.0267576328 0.023838295 0.0084481488 0.0163616652 0.0073691142 0.0069038964 0.0315910312 0.0139859169 0.0184116794 0.0262141902 0.0275631833 0.0272328913 0.0281225399 0.0142750885 0.0174123508 0.0268642697 0.0091318607 0.0154463725 0.017098042 0.0228508367 0.0053515154 0.0096536834 0.0233082127 0.0258921972 0.0080976004 0.023277654
3 0.0227993367 0.0266996265 0.0 0.0138613299 0.0243726015 0.0238699544 0.0170421167 0.0163729293 0.0074996389 0.0155671342 0.0335431479 0.0176888668 0.0141489751 0.0104483191 0.0224664261 0.014853375 0.017173537 0.0226310177 0.0207113488 0.0181935849 0.0204389444 0.0103818734 0.021566641 0.0205034334 0.0191138569 0.0059899988 0.0222797988 0.0256049151 0.0069397022 0.019008208 0.0213351294 0.013973183 0.0165266138 0.018399675 0.0256683904 0.0038303971 0.0142699096 0.0251651209 0.010694061 0.0264830567 0.008136771 0.0308498138 0.027216459 0.0345968212 0.0090350939 0.0113153163 0.0063324978 0.032002317 0.015991249 0.0248800076 0.0253299081 0.0264877697 0.0103439324 0.0010402242 0.0283256432
4 0.0218275871 0.0159645661 0.0138613299 0.0 0.0143968242 0.0181348728 0.0096948949 0.0265490787 0.0250786935 0.0066046323 0.0229502403 0.0240118429 0.0236625922 0.0139364828 0.0278949771 0.017925771 0.027600873 0.0187528817 0.0153276141 0.0156544997 0.0109883754 0.0182462806 0.0181904308 0.0103852865 0.0244517098 0.0216425176 0.0171672711 0.0165430161 0.0213994973 0.0113115346 0.0269944526 0.014756824 0.0209919066 0.0221245255 0.0145629748 0.0150525894 0.0203054456 0.0106831349 0.0131430438 0.0091948104 0.0294525091 0.0224505792 0.0185362643 0.0309197881 0.0139724861 0.02075041 0.0224443258 0.0165659372 0.005181683 0.0120352022 0.021774752 0.0120310197 0.023967055 0.0346222317 0.0173298749
5 0.0172951526 0.0137262659 0.0243726015 0.0143968242 0.0 0.0252561171 0.0286718047 0.0261635663 0.0174692783 0.0237368404 0.029282348 0.0255014027 0.0204919274 0.0256091372 0.0125191532 0.0310774751 0.0202810213 0.0291363887 0.0229154786 0.007631003 0.0153375598 0.0192856108 0.0234772997 0.018323426 0.0281050566 0.0285441407 0.0133679181 0.0097194075 0.0172752765 0.0192488759 0.0096319525 0.0074126729 0.0078449508 0.0053904519 0.0204486421 0.0165492442 0.005984712 0.0184230044 0.0269053062 0.0144032684 0.0139684602 0.0114151817 0.02054668 0.0071630823 0.014000087 0.0133331202 0.0188674194 0.0324712331 0.0132566787 0.0128674695 0.0323680328 0.0136080652 0.0269330424 0.0053252937 0.0226635905
6 0.0152139309 0.0112382731 0.0238699544 0.0181348728 0.0252561171 0.0 0.0200996996 0.0294462369 0.0256655155 0.0118605718 0.0147829798 0.0228520821 0.0138128628 0.0062063728 0.016383106 0.0205095206 0.0130230552 0.0173802228 0.0238725583 0.0110736954 0.0278824467 0.0051762087 0.0130068167 0.0189995572 0.0127454326 0.0263158463 0.0232512833 0.0217430046 0.0192839378 0.0045154388 0.0333210593 0.0319056417 0.0182029923 0.0077893031 0.0289124815 0.0191853059 0.027985151 0.0147103984 0.0227650316 0.0189105058 0.0081515884 0.0253792117 0.0205775982 0.0237419597 0.0110894088 0.0157224036 0.0052447599 0.0305631482 0.0227128131 0.0219861748 0.0150007877 0.0176516625 0.0153667788 0.0220732856 0.0074489479
7 0.0094300767 0.0074924389 0.0170421167 0.0096948949 0.0286718047 0.0200996996 0.0 0.0234377411 0.0104901588 0.0338569675 0.0155202439 0.0295814896 0.0219575487 0.0130122145 0.0285612285 0.025933566 0.0200162194 0.011943961 0.0198249438 0.021976545 0.005821189 0.024858492 0.0069127753 0.0177467711 0.0083184506 0.0195829068 0.0104400737 0.0112186445 0.0088520363 0.0293437253 0.0184155043 0.0166785234 0.0300741509 0.0252746328 0.0103107947 0.0190033338 0.0177443142 0.0230365818 0.024115707 0.0305338916 0.0124318142 0.0325368069 0.0240908081 0.0136722981 0.0091078996 0.0202462751 0.0069381754 0.0160020518 0.0148229364 0.0249218038 0.0321009458 0.0174937623 0.0042346857 0.0149426794 0.0296306988
8 0.0328606834 0.0056193119 0.0163729293 0.0265490787 0.0261635663 0.0294462369 0.0234377411 0.0 0.0278485376 0.0178188544 0.0189472787 0.0061637664 0.020942099 0.0092458886 0.0102810443 0.0140091812 0.0107880051 0.02565449 0.0177276565 0.0102578521 0.0184268388 0.0193287878 0.0242199086 0.0238157416 0.0224069598 0.0247593279 0.0171703565 0.0128012246 0.0205921087 0.020979311 0.0034275606 0.0197296355 0.0306249067 0.0173216862 0.0207780613 0.0159061968 0.019080073 0.0215008632 0.0168884949 0.0156364943 0.0170242894 0.0205691508 0.0314174643 0.0198680201 0.0169619351 0.0161587479 0.0213958365 0.0180420493 0.0157610796 0.0230794941 0.0198649521 0.0166070105 0.0148558619 0.00597208 0.0068932891
9 0.0038114271 0.0199327617 0.0074996389 0.0250786935 0.0174692783 0.0256655155 0.0104901588 0.0278485376 0.0 0.0144424926 0.021029165 0.032930878 0.0292638037 0.0230719842 0.0056651609 0.0142453791 0.0135400458 0.0108068731 0.0160985761 0.0141363796 0.0132559669 0.0316379396 0.0129183502 0.0071351213 0.0097597733 0.0167937768 0.0199331415 0.0148592207 0.0222171303 0.0154803482 0.0138857952 0.0244361083 0.0035194083 0.0229426487 0.0300752273 0.0181339721 0.0258244997 0.0252637984 0.0187005855 0.0268711017 0.0235041951 0.0283029305 0.0212754009 0.0106651855 0.0232572127 0.0238920433 0.015032779 0.0233670066 0.0111511818 0.0319421689 0.0043853149 0.021809659 0.0245588604 0.0112254649 0.0189599331
10 0.0082555389 0.010147396 0.0155671342 0.0066046323 0.0237368404 0.0118605718 0.0338569675 0.0178188544 0.0144424926 0.0 0.018183686 0.0201337243 0.0133296492 0.0168261562 0.0229232108 0.0109301286 0.0244214584 0.0300054405 0.0246002373 0.0201298233 0.0242933365 0.005225745 0.0318929689 0.0156890612 0.0127831997 0.0204930786 0.0201951765 0.0234576149 0.0182883929 0.0256572192 0.0109181587 0.0188867355 0.0133238603 0.0080517821 0.0158464062 0.0137114382 0.0219632127 0.0169305554 0.0268541664 0.0163446282 0.0163473372 0.0326898359 0.0084544164 0.035193163 0.0216168182 0.0171244324 0.0198778433 0.0033911725 0.0258758684 0.0176438657 0.0221946109 0.0282864086 0.014143856 0.0170596759 0.015520016
11 0.0244422283 0.0205333536 0.0335431479 0.0229502403 0.029282348 0.0147829798 0.0155202439 0.0189472787 0.021029165 0.018183686 0.0 0.011697749 0.0174917005 0.0223499114 0.0063747066 0.0166629947 0.0167570984 0.0180219806 0.0091378436 0.0150116516 0.0152786221 0.0185576255 0.0182708647 0.0165616027 0.0289178631 0.0154688731 0.0289138692 0.0267649657 0.010115452 0.0162431758 0.0209537458 0.0141869626 0.0164330086 0.0207399263 0.0111951202 0.0293296622 0.0054232065 0.0179402357 0.0247815753 0.0227306347 0.0101791449 0.0161549342 0.0092283658 0.0125307668 0.0231909033 0.0230449723 0.0203560488 0.0256346215 0.0223625606 0.0135817227 0.0211701852 0.0159381621 0.0201576874 0.0207943101 0.0141483149
12 0.0224005265 0.0214498683 0.0176888668 0.0240118429 0.0255014027 0.0228520821 0.0295814896 0.0061637664 0.032930878 0.0201337243 0.011697749 0.0 0.00768977 0.0223838144 0.0257879709 0.0106843149 0.0129681035 0.0163126632 0.0174068611 0.0109288659 0.0270178868 0.0244510587 0.0112996755 0.0187274629 0.0192614836 0.0104043034 0.0234219549 0.0224908356 0.0255565808 0.0195585717 0.0180075135 0.0109477637 0.0229471924 0.017939637 0.0153865303 0.0271208951 0.0104655154 0.0185910618 0.016319728 0.0301173587 0.0213437974 0.0148826729 0.0245350762 0.0304425618 0.0115196539 0.0212104223 0.0143496803 0.0078568809 0.0162966993 0.0129835604 0.0215522005 0.0226390871 0.0012102171 0.0201466237 0.0104232956
13 0.010805995 0.0106639007 0.0141489751 0.0236625922 0.0204919274 0.0138128628 0.0219575487 0.020942099 0.0292638037 0.0133296492 0.0174917005 0.00768977 0.0 0.0093019843 0.0197683359 0.016230896 0.0169387949 0.0205832908 0.008980642 0.0211998385 0.0160495834 0.0058473495 0.0298033905 0.0216750297 0.0047522839 0.0286161409 0.0154171985 0.0167737399 0.0105056304 0.0230532323 0.0183504222 0.025030299 0.0149882124 0.022652444 0.030602365 0.0256167413 0.0221627313 0.0270596054 0.0171033098 0.0040984308 0.0162300695 0.0248474284 0.0228721519 0.0343035736 0.0156384421 0.0334955298 0.0158210853 0.015070775 0.0189385587 0.0149761362 0.0112138393 0.0188058132 0.0272878891 0.0167614827 0.0163144779
14 0.0110069399 0.0280881822 0.0104483191 0.0139364828 0.0256091372 0.0062063728 0.0130122145 0.0092458886 0.0230719842 0.0168261562 0.0223499114 0.0223838144 0.0093019843 0.0 0.0231451386 0.0051074585 0.0142880471 0.0187687998 0.0217830798 0.0130861446 0.0071877227 0.0292284727 0.0214967928 0.0180094975 0.0272610517 0.0196196328 0.0155639434 0.0169901921 0.0259994973 0.0208891269 0.0269586604 0.0046558478 0.0136080701 0.011193745 0.0227216592 0.0184247381 0.025312491 0.0165205881 0.0178801003 0.0173703555 0.0213584661 0.0255922254 0.0238454988 0.0293072911 0.0118004403 0.016979528 0.0175057932 0.0272609764 0.017536835 0.0225714424 0.0143808954 0.0173700412 0.0191773118 0.0231684112 0.0275866025
15 0.0176487339 0.021219674 0.0224664261 0.0278949771 0.0125191532 0.016383106 0.0285612285 0.0102810443 0.0056651609 0.0229232108 0.0063747066 0.0257879709 0.0197683359 0.0231451386 0.0 0.0190938311 0.0156332887 0.016231178 0.0175177881 0.0119045691 0.0178344446 0.0165291321 0.0158262849 0.0110717099 0.0299543191 0.0218267388 0.0067999616 0.0206780644 0.0177870375 0.0257379823 0.0184511048 0.0258927279 0.0213386807 0.0240254452 0.0250662899 0.0228168058 0.0304435284 0.0280133398 0.0100920331 0.0166376028 0.0212918954 0.0160469041 0.0121332461 0.0147334395 0.0224015386 0.023503197 0.0253075765 0.0163987724 0.0084664663 0.0156667433 0.0101732575 0.013774903 0.0215969792 0.0205595167 0.0101028092
16 0.0244966076 0.0249798786 0.014853375 0.017925771 0.0310774751 0.0205095206 0.025933566 0.0140091812 0.0142453791 0.0109301286 0.0166629947 0.0106843149 0.016230896 0.0051074585 0.0190938311 0.0 0.03110366 0.0221321813 0.0053373618 0.0253578115 0.0097188589 0.0307491799 0.0273360301 0.0217865869 0.01958261 0.0105101749 0.005154486 0.0242291542 0.0121918518 0.0228115257 0.0227193829 0.0100137873 0.0109041035 0.0353967915 0.0074274868 0.0187547633 0.004335662 0.0103186873 0.0258699044 0.0140877581 0.0206224025 0.0225551737 0.0142745722 0.0174517548 0.0278131295 0.0115257806 0.0208261078 0.0190867723 0.0200085693 0.0207956151 0.0157763006 0.0193395615 0.0100964457 0.0342179709 0.0310396656
17 0.030309334 0.0246099223 0.017173537 0.027600873 0.0202810213 0.0130230552 0.0200162194 0.0107880051 0.0135400458 0.0244214584 0.0167570984 0.0129681035 0.0169387949 0.0142880471 0.0156332887 0.03110366 0.0 0.0210880449 0.0035439138 0.0173622595 0.0164261954 0.0251266424 0.0261298875 0.0212762867 0.0241455369 0.0230051877 0.0142170585 0.0174526623 0.0245583024 0.0249657093 0.0039352813 0.0280881437 0.0144208306 0.0253183639 0.0021968305 0.0293054491 0.0243252308 0.0244606958 0.0260857426 0.0266253305 0.0033947261 0.0078324139 0.0245536782 0.0119863677 0.0301542731 0.0055686655 0.0034189666 0.0147363308 0.0132866299 0.0159631207 0.0176798537 0.0202008543 0.0234880952 0.0134070077 0.0208169661
18 0.0169842434 0.0235742901 0.0226310177 0.0187528817 0.0291363887 0.0173802228 0.011943961 0.02565449 0.0108068731 0.0300054405 0.0180219806 0.0163126632 0.0205832908 0.0187687998 0.016231178 0.0221321813 0.0210880449 0.0 0.022829565 0.0186318306 0.0096928054 0.0265476393 0.0124494549 0.0222418436 0.0276085698 0.0221256047 0.0102724248 0.0287658996 0.0168397893 0.0158944372 0.0191483157 0.0277152714 0.0248809194 0.0265351124 0.0051115919 0.004786897 0.0259024635 0.0032482126 0.0092057623 0.0258243468 0.0066805276 0.0063326004 0.0123109936 0.0023400274 0.0237306127 0.003869748 0.0300625337 0.0259535127 0.013029987 0.0277090091 0.0147289325 0.0169145014 0.0238487903 0.025458421 0.0207630976
19 0.0263083165 0.0353515691 0.0207113488 0.0153276141 0.0229154786 0.0238725583 0.0198249438 0.0177276565 0.0160985761 0.0246002373 0.0091378436 0.0174068611 0.008980642 0.0217830798 0.0175177881 0.0053373618 0.0035439138 0.022829565 0.0 0.0279379077 0.0170248288 0.0189191033 0.0277826724 0.01855346 0.0067976936 0.014374815 0.0250896631 0.0106899397 0.0252350427 0.0192461224 0.0171679698 0.0279097019 0.0196324873 0.0229741807 0.0113716853 0.0228283759 0.0267114872 0.0237549274 0.0272635207 0.0115244102 0.0272944237 0.0020949947 0.021339665 0.0185379457 0.0196260778 0.0185330908 0.0192788838 0.0322035562 0.0156004471 0.008976464 0.0091956139 0.0148208007 0.0101332003 0.0225778006 0.0077216863
20 0.0046210394 0.0184284022 0.0181935849 0.0156544997 0.007631003 0.0110736954 0.021976545 0.0102578521 0.0141363796 0.0201298233 0.0150116516 0.0109288659 0.0211998385 0.0130861446 0.0119045691 0.0253578115 0.0173622595 0.0186318306 0.0279379077 0.0 0.0221116393 0.0150797923 0.0211500207 0.0202765084 0.0144000005 0.0219439833 0.0258083687 0.0198223142 0.0234167616 0.0212967835 0.0302355853 0.0181213981 0.0232810638 0.0118360313 0.009496272 0.020394954 0.0193239996 0.0124113464 0.033014673 0.0136599715 0.0135626433 0.0181360993 0.0226814754 0.0191594226 0.0279873032 0.0124655255 0.0244361314 0.0277063381 0.0267792714 0.0136607707 0.0151568822 0.0156459838 0.0169910287 0.0161062821 0.0289196714
21 0.0157114918 0.019543218 0.0204389444 0.0109883754 0.0153375598 0.0278824467 0.005821189 0.0184268388 0.0132559669 0.0242933365 0.0152786221 0.0270178868 0.0160495834 0.0071877227 0.0178344446 0.0097188589 0.0164261954 0.0096928054 0.0170248288 0.0221116393 0.0 0.0249907912 0.0253275185 0.0211568353 0.0111715719 0.0073483767 0.0098983881 0.0306585444 0.0053810831 0.006007697 0.0123314041 0.0232326758 0.0166257056 0.0178028258 0.0200990504 0.0150879536 0.0251782646 0.0183344525 0.0185951202 0.0215554837 0.0301726796 0.0210622119 0.0208758535 0.0063532683 0.0150803811 0.01610043 0.0276685991 0.0313967138 0.0281979344 0.0256946142 0.0330081947 0.0184162154 0.032555483 0.0183122139 0.0142795097
22 0.0134974813 0.0177753318 0.0103818734 0.0182462806 0.0192856108 0.0051762087 0.024858492 0.0193287878 0.0316379396 0.005225745 0.0185576255 0.0244510587 0.0058473495 0.0292284727 0.0165291321 0.0307491799 0.0251266424 0.0265476393 0.0189191033 0.0150797923 0.0249907912 0.0 0.0131974641 0.0282203373 0.0228993787 0.0180390179 0.0102345822 0.0228984879 0.0133675696 0.0198755958 0.005047768 0.0274661352 0.0215227787 0.0149907981 0.0186880715 0.0103740081 0.0283253602 0.0178820733 0.0260787229 0.0264207277 0.024100054 0.0059038384 0.0076274292 0.0122355977 0.0089382594 0.0176289342 0.0227480526 0.039086774 0.027401999 0.0069725825 0.021045057 0.0074001038 0.0398564947 0.0047862549 0.0072991534
23 0.0129096167 0.0226580439 0.021566641 0.0181904308 0.0234772997 0.0130068167 0.0069127753 0.0242199086 0.0129183502 0.0318929689 0.0182708647 0.0112996755 0.0298033905 0.0214967928 0.0158262849 0.0273360301 0.0261298875 0.0124494549 0.0277826724 0.0211500207 0.0253275185 0.0131974641 0.0 0.0330294067 0.0106298148 0.0162647941 0.0160677386 0.0188543018 0.0209289223 0.0168897184 0.0186595626 0.0338820094 0.0148863496 0.0045668276 0.0225944009 0.01440863 0.0166335933 0.0058534632 0.0188150995 0.0173322762 0.0176514183 0.032170186 0.0260594161 0.0035893421 0.0138030786 0.0192230655 0.0214549292 0.0114072096 0.0218532435 0.0235851013 0.009716046 0.0162851075 0.0199216664 0.0090005164 0.0161598561
24 0.0091847539 0.0152811286 0.0205034334 0.0103852865 0.018323426 0.0189995572 0.0177467711 0.0238157416 0.0071351213 0.0156890612 0.0165616027 0.0187274629 0.0216750297 0.0180094975 0.0110717099 0.0217865869 0.0212762867 0.0222418436 0.01855346 0.0202765084 0.0211568353 0.0282203373 0.0330294067 0.0 0.0254720746 0.0270209286 0.0256859608 0.0136479671 0.0247250332 0.0242746329 0.0230038359 0.0303961108 0.0208164769 0.0312965225 0.0283607064 0.0156157508 0.023484546 0.0219332596 0.0173835555 0.0271465288 0.0224361431 0.0033868739 0.0171654411 0.0026718412 0.0038773598 0.0297890796 0.0117779068 0.0163577627 0.0251446379 0.0063471342 0.0081627271 0.0165202373 0.0034455886 0.0038016704 0.0192008574
25 0.0228551276 0.007716819 0.0191138569 0.0244517098 0.0281050566 0.0127454326 0.0083184506 0.0224069598 0.0097597733 0.0127831997 0.0289178631 0.0192614836 0.0047522839 0.0272610517 0.0299543191 0.01958261 0.0241455369 0.0276085698 0.0067976936 0.0144000005 0.0111715719 0.0228993787 0.0106298148 0.0254720746 0.0 0.0261146766 0.0153476618 0.0040179283 0.034790507 0.0124542451 0.0209329249 0.0199838939 0.0077939157 0.014100621 0.015788348 0.0258023929 0.031418979 0.0081579859 0.0148069724 0.016858643 0.0097394752 0.0170347436 0.0172523353 0.0112952626 0.0381377859 0.0112905578 0.0281340304 0.020702455 0.0145109199 0.0022542169 0.0265203588 0.0204702644 0.0120917744 0.0249015729 0.0361839139
26 0.0210092427 0.0119030518 0.0059899988 0.0216425176 0.0285441407 0.0263158463 0.0195829068 0.0247593279 0.0167937768 0.0204930786 0.0154688731 0.0104043034 0.0286161409 0.0196196328 0.0218267388 0.0105101749 0.0230051877 0.0221256047 0.014374815 0.0219439833 0.0073483767 0.0180390179 0.0162647941 0.0270209286 0.0261146766 0.0 0.0248112938 0.0201909629 0.0077714535 0.0157695689 0.0212033693 0.0336415042 0.012369169 0.0214929485 0.0270340382 0.011489165 0.0087492123 0.0215968735 0.0131358939 0.0171160776 0.019031739 0.0192778549 0.0175528985 0.0206929317 0.0245898997 0.0135893484 0.0201304306 0.0176975713 0.0053618301 0.0070543413 0.0346805134 0.0246015088 0.0176119679 0.0023735551 0.0196649417
27 0.0301778208 0.0122707395 0.0222797988 0.0171672711 0.0133679181 0.0232512833 0.0104400737 0.0171703565 0.0199331415 0.0201951765 0.0289138692 0.0234219549 0.0154171985 0.0155639434 0.0067999616 0.005154486 0.0142170585 0.0102724248 0.0250896631 0.0258083687 0.0098983881 0.0102345822 0.0160677386 0.0256859608 0.0153476618 0.0248112938 0.0 0.0175719897 0.02321284 0.0304722305 0.0205579837 0.0119636756 0.0162315474 0.0220912897 0.0209095337 0.0168618488 0.0195623278 0.0210853924 0.0144047448 0.0053484848 0.0046241989 0.0278879368 0.0211944653 0.0264793758 0.0074164117 0.0273831194 0.0012100158 0.0336601185 0.0341962467 0.0142853155 0.0202570229 0.0219044338 0.0129077487 0.0198915872 0.0274699803
28 0.0309245312 0.0200226818 0.0256049151 0.0165430161 0.0097194075 0.0217430046 0.0112186445 0.0128012246 0.0148592207 0.0234576149 0.0267649657 0.0224908356 0.0167737399 0.0169901921 0.0206780644 0.0242291542 0.0174526623 0.0287658996 0.0106899397 0.0198223142 0.0306585444 0.0228984879 0.0188543018 0.0136479671 0.0040179283 0.0201909629 0.0175719897 0.0 0.0020619989 0.0249548304 0.0169385123 0.0038496235 0.0222301508 0.0242103074 0.0135722419 0.0108875183 0.0194709213 0.0180758437 0.0007593466 0.0178926424 0.0238047351 0.028688968 0.0213957507 0.0117072322 0.0114213683 0.02083968 0.0155292776 0.0217689704 0.0250243187 0.0109727434 0.0294037294 0.0271921994 0.0159209329 0.0223053019 0.0197286434
29 0.0145954576 0.0196315163 0.0069397022 0.0213994973 0.0172752765 0.0192839378 0.0088520363 0.0205921087 0.0222171303 0.0182883929 0.010115452 0.0255565808 0.0105056304 0.0259994973 0.0177870375 0.0121918518 0.0245583024 0.0168397893 0.0252350427 0.0234167616 0.0053810831 0.0133675696 0.0209289223 0.0247250332 0.034790507 0.0077714535 0.02321284 0.0020619989 0.0 0.0179164582 0.0201062216 0.0139925369 0.0272403197 0.0157076867 0.0053611605 0.0155229639 0.0218107724 0.0139645755 0.0335425393 0.0277402149 0.0263195933 0.0218785687 0.0119985183 0.023735277 0.0126905105 0.022418527 0.0227082619 0.006802703 0.0299951805 0.022741058 0.0363780088 0.019138296 0.0162354902 0.008914744 0.0116194038
30 0.0211270824 0.0267576328 0.019008208 0.0113115346 0.0192488759 0.0045154388 0.0293437253 0.020979311 0.0154803482 0.0256572192 0.0162431758 0.0195585717 0.0230532323 0.0208891269 0.0257379823 0.0228115257 0.0249657093 0.0158944372 0.0192461224 0.0212967835 0.006007697 0.0198755958 0.0168897184 0.0242746329 0.0124542451 0.0157695689 0.0304722305 0.0249548304 0.0179164582 0.0 0.0098741223 0.01579576 0.0263836153 0.0255593441 0.0305687082 0.0184685762 0.0179551634 0.0134774232 0.0342681394 0.0119657713 0.0262889719 0.023165427 0.0113914278 0.0200124766 0.0286668069 0.0171129753 0.0169647595 0.00478065 0.0083607875 0.0068533836 0.0162816259 0.0077594864 0.0121738626 0.0072830224 0.0168466929
31 0.0279402244 0.023838295 0.0213351294 0.0269944526 0.0096319525 0.0333210593 0.0184155043 0.0034275606 0.0138857952 0.0109181587 0.0209537458 0.0180075135 0.0183504222 0.0269586604 0.0184511048 0.0227193829 0.0039352813 0.0191483157 0.0171679698 0.0302355853 0.0123314041 0.005047768 0.0186595626 0.0230038359 0.0209329249 0.0212033693 0.0205579837 0.0169385123 0.0201062216 0.0098741223 0.0 0.0222643291 0.0062465895 0.0025542951 0.0265247189 0.0175389176 0.0345078505 0.0035061409 0.025742903 0.0152211998 0.0310203154 0.0156927064 0.0172913808 0.0285199236 0.0248118125 0.0142817612 0.0178078654 0.0124941613 0.0215198119 0.0227362096 0.0200910131 0.0178176555 0.0058535099 0.0256417539 0.0160213565
32 0.0306464424 0.0084481488 0.013973183 0.014756824 0.0074126729 0.0319056417 0.0166785234 0.0197296355 0.0244361083 0.0188867355 0.0141869626 0.0109477637 0.025030299 0.0046558478 0.0258927279 0.0100137873 0.0280881437 0.0277152714 0.0279097019 0.0181213981 0.0232326758 0.0274661352 0.0338820094 0.0303961108 0.0199838939 0.0336415042 0.0119636756 0.0038496235 0.0139925369 0.01579576 0.0222643291 0.0 0.0121086003 0.0061864436 0.0210433348 0.0283669541 0.0083795427 0.007456792 0.0175432816 0.032548069 0.0216179193 0.0145072617 0.0192818739 0.0128315489 0.0052494267 0.0080560769 0.0109980085 0.0032293209 0.0247254418 0.02533988 0.0196148814 0.0260084726 0.0251458289 0.0113173532 0.0225396138
33 0.0139412413 0.0163616652 0.0165266138 0.0209919066 0.0078449508 0.0182029923 0.0300741509 0.0306249067 0.0035194083 0.0133238603 0.0164330086 0.0229471924 0.0149882124 0.0136080701 0.0213386807 0.0109041035 0.0144208306 0.0248809194 0.0196324873 0.0232810638 0.0166257056 0.0215227787 0.0148863496 0.0208164769 0.0077939157 0.012369169 0.0162315474 0.0222301508 0.0272403197 0.0263836153 0.0062465895 0.0121086003 0.0 0.0317914671 0.0078601545 0.0298285776 0.0071205033 0.0208071269 0.015764298 0.0088928002 0.0198450227 0.0158255359 0.0199451114 0.0157391068 0.0233541017 0.0045934572 0.0214492916 0.0335464425 0.018917766 0.0253133054 0.0299682111 0.0097556756 0.0221772269 0.0374741472 0.021729187
34 0.0112108821 0.0073691142 0.018399675 0.0221245255 0.0053904519 0.0077893031 0.0252746328 0.0173216862 0.0229426487 0.0080517821 0.0207399263 0.017939637 0.022652444 0.011193745 0.0240254452 0.0353967915 0.0253183639 0.0265351124 0.0229741807 0.0118360313 0.0178028258 0.0149907981 0.0045668276 0.0312965225 0.014100621 0.0214929485 0.0220912897 0.0242103074 0.0157076867 0.0255593441 0.0025542951 0.0061864436 0.0317914671 0.0 0.0307106532 0.0088873313 0.0177914386 0.0193951546 0.0163083204 0.0220680695 0.0271330059 0.0051698373 0.0234822917 0.01625408 0.0195101677 0.009346596 0.0225953221 0.0145014644 0.0205999446 0.0153185428 0.0095194643 0.0251626111 0.0344358048 0.0312132446 0.013758899
35 0.0054111695 0.0069038964 0.0256683904 0.0145629748 0.0204486421 0.0289124815 0.0103107947 0.0207780613 0.0300752273 0.0158464062 0.0111951202 0.0153865303 0.030602365 0.0227216592 0.0250662899 0.0074274868 0.0021968305 0.0051115919 0.0113716853 0.009496272 0.0200990504 0.0186880715 0.0225944009 0.0283607064 0.015788348 0.0270340382 0.0209095337 0.0135722419 0.0053611605 0.0305687082 0.0265247189 0.0210433348 0.0078601545 0.0307106532 0.0 0.0147352987 0.0147866078 0.0138480418 0.0134166251 0.0230526528 0.0319978295 0.0212257051 0.0084952012 0.0194065692 0.0277293323 0.019449715 0.0282930035 0.021074912 0.018108311 0.0298450062 0.0247793369 0.0195845061 0.0180375437 0.0221589662 0.00136584
36 0.0227820767 0.0315910312 0.0038303971 0.0150525894 0.0165492442 0.0191853059 0.0190033338 0.0159061968 0.0181339721 0.0137114382 0.0293296622 0.0271208951 0.0256167413 0.0184247381 0.0228168058 0.0187547633 0.0293054491 0.004786897 0.0228283759 0.020394954 0.0150879536 0.0103740081 0.01440863 0.0156157508 0.0258023929 0.011489165 0.0168618488 0.0108875183 0.0155229639 0.0184685762 0.0175389176 0.0283669541 0.0298285776 0.0088873313 0.0147352987 0.0 0.0181628492 0.0155895867 0.0141625956 0.0211834828 0.0174144723 0.0245847417 0.0175048918 0.0197555615 0.0231928831 0.0306125025 0.0114389669 0.0137838623 0.012658837 0.0299973024 0.0205564047 0.0220979191 0.0281011153 0.0036077842 0.0065934869
37 0.0278220059 0.0139859169 0.0142699096 0.0203054456 0.005984712 0.027985151 0.0177443142 0.019080073 0.0258244997 0.0219632127 0.0054232065 0.0104655154 0.0221627313 0.025312491 0.0304435284 0.004335662 0.0243252308 0.0259024635 0.0267114872 0.0193239996 0.0251782646 0.0283253602 0.0166335933 0.023484546 0.031418979 0.0087492123 0.0195623278 0.0194709213 0.0218107724 0.0179551634 0.0345078505 0.0083795427 0.0071205033 0.0177914386 0.0147866078 0.0181628492 0.0 0.0129283584 0.0174842061 0.0187610597 0.0225779985 0.0132621997 0.011219296 0.023504683 0.0351914067 0.0156136482 0.0075309996 0.0064580534 0.0083315447 0.0264089459 0.0229163827 0.0155571598 0.0295455498 0.0036241072 0.0063749118
38 0.0291911396 0.0184116794 0.0251651209 0.0106831349 0.0184230044 0.0147103984 0.0230365818 0.0215008632 0.0252637984 0.0169305554 0.0179402357 0.0185910618 0.0270596054 0.0165205881 0.0280133398 0.0103186873 0.0244606958 0.0032482126 0.0237549274 0.0124113464 0.0183344525 0.0178820733 0.0058534632 0.0219332596 0.0081579859 0.0215968735 0.0210853924 0.0180758437 0.0139645755 0.0134774232 0.0035061409 0.007456792 0.0208071269 0.0193951546 0.0138480418 0.0155895867 0.0129283584 0.0 0.0270251094 0.0073725274 0.018057689 0.0204366669 0.0286245588 0.0173827168 0.0103755222 0.010451754 0.0208225986 0.0257289911 0.0274625403 0.0245650037 0.0332604848 0.0158590251 0.0204378243 0.030892674 0.0217167926
39 0.0039095334 0.0262141902 0.010694061 0.0131430438 0.0269053062 0.0227650316 0.024115707 0.0168884949 0.0187005855 0.0268541664 0.0247815753 0.016319728 0.0171033098 0.0178801003 0.0100920331 0.0258699044 0.0260857426 0.0092057623 0.0272635207 0.033014673 0.0185951202 0.0260787229 0.0188150995 0.0173835555 0.0148069724 0.0131358939 0.0144047448 0.0007593466 0.0335425393 0.0342681394 0.025742903 0.0175432816 0.015764298 0.0163083204 0.0134166251 0.0141625956 0.0174842061 0.0270251094 0.0 0.0198316092 0.0190844723 0.0113019387 0.021226878 0.0248896029 0.0174684545 0.0206458229 0.0084157956 0.0014734709 0.0190327272 0.0333660461 0.010017111 0.0079655452 0.0178704512 0.0206710821 0.0096950485
40 0.0166403481 0.0275631833 0.0264830567 0.0091948104 0.0144032684 0.0189105058 0.0305338916 0.0156364943 0.0268711017 0.0163446282 0.0227306347 0.0301173587 0.0040984308 0.0173703555 0.0166376028 0.0140877581 0.0266253305 0.0258243468 0.0115244102 0.0136599715 0.0215554837 0.0264207277 0.0173322762 0.0271465288 0.016858643 0.0171160776 0.0053484848 0.0178926424 0.0277402149 0.0119657713 0.0152211998 0.032548069 0.0088928002 0.0220680695 0.0230526528 0.0211834828 0.0187610597 0.0073725274 0.0198316092 0.0 0.0070188911 0.0225964314 0.0251980346 0.0027055865 0.0333948443 0.016601492 0.0138092332 0.0089596102 0.0063612695 0.0187564188 0.0167175524 0.0305198337 0.0145910313 0.0081726469 0.0310313152
41 0.0072732232 0.0272328913 0.008136771 0.0294525091 0.0139684602 0.0081515884 0.0124318142 0.0170242894 0.0235041951 0.0163473372 0.0101791449 0.0213437974 0.0162300695 0.0213584661 0.0212918954 0.0206224025 0.0033947261 0.0066805276 0.0272944237 0.0135626433 0.0301726796 0.024100054 0.0176514183 0.0224361431 0.0097394752 0.019031739 0.0046241989 0.0238047351 0.0263195933 0.0262889719 0.0310203154 0.0216179193 0.0198450227 0.0271330059 0.0319978295 0.0174144723 0.0225779985 0.018057689 0.0190844723 0.0070188911 0.0 0.012026921 0.0116414254 0.0220753633 0.0268004836 0.0179596773 0.0280623919 0.0124880534 0.0203236615 0.0193360544 0.0030170403 0.0264913075 0.0146822376 0.022526289 0.0171512937
42 0.0270225471 0.0281225399 0.0308498138 0.0224505792 0.0114151817 0.0253792117 0.0325368069 0.0205691508 0.0283029305 0.0326898359 0.0161549342 0.0148826729 0.0248474284 0.0255922254 0.0160469041 0.0225551737 0.0078324139 0.0063326004 0.0020949947 0.0181360993 0.0210622119 0.0059038384 0.032170186 0.0033868739 0.0170347436 0.0192778549 0.0278879368 0.028688968 0.0218785687 0.023165427 0.0156927064 0.0145072617 0.0158255359 0.0051698373 0.0212257051 0.0245847417 0.0132621997 0.0204366669 0.0113019387 0.0225964314 0.012026921 0.0 0.0148274263 0.0109016774 0.0222890263 0.0185523504 0.0296674089 0.0047979199 0.0160586304 0.0139820157 0.0205643918 0.0155449162 0.0068041521 0.0220849522 0.0130245326
43 0.0107360313 0.0142750885 0.027216459 0.0185362643 0.02054668 0.0205775982 0.0240908081 0.0314174643 0.0212754009 0.0084544164 0.0092283658 0.0245350762 0.0228721519 0.0238454988 0.0121332461 0.0142745722 0.0245536782 0.0123109936 0.021339665 0.0226814754 0.0208758535 0.0076274292 0.0260594161 0.0171654411 0.0172523353 0.0175528985 0.0211944653 0.0213957507 0.0119985183 0.0113914278 0.0172913808 0.0192818739 0.0199451114 0.0234822917 0.0084952012 0.0175048918 0.011219296 0.0286245588 0.021226878 0.0251980346 0.0116414254 0.0148274263 0.0 0.0276478226 0.0174859983 0.0270790164 0.016010815 0.0262647807 0.0085071052 0.0221206227 0.0238314129 0.0112012834 0.0128106025 0.0213117922 0.0095759084
44 0.0220608412 0.0174123508 0.0345968212 0.0309197881 0.0071630823 0.0237419597 0.0136722981 0.0198680201 0.0106651855 0.035193163 0.0125307668 0.0304425618 0.0343035736 0.0293072911 0.0147334395 0.0174517548 0.0119863677 0.0023400274 0.0185379457 0.0191594226 0.0063532683 0.0122355977 0.0035893421 0.0026718412 0.0112952626 0.0206929317 0.0264793758 0.0117072322 0.023735277 0.0200124766 0.0285199236 0.0128315489 0.0157391068 0.01625408 0.0194065692 0.0197555615 0.023504683 0.0173827168 0.0248896029 0.0027055865 0.0220753633 0.0109016774 0.0276478226 0.0 0.0275824275 0.0378528587 0.0147376952 0.0259769955 0.0091131586 0.0169986837 0.0182206622 0.0158083906 0.0081530548 0.0318805337 0.0072020307
45 0.0327691637 0.0268642697 0.0090350939 0.0139724861 0.014000087 0.0110894088 0.0091078996 0.0169619351 0.0232572127 0.0216168182 0.0231909033 0.0115196539 0.0156384421 0.0118004403 0.0224015386 0.0278131295 0.0301542731 0.0237306127 0.0196260778 0.0279873032 0.0150803811 0.0089382594 0.0138030786 0.0038773598 0.0381377859 0.0245898997 0.0074164117 0.0114213683 0.0126905105 0.0286668069 0.0248118125 0.0052494267 0.0233541017 0.0195101677 0.0277293323 0.0231928831 0.0351914067 0.0103755222 0.0174684545 0.0333948443 0.0268004836 0.0222890263 0.0174859983 0.0275824275 0.0 0.0103462686 0.004771089 0.0135474977 0.0057078044 0.0209673637 0.0051678436 0.0119598257 0.0054627994 0.0209070158 0.0295679934
46 0.0212967151 0.0091318607 0.0113153163 0.02075041 0.0133331202 0.0157224036 0.0202462751 0.0161587479 0.0238920433 0.0171244324 0.0230449723 0.0212104223 0.0334955298 0.016979528 0.023503197 0.0115257806 0.0055686655 0.003869748 0.0185330908 0.0124655255 0.01610043 0.0176289342 0.0192230655 0.0297890796 0.0112905578 0.0135893484 0.0273831194 0.02083968 0.022418527 0.0171129753 0.0142817612 0.0080560769 0.0045934572 0.009346596 0.019449715 0.0306125025 0.0156136482 0.010451754 0.0206458229 0.016601492 0.0179596773 0.0185523504 0.0270790164 0.0378528587 0.0103462686 0.0 0.0214548937 0.0309718877 0.0363212277 0.0252235434 0.0026048266 0.0250976955 0.0195767746 0.0222175957 0.0205450563
47 0.0105588397 0.0154463725 0.0063324978 0.0224443258 0.0188674194 0.0052447599 0.0069381754 0.0213958365 0.015032779 0.0198778433 0.0203560488 0.0143496803 0.0158210853 0.0175057932 0.0253075765 0.0208261078 0.0034189666 0.0300625337 0.0192788838 0.0244361314 0.0276685991 0.0227480526 0.0214549292 0.0117779068 0.0281340304 0.0201304306 0.0012100158 0.0155292776 0.0227082619 0.0169647595 0.0178078654 0.0109980085 0.0214492916 0.0225953221 0.0282930035 0.0114389669 0.0075309996 0.0208225986 0.0084157956 0.0138092332 0.0280623919 0.0296674089 0.016010815 0.0147376952 0.004771089 0.0214548937 0.0 0.0104600187 0.0299084654 0.0262439678 0.0229660979 0.0282067949 0.0237920599 0.0313190031 0.0274102933
48 0.006019547 0.017098042 0.032002317 0.0165659372 0.0324712331 0.0305631482 0.0160020518 0.0180420493 0.0233670066 0.0033911725 0.0256346215 0.0078568809 0.015070775 0.0272609764 0.0163987724 0.0190867723 0.0147363308 0.0259535127 0.0322035562 0.0277063381 0.0313967138 0.039086774 0.0114072096 0.0163577627 0.020702455 0.0176975713 0.0336601185 0.0217689704 0.006802703 0.00478065 0.0124941613 0.0032293209 0.0335464425 0.0145014644 0.021074912 0.0137838623 0.0064580534 0.0257289911 0.0014734709 0.0089596102 0.0124880534 0.0047979199 0.0262647807 0.0259769955 0.0135474977 0.0309718877 0.0104600187 0.0 0.0229584376 0.0083470204 0.0168986368 0.0272131781 0.0123520168 0.0177656364 0.0176156617
49 0.0190365284 0.0228508367 0.015991249 0.005181683 0.0132566787 0.0227128131 0.0148229364 0.0157610796 0.0111511818 0.0258758684 0.0223625606 0.0162966993 0.0189385587 0.017536835 0.0084664663 0.0200085693 0.0132866299 0.013029987 0.0156004471 0.0267792714 0.0281979344 0.027401999 0.0218532435 0.0251446379 0.0145109199 0.0053618301 0.0341962467 0.0250243187 0.0299951805 0.0083607875 0.0215198119 0.0247254418 0.018917766 0.0205999446 0.018108311 0.012658837 0.0083315447 0.0274625403 0.0190327272 0.0063612695 0.0203236615 0.0160586304 0.0085071052 0.0091131586 0.0057078044 0.0363212277 0.0299084654 0.0229584376 0.0 0.0215086303 0.009700747 0.0240719486 0.0183367388 0.0129837642 0.0277875084
50 0.0125432798 0.0053515154 0.0248800076 0.0120352022 0.0128674695 0.0219861748 0.0249218038 0.0230794941 0.0319421689 0.0176438657 0.0135817227 0.0129835604 0.0149761362 0.0225714424 0.0156667433 0.0207956151 0.0159631207 0.0277090091 0.008976464 0.0136607707 0.0256946142 0.0069725825 0.0235851013 0.0063471342 0.0022542169 0.0070543413 0.0142853155 0.0109727434 0.022741058 0.0068533836 0.0227362096 0.02533988 0.0253133054 0.0153185428 0.0298450062 0.0299973024 0.0264089459 0.0245650037 0.0333660461 0.0187564188 0.0193360544 0.0139820157 0.0221206227 0.0169986837 0.0209673637 0.0252235434 0.0262439678 0.0083470204 0.0215086303 0.0 0.0228877637 0.0131586625 0.0290693492 0.0021029738 0.0255106302
51 0.0234359133 0.0096536834 0.0253299081 0.021774752 0.0323680328 0.0150007877 0.0321009458 0.0198649521 0.0043853149 0.0221946109 0.0211701852 0.0215522005 0.0112138393 0.0143808954 0.0101732575 0.0157763006 0.0176798537 0.0147289325 0.0091956139 0.0151568822 0.0330081947 0.021045057 0.009716046 0.0081627271 0.0265203588 0.0346805134 0.0202570229 0.0294037294 0.0363780088 0.0162816259 0.0200910131 0.0196148814 0.0299682111 0.0095194643 0.0247793369 0.0205564047 0.0229163827 0.0332604848 0.010017111 0.0167175524 0.0030170403 0.0205643918 0.0238314129 0.0182206622 0.0051678436 0.0026048266 0.0229660979 0.0168986368 0.009700747 0.0228877637 0.0 0.0068843904 0.0276142841 0.0083217071 0.0112892071
52 0.0143659572 0.0233082127 0.0264877697 0.0120310197 0.0136080652 0.0176516625 0.0174937623 0.0166070105 0.021809659 0.0282864086 0.0159381621 0.0226390871 0.0188058132 0.0173700412 0.013774903 0.0193395615 0.0202008543 0.0169145014 0.0148208007 0.0156459838 0.0184162154 0.0074001038 0.0162851075 0.0165202373 0.0204702644 0.0246015088 0.0219044338 0.0271921994 0.019138296 0.0077594864 0.0178176555 0.0260084726 0.0097556756 0.0251626111 0.0195845061 0.0220979191 0.0155571598 0.0158590251 0.0079655452 0.0305198337 0.0264913075 0.0155449162 0.0112012834 0.0158083906 0.0119598257 0.0250976955 0.0282067949 0.0272131781 0.0240719486 0.0131586625 0.0068843904 0.0 0.0128812073 0.029704222 0.0146606854
53 0.0144537349 0.0258921972 0.0103439324 0.023967055 0.0269330424 0.0153667788 0.0042346857 0.0148558619 0.0245588604 0.014143856 0.0201576874 0.0012102171 0.0272878891 0.0191773118 0.0215969792 0.0100964457 0.0234880952 0.0238487903 0.0101332003 0.0169910287 0.032555483 0.0398564947 0.0199216664 0.0034455886 0.0120917744 0.0176119679 0.0129077487 0.0159209329 0.0162354902 0.0121738626 0.0058535099 0.0251458289 0.0221772269 0.0344358048 0.0180375437 0.0281011153 0.0295455498 0.0204378243 0.0178704512 0.0145910313 0.0146822376 0.0068041521 0.0128106025 0.0081530548 0.0054627994 0.0195767746 0.0237920599 0.0123520168 0.0183367388 0.0290693492 0.0276142841 0.0128812073 0.0 0.0373280114 0.0234821666
54 0.0280194697 0.0080976004 0.0010402242 0.0346222317 0.0053252937 0.0220732856 0.0149426794 0.00597208 0.0112254649 0.0170596759 0.0207943101 0.0201466237 0.0167614827 0.0231684112 0.0205595167 0.0342179709 0.0134070077 0.025458421 0.0225778006 0.0161062821 0.0183122139 0.0047862549 0.0090005164 0.0038016704 0.0249015729 0.0023735551 0.0198915872 0.0223053019 0.008914744 0.0072830224 0.0256417539 0.0113173532 0.0374741472 0.0312132446 0.0221589662 0.0036077842 0.0036241072 0.030892674 0.0206710821 0.0081726469 0.022526289 0.0220849522 0.0213117922 0.0318805337 0.0209070158 0.0222175957 0.0313190031 0.0177656364 0.0129837642 0.0021029738 0.0083217071 0.029704222 0.0373280114 0.0 0.0416264726
55 0.0163849214 0.023277654 0.0283256432 0.0173298749 0.0226635905 0.0074489479 0.0296306988 0.0068932891 0.0189599331 0.015520016 0.0141483149 0.0104232956 0.0163144779 0.0275866025 0.0101028092 0.0310396656 0.0208169661 0.0207630976 0.0077216863 0.0289196714 0.0142795097 0.0072991534 0.0161598561 0.0192008574 0.0361839139 0.0196649417 0.0274699803 0.0197286434 0.0116194038 0.0168466929 0.0160213565 0.0225396138 0.021729187 0.013758899 0.00136584 0.0065934869 0.0063749118 0.0217167926 0.0096950485 0.0310313152 0.0171512937 0.0130245326 0.0095759084 0.0072020307 0.0295679934 0.0205450563 0.0274102933 0.0176156617 0.0277875084 0.0255106302 0.0112892071 0.0146606854 0.0234821666 0.0416264726 0.0
