64
1 0.0014793233 0.0156959813 0.015610082 0.0088794745 0.0113963798 0.0257396278 0.0213036554 0.0156832674 0.0128530351 0.0072466293 0.0107034691 0.0176106031 0.0128533528 0.0202929889 0.013211533 0.0135530474 0.0220587239 0.0180054842 0.024041705 0.023278667 0.0055137822 0.0052141275 0.0092802349 0.0149032523 0.0146930393 0.0271371474 0.0119526408 0.0085484826 0.0137417882 0.0161808535 0.0182713617 0.0247259187 0.0248617605 0.0218610847 0.0160665928 0.0130345894 0.0176224869 0.0077351577 0.0114995757 0.0190455777 0.0190031761 0.0174408905 0.0240537034 0.0082243434 0.0225325185 0.0185579266 0.0086152775 0.0215324354 0.00653245 0.0262137319 0.0105114771 0.0184210553 0.0118574735 0.0154835243 0.0168071451 0.0132715724 0.0129369903 0.0167134159 0.0223042311 0.0110444401 0.0269778911 0.012451478 0.0180376814 0.0070886861 
2 0.0156959813 0.0181105858 0.0288458771 0.0072383817 0.0096129843 0.0084022633 0.0153177598 0.0123254614 0.0087138662 0.0260207843 0.0125192519 0.0205092302 0.0074754208 0.0110430328 0.0118598812 0.0118933903 0.0174105187 0.0080952288 0.0247556708 0.0168363446 0.0165997623 0.0235132482 0.0159590381 0.0138757014 0.0120088566 0.0147257771 0.0143339572 0.0168558256 0.0136593304 0.0127932364 0.0288974601 0.0066953959 0.0161304527 0.020106406 0.0094232752 0.0147811243 0.0225911308 0.0181908192 0.0054136078 0.0151083225 0.0058940141 0.0182387363 0.0088103092 0.0162498172 0.0171473805 0.0149689581 0.012902214 0.01227255 0.0133383945 0.0109697517 0.0216335202 0.0163962993 0.0128403218 0.0178180418 0.0280916365 0.0167228585 0.0184318351 0.0131760096 0.0218080392 0.0212410968 0.0174287294 0.0203058659 0.0137516816 0.0252172959 
3 0.015610082 0.0288458771 0.0074728536 0.0185585515 0.0148051617 0.0137524469 0.0091735095 0.0165558309 0.0129001785 0.0084319157 0.0100017568 0.0071898709 0.0140022874 0.0096588289 0.0109918409 0.014900671 0.0100218374 0.0184018315 0.0157143304 0.0049993108 0.0313142669 0.0129033135 0.0059147742 0.0152342793 0.0102949855 0.0107508963 0.0124479118 0.0118784449 0.0185154166 0.010963703 0.0161237235 0.016460967 0.0217741464 0.0048264132 0.0170077787 0.0283445653 0.0094151109 0.0115110964 0.0188772244 0.0342937291 0.0238461482 0.0211689082 0.0065999944 0.0192423535 0.0242785744 0.0071132936 0.0355466197 0.0153368689 0.0158925249 0.0086205657 0.0142316993 0.0145887264 0.0180649116 0.0266567076 0.0270156109 0.0192863621 0.0104409523 0.0166683793 0.0129348452 0.0239953389 0.0073726208 0.0130956795 0.0169631139 0.0201974806 
4 0.0088794745 0.0072383817 0.0185585515 0.0145475217 0.0183863243 0.0198836417 0.0058747067 0.023161351 0.0159182391 0.0122451815 0.0122888906 0.0177750242 0.0209245184 0.0131527735 0.0166938056 0.0075992395 0.0134013635 0.0201954924 0.0121472506 0.0145111263 0.0159741263 0.0124196902 0.0167379478 0.0070118114 0.0258450828 0.0095836091 0.0196849893 0.0179172273 0.0206348686 0.0106707052 0.0153108999 0.0185299078 0.0169078957 0.0181376844 0.0194417552 0.0343686397 0.0092443586 0.0266099675 0.0180186515 0.0103988876 0.0048996906 0.0271408014 0.016994244 0.0188664907 0.0167025866 0.0251566718 0.0155675914 0.0072618637 0.0135955073 0.016517399 0.0198612628 0.0249814594 0.005902015 0.0142942535 0.0198884619 0.0168034026 0.011163258 0.0093376799 0.0090772161 0.0082646874 0.0121853296 0.0242725547 0.0200924062 0.0043416022 
5 0.0113963798 0.0096129843 0.0148051617 0.0183863243 0.0192284462 0.0268913368 0.0142171161 0.0061751997 0.0195573313 0.0297736358 0.016497079 0.0024357814 0.0158929155 0.0105503442 0.0114162214 0.0123829919 0.0182456211 0.0083512828 0.0159690032 0.020985295 0.015352319 0.0127953287 0.0194333722 0.0127695808 0.0150754161 0.0202232292 0.0238475792 0.0105948229 0.0302948601 0.0131900439 0.0157349847 0.0137939041 0.0064981406 0.015144003 0.0158957965 0.0153164122 0.0087639428 0.0063645165 0.0195923114 0.0107194981 0.019526718 0.0050209723 0.0157632358 0.0247034027 0.021184246 0.0148330155 0.0181926068 0.008607166 0.0171825282 0.0254293333 0.0185008267 0.0150911767 0.0052017181 0.0191020302 0.0180072755 0.0221127111 0.0156086237 0.0173215809 0.0140452092 0.0238568717 0.017144725 0.0102429575 0.0151187486 0.0140318068 
6 0.0257396278 0.0084022633 0.0137524469 0.0198836417 0.0268913368 0.0075953773 0.0099775642 0.0219102184 0.0197271763 0.0112297158 0.0156720974 0.011184185 0.0147196806 0.0058843909 0.0225833701 0.0119962541 0.011878238 0.0191943569 0.0163713551 0.0160566752 0.0089459621 0.0130396761 0.0190804438 0.0139819789 0.0046647062 0.0107825121 0.0161394415 0.0174098348 0.010006001 0.0226827292 0.0082272534 0.0131859049 0.0180633743 0.0330685196 0.027966707 0.0181780711 0.0169273721 0.0061810352 0.0228240201 0.0039112935 0.0042345774 0.004355306 0.0203512829 0.0167614346 0.0238220687 0.0187130394 0.0109282821 0.0047134831 0.0180855529 0.0194836354 0.0208387377 0.0331692145 0.0167575542 0.0063777864 0.0050053708 0.0094404473 0.0203477569 0.012811867 0.0184149333 0.0230020142 0.0133685545 0.0264345704 0.0187176214 0.0179481003 
7 0.0213036554 0.0153177598 0.0091735095 0.0058747067 0.0142171161 0.0099775642 0.0 0.0212742775 0.024620291 0.0192311071 0.0250338352 0.0319620533 0.0210062033 0.0139835469 0.0023958782 0.0167769152 0.0083533989 0.014747474 0.0240922416 0.0112077009 0.0127375118 0.0134340942 0.0180210325 0.0280425158 0.0188279438 0.0120357819 0.0096547605 0.0264297152 0.02022637 0.0128886281 0.0155409232 0.0248112261 0.0130777987 0.0235752393 0.0094537885 0.0123835607 0.0094106392 0.0132410196 0.0321693679 0.0167005523 0.0113038571 0.0047252733 0.0117686676 0.0181422265 0.016740255 0.0218869499 0.0197932795 0.0195834758 0.0099054054 0.0077432919 0.0130508392 0.0089816363 0.0195469039 0.0208550448 0.0142966628 0.0058576239 0.0134192894 0.0237257973 0.0162064544 0.0164181088 0.0078112607 0.005403539 0.0254350424 0.014187411 
8 0.0156832674 0.0123254614 0.0165558309 0.023161351 0.0061751997 0.0219102184 0.0212742775 0.0222239778 0.0089635157 0.0219502139 0.0118506264 0.0125887038 0.0176694131 0.0176953084 0.0201542511 0.0111967505 0.0125128772 0.0156828515 0.0220807629 0.0096335881 0.0167648783 0.017635989 0.006410888 0.017562818 0.0122432112 0.0227420152 0.0148625929 0.0113424631 0.0104581361 0.015084213 0.0093373338 0.0125045024 0.0190848407 0.0150617881 0.0122435525 0.0222971644 0.0181756859 0.0070106277 0.0140620828 0.014708229 0.0220590855 0.0107577786 0.0149706639 0.0125172114 0.0159954182 0.0198021137 0.0146572822 0.012988823 0.0365416511 0.0072104827 0.0137715592 0.0207510837 0.0128946175 0.0112090501 0.0177020442 0.0067796912 0.0258934807 0.0207842705 0.0154450381 0.0060208833 0.0261236652 0.0130201289 0.0202732128 0.0109493053 
9 0.0128530351 0.0087138662 0.0129001785 0.0159182391 0.0195573313 0.0197271763 0.024620291 0.0089635157 0.0155264273 0.0250630945 0.0174894955 0.022645911 0.0218480285 0.0088063171 0.013867661 0.0235765452 0.0194970453 0.0140467536 0.00859812 0.0237469382 0.0091660512 0.0136252131 0.0023946619 0.0116054339 0.0109923383 0.0201335235 0.0114884291 0.0072262134 0.0168805721 0.0135087608 0.0107328898 0.019145593 0.0279003395 0.0119091905 0.0269754544 0.009799861 0.014916489 0.0319815668 0.0277469891 0.0182152033 0.0261065244 0.0087838771 0.0068850588 0.0143127408 0.0154149199 0.0092310827 0.0129978187 0.0177771858 0.016229783 0.0149774881 0.0055443808 0.0030266371 0.0080963007 0.0139988758 0.0209249084 0.0082863297 0.0136441675 0.0159891635 0.0172974773 0.019812253 0.0253116454 0.0181651853 0.025656473 0.0072189792 
10 0.0072466293 0.0260207843 0.0084319157 0.0122451815 0.0297736358 0.0112297158 0.0192311071 0.0219502139 0.0250630945 0.0184320443 0.0132217882 0.0192596293 0.0151388421 0.0121862565 0.0214941127 0.0130068948 0.0196798175 0.0123147655 0.0086717103 0.0161656734 0.0128698959 0.0211856436 0.0227516183 0.0147801934 0.0183807497 0.0124698323 0.0122056834 0.0135296522 0.0256689247 0.0163956923 0.0163247062 0.0173739323 0.0141092643 0.0206481117 0.0049020871 0.0172664533 0.0206712561 0.0393322936 0.0084984304 0.0202278482 0.0095544735 0.0144411297 0.0123257624 0.011032276 0.0223923757 0.0056889016 0.0103229641 0.013289692 0.0071444217 0.015682802 0.0122502064 0.0065501953 0.006778014 0.0202036153 0.0128891331 0.0212238048 0.0040920118 0.0227947797 0.0203822334 0.0123123588 0.0146469598 0.0105028092 0.0149285955 0.0182144029 
11 0.0107034691 0.0125192519 0.0100017568 0.0122888906 0.016497079 0.0156720974 0.0250338352 0.0118506264 0.0174894955 0.0132217882 0.020582507 0.0099925881 0.0098567756 0.0218072499 0.0154422605 0.0195625957 0.0119683066 0.0113161827 0.0096986189 0.0135993274 0.0226916737 0.0090502048 0.0196999331 0.0081595244 0.0236334746 0.0200668807 0.0158502206 0.0192082277 0.014019902 0.0128595156 0.0144808046 0.0180265334 0.0125054753 0.0114044626 0.0177042058 0.0119798099 0.0152197158 0.0231729513 0.0161638219 0.0174934781 0.0197669227 0.0240657598 0.0071761533 0.0093616185 0.0257916832 0.0102006554 0.0135043954 0.0166249406 0.0186615656 0.0083072657 0.0160505787 0.0181786901 0.0058289304 0.0142087597 0.0168329199 0.0160505713 0.0186848609 0.0160508018 0.0204661283 0.0096341475 0.0182023294 0.0099311578 0.0257825511 0.0281410945 
12 0.0176106031 0.0205092302 0.0071898709 0.0177750242 0.0024357814 0.011184185 0.0319620533 0.0125887038 0.022645911 0.0192596293 0.0099925881 0.0181653242 0.0134006166 0.018119317 0.0094033046 0.0251882651 0.0160691589 0.0188512241 0.0089110304 0.0078894977 0.0189365922 0.0203248769 0.013679482 0.0223468744 0.0186501541 0.0103170585 0.0136648753 0.0169544936 0.013194212 0.012377691 0.0209485855 0.0191680206 0.0118529499 0.0187185372 0.0236486478 0.0142940983 0.0154336812 0.013484915 0.0052954261 0.0175394379 0.0139408428 0.0146978776 0.0089751297 0.0062770714 0.007162483 0.019647923 0.0165156395 0.0235995861 0.0229214665 0.0101548209 0.0132851682 0.0207046191 0.0143030035 0.0109655344 0.0186024835 0.0193186294 0.0170868528 0.0085137484 0.0243749576 0.0223294228 0.0054195877 0.010342111 0.0260763392 0.0148027736 
13 0.0128533528 0.0074754208 0.0140022874 0.0209245184 0.0158929155 0.0147196806 0.0210062033 0.0176694131 0.0218480285 0.0151388421 0.0098567756 0.0134006166 0.011437607 0.0097444284 0.019913384 0.01590082 0.0203583806 0.0158008014 0.0133417394 0.011009355 0.0155243819 0.0083111082 0.0177541626 0.0112322376 0.0087283267 0.0165430528 0.0237407995 0.0209345873 0.0145808784 0.0217104383 0.0165850827 0.0142498643 0.007560758 0.020141068 0.032982432 0.0224298174 0.0083563255 0.0173253768 0.0157873307 0.0163673758 0.0110983367 0.0061782058 0.0099495242 0.0140603002 0.0180116888 0.0084780648 0.0264896932 0.0099944595 0.0091949779 0.0232704426 0.005027766 0.015851106 0.0071076615 0.0092548696 0.0194697902 0.0245649068 0.0106653599 0.0272082302 0.0134680291 0.0290857537 0.0055199889 0.0245800708 0.0171690685 0.02116173 
14 0.0202929889 0.0110430328 0.0096588289 0.0131527735 0.0105503442 0.0058843909 0.0139835469 0.0176953084 0.0088063171 0.0121862565 0.0218072499 0.018119317 0.0097444284 0.0152066745 0.0216108533 0.0225550078 0.0139424999 0.0098003718 0.008933426 0.0157842055 0.0126737499 0.0232281442 0.0055861716 0.0298928217 0.0067433748 0.0178198971 0.0145659166 0.0257623854 0.0096302909 0.0049400317 0.0211409409 0.0163916449 0.0103936411 0.0192864385 0.0130104491 0.0225264333 0.0148915182 0.0136694201 0.0171874973 0.0152553164 0.0174586761 0.0238780176 0.0145925065 0.0265204843 0.0170718882 0.0245489414 0.0205710607 0.0181959422 0.0178519582 0.0233173794 0.0151850073 0.0196771815 0.0118294167 0.0229619129 0.0123801343 0.0211924633 0.0192503614 0.0167899827 0.0228649255 0.0139048623 0.0048868249 0.0081196301 0.0043241898 0.007272347 
15 0.013211533 0.0118598812 0.0109918409 0.0166938056 0.0114162214 0.0225833701 0.0023958782 0.0201542511 0.013867661 0.0214941127 0.0154422605 0.0094033046 0.019913384 0.0216108533 0.0151663105 0.0076085429 0.0117349445 0.0122384246 0.010033444 0.0253081544 0.0142986614 0.0145579526 0.0270866833 0.012751673 0.0147656854 0.0180215799 0.0160309042 0.0116849821 0.0254246544 0.0181464444 0.0166037395 0.0105707899 0.0149617328 0.0144980118 0.0047842741 0.015799077 0.0166977643 0.0180490507 0.0067551823 0.0083054791 0.0104925397 0.0184743469 0.0031906236 0.0099406976 0.0301483341 0.0156239943 0.0086429679 0.0312688291 0.0165738835 0.0201128454 0.0124048804 0.0181112346 0.0199543231 0.0160168661 0.0176550589 0.0062631949 0.0185541657 0.0162889163 0.0243378382 0.0062856381 0.0368300589 0.0221763254 0.0132891445 0.0144407921 
16 0.0135530474 0.0118933903 0.014900671 0.0075992395 0.0123829919 0.0119962541 0.0167769152 0.0111967505 0.0235765452 0.0130068948 0.0195625957 0.0251882651 0.01590082 0.0225550078 0.0076085429 0.0049527108 0.0209663402 0.0090128046 0.02248385 0.0202437446 0.0124504906 0.0099609819 0.01922804 0.0296537742 0.0197415656 0.0172275323 0.017142023 0.0058503102 0.0120254704 0.0190728826 0.0073620818 0.0117305045 0.0213122805 0.0130799369 0.0305666493 0.0067181065 0.0172854053 0.0233505351 0.0159690626 0.010218562 0.0054319794 0.012560065 0.0173181311 0.0130522961 0.0233997242 0.0234193374 0.0162530796 0.0101154419 0.0223792809 0.0241302634 0.0114944654 0.0214200858 0.0090181536 0.0276032508 0.0152999952 0.0035935661 0.0297930848 0.0230381565 0.0077662552 0.0046932366 0.0105484682 0.0080578831 0.0192473178 0.0150629047 
17 0.0220587239 0.0174105187 0.0100218374 0.0134013635 0.0182456211 0.011878238 0.0083533989 0.0125128772 0.0194970453 0.0196798175 0.0119683066 0.0160691589 0.0203583806 0.0139424999 0.0117349445 0.0209663402 0.0193234299 0.0164596034 0.0115651019 0.0225381537 0.0109055298 0.015017285 0.0173755837 0.0121536444 0.0067227783 0.0119546143 0.0297226766 0.0183775736 0.0143356972 0.013074809 0.0094513539 0.0128900473 0.0234745427 0.0105706079 0.0190278495 0.0173292484 0.0252193338 0.0132391134 0.0216197565 0.0092351934 0.0121875234 0.007345103 0.0303663649 0.010345254 0.016582074 0.0259845102 0.0092314725 0.0186185001 0.0054258917 0.0202550705 0.0207205387 0.0035006663 0.0162055827 0.0135938574 0.0076652919 0.013576035 0.0231756668 0.0084022467 0.0221611312 0.020900649 0.0198274784 0.027590476 0.0075480769 0.0091079389 
18 0.0180054842 0.0080952288 0.0184018315 0.0201954924 0.0083512828 0.0191943569 0.014747474 0.0156828515 0.0140467536 0.0123147655 0.0113161827 0.0188512241 0.0158008014 0.0098003718 0.0122384246 0.0090128046 0.0164596034 0.0003866121 0.0238379326 0.0129750715 0.0115329333 0.0148883177 0.0132869212 0.0156986344 0.0224609479 0.0128412121 0.0031512438 0.0108675892 0.0118766242 0.0179367604 0.0143525252 0.0108456896 0.0073541743 0.0140996756 0.0203935478 0.0146338443 0.0207121004 0.0212310227 0.0232648217 0.0095117664 0.0210229066 0.0128120391 0.0323088741 0.0151208623 0.0178107846 0.02134917 0.0114961843 0.0129399866 0.0068764787 0.0223078677 0.0111680362 0.0230212317 0.0246332301 0.02997667 0.0220406339 0.0205828516 0.010252575 0.0128705491 0.0199030448 0.010873003 0.0186185705 0.0167588348 0.0141576659 0.0204430474 
19 0.024041705 0.0247556708 0.0157143304 0.0121472506 0.0159690032 0.0163713551 0.0240922416 0.0220807629 0.00859812 0.0086717103 0.0096986189 0.0089110304 0.0133417394 0.008933426 0.010033444 0.02248385 0.0115651019 0.0238379326 0.0168445725 0.0087052835 0.0072906632 0.0112329116 0.0212640553 0.0181484275 0.0058930562 0.0157897503 0.0128337178 0.0127079044 0.0100923874 0.0149892029 0.011274508 0.0206810744 0.0187476472 0.0184112017 0.0163815641 0.0104179722 0.0192860288 0.0087158816 0.029301723 0.0222796406 0.0224074408 0.0181356196 0.0146810602 0.016524398 0.0254249199 0.0204778917 0.0210445267 0.0159976162 0.0122144774 0.0205655517 0.0137003946 0.0214535504 0.0134240966 0.0096567307 0.0087489359 0.021268499 0.0128539701 0.0147141782 0.0063300646 0.0171945696 0.0180581801 0.0171215165 0.0159689752 0.0094963687 
20 0.023278667 0.0168363446 0.0049993108 0.0145111263 0.020985295 0.0160566752 0.0112077009 0.0096335881 0.0237469382 0.0161656734 0.0135993274 0.0078894977 0.011009355 0.0157842055 0.0253081544 0.0202437446 0.0225381537 0.0129750715 0.0087052835 0.0175768089 0.0176712167 0.0090336922 0.0070299723 0.0188532258 0.0104212889 0.0076791452 0.0133534291 0.0132829854 0.0066195101 0.0120375865 0.01184045 0.0314571455 0.0098532571 0.0156407122 0.0155488356 0.0110588537 0.0116039123 0.0186923788 0.0308641831 0.0415430322 0.0082161953 0.0046935401 0.0153554204 0.0181091207 0.0127540045 0.0290589819 0.0227702038 0.0161202034 0.0250620211 0.0157979936 0.0128548173 0.0063554 0.015003978 0.0131655039 0.0141835096 0.0128161942 0.0119230424 0.0328537299 0.011811588 0.0155257339 0.0035988518 0.0216331541 0.0195661076 0.01363497 
21 0.0055137822 0.0165997623 0.0313142669 0.0159741263 0.015352319 0.0089459621 0.0127375118 0.0167648783 0.0091660512 0.0128698959 0.0226916737 0.0189365922 0.0155243819 0.0126737499 0.0142986614 0.0124504906 0.0109055298 0.0115329333 0.0072906632 0.0176712167 0.0237268876 0.0080463428 0.0201551931 0.0192495953 0.0175768568 0.0215570884 0.0115989755 0.0212209334 0.0188800243 0.0266226977 0.0228405721 0.0252687184 0.0117256949 0.0140925849 0.0085141234 0.0007879604 0.0125966664 0.0113779358 0.0055073978 0.0122417538 0.019975701 0.0220930048 0.0142600915 0.0100304312 0.016554323 0.0214506932 0.0186394855 0.0153770235 0.0183139841 0.0147806076 0.0060944042 0.0104741715 0.0180201669 0.0146557585 0.0182685542 0.0138892541 0.0206762869 0.0168116253 0.0254270913 0.0109719084 0.0153280978 0.019204859 0.0203070712 0.0155929539 
22 0.0052141275 0.0235132482 0.0129033135 0.0124196902 0.0127953287 0.0130396761 0.0134340942 0.017635989 0.0136252131 0.0211856436 0.0090502048 0.0203248769 0.0083111082 0.0232281442 0.0145579526 0.0099609819 0.015017285 0.0148883177 0.0112329116 0.0090336922 0.0080463428 0.0078096136 0.0118047403 0.0170963703 0.0113848068 0.0220103504 0.0159345866 0.0161680213 0.0213963388 0.010609829 0.0143807652 0.0097062085 0.014759428 0.0149419475 0.0198622289 0.0342030185 0.0183254093 0.0190816417 0.0162114328 0.0156353034 0.024121722 0.019628201 0.0089654024 0.0147140524 0.0215186539 0.0219253321 0.0146501299 0.0234665537 0.0205870285 0.0118811645 0.0127249086 0.0096565078 0.0124310022 0.0097179281 0.0152938311 0.018117845 0.0240929144 0.0168831377 0.0206759254 0.0185281487 0.0180413317 0.0172419085 0.007259313 0.0171368746 
23 0.0092802349 0.0159590381 0.0059147742 0.0167379478 0.0194333722 0.0190804438 0.0180210325 0.006410888 0.0023946619 0.0227516183 0.0196999331 0.013679482 0.0177541626 0.0055861716 0.0270866833 0.01922804 0.0173755837 0.0132869212 0.0212640553 0.0070299723 0.0201551931 0.0118047403 0.0035850509 0.0242402264 0.0087967762 0.0329276899 0.0131524427 0.0288320257 0.0083779895 0.0061883953 0.019758484 0.0232817227 0.0245304882 0.0133005816 0.0136979417 0.0083660547 0.0174482028 0.0254177235 0.0166144644 0.0223827155 0.0133466652 0.0151490748 0.0259191248 0.0046404725 0.0116039556 0.0133861015 0.0122820681 0.0167777366 0.0186895939 0.0084042511 0.0349393646 0.020368944 0.0118522724 0.0170848595 0.0059059581 0.0184009596 0.0097579855 0.0136969034 0.0188114011 0.0106900037 0.0140357334 0.0056040965 0.0152529599 0.0225655882 
24 0.0149032523 0.0138757014 0.0152342793 0.0070118114 0.0127695808 0.0139819789 0.0280425158 0.017562818 0.0116054339 0.0147801934 0.0081595244 0.0223468744 0.0112322376 0.0298928217 0.012751673 0.0296537742 0.0121536444 0.0156986344 0.0181484275 0.0188532258 0.0192495953 0.0170963703 0.0242402264 0.0323970973 0.0107213417 0.0201323004 0.0115182911 0.0057948489 0.0110320901 0.0185708666 0.0158496153 0.0121533082 0.0151858571 0.0128696178 0.019772672 0.0149425837 0.0066397089 0.0187919702 0.00485572 0.0095278739 0.0113760976 0.0124298359 0.0203971464 0.0130544318 0.0119176287 0.0134420588 0.0100542062 0.0151094044 0.0137783315 0.0066197569 0.0139397608 0.0088884592 0.0111077863 0.0126554655 0.0132443669 0.026892737 0.0248592542 0.0276708191 0.0260524991 0.0046602761 0.0115619678 0.023170991 0.0151535769 0.0219627845 
25 0.0146930393 0.0120088566 0.0102949855 0.0258450828 0.0150754161 0.0046647062 0.0188279438 0.0122432112 0.0109923383 0.0183807497 0.0236334746 0.0186501541 0.0087283267 0.0067433748 0.0147656854 0.0197415656 0.0067227783 0.0224609479 0.0058930562 0.0104212889 0.0175768568 0.0113848068 0.0087967762 0.0107213417 0.0187665311 0.0168251073 0.0150553995 0.0032600432 0.0221353855 0.0203745287 0.0069293937 0.0151586854 0.0162024091 0.0264797888 0.0247562658 0.0224033161 0.0110978712 0.0110952334 0.0264287181 0.0217939978 0.021279067 0.0141830892 0.0242233339 0.0176991095 0.0163841337 0.015691589 0.0082915553 0.0167225505 0.0224728833 0.0170849169 0.0048475353 0.0099668064 0.0116900293 0.009608731 0.0172211356 0.0169153409 0.012244246 0.0158711226 0.0182908545 0.0304023102 0.0165115358 0.0281600839 0.0107359113 0.0154726908 
26 0.0271371474 0.0147257771 0.0107508963 0.0095836091 0.0202232292 0.0107825121 0.0120357819 0.0227420152 0.0201335235 0.0124698323 0.0200668807 0.0103170585 0.0165430528 0.0178198971 0.0180215799 0.0172275323 0.0119546143 0.0128412121 0.0157897503 0.0076791452 0.0215570884 0.0220103504 0.0329276899 0.0201323004 0.0168251073 0.013856406 0.0171154273 0.009899479 0.0208387264 0.0083170482 0.0103027538 0.0248116569 0.0187989606 0.009629803 0.0132343506 0.0168375484 0.0082045236 0.0207327749 0.0039378981 0.0177419774 0.0090433465 0.0144280732 0.0211608167 0.0132361021 0.0117023778 0.0018106133 0.0120948201 0.0129441866 0.0108768772 0.0095338055 0.016259765 0.0197257545 0.0265907917 0.023698919 0.0118013366 0.0137097197 0.0155452918 0.0060491915 0.0235242086 0.0078955965 0.0319485797 0.0228178631 0.0135418319 0.0135032138 
27 0.0119526408 0.0143339572 0.0124479118 0.0196849893 0.0238475792 0.0161394415 0.0096547605 0.0148625929 0.0114884291 0.0122056834 0.0158502206 0.0136648753 0.0237407995 0.0145659166 0.0160309042 0.017142023 0.0297226766 0.0031512438 0.0128337178 0.0133534291 0.0115989755 0.0159345866 0.0131524427 0.0115182911 0.0150553995 0.0171154273 0.0265375545 0.0153299273 0.0062784238 0.0216863047 0.0141607308 0.0141482718 0.013990687 0.0290397891 0.0228214879 0.0091114524 0.0204296691 0.0085606706 0.0263715738 0.0134528644 0.0185791541 0.0158636258 0.0213879691 0.018050971 0.0104502976 0.0231698684 0.0188995633 0.0093752521 0.0114966289 0.0116029689 0.0167736601 0.0138707053 0.0114596879 0.0157271441 0.0088464559 0.0165136003 0.0073084193 0.0296177524 0.0099905976 0.0165888475 0.0129733217 0.0138098621 0.0165031007 0.018172224 
28 0.0085484826 0.0168558256 0.0118784449 0.0179172273 0.0105948229 0.0174098348 0.0264297152 0.0113424631 0.0072262134 0.0135296522 0.0192082277 0.0169544936 0.0209345873 0.0257623854 0.0116849821 0.0058503102 0.0183775736 0.0108675892 0.0127079044 0.0132829854 0.0212209334 0.0161680213 0.0288320257 0.0057948489 0.0032600432 0.009899479 0.0153299273 0.0072336178 0.0195301334 0.0131395685 0.0204621526 0.0068005816 0.0151788174 0.0139683805 0.0179460903 0.0149679482 0.0225394794 0.0140564662 0.0205591005 0.0087273271 0.0125230485 0.0130819419 0.0172402612 0.0186082158 0.0140333989 0.0152812889 0.0160921387 0.006063783 0.0198203758 0.0150384691 0.0172009128 0.0237040374 0.0145751026 0.0096611449 0.026528801 0.0077303304 0.0188158167 0.0184357689 0.0109181799 0.0166226915 0.0303757527 0.0215096048 0.014903231 0.0282570403 
29 0.0137417882 0.0136593304 0.0185154166 0.0206348686 0.0302948601 0.010006001 0.02022637 0.0104581361 0.0168805721 0.0256689247 0.014019902 0.013194212 0.0145808784 0.0096302909 0.0254246544 0.0120254704 0.0143356972 0.0118766242 0.0100923874 0.0066195101 0.0188800243 0.0213963388 0.0083779895 0.0110320901 0.0221353855 0.0208387264 0.0062784238 0.0195301334 0.0062226479 0.0092049406 0.0265942887 0.0107026691 0.0283880614 0.0172412207 0.0163210039 0.0141176527 0.0192458388 0.008101455 0.0053528716 0.0226369309 0.0257188225 0.0114980552 0.0094826121 0.0120608259 0.0127340247 0.005052866 0.020196914 0.0106207037 0.0175931914 0.0215626274 0.0107388723 0.0267265626 0.0260604811 0.0123943316 0.0061749969 0.0131802744 0.0160913805 0.0255361602 0.0106708255 0.0149864007 0.0119120426 0.024204795 0.0181143849 0.012203261 
30 0.0161808535 0.0127932364 0.010963703 0.0106707052 0.0131900439 0.0226827292 0.0128886281 0.015084213 0.0135087608 0.0163956923 0.0128595156 0.012377691 0.0217104383 0.0049400317 0.0181464444 0.0190728826 0.013074809 0.0179367604 0.0149892029 0.0120375865 0.0266226977 0.010609829 0.0061883953 0.0185708666 0.0203745287 0.0083170482 0.0216863047 0.0131395685 0.0092049406 0.0119933483 0.0146986704 0.0234097066 0.019799891 0.0144646667 0.0061286913 0.012253646 0.0067648017 0.0205146748 0.0208430706 0.0101463167 0.0148363242 0.0099167856 0.0224879601 0.0108842563 0.0167310034 0.0241485803 0.0082536844 0.0335457093 0.0060576548 0.0196024537 0.0146539126 0.0164471538 0.0214269389 0.0148880761 0.0223782808 0.0105561546 0.0261812682 0.0153813359 0.0217328493 0.0173682914 0.0168360635 0.014033951 0.0232767138 0.0111390065 
31 0.0182713617 0.0288974601 0.0161237235 0.0153108999 0.0157349847 0.0082272534 0.0155409232 0.0093373338 0.0107328898 0.0163247062 0.0144808046 0.0209485855 0.0165850827 0.0211409409 0.0166037395 0.0073620818 0.0094513539 0.0143525252 0.011274508 0.01184045 0.0228405721 0.0143807652 0.019758484 0.0158496153 0.0069293937 0.0103027538 0.0141607308 0.0204621526 0.0265942887 0.0146986704 0.0162132959 0.0124382839 0.0264058979 0.0063864186 0.0209607224 0.0062300126 0.0317264893 0.0092455709 0.0156208523 0.0079874585 0.0194222372 0.0239893432 0.0260541245 0.0209910597 0.0118137826 0.0113939092 0.0127504242 0.0098625612 0.0146693229 0.0178847022 0.0248996956 0.015544515 0.0230135155 0.0156605346 0.0072560245 0.0230053421 0.010760031 0.022271016 0.0054672497 0.0072870915 0.0015189657 0.0127106428 0.0249912151 0.0190486566 
32 0.0247259187 0.0066953959 0.016460967 0.0185299078 0.0137939041 0.0131859049 0.0248112261 0.0125045024 0.019145593 0.0173739323 0.0180265334 0.0191680206 0.0142498643 0.0163916449 0.0105707899 0.0117305045 0.0128900473 0.0108456896 0.0206810744 0.0314571455 0.0252687184 0.0097062085 0.0232817227 0.0121533082 0.0151586854 0.0248116569 0.0141482718 0.0068005816 0.0107026691 0.0234097066 0.0124382839 0.0039874943 0.022527876 0.0156673299 0.0187279969 0.0120150554 0.0196722555 0.0286442938 0.0227636854 0.0091886431 0.0124769225 0.0080926043 0.0088348288 0.0144391137 0.0173644033 0.0131872801 0.0144852704 0.0163771414 0.0064658401 0.0079021751 0.0200096559 0.0154258017 0.0058718462 0.0081797687 0.0135281662 0.0140164541 0.0121486865 0.0362887028 0.0108886066 0.0198399863 0.0196262305 0.0155061823 0.0116757903 0.0130555324 
33 0.0248617605 0.0161304527 0.0217741464 0.0169078957 0.0064981406 0.0180633743 0.0130777987 0.0190848407 0.0279003395 0.0141092643 0.0125054753 0.0118529499 0.007560758 0.0103936411 0.0149617328 0.0213122805 0.0234745427 0.0073541743 0.0187476472 0.0098532571 0.0117256949 0.014759428 0.0245304882 0.0151858571 0.0162024091 0.0187989606 0.013990687 0.0151788174 0.0283880614 0.019799891 0.0264058979 0.022527876 0.0212521606 0.012603936 0.0138670732 0.0062530903 0.0098981836 0.0245700955 0.0099892868 0.0181579187 0.0307824757 0.0085234853 0.01320154 0.0193806589 0.0186472568 0.0025779052 0.0166326759 0.0159380853 0.0102129124 0.0161794941 0.0167654484 0.0101285046 0.01616798 0.0248379729 0.0057534012 0.0081873527 0.0249438244 0.0100533777 0.0105014304 0.0150328671 0.0161442312 0.0087981338 0.0157614622 0.0043372381 
34 0.0218610847 0.020106406 0.0048264132 0.0181376844 0.015144003 0.0330685196 0.0235752393 0.0150617881 0.0119091905 0.0206481117 0.0114044626 0.0187185372 0.020141068 0.0192864385 0.0144980118 0.0130799369 0.0105706079 0.0140996756 0.0184112017 0.0156407122 0.0140925849 0.0149419475 0.0133005816 0.0128696178 0.0264797888 0.009629803 0.0290397891 0.0139683805 0.0172412207 0.0144646667 0.0063864186 0.0156673299 0.012603936 0.0127169081 0.022322882 0.0237931916 0.0112131844 0.0162087072 0.0102222755 0.0111293601 0.0265359099 0.0082841129 0.0142923882 0.0071666402 0.0148718787 0.0211957577 0.0233258164 0.020007145 0.0286086937 0.0097206217 0.0108813125 0.0241566938 0.0256967934 0.0099738565 0.0242402068 0.0162316097 0.0137642266 0.0116668144 0.0041098325 0.006540437 0.0054334599 0.0071057872 0.006582778 0.0111255601 
35 0.0160665928 0.0094232752 0.0170077787 0.0194417552 0.0158957965 0.027966707 0.0094537885 0.0122435525 0.0269754544 0.0049020871 0.0177042058 0.0236486478 0.032982432 0.0130104491 0.0047842741 0.0305666493 0.0190278495 0.0203935478 0.0163815641 0.0155488356 0.0085141234 0.0198622289 0.0136979417 0.019772672 0.0247562658 0.0132343506 0.0228214879 0.0179460903 0.0163210039 0.0061286913 0.0209607224 0.0187279969 0.0138670732 0.022322882 0.0012177376 0.0060332246 0.0083967678 0.0122600878 0.0042125551 0.007372466 0.0169357857 0.0191622282 0.0273961755 0.0136824981 0.0081248187 0.007514779 0.0214931201 0.0151519432 0.0198703353 0.0207522107 0.0116543284 0.0219200588 0.018969194 0.0075126248 0.0142521367 0.0160207918 0.0137802283 0.0059858255 0.0231287038 0.0114955506 0.0154771512 0.012858271 0.006896075 0.0181135529 
36 0.0130345894 0.0147811243 0.0283445653 0.0343686397 0.0153164122 0.0181780711 0.0123835607 0.0222971644 0.009799861 0.0172664533 0.0119798099 0.0142940983 0.0224298174 0.0225264333 0.015799077 0.0067181065 0.0173292484 0.0146338443 0.0104179722 0.0110588537 0.0007879604 0.0342030185 0.0083660547 0.0149425837 0.0224033161 0.0168375484 0.0091114524 0.0149679482 0.0141176527 0.012253646 0.0062300126 0.0120150554 0.0062530903 0.0237931916 0.0060332246 0.0034805625 0.022669798 0.0161190652 0.0148042233 0.0181670631 0.0118901785 0.0125973672 0.0087094719 0.0161432471 0.0236011502 0.015539042 0.0171133298 0.0211256755 0.0157051524 0.0198085419 0.027311965 0.0211368929 0.0192589496 0.0102647585 0.0118174983 0.011368816 0.0186408118 0.0058038639 0.0118818116 0.017292062 0.0226286419 0.012973391 0.0217891382 0.0150840726 
37 0.0176224869 0.0225911308 0.0094151109 0.0092443586 0.0087639428 0.0169273721 0.0094106392 0.0181756859 0.014916489 0.0206712561 0.0152197158 0.0154336812 0.0083563255 0.0148915182 0.0166977643 0.0172854053 0.0252193338 0.0207121004 0.0192860288 0.0116039123 0.0125966664 0.0183254093 0.0174482028 0.0066397089 0.0110978712 0.0082045236 0.0204296691 0.0225394794 0.0192458388 0.0067648017 0.0317264893 0.0196722555 0.0098981836 0.0112131844 0.0083967678 0.022669798 0.0174828322 0.018825109 0.0063206473 0.0169730817 0.0070173567 0.0189876399 0.0003028945 0.0124640116 0.0302421725 0.0150499633 0.0241792172 0.01638867 0.0151248205 0.022956265 0.0167372121 0.0110500343 0.0203285249 0.0215882085 0.0184515453 0.0157324129 0.0075523826 0.0076875935 0.0146187761 0.0245377358 0.0107440288 0.0171619265 0.0120893354 0.0200924938 
38 0.0077351577 0.0181908192 0.0115110964 0.0266099675 0.0063645165 0.0061810352 0.0132410196 0.0070106277 0.0319815668 0.0393322936 0.0231729513 0.013484915 0.0173253768 0.0136694201 0.0180490507 0.0233505351 0.0132391134 0.0212310227 0.0087158816 0.0186923788 0.0113779358 0.0190816417 0.0254177235 0.0187919702 0.0110952334 0.0207327749 0.0085606706 0.0140564662 0.008101455 0.0205146748 0.0092455709 0.0286442938 0.0245700955 0.0162087072 0.0122600878 0.0161190652 0.018825109 0.0152012664 0.0083381511 0.0250457841 0.0091707101 0.0206544323 0.0067185471 0.0166436255 0.0103426574 0.0207071304 0.0111000529 0.0115712298 0.0221026935 0.0090909734 0.0018120993 0.0130984202 0.0166876656 0.0110981 0.0217075829 0.0184215448 0.0180858574 0.0056447066 0.0172665996 0.0067357739 0.0064031109 0.0226517256 0.0194340937 0.011573244 
39 0.0114995757 0.0054136078 0.0188772244 0.0180186515 0.0195923114 0.0228240201 0.0321693679 0.0140620828 0.0277469891 0.0084984304 0.0161638219 0.0052954261 0.0157873307 0.0171874973 0.0067551823 0.0159690626 0.0216197565 0.0232648217 0.029301723 0.0308641831 0.0055073978 0.0162114328 0.0166144644 0.00485572 0.0264287181 0.0039378981 0.0263715738 0.0205591005 0.0053528716 0.0208430706 0.0156208523 0.0227636854 0.0099892868 0.0102222755 0.0042125551 0.0148042233 0.0063206473 0.0083381511 0.0085895257 0.015914099 0.0240910178 0.0032830706 0.017111271 0.0118342922 0.0097938094 0.0127161789 0.0271347604 0.0220459111 0.0144275345 0.0243500363 0.0139044919 0.0118241964 0.0260576296 0.0078195435 0.0188321723 0.0215678128 0.0219077548 0.012805051 0.0086983519 0.0227519752 0.0104655127 0.0073453836 0.0098947748 0.0149688517 
40 0.0190455777 0.0151083225 0.0342937291 0.0103988876 0.0107194981 0.0039112935 0.0167005523 0.014708229 0.0182152033 0.0202278482 0.0174934781 0.0175394379 0.0163673758 0.0152553164 0.0083054791 0.010218562 0.0092351934 0.0095117664 0.0222796406 0.0415430322 0.0122417538 0.0156353034 0.0223827155 0.0095278739 0.0217939978 0.0177419774 0.0134528644 0.0087273271 0.0226369309 0.0101463167 0.0079874585 0.0091886431 0.0181579187 0.0111293601 0.007372466 0.0181670631 0.0169730817 0.0250457841 0.015914099 0.001126637 0.0260820532 0.0135946046 0.0132390038 0.0198502626 0.015749693 0.0175706902 0.0042360217 0.0140779276 0.019074082 0.0251969121 0.0077154371 0.0053148917 0.0208164937 0.0267921426 0.0141630293 0.0188225865 0.0175293962 0.0163455492 0.0074933659 0.0085771843 0.0176649003 0.020865879 0.01440437 0.0183955279 
41 0.0190031761 0.0058940141 0.0238461482 0.0048996906 0.019526718 0.0042345774 0.0113038571 0.0220590855 0.0261065244 0.0095544735 0.0197669227 0.0139408428 0.0110983367 0.0174586761 0.0104925397 0.0054319794 0.0121875234 0.0210229066 0.0224074408 0.0082161953 0.019975701 0.024121722 0.0133466652 0.0113760976 0.021279067 0.0090433465 0.0185791541 0.0125230485 0.0257188225 0.0148363242 0.0194222372 0.0124769225 0.0307824757 0.0265359099 0.0169357857 0.0118901785 0.0070173567 0.0091707101 0.0240910178 0.0260820532 0.0057077661 0.0197578492 0.0220789393 0.0074738 0.0107718555 0.0183845417 0.0295939388 0.0134920767 0.0190754698 0.0152844757 0.0152816886 0.0170999425 0.0190135712 0.0082362456 0.0074572061 0.0150751094 0.0162416268 0.0121100703 0.0219038971 0.0056513297 0.016251335 0.0164395101 0.0098876578 0.0140738727 
42 0.0174408905 0.0182387363 0.0211689082 0.0271408014 0.0050209723 0.004355306 0.0047252733 0.0107577786 0.0087838771 0.0144411297 0.0240657598 0.0146978776 0.0061782058 0.0238780176 0.0184743469 0.012560065 0.007345103 0.0128120391 0.0181356196 0.0046935401 0.0220930048 0.019628201 0.0151490748 0.0124298359 0.0141830892 0.0144280732 0.0158636258 0.0130819419 0.0114980552 0.0099167856 0.0239893432 0.0080926043 0.0085234853 0.0082841129 0.0191622282 0.0125973672 0.0189876399 0.0206544323 0.0032830706 0.0135946046 0.0197578492 0.0442556844 0.0172730224 0.0228791489 0.0082018344 0.0184112834 0.0184011394 0.0155695112 0.0200590336 0.01486801 0.0226762153 0.0252164341 0.014813018 0.0101970875 0.0134220037 0.0062055028 0.0183663875 0.0151930796 0.0213641916 0.0162477535 0.0203098805 0.0241677563 0.0205038233 0.0112855257 
43 0.0240537034 0.0088103092 0.0065999944 0.016994244 0.0157632358 0.0203512829 0.0117686676 0.0149706639 0.0068850588 0.0123257624 0.0071761533 0.0089751297 0.0099495242 0.0145925065 0.0031906236 0.0173181311 0.0303663649 0.0323088741 0.0146810602 0.0153554204 0.0142600915 0.0089654024 0.0259191248 0.0203971464 0.0242233339 0.0211608167 0.0213879691 0.0172402612 0.0094826121 0.0224879601 0.0260541245 0.0088348288 0.01320154 0.0142923882 0.0273961755 0.0087094719 0.0003028945 0.0067185471 0.017111271 0.0132390038 0.0220789393 0.0172730224 0.039138031 0.0143579829 0.0114340312 0.012978592 0.019964953 0.008419732 0.0084411345 0.0092842143 0.0119186871 0.0232124535 0.0300499854 0.0083976863 0.0098880307 0.0163854289 0.0168681539 0.0164498871 0.0173551671 0.0164750271 0.0192824029 0.0182527149 0.0076742981 0.0105977705 
44 0.0082243434 0.0162498172 0.0192423535 0.0188664907 0.0247034027 0.0167614346 0.0181422265 0.0125172114 0.0143127408 0.011032276 0.0093616185 0.0062770714 0.0140603002 0.0265204843 0.0099406976 0.0130522961 0.010345254 0.0151208623 0.016524398 0.0181091207 0.0100304312 0.0147140524 0.0046404725 0.0130544318 0.0176991095 0.0132361021 0.018050971 0.0186082158 0.0120608259 0.0108842563 0.0209910597 0.0144391137 0.0193806589 0.0071666402 0.0136824981 0.0161432471 0.0124640116 0.0166436255 0.0118342922 0.0198502626 0.0074738 0.0228791489 0.0143579829 0.0339681323 0.011548844 0.00572406 0.0099579114 0.0172566385 0.0254253597 0.02217712 0.0182595812 0.0140600216 0.0134031015 0.0273122596 0.0138672635 0.0175832935 0.0247386797 0.0169924619 0.0125035255 0.0263426364 0.0155429988 0.0261378561 0.0051488745 0.0123997707 
45 0.0225325185 0.0171473805 0.0242785744 0.0167025866 0.021184246 0.0238220687 0.016740255 0.0159954182 0.0154149199 0.0223923757 0.0257916832 0.007162483 0.0180116888 0.0170718882 0.0301483341 0.0233997242 0.016582074 0.0178107846 0.0254249199 0.0127540045 0.016554323 0.0215186539 0.0116039556 0.0119176287 0.0163841337 0.0117023778 0.0104502976 0.0140333989 0.0127340247 0.0167310034 0.0118137826 0.0173644033 0.0186472568 0.0148718787 0.0081248187 0.0236011502 0.0302421725 0.0103426574 0.0097938094 0.015749693 0.0107718555 0.0082018344 0.0114340312 0.011548844 0.0081449158 0.0164849683 0.0194983378 0.0034236212 0.0145318106 0.0059432443 0.0213880262 0.0111842946 0.0082049083 0.0108015673 0.0118554204 0.0095542637 0.0079737024 0.0202791315 0.0110214753 0.0208308062 0.0156298348 0.0146606151 0.0185344961 0.013548647 
46 0.0185579266 0.0149689581 0.0071132936 0.0251566718 0.0148330155 0.0187130394 0.0218869499 0.0198021137 0.0092310827 0.0056889016 0.0102006554 0.019647923 0.0084780648 0.0245489414 0.0156239943 0.0234193374 0.0259845102 0.02134917 0.0204778917 0.0290589819 0.0214506932 0.0219253321 0.0133861015 0.0134420588 0.015691589 0.0018106133 0.0231698684 0.0152812889 0.005052866 0.0241485803 0.0113939092 0.0131872801 0.0025779052 0.0211957577 0.007514779 0.015539042 0.0150499633 0.0207071304 0.0127161789 0.0175706902 0.0183845417 0.0184112834 0.012978592 0.00572406 0.0164849683 0.0026328328 0.0135574558 0.0117035189 0.0149525259 0.0095572808 0.0122376427 0.0150243485 0.0124017176 0.0184600592 0.02062025 0.0258943001 0.0136002749 0.0103278272 0.0041946936 0.0245558223 0.0144039456 0.0126080088 0.0157968128 0.0279341869 
47 0.0086152775 0.012902214 0.0355466197 0.0155675914 0.0181926068 0.0109282821 0.0197932795 0.0146572822 0.0129978187 0.0103229641 0.0135043954 0.0165156395 0.0264896932 0.0205710607 0.0086429679 0.0162530796 0.0092314725 0.0114961843 0.0210445267 0.0227702038 0.0186394855 0.0146501299 0.0122820681 0.0100542062 0.0082915553 0.0120948201 0.0188995633 0.0160921387 0.020196914 0.0082536844 0.0127504242 0.0144852704 0.0166326759 0.0233258164 0.0214931201 0.0171133298 0.0241792172 0.0111000529 0.0271347604 0.0042360217 0.0295939388 0.0184011394 0.019964953 0.0099579114 0.0194983378 0.0135574558 0.0055661995 0.0159346915 0.0120801478 0.0119435291 0.0192280331 0.0142649529 0.0160975699 0.0189977789 0.0186709788 0.0183307271 0.0085957327 0.0053241297 0.0130763185 0.0156382675 0.0119772135 0.0116520618 0.0121849479 0.021514569 
48 0.0215324354 0.01227255 0.0153368689 0.0072618637 0.008607166 0.0047134831 0.0195834758 0.012988823 0.0177771858 0.013289692 0.0166249406 0.0235995861 0.0099944595 0.0181959422 0.0312688291 0.0101154419 0.0186185001 0.0129399866 0.0159976162 0.0161202034 0.0153770235 0.0234665537 0.0167777366 0.0151094044 0.0167225505 0.0129441866 0.0093752521 0.006063783 0.0106207037 0.0335457093 0.0098625612 0.0163771414 0.0159380853 0.020007145 0.0151519432 0.0211256755 0.01638867 0.0115712298 0.0220459111 0.0140779276 0.0134920767 0.0155695112 0.008419732 0.0172566385 0.0034236212 0.0117035189 0.0159346915 0.0198171312 0.0147772475 0.004154031 0.0211284724 0.0241572945 0.0117535118 0.0191871305 0.0229051847 0.025259075 0.0189691798 0.0184625808 0.0173986073 0.014931329 0.0275487684 0.0063800263 0.0123724983 0.0056098984 
