32
1 0.0480390582 0.020645966 0.0207416805 0.053253734 0.0254261369 0.0314292118 0.0269695781 0.0334924336 0.0177927463 0.0219815842 0.0124183878 0.0119571032 0.0506112507 0.0217591422 0.0260941138 0.0333036015 0.0350977192 0.047904758 0.0399686642 0.027098934 0.0333154288 0.0165231052 0.0306747835 0.0192234059 0.0556587382 0.0427627301 0.0330062075 0.0367936655 0.0204285875 0.0290678166 0.0309209706 0.0456387563 
2 0.020645966 0.0323030349 0.0327006731 0.0214820581 0.0201599393 0.0325459441 0.0268481692 0.0219748161 0.0428225529 0.0143775064 0.046412515 0.0287068168 0.0297246448 0.0317146146 0.0188973297 0.0422196455 0.0277514721 0.0181080343 0.0198789544 0.0404287023 0.0275477217 0.032480175 0.019061899 0.0236331166 0.0068544001 0.0283693668 0.062932575 0.0621493061 0.0430071192 0.0705376647 0.0234548051 0.0302684609 
3 0.0207416805 0.0327006731 0.0290392018 0.0286704708 0.0424456124 0.0438739956 0.019376215 0.0348895068 0.0259795495 0.0447455484 0.022617103 0.0237450549 0.0367243605 0.0453998769 0.0293426477 0.0378188794 0.0009751003 0.0369373307 0.0254680396 0.0299722227 0.0500828419 0.019400447 0.0205203247 0.0402940291 0.0369405577 0.0403417937 0.0179904304 0.0392653877 0.0450265455 0.0319711918 0.0215069082 0.0251964726 
4 0.053253734 0.0214820581 0.0286704708 0.0736688664 0.0334435594 0.0513277223 0.0390316731 0.0224814089 0.0148810584 0.0281505355 0.0223909816 0.0331343826 0.0449486346 0.026491094 0.0166443888 0.046314916 0.0263101405 0.0202099614 0.0325549671 0.0489525648 0.0170527735 0.0229349814 0.0256797168 0.0077164999 0.0284146083 0.0356589423 0.015608438 0.0252963487 0.0430525875 0.0506602789 0.0172789186 0.0263027879 
5 0.0254261369 0.0201599393 0.0424456124 0.0334435594 0.020207622 0.0279110142 0.0244034969 0.0173612819 0.0269039297 0.0252695918 0.0426569278 0.0318930857 0.0304460848 0.0306351676 0.0403175285 0.0420863886 0.0240298629 0.0440123882 0.0412689452 0.0145990373 0.0286129107 0.0172841197 0.0238494739 0.0185599073 0.0240444758 0.0530767045 0.0324565552 0.0429695943 0.0322427569 0.0326498718 0.0285600686 0.0602159601 
6 0.0314292118 0.0325459441 0.0438739956 0.0513277223 0.0279110142 0.0059413156 0.0333406903 0.0310883451 0.0553105931 0.0307292565 0.0341556665 0.0130612442 0.0194629095 0.0260964087 0.0218058272 0.0264909494 0.0277788394 0.0285305625 0.021884714 0.0276348137 0.0426769974 0.0408268771 0.0404297703 0.0474407981 0.0310229202 0.0256717972 0.0455989738 0.0370588911 0.0353956393 0.0155725055 0.0328791836 0.0150256228 
7 0.0269695781 0.0268481692 0.019376215 0.0390316731 0.0244034969 0.0333406903 0.0288437877 0.0260065394 0.02582808 0.025432717 0.0404251253 0.0203896758 0.0196562885 0.0519995324 0.0561665287 0.0480078284 0.011547515 0.0174136101 0.0324107713 0.0340453186 0.0473466952 0.0332357083 0.0223805443 0.0330489541 0.0455692141 0.030852745 0.0369316407 0.0256739035 0.0374114078 0.0359547908 0.0318918837 0.0115593716 
8 0.0334924336 0.0219748161 0.0348895068 0.0224814089 0.0173612819 0.0310883451 0.0260065394 0.0277511273 0.0277959233 0.0462441462 0.0399123465 0.0196703668 0.0284000831 0.0305628427 0.0352124195 0.0201372725 0.015839996 0.0430728181 0.044746195 0.0262725221 0.0291089737 0.0242859898 0.0576817133 0.0237175881 0.0441580073 0.0232143417 0.0185323001 0.0691976205 0.0072950446 0.0194421497 0.0425437253 0.047910155 
9 0.0177927463 0.0428225529 0.0259795495 0.0148810584 0.0269039297 0.0553105931 0.02582808 0.0277959233 0.0010464103 0.025544392 0.0359347076 0.0452201924 0.0577080286 0.0533117217 0.0047130593 0.0318858725 0.0264364217 0.0442364258 0.0173462682 0.0279474215 0.0485066218 0.0525321449 0.0459602492 0.0318799592 0.0251368994 0.035540544 0.0173863457 0.0252087236 0.0245921029 0.0334529914 0.0264922055 0.0246658576 
10 0.0219815842 0.0143775064 0.0447455484 0.0281505355 0.0252695918 0.0307292565 0.025432717 0.0462441462 0.025544392 0.0236696663 0.0271188771 0.0132003963 0.0309042404 0.031923704 0.0303548041 0.0195271357 0.0648794382 0.028778923 0.0369219972 0.0171868794 0.032711824 0.0232882883 0.0195374203 0.039431875 0.0308431553 0.0323878738 0.0762727929 0.0231480079 0.0191257111 0.0380264072 0.0478577249 0.0304275797 
11 0.0124183878 0.046412515 0.022617103 0.0223909816 0.0426569278 0.0341556665 0.0404251253 0.0399123465 0.0359347076 0.0271188771 0.0404620464 0.0321571993 0.0530762902 0.0298071771 0.0395378813 0.0215489185 0.0507303522 0.0121887843 0.0471300949 0.041079498 0.0311838547 0.0231993278 0.0206896756 0.0175111428 0.0331792778 0.0356707148 0.0430733974 0.0164756441 0.0399191232 0.0098090111 0.0263100714 0.0112178789 
12 0.0119571032 0.0287068168 0.0237450549 0.0331343826 0.0318930857 0.0130612442 0.0203896758 0.0196703668 0.0452201924 0.0132003963 0.0321571993 0.033867063 0.0246848985 0.0231866082 0.0385090587 0.0379357179 0.0266779082 0.0520363885 0.0305128533 0.0579371302 0.0284647366 0.0202692544 0.0221760819 0.0273741841 0.0678411948 0.01697104 0.0550631817 0.02334388 0.0410839982 0.0152683985 0.0423908578 0.0412700475 
13 0.0506112507 0.0297246448 0.0367243605 0.0449486346 0.0304460848 0.0194629095 0.0196562885 0.0284000831 0.0577080286 0.0309042404 0.0530762902 0.0246848985 0.0272221714 0.0103268708 0.0225859765 0.0262483069 0.0374575694 0.0246959762 0.0304933096 0.0208796061 0.0315478793 0.0174043229 0.0550071805 0.0276056347 0.0371959805 0.0149951111 0.0044430042 0.0353082865 0.015561462 0.0475899634 0.0521925539 0.0348911198 
14 0.0217591422 0.0317146146 0.0453998769 0.026491094 0.0306351676 0.0260964087 0.0519995324 0.0305628427 0.0533117217 0.031923704 0.0298071771 0.0231866082 0.0103268708 0.0104438607 0.027838864 0.061492622 0.0245458767 0.0281801454 0.0284095583 0.0144652604 0.0467380285 0.0090947856 0.0383536597 0.0365052474 0.0433112944 0.0353654066 0.0245680631 0.0445088023 0.0457749921 0.0300628682 0.0187748584 0.0183510454 
15 0.0260941138 0.0188973297 0.0293426477 0.0166443888 0.0403175285 0.0218058272 0.0561665287 0.0352124195 0.0047130593 0.0303548041 0.0395378813 0.0385090587 0.0225859765 0.027838864 0.0457849818 0.0246591234 0.0160411843 0.0489374215 0.0162208368 0.0266604534 0.0314720732 0.047992923 0.0322403408 0.0239809322 0.0287269596 0.0579729054 0.0145535763 0.0285887377 0.0611342581 0.0316884632 0.0254945948 0.0298298067 
16 0.0333036015 0.0422196455 0.0378188794 0.046314916 0.0420863886 0.0264909494 0.0480078284 0.0201372725 0.0318858725 0.0195271357 0.0215489185 0.0379357179 0.0262483069 0.061492622 0.0246591234 0.0014533044 0.0343019034 0.0357487442 0.0460271536 0.0371054072 0.0377978927 0.0310433122 0.03376387 0.0465451109 0.008280706 0.0360030606 0.0224620104 0.011960573 0.0287086101 0.0056259544 0.0277395306 0.0357556781 
17 0.0350977192 0.0277514721 0.0009751003 0.0263101405 0.0240298629 0.0277788394 0.011547515 0.015839996 0.0264364217 0.0648794382 0.0507303522 0.0266779082 0.0374575694 0.0245458767 0.0160411843 0.0343019034 0.0212088955 0.0288495378 0.0278157749 0.0220354662 0.0366936022 0.0348195783 0.0313084205 0.0334911043 0.0557749945 0.0457734712 0.0179819143 0.0580831332 0.0297739579 0.0418808031 0.0333294498 0.0307785969 
18 0.047904758 0.0181080343 0.0369373307 0.0202099614 0.0440123882 0.0285305625 0.0174136101 0.0430728181 0.0442364258 0.028778923 0.0121887843 0.0520363885 0.0246959762 0.0281801454 0.0489374215 0.0357487442 0.0288495378 0.024875084 0.0334092661 0.0341295405 0.0255858072 0.0502801203 0.0242977853 0.0326606946 0.0034912615 0.021391066 0.0191231923 0.0305986578 0.0389226288 0.0396852799 0.0404983664 0.0212094395 
19 0.0399686642 0.0198789544 0.0254680396 0.0325549671 0.0412689452 0.021884714 0.0324107713 0.044746195 0.0173462682 0.0369219972 0.0471300949 0.0305128533 0.0304933096 0.0284095583 0.0162208368 0.0460271536 0.0278157749 0.0334092661 0.0295432828 0.027512782 0.0219440608 0.0495930837 0.0352259012 0.0093967903 0.019008031 0.0517205297 0.0369727388 0.0080004685 0.0370049788 0.0305018455 0.037875769 0.0332313743 
20 0.027098934 0.0404287023 0.0299722227 0.0489525648 0.0145990373 0.0276348137 0.0340453186 0.0262725221 0.0279474215 0.0171868794 0.041079498 0.0579371302 0.0208796061 0.0144652604 0.0266604534 0.0371054072 0.0220354662 0.0341295405 0.027512782 0.0389885978 0.0426059131 0.0121694501 0.0362004963 0.0619915363 0.0472438812 0.0109692419 0.0380093594 0.0165040646 0.0163758477 0.0660037295 0.0059547024 0.0310396195 
21 0.0333154288 0.0275477217 0.0500828419 0.0170527735 0.0286129107 0.0426769974 0.0473466952 0.0291089737 0.0485066218 0.032711824 0.0311838547 0.0284647366 0.0315478793 0.0467380285 0.0314720732 0.0377978927 0.0366936022 0.0255858072 0.0219440608 0.0426059131 0.0249059401 0.0268542466 0.0351268983 0.0360025653 0.0426962736 0.0062039678 0.0306842988 0.0159302866 0.0303784851 0.015061012 0.0149148344 0.0302445543 
22 0.0165231052 0.032480175 0.019400447 0.0229349814 0.0172841197 0.0408268771 0.0332357083 0.0242859898 0.0525321449 0.0232882883 0.0231993278 0.0202692544 0.0174043229 0.0090947856 0.047992923 0.0310433122 0.0348195783 0.0502801203 0.0495930837 0.0121694501 0.0268542466 0.0603324388 0.0490534432 0.033816952 0.0259950199 0.0251248137 0.0482506552 0.058282349 0.0056785615 0.0244864761 0.0338069825 0.0296600663 
23 0.0306747835 0.019061899 0.0205203247 0.0256797168 0.0238494739 0.0404297703 0.0223805443 0.0576817133 0.0459602492 0.0195374203 0.0206896756 0.0221760819 0.0550071805 0.0383536597 0.0322403408 0.03376387 0.0313084205 0.0242977853 0.0352259012 0.0362004963 0.0351268983 0.0490534432 0.0146331578 0.0537488978 0.0122750071 0.0175508778 0.0401010473 0.0527072389 0.026959118 0.0241436935 0.0097435184 0.0289177949 
24 0.0192234059 0.0236331166 0.0402940291 0.0077164999 0.0185599073 0.0474407981 0.0330489541 0.0237175881 0.0318799592 0.039431875 0.0175111428 0.0273741841 0.0276056347 0.0365052474 0.0239809322 0.0465451109 0.0334911043 0.0326606946 0.0093967903 0.0619915363 0.0360025653 0.033816952 0.0537488978 0.0169932678 0.0211363072 0.0208366689 0.033974985 0.02046735 0.07071286 0.0297849911 0.0234759654 0.0370406789 
25 0.0556587382 0.0068544001 0.0369405577 0.0284146083 0.0240444758 0.0310229202 0.0455692141 0.0441580073 0.0251368994 0.0308431553 0.0331792778 0.0678411948 0.0371959805 0.0433112944 0.0287269596 0.008280706 0.0557749945 0.0034912615 0.019008031 0.0472438812 0.0426962736 0.0259950199 0.0122750071 0.0211363072 0.064045914 0.0263469551 0.0167718464 0.0073372423 0.030120182 0.0297352665 0.021368073 0.0294753553 
26 0.0427627301 0.0283693668 0.0403417937 0.0356589423 0.0530767045 0.0256717972 0.030852745 0.0232143417 0.035540544 0.0323878738 0.0356707148 0.01697104 0.0149951111 0.0353654066 0.0579729054 0.0360030606 0.0457734712 0.021391066 0.0517205297 0.0109692419 0.0062039678 0.0251248137 0.0175508778 0.0208366689 0.0263469551 0.0379925609 0.0175751882 0.0302120728 0.0180440351 0.0182007925 0.0527298248 0.0544728559 
27 0.0330062075 0.062932575 0.0179904304 0.015608438 0.0324565552 0.0455989738 0.0369316407 0.0185323001 0.0173863457 0.0762727929 0.0430733974 0.0550631817 0.0044430042 0.0245680631 0.0145535763 0.0224620104 0.0179819143 0.0191231923 0.0369727388 0.0380093594 0.0306842988 0.0482506552 0.0401010473 0.033974985 0.0167718464 0.0175751882 0.0502387444 0.0259647902 0.01795045 0.009645794 0.0291655669 0.0467099363 
28 0.0367936655 0.0621493061 0.0392653877 0.0252963487 0.0429695943 0.0370588911 0.0256739035 0.0691976205 0.0252087236 0.0231480079 0.0164756441 0.02334388 0.0353082865 0.0445088023 0.0285887377 0.011960573 0.0580831332 0.0305986578 0.0080004685 0.0165040646 0.0159302866 0.058282349 0.0527072389 0.02046735 0.0073372423 0.0302120728 0.0259647902 0.0 0.0191469285 0.040746475 0.0442302894 0.0248412804 
29 0.0204285875 0.0430071192 0.0450265455 0.0430525875 0.0322427569 0.0353956393 0.0374114078 0.0072950446 0.0245921029 0.0191257111 0.0399191232 0.0410839982 0.015561462 0.0457749921 0.0611342581 0.0287086101 0.0297739579 0.0389226288 0.0370049788 0.0163758477 0.0303784851 0.0056785615 0.026959118 0.07071286 0.030120182 0.0180440351 0.01795045 0.0191469285 0.0090319256 0.0373408554 0.0412065237 0.031592716 
30 0.0290678166 0.0705376647 0.0319711918 0.0506602789 0.0326498718 0.0155725055 0.0359547908 0.0194421497 0.0334529914 0.0380264072 0.0098090111 0.0152683985 0.0475899634 0.0300628682 0.0316884632 0.0056259544 0.0418808031 0.0396852799 0.0305018455 0.0660037295 0.015061012 0.0244864761 0.0241436935 0.0297849911 0.0297352665 0.0182007925 0.009645794 0.040746475 0.0373408554 0.0343155172 0.035657783 0.0254293583 
31 0.0309209706 0.0234548051 0.0215069082 0.0172789186 0.0285600686 0.0328791836 0.0318918837 0.0425437253 0.0264922055 0.0478577249 0.0263100714 0.0423908578 0.0521925539 0.0187748584 0.0254945948 0.0277395306 0.0333294498 0.0404983664 0.037875769 0.0059547024 0.0149148344 0.0338069825 0.0097435184 0.0234759654 0.021368073 0.0527298248 0.0291655669 0.0442302894 0.0412065237 0.035657783 0.0475548438 0.0321986462 
32 0.0456387563 0.0302684609 0.0251964726 0.0263027879 0.0602159601 0.0150256228 0.0115593716 0.047910155 0.0246658576 0.0304275797 0.0112178789 0.0412700475 0.0348911198 0.0183510454 0.0298298067 0.0357556781 0.0307785969 0.0212094395 0.0332313743 0.0310396195 0.0302445543 0.0296600663 0.0289177949 0.0370406789 0.0294753553 0.0544728559 0.0467099363 0.0248412804 0.031592716 0.0254293583 0.0321986462 0.0246311264 
