64
1 0.0251058676 0.0146869704 0.0056492037 0.0176047359 0.0169341321 0.0200361678 0.0140777384 0.0162337153 0.0082658803 0.009855479 0.005057995 0.0109671673 0.0105360069 0.0093941241 0.0101077958 0.0121198341 0.0084044194 0.0169869804 0.0164478023 0.0300270587 0.0120194633 0.016325569 0.0110538079 0.0271460223 0.0259208226 0.0109979867 0.0143028804 0.0144370618 0.0082208206 0.0132767714 0.0089523595 0.0272132262 0.0176023794 0.0205196338 0.0161006397 0.0070233778 0.013879709 0.0225744885 0.0147300917 0.0248690849 0.0169480014 0.0088321783 0.0183994069 0.0151990408 0.0148677306 0.0099974947 0.0192695919 0.0215174925 0.0223364263 0.0116370979 0.0104803838 0.0152631607 0.0123381396 0.0175281803 0.0142569345 0.0154555259 0.0206387646 0.013648198 0.0241009909 0.0195762361 0.0195839024 0.0160443778 0.0196938244 0.0167216489 
2 0.0146869704 0.0171567027 0.010657928 0.0105992043 0.0168164882 0.023476731 0.0112492374 0.0202892208 0.0100702782 0.0139206993 0.0264710699 0.0182113124 0.0089075811 0.0243955164 0.0212844546 0.0134494567 0.0280279975 0.0166009906 0.0253280219 0.0115891963 0.00884631 0.0099979752 0.0164301686 0.0187582911 0.0062578257 0.0148965608 0.0189492145 0.0167730128 0.0048008427 0.0093569927 0.0189806961 0.0249030861 0.0066471454 0.0170420726 0.0128529109 0.0189090373 0.0206901296 0.0108442217 0.0139768783 0.0191262983 0.0138976235 0.0064846085 0.0121414665 0.014611458 0.0216079633 0.0197919998 0.0097261061 0.0089606825 0.0326059954 0.0058434076 0.0168252078 0.0153532606 0.015062429 0.0137722771 0.0239271056 0.0130900323 0.0089355651 0.0132807851 0.0085891468 0.0155865042 0.0236089267 0.0185280336 0.0127619884 0.0227786983 
3 0.0056492037 0.010657928 0.0368772219 0.0065804191 0.0374447922 0.0198583668 0.0088571406 0.0142831396 0.0179420562 0.0062392991 0.0106956328 0.0150203337 0.0085721126 0.0144737478 0.0137818572 0.0188054634 0.0076826279 0.0090740852 0.0126228904 0.0078935111 0.0309446225 0.0346288321 0.0110305434 0.0200702943 0.0160429622 0.0167464977 0.0097833479 0.0102267357 0.006449202 0.0121768711 0.0142623325 0.0111355675 0.0128802055 0.0179443914 0.0175686989 0.0079242831 0.0128443868 0.0224725059 0.0239341328 0.0019314939 0.0161113559 0.0447420431 0.0196149822 0.0130130446 0.0111430566 0.0140704998 0.0339152677 0.0267401626 0.0049820356 0.0098571119 0.0075176181 0.021741006 0.0150164264 0.0126063651 0.0127736594 0.0110751201 0.0140162127 0.0233922913 0.0145280281 0.0162654734 0.0124686461 0.0231691181 0.0076378666 0.0195928722 
4 0.0176047359 0.0105992043 0.0065804191 0.0023714288 0.0157486301 0.0204639483 0.0154441799 0.0163596469 0.0131997502 0.0270259163 0.0111655531 0.0096575068 0.0134996897 0.0112647304 0.0093899811 0.0268685243 0.0101203669 0.0264978017 0.0264194421 0.0068122896 0.0047790761 0.0247639905 0.0089391327 0.0295503285 0.0163975065 0.006825832 0.0059528006 0.013210469 0.016231261 0.0325723327 0.0163919939 0.0181359747 0.0070608291 0.0106841711 0.0131571577 0.0192714276 0.0149052106 0.0214296 0.022950837 0.0083372671 0.0082764866 0.0161649962 0.0258911104 0.0288964094 0.0203244814 0.0166512689 0.0326007522 0.0201310034 0.0128682211 0.0135090859 0.0034157196 0.0176830753 0.0094512433 0.0156628644 0.0083062632 0.0103011863 0.0129164577 0.0175974327 0.0226743068 0.0124077575 0.0155706942 0.0232947467 0.0109972212 0.0157662715 
5 0.0169341321 0.0168164882 0.0374447922 0.0157486301 0.0108241821 0.0104952346 0.0197462522 0.0136679272 0.0204049882 0.0145558151 0.0035552319 0.0217276865 0.0157395695 0.0196149742 0.0241687712 0.0102100268 0.0027120094 0.0066645442 0.0184264706 0.0202062508 0.0131224248 0.0072439035 0.0159637297 0.0137938106 0.0179119425 0.0161182643 0.0101419414 0.0132842923 0.0112363216 0.0199587162 0.0113860544 0.0222209324 0.0058083529 0.0144951281 0.0192218018 0.0070481349 0.0159003331 0.0138587137 0.0157790679 0.0059106603 0.0308354402 0.0112188959 0.0160059825 0.0118042216 0.0067588015 0.0165053562 0.0077474459 0.0238110329 0.0090925976 0.0201947331 0.015735234 0.0130460128 0.0181501487 0.0161368989 0.0255279024 0.0190240713 0.0109677158 0.0120542522 0.0169427742 0.0241978458 0.0083543292 0.0142985411 0.0262678317 0.0352534306 
6 0.0200361678 0.023476731 0.0198583668 0.0204639483 0.0104952346 0.0131752664 0.0032816051 0.0196717071 0.0187298946 0.0179214424 0.0078647672 0.0088825031 0.0092433383 0.0118190605 0.0248517134 0.0081770134 0.0203174116 0.0319683321 0.0047327029 0.0298352102 0.0197810205 0.0119905019 0.020449417 0.0126133573 0.0120610838 0.0017910605 0.001051214 0.0143434524 0.013507378 0.0248062752 0.0254173543 0.0149948726 0.0150700345 0.0133016353 0.0128427508 0.0146335603 0.0156115198 0.0137959736 0.0072694013 0.0104228167 0.0156926853 0.012030666 0.0171754086 0.0112322353 0.0118258998 0.0071913121 0.0253933787 0.0263339585 0.0274754502 0.0136718756 0.0155825746 0.0138355943 0.0308427384 0.0143422369 0.0218987067 0.013710915 0.0199517868 0.0057839224 0.0154826525 0.0193438943 0.014130159 0.0141125231 0.0243773282 0.0080250015 
7 0.0140777384 0.0112492374 0.0088571406 0.0154441799 0.0197462522 0.0032816051 0.0211001313 0.0265777287 0.0097268597 0.0148673989 0.0131189086 0.0148642152 0.0192858813 0.0271698327 0.0062852618 0.0220581137 0.0132857702 0.0199365607 0.0279888301 0.015836597 0.0083932431 0.0195752838 0.0181820241 0.0091077303 0.0043161688 0.0171647279 0.0146058103 0.0242760348 0.0163342563 0.0212882937 0.0141027867 0.0094086307 0.0163076673 0.0133388888 0.0179787831 0.01278005 0.0130493159 0.0118969489 0.0185948166 0.003763062 0.0259691747 0.0086466951 0.0131530568 0.0103008989 0.0217470011 0.0089800589 0.0351282145 0.0340524816 0.0231636622 0.0053819227 0.0042171917 0.0089899804 0.0129231325 0.020473257 0.0153135803 0.0210810192 0.0112137401 0.0132405796 0.0052147885 0.0238564486 0.0136981967 0.0148184519 0.0241105871 0.0151031132 
8 0.0162337153 0.0202892208 0.0142831396 0.0163596469 0.0136679272 0.0196717071 0.0265777287 0.0153418003 0.0117611116 0.0171401099 0.0127456864 0.0165346125 0.0188380335 0.0153557539 0.0129544678 0.0104687947 0.0116785635 0.0051321787 0.0151771881 0.0175424274 0.0158317167 0.0177588269 0.0206070113 0.0124738186 0.0155314093 0.0229175588 0.0163722289 0.0151195571 0.017615064 0.0248226903 0.0120369731 0.0229494243 0.0136508594 0.004858281 0.0060039649 0.0187750546 0.0101698631 0.0095191225 0.0189090795 0.0216809814 0.0109612102 0.00841743 0.0118279027 0.0020086259 0.0102433074 0.0188332566 0.0148046838 0.0011556454 0.0173925681 0.0272376612 0.0092181911 0.020455529 0.0272352908 0.0166105885 0.0095695941 0.0171742284 0.0238149259 0.0350438724 0.0282918282 0.0183461952 0.0097514378 0.00971671 0.0179950762 0.0085369413 
9 0.0082658803 0.0100702782 0.0179420562 0.0131997502 0.0204049882 0.0187298946 0.0097268597 0.0117611116 0.0109500098 0.0109392335 0.0118708879 0.0142305341 0.0260479906 0.0313262669 0.0129820503 0.010378625 0.0055689361 0.0152987522 0.014101006 0.0255150376 0.0269125569 0.0096740871 0.0246990933 0.0254779938 0.0120045475 0.0111297483 0.0123907378 0.0244154783 0.0135324304 0.0221147536 0.0111041374 0.019523096 0.0155308313 0.0239467466 0.0065255747 0.0082013935 0.0129009141 0.0200111925 0.0202165506 0.0139473088 0.020101487 0.0034241379 0.0168660318 0.0174348907 0.0170662662 0.0071490406 0.0277517519 0.0184700618 0.0120315975 0.0137816862 0.0166502744 0.0338644257 0.0161325867 0.0080211864 0.0091216221 0.0121973181 0.0118694159 0.0212026399 0.011392334 0.0201057065 0.0080304898 0.0126835363 0.0215259434 0.0095562478 
10 0.009855479 0.0139206993 0.0062392991 0.0270259163 0.0145558151 0.0179214424 0.0148673989 0.0171401099 0.0109392335 0.0252688126 0.0157176256 0.0187667995 0.0114356136 0.015078353 0.0245706466 0.0255114831 0.0149026987 0.014850971 0.010771575 0.0082724459 0.0282689473 0.0157139756 0.0185637362 0.0099147164 0.0215718417 0.0159263826 0.0149207062 0.0169005807 0.0129114465 0.0152341775 0.0113707588 0.0274124662 0.0170719364 0.0200011307 0.0058739028 0.0290551294 0.0162160482 0.0096921208 0.007099736 0.0185488777 0.0182055169 0.0107649327 0.0286015712 0.0087302778 0.0153680129 0.0165025586 0.0186225273 0.0142739792 0.0157663506 0.0155345876 0.014293122 0.0159793017 0.0099155231 0.0114579984 0.009072602 0.0133377256 0.0115159227 0.0192319351 0.0145128534 0.0192683209 0.0163212689 0.0144075198 0.0078022042 0.010632352 
11 0.005057995 0.0264710699 0.0106956328 0.0111655531 0.0035552319 0.0078647672 0.0131189086 0.0127456864 0.0118708879 0.0157176256 0.0204016399 0.0215730683 0.0269895893 0.0158039091 0.0163948116 0.0124799673 0.0174301714 0.0123692675 0.0147298985 0.0232969067 0.0082666041 0.007416226 0.0288172141 0.023456096 0.0242741654 0.0261583336 0.0049119284 0.0144272635 0.0090454835 0.0073207041 0.0238292246 0.014385898 0.0075046273 0.0131024413 0.0171658132 0.0194166443 0.0161342359 0.0152415084 0.0127257502 0.0203637674 0.0175731141 0.0195510126 0.011229454 0.0044318184 0.0203436752 0.0100423999 0.0117765015 0.0158345621 0.0126217323 0.0157275057 0.0182222112 0.0160137008 0.021504047 0.0117492364 0.0262911806 0.0226195674 0.0169601971 0.0147460165 0.0150825535 0.0185911636 0.0058740537 0.0153149984 0.0223134307 0.0218893501 
12 0.0109671673 0.0182113124 0.0150203337 0.0096575068 0.0217276865 0.0088825031 0.0148642152 0.0165346125 0.0142305341 0.0187667995 0.0215730683 0.0084062078 0.0136874023 0.025930222 0.0134761653 0.0284977291 0.0082972287 0.0173639453 0.0257483119 0.0232828484 0.0065015931 0.0194304144 0.0151183293 0.0176386703 0.0182242811 0.0189209227 0.0195761718 0.0187591551 0.0080097535 0.0129584241 0.0272916922 0.0099350332 0.0188864911 0.0028223087 0.0191190743 0.0144635767 0.019339017 0.0116814966 0.0089370645 0.0071779885 0.0113840164 0.019928156 0.0088915928 0.0123223783 0.0130270936 0.0295022845 0.0236938255 0.0108579626 0.0196165623 0.022121711 0.020000978 0.0181824115 0.0221298218 0.0262364317 0.0168836739 0.0060537479 0.0096504057 0.0065198429 0.0150404913 0.0101621024 0.013863249 0.0080605224 0.0143120295 0.0116414509 
13 0.0105360069 0.0089075811 0.0085721126 0.0134996897 0.0157395695 0.0092433383 0.0192858813 0.0188380335 0.0260479906 0.0114356136 0.0269895893 0.0136874023 0.0268886337 0.0216455743 0.0235342131 0.0103735727 0.0161561689 0.012859935 0.013166653 0.0110687743 0.0270137671 0.0124592644 0.0268434535 0.0039946235 0.009908087 0.0153625321 0.0182568855 0.0065221774 0.0234674255 0.0121174972 0.0151245585 0.0196835085 0.0167929061 0.0129737776 0.0146848184 0.0231842601 0.0201220785 0.0136652355 0.0111909725 0.0229275669 0.0083902132 0.0252831202 0.0155946038 0.0224070255 0.0138418564 0.016458142 0.0136062714 0.0163496235 0.0123001607 0.0180499345 0.0118219285 0.0098098479 0.0183052978 0.0132640426 0.0102391443 0.0200871991 0.0122747779 0.0170839657 0.0089347612 0.0106617495 0.0161509656 0.0168682449 0.0174478858 0.0099975085 
14 0.0093941241 0.0243955164 0.0144737478 0.0112647304 0.0196149742 0.0118190605 0.0271698327 0.0153557539 0.0313262669 0.015078353 0.0158039091 0.025930222 0.0216455743 0.0090572184 0.0109896934 0.0087039817 0.0152898499 0.0096519332 0.0166116873 0.0082667345 0.0153227124 0.013713585 0.0222705437 0.0072939662 0.0186081415 0.0154111909 0.0079112101 0.0094147265 0.0046153725 0.0094309749 0.0191792368 0.0209575223 0.0178456873 0.0178273707 0.0148399693 0.0139207991 0.0158876892 0.0118143047 0.0390763629 0.0052409737 0.0121884606 0.0140300451 0.0071026238 0.0223545576 0.0187374493 0.014607367 0.0164785732 0.0076393037 0.0036181181 0.0103528159 0.0187023366 0.0069779344 0.0158547513 0.0106371334 0.0163175084 0.0192777795 0.023469651 0.022622304 0.0249858254 0.0110798276 0.0181487815 0.0162196832 0.0148822186 0.0312894472 
15 0.0101077958 0.0212844546 0.0137818572 0.0093899811 0.0241687712 0.0248517134 0.0062852618 0.0129544678 0.0129820503 0.0245706466 0.0163948116 0.0134761653 0.0235342131 0.0109896934 0.0066629382 0.0169625165 0.0171083379 0.0181119212 0.0136556905 0.0132812516 0.0031600616 0.0112959093 0.015407315 0.0199967408 0.0171573623 0.0066916728 0.022197104 0.0180283668 0.0158172529 0.0157558541 0.021821645 0.0107349084 0.0226596294 0.0156426653 0.0164782844 0.0163263376 0.0214177661 0.0116498655 0.0316511909 0.0117572508 0.0143818415 0.0137618112 0.0095345826 0.0064404326 0.0193395123 0.0288186987 0.0162394516 0.0154789077 0.0020825995 0.0191524415 0.0103000703 0.0185415988 0.0223505383 0.0169909064 0.015687942 0.0049442813 0.0069047244 0.013101442 0.0173415844 0.0190175268 0.0088562513 0.0212147708 0.0192142239 0.0241021382 
16 0.0121198341 0.0134494567 0.0188054634 0.0268685243 0.0102100268 0.0081770134 0.0220581137 0.0104687947 0.010378625 0.0255114831 0.0124799673 0.0284977291 0.0103735727 0.0087039817 0.0169625165 0.0054453881 0.0175791933 0.0188473136 0.0131047104 0.0121908067 0.0212835642 0.012630124 0.0117423997 0.0109085353 0.0177973396 0.018239514 0.0108733398 0.0105045737 0.0168593467 0.0215749147 0.0297445884 0.0113872555 0.0172366956 0.0258560368 0.016894825 0.0230641786 0.025098635 0.0173082388 0.0096871197 0.0139580112 0.0169512588 0.0156159193 0.0091008029 0.0159983678 0.0118054707 0.0204955987 0.0149149197 0.0149492584 0.0142052644 0.009448562 0.0109246511 0.0259824185 0.0122375091 0.0088968178 0.0217896756 0.0251640122 0.0053114967 0.0089305716 0.0176619079 0.0147748811 0.0188206537 0.0207606291 0.0189470587 0.001430543 
17 0.0084044194 0.0280279975 0.0076826279 0.0101203669 0.0027120094 0.0203174116 0.0132857702 0.0116785635 0.0055689361 0.0149026987 0.0174301714 0.0082972287 0.0161561689 0.0152898499 0.0171083379 0.0175791933 0.0136425638 0.0213598525 0.0102633313 0.0217355845 0.0204305442 0.021151408 0.0121177763 0.0198765517 0.0204544663 0.0159014157 0.0211509926 0.017042747 0.0164319336 0.0136558833 0.0185219669 0.0218634834 0.0116003255 0.0149354512 0.009764444 0.0353107388 0.0118698917 0.0156577383 0.0186825529 0.0106977895 0.0249794368 0.0165944641 0.0144370337 0.0134825692 0.0137336814 0.0192619073 0.0104330931 0.0135940201 0.0095226422 0.0188723506 0.0249170445 0.008494307 0.0178012627 0.0068170538 0.012509318 0.0269074375 0.0280937221 0.0224469646 0.0059075661 0.0156059143 0.0147631195 0.0085106151 0.0165276458 0.0071056461 
18 0.0169869804 0.0166009906 0.0090740852 0.0264978017 0.0066645442 0.0319683321 0.0199365607 0.0051321787 0.0152987522 0.014850971 0.0123692675 0.0173639453 0.012859935 0.0096519332 0.0181119212 0.0188473136 0.0213598525 0.0238799458 0.0123949981 0.0074228105 0.007769552 0.0193633322 0.0077878037 0.0180871983 0.0117430246 0.0094302936 0.015470233 0.0123285826 0.0236514182 0.0123354308 0.0074115982 0.0070501447 0.0279967025 0.0237380897 0.0178406762 0.0168991137 0.0162118376 0.0172871983 0.0204019575 0.0227041539 0.0144790103 0.0182779902 0.0076360571 0.0090847899 0.0265978289 0.0185278523 0.0127657225 0.0096049004 0.0098841623 0.0236103776 0.0135366404 0.0156599761 0.0173188099 0.0198367727 0.0088210024 0.0176224902 0.0079482027 0.0160662534 0.0199932438 0.0065566379 0.0123121931 0.0282153942 0.0170794739 0.015782757 
19 0.0164478023 0.0253280219 0.0126228904 0.0264194421 0.0184264706 0.0047327029 0.0279888301 0.0151771881 0.014101006 0.010771575 0.0147298985 0.0257483119 0.013166653 0.0166116873 0.0136556905 0.0131047104 0.0102633313 0.0123949981 0.0151928975 0.0261375617 0.008510669 0.0063057521 0.0099628891 0.010646281 0.0164505427 0.0252188915 0.017822152 0.0231126564 0.0081939813 0.012817304 0.0209365274 0.0139976644 0.0170802998 0.0194926258 0.0140846681 0.0142712802 0.0240890523 0.00802159 0.0167059786 0.0110961326 0.0141729274 0.0094864955 0.0158747492 0.0129061403 0.0018259528 0.0200678505 0.0181192308 0.0128264269 0.0142548988 0.0110913688 0.0192584278 0.0059877787 0.013481263 0.0231968886 0.0196210151 0.0144291141 0.0185943934 0.0154448187 0.0093071551 0.0245399303 0.0221214647 0.012426619 0.016273604 0.0228528785 
20 0.0300270587 0.0115891963 0.0078935111 0.0068122896 0.0202062508 0.0298352102 0.015836597 0.0175424274 0.0255150376 0.0082724459 0.0232969067 0.0232828484 0.0110687743 0.0082667345 0.0132812516 0.0121908067 0.0217355845 0.0074228105 0.0261375617 0.02038092 0.0127837656 0.0115658577 0.0237739294 0.0183931626 0.0097343898 0.0245157016 0.019078192 0.0081205463 0.021452111 0.0160857623 0.014472582 0.0140769253 0.0126471121 0.0068126347 0.0183012459 0.0066274163 0.0143193283 0.0121942429 0.0128047264 0.0170673328 0.0101457236 0.0140749173 0.017520464 0.018529743 0.0242487636 0.0078380106 0.0203745791 0.0240854724 0.007756074 0.0205076166 0.0178974815 0.0114247966 0.0194282477 0.0208519424 0.016570691 0.0160892068 0.0068933389 0.0066951475 0.0108206371 0.0179463015 0.0201452617 0.0085773983 0.0111308206 0.0150261761 
21 0.0120194633 0.00884631 0.0309446225 0.0047790761 0.0131224248 0.0197810205 0.0083932431 0.0158317167 0.0269125569 0.0282689473 0.0082666041 0.0065015931 0.0270137671 0.0153227124 0.0031600616 0.0212835642 0.0204305442 0.007769552 0.008510669 0.0127837656 0.0400925435 0.0187821078 0.0191917293 0.0137186828 0.0107139839 0.0250378465 0.0229009392 0.0118042345 0.0259186959 0.0239453653 0.0130319859 0.0201068976 0.0074640622 0.0155513312 0.0061545745 0.0169480382 0.0184617544 0.0162881121 0.0089563358 0.0143239124 0.0144044807 0.020003945 0.0131512896 0.0141694183 0.0072000705 0.0055854848 0.0067699766 0.0103522085 0.0272583441 0.0137535674 0.0131291332 0.0050582925 0.0093320601 0.0110696117 0.0191810443 0.010600413 0.0299717116 0.0188512346 0.0181935018 0.0215329592 0.022914191 0.0108575849 0.0192109422 0.0081131872 
22 0.016325569 0.0099979752 0.0346288321 0.0247639905 0.0072439035 0.0119905019 0.0195752838 0.0177588269 0.0096740871 0.0157139756 0.007416226 0.0194304144 0.0124592644 0.013713585 0.0112959093 0.012630124 0.021151408 0.0193633322 0.0063057521 0.0115658577 0.0187821078 0.013473607 0.013367574 0.0199062312 0.0138418757 0.0018739919 0.020188409 0.016492408 0.0173676569 0.0148378587 0.0163670044 0.0112901187 0.0260865483 0.0134531333 0.0086146577 0.0229458983 0.0168041698 0.0185749985 0.0106640606 0.015779642 0.0127568263 0.0110944606 0.0217943039 0.0178973134 0.0178090696 0.0145239607 0.015628787 0.0131761907 0.022700533 0.0082878662 0.0175219609 0.0203808471 0.0188037884 0.0176287414 0.0200963073 0.0103581147 0.0159393311 0.018738703 0.0103811623 0.0218108388 0.027241752 0.01646182 0.0018970727 0.0133534783 
23 0.0110538079 0.0164301686 0.0110305434 0.0089391327 0.0159637297 0.020449417 0.0181820241 0.0206070113 0.0246990933 0.0185637362 0.0288172141 0.0151183293 0.0268434535 0.0222705437 0.015407315 0.0117423997 0.0121177763 0.0077878037 0.0099628891 0.0237739294 0.0191917293 0.013367574 0.0101759085 0.0159022351 0.0182539831 0.0231973133 0.0200049481 0.0216443336 0.0100063909 0.0076518235 0.0128056817 0.0082580877 0.0165606884 0.0105300668 0.0146296322 0.0090287442 0.0202390259 0.008068374 0.0059350428 0.0151776813 0.0186092955 0.019627235 0.0046163281 0.0199869826 0.0137179479 0.0089898389 0.0148708899 0.0147221661 0.0109277981 0.0236404739 0.010699805 0.0196925901 0.0240193963 0.0054284083 0.0172465356 0.0207533688 0.0195416457 0.0148305854 0.0117910795 0.0120929705 0.0157193717 0.02639806 0.0190288534 0.0126587917 
24 0.0271460223 0.0187582911 0.0200702943 0.0295503285 0.0137938106 0.0126133573 0.0091077303 0.0124738186 0.0254779938 0.0099147164 0.023456096 0.0176386703 0.0039946235 0.0072939662 0.0199967408 0.0109085353 0.0198765517 0.0180871983 0.010646281 0.0183931626 0.0137186828 0.0199062312 0.0159022351 0.0057070924 0.0076773602 0.0201254566 0.0286425001 0.0160792376 0.0155713588 0.0113830126 0.0087180624 0.0145276062 0.0123175247 0.0179965095 0.0186886999 0.0077878069 0.0243238082 0.0240610362 0.0202689795 0.018385559 0.0212311434 0.0208593024 0.0166335161 0.0100269281 0.0226533645 0.0149118924 0.009831427 0.0157191349 0.0074753768 0.023696483 0.0148062796 0.0145798804 0.0 0.0139406601 0.0179944745 0.0170723286 0.0067581046 0.0120208552 0.0115366537 0.0170274774 0.0301506607 0.0090593927 0.0143697279 0.0066579872 
25 0.0259208226 0.0062578257 0.0160429622 0.0163975065 0.0179119425 0.0120610838 0.0043161688 0.0155314093 0.0120045475 0.0215718417 0.0242741654 0.0182242811 0.009908087 0.0186081415 0.0171573623 0.0177973396 0.0204544663 0.0117430246 0.0164505427 0.0097343898 0.0107139839 0.0138418757 0.0182539831 0.0076773602 0.0115313893 0.0126570871 0.0196175927 0.0116774278 0.0213315845 0.0044272993 0.0133482295 0.0213324601 0.0162184408 0.027236061 0.0174150126 0.0138072822 0.0172748339 0.0183058808 0.0100334735 0.0141110436 0.0124787752 0.0225070769 0.0049425646 0.0079642759 0.0232992958 0.0111283282 0.0179663241 0.0208135408 0.0181123883 0.0170811764 0.0113832355 0.0136785475 0.0161716531 0.0172266625 0.0201284252 0.0178145552 0.0240435487 0.0207601391 0.0162220337 0.022012986 0.0116770137 0.0050899691 0.0139450004 0.0203722716 
26 0.0109979867 0.0148965608 0.0167464977 0.006825832 0.0161182643 0.0017910605 0.0171647279 0.0229175588 0.0111297483 0.0159263826 0.0261583336 0.0189209227 0.0153625321 0.0154111909 0.0066916728 0.018239514 0.0159014157 0.0094302936 0.0252188915 0.0245157016 0.0250378465 0.0018739919 0.0231973133 0.0201254566 0.0126570871 0.0240113356 0.0267629061 0.0065651851 0.0218746226 0.016114951 0.009582853 0.0186287048 0.0109604776 0.0021017781 0.016943106 0.0117602785 0.0121590191 0.0171489357 0.0306763736 0.0227604209 0.0244999188 0.0113868142 0.0215870673 0.0183202209 0.0051930291 0.0228629716 0.0092993317 0.0058987324 0.0149784559 0.0110624323 0.017496312 0.0179271389 0.0100236243 0.0101350495 0.0060539028 0.0185650718 0.0180547626 0.0208838741 0.0199769406 0.0126775453 0.0185625518 0.0125032227 0.0114625474 0.019280751 
27 0.0143028804 0.0189492145 0.0097833479 0.0059528006 0.0101419414 0.001051214 0.0146058103 0.0163722289 0.0123907378 0.0149207062 0.0049119284 0.0195761718 0.0182568855 0.0079112101 0.022197104 0.0108733398 0.0211509926 0.015470233 0.017822152 0.019078192 0.0229009392 0.020188409 0.0200049481 0.0286425001 0.0196175927 0.0267629061 0.0073961388 0.0245283986 0.0255547318 0.0230898003 0.0046883434 0.008931389 0.0105744137 0.0198431506 0.0206761311 0.0074226764 0.0045313444 0.0123593499 0.0142217273 0.0255022866 0.0209606187 0.0144567427 0.0133364085 0.013274218 0.0106213473 0.0183574774 0.0210426342 0.0181175524 0.010112475 0.016027355 0.0079558876 0.0143883292 0.0166409795 0.0256690645 0.0125540133 0.0108185996 0.0311430093 0.0090131197 0.0197257559 0.0155202439 0.0065085746 0.0067438696 0.0248298462 0.0190256097 
28 0.0144370618 0.0167730128 0.0102267357 0.013210469 0.0132842923 0.0143434524 0.0242760348 0.0151195571 0.0244154783 0.0169005807 0.0144272635 0.0187591551 0.0065221774 0.0094147265 0.0180283668 0.0105045737 0.017042747 0.0123285826 0.0231126564 0.0081205463 0.0118042345 0.016492408 0.0216443336 0.0160792376 0.0116774278 0.0065651851 0.0245283986 0.0012378292 0.0157650137 0.0089320388 0.0234540175 0.0060397481 0.0234132768 0.0205456123 0.0059308142 0.0091206945 0.0123450602 0.0118420225 0.0120006945 0.0296424594 0.01003126 0.0101143064 0.0120570613 0.0167593729 0.022195267 0.008696597 0.0230748466 0.0143323205 0.0194514974 0.0142482478 0.0187213669 0.0309748598 0.0090021858 0.0230082111 0.0092524401 0.0162832568 0.0139650019 0.0225843745 0.023193948 0.022126231 0.0110794655 0.0201511799 0.0273403145 0.0110484104 
29 0.0082208206 0.0048008427 0.006449202 0.016231261 0.0112363216 0.013507378 0.0163342563 0.017615064 0.0135324304 0.0129114465 0.0090454835 0.0080097535 0.0234674255 0.0046153725 0.0158172529 0.0168593467 0.0164319336 0.0236514182 0.0081939813 0.021452111 0.0259186959 0.0173676569 0.0100063909 0.0155713588 0.0213315845 0.0218746226 0.0255547318 0.0157650137 0.0117697339 0.0082543058 0.0180600007 0.0222363162 0.024522622 0.025586312 0.0058223814 0.0035251798 0.013070056 0.0229418975 0.0125722812 0.0113927233 0.0164595412 0.0153687681 0.0220365572 0.0141882451 0.0172455814 0.016831292 0.0092619694 0.0174541168 0.0162219315 0.0239381256 0.0110952113 0.0165009452 0.0295711627 0.0111740453 0.0169898296 0.0188299049 0.018264643 0.0151988588 0.0059672377 0.0162532801 0.0255699451 0.0093565396 0.0204548192 0.0142404825 
30 0.0132767714 0.0093569927 0.0121768711 0.0325723327 0.0199587162 0.0248062752 0.0212882937 0.0248226903 0.0221147536 0.0152341775 0.0073207041 0.0129584241 0.0121174972 0.0094309749 0.0157558541 0.0215749147 0.0136558833 0.0123354308 0.012817304 0.0160857623 0.0239453653 0.0148378587 0.0076518235 0.0113830126 0.0044272993 0.016114951 0.0230898003 0.0089320388 0.0082543058 0.0035473814 0.0107926796 0.01292507 0.0239051894 0.0097130312 0.0243697981 0.0152664295 0.0044019306 0.0235317801 0.0174399015 0.0158527062 0.0170389677 0.0064324496 0.0145311245 0.0117286083 0.0214421742 0.0014576359 0.0177533858 0.0192061212 0.024376564 0.0167246256 0.0214078053 0.0095018849 0.0132594831 0.0196098957 0.0207719466 0.0322649792 0.0106179145 0.0143924573 0.0114638052 0.0105662404 0.0192604099 0.0136571977 0.0177289837 0.0247623626 
31 0.0089523595 0.0189806961 0.0142623325 0.0163919939 0.0113860544 0.0254173543 0.0141027867 0.0120369731 0.0111041374 0.0113707588 0.0238292246 0.0272916922 0.0151245585 0.0191792368 0.021821645 0.0297445884 0.0185219669 0.0074115982 0.0209365274 0.014472582 0.0130319859 0.0163670044 0.0128056817 0.0087180624 0.0133482295 0.009582853 0.0046883434 0.0234540175 0.0180600007 0.0107926796 0.0216668758 0.0147709186 0.0093978302 0.0097446845 0.0058248699 0.0190925671 0.0152002954 0.0197578053 0.0064254385 0.0152184279 0.0194764619 0.0169997329 0.0169578787 0.0194344269 0.0181070982 0.0162276172 0.0235453354 0.0269432195 0.014765215 0.021190561 0.0049623893 0.0186972124 0.000997158 0.0133741519 0.0179499534 0.0158162328 0.0175268076 0.022342834 0.0107318453 0.0120629741 0.010133615 0.0201532437 0.0221669479 0.0091494499 
32 0.0272132262 0.0249030861 0.0111355675 0.0181359747 0.0222209324 0.0149948726 0.0094086307 0.0229494243 0.019523096 0.0274124662 0.014385898 0.0099350332 0.0196835085 0.0209575223 0.0107349084 0.0113872555 0.0218634834 0.0070501447 0.0139976644 0.0140769253 0.0201068976 0.0112901187 0.0082580877 0.0145276062 0.0213324601 0.0186287048 0.008931389 0.0060397481 0.0222363162 0.01292507 0.0147709186 0.0035725417 0.0081190321 0.0065918879 0.0169679063 0.0158627245 0.0248197289 0.0104826206 0.0126121333 0.0267070918 0.0139527402 0.0100855377 0.0270671031 0.0147680499 0.0257361707 0.0117051227 0.0115484411 0.0093399933 0.0214563869 0.0089638872 0.0127956646 0.0016318589 0.02003775 0.0117629275 0.0139093774 0.0108575383 0.0046617442 0.0317947487 0.0169843534 0.0144616798 0.0384570957 0.012198397 0.0187287742 0.010342053 
33 0.0176023794 0.0066471454 0.0128802055 0.0070608291 0.0058083529 0.0150700345 0.0163076673 0.0136508594 0.0155308313 0.0170719364 0.0075046273 0.0188864911 0.0167929061 0.0178456873 0.0226596294 0.0172366956 0.0116003255 0.0279967025 0.0170802998 0.0126471121 0.0074640622 0.0260865483 0.0165606884 0.0123175247 0.0162184408 0.0109604776 0.0105744137 0.0234132768 0.024522622 0.0239051894 0.0093978302 0.0081190321 0.0174018636 0.0110859532 0.0161377796 0.0121404393 0.033969693 0.0161601468 0.0133799628 0.0162246563 0.0090815413 0.0212061697 0.0176379695 0.0099362885 0.0218375931 0.0045852767 0.0231751211 0.0068704901 0.0256295486 0.0152293132 0.0276643796 0.0263510072 0.0150476964 0.0142251895 0.0224010939 0.0111000724 0.0080769227 0.0059239575 0.0035870231 0.0079301775 0.0349350971 0.0108802627 0.0119292038 0.020837286 
34 0.0205196338 0.0170420726 0.0179443914 0.0106841711 0.0144951281 0.0133016353 0.0133388888 0.004858281 0.0239467466 0.0200011307 0.0131024413 0.0028223087 0.0129737776 0.0178273707 0.0156426653 0.0258560368 0.0149354512 0.0237380897 0.0194926258 0.0068126347 0.0155513312 0.0134531333 0.0105300668 0.0179965095 0.027236061 0.0021017781 0.0198431506 0.0205456123 0.025586312 0.0097130312 0.0097446845 0.0065918879 0.0110859532 0.0227985434 0.0167043761 0.0092085022 0.0236765754 0.0182644357 0.0158791648 0.0137539106 0.0090188666 0.0159587718 0.0106726913 0.0298010795 0.0156385009 0.0123842316 0.0127370695 0.0125904072 0.010569482 0.0056262201 0.0200402372 0.0276428078 0.015411658 0.0152776786 0.0176999855 0.0161137602 0.0124940553 0.028131476 0.0228668768 0.010394972 0.013306021 0.0223200897 0.0110405831 0.0126619773 
35 0.0161006397 0.0128529109 0.0175686989 0.0131571577 0.0192218018 0.0128427508 0.0179787831 0.0060039649 0.0065255747 0.0058739028 0.0171658132 0.0191190743 0.0146848184 0.0148399693 0.0164782844 0.016894825 0.009764444 0.0178406762 0.0140846681 0.0183012459 0.0061545745 0.0086146577 0.0146296322 0.0186886999 0.0174150126 0.016943106 0.0206761311 0.0059308142 0.0058223814 0.0243697981 0.0058248699 0.0169679063 0.0161377796 0.0167043761 0.0101916741 0.0257088016 0.0224143702 0.0197454341 0.029480227 0.0129190719 0.0106901338 0.0189426087 0.026841234 0.0186821692 0.007958384 0.0148313211 0.0155454054 0.0150672148 0.0271108054 0.0127311777 0.012600721 0.0165359527 0.0243741724 0.0177770968 0.0065975706 0.0310072503 0.0140629039 0.0224553349 0.0171510891 0.0069180953 0.0086097402 0.0086750025 0.0149596213 0.0272356725 
36 0.0070233778 0.0189090373 0.0079242831 0.0192714276 0.0070481349 0.0146335603 0.01278005 0.0187750546 0.0082013935 0.0290551294 0.0194166443 0.0144635767 0.0231842601 0.0139207991 0.0163263376 0.0230641786 0.0353107388 0.0168991137 0.0142712802 0.0066274163 0.0169480382 0.0229458983 0.0090287442 0.0077878069 0.0138072822 0.0117602785 0.0074226764 0.0091206945 0.0035251798 0.0152664295 0.0190925671 0.0158627245 0.0121404393 0.0092085022 0.0257088016 0.0198197155 0.0264430048 0.0136769155 0.0131580532 0.0117997642 0.022660297 0.0150761637 0.0155205452 0.0162500065 0.0162043102 0.01817339 0.0086817131 0.0235083748 0.0169334892 0.0163381338 0.0212866291 0.0254519705 0.0207424862 0.0111924154 0.0142211676 0.0168617405 0.012538869 0.016401614 0.0064282864 0.0063720461 0.0119652542 0.0219461003 0.018144185 0.0154715018 
37 0.013879709 0.0206901296 0.0128443868 0.0149052106 0.0159003331 0.0156115198 0.0130493159 0.0101698631 0.0129009141 0.0162160482 0.0161342359 0.019339017 0.0201220785 0.0158876892 0.0214177661 0.025098635 0.0118698917 0.0162118376 0.0240890523 0.0143193283 0.0184617544 0.0168041698 0.0202390259 0.0243238082 0.0172748339 0.0121590191 0.0045313444 0.0123450602 0.013070056 0.0044019306 0.0152002954 0.0248197289 0.033969693 0.0236765754 0.0224143702 0.0264430048 0.0127396651 0.0192383841 0.0094340943 0.0194952859 0.0208613398 0.0153530903 0.0097617846 0.011913664 0.0212014985 0.0168275117 0.0107550606 0.020655157 0.0115866261 0.014166713 0.0087866041 0.0052093288 0.0141390957 0.004761082 0.0101862607 0.0116075152 0.0192606227 0.0065688565 0.0165643173 0.0057437368 0.0119174348 0.009642281 0.0226494044 0.0181819528 
38 0.0225744885 0.0108442217 0.0224725059 0.0214296 0.0138587137 0.0137959736 0.0118969489 0.0095191225 0.0200111925 0.0096921208 0.0152415084 0.0116814966 0.0136652355 0.0118143047 0.0116498655 0.0173082388 0.0156577383 0.0172871983 0.00802159 0.0121942429 0.0162881121 0.0185749985 0.008068374 0.0240610362 0.0183058808 0.0171489357 0.0123593499 0.0118420225 0.0229418975 0.0235317801 0.0197578053 0.0104826206 0.0161601468 0.0182644357 0.0197454341 0.0136769155 0.0192383841 0.007560137 0.0071197952 0.0192639932 0.0140738528 0.0190564457 0.0158326892 0.0183585745 0.0094259191 0.0203321829 0.0179571582 0.0144762957 0.0131892943 0.002210081 0.0129131243 0.0181546397 0.0195567402 0.02229781 0.0185129156 0.0154431386 0.0076814403 0.0229014281 0.0268007569 0.0133456794 0.0119488887 0.0156340669 0.0237258367 0.0111626793 
39 0.0147300917 0.0139768783 0.0239341328 0.022950837 0.0157790679 0.0072694013 0.0185948166 0.0189090795 0.0202165506 0.007099736 0.0127257502 0.0089370645 0.0111909725 0.0390763629 0.0316511909 0.0096871197 0.0186825529 0.0204019575 0.0167059786 0.0128047264 0.0089563358 0.0106640606 0.0059350428 0.0202689795 0.0100334735 0.0306763736 0.0142217273 0.0120006945 0.0125722812 0.0174399015 0.0064254385 0.0126121333 0.0133799628 0.0158791648 0.029480227 0.0131580532 0.0094340943 0.0071197952 0.00564132 0.0119085273 0.0080724754 0.0148039822 0.0199577486 0.0128706811 0.0222876784 0.0144362915 0.007860954 0.016763489 0.0243178501 0.015247744 0.0194831375 0.0170105484 0.0122139729 0.0302644926 0.0151270766 0.012520137 0.0153528547 0.0058671737 0.0187060867 0.0224596144 0.0115076632 0.0140489253 0.011927566 0.0237600024 
40 0.0248690849 0.0191262983 0.0019314939 0.0083372671 0.0059106603 0.0104228167 0.003763062 0.0216809814 0.0139473088 0.0185488777 0.0203637674 0.0071779885 0.0229275669 0.0052409737 0.0117572508 0.0139580112 0.0106977895 0.0227041539 0.0110961326 0.0170673328 0.0143239124 0.015779642 0.0151776813 0.018385559 0.0141110436 0.0227604209 0.0255022866 0.0296424594 0.0113927233 0.0158527062 0.0152184279 0.0267070918 0.0162246563 0.0137539106 0.0129190719 0.0117997642 0.0194952859 0.0192639932 0.0119085273 0.0131870266 0.0155965155 0.0267349969 0.0275285448 0.0147690313 0.0051836849 0.0190599988 0.0151602451 0.0225444461 0.0109706222 0.0241059094 0.0139073711 0.0180320352 0.0064699366 0.0261270868 0.0217789942 0.0065992252 0.0225896901 0.0164800417 0.0174861315 0.007935669 0.0072201987 0.0108273103 0.0134378319 0.0145194738 
41 0.0169480014 0.0138976235 0.0161113559 0.0082764866 0.0308354402 0.0156926853 0.0259691747 0.0109612102 0.020101487 0.0182055169 0.0175731141 0.0113840164 0.0083902132 0.0121884606 0.0143818415 0.0169512588 0.0249794368 0.0144790103 0.0141729274 0.0101457236 0.0144044807 0.0127568263 0.0186092955 0.0212311434 0.0124787752 0.0244999188 0.0209606187 0.01003126 0.0164595412 0.0170389677 0.0194764619 0.0139527402 0.0090815413 0.0090188666 0.0106901338 0.022660297 0.0208613398 0.0140738528 0.0080724754 0.0155965155 0.0363740008 0.0145562863 0.0107324001 0.016534971 0.0138093803 0.0105994603 0.0228834231 0.0042451811 0.0080984419 0.0235200711 0.0210908288 0.0093340599 0.0138666271 0.0102371669 0.017344715 0.0128636534 0.0259522543 0.0111995126 0.0129819727 0.017874566 0.0146802755 0.0162679732 0.0060432371 0.0153095051 
42 0.0088321783 0.0064846085 0.0447420431 0.0161649962 0.0112188959 0.012030666 0.0086466951 0.00841743 0.0034241379 0.0107649327 0.0195510126 0.019928156 0.0252831202 0.0140300451 0.0137618112 0.0156159193 0.0165944641 0.0182779902 0.0094864955 0.0140749173 0.020003945 0.0110944606 0.019627235 0.0208593024 0.0225070769 0.0113868142 0.0144567427 0.0101143064 0.0153687681 0.0064324496 0.0169997329 0.0100855377 0.0212061697 0.0159587718 0.0189426087 0.0150761637 0.0153530903 0.0190564457 0.0148039822 0.0267349969 0.0145562863 0.010258172 0.0313390791 0.0210293062 0.0153485923 0.0097336065 0.0069404542 0.0080359381 0.0126725745 0.0129228038 0.0191142491 0.0179465936 0.0163112808 0.0197507221 0.0253876984 0.0241999873 0.0119366993 0.0164756656 0.0138783675 0.0103071842 0.0138415007 0.0175504706 0.0099280801 0.0171355716 
43 0.0183994069 0.0121414665 0.0196149822 0.0258911104 0.0160059825 0.0171754086 0.0131530568 0.0118279027 0.0168660318 0.0286015712 0.011229454 0.0088915928 0.0155946038 0.0071026238 0.0095345826 0.0091008029 0.0144370337 0.0076360571 0.0158747492 0.017520464 0.0131512896 0.0217943039 0.0046163281 0.0166335161 0.0049425646 0.0215870673 0.0133364085 0.0120570613 0.0220365572 0.0145311245 0.0169578787 0.0270671031 0.0176379695 0.0106726913 0.026841234 0.0155205452 0.0097617846 0.0158326892 0.0199577486 0.0275285448 0.0107324001 0.0313390791 0.023137184 0.0274786718 0.0122008581 0.0122953155 0.0125430562 0.007444027 0.0092438724 0.0255384924 0.0142822416 0.015743147 0.0088275284 0.0113519004 0.0235780715 0.0135218013 0.0139669655 0.0208111716 0.0255521304 0.0089937856 0.0086998347 0.0148111036 0.0082053248 0.0106387433 
44 0.0151990408 0.014611458 0.0130130446 0.0288964094 0.0118042216 0.0112322353 0.0103008989 0.0020086259 0.0174348907 0.0087302778 0.0044318184 0.0123223783 0.0224070255 0.0223545576 0.0064404326 0.0159983678 0.0134825692 0.0090847899 0.0129061403 0.018529743 0.0141694183 0.0178973134 0.0199869826 0.0100269281 0.0079642759 0.0183202209 0.013274218 0.0167593729 0.0141882451 0.0117286083 0.0194344269 0.0147680499 0.0099362885 0.0298010795 0.0186821692 0.0162500065 0.011913664 0.0183585745 0.0128706811 0.0147690313 0.016534971 0.0210293062 0.0274786718 0.0263643859 0.0134282939 0.0128069077 0.0207825724 0.0221837841 0.0138301152 0.017599963 0.0203537613 0.0271708613 0.0088419186 0.0201543848 0.017813544 0.0163344882 0.0097202168 0.0210494002 0.0258954933 0.0138787299 0.0156836567 0.0118983493 0.0057426761 0.0111350676 
45 0.0148677306 0.0216079633 0.0111430566 0.0203244814 0.0067588015 0.0118258998 0.0217470011 0.0102433074 0.0170662662 0.0153680129 0.0203436752 0.0130270936 0.0138418564 0.0187374493 0.0193395123 0.0118054707 0.0137336814 0.0265978289 0.0018259528 0.0242487636 0.0072000705 0.0178090696 0.0137179479 0.0226533645 0.0232992958 0.0051930291 0.0106213473 0.022195267 0.0172455814 0.0214421742 0.0181070982 0.0257361707 0.0218375931 0.0156385009 0.007958384 0.0162043102 0.0212014985 0.0094259191 0.0222876784 0.0051836849 0.0138093803 0.0153485923 0.0122008581 0.0134282939 0.0192821253 0.0114585788 0.0152381026 0.0232161853 0.0290659053 0.0124090587 0.011265855 0.002124865 0.0140068111 0.0237527971 0.0256198009 0.0149624813 0.0112445382 0.0083418879 0.0103197161 0.0186580441 0.0188941698 0.0141375673 0.0105178707 0.0112847244 
46 0.0099974947 0.0197919998 0.0140704998 0.0166512689 0.0165053562 0.0071913121 0.0089800589 0.0188332566 0.0071490406 0.0165025586 0.0100423999 0.0295022845 0.016458142 0.014607367 0.0288186987 0.0204955987 0.0192619073 0.0185278523 0.0200678505 0.0078380106 0.0055854848 0.0145239607 0.0089898389 0.0149118924 0.0111283282 0.0228629716 0.0183574774 0.008696597 0.016831292 0.0014576359 0.0162276172 0.0117051227 0.0045852767 0.0123842316 0.0148313211 0.01817339 0.0168275117 0.0203321829 0.0144362915 0.0190599988 0.0105994603 0.0097336065 0.0122953155 0.0128069077 0.0114585788 0.0215114946 0.0140347769 0.0269073267 0.0148257861 0.0102251024 0.0266230317 0.0240686687 0.0298729653 0.0258544761 0.0059999104 0.0206854022 0.0235643776 0.0114384393 0.0079222557 0.0177093668 0.0170975442 0.0264788175 0.010622832 0.0144621763 
47 0.0192695919 0.0097261061 0.0339152677 0.0326007522 0.0077474459 0.0253933787 0.0351282145 0.0148046838 0.0277517519 0.0186225273 0.0117765015 0.0236938255 0.0136062714 0.0164785732 0.0162394516 0.0149149197 0.0104330931 0.0127657225 0.0181192308 0.0203745791 0.0067699766 0.015628787 0.0148708899 0.009831427 0.0179663241 0.0092993317 0.0210426342 0.0230748466 0.0092619694 0.0177533858 0.0235453354 0.0115484411 0.0231751211 0.0127370695 0.0155454054 0.0086817131 0.0107550606 0.0179571582 0.007860954 0.0151602451 0.0228834231 0.0069404542 0.0125430562 0.0207825724 0.0152381026 0.0140347769 0.0023092796 0.0004973955 0.0067239841 0.0242820875 0.0178155478 0.0077866946 0.0174641374 0.0111427955 0.0037371396 0.0113584694 0.0143215291 0.0102605388 0.0086453238 0.0180809725 0.0223831057 0.0261069378 0.0190081769 0.0098255348 
48 0.0215174925 0.0089606825 0.0267401626 0.0201310034 0.0238110329 0.0263339585 0.0340524816 0.0011556454 0.0184700618 0.0142739792 0.0158345621 0.0108579626 0.0163496235 0.0076393037 0.0154789077 0.0149492584 0.0135940201 0.0096049004 0.0128264269 0.0240854724 0.0103522085 0.0131761907 0.0147221661 0.0157191349 0.0208135408 0.0058987324 0.0181175524 0.0143323205 0.0174541168 0.0192061212 0.0269432195 0.0093399933 0.0068704901 0.0125904072 0.0150672148 0.0235083748 0.020655157 0.0144762957 0.016763489 0.0225444461 0.0042451811 0.0080359381 0.007444027 0.0221837841 0.0232161853 0.0269073267 0.0004973955 0.0236480022 0.0080523613 0.0144534787 0.0224803105 0.0088523053 0.0117790287 0.0033328818 0.0136525721 0.0154573161 0.0169465983 0.0037612296 0.018675542 0.0139985826 0.0137736213 0.0168596791 0.0218324631 0.0246960796 
