32
1 0.044857936 0.0172967335 0.0420769625 0.0299560886 0.0407257001 0.0287661114 0.0234952215 0.0147909551 0.0422801003 0.0427032629 0.0556643464 0.0270118374 0.0295551016 0.027433413 0.017049317 0.031233892 0.0223411465 0.038226332 0.0276518722 0.0255635772 0.0210147213 0.0577440164 0.036341424 0.0238219743 0.0324521246 0.0218719703 0.0166394466 0.0459097135 0.0294718192 0.0409065983 0.0451462843 
2 0.0 0.031967865 0.0347166268 0.0310100247 0.019383673 0.0385047761 0.0306593918 0.0365142932 0.0239816599 0.0415553707 0.0330425494 0.0398697357 0.0470759097 0.0388371295 0.0366468248 0.0469924612 0.0273368161 0.0317231991 0.0174630538 0.0390051702 0.0296647197 0.0178201985 0.0129832869 0.0595116441 0.0366979261 0.0181538681 0.0076804513 0.0186975051 0.0451987436 0.032663241 0.0297839486 
3 0.031967865 0.0 0.0283562757 0.0453346893 0.0224430689 0.0264758653 0.0279186652 0.0308743429 0.0197287157 0.0355078548 0.0270777743 0.0480226709 0.0183565145 0.0564509345 0.0512701701 0.0096828622 0.0235474295 0.039652483 0.0543673936 0.0379057112 0.0368525544 0.0253910513 0.0231152506 0.0299754351 0.0239505963 0.0488714721 0.0504013147 0.0244779336 0.0507189202 0.012166217 0.0218412348 
4 0.0347166268 0.0283562757 0.0 0.0050912937 0.013486368 0.0307695299 0.0006024172 0.0241496436 0.0396707358 0.0523318597 0.0370117647 0.0326061517 0.0434203531 0.0388391833 0.0382678681 0.0463506014 0.0194262614 0.0084980491 0.0423771726 0.0326599322 0.0452863671 0.0187029453 0.036098368 0.0244661595 0.0472874062 0.0215677839 0.0330317497 0.0378527872 0.0385976148 0.047661303 0.0387384647 
5 0.0310100247 0.0453346893 0.0050912937 0.0 0.0427016417 0.066867922 0.0512893784 0.0440037013 0.0313649562 0.0309752783 0.0269481582 0.0409062955 0.0460591566 0.0020204715 0.0537490185 0.0072723546 0.0541526803 0.0424057801 0.0210955123 0.0351159404 0.0300244159 0.0204750406 0.0490252024 0.0064426997 0.0318683444 0.0512720209 0.0118214216 0.0371607305 0.0180488944 0.009049995 0.0264908923 
6 0.019383673 0.0224430689 0.013486368 0.0427016417 0.0 0.0327642173 0.028541658 0.0329706361 0.0374366762 0.0270280389 0.0455611338 0.0235350087 0.0326563997 0.0292617629 0.0238659665 0.0259963263 0.0552800087 0.049887442 0.0323212022 0.0285174692 0.041713741 0.0122853371 0.0148268704 0.0404177428 0.0468723294 0.0530640617 0.0273377099 0.016776633 0.0291609365 0.0434468873 0.0297333528 
7 0.0385047761 0.0264758653 0.0307695299 0.066867922 0.0327642173 0.0 0.0400435341 0.048402618 0.0397748117 0.0117053469 0.0263530663 0.0196197762 0.0390555105 0.0322986529 0.0360817647 0.0446478132 0.0095425727 0.0216276811 0.0156937232 0.0381112119 0.0588736189 0.0577683729 0.0074479931 0.0125096022 0.0328733714 0.0261748256 0.0317322504 0.03324561 0.0117447312 0.0305617434 0.0499613754 
8 0.0306593918 0.0279186652 0.0006024172 0.0512893784 0.028541658 0.0400435341 0.0 0.0149729761 0.0280942777 0.0229853389 0.039125057 0.0508363699 0.0315653835 0.0387728735 0.0207226734 0.0116879675 0.0339991815 0.042278151 0.0211543957 0.029553553 0.0423383461 0.0266714535 0.0405904795 0.0441792272 0.0369859028 0.0288621295 0.0320603808 0.0272695793 0.0324402814 0.0533477446 0.0469560104 
9 0.0365142932 0.0308743429 0.0241496436 0.0440037013 0.0329706361 0.048402618 0.0149729761 0.0 0.0216896054 0.0257982455 0.0319409478 0.01893812 0.0331792024 0.0525246582 0.0108226953 0.0213042171 0.0440426379 0.0515416976 0.0129594646 0.0303603545 0.0210077177 0.0132819113 0.0448536445 0.0229986889 0.0451286648 0.0443660379 0.0384907357 0.0450693491 0.0450382705 0.0468854552 0.0310985121 
10 0.0239816599 0.0197287157 0.0396707358 0.0313649562 0.0374366762 0.0397748117 0.0280942777 0.0216896054 0.0 0.0275158999 0.0254628489 0.0394427706 0.0239722834 0.0381297197 0.0118777817 0.0134454226 0.040286971 0.0263342572 0.0409634859 0.0394892385 0.0190330651 0.0550780501 0.0338763188 0.0497118187 0.0331545234 0.0372756737 0.0335170307 0.0305113382 0.0361847096 0.0390191009 0.021696153 
11 0.0415553707 0.0355078548 0.0523318597 0.0309752783 0.0270280389 0.0117053469 0.0229853389 0.0257982455 0.0275158999 0.0 0.0315629649 0.0199192662 0.0385764256 0.0176945253 0.0110493413 0.0435390082 0.0431917968 0.0244513702 0.0266665283 0.0161960331 0.0336435635 0.0489148529 0.0255248338 0.038384382 0.0449728625 0.0313950982 0.0052518724 0.0280762188 0.0499087357 0.0545818689 0.0483919547 
12 0.0330425494 0.0270777743 0.0370117647 0.0269481582 0.0455611338 0.0263530663 0.039125057 0.0319409478 0.0254628489 0.0315629649 0.0 0.0139597031 0.0407366878 0.0463032356 0.0112659156 0.0405284929 0.0341263786 0.0164576698 0.0035081528 0.0201068992 0.0182115928 0.0288762288 0.0383087102 0.0331181508 0.0321706599 0.0339029795 0.0324603733 0.0348386154 0.0424410293 0.0603543705 0.0385735423 
13 0.0398697357 0.0480226709 0.0326061517 0.0409062955 0.0235350087 0.0196197762 0.0508363699 0.01893812 0.0394427706 0.0199192662 0.0139597031 0.0 0.0211667565 0.0038375415 0.0533950565 0.029422369 0.0289847392 0.0224102914 0.0490316211 0.0416215027 0.0479502193 0.0336375777 0.033706199 0.0526240908 0.0239454006 0.0349709993 0.0466830037 0.0156440049 0.0384661696 0.0303312894 0.017503462 
14 0.0470759097 0.0183565145 0.0434203531 0.0460591566 0.0326563997 0.0390555105 0.0315653835 0.0331792024 0.0239722834 0.0385764256 0.0407366878 0.0211667565 0.0 0.0247684769 0.0504300924 0.0384413673 0.0378288494 0.0302244788 0.0394277243 0.0447932392 0.0194952317 0.0393784177 0.0275429932 0.0206824136 0.0356576589 0.0459476937 0.0340929805 0.0092207768 0.0279192454 0.0090017359 0.0197709395 
15 0.0388371295 0.0564509345 0.0388391833 0.0020204715 0.0292617629 0.0322986529 0.0387728735 0.0525246582 0.0381297197 0.0176945253 0.0463032356 0.0038375415 0.0247684769 0.0 0.035037911 0.0270701346 0.0282439875 0.0054227313 0.0399333273 0.0398605805 0.0046592026 0.0240771597 0.054568108 0.0344694272 0.0501894697 0.0455554134 0.0206863877 0.0251536091 0.0499876953 0.0183349344 0.049577342 
16 0.0366468248 0.0512701701 0.0382678681 0.0537490185 0.0238659665 0.0360817647 0.0207226734 0.0108226953 0.0118777817 0.0110493413 0.0112659156 0.0533950565 0.0504300924 0.035037911 0.0 0.023222906 0.0399757874 0.0414432352 0.0459868012 0.0192248968 0.0298287866 0.0395410665 0.0167953006 0.0472792843 0.0355756338 0.0292905845 0.0584212767 0.0533343809 0.025834922 0.0116972013 0.0210155393 
17 0.0469924612 0.0096828622 0.0463506014 0.0072723546 0.0259963263 0.0446478132 0.0116879675 0.0213042171 0.0134454226 0.0435390082 0.0405284929 0.029422369 0.0384413673 0.0270701346 0.023222906 0.0 0.030584232 0.0646066761 0.0366250856 0.0337534359 0.0335598954 0.0479686589 0.0321769776 0.0302948591 0.008863873 0.0308601763 0.0578486148 0.0612035383 0.0190567193 0.0153345271 0.0364245347 
18 0.0273368161 0.0235474295 0.0194262614 0.0541526803 0.0552800087 0.0095425727 0.0339991815 0.0440426379 0.040286971 0.0431917968 0.0341263786 0.0289847392 0.0378288494 0.0282439875 0.0399757874 0.030584232 0.0 0.0225533336 0.0343751593 0.0317203967 0.0117191805 0.0036682976 0.0368301607 0.0420411335 0.0307628309 0.0336063037 0.0638486436 0.0332237724 0.0304410094 0.0255954605 0.0267228407 
19 0.0317231991 0.039652483 0.0084980491 0.0424057801 0.049887442 0.0216276811 0.042278151 0.0515416976 0.0263342572 0.0244513702 0.0164576698 0.0224102914 0.0302244788 0.0054227313 0.0414432352 0.0646066761 0.0225533336 0.0 0.0270351312 0.029741873 0.0415413288 0.0444138746 0.0348822458 0.0159498262 0.0283837374 0.012803506 0.0492660557 0.0193174276 0.0497469041 0.0218764313 0.0452967994 
20 0.0174630538 0.0543673936 0.0423771726 0.0210955123 0.0323212022 0.0156937232 0.0211543957 0.0129594646 0.0409634859 0.0266665283 0.0035081528 0.0490316211 0.0394277243 0.0399333273 0.0459868012 0.0366250856 0.0343751593 0.0270351312 0.0 0.0300983164 0.038366658 0.0187629111 0.0304177035 0.0392630212 0.0260543152 0.0539645019 0.0381062631 0.0440169896 0.0293056785 0.0394996779 0.0235071565 
21 0.0390051702 0.0379057112 0.0326599322 0.0351159404 0.0285174692 0.0381112119 0.029553553 0.0303603545 0.0394892385 0.0161960331 0.0201068992 0.0416215027 0.0447932392 0.0398605805 0.0192248968 0.0337534359 0.0317203967 0.029741873 0.0300983164 0.0 0.0391592744 0.0371454882 0.0282739292 0.0427796143 0.0188147696 0.037572993 0.0265082597 0.029537962 0.0349762145 0.0392950135 0.0225371497 
22 0.0296647197 0.0368525544 0.0452863671 0.0300244159 0.041713741 0.0588736189 0.0423383461 0.0210077177 0.0190330651 0.0336435635 0.0182115928 0.0479502193 0.0194952317 0.0046592026 0.0298287866 0.0335598954 0.0117191805 0.0415413288 0.038366658 0.0391592744 0.0 0.0484400937 0.0384817521 0.0551934943 0.0480891088 0.00170672 0.0267049978 0.0357886178 0.0340204229 0.0236275876 0.0240030042 
23 0.0178201985 0.0253910513 0.0187029453 0.0204750406 0.0122853371 0.0577683729 0.0266714535 0.0132819113 0.0550780501 0.0489148529 0.0288762288 0.0336375777 0.0393784177 0.0240771597 0.0395410665 0.0479686589 0.0036682976 0.0444138746 0.0187629111 0.0371454882 0.0484400937 0.0 0.0487990139 0.027391067 0.0390599246 0.0137341998 0.005012419 0.0286260376 0.0283653489 0.0310525349 0.0579164497 
24 0.0129832869 0.0231152506 0.036098368 0.0490252024 0.0148268704 0.0074479931 0.0405904795 0.0448536445 0.0338763188 0.0255248338 0.0383087102 0.033706199 0.0275429932 0.054568108 0.0167953006 0.0321769776 0.0368301607 0.0348822458 0.0304177035 0.0282739292 0.0384817521 0.0487990139 0.0 0.0248464678 0.0436776677 0.017170245 0.0177294014 0.0426049058 0.0237022242 0.0514451899 0.0333571322 
25 0.0595116441 0.0299754351 0.0244661595 0.0064426997 0.0404177428 0.0125096022 0.0441792272 0.0229986889 0.0497118187 0.038384382 0.0331181508 0.0526240908 0.0206824136 0.0344694272 0.0472792843 0.0302948591 0.0420411335 0.0159498262 0.0392630212 0.0427796143 0.0551934943 0.027391067 0.0248464678 0.0 0.0239416842 0.040899771 0.0261350985 0.0189260844 0.0086356332 0.033557136 0.0295523676 
26 0.0366979261 0.0239505963 0.0472874062 0.0318683444 0.0468723294 0.0328733714 0.0369859028 0.0451286648 0.0331545234 0.0449728625 0.0321706599 0.0239454006 0.0356576589 0.0501894697 0.0355756338 0.008863873 0.0307628309 0.0283837374 0.0260543152 0.0188147696 0.0480891088 0.0390599246 0.0436776677 0.0239416842 0.0 0.0414708046 0.020706569 0.0074531143 0.0169810444 0.0294403603 0.0265173213 
27 0.0181538681 0.0488714721 0.0215677839 0.0512720209 0.0530640617 0.0261748256 0.0288621295 0.0443660379 0.0372756737 0.0313950982 0.0339029795 0.0349709993 0.0459476937 0.0455554134 0.0292905845 0.0308601763 0.0336063037 0.012803506 0.0539645019 0.037572993 0.00170672 0.0137341998 0.017170245 0.040899771 0.0414708046 0.0 0.0554455049 0.0295733349 0.0152147794 0.0198539162 0.0235806309 
28 0.0076804513 0.0504013147 0.0330317497 0.0118214216 0.0273377099 0.0317322504 0.0320603808 0.0384907357 0.0335170307 0.0052518724 0.0324603733 0.0466830037 0.0340929805 0.0206863877 0.0584212767 0.0578486148 0.0638486436 0.0492660557 0.0381062631 0.0265082597 0.0267049978 0.005012419 0.0177294014 0.0261350985 0.020706569 0.0554455049 0.0 0.0422465337 0.0236173996 0.05028372 0.0162321334 
29 0.0186975051 0.0244779336 0.0378527872 0.0371607305 0.016776633 0.03324561 0.0272695793 0.0450693491 0.0305113382 0.0280762188 0.0348386154 0.0156440049 0.0092207768 0.0251536091 0.0533343809 0.0612035383 0.0332237724 0.0193174276 0.0440169896 0.029537962 0.0357886178 0.0286260376 0.0426049058 0.0189260844 0.0074531143 0.0295733349 0.0422465337 0.0 0.0510925795 0.0295012326 0.0436490841 
30 0.0451987436 0.0507189202 0.0385976148 0.0180488944 0.0291609365 0.0117447312 0.0324402814 0.0450382705 0.0361847096 0.0499087357 0.0424410293 0.0384661696 0.0279192454 0.0499876953 0.025834922 0.0190567193 0.0304410094 0.0497469041 0.0293056785 0.0349762145 0.0340204229 0.0283653489 0.0237022242 0.0086356332 0.0169810444 0.0152147794 0.0236173996 0.0510925795 0.0 0.0294422306 0.0342390925 
31 0.032663241 0.012166217 0.047661303 0.009049995 0.0434468873 0.0305617434 0.0533477446 0.0468854552 0.0390191009 0.0545818689 0.0603543705 0.0303312894 0.0090017359 0.0183349344 0.0116972013 0.0153345271 0.0255954605 0.0218764313 0.0394996779 0.0392950135 0.0236275876 0.0310525349 0.0514451899 0.033557136 0.0294403603 0.0198539162 0.05028372 0.0295012326 0.0294422306 0.0 0.0201852952 
32 0.0297839486 0.0218412348 0.0387384647 0.0264908923 0.0297333528 0.0499613754 0.0469560104 0.0310985121 0.021696153 0.0483919547 0.0385735423 0.017503462 0.0197709395 0.049577342 0.0210155393 0.0364245347 0.0267228407 0.0452967994 0.0235071565 0.0225371497 0.0240030042 0.0579164497 0.0333571322 0.0295523676 0.0265173213 0.0235806309 0.0162321334 0.0436490841 0.0342390925 0.0201852952 0.0 
