32
1 0.0209122668 0.0673617126 0.0146777198 0.0374117482 0.0174590051 0.0523409818 0.0371184445 0.038127215 0.0327442895 0.0158513365 0.0287900018 0.0192469523 0.0672834626 0.0160927385 0.0181525497 0.0329565453 0.027336857 0.0289086059 0.0085523429 0.0276084416 0.0326777048 0.0604778197 0.0290418135 0.0216835107 0.0438832708 0.0191718044 0.0224580782 0.0317975051 0.0279220561 0.0448294714 0.0311106612 0.0260130866 
2 0.0673617126 0.0841736264 0.0181494958 0.0109768889 0.0171796895 0.0324935905 0.01419234 0.0339489088 0.0504106024 0.0148476522 0.0031174849 0.0065997337 0.0295392994 0.0453152126 0.0124207277 0.0398835344 0.061300323 0.0341000711 0.0399228084 0.0223775394 0.010219193 0.0079528354 0.0317553136 0.0607742665 0.0628494319 0.0243403118 0.0092590448 0.0345470553 0.0401819085 0.0337295265 0.0153646226 0.0307152482 
3 0.0146777198 0.0181494958 0.0604692218 0.0357896677 0.006667873 0.0209273948 0.0522057232 0.0456466142 0.0450369742 0.0137433493 0.0381155269 0.0222939181 0.021619267 0.027837749 0.0325719211 0.0206005607 0.0473688645 0.0303388731 0.0486499966 0.0336927446 0.019609349 0.0154920995 0.0446442117 0.0259403219 0.03680589 0.021190763 0.0317809911 0.0333526098 0.0327821361 0.0215799752 0.0417691374 0.0386490598 
4 0.0374117482 0.0109768889 0.0357896677 0.0323418957 0.0394029019 0.0376703123 0.0027567795 0.0144507024 0.0327442329 0.0315318887 0.0098412457 0.0362804742 0.041106429 0.0517433504 0.0204718099 0.0345230018 0.0181374207 0.0241568887 0.037723021 0.0293374273 0.0768480135 0.0270218355 0.0226682363 0.021850055 0.0434215504 0.0107638895 0.0236861319 0.0181180993 0.0634015773 0.0423669826 0.0284033393 0.0430522026 
5 0.0174590051 0.0171796895 0.006667873 0.0394029019 0.0773297473 0.0268104673 0.0126772929 0.0251427367 0.0290115459 0.0160906933 0.0496822931 0.037317572 0.0329488418 0.0423748618 0.0406997503 0.0142915298 0.0606286786 0.0039590184 0.0363448512 0.0199305602 0.0343613785 0.0464118437 0.0161923204 0.0300038814 0.01216812 0.0349588585 0.0485396543 0.0385344395 0.0181716256 0.0525589102 0.0380820725 0.0240669852 
6 0.0523409818 0.0324935905 0.0209273948 0.0376703123 0.0268104673 0.0051276507 0.0298412548 0.0461472366 0.0547194039 0.0591194152 0.0362285309 0.0444990445 0.0368155431 0.0312716068 0.0214719805 0.041824333 0.0226056592 0.0088309708 0.0101219664 0.0241966214 0.0213753437 0.0340152176 0.0084112853 0.0250875266 0.0785617994 0.026002961 0.0208228779 0.0140430893 0.0109812585 0.0289412516 0.0344670778 0.0542263469 
7 0.0371184445 0.01419234 0.0522057232 0.0027567795 0.0126772929 0.0298412548 0.0212854529 0.0339033319 0.0183579427 0.0426264601 0.0211575779 0.0185614343 0.0364671306 0.0386138334 0.0480946477 0.0448416553 0.0254360486 0.0271808567 0.0182545103 0.0208455041 0.0383559452 0.0475369869 0.0333535142 0.0523962829 0.0360443969 0.020048484 0.059838509 0.0496505357 0.0310277712 0.0113427131 0.0149075805 0.0410790593 
8 0.038127215 0.0339489088 0.0456466142 0.0144507024 0.0251427367 0.0461472366 0.0339033319 0.0151965582 0.0171542062 0.028295961 0.0458712465 0.0290357852 0.0358687476 0.0256024464 0.027497342 0.046650599 0.0256976931 0.0441280749 0.0205877212 0.0150460282 0.0369767383 0.0387010612 0.0439419175 0.0305762396 0.0249797876 0.0347776549 0.0201182774 0.0235500941 0.0385952053 0.017125285 0.0432216599 0.0334369241 
9 0.0327442895 0.0504106024 0.0450369742 0.0327442329 0.0290115459 0.0547194039 0.0183579427 0.0171542062 0.065705556 0.0344762059 0.0397525929 0.0267524275 0.0324629406 0.0170966549 0.0388590787 0.0083658982 0.0330964831 0.0171830954 0.0406253335 0.0286209946 0.0478095629 0.020500962 0.0425046343 0.0287671039 0.04008408 0.035637022 0.0125893305 0.0168936022 0.0120670687 0.0241796421 0.0208570891 0.0349334434 
10 0.0158513365 0.0148476522 0.0137433493 0.0315318887 0.0160906933 0.0591194152 0.0426264601 0.028295961 0.0344762059 0.0302351804 0.012385385 0.0552791045 0.0075982791 0.0662524992 0.021111951 0.0394047469 0.0501315096 0.042277849 0.0434716122 0.0322151044 0.0406761668 0.0245080842 0.0242117482 0.0301385595 0.0407255955 0.030664157 0.0225870728 0.0201140803 0.023607219 0.0475962843 0.0167931434 0.0214317053 
11 0.0287900018 0.0031174849 0.0381155269 0.0098412457 0.0496822931 0.0362285309 0.0211575779 0.0458712465 0.0397525929 0.012385385 0.0199944591 0.0265796519 0.0405031566 0.0348010625 0.0535898901 0.0430955096 0.0259224867 0.0283332379 0.0397606271 0.0370382996 0.0083530646 0.0145920133 0.0508207573 0.0277395944 0.0388956218 0.0436530987 0.0349662076 0.0209733951 0.0468771549 0.0120973684 0.0332380541 0.0332334026 
12 0.0192469523 0.0065997337 0.0222939181 0.0362804742 0.037317572 0.0444990445 0.0185614343 0.0290357852 0.0267524275 0.0552791045 0.0265796519 0.041102145 0.0152514762 0.0317988351 0.0384309985 0.0322927913 0.0284404652 0.0803458725 0.0263017658 0.0491405795 0.0227767304 0.0451268894 0.0411707406 0.0321276837 0.0133893298 0.0222213514 0.0270427923 0.0271496154 0.0389359878 0.0280769013 0.0160823807 0.0203485696 
13 0.0672834626 0.0295392994 0.021619267 0.041106429 0.0329488418 0.0368155431 0.0364671306 0.0358687476 0.0324629406 0.0075982791 0.0405031566 0.0152514762 0.0434077662 0.0126856507 0.0189265135 0.0067958224 0.012804317 0.0347712146 0.0310332351 0.0286550624 0.0559183259 0.0346468539 0.0574586709 0.0239479592 0.0299080676 0.0350976056 0.0237143626 0.0131561487 0.0525005155 0.0196075434 0.0539011809 0.0135986103 
14 0.0160927385 0.0453152126 0.027837749 0.0517433504 0.0423748618 0.0312716068 0.0386138334 0.0256024464 0.0170966549 0.0662524992 0.0348010625 0.0317988351 0.0126856507 0.0560832483 0.0086485987 0.0216129955 0.0163466879 0.0413740367 0.0318872138 0.0542129716 0.0286034066 0.0211641209 0.0322763951 0.0353916696 0.020159521 0.0166039463 0.0215715623 0.0352714886 0.0498390073 0.0169977247 0.0108498237 0.0396190802 
15 0.0181525497 0.0124207277 0.0325719211 0.0204718099 0.0406997503 0.0214719805 0.0480946477 0.027497342 0.0388590787 0.021111951 0.0535898901 0.0384309985 0.0189265135 0.0086485987 0.0392137451 0.0138102067 0.031290958 0.0640419346 0.0067346946 0.0319497792 0.0398117485 0.0283487613 0.0268676008 0.0270931249 0.0408665864 0.0563847675 0.0429394484 0.0348285637 0.0304331379 0.0216572888 0.0198321115 0.0429477827 
16 0.0329565453 0.0398835344 0.0206005607 0.0345230018 0.0142915298 0.041824333 0.0448416553 0.046650599 0.0083658982 0.0394047469 0.0430955096 0.0322927913 0.0067958224 0.0216129955 0.0138102067 0.0 0.0360949748 0.0335561353 0.0467136547 0.020365263 0.0216568223 0.0470524584 0.027229057 0.0197646563 0.0503579679 0.0235252686 0.0366727722 0.0461175278 0.0290725336 0.0341646812 0.048475772 0.0382307249 
17 0.027336857 0.061300323 0.0473688645 0.0181374207 0.0606286786 0.0226056592 0.0254360486 0.0256976931 0.0330964831 0.0501315096 0.0259224867 0.0284404652 0.012804317 0.0163466879 0.031290958 0.0360949748 0.0272220229 0.028260129 0.0406562243 0.0489120034 0.0100804464 0.0293684692 0.0094089224 0.0606532894 0.0109905545 0.0342433752 0.0213717534 0.0415531815 0.0 0.0496336629 0.0345748524 0.0304316858 
18 0.0289086059 0.0341000711 0.0303388731 0.0241568887 0.0039590184 0.0088309708 0.0271808567 0.0441280749 0.0171830954 0.042277849 0.0283332379 0.0803458725 0.0347712146 0.0413740367 0.0640419346 0.0335561353 0.028260129 0.0042657955 0.0334239298 0.0235879527 0.0143460815 0.0223447782 0.0285861704 0.0476808132 0.0189097691 0.0346013713 0.0284424803 0.0330721717 0.031261318 0.0492018484 0.0127277652 0.0458008904 
19 0.0085523429 0.0399228084 0.0486499966 0.037723021 0.0363448512 0.0101219664 0.0182545103 0.0205877212 0.0406253335 0.0434716122 0.0397606271 0.0263017658 0.0310332351 0.0318872138 0.0067346946 0.0467136547 0.0406562243 0.0334239298 0.0188630767 0.0463168631 0.0264104636 0.0202104158 0.0361477332 0.0226053873 0.0297160553 0.046788842 0.037530496 0.0263528762 0.0199560991 0.0326148648 0.0331831385 0.0425381793 
20 0.0276084416 0.0223775394 0.0336927446 0.0293374273 0.0199305602 0.0241966214 0.0208455041 0.0150460282 0.0286209946 0.0322151044 0.0370382996 0.0491405795 0.0286550624 0.0542129716 0.0319497792 0.020365263 0.0489120034 0.0235879527 0.0463168631 0.0334051666 0.0158484729 0.0515297717 0.0172367604 0.0186198478 0.0438233048 0.0223366521 0.0300910025 0.045746674 0.0584228728 0.034152695 0.0119351998 0.0228018394 
21 0.0326777048 0.010219193 0.019609349 0.0768480135 0.0343613785 0.0213753437 0.0383559452 0.0369767383 0.0478095629 0.0406761668 0.0083530646 0.0227767304 0.0559183259 0.0286034066 0.0398117485 0.0216568223 0.0100804464 0.0143460815 0.0264104636 0.0158484729 0.0134691859 0.0112240916 0.0272869815 0.0229641 0.0161671215 0.0512110002 0.0441210254 0.0551400867 0.04423399 0.0401962764 0.058962237 0.0123089452 
22 0.0604778197 0.0079528354 0.0154920995 0.0270218355 0.0464118437 0.0340152176 0.0475369869 0.0387010612 0.020500962 0.0245080842 0.0145920133 0.0451268894 0.0346468539 0.0211641209 0.0283487613 0.0470524584 0.0293684692 0.0223447782 0.0202104158 0.0515297717 0.0112240916 0.0365385959 0.0502733817 0.0108203824 0.0164579031 0.0504429725 0.0490669212 0.0307825925 0.0275648755 0.0390955819 0.0260273293 0.0147020946 
23 0.0290418135 0.0317553136 0.0446442117 0.0226682363 0.0161923204 0.0084112853 0.0333535142 0.0439419175 0.0425046343 0.0242117482 0.0508207573 0.0411707406 0.0574586709 0.0322763951 0.0268676008 0.027229057 0.0094089224 0.0285861704 0.0361477332 0.0172367604 0.0272869815 0.0502733817 0.0397097543 0.0125644998 0.012762432 0.0474259151 0.0437119274 0.0337713939 0.0240403547 0.0218335223 0.0132178214 0.0494742128 
24 0.0216835107 0.0607742665 0.0259403219 0.021850055 0.0300038814 0.0250875266 0.0523962829 0.0305762396 0.0287671039 0.0301385595 0.0277395944 0.0321276837 0.0239479592 0.0353916696 0.0270931249 0.0197646563 0.0606532894 0.0476808132 0.0226053873 0.0186198478 0.0229641 0.0108203824 0.0125644998 0.0626875802 0.0218259043 0.0384407484 0.024989782 0.033842055 0.0261451914 0.0150985601 0.0521938648 0.0355855577 
25 0.0438832708 0.0628494319 0.03680589 0.0434215504 0.01216812 0.0785617994 0.0360443969 0.0249797876 0.04008408 0.0407255955 0.0388956218 0.0133893298 0.0299080676 0.020159521 0.0408665864 0.0503579679 0.0109905545 0.0189097691 0.0297160553 0.0438233048 0.0161671215 0.0164579031 0.012762432 0.0218259043 0.0297260271 0.0278108604 0.0154470326 0.0340786363 0.0298478454 0.0376435115 0.0190654853 0.0226265397 
26 0.0191718044 0.0243403118 0.021190763 0.0107638895 0.0349588585 0.026002961 0.020048484 0.0347776549 0.035637022 0.030664157 0.0436530987 0.0222213514 0.0350976056 0.0166039463 0.0563847675 0.0235252686 0.0342433752 0.0346013713 0.046788842 0.0223366521 0.0512110002 0.0504429725 0.0474259151 0.0384407484 0.0278108604 0.0108084893 0.0431658249 0.0491418835 0.0153882378 0.0410099955 0.0199822089 0.0121596788 
27 0.0224580782 0.0092590448 0.0317809911 0.0236861319 0.0485396543 0.0208228779 0.059838509 0.0201182774 0.0125893305 0.0225870728 0.0349662076 0.0270427923 0.0237143626 0.0215715623 0.0429394484 0.0366727722 0.0213717534 0.0284424803 0.037530496 0.0300910025 0.0441210254 0.0490669212 0.0437119274 0.024989782 0.0154470326 0.0431658249 0.0003242126 0.0422938376 0.0484003854 0.0168119837 0.0716985635 0.0239456583 
28 0.0317975051 0.0345470553 0.0333526098 0.0181180993 0.0385344395 0.0140430893 0.0496505357 0.0235500941 0.0168936022 0.0201140803 0.0209733951 0.0271496154 0.0131561487 0.0352714886 0.0348285637 0.0461175278 0.0415531815 0.0330721717 0.0263528762 0.045746674 0.0551400867 0.0307825925 0.0337713939 0.033842055 0.0340786363 0.0491418835 0.0422938376 0.0089248274 0.0323859873 0.0206509185 0.0303313906 0.0238336372 
29 0.0279220561 0.0401819085 0.0327821361 0.0634015773 0.0181716256 0.0109812585 0.0310277712 0.0385952053 0.0120670687 0.023607219 0.0468771549 0.0389359878 0.0525005155 0.0498390073 0.0304331379 0.0290725336 0.0 0.031261318 0.0199560991 0.0584228728 0.04423399 0.0275648755 0.0240403547 0.0261451914 0.0298478454 0.0153882378 0.0484003854 0.0323859873 0.0366257842 0.0327697544 0.0075571062 0.0190040345 
30 0.0448294714 0.0337295265 0.0215799752 0.0423669826 0.0525589102 0.0289412516 0.0113427131 0.017125285 0.0241796421 0.0475962843 0.0120973684 0.0280769013 0.0196075434 0.0169977247 0.0216572888 0.0341646812 0.0496336629 0.0492018484 0.0326148648 0.034152695 0.0401962764 0.0390955819 0.0218335223 0.0150985601 0.0376435115 0.0410099955 0.0168119837 0.0206509185 0.0327697544 0.0092172259 0.0708406121 0.0323774368 
31 0.0311106612 0.0153646226 0.0417691374 0.0284033393 0.0380820725 0.0344670778 0.0149075805 0.0432216599 0.0208570891 0.0167931434 0.0332380541 0.0160823807 0.0539011809 0.0108498237 0.0198321115 0.048475772 0.0345748524 0.0127277652 0.0331831385 0.0119351998 0.058962237 0.0260273293 0.0132178214 0.0521938648 0.0190654853 0.0199822089 0.0716985635 0.0303313906 0.0075571062 0.0708406121 0.0211958143 0.0491509042 
32 0.0260130866 0.0307152482 0.0386490598 0.0430522026 0.0240669852 0.0542263469 0.0410790593 0.0334369241 0.0349334434 0.0214317053 0.0332334026 0.0203485696 0.0135986103 0.0396190802 0.0429477827 0.0382307249 0.0304316858 0.0458008904 0.0425381793 0.0228018394 0.0123089452 0.0147020946 0.0494742128 0.0355855577 0.0226265397 0.0121596788 0.0239456583 0.0238336372 0.0190040345 0.0323774368 0.0491509042 0.0276764736 
