128
1 0.0148591351 0.006980681 0.0095313999 0.0108746861 0.009322226 0.0088666954 0.0067031876 0.0038261831 0.0090190042 0.0081073812 0.0060251953 0.0095770679 0.0096043373 0.0059396777 0.0092544274 0.006709625 0.0061353425 0.0079638698 0.0069923766 0.0064295276 0.0048458444 0.005451525 0.0067134099 0.0061359972 0.0040645974 0.0062963883 0.0120009379 0.0076742937 0.006508235 0.0071308425 0.0052539398 0.0072049211 0.0081283949 0.0062597234 0.0044848308 0.0058371195 0.0112734488 0.0076951696 0.0072265814 0.0130827508 0.0042477628 0.0090315545 0.0073613847 0.009938581 0.0139938275 0.0084729784 0.0051448059 0.0066581187 0.0114161354 0.0127648485 0.0099579483 0.006596606 0.0038227488 0.0059511418 0.0108589423 0.0070455776 0.0053261963 0.0046070194 0.0076061479 0.0062718561 0.0072167582 0.0065807954 0.0073329245 0.0105681685 0.006254229 0.0072766435 0.0115978552 0.0062820333 0.0091344418 0.0137840844 0.0071830191 0.0047198081 0.0127537794 0.0093243635 0.0158079788 0.0039135315 0.0047360831 0.0074129675 0.0079980028 0.0091447327 0.0054578097 0.0053908668 0.0066058157 0.00798529 0.006569365 0.0064528815 0.0085356323 0.0055645167 0.0052351359 0.0075639788 0.0085538874 0.0062908225 0.0060662602 0.0058165889 0.0077318112 0.0115249032 0.0105977726 0.0038262171 0.0060357871 0.006635651 0.0100940733 0.0095075832 0.0081895958 0.0091348437 0.0086893243 0.0042572387 0.0147177878 0.0076570918 0.0066906008 0.0081386035 0.0081328605 0.0084176177 0.0041965523 0.0062043908 0.0081282709 0.0067387248 0.0153726602 0.0058555303 0.0083034744 0.0048863381 0.0079902283 0.0083886476 0.0094417079 0.0086506069 0.0071866368 0.0088975937 0.0089448278 0.0066582346 
2 0.006980681 0.0016780335 0.0041295233 0.0057465157 0.0060938362 0.0069159463 0.0083232709 0.0091878198 0.0070536751 0.0062199809 0.0095884402 0.0135659691 0.0106844728 0.0066990174 0.0097742445 0.0077952189 0.0081097911 0.0132483296 0.0124152416 0.0085771104 0.0065611128 0.0069824951 0.0089951592 0.0084488252 0.0094980961 0.0068011605 0.005083393 0.0108340646 0.003880179 0.0061119301 0.0139547304 0.0134552207 0.0067601442 0.0097198628 0.0064265814 0.0063505513 0.0136872359 0.0156524055 0.0061746917 0.0072567433 0.0048518988 0.0086690149 0.0085690831 0.0057991756 0.0055283582 0.0079008798 0.0077165096 0.005404594 0.007198148 0.0076378082 0.0105707065 0.0057057015 0.0095813898 0.0066713782 0.010573068 0.0088716106 0.0096385242 0.0080369873 0.006046609 0.0090836645 0.0059445017 0.0056218265 0.0037593465 0.0100621532 0.0085476496 0.0077557564 0.0072829209 0.006655364 0.0021904877 0.0135314531 0.0089774346 0.0064164521 0.00571413 0.0091111624 0.0048422517 0.0131567414 0.0070868281 0.0072254998 0.0091752804 0.006408595 0.0066644711 0.0111134531 0.0022300246 0.0036502893 0.0066017711 0.0062050878 0.0075572526 0.008169418 0.0019292943 0.0082913485 0.0053353165 0.0111104806 0.0107007259 0.0085848242 0.0054280834 0.0091174072 0.0049305533 0.0070042697 0.0058883709 0.0138868994 0.008657746 0.011054689 0.0160553885 0.0084205055 0.0091451728 0.0057969059 0.0062108986 0.0076384427 0.0113486499 0.0096216552 0.0094139364 0.0087604547 0.0040670203 0.0076185635 0.0060257809 0.0105262281 0.0057568341 0.0070339873 0.0028593849 0.0073078476 0.0106152649 0.0059352947 0.0064875374 0.0061479243 0.0050453861 0.0059767925 0.0052925824 0.0078371388 
3 0.0095313999 0.0041295233 0.0075852342 0.0031615982 0.0113079565 0.0066851684 0.0064751793 0.0064355021 0.0030805375 0.0092231706 0.0068952376 0.0114814724 0.0136911318 0.0063419039 0.0021925879 0.0068153345 0.0086081037 0.0062172017 0.0040387402 0.0037150234 0.0065459349 0.009318072 0.0116337838 0.0093721169 0.0080318669 0.0058973111 0.0062851839 0.0108308829 0.0099603057 0.0127990065 0.0038482457 0.0076028766 0.0092634933 0.0075400242 0.0101407646 0.0061839462 0.0087083631 0.0132153041 0.0092693256 0.0049707649 0.0067609287 0.0114381879 0.0053373908 0.0072207508 0.0016566053 0.0051651143 0.0092916625 0.007002778 0.0102016665 0.0063737337 0.0069444399 0.0032221862 0.0066434518 0.0052710288 0.0087699975 0.0070372179 0.0131406336 0.0032583649 0.0038605491 0.0056109996 0.010529211 0.00359724 0.0084506978 0.0072919897 0.0074329244 0.0027291353 0.0125584 0.0088245993 0.0064894956 0.012987987 0.0087008163 0.0082881286 0.0058490718 0.006124283 0.0131943561 0.0079952535 0.0038633878 0.0053289982 0.0112384299 0.0060980541 0.005124345 0.0117640253 0.0123383654 0.0115608781 0.0064936195 0.0053355176 0.007894006 0.0129974435 0.0100554346 0.0142138548 0.0049215168 0.0064638237 0.0074950635 0.0068358897 0.0010797859 0.0075641128 0.0160937795 0.0052792547 0.0089122929 0.0119270934 0.0092471667 0.0148767835 0.0096006147 0.0077183527 0.0046355322 0.0070570284 0.0081955839 0.0063143855 0.0059324303 0.0081109483 0.0080716758 0.0106003553 0.0085992991 0.0093463134 0.0074482082 0.0064357654 0.0037947756 0.0116199035 0.0073459419 0.0079992782 0.0093882771 0.005091035 0.0106304273 0.0065384316 0.0076690578 0.0098742377 0.0054026567 0.0072957043 
4 0.0108746861 0.0057465157 0.0031615982 0.0049373378 0.0121608093 0.005823177 0.0135478741 0.0063110389 0.0111349151 0.007991686 0.0032165038 0.0062978415 0.0055760872 0.0035597883 0.0132845852 0.0046836435 0.0094871745 0.004105728 0.0069066743 0.0062819748 0.0086292015 0.0068842834 0.0078316451 0.0088689369 0.0106234146 0.0068220676 0.0055299428 0.0074811256 0.0065771876 0.0071526022 0.0065560173 0.0066259174 0.0140749927 0.0127850447 0.003641282 0.0102806411 0.0073913676 0.0057300954 0.010612864 0.0043583395 0.0063678453 0.0099580603 0.0048184291 0.0144570325 0.0069778019 0.0110999082 0.0045842802 0.0091878398 0.0086975263 0.0113742492 0.0089068294 0.0127218249 0.0028553097 0.0073402039 0.0027048956 0.0062056929 0.0078120312 0.0087555916 0.0044639531 0.0089515349 0.0125605884 0.009480818 0.0050037808 0.0039655114 0.0079450295 0.014391437 0.0054275286 0.0051459394 0.0092787928 0.0090940192 0.007440697 0.0082664737 0.0067356231 0.0118849108 0.0055025021 0.0080002988 0.0051423434 0.0014077855 0.0115182605 0.0063048576 0.0054495568 0.0081511753 0.0136553598 0.0089136482 0.0049087519 0.002663049 0.0076033906 0.0055789054 0.0077342658 0.008271758 0.0120462076 0.0084006456 0.0089509663 0.0034277335 0.0087375551 0.0087121933 0.0059722445 0.0060351002 0.0100543836 0.0036365106 0.0065419122 0.0071697118 0.0088549288 0.0111745747 0.0097910565 0.0077006202 0.011818981 0.0104917167 0.0073411609 0.0077644141 0.0029517107 0.0077964604 0.0045566285 0.0098864386 0.0051214567 0.0056094431 0.0114555648 0.0050190705 0.0124804488 0.0075688362 0.0099139083 0.0118713537 0.0116850972 0.0081919819 0.0053231605 0.0067290783 0.0106333686 0.0093688689 
5 0.009322226 0.0060938362 0.0113079565 0.0121608093 0.0030971479 0.0056991281 0.0055779173 0.0069631429 0.0038976127 0.0083901176 0.0042581506 0.0057616129 0.0117287586 0.0079386914 0.0097835393 0.0064669632 0.0076973827 0.0099256784 0.0087464923 0.0032962694 0.0110401864 0.0085685247 0.0037258981 0.0029513 0.0112001978 0.012208793 0.0075285318 0.0091928853 0.0053725698 0.0092853038 0.0079949146 0.0089585279 0.0085232006 0.0057053582 0.012576452 0.0052268445 0.0054987562 0.0062100195 0.0066375843 0.0086416603 0.0076924753 0.0050253843 0.0084122724 0.0084519513 0.0066127673 0.0067291766 0.0089537571 0.0050543868 0.0091595445 0.0086742739 0.0105478777 0.0054863629 0.0088474267 0.0074275313 0.0084852179 0.0054965293 0.0082535044 0.0095826987 0.0100384906 0.0096428401 0.0035170132 0.0087241315 0.0057547436 0.0095885321 0.0106950328 0.0051379613 0.0101451877 0.008702013 0.0100384331 0.0094031725 0.0067853663 0.0100210686 0.0096004261 0.0099568367 0.0079840938 0.0098956367 0.0063820292 0.0070722401 0.0068294784 0.0121718817 0.0057238745 0.0125089753 0.0043128918 0.0073870843 0.0053239767 0.0091316186 0.0079595012 0.0118956912 0.0056304685 0.0079358573 0.0084997141 0.015598491 0.0074474934 0.0086411127 0.0050154473 0.0067253534 0.0019165648 0.0076655901 0.0085857537 0.0108854769 0.0068530188 0.003550033 0.0092439712 0.0075199063 0.0059857124 0.0049338703 0.0056969286 0.0067142647 0.0033105295 0.0087820409 0.006185318 0.007507663 0.0109903507 0.0039420202 0.0114598242 0.006179665 0.0128676317 0.0124571486 0.0054509833 0.0087572001 0.0031756798 0.0084453596 0.009402415 0.0017747702 0.0138567211 0.0049541971 0.0149602526 0.0041108979 
6 0.0088666954 0.0069159463 0.0066851684 0.005823177 0.0056991281 0.0099129943 0.0072837706 0.0057127926 0.0078720364 0.0081909437 0.0047713395 0.0043861137 0.0071603248 0.0057564598 0.0091741766 0.009952661 0.007579115 0.0069130876 0.0075919569 0.0050991801 0.008850079 0.0073421941 0.0036289072 0.0062237566 0.0038495993 0.0074623939 0.0069726833 0.0116349123 0.0092220801 0.0054842477 0.0116031832 0.0077116791 0.0051253124 0.0074653729 0.0077153718 0.0101706527 0.0118002002 0.0112732749 0.0049254119 0.0068208392 0.0036946461 0.0109317584 0.0098350927 0.0126960211 0.0101147262 0.0058833996 0.006507321 0.0021331311 0.006807033 0.0068591759 0.007472163 0.0069416699 0.0096507096 0.0083773824 0.0054178482 0.0129384412 0.0077132542 0.0063893471 0.0059596466 0.0063758141 0.0041471153 0.0158013051 0.0066398109 0.0194570334 0.0061127408 0.0126725954 0.0068357936 0.0099200067 0.0088949698 0.0065657471 0.0061287857 0.0108425253 0.01113001 0.0095353456 0.0080018858 0.00970565 0.0027477883 0.007572649 0.0066328713 0.0041582071 0.0032978464 0.011159519 0.0122432951 0.0054607909 0.0098283978 0.0064384827 0.0051806225 0.0118992703 0.0148128896 0.0075274732 0.0126226888 0.0068836545 0.0044395152 0.0060490788 0.0089998438 0.0031753479 0.0103216129 0.0040268654 0.0067269008 0.0073251786 0.006320851 0.0064224964 0.0055166847 0.0118162484 0.0126617675 0.0050874248 0.0068159086 0.0081118163 0.0115941807 0.0064428481 0.0103043402 0.0094197212 0.0103608319 0.0044806422 0.0068392155 0.0108389745 0.0075413175 0.0058846478 0.0072198034 0.0035217575 0.008311513 0.0057680145 0.0029172416 0.0098225486 0.0126486247 0.0055235634 0.0065506227 0.0100064818 
7 0.0067031876 0.0083232709 0.0064751793 0.0135478741 0.0055779173 0.0072837706 0.002502985 0.0080854184 0.0063922839 0.009645748 0.0078885973 0.0103846807 0.0112915675 0.0105987366 0.0091547245 0.0055028132 0.0076038551 0.0059815301 0.0069440014 0.0104483681 0.0081361818 0.0038480578 0.0033447516 0.0063542938 0.0101655542 0.0043678364 0.0105692461 0.0051441476 0.0125506224 0.0072258866 0.0086638009 0.0030631959 0.0103450104 0.0075358474 0.0058982395 0.0067405352 0.0057133196 0.0067399505 0.0068623173 0.01299121 0.0075610109 0.0113066389 0.0068306878 0.0096167925 0.0065701978 0.0031471215 0.006397592 0.0050571742 0.0098304899 0.011795456 0.0064400707 0.0090235369 0.0092780178 0.0089370521 0.0048470958 0.0110719464 0.0103725715 0.0041957977 0.0089137531 0.0068365816 0.0066787196 0.0091194271 0.0094020296 0.0039872373 0.0119591046 0.0066444054 0.0162997486 0.0036403094 0.0081708039 0.0038008533 0.0183145567 0.006982982 0.0037925934 0.0062600335 0.0089858475 0.0070005786 0.0093567529 0.0052223216 0.0054346437 0.0057171178 0.0091377688 0.0055717891 0.007333589 0.0105132555 0.0087383705 0.011676308 0.0089024697 0.0031098764 0.0090102044 0.0112756497 0.0107458913 0.0041146147 0.0109899179 0.0055857945 0.0058673556 0.0106379505 0.0053676073 0.0115454233 0.0131096367 0.0042827629 0.0063699054 0.0052088104 0.0061728894 0.0070615611 0.0108063351 0.0044080214 0.007970194 0.0049498409 0.0066679608 0.0076299753 0.0142456779 0.0065025674 0.0054901501 0.0082415614 0.0051565876 0.0049594692 0.0077715016 0.0105162209 0.0033787021 0.0136135683 0.0098463383 0.008816197 0.0081735444 0.0064625449 0.0049874979 0.01019132 0.0084229941 0.0070656615 
8 0.0038261831 0.0091878198 0.0064355021 0.0063110389 0.0069631429 0.0057127926 0.0080854184 0.006319281 0.0052618466 0.0061626296 0.0120905433 0.0100644369 0.0031790998 0.0085040603 0.0044715691 0.0053566967 0.0103119834 0.0072720258 0.0050369222 0.0096935809 0.0040893427 0.005635552 0.0050882994 0.0050011968 0.0028817065 0.0085524728 0.0124642623 0.0065991811 0.0110628644 0.0095327789 0.007846232 0.0035546603 0.0079872888 0.0045365142 0.0191104728 0.0072472659 0.01139948 0.0094098185 0.0086165617 0.0110683493 0.0085897826 0.0120193636 0.0031993955 0.0139135481 0.0102300734 0.0017295451 0.010052773 0.0033835925 0.0040912287 0.0110020587 0.0030340531 0.0122111484 0.0074250804 0.0083688967 0.0106470503 0.011256631 0.0139289368 0.0063053104 0.0029846703 0.0092163754 0.0078452136 0.0113860377 0.0068080127 0.0024704848 0.0093057435 0.0033354536 0.0049255393 0.0027457917 0.0048663448 0.0046679103 0.0077845325 0.0123182105 0.0040465583 0.0066303119 0.0143659577 0.0056867548 0.0076128054 0.0071828841 0.0092822436 0.0049205187 0.0039473632 0.0063459524 0.0053746125 0.0161550077 0.0138914621 0.0060966715 0.007165142 0.0108229864 0.0052634222 0.005943579 0.0049952903 0.0111655057 0.0089667872 0.0063544071 0.007117646 0.0112386533 0.0073403116 0.0132680184 0.0100714018 0.0103970426 0.0091773448 0.0179274954 0.0066667025 0.0075006873 0.0087908298 0.0087283165 0.0103343568 0.00433519 0.0074368304 0.0094265144 0.0122694586 0.006455859 0.0064760075 0.0086919989 0.0024031759 0.0069414453 0.0027432218 0.0093677714 0.0133176354 0.0086904993 0.0079751306 0.0054797028 0.0022776138 0.0074737292 0.0107943573 0.0083086469 0.0041847975 0.0101957209 
9 0.0090190042 0.0070536751 0.0030805375 0.0111349151 0.0038976127 0.0078720364 0.0063922839 0.0052618466 0.0118623934 0.0052960041 0.0079460512 0.0064724253 0.0091278726 0.0079895342 0.0091433554 0.0111458495 0.0117504699 0.0097084793 0.0046310459 0.0145708063 0.0083362562 0.0050597832 0.0096770574 0.0041863921 0.0039221307 0.0047159593 0.0077712313 0.0033825886 0.0141236396 0.0034184355 0.0131363578 0.0078556994 0.0058337864 0.0090737016 0.0035451495 0.0073568609 0.0140435558 0.0071610089 0.0097119954 0.008002285 0.0067468862 0.0048139745 0.0069514659 0.0087125785 0.0081998802 0.0082598294 0.0058618831 0.0048413127 0.0087026155 0.0072536023 0.0081465944 0.0107322723 0.0074143646 0.0120037361 0.010869868 0.0091341309 0.0054452002 0.0130171582 0.0035184333 0.0084159009 0.0097122345 0.0116890061 0.0079577833 0.0040619129 0.0066134568 0.0104410114 0.009796731 0.0066022204 0.0113574887 0.0048144908 0.0061833814 0.0047140497 0.0083571018 0.0101185888 0.0082741626 0.0086682683 0.011823373 0.0088718518 0.0061211789 0.0055176683 0.0068334392 0.0098974609 0.0085854543 0.0106527743 0.0062349233 0.0110235348 0.003892234 0.0116911186 0.0081030243 0.0058504101 0.0054455211 0.0080208487 0.008888677 0.0071390875 0.0079118051 0.0108842428 0.0060170035 0.0073763154 0.0085395768 0.0063844877 0.0071998274 0.0023036962 0.0064140788 0.0049659691 0.0078663285 0.0057339335 0.0064280838 0.0063994511 0.0053005706 0.0061081197 0.0097907456 0.0073004802 0.0074945558 0.0062418682 0.0106510029 0.0090173213 0.008566372 0.009828058 0.0076046926 0.0058144401 0.0043369533 0.0079255082 0.0122692893 0.0056020724 0.007735554 0.011605954 0.0089425594 0.0067728539 
10 0.0081073812 0.0062199809 0.0092231706 0.007991686 0.0083901176 0.0081909437 0.009645748 0.0061626296 0.0052960041 0.0010974442 0.0092247531 0.0088598421 0.0082482116 0.005821377 0.0150298261 0.007953482 0.0051722414 0.0083733937 0.0060132102 0.0047119227 0.0096686599 0.0052951576 0.0123926515 0.0069745707 0.0085580642 0.0136707077 0.0073808846 0.0048378608 0.0124284954 0.008059773 0.0071637651 0.012084189 0.0065747282 0.0133725558 0.0053221534 0.0050042175 0.0111573003 0.0079945677 0.0076128046 0.0075714952 0.0063143716 0.0066781275 0.0102761686 0.0093297822 0.010834959 0.0087230005 0.0095683775 0.0086345675 0.0073794221 0.0071309414 0.0082341453 0.0071846917 0.0154506759 0.011435782 0.0027031727 0.0052106247 0.0054446316 0.0058996413 0.0080027674 0.0038794389 0.0054862864 0.0082377252 0.0075698355 0.0119337209 0.0099502978 0.0056888627 0.0089360513 0.0026354348 0.006507413 0.0098072705 0.0080358621 0.0056649068 0.0108316776 0.0058664267 0.0091405242 0.0090238095 0.0067188778 0.0043064736 0.0098326139 0.0113644937 0.0061278406 0.0133341836 0.0123590278 0.00302463 0.0094400378 0.0123038924 0.0044337745 0.0052207625 0.0043979143 0.0052476282 0.0086789012 0.0071497221 0.0084359609 0.0055192739 0.0074566326 0.0079715027 0.0126513762 0.0135757317 0.0055564138 0.0073366068 0.0093409895 0.006989796 0.0106771767 0.0083258461 0.0096422545 0.0058072275 0.0080358513 0.0090071349 0.0073583804 0.0061653204 0.0056789853 0.0062058031 0.0096844368 0.0060554195 0.0071782047 0.0049411175 0.0027396262 0.0033458125 0.0082613749 0.003240025 0.0077121375 0.0070004448 0.011460641 0.0044926217 0.0077468762 0.0081443285 0.0101068735 0.0057216588 
11 0.0060251953 0.0095884402 0.0068952376 0.0032165038 0.0042581506 0.0047713395 0.0078885973 0.0120905433 0.0079460512 0.0092247531 0.0043904223 0.0055336747 0.0039650467 0.0062057817 0.0065251919 0.0086220306 0.0103151121 0.0075651195 0.0112559301 0.0084691106 0.0041244487 0.0058647534 0.0097248209 0.0066370493 0.004627563 0.0084263123 0.0107514055 0.0104278374 0.0073459475 0.0088470286 0.0066120177 0.0066720839 0.0057194216 0.0068521772 0.006476728 0.0102645981 0.006294071 0.0095999668 0.0067123013 0.0047391674 0.0120649713 0.0095064257 0.0103600301 0.005145369 0.0091548847 0.0075920537 0.0064072622 0.0051465435 0.0042695893 0.0120279967 0.0081824316 0.0054662544 0.0034414718 0.0102389618 0.0109331527 0.0057138786 0.0153383629 0.0058915498 0.0128172021 0.0087858361 0.0102581622 0.0107805516 0.008088224 0.0073662179 0.0077563506 0.0096725911 0.0078198595 0.0082060882 0.0117772347 0.0067956154 0.0035932233 0.0041943529 0.0113107882 0.0092228072 0.0086524145 0.0081449038 0.0042883347 0.0063856143 0.0036509185 0.0034845534 0.0069036067 0.0045034162 0.0073362717 0.0134922645 0.0100274848 0.0038495212 0.0095793237 0.0052200322 0.0079643431 0.0061758784 0.0065486128 0.0051071478 0.0071385262 0.0116357181 0.0087579634 0.008333804 0.0099448434 0.0100423189 0.0047408942 0.0080754709 0.0054557535 0.0148207812 0.0135171928 0.0084067539 0.0132656563 0.0102280436 0.0037817039 0.0032447843 0.0065406729 0.0070845624 0.006619285 0.0097471869 0.0064337958 0.0110484514 0.0146387216 0.0104607327 0.009857459 0.0087961128 0.0027452394 0.0051753781 0.0090659939 0.0078738869 0.0046778588 0.0065556307 0.0044246815 0.0067050792 0.009387165 0.012659029 
12 0.0095770679 0.0135659691 0.0114814724 0.0062978415 0.0057616129 0.0043861137 0.0103846807 0.0100644369 0.0064724253 0.0088598421 0.0055336747 0.0008127484 0.0084588441 0.0061916956 0.0083314476 0.0049000446 0.0070956378 0.0104680619 0.007379857 0.0048244361 0.0044610152 0.0051621478 0.0083042826 0.0046666814 0.0099692175 0.0069833538 0.012080542 0.0074189661 0.0100766667 0.0072248708 0.0029481384 0.0044912094 0.0078329309 0.0081211777 0.0051025005 0.0049079192 0.0115858773 0.0057204219 0.0129406687 0.0095020262 0.009603567 0.0086422386 0.0045627039 0.0111478141 0.0074986989 0.0019145702 0.0167606874 0.0067210881 0.0082079369 0.0121178526 0.0061625666 0.0045753607 0.0054649003 0.0087452984 0.010065882 0.0060576229 0.009419833 0.0140052862 0.0069302652 0.0019023398 0.0049691289 0.0130160589 0.0058155158 0.0106211544 0.0047804853 0.0049897156 0.0084459196 0.0063701445 0.0066941352 0.0106406199 0.0074946661 0.0039486249 0.0021701509 0.0065160204 0.0047050361 0.0038014178 0.0113164444 0.012455222 0.0135292896 0.0057522861 0.0063445991 0.0105181744 0.0068440407 0.0125498078 0.0055688344 0.0080047386 0.0153892782 0.0041163624 0.0098720669 0.0121627669 0.0063177635 0.0099691095 0.0051040645 0.0120903177 0.0055886538 0.0078722117 0.0082141551 0.0035795728 0.0087427875 0.0122153898 0.0115976285 0.0086801073 0.008578023 0.0064833033 0.008524188 0.005143404 0.0088690362 0.0035628064 0.0107814081 0.0078041283 0.0033438838 0.0039301313 0.0114676558 0.009176629 0.0096757645 0.0067405662 0.011889326 0.0068864818 0.0081874748 0.0080121375 0.0057030121 0.0067608546 0.01019648 0.0076067787 0.0066563339 0.0058849757 0.0053116146 0.012594098 
13 0.0096043373 0.0106844728 0.0136911318 0.0055760872 0.0117287586 0.0071603248 0.0112915675 0.0031790998 0.0091278726 0.0082482116 0.0039650467 0.0084588441 0.0059114186 0.0088838676 0.0092969788 0.0064646761 0.0107643072 0.0018557377 0.0117793709 0.0115748361 0.0051837855 0.0075962243 0.0084256639 0.0099658395 0.0063067922 0.0061172374 0.0086435031 0.0073853563 0.0049652364 0.0098590284 0.0038408893 0.0102097957 0.0077779675 0.0045220198 0.0073866681 0.0055978175 0.007345725 0.0069272951 0.0052305247 0.0062464115 0.0101731244 0.0061850662 0.0106741975 0.0090215091 0.0092992299 0.0055372126 0.0099441643 0.0052873519 0.0067735386 0.0034731274 0.0117914543 0.0040924459 0.0077421198 0.0060673706 0.0045947236 0.0109199441 0.0077291207 0.0091501257 0.0054928841 0.006691226 0.0101714672 0.0056165555 0.0048907689 0.0054556747 0.0074945753 0.0058881458 0.008617033 0.0071765918 0.0040881264 0.0119745546 0.013044344 0.0085706611 0.003505327 0.0060582545 0.0101442947 0.0048517976 0.0070522029 0.0048348044 0.0081393532 0.0049781054 0.0097301377 0.0052950157 0.0107735537 0.0104981213 0.0115409165 0.0123189834 0.0047902874 0.0104330287 0.0087876171 0.0053718979 0.0076254666 0.0124065745 0.0078554649 0.0106724935 0.0060556687 0.0077008758 0.0066023834 0.0111154907 0.0067305252 0.0109875457 0.0054509521 0.0040823732 0.0103473754 0.0061518491 0.0040982624 0.0091856005 0.0072783871 0.0086632634 0.0062346692 0.0167276962 0.0060693218 0.0136622961 0.0090402078 0.0078960276 0.0103402199 0.0053357608 0.005474461 0.0100581827 0.0062330893 0.0048727691 0.0175981998 0.0085185724 0.0105268296 0.0016758398 0.0077378626 0.0058924964 0.0050554539 0.0065266285 
14 0.0059396777 0.0066990174 0.0063419039 0.0035597883 0.0079386914 0.0057564598 0.0105987366 0.0085040603 0.0079895342 0.005821377 0.0062057817 0.0061916956 0.0088838676 0.0095631942 0.0061404849 0.0070473109 0.0037287924 0.0089789107 0.0057710596 0.0111089851 0.0174288551 0.0094536584 0.0062970609 0.0080179957 0.0092934188 0.0111680643 0.0090078019 0.0065008668 0.0065248647 0.0099601466 0.0079073742 0.0043946852 0.0080949841 0.0090459206 0.0060992862 0.0132960713 0.0085480504 0.0088858193 0.0067621982 0.0033716681 0.0087782458 0.0096362363 0.0033145632 0.0126425349 0.0071210268 0.0080910384 0.0087916729 0.0034205777 0.0080141745 0.002801331 0.0075466142 0.0089054784 0.0064569753 0.0091228636 0.0079267019 0.0052552752 0.0052520721 0.0059481248 0.0058104074 0.0023200248 0.0082793945 0.0055054176 0.0155363193 0.0073805077 0.0019064567 0.0073790672 0.0057694079 0.0073902676 0.0074450485 0.0101384307 0.0078221565 0.0118381894 0.0068611354 0.0065550605 0.0125647918 0.0090379805 0.0113509499 0.0060381896 0.0081883512 0.0090708932 0.0062583095 0.0082195355 0.0058483591 0.0134985846 0.0062234105 0.0074853029 0.0122376491 0.01380156 0.0106705088 0.007791633 0.0068170725 0.0084945898 0.0099194116 0.007129027 0.0087158495 0.0058146129 0.0040895682 0.0119814037 0.002522762 0.0071398988 0.0072701662 0.0045842553 0.0122221657 0.0095556954 0.0113866667 0.0082037937 0.0084971189 0.0083692252 0.0069677092 0.004966576 0.0059807966 0.0071109993 0.0146297574 0.0059132147 0.0058998213 0.0085759456 0.0027383294 0.0090375725 0.0061468646 0.0058098317 0.0032884589 0.0123974952 0.0083976297 0.0056249996 0.0061519533 0.0137678018 0.0055503945 0.0102536374 
15 0.0092544274 0.0097742445 0.0021925879 0.0132845852 0.0097835393 0.0091741766 0.0091547245 0.0044715691 0.0091433554 0.0150298261 0.0065251919 0.0083314476 0.0092969788 0.0061404849 0.0166332398 0.0085397915 0.0112899578 0.0087053391 0.0033410262 0.005300685 0.0089019255 0.0056840479 0.0065339119 0.0130093836 0.0046931894 0.0086772452 0.0092253145 0.0044983045 0.0069491522 0.0131511773 0.0067576296 0.00399593 0.0088606771 0.0046565188 0.0057203676 0.0022204003 0.0041422582 0.0094604267 0.0074322982 0.0177744078 0.0031980029 0.0023951705 0.0053199889 0.0093765076 0.0058544316 0.0113548343 0.0056506009 0.0134335327 0.0089834791 0.00879379 0.0091733569 0.0049722442 0.006037081 0.0100973386 0.01224317 0.0049079031 0.0046052432 0.004354915 0.0103723043 0.0142771135 0.0109454522 0.0043155796 0.0122633633 0.0070310434 0.0060090675 0.0129082177 0.0063630138 0.0063106258 0.0063856653 0.0030350046 0.0107039335 0.0054316256 0.0098958371 0.0045018739 0.0156204074 0.0047858232 0.01059125 0.0051920084 0.0083016879 0.0113038238 0.0086472613 0.0084450245 0.0092042131 0.004570201 0.0115585178 0.0043964192 0.0086428018 0.0098129504 0.0058329653 0.0055391281 0.0061051296 0.0051450983 0.0108501647 0.0074410548 0.0062531978 0.0046616967 0.003383603 0.0086160033 0.0097700812 0.004910297 0.0087545243 0.0052993206 0.0088689882 0.0071330959 0.0060706887 0.0121981487 0.0062034911 0.0091100783 0.0041794012 0.0096546025 0.0108846451 0.012078493 0.0107988901 0.0091268335 0.004911697 0.0023272673 0.004224847 0.0075055553 0.0094360206 0.002048391 0.0078204887 0.0070009182 0.0049146271 0.0085482316 0.0061125949 0.0086090815 0.0091550606 0.0082301522 
16 0.006709625 0.0077952189 0.0068153345 0.0046836435 0.0064669632 0.009952661 0.0055028132 0.0053566967 0.0111458495 0.007953482 0.0086220306 0.0049000446 0.0064646761 0.0070473109 0.0085397915 0.0040424825 0.0042492666 0.0076273961 0.0080491975 0.0065754981 0.0081703817 0.0091397681 0.0092377827 0.0091560367 0.0055049624 0.0090995883 0.0048277064 0.0064794078 0.0057508883 0.0050547831 0.0094638491 0.0082605377 0.0055038497 0.0106351128 0.004748245 0.0134807464 0.0082796662 0.0025410382 0.0077348382 0.0046763965 0.0086396439 0.0097498358 0.0089556153 0.0086156438 0.0069567635 0.0121271728 0.0065543929 0.0138605621 0.008348009 0.0070474031 0.0092323591 0.0090970475 0.00392752 0.0084058153 0.0098310578 0.0021713858 0.0098764869 0.0108791948 0.010192676 0.004634943 0.0070168646 0.0145521641 0.0075488962 0.0056944041 0.0081671491 0.0072710409 0.0082328085 0.0125864196 0.0097536073 0.0097638102 0.0073557619 0.0019061642 0.007256095 0.0158520222 0.0112068751 0.0113198348 0.0056771125 0.0080182791 0.0041740375 0.0062529577 0.0091858172 0.0039540779 0.0078349911 0.0079833524 0.0100358946 0.0083266106 0.0055682399 0.0059549034 0.007756477 0.0100424998 0.0111854083 0.0087347254 0.0094922074 0.0051719951 0.0067686855 0.0099040847 0.0114221892 0.0082277974 0.0086080227 0.0080157586 0.0120794485 0.0077535284 0.0080895616 0.0050520111 0.0113169467 0.0168359384 0.0076858503 0.0091188742 0.0090595928 0.0077415553 0.0076203426 0.0068199886 0.0032227564 0.0071258829 0.0034772786 0.004029325 0.0014682899 0.0057507805 0.007031336 0.0102652317 0.005411113 0.0116815715 0.0094592599 0.0103101548 0.0044834348 0.0060154343 0.00509251 0.0068728639 
17 0.0061353425 0.0081097911 0.0086081037 0.0094871745 0.0076973827 0.007579115 0.0076038551 0.0103119834 0.0117504699 0.0051722414 0.0103151121 0.0070956378 0.0107643072 0.0037287924 0.0112899578 0.0042492666 0.0066261864 0.0071777479 0.0051394792 0.0138339053 0.0119258517 0.0070313089 0.0055890327 0.0131981164 0.0060612158 0.0035523783 0.012144453 0.0066081181 0.011233109 0.0050247455 0.0073850521 0.0081731179 0.0065266808 0.0083364676 0.0084254 0.0070479312 0.0075921171 0.0130356273 0.0022023319 0.0068777373 0.0062193131 0.0072159838 0.0082350553 0.0076580946 0.0047849181 0.006999443 0.0072128432 0.0094930146 0.0031431897 0.006090233 0.0084943968 0.0108867286 0.0069888991 0.0063614744 0.0096895885 0.0144105531 0.0053890422 0.0098414564 0.0071548633 0.0051695317 0.0061882991 0.0090625504 0.0049672912 0.014009056 0.0034159726 0.0066836251 0.0044675205 0.0103800986 0.0081151368 0.0036864032 0.0071435377 0.0054365799 0.0084806155 0.0049853914 0.007193382 0.0099962723 0.0105967704 0.0098861513 0.0063980614 0.0086033457 0.0059150097 0.0039165047 0.0124112472 0.0106454147 0.0099399604 0.007266722 0.0064566924 0.0094875174 0.006263927 0.0110851795 0.0058828876 0.0090393615 0.0031469133 0.0021040986 0.0066930608 0.0089385709 0.0124701147 0.0069430019 0.0103477646 0.0077423947 0.0086192955 0.0103637883 0.0059850284 0.0106249704 0.0085817281 0.0096002429 0.0076169532 0.0117778459 0.0109702361 0.0079351757 0.0130650993 0.0080444322 0.0047546466 0.009728169 0.01007749 0.0053553765 0.0067566224 0.0044538246 0.0061423505 0.0056375602 0.0061306619 0.0139351999 0.0123651357 0.0103255207 0.0026628621 0.0060748514 0.0031795446 0.0007577164 
18 0.0079638698 0.0132483296 0.0062172017 0.004105728 0.0099256784 0.0069130876 0.0059815301 0.0072720258 0.0097084793 0.0083733937 0.0075651195 0.0104680619 0.0018557377 0.0089789107 0.0087053391 0.0076273961 0.0071777479 0.0065800148 0.009563083 0.006785581 0.0087347769 0.0076408159 0.0087034277 0.0062492731 0.0065688481 0.006011184 0.0085514413 0.0072748151 0.0113872814 0.0108934434 0.0123647165 0.0059461473 0.0051993705 0.0087222514 0.0074014929 0.0068793296 0.003852147 0.0081419033 0.0063308802 0.0079180758 0.0073950678 0.0088405241 0.0048696433 0.0079163112 0.012757802 0.0090161747 0.0068919922 0.0151021636 0.0076243794 0.0096373866 0.005347132 0.0088476216 0.0085010599 0.0035145889 0.0074246488 0.0061624848 0.0087603503 0.0059900162 0.0111670742 0.0069798698 0.0134763625 0.0057037881 0.0076952677 0.00790488 0.0041546386 0.0085597921 0.0088846803 0.0068641115 0.0058297111 0.0079031381 0.0035522184 0.0093866834 0.0086690292 0.0095302247 0.008546948 0.0105826954 0.0088216245 0.0073825391 0.0115252693 0.006945639 0.0072681122 0.0082729058 0.0064796175 0.0066435537 0.0077752503 0.0092927316 0.0057529399 0.0083597667 0.0083459398 0.0084988103 0.0095650688 0.0099742317 0.0071260325 0.0113109884 0.0033173353 0.0084580316 0.008458054 0.0104992469 0.0072885487 0.0032650966 0.0086877859 0.0072297119 0.0088979962 0.0086030502 0.0069167998 0.0034007275 0.0107905402 0.0071879176 0.0067197055 0.0087366348 0.0103691757 0.0140433168 0.0065829912 0.0108375075 0.0032233875 0.0061240544 0.0092007763 0.0081890751 0.0084818437 0.0059647072 0.0112724465 0.0055365767 0.0064372471 0.0065376264 0.0063548406 0.0015286941 0.0060237051 0.0057154271 
19 0.0069923766 0.0124152416 0.0040387402 0.0069066743 0.0087464923 0.0075919569 0.0069440014 0.0050369222 0.0046310459 0.0060132102 0.0112559301 0.007379857 0.0117793709 0.0057710596 0.0033410262 0.0080491975 0.0051394792 0.009563083 0.004290045 0.0080762578 0.0043809952 0.0053752661 0.0053975181 0.0070953347 0.0053942914 0.0064395528 0.0062452464 0.010752461 0.0114400583 0.0139933358 0.0043677222 0.0071889148 0.0036875489 0.0096894852 0.0084795888 0.0109945385 0.0048693352 0.0060607548 0.0106948707 0.0106265377 0.0046746126 0.0026545272 0.0148590651 0.0093525225 0.005943538 0.0060940538 0.0112329961 0.0085808661 0.0088652679 0.0056521365 0.0033082981 0.0095664649 0.0069717612 0.0045900644 0.0119263999 0.0070712923 0.0106503991 0.0091980598 0.0054304642 0.0083989016 0.0048223352 0.0069671034 0.0070807384 0.0060629889 0.0103159428 0.0110174306 0.0038825637 0.0097488845 0.0072638014 0.0120427182 0.0065669524 0.0115875166 0.0101289627 0.0020028771 0.006563666 0.0039305918 0.0138044149 0.0070147336 0.0119846749 0.0071881557 0.0110247705 0.0075576684 0.0060364913 0.0035345907 0.0153846894 0.0087130268 0.0089885272 0.0112362874 0.00469171 0.0075519233 0.0113828914 0.0114020407 0.0085625969 0.0035627888 0.0040854437 0.0092371148 0.0081116764 0.0049992583 0.0114464592 0.0083574399 0.01035629 0.0065404016 0.0046849348 0.0090359414 0.0099168938 0.0042857139 0.0055614149 0.0098126588 0.007855503 0.0053661167 0.012974829 0.0106385516 0.0089698201 0.0079476494 0.0095881631 0.0049020138 0.0064836844 0.0107511458 0.0138650197 0.0048976393 0.0108755862 0.009794547 0.004499877 0.0087922512 0.0093147512 0.0069082512 0.0031854308 0.0041934569 
20 0.0064295276 0.0085771104 0.0037150234 0.0062819748 0.0032962694 0.0050991801 0.0104483681 0.0096935809 0.0145708063 0.0047119227 0.0084691106 0.0048244361 0.0115748361 0.0111089851 0.005300685 0.0065754981 0.0138339053 0.006785581 0.0080762578 0.0065343895 0.0081818977 0.0079090489 0.0037644369 0.0049982158 0.0124774974 0.0026736073 0.0121150523 0.0067748229 0.0094018096 0.0089679535 0.0070703239 0.0061105825 0.007435074 0.0045839115 0.0073458681 0.0052094902 0.0113240255 0.0090265218 0.0077281761 0.0070731072 0.0057563647 0.0128428307 0.0102932815 0.0079618421 0.0073312935 0.0118166479 0.0071540445 0.0139489565 0.0048869148 0.0020025876 0.0117148915 0.0067054097 0.0040688729 0.0058670284 0.0057037924 0.0058987788 0.0063844148 0.0046596892 0.0069642576 0.0038564733 0.0117109438 0.0101468366 0.0083545638 0.0105452488 0.0077796968 0.0058937636 0.0135777083 0.0085215295 0.0057202796 0.0084675264 0.0064015051 0.0083399805 0.0048041367 0.0026057392 0.0028800596 0.0069104217 0.0098114181 0.0116075628 0.0114999543 0.0079980771 0.0067455703 0.0049028058 0.0054265405 0.008972027 0.0115469312 0.0089268547 0.008230741 0.0033909714 0.0060383209 0.0100482255 0.0081408594 0.011903127 0.0027305558 0.0116615282 0.0106940157 0.0062865358 0.0093646178 0.0022507534 0.0102866363 0.0082656592 0.0037887523 0.0162426563 0.0073390442 0.0065208922 0.0139008184 0.0091046103 0.0057617542 0.0087725817 0.0091976207 0.0042382053 0.0028202543 0.0096301358 0.0072432053 0.0093123559 0.0054493016 0.0054536069 0.0096158848 0.0052173982 0.0093750476 0.0145089825 0.0053281609 0.0111118486 0.0079649231 0.0035639844 0.0092866076 0.0081320068 0.0139659394 0.0058659476 
21 0.0048458444 0.0065611128 0.0065459349 0.0086292015 0.0110401864 0.008850079 0.0081361818 0.0040893427 0.0083362562 0.0096686599 0.0041244487 0.0044610152 0.0051837855 0.0174288551 0.0089019255 0.0081703817 0.0119258517 0.0087347769 0.0043809952 0.0081818977 0.0067602188 0.0088464533 0.0048377282 0.0119460141 0.0049305106 0.0078024743 0.0082038591 0.007854027 0.0105090877 0.0059054146 0.0068164159 0.0067529963 0.0110876338 0.0073175001 0.0053419124 0.0079877858 0.0095017609 0.0109104175 0.0096932032 0.0159787754 0.0038540196 0.0123767907 0.007855545 0.0077051722 0.0097376537 0.0065731649 0.015513067 0.0061754557 0.0107576121 0.0095228381 0.0070497513 0.0089262629 0.0030622588 0.0071143899 0.0056283012 0.0042091156 0.0079200181 0.0050604172 0.0104508889 0.0073927856 0.0048021323 0.0072407948 0.0016851746 0.0058359236 0.0029711817 0.0088857914 0.009092628 0.0074483282 0.0034051644 0.0047424233 0.0071074161 0.0088859295 0.0057515773 0.0088297335 0.0097639391 0.0087880974 0.0062915935 0.007474158 0.0099413148 0.0071712293 0.0063858773 0.0051451276 0.0047461049 0.0071185536 0.0088064129 0.0091197918 0.0077170703 0.0043267629 0.0075380985 0.0063724647 0.0053652844 0.0079673754 0.0075859428 0.0121274184 0.0019039849 0.0100082134 0.0125863201 0.0118854496 0.0047656678 0.0058528904 0.0067997955 0.0051309878 0.0063211666 0.0081186721 0.0080086933 0.0106019151 0.0086549889 0.0033026199 0.0094983464 0.0053960355 0.0081148193 0.0060981017 0.0105131661 0.0124389318 0.0094001009 0.0120641498 0.0089987691 0.0113286896 0.0049036314 0.0085103644 0.007644154 0.0121372708 0.0073184401 0.0089791926 0.0076074069 0.0088091081 0.0052379067 0.0105568029 
22 0.005451525 0.0069824951 0.009318072 0.0068842834 0.0085685247 0.0073421941 0.0038480578 0.005635552 0.0050597832 0.0052951576 0.0058647534 0.0051621478 0.0075962243 0.0094536584 0.0056840479 0.0091397681 0.0070313089 0.0076408159 0.0053752661 0.0079090489 0.0088464533 0.0068494929 0.0084372336 0.0059752055 0.0088154579 0.0065346579 0.0042277142 0.0048538803 0.007726574 0.0057765739 0.0072363847 0.0079375915 0.0059455521 0.0105527867 0.0111069359 0.0094637652 0.0093156614 0.0150218728 0.0078225397 0.0082838743 0.0067555768 0.0033255524 0.0073107909 0.0084158318 0.0118829378 0.0052128064 0.0076186607 0.0082447059 0.0057278936 0.0047168555 0.0146635958 0.0109710064 0.0076513116 0.0038958622 0.0094492259 0.0089618602 0.0097869204 0.0109203634 0.0104999948 0.0069690467 0.010080562 0.0085289065 0.0088119924 0.0089472936 0.0035067294 0.0087424791 0.0146557652 0.0088512919 0.0106450126 0.0051626462 0.0112953459 0.008782919 0.0079038732 0.0103514165 0.0039625646 0.0087170624 0.0106419511 0.0067737345 0.0096978852 0.0069385182 0.0040768009 0.0083275804 0.0079155744 0.0073170613 0.0084113962 0.002532863 0.0072414273 0.0105500259 0.00395994 0.0089681045 0.0087319893 0.0055352752 0.0123185609 0.0067684955 0.0069505317 0.0057978436 0.0080270711 0.0051086002 0.0065110632 0.006468256 0.0064623055 0.0106144833 0.0094696935 0.0083017908 0.0065894564 0.007648447 0.009824615 0.0043936668 0.0089930864 0.0111717575 0.0085874564 0.0063029993 0.0063575262 0.0059052075 0.0095984362 0.0056971083 0.004173285 0.0159867269 0.0047029139 0.0073950883 0.0106800004 0.0081325854 0.0078489241 0.0072662866 0.0083911977 0.0162520253 0.0044766509 0.0053061775 
23 0.0067134099 0.0089951592 0.0116337838 0.0078316451 0.0037258981 0.0036289072 0.0033447516 0.0050882994 0.0096770574 0.0123926515 0.0097248209 0.0083042826 0.0084256639 0.0062970609 0.0065339119 0.0092377827 0.0055890327 0.0087034277 0.0053975181 0.0037644369 0.0048377282 0.0084372336 0.0098263743 0.0115319688 0.0074990021 0.0042443581 0.0052546635 0.0063282178 0.0105957096 0.0082605088 0.009137781 0.0121762798 0.0045775626 0.0067027003 0.0046706051 0.0076811393 0.0045084223 0.0070235137 0.0121952 0.0068836188 0.0118822634 0.0065112571 0.0117479764 0.0055482532 0.009558046 0.0076608436 0.0077926691 0.0059175837 0.0041259808 0.0090900937 0.0080215128 0.0088094083 0.0043430178 0.0082972096 0.0066847989 0.0070831364 0.008072792 0.0105952595 0.0091736406 0.0084384843 0.0050644967 0.0093421951 0.0088482762 0.0077817579 0.0116244312 0.0091655005 0.005117935 0.0056500682 0.0065831921 0.0047710776 0.0096657042 0.0079953537 0.0035335551 0.006587126 0.0076806271 0.0087971173 0.0066971096 0.0032407555 0.0103861436 0.0121751023 0.0041025189 0.0080054765 0.0087388482 0.0115070333 0.011973252 0.0099861765 0.0045565429 0.008492842 0.0038948531 0.010599204 0.0094824523 0.0049222499 0.0111976827 0.0043119011 0.0094664237 0.0118849148 0.0056868554 0.0046020765 0.0106321066 0.0061570131 0.0090442991 0.0111451376 0.0054221406 0.0046522875 0.0085128566 0.0045828977 0.0091477876 0.0066885526 0.0084143049 0.0090537936 0.0103276945 0.0117445807 0.0121211385 0.0057728885 0.0053278314 0.0047188665 0.0041074457 0.0102497003 0.0079020861 0.0063263379 0.0049417871 0.0115779038 0.0132933451 0.0037135072 0.0075932099 0.0131947566 0.0103326017 0.0124459953 
24 0.0061359972 0.0084488252 0.0093721169 0.0088689369 0.0029513 0.0062237566 0.0063542938 0.0050011968 0.0041863921 0.0069745707 0.0066370493 0.0046666814 0.0099658395 0.0080179957 0.0130093836 0.0091560367 0.0131981164 0.0062492731 0.0070953347 0.0049982158 0.0119460141 0.0059752055 0.0115319688 0.0049317009 0.0095624338 0.0067724303 0.0069450757 0.0153601367 0.0134902223 0.00784155 0.0105290584 0.0076971007 0.0068917764 0.0025860653 0.0076894293 0.010532293 0.0088630829 0.0034253064 0.0064827849 0.0053768735 0.0055961357 0.0085244982 0.0069750203 0.0070479034 0.0064782204 0.0086804992 0.0040026202 0.009766774 0.0106665942 0.0064400093 0.0150432347 0.0125880102 0.00964969 0.0130773858 0.0084453916 0.0088614452 0.004673222 0.0081909072 0.0049006 0.007238456 0.0049847786 0.0053381443 0.0088260726 0.0127215487 0.0076987837 0.0053624482 0.0052113955 0.0044066507 0.0057357652 0.0052859416 0.0056066542 0.0117694418 0.0038860508 0.0067766749 0.0090907468 0.0076005777 0.0042707083 0.0105420075 0.0063307118 0.0095108004 0.0068498819 0.0067881472 0.0059911454 0.0135879696 0.0056793098 0.0038003217 0.0042969522 0.0096649367 0.0096009043 0.0066458985 0.0085520351 0.0090669178 0.0077482865 0.0108727726 0.0051706366 0.00478092 0.0071019941 0.0085567498 0.007385065 0.0072858129 0.0088629335 0.0121451144 0.0082057248 0.0095177373 0.0044829903 0.0141939693 0.0044601792 0.010631962 0.0137932373 0.0105030859 0.0060225205 0.0087547791 0.0092913721 0.0099689905 0.0082527775 0.0059069693 0.0055434318 0.005169829 0.0089442156 0.0042452469 0.0059600988 0.0108915627 0.0044250937 0.0100473524 0.0070195879 0.0110710545 0.0047634873 0.0077536966 
