10
1 0.0 0.1604506301 0.0791740344 0.0488717993 0.1026386183 0.1410718577 0.0877682304 0.0973031605 0.146842569 0.1358790999
2 0.1604506301 0.0 0.1834019433 0.0785920065 0.1906726971 0.1015908382 0.1157313955 0.0511381975 0.0546438371 0.0637784551
3 0.0791740344 0.1834019433 0.0 0.0193132874 0.1191421248 0.1144252347 0.1148285326 0.1971394139 0.1170950703 0.055480358
4 0.0488717993 0.0785920065 0.0193132874 0.0 0.1174967686 0.176818111 0.1278514118 0.1367732066 0.1183385442 0.1759448643
5 0.1026386183 0.1906726971 0.1191421248 0.1174967686 0.0 0.0225698879 0.1427833112 0.0372850025 0.1084024113 0.1590091783
6 0.1410718577 0.1015908382 0.1144252347 0.176818111 0.0225698879 0.0 0.0769307859 0.1219992579 0.1471936977 0.0974003292
7 0.0877682304 0.1157313955 0.1148285326 0.1278514118 0.1427833112 0.0769307859 0.0 0.1545477204 0.0616935374 0.1178650749
8 0.0973031605 0.0511381975 0.1971394139 0.1367732066 0.0372850025 0.1219992579 0.1545477204 0.0 0.1274808668 0.0763331743
9 0.146842569 0.0546438371 0.1170950703 0.1183385442 0.1084024113 0.1471936977 0.0616935374 0.1274808668 0.0 0.1183094662
10 0.1358790999 0.0637784551 0.055480358 0.1759448643 0.1590091783 0.0974003292 0.1178650749 0.0763331743 0.1183094662 0.0
