30
1 0.0 0.0288428825 0.0498344945 0.0307867354 0.0426816989 0.0375930298 0.0252081917 0.0138098335 0.0469682993 0.0424721388 0.0122996935 0.0279342887 0.0287680069 0.0553576425 0.0207205231 0.0263966505 0.0326155992 0.0295494519 0.0591727683 0.008745817 0.0222656935 0.0554849034 0.0431221016 0.030013815 0.0443171266 0.0201347123 0.0466212116 0.0420779855 0.0315489637 0.044655741
2 0.0288428825 0.0 0.0287951737 0.0371542303 0.0237660646 0.0240599941 0.0324505874 0.0398530767 0.0334267235 0.0396665879 0.0321362638 0.0414375646 0.0119387951 0.0326096165 0.0505239979 0.0259495169 0.0438805019 0.0281714101 0.051908107 0.0251288675 0.0089110501 0.0209840511 0.055118023 0.0652240852 0.0482254823 0.0321829228 0.0362064804 0.0275736142 0.0356311876 0.0382431412
3 0.0498344945 0.0287951737 0.0 0.0405653548 0.0394634109 0.0307259577 0.0415128172 0.0342343783 0.0529216196 0.0166470893 0.0381381582 0.0311209558 0.0367374287 0.0324003218 0.0269306379 0.0516978618 0.0138931462 0.0460277255 0.0243671314 0.0453305068 0.0180229212 0.0349100743 0.0118745722 0.0267051551 0.0534764161 0.0489805653 0.0377796352 0.0230275036 0.0512108474 0.0126681395
4 0.0307867354 0.0371542303 0.0405653548 0.0 0.0188352501 0.0330663827 0.0252905756 0.0386262177 0.0435435946 0.0492741621 0.0330985601 0.025555742 0.027580691 0.0439035984 0.0489403803 0.0136484124 0.0477669455 0.0367533096 0.0383869272 0.0276141612 0.0335990503 0.0532317728 0.0325876581 0.034591143 0.0152672932 0.0400428116 0.0507684461 0.0106891643 0.0547057736 0.0141256558
5 0.0426816989 0.0237660646 0.0394634109 0.0188352501 0.0 0.0508904987 0.0421747072 0.0667522794 0.0457561297 0.0610694963 0.0400255623 0.0321750614 0.0432299802 0.0510730872 0.0438703165 0.0510231096 0.0146937963 0.0243356166 0.0157183129 0.0320900523 0.020375619 0.0287288363 0.0429621075 0.0308877142 0.0091499047 0.0318578978 0.0386349064 0.0272658923 0.0089606826 0.021552008
6 0.0375930298 0.0240599941 0.0307259577 0.0330663827 0.0508904987 0.0 0.0408818115 0.0209983032 0.0454330775 0.0208741047 0.0416854269 0.0402057825 0.0304999361 0.0251193663 0.0334414349 0.038560717 0.0557943671 0.0405217533 0.015449224 0.0339371783 0.0526937991 0.0161355779 0.028286442 0.0328055109 0.059936245 0.0484316651 0.0243615111 0.0286167347 0.0099119882 0.0390821797
7 0.0252081917 0.0324505874 0.0415128172 0.0252905756 0.0421747072 0.0408818115 0.0 0.0451384009 0.0231796889 0.0118421022 0.0259797705 0.0406358621 0.056978314 0.0495829908 0.0250147721 0.0408215637 0.0556834997 0.0338054474 0.0235741097 0.0328223748 0.0421385262 0.0308182495 0.0396582554 0.0355500399 0.0182763593 0.0490588232 0.0431595014 0.0221363157 0.0155506736 0.0310756682
8 0.0138098335 0.0398530767 0.0342343783 0.0386262177 0.0667522794 0.0209983032 0.0451384009 0.0 0.0466862442 0.0478875363 0.0199988659 0.0436344734 0.0253696139 0.0149161652 0.0302394359 0.0369594886 0.0359139257 0.037236803 0.0508386678 0.0501347849 0.0286395264 0.0229676 0.0275120067 0.027999687 0.0153722902 0.0212474157 0.0236918096 0.0394581025 0.0469365141 0.0469465533
9 0.0469682993 0.0334267235 0.0529216196 0.0435435946 0.0457561297 0.0454330775 0.0231796889 0.0466862442 0.0 0.0402984699 0.0524728698 0.022913541 0.0254634378 0.0250708543 0.0471171358 0.0180913105 0.0389077285 0.0077639821 0.0299645558 0.0057307678 0.0145933811 0.0484576353 0.0537966224 0.0361851879 0.0288951459 0.0220828709 0.0281353885 0.039020301 0.0516313256 0.0254921107
10 0.0424721388 0.0396665879 0.0166470893 0.0492741621 0.0610694963 0.0208741047 0.0118421022 0.0478875363 0.0402984699 0.0 0.0166024718 0.0218834362 0.0541718688 0.0115168793 0.0450645306 0.0212028439 0.0464968838 0.0289088408 0.0416259767 0.0167270355 0.0470942592 0.0531545287 0.0510004484 0.037306164 0.0405857793 0.0440343093 0.0136614361 0.0283853209 0.0242947638 0.0262505351
11 0.0122996935 0.0321362638 0.0381381582 0.0330985601 0.0400255623 0.0416854269 0.0259797705 0.0199988659 0.0524728698 0.0166024718 0.0 0.0333001087 0.0085148668 0.0200092694 0.0306809853 0.0221173317 0.0495225088 0.0361635654 0.0474490018 0.0401310019 0.0382337032 0.0557925901 0.043773423 0.0186593211 0.0434541036 0.0473001533 0.0495816199 0.0247488167 0.0442645983 0.0338653879
12 0.0279342887 0.0414375646 0.0311209558 0.025555742 0.0321750614 0.0402057825 0.0406358621 0.0436344734 0.022913541 0.0218834362 0.0333001087 0.0 0.0565181074 0.0215061836 0.0149712676 0.0254739814 0.0218536688 0.0514631623 0.0171403006 0.0487820599 0.0520829869 0.0293852709 0.0277365855 0.0350531729 0.0502265779 0.0214957266 0.0349838065 0.0517859285 0.0521118976 0.0266324987
13 0.0287680069 0.0119387951 0.0367374287 0.027580691 0.0432299802 0.0304999361 0.056978314 0.0253696139 0.0254634378 0.0541718688 0.0085148668 0.0565181074 0.0 0.0394503252 0.0142152551 0.0229355025 0.0415903047 0.0509795806 0.046721678 0.0511166374 0.026111057 0.0335715117 0.0177317335 0.0430334669 0.0351103569 0.0358948224 0.0411835778 0.0080687588 0.0339831788 0.052531206
14 0.0553576425 0.0326096165 0.0324003218 0.0439035984 0.0510730872 0.0251193663 0.0495829908 0.0149161652 0.0250708543 0.0115168793 0.0200092694 0.0215061836 0.0394503252 0.0 0.0326767123 0.0426303992 0.0075201361 0.0515519718 0.0342086161 0.036110004 0.0470132548 0.0205360431 0.033902571 0.0157180052 0.0494953631 0.0264677749 0.0303136945 0.0583570579 0.0493887221 0.0415933734
15 0.0207205231 0.0505239979 0.0269306379 0.0489403803 0.0438703165 0.0334414349 0.0250147721 0.0302394359 0.0471171358 0.0450645306 0.0306809853 0.0149712676 0.0142152551 0.0326767123 0.0 0.0524263024 0.0064373335 0.0292776352 0.0539991988 0.0366437733 0.0360028709 0.0229265028 0.0348416915 0.0581321008 0.0241966771 0.0411924136 0.0395126868 0.0404741002 0.0267385226 0.0327908052
16 0.0263966505 0.0259495169 0.0516978618 0.0136484124 0.0510231096 0.038560717 0.0408215637 0.0369594886 0.0180913105 0.0212028439 0.0221173317 0.0254739814 0.0229355025 0.0426303992 0.0524263024 0.0 0.0426760616 0.0454123049 0.0297373555 0.0488855803 0.0557756835 0.0102720075 0.0121173489 0.0504469936 0.0244738692 0.0380008882 0.0204179789 0.0514617274 0.0375049162 0.0428822924
17 0.0326155992 0.0438805019 0.0138931462 0.0477669455 0.0146937963 0.0557943671 0.0556834997 0.0359139257 0.0389077285 0.0464968838 0.0495225088 0.0218536688 0.0415903047 0.0075201361 0.0064373335 0.0426760616 0.0 0.0115887938 0.0407969072 0.0355513892 0.0243349204 0.0304409918 0.0428509637 0.0375342527 0.0451832371 0.0524704603 0.0193525953 0.0283217898 0.043970377 0.0323569145
18 0.0295494519 0.0281714101 0.0460277255 0.0367533096 0.0243356166 0.0405217533 0.0338054474 0.037236803 0.0077639821 0.0289088408 0.0361635654 0.0514631623 0.0509795806 0.0515519718 0.0292776352 0.0454123049 0.0115887938 0.0 0.0464789691 0.0335834956 0.0390854642 0.0328443644 0.0416821564 0.0420804532 0.0302236353 0.0237315775 0.0508471581 0.0224418796 0.0344159214 0.0130735707
19 0.0591727683 0.051908107 0.0243671314 0.0383869272 0.0157183129 0.015449224 0.0235741097 0.0508386678 0.0299645558 0.0416259767 0.0474490018 0.0171403006 0.046721678 0.0342086161 0.0539991988 0.0297373555 0.0407969072 0.0464789691 0.0 0.0328688772 0.032560195 0.0301581518 0.0394339461 0.0044553973 0.0151874294 0.0362681638 0.0406692119 0.0219639206 0.0524659452 0.0264309536
20 0.008745817 0.0251288675 0.0453305068 0.0276141612 0.0320900523 0.0339371783 0.0328223748 0.0501347849 0.0057307678 0.0167270355 0.0401310019 0.0487820599 0.0511166374 0.036110004 0.0366437733 0.0488855803 0.0355513892 0.0335834956 0.0328688772 0.0 0.0191431905 0.0501299238 0.0337748761 0.0281573323 0.0242152523 0.0505448081 0.0306865211 0.0602717284 0.0457621844 0.0153798179
21 0.0222656935 0.0089110501 0.0180229212 0.0335990503 0.020375619 0.0526937991 0.0421385262 0.0286395264 0.0145933811 0.0470942592 0.0382337032 0.0520829869 0.026111057 0.0470132548 0.0360028709 0.0557756835 0.0243349204 0.0390854642 0.032560195 0.0191431905 0.0 0.0347474427 0.0177416524 0.0415855869 0.0529703059 0.0304283141 0.0329826967 0.0542288816 0.0337136543 0.042924313
22 0.0554849034 0.0209840511 0.0349100743 0.0532317728 0.0287288363 0.0161355779 0.0308182495 0.0229676 0.0484576353 0.0531545287 0.0557925901 0.0293852709 0.0335715117 0.0205360431 0.0229265028 0.0102720075 0.0304409918 0.0328443644 0.0301581518 0.0501299238 0.0347474427 0.0 0.0220474151 0.0326740988 0.0549803616 0.0297235108 0.0271956354 0.0282875805 0.0326308797 0.0567824884
23 0.0431221016 0.055118023 0.0118745722 0.0325876581 0.0429621075 0.028286442 0.0396582554 0.0275120067 0.0537966224 0.0510004484 0.043773423 0.0277365855 0.0177317335 0.033902571 0.0348416915 0.0121173489 0.0428509637 0.0416821564 0.0394339461 0.0337748761 0.0177416524 0.0220474151 0.0 0.0310676768 0.0165683281 0.0367614558 0.0316724606 0.0557233123 0.0231229491 0.0515312168
24 0.030013815 0.0652240852 0.0267051551 0.034591143 0.0308877142 0.0328055109 0.0355500399 0.027999687 0.0361851879 0.037306164 0.0186593211 0.0350531729 0.0430334669 0.0157180052 0.0581321008 0.0504469936 0.0375342527 0.0420804532 0.0044553973 0.0281573323 0.0415855869 0.0326740988 0.0310676768 0.0 0.0507687439 0.032896676 0.0508750014 0.0205676135 0.0201728174 0.0288527868
25 0.0443171266 0.0482254823 0.0534764161 0.0152672932 0.0091499047 0.059936245 0.0182763593 0.0153722902 0.0288951459 0.0405857793 0.0434541036 0.0502265779 0.0351103569 0.0494953631 0.0241966771 0.0244738692 0.0451832371 0.0302236353 0.0151874294 0.0242152523 0.0529703059 0.0549803616 0.0165683281 0.0507687439 0.0 0.0185409659 0.0433236809 0.035173887 0.0291029886 0.0233021934
26 0.0201347123 0.0321829228 0.0489805653 0.0400428116 0.0318578978 0.0484316651 0.0490588232 0.0212474157 0.0220828709 0.0440343093 0.0473001533 0.0214957266 0.0358948224 0.0264677749 0.0411924136 0.0380008882 0.0524704603 0.0237315775 0.0362681638 0.0505448081 0.0304283141 0.0297235108 0.0367614558 0.032896676 0.0185409659 0.0 0.0155946071 0.0153116174 0.032500768 0.056821302
27 0.0466212116 0.0362064804 0.0377796352 0.0507684461 0.0386349064 0.0243615111 0.0431595014 0.0236918096 0.0281353885 0.0136614361 0.0495816199 0.0349838065 0.0411835778 0.0303136945 0.0395126868 0.0204179789 0.0193525953 0.0508471581 0.0406692119 0.0306865211 0.0329826967 0.0271956354 0.0316724606 0.0508750014 0.0433236809 0.0155946071 0.0 0.0420878687 0.0181059088 0.0375929633
28 0.0420779855 0.0275736142 0.0230275036 0.0106891643 0.0272658923 0.0286167347 0.0221363157 0.0394581025 0.039020301 0.0283853209 0.0247488167 0.0517859285 0.0080687588 0.0583570579 0.0404741002 0.0514617274 0.0283217898 0.0224418796 0.0219639206 0.0602717284 0.0542288816 0.0282875805 0.0557233123 0.0205676135 0.035173887 0.0153116174 0.0420878687 0.0 0.0337847317 0.0586878645
29 0.0315489637 0.0356311876 0.0512108474 0.0547057736 0.0089606826 0.0099119882 0.0155506736 0.0469365141 0.0516313256 0.0242947638 0.0442645983 0.0521118976 0.0339831788 0.0493887221 0.0267385226 0.0375049162 0.043970377 0.0344159214 0.0524659452 0.0457621844 0.0337136543 0.0326308797 0.0231229491 0.0201728174 0.0291029886 0.032500768 0.0181059088 0.0337847317 0.0 0.0258763187
30 0.044655741 0.0382431412 0.0126681395 0.0141256558 0.021552008 0.0390821797 0.0310756682 0.0469465533 0.0254921107 0.0262505351 0.0338653879 0.0266324987 0.052531206 0.0415933734 0.0327908052 0.0428822924 0.0323569145 0.0130735707 0.0264309536 0.0153798179 0.042924313 0.0567824884 0.0515312168 0.0288527868 0.0233021934 0.056821302 0.0375929633 0.0586878645 0.0258763187 0.0
