64
1 0.0078264489 0.0043417986 0.019090776 0.0158376176 0.0204282549 0.0139032746 0.0114781208 0.0132584877 0.0162821646 0.0208613773 0.0142601146 0.017794668 0.0136569292 0.0163409435 0.0096281055 0.0084200195 0.008341624 0.0049191509 0.0348402143 0.0091118554 0.0126505402 0.0230942638 0.009352463 0.0237068255 0.0189694935 0.0184614781 0.0098962412 0.0157754554 0.0094007072 0.0117542784 0.0100060028 0.0271613691 0.0139652904 0.0164595824 0.0201394992 0.0201986499 0.0240228233 0.0156374531 0.0134544805 0.0076381582 0.0143668602 0.0149057494 0.0214545875 0.0145959184 0.0245005178 0.0243147233 0.013337262 0.0119879538 0.0132935437 0.0151055366 0.0296808535 0.0122411791 0.0135532139 0.0064782081 0.0184154339 0.0128723907 0.0186263705 0.0233906353 0.0114892668 0.0056047169 0.0185862975 0.0200884705 0.0228310649 0.0159122445 
2 0.0043417986 0.0101351829 0.0098649863 0.0202358504 0.0227206333 0.00735003 0.0134795893 0.0154664106 0.0149710577 0.0096016672 0.0116172225 0.0257678004 0.0208807285 0.0195584255 0.0107695893 0.0236876503 0.018932804 0.0194207514 0.0230043533 0.0147918448 0.0233997095 0.0151833798 0.0067573804 0.0201445799 0.0131345095 0.027591806 0.015114379 0.0146541783 0.0147274722 0.0160011394 0.011286179 0.0155372256 0.0237552207 0.0195016935 0.0150181663 0.0118626544 0.0164084225 0.0116917665 0.0126328794 0.01618951 0.0188889214 0.0105330789 0.0295694674 0.0173359667 0.0063015429 0.0119345169 0.0154863051 0.0102687139 0.012627992 0.0250387915 0.0047726309 0.0145400588 0.0153362465 0.016530671 0.0070707649 0.0148776441 0.0116316336 0.0273585481 0.0194237557 0.0200040195 0.0178577333 0.0208234718 0.0085552615 0.0060416353 
3 0.019090776 0.0098649863 0.0294335537 0.0157042771 0.0122933219 0.0131726444 0.0070509369 0.0119274792 0.017896539 0.0165436372 0.0142175008 0.0149959312 0.0146331056 0.0166860424 0.0136170129 0.0191991419 0.0194599057 0.0092958928 0.0186306118 0.0101041086 0.0127685143 0.0150609433 0.0155169153 0.0124441017 0.021303013 0.0125726767 0.026121483 0.02276087 0.0190726462 0.0241968168 0.0233917334 0.0138497627 0.020316099 0.0125594124 0.0117324483 0.0227148019 0.0126075623 0.0248579738 0.0153537432 0.0150424075 0.00411261 0.0208678836 0.0155373719 0.0145648291 0.0104507 0.0162114423 0.0053544698 0.0030131069 0.0126796966 0.0155230792 0.0202663322 0.0162435081 0.0114761226 0.0185422687 0.0216682382 0.0150887798 0.0019924542 0.0198404787 0.0154384466 0.0051328893 0.019256085 0.0223459666 0.0096873492 0.0266445614 
4 0.0158376176 0.0202358504 0.0157042771 0.0084784827 0.0192939457 0.0196759206 0.0153289203 0.0095198776 0.0119665483 0.0073151687 0.0049841491 0.0190974415 0.0082376663 0.0201845613 0.0217481634 0.0226650391 0.0206260757 0.0157021378 0.0324906178 0.0155635945 0.0148690635 0.0059036716 0.0181284159 0.0183118062 0.013575788 0.0244316115 0.0111192084 0.0258639873 0.0124241934 0.0067273915 0.0164277354 0.0124941865 0.0116171977 0.0260860194 0.0285739735 0.011450862 0.020375214 0.017237194 0.0141256814 0.0096385508 0.0136898473 0.0108128157 0.0107874753 0.0160048427 0.0142210108 0.0099275551 0.0188308595 0.0161018833 0.0177901941 0.0187896574 0.0156958048 0.012784146 0.0077881362 0.0171757033 0.0137177084 0.0224980076 0.016167936 0.0148491422 0.0185047061 0.0200471217 0.0147393513 0.0089999886 0.0094651081 0.016573191 
5 0.0204282549 0.0227206333 0.0122933219 0.0192939457 0.0254351718 0.0095040969 0.013193941 0.00848357 0.0212062577 0.0131368968 0.0090838289 0.0108848929 0.0102968942 0.0271563954 0.0159218235 0.0088399087 0.00297542 0.0099080879 0.0167114454 0.0143112699 0.0071939749 0.0176648038 0.0124941463 0.0156780865 0.0241193945 0.0125944464 0.0165646973 0.0044667152 0.0144983015 0.0101387273 0.0154548609 0.0147538764 0.0176807718 0.0227788851 0.020379075 0.0210908975 0.0195197049 0.013889834 0.016193861 0.0140576318 0.0062191207 0.0154013621 0.0160291476 0.0073592903 0.015419471 0.0139400763 0.0174467854 0.0167605378 0.0198022296 0.0058000595 0.0215432375 0.0193929844 0.016623591 0.0175734257 0.0186483898 0.0132680519 0.0199133694 0.0214060688 0.0138115978 0.0232671319 0.0245830163 0.0096284414 0.0290477567 0.0141161081 
6 0.0139032746 0.00735003 0.0131726444 0.0196759206 0.0095040969 0.0203852127 0.024851483 0.0140662238 0.0300245301 0.0179355071 0.0196761786 0.0257072966 0.011222134 0.0163093185 0.0086401113 0.0170142788 0.0150114476 0.0103009884 0.0185138819 0.0104943941 0.0204974496 0.012692706 0.0128304586 0.0281140659 0.015805624 0.0107669247 0.0154751949 0.0092447981 0.0195359709 0.0081983803 0.00790568 0.0096809948 0.0111536361 0.0194675122 0.0194033712 0.0280943323 0.0059699312 0.0164047302 0.0023820175 0.0231839693 0.007941471 0.022507877 0.0345843932 0.0267260062 0.0143396091 0.0117007312 0.0155815186 0.0170669605 0.0184963038 0.0189374655 0.0122573322 0.0075618341 0.0127139205 0.0164294162 0.0088311842 0.0065697235 0.0217244318 0.0159414949 0.0221126631 0.0248384513 0.0127615937 0.0113879475 0.0032624425 0.0151585277 
7 0.0114781208 0.0134795893 0.0070509369 0.0153289203 0.013193941 0.024851483 0.0093540682 0.0125609258 0.0054530253 0.0187144826 0.013322686 0.0145003988 0.0138730111 0.0227453371 0.0161077517 0.0197512893 0.0065980254 0.0292701256 0.018706858 0.0183389511 0.0101379117 0.0128892712 0.0236730889 0.0067758757 0.0135065345 0.0160571973 0.006535306 0.0200577882 0.0146233793 0.0307721817 0.0074061802 0.0121262119 0.0119702571 0.025793195 0.0160725262 0.0122602606 0.0142502104 0.0062331292 0.0180073364 0.0238922295 0.0089757492 0.0178992819 0.0084364395 0.022160045 0.0285894319 0.0211509562 0.0073151859 0.0192732196 0.0167181115 0.0148389825 0.0205515094 0.0135768535 0.0121459227 0.0165186182 0.0094435923 0.0085180304 0.0109611433 0.021683308 0.0257297734 0.0235113983 0.01390785 0.0138289194 0.0189646052 0.0175810744 
8 0.0132584877 0.0154664106 0.0119274792 0.0095198776 0.00848357 0.0140662238 0.0125609258 0.0166011815 0.014646277 0.0104588036 0.0174736728 0.0126208711 0.0385532494 0.0232111318 0.005681486 0.0138636442 0.0105140803 0.0177715728 0.0195986219 0.0115847922 0.0236918345 0.0107670279 0.0262059288 0.015527215 0.0181705885 0.0213645195 0.012410808 0.0146071108 0.0118042557 0.0149005661 0.0124329292 0.0175915449 0.0180644036 0.0074469956 0.0183541086 0.0119927088 0.0190061289 0.0223225095 0.0118700838 0.008065667 0.0046059456 0.0166620371 0.0070520575 0.0080700002 0.0221745455 0.010995131 0.0157082008 0.0159917485 0.0182305455 0.0201321042 0.0203581533 0.0304257791 0.0264511859 0.0118049637 0.0225416921 0.021549882 0.0163692668 0.0114053065 0.0182574948 0.0113992859 0.0216585833 0.009917792 0.009804386 0.0139746186 
9 0.0162821646 0.0149710577 0.017896539 0.0119665483 0.0212062577 0.0300245301 0.0054530253 0.014646277 0.0251388705 0.0228541154 0.0093169131 0.0107244404 0.0201160752 0.0097804721 0.0133569407 0.0178151353 0.01009678 0.0243207645 0.0149807008 0.017043543 0.0178013149 0.0098137212 0.0123040863 0.0083804671 0.0118607414 0.0144880779 0.0069238358 0.0251377119 0.015361642 0.0256785404 0.012530087 0.010857749 0.0205159294 0.0188367115 0.0092261655 0.012711798 0.0174288934 0.0045762402 0.011906355 0.019249609 0.0177576702 0.0135500472 0.0140147579 0.0143354606 0.018593781 0.0138366017 0.0200062252 0.0207371439 0.0294911171 0.0154360399 0.0036734631 0.0077079305 0.0141416844 0.0145563586 0.0141170614 0.0096350232 0.0234655227 0.0182944788 0.0086878343 0.0166738539 0.0260553813 0.0106611961 0.0235566237 0.0174339159 
10 0.0208613773 0.0096016672 0.0165436372 0.0073151687 0.0131368968 0.0179355071 0.0187144826 0.0104588036 0.0228541154 0.0086313414 0.0201379177 0.0069570283 0.0163083609 0.0214472573 0.0079210433 0.0161265111 0.0153468476 0.0261026918 0.0188613263 0.0209555994 0.0126458097 0.02183342 0.0087825887 0.0127033488 0.0085083716 0.0227701828 0.0135513247 0.0137668362 0.0052616121 0.0077656641 0.0088692615 0.0044493299 0.0212845737 0.0111182319 0.0098206879 0.0141253818 0.015455113 0.0153647364 0.0197646171 0.0168710094 0.0275392971 0.0174833863 0.0175471534 0.0198663421 0.019272469 0.0142375488 0.0113023222 0.0111315833 0.0162340843 0.0180304629 0.0111591601 0.0121603936 0.0153009578 0.0240718367 0.0143151651 0.013722614 0.0200801275 0.0229417942 0.0132711777 0.0173089957 0.0128055885 0.0198862882 0.0285295678 0.0208720013 
11 0.0142601146 0.0116172225 0.0142175008 0.0049841491 0.0090838289 0.0196761786 0.013322686 0.0174736728 0.0093169131 0.0201379177 0.026916505 0.0157498141 0.0133920896 0.0147213949 0.0249431923 0.0102160142 0.0173239484 0.0157340037 0.0034722073 0.0235006703 0.0151041362 0.0134235753 0.020033366 0.0193817247 0.0061799992 0.0100473759 0.013314906 0.0048670861 0.0120500254 0.0357158409 0.0136892462 0.0215519844 0.0174521372 0.0225843706 0.0078009933 0.0220399733 0.0155996696 0.0060132727 0.0030477057 0.0250420375 0.0076790483 0.0119742765 0.0079019638 0.0211803024 0.0192575416 0.0159284676 0.0218954196 0.0166634331 0.0130868703 0.0167475741 0.0129980903 0.0103724813 0.0141157806 0.0248780442 0.0180325557 0.0191744361 0.0273262749 0.0181852863 0.0166763641 0.0074741812 0.020281668 0.0180057889 0.0156780593 0.0194866417 
12 0.017794668 0.0257678004 0.0149959312 0.0190974415 0.0108848929 0.0257072966 0.0145003988 0.0126208711 0.0107244404 0.0069570283 0.0157498141 0.0158426941 0.0174786316 0.0152560391 0.0197969392 0.0261800368 0.0153864448 0.0185674678 0.0119604971 0.0211306395 0.0167117395 0.0045406513 0.018875176 0.0103984072 0.0215032051 0.0073287827 0.0268153244 0.0123834732 0.0052832306 0.0075323122 0.018046538 0.0161670224 0.0127645118 0.0151863359 0.0076901339 0.0198950141 0.0068169385 0.0048993583 0.0094099054 0.0214945104 0.026417177 0.0197301512 0.0164189407 0.0242829543 0.0111508077 0.0138719342 0.0259199558 0.0172527398 0.0094071794 0.0094421144 0.0122175298 0.0145725144 0.0096774226 0.0214982017 0.0115455747 0.0219834795 0.032653497 0.0084726581 0.0183226718 0.0189407634 0.0143169998 0.0102521344 0.0173757982 0.0141342557 
13 0.0136569292 0.0208807285 0.0146331056 0.0082376663 0.0102968942 0.011222134 0.0138730111 0.0385532494 0.0201160752 0.0163083609 0.0133920896 0.0174786316 0.0274708859 0.0091901264 0.0097584331 0.0140177678 0.0129764486 0.0192833678 0.0197376239 0.0189728905 0.0121225827 0.0148246136 0.0181671835 0.0140452081 0.0163765831 0.0277364512 0.003345516 0.0120202201 0.0190110296 0.0143060545 0.0072847421 0.0224217888 0.017030474 0.0154598738 0.0137959492 0.0095451402 0.0206559953 0.0197286859 0.0223961112 0.017480671 0.0067683874 0.0079920568 0.0145336993 0.0139086524 0.0155276994 0.0118370395 0.0138104199 0.0108676572 0.0308859215 0.0164271454 0.013814644 0.0143453943 0.0139772963 0.0102111523 0.0206414645 0.0106737202 0.0162122756 0.0180298826 0.0109819467 0.0151777376 0.0157799905 0.0112419545 0.0075290722 0.0310134963 
14 0.0163409435 0.0195584255 0.0166860424 0.0201845613 0.0271563954 0.0163093185 0.0227453371 0.0232111318 0.0097804721 0.0214472573 0.0147213949 0.0152560391 0.0091901264 0.0158129491 0.014876059 0.0045013023 0.0120433708 0.02032147 0.0267659723 0.0112120374 0.0197519585 0.0161040191 0.0053586365 0.0210512114 0.0143266639 0.0211460176 0.0048707808 0.0148831537 0.0094338971 0.0270364877 0.0221351079 0.0187128918 0.0251427965 0.0127757349 0.0103975196 0.0199534718 0.0154996849 0.0194551588 0.0138098422 0.0223015295 0.0098111413 0.0141302519 0.0125245232 0.0106939573 0.0183657696 0.0114343849 0.0221979548 0.0079411913 0.0132762745 0.0094597168 0.0190827396 0.0142392158 0.0049290263 0.0124830645 0.004927516 0.0177911028 0.0239912313 0.0205132118 0.0111068564 0.012729728 0.0170189445 0.0211388902 0.0067885526 0.0111575846 
15 0.0096281055 0.0107695893 0.0136170129 0.0217481634 0.0159218235 0.0086401113 0.0161077517 0.005681486 0.0133569407 0.0079210433 0.0249431923 0.0197969392 0.0097584331 0.014876059 0.0211664375 0.0057857238 0.0224622382 0.0207125159 0.0185131089 0.015501769 0.0152873755 0.0231336397 0.0117632444 0.0148350604 0.0188707491 0.0211262411 0.0207207661 0.0127995761 0.0173338668 0.0096186296 0.0113969795 0.0293664304 0.0171261695 0.0157113468 0.0099113754 0.0128711896 0.0183660965 0.0190462386 0.0214590704 0.0051879092 0.01921756 0.016437828 0.0117506222 0.0065357659 0.0148566155 0.0085559986 0.0069585583 0.0090971262 0.012321414 0.014993719 0.0265458787 0.0236836404 0.0327265609 0.015014038 0.0155365051 0.0252302332 0.0155249027 0.0085733098 0.0115056918 0.0198355239 0.0081720889 0.0262229479 0.0175660113 0.0102970601 
16 0.0084200195 0.0236876503 0.0191991419 0.0226650391 0.0088399087 0.0170142788 0.0197512893 0.0138636442 0.0178151353 0.0161265111 0.0102160142 0.0261800368 0.0140177678 0.0045013023 0.0057857238 0.0223543981 0.0060306882 0.0116502703 0.0263823313 0.0088192314 0.0141339713 0.0177966783 0.0165580377 0.0204520153 0.0278076947 0.0126879887 0.0179002864 0.0173718932 0.0174147724 0.0155690358 0.0100883327 0.0113987411 0.0127505588 0.0129396486 0.013808251 0.0128555579 0.0092674708 0.0103565952 0.0078400658 0.0200148469 0.0280992396 0.0177249691 0.0168622085 0.0168769828 0.0147857453 0.0276671922 0.0119612647 0.0116569099 0.0091355222 0.0111552187 0.0056576008 0.0126130034 0.013584338 0.0129993805 0.0123960603 0.0061718504 0.0153021561 0.0225606136 0.018073812 0.012986215 0.0340357268 0.0202633368 0.0155009306 0.0295968979 
17 0.008341624 0.018932804 0.0194599057 0.0206260757 0.00297542 0.0150114476 0.0065980254 0.0105140803 0.01009678 0.0153468476 0.0173239484 0.0153864448 0.0129764486 0.0120433708 0.0224622382 0.0060306882 0.0116996846 0.0162867053 0.0117600668 0.0159920547 0.0262176613 0.0135867237 0.0223961528 0.0212202562 0.0342799425 0.0189790115 0.0153112844 0.0131848095 0.0168900211 0.0200739594 0.0154398128 0.0078817628 0.008417425 0.0232511947 0.0146423447 0.0170274759 0.020588057 0.013855983 0.0056599015 0.0099417289 0.0138070326 0.0224301236 0.0316841965 0.010583717 0.0097843345 0.0263494475 0.0225899017 0.0211524007 0.0065441796 0.0103364598 0.017544635 0.0215328358 0.0082282009 0.0115452813 0.0190201924 0.0255033071 0.0126298315 0.0140930181 0.0134506357 0.0180021154 0.0098866537 0.0113119013 0.0192788539 0.0140005746 
18 0.0049191509 0.0194207514 0.0092958928 0.0157021378 0.0099080879 0.0103009884 0.0292701256 0.0177715728 0.0243207645 0.0261026918 0.0157340037 0.0185674678 0.0192833678 0.02032147 0.0207125159 0.0116502703 0.0162867053 0.0202004093 0.0098307591 0.007216582 0.0153207928 0.0132407851 0.0204721396 0.01319765 0.0141596797 0.0085221438 0.0146796886 0.0090315373 0.0252796057 0.0236018964 0.0222787821 0.0083373074 0.0149717662 0.0243340533 0.0108775605 0.0114155622 0.0114168112 0.0189121593 0.0167295182 0.0152883804 0.0078265097 0.020512946 0.0080114428 0.0121821525 0.0142069679 0.0149282298 0.0243894324 0.003067677 0.0263556134 0.0140661413 0.0164499886 0.0075368942 0.0266023669 0.0076932435 0.0163371618 0.0097141438 0.0121468875 0.0157251845 0.0215511822 0.0365482984 0.0109553232 0.0183666967 0.007990894 0.0079510869 
19 0.0348402143 0.0230043533 0.0186306118 0.0324906178 0.0167114454 0.0185138819 0.018706858 0.0195986219 0.0149807008 0.0188613263 0.0034722073 0.0119604971 0.0197376239 0.0267659723 0.0185131089 0.0263823313 0.0117600668 0.0098307591 0.002080276 0.018163253 0.0187171622 0.0159798731 0.0328689952 0.0200524149 0.0076442932 0.0136361131 0.018080443 0.0090783126 0.0086195256 0.0047406914 0.0320839751 0.0059727918 0.0063809153 0.0129902122 0.0251786635 0.0147308776 0.0158882855 0.0211625777 0.0187908382 0.013297848 0.0142462138 0.0210454945 0.0044884816 0.0049489694 0.0187502039 0.0176527012 0.0307207851 0.0097889318 0.0125096833 0.0092530711 0.0060249565 0.0169008045 0.0232291417 0.0090174956 0.0083439732 0.0221347676 0.0163293741 0.0122688831 0.0039015987 0.0139282177 0.0067102603 0.0134998724 0.0152568463 0.008149736 
20 0.0091118554 0.0147918448 0.0101041086 0.0155635945 0.0143112699 0.0104943941 0.0183389511 0.0115847922 0.017043543 0.0209555994 0.0235006703 0.0211306395 0.0189728905 0.0112120374 0.015501769 0.0088192314 0.0159920547 0.007216582 0.018163253 0.0251744656 0.0133601394 0.0143243697 0.0206510261 0.0157835685 0.0159782559 0.0065119306 0.0129871567 0.0166015519 0.016464485 0.0104069373 0.0175761386 0.0159799611 0.0161035993 0.0249620882 0.0171143327 0.0073493831 0.0171706456 0.0433171228 0.0170492398 0.0128011252 0.004946246 0.0149575069 0.0164798763 0.0152367511 0.0027515569 0.0148306326 0.0303529983 0.0084106609 0.0119100966 0.014116944 0.0232277696 0.0068633987 0.0252828042 0.0186865913 0.0144426016 0.0180002545 0.011249141 0.0090550566 0.0097481608 0.0183961674 0.0163331359 0.0167354698 0.0236886355 0.0138209393 
21 0.0126505402 0.0233997095 0.0127685143 0.0148690635 0.0071939749 0.0204974496 0.0101379117 0.0236918345 0.0178013149 0.0126458097 0.0151041362 0.0167117395 0.0121225827 0.0197519585 0.0152873755 0.0141339713 0.0262176613 0.0153207928 0.0187171622 0.0133601394 0.0103160549 0.0237483078 0.0076430345 0.0075266438 0.0139170018 0.0227723319 0.0101724108 0.0198261323 0.0157718529 0.0099055609 0.0178622418 0.0168740362 0.003995023 0.0172969037 0.0207022442 0.0026619707 0.0155205628 0.0163949833 0.0232863843 0.0195891805 0.0173636994 0.0091161008 0.0114856897 0.0132375411 0.0162435797 0.0152694839 0.0074422651 0.0154986208 0.0205930768 0.0207847396 0.0137250279 0.0057730741 0.0166607068 0.0144135504 0.0109856177 0.0358613737 0.0155752789 0.0128874076 0.0230232412 0.006128716 0.0125130676 0.0278006834 0.0223187971 0.0171321562 
22 0.0230942638 0.0151833798 0.0150609433 0.0059036716 0.0176648038 0.012692706 0.0128892712 0.0107670279 0.0098137212 0.02183342 0.0134235753 0.0045406513 0.0148246136 0.0161040191 0.0231336397 0.0177966783 0.0135867237 0.0132407851 0.0159798731 0.0143243697 0.0237483078 0.0137583977 0.0149057211 0.0214713515 0.0033826558 0.0040244204 0.023082948 0.0099815225 0.0230534629 0.0187407207 0.0097982671 0.0125342179 0.0218800415 0.028024853 0.0330042551 0.016010287 0.0187523611 0.008250144 0.0283020071 0.0175793384 0.0045068875 0.0231301615 0.0217680576 0.0101435625 0.0155207152 0.0166165037 0.0171009375 0.0256933699 0.0207276752 0.0092493567 0.0088754973 0.007418263 0.0225252626 0.0090369992 0.0241771438 0.0105258642 0.007731835 0.015515497 0.0166781192 0.0067020722 0.0150407337 0.0195613474 0.0157408311 0.0138698891 
23 0.009352463 0.0067573804 0.0155169153 0.0181284159 0.0124941463 0.0128304586 0.0236730889 0.0262059288 0.0123040863 0.0087825887 0.020033366 0.018875176 0.0181671835 0.0053586365 0.0117632444 0.0165580377 0.0223961528 0.0204721396 0.0328689952 0.0206510261 0.0076430345 0.0149057211 0.0180471281 0.0171658398 0.0203411036 0.008208186 0.0220277067 0.0104444119 0.014847082 0.0162707496 0.0146587223 0.0089645479 0.0135754679 0.0120524342 0.0237803216 0.0128360912 0.0073043665 0.0230116089 0.0161876015 0.028844918 0.012206853 0.0127348397 0.0083174689 0.0064968196 0.0187461552 0.0177910527 0.00297205 0.0155772347 0.0189934382 0.0188408642 0.023833398 0.0193215761 0.0143294334 0.0122880726 0.0175985652 0.014915004 0.0199174328 0.0163589395 0.0151433332 0.0205017141 0.0082294115 0.013862088 0.0101114936 0.0166062881 
24 0.0237068255 0.0201445799 0.0124441017 0.0183118062 0.0156780865 0.0281140659 0.0067758757 0.015527215 0.0083804671 0.0127033488 0.0193817247 0.0103984072 0.0140452081 0.0210512114 0.0148350604 0.0204520153 0.0212202562 0.01319765 0.0200524149 0.0157835685 0.0075266438 0.0214713515 0.0171658398 0.0087700993 0.0149125293 0.0120416938 0.0196088302 0.0097427228 0.0073375423 0.0131587155 0.0228796407 0.0186633643 0.028284595 0.0099527428 0.0153836029 0.0134287694 0.0226701674 0.0066685604 0.0184181632 0.0215807668 0.0076359956 0.0238621468 0.0200667954 0.0152772749 0.0090515961 0.0191142163 0.0230264299 0.0135842295 0.0118808991 0.0115438109 0.016831923 0.0287556466 0.0050887079 0.0132287031 0.007934086 0.0030420251 0.0114367816 0.0181786287 0.0205829636 0.020575344 0.0082993283 0.0286724683 0.004985656 0.015474113 
25 0.0189694935 0.0131345095 0.021303013 0.013575788 0.0241193945 0.015805624 0.0135065345 0.0181705885 0.0118607414 0.0085083716 0.0061799992 0.0215032051 0.0163765831 0.0143266639 0.0188707491 0.0278076947 0.0342799425 0.0141596797 0.0076442932 0.0159782559 0.0139170018 0.0033826558 0.0203411036 0.0149125293 0.0179270963 0.0150773705 0.024124113 0.024619776 0.0096767465 0.0192084622 0.0259609607 0.0127089586 0.00678224 0.0155901436 0.0132373087 0.0077281942 0.0240030475 0.0285058012 0.0181184762 0.0116660973 0.0169202225 0.0131949744 0.0079462048 0.0149570422 0.0122267818 0.0216181907 0.0094168166 0.0145491166 0.005334201 0.0106302539 0.0091654484 0.0107401738 0.0116228526 0.0208624899 0.020165735 0.0106095224 0.0070614227 0.0215045134 0.0172661069 0.0153820934 0.0151572526 0.0238298332 0.0156393575 0.0106301856 
26 0.0184614781 0.027591806 0.0125726767 0.0244316115 0.0125944464 0.0107669247 0.0160571973 0.0213645195 0.0144880779 0.0227701828 0.0100473759 0.0073287827 0.0277364512 0.0211460176 0.0211262411 0.0126879887 0.0189790115 0.0085221438 0.0136361131 0.0065119306 0.0227723319 0.0040244204 0.008208186 0.0120416938 0.0150773705 0.0090255518 0.0076341441 0.0153880385 0.0166553814 0.0219519647 0.0206033808 0.0205396585 0.0205631721 0.0189842784 0.0117575037 0.0207773921 0.0233999009 0.0102250941 0.0152626606 0.0102975033 0.0159820819 0.0229538401 0.0125894673 0.0105558136 0.0070187921 0.015081959 0.0161460877 0.0090064983 0.0081731668 0.0236318631 0.0167020973 0.0116852093 0.0168210788 0.0107992416 0.0206336066 0.0161380455 0.0078783124 0.0124082846 0.0129761934 0.0142390816 0.0180812186 0.0221263502 0.0076367843 0.0367243209 
27 0.0098962412 0.015114379 0.026121483 0.0111192084 0.0165646973 0.0154751949 0.006535306 0.012410808 0.0069238358 0.0135513247 0.013314906 0.0268153244 0.003345516 0.0048707808 0.0207207661 0.0179002864 0.0153112844 0.0146796886 0.018080443 0.0129871567 0.0101724108 0.023082948 0.0220277067 0.0196088302 0.024124113 0.0076341441 0.0130967227 0.0144398877 0.01369896 0.0128542774 0.021739442 0.016972505 0.0287928832 0.0134859036 0.0179365187 0.021028978 0.014292058 0.0308335847 0.0154093453 0.0223184615 0.0178483209 0.0141747801 0.007931358 0.0075852827 0.0255651894 0.0165852592 0.0102514013 0.0090391505 0.0085981565 0.0120470225 0.0188479814 0.0227458961 0.0188670269 0.0219980438 0.0062258057 0.0203446018 0.0191042351 0.013312419 0.009085756 0.0154419842 0.0155758376 0.0186972644 0.0158417213 0.0089971944 
28 0.0157754554 0.0146541783 0.02276087 0.0258639873 0.0044667152 0.0092447981 0.0200577882 0.0146071108 0.0251377119 0.0137668362 0.0048670861 0.0123834732 0.0120202201 0.0148831537 0.0127995761 0.0173718932 0.0131848095 0.0090315373 0.0090783126 0.0166015519 0.0198261323 0.0099815225 0.0104444119 0.0097427228 0.024619776 0.0153880385 0.0144398877 0.0086845568 0.013512144 0.0170712083 0.0155056426 0.0098453283 0.0096437419 0.0122169163 0.0118997914 0.018360789 0.0322993952 0.0287651564 0.0212816062 0.0141647182 0.0193266037 0.0114604793 0.0307591354 0.0105150578 0.0113352831 0.0224170299 0.0128511056 0.0180856029 0.0117344011 0.0138089134 0.0165448589 0.0266031994 0.0284257442 0.0158777659 0.0098301774 0.0233673051 0.0130688646 0.0086961489 0.0152404533 0.0143154415 0.0189689199 0.0056681707 0.0172993806 0.0175494058 
29 0.0094007072 0.0147274722 0.0190726462 0.0124241934 0.0144983015 0.0195359709 0.0146233793 0.0118042557 0.015361642 0.0052616121 0.0120500254 0.0052832306 0.0190110296 0.0094338971 0.0173338668 0.0174147724 0.0168900211 0.0252796057 0.0086195256 0.016464485 0.0157718529 0.0230534629 0.014847082 0.0073375423 0.0096767465 0.0166553814 0.01369896 0.013512144 0.020200758 0.0094869516 0.0177020567 0.0241247049 0.0098075478 0.0093072891 0.0215877173 0.02283368 0.0180204875 0.0160367858 0.0062729052 0.0119851034 0.0209766875 0.0177506661 0.0069867129 0.0201791394 0.0131229379 0.0218111823 0.0235928254 0.003315744 0.0147701934 0.0203382651 0.0106200741 0.0208234384 0.0203514303 0.0141803353 0.0227390181 0.016614857 0.0254762292 0.0195452927 0.0332972409 0.0086909419 0.0171377367 0.0167004188 0.0132938231 0.0112750103 
30 0.0117542784 0.0160011394 0.0241968168 0.0067273915 0.0101387273 0.0081983803 0.0307721817 0.0149005661 0.0256785404 0.0077656641 0.0357158409 0.0075323122 0.0143060545 0.0270364877 0.0096186296 0.0155690358 0.0200739594 0.0236018964 0.0047406914 0.0104069373 0.0099055609 0.0187407207 0.0162707496 0.0131587155 0.0192084622 0.0219519647 0.0128542774 0.0170712083 0.0094869516 0.004236704 0.0087715576 0.0146446822 0.0189417681 0.0033551947 0.0143291887 0.013760987 0.0166287988 0.0177296015 0.0144535069 0.0058734004 0.0128624937 0.0184243532 0.0134119545 0.0173521592 0.0132294677 0.0166170128 0.0194362331 0.0241834692 0.0115264857 0.0187963924 0.0213816586 0.0143007695 0.0096568631 0.0138303878 0.0074273857 0.0190369881 0.0095431479 0.0132224386 0.0234525667 0.0206338537 0.0329229461 0.0183377198 0.0152139088 0.019089812 
31 0.0100060028 0.011286179 0.0233917334 0.0164277354 0.0154548609 0.00790568 0.0074061802 0.0124329292 0.012530087 0.0088692615 0.0136892462 0.018046538 0.0072847421 0.0221351079 0.0113969795 0.0100883327 0.0154398128 0.0222787821 0.0320839751 0.0175761386 0.0178622418 0.0097982671 0.0146587223 0.0228796407 0.0259609607 0.0206033808 0.021739442 0.0155056426 0.0177020567 0.0087715576 0.0212409444 0.0052650363 0.0166692653 0.0152729999 0.0136780188 0.0157786101 0.0135673118 0.0063402116 0.0155002423 0.0127558857 0.0155347033 0.0098466766 0.0165996334 0.0201899493 0.0099520555 0.0112511787 0.0176734993 0.0200085258 0.024079075 0.0212381444 0.0064817317 0.0147873711 0.0206135059 0.0182041332 0.015667828 0.0154534639 0.0204615912 0.0205352613 0.0115051125 0.0174965393 0.0142046035 0.0214525059 0.0182525635 0.0112296048 
32 0.0271613691 0.0155372256 0.0138497627 0.0124941865 0.0147538764 0.0096809948 0.0121262119 0.0175915449 0.010857749 0.0044493299 0.0215519844 0.0161670224 0.0224217888 0.0187128918 0.0293664304 0.0113987411 0.0078817628 0.0083373074 0.0059727918 0.0159799611 0.0168740362 0.0125342179 0.0089645479 0.0186633643 0.0127089586 0.0205396585 0.016972505 0.0098453283 0.0241247049 0.0146446822 0.0052650363 0.0061489642 0.0209357265 0.0126189122 0.0083831721 0.0126600595 0.0275233284 0.0126915249 0.0160930688 0.0100895989 0.0178497658 0.019898852 0.0127888447 0.0103422775 0.0179010381 0.0248643515 0.0135668648 0.025727013 0.0087122808 0.0209161955 0.0169568465 0.0171918828 0.0148373763 0.02030298 0.012505006 0.0153692608 0.0200493455 0.0110957188 0.0223743818 0.0151461679 0.0043623857 0.0308618239 0.0268179743 0.0149870375 
33 0.0139652904 0.0237552207 0.020316099 0.0116171977 0.0176807718 0.0111536361 0.0119702571 0.0180644036 0.0205159294 0.0212845737 0.0174521372 0.0127645118 0.017030474 0.0251427965 0.0171261695 0.0127505588 0.008417425 0.0149717662 0.0063809153 0.0161035993 0.003995023 0.0218800415 0.0135754679 0.028284595 0.00678224 0.0205631721 0.0287928832 0.0096437419 0.0098075478 0.0189417681 0.0166692653 0.0209357265 0.0135609744 0.0155581003 0.018914007 0.0133360197 0.0174029544 0.0144435243 0.0137121844 0.0143406447 0.01831174 0.0268553678 0.0131020304 0.0127915663 0.0102439271 0.0219054342 0.0223114937 0.0155841485 0.0101320737 0.0147521776 0.0083181732 0.0201708158 0.0166463108 0.0107708386 0.01152853 0.014792076 0.0225867811 0.0043074573 0.0204369539 0.0059246195 0.0070811908 0.0165391661 0.0226060886 0.0126974246 
34 0.0164595824 0.0195016935 0.0125594124 0.0260860194 0.0227788851 0.0194675122 0.025793195 0.0074469956 0.0188367115 0.0111182319 0.0225843706 0.0151863359 0.0154598738 0.0127757349 0.0157113468 0.0129396486 0.0232511947 0.0243340533 0.0129902122 0.0249620882 0.0172969037 0.028024853 0.0120524342 0.0099527428 0.0155901436 0.0189842784 0.0134859036 0.0122169163 0.0093072891 0.0033551947 0.0152729999 0.0126189122 0.0155581003 0.0108226564 0.0200775105 0.0078830027 0.0127127989 0.0214224548 0.0158639314 0.0125438143 0.0171701336 0.0147949537 0.0230554799 0.006534843 0.0264595358 0.0096847448 0.0233837671 0.0111055678 0.0113975721 0.0157930996 0.0085640169 0.0242186695 0.0051213488 0.0216441272 0.0097094992 0.016663025 0.0099768072 0.0066750667 0.0112037834 0.0300923956 0.0115150395 0.0167878207 0.0150068817 0.0081558824 
35 0.0201394992 0.0150181663 0.0117324483 0.0285739735 0.020379075 0.0194033712 0.0160725262 0.0183541086 0.0092261655 0.0098206879 0.0078009933 0.0076901339 0.0137959492 0.0103975196 0.0099113754 0.013808251 0.0146423447 0.0108775605 0.0251786635 0.0171143327 0.0207022442 0.0330042551 0.0237803216 0.0153836029 0.0132373087 0.0117575037 0.0179365187 0.0118997914 0.0215877173 0.0143291887 0.0136780188 0.0083831721 0.018914007 0.0200775105 0.0317119353 0.0107188236 0.0127269383 0.0101342449 0.0179957296 0.021547336 0.0162072471 0.0157846195 0.0337936652 0.0136809874 0.0250935116 0.0117614129 0.0127893496 0.0045564262 0.0023120842 0.0188115182 0.009867599 0.019776415 0.0048517444 0.0255417095 0.0277588987 0.0153564971 0.0093561688 0.0119978129 0.0040948686 0.0193946 0.0066814823 0.0118657772 0.0162220764 0.0130002145 
36 0.0201986499 0.0118626544 0.0227148019 0.011450862 0.0210908975 0.0280943323 0.0122602606 0.0119927088 0.012711798 0.0141253818 0.0220399733 0.0198950141 0.0095451402 0.0199534718 0.0128711896 0.0128555579 0.0170274759 0.0114155622 0.0147308776 0.0073493831 0.0026619707 0.016010287 0.0128360912 0.0134287694 0.0077281942 0.0207773921 0.021028978 0.018360789 0.02283368 0.013760987 0.0157786101 0.0126600595 0.0133360197 0.0078830027 0.0107188236 0.0315550378 0.0162517914 0.0140570732 0.0125025068 0.0194433519 0.0275084293 0.0066486085 0.0239208798 0.0313736881 0.0053594074 0.009596546 0.0028803195 0.019172445 0.0084294057 0.0089940297 0.0154594586 0.0143094053 0.0179209262 0.0116149468 0.0196976242 0.0150448102 0.0142676322 0.0058521671 0.0208821163 0.0212471861 0.022262959 0.0202156312 0.0097745225 0.0297674473 
37 0.0240228233 0.0164084225 0.0126075623 0.020375214 0.0195197049 0.0059699312 0.0142502104 0.0190061289 0.0174288934 0.015455113 0.0155996696 0.0068169385 0.0206559953 0.0154996849 0.0183660965 0.0092674708 0.020588057 0.0114168112 0.0158882855 0.0171706456 0.0155205628 0.0187523611 0.0073043665 0.0226701674 0.0240030475 0.0233999009 0.014292058 0.0322993952 0.0180204875 0.0166287988 0.0135673118 0.0275233284 0.0174029544 0.0127127989 0.0127269383 0.0162517914 0.0192973968 0.010512324 0.0136524506 0.0202348455 0.0092800272 0.0084570884 0.00731997 0.0169976279 0.0153306847 0.0197971866 0.015991791 0.0215954218 0.0167452317 0.0170704622 0.0133163709 0.0032869907 0.0098651972 0.0210427212 0.0129554026 0.0172262046 0.0137823061 0.0102060559 0.0120174368 0.0099716947 0.0183520336 0.0094816796 0.0108724627 0.0159510076 
38 0.0156374531 0.0116917665 0.0248579738 0.017237194 0.013889834 0.0164047302 0.0062331292 0.0223225095 0.0045762402 0.0153647364 0.0060132727 0.0048993583 0.0197286859 0.0194551588 0.0190462386 0.0103565952 0.013855983 0.0189121593 0.0211625777 0.0433171228 0.0163949833 0.008250144 0.0230116089 0.0066685604 0.0285058012 0.0102250941 0.0308335847 0.0287651564 0.0160367858 0.0177296015 0.0063402116 0.0126915249 0.0144435243 0.0214224548 0.0101342449 0.0140570732 0.010512324 0.0229952689 0.0102076179 0.0054885455 0.0201177946 0.0105877956 0.0134923097 0.0241958112 0.0185441419 0.0139149985 0.0106508148 0.0142112436 0.009832071 0.0118969141 0.0148823058 0.0191872546 0.0135385246 0.0145626652 0.0117914702 0.0137326216 0.0088750067 0.0108461265 0.010560575 0.0111736273 0.0196989112 0.0130543661 0.0302894137 0.020686407 
39 0.0134544805 0.0126328794 0.0153537432 0.0141256814 0.016193861 0.0023820175 0.0180073364 0.0118700838 0.011906355 0.0197646171 0.0030477057 0.0094099054 0.0223961112 0.0138098422 0.0214590704 0.0078400658 0.0056599015 0.0167295182 0.0187908382 0.0170492398 0.0232863843 0.0283020071 0.0161876015 0.0184181632 0.0181184762 0.0152626606 0.0154093453 0.0212816062 0.0062729052 0.0144535069 0.0155002423 0.0160930688 0.0137121844 0.0158639314 0.0179957296 0.0125025068 0.0136524506 0.0102076179 0.0060235941 0.0197341398 0.0217549651 0.016972005 0.0226309143 0.0251943054 0.0233847338 0.0230154203 0.0101087299 0.0181468685 0.0243183224 0.0146844054 0.0231610181 0.0049216794 0.0110411008 0.0171022468 0.0139271675 0.0144404066 0.0221255649 0.0191049932 0.0095000644 0.0103535567 0.0183012712 0.010001605 0.0214064304 0.0142408491 
40 0.0076381582 0.01618951 0.0150424075 0.0096385508 0.0140576318 0.0231839693 0.0238922295 0.008065667 0.019249609 0.0168710094 0.0250420375 0.0214945104 0.017480671 0.0223015295 0.0051879092 0.0200148469 0.0099417289 0.0152883804 0.013297848 0.0128011252 0.0195891805 0.0175793384 0.028844918 0.0215807668 0.0116660973 0.0102975033 0.0223184615 0.0141647182 0.0119851034 0.0058734004 0.0127558857 0.0100895989 0.0143406447 0.0125438143 0.021547336 0.0194433519 0.0202348455 0.0054885455 0.0197341398 0.0050628927 0.032877257 0.0154816051 0.0140616265 0.0204632682 0.0164336932 0.011992443 0.0089195325 0.0276304586 0.0144376545 0.0049079454 0.0183172231 0.0193812956 0.0180738948 0.0172300226 0.0090240727 0.0137820041 0.006577574 0.0260933302 0.0176940528 0.010591466 0.0140249807 0.0114223444 0.0160435089 0.0127188736 
41 0.0143668602 0.0188889214 0.00411261 0.0136898473 0.0062191207 0.007941471 0.0089757492 0.0046059456 0.0177576702 0.0275392971 0.0076790483 0.026417177 0.0067683874 0.0098111413 0.01921756 0.0280992396 0.0138070326 0.0078265097 0.0142462138 0.004946246 0.0173636994 0.0045068875 0.012206853 0.0076359956 0.0169202225 0.0159820819 0.0178483209 0.0193266037 0.0209766875 0.0128624937 0.0155347033 0.0178497658 0.01831174 0.0171701336 0.0162072471 0.0275084293 0.0092800272 0.0201177946 0.0217549651 0.032877257 0.0220892636 0.0071327045 0.0055151514 0.0237317639 0.0183294343 0.0116406624 0.0260859264 0.0152244142 0.0179643066 0.0171107455 0.0088329908 0.0201402056 0.0111752047 0.0131601545 0.0108556235 0.0149774723 0.0181135428 0.0254165417 0.0304751621 0.0115150753 0.0095841098 0.0109942606 0.0172185586 0.0275587678 
42 0.0149057494 0.0105330789 0.0208678836 0.0108128157 0.0154013621 0.022507877 0.0178992819 0.0166620371 0.0135500472 0.0174833863 0.0119742765 0.0197301512 0.0079920568 0.0141302519 0.016437828 0.0177249691 0.0224301236 0.020512946 0.0210454945 0.0149575069 0.0091161008 0.0231301615 0.0127348397 0.0238621468 0.0131949744 0.0229538401 0.0141747801 0.0114604793 0.0177506661 0.0184243532 0.0098466766 0.019898852 0.0268553678 0.0147949537 0.0157846195 0.0066486085 0.0084570884 0.0105877956 0.016972005 0.0154816051 0.0071327045 0.0212532444 0.0080266691 0.0156095347 0.0136966824 0.0120836412 0.0117456158 0.0151593059 0.0165840177 0.0339643562 0.0218606578 0.0169849964 0.0191078049 0.012351557 0.0089226596 0.0069411928 0.0123748113 0.0139905004 0.0142057684 0.0131438441 0.0161719177 0.0199997524 0.012017826 0.0169819013 
43 0.0214545875 0.0295694674 0.0155373719 0.0107874753 0.0160291476 0.0345843932 0.0084364395 0.0070520575 0.0140147579 0.0175471534 0.0079019638 0.0164189407 0.0145336993 0.0125245232 0.0117506222 0.0168622085 0.0316841965 0.0080114428 0.0044884816 0.0164798763 0.0114856897 0.0217680576 0.0083174689 0.0200667954 0.0079462048 0.0125894673 0.007931358 0.0307591354 0.0069867129 0.0134119545 0.0165996334 0.0127888447 0.0131020304 0.0230554799 0.0337936652 0.0239208798 0.00731997 0.0134923097 0.0226309143 0.0140616265 0.0055151514 0.0080266691 0.0117497018 0.008475522 0.0180594411 0.0104491203 0.009212492 0.0059475599 0.0189725734 0.0156027988 0.018872531 0.0160502618 0.036319742 0.0205258897 0.0205510459 0.0126360003 0.0182225767 0.018764527 0.0159241432 0.0190999947 0.0252361211 0.0132622092 0.0071208622 0.007706061 
44 0.0145959184 0.0173359667 0.0145648291 0.0160048427 0.0073592903 0.0267260062 0.022160045 0.0080700002 0.0143354606 0.0198663421 0.0211803024 0.0242829543 0.0139086524 0.0106939573 0.0065357659 0.0168769828 0.010583717 0.0121821525 0.0049489694 0.0152367511 0.0132375411 0.0101435625 0.0064968196 0.0152772749 0.0149570422 0.0105558136 0.0075852827 0.0105150578 0.0201791394 0.0173521592 0.0201899493 0.0103422775 0.0127915663 0.006534843 0.0136809874 0.0313736881 0.0169976279 0.0241958112 0.0251943054 0.0204632682 0.0237317639 0.0156095347 0.008475522 0.0132728171 0.015054406 0.011490115 0.0082601563 0.0141598067 0.011659298 0.0063760639 0.0329677562 0.0356825721 0.015695643 0.0180543578 0.017260648 0.0286277398 0.0166003572 0.0110141583 0.0253557399 0.0014089573 0.01207242 0.0176648462 0.0220663088 0.011926088 
45 0.0245005178 0.0063015429 0.0104507 0.0142210108 0.015419471 0.0143396091 0.0285894319 0.0221745455 0.018593781 0.019272469 0.0192575416 0.0111508077 0.0155276994 0.0183657696 0.0148566155 0.0147857453 0.0097843345 0.0142069679 0.0187502039 0.0027515569 0.0162435797 0.0155207152 0.0187461552 0.0090515961 0.0122267818 0.0070187921 0.0255651894 0.0113352831 0.0131229379 0.0132294677 0.0099520555 0.0179010381 0.0102439271 0.0264595358 0.0250935116 0.0053594074 0.0153306847 0.0185441419 0.0233847338 0.0164336932 0.0183294343 0.0136966824 0.0180594411 0.015054406 0.0135735142 0.0129726493 0.0139494201 0.0113308735 0.0127629399 0.0192941587 0.0204899023 0.0120013402 0.0222486714 0.0094108355 0.0186261269 0.017172714 0.006900941 0.0242355328 0.0168895834 0.020163538 0.0126580772 0.0112166567 0.0072674151 0.0276315971 
46 0.0243147233 0.0119345169 0.0162114423 0.0099275551 0.0139400763 0.0117007312 0.0211509562 0.010995131 0.0138366017 0.0142375488 0.0159284676 0.0138719342 0.0118370395 0.0114343849 0.0085559986 0.0276671922 0.0263494475 0.0149282298 0.0176527012 0.0148306326 0.0152694839 0.0166165037 0.0177910527 0.0191142163 0.0216181907 0.015081959 0.0165852592 0.0224170299 0.0218111823 0.0166170128 0.0112511787 0.0248643515 0.0219054342 0.0096847448 0.0117614129 0.009596546 0.0197971866 0.0139149985 0.0230154203 0.011992443 0.0116406624 0.0120836412 0.0104491203 0.011490115 0.0129726493 0.0081974941 0.0235815279 0.0192974267 0.0262199479 0.0264683464 0.0084984516 0.0093402452 0.0174694911 0.0053214447 0.027173089 0.0049134987 0.0154133855 0.0127961687 0.0205196597 0.0097822319 0.022471942 0.0112361956 0.0079671415 0.0126852057 
47 0.013337262 0.0154863051 0.0053544698 0.0188308595 0.0174467854 0.0155815186 0.0073151859 0.0157082008 0.0200062252 0.0113023222 0.0218954196 0.0259199558 0.0138104199 0.0221979548 0.0069585583 0.0119612647 0.0225899017 0.0243894324 0.0307207851 0.0303529983 0.0074422651 0.0171009375 0.00297205 0.0230264299 0.0094168166 0.0161460877 0.0102514013 0.0128511056 0.0235928254 0.0194362331 0.0176734993 0.0135668648 0.0223114937 0.0233837671 0.0127893496 0.0028803195 0.015991791 0.0106508148 0.0101087299 0.0089195325 0.0260859264 0.0117456158 0.009212492 0.0082601563 0.0139494201 0.0235815279 0.0106588179 0.0120529639 0.0174794585 0.0129716311 0.0179755896 0.0181604121 0.0215789943 0.026182914 0.0140116322 0.0133629138 0.0187362364 0.0102370249 0.0170067653 0.0089074736 0.0128267657 0.0169237565 0.0154266884 0.0109866841 
48 0.0119879538 0.0102687139 0.0030131069 0.0161018833 0.0167605378 0.0170669605 0.0192732196 0.0159917485 0.0207371439 0.0111315833 0.0166634331 0.0172527398 0.0108676572 0.0079411913 0.0090971262 0.0116569099 0.0211524007 0.003067677 0.0097889318 0.0084106609 0.0154986208 0.0256933699 0.0155772347 0.0135842295 0.0145491166 0.0090064983 0.0090391505 0.0180856029 0.003315744 0.0241834692 0.0200085258 0.025727013 0.0155841485 0.0111055678 0.0045564262 0.019172445 0.0215954218 0.0142112436 0.0181468685 0.0276304586 0.0152244142 0.0151593059 0.0059475599 0.0141598067 0.0113308735 0.0192974267 0.0120529639 0.0185732925 0.0166503982 0.02453487 0.018729129 0.0239581104 0.0176777148 0.0287680402 0.0205825004 0.0228199192 0.0199357365 0.0329628484 0.018602561 0.005946425 0.0158208024 0.0089264443 0.0174930619 0.0103430606 
