128
1 0.006136557 0.0080372477 0.005286965 0.011879749 0.0051893781 0.0070736082 0.0166036489 0.0081459442 0.0083640559 0.0088231122 0.006282838 0.0060314465 0.0038082064 0.012074516 0.007229637 0.0073085852 0.0068132033 0.0084930972 0.0068291644 0.006080813 0.0099670589 0.0058081114 0.0033012188 0.0039607023 0.0125472607 0.0157407782 0.0109922819 0.0051132205 0.0015621215 0.008694725 0.0036948273 0.0063977497 0.0131294781 0.0074779811 0.0085431788 0.0115572815 0.006093035 0.0032473826 0.0100806209 0.0058234227 0.0019676146 0.0064007826 0.0059145213 0.0081477657 0.0064665581 0.0127165607 0.0014901874 0.010605587 0.0087276072 0.0068702778 0.0056020501 0.0107567434 0.0085087845 0.0094661804 0.0049430736 0.0084653186 0.0072768377 0.0069900441 0.007459885 0.0084807093 0.0060119172 0.0050814841 0.0029525311 0.0052538391 0.00458259 0.0047903152 0.0144089039 0.0161941505 0.0114225887 0.0067101924 0.0073136402 0.0056945719 0.0106643704 0.0096263672 0.0070898071 0.0105832098 0.0075811405 0.007161615 0.0124865054 0.0118709706 0.0028019269 0.011890831 0.0085729515 0.0096785461 0.0041827193 0.0094870946 0.0121161029 0.0069759166 0.0040231611 0.0093190091 0.0037554756 0.0087072238 0.0140967807 0.0060636893 0.0095398585 0.006807489 0.0060893573 0.0117965718 0.0072372546 0.0129347752 0.0087926381 0.0070322291 0.0150745763 0.0123753339 0.012806602 0.003809387 0.0065150559 0.0076547943 0.0068585957 0.0042818303 0.0088864172 0.0069632789 0.0059533381 0.0089725475 0.0061011003 0.0070380208 0.0021392239 0.0043385654 0.005748681 0.0093824308 0.0054385431 0.0075714573 0.0079477469 0.0081453574 0.0042788636 0.0101141761 0.0078853627 0.0068551022 
2 0.0080372477 0.0044370925 0.0040684719 0.0067701524 0.0083714186 0.0088040041 0.003949157 0.0035892835 0.0105377089 0.0084463298 0.0065395128 0.0094398905 0.0104593318 0.0103640599 0.0053065837 0.0170094693 0.0082256588 0.0090024815 0.0027921285 0.01045372 0.0078739772 0.0060781773 0.0040996287 0.0042687262 0.0067620977 0.0070226384 0.0114947405 0.0032109125 0.0101762114 0.0090886261 0.0098620336 0.003895644 0.0045157394 0.0100131325 0.0072551829 0.008758733 0.008636996 0.0050854607 0.0089031811 0.0065700074 0.0090719877 0.0071336511 0.0169744432 0.0061692163 0.0110228031 0.0026568009 0.0115458529 0.0037062944 0.0063995041 0.0052730856 0.0110037091 0.005724045 0.007179879 0.0031003133 0.0064425614 0.0117347211 0.007581185 0.0070809017 0.0095003424 0.0092708855 0.009089544 0.008911844 0.0106387394 0.0099514293 0.0026054988 0.0114987535 0.0099571071 0.0163833385 0.0081987818 0.0055381699 0.0065406262 0.0067031355 0.0076124735 0.0076509669 0.0058671462 0.0090030677 0.0130631012 0.0083693897 0.0122390107 0.0047143577 0.0057609513 0.0075688963 0.0108811815 0.0051325518 0.0078219696 0.0075797582 0.0114083445 0.0077731567 0.0044208111 0.0103102743 0.0062971681 0.011833953 0.0092517407 0.0051782515 0.0087679847 0.0092595276 0.0067508077 0.0041234438 0.0083407524 0.0061300551 0.0113050073 0.0079263785 0.007058957 0.0057764706 0.0111181896 0.0056392179 0.0042432325 0.0051184119 0.0046830717 0.0052616744 0.0085280404 0.0046186107 0.0090121943 0.0030963193 0.0081298119 0.0037642413 0.0079053418 0.0076920053 0.0062250039 0.0091693483 0.0060971659 0.0143573568 0.0107080225 0.0055249374 0.0089077139 0.0082725903 0.0117029897 0.0102819004 
3 0.005286965 0.0040684719 0.0021412272 0.0114002041 0.010468533 0.0065414478 0.0070958518 0.0062817624 0.0096004463 0.0049612628 0.0124796212 0.010524619 0.0103805443 0.0080974246 0.0088234798 0.0062234575 0.0042927355 0.0063909654 0.0075154816 0.0094317215 0.0041610642 0.0047870041 0.0057565333 0.0032505337 0.0069064664 0.0058779589 0.0068065853 0.003614845 0.0094891625 0.0069731528 0.011718212 0.009567614 0.0121329742 0.0072120892 0.0063058332 0.0068219425 0.0145923893 0.0118168244 0.0117842616 0.0034000482 0.0087511926 0.0107641078 0.0051438855 0.0089678393 0.0096781349 0.0080765546 0.0049243226 0.0034921876 0.0103547748 0.0087222991 0.0098667945 0.0057209871 0.0013457155 0.006496474 0.012227792 0.0047533114 0.0141258144 0.0065077809 0.0097214615 0.0096213208 0.0075406206 0.0039282255 0.0042619607 0.0067239077 0.0046741787 0.0104776354 0.0090865256 0.0102757485 0.0115966234 0.0057081375 0.0106005595 0.007512057 0.0061071794 0.0074737205 0.0062189473 0.0117914032 0.0118481616 0.0083161724 0.0057436218 0.0081750067 0.0012650351 0.008713242 0.0149956406 0.007178898 0.0098481904 0.0083797688 0.0112159449 0.0081330725 0.0042677341 0.0088968419 0.008471494 0.0062169162 0.0073101972 0.0099266539 0.0115914325 0.0050820928 0.0056331687 0.0106314918 0.0114382036 0.0055437254 0.0064100172 0.0055363175 0.0088158976 0.0061780672 0.0084097252 0.0179129167 0.0060927271 0.0091657327 0.0067494037 0.0065570859 0.0056991005 0.0064733011 0.0082543559 0.0027362857 0.0081687247 0.0090722286 0.0045457898 0.0080433817 0.0067601373 0.0073063026 0.0125956789 0.0079934032 0.0084839686 0.0101338631 0.0105518984 0.0047769176 0.0057795437 0.0037526223 
4 0.011879749 0.0067701524 0.0114002041 0.0023065884 0.0051887094 0.0071895028 0.0058410067 0.0112900023 0.0078555664 0.014686699 0.0082286622 0.0077516343 0.0050248174 0.0058901053 0.0091540715 0.0041168735 0.0042964314 0.0102169175 0.0055255623 0.0076700498 0.0086466636 0.0097440945 0.012854998 0.0060218887 0.0090457732 0.0111329958 0.0088570346 0.0106424216 0.0052424966 0.0059173639 0.0133691066 0.0062830433 0.0069383752 0.0036240192 0.0073079143 0.0087336289 0.0049227182 0.0056124168 0.0061802309 0.0051686452 0.008979159 0.0090551146 0.0127924785 0.0115474155 0.008928529 0.0088913333 0.0073427491 0.005734736 0.0086457549 0.0112944697 0.0124366361 0.0106094298 0.0061161587 0.0072462069 0.0069444515 0.0078102429 0.0118075073 0.002884699 0.0075566398 0.0068769502 0.0071281956 0.0079295076 0.0115282098 0.0059539897 0.0048515139 0.0094187107 0.0041465888 0.00450757 0.007684447 0.0065719735 0.0056108374 0.0104621442 0.0095578097 0.0120482695 0.0052493881 0.0059371213 0.0102525853 0.010386893 0.0132757777 0.0073202085 0.0077108107 0.0142465553 0.0062254988 0.0100897743 0.0038728788 0.0075410921 0.0072954213 0.0135747146 0.0031142004 0.0063470425 0.0056403688 0.0030017539 0.0046395069 0.0084445266 0.0087610921 0.0008985991 0.0086784312 0.0124428657 0.0111172331 0.0110024323 0.0077691652 0.0034734427 0.0059105574 0.0060942278 0.0047216823 0.0091278447 0.0066786701 0.0092897323 0.0032320069 0.0079501114 0.0068504804 0.0049071238 0.0027207817 0.0091332499 0.0061171016 0.006661333 0.0112148037 0.0122945188 0.0079912973 0.0095937831 0.0116109883 0.0089577089 0.0063554487 0.0123292253 0.007739728 0.0064948003 0.0052973695 0.0029864802 
5 0.0051893781 0.0083714186 0.010468533 0.0051887094 0.0108981105 0.0076830978 0.0055995128 0.0085172638 0.0079864828 0.0046974438 0.0096312454 0.0062469147 0.013307648 0.0047271962 0.0107540533 0.0088797302 0.0073181695 0.0047078072 0.0125741269 0.0046121292 0.0129297536 0.0115578582 0.0049797308 0.0042655723 0.0055647948 0.0028000906 0.0052583033 0.0066902236 0.0033314846 0.0088168538 0.0054652466 0.0117113298 0.0097110184 0.0078288023 0.0103447321 0.0062729298 0.0135968541 0.0045812119 0.0066979573 0.0070962864 0.0102299429 0.0074331962 0.0076017665 0.0082020597 0.0035991136 0.0058661385 0.0046596848 0.0079107952 0.0070537365 0.0140525343 0.0069045863 0.0089333983 0.0126172611 0.0060796085 0.0073833783 0.0081389409 0.0072947673 0.0037123697 0.0051550147 0.0074735485 0.0088716224 0.0090279764 0.0109534626 0.0045462547 0.007152558 0.0051940713 0.0059582734 0.0093138475 0.0080937319 0.0086262729 0.0091538911 0.0077313917 0.0074352434 0.0073635013 0.01107357 0.005883385 0.0057282876 0.0112028381 0.0080628206 0.0039421835 0.0119600795 0.0081321237 0.0120062118 0.0076744739 0.0069849035 0.0067730676 0.00307102 0.0084459133 0.0082936378 0.0060739297 0.0088691194 0.0094787459 0.0107843339 0.0065002323 0.0057959853 0.0072967427 0.0089031503 0.0085222198 0.0040952413 0.0062319149 0.001376942 0.0058040948 0.0074750775 0.0015775352 0.0067597968 0.0097887467 0.01324983 0.0091333307 0.0088427758 0.0151415304 0.0096445628 0.004312523 0.008719634 0.0043837592 0.008003603 0.009582985 0.011196714 0.0075694009 0.0100405973 0.0054659234 0.0048742558 0.0082485541 0.0135441044 0.0108418829 0.0123297254 0.0088896021 0.0081929387 0.0066394964 
6 0.0070736082 0.0088040041 0.0065414478 0.0071895028 0.0076830978 0.0094339747 0.0111547243 0.0093698963 0.0060009866 0.0058920645 0.0118046418 0.01048443 0.0088457475 0.0099213677 0.0062965001 0.0141773062 0.0126644724 0.0083557235 0.0081939682 0.0061242299 0.0069270501 0.0109717051 0.0120007734 0.011016825 0.0029408341 0.0083492986 0.0097219159 0.0121283426 0.0128129533 0.0044871824 0.0146808327 0.0117346354 0.0024164024 0.0107689716 0.0063193485 0.0029144676 0.0053259894 0.0064999907 0.0042009669 0.0024059818 0.0107454767 0.006821253 0.0100131199 0.0068890001 0.0109168341 0.0084580071 0.0082828615 0.0108190527 0.0043748229 0.0043951386 0.0079185509 0.0034879376 0.0026939085 0.0068738898 0.0070202041 0.0100517238 0.0079874805 0.0103263798 0.0120670441 0.0077075433 0.0056925752 0.0132939963 0.009044155 0.0030841789 0.0149160695 0.0094641384 0.0023228415 0.0086881847 0.0054747447 0.006609226 0.0038215276 0.0081315372 0.0087995833 0.0082899567 0.0069725741 0.0053486071 0.0078116949 0.0091668074 0.0023297074 0.0091756955 0.0064517279 0.007143761 0.0096688785 0.0056737987 0.0081742104 0.0068758861 0.0131022691 0.0052574593 0.0060666967 0.0074115165 0.0119886034 0.0049530279 0.0110237529 0.0061889957 0.004559424 0.007500415 0.0053021079 0.0093970723 0.0118482229 0.0107731109 0.0050138344 0.0099323109 0.0079592512 0.0104750767 0.0074397836 0.0060338803 0.0054124686 0.0051853968 0.0072268941 0.0070349955 0.0041574487 0.004219361 0.0073682943 0.0055131593 0.0053158298 0.0102239069 0.0030233362 0.0085270196 0.0068837467 0.0093697051 0.0056624276 0.0071536801 0.0118243072 0.0066895556 0.0067219701 0.0061496544 0.0048583826 0.0143391934 
7 0.0166036489 0.003949157 0.0070958518 0.0058410067 0.0055995128 0.0111547243 0.008549191 0.010950791 0.00568394 0.0106172449 0.0096599514 0.0129037971 0.0080840712 0.0077074126 0.0067317335 0.0107567566 0.0038918277 0.0061717699 0.0068328233 0.0119092739 0.0088172803 0.0033666142 0.009593108 0.0078768238 0.0021256493 0.0060803056 0.0078117494 0.0093919659 0.0044221112 0.0101502208 0.0091841978 0.0076153511 0.0098172149 0.0092992322 0.0107594016 0.0042996834 0.0077122312 0.0130541781 0.0071784287 0.0027100763 0.0079295726 0.0091632867 0.0105342356 0.0084160975 0.0096131539 0.0104439586 0.0134068703 0.0074874438 0.0116313179 0.0073103332 0.0083649332 0.0123299432 0.0057597233 0.0077945845 0.0074976409 0.0055636238 0.0042063141 0.0062636739 0.0040472286 0.0062989874 0.0032307961 0.0074353494 0.0047654968 0.0061384414 0.0052483837 0.0071609393 0.0079071399 0.0072511055 0.0092061232 0.0119992181 0.0035026397 0.0041053652 0.00387015 0.005696427 0.007101862 0.0072419455 0.0061098304 0.0045861678 0.0054591213 0.0117675127 0.0081029488 0.0052335524 0.0102269224 0.0096810324 0.0088284901 0.0078908679 0.0037504361 0.0100407116 0.0069874074 0.0065264651 0.0092060623 0.0102424365 0.0062350416 0.0071481597 0.0083453391 0.0035757879 0.0130550087 0.0044259481 0.0079510422 0.0063308648 0.0077019907 0.0028113085 0.0103393009 0.0048711263 0.0125084431 0.0078907919 0.0056168143 0.0059517289 0.0128176708 0.0088328676 0.0076595326 0.0128923635 0.0097650729 0.0059162183 0.0141355486 0.0071414358 0.0090183954 0.0117937553 0.0055042019 0.011077993 0.0057195486 0.0047422307 0.0108714641 0.0055867845 0.0094774383 0.0054055175 0.0073041281 0.0070545553 
8 0.0081459442 0.0035892835 0.0062817624 0.0112900023 0.0085172638 0.0093698963 0.010950791 0.0119998072 0.002767579 0.0120625102 0.0036195874 0.0058998959 0.0033671512 0.0057503981 0.0067840564 0.008304164 0.0030325475 0.0068278967 0.005766576 0.0042716498 0.0072726933 0.006074872 0.007198244 0.006883414 0.0141557836 0.0078846905 0.0096554523 0.0088676934 0.0058495583 0.0055611879 0.0043216834 0.0108363843 0.0142058653 0.005493204 0.00550022 0.00970214 0.0075592309 0.006918579 0.0080882528 0.0085114378 0.01513323 0.0053555398 0.0093113569 0.009051894 0.0029107954 0.0089402086 0.0044239018 0.0049033594 0.0116161169 0.0113557238 0.0107841647 0.0074652246 0.0075209527 0.0054445916 0.0070961625 0.0093123189 0.0117611964 0.0102166236 0.0033852085 0.0078983575 0.0107568668 0.0060537178 0.0092275978 0.0080139547 0.0060160572 0.0106922901 0.0043591212 0.0071480509 0.0097766709 0.0107285406 0.0045354668 0.0115353008 0.0030111091 0.0116569034 0.0140550185 0.0053363175 0.0111076312 0.0055531305 0.0096821134 0.0035977963 0.0126579617 0.0066658464 0.0091220191 0.0066868253 0.0063734841 0.0107245191 0.0063874882 0.0080163473 0.0070951639 0.008855557 0.0103990083 0.0068308193 0.0062329543 0.0044167775 0.0059690219 0.0111614697 0.0109174767 0.0130342077 0.0084793306 0.003472378 0.0060531755 0.0109204322 0.0082065931 0.0061613442 0.0071922287 0.0096513779 0.0043965371 0.0062961946 0.0114957486 0.012184944 0.0088797084 0.0109442333 0.0099212592 0.0064278097 0.003482509 0.0084132959 0.0095609276 0.0098999415 0.004605224 0.0052533744 0.004168215 0.0077532615 0.0064995133 0.0073978854 0.0052194282 0.0052890722 0.0060825275 0.008274649 
9 0.0083640559 0.0105377089 0.0096004463 0.0078555664 0.0079864828 0.0060009866 0.00568394 0.002767579 0.0095724189 0.0134726469 0.0042477913 0.0074829449 0.0064391467 0.0109408848 0.0058345391 0.0054838523 0.0050621004 0.0104594266 0.0106958332 0.0102281717 0.004567592 0.0095716532 0.0073079722 0.003389718 0.0041769471 0.0090275636 0.0071385413 0.0088157053 0.0107276763 0.0064636872 0.0094504553 0.0162153592 0.007256665 0.0121852753 0.0050602483 0.0082338808 0.0076849996 0.0115625858 0.0070511319 0.0078394866 0.0054640126 0.0044455739 0.0081795513 0.0035041591 0.0115054327 0.0069143631 0.0064797351 0.0026089088 0.0045510921 0.0053751832 0.0115628645 0.0074627516 0.0064040465 0.0033051842 0.0126043292 0.0036667123 0.0094287341 0.0081909244 0.0077655554 0.0080374312 0.0092329625 0.010587203 0.0110806125 0.0106385047 0.0104119476 0.0076335173 0.0104253475 0.0055881319 0.0085099809 0.0091436072 0.0129172628 0.0084607717 0.0123379657 0.0065173234 0.0037972772 0.0065350473 0.0101023561 0.0061981901 0.0098888704 0.008550589 0.0065313991 0.0096823404 0.0048293508 0.0074905028 0.0097127507 0.0110156435 0.0074849133 0.0054203199 0.0097673359 0.0101139463 0.0052298924 0.0091307552 0.0052978213 0.0042660309 0.0048859361 0.0055331849 0.0127940867 0.0063108352 0.0099250674 0.0101534137 0.0019734897 0.0049694129 0.0048177482 0.0060048474 0.00722329 0.0087904879 0.0103337139 0.0105857209 0.0053629525 0.011193487 0.0050565353 0.0055067721 0.0123275606 0.0124681261 0.0062923505 0.0081640159 0.0068406636 0.0053744137 0.0103624364 0.0102383177 0.0037874265 0.0094291865 0.0013263229 0.0115269115 0.0075046986 0.0046820531 0.0092227388 0.0046011123 
10 0.0088231122 0.0084463298 0.0049612628 0.014686699 0.0046974438 0.0058920645 0.0106172449 0.0120625102 0.0134726469 0.0075532394 0.0091345592 0.0099699521 0.0053873928 0.0084903571 0.010158136 0.0054760812 0.0039777583 0.0120777658 0.0096027015 0.0079754262 0.0031612321 0.0069982467 0.0110159317 0.0080945114 0.0080150746 0.0087244534 0.0068139771 0.0094887452 0.0032069009 0.0043999542 0.002889183 0.0058973728 0.0089640243 0.0058786542 0.0074065825 0.0070619376 0.0075905043 0.0043600235 0.0084599063 0.0145189537 0.0086997119 0.0122155506 0.0051416879 0.0027827407 0.0071236229 0.008087875 0.0081756355 0.0083554884 0.0060780666 0.0075720364 0.0042552888 0.0148718177 0.0075521165 0.0063784606 0.0118776311 0.0059824458 0.0045658418 0.012646329 0.0054036317 0.0105545446 0.0073402101 0.0033655439 0.0111981622 0.0104617418 0.0058815597 0.0128199715 0.0046579598 0.0078384973 0.0053189797 0.0076843969 0.0062212857 0.0121669261 0.0086692785 0.0031887618 0.004245547 0.0052155763 0.0055015464 0.007726223 0.0135187997 0.0133181335 0.0079252892 0.0085337217 0.0070406917 0.0098203614 0.0048582881 0.012729597 0.0072151009 0.0082595722 0.0069443246 0.0048878005 0.0083041564 0.0026110896 0.0149840169 0.0041558232 0.0073592759 0.0097849597 0.003120157 0.0024366927 0.0101497538 0.0072419416 0.0068648831 0.0051234398 0.010110812 0.006366676 0.003566474 0.0118547274 0.0081359314 0.0042949982 0.0053060298 0.0095122498 0.0066549887 0.0078875687 0.0059739515 0.0080516432 0.0059413464 0.0056208121 0.0100613005 0.009133804 0.0114014459 0.0085733842 0.01076637 0.0061807519 0.0078225302 0.0032107387 0.0086027774 0.0138659085 0.0112749887 0.0084083761 
11 0.006282838 0.0065395128 0.0124796212 0.0082286622 0.0096312454 0.0118046418 0.0096599514 0.0036195874 0.0042477913 0.0091345592 0.0098502941 0.0063591818 0.0042706282 0.0034684006 0.0090240423 0.0108094741 0.0078047405 0.0092219077 0.0034127381 0.0048852122 0.0095658753 0.0066160037 0.0053727154 0.0090649922 0.0052761081 0.0074107 0.0041509314 0.0030641021 0.0080202751 0.0083964888 0.0089209516 0.0067981328 0.011025536 0.0074393042 0.0131516195 0.0144124553 0.0049507196 0.0037637784 0.0116185665 0.0089160533 0.0112517657 0.0071634414 0.0071271306 0.0072161845 0.0087122767 0.0088466253 0.0051969116 0.0135144635 0.006663007 0.0053490649 0.0061357588 0.0100838434 0.0070340301 0.0035108818 0.0088473993 0.0091269559 0.0075398711 0.0039045045 0.0083371412 0.00866109 0.0096877718 0.0082064263 0.0061045329 0.0097091174 0.009849911 0.0067128811 0.0127115533 0.0072549908 0.0057070238 0.006460172 0.0057212888 0.0116330783 0.0145747122 0.0029708474 0.0078079835 0.0102644438 0.0086810158 0.0145378842 0.0031207974 0.0064560371 0.0073216429 0.0031614795 0.0122816234 0.0051889167 0.0057271813 0.0045153331 0.0104408767 0.0072095376 0.005425717 0.0068277435 0.0101744467 0.0009085014 0.0065864339 0.0054921032 0.008601518 0.0113204769 0.0106683427 0.0066290671 0.0061259721 0.0080143997 0.0055915612 0.0103630037 0.0171026141 0.007080927 0.0100555722 0.0078382694 0.0076827361 0.0090195333 0.005851533 0.005982379 0.0038691037 0.0073112412 0.0034181559 0.012959409 0.0065494577 0.0072224677 0.0054443747 0.0087391167 0.0083323195 0.0102687266 0.0088324631 0.0053039163 0.0073966849 0.0058122658 0.0099330508 0.0127714363 0.0080000143 0.0075811978 
12 0.0060314465 0.0094398905 0.010524619 0.0077516343 0.0062469147 0.01048443 0.0129037971 0.0058998959 0.0074829449 0.0099699521 0.0063591818 0.0 0.0078828154 0.008595545 0.0157601346 0.0082862604 0.0120493402 0.0106984663 0.0158307972 0.0078375314 0.0075403133 0.0045336544 0.0040562554 0.0061344409 0.0086827045 0.0094885264 0.0095228328 0.008976295 0.0042237479 0.0085598763 0.0139739133 0.0040693946 0.0117294837 0.0070776293 0.0108353757 0.0092616645 0.0046703257 0.0066576229 0.0061967427 0.009032502 0.0033647857 0.0040495368 0.0068406661 0.0129953172 0.0071110409 0.0087905698 0.0093984959 0.006692301 0.0026079174 0.0149854178 0.0080235329 0.0058432096 0.0054009592 0.0071718346 0.0094620625 0.0058964269 0.0112934558 0.0086617051 0.0063858068 0.0048747458 0.0080313034 0.0054065619 0.0100252309 0.0052950596 0.004819461 0.0035543586 0.0089142933 0.0074097045 0.0064042727 0.0117808955 0.0076529108 0.0032962976 0.0087283654 0.0066272397 0.0073098964 0.0062744733 0.0092495145 0.0092447379 0.0033066079 0.0021521127 0.0068271098 0.0089479267 0.006504031 0.0072579455 0.0064171761 0.0109078537 0.0146961594 0.0089688665 0.0036201585 0.0114219889 0.0068493885 0.007796889 0.0123496744 0.0071177954 0.0046416846 0.0134250963 0.0072123468 0.0094179827 0.0016171183 0.0074525032 0.0070083538 0.0101097711 0.0151583927 0.0105320318 0.0071948922 0.0056243149 0.0120136053 0.00652748 0.0058700238 0.0088315578 0.0034808016 0.0034864886 0.0084213471 0.0096329131 0.003426654 0.0082773185 0.0063432895 0.0132261441 0.0087284835 0.0078277893 0.0033615487 0.0106106766 0.005967265 0.0084301823 0.0099379339 0.0049390005 0.0083485717 0.0026414895 
13 0.0038082064 0.0104593318 0.0103805443 0.0050248174 0.013307648 0.0088457475 0.0080840712 0.0033671512 0.0064391467 0.0053873928 0.0042706282 0.0078828154 0.0037298301 0.0073954106 0.0090601927 0.0083532143 0.0096708221 0.0043415002 0.0057400302 0.0080191581 0.0096619488 0.0056813668 0.0041728588 0.0073495065 0.0037179687 0.0100505624 0.0069786264 0.0137342378 0.0089023395 0.0035883328 0.0039035966 0.006127995 0.0048424901 0.0067629015 0.0038608358 0.0071888052 0.0043866527 0.0074744424 0.0061929921 0.005321233 0.0071954605 0.0094934892 0.0058456215 0.0056449473 0.0048836881 0.0058897775 0.0064782903 0.0052091391 0.0098501952 0.0067927594 0.0078051595 0.010337503 0.0069756272 0.0017152169 0.0056311121 0.0111601805 0.0037788492 0.0077804133 0.0066633894 0.0057735293 0.0094744323 0.0096004398 0.0082782588 0.0105976926 0.0038462727 0.0059936228 0.0032477056 0.0080383132 0.0055061778 0.0088004964 0.0066669571 0.0069226821 0.0076180526 0.0086185842 0.0076094761 0.0056794423 0.0064978226 0.0062628479 0.0089494655 0.0090610794 0.0064391391 0.0060551109 0.0114814419 0.0108017633 0.0072757791 0.0036335665 0.0107658011 0.0118225648 0.0167538062 0.0161398527 0.0141956289 0.0132552029 0.0055056846 0.0091395382 0.0038030109 0.0071998459 0.0137022003 0.0163561815 0.0085685158 0.0122322347 0.0106777413 0.011137513 0.0114381528 0.0131681262 0.0074605008 0.009477298 0.0166487085 0.0092862136 0.0061968591 0.0052009621 0.0058216843 0.0113733467 0.0060060231 0.0134323288 0.004511502 0.0094423676 0.0085821153 0.0096300623 0.0121732302 0.0040228819 0.0059767991 0.0070165217 0.0031174363 0.0052583108 0.0075894117 0.0085547744 0.0103028485 0.0057278882 
14 0.012074516 0.0103640599 0.0080974246 0.0058901053 0.0047271962 0.0099213677 0.0077074126 0.0057503981 0.0109408848 0.0084903571 0.0034684006 0.008595545 0.0073954106 0.008474234 0.0047273641 0.0079332233 0.0078545263 0.0101122998 0.0067176973 0.0069503358 0.0130295057 0.0070831368 0.0093686989 0.0069956614 0.0071587073 0.0040016208 0.0048479537 0.0067733325 0.0077239128 0.0090589127 0.0064138523 0.0154389724 0.0063764272 0.0068956183 0.0106382657 0.0120070495 0.0133415452 0.0114825473 0.0073741735 0.0076572336 0.0099639726 0.0074745452 0.0067962101 0.0034410384 0.0066893589 0.0095205244 0.0052914136 0.0072758657 0.0060705605 0.0105954621 0.0064888664 0.0081737068 0.0086222391 0.0104803885 0.0074328208 0.012536718 0.0104803197 0.0022198396 0.0096105532 0.0062818764 0.0062973623 0.0055536336 0.0076604545 0.005874578 0.0061150271 0.0054441208 0.0069195279 0.0055588752 0.0052415718 0.007082303 0.0045741992 0.0141722752 0.0023492725 0.0039981008 0.0038775558 0.0046770604 0.0077717931 0.0076399402 0.0096173439 0.0084283172 0.0173183639 0.0062868037 0.0057886276 0.0112495974 0.0097329893 0.012073651 0.0095591013 0.0056064962 0.0121781377 0.0037587621 0.009736496 0.0107992581 0.0048023435 0.0099088642 0.0066622511 0.0083747512 0.0118413948 0.0076186606 0.0095786919 0.0050055139 0.0059981785 0.0073746417 0.0035110389 0.009145416 0.0099439246 0.00515588 0.0044509184 0.0071788064 0.0094752155 0.0080523861 0.0052843147 0.0077420282 0.0076817261 0.0066030183 0.0036980079 0.0105564887 0.0043636361 0.0074279245 0.0111689006 0.0097046494 0.0079206556 0.0123842842 0.0083815865 0.0098779048 0.003579352 0.0032774888 0.0102927971 0.0077285962 
15 0.007229637 0.0053065837 0.0088234798 0.0091540715 0.0107540533 0.0062965001 0.0067317335 0.0067840564 0.0058345391 0.010158136 0.0090240423 0.0157601346 0.0090601927 0.0047273641 0.0128513386 0.002499833 0.0127372685 0.0056314982 0.0037414388 0.0069457382 0.0096015932 0.0061620574 0.006980136 0.0111507081 0.0068921152 0.0030277136 0.0034591613 0.0108283409 0.0122620971 0.0135523488 0.0105141906 0.0132808715 0.0060990698 0.0085950357 0.0099373281 0.0058343058 0.0090654396 0.0083956605 0.0128731182 0.004086653 0.0045542172 0.0017228714 0.0095081351 0.0087514772 0.0044207515 0.0042695578 0.0102635868 0.0051778035 0.0085031846 0.0061497312 0.0118052504 0.0106660412 0.0091238014 0.0055658392 0.0071874598 0.0091297185 0.0072562346 0.0060073753 0.0046738026 0.0072524452 0.003926656 0.0054698052 0.0093505493 0.0080089869 0.0047993093 0.0160548338 0.0091749561 0.0077691446 0.0070117673 0.0048934893 0.0073883319 0.0098072117 0.0081017902 0.0072895719 0.005182631 0.0123735974 0.0035131543 0.0057093263 0.0022431679 0.0070012293 0.0100945853 0.0052282852 0.0102100986 0.0052204258 0.0057566207 0.0066442793 0.006758644 0.0096818562 0.0081895415 0.0061987437 0.0051038079 0.0057346913 0.0122850907 0.0082604209 0.0069851483 0.0112806472 0.0079971487 0.0111450884 0.0036189758 0.009417649 0.0100618847 0.0086730771 0.015062303 0.0057970099 0.0042094905 0.0060177659 0.0085034715 0.008792734 0.0075387474 0.00772069 0.0061398341 0.0114498263 0.0086915257 0.0115555567 0.0101155376 0.0050889395 0.0069260003 0.0032825875 0.0081486257 0.0089881609 0.0148603264 0.0094734343 0.0086425644 0.0050648711 0.003408867 0.008906936 0.0058533292 0.0055057765 
16 0.0073085852 0.0170094693 0.0062234575 0.0041168735 0.0088797302 0.0141773062 0.0107567566 0.008304164 0.0054838523 0.0054760812 0.0108094741 0.0082862604 0.0083532143 0.0079332233 0.002499833 0.0071422984 0.0085413414 0.0041841073 0.0020919215 0.0026092164 0.0067284591 0.0092985118 0.0139152148 0.0100774147 0.0056891653 0.0076623199 0.0085812699 0.009019536 0.0077055824 0.0088793839 0.0065085131 0.0114983415 0.005328445 0.0090454013 0.00636756 0.0106885107 0.0061934479 0.0132973754 0.0058073094 0.0049796262 0.0070573639 0.0088414375 0.0079449914 0.0057978481 0.0062479057 0.0074515474 0.0113934008 0.0107751796 0.0067959202 0.0051741468 0.0077605639 0.0118738492 0.010314989 0.0056243477 0.008391886 0.0088859199 0.0079513865 0.0101127929 0.0016794459 0.0080694755 0.0096638267 0.0048640801 0.0090644377 0.0103287984 0.0066615722 0.0049295083 0.0077530916 0.0034541735 0.0028936095 0.0092579727 0.0095445786 0.011929442 0.006014071 0.0058871308 0.009963507 0.0086483259 0.0048913343 0.0070955922 0.0064818349 0.0051809466 0.0060530459 0.0108898638 0.0016476031 0.009905478 0.0050001461 0.0063944232 0.0105815207 0.0044825214 0.0089647217 0.0043344523 0.008630821 0.0123132766 0.0059188212 0.0088494058 0.01386189 0.0091553777 0.0069679355 0.007898962 0.0052046072 0.0108916608 0.0074993072 0.009135213 0.0136852119 0.0068780513 0.0052682907 0.0137265213 0.0072623448 0.0083525652 0.0102845063 0.0127040922 0.0041007114 0.0116933518 0.0104153946 0.0073278668 0.0093588819 0.0020711637 0.0035915196 0.0069506774 0.0078763493 0.0042991789 0.0103226174 0.0049092285 0.0091491737 0.0039201149 0.0120721746 0.0056315981 0.0057384599 0.0077181129 
17 0.0068132033 0.0082256588 0.0042927355 0.0042964314 0.0073181695 0.0126644724 0.0038918277 0.0030325475 0.0050621004 0.0039777583 0.0078047405 0.0120493402 0.0096708221 0.0078545263 0.0127372685 0.0085413414 0.00769543 0.0076482308 0.0042389256 0.0110006481 0.0110875131 0.0075664844 0.0063095081 0.012603696 0.0177126019 0.0072089155 0.0108465907 0.0130780893 0.0028060407 0.0078248177 0.0080039021 0.0088726034 0.0060109994 0.0063919545 0.0088371739 0.0064720332 0.0057040033 0.0100186831 0.0099903883 0.0085289421 0.0064394079 0.0083328174 0.0083019577 0.0048755938 0.0059375338 0.007926238 0.0059853001 0.0063883766 0.0089237229 0.002011112 0.0107610551 0.0025634355 0.0049930489 0.0068175085 0.010116116 0.0049085125 0.0101734937 0.004337688 0.0096464181 0.0122732727 0.0116468706 0.0078992119 0.0056740598 0.0126347162 0.0104505951 0.004576047 0.0082206856 0.0084563325 0.0076471538 0.0042664918 0.0157926572 0.0098563438 0.0091474361 0.0041068246 0.0117822095 0.0107430735 0.0081775449 0.0079168866 0.0138074767 0.006160417 0.0049368526 0.0065539513 0.0077564351 0.0038153932 0.0063985327 0.0080956351 0.0060237398 0.0047833325 0.012979052 0.0092942519 0.0061013936 0.0047255755 0.0040086194 0.0086575521 0.0025063891 0.0074934807 0.0058921108 0.0094696472 0.0045851314 0.0068693643 0.0099015152 0.0073998287 0.0104006248 0.0062249355 0.0074706373 0.0079107547 0.0089394334 0.0101077484 0.0099952921 0.0076268021 0.0060744936 0.0082522255 0.0059606962 0.0090978419 0.009430239 0.0021730431 0.0086461058 0.0103955483 0.007296194 0.0079009005 0.0070363326 0.0085435802 0.0097719306 0.0086556094 0.0058635534 0.0062834979 0.0090089603 0.0073184732 
18 0.0084930972 0.0090024815 0.0063909654 0.0102169175 0.0047078072 0.0083557235 0.0061717699 0.0068278967 0.0104594266 0.0120777658 0.0092219077 0.0106984663 0.0043415002 0.0101122998 0.0056314982 0.0041841073 0.0076482308 0.007412107 0.0106827981 0.0047694799 0.0056803001 0.0135406703 0.0091502269 0.0087801061 0.0036208176 0.0126167675 0.0107187516 0.0054726278 0.010879241 0.0042842379 0.0061114526 0.0068594647 0.0064885241 0.0074223955 0.009340508 0.0078809614 0.0078677886 0.0121510849 0.0057854053 0.0063205191 0.0092968464 0.0091727511 0.0114666753 0.0105523619 0.0089529203 0.009247974 0.0063786358 0.0085239852 0.0086776946 0.0083775517 0.0064548761 0.0105996015 0.0065426347 0.0063544612 0.0043961434 0.00457101 0.0036431781 0.0041886102 0.0077208562 0.0046826917 0.0109581124 0.0069475604 0.0076240975 0.0062744882 0.0147440729 0.0093943535 0.0048693477 0.0119846678 0.0061752651 0.0116533887 0.0039424938 0.0080925597 0.0034331583 0.0092743002 0.0071066744 0.0092798453 0.0089558148 0.007135811 0.0059446588 0.0082350348 0.009514365 0.0048091543 0.0095902792 0.0084131634 0.0104309509 0.0043726146 0.0085063074 0.0168081711 0.0064190654 0.0056438374 0.0037487417 0.009956579 0.0112791816 0.0093540094 0.0061108952 0.0092321313 0.002105247 0.0029193325 0.0060679609 0.0101817408 0.0112157882 0.0090554121 0.003819117 0.0058134064 0.0078666773 0.0094716764 0.0109180283 0.0036599819 0.0100441694 0.0070997264 0.0048596098 0.0082194892 0.0065978263 0.0066460319 0.0075620026 0.0060722044 0.0120779567 0.0032342332 0.008165612 0.0070139086 0.0061897791 0.0059611781 0.0049206381 0.0102916775 0.007966401 0.0113911814 0.007294429 0.010902867 
19 0.0068291644 0.0027921285 0.0075154816 0.0055255623 0.0125741269 0.0081939682 0.0068328233 0.005766576 0.0106958332 0.0096027015 0.0034127381 0.0158307972 0.0057400302 0.0067176973 0.0037414388 0.0020919215 0.0042389256 0.0106827981 0.0063213315 0.0083424705 0.0102476567 0.0093138859 0.0066436307 0.0097103448 0.0067189514 0.0061805828 0.0077500986 0.0096238185 0.0030761661 0.0070529685 0.0037965481 0.0091878668 0.0038844201 0.009870137 0.0072429372 0.0062252374 0.0083826658 0.0062809208 0.0080747302 0.0070238395 0.0024357232 0.0055984034 0.0023336922 0.0120535898 0.0071715434 0.0049767168 0.0071147388 0.0044012732 0.0083400916 0.0054211233 0.0075933454 0.0068662136 0.0078871163 0.0045791948 0.0072821909 0.006559502 0.0109484441 0.0081544045 0.0125639786 0.0061636951 0.0072269323 0.008299707 0.0066353194 0.0038130036 0.0088606476 0.0115864891 0.0077062052 0.0089404979 0.0044077257 0.0074098612 0.0119272334 0.0063598487 0.0108201689 0.0058664342 0.0075657851 0.0177753322 0.0079518061 0.0139551263 0.0074709774 0.0057313791 0.002903127 0.008084 0.0082286179 0.010417513 0.0051624188 0.0154838308 0.0150230402 0.0097346505 0.0133305361 0.0063590706 0.0069110816 0.0082048492 0.0104841187 0.0081549318 0.0092972208 0.007032411 0.0069200982 0.0088513548 0.0106803778 0.0123968016 0.0044803567 0.0077830125 0.0118963586 0.0064678411 0.0087453427 0.0075929936 0.0082536341 0.0078178935 0.0089289068 0.0045421273 0.0088793776 0.0074051354 0.0066641881 0.0079199156 0.0065481834 0.0070357694 0.0088106223 0.0056456663 0.0077297024 0.003927179 0.005878471 0.0117151736 0.0075895037 0.0149038328 0.0088958188 0.0081344855 0.0065992471 0.0070578272 
20 0.006080813 0.01045372 0.0094317215 0.0076700498 0.0046121292 0.0061242299 0.0119092739 0.0042716498 0.0102281717 0.0079754262 0.0048852122 0.0078375314 0.0080191581 0.0069503358 0.0069457382 0.0026092164 0.0110006481 0.0047694799 0.0083424705 0.0056391612 0.0096989716 0.0107750805 0.0049458905 0.0083371871 0.0073430088 0.0099315332 0.0112874484 0.0128799539 0.006467855 0.0061056388 0.0125921119 0.0049772531 0.0061266138 0.0164960039 0.0036327368 0.013327578 0.0052198257 0.00992037 0.0058553251 0.0087083636 0.0033824139 0.0103577641 0.0074589432 0.0086001051 0.0069153911 0.0088410163 0.0058560806 0.0079195212 0.0116892685 0.0160269252 0.0054268213 0.0045944569 0.0027274739 0.0082048187 0.0074560795 0.0112616183 0.0080715908 0.0128034708 0.0039660917 0.0123065332 0.0109598164 0.0080421887 0.0068839595 0.0084503548 0.0032439924 0.0026834204 0.0085234518 0.0087388339 0.0057065357 0.0122557855 0.007102865 0.0066017197 0.0034675989 0.0115287547 0.0089928566 0.0066792222 0.0063123339 0.0106077342 0.0090969 0.0118327794 0.0120395365 0.0040615929 0.0081484397 0.0071744505 0.0081896647 0.0107352614 0.0069532851 0.0107959012 0.0054660744 0.0099651243 0.005184081 0.0060391766 0.0100612888 0.0119826148 0.0039143815 0.0029847245 0.0037387192 0.005539055 0.0052378862 0.0054569893 0.0058564917 0.0093104528 0.0061828087 0.0148689935 0.0101664379 0.0087109342 0.0055137366 0.0068822795 0.0087018846 0.0118738104 0.005797641 0.0112294913 0.0083717235 0.003190911 0.0079191474 0.0063920389 0.0115386499 0.0076175078 0.006811765 0.0081648304 0.0053378184 0.0058244456 0.0081539017 0.0063831521 0.0045133629 0.0041403352 0.0066069866 0.0083078393 
21 0.0099670589 0.0078739772 0.0041610642 0.0086466636 0.0129297536 0.0069270501 0.0088172803 0.0072726933 0.004567592 0.0031612321 0.0095658753 0.0075403133 0.0096619488 0.0130295057 0.0096015932 0.0067284591 0.0110875131 0.0056803001 0.0102476567 0.0096989716 0.0064745321 0.0069836371 0.0062769547 0.0099174274 0.0151457342 0.0080530995 0.0092159066 0.0081406023 0.0077800734 0.0048711668 0.0109624668 0.0052344194 0.0085414363 0.0078641608 0.0059315745 0.005534647 0.0086680544 0.008692398 0.0086062653 0.0119065003 0.0046890686 0.0099459793 0.0127704191 0.00912772 0.0097044734 0.0087113874 0.0026984713 0.0066479056 0.0074536979 0.0077501518 0.0079474674 0.0092414785 0.0079209702 0.003295409 0.0099746102 0.0088911475 0.008506397 0.0045951778 0.0058302319 0.0025884361 0.002957239 0.0043438538 0.0088801224 0.0037366481 0.0108207045 0.0017326387 0.004940046 0.0105688894 0.0070351394 0.0059251909 0.0070250177 0.0088960891 0.0073060227 0.0059306197 0.0108966679 0.0097718767 0.007195525 0.0062176631 0.004570231 0.0073326744 0.0112536939 0.0062732155 0.0092370527 0.0092000499 0.0056851032 0.0112901719 0.0079186068 0.0086032053 0.0130389237 0.0123324689 0.0061653034 0.0079565209 0.0049596161 0.0094567358 0.0112607695 0.007788708 0.0039461218 0.0061824854 0.0054239354 0.0080414221 0.0048079056 0.0064902417 0.0094689965 0.0095641253 0.007458328 0.0084803008 0.0118738029 0.0065648329 0.0062650624 0.0064656596 0.007360685 0.0095145472 0.0047015871 0.0105690733 0.0075383354 0.0070673932 0.005217908 0.0082714279 0.0039119512 0.0057449803 0.0062834421 0.0104769009 0.0073448467 0.0092951864 0.0107642131 0.0079736154 0.0094421873 0.0087273352 
22 0.0058081114 0.0060781773 0.0047870041 0.0097440945 0.0115578582 0.0109717051 0.0033666142 0.006074872 0.0095716532 0.0069982467 0.0066160037 0.0045336544 0.0056813668 0.0070831368 0.0061620574 0.0092985118 0.0075664844 0.0135406703 0.0093138859 0.0107750805 0.0069836371 0.0129518316 0.0086393796 0.0074653911 0.000508304 0.009005809 0.0042531715 0.0123828431 0.0093711222 0.0099907652 0.0052380884 0.0028842031 0.0067007641 0.0078150626 0.0082660299 0.0052792508 0.0061025241 0.0109379218 0.0086400206 0.006741761 0.0063217598 0.0044969844 0.0049075197 0.0053109256 0.0081790343 0.0060489482 0.0065753728 0.0082179032 0.0129870551 0.0090938916 0.0093194753 0.010919664 0.008133236 0.0093590752 0.0042495483 0.005500107 0.0064185677 0.0088915229 0.0058211558 0.0076026376 0.0117196308 0.0058433888 0.0122318698 0.0028731653 0.0095140531 0.0042502715 0.0074273257 0.008683685 0.0023541831 0.0070692369 0.0048037547 0.0090087366 0.0050553524 0.0078382021 0.0093925801 0.0077713565 0.0183423073 0.0052045952 0.0061170458 0.0071553124 0.0063219385 0.0108510792 0.0094668187 0.0080289142 0.0063818041 0.0058881474 0.0073549053 0.0098077053 0.0093816708 0.0052054064 0.0075193074 0.00850493 0.0087000825 0.0060011234 0.0087589721 0.0051816749 0.0057475071 0.0124494426 0.0050353706 0.0095995029 0.0074217185 0.0059379836 0.0116494778 0.0161669966 0.0060120633 0.0064244238 0.0095302969 0.0042625007 0.0087120568 0.0040311002 0.0110090743 0.0097806086 0.008411567 0.0099317613 0.007383035 0.0051444259 0.0081436051 0.0085952802 0.0062532927 0.0125516908 0.0143120535 0.0027897506 0.0076904206 0.0104125381 0.0121813632 0.0030003394 0.0110757751 0.0083009894 
23 0.0033012188 0.0040996287 0.0057565333 0.012854998 0.0049797308 0.0120007734 0.009593108 0.007198244 0.0073079722 0.0110159317 0.0053727154 0.0040562554 0.0041728588 0.0093686989 0.006980136 0.0139152148 0.0063095081 0.0091502269 0.0066436307 0.0049458905 0.0062769547 0.0086393796 0.0114787313 0.0067581444 0.0087747814 0.0051796513 0.0016838822 0.0060481484 0.0071726222 0.0088158586 0.0054918853 0.0111773643 0.006749958 0.0058287904 0.0099856693 0.0080919798 0.0073957902 0.0082629452 0.0095829282 0.0074809956 0.0097832776 0.0079494444 0.0093929786 0.0101573343 0.0107769237 0.003389444 0.0108952171 0.0043721533 0.0055389557 0.0092295048 0.008053554 0.0102916474 0.006516695 0.0040766633 0.0101231717 0.0058620076 0.0133444229 0.0118220757 0.0044436547 0.012380999 0.0021482375 0.0033268856 0.0033505099 0.0158176159 0.0068601405 0.0041411933 0.011823316 0.0082755514 0.0105591215 0.009029033 0.0091937304 0.0069012362 0.008611372 0.004944288 0.0040289996 0.005566835 0.0134173966 0.0065698053 0.0090038995 0.00915275 0.0087945531 0.010192536 0.0073277969 0.0087825324 0.0056166463 0.0048146044 0.0109114342 0.0084302216 0.0040112017 0.0108649901 0.0071058875 0.0046400245 0.0059093368 0.0115541083 0.0061265964 0.0026322207 0.006060742 0.0096067147 0.0072231543 0.0063764321 0.0097382953 0.010864288 0.0079116076 0.0065974674 0.0103171171 0.0095166228 0.0079260818 0.0101511349 0.0068418991 0.010793026 0.0033448751 0.006009465 0.0058007913 0.0093065658 0.005424618 0.0128721552 0.0083439392 0.0035974847 0.0107839949 0.0106134335 0.0078360782 0.0100094304 0.0058563413 0.006293651 0.0035698036 0.0135651963 0.0102680395 0.0078430865 
24 0.0039607023 0.0042687262 0.0032505337 0.0060218887 0.0042655723 0.011016825 0.0078768238 0.006883414 0.003389718 0.0080945114 0.0090649922 0.0061344409 0.0073495065 0.0069956614 0.0111507081 0.0100774147 0.012603696 0.0087801061 0.0097103448 0.0083371871 0.0099174274 0.0074653911 0.0067581444 0.0100795017 0.0139712234 0.0095830996 0.0104541028 0.0061825628 0.0044529308 0.0093994609 0.0118612608 0.0058102459 0.0032468558 0.0040391215 0.0072221691 0.0012606169 0.003877108 0.0106183951 0.0117413211 0.0056944234 0.0095188288 0.0058256647 0.0048856689 0.0075987804 0.0090099212 0.0104329271 0.0085291238 0.0105732983 0.0093558786 0.011527618 0.0016958711 0.0078567653 0.0073035923 0.0133796951 0.0072556323 0.0025062606 0.0022962331 0.0078751618 0.0142738544 0.0109339408 0.0127768703 0.0109122382 0.0113996921 0.0050943292 0.0065426379 0.0099798543 0.0117680022 0.0084771438 0.0071260254 0.004622272 0.0084478735 0.0050546163 0.0059818217 0.0091016338 0.0097201952 0.0049789629 0.00815638 0.0063207951 0.0059397518 0.011107472 0.009846124 0.0062555982 0.0026761121 0.006279418 0.0076940243 0.0081665956 0.0053277321 0.0138563336 0.0104679832 0.0071637462 0.0079705348 0.0073314117 0.0167331172 0.0060079342 0.0071462161 0.0062944878 0.0080521766 0.0137782595 0.0047589583 0.0051006394 0.0172374931 0.00146513 0.0034376245 0.0107212419 0.0092762107 0.0096529607 0.0092229122 0.004705169 0.0058432564 0.0102478539 0.0069755798 0.0088162025 0.0063741603 0.0071241604 0.0078693032 0.0070551212 0.0050467772 0.0056376494 0.0053853633 0.0037919974 0.0079585286 0.0076077235 0.0053850718 0.0073620625 0.0112027595 0.0067483371 0.0142360069 0.0036945196 
