40
1 0.0 0.0335124093 0.0449131061 0.0437097953 0.0203695466 0.0458418582 0.0180267597 0.032027288 0.0329884375 0.0275517496 0.0347719011 0.0152014563 0.0392656863 0.0348542922 0.0176117314 0.0045778548 0.0129496986 0.0385623538 0.0349699617 0.0165792558 0.0276601006 0.0265666133 0.0172957331 0.0144161647 0.0193259927 0.0246169604 0.0094788685 0.0106271523 0.0095292925 0.0434910292 0.0210202005 0.0229732307 0.0288230019 0.0117883275 0.044148225 0.0326941184 0.0392710673 0.0221967673 0.0145677765 0.0112242349
2 0.0335124093 0.0 0.0193987118 0.0206404622 0.039418303 0.0436905574 0.0079247749 0.0422194907 0.0497512857 0.0149665811 0.0227035292 0.023548271 0.0312344318 0.0243870476 0.0389082521 0.0125647641 0.0173665482 0.0331432379 0.0155143014 0.0210416951 0.0217060897 0.0222094629 0.0247723219 0.0156712266 0.045313536 0.0200919371 0.0231716591 0.0097521594 0.0284371052 0.0233238244 0.0314079903 0.0116822149 0.0226180836 0.0277108765 0.028768509 0.0255686507 0.009077756 0.0075990264 0.0458761578 0.043306758
3 0.0449131061 0.0193987118 0.0 0.028156021 0.0060375416 0.0343704455 0.0255356283 0.0210724378 0.026094468 0.010437694 0.0391570885 0.0250741528 0.0274786578 0.0151779519 0.0381394829 0.0377649667 0.02237181 0.0303158741 0.0145419826 0.0291889607 0.023542582 0.0086491715 0.0149454235 0.0210003936 0.0215891621 0.0414688663 0.0143053073 0.0260273967 0.0426744449 0.0211628562 0.0200753426 0.0190615987 0.0349871638 0.0219432294 0.0239906007 0.0188872426 0.0340868221 0.0361989726 0.0147482371 0.0454282041
4 0.0437097953 0.0206404622 0.028156021 0.0 0.0445242515 0.0245724065 0.0284837505 0.0239993406 0.0188039757 0.0203664589 0.0122916254 0.0142111085 0.0067629983 0.03831021 0.0155508682 0.0413055112 0.0387103131 0.0349736025 0.0258930304 0.0261713139 0.0198056283 0.0294645682 0.0193100463 0.0226292395 0.0352744728 0.0329560518 0.0263102301 0.0142924478 0.0210964823 0.0363352232 0.0228362007 0.0319418443 0.0220141625 0.0176012836 0.0255653311 0.0301772952 0.0197061468 0.0387826908 0.0215771752 0.004886436
5 0.0203695466 0.039418303 0.0060375416 0.0445242515 0.0 0.0117441572 0.027225111 0.0100414037 0.0133954845 0.0453875765 0.0153936141 0.0360474407 0.0397047342 0.013955189 0.0150833911 0.0141818409 0.0232110576 0.0376036074 0.0363331444 0.0067847654 0.0215946617 0.0304903486 0.0237548455 0.0339033375 0.0368054996 0.041059825 0.0221807928 0.0199711528 0.0161328936 0.0189178144 0.0305969545 0.0291381654 0.0185365996 0.0096473114 0.0505434792 0.0154003755 0.0314665389 0.0320619001 0.0241510813 0.0372042619
6 0.0458418582 0.0436905574 0.0343704455 0.0245724065 0.0117441572 0.0 0.0307457262 0.044447918 0.0174131593 0.013223458 0.0174022001 0.007113915 0.0302295255 0.0547455214 0.0107093875 0.0126679749 0.0334120704 0.0410101388 0.0122380399 0.0134587111 0.0504619629 0.0238151642 0.0040509548 0.0210284019 0.013052516 0.0211946742 0.0360625529 0.0392444137 0.0422051421 0.0282221076 0.0202896721 0.0246043615 0.0335241586 0.0228838438 0.0316442333 0.0107156348 0.0102789883 0.0319852444 0.008118479 0.0275803227
7 0.0180267597 0.0079247749 0.0255356283 0.0284837505 0.027225111 0.0307457262 0.0 0.0287478083 0.0137552121 0.0296785922 0.0454265683 0.0266549481 0.0388433249 0.0157776789 0.0086435877 0.0265801123 0.018608992 0.0107173857 0.0283014514 0.0314945592 0.0213931113 0.0200934838 0.0391380765 0.0037238829 0.0254878352 0.0151129724 0.0453564597 0.0454678456 0.0180725612 0.0177358824 0.0385461641 0.0079509331 0.03520318 0.0535348722 0.0061651179 0.0208200245 0.0501800985 0.0287568286 0.0315051459 0.0145835526
8 0.032027288 0.0422194907 0.0210724378 0.0239993406 0.0100414037 0.044447918 0.0287478083 0.0 0.0344995547 0.0243142442 0.0169168089 0.0107127915 0.0252954028 0.0298750856 0.0371415895 0.0233184131 0.0193494395 0.0076684207 0.0264767735 0.0372856158 0.0299019057 0.0130866184 0.0279585305 0.019519527 0.0067577681 0.0172845936 0.0390903535 0.0294828818 0.0369634665 0.0259277325 0.0265926442 0.0219393092 0.0162820992 0.0352584008 0.0373957867 0.0174903472 0.0218617783 0.0190527465 0.0377673028 0.0249763806
9 0.0329884375 0.0497512857 0.026094468 0.0188039757 0.0133954845 0.0174131593 0.0137552121 0.0344995547 0.0 0.0212594759 0.0315556584 0.0247209567 0.0318101358 0.0272871951 0.0512796526 0.0196397719 0.0209814058 0.0105325858 0.0140697071 0.013965618 0.0356828351 0.0137135112 0.0324980121 0.0311356736 0.0136344792 0.0394908304 0.0400253371 0.0130706913 0.0409441706 0.0158029508 0.0031934846 0.0401697602 0.0201694437 0.008191504 0.0378700787 0.010646832 0.0464875712 0.0297551567 0.0337785934 0.0199353435
10 0.0275517496 0.0149665811 0.010437694 0.0203664589 0.0453875765 0.013223458 0.0296785922 0.0243142442 0.0212594759 0.0 0.0295046272 0.023307192 0.0349854547 0.0218295522 0.0268908831 0.0295592848 0.0363692702 0.0184873253 0.019971414 0.0116570092 0.0329881011 0.0327885884 0.0278649769 0.0380654102 0.0257673758 0.0081620306 0.0256092453 0.0430407588 0.0282216599 0.0168001573 0.0130333477 0.0130645501 0.03499201 0.0445343753 0.0274071432 0.0384281445 0.02867589 0.0238648061 0.0249318246 0.012011761
11 0.0347719011 0.0227035292 0.0391570885 0.0122916254 0.0153936141 0.0174022001 0.0454265683 0.0169168089 0.0315556584 0.0295046272 0.0 0.0218687789 0.0250861223 0.0416009002 0.0140663873 0.0373262841 0.0247306299 0.0215525138 0.0329712855 0.0291936926 0.0260438557 0.0159212724 0.0158425773 0.0266191231 0.0312618931 0.0477057098 0.0156875625 0.0471027899 0.011619685 0.0372782013 0.0247155864 0.0253021108 0.0024757037 0.0266318807 0.0247463742 0.0231653691 0.0296294684 0.0265292351 0.0125094968 0.015691889
12 0.0152014563 0.023548271 0.0250741528 0.0142111085 0.0360474407 0.007113915 0.0266549481 0.0107127915 0.0247209567 0.023307192 0.0218687789 0.0 0.0234318297 0.0159316569 0.0440533475 0.0315734177 0.029808873 0.0104004007 0.0173104951 0.0219986768 0.0443606703 0.0252207832 0.0370149519 0.0284710687 0.0239806616 0.0366476409 0.0143952564 0.0272936525 0.0234521783 0.0165243254 0.0458375293 0.0222336001 0.0258577779 0.0364781041 0.0360717661 0.0348496751 0.0101941989 0.0368542294 0.03375026 0.017541961
13 0.0392656863 0.0312344318 0.0274786578 0.0067629983 0.0397047342 0.0302295255 0.0388433249 0.0252954028 0.0318101358 0.0349854547 0.0250861223 0.0234318297 0.0 0.0082077671 0.0226399468 0.0305739977 0.0165774617 0.0270866943 0.0176209878 0.0397567804 0.0365938598 0.0110182869 0.0243099064 0.0246116695 0.0382272243 0.0193054075 0.0442003852 0.0193585404 0.028398426 0.0150455371 0.0281432236 0.0211627473 0.0257295564 0.0294704644 0.0375091128 0.0191761003 0.0136744945 0.0150756016 0.0103395566 0.0220579595
14 0.0348542922 0.0243870476 0.0151779519 0.03831021 0.013955189 0.0547455214 0.0157776789 0.0298750856 0.0272871951 0.0218295522 0.0416009002 0.0159316569 0.0082077671 0.0 0.0264380579 0.0086825572 0.0357606019 0.013675029 0.0142840554 0.0313917343 0.0072102354 0.0253187326 0.0489728205 0.0127530995 0.0408581372 0.0239276031 0.0245604765 0.0126711419 0.0414949546 0.012232269 0.0358401962 0.0205228305 0.0217113922 0.0410729508 0.0107235099 0.0182559948 0.0149494547 0.0367122929 0.0503318209 0.0277080031
15 0.0176117314 0.0389082521 0.0381394829 0.0155508682 0.0150833911 0.0107093875 0.0086435877 0.0371415895 0.0512796526 0.0268908831 0.0140663873 0.0440533475 0.0226399468 0.0264380579 0.0 0.0221852414 0.0422510283 0.01672486 0.0268170786 0.0118848719 0.0252261991 0.0237793764 0.0327373499 0.0236117336 0.0282900024 0.0258178351 0.0380055138 0.0177678229 0.0231180715 0.0186942609 0.0036849361 0.0368019047 0.0131357702 0.0246672067 0.0282514697 0.0273247676 0.0357348544 0.0256543607 0.0266205837 0.0340563348
16 0.0045778548 0.0125647641 0.0377649667 0.0413055112 0.0141818409 0.0126679749 0.0265801123 0.0233184131 0.0196397719 0.0295592848 0.0373262841 0.0315734177 0.0305739977 0.0086825572 0.0221852414 0.0 0.0318561914 0.0372041813 0.0259128818 0.0426078228 0.0407720386 0.0363146084 0.043046227 0.0137563453 0.0237328654 0.0269376192 0.0225033279 0.0209841399 0.0442754087 0.0126044529 0.0143532784 0.0260203453 0.0158376476 0.0100856798 0.0065875115 0.0337588216 0.0290982759 0.0385235872 0.0044402346 0.0462845146
17 0.0129496986 0.0173665482 0.02237181 0.0387103131 0.0232110576 0.0334120704 0.018608992 0.0193494395 0.0209814058 0.0363692702 0.0247306299 0.029808873 0.0165774617 0.0357606019 0.0422510283 0.0318561914 0.0 0.0067429247 0.0273242047 0.0189787747 0.0317666899 0.0174554214 0.0103782134 0.0141031792 0.0376290585 0.0397452775 0.0258285617 0.0283681874 0.0291091643 0.0462821772 0.0147293405 0.0333121415 0.0212189966 0.0416537995 0.0294291916 0.0124937291 0.0335610785 0.0206371733 0.0166302388 0.0183070841
18 0.0385623538 0.0331432379 0.0303158741 0.0349736025 0.0376036074 0.0410101388 0.0107173857 0.0076684207 0.0105325858 0.0184873253 0.0215525138 0.0104004007 0.0270866943 0.013675029 0.01672486 0.0372041813 0.0067429247 0.0 0.0429764853 0.0139348532 0.0272108288 0.0206370343 0.0233037181 0.0302992281 0.0106434862 0.0289350497 0.0478040929 0.0181676145 0.0120952441 0.0459253984 0.0058553046 0.0379685887 0.0328209226 0.0487786745 0.0186146577 0.0249074696 0.0401170888 0.0208762814 0.0300969035 0.0216299391
19 0.0349699617 0.0155143014 0.0145419826 0.0258930304 0.0363331444 0.0122380399 0.0283014514 0.0264767735 0.0140697071 0.019971414 0.0329712855 0.0173104951 0.0176209878 0.0142840554 0.0268170786 0.0259128818 0.0273242047 0.0429764853 0.0 0.0387472107 0.0211896647 0.0352980419 0.0474227381 0.0236351323 0.0250200896 0.0045636147 0.0033124542 0.0130055082 0.0286551169 0.0268221537 0.0394040137 0.0410216377 0.0376928148 0.010764796 0.032845575 0.0505588312 0.0161489825 0.0235136347 0.007096755 0.0397539542
20 0.0165792558 0.0210416951 0.0291889607 0.0261713139 0.0067847654 0.0134587111 0.0314945592 0.0372856158 0.013965618 0.0116570092 0.0291936926 0.0219986768 0.0397567804 0.0313917343 0.0118848719 0.0426078228 0.0189787747 0.0139348532 0.0387472107 0.0 0.0149614822 0.0328744856 0.0302983913 0.0388509144 0.0156006636 0.0211266618 0.0418736626 0.0276292402 0.0064212901 0.0374818431 0.025949941 0.0218052274 0.021119617 0.0041971492 0.0302685265 0.0362424452 0.0333838864 0.0197629394 0.0406603989 0.0433693124
21 0.0276601006 0.0217060897 0.023542582 0.0198056283 0.0215946617 0.0504619629 0.0213931113 0.0299019057 0.0356828351 0.0329881011 0.0260438557 0.0443606703 0.0365938598 0.0072102354 0.0252261991 0.0407720386 0.0317666899 0.0272108288 0.0211896647 0.0149614822 0.0 0.0227830387 0.0216075016 0.0213848294 0.023029424 0.0146991042 0.0145879293 0.0083720001 0.0327579343 0.030304976 0.0210426423 0.0386196362 0.0255599814 0.0196454497 0.0157151963 0.0238796673 0.0253404533 0.0409223493 0.0283177292 0.0113576546
22 0.0265666133 0.0222094629 0.0086491715 0.0294645682 0.0304903486 0.0238151642 0.0200934838 0.0130866184 0.0137135112 0.0327885884 0.0159212724 0.0252207832 0.0110182869 0.0253187326 0.0237793764 0.0363146084 0.0174554214 0.0206370343 0.0352980419 0.0328744856 0.0227830387 0.0 0.0195099458 0.0364580843 0.0314652383 0.0334049375 0.034282928 0.0379072333 0.0285115047 0.0288940294 0.0406322246 0.0330064222 0.0176734088 0.0047949295 0.0168131044 0.0245371391 0.0246057189 0.0400756219 0.0231670335 0.0367618837
23 0.0172957331 0.0247723219 0.0149454235 0.0193100463 0.0237548455 0.0040509548 0.0391380765 0.0279585305 0.0324980121 0.0278649769 0.0158425773 0.0370149519 0.0243099064 0.0489728205 0.0327373499 0.043046227 0.0103782134 0.0233037181 0.0474227381 0.0302983913 0.0216075016 0.0195099458 0.0 0.009687112 0.0527114622 0.038121364 0.0260350399 0.0479840295 0.0224759897 0.0115377282 0.01905423 0.0127514244 0.0300526529 0.012874676 0.0200024495 0.0067873675 0.017832823 0.0233966302 0.0223169959 0.0403447629
24 0.0144161647 0.0156712266 0.0210003936 0.0226292395 0.0339033375 0.0210284019 0.0037238829 0.019519527 0.0311356736 0.0380654102 0.0266191231 0.0284710687 0.0246116695 0.0127530995 0.0236117336 0.0137563453 0.0141031792 0.0302992281 0.0236351323 0.0388509144 0.0213848294 0.0364580843 0.009687112 0.0 0.0360949726 0.0251095802 0.0279964489 0.0216720793 0.0174809443 0.0376037563 0.0350639545 0.022629726 0.0278908353 0.0304815417 0.0347509953 0.0508614468 0.022431026 0.0196077083 0.0303003005 0.0346899071
25 0.0193259927 0.045313536 0.0215891621 0.0352744728 0.0368054996 0.013052516 0.0254878352 0.0067577681 0.0136344792 0.0257673758 0.0312618931 0.0239806616 0.0382272243 0.0408581372 0.0282900024 0.0237328654 0.0376290585 0.0106434862 0.0250200896 0.0156006636 0.023029424 0.0314652383 0.0527114622 0.0360949726 0.0 0.0180025375 0.0182305629 0.0167585856 0.0262825463 0.0398971642 0.0236028798 0.0189095171 0.0199054901 0.0241642645 0.031370991 0.0300195229 0.0148191096 0.0181175386 0.0114774227 0.0268880507
26 0.0246169604 0.0200919371 0.0414688663 0.0329560518 0.041059825 0.0211946742 0.0151129724 0.0172845936 0.0394908304 0.0081620306 0.0477057098 0.0366476409 0.0193054075 0.0239276031 0.0258178351 0.0269376192 0.0397452775 0.0289350497 0.0045636147 0.0211266618 0.0146991042 0.0334049375 0.038121364 0.0251095802 0.0180025375 0.0 0.0341489353 0.0238475347 0.0249519343 0.0209363506 0.0305220185 0.0305334766 0.0346793501 0.0363909182 0.0092107126 0.0238716118 0.0172126227 0.0126775213 0.0158793685 0.0196489605
27 0.0094788685 0.0231716591 0.0143053073 0.0263102301 0.0221807928 0.0360625529 0.0453564597 0.0390903535 0.0400253371 0.0256092453 0.0156875625 0.0143952564 0.0442003852 0.0245604765 0.0380055138 0.0225033279 0.0258285617 0.0478040929 0.0033124542 0.0418736626 0.0145879293 0.034282928 0.0260350399 0.0279964489 0.0182305629 0.0341489353 0.0 0.0105300312 0.0307998835 0.0284996557 0.019445347 0.013566278 0.0249344793 0.0182178794 0.0139647309 0.0202734017 0.0313240356 0.0276365336 0.0152760462 0.0304877536
28 0.0106271523 0.0097521594 0.0260273967 0.0142924478 0.0199711528 0.0392444137 0.0454678456 0.0294828818 0.0130706913 0.0430407588 0.0471027899 0.0272936525 0.0193585404 0.0126711419 0.0177678229 0.0209841399 0.0283681874 0.0181676145 0.0130055082 0.0276292402 0.0083720001 0.0379072333 0.0479840295 0.0216720793 0.0167585856 0.0238475347 0.0105300312 0.0 0.036850932 0.0340246559 0.039090303 0.0498542785 0.0458349737 0.0034096675 0.0144269136 0.0115977618 0.0297715225 0.0337259705 0.0263763518 0.0246396375
29 0.0095292925 0.0284371052 0.0426744449 0.0210964823 0.0161328936 0.0422051421 0.0180725612 0.0369634665 0.0409441706 0.0282216599 0.011619685 0.0234521783 0.028398426 0.0414949546 0.0231180715 0.0442754087 0.0291091643 0.0120952441 0.0286551169 0.0064212901 0.0327579343 0.0285115047 0.0224759897 0.0174809443 0.0262825463 0.0249519343 0.0307998835 0.036850932 0.0 0.0218032503 0.026041829 0.0204579004 0.0077845699 0.0327516145 0.0089737357 0.0322379171 0.0297329452 0.0322171987 0.0316615318 0.0033090799
30 0.0434910292 0.0233238244 0.0211628562 0.0363352232 0.0189178144 0.0282221076 0.0177358824 0.0259277325 0.0158029508 0.0168001573 0.0372782013 0.0165243254 0.0150455371 0.012232269 0.0186942609 0.0126044529 0.0462821772 0.0459253984 0.0268221537 0.0374818431 0.030304976 0.0288940294 0.0115377282 0.0376037563 0.0398971642 0.0209363506 0.0284996557 0.0340246559 0.0218032503 0.0 0.0109705284 0.0065878532 0.0344359378 0.030376322 0.0400533807 0.0278749541 0.0158364533 0.0063197523 0.0313022272 0.0261308275
31 0.0210202005 0.0314079903 0.0200753426 0.0228362007 0.0305969545 0.0202896721 0.0385461641 0.0265926442 0.0031934846 0.0130333477 0.0247155864 0.0458375293 0.0281432236 0.0358401962 0.0036849361 0.0143532784 0.0147293405 0.0058553046 0.0394040137 0.025949941 0.0210426423 0.0406322246 0.01905423 0.0350639545 0.0236028798 0.0305220185 0.019445347 0.039090303 0.026041829 0.0109705284 0.0 0.0328891781 0.0169383077 0.0486775191 0.02249058 0.0354550067 0.0268865801 0.0259542139 0.0300114997 0.0291258069
32 0.0229732307 0.0116822149 0.0190615987 0.0319418443 0.0291381654 0.0246043615 0.0079509331 0.0219393092 0.0401697602 0.0130645501 0.0253021108 0.0222336001 0.0211627473 0.0205228305 0.0368019047 0.0260203453 0.0333121415 0.0379685887 0.0410216377 0.0218052274 0.0386196362 0.0330064222 0.0127514244 0.022629726 0.0189095171 0.0305334766 0.013566278 0.0498542785 0.0204579004 0.0065878532 0.0328891781 0.0 0.0350033923 0.0365853735 0.0296568413 0.0381837252 0.0043750955 0.0194762973 0.0233527326 0.0248837497
33 0.0288230019 0.0226180836 0.0349871638 0.0220141625 0.0185365996 0.0335241586 0.03520318 0.0162820992 0.0201694437 0.03499201 0.0024757037 0.0258577779 0.0257295564 0.0217113922 0.0131357702 0.0158376476 0.0212189966 0.0328209226 0.0376928148 0.021119617 0.0255599814 0.0176734088 0.0300526529 0.0278908353 0.0199054901 0.0346793501 0.0249344793 0.0458349737 0.0077845699 0.0344359378 0.0169383077 0.0350033923 0.0 0.0147664969 0.023946703 0.0305679139 0.0355288377 0.016936024 0.0271944806 0.0456160626
34 0.0117883275 0.0277108765 0.0219432294 0.0176012836 0.0096473114 0.0228838438 0.0535348722 0.0352584008 0.008191504 0.0445343753 0.0266318807 0.0364781041 0.0294704644 0.0410729508 0.0246672067 0.0100856798 0.0416537995 0.0487786745 0.010764796 0.0041971492 0.0196454497 0.0047949295 0.012874676 0.0304815417 0.0241642645 0.0363909182 0.0182178794 0.0034096675 0.0327516145 0.030376322 0.0486775191 0.0365853735 0.0147664969 0.0 0.0401249328 0.0208260295 0.0467633754 0.0124680761 0.0385297738 0.0012564292
35 0.044148225 0.028768509 0.0239906007 0.0255653311 0.0505434792 0.0316442333 0.0061651179 0.0373957867 0.0378700787 0.0274071432 0.0247463742 0.0360717661 0.0375091128 0.0107235099 0.0282514697 0.0065875115 0.0294291916 0.0186146577 0.032845575 0.0302685265 0.0157151963 0.0168131044 0.0200024495 0.0347509953 0.031370991 0.0092107126 0.0139647309 0.0144269136 0.0089737357 0.0400533807 0.02249058 0.0296568413 0.023946703 0.0401249328 0.0 0.0268017621 0.0092285252 0.0218682538 0.0276226365 0.0244313554
36 0.0326941184 0.0255686507 0.0188872426 0.0301772952 0.0154003755 0.0107156348 0.0208200245 0.0174903472 0.010646832 0.0384281445 0.0231653691 0.0348496751 0.0191761003 0.0182559948 0.0273247676 0.0337588216 0.0124937291 0.0249074696 0.0505588312 0.0362424452 0.0238796673 0.0245371391 0.0067873675 0.0508614468 0.0300195229 0.0238716118 0.0202734017 0.0115977618 0.0322379171 0.0278749541 0.0354550067 0.0381837252 0.0305679139 0.0208260295 0.0268017621 0.0 0.0287534968 0.0206018079 0.0352439867 0.0100636117
37 0.0392710673 0.009077756 0.0340868221 0.0197061468 0.0314665389 0.0102789883 0.0501800985 0.0218617783 0.0464875712 0.02867589 0.0296294684 0.0101941989 0.0136744945 0.0149494547 0.0357348544 0.0290982759 0.0335610785 0.0401170888 0.0161489825 0.0333838864 0.0253404533 0.0246057189 0.017832823 0.022431026 0.0148191096 0.0172126227 0.0313240356 0.0297715225 0.0297329452 0.0158364533 0.0268865801 0.0043750955 0.0355288377 0.0467633754 0.0092285252 0.0287534968 0.0 0.0177759088 0.0305351142 0.0236619163
38 0.0221967673 0.0075990264 0.0361989726 0.0387826908 0.0320619001 0.0319852444 0.0287568286 0.0190527465 0.0297551567 0.0238648061 0.0265292351 0.0368542294 0.0150756016 0.0367122929 0.0256543607 0.0385235872 0.0206371733 0.0208762814 0.0235136347 0.0197629394 0.0409223493 0.0400756219 0.0233966302 0.0196077083 0.0181175386 0.0126775213 0.0276365336 0.0337259705 0.0322171987 0.0063197523 0.0259542139 0.0194762973 0.016936024 0.0124680761 0.0218682538 0.0206018079 0.0177759088 0.0 0.0393007608 0.0365283577
39 0.0145677765 0.0458761578 0.0147482371 0.0215771752 0.0241510813 0.008118479 0.0315051459 0.0377673028 0.0337785934 0.0249318246 0.0125094968 0.03375026 0.0103395566 0.0503318209 0.0266205837 0.0044402346 0.0166302388 0.0300969035 0.007096755 0.0406603989 0.0283177292 0.0231670335 0.0223169959 0.0303003005 0.0114774227 0.0158793685 0.0152760462 0.0263763518 0.0316615318 0.0313022272 0.0300114997 0.0233527326 0.0271944806 0.0385297738 0.0276226365 0.0352439867 0.0305351142 0.0393007608 0.0 0.0226359851
40 0.0112242349 0.043306758 0.0454282041 0.004886436 0.0372042619 0.0275803227 0.0145835526 0.0249763806 0.0199353435 0.012011761 0.015691889 0.017541961 0.0220579595 0.0277080031 0.0340563348 0.0462845146 0.0183070841 0.0216299391 0.0397539542 0.0433693124 0.0113576546 0.0367618837 0.0403447629 0.0346899071 0.0268880507 0.0196489605 0.0304877536 0.0246396375 0.0033090799 0.0261308275 0.0291258069 0.0248837497 0.0456160626 0.0012564292 0.0244313554 0.0100636117 0.0236619163 0.0365283577 0.0226359851 0.0
