20
1 0.0 0.0605748939 0.0655089696 0.0804247664 0.0796096313 0.0721425427 0.0523179168 0.0362622242 0.0637576376 0.0859009377 0.0440417319 0.0122574173 0.0150145145 0.0303646703 0.0557194912 0.0266757962 0.064059195 0.0466969878 0.0619244828 0.0467461929
2 0.0605748939 0.0 0.0066700701 0.0219443579 0.0590981527 0.0499265686 0.0720352916 0.0845671677 0.0403489093 0.0427622395 0.078014277 0.0955663403 0.0216608626 0.0302591309 0.066427451 0.0625919392 0.0468185864 0.0489532718 0.0609338306 0.0508466593
3 0.0655089696 0.0066700701 0.0 0.0485314763 0.069139735 0.0443939211 0.0482236715 0.0617614988 0.0448756887 0.0693125787 0.0765654337 0.0404577231 0.0487612456 0.0382914048 0.0697293844 0.0221526576 0.0360381756 0.0802869176 0.0588697107 0.0704297372
4 0.0804247664 0.0219443579 0.0485314763 0.0 0.0593712611 0.0287732066 0.0091742418 0.035375824 0.0564181729 0.0368304905 0.0664932499 0.0402159548 0.0627563283 0.0641713518 0.0564824352 0.0878041075 0.0301788951 0.0752757111 0.0780793182 0.0616988506
5 0.0796096313 0.0590981527 0.069139735 0.0593712611 0.0 0.055932476 0.1081169696 0.0487837794 0.0329418784 0.0261153616 0.0295560992 0.030365321 0.0157085814 0.0571695981 0.0549684728 0.0486348521 0.060590395 0.0520250729 0.0582560805 0.0536162822
6 0.0721425427 0.0499265686 0.0443939211 0.0287732066 0.055932476 0.0 0.0652516772 0.0628950988 0.0397961935 0.0669033312 0.041841653 0.0402435587 0.0839770324 0.0740895312 0.0525527609 0.0075049505 0.0434405729 0.0554897734 0.0555964914 0.0592486599
7 0.0523179168 0.0720352916 0.0482236715 0.0091742418 0.1081169696 0.0652516772 0.0 0.0139744427 0.0897036925 0.0254380722 0.0219975836 0.0072986115 0.049574941 0.0945465959 0.057135 0.1070311236 0.0590142375 0.0311823482 0.0419771021 0.0460064806
8 0.0362622242 0.0845671677 0.0617614988 0.035375824 0.0487837794 0.0628950988 0.0139744427 0.0 0.0530561111 0.067248019 0.0843097399 0.0745804934 0.0751570747 0.006667863 0.0415384517 0.0442947947 0.0726164333 0.0271416302 0.0520006232 0.0577687303
9 0.0637576376 0.0403489093 0.0448756887 0.0564181729 0.0329418784 0.0397961935 0.0897036925 0.0530561111 0.0 0.0774551364 0.0508691525 0.0315056361 0.0491742866 0.0473563784 0.03418512 0.0573709155 0.0401325293 0.074460017 0.0698757903 0.0467167541
10 0.0859009377 0.0427622395 0.0693125787 0.0368304905 0.0261153616 0.0669033312 0.0254380722 0.067248019 0.0774551364 0.0 0.0684212513 0.041316852 0.0682505423 0.0481781728 0.0398148728 0.0509685107 0.0726651093 0.0274462444 0.0554243723 0.0295479054
11 0.0440417319 0.078014277 0.0765654337 0.0664932499 0.0295560992 0.041841653 0.0219975836 0.0843097399 0.0508691525 0.0684212513 0.0 0.0302937644 0.0841981888 0.0862793089 0.0608832248 0.0508159254 0.0563748049 0.0171287507 0.0211788644 0.0307369954
12 0.0122574173 0.0955663403 0.0404577231 0.0402159548 0.030365321 0.0402435587 0.0072986115 0.0745804934 0.0315056361 0.041316852 0.0302937644 0.0 0.0807716354 0.0609142699 0.0691150248 0.0836270024 0.061040059 0.098616457 0.0544899668 0.0473239118
13 0.0150145145 0.0216608626 0.0487612456 0.0627563283 0.0157085814 0.0839770324 0.049574941 0.0751570747 0.0491742866 0.0682505423 0.0841981888 0.0807716354 0.0 0.0404378685 0.0650431668 0.0471268329 0.0399247585 0.0284025982 0.0577435535 0.0663159883
14 0.0303646703 0.0302591309 0.0382914048 0.0641713518 0.0571695981 0.0740895312 0.0945465959 0.006667863 0.0473563784 0.0481781728 0.0862793089 0.0609142699 0.0404378685 0.0 0.0310887913 0.0627988236 0.0377774423 0.0681767971 0.0545162876 0.0669157138
15 0.0557194912 0.066427451 0.0697293844 0.0564824352 0.0549684728 0.0525527609 0.057135 0.0415384517 0.03418512 0.0398148728 0.0608832248 0.0691150248 0.0650431668 0.0310887913 0.0 0.0249696472 0.0589077451 0.0345207203 0.0652987622 0.0616194778
16 0.0266757962 0.0625919392 0.0221526576 0.0878041075 0.0486348521 0.0075049505 0.1070311236 0.0442947947 0.0573709155 0.0509685107 0.0508159254 0.0836270024 0.0471268329 0.0627988236 0.0249696472 0.0 0.0919947873 0.0411225119 0.0283203482 0.0541944736
17 0.064059195 0.0468185864 0.0360381756 0.0301788951 0.060590395 0.0434405729 0.0590142375 0.0726164333 0.0401325293 0.0726651093 0.0563748049 0.061040059 0.0399247585 0.0377774423 0.0589077451 0.0919947873 0.0 0.0528784441 0.0299349095 0.0456129201
18 0.0466969878 0.0489532718 0.0802869176 0.0752757111 0.0520250729 0.0554897734 0.0311823482 0.0271416302 0.074460017 0.0274462444 0.0171287507 0.098616457 0.0284025982 0.0681767971 0.0345207203 0.0411225119 0.0528784441 0.0 0.0655604927 0.0746352537
19 0.0619244828 0.0609338306 0.0588697107 0.0780793182 0.0582560805 0.0555964914 0.0419771021 0.0520006232 0.0698757903 0.0554243723 0.0211788644 0.0544899668 0.0577435535 0.0545162876 0.0652987622 0.0283203482 0.0299349095 0.0655604927 0.0 0.030019013
20 0.0467461929 0.0508466593 0.0704297372 0.0616988506 0.0536162822 0.0592486599 0.0460064806 0.0577687303 0.0467167541 0.0295479054 0.0307369954 0.0473239118 0.0663159883 0.0669157138 0.0616194778 0.0541944736 0.0456129201 0.0746352537 0.030019013 0.0
