128
1 0.008771353 0.0034164288 0.0108996269 0.0090359739 0.0124984473 0.0053082883 0.00866749 0.0091947045 0.004678418 0.005650992 0.0082115154 0.0059954002 0.0160896768 0.0056726614 0.011673802 0.0083326196 0.0110465031 0.0084137125 0.0035447199 0.0057618328 0.0086197047 0.0060932414 0.0103321506 0.0090618557 0.0080695354 0.004256361 0.0039321277 0.0061964807 0.0097272936 0.0093786501 0.010467376 0.0064657186 0.0082638221 0.0056848926 0.0082722937 0.0132434702 0.0081242279 0.0104355812 0.0093501691 0.0089740047 0.0095540902 0.0061367819 0.0055221715 0.0057731493 0.0105765363 0.0064125493 0.0067701347 0.0080641382 0.0082391602 0.0076321155 0.0075860923 0.0062624515 0.0067998515 0.0095132099 0.0055937487 0.0126213871 0.006338288 0.0109382671 0.0057025812 0.0057780108 0.0057966627 0.0087211205 0.0095473508 0.0052099907 0.0099230785 0.0094053792 0.0053380441 0.0070148905 0.0089243319 0.007237099 0.0104083927 0.0058106261 0.0084870963 0.0059721267 0.0068300862 0.0080864802 0.0037706648 0.0060713671 0.0108997879 0.006988366 0.0068676555 0.0100508027 0.0085179326 0.0069167254 0.00613959 0.0044378622 0.0072726529 0.0148169565 0.0079197497 0.0083391339 0.0096869044 0.0033900135 0.0053394231 0.0078780965 0.0103317938 0.0072696341 0.0075018176 0.014435598 0.008822337 0.0055407061 0.0112730772 0.0088220161 0.0093625012 0.0060714772 0.0089353258 0.0065639748 0.0069355609 0.004108268 0.007238696 0.0075200465 0.0076452247 0.0103703013 0.0084041204 0.0094467032 0.0062611484 0.003146252 0.0066253668 0.005266656 0.006710536 0.0057333535 0.0060008 0.0086384982 0.0096065924 0.0060791703 0.0069964233 0.0091938309 0.0066204372 0.0088774758 
2 0.0034164288 0.0120726813 0.0046241504 0.0059221732 0.005131998 0.0065988271 0.0070076582 0.0119466873 0.0059361719 0.0082729395 0.0076513493 0.0152552541 0.004958861 0.0112411573 0.0084511238 0.0042796112 0.0115656593 0.0093939081 0.0074476829 0.0078212088 0.0048205319 0.0098196813 0.0063429303 0.0068361142 0.0094999714 0.0033712294 0.0140263526 0.009602343 0.0042420657 0.0057675263 0.0066155523 0.006075277 0.0104583853 0.0070154629 0.0057026753 0.0035374706 0.0069747829 0.0063494312 0.0105992787 0.0026923217 0.0140673738 0.0093497344 0.0078886644 0.0081169821 0.0084380971 0.0019296707 0.0100968441 0.0114260139 0.0086411032 0.0066044305 0.0091518739 0.0105792544 0.0048670077 0.008223795 0.0110172397 0.0084987387 0.0050488283 0.0058333979 0.0059768545 0.0065332557 0.0068286433 0.0064269638 0.0061692602 0.0106990181 0.0133001089 0.0156412429 0.0043289233 0.0015712476 0.0071081448 0.0069726642 0.0057130008 0.0087530568 0.007278021 0.0112490757 0.014056848 0.0040796217 0.0110427925 0.0018504987 0.0149686315 0.003347832 0.0136659998 0.0053313848 0.0071563641 0.0064167424 0.0087936067 0.0091716395 0.005464712 0.0041307829 0.0097118748 0.0076365005 0.0071270456 0.0101390402 0.0097179474 0.007472082 0.0107368545 0.013033456 0.0064572939 0.0071413576 0.0095197097 0.0072035214 0.0102058699 0.0057093093 0.0033417577 0.0062893091 0.0059750218 0.0093137458 0.0107868112 0.004889085 0.0065328445 0.0079298354 0.0055918684 0.0092707844 0.0051529479 0.0069818338 0.0123144225 0.0107652211 0.0033528354 0.0095702365 0.012188948 0.0054062259 0.0042033874 0.0117809823 0.0065511193 0.0054650308 0.0060614 0.0077576499 0.0098246053 0.0077393241 
3 0.0108996269 0.0046241504 0.0042757846 0.0169043814 0.0068506743 0.0141470544 0.0105422303 0.0076094763 0.0095039134 0.0031958892 0.0095597246 0.0050756777 0.0068605589 0.0091730176 0.0147698579 0.0111920342 0.0035787496 0.0056252569 0.0090341346 0.0106995874 0.0076857247 0.0089472705 0.0065233598 0.0031188181 0.003027652 0.0081140115 0.0078010094 0.0068375523 0.0114647083 0.0073578846 0.0068774165 0.0065592607 0.0069889284 0.0061995116 0.0075168431 0.008253204 0.0049928255 0.0065665274 0.0145019289 0.0051057408 0.0049879796 0.0056065717 0.0064089452 0.0122806499 0.0076543172 0.0102617768 0.0054259783 0.008227885 0.0050382372 0.0070023161 0.0048711462 0.0113782904 0.0105152965 0.009102071 0.0054327952 0.0069222371 0.0134420799 0.0039446047 0.0090145464 0.0063261668 0.0141823696 0.0075016788 0.0117751821 0.0120849815 0.0041692457 0.003906788 0.0104172588 0.0127449293 0.0087972518 0.008831769 0.00908171 0.005285043 0.0091192087 0.0071277453 0.0073032382 0.0060294879 0.0084315701 0.0083938811 0.0138442993 0.004889143 0.0076792342 0.0060643476 0.0087013252 0.0052974362 0.0095849208 0.0076232529 0.0066617002 0.010962647 0.0101465194 0.0027554301 0.005707708 0.0075283356 0.003759874 0.0065820729 0.0051191406 0.0091922843 0.0061057791 0.0077507525 0.0081401856 0.0076934996 0.0115959414 0.011053315 0.0048648684 0.0047642444 0.0055499351 0.0047570154 0.0118392421 0.0126920089 0.0039422522 0.0032233566 0.0054351451 0.0082254069 0.007994231 0.0117027941 0.003837363 0.0083690482 0.0062647529 0.0084267695 0.0084706443 0.007121655 0.0094808189 0.0078947271 0.0058989145 0.0112650492 0.0063967505 0.006194305 0.0068310914 0.0065292769 
4 0.0090359739 0.0059221732 0.0169043814 0.0023466104 0.0083243552 0.0067472854 0.0052322631 0.0056739325 0.0104012171 0.0106715 0.0049730197 0.0088179664 0.0082055893 0.0033354441 0.014663366 0.0089200484 0.0086269365 0.0096756429 0.0086285329 0.00435714 0.0133719702 0.0052545368 0.0039258542 0.0092969016 0.0064597699 0.0059707093 0.0067589756 0.0079673234 0.0127462013 0.005845553 0.0057024234 0.0063814284 0.0045739594 0.0111239312 0.0101533601 0.0067312915 0.0059751279 0.0077906306 0.0092620365 0.0092356736 0.0067193351 0.0077855635 0.0111633792 0.0074097619 0.0042498879 0.0073924116 0.0073979845 0.0120294964 0.0068707203 0.0088679857 0.0053434132 0.0059303921 0.0179024555 0.0118693522 0.0077205573 0.0027129796 0.0071629785 0.0086986846 0.0055566183 0.0069358676 0.0053801215 0.0092501487 0.0041495582 0.0056396931 0.0009713864 0.0098829553 0.0091919926 0.0046289025 0.0076332243 0.0060480394 0.0050934515 0.0101893021 0.0055465243 0.0113707569 0.005656414 0.006630209 0.0027760551 0.0123758067 0.0067833523 0.0114582795 0.0097439625 0.0041898079 0.0056284594 0.0107573444 0.0045920348 0.0071467068 0.0070122831 0.0099656559 0.005801672 0.0104224937 0.0136818121 0.0099287385 0.0053062816 0.0133391608 0.0047623853 0.0079444586 0.0065862688 0.0027522982 0.01035991 0.007128413 0.012439461 0.0032152696 0.0078119948 0.0060869489 0.0044743052 0.012032557 0.0032951947 0.0030870412 0.0101046388 0.0071616568 0.0112438458 0.0086681982 0.0121148717 0.002325849 0.00740278 0.0076161493 0.0053185741 0.0099408659 0.0095807756 0.0086412894 0.0098703843 0.0142584857 0.0071888643 0.0086886054 0.0059966125 0.0082465658 0.0096742408 0.0100967924 
5 0.0124984473 0.005131998 0.0068506743 0.0083243552 0.0057772799 0.0071337204 0.0095500021 0.0085032847 0.0086337103 0.0067331719 0.0076854683 0.0096392794 0.0121562751 0.0104757533 0.0123107368 0.0090365659 0.0164725173 0.0066181098 0.0073920556 0.0085396996 0.0036389972 0.0078135258 0.0071598822 0.0052645232 0.0101076687 0.0086969989 0.0124923927 0.0063175692 0.0056803057 0.0089014847 0.0064442807 0.0063740516 0.0019405724 0.0085438898 0.0026442705 0.0049061542 0.0088505926 0.0055553541 0.0108202572 0.0060353285 0.0087441584 0.006803721 0.0040780983 0.003738692 0.0056309834 0.0131842616 0.0046356534 0.011807547 0.0071049205 0.0128038889 0.00891173 0.0101234705 0.012398763 0.0104386795 0.0086154163 0.0043408189 0.0086223029 0.0071850126 0.0047359351 0.0046721103 0.0088510043 0.0101085008 0.00519008 0.0084849943 0.007878764 0.0052185382 0.0072108738 0.0051396652 0.002095855 0.0071763908 0.0078155805 0.0063311017 0.0078969795 0.0094440567 0.0075750116 0.0105721817 0.0047659929 0.009320548 0.0050507618 0.0047166054 0.0050564572 0.0055020621 0.0080460823 0.0097996484 0.0065937186 0.0078974715 0.0078601788 0.0094742226 0.0057321048 0.0051021405 0.0110551239 0.006635926 0.0072609012 0.0058380254 0.0103224939 0.0114534671 0.0070363486 0.0064987548 0.0069915934 0.0070510155 0.0109637866 0.0065492843 0.0104641259 0.007974164 0.0121824004 0.0059665364 0.0056831225 0.0066837449 0.0049285937 0.0051782597 0.012940311 0.0041938499 0.0069374231 0.0104263214 0.0102781236 0.0036202117 0.0140707754 0.0059237984 0.010381121 0.0086644125 0.0115537997 0.00514006 0.0077155467 0.0136630145 0.0084145869 0.0054357002 0.006089291 0.0096990431 
6 0.0053082883 0.0065988271 0.0141470544 0.0067472854 0.0071337204 0.0026751329 0.0090686043 0.0099372404 0.009629327 0.0062392238 0.0063917202 0.0053984635 0.0094513111 0.0119968416 0.007287666 0.009482202 0.0084028174 0.0014779266 0.0094411111 0.0068919333 0.0065747561 0.0077425489 0.0076813507 0.0077363394 0.0062253259 0.0092201148 0.0098828211 0.0029871847 0.0073293991 0.0050022065 0.0049489804 0.0063629612 0.0074247625 0.0076383957 0.0159483881 0.0112403726 0.0059422931 0.0037973484 0.0079997673 0.0084125041 0.0038335787 0.0073275489 0.007277965 0.0069285399 0.005784502 0.0081362448 0.0081560992 0.0041839249 0.0053879362 0.0066688935 0.005899087 0.0055934672 0.0059190122 0.0066243129 0.0063626742 0.0069916108 0.0088156232 0.0108251202 0.0109719561 0.0071154232 0.0067424448 0.0054212273 0.0053189046 0.0049071068 0.0100490763 0.0181904487 0.0094059684 0.0108997429 0.0070891428 0.0080200733 0.0028465261 0.0082955984 0.008570666 0.0127891058 0.0084779511 0.0117018747 0.0110454572 0.0098737991 0.0118044018 0.0069892207 0.0107371123 0.0090316933 0.0071989778 0.010683194 0.0049155519 0.0059718238 0.0062649086 0.0090988085 0.0056225045 0.0070168787 0.0060206046 0.0088200026 0.0089081159 0.0091747572 0.0069995827 0.011122105 0.0077309471 0.0087423635 0.0130343238 0.0072641408 0.0066574862 0.0088560278 0.0042050571 0.0052430286 0.0026813859 0.0107383865 0.0082891094 0.0057580147 0.0115878214 0.0059210046 0.0115617786 0.009407525 0.0047332609 0.00587284 0.0110496845 0.0070440226 0.0061741369 0.0114450109 0.0101451122 0.0096880516 0.0038140568 0.0070652514 0.0087723011 0.0102257856 0.0076318062 0.0069338541 0.0059885784 0.0071044504 
7 0.00866749 0.0070076582 0.0105422303 0.0052322631 0.0095500021 0.0090686043 0.012652625 0.0157157015 0.0075424114 0.003817823 0.0068031945 0.0135795672 0.0116916688 0.0070229789 0.0059902211 0.0091671032 0.0097162496 0.0069323336 0.0096463513 0.0049480709 0.0106545326 0.0102476121 0.0082909271 0.0027454964 0.0040844471 0.012563202 0.011524348 0.0010318964 0.0098882926 0.0047736062 0.0119949231 0.0114795163 0.0149614456 0.0056914641 0.0084245413 0.0090063479 0.0066165823 0.0027479078 0.0045328183 0.0060600702 0.0065087884 0.0058083361 0.011913302 0.0104892897 0.0076436547 0.0080836205 0.0056785762 0.0095697153 0.0100860709 0.0042405047 0.0034697019 0.0063373469 0.0079659813 0.0060594568 0.0034533731 0.0013856481 0.0026293095 0.0099425642 0.0098801828 0.003966136 0.0044322229 0.0098100764 0.0092473238 0.004452383 0.0079007657 0.0104372903 0.0034297188 0.0118025592 0.0132548422 0.0088010803 0.0113508002 0.0050534567 0.0177715592 0.0086848964 0.0106288653 0.0043237743 0.0063551175 0.0057198815 0.0094104546 0.0062105181 0.0110007531 0.0077100686 0.0049522617 0.0088993621 0.009903027 0.004824089 0.0033307826 0.0089571294 0.0135053966 0.01044088 0.0070872144 0.0060914035 0.010474052 0.0081625428 0.0059634265 0.0038399995 0.0034947615 0.0053616083 0.0060594406 0.0052014085 0.0101075743 0.0094983612 0.0048481571 0.002270258 0.0039718978 0.0099027067 0.0073325273 0.0115847484 0.0063583674 0.0073824933 0.0149258893 0.0062531961 0.0050641573 0.0056483793 0.0078950443 0.0077942014 0.0117124412 0.0079701281 0.0056866732 0.0058869381 0.0046877576 0.0115317845 0.0108116249 0.0066465722 0.0055948535 0.0115594019 0.0082157255 0.0067948609 
8 0.0091947045 0.0119466873 0.0076094763 0.0056739325 0.0085032847 0.0099372404 0.0157157015 0.0031183452 0.0081738593 0.0078769169 0.0088071513 0.0041338439 0.0046244542 0.0103435321 0.0068391977 0.012288859 0.0097315535 0.0077231737 0.0106089072 0.0080800318 0.0054336749 0.0116935052 0.0025008453 0.0109151784 0.0067052276 0.005474847 0.0036617984 0.0091131634 0.0034897787 0.0101546774 0.0073201814 0.0094237622 0.0114539685 0.011597773 0.0036399821 0.0098774843 0.0092103486 0.0065448831 0.0095911004 0.0088455165 0.011475219 0.0089232513 0.0111163349 0.0097306281 0.0093002894 0.0099046098 0.0099795173 0.005615635 0.0082648839 0.0085234838 0.0062378153 0.0040720206 0.0059050261 0.0090633307 0.0053431692 0.0067892497 0.0081719135 0.0063163878 0.0121135701 0.0063562097 0.0040570396 0.00617493 0.0121179496 0.0111893279 0.0071720031 0.0081012401 0.0083106643 0.0103220594 0.0142431446 0.0038355625 0.0097177312 0.0082567271 0.0069376364 0.0055559702 0.0053403359 0.0116983225 0.0073955042 0.0077398456 0.0132155137 0.0084826071 0.0149526704 0.0048213493 0.0114104282 0.0024215513 0.0083311553 0.0066144615 0.0079476839 0.0062011209 0.0051028799 0.0068655567 0.0017252785 0.0047082203 0.0143233285 0.0038640534 0.0051541451 0.0035422526 0.0059626388 0.0073571958 0.0042074307 0.008299386 0.00671261 0.0057178659 0.003180891 0.0082795768 0.0138929471 0.0106387574 0.0040036843 0.0071710433 0.0064662414 0.0084763343 0.0060360267 0.0097684579 0.0047478921 0.0051753232 0.0027170478 0.0123818971 0.0052686029 0.0064833504 0.0065500398 0.0057725758 0.0103044874 0.0081176977 0.0067274957 0.0048428534 0.006819962 0.0101506731 0.0125979187 0.0065397499 
9 0.004678418 0.0059361719 0.0095039134 0.0104012171 0.0086337103 0.009629327 0.0075424114 0.0081738593 0.0057249441 0.0054806292 0.0113226945 0.0110434703 0.0121919076 0.0093822827 0.0067853085 0.0050981484 0.0051132336 0.0077653685 0.0045897366 0.0052925474 0.011182467 0.0182582064 0.0043224158 0.0085159026 0.0073491677 0.0096114341 0.0076359043 0.0086936996 0.0082267169 0.0102341367 0.0088931508 0.00612054 0.0021579698 0.0071842428 0.0053461733 0.0133497445 0.0091676949 0.0058550007 0.0076759299 0.0039936045 0.0057303134 0.0040793323 0.0084302834 0.0145873498 0.0050990653 0.0078505114 0.0075056108 0.0070862247 0.0061096536 0.0072322194 0.0046392089 0.010468496 0.004908023 0.0094369062 0.0054676338 0.0077870892 0.0068321451 0.0106595472 0.0018518548 0.00867083 0.0044451826 0.0063429884 0.0047075357 0.0069299043 0.0051116755 0.0115430183 0.0090388512 0.0045594879 0.011029657 0.0147921272 0.0082020299 0.0076736254 0.0091512517 0.0126751373 0.0099918908 0.006904884 0.0075890368 0.0081122301 0.0076678904 0.010696926 0.008023753 0.0117519945 0.0116069648 0.0079880165 0.0082359798 0.0052883318 0.0057586386 0.0123961335 0.0062442289 0.0042349276 0.0061994459 0.0054423046 0.0082044355 0.0064564429 0.0089482798 0.0057341641 0.006153116 0.0074718504 0.0051722301 0.0102244005 0.0086366137 0.0073077716 0.0118599033 0.0092647061 0.004980152 0.008753397 0.0070478917 0.008009694 0.0124011673 0.0062052 0.0089137689 0.0106561877 0.006834277 0.00892801 0.0112851062 0.0060361854 0.0053182517 0.0032401464 0.0042373487 0.0069405051 0.0076164345 0.0138091929 0.004756823 0.0063511643 0.0092000353 0.0068664955 0.0056118211 0.0077350797 
10 0.005650992 0.0082729395 0.0031958892 0.0106715 0.0067331719 0.0062392238 0.003817823 0.0078769169 0.0054806292 0.0042697719 0.0078971706 0.0084673047 0.0104933026 0.0062879597 0.0099056332 0.0071658592 0.0073454542 0.0068822037 0.0069374043 0.010148534 0.0090427851 0.0084653795 0.0044905921 0.004582509 0.0063217667 0.0081577641 0.0064746763 0.0073330572 0.0096188402 0.0124113588 0.0045031341 0.0077783027 0.0108980218 0.0097889283 0.0062498034 0.0046583906 0.0068662835 0.0087698003 0.0137207278 0.0140759389 0.0086766008 0.0150969178 0.0085084507 0.0124685363 0.0070033428 0.0090229751 0.0056769851 0.003796139 0.0092223714 0.0088174975 0.0086818162 0.0040200251 0.0026484494 0.0065595399 0.0048197336 0.0075262199 0.0075577084 0.0104401055 0.0083922289 0.0117149501 0.0107173429 0.0114711637 0.0098598202 0.0060828136 0.0040797736 0.0046490096 0.0136057187 0.007796507 0.0137340231 0.010044377 0.0112519055 0.0057012627 0.004683937 0.0121120578 0.0091576655 0.008507386 0.0063232208 0.0048081409 0.0047732238 0.0110946838 0.0102565659 0.0092281768 0.0054922175 0.0076657551 0.0041345365 0.0115315218 0.0076187493 0.0075573719 0.0084526042 0.0085884551 0.0042001966 0.0058665836 0.0100836179 0.0043272972 0.0057330734 0.004086997 0.0065700167 0.0065325542 0.0106887915 0.0114498642 0.0081295594 0.0130853744 0.0066091805 0.0061900778 0.0072302846 0.007779418 0.0054852462 0.0088976395 0.0060826459 0.0095629526 0.0056049813 0.0052242143 0.0063263085 0.0049096166 0.0060028123 0.0045128176 0.0084193989 0.0049697767 0.0037072548 0.0039127542 0.007515094 0.0063213852 0.0111944193 0.0106986861 0.0095531279 0.0076158883 0.0137572892 0.0115844785 
11 0.0082115154 0.0076513493 0.0095597246 0.0049730197 0.0076854683 0.0063917202 0.0068031945 0.0088071513 0.0113226945 0.0078971706 0.0168192682 0.0047372743 0.0049755968 0.0057640271 0.0073964821 0.0022808613 0.0136475533 0.0063103966 0.0084685582 0.0040001437 0.0042129783 0.0078837694 0.0033469026 0.0130192145 0.0087156373 0.0114048664 0.0058376568 0.0115248528 0.0099798133 0.0085934691 0.0102140929 0.0051046759 0.0071433811 0.0019226906 0.0115775811 0.0068648011 0.0021585236 0.0012628224 0.0070068401 0.0118282581 0.006839399 0.0091052079 0.0110298104 0.0103709945 0.0117998619 0.00732898 0.007284772 0.0073991172 0.0062526044 0.0074057851 0.0059359327 0.0056277691 0.0092096958 0.0104905379 0.0067138852 0.0063368485 0.005080025 0.0090033512 0.004800745 0.0093724633 0.0094334909 0.0100787779 0.0048315441 0.0056745583 0.005453386 0.0108430007 0.0096017006 0.0094725104 0.0085756867 0.0119216019 0.0050648304 0.0090003668 0.0046599595 0.0062127307 0.0097993813 0.0061513808 0.0056092623 0.0048497259 0.0106501635 0.0123847394 0.0095225135 0.0085220513 0.0141148343 0.0061966395 0.0061831989 0.0051868758 0.0042076884 0.0049245528 0.0070977725 0.006980947 0.0093855991 0.0075730624 0.0067750907 0.0084199492 0.0191092015 0.0053653052 0.0065928633 0.0111339602 0.0067432921 0.0106989828 0.0099273844 0.009791688 0.004664705 0.0084550649 0.0116978479 0.0087389262 0.0072703207 0.0076438837 0.0089804735 0.0081843225 0.0090469809 0.003918899 0.0007752138 0.0130290637 0.0069477434 0.0078844011 0.0104285368 0.0116402927 0.0084164701 0.0058729071 0.0072687919 0.0070697559 0.007443199 0.0061351379 0.003628754 0.0092627891 0.0033923654 0.0067871189 
12 0.0059954002 0.0152552541 0.0050756777 0.0088179664 0.0096392794 0.0053984635 0.0135795672 0.0041338439 0.0110434703 0.0084673047 0.0047372743 0.0042598544 0.0085440416 0.0027132777 0.0045736524 0.0061969288 0.0040406195 0.0134566935 0.0068178618 0.0057065477 0.0056053422 0.0063331809 0.0093774097 0.0085132275 0.0095282004 0.0072902406 0.0029105275 0.0047621486 0.0028715156 0.010711988 0.006744945 0.0133904978 0.0058724323 0.0098402131 0.004243099 0.0109242729 0.0032669371 0.0043760665 0.0065997065 0.0017493659 0.0049593512 0.0078446809 0.0077451639 0.0074708033 0.0067090738 0.0063386619 0.0076832565 0.0054283868 0.0041552409 0.005802131 0.0095231225 0.0071267465 0.0093803596 0.009381795 0.0075569277 0.012035745 0.009091952 0.0083074392 0.0083480268 0.0025746838 0.0061096009 0.0045301849 0.0099194075 0.0094236303 0.0074746752 0.0061450012 0.0077754718 0.0090437682 0.0131605318 0.0085452824 0.0088333381 0.010444191 0.0082013712 0.003568115 0.0074940246 0.0039532611 0.0090185606 0.0037618684 0.0081116895 0.0107800287 0.0093599015 0.0061147388 0.0110041727 0.015055117 0.0048671495 0.01092364 0.0043072071 0.010512066 0.0118774452 0.0080706398 0.0104942236 0.0090541897 0.0122567614 0.0055222637 0.0100522888 0.0087356608 0.0070459258 0.0064461547 0.0131894912 0.0062218904 0.0071820476 0.0064197203 0.0128232867 0.0075520112 0.004922772 0.0107562869 0.0084285349 0.0156505013 0.0081239647 0.0110155263 0.0074798698 0.005692034 0.0095795299 0.0106855148 0.0119527089 0.0085224523 0.00385431 0.0049311725 0.0037081584 0.0078206291 0.0038470447 0.0059535356 0.0079679666 0.0130661993 0.0086181517 0.0100919846 0.0081069144 0.0070143971 
13 0.0160896768 0.004958861 0.0068605589 0.0082055893 0.0121562751 0.0094513111 0.0116916688 0.0046244542 0.0121919076 0.0104933026 0.0049755968 0.0085440416 0.0074785706 0.0047663138 0.0053878873 0.0114032812 0.0051258806 0.0052165916 0.010568746 0.0045421403 0.0104716098 0.0088662172 0.0073118545 0.0024557588 0.0071204716 0.0031959239 0.0033509924 0.0083920171 0.0118803975 0.0097599888 0.0051066653 0.0092083896 0.0075679014 0.0062871838 0.0076965337 0.0120145862 0.006296613 0.0137829161 0.0104867468 0.0017331753 0.0094313929 0.0083917418 0.0097269198 0.0067274792 0.0075434735 0.0103058171 0.0178236468 0.0035371803 0.0022541257 0.0102807547 0.0095247936 0.0120546505 0.0070224998 0.0039792941 0.019311231 0.0069182316 0.0036417126 0.0053155065 0.0112044736 0.0075031604 0.0056204089 0.0118945237 0.0069007749 0.0111745675 0.0070395172 0.004272448 0.0106708425 0.0099089546 0.0047842548 0.004247042 0.0037589032 0.012055088 0.0041686696 0.0039536738 0.0049788189 0.0111952237 0.0079841647 0.0046130607 0.0075725035 0.0043314594 0.0083312274 0.0027563937 0.0106873505 0.0024964959 0.006399661 0.0105112526 0.0064493138 0.002645619 0.0081044416 0.010032652 0.0080728058 0.0155318368 0.0083175324 0.0039058232 0.0080461918 0.0027025978 0.0095761941 0.0052636271 0.007853728 0.0123957706 0.0135710962 0.0048573387 0.0081257971 0.0071477085 0.0076463218 0.008420552 0.0060569222 0.005094385 0.0047837667 0.0055380205 0.0092940921 0.0041438242 0.0080975162 0.011965324 0.0131104581 0.0082212424 0.0069095284 0.0103836506 0.0101120845 0.008447892 0.0046380191 0.0083664792 0.0062322157 0.0086411314 0.0073026993 0.0082910497 0.0074311822 0.005747604 
14 0.0056726614 0.0112411573 0.0091730176 0.0033354441 0.0104757533 0.0119968416 0.0070229789 0.0103435321 0.0093822827 0.0062879597 0.0057640271 0.0027132777 0.0047663138 0.0042153756 0.0063995277 0.0118274908 0.0104983892 0.006449935 0.0073817213 0.0079871001 0.0139749362 0.0111186339 0.0075939782 0.0119874403 0.0114121211 0.0100739675 0.011143641 0.0095704294 0.0050375513 0.0077504531 0.0066832925 0.0075639768 0.0092489883 0.0068375885 0.0072374925 0.0107234386 0.0130763512 0.0074973804 0.005449268 0.0062593694 0.0086831643 0.0071787729 0.0071285652 0.0106125175 0.0050383648 0.0049783308 0.0100032893 0.0091455558 0.0085959284 0.0067432687 0.0061874852 0.0041379832 0.0053314835 0.0054445015 0.0058766746 0.0089849245 0.0084263801 0.0087869506 0.0073796002 0.0142092912 0.0072415795 0.0102496783 0.0091330579 0.0049077269 0.0129878371 0.0098444421 0.0112112727 0.0077105558 0.0065221112 0.0058095921 0.0052212234 0.0065320561 0.0092916612 0.0139213377 0.0081471282 0.0042346496 0.0090929831 0.0099596438 0.00670045 0.0049845436 0.0030707416 0.0060610907 0.0073209512 0.0077164332 0.0051718204 0.0126826158 0.0101865159 0.0066451825 0.0050313206 0.0073601293 0.0089985851 0.0066629862 0.0075161954 0.0062800103 0.0053678964 0.0068528861 0.0065597087 0.0045223742 0.0063032909 0.0087298691 0.0033355786 0.0070330215 0.0087185883 0.0088267145 0.0087258934 0.0056077325 0.0025881384 0.0089435281 0.005950085 0.0044993962 0.0065484187 0.009368012 0.0075387181 0.0066839748 0.0104665366 0.0094020271 0.0046055103 0.0047265795 0.0032379682 0.006800467 0.0063076172 0.0153268064 0.0071627612 0.0044697084 0.0065620396 0.0181472248 0.0095883245 0.0100363778 
15 0.011673802 0.0084511238 0.0147698579 0.014663366 0.0123107368 0.007287666 0.0059902211 0.0068391977 0.0067853085 0.0099056332 0.0073964821 0.0045736524 0.0053878873 0.0063995277 0.0118056255 0.0071689804 0.0083871233 0.0036091618 0.0037301763 0.00811393 0.00757587 0.0078683997 0.0030103362 0.0085577332 0.0121636837 0.0078477648 0.0075339042 0.0137770853 0.0107690292 0.009194043 0.0059146068 0.0056723562 0.0094642057 0.0032349524 0.0084083065 0.0078009293 0.0034488297 0.0088591029 0.0046014753 0.0062701478 0.0078005642 0.0158231271 0.0070828522 0.0111624551 0.0106412175 0.0062423227 0.0066991876 0.0088706555 0.0084046201 0.0105020964 0.0101972213 0.0159043912 0.0122897861 0.004098148 0.0032382392 0.0051839147 0.0073350993 0.0125203134 0.0102553677 0.0101602617 0.006130087 0.0046634515 0.0082863203 0.0045947558 0.0075053012 0.0075501912 0.0045619256 0.0105458625 0.0069192224 0.00984325 0.0069249859 0.0087636198 0.0071390481 0.0038585793 0.0107478834 0.0093979497 0.0054510837 0.0028037475 0.0051819439 0.0120691075 0.0121006231 0.0063306431 0.0059294104 0.0104226311 0.0035840643 0.0103436277 0.0077126911 0.0093813292 0.0028297398 0.0082985854 0.0100574967 0.0042369424 0.0128207203 0.0070862942 0.0086287083 0.0049522413 0.0107631638 0.00350575 0.0097832565 0.0082442236 0.0068551737 0.003873326 0.0081257095 0.0079053669 0.0033616068 0.0071488849 0.0064841962 0.0092545251 0.008233207 0.0031226556 0.0071421836 0.0118934971 0.002947338 0.0085978143 0.0060351125 0.0082765954 0.0060496979 0.007901623 0.0102262699 0.0063013934 0.0058581701 0.0049687028 0.0092294997 0.010419243 0.0055575004 0.0090023411 0.0061600445 0.0074838006 
16 0.0083326196 0.0042796112 0.0111920342 0.0089200484 0.0090365659 0.009482202 0.0091671032 0.012288859 0.0050981484 0.0071658592 0.0022808613 0.0061969288 0.0114032812 0.0118274908 0.0071689804 0.009876394 0.0043646045 0.0052546174 0.0109022185 0.0127781305 0.0042750089 0.00843425 0.006600445 0.0071749843 0.0057822821 0.0095185202 0.0045395653 0.0054382711 0.009316168 0.0071963074 0.0074570915 0.011024503 0.0079706328 0.0048868038 0.0047747747 0.0052402571 0.0103979582 0.0102362888 0.0027364465 0.0093518641 0.0045525348 0.0092700713 0.0093414064 0.0062614145 0.0066776324 0.0057478208 0.0057616215 0.0088160747 0.0082787483 0.0111309808 0.0061067858 0.0070733091 0.0091106304 0.0044873541 0.007059808 0.0075413374 0.0108907105 0.0061423119 0.0130164046 0.0071100694 0.0027373964 0.0059381838 0.0060761872 0.0118754662 0.0094690124 0.0051912196 0.0072882769 0.0069389074 0.0089336349 0.0114488282 0.0035688326 0.0092004256 0.0111600054 0.0098712896 0.0068288342 0.0028881305 0.0063311547 0.0067173853 0.0058427719 0.0127147312 0.0042073444 0.0109071428 0.0049240314 0.0082972085 0.0087767028 0.0038307382 0.0057536718 0.0083965738 0.0034027116 0.0076280329 0.0043845471 0.0089477441 0.0125443371 0.0070378094 0.006168136 0.0065498407 0.0089910131 0.0110303599 0.0030426097 0.0146439143 0.0111682491 0.0112772943 0.0046894698 0.0150079803 0.0096272054 0.0101624369 0.0079754422 0.0064630391 0.0028282587 0.0056314514 0.0035651047 0.0085366737 0.0093255417 0.0070806386 0.0112169139 0.0061366735 0.0068552718 0.0109377632 0.0090219499 0.014358842 0.0077808371 0.0146556225 0.0056148872 0.0044999452 0.009465823 0.011514003 0.0041115286 0.0062600017 
17 0.0110465031 0.0115656593 0.0035787496 0.0086269365 0.0164725173 0.0084028174 0.0097162496 0.0097315535 0.0051132336 0.0073454542 0.0136475533 0.0040406195 0.0051258806 0.0104983892 0.0083871233 0.0043646045 0.0 0.0088313024 0.0043515424 0.0086203 0.0025243583 0.0077503254 0.0079768555 0.0066550948 0.0139202969 0.0070562537 0.0059833694 0.0041894672 0.0084799831 0.0086530983 0.0119869656 0.0123186608 0.0086772367 0.0049298514 0.0086139633 0.0088025465 0.0048311322 0.006199242 0.0101537323 0.0092939185 0.0056635449 0.0065489302 0.0102018161 0.0068768425 0.0046104439 0.0031861765 0.0072495326 0.0128001141 0.0100551184 0.0090921753 0.0067555318 0.0105095987 0.0059753452 0.0106325597 0.0073474435 0.0100196219 0.0066984786 0.01111408 0.0062365619 0.0038464697 0.0057075871 0.0058762338 0.0057243942 0.0042177049 0.0099094743 0.0072137505 0.0036648901 0.0079930951 0.0128005998 0.0074206374 0.0061934691 0.0057091567 0.0128386966 0.0072673414 0.0063180774 0.0112612301 0.0061607814 0.0056368743 0.0065394557 0.0073282352 0.0038571692 0.0127681913 0.0043150314 0.006267873 0.0147169258 0.0046589455 0.0083857011 0.0097716835 0.0034361383 0.0066909995 0.0064749073 0.0103926656 0.0053982755 0.006363471 0.0039265202 0.0061051072 0.011161071 0.0081896942 0.0092834617 0.0054801142 0.0041188748 0.0093790979 0.0064043936 0.0061704511 0.0154902246 0.0069612986 0.0064791781 0.0050448845 0.0072626735 0.0049956134 0.0110582187 0.0091431876 0.0126039971 0.0128803729 0.0110643702 0.0080014218 0.0083458601 0.0109208614 0.0104242355 0.0070061014 0.0098149761 0.0063861603 0.0034057391 0.0091371774 0.0088875441 0.0060162844 0.0063527314 0.0089347125 
18 0.0084137125 0.0093939081 0.0056252569 0.0096756429 0.0066181098 0.0014779266 0.0069323336 0.0077231737 0.0077653685 0.0068822037 0.0063103966 0.0134566935 0.0052165916 0.006449935 0.0036091618 0.0052546174 0.0088313024 0.0070334332 0.0100759872 0.0056045883 0.0076534416 0.0081906044 0.0124427388 0.0026881355 0.0109329751 0.0120170713 0.0051334181 0.0104797308 0.0098803396 0.0130361355 0.0139105288 0.0048487126 0.006922934 0.0065347065 0.0074615798 0.0056677043 0.0047555622 0.007715782 0.0081910318 0.0045492142 0.0089768035 0.0093874683 0.0085644221 0.0054386784 0.0105463697 0.0063776356 0.0074921855 0.0075154433 0.0097204626 0.0053727162 0.0048283104 0.0052359684 0.007642139 0.0052926415 0.0081607967 0.0080401083 0.0093571477 0.0097684707 0.0112627879 0.0034203815 0.0098571866 0.007081278 0.0073579034 0.0095138561 0.0130982041 0.0058236839 0.0131914216 0.0058258472 0.0051960684 0.0092577225 0.0110080436 0.0056205124 0.0036675552 0.0071099433 0.0075291506 0.0069184369 0.0038106758 0.0115789138 0.0087164636 0.0086639666 0.0095528964 0.0071534116 0.012430372 0.0042861832 0.0125185601 0.0100088322 0.0128010125 0.0092093594 0.0106729451 0.0096220439 0.0039852862 0.0043847366 0.0151770686 0.0092782405 0.0057971829 0.0090225254 0.0107131902 0.0045503314 0.006592684 0.003625013 0.0090819427 0.0089394628 0.0083364492 0.0059273406 0.0051129734 0.0108907918 0.0064311386 0.0067624011 0.005053484 0.0090529372 0.0064772266 0.0103237398 0.0072175707 0.0041040732 0.0045487034 0.0090316152 0.0096285868 0.0064664943 0.0021685809 0.0076993393 0.0067943854 0.0094516239 0.0041152839 0.0062908338 0.0118449972 0.0115041398 0.0065742989 0.0101972498 
19 0.0035447199 0.0074476829 0.0090341346 0.0086285329 0.0073920556 0.0094411111 0.0096463513 0.0106089072 0.0045897366 0.0069374043 0.0084685582 0.0068178618 0.010568746 0.0073817213 0.0037301763 0.0109022185 0.0043515424 0.0100759872 0.003638177 0.0070014775 0.009567132 0.0062827414 0.0116621657 0.0108210645 0.0120289939 0.0081908117 0.0088193197 0.0062461559 0.0057861887 0.0093659332 0.0074504335 0.0027752438 0.0052326661 0.0105261361 0.0065346279 0.0112254463 0.0066452453 0.012384267 0.0104797521 0.0058496277 0.007120381 0.0110682941 0.0101226913 0.0064823279 0.0085840695 0.009147876 0.0055299655 0.0041498657 0.0069567558 0.0069618826 0.0073270891 0.007260152 0.0110577523 0.0096125538 0.0069042903 0.0091554449 0.0067794507 0.0081526579 0.0090411348 0.0099505995 0.0080282522 0.0084558907 0.0077332229 0.0048238276 0.007451152 0.0097103077 0.0064215143 0.0059615698 0.0120011528 0.0027186806 0.0042639397 0.0091438921 0.0107696137 0.0067485176 0.0082163743 0.0043732189 0.015678973 0.0089067161 0.0048578423 0.0070155949 0.0070307032 0.0116731993 0.0038961786 0.003069315 0.012630493 0.0063869702 0.0083425226 0.0083500318 0.0056228794 0.007306639 0.0074154033 0.00399259 0.0059880078 0.0129711466 0.0098666762 0.0081900221 0.0069683082 0.0102370772 0.0069287282 0.0098681458 0.0069305077 0.0044850333 0.0096606799 0.0051500947 0.0062394254 0.0148292409 0.0064392614 0.0034489311 0.0059267585 0.0127033152 0.0066308319 0.0105549311 0.0081637378 0.0067057742 0.0153079289 0.0078650485 0.0054329627 0.0069867767 0.0108339034 0.0039412163 0.0032411312 0.003538493 0.0101002968 0.0081576775 0.0074396656 0.0075438895 0.0074906773 0.0047902287 
20 0.0057618328 0.0078212088 0.0106995874 0.00435714 0.0085396996 0.0068919333 0.0049480709 0.0080800318 0.0052925474 0.010148534 0.0040001437 0.0057065477 0.0045421403 0.0079871001 0.00811393 0.0127781305 0.0086203 0.0056045883 0.0070014775 0.0159791522 0.0101462959 0.0054619664 0.0106093123 0.0078670708 0.0048744609 0.0059030303 0.0050439719 0.008939809 0.0089777949 0.0045301037 0.0090892671 0.0058297294 0.0059138296 0.0064325781 0.0074767922 0.0041813511 0.0116417382 0.0106306553 0.0067425884 0.0097359258 0.0053170568 0.0105514849 0.0054106236 0.0059220428 0.0071333798 0.0084004219 0.0099155883 0.007470399 0.0062929821 0.0053125617 0.0064911792 0.012959176 0.0094576014 0.005847837 0.0068479365 0.0085077441 0.0060895634 0.0054385056 0.0071064557 0.0014952001 0.0102455084 0.0072228537 0.0078391167 0.0100666979 0.0078855469 0.0058832833 0.009268443 0.0084855242 0.005657544 0.0050588487 0.0060039461 0.0101333674 0.0041629541 0.0120177244 0.0089248191 0.0086992749 0.0065904302 0.0066987983 0.0108819062 0.0042507249 0.0060149711 0.0095405345 0.0105000629 0.009159179 0.0069193203 0.0143013462 0.009641095 0.0073192851 0.0064847649 0.0057211031 0.0099530116 0.007235243 0.0054579058 0.0095567145 0.0121969703 0.0067798384 0.0082729093 0.0121607504 0.0060895416 0.0085876575 0.0068620932 0.0106119545 0.0058544349 0.0046991244 0.0065634432 0.0094693179 0.0066650985 0.0111580616 0.0108223226 0.0098947031 0.0088828765 0.006347819 0.0084749 0.0057632079 0.0065531948 0.0086863946 0.0102191487 0.0068893343 0.0080675042 0.0049778536 0.0133250891 0.0109787756 0.0093576097 0.0081236716 0.0096569204 0.0077919951 0.0064295659 0.0041339609 
21 0.0086197047 0.0048205319 0.0076857247 0.0133719702 0.0036389972 0.0065747561 0.0106545326 0.0054336749 0.011182467 0.0090427851 0.0042129783 0.0056053422 0.0104716098 0.0139749362 0.00757587 0.0042750089 0.0025243583 0.0076534416 0.009567132 0.0101462959 0.0071324001 0.0039420014 0.0103405932 0.006205695 0.0082732466 0.0051292414 0.0065193211 0.0139591662 0.0101235769 0.0025876419 0.0047702916 0.0083266714 0.0106444258 0.0034608531 0.008803428 0.0027557346 0.0095296188 0.0075429292 0.0078364479 0.0074561818 0.0081120852 0.0090196298 0.0146623744 0.0062217127 0.0083185435 0.0045329368 0.0124568875 0.0080893045 0.0097781091 0.0085902187 0.0103332571 0.0049647052 0.0142505206 0.0057884165 0.0059621588 0.0056086851 0.0094709182 0.0093964722 0.0044238713 0.0052223807 0.0149433293 0.0048000079 0.0086031587 0.0126760013 0.0109079229 0.0057285632 0.0082476978 0.0026086609 0.0050712642 0.0109922793 0.0073357924 0.0052937119 0.0072841366 0.0076986868 0.0050287029 0.0114624133 0.0087700322 0.0118143714 0.0065320584 0.0093288794 0.0051682771 0.0093066586 0.0061392332 0.0057879829 0.0070875579 0.007456697 0.010283869 0.0075401397 0.0049057072 0.0093829185 0.0048010134 0.0042206828 0.0068655574 0.0060115632 0.0167306413 0.0066962008 0.0062116957 0.0046057694 0.0117381116 0.0055792847 0.0065687881 0.0045882901 0.0145700566 0.0091532571 0.0116193773 0.0094032058 0.0069373905 0.0054421471 0.0052925244 0.0069111627 0.0102732769 0.0062655183 0.0038148862 0.0065249158 0.0110381144 0.0026231048 0.0057800502 0.0045255641 0.0079619998 0.012496952 0.0088730057 0.0079615379 0.0070659161 0.0047470958 0.0186987183 0.0049492992 0.0066586282 0.010033213 
22 0.0060932414 0.0098196813 0.0089472705 0.0052545368 0.0078135258 0.0077425489 0.0102476121 0.0116935052 0.0182582064 0.0084653795 0.0078837694 0.0063331809 0.0088662172 0.0111186339 0.0078683997 0.00843425 0.0077503254 0.0081906044 0.0062827414 0.0054619664 0.0039420014 0.0108599379 0.0062243965 0.0090414487 0.0086130696 0.0034918837 0.0075671137 0.0132000849 0.0085456558 0.0067072147 0.0080230374 0.0094688855 0.0071858912 0.0105640638 0.0114651542 0.0093631102 0.0060064779 0.0052937091 0.0035060851 0.0052067279 0.0087114406 0.004007965 0.0073802673 0.0025444572 0.0073667827 0.0081801782 0.005594321 0.0029490973 0.0081857957 0.0093024612 0.0051591763 0.0046186972 0.0033289448 0.010833851 0.0069014006 0.0085656247 0.003452328 0.0097033605 0.008329442 0.0136825127 0.0084877096 0.0110735486 0.0055129866 0.0073437473 0.0137563343 0.0121330271 0.0064140981 0.0072952439 0.0068700529 0.0058124944 0.0088813501 0.0055856921 0.0086691618 0.0100140401 0.0092623224 0.0097090508 0.0092856433 0.006252907 0.0051575153 0.0014091859 0.0066573833 0.0088085913 0.0053941177 0.0064067023 0.0045591713 0.0054635845 0.0077204978 0.0097549441 0.0056082188 0.007537412 0.0057031065 0.0073578234 0.0070279984 0.0091834155 0.0093016053 0.0056521462 0.0093244305 0.00296065 0.0059775616 0.0096706666 0.0103984298 0.0077756254 0.0169215796 0.0112613235 0.0087811311 0.0063858965 0.0112795156 0.0056364304 0.0054920734 0.005065523 0.0027946386 0.0069878479 0.0076311252 0.0144083372 0.0051004558 0.0046784755 0.0109717403 0.0040411416 0.009955302 0.009343333 0.0110069779 0.0041091461 0.0072963289 0.010253939 0.0112090419 0.0083986336 0.0081631148 0.0100571035 
23 0.0103321506 0.0063429303 0.0065233598 0.0039258542 0.0071598822 0.0076813507 0.0082909271 0.0025008453 0.0043224158 0.0044905921 0.0033469026 0.0093774097 0.0073118545 0.0075939782 0.0030103362 0.006600445 0.0079768555 0.0124427388 0.0116621657 0.0106093123 0.0103405932 0.0062243965 0.0087952419 0.0085236533 0.0090465187 0.0079100466 0.0081967687 0.0113562348 0.0111791658 0.0064958203 0.0047348715 0.0049990553 0.0096616322 0.0047136 0.0081167363 0.0074634279 0.0080984343 0.0085562797 0.0026849123 0.0120619481 0.0054696095 0.0052722221 0.0039809643 0.0060474511 0.0059310707 0.0107622412 0.0069694723 0.0027996665 0.0098244847 0.0072457157 0.0068120798 0.0158285131 0.0048530008 0.0132717499 0.00570814 0.0102339571 0.0078552693 0.0037886243 0.0079592332 0.0114387619 0.0045281623 0.007258047 0.009422826 0.0093976609 0.0065492344 0.0108572396 0.0142569874 0.0117911557 0.0051513536 0.0061372987 0.0056090667 0.0053361224 0.0090359805 0.0058890759 0.0079355124 0.0063141873 0.0042460765 0.0105009218 0.0029138459 0.0074078487 0.0093364301 0.0062599528 0.0079542468 0.0008442518 0.0064788825 0.005248688 0.0067102015 0.0148121247 0.0099824312 0.0031386726 0.0118230855 0.0096512197 0.0092930043 0.0105535052 0.0060075738 0.0112284336 0.0084189702 0.0017602068 0.001515967 0.0104864581 0.0051393725 0.0088881472 0.006582114 0.0106107565 0.0113712682 0.0087845801 0.0101026357 0.0108060343 0.0069182723 0.0091357277 0.0069182675 0.0089717311 0.0098847071 0.0081821649 0.0134118108 0.0088224102 0.0116092619 0.0125965857 0.0058402196 0.0115611575 0.0081522451 0.0099933436 0.0082120873 0.0065658963 0.0036248987 0.0079985171 0.0060263989 0.0085326069 
24 0.0090618557 0.0068361142 0.0031188181 0.0092969016 0.0052645232 0.0077363394 0.0027454964 0.0109151784 0.0085159026 0.004582509 0.0130192145 0.0085132275 0.0024557588 0.0119874403 0.0085577332 0.0071749843 0.0066550948 0.0026881355 0.0108210645 0.0078670708 0.006205695 0.0090414487 0.0085236533 0.0056065448 0.0138390418 0.0093760082 0.0066814254 0.0037094342 0.0078983356 0.0045428501 0.0085821687 0.0045392249 0.011620967 0.0077938918 0.0078282767 0.0087432928 0.0068184485 0.0087504864 0.0093359225 0.0062525245 0.0078468047 0.0119110028 0.0112177042 0.0056226611 0.0084069045 0.0100807122 0.0058512586 0.0064886612 0.0101699037 0.0110032532 0.0083378822 0.0029502143 0.009192173 0.006327256 0.0081304601 0.0064343653 0.0080214228 0.0106084651 0.0081996609 0.0084526277 0.006217065 0.0066738125 0.0043647518 0.0086735897 0.0099641793 0.0088658532 0.0061919909 0.0075313863 0.006575469 0.0057800122 0.0036861686 0.0081804031 0.0086929304 0.0108130393 0.01767842 0.0040197755 0.0036927638 0.0055042134 0.0073998903 0.0063965475 0.0103024373 0.0104070581 0.0094116725 0.0069833672 0.0108157067 0.0106877052 0.0145493233 0.0071547893 0.0108980718 0.0070139306 0.0088529131 0.0050447818 0.0086175556 0.0126502346 0.0128767445 0.0085101467 0.0052855562 0.008772319 0.0108699299 0.0092780995 0.0089987079 0.0090812616 0.0059952532 0.0084122979 0.0084363165 0.0052089337 0.0071336576 0.0029860802 0.0041541643 0.0059344482 0.0041084855 0.0068557762 0.004656184 0.0088889425 0.0092666682 0.0062884366 0.0061158598 0.0095645689 0.0063585279 0.0059991466 0.0066909397 0.00877201 0.0117434188 0.0071063484 0.0084857847 0.009042351 0.0043787135 0.0046957151 
