128
1 0.0022409534 0.009409371 0.0067049689 0.0132635034 0.0056317269 0.0056852805 0.0087089341 0.011313646 0.007094022 0.0063001191 0.011251576 0.0119016153 0.0129186005 0.0081991051 0.0086278964 0.004026878 0.0072249344 0.0074993528 0.0105711343 0.0084168688 0.0045448622 0.0096241065 0.0111598398 0.007488775 0.0110725239 0.0056425604 0.0058367722 0.0105542621 0.0110894733 0.0060338089 0.0052207269 0.0061752044 0.0093599988 0.0095950338 0.0124866099 0.0077517896 0.0051265407 0.0097879239 0.0081905827 0.0109426571 0.0066239963 0.0060821873 0.0073230212 0.0085045419 0.0078973533 0.0137022301 0.0055675028 0.0063349922 0.0074681076 0.0085537295 0.0093214076 0.0047208548 0.0072476308 0.008886336 0.0094319185 0.003865204 0.00781083 0.0065383492 0.0059985197 0.0108706004 0.0061693371 0.0049607498 0.0046075681 0.0042445066 0.0077984905 0.0057700209 0.0086934169 0.0089334924 0.0113603899 0.0084843831 0.0075266581 0.0110428926 0.0038690916 0.0064946724 0.0104978751 0.0076837721 0.0030734911 0.004536551 0.0052985584 0.0102977077 0.0071801547 0.0086787422 0.0106686055 0.0090985064 0.0053435578 0.0081808766 0.0055419822 0.0067043187 0.0049115032 0.0097634259 0.0083464444 0.0035498677 0.0060181122 0.013643412 0.0058320296 0.0070468635 0.0116550176 0.0073367734 0.0065475238 0.0073594423 0.0102289626 0.0042754323 0.0089119319 0.0057126319 0.0043635131 0.0105140511 0.0036286032 0.0054761877 0.0108280874 0.0128061478 0.0104923372 0.0090671264 0.0104208163 0.0075279174 0.0071420634 0.0076524906 0.0082688397 0.0098728246 0.0069311344 0.0124604424 0.006293534 0.0069949406 0.008653734 0.0069043285 0.0050029225 0.0065245628 0.0040658752 0.0068039231 
2 0.009409371 0.0065797425 0.0039168969 0.0046313644 0.0084709418 0.0049454473 0.0095925984 0.0102252318 0.0092333669 0.0070212869 0.0113787223 0.0096472527 0.0080861431 0.0097432187 0.0055193 0.0074676008 0.0078984322 0.006368289 0.0077542528 0.009700484 0.0027107825 0.0045755817 0.0134512046 0.0112654856 0.0068913757 0.0111287125 0.0083920015 0.0113579487 0.008343386 0.0078801554 0.0096304664 0.0060017436 0.0080734699 0.0117809053 0.0035693777 0.0097185005 0.0068040492 0.0095699376 0.0069912026 0.005603129 0.0060025174 0.0060927621 0.0076517033 0.0046673226 0.0085679093 0.0086864662 0.0094440037 0.0102117129 0.0067265548 0.0056535329 0.0076963845 0.0102114529 0.0098320077 0.0060342433 0.0023119521 0.0108126448 0.0123309774 0.0052822946 0.0104915722 0.0053570071 0.0053883611 0.008005254 0.0067192121 0.005725547 0.0091628235 0.0082531532 0.0069961943 0.0054205895 0.0071569445 0.0083207473 0.0088097327 0.0105563517 0.0064763223 0.0071979878 0.0039496503 0.0038743091 0.0082598855 0.0108611213 0.0082336217 0.0076834361 0.0109656525 0.0048955326 0.0055104718 0.0078279045 0.0055057396 0.0086549684 0.0070901105 0.0075044117 0.0062506208 0.0071144709 0.0114268011 0.0076123654 0.0058320646 0.0097105576 0.0062704746 0.0048493486 0.0071902793 0.0108128464 0.0209380659 0.0060010858 0.0092099421 0.012131734 0.0042255835 0.0077550272 0.0063395214 0.0044133755 0.0081637366 0.0083316729 0.007352788 0.01132622 0.0069651174 0.0124179102 0.011381631 0.0033314902 0.0047776921 0.0055162108 0.0073030893 0.0071086526 0.0055240589 0.0166443558 0.007420891 0.0044590649 0.0057236334 0.0049913268 0.0093660831 0.0093306318 0.0092258028 0.0048533582 
3 0.0067049689 0.0039168969 0.0085508456 0.0076751801 0.0070622765 0.0066338909 0.0081654186 0.0062897546 0.0031960384 0.0040459628 0.0082221357 0.0103751969 0.0080556344 0.007991916 0.0060422609 0.0088563616 0.0061276458 0.0045829778 0.0040059372 0.0083217191 0.0101219743 0.011654486 0.0084885987 0.0073501126 0.0104550093 0.012626566 0.0067347613 0.0080575587 0.0054370121 0.0087787404 0.0047165938 0.0045416332 0.0109016996 0.0087157357 0.0048596158 0.0076381282 0.0052237441 0.0042367194 0.0104307438 0.0085085002 0.0125308677 0.0100099186 0.0119103714 0.0082807061 0.0131769015 0.0112552109 0.0095065069 0.0024672234 0.0078170933 0.0075901787 0.0092622543 0.0069201178 0.0111104787 0.0040304974 0.0050700581 0.0051067932 0.0071349316 0.0105669949 0.0192909308 0.0123366158 0.0092450816 0.0048731836 0.0080948199 0.0098463501 0.0092091209 0.0080670259 0.013374465 0.0070679102 0.004472835 0.0063910587 0.0047251877 0.008316587 0.0059822577 0.0066139523 0.0093569311 0.007427544 0.0076199011 0.0057129599 0.0118492862 0.0061725569 0.0085426606 0.0092968729 0.0092160951 0.0091917267 0.005346551 0.0037275226 0.0052057263 0.0036807766 0.0050829748 0.0025771428 0.0088195508 0.0071265893 0.0070865188 0.0072651629 0.0079243531 0.0069301847 0.0068884071 0.0115532495 0.0086018057 0.0054443734 0.0115561443 0.0061414028 0.012259447 0.0045212372 0.0089810532 0.0097017782 0.0108022462 0.0074104791 0.004480546 0.0078640341 0.0020500558 0.0115385377 0.0102796032 0.0055506791 0.004900692 0.002919242 0.0084290487 0.0070266091 0.0100328813 0.0069546798 0.0050345606 0.0120248263 0.0067513974 0.0091244742 0.0142487873 0.0108429668 0.0096017333 0.0053679943 
4 0.0132635034 0.0046313644 0.0076751801 0.009589098 0.0055812097 0.0098377763 0.0052249552 0.0037744339 0.0038753896 0.011165124 0.0050764502 0.004320737 0.0085774874 0.0079761099 0.0046190103 0.0150019012 0.0060109473 0.0048235602 0.0125197808 0.0062448208 0.0066420931 0.005858138 0.0125450787 0.0121220239 0.0053654104 0.0064507777 0.0092286907 0.0072480179 0.0079255465 0.0080297209 0.0068937757 0.0091986763 0.0054976648 0.0094242746 0.0056216393 0.0027374769 0.0125525241 0.0070955812 0.0073095101 0.0074735267 0.0080199373 0.0083638438 0.0072196713 0.0086055235 0.0064011668 0.0061408881 0.0096078656 0.0127439096 0.0048390812 0.0038985953 0.0049577261 0.0091427717 0.0106247192 0.0090597922 0.004089218 0.0037996738 0.0044973221 0.0047055591 0.0053744392 0.0058148135 0.0126138339 0.0090956028 0.0044290481 0.007012864 0.005499719 0.0078409265 0.0071519671 0.0024985917 0.0098031968 0.0098960838 0.0043284189 0.0132850114 0.0060164209 0.0083567963 0.0136573338 0.0084685661 0.005911846 0.0057327683 0.0171670172 0.0065355174 0.0094501163 0.0062118417 0.0074679994 0.005708941 0.0064432587 0.0122325289 0.009420159 0.0057081807 0.006853485 0.0064563493 0.0068843063 0.0078050818 0.0095276307 0.0081626366 0.0106400676 0.0049610706 0.0023633227 0.0053528479 0.0121424937 0.0111724545 0.0075374067 0.0063621923 0.0019943522 0.0061051115 0.0065246752 0.0098070998 0.0119993336 0.0114376738 0.0118003906 0.0094689485 0.0061629242 0.0109571068 0.0050117251 0.0123699507 0.0120321603 0.0080464107 0.0094507432 0.0116382622 0.0060166683 0.0081914681 0.0097194505 0.0069484272 0.0091032469 0.0079768209 0.0083093459 0.0054114161 0.0079407436 0.0084941379 
5 0.0056317269 0.0084709418 0.0070622765 0.0055812097 0.0048774491 0.0083500264 0.0167314569 0.0116974255 0.0113064403 0.0085438744 0.0037538345 0.0080329179 0.0109380166 0.0084433117 0.0095657302 0.0074713074 0.009910458 0.0042383929 0.0094909189 0.0070423129 0.0077305637 0.0117018425 0.009672953 0.0098979616 0.0094427055 0.0105001219 0.0070705824 0.0115994557 0.0117695243 0.0063775678 0.0047945195 0.0041252655 0.0082013285 0.0128187476 0.0050082972 0.0069993449 0.005708639 0.0052765543 0.0041561305 0.005694731 0.0072597066 0.005605317 0.0110017411 0.0082370281 0.0102013229 0.0077922361 0.0075582137 0.010483109 0.0074059212 0.0066863335 0.0090229526 0.0086311016 0.0096494345 0.007936013 0.0060261322 0.0073835208 0.0085198974 0.0096080007 0.0109340983 0.0119831115 0.0034226669 0.0107066686 0.0048529944 0.0064407626 0.0077796305 0.0096650449 0.0057759154 0.0066742354 0.0019884451 0.0099431527 0.0092358081 0.0115388748 0.0081451795 0.007636305 0.0073170722 0.0089738742 0.0101381742 0.0108287598 0.0071402485 0.0110539913 0.003649581 0.0107608061 0.0068838777 0.0073449171 0.0060003107 0.0057065524 0.0052013656 0.0056300531 0.0078632784 0.0122414942 0.0063509163 0.0059709985 0.0070109704 0.0061183104 0.0073065075 0.0046663045 0.0099362475 0.0101815329 0.0054154261 0.0041694938 0.009481787 0.0094094208 0.0049011151 0.0113412282 0.0108862495 0.0096036053 0.0054850335 0.0082564783 0.0083614792 0.0067829302 0.0063233422 0.0123219052 0.0065884278 0.0055264329 0.0034535799 0.007068016 0.0068374197 0.0103950356 0.0037150067 0.0104711636 0.0061587361 0.0032655293 0.0048928269 0.0094956583 0.004944031 0.0113622157 0.0020281865 0.0053643545 
6 0.0056852805 0.0049454473 0.0066338909 0.0098377763 0.0083500264 0.0087493883 0.0136664656 0.0110163396 0.0131988941 0.0082833499 0.0074780023 0.0120801894 0.007259279 0.0066027131 0.0064036775 0.0047028254 0.0064998513 0.0056362807 0.0050133979 0.0103372502 0.00551092 0.0081590577 0.0115532931 0.0108828112 0.0059062674 0.0119949722 0.0103155292 0.0101670891 0.0114060534 0.0076560995 0.0097309271 0.0021381353 0.0081603599 0.0087133289 0.0060363098 0.011188019 0.0106026453 0.007401586 0.0147004958 0.0094340662 0.0097661219 0.0116548489 0.0104209047 0.0078873745 0.0072001943 0.0067813376 0.0052571945 0.0097326248 0.0093787251 0.0042767646 0.0107946617 0.0174101898 0.0080876935 0.0075192178 0.0099473188 0.0072251312 0.0090438895 0.0092699179 0.0070222431 0.0007470586 0.00715205 0.0098756518 0.0071639698 0.0092667227 0.008219355 0.0097334846 0.0059550214 0.0084071835 0.006020004 0.005562148 0.0056233228 0.0041896945 0.0086738664 0.0066840195 0.0100795316 0.0043716518 0.0079124436 0.0082118787 0.0046667207 0.0020232952 0.0052746926 0.0121652502 0.0104908234 0.0123264005 0.0090569458 0.0122680415 0.005853384 0.0048920315 0.0111656819 0.0089284366 0.0079103822 0.003701548 0.0078936928 0.0024664662 0.0116667688 0.0068082817 0.0095986674 0.0043663771 0.0074630577 0.0035048317 0.005507724 0.0039257241 0.0086752654 0.0072371599 0.0045820477 0.0065738084 0.0049528278 0.0075317116 0.006407021 0.0132217443 0.0055286022 0.004802105 0.0099573931 0.0041643165 0.0074073728 0.0081647818 0.0014653289 0.0044757694 0.0146635889 0.0037746951 0.0066479596 0.0062699274 0.0082845784 0.0089138817 0.0081827268 0.0071276135 0.0068411089 0.0036577337 
7 0.0087089341 0.0095925984 0.0081654186 0.0052249552 0.0167314569 0.0136664656 0.0097705282 0.0096176894 0.0040868991 0.0090887929 0.009976552 0.0085988639 0.0069889045 0.0092852781 0.0087012608 0.0060759882 0.0081368602 0.0074481562 0.0119724996 0.003434656 0.0116220661 0.007258614 0.0076511393 0.0102687054 0.0044850933 0.0095336256 0.0089285608 0.0074993868 0.0094758419 0.0072126758 0.012778829 0.0085114074 0.0041909223 0.0075842363 0.0080414434 0.0056758763 0.0083637658 0.002226234 0.0077919516 0.005410485 0.0068946893 0.0093262623 0.0067993882 0.0048091954 0.0074463117 0.0123156353 0.004041675 0.007631961 0.0064750892 0.0078735831 0.0032432904 0.0060899243 0.0087194224 0.0046804311 0.0105882314 0.0029472187 0.0082760145 0.0071541399 0.0154243325 0.0068770529 0.0154097259 0.0066183917 0.0088375295 0.0061006293 0.0095010526 0.0033646755 0.0059030349 0.0047760544 0.0040337531 0.0065146022 0.0062447995 0.0087497358 0.0059851629 0.009575062 0.0053123402 0.0060984212 0.0074715729 0.00831431 0.0087274767 0.0104523223 0.0071455087 0.0122929458 0.0067090802 0.0091823013 0.0090219212 0.0095767537 0.0058756535 0.0082597743 0.0141712234 0.0089157601 0.011065673 0.0078517967 0.0075887709 0.0062504971 0.0120594308 0.0099658429 0.0033429183 0.0016930842 0.004304253 0.0088233028 0.0118605319 0.0055287696 0.0069897305 0.0088300933 0.0053656942 0.0065984005 0.007593118 0.0107181008 0.0046044575 0.0072032578 0.0079711737 0.0049888787 0.0031225817 0.004559021 0.0103556118 0.0057889417 0.0089194349 0.0058854224 0.0093988124 0.0060690418 0.00498705 0.0059865828 0.0118442469 0.0090164518 0.0091946696 0.0066109782 0.0063316672 0.0141926684 
8 0.011313646 0.0102252318 0.0062897546 0.0037744339 0.0116974255 0.0110163396 0.0096176894 0.0090316919 0.0030809941 0.0142596806 0.0077395057 0.0117284205 0.0052864079 0.0050986024 0.012115888 0.0082116151 0.0085192492 0.0056490927 0.0046216163 0.0110735391 0.0107867553 0.0130373824 0.0053824009 0.0087285176 0.0111377112 0.0064223458 0.0066593227 0.0065627099 0.011302998 0.0082103447 0.005553192 0.0095228047 0.007052414 0.0072664017 0.0085021205 0.0067961619 0.0072520136 0.0107811784 0.011171176 0.0032424124 0.0075906714 0.0118550235 0.0039655324 0.0038418614 0.0091174963 0.0055173689 0.0048924477 0.0091537235 0.0094842735 0.0155842843 0.0112264223 0.0114235045 0.0063250785 0.0069732642 0.0070328056 0.0072887461 0.0081141743 0.0104809185 0.0104002903 0.010178829 0.013796762 0.0068289262 0.0053656635 0.0033006511 0.0064157918 0.0113359396 0.0042726434 0.0070527301 0.0079143169 0.0091011037 0.0064830346 0.0038238162 0.0068060564 0.004542937 0.0042923803 0.0038044837 0.005951222 0.0052940389 0.0037324634 0.0120167027 0.0077753863 0.005893852 0.0102618011 0.0059481599 0.0089554595 0.0079096341 0.0099200417 0.0055226246 0.0097406935 0.0080045052 0.0074873521 0.0092647208 0.0111366486 0.0081727942 0.0090167405 0.0098391357 0.0059962811 0.003987251 0.0082015479 0.0027020118 0.0079945525 0.00337497 0.0075413948 0.0063851113 0.0061224235 0.0147808724 0.0088801414 0.0073202836 0.007386713 0.0104726903 0.0075942169 0.0093624906 0.0084210615 0.0070578019 0.0091331019 0.0051790861 0.0095285846 0.0032855312 0.0075004817 0.0164670753 0.0071887771 0.0034943671 0.0052244521 0.0056043225 0.004636117 0.0031831741 0.0036607517 0.0091832446 
9 0.007094022 0.0092333669 0.0031960384 0.0038753896 0.0113064403 0.0131988941 0.0040868991 0.0030809941 0.0079908988 0.0050853598 0.0075071329 0.0096619848 0.0068396916 0.0111253899 0.0095666494 0.0109338134 0.0071613109 0.0064374861 0.006659536 0.0027336623 0.0109598773 0.0056492613 0.0125634945 0.0041231009 0.0099781018 0.0117714644 0.0072646898 0.0026122613 0.0051503247 0.0077119826 0.01031121 0.0062886846 0.0058208747 0.0030954134 0.0071087759 0.0083675445 0.0093303463 0.0109947082 0.0078769433 0.0082268807 0.0113181367 0.0051593114 0.0091597047 0.0033507788 0.0045897491 0.0083697376 0.0073996605 0.0113798605 0.009904714 0.0121634703 0.010141373 0.0076013367 0.0061938457 0.0137922312 0.0081005078 0.0039131782 0.0110847852 0.0060195767 0.0049082575 0.0049984645 0.0106443812 0.002338932 0.0138365553 0.0059674328 0.0087060642 0.0094342774 0.0064285489 0.0099243828 0.0074202397 0.0124600408 0.0109007082 0.0075783731 0.0049156281 0.0101887527 0.009143217 0.0108706066 0.0050831885 0.0090756844 0.0049743108 0.0063553992 0.0097538277 0.0077091978 0.0108157872 0.0108275132 0.0033687519 0.0137857576 0.0117478548 0.0065068323 0.0068568418 0.0100332281 0.0092372019 0.0038920956 0.0096881734 0.0047695509 0.0098020197 0.0101039174 0.0065974839 0.010554229 0.0101439764 0.0080475622 0.0055473145 0.0114022059 0.0042683021 0.0053219802 0.0109661811 0.0057091506 0.0044949128 0.00585262 0.0038288122 0.0040321292 0.0065434456 0.0074202992 0.0062819241 0.0084756835 0.0076305797 0.0059873445 0.0100780831 0.0097347733 0.0095253186 0.0043834726 0.0090289011 0.0032960931 0.0066867027 0.0061693993 0.0102655148 0.0093339825 0.0072516958 0.0084650705 
10 0.0063001191 0.0070212869 0.0040459628 0.011165124 0.0085438744 0.0082833499 0.0090887929 0.0142596806 0.0050853598 0.0056685027 0.0112023726 0.0085577617 0.0112000502 0.0055870771 0.0141006174 0.0038866285 0.007828161 0.0086626325 0.0113393234 0.0060987228 0.0053108034 0.0075811117 0.006393529 0.0062064725 0.0051547717 0.0042141813 0.0077095067 0.0050118909 0.0053870833 0.0098302032 0.0092110131 0.0070827678 0.0077606412 0.0101059092 0.0064849434 0.0083215595 0.0069752896 0.0114488278 0.0054449178 0.0106853046 0.0066928841 0.0049485402 0.0064787315 0.0129146977 0.0058819571 0.0081821487 0.0082089287 0.0067628318 0.0073310418 0.0088782025 0.0048879725 0.009811266 0.0086292481 0.0068955609 0.0053645143 0.0128643854 0.0063613022 0.0094970335 0.0078736257 0.0090941492 0.011350425 0.0095241972 0.0025152438 0.010051657 0.0065402469 0.0080659591 0.0123833279 0.0066547852 0.0133304491 0.0064755018 0.0081395538 0.0058789701 0.0064033759 0.0021840886 0.0064724243 0.0085016908 0.0118858837 0.0069602177 0.0028709311 0.0071144865 0.0065323384 0.0052493517 0.0094486349 0.0067028713 0.0098994947 0.0062667013 0.0058514658 0.009987072 0.0073792071 0.010107339 0.0065886484 0.008173015 0.0062074195 0.0059066944 0.0076011509 0.0094317301 0.0064268397 0.0070677152 0.0022342152 0.0048475062 0.0068576223 0.0068103538 0.0076307897 0.0091473479 0.011207429 0.0077223684 0.0089237309 0.0055921845 0.0090569896 0.007340344 0.0086938473 0.012276063 0.0087388394 0.0043976279 0.0120452813 0.0071102584 0.0109478187 0.0074327296 0.003611708 0.0117539471 0.0055284526 0.0033128934 0.0063529854 0.0129817798 0.0057196905 0.0087247019 0.007463892 0.0156003474 
11 0.011251576 0.0113787223 0.0082221357 0.0050764502 0.0037538345 0.0074780023 0.009976552 0.0077395057 0.0075071329 0.0112023726 0.0067796367 0.0101006156 0.0081893408 0.0057564025 0.0104164023 0.0062830223 0.0037917523 0.0104090195 0.0123953142 0.0061874576 0.0061036244 0.0117960985 0.0103895865 0.0068252686 0.008098751 0.0061725906 0.0034020526 0.0135404877 0.0120282324 0.0114382275 0.0134123699 0.009448726 0.0090780505 0.0096248628 0.013422191 0.0095118 0.0047331866 0.0054145223 0.0126471303 0.0060813236 0.0083616545 0.0067794514 0.0063504971 0.0069739065 0.0044886844 0.0088855198 0.0067092168 0.0090875574 0.0088034154 0.0084308678 0.0056592298 0.0055960789 0.0090304737 0.0075313828 0.0082129765 0.0124061935 0.0078293763 0.0081432829 0.0048867319 0.0043730834 0.0026002548 0.0051214328 0.0061386525 0.0083663751 0.0052622012 0.0065737421 0.0063386433 0.0060812516 0.0035099135 0.0081611033 0.0085157867 0.0082520724 0.0139959492 0.0026743558 0.0081346876 0.0150860248 0.0068043427 0.0111395941 0.0060103142 0.0048986513 0.0094405787 0.0117362105 0.0058701315 0.0064510308 0.0037149035 0.0064594764 0.0036913799 0.0087913597 0.0083872396 0.0055508022 0.0055397023 0.0038707491 0.0067693948 0.0038435464 0.0044946308 0.0040815941 0.0071006932 0.0119775593 0.0049424608 0.0059331426 0.0058143645 0.0058526721 0.0094715934 0.0149598012 0.0062356292 0.0091172385 0.0071643244 0.0080219809 0.0096978965 0.0079715752 0.0149539879 0.0069493455 0.0092437233 0.0094578884 0.0062468648 0.0105976454 0.0088816805 0.0009651832 0.0077760881 0.0057765586 0.0109952877 0.0070944787 0.0099206324 0.0095500399 0.0064236829 0.0082101602 0.0064729362 0.0082608935 
12 0.0119016153 0.0096472527 0.0103751969 0.004320737 0.0080329179 0.0120801894 0.0085988639 0.0117284205 0.0096619848 0.0085577617 0.0101006156 0.0092673626 0.0112112464 0.0052134648 0.011124077 0.0050884682 0.0079834706 0.0075462206 0.0120698932 0.0059653287 0.011173448 0.0014701669 0.009226792 0.0118755588 0.0068688126 0.0062181622 0.0066544839 0.0103857872 0.0063866854 0.0079945187 0.0127807445 0.0069802534 0.0031801657 0.0051775975 0.0078259881 0.0093330821 0.006347498 0.0071141309 0.0093411594 0.0080533713 0.0113825107 0.0069231735 0.0035783083 0.0023826938 0.0103055636 0.003670513 0.0041685443 0.0091825225 0.010414834 0.0086012114 0.0105140217 0.0072965382 0.0073045395 0.0080570482 0.0093646171 0.0056484545 0.0086626768 0.0082103556 0.0151526793 0.0098443659 0.0030684772 0.0043891905 0.0074073841 0.0062979279 0.0094398499 0.0055149615 0.0039322095 0.0049398079 0.0039470324 0.0092162338 0.0051940309 0.0116866994 0.0032156857 0.0061563469 0.0118041806 0.0066014099 0.0087803209 0.0067659131 0.0090585706 0.0046642073 0.0032478193 0.0060972636 0.0085472201 0.0130179108 0.0119320496 0.0104580462 0.0043120767 0.0089035005 0.009193642 0.0041835535 0.0041115204 0.0070098736 0.0031499475 0.0037487537 0.0093975065 0.0115965402 0.0054004426 0.0076896669 0.0137915366 0.006621814 0.0037631896 0.0084128429 0.00974358 0.009207533 0.0090575673 0.0079428703 0.0084799963 0.0103979678 0.0094599318 0.0102229593 0.0117614238 0.0069728441 0.0076370604 0.0048136579 0.003895383 0.0089445507 0.0036650427 0.0051256683 0.0034996028 0.0085821343 0.0089817036 0.0034934788 0.0086493627 0.0058657499 0.0125185943 0.011737746 0.0074485085 0.009699259 
13 0.0129186005 0.0080861431 0.0080556344 0.0085774874 0.0109380166 0.007259279 0.0069889045 0.0052864079 0.0068396916 0.0112000502 0.0081893408 0.0112112464 0.0074752197 0.0137864251 0.0126640488 0.0082387848 0.0049061822 0.0036060165 0.0074993612 0.0104596775 0.0125083969 0.0108891283 0.0097968082 0.0032698425 0.0105477394 0.009754419 0.0054868021 0.0071753833 0.0069885494 0.003940872 0.005485041 0.0083115688 0.0124425677 0.0017780824 0.0065568534 0.0068188507 0.0100242573 0.0087955351 0.0064869993 0.0079353203 0.0110971486 0.0060189277 0.0076500489 0.0050699025 0.0097042662 0.0071241645 0.01028426 0.0066870876 0.0103068984 0.0137494056 0.0072931082 0.0034127299 0.0038837046 0.0099021044 0.0119972398 0.006391031 0.0066712953 0.007951053 0.0048637022 0.0060171876 0.0056551567 0.0133164509 0.0085253711 0.0056112873 0.0036792497 0.0066000471 0.0055489128 0.0129562131 0.0067492352 0.0075205632 0.0042314005 0.0153986605 0.0111558116 0.0068370627 0.0059431363 0.0067493367 0.0069628025 0.0105903112 0.0055608352 0.0063314472 0.0079042171 0.0107975489 0.0077098747 0.005985494 0.0095868133 0.0104728873 0.0131387215 0.0103373281 0.0038077748 0.0072929398 0.0075643574 0.0046553573 0.0042451106 0.0076763686 0.0092986344 0.0075245601 0.0063285953 0.0133429332 0.0090425974 0.0115059082 0.0050925034 0.0071415797 0.0047921552 0.0111160911 0.0052950161 0.0050983932 0.0059814048 0.0072863411 0.0103843884 0.0050017272 0.008810176 0.0069817322 0.0050588745 0.0084107459 0.0043401378 0.0080539925 0.0074999456 0.0071732407 0.011404055 0.0089457429 0.0063657178 0.0105288786 0.0084776857 0.003871982 0.0062154111 0.0026889574 0.0039444392 0.0046425699 
14 0.0081991051 0.0097432187 0.007991916 0.0079761099 0.0084433117 0.0066027131 0.0092852781 0.0050986024 0.0111253899 0.0055870771 0.0057564025 0.0052134648 0.0137864251 0.0024163287 0.0058991633 0.0099666091 0.0129506591 0.0082398429 0.0128087678 0.0073762608 0.0081573433 0.0126822411 0.0067390635 0.0069473619 0.0069803871 0.0041339219 0.0046484083 0.0082917132 0.0119442568 0.0048648787 0.0111079803 0.009501511 0.007987125 0.0060952108 0.0083621831 0.0108355199 0.0051699181 0.0089363091 0.0091945781 0.0055787847 0.0031248014 0.0105854538 0.0102963038 0.0074479861 0.003218078 0.0077763961 0.0084250432 0.0109246025 0.0057610279 0.0062647857 0.0058044571 0.0132450687 0.0091936909 0.0028913818 0.0067118197 0.0092037676 0.004477556 0.0044383245 0.0093089947 0.0067031018 0.00615154 0.0067186203 0.0038485358 0.0086377486 0.0099240605 0.0113737142 0.0022719146 0.0067115203 0.0065202257 0.0041833613 0.0074213169 0.0095422519 0.0128388821 0.008115483 0.0157656336 0.0115924182 0.0115246505 0.0084272157 0.0090559943 0.0061785596 0.0081770129 0.0051269662 0.0059347392 0.0089339007 0.0076398967 0.0106951925 0.0097465097 0.011813711 0.0086869518 0.0095520969 0.0043817729 0.0089009463 0.0066560983 0.0031304101 0.008750532 0.0079068056 0.0065354801 0.0120310138 0.0081674809 0.0072177221 0.0052028755 0.002978456 0.0058487053 0.0066003465 0.0102149913 0.011955191 0.0043441751 0.0072509095 0.008507645 0.0029747087 0.0087162296 0.0123595671 0.0052174726 0.0046992646 0.0080229307 0.0044213135 0.0077319765 0.0101320646 0.0109267617 0.0072694531 0.0059335538 0.0039033059 0.0158263593 0.0063496572 0.0108392066 0.0081170262 0.0049662092 0.0034727736 
15 0.0086278964 0.0055193 0.0060422609 0.0046190103 0.0095657302 0.0064036775 0.0087012608 0.012115888 0.0095666494 0.0141006174 0.0104164023 0.011124077 0.0126640488 0.0058991633 0.0035888523 0.0107272702 0.0048313063 0.004020372 0.0057237372 0.0148067304 0.0099455542 0.0082150626 0.0059710573 0.0099240997 0.0048868119 0.0029641481 0.0051713647 0.002410168 0.0063610635 0.006400878 0.0049762675 0.0065129314 0.0109162486 0.0058953424 0.0084287038 0.0080249676 0.0079916202 0.0144479756 0.0082652438 0.0080338817 0.0146954209 0.0070676049 0.0083777451 0.0070221344 0.0080135857 0.0090556363 0.0095070065 0.0105157021 0.0101031709 0.007416521 0.010264968 0.0105112069 0.0060429423 0.0063460422 0.0085409196 0.0052563799 0.0069115821 0.003264288 0.0112980703 0.01152686 0.0064696329 0.0105459927 0.0113776316 0.0071352412 0.0087215528 0.0072858291 0.0058689627 0.0136536237 0.002783319 0.0118360285 0.008133526 0.0100315038 0.0047285303 0.0123029617 0.0064551802 0.0016582989 0.0054270842 0.0098131963 0.0053232018 0.0059532443 0.0054517688 0.0058981985 0.0101489586 0.0097489229 0.0059324191 0.0091930046 0.0052626461 0.0063932562 0.0046111479 0.0093955803 0.0058264861 0.0049411553 0.0035148513 0.0046643694 0.0033885626 0.0077900084 0.007575839 0.0068071036 0.0116249114 0.0077434593 0.0045928295 0.0073892537 0.0117242702 0.0087332091 0.0056476856 0.0051355979 0.0062814658 0.0111789053 0.0087348537 0.0112408856 0.0054142846 0.0084054407 0.0071514547 0.0059919326 0.0076490761 0.0080664206 0.0133371187 0.0103521677 0.0078696953 0.005209109 0.0075869143 0.0081292134 0.0058663343 0.0067706001 0.0066377306 0.0082706394 0.0083106502 0.0103596417 
16 0.004026878 0.0074676008 0.0088563616 0.0150019012 0.0074713074 0.0047028254 0.0060759882 0.0082116151 0.0109338134 0.0038866285 0.0062830223 0.0050884682 0.0082387848 0.0099666091 0.0107272702 0.0074284256 0.0076566066 0.009045653 0.0075172278 0.0039357189 0.006221512 0.0052984926 0.0088526979 0.0092502962 0.007885842 0.0086135181 0.0118204414 0.0076320303 0.0056924773 0.0037140421 0.0046191802 0.0116035081 0.0107612065 0.0053133204 0.0075389569 0.0172169542 0.0101136783 0.0114350182 0.0091384447 0.0062851829 0.0095308737 0.0085284275 0.007353897 0.0044097092 0.0080654766 0.0076489269 0.0062469641 0.0057583029 0.0047234116 0.0108859009 0.0104085784 0.0053873099 0.0068822889 0.0056572723 0.0064934358 0.007033148 0.0101245589 0.014861441 0.0068484979 0.0069463138 0.0134019086 0.0051603986 0.0025634609 0.0059143701 0.004644119 0.0076873485 0.0067796018 0.008420381 0.0068798578 0.0037106247 0.0106541727 0.0115012273 0.0123076818 0.0049872086 0.0070548396 0.0058660125 0.0056289605 0.0076078048 0.0118918584 0.0074853515 0.0065460442 0.0097692455 0.0110506328 0.0042470473 0.0097653443 0.0049652236 0.0081475819 0.0135839145 0.0121805884 0.0028649746 0.0140820874 0.0076015025 0.0046782482 0.0113744748 0.005296144 0.0103911084 0.0110049915 0.0109975033 0.0052817182 0.0066384012 0.0038941492 0.0044778097 0.0095348863 0.0073036294 0.0084629155 0.0039956483 0.0065070198 0.0122236422 0.012489372 0.0026544241 0.0062107551 0.0073506803 0.0064941027 0.0049461903 0.0055191214 0.0077498439 0.0063942296 0.0143372111 0.0064437372 0.0033076249 0.0101162876 0.0052868381 0.0067057142 0.0072862612 0.0050248531 0.0069112528 0.0134785349 0.0089550573 
17 0.0072249344 0.0078984322 0.0061276458 0.0060109473 0.009910458 0.0064998513 0.0081368602 0.0085192492 0.0071613109 0.007828161 0.0037917523 0.0079834706 0.0049061822 0.0129506591 0.0048313063 0.0076566066 0.0028140235 0.0125772526 0.004870634 0.0087827463 0.0101694249 0.0058391567 0.0055273565 0.0044243208 0.0094221011 0.0063858805 0.0070855749 0.0111593184 0.0088979407 0.0116813715 0.0166776365 0.0026170714 0.0114655417 0.0126759891 0.0101788271 0.004774857 0.008240465 0.008303421 0.0147341502 0.0080634388 0.0048053511 0.0060379955 0.0087678827 0.0076548438 0.003827407 0.0081764971 0.0130061596 0.0071354539 0.0105388126 0.0099987626 0.0076886804 0.0076577705 0.0101709749 0.0074851172 0.0100589637 0.0109616218 0.0070917411 0.0130419722 0.008804685 0.0028812931 0.0062565688 0.0131873991 0.0065289941 0.0039492396 0.0060949383 0.0039571002 0.0069743586 0.0074537051 0.0075402185 0.0094678807 0.006840435 0.0095007574 0.0050884328 0.0111443441 0.0075868349 0.004127219 0.0098421492 0.0067315398 0.0095463361 0.0082405 0.0094343331 0.0086455408 0.0105498246 0.007455643 0.007237145 0.0092492158 0.0068607934 0.0062634858 0.0074717429 0.0077611658 0.0045296504 0.0085057608 0.0052009422 0.0114400905 0.0074411124 0.0067320526 0.0058643507 0.0069816898 0.0070556905 0.0072538157 0.0074865948 0.0056903068 0.0074471304 0.0114174253 0.0025244068 0.0085510996 0.0083988731 0.0111599829 0.0080325724 0.0077439538 0.0078383747 0.0043586385 0.0067121851 0.0060411447 0.0040315929 0.0061604867 0.0102368893 0.0014332007 0.0048429478 0.0100716047 0.0051191426 0.0113851464 0.010738508 0.0077246324 0.0058136449 0.0132297428 0.0064488687 0.0067695927 
18 0.0074993528 0.006368289 0.0045829778 0.0048235602 0.0042383929 0.0056362807 0.0074481562 0.0056490927 0.0064374861 0.0086626325 0.0104090195 0.0075462206 0.0036060165 0.0082398429 0.004020372 0.009045653 0.0125772526 0.0021751914 0.0056320759 0.0093288726 0.010945854 0.0123391212 0.0038612382 0.0101284131 0.0060626647 0.0055854193 0.0047886633 0.0085162422 0.008533605 0.0134538292 0.0030904098 0.0093125412 0.0062582884 0.004723357 0.0078587124 0.0060016991 0.0076945109 0.0084864554 0.0121607925 0.0069348916 0.0076175512 0.006738114 0.0100925773 0.0054105781 0.0116637045 0.0068013407 0.0116660382 0.0059360518 0.00834351 0.0125252118 0.0082065687 0.0063829549 0.0078313316 0.0075617348 0.0061450828 0.0098004606 0.0048456563 0.0072940047 0.008343323 0.0051505379 0.0099721977 0.0104933357 0.0109329955 0.0098355157 0.0069217815 0.0064198448 0.0103577908 0.0143106745 0.0039047632 0.0037748591 0.0099538786 0.0075385381 0.0084773746 0.0033215056 0.0130476586 0.0060079217 0.0111325796 0.0105047997 0.0140109757 0.0087097407 0.0056891019 0.0057876489 0.0072089312 0.0098661376 0.0110468206 0.0055683305 0.0085549074 0.00663104 0.0105010127 0.0090174593 0.0092551056 0.005454972 0.0077850617 0.0046350134 0.0056200905 0.0110518928 0.0094298438 0.0078299961 0.0045021565 0.0066688346 0.01228638 0.0068166001 0.0058349319 0.0082490672 0.0097154336 0.0093964824 0.0060257598 0.0117698838 0.0079653638 0.0084623249 0.0056242158 0.0059409173 0.0101472988 0.0054882859 0.007205337 0.0069862827 0.0043855424 0.006692607 0.0016282351 0.0152459435 0.0059449508 0.0085793911 0.0079374872 0.0108643167 0.0109609274 0.0079877447 0.003828465 0.0072769562 
19 0.0105711343 0.0077542528 0.0040059372 0.0125197808 0.0094909189 0.0050133979 0.0119724996 0.0046216163 0.006659536 0.0113393234 0.0123953142 0.0120698932 0.0074993612 0.0128087678 0.0057237372 0.0075172278 0.004870634 0.0056320759 0.0094977164 0.0057176114 0.0061066171 0.010164726 0.0127017601 0.0088157785 0.0100793844 0.006642678 0.0091395125 0.0062998992 0.0099347641 0.0060463688 0.0026514612 0.0090052424 0.0054863056 0.003761527 0.0051185828 0.0074556773 0.0105972281 0.0068227815 0.0052875139 0.0118416085 0.0086177028 0.0058324735 0.0116489726 0.0084368696 0.0052791342 0.0064204823 0.0090928806 0.0029895751 0.0073088598 0.0122205111 0.0076543156 0.0084135761 0.0122962074 0.0034092892 0.0097404969 0.009288653 0.0066993607 0.008676869 0.0051340368 0.0060279975 0.0104571625 0.0085084429 0.0101785879 0.0082572667 0.0052322423 0.0095470044 0.0116170246 0.0023859849 0.0061287869 0.0043147077 0.0048908539 0.0048227007 0.0094240213 0.0124834987 0.0105159772 0.0107441347 0.008446969 0.0067387656 0.0096057524 0.0055490312 0.0099431829 0.0030509288 0.0033039463 0.0071367915 0.0089224577 0.0078995195 0.011735949 0.0041919672 0.0082471078 0.0060528916 0.008082889 0.0066960136 0.0063483068 0.0102868226 0.0039580502 0.004537945 0.0074370087 0.0098939659 0.0078386502 0.0033489802 0.005728644 0.0068729111 0.0137167877 0.0128501331 0.009358443 0.0078367188 0.0120279525 0.0066729333 0.0059669162 0.0066457349 0.0089492176 0.0059399748 0.0036105826 0.0034802891 0.0094346667 0.0067683174 0.0053104679 0.0087390429 0.0064464494 0.0105550957 0.0050413178 0.0121309468 0.0073891469 0.0067907349 0.0055111658 0.0093792655 0.0087859496 0.0124694871 
20 0.0084168688 0.009700484 0.0083217191 0.0062448208 0.0070423129 0.0103372502 0.003434656 0.0110735391 0.0027336623 0.0060987228 0.0061874576 0.0059653287 0.0104596775 0.0073762608 0.0148067304 0.0039357189 0.0087827463 0.0093288726 0.0057176114 0.0039693187 0.009779167 0.005280696 0.011956196 0.0063797113 0.0130782934 0.0098781937 0.0067959311 0.0019781104 0.0059695611 0.0020992712 0.0112446607 0.0124489401 0.0096907716 0.0080193503 0.009984025 0.0086835994 0.0021166116 0.0082238028 0.009578939 0.0062598403 0.010316331 0.0087223619 0.0082681859 0.0081683522 0.0070467074 0.0035666682 0.0147378366 0.0159521883 0.00392227 0.0087643148 0.0054674129 0.0041628349 0.0103115933 0.0131689707 0.0073243715 0.0055799549 0.0068756 0.0082955596 0.0089609518 0.0059463335 0.0075370968 0.0067113843 0.0100990179 0.0067780242 0.0044108075 0.0090317692 0.0165408101 0.0068836337 0.0113555149 0.0062743167 0.0074743953 0.0108801954 0.0057343076 0.0099414664 0.0057150799 0.0062217603 0.0083657566 0.0076360744 0.0054410451 0.008917906 0.0069787304 0.0093580588 0.0091088913 0.006913411 0.0057939899 0.0067433441 0.007924113 0.0111003328 0.0072029413 0.0041388784 0.0039768371 0.0126885792 0.0077153997 0.0057772432 0.0064830353 0.0089262947 0.0110161019 0.0078892003 0.0046142109 0.0051526693 0.0096828941 0.0063592535 0.01238227 0.0076208153 0.0130233252 0.0099412685 0.0123794271 0.0055786377 0.0034366928 0.0081239815 0.0059680503 0.0096532268 0.0068197279 0.0094204191 0.0070463775 0.0076513274 0.0049543858 0.0058054786 0.0106950204 0.0043488408 0.0039914602 0.004915487 0.0085287911 0.0096838037 0.0041084081 0.0054308618 0.0039363568 0.0121225556 
21 0.0045448622 0.0027107825 0.0101219743 0.0066420931 0.0077305637 0.00551092 0.0116220661 0.0107867553 0.0109598773 0.0053108034 0.0061036244 0.011173448 0.0125083969 0.0081573433 0.0099455542 0.006221512 0.0101694249 0.010945854 0.0061066171 0.009779167 0.0031826844 0.0127965795 0.0066062856 0.0101471181 0.0117973486 0.0136000258 0.0075846548 0.0041440918 0.0029615164 0.0101184854 0.0047203755 0.0083768379 0.0071708326 0.0079092998 0.0063506333 0.0067443019 0.0079053262 0.0104981097 0.0031560536 0.0117082467 0.0057504967 0.0109481915 0.0085289719 0.010664265 0.0117770515 0.005353335 0.0081805142 0.0065304151 0.0076557036 0.0024922295 0.014055056 0.0026002261 0.0040464441 0.0096904496 0.0109484089 0.012079557 0.0090420661 0.0099688052 0.0049840809 0.0059829286 0.0056837532 0.0072654714 0.0106153369 0.0080647705 0.0047386585 0.0020011243 0.0104360274 0.0123222965 0.0048725382 0.008284499 0.0092931745 0.0060490366 0.0093646392 0.0056266885 0.0124485206 0.0102139788 0.0060014982 0.0083854676 0.0084147907 0.0096984701 0.0097038556 0.0157082155 0.0131484367 0.0096560772 0.0050227338 0.0052601703 0.0059094024 0.0082746519 0.0072184739 0.0061467799 0.0070419501 0.0071734458 0.0008732726 0.0097017068 0.0072151488 0.006952771 0.0052640295 0.0070906873 0.0105141749 0.0085644805 0.0062514698 0.0058689141 0.0080040642 0.0077382456 0.0072954974 0.0088076328 0.009666529 0.0008034682 0.0059518229 0.0062343436 0.0073276909 0.0078921619 0.0070035955 0.0103213743 0.00597547 0.0068658649 0.0032759809 0.0106023496 0.0071427403 0.0050074277 0.0068660993 0.0100572942 0.0082484514 0.0019614317 0.0090947244 0.0070175663 0.0084603103 0.0082266298 
22 0.0096241065 0.0045755817 0.011654486 0.005858138 0.0117018425 0.0081590577 0.007258614 0.0130373824 0.0056492613 0.0075811117 0.0117960985 0.0014701669 0.0108891283 0.0126822411 0.0082150626 0.0052984926 0.0058391567 0.0123391212 0.010164726 0.005280696 0.0127965795 0.0110300602 0.005044596 0.0069561785 0.006129042 0.0110608371 0.0097206701 0.012227022 0.0019545 0.0069513622 0.0112816376 0.0065180342 0.0080088953 0.0081608785 0.0104600255 0.0023070141 0.0076272683 0.0044854824 0.0061812967 0.0073231145 0.0041989531 0.0091466076 0.0025730193 0.0109869113 0.0049340614 0.0099583271 0.0126914943 0.0056784353 0.0079606913 0.0093389153 0.0072673363 0.0084086251 0.0071216106 0.0025540303 0.0087271413 0.0061076173 0.0060929346 0.0025469846 0.0085071511 0.0060115537 0.0053361358 0.009838776 0.0084459529 0.0080163398 0.0072380653 0.0046534941 0.007058913 0.0114364799 0.006203028 0.0063355164 0.0103518873 0.0042263516 0.0052510834 0.0108694023 0.006582697 0.0074923665 0.0046781946 0.004296977 0.0065195994 0.0073036005 0.005984193 0.0038852019 0.0052575391 0.0122304582 0.0075035665 0.0128866987 0.0116124079 0.0070499775 0.0054713825 0.0073398155 0.0087778907 0.0078355362 0.0047614281 0.0103836665 0.0095819307 0.0084835759 0.0038685507 0.0034507316 0.0119909874 0.0105519614 0.0088232267 0.0061430461 0.0054125574 0.0080188668 0.0080006236 0.0096717163 0.0062959599 0.0047969943 0.0085113142 0.011059513 0.0073699987 0.0136645301 0.0019959138 0.0105631049 0.0081586482 0.0098855216 0.0058111951 0.0134513258 0.0114441218 0.0093658442 0.0086591009 0.0101947734 0.0094972302 0.0085922556 0.0063436303 0.0073964752 0.0071136528 0.0066051306 
23 0.0111598398 0.0134512046 0.0084885987 0.0125450787 0.009672953 0.0115532931 0.0076511393 0.0053824009 0.0125634945 0.006393529 0.0103895865 0.009226792 0.0097968082 0.0067390635 0.0059710573 0.0088526979 0.0055273565 0.0038612382 0.0127017601 0.011956196 0.0066062856 0.005044596 0.0122258384 0.0068608331 0.0046545172 0.0043207806 0.0084189089 0.0108168178 0.0053671705 0.009222076 0.0128311191 0.0092717886 0.0071476962 0.0085149073 0.0096953978 0.009976365 0.0076975829 0.0066212687 0.0087161245 0.0085342473 0.0052295601 0.0071218657 0.0067755078 0.0051269075 0.0032989601 0.0063886886 0.0054063728 0.0052434893 0.0040283548 0.0033592125 0.0100265732 0.0063516139 0.0090641187 0.0034525691 0.0085785431 0.0068655758 0.0092233147 0.0062278313 0.0081487896 0.0030720995 0.0081594206 0.0025646105 0.00631254 0.0093595519 0.0046472618 0.0074267227 0.0062996554 0.0094578192 0.0072759046 0.0130714347 0.0088420135 0.0109247281 0.0062593849 0.0084364511 0.0023637943 0.0055706576 0.0101333845 0.0049687254 0.0039279121 0.0088876665 0.0049412637 0.0070048322 0.0062082009 0.0046696683 0.0063265228 0.014027773 0.00841747 0.0084749246 0.010982446 0.0110157933 0.008321717 0.0064545729 0.0062934005 0.0049863912 0.0127573015 0.0054196243 0.0043893022 0.0105030124 0.0078126231 0.0119350833 0.0077467283 0.0101410607 0.0122582943 0.0037520498 0.0086560601 0.0047032434 0.0028749882 0.0090336205 0.0075911201 0.0144541071 0.0107657684 0.0107508665 0.0066563006 0.0055054542 0.0126633579 0.0065302973 0.0130411476 0.003863035 0.0048474756 0.0051166708 0.0064020896 0.0052470617 0.0071171445 0.0066783172 0.0082743717 0.0154032649 0.0067536447 0.0079225397 
24 0.007488775 0.0112654856 0.0073501126 0.0121220239 0.0098979616 0.0108828112 0.0102687054 0.0087285176 0.0041231009 0.0062064725 0.0068252686 0.0118755588 0.0032698425 0.0069473619 0.0099240997 0.0092502962 0.0044243208 0.0101284131 0.0088157785 0.0063797113 0.0101471181 0.0069561785 0.0068608331 0.0111539005 0.0047787442 0.0086911997 0.0135827007 0.0043801659 0.008971088 0.0058672111 0.0102555309 0.0132856191 0.0055829134 0.0028639354 0.0124311205 0.0067298752 0.0078990332 0.0079846232 0.0041424344 0.0053844041 0.0142329233 0.0084113833 0.010410778 0.00576492 0.005626894 0.0083710951 0.0035613658 0.0069500461 0.0092019688 0.0044477231 0.0060649919 0.0060478569 0.0050832589 0.005407072 0.008467563 0.0098337319 0.0048396652 0.0063208649 0.0096840309 0.0104556543 0.010351603 0.0087825035 0.0063924668 0.0101532622 0.0099155946 0.0077987337 0.0040859885 0.0063886196 0.0019775231 0.0066522187 0.0063243527 0.0051114778 0.0088119015 0.0100543059 0.0058893925 0.0094163115 0.0064056911 0.0073274703 0.0104454079 0.0109449884 0.0054294212 0.0075921643 0.004874168 0.0064381704 0.0089890326 0.0126372522 0.0089760529 0.01049614 0.0091501613 0.0043905325 0.0025095198 0.0067244311 0.0087935327 0.0107301911 0.0084784548 0.0055559705 0.007153233 0.0046269439 0.0065316698 0.001090783 0.0068496279 0.0076077497 0.007496027 0.011356951 0.0047219714 0.0068946477 0.0078324295 0.0125638053 0.008413756 0.0144326594 0.0094694581 0.0099143713 0.0112219219 0.0034377212 0.0091448543 0.0049335859 0.0075974544 0.0029029882 0.009744577 0.0118239164 0.010855735 0.0101589673 0.00533907 0.0062729956 0.0063761943 0.0139850218 0.005743049 0.0052038204 
