100
1 0.0000000000000000000 0.11949903000000001 0.13674117000000000 0.15617687999999999 0.19662785999999999 0.20041575000000000 0.25148259000000001 0.19851942000000000 0.21964756999999999 0.21382607000000001 0.21770205000000001 0.23142792000000001 0.11102436000000000 0.10934086000000000 0.14727998000000000 0.16881256000000000 0.19474106999999999 0.16881256000000000 0.17429370999999999 0.20422287000000000 0.28260739000000001 0.34210995000000000 0.29542821000000002 0.31951787999999998 0.37015059000000000 0.43735971000000001 0.40175980999999999 0.37732768000000000 0.41428097000000003 0.38700523999999997 0.35833933000000001 0.41934855999999998 0.35366640999999999 0.37732768000000000 0.36068675000000000 0.42445062000000000 0.40924738999999999 0.41428097000000003 0.42445062000000000 0.43476006000000000 0.35134082999999999 0.36304154000000000 0.37253533000000000 0.34210995000000000 0.37492767999999999 0.39680929999999998 0.34671119000000000 0.40424737999999999 0.40175980999999999 0.43476006000000000 0.44258621999999997 0.43476006000000000 0.38944425999999999 0.42701472000000001 0.41175995999999998 0.41428097000000003 0.41428097000000003 0.41175995999999998 0.39928047000000000 0.41175995999999998 0.40424737999999999 0.41934855999999998 0.36540373999999998 0.46117123999999998 0.43216937999999999 0.42958762000000000 0.42445062000000000 0.39680929999999998 0.39928047000000000 0.44521318999999998 0.43476006000000000 0.43996840999999998 0.42958762000000000 0.36540373999999998 0.38700523999999997 0.38457412000000002 0.37015059000000000 0.35134082999999999 0.40175980999999999 0.42189525000000000 0.37253533000000000 0.37973539000000001 0.36068675000000000 0.42701472000000001 0.37973539000000001 0.39189125000000002 0.38700523999999997 0.38457412000000002 0.37253533000000000 0.41428097000000003 0.37253533000000000 0.37973539000000001 0.38700523999999997 0.36540373999999998 0.38700523999999997 0.38457412000000002 0.38944425999999999 0.38944425999999999 0.36304154000000000 0.40924738999999999
2 0.11949903000000001 0.0000000000000000000 0.18537765000000000 0.17246220000000001 0.23142792000000001 0.23340943000000000 0.26171466999999998 0.20804940000000000 0.24339626000000000 0.27627824000000001 0.25965706000000000 0.25148259000000001 0.18537765000000000 0.18910900000000000 0.20613369000000001 0.22748054000000001 0.27000204999999999 0.22748054000000001 0.22748054000000001 0.25148259000000001 0.28472902999999999 0.39680929999999998 0.35366640999999999 0.37015059000000000 0.38944425999999999 0.45848787000000002 0.42445062000000000 0.42701472000000001 0.40674322000000002 0.41175995999999998 0.41175995999999998 0.42701472000000001 0.38215084999999999 0.38944425999999999 0.38700523999999997 0.45049489999999998 0.41934855999999998 0.43996840999999998 0.43216937999999999 0.45049489999999998 0.38944425999999999 0.37973539000000001 0.39189125000000002 0.36540373999999998 0.38944425999999999 0.44521318999999998 0.38457412000000002 0.39928047000000000 0.43216937999999999 0.42701472000000001 0.43996840999999998 0.45314977000000001 0.37732768000000000 0.41934855999999998 0.41681047999999998 0.42189525000000000 0.41428097000000003 0.40924738999999999 0.41934855999999998 0.40674322000000002 0.40424737999999999 0.42701472000000001 0.38944425999999999 0.46117123999999998 0.40175980999999999 0.45049489999999998 0.43996840999999998 0.41175995999999998 0.38700523999999997 0.43476006000000000 0.43996840999999998 0.44784940000000001 0.42958762000000000 0.40674322000000002 0.42701472000000001 0.39680929999999998 0.40424737999999999 0.38457412000000002 0.42189525000000000 0.38944425999999999 0.39189125000000002 0.42701472000000001 0.39434624000000001 0.41934855999999998 0.39680929999999998 0.40424737999999999 0.37015059000000000 0.39189125000000002 0.38944425999999999 0.40424737999999999 0.36540373999999998 0.37253533000000000 0.38457412000000002 0.37973539000000001 0.40175980999999999 0.40674322000000002 0.40924738999999999 0.40924738999999999 0.38457412000000002 0.39680929999999998
3 0.13674117000000000 0.18537765000000000 0.0000000000000000000 0.10934086000000000 0.20041575000000000 0.20613369000000001 0.24540967999999999 0.17246220000000001 0.20613369000000001 0.21964756999999999 0.24339626000000000 0.23539618000000001 0.13326088000000000 0.13326088000000000 0.12291589000000000 0.16337118000000000 0.19285901000000000 0.16337118000000000 0.15796900000000000 0.21382607000000001 0.25965706000000000 0.33072885000000002 0.29542821000000002 0.32622433000000001 0.33753675999999999 0.42189525000000000 0.35833933000000001 0.34440704000000000 0.36540373999999998 0.40674322000000002 0.33299129000000000 0.40674322000000002 0.33526057999999997 0.33072885000000002 0.34210995000000000 0.40674322000000002 0.38215084999999999 0.37492767999999999 0.40674322000000002 0.39434624000000001 0.32398218000000001 0.35599923000000000 0.33981987000000002 0.32398218000000001 0.33299129000000000 0.37732768000000000 0.35366640999999999 0.38215084999999999 0.39680929999999998 0.43216937999999999 0.41681047999999998 0.40424737999999999 0.37973539000000001 0.42701472000000001 0.39189125000000002 0.38700523999999997 0.38700523999999997 0.38457412000000002 0.37732768000000000 0.39434624000000001 0.37253533000000000 0.37973539000000001 0.35134082999999999 0.40674322000000002 0.40424737999999999 0.40424737999999999 0.41428097000000003 0.40674322000000002 0.38215084999999999 0.40424737999999999 0.40424737999999999 0.40424737999999999 0.40924738999999999 0.34210995000000000 0.37253533000000000 0.35599923000000000 0.36777341000000002 0.33072885000000002 0.39928047000000000 0.41428097000000003 0.35134082999999999 0.37492767999999999 0.33299129000000000 0.39928047000000000 0.37732768000000000 0.39434624000000001 0.35134082999999999 0.34440704000000000 0.34440704000000000 0.37253533000000000 0.34671119000000000 0.34671119000000000 0.36777341000000002 0.36068675000000000 0.37015059000000000 0.37015059000000000 0.37253533000000000 0.37253533000000000 0.34902243999999999 0.38457412000000002
4 0.15617687999999999 0.17246220000000001 0.10934086000000000 0.0000000000000000000 0.18910900000000000 0.19285901000000000 0.24540967999999999 0.18166477000000000 0.17612969000000001 0.22159815999999999 0.23340943000000000 0.24945281999999999 0.17797019000000000 0.17429370999999999 0.19285901000000000 0.20231689000000000 0.23938555000000000 0.21576155000000000 0.21576155000000000 0.24540967999999999 0.28899040999999998 0.37492767999999999 0.32174670000000000 0.33753675999999999 0.36068675000000000 0.45848787000000002 0.39434624000000001 0.38457412000000002 0.39680929999999998 0.41681047999999998 0.34902243999999999 0.42958762000000000 0.37015059000000000 0.35134082999999999 0.34902243999999999 0.43216937999999999 0.38457412000000002 0.40175980999999999 0.39928047000000000 0.40924738999999999 0.33299129000000000 0.38944425999999999 0.36777341000000002 0.32174670000000000 0.36540373999999998 0.37492767999999999 0.37732768000000000 0.39680929999999998 0.39680929999999998 0.41428097000000003 0.43476006000000000 0.40175980999999999 0.37492767999999999 0.39928047000000000 0.37492767999999999 0.37253533000000000 0.38457412000000002 0.37732768000000000 0.38700523999999997 0.40424737999999999 0.35366640999999999 0.41428097000000003 0.38457412000000002 0.42189525000000000 0.40674322000000002 0.41428097000000003 0.41428097000000003 0.40674322000000002 0.40674322000000002 0.41428097000000003 0.41428097000000003 0.40424737999999999 0.40424737999999999 0.37015059000000000 0.40175980999999999 0.36540373999999998 0.38457412000000002 0.34902243999999999 0.42958762000000000 0.39434624000000001 0.37015059000000000 0.37492767999999999 0.37253533000000000 0.41681047999999998 0.37973539000000001 0.41428097000000003 0.36068675000000000 0.36540373999999998 0.35366640999999999 0.38700523999999997 0.34902243999999999 0.35599923000000000 0.37253533000000000 0.35833933000000001 0.37732768000000000 0.36777341000000002 0.37732768000000000 0.37253533000000000 0.35134082999999999 0.37973539000000001
5 0.19662785999999999 0.23142792000000001 0.20041575000000000 0.18910900000000000 0.0000000000000000000 0.09766097999999999 0.12120551000000000 0.15438904000000001 0.15976541000000000 0.22551462000000000 0.24540967999999999 0.27000204999999999 0.17981520000000001 0.20422287000000000 0.22159815999999999 0.27208828000000002 0.29327613000000002 0.27208828000000002 0.25965706000000000 0.28472902999999999 0.31287085999999997 0.42445062000000000 0.37492767999999999 0.36068675000000000 0.40674322000000002 0.49978270000000002 0.45581407000000002 0.45314977000000001 0.45049489999999998 0.43476006000000000 0.38944425999999999 0.42445062000000000 0.42958762000000000 0.41175995999999998 0.43216937999999999 0.45314977000000001 0.43476006000000000 0.42701472000000001 0.41934855999999998 0.43476006000000000 0.40674322000000002 0.40424737999999999 0.42701472000000001 0.37015059000000000 0.39680929999999998 0.42701472000000001 0.39680929999999998 0.44784940000000001 0.43735971000000001 0.44258621999999997 0.43735971000000001 0.43996840999999998 0.41681047999999998 0.45581407000000002 0.44784940000000001 0.46927942000000000 0.45314977000000001 0.42958762000000000 0.43216937999999999 0.43735971000000001 0.40424737999999999 0.42958762000000000 0.41428097000000003 0.48854653999999997 0.45848787000000002 0.41934855999999998 0.44521318999999998 0.45581407000000002 0.44784940000000001 0.45314977000000001 0.47473398999999999 0.47200175000000000 0.46117123999999998 0.41428097000000003 0.43996840999999998 0.43735971000000001 0.42958762000000000 0.43476006000000000 0.42445062000000000 0.43476006000000000 0.41175995999999998 0.41175995999999998 0.38944425999999999 0.44521318999999998 0.42445062000000000 0.44784940000000001 0.42189525000000000 0.41934855999999998 0.39189125000000002 0.43996840999999998 0.38215084999999999 0.40674322000000002 0.42189525000000000 0.39928047000000000 0.40175980999999999 0.40175980999999999 0.39680929999999998 0.41934855999999998 0.40424737999999999 0.43996840999999998
6 0.20041575000000000 0.23340943000000000 0.20613369000000001 0.19285901000000000 0.09766097999999999 0.0000000000000000000 0.12463017999999999 0.16337118000000000 0.16518058999999999 0.20231689000000000 0.25148259000000001 0.26584691999999999 0.18537765000000000 0.20422287000000000 0.20997002000000001 0.26171466999999998 0.28685669000000003 0.25555868999999998 0.24742853000000001 0.26377794999999998 0.33299129000000000 0.41934855999999998 0.37973539000000001 0.35366640999999999 0.39928047000000000 0.48299096000000002 0.46927942000000000 0.42445062000000000 0.46386423999999998 0.43476006000000000 0.37492767999999999 0.44258621999999997 0.40924738999999999 0.40424737999999999 0.40424737999999999 0.45848787000000002 0.43476006000000000 0.39434624000000001 0.40674322000000002 0.42445062000000000 0.40674322000000002 0.40674322000000002 0.42445062000000000 0.35599923000000000 0.39434624000000001 0.42701472000000001 0.38944425999999999 0.44784940000000001 0.44258621999999997 0.46117123999999998 0.44258621999999997 0.45314977000000001 0.43216937999999999 0.48299096000000002 0.45581407000000002 0.46386423999999998 0.45049489999999998 0.43476006000000000 0.41934855999999998 0.44521318999999998 0.42958762000000000 0.42189525000000000 0.40175980999999999 0.46117123999999998 0.47473398999999999 0.45049489999999998 0.44784940000000001 0.42701472000000001 0.44784940000000001 0.48576360000000002 0.5054645500000000 0.48299096000000002 0.49133984000000003 0.41428097000000003 0.45049489999999998 0.42701472000000001 0.43216937999999999 0.42701472000000001 0.44258621999999997 0.45314977000000001 0.40674322000000002 0.40424737999999999 0.36540373999999998 0.46117123999999998 0.40924738999999999 0.44784940000000001 0.42701472000000001 0.42958762000000000 0.40674322000000002 0.46117123999999998 0.42189525000000000 0.42189525000000000 0.44258621999999997 0.42445062000000000 0.42958762000000000 0.42189525000000000 0.42701472000000001 0.43476006000000000 0.41681047999999998 0.43216937999999999
7 0.25148259000000001 0.26171466999999998 0.24540967999999999 0.24540967999999999 0.12120551000000000 0.12463017999999999 0.0000000000000000000 0.18910900000000000 0.20231689000000000 0.24138823000000001 0.27000204999999999 0.28899040999999998 0.22945162999999999 0.25965706000000000 0.26377794999999998 0.30409882999999999 0.31729564999999998 0.28685669000000003 0.27627824000000001 0.32622433000000001 0.32622433000000001 0.46656693999999999 0.42445062000000000 0.39680929999999998 0.45581407000000002 0.5404903700000000 0.49414358000000003 0.48854653999999997 0.48022851999999999 0.47200175000000000 0.42189525000000000 0.45848787000000002 0.46386423999999998 0.45049489999999998 0.46386423999999998 0.5140688500000000 0.49133984000000003 0.46656693999999999 0.45049489999999998 0.48299096000000002 0.43216937999999999 0.45049489999999998 0.45848787000000002 0.41175995999999998 0.43216937999999999 0.47747623000000000 0.44258621999999997 0.49133984000000003 0.45314977000000001 0.47200175000000000 0.46927942000000000 0.47473398999999999 0.44521318999999998 0.48299096000000002 0.45848787000000002 0.49414358000000003 0.48854653999999997 0.45581407000000002 0.46927942000000000 0.47200175000000000 0.45581407000000002 0.46927942000000000 0.44784940000000001 0.49414358000000003 0.5054645500000000 0.46656693999999999 0.47747623000000000 0.47200175000000000 0.47473398999999999 0.5198603900000000 0.5404903700000000 0.5404903700000000 0.5315793700000000 0.44784940000000001 0.48576360000000002 0.46117123999999998 0.45848787000000002 0.45848787000000002 0.47473398999999999 0.48576360000000002 0.43996840999999998 0.46386423999999998 0.40424737999999999 0.47747623000000000 0.45049489999999998 0.49695783999999998 0.43735971000000001 0.44521318999999998 0.44258621999999997 0.46386423999999998 0.43735971000000001 0.44258621999999997 0.46656693999999999 0.43735971000000001 0.43216937999999999 0.42189525000000000 0.43996840999999998 0.43996840999999998 0.44521318999999998 0.46117123999999998
8 0.19851942000000000 0.20804940000000000 0.17246220000000001 0.18166477000000000 0.15438904000000001 0.16337118000000000 0.18910900000000000 0.0000000000000000000 0.09600718000000000 0.24138823000000001 0.25351786999999998 0.24742853000000001 0.15796900000000000 0.19662785999999999 0.21576155000000000 0.22748054000000001 0.26377794999999998 0.23142792000000001 0.23142792000000001 0.26584691999999999 0.28899040999999998 0.42445062000000000 0.37015059000000000 0.36068675000000000 0.39189125000000002 0.5083217000000000 0.44258621999999997 0.43216937999999999 0.45314977000000001 0.43996840999999998 0.41175995999999998 0.46386423999999998 0.42189525000000000 0.40674322000000002 0.41681047999999998 0.48576360000000002 0.43735971000000001 0.43216937999999999 0.43735971000000001 0.44784940000000001 0.41681047999999998 0.39928047000000000 0.41681047999999998 0.38944425999999999 0.40424737999999999 0.43735971000000001 0.39928047000000000 0.46656693999999999 0.45581407000000002 0.46386423999999998 0.47473398999999999 0.44258621999999997 0.43735971000000001 0.47200175000000000 0.44521318999999998 0.46117123999999998 0.43476006000000000 0.43735971000000001 0.45581407000000002 0.42958762000000000 0.43476006000000000 0.46927942000000000 0.41428097000000003 0.48022851999999999 0.48299096000000002 0.43476006000000000 0.45581407000000002 0.46656693999999999 0.46386423999999998 0.48299096000000002 0.5026182500000000 0.49133984000000003 0.5111897700000000 0.44784940000000001 0.48022851999999999 0.46656693999999999 0.47473398999999999 0.44521318999999998 0.46117123999999998 0.46117123999999998 0.42958762000000000 0.42701472000000001 0.39928047000000000 0.45581407000000002 0.40424737999999999 0.47747623000000000 0.44258621999999997 0.41681047999999998 0.41681047999999998 0.45581407000000002 0.42701472000000001 0.41681047999999998 0.44521318999999998 0.44258621999999997 0.45049489999999998 0.43996840999999998 0.45581407000000002 0.44784940000000001 0.41681047999999998 0.46656693999999999
9 0.21964756999999999 0.24339626000000000 0.20613369000000001 0.17612969000000001 0.15976541000000000 0.16518058999999999 0.20231689000000000 0.09600718000000000 0.0000000000000000000 0.22748054000000001 0.25148259000000001 0.25148259000000001 0.19098166000000000 0.21770205000000001 0.22945162999999999 0.23340943000000000 0.27208828000000002 0.24540967999999999 0.24540967999999999 0.27208828000000002 0.29975098999999999 0.40175980999999999 0.35833933000000001 0.33981987000000002 0.39189125000000002 0.48576360000000002 0.43996840999999998 0.40175980999999999 0.43735971000000001 0.42445062000000000 0.38700523999999997 0.43476006000000000 0.40424737999999999 0.40175980999999999 0.40674322000000002 0.47473398999999999 0.43476006000000000 0.41428097000000003 0.42958762000000000 0.41681047999999998 0.38944425999999999 0.39434624000000001 0.39680929999999998 0.36540373999999998 0.39680929999999998 0.42701472000000001 0.39680929999999998 0.44258621999999997 0.40424737999999999 0.41934855999999998 0.43216937999999999 0.41934855999999998 0.40175980999999999 0.44521318999999998 0.42958762000000000 0.42189525000000000 0.42189525000000000 0.39928047000000000 0.42445062000000000 0.41175995999999998 0.39928047000000000 0.43996840999999998 0.40175980999999999 0.43735971000000001 0.45848787000000002 0.42701472000000001 0.44521318999999998 0.43476006000000000 0.43996840999999998 0.45049489999999998 0.46386423999999998 0.44784940000000001 0.45848787000000002 0.42189525000000000 0.45581407000000002 0.41428097000000003 0.42958762000000000 0.40674322000000002 0.46927942000000000 0.43216937999999999 0.38700523999999997 0.41934855999999998 0.38700523999999997 0.46927942000000000 0.39928047000000000 0.45848787000000002 0.41934855999999998 0.40674322000000002 0.39434624000000001 0.43996840999999998 0.40175980999999999 0.40175980999999999 0.41428097000000003 0.41681047999999998 0.42445062000000000 0.40924738999999999 0.42445062000000000 0.42445062000000000 0.38215084999999999 0.43996840999999998
10 0.21382607000000001 0.27627824000000001 0.21964756999999999 0.22159815999999999 0.22551462000000000 0.20231689000000000 0.24138823000000001 0.24138823000000001 0.22748054000000001 0.0000000000000000000 0.28049172999999999 0.27627824000000001 0.23340943000000000 0.23539618000000001 0.23938555000000000 0.28685669000000003 0.31507998999999998 0.27208828000000002 0.27418033000000003 0.29542821000000002 0.32174670000000000 0.41934855999999998 0.35599923000000000 0.35599923000000000 0.38944425999999999 0.48299096000000002 0.44258621999999997 0.42958762000000000 0.47200175000000000 0.46386423999999998 0.41681047999999998 0.43735971000000001 0.40674322000000002 0.41681047999999998 0.43216937999999999 0.45049489999999998 0.42445062000000000 0.43216937999999999 0.45314977000000001 0.48576360000000002 0.39434624000000001 0.42445062000000000 0.44784940000000001 0.37732768000000000 0.41175995999999998 0.46117123999999998 0.41681047999999998 0.45848787000000002 0.40175980999999999 0.42445062000000000 0.43996840999999998 0.42445062000000000 0.41428097000000003 0.44258621999999997 0.41934855999999998 0.42189525000000000 0.42958762000000000 0.43996840999999998 0.41175995999999998 0.43216937999999999 0.42701472000000001 0.41934855999999998 0.40924738999999999 0.47473398999999999 0.47200175000000000 0.42958762000000000 0.45581407000000002 0.45314977000000001 0.45314977000000001 0.46927942000000000 0.48022851999999999 0.47747623000000000 0.47747623000000000 0.37973539000000001 0.41681047999999998 0.37732768000000000 0.41428097000000003 0.42189525000000000 0.46386423999999998 0.45314977000000001 0.40924738999999999 0.42445062000000000 0.38457412000000002 0.47200175000000000 0.40924738999999999 0.43996840999999998 0.39928047000000000 0.41428097000000003 0.40175980999999999 0.44784940000000001 0.41934855999999998 0.40674322000000002 0.41681047999999998 0.40924738999999999 0.41934855999999998 0.41428097000000003 0.41681047999999998 0.45314977000000001 0.39928047000000000 0.42189525000000000
11 0.21770205000000001 0.25965706000000000 0.24339626000000000 0.23340943000000000 0.24540967999999999 0.25148259000000001 0.27000204999999999 0.25351786999999998 0.25148259000000001 0.28049172999999999 0.0000000000000000000 0.07644085000000000 0.22159815999999999 0.23738822000000001 0.26377794999999998 0.27838203000000000 0.30847202000000001 0.27208828000000002 0.27627824000000001 0.30409882999999999 0.30409882999999999 0.41934855999999998 0.37732768000000000 0.38457412000000002 0.41175995999999998 0.5227730100000000 0.49133984000000003 0.46656693999999999 0.48299096000000002 0.45049489999999998 0.42701472000000001 0.48022851999999999 0.44258621999999997 0.45049489999999998 0.43216937999999999 0.46117123999999998 0.42958762000000000 0.46927942000000000 0.46656693999999999 0.47200175000000000 0.43996840999999998 0.44258621999999997 0.43476006000000000 0.40924738999999999 0.42189525000000000 0.46386423999999998 0.43996840999999998 0.46927942000000000 0.48299096000000002 0.48299096000000002 0.46656693999999999 0.47200175000000000 0.45581407000000002 0.49978270000000002 0.47200175000000000 0.49695783999999998 0.47200175000000000 0.46656693999999999 0.46927942000000000 0.46656693999999999 0.46656693999999999 0.48576360000000002 0.43216937999999999 0.46117123999999998 0.49133984000000003 0.48576360000000002 0.48299096000000002 0.46386423999999998 0.45314977000000001 0.49414358000000003 0.49414358000000003 0.47473398999999999 0.49695783999999998 0.42701472000000001 0.46927942000000000 0.43476006000000000 0.45581407000000002 0.44521318999999998 0.46927942000000000 0.45049489999999998 0.45314977000000001 0.46386423999999998 0.41934855999999998 0.41934855999999998 0.41934855999999998 0.46117123999999998 0.43996840999999998 0.44784940000000001 0.45314977000000001 0.49133984000000003 0.45581407000000002 0.44784940000000001 0.47747623000000000 0.46656693999999999 0.47747623000000000 0.47747623000000000 0.47747623000000000 0.48576360000000002 0.47473398999999999 0.48576360000000002
12 0.23142792000000001 0.25148259000000001 0.23539618000000001 0.24945281999999999 0.27000204999999999 0.26584691999999999 0.28899040999999998 0.24742853000000001 0.25148259000000001 0.27627824000000001 0.07644085000000000 0.0000000000000000000 0.22748054000000001 0.25351786999999998 0.26377794999999998 0.28049172999999999 0.31066821999999999 0.28049172999999999 0.28049172999999999 0.31287085999999997 0.28899040999999998 0.43216937999999999 0.38700523999999997 0.37253533000000000 0.42189525000000000 0.5404903700000000 0.5026182500000000 0.47747623000000000 0.49414358000000003 0.48022851999999999 0.45049489999999998 0.48576360000000002 0.45314977000000001 0.47200175000000000 0.45049489999999998 0.48299096000000002 0.44258621999999997 0.48854653999999997 0.48576360000000002 0.5054645500000000 0.44784940000000001 0.44258621999999997 0.44784940000000001 0.40424737999999999 0.44258621999999997 0.48854653999999997 0.46117123999999998 0.46386423999999998 0.48576360000000002 0.5054645500000000 0.47747623000000000 0.47747623000000000 0.43476006000000000 0.49978270000000002 0.45848787000000002 0.48854653999999997 0.45848787000000002 0.46117123999999998 0.46656693999999999 0.47200175000000000 0.46117123999999998 0.48299096000000002 0.42701472000000001 0.47473398999999999 0.49133984000000003 0.49695783999999998 0.49414358000000003 0.47747623000000000 0.46656693999999999 0.5026182500000000 0.5054645500000000 0.48022851999999999 0.5140688500000000 0.43735971000000001 0.47200175000000000 0.44258621999999997 0.45581407000000002 0.45314977000000001 0.5054645500000000 0.46117123999999998 0.46117123999999998 0.48022851999999999 0.43735971000000001 0.43996840999999998 0.44521318999999998 0.48299096000000002 0.45049489999999998 0.46386423999999998 0.46117123999999998 0.49133984000000003 0.46117123999999998 0.45049489999999998 0.48022851999999999 0.48576360000000002 0.48854653999999997 0.49414358000000003 0.49414358000000003 0.5054645500000000 0.48576360000000002 0.48854653999999997
13 0.11102436000000000 0.18537765000000000 0.13326088000000000 0.17797019000000000 0.17981520000000001 0.18537765000000000 0.22945162999999999 0.15796900000000000 0.19098166000000000 0.23340943000000000 0.22159815999999999 0.22748054000000001 0.0000000000000000000 0.11609766000000001 0.15082609000000000 0.16881256000000000 0.20804940000000000 0.17246220000000001 0.17063516000000001 0.19851942000000000 0.28472902999999999 0.33981987000000002 0.29113021000000000 0.30628223999999998 0.37973539000000001 0.44784940000000001 0.40424737999999999 0.36304154000000000 0.39680929999999998 0.39928047000000000 0.34210995000000000 0.41934855999999998 0.36304154000000000 0.38215084999999999 0.37015059000000000 0.43996840999999998 0.40674322000000002 0.39928047000000000 0.41681047999999998 0.42958762000000000 0.33753675999999999 0.33526057999999997 0.35134082999999999 0.32398218000000001 0.36068675000000000 0.38457412000000002 0.34440704000000000 0.40924738999999999 0.39928047000000000 0.42445062000000000 0.42701472000000001 0.41934855999999998 0.39434624000000001 0.44784940000000001 0.43216937999999999 0.42189525000000000 0.40424737999999999 0.39680929999999998 0.40674322000000002 0.41175995999999998 0.39680929999999998 0.42701472000000001 0.35366640999999999 0.45049489999999998 0.45581407000000002 0.40924738999999999 0.42189525000000000 0.41428097000000003 0.41428097000000003 0.43735971000000001 0.45848787000000002 0.42958762000000000 0.45314977000000001 0.37973539000000001 0.40175980999999999 0.41428097000000003 0.40924738999999999 0.37973539000000001 0.40674322000000002 0.41681047999999998 0.37492767999999999 0.37253533000000000 0.35134082999999999 0.41175995999999998 0.37253533000000000 0.40424737999999999 0.38215084999999999 0.37015059000000000 0.35599923000000000 0.41681047999999998 0.37492767999999999 0.37732768000000000 0.37732768000000000 0.37973539000000001 0.39189125000000002 0.38700523999999997 0.39434624000000001 0.39434624000000001 0.34902243999999999 0.41934855999999998
14 0.10934086000000000 0.18910900000000000 0.13326088000000000 0.17429370999999999 0.20422287000000000 0.20422287000000000 0.25965706000000000 0.19662785999999999 0.21770205000000001 0.23539618000000001 0.23738822000000001 0.25351786999999998 0.11609766000000001 0.0000000000000000000 0.11779642000000000 0.15438904000000001 0.18351892000000000 0.16337118000000000 0.16518058999999999 0.22551462000000000 0.30192175999999998 0.34210995000000000 0.28899040999999998 0.31507998999999998 0.34671119000000000 0.45314977000000001 0.40424737999999999 0.36304154000000000 0.41428097000000003 0.40424737999999999 0.34440704000000000 0.42445062000000000 0.33753675999999999 0.35833933000000001 0.35833933000000001 0.40674322000000002 0.39928047000000000 0.40424737999999999 0.42189525000000000 0.42958762000000000 0.34671119000000000 0.37253533000000000 0.37253533000000000 0.33299129000000000 0.37973539000000001 0.39928047000000000 0.34902243999999999 0.42189525000000000 0.39928047000000000 0.40424737999999999 0.41428097000000003 0.41934855999999998 0.39189125000000002 0.43476006000000000 0.40175980999999999 0.41428097000000003 0.41428097000000003 0.39680929999999998 0.40674322000000002 0.39189125000000002 0.40674322000000002 0.41175995999999998 0.35134082999999999 0.43476006000000000 0.45049489999999998 0.40175980999999999 0.42189525000000000 0.39680929999999998 0.39928047000000000 0.46386423999999998 0.46927942000000000 0.45581407000000002 0.46656693999999999 0.38215084999999999 0.39680929999999998 0.40674322000000002 0.40175980999999999 0.37015059000000000 0.38944425999999999 0.42958762000000000 0.36777341000000002 0.37732768000000000 0.37015059000000000 0.44784940000000001 0.39680929999999998 0.41934855999999998 0.37732768000000000 0.37492767999999999 0.36540373999999998 0.39680929999999998 0.36777341000000002 0.37492767999999999 0.39189125000000002 0.37253533000000000 0.38457412000000002 0.37492767999999999 0.38457412000000002 0.38944425999999999 0.35833933000000001 0.41175995999999998
15 0.14727998000000000 0.20613369000000001 0.12291589000000000 0.19285901000000000 0.22159815999999999 0.20997002000000001 0.26377794999999998 0.21576155000000000 0.22945162999999999 0.23938555000000000 0.26377794999999998 0.26377794999999998 0.15082609000000000 0.11779642000000000 0.0000000000000000000 0.13848737999999999 0.17246220000000001 0.12291589000000000 0.13848737999999999 0.20804940000000000 0.26792160999999998 0.31729564999999998 0.27838203000000000 0.29758648999999998 0.32398218000000001 0.40924738999999999 0.36068675000000000 0.33526057999999997 0.38944425999999999 0.37492767999999999 0.32174670000000000 0.39928047000000000 0.32847321000000002 0.33526057999999997 0.33981987000000002 0.36068675000000000 0.35833933000000001 0.36540373999999998 0.38700523999999997 0.38457412000000002 0.30192175999999998 0.33526057999999997 0.34210995000000000 0.31066821999999999 0.35833933000000001 0.38700523999999997 0.33072885000000002 0.36304154000000000 0.37253533000000000 0.38700523999999997 0.40175980999999999 0.39189125000000002 0.37973539000000001 0.41681047999999998 0.40924738999999999 0.41175995999999998 0.38944425999999999 0.37973539000000001 0.37973539000000001 0.36540373999999998 0.38215084999999999 0.38700523999999997 0.33981987000000002 0.40424737999999999 0.41428097000000003 0.38457412000000002 0.37973539000000001 0.36068675000000000 0.37253533000000000 0.42445062000000000 0.43476006000000000 0.40424737999999999 0.43476006000000000 0.35366640999999999 0.37492767999999999 0.36777341000000002 0.36304154000000000 0.35599923000000000 0.38700523999999997 0.39434624000000001 0.34440704000000000 0.37732768000000000 0.34210995000000000 0.38944425999999999 0.36540373999999998 0.38215084999999999 0.35134082999999999 0.34671119000000000 0.35833933000000001 0.37732768000000000 0.35134082999999999 0.34902243999999999 0.38215084999999999 0.36304154000000000 0.37492767999999999 0.37973539000000001 0.37253533000000000 0.37015059000000000 0.35599923000000000 0.38700523999999997
16 0.16881256000000000 0.22748054000000001 0.16337118000000000 0.20231689000000000 0.27208828000000002 0.26171466999999998 0.30409882999999999 0.22748054000000001 0.23340943000000000 0.28685669000000003 0.27838203000000000 0.28049172999999999 0.16881256000000000 0.15438904000000001 0.13848737999999999 0.0000000000000000000 0.09766097999999999 0.08453154000000000 0.09435701000000001 0.13152678000000001 0.24540967999999999 0.32622433000000001 0.28899040999999998 0.31287085999999997 0.34440704000000000 0.44521318999999998 0.38700523999999997 0.33981987000000002 0.39680929999999998 0.37973539000000001 0.32622433000000001 0.39189125000000002 0.33981987000000002 0.34671119000000000 0.35599923000000000 0.42189525000000000 0.38457412000000002 0.40175980999999999 0.41681047999999998 0.41175995999999998 0.32174670000000000 0.35833933000000001 0.34440704000000000 0.34210995000000000 0.37973539000000001 0.42445062000000000 0.37015059000000000 0.40424737999999999 0.38944425999999999 0.42958762000000000 0.41681047999999998 0.41428097000000003 0.39680929999999998 0.42701472000000001 0.41175995999999998 0.41428097000000003 0.38944425999999999 0.38944425999999999 0.40175980999999999 0.38457412000000002 0.38215084999999999 0.41175995999999998 0.36304154000000000 0.40674322000000002 0.42701472000000001 0.39680929999999998 0.42445062000000000 0.39680929999999998 0.39434624000000001 0.45049489999999998 0.45848787000000002 0.42189525000000000 0.43735971000000001 0.38944425999999999 0.38700523999999997 0.40674322000000002 0.39189125000000002 0.38700523999999997 0.41175995999999998 0.40175980999999999 0.37015059000000000 0.40175980999999999 0.37253533000000000 0.43216937999999999 0.37973539000000001 0.41681047999999998 0.37015059000000000 0.38457412000000002 0.36068675000000000 0.38457412000000002 0.35833933000000001 0.37015059000000000 0.38457412000000002 0.37253533000000000 0.38457412000000002 0.37492767999999999 0.38700523999999997 0.37732768000000000 0.36068675000000000 0.39680929999999998
17 0.19474106999999999 0.27000204999999999 0.19285901000000000 0.23938555000000000 0.29327613000000002 0.28685669000000003 0.31729564999999998 0.26377794999999998 0.27208828000000002 0.31507998999999998 0.30847202000000001 0.31066821999999999 0.20804940000000000 0.18351892000000000 0.17246220000000001 0.09766097999999999 0.0000000000000000000 0.09106752999999999 0.09931843999999999 0.14551320000000001 0.27000204999999999 0.31729564999999998 0.28472902999999999 0.32174670000000000 0.34671119000000000 0.43735971000000001 0.37492767999999999 0.34902243999999999 0.38457412000000002 0.37973539000000001 0.32174670000000000 0.39928047000000000 0.33526057999999997 0.33299129000000000 0.34210995000000000 0.37492767999999999 0.37253533000000000 0.37973539000000001 0.39680929999999998 0.39434624000000001 0.32398218000000001 0.35833933000000001 0.34440704000000000 0.34440704000000000 0.38215084999999999 0.41175995999999998 0.36304154000000000 0.40924738999999999 0.37973539000000001 0.41175995999999998 0.40924738999999999 0.40674322000000002 0.40674322000000002 0.42445062000000000 0.41681047999999998 0.41681047999999998 0.36540373999999998 0.40175980999999999 0.38944425999999999 0.38215084999999999 0.38215084999999999 0.40924738999999999 0.37015059000000000 0.41934855999999998 0.40924738999999999 0.38215084999999999 0.42701472000000001 0.39189125000000002 0.38944425999999999 0.42958762000000000 0.42189525000000000 0.41175995999999998 0.42958762000000000 0.37973539000000001 0.39434624000000001 0.41175995999999998 0.38700523999999997 0.38215084999999999 0.39928047000000000 0.41175995999999998 0.38944425999999999 0.37973539000000001 0.36777341000000002 0.44784940000000001 0.39680929999999998 0.42445062000000000 0.36777341000000002 0.36540373999999998 0.34902243999999999 0.37973539000000001 0.34671119000000000 0.35134082999999999 0.37253533000000000 0.35134082999999999 0.36540373999999998 0.35366640999999999 0.36540373999999998 0.35366640999999999 0.34902243999999999 0.38457412000000002
18 0.16881256000000000 0.22748054000000001 0.16337118000000000 0.21576155000000000 0.27208828000000002 0.25555868999999998 0.28685669000000003 0.23142792000000001 0.24540967999999999 0.27208828000000002 0.27208828000000002 0.28049172999999999 0.17246220000000001 0.16337118000000000 0.12291589000000000 0.08453154000000000 0.09106752999999999 0.0000000000000000000 0.044923610000000003 0.11779642000000000 0.25148259000000001 0.30628223999999998 0.26171466999999998 0.28685669000000003 0.32174670000000000 0.41681047999999998 0.36777341000000002 0.31507998999999998 0.38944425999999999 0.36304154000000000 0.30847202000000001 0.37015059000000000 0.31951787999999998 0.33072885000000002 0.33526057999999997 0.38215084999999999 0.37253533000000000 0.36068675000000000 0.37253533000000000 0.38700523999999997 0.29113021000000000 0.34210995000000000 0.33072885000000002 0.33526057999999997 0.37015059000000000 0.40175980999999999 0.35599923000000000 0.38700523999999997 0.40674322000000002 0.43476006000000000 0.43476006000000000 0.42701472000000001 0.42189525000000000 0.42701472000000001 0.41681047999999998 0.42701472000000001 0.38700523999999997 0.39928047000000000 0.38700523999999997 0.38215084999999999 0.38700523999999997 0.39680929999999998 0.34902243999999999 0.38944425999999999 0.40175980999999999 0.37973539000000001 0.40424737999999999 0.36304154000000000 0.37015059000000000 0.43216937999999999 0.43735971000000001 0.40924738999999999 0.42445062000000000 0.36304154000000000 0.37492767999999999 0.38457412000000002 0.37253533000000000 0.36540373999999998 0.39434624000000001 0.39434624000000001 0.36777341000000002 0.36540373999999998 0.34671119000000000 0.39434624000000001 0.37732768000000000 0.39680929999999998 0.34902243999999999 0.35366640999999999 0.36068675000000000 0.38457412000000002 0.35833933000000001 0.36304154000000000 0.37973539000000001 0.36777341000000002 0.37973539000000001 0.36777341000000002 0.37973539000000001 0.35833933000000001 0.35599923000000000 0.37492767999999999
19 0.17429370999999999 0.22748054000000001 0.15796900000000000 0.21576155000000000 0.25965706000000000 0.24742853000000001 0.27627824000000001 0.23142792000000001 0.24540967999999999 0.27418033000000003 0.27627824000000001 0.28049172999999999 0.17063516000000001 0.16518058999999999 0.13848737999999999 0.09435701000000001 0.09931843999999999 0.044923610000000003 0.0000000000000000000 0.10598515000000000 0.24540967999999999 0.32847321000000002 0.29113021000000000 0.31507998999999998 0.35599923000000000 0.42701472000000001 0.38700523999999997 0.33981987000000002 0.38944425999999999 0.38944425999999999 0.32847321000000002 0.39680929999999998 0.33753675999999999 0.34671119000000000 0.35134082999999999 0.40924738999999999 0.40424737999999999 0.39434624000000001 0.40175980999999999 0.40175980999999999 0.33072885000000002 0.36304154000000000 0.35134082999999999 0.35366640999999999 0.38457412000000002 0.41681047999999998 0.37015059000000000 0.39680929999999998 0.39928047000000000 0.44258621999999997 0.44521318999999998 0.43476006000000000 0.43216937999999999 0.43735971000000001 0.42701472000000001 0.42189525000000000 0.39680929999999998 0.40424737999999999 0.39680929999999998 0.40175980999999999 0.40175980999999999 0.41428097000000003 0.37015059000000000 0.41175995999999998 0.40424737999999999 0.40924738999999999 0.43476006000000000 0.39189125000000002 0.36777341000000002 0.42189525000000000 0.43216937999999999 0.41428097000000003 0.41934855999999998 0.36777341000000002 0.38944425999999999 0.37973539000000001 0.37253533000000000 0.35599923000000000 0.41175995999999998 0.40424737999999999 0.36304154000000000 0.37973539000000001 0.34671119000000000 0.42189525000000000 0.37253533000000000 0.39928047000000000 0.34671119000000000 0.36540373999999998 0.36540373999999998 0.38700523999999997 0.36304154000000000 0.37015059000000000 0.38700523999999997 0.37492767999999999 0.37973539000000001 0.36540373999999998 0.37732768000000000 0.36068675000000000 0.36304154000000000 0.38457412000000002
