45
1 0.0 0.01762448 0.0209386014 0.0402908641 0.0117122936 0.0210030771 0.0235843765 0.0060052984 0.0319739811 0.0202737643 0.0439937055 0.0212022605 0.0178265152 0.0289708828 0.0198646714 0.0327430517 0.0264664233 0.0323171036 0.00338746 0.0188827197 0.0190310479 0.0170423901 0.030572297 0.0289127719 0.0475768686 0.0133508494 0.0062532698 0.0086702976 0.0176945218 0.0186738233 0.006994243 0.0176396498 0.0282462099 0.0251959338 0.0283012013 0.0046350139 0.0350587636 0.0205400023 0.0321660332 0.0219557773 0.0280314119 0.0323864055 0.0132234569 0.022784197 0.0360020329
2 0.01762448 0.0 0.0265556339 0.0182933517 0.0214505528 0.0387408739 0.0209989647 0.0339031378 0.03753062 0.0181275364 0.0300786328 0.0192281033 0.020427431 0.0294133149 0.0246551518 0.0410846965 0.0320627062 0.0284199856 0.0087043614 0.0317098087 0.0119810023 0.019833749 0.0237857652 0.0121596611 0.0253513166 0.0395798749 0.0303611457 0.0210914555 0.0087640744 0.0250343921 0.0348742373 0.0241382492 0.0102736367 0.0075166807 0.0151871419 0.017593369 0.0301174121 0.0272460689 0.0066371431 0.0137793687 0.0126978537 0.0258055659 0.0085640033 0.014445153 0.0341723363
3 0.0209386014 0.0265556339 0.0 0.0213432903 0.0311571679 0.0307467919 0.0270935197 0.0165330948 0.0207260877 0.0175301791 0.009916095 0.0083991888 0.0300985768 0.0099089212 0.027784087 0.0217368752 0.0121126782 0.0269889891 0.0405500075 0.0045076639 0.0340291367 0.0411001805 0.0151161872 0.0231749055 0.0103325223 0.0282921714 0.0196838116 0.0279998125 0.0185093049 0.0256106252 0.0331009911 0.0451448082 0.0121855323 0.0109889947 0.0171699395 0.0170521238 0.0109603012 0.0255921605 0.0138406696 0.0334842703 0.0239798417 0.0174016378 0.0415270949 0.0128663329 0.0362291941
4 0.0402908641 0.0182933517 0.0213432903 0.0 0.0060677497 0.0344729631 0.0028854643 0.0350158407 0.0331047418 0.0232585579 0.0379837122 0.0130562045 0.0205197712 0.019680624 0.0343122898 0.030347874 0.0219820787 0.0410386125 0.0118909778 0.0361019682 0.0213697557 0.0243097505 0.0383805954 0.0123728008 0.0087447545 0.0265448105 0.0233941359 0.0261384548 0.0152168746 0.0277537259 0.0050701511 0.0235173451 0.0144615697 0.0229971926 0.0318772035 0.0224316024 0.0079970318 0.0240535035 0.0129658689 0.0178837847 0.0324224608 0.0288317792 0.0288174698 0.0142161593 0.0065842822
5 0.0117122936 0.0214505528 0.0311571679 0.0060677497 0.0 0.0260674926 0.032128124 0.0216274702 0.018126636 0.0341541892 0.0117172992 0.0414914865 0.0150795229 0.0274136691 0.0470705067 0.0190361554 0.0156942406 0.0295822535 0.03973295 0.020218653 0.0168658991 0.0281872151 0.0261546194 0.0264022052 0.0172483879 0.0343105624 0.0077759927 0.0120477773 0.0209001063 0.0133894424 0.0137748991 0.0262269575 0.0202217001 0.0165180498 0.0334478211 0.0395106371 0.0206994589 0.0226262021 0.0098300882 0.033379118 0.0118882018 0.024162942 0.0225840784 0.0117224555 0.0205967695
6 0.0210030771 0.0387408739 0.0307467919 0.0344729631 0.0260674926 0.0 0.0345775542 0.0131335198 0.0096844119 0.0304276097 0.0198714985 0.0048734035 0.0199653159 0.0342497208 0.0222608672 0.0201829931 0.0201400163 0.0291790855 0.0186844797 0.021172723 0.0265396743 0.0281875379 0.0300744447 0.0172658766 0.0244093434 0.0319140509 0.0180226154 0.0286453669 0.0130978388 0.0306463092 0.038545396 0.0088951017 0.0102416257 0.0175866469 0.0316593123 0.0133037997 0.0197478075 0.0150333336 0.0107792278 0.0281231598 0.0319838049 0.0223040291 0.0183447054 0.0253154365 0.0098991577
7 0.0235843765 0.0209989647 0.0270935197 0.0028854643 0.032128124 0.0345775542 0.0 0.0185077465 0.0202900539 0.029715824 0.0023509766 0.0235738699 0.0346831175 0.03209813 0.0124110358 0.0022817917 0.0279927386 0.0316098289 0.0200673141 0.0275453489 0.010717185 0.0174592928 0.0243218824 0.0241243982 0.0313469444 0.026435818 0.0223538733 0.0191337298 0.0205267458 0.0392540965 0.0188797427 0.0182283454 0.0287254418 0.0283195845 0.0206389778 0.0241669793 0.02960958 0.0176148719 0.0348198014 0.012350591 0.0115912512 0.0273969256 0.0225835675 0.0207322894 0.0242723047
8 0.0060052984 0.0339031378 0.0165330948 0.0350158407 0.0216274702 0.0131335198 0.0185077465 0.0 0.0172719673 0.0181016433 0.017854817 0.0195290553 0.0156615094 0.0058594317 0.0275225357 0.0409960352 0.0102197255 0.0270307419 0.0162612501 0.0217723632 0.0459366746 0.0095184498 0.0148573754 0.0225712667 0.0194927095 0.0051680216 0.0066561869 0.0263413859 0.0323784372 0.0079339028 0.0178320479 0.0291822939 0.0243828337 0.026633594 0.0258717557 0.0179946836 0.0291588467 0.0339699106 0.020148839 0.0301014372 0.0476269673 0.0087045859 0.0336049685 0.0404988744 0.0406267672
9 0.0319739811 0.03753062 0.0207260877 0.0331047418 0.018126636 0.0096844119 0.0202900539 0.0172719673 0.0 0.005552442 0.0213885904 0.0312144187 0.0338400041 0.0243807167 0.0123281685 0.0098868056 0.0230350714 0.025675785 0.0320062534 0.0347823542 0.0221935964 0.0091188126 0.0232087961 0.0154908099 0.020541846 0.0205150936 0.0116250192 0.0235373417 0.0242759674 0.0275055459 0.0342930881 0.0296905245 0.0384317308 0.0222872529 0.0188243197 0.0237164223 0.0238711583 0.0019405204 0.0201671501 0.0204860703 0.0174139366 0.0285443278 0.0221757232 0.0358536641 0.0214921725
10 0.0202737643 0.0181275364 0.0175301791 0.0232585579 0.0341541892 0.0304276097 0.029715824 0.0181016433 0.005552442 0.0 0.0229994138 0.0181658307 0.0246165759 0.0221156175 0.0253232356 0.0187878673 0.0247734106 0.0239150414 0.0267430392 0.036116335 0.0302880293 0.0185361005 0.017386215 0.008768133 0.0246574169 0.0257853924 0.0271789941 0.0135364551 0.0041851522 0.0233005381 0.0258826659 0.0278486183 0.0207124688 0.0295717657 0.0171589641 0.029036737 0.0274199509 0.031324963 0.0157469923 0.0316474714 0.0189278214 0.0303859411 0.0200383858 0.0271111404 0.012865575
11 0.0439937055 0.0300786328 0.009916095 0.0379837122 0.0117172992 0.0198714985 0.0023509766 0.017854817 0.0213885904 0.0229994138 0.0 0.0320915854 0.0266963068 0.0057894807 0.0068464949 0.0247438464 0.0282227843 0.0068768382 0.0289720804 0.0273402835 0.0187678885 0.0224731604 0.0154049435 0.0287626337 0.0155521303 0.033869164 0.0271959372 0.0301689775 0.024063409 0.0204272731 0.0450191056 0.0264845656 0.0268119008 0.0278562141 0.0191553118 0.042213768 0.012609843 0.0110651386 0.0108365989 0.0173176462 0.0229117489 0.0200768518 0.0243120659 0.0156836057 0.0352256764
12 0.0212022605 0.0192281033 0.0083991888 0.0130562045 0.0414914865 0.0048734035 0.0235738699 0.0195290553 0.0312144187 0.0181658307 0.0320915854 0.0 0.0235292672 0.0126066655 0.0079794609 0.0092730699 0.0235011821 0.0424703913 0.0086401336 0.0293143933 0.0093428439 0.0104219812 0.0343635791 0.0381582041 0.0085582686 0.0375748648 0.0118895465 0.0151076619 0.0229504777 0.0429276561 0.0544624197 0.018306564 0.0236447155 0.0253145989 0.0350565186 0.0268340141 0.0166306935 0.0275841304 0.0163102298 0.0144888241 0.0234006889 0.0099162229 0.0245716662 0.0220849771 0.0399586815
13 0.0178265152 0.020427431 0.0300985768 0.0205197712 0.0150795229 0.0199653159 0.0346831175 0.0156615094 0.0338400041 0.0246165759 0.0266963068 0.0235292672 0.0 0.0051560044 0.0378569088 0.0198452433 0.0292698009 0.0065262726 0.0367987647 0.0165922829 0.0219521248 0.0058462812 0.0280879524 0.0285642705 0.0289207577 0.0215794466 0.0105141266 0.0275796871 0.0311157656 0.024908429 0.014582912 0.0053250509 0.0378441259 0.0159430527 0.029988837 0.004215469 0.0181161431 0.0204899018 0.0252670252 0.0123674515 0.0333685966 0.0245200565 0.037858601 0.0209637526 0.0350909915
14 0.0289708828 0.0294133149 0.0099089212 0.019680624 0.0274136691 0.0342497208 0.03209813 0.0058594317 0.0243807167 0.0221156175 0.0057894807 0.0126066655 0.0051560044 0.0 0.0092368262 0.0132568324 0.0267460265 0.0282654702 0.0318993104 0.0144958241 0.0081563568 0.0228948714 0.0134275499 0.0171118091 0.025021919 0.0175493558 0.0488613743 0.0315982222 0.0245061068 0.0273607823 0.0198480924 0.0270633532 0.0391163106 0.0199958212 0.0276970992 0.024130227 0.0311900375 0.0216401899 0.0254851409 0.0153237521 0.0215192023 0.0337475262 0.0375332322 0.0277083074 0.009969891
15 0.0198646714 0.0246551518 0.027784087 0.0343122898 0.0470705067 0.0222608672 0.0124110358 0.0275225357 0.0123281685 0.0253232356 0.0068464949 0.0079794609 0.0378569088 0.0092368262 0.0 0.0179222699 0.0182194366 0.0128644152 0.0340395405 0.02336547 0.0137043591 0.0219883035 0.024340894 0.0159598498 0.005929227 0.0351574358 0.0212014723 0.0032134267 0.0280461828 0.0199802047 0.032768527 0.0372516412 0.013728949 0.0277230427 0.0310753466 0.0241785627 0.0380499748 0.0158358222 0.0278475625 0.0371876408 0.013451228 0.0206174406 0.0309546755 0.0023205845 0.035624274
16 0.0327430517 0.0410846965 0.0217368752 0.030347874 0.0190361554 0.0201829931 0.0022817917 0.0409960352 0.0098868056 0.0187878673 0.0247438464 0.0092730699 0.0198452433 0.0132568324 0.0179222699 0.0 0.0321255987 0.0293995322 0.013553961 0.0139531784 0.0270506087 0.0353276078 0.014798194 0.0308953149 0.0371510017 0.0143024165 0.0230614632 0.0218529078 0.0168167187 0.0150929983 0.0209586067 0.031504727 0.0284305399 0.0072976041 0.0419331149 0.0231262082 0.0028563746 0.0278589102 0.012884167 0.0256704389 0.0229486676 0.0218738432 0.0320255356 0.0334725103 0.0196518423
17 0.0264664233 0.0320627062 0.0121126782 0.0219820787 0.0156942406 0.0201400163 0.0279927386 0.0102197255 0.0230350714 0.0247734106 0.0282227843 0.0235011821 0.0292698009 0.0267460265 0.0182194366 0.0321255987 0.0 0.0268864795 0.0304600395 0.0311573165 0.018574179 0.0247940517 0.0158093442 0.0274181643 0.034656113 0.0155180206 0.0268522658 0.0301043213 0.0114101312 0.0174145946 0.0196139775 0.0387249883 0.0352443856 0.0170814471 0.0210531699 0.0247836174 0.017787634 0.0031694131 0.0227383177 0.0153802311 0.018383231 0.0121212079 0.0248519515 0.0332810261 0.0121664626
18 0.0323171036 0.0284199856 0.0269889891 0.0410386125 0.0295822535 0.0291790855 0.0316098289 0.0270307419 0.025675785 0.0239150414 0.0068768382 0.0424703913 0.0065262726 0.0282654702 0.0128644152 0.0293995322 0.0268864795 0.0 0.0184458898 0.0081535485 0.0215909693 0.0226154119 0.0088680393 0.014318322 0.026772932 0.0203242099 0.0190010487 0.0239717185 0.0281943169 0.0215696296 0.0087236815 0.0225158192 0.0124925366 0.0336927062 0.0092356182 0.0219246661 0.016630471 0.0426573 0.0289075416 0.0113790464 0.0392488925 0.0201785423 0.0118487308 0.0155613358 0.0221302488
19 0.00338746 0.0087043614 0.0405500075 0.0118909778 0.03973295 0.0186844797 0.0200673141 0.0162612501 0.0320062534 0.0267430392 0.0289720804 0.0086401336 0.0367987647 0.0318993104 0.0340395405 0.013553961 0.0304600395 0.0184458898 0.0 0.0278117875 0.0120934629 0.0228196774 0.0088210161 0.0212939635 0.0195443036 0.0112455464 0.0436240875 0.0112107612 0.0258081753 0.0327389384 0.0044360671 0.0185485668 0.027025935 0.0242024691 0.0302907413 0.0397091599 0.0162810375 0.0388253592 0.0157424658 0.0254299834 0.0410871011 0.0146278311 0.0314602949 0.0065400439 0.0079434113
20 0.0188827197 0.0317098087 0.0045076639 0.0361019682 0.020218653 0.021172723 0.0275453489 0.0217723632 0.0347823542 0.036116335 0.0273402835 0.0293143933 0.0165922829 0.0144958241 0.02336547 0.0139531784 0.0311573165 0.0081535485 0.0278117875 0.0 0.0249483955 0.0042019572 0.013540347 0.0144420689 0.0330719859 0.0156054286 0.0069567483 0.0266440809 0.0118444468 0.0231641847 0.0124214284 0.04059603 0.0319894472 0.0343640108 0.0164044728 0.0263157273 0.0266726957 0.0027103821 0.0313699639 0.0332858335 0.0184319589 0.0357507646 0.0105383701 0.0453974938 0.0143377548
21 0.0190310479 0.0119810023 0.0340291367 0.0213697557 0.0168658991 0.0265396743 0.010717185 0.0459366746 0.0221935964 0.0302880293 0.0187678885 0.0093428439 0.0219521248 0.0081563568 0.0137043591 0.0270506087 0.018574179 0.0215909693 0.0120934629 0.0249483955 0.0 0.0309798748 0.0192922863 0.0271825263 0.0344908491 0.0186715434 0.0315727486 0.0120532859 0.0209830608 0.0126212547 0.0256889692 0.0189399399 0.0292392006 0.0378585265 0.0156001473 0.0197362772 0.0137409939 0.0338924059 0.0366687151 0.0221865292 0.0211123992 0.028609756 0.0139159847 0.0248570813 0.0349724545
22 0.0170423901 0.019833749 0.0411001805 0.0243097505 0.0281872151 0.0281875379 0.0174592928 0.0095184498 0.0091188126 0.0185361005 0.0224731604 0.0104219812 0.0058462812 0.0228948714 0.0219883035 0.0353276078 0.0247940517 0.0226154119 0.0228196774 0.0042019572 0.0309798748 0.0 0.0317767402 0.0338350723 0.0291358363 0.0157530653 0.0258307614 0.0215149422 0.0110407256 0.0179325584 0.031609704 0.0167885138 0.0349734963 0.0218888314 0.0343743944 0.0270075099 0.0395362926 0.0399640543 0.019308213 0.0264271402 0.0146225331 0.0218947266 0.0183720675 0.0199140633 0.0088421008
23 0.030572297 0.0237857652 0.0151161872 0.0383805954 0.0261546194 0.0300744447 0.0243218824 0.0148573754 0.0232087961 0.017386215 0.0154049435 0.0343635791 0.0280879524 0.0134275499 0.024340894 0.014798194 0.0158093442 0.0088680393 0.0088210161 0.013540347 0.0192922863 0.0317767402 0.0 0.0126555609 0.0212241781 0.0261403806 0.03601034 0.0316671268 0.0208086028 0.0226323507 0.0378088641 0.0220033963 0.022994191 0.0372483264 0.0224633012 0.0100971082 0.0156609125 0.0343795926 0.0345965656 0.0240904037 0.0233009366 0.0147154445 0.022296556 0.0224515985 0.0123651994
24 0.0289127719 0.0121596611 0.0231749055 0.0123728008 0.0264022052 0.0172658766 0.0241243982 0.0225712667 0.0154908099 0.008768133 0.0287626337 0.0381582041 0.0285642705 0.0171118091 0.0159598498 0.0308953149 0.0274181643 0.014318322 0.0212939635 0.0144420689 0.0271825263 0.0338350723 0.0126555609 0.0 0.0265748843 0.0257689801 0.0391533265 0.0168864609 0.0182079073 0.038263117 0.025841223 0.0156925628 0.0262422417 0.0195106973 0.0214571971 0.0307665081 0.0168427368 0.0276302153 0.0101086893 0.0187632005 0.0246727318 0.0308260188 0.0176307927 0.0263580556 0.0209618638
25 0.0475768686 0.0253513166 0.0103325223 0.0087447545 0.0172483879 0.0244093434 0.0313469444 0.0194927095 0.020541846 0.0246574169 0.0155521303 0.0085582686 0.0289207577 0.025021919 0.005929227 0.0371510017 0.034656113 0.026772932 0.0195443036 0.0330719859 0.0344908491 0.0291358363 0.0212241781 0.0265748843 0.0 0.0196066532 0.0246598791 0.0234757112 0.0272722864 0.0131461985 0.0064389863 0.0281077451 0.0160324929 0.0302407357 0.0064376507 0.0226468875 0.0259847378 0.0270904545 0.0310901614 0.0048516124 0.0058788878 0.0364994495 0.0294615774 0.0285410041 0.0162303919
26 0.0133508494 0.0395798749 0.0282921714 0.0265448105 0.0343105624 0.0319140509 0.026435818 0.0051680216 0.0205150936 0.0257853924 0.033869164 0.0375748648 0.0215794466 0.0175493558 0.0351574358 0.0143024165 0.0155180206 0.0203242099 0.0112455464 0.0156054286 0.0186715434 0.0157530653 0.0261403806 0.0257689801 0.0196066532 0.0 0.01925378 0.0153279214 0.0388147634 0.0215041803 0.0168947077 0.0219910441 0.0176965258 0.0238601687 0.0255874051 0.0038384261 0.0157755348 0.0339546719 0.0188038878 0.0236804939 0.0223876263 0.0301841714 0.0096640659 0.035154424 0.0250630447
27 0.0062532698 0.0303611457 0.0196838116 0.0233941359 0.0077759927 0.0180226154 0.0223538733 0.0066561869 0.0116250192 0.0271789941 0.0271959372 0.0118895465 0.0105141266 0.0488613743 0.0212014723 0.0230614632 0.0268522658 0.0190010487 0.0436240875 0.0069567483 0.0315727486 0.0258307614 0.03601034 0.0391533265 0.0246598791 0.01925378 0.0 0.0221229461 0.0277627477 0.0042176172 0.0194180802 0.0287737203 0.0262598408 0.025657212 0.0187682985 0.0344413556 0.0364062334 0.004432588 0.0247346276 0.0276701605 0.0316096412 0.0237137118 0.0174972792 0.0243315926 0.0132383968
28 0.0086702976 0.0210914555 0.0279998125 0.0261384548 0.0120477773 0.0286453669 0.0191337298 0.0263413859 0.0235373417 0.0135364551 0.0301689775 0.0151076619 0.0275796871 0.0315982222 0.0032134267 0.0218529078 0.0301043213 0.0239717185 0.0112107612 0.0266440809 0.0120532859 0.0215149422 0.0316671268 0.0168864609 0.0234757112 0.0153279214 0.0221229461 0.0 0.024141766 0.0326594744 0.0232110361 0.0332585373 0.0193122605 0.0255511505 0.0316895146 0.0131079899 0.022763586 0.0256449703 0.0262019875 0.0139520859 0.0386264422 0.0254994531 0.0310788039 0.0138009469 0.0278577582
29 0.0176945218 0.0087640744 0.0185093049 0.0152168746 0.0209001063 0.0130978388 0.0205267458 0.0323784372 0.0242759674 0.0041851522 0.024063409 0.0229504777 0.0311157656 0.0245061068 0.0280461828 0.0168167187 0.0114101312 0.0281943169 0.0258081753 0.0118444468 0.0209830608 0.0110407256 0.0208086028 0.0182079073 0.0272722864 0.0388147634 0.0277627477 0.024141766 0.0 0.0181610953 0.0285852053 0.0136354048 0.0291233765 0.0180834251 0.0344271536 0.0278279073 0.0125075277 0.02071322 0.0313105976 0.0376355075 0.0348383177 0.0243990426 0.0226356237 0.0305431633 0.0262368179
30 0.0186738233 0.0250343921 0.0256106252 0.0277537259 0.0133894424 0.0306463092 0.0392540965 0.0079339028 0.0275055459 0.0233005381 0.0204272731 0.0429276561 0.024908429 0.0273607823 0.0199802047 0.0150929983 0.0174145946 0.0215696296 0.0327389384 0.0231641847 0.0126212547 0.0179325584 0.0226323507 0.038263117 0.0131461985 0.0215041803 0.0042176172 0.0326594744 0.0181610953 0.0 0.0436154561 0.0310518478 0.0226681563 0.0216387696 0.0093049177 0.024328572 0.0263075342 0.0049378014 0.0184287127 0.0154818389 0.0224866011 0.0227970681 0.0287484895 0.0118537534 0.0305255427
31 0.006994243 0.0348742373 0.0331009911 0.0050701511 0.0137748991 0.038545396 0.0188797427 0.0178320479 0.0342930881 0.0258826659 0.0450191056 0.0544624197 0.014582912 0.0198480924 0.032768527 0.0209586067 0.0196139775 0.0087236815 0.0044360671 0.0124214284 0.0256889692 0.031609704 0.0378088641 0.025841223 0.0064389863 0.0168947077 0.0194180802 0.0232110361 0.0285852053 0.0436154561 0.0 0.0164789223 0.0194219944 0.0035689201 0.0273753475 0.0172725359 0.0163010126 0.024654747 0.0260179542 0.0017553971 0.0220572435 0.0313254881 0.0326373921 0.0077524027 0.0321861306
32 0.0176396498 0.0241382492 0.0451448082 0.0235173451 0.0262269575 0.0088951017 0.0182283454 0.0291822939 0.0296905245 0.0278486183 0.0264845656 0.018306564 0.0053250509 0.0270633532 0.0372516412 0.031504727 0.0387249883 0.0225158192 0.0185485668 0.04059603 0.0189399399 0.0167885138 0.0220033963 0.0156925628 0.0281077451 0.0219910441 0.0287737203 0.0332585373 0.0136354048 0.0310518478 0.0164789223 0.0 0.0216750591 0.0277073851 0.0201161771 0.0012599809 0.0248019987 0.0059218039 0.0141735589 0.0128730316 0.0284496313 0.038015196 0.0144321747 0.0090374052 0.0179817634
33 0.0282462099 0.0102736367 0.0121855323 0.0144615697 0.0202217001 0.0102416257 0.0287254418 0.0243828337 0.0384317308 0.0207124688 0.0268119008 0.0236447155 0.0378441259 0.0391163106 0.013728949 0.0284305399 0.0352443856 0.0124925366 0.027025935 0.0319894472 0.0292392006 0.0349734963 0.022994191 0.0262422417 0.0160324929 0.0176965258 0.0262598408 0.0193122605 0.0291233765 0.0226681563 0.0194219944 0.0216750591 0.0 0.0226212562 0.0251151271 0.017939007 0.005512428 0.0254541534 0.0217809904 0.0186365176 0.0210991102 0.0069169845 0.0159070278 0.0290180025 0.020148964
34 0.0251959338 0.0075166807 0.0109889947 0.0229971926 0.0165180498 0.0175866469 0.0283195845 0.026633594 0.0222872529 0.0295717657 0.0278562141 0.0253145989 0.0159430527 0.0199958212 0.0277230427 0.0072976041 0.0170814471 0.0336927062 0.0242024691 0.0343640108 0.0378585265 0.0218888314 0.0372483264 0.0195106973 0.0302407357 0.0238601687 0.025657212 0.0255511505 0.0180834251 0.0216387696 0.0035689201 0.0277073851 0.0226212562 0.0 0.0263275718 0.0318223602 0.0164608146 0.01044507 0.0328780896 0.0201911726 0.0286502665 0.0090325597 0.0292715643 0.0255958098 0.0128026539
35 0.0283012013 0.0151871419 0.0171699395 0.0318772035 0.0334478211 0.0316593123 0.0206389778 0.0258717557 0.0188243197 0.0171589641 0.0191553118 0.0350565186 0.029988837 0.0276970992 0.0310753466 0.0419331149 0.0210531699 0.0092356182 0.0302907413 0.0164044728 0.0156001473 0.0343743944 0.0224633012 0.0214571971 0.0064376507 0.0255874051 0.0187682985 0.0316895146 0.0344271536 0.0093049177 0.0273753475 0.0201161771 0.0251151271 0.0263275718 0.0 0.0247658879 0.0321687695 0.0232122075 0.0136206789 0.021550048 0.0037972477 0.0028960205 0.0144323818 0.0169982917 0.0254873957
36 0.0046350139 0.017593369 0.0170521238 0.0224316024 0.0395106371 0.0133037997 0.0241669793 0.0179946836 0.0237164223 0.029036737 0.042213768 0.0268340141 0.004215469 0.024130227 0.0241785627 0.0231262082 0.0247836174 0.0219246661 0.0397091599 0.0263157273 0.0197362772 0.0270075099 0.0100971082 0.0307665081 0.0226468875 0.0038384261 0.0344413556 0.0131079899 0.0278279073 0.024328572 0.0172725359 0.0012599809 0.017939007 0.0318223602 0.0247658879 0.0 0.0422804725 0.0368635048 0.0249396129 0.0396095705 0.0149099273 0.0166294506 0.0222627999 0.0177356532 0.011037907
37 0.0350587636 0.0301174121 0.0109603012 0.0079970318 0.0206994589 0.0197478075 0.02960958 0.0291588467 0.0238711583 0.0274199509 0.012609843 0.0166306935 0.0181161431 0.0311900375 0.0380499748 0.0028563746 0.017787634 0.016630471 0.0162810375 0.0266726957 0.0137409939 0.0395362926 0.0156609125 0.0168427368 0.0259847378 0.0157755348 0.0364062334 0.022763586 0.0125075277 0.0263075342 0.0163010126 0.0248019987 0.005512428 0.0164608146 0.0321687695 0.0422804725 0.0 0.0319289215 0.0314065674 0.0369843609 0.0192415485 0.0222094374 0.0231227871 0.0289451851 0.0116443906
38 0.0205400023 0.0272460689 0.0255921605 0.0240535035 0.0226262021 0.0150333336 0.0176148719 0.0339699106 0.0019405204 0.031324963 0.0110651386 0.0275841304 0.0204899018 0.0216401899 0.0158358222 0.0278589102 0.0031694131 0.0426573 0.0388253592 0.0027103821 0.0338924059 0.0399640543 0.0343795926 0.0276302153 0.0270904545 0.0339546719 0.004432588 0.0256449703 0.02071322 0.0049378014 0.024654747 0.0059218039 0.0254541534 0.01044507 0.0232122075 0.0368635048 0.0319289215 0.0 0.0247547963 0.0289418298 0.0217069434 0.0100485329 0.0262436177 0.0210595214 0.0243462916
39 0.0321660332 0.0066371431 0.0138406696 0.0129658689 0.0098300882 0.0107792278 0.0348198014 0.020148839 0.0201671501 0.0157469923 0.0108365989 0.0163102298 0.0252670252 0.0254851409 0.0278475625 0.012884167 0.0227383177 0.0289075416 0.0157424658 0.0313699639 0.0366687151 0.019308213 0.0345965656 0.0101086893 0.0310901614 0.0188038878 0.0247346276 0.0262019875 0.0313105976 0.0184287127 0.0260179542 0.0141735589 0.0217809904 0.0328780896 0.0136206789 0.0249396129 0.0314065674 0.0247547963 0.0 0.0266902772 0.0326303892 0.0266418159 0.0190232321 0.0336168582 0.026082194
40 0.0219557773 0.0137793687 0.0334842703 0.0178837847 0.033379118 0.0281231598 0.012350591 0.0301014372 0.0204860703 0.0316474714 0.0173176462 0.0144888241 0.0123674515 0.0153237521 0.0371876408 0.0256704389 0.0153802311 0.0113790464 0.0254299834 0.0332858335 0.0221865292 0.0264271402 0.0240904037 0.0187632005 0.0048516124 0.0236804939 0.0276701605 0.0139520859 0.0376355075 0.0154818389 0.0017553971 0.0128730316 0.0186365176 0.0201911726 0.021550048 0.0396095705 0.0369843609 0.0289418298 0.0266902772 0.0 0.0195734026 0.0312177673 0.0263837629 0.0190720644 0.030759928
41 0.0280314119 0.0126978537 0.0239798417 0.0324224608 0.0118882018 0.0319838049 0.0115912512 0.0476269673 0.0174139366 0.0189278214 0.0229117489 0.0234006889 0.0333685966 0.0215192023 0.013451228 0.0229486676 0.018383231 0.0392488925 0.0410871011 0.0184319589 0.0211123992 0.0146225331 0.0233009366 0.0246727318 0.0058788878 0.0223876263 0.0316096412 0.0386264422 0.0348383177 0.0224866011 0.0220572435 0.0284496313 0.0210991102 0.0286502665 0.0037972477 0.0149099273 0.0192415485 0.0217069434 0.0326303892 0.0195734026 0.0 0.0024526163 0.0006215307 0.0266753052 0.0272838538
42 0.0323864055 0.0258055659 0.0174016378 0.0288317792 0.024162942 0.0223040291 0.0273969256 0.0087045859 0.0285443278 0.0303859411 0.0200768518 0.0099162229 0.0245200565 0.0337475262 0.0206174406 0.0218738432 0.0121212079 0.0201785423 0.0146278311 0.0357507646 0.028609756 0.0218947266 0.0147154445 0.0308260188 0.0364994495 0.0301841714 0.0237137118 0.0254994531 0.0243990426 0.0227970681 0.0313254881 0.038015196 0.0069169845 0.0090325597 0.0028960205 0.0166294506 0.0222094374 0.0100485329 0.0266418159 0.0312177673 0.0024526163 0.0 0.0340875615 0.0311705302 0.0188627697
43 0.0132234569 0.0085640033 0.0415270949 0.0288174698 0.0225840784 0.0183447054 0.0225835675 0.0336049685 0.0221757232 0.0200383858 0.0243120659 0.0245716662 0.037858601 0.0375332322 0.0309546755 0.0320255356 0.0248519515 0.0118487308 0.0314602949 0.0105383701 0.0139159847 0.0183720675 0.022296556 0.0176307927 0.0294615774 0.0096640659 0.0174972792 0.0310788039 0.0226356237 0.0287484895 0.0326373921 0.0144321747 0.0159070278 0.0292715643 0.0144323818 0.0222627999 0.0231227871 0.0262436177 0.0190232321 0.0263837629 0.0006215307 0.0340875615 0.0 0.0147849682 0.0180693812
44 0.022784197 0.014445153 0.0128663329 0.0142161593 0.0117224555 0.0253154365 0.0207322894 0.0404988744 0.0358536641 0.0271111404 0.0156836057 0.0220849771 0.0209637526 0.0277083074 0.0023205845 0.0334725103 0.0332810261 0.0155613358 0.0065400439 0.0453974938 0.0248570813 0.0199140633 0.0224515985 0.0263580556 0.0285410041 0.035154424 0.0243315926 0.0138009469 0.0305431633 0.0118537534 0.0077524027 0.0090374052 0.0290180025 0.0255958098 0.0169982917 0.0177356532 0.0289451851 0.0210595214 0.0336168582 0.0190720644 0.0266753052 0.0311705302 0.0147849682 0.0 0.0321729795
45 0.0360020329 0.0341723363 0.0362291941 0.0065842822 0.0205967695 0.0098991577 0.0242723047 0.0406267672 0.0214921725 0.012865575 0.0352256764 0.0399586815 0.0350909915 0.009969891 0.035624274 0.0196518423 0.0121664626 0.0221302488 0.0079434113 0.0143377548 0.0349724545 0.0088421008 0.0123651994 0.0209618638 0.0162303919 0.0250630447 0.0132383968 0.0278577582 0.0262368179 0.0305255427 0.0321861306 0.0179817634 0.020148964 0.0128026539 0.0254873957 0.011037907 0.0116443906 0.0243462916 0.026082194 0.030759928 0.0272838538 0.0188627697 0.0180693812 0.0321729795 0.0
