128
1 0.0129904915 0.0069782136 0.0018087432 0.0034824851 0.0076983942 0.0085572194 0.0072593933 0.0132999524 0.0102789806 0.0094850754 0.009856784 0.0062855283 0.0089531972 0.0060491714 0.0087032959 0.0088323007 0.009487957 0.0050789808 0.0076402304 0.0085053133 0.0082937513 0.0098989534 0.0084588817 0.0073128062 0.0109825724 0.0075842616 0.002094068 0.0112372508 0.0096033635 0.0056215162 0.0112143403 0.0048215634 0.0116032249 0.0078217113 0.0075630883 0.0025016198 0.010433005 0.0055249749 0.007659335 0.0122981877 0.0038544846 0.0046441204 0.0085029799 0.0124937139 0.0073112816 0.0056804529 0.0094877717 0.0080078573 0.0093593886 0.0051474988 0.0066854646 0.007165983 0.0072723484 0.0056094137 0.0091020519 0.0046035618 0.0072429628 0.0058820816 0.0093790469 0.0056955201 0.002300529 0.0136045107 0.0064029819 0.0103598521 0.0129133909 0.0118601039 0.0098795566 0.0112363533 0.0084704301 0.0101174122 0.010753747 0.0083312328 0.0015704907 0.0066579932 0.0079449069 0.0098830391 0.0053895843 0.0077848175 0.0049146984 0.0124420412 0.0092226881 0.0076413976 0.0080537239 0.0098862934 0.0038229854 0.0065763027 0.0058421084 0.0104110122 0.008190965 0.0050100087 0.0053055304 0.0145277253 0.0108477691 0.0070482319 0.006333242 0.0100705127 0.0142494104 0.0089842734 0.0071300982 0.0111166204 0.0061754185 0.0052610867 0.0047163422 0.0027653161 0.0037121697 0.0041229584 0.002963027 0.0053863371 0.0051595628 0.0066089231 0.0089538374 0.0062794231 0.0114749167 0.0123084545 0.0062712164 0.0038438393 0.0033754906 0.0100548433 0.0037064473 0.0039739053 0.002172029 0.0155948818 0.0047824255 0.0057703076 0.008849279 0.0140882073 0.0118813133 0.0097713019 
2 0.0069782136 0.005566225 0.0061683832 0.0111808731 0.0053723033 0.0080881361 0.0072514985 0.0035426177 0.0080528948 0.0221681057 0.0079511812 0.0044644757 0.0143031027 0.0081234675 0.0078237928 0.0073246805 0.0047062246 0.0086439357 0.0050731453 0.0145723054 0.0082822378 0.0083450753 0.0059896592 0.0062955578 0.0033124036 0.0087005552 0.0094756462 0.0071634287 0.0069239777 0.0054901739 0.0039655662 0.0056073479 0.0106954585 0.0082186676 0.0057417826 0.002215093 0.0120299083 0.0069919633 0.0129308641 0.0047067058 0.0095286401 0.0080528002 0.0022907913 0.0160013935 0.0080610742 0.0053890718 0.0049717639 0.0093766545 0.0091308398 0.0059466493 0.0130167092 0.0068332666 0.0089640992 0.0100932813 0.0085868684 0.0045975544 0.0100958101 0.0071207777 0.0070533949 0.0137095528 0.0050733361 0.0083397859 0.0059298647 0.0057593501 0.0032004065 0.0069857544 0.0070327495 0.0098773399 0.0079433343 0.0075891147 0.0052839893 0.0044446348 0.0068691646 0.0072282092 0.008102144 0.008918178 0.0067151976 0.007180095 0.0016844309 0.0159076249 0.0099118555 0.0087284248 0.0093417292 0.0108486186 0.0090188685 0.0122214611 0.0131602035 0.0080680547 0.0090715864 0.0087262313 0.0077143788 0.0063867244 0.0018271248 0.0040343334 0.0043007231 0.0078553702 0.0072063579 0.0070852762 0.0108578329 0.0090570872 0.0108584412 0.0095682297 0.00612014 0.0078203686 0.0032401978 0.0082800578 0.0096965777 0.0045344144 0.0114667716 0.0058246668 0.0042289953 0.0102622981 0.0103887684 0.0072534771 0.0065037408 0.0071267024 0.01251231 0.0115900055 0.0039404368 0.0044840717 0.0107668349 0.0066830814 0.008418621 0.007233934 0.0105097705 0.0057730868 0.008220696 0.0019477282 
3 0.0018087432 0.0061683832 0.0196128404 0.0120910645 0.0098210747 0.0104547357 0.0044747382 0.0148843063 0.0064662485 0.0050899621 0.0051734682 0.0039328945 0.0047601765 0.0074297375 0.011595282 0.0083491289 0.0102985143 0.0085680873 0.0088807758 0.0080228943 0.0107497178 0.006911433 0.0073729838 0.0089907 0.0060960277 0.0122197616 0.0042734001 0.0055634894 0.006974926 0.0078844917 0.0108300388 0.003071901 0.0095956845 0.002714216 0.0065908955 0.0122820908 0.0044274891 0.0079287351 0.0036980209 0.0077644101 0.0060548907 0.0075789906 0.0071023065 0.0075407709 0.0083697827 0.0118714581 0.0067465068 0.0083587073 0.0097975254 0.0056148565 0.011512594 0.0065407857 0.0076011597 0.0059537976 0.0093847103 0.0080652016 0.0079783583 0.0028514823 0.0047239908 0.0072771477 0.0095280526 0.003543522 0.0062470056 0.015348749 0.009671297 0.0037220039 0.0086581328 0.0087491152 0.0087366341 0.0125574195 0.0105223842 0.0061060812 0.0058425508 0.0072507153 0.0061710259 0.0067651065 0.005412365 0.0083448768 0.0092432794 0.0082295656 0.0073232702 0.0065526401 0.0039073856 0.0040511205 0.0071894563 0.0097757403 0.0036227491 0.0108752825 0.0062318215 0.0089828165 0.0066470886 0.00721589 0.0049545023 0.0079121432 0.0087199267 0.0030585996 0.0127918131 0.0153416141 0.0031527329 0.0099361358 0.0103434699 0.0094233529 0.0053056423 0.0071891934 0.007104458 0.0042485875 0.0085380668 0.0084502909 0.0039641989 0.0048116664 0.0091042328 0.0103234775 0.0122715195 0.0069031023 0.0030178644 0.0075417463 0.0146301967 0.0095170804 0.0049181838 0.0071463733 0.007958711 0.0085848792 0.008002823 0.009785341 0.0107386178 0.0102021254 0.0070041585 0.0093295361 
4 0.0034824851 0.0111808731 0.0120910645 0.005165251 0.0105203166 0.0053635731 0.0113258119 0.0098964311 0.0085372905 0.0066831908 0.0099617265 0.0129114521 0.0087817453 0.0057629434 0.0082614429 0.0096447437 0.0096487665 0.0080294791 0.0049760812 0.0122615182 0.0016784294 0.0098369517 0.0048767999 0.0050492018 0.0049284042 0.0066401043 0.0065578665 0.0091300398 0.0050656647 0.0061286917 0.0102663193 0.00936291 0.0113851618 0.0108810937 0.0056957074 0.0135014297 0.0154322182 0.0085289057 0.0065046401 0.0037456213 0.0042879326 0.0082206947 0.0086703105 0.0105145903 0.0115005712 0.0123429699 0.0036755476 0.0124010897 0.0063481443 0.0059243998 0.005708062 0.0153331062 0.0139684664 0.0025900405 0.0072157014 0.0062441778 0.0044046361 0.0064228671 0.0095572586 0.006236628 0.0132546496 0.0102417076 0.0061630263 0.0105464229 0.0080542484 0.0054545539 0.0092072867 0.00743608 0.0073579921 0.0132394823 0.0052218358 0.0076163162 0.0093124466 0.0064111896 0.006871986 0.01115212 0.0029322845 0.0025897167 0.0079016644 0.0084016624 0.007575101 0.0037317065 0.0059308087 0.0036662409 0.0080485105 0.0067257485 0.0093345125 0.0066296519 0.0112852363 0.0061969361 0.007133885 0.0059795548 0.0105583608 0.0084537417 0.0088574908 0.0123674698 0.0136539832 0.0097328288 0.004461653 0.0052417719 0.0046031927 0.008375162 0.0058910377 0.0074766363 0.0059202726 0.005934002 0.0073897265 0.0075087473 0.008285719 0.0025820285 0.0108753779 0.0077891501 0.0055270896 0.0087664758 0.0050445255 0.0049380968 0.0077717586 0.0039479199 0.0107862477 0.0059491128 0.0062797957 0.007063474 0.0027850069 0.0087688784 0.0112171189 0.0071189654 0.0082896848 0.0069333889 
5 0.0076983942 0.0053723033 0.0098210747 0.0105203166 0.0065514032 0.0112472532 0.0019061851 0.0122970651 0.0028630089 0.0052480339 0.0123824005 0.0098092664 0.0090545552 0.0078153 0.0104105441 0.0054586432 0.0096241716 0.0090423778 0.0055061951 0.0070316699 0.0088128408 0.0097301455 0.0052258628 0.0050613496 0.0022175644 0.0125264048 0.0095867308 0.0045026615 0.006873709 0.0109339389 0.0027167039 0.0144131502 0.009558193 0.006581189 0.0143776351 0.0045338113 0.0041559452 0.0057384508 0.0018396652 0.0150604326 0.0058941877 0.0021592156 0.0102547247 0.0093136207 0.0053859091 0.0058456278 0.0056976853 0.0065064813 0.0081094779 0.0103335468 0.0034224934 0.0112888566 0.0077055875 0.0071268604 0.0059307234 0.0091185188 0.008532831 0.0117271528 0.0067588663 0.0114157946 0.011229022 0.0094323531 0.0075900556 0.0048327109 0.0095940388 0.0051706951 0.0072635206 0.0054762055 0.0075778344 0.00319686 0.0069247931 0.0119005782 0.0129042318 0.0052699427 0.0037726966 0.0088509618 0.0033294673 0.0075168626 0.0107392433 0.0082192312 0.0081903232 0.0073024615 0.0072909103 0.0096971304 0.0090871542 0.0064178417 0.0067968749 0.0061187432 0.0087966674 0.0054869428 0.0049328892 0.0082901499 0.0139176796 0.0083397174 0.0071017609 0.0087034768 0.0109696545 0.0062085743 0.0034287107 0.0090086296 0.0054819291 0.0164760269 0.0057714582 0.0146876511 0.0085790182 0.0061941221 0.0065023865 0.0068085333 0.010999128 0.0036687414 0.0145097722 0.0072097215 0.0091150073 0.0113649628 0.0100389417 0.0039059056 0.0047070078 0.0049117198 0.0127019408 0.0056136159 0.0134000737 0.0065036079 0.0049606089 0.0074813806 0.0072667285 0.0085099135 0.0039077458 0.0052100454 
6 0.0085572194 0.0080881361 0.0104547357 0.0053635731 0.0112472532 0.0078768384 0.0105192656 0.0061853324 0.0064115634 0.003379046 0.0067145004 0.0074160637 0.0092127822 0.0054651054 0.0048911322 0.0127136642 0.0065205002 0.005839729 0.0058672037 0.0073518634 0.0126662221 0.0085164563 0.0102340602 0.0077497134 0.0074544786 0.008451708 0.0074826264 0.0201393569 0.0067797358 0.0061378783 0.0051902553 0.0034565726 0.0101144868 0.008783788 0.0109040592 0.0046737542 0.0057675073 0.0059629516 0.0056941264 0.0043032433 0.0039812885 0.0060019012 0.0097620926 0.0058617159 0.0092731052 0.0055286108 0.0103574599 0.0098086125 0.0096697145 0.0094128398 0.0081365724 0.0068394758 0.0153399677 0.0130944546 0.0142614317 0.0148744909 0.0100065194 0.0042056238 0.007176595 0.005373657 0.0091571247 0.0116820722 0.0077919236 0.0071862271 0.0102676632 0.0039111426 0.0101470629 0.0061616859 0.0107926409 0.0067409055 0.0015266474 0.0067110769 0.0099253421 0.0104505819 0.0130651544 0.0086205037 0.0090153108 0.0086019796 0.0052849797 0.0099140246 0.002064396 0.0074687017 0.0067654813 0.0064271427 0.0052491762 0.0051777864 0.0034395144 0.0075914866 0.0059733152 0.0086928054 0.0075859324 0.0063727182 0.0047968015 0.0091146101 0.009759496 0.0083606651 0.0093119466 0.004715451 0.0091772729 0.0044519709 0.0076128323 0.0060790222 0.0076584218 0.0016175935 0.0111174599 0.0050445871 0.0105367652 0.005800356 0.0072523851 0.0043130343 0.0070850813 0.0076217808 0.0039919484 0.0147867271 0.0083088818 0.0081371483 0.0062340016 0.0085697293 0.0073060153 0.0065183744 0.0065904602 0.0072993497 0.0076360344 0.0068844127 0.0101817492 0.0078201441 0.0073647759 0.0116755909 
7 0.0072593933 0.0072514985 0.0044747382 0.0113258119 0.0019061851 0.0105192656 0.0054990247 0.0062330564 0.0058360774 0.0107033922 0.0071605062 0.0044765912 0.0073184787 0.0136516573 0.0084083895 0.0030724223 0.0046191734 0.0094946807 0.012539806 0.0096937279 0.012886044 0.0091418173 0.0095248401 0.0039133058 0.0061171005 0.0095137747 0.0072143055 0.0077317294 0.0087413109 0.0100659 0.0099829878 0.0035149293 0.005319235 0.0097892532 0.0059242106 0.0039073369 0.0032136321 0.0081543674 0.0015344015 0.0082230531 0.005673971 0.0091422171 0.0084550422 0.0071387925 0.008791616 0.009376606 0.0072852357 0.00894464 0.0067206229 0.0107339898 0.0052207744 0.0070125993 0.0163378612 0.0045984846 0.006742479 0.0119718389 0.0073410124 0.0101071791 0.0165372873 0.0116493069 0.0079916344 0.0037473575 0.0063383234 0.0062222755 0.0078529749 0.0080126713 0.002228728 0.010178854 0.006661242 0.0089073171 0.0053258133 0.0096093935 0.0102126625 0.0042716377 0.005550442 0.0048470447 0.0084913529 0.0115015417 0.0069715386 0.0137658963 0.0053242305 0.0150131714 0.0052323533 0.0102529197 0.0019377766 0.0071950519 0.0031924644 0.0079635444 0.005903465 0.008871889 0.006259674 0.0109814598 0.0096228266 0.0054663251 0.006350554 0.0108854217 0.0058080533 0.0082609433 0.0109579294 0.0069555517 0.0072293803 0.0091477181 0.0035888431 0.0106553631 0.0113732146 0.0101505166 0.00861007 0.0073998966 0.0046062973 0.0085675736 0.0059598869 0.0057441578 0.0074619753 0.0101053292 0.00740058 0.0131854142 0.0090149992 0.0082915059 0.0063179035 0.0073095377 0.0070333235 0.0078752529 0.0061538263 0.0065496778 0.0086397466 0.006039255 0.0075960898 0.0112293907 
8 0.0132999524 0.0035426177 0.0148843063 0.0098964311 0.0122970651 0.0061853324 0.0062330564 0.0066486589 0.0090698442 0.0103923743 0.0025845676 0.0114135861 0.0101974761 0.0054919463 0.0077989092 0.0022193018 0.0087623629 0.0084899115 0.0013988885 0.0072370452 0.0024345497 0.0093857309 0.0081279042 0.0075786541 0.0036388882 0.0028946058 0.0025927509 0.0093447281 0.0091339231 0.0084299129 0.0060206192 0.0055362287 0.0078318981 0.01398286 0.0109629657 0.0030968508 0.0101088796 0.0078967171 0.0107182673 0.0102221395 0.0102886794 0.0090495153 0.0085647532 0.0034710687 0.0051514596 0.0062507555 0.0055203115 0.0073329356 0.0083103621 0.0089916656 0.0077162811 0.0076101108 0.0064090287 0.0019736351 0.0078087453 0.0133311207 0.0087769825 0.0051256811 0.006368793 0.0047607157 0.0025476701 0.0064260886 0.0095172129 0.0080648935 0.0109678362 0.0058459992 0.0084192456 0.0122625452 0.0101455845 0.007831165 0.0108282756 0.0102560138 0.0095922932 0.0103202272 0.0062287999 0.0071949088 0.0041366246 0.0081794538 0.0102164474 0.0088660059 0.0048186736 0.008977344 0.0094163759 0.0128901795 0.0078810188 0.0069152775 0.0064445622 0.0050142434 0.0109301734 0.0084678758 0.012618039 0.0134447513 0.0038414788 0.0080316933 0.0050476804 0.0077992113 0.0104294121 0.0074415582 0.0126018252 0.0041500583 0.002701395 0.0052959678 0.0116866067 0.0080078155 0.0091364151 0.0049624709 0.0076025574 0.0071820463 0.011861661 0.0077861493 0.0092909086 0.0079827809 0.0118452681 0.0112662877 0.0090448533 0.009141483 0.0033890276 0.0047980337 0.0060066442 0.0079391588 0.0044072986 0.0080299789 0.007489744 0.0072167005 0.0082832797 0.0052887114 0.0087335109 0.0078192143 
9 0.0102789806 0.0080528948 0.0064662485 0.0085372905 0.0028630089 0.0064115634 0.0058360774 0.0090698442 0.0066434651 0.0125788178 0.0108719805 0.0048345139 0.006350867 0.0038533832 0.0096727117 0.0056167107 0.008016803 0.0078874693 0.007001 0.007425344 0.0089730697 0.0059714013 0.0062598709 0.0067575039 0.0082527612 0.0100883968 0.0145931731 0.0081134951 0.0061346437 0.0092307019 0.0061188085 0.0123006002 0.0074427562 0.0090485986 0.0053183465 0.0085820964 0.0080641195 0.008133904 0.006073095 0.004230333 0.0136564801 0.0076709145 0.0050618895 0.0061119322 0.0059185627 0.0099609434 0.0057929227 0.0039577451 0.0130757546 0.0064593822 0.0131299585 0.0039527307 0.0028968362 0.009421319 0.0059439478 0.007904393 0.0077095785 0.008439087 0.0105371055 0.0088228099 0.008924601 0.0081411623 0.0070399963 0.0105262334 0.0086814316 0.0064475251 0.01319626 0.0106828697 0.0035072093 0.0085808698 0.002643853 0.0035580013 0.0099457636 0.0094971894 0.0029599701 0.0080613958 0.0081296365 0.0095650807 0.0075900405 0.0102651306 0.0086994985 0.0129867415 0.0076718379 0.0050258694 0.0072376394 0.0085306457 0.0129343825 0.0081851335 0.0106385828 0.0052899023 0.0113341576 0.0077470004 0.0044505907 0.0060358145 0.010599512 0.0038526395 0.0044730789 0.0106117979 0.0108117151 0.004482825 0.0041300576 0.0079870542 0.0058320417 0.0138484428 0.0104164472 0.0056001335 0.0071336969 0.004487069 0.0089361205 0.0082824731 0.010469131 0.0090195399 0.0055795634 0.0067120065 0.0026837237 0.009149574 0.0057915334 0.0042848618 0.0100407581 0.0047555908 0.0089941413 0.012125092 0.0085192339 0.0094269263 0.0099283103 0.008691044 0.0070819752 0.0061689295 
10 0.0094850754 0.0221681057 0.0050899621 0.0066831908 0.0052480339 0.003379046 0.0107033922 0.0103923743 0.0125788178 0.0113969 0.0038348422 0.0131090744 0.0039720488 0.01119749 0.0066514444 0.0158750665 0.0026198763 0.0062135047 0.0041213181 0.004199462 0.0076717837 0.0070144202 0.0061502597 0.0095056554 0.0112350615 0.0089262027 0.0097171967 0.0069829341 0.014767483 0.0107890341 0.0100768565 0.0052291917 0.0111978401 0.0038003684 0.0052192274 0.0065229136 0.0089077849 0.0054402263 0.005504447 0.0093632118 0.008293303 0.0058655069 0.0064621758 0.0066466126 0.0074756708 0.0068260412 0.0079657062 0.0040270092 0.0043589081 0.0104952523 0.0064799589 0.0073091775 0.0109084993 0.0086583913 0.0043227672 0.0040685035 0.0095241909 0.0045862774 0.0098448419 0.0049791521 0.0092678717 0.0069819254 0.0090531195 0.0053252726 0.0067805618 0.0097682822 0.0074303231 0.0050431038 0.0094489084 0.0103496743 0.0056651978 0.0035796053 0.0043685588 0.0014790948 0.0126185849 0.0095886434 0.0085671869 0.0115818927 0.0051905835 0.008045192 0.0044575055 0.0075072255 0.0071404358 0.0143868983 0.010967774 0.0069796123 0.0095933895 0.0057584096 0.0103976492 0.008645639 0.0102094112 0.0146111801 0.0062440435 0.009515329 0.0088277739 0.0062877558 0.0060144254 0.0077254982 0.0078245443 0.007160896 0.0062310638 0.0027076265 0.0098526169 0.0131018771 0.0118374112 0.0112588924 0.0066120282 0.004365404 0.0119774434 0.0050789591 0.0045817656 0.008008046 0.0046876253 0.0034562542 0.0056383234 0.0063830045 0.0090057121 0.0079142866 0.0058863009 0.0093617475 0.0106276388 0.001730491 0.0031926561 0.00867745 0.0078538766 0.0135894297 0.0085268596 0.0054271599 
11 0.009856784 0.0079511812 0.0051734682 0.0099617265 0.0123824005 0.0067145004 0.0071605062 0.0025845676 0.0108719805 0.0038348422 0.0063225813 0.0077514521 0.0081381098 0.005059361 0.0051882067 0.0054707449 0.0106456445 0.0119852999 0.0044003418 0.0053016426 0.0091029483 0.00658736 0.0064997364 0.0072726732 0.0101679028 0.0129219442 0.0082735384 0.0094058521 0.0053949552 0.0089811902 0.0084858746 0.0104071158 0.0054375059 0.0089199464 0.0100706756 0.0066245134 0.0076461202 0.0100724622 0.006272239 0.00201847 0.007436055 0.0147462425 0.0069742132 0.0106687947 0.0080044024 0.0048293749 0.0074137193 0.0070065712 0.0069726904 0.0099195576 0.0128458066 0.0082100056 0.0082492993 0.0045114381 0.003427282 0.0095881601 0.0065145659 0.0120426167 0.0093181601 0.0071344481 0.0065140586 0.0079293027 0.0066073878 0.0128336505 0.0046377485 0.0092145307 0.0073343987 0.0042865028 0.0055801156 0.0099359719 0.0108027129 0.00394976 0.0061341152 0.0061829684 0.0089181899 0.0054820671 0.0102222692 0.0092557669 0.0063465315 0.007340673 0.0068379547 0.0050649555 0.0120403016 0.008756651 0.0110137956 0.0080048527 0.0080434149 0.0063490952 0.0066217336 0.0053652612 0.0034479939 0.0052039902 0.0080939449 0.0070292315 0.003726294 0.0087784211 0.0092251132 0.0086458218 0.0105256556 0.0061285476 0.0109533393 0.0064141216 0.0130596261 0.0077684729 0.003968039 0.0039512346 0.0099796134 0.0055555918 0.0071058065 0.0107718195 0.0060220786 0.004378252 0.0142671926 0.0127026902 0.0078853018 0.0059077772 0.0074170699 0.0085480079 0.0109171782 0.0055415968 0.01015276 0.0112729318 0.0068821153 0.0052544191 0.0074653866 0.0062618589 0.0088287072 0.0092234896 
12 0.0062855283 0.0044644757 0.0039328945 0.0129114521 0.0098092664 0.0074160637 0.0044765912 0.0114135861 0.0048345139 0.0131090744 0.0077514521 0.0071187549 0.0075929306 0.0087037418 0.0114629524 0.010246629 0.0051597452 0.0079000733 0.0129920919 0.0103084469 0.007177255 0.0072422759 0.0105766 0.0035371458 0.0065810839 0.008859308 0.0070841927 0.006952199 0.0109970772 0.0064863491 0.0086009626 0.0094344574 0.0034921623 0.0103982585 0.0086064682 0.0052512551 0.0052361007 0.0046989589 0.0114729659 0.0048804985 0.0070730242 0.0066677354 0.0070622634 0.0065898527 0.0117586066 0.0088369105 0.0091752193 0.0119755757 0.0077410218 0.0078391934 0.0071610607 0.0102238108 0.002633298 0.0076389217 0.0092505828 0.0168061342 0.0138883411 0.0059607501 0.0092891319 0.0061165747 0.0117660333 0.0070894656 0.0045420658 0.0079994675 0.004977576 0.0062962862 0.0105672068 0.0054579001 0.0030051596 0.0093711751 0.0066643004 0.0113789226 0.0105296241 0.004980082 0.0065326574 0.0117105825 0.0057485087 0.0127121177 0.0067698398 0.0095809994 0.0111072507 0.0061106355 0.0069167606 0.0086426712 0.0092183194 0.0050273363 0.012698915 0.0065196082 0.0049013066 0.0053169584 0.0087717815 0.0072602294 0.0096724434 0.0047503216 0.0049801389 0.0075781753 0.0084016907 0.0057142098 0.006403492 0.0059731582 0.0062904684 0.0048253263 0.0052684822 0.0102999551 0.0077213851 0.0072287417 0.0033319822 0.0045232056 0.0112053288 0.0084010494 0.00293725 0.0131016419 0.0114993567 0.0003907986 0.0070250105 0.0074987126 0.0049148174 0.009638044 0.0089569947 0.0107118611 0.0145598064 0.0038457667 0.006398919 0.004458461 0.0085212539 0.0042670052 0.0087164744 0.01067268 
13 0.0089531972 0.0143031027 0.0047601765 0.0087817453 0.0090545552 0.0092127822 0.0073184787 0.0101974761 0.006350867 0.0039720488 0.0081381098 0.0075929306 0.0048668726 0.0110038689 0.0081102576 0.010995771 0.0041489598 0.0061038886 0.0123015877 0.0051423636 0.011354242 0.0028320911 0.0064553657 0.0092418715 0.0071224831 0.0072684397 0.0092057242 0.007872006 0.0014075536 0.0045328611 0.0039001144 0.0059118293 0.0060206961 0.0149119162 0.0044946011 0.0051382605 0.0081975924 0.0059861886 0.0044884406 0.0036781003 0.0069512623 0.0063983698 0.0089588576 0.0060383628 0.0102645387 0.0056168677 0.0078908135 0.0056348167 0.0076942748 0.0017737238 0.0068263963 0.0106501889 0.005217546 0.0044827565 0.0067929509 0.0094596768 0.0094008772 0.0048330887 0.0083197776 0.0055192313 0.0034591191 0.0089160171 0.0113013489 0.0099762084 0.01074551 0.0108083895 0.0059116064 0.0068020431 0.0117422504 0.0068140484 0.0074004806 0.00768309 0.01461552 0.0110142037 0.0132072728 0.0043205907 0.0058213123 0.0058266153 0.0035911343 0.0086181623 0.0046850482 0.0050990463 0.0079375956 0.0116881809 0.0042617968 0.003778317 0.0073892096 0.0106984279 0.0120022552 0.0073439941 0.0078129209 0.0136700352 0.0068386454 0.0096028856 0.0049907469 0.0104884175 0.0095140353 0.0136369225 0.0069367598 0.0136123519 0.0144527282 0.0062489332 0.0074540649 0.0167468784 0.0095747744 0.0082649231 0.0074928025 0.0062887789 0.0098623216 0.0033079735 0.0071758804 0.0083651075 0.0032899768 0.0083656799 0.010883513 0.0115953305 0.0079532362 0.0083325642 0.0064542594 0.007050232 0.0111277089 0.0056052823 0.0092675615 0.0085271127 0.0066107071 0.007929984 0.0065582027 0.0045971716 
14 0.0060491714 0.0081234675 0.0074297375 0.0057629434 0.0078153 0.0054651054 0.0136516573 0.0054919463 0.0038533832 0.01119749 0.005059361 0.0087037418 0.0110038689 0.0083833043 0.0060623539 0.0106732489 0.0049302589 0.0079900869 0.0090807139 0.0139995913 0.0071003208 0.0037523638 0.0078399561 0.0067917402 0.005822547 0.0115138464 0.0098780907 0.0065989497 0.0077805208 0.0077316492 0.0102220257 0.0062780322 0.0062855517 0.0071476497 0.012397624 0.0053233715 0.0047688585 0.0054341181 0.0060724978 0.0024746581 0.0106142823 0.0076658278 0.0076240133 0.0093369632 0.0048411201 0.0086653825 0.0081354128 0.0055803953 0.0075492155 0.0100406935 0.00681273 0.0084624429 0.0069389322 0.006079798 0.0129640167 0.0044004273 0.0067387307 0.0105678642 0.0077622208 0.014396755 0.0085824909 0.0086441753 0.0080901404 0.01288198 0.0053945978 0.0081085552 0.0082088294 0.0070312621 0.003902936 0.0064428361 0.0071418174 0.0072107384 0.0037340156 0.0087885221 0.0147366711 0.0091598901 0.0074721667 0.0074876911 0.0119278267 0.0097043685 0.0112800892 0.0135188898 0.0101551112 0.0081323898 0.0063599362 0.0153460903 0.0116364881 0.0092986207 0.0103482999 0.0064142489 0.0097204207 0.0069883405 0.0062430295 0.0041568861 0.0026727714 0.0093698042 0.0066333598 0.0090121861 0.0072715946 0.0090914096 0.0074098713 0.0095975003 0.0084626331 0.0074044507 0.0084677798 0.0136109523 0.0070585374 0.0061400668 0.008433086 0.0033405214 0.0059536269 0.007155928 0.0042876853 0.0049105016 0.003171338 0.011833753 0.0061139372 0.0052824523 0.0073660157 0.0038199581 0.0073432233 0.00696687 0.0096250479 0.0046840063 0.0043757693 0.0076225796 0.0086996574 0.0054424452 
15 0.0087032959 0.0078237928 0.011595282 0.0082614429 0.0104105441 0.0048911322 0.0084083895 0.0077989092 0.0096727117 0.0066514444 0.0051882067 0.0114629524 0.0081102576 0.0060623539 0.0057732068 0.0064082102 0.0073196826 0.0056743976 0.0119650352 0.0098122739 0.0097154408 0.0060422968 0.0071440212 0.0054097471 0.0043233988 0.0100428957 0.0045893701 0.0091567514 0.0072429275 0.0080696372 0.008612981 0.0124135625 0.0125846633 0.0052542939 0.0111199907 0.0081170786 0.0076133583 0.012309082 0.0068371594 0.0052265678 0.0076729195 0.0053811942 0.0069818451 0.0098020537 0.0055436308 0.0073877143 0.0151621714 0.0078648198 0.0066574826 0.006732055 0.0076205435 0.0023325007 0.0071915505 0.0069784587 0.009437598 0.0120362742 0.0067117896 0.0070789102 0.0136816911 0.0059285059 0.007962671 0.0064392471 0.010289282 0.0082535244 0.0052002121 0.0083379388 0.0100426561 0.007534681 0.0053454651 0.0076403759 0.0129570783 0.0057148306 0.0064292001 0.0092456025 0.0025658814 0.0119860979 0.0091287014 0.005743669 0.0095186704 0.0073372822 0.0067040932 0.0081825772 0.013516731 0.0035173032 0.0097092695 0.0059727286 0.0103301602 0.0099578371 0.0064142587 0.0140131285 0.0044869831 0.0048674014 0.0083000744 0.0060114935 0.0102539464 0.0077686919 0.0035582165 0.0041662142 0.0117012937 0.0073147281 0.0137827148 0.0122519867 0.0113273015 0.0054420521 0.0101219354 0.0058620994 0.0061585538 0.0102269951 0.0079390952 0.0048372129 0.0086780182 0.0028145882 0.007776867 0.0065244597 0.0084884041 0.0111433572 0.0074582218 0.0072655576 0.002149627 0.0083487025 0.0089345356 0.0089410497 0.0042332588 0.0038165756 0.0072015905 0.0018581756 0.0055300409 0.0044643705 
16 0.0088323007 0.0073246805 0.0083491289 0.0096447437 0.0054586432 0.0127136642 0.0030724223 0.0022193018 0.0056167107 0.0158750665 0.0054707449 0.010246629 0.010995771 0.0106732489 0.0064082102 0.0055411358 0.0066190986 0.0029755502 0.007978781 0.0071990155 0.008446757 0.0081206486 0.0057828679 0.0117106741 0.0049494981 0.0081053915 0.0073401715 0.0034850221 0.0038928906 0.0093609865 0.0064115881 0.0102540752 0.0080340676 0.0071523681 0.0088291773 0.0087612337 0.0096822246 0.0050403218 0.0093879757 0.0073805217 0.0095200228 0.0057666002 0.0041726091 0.0071122234 0.0116334132 0.0042875159 0.0114194935 0.0085733495 0.0077849384 0.0092588383 0.0092746597 0.0054567651 0.0067475799 0.0048165067 0.002819733 0.0066167224 0.0079852422 0.0070188997 0.0058791762 0.0118187102 0.0099615637 0.0033733202 0.0039334753 0.0082137046 0.0092067471 0.0094720227 0.0059648924 0.0077255409 0.0089409128 0.0079437728 0.0055771522 0.014229931 0.0120461843 0.0058490019 0.0067393643 0.0060930928 0.010919788 0.0080793146 0.0110026901 0.0063986969 0.0085938344 0.0063999288 0.0057974746 0.0114577475 0.0094801669 0.011419785 0.0084411198 0.0060297593 0.0062087688 0.007746663 0.0081559216 0.0110051238 0.0065506049 0.0078031927 0.0078714967 0.0070140912 0.0049960905 0.0053730684 0.0081710851 0.0124430943 0.006700427 0.0039982306 0.0124313841 0.0041024948 0.0084208364 0.0081457828 0.0062804039 0.0058089665 0.0071616213 0.0084885445 0.0099125953 0.0096956915 0.0071258954 0.0058745646 0.007368161 0.0118837114 0.0072188876 0.0113801055 0.0079295246 0.0055749212 0.0059987088 0.0147618981 0.0077126021 0.0043326575 0.0081402083 0.0067999205 0.0059429004 0.0148718593 
17 0.009487957 0.0047062246 0.0102985143 0.0096487665 0.0096241716 0.0065205002 0.0046191734 0.0087623629 0.008016803 0.0026198763 0.0106456445 0.0051597452 0.0041489598 0.0049302589 0.0073196826 0.0066190986 0.0094445893 0.0031329911 0.004869342 0.0078737933 0.0036223001 0.0089623864 0.0052449347 0.0084071482 0.0103413648 0.0123660042 0.0070955993 0.0055674755 0.0153818555 0.0154051027 0.0071856561 0.0026866572 0.0058083842 0.0069719182 0.0075934294 0.0100309865 0.0095838608 0.0039523252 0.0078916672 0.008470196 0.0136553012 0.0133114887 0.0080525417 0.004569907 0.0127657567 0.0040153013 0.0095010562 0.0094911707 0.0062012367 0.0075313226 0.0103792127 0.009876165 0.007325109 0.0026686589 0.0082783147 0.0070472933 0.0057868061 0.0025454926 0.0090279901 0.0097026872 0.0072673117 0.0047812998 0.0021895092 0.0061935878 0.0071193883 0.0102093508 0.0054122607 0.0071407397 0.0108523922 0.0132070957 0.007697956 0.0108116925 0.0105390643 0.0110479648 0.0099836306 0.0025599591 0.0080796642 0.0079624825 0.0044527011 0.0075303009 0.003952639 0.0070321816 0.0070541801 0.0105428913 0.0043261375 0.0041422831 0.0129458962 0.0102766878 0.004456053 0.0093272123 0.0034212028 0.0169018049 0.0079036497 0.0038946142 0.0103250712 0.0087075099 0.0073687518 0.0101622691 0.0132158861 0.0049134934 0.004526342 0.0077919614 0.0092540658 0.012220143 0.0119229114 0.0104688492 0.0050867754 0.0071497925 0.0108260293 0.0114694697 0.0071152638 0.0062382088 0.0021071887 0.009015078 0.0045105359 0.0104063694 0.0056869786 0.0095724026 0.0062825304 0.0057886849 0.0094096775 0.0060774585 0.0081463918 0.0074737081 0.0102374891 0.0084783284 0.0059386107 0.0081394685 
18 0.0050789808 0.0086439357 0.0085680873 0.0080294791 0.0090423778 0.005839729 0.0094946807 0.0084899115 0.0078874693 0.0062135047 0.0119852999 0.0079000733 0.0061038886 0.0079900869 0.0056743976 0.0029755502 0.0031329911 0.0130530243 0.0103806754 0.006499179 0.0106069113 0.0095360599 0.005266627 0.0128490632 0.0100666334 0.0070155669 0.0112067932 0.0098107715 0.0086913899 0.0057764056 0.0112184891 0.0171894772 0.0059375113 0.0035956475 0.0019297719 0.0044484758 0.0041349676 0.0049326248 0.0095195007 0.007430257 0.0072357854 0.0075231929 0.0087862409 0.0038874245 0.0067477918 0.0029855763 0.0114573878 0.003065839 0.0067299074 0.0150365778 0.0054889678 0.0030143924 0.0063740007 0.0126135488 0.0052697656 0.0045104685 0.0045420902 0.0027473951 0.006416755 0.0072641959 0.0061274069 0.0062159561 0.0111631344 0.0063743444 0.0121938845 0.0091165019 0.008308704 0.0097768861 0.0052090725 0.0092523592 0.0125490942 0.0048253794 0.0074744384 0.0092357803 0.0074553005 0.0063102733 0.0063671301 0.0091982154 0.0145465292 0.0042276314 0.010501669 0.0078783865 0.0073952479 0.0114731063 0.0071790924 0.0119916804 0.0013786214 0.005593186 0.0077106934 0.006624739 0.0077593952 0.0037756964 0.0127112697 0.0073452923 0.0061294848 0.0059982369 0.005760602 0.0084044738 0.0110126671 0.0075043601 0.0074671111 0.0101742408 0.0134047189 0.0064853321 0.0111937032 0.0101146279 0.0048104189 0.0061355762 0.0045385126 0.0089968512 0.0110315758 0.0085989692 0.005107173 0.0064097261 0.0084436691 0.0099944933 0.0018003767 0.0059742729 0.0166939948 0.0072833338 0.006918229 0.0081354989 0.0118359866 0.0118039669 0.0096098909 0.0062121553 0.0036178283 0.0113082728 
19 0.0076402304 0.0050731453 0.0088807758 0.0049760812 0.0055061951 0.0058672037 0.012539806 0.0013988885 0.007001 0.0041213181 0.0044003418 0.0129920919 0.0123015877 0.0090807139 0.0119650352 0.007978781 0.004869342 0.0103806754 0.0031969659 0.0053168148 0.0091173001 0.0096217671 0.007689074 0.0070765158 0.0040779576 0.0053083243 0.0043542255 0.0082422197 0.0022301805 0.0078984017 0.0082231156 0.0061579538 0.0094729528 0.0099395063 0.0066741375 0.0124785643 0.0033227516 0.0065373822 0.0061772671 0.0111365047 0.009115997 0.0093550758 0.0093777511 0.0095464393 0.008588244 0.0138295128 0.0087006325 0.0097380836 0.003253881 0.0072494955 0.0094497265 0.007274898 0.0061420801 0.0040860158 0.0096128207 0.0079023078 0.0077608353 0.0079930262 0.0019440615 0.0090354534 0.0187692668 0.0074126084 0.0062673611 0.006656187 0.0094582857 0.0076451099 0.005268015 0.0033991722 0.0100598671 0.0035111476 0.0062941055 0.0045245655 0.0127323715 0.0064821279 0.0071869763 0.0094831151 0.0088999353 0.0100025894 0.008898999 0.0076020111 0.0078769338 0.0084697021 0.012148673 0.0082720823 0.0056871164 0.0058384868 0.0056691886 0.0107544689 0.0051701842 0.0062984596 0.0070678643 0.0069495736 0.0086117625 0.0103015275 0.0102201673 0.0071995527 0.0101502778 0.012255924 0.0068075291 0.0150591593 0.0053537084 0.0154786454 0.0066513832 0.004948756 0.0126886304 0.0061633694 0.0119080297 0.0060587765 0.0147925752 0.0088008225 0.0128136387 0.0040884867 0.010346085 0.0070379705 0.0074539866 0.0072607871 0.0046175309 0.0083412625 0.009451146 0.0051154923 0.0050736307 0.0089054565 0.0078371134 0.0079134059 0.0039297518 0.0024199865 0.006545522 0.0054621655 
20 0.0085053133 0.0145723054 0.0080228943 0.0122615182 0.0070316699 0.0073518634 0.0096937279 0.0072370452 0.007425344 0.004199462 0.0053016426 0.0103084469 0.0051423636 0.0139995913 0.0098122739 0.0071990155 0.0078737933 0.006499179 0.0053168148 0.0059133396 0.0117249425 0.0156437267 0.004915499 0.0090965082 0.0059431904 0.0039830909 0.0133878973 0.0050182348 0.0096800917 0.0104217012 0.005853569 0.0036557049 0.0064915206 0.0035710648 0.0087267566 0.003192078 0.0119919967 0.0079199391 0.0082859785 0.0150512116 0.0059266591 0.0083325151 0.0032359112 0.006656797 0.0063472975 0.0078425307 0.0089710615 0.0076239714 0.008605854 0.0049766331 0.0093772551 0.0056829127 0.0080896995 0.0032296812 0.0118457995 0.0097819448 0.0065175563 0.0104133642 0.0045733778 0.0076116794 0.0045070921 0.0041256596 0.0083097985 0.0149282017 0.0063040163 0.0092192162 0.0033914254 0.0073809102 0.0108260515 0.0061608721 0.0051467943 0.008488345 0.0047937334 0.0065991198 0.0117864555 0.0101711439 0.006068383 0.0073316359 0.010189529 0.0058457034 0.0079376202 0.0117916167 0.0117666863 0.0073976122 0.0127845795 0.0086598459 0.0084000542 0.0152269036 0.0045082336 0.0065937547 0.0044558344 0.0045029484 0.0051176346 0.0106331307 0.0038827813 0.0037730339 0.0065870944 0.0085620007 0.0059907856 0.0060060886 0.0132144623 0.0107691622 0.0074835441 0.0118116103 0.0071902175 0.0064785202 0.0095009807 0.006393729 0.0171717356 0.0064676833 0.007381169 0.0041949129 0.0045737376 0.0085028938 0.010190933 0.0093331802 0.0057087266 0.0069344256 0.0061320768 0.0098200511 0.009618884 0.0043780131 0.0097735027 0.0055726248 0.0084742574 0.0026780404 0.0035941421 0.0066396501 
21 0.0082937513 0.0082822378 0.0107497178 0.0016784294 0.0088128408 0.0126662221 0.012886044 0.0024345497 0.0089730697 0.0076717837 0.0091029483 0.007177255 0.011354242 0.0071003208 0.0097154408 0.008446757 0.0036223001 0.0106069113 0.0091173001 0.0117249425 0.0067792983 0.0102911175 0.0086385862 0.0060977072 0.0096076732 0.0032613492 0.0058088515 0.0079535926 0.0123126413 0.0047328125 0.0095740103 0.0126651509 0.009357468 0.0087856898 0.0044537525 0.0070606715 0.0085598978 0.011078854 0.004955729 0.0114449747 0.0051725529 0.008494585 0.0064626648 0.0133777524 0.0095032192 0.0094511093 0.010438121 0.0084300794 0.0056968813 0.0114968628 0.0016643082 0.0082954562 0.0094405888 0.0118284842 0.010487964 0.0068927346 0.0073362506 0.0042168129 0.0109809484 0.0043281048 0.0033308288 0.0082847152 0.0058894845 0.0086165389 0.0042344762 0.007514898 0.0021447596 0.0103965171 0.0037212714 0.005748456 0.0070090631 0.0102676614 0.0073292273 0.0060124769 0.0090278603 0.0097864888 0.0089244381 0.0078196675 0.0042970295 0.0045811215 0.0081565222 0.0097365432 0.0067044442 0.0071631712 0.0049427469 0.0114831453 0.0032827139 0.0035638462 0.0068389332 0.0052554105 0.0106030381 0.0042475527 0.0096296447 0.0077756746 0.0101954758 0.0033593309 0.0107875058 0.0096926717 0.0050464465 0.0041087369 0.0058778653 0.0117573694 0.0061660406 0.0089279927 0.0086301449 0.0122926504 0.005408464 0.0063713257 0.0082652899 0.0114937671 0.0066866895 0.0100648235 0.0063956912 0.0073848302 0.0156632851 0.0062791815 0.0030526331 0.0069006524 0.0058976215 0.0109877099 0.0112140108 0.010472009 0.0077302283 0.0073587623 0.004373899 0.0058298575 0.0065481207 0.0066261767 
22 0.0098989534 0.0083450753 0.006911433 0.0098369517 0.0097301455 0.0085164563 0.0091418173 0.0093857309 0.0059714013 0.0070144202 0.00658736 0.0072422759 0.0028320911 0.0037523638 0.0060422968 0.0081206486 0.0089623864 0.0095360599 0.0096217671 0.0156437267 0.0102911175 0.007269962 0.0037861173 0.0052665527 0.010114713 0.0075526896 0.0116815712 0.0106789405 0.0100582372 0.009494206 0.0100869715 0.0049038289 0.0072703308 0.0030106928 0.0064938503 0.0118780388 0.0029173142 0.0078515447 0.0106557935 0.0097618095 0.0069025052 0.0065840362 0.007535854 0.0054777365 0.0071063828 0.0067711415 0.0078887236 0.00475086 0.0053041842 0.007457054 0.0018291914 0.0101915904 0.0030539946 0.0107626068 0.0046388095 0.0074691991 0.0054298757 0.0100572517 0.0070779794 0.0084871279 0.0093441339 0.0064891327 0.01206669 0.0047424557 0.0070682249 0.007785818 0.0051919975 0.007766576 0.0081405289 0.0108759839 0.0148496531 0.0052811753 0.0098342484 0.0050458394 0.0036875731 0.0073132997 0.0046902641 0.0053867214 0.0106967932 0.0059596231 0.0078888028 0.0100921372 0.0107801931 0.0092851706 0.0062022827 0.0095400966 0.0107845434 0.0070832109 0.0103131569 0.0055029336 0.0092925993 0.0076065128 0.0048284785 0.0103294765 0.0025308149 0.0083599887 0.0079941622 0.0055723171 0.0082534282 0.0056519363 0.0124911685 0.0027327728 0.0079589297 0.0073919352 0.0093215851 0.0072525536 0.0173053141 0.0117287444 0.0097298668 0.0076674361 0.0087107408 0.0075432358 0.0062409318 0.0077974082 0.0096008083 0.0117038273 0.0040708473 0.0106042247 0.0035116149 0.0148170144 0.0091947073 0.0084642361 0.0045069814 0.0083352869 0.0062352685 0.0046706926 0.0062721996 0.0051369453 
23 0.0084588817 0.0059896592 0.0073729838 0.0048767999 0.0052258628 0.0102340602 0.0095248401 0.0081279042 0.0062598709 0.0061502597 0.0064997364 0.0105766 0.0064553657 0.0078399561 0.0071440212 0.0057828679 0.0052449347 0.005266627 0.007689074 0.004915499 0.0086385862 0.0037861173 0.006435906 0.0103331366 0.0075923908 0.0080656178 0.0122884469 0.0100240161 0.0056622679 0.0083155315 0.0057659137 0.0094628073 0.0096019463 0.0060268966 0.0083679112 0.0044594883 0.0063858425 0.0076235884 0.0046798899 0.0093684029 0.004991772 0.0097429764 0.0099684321 0.0037874865 0.0070069765 0.0067286437 0.0060806799 0.0061147364 0.0042628484 0.0103466523 0.0074417758 0.0083058547 0.0076358352 0.0101375405 0.0075233713 0.0069317359 0.0103579382 0.0085227573 0.0116315552 0.0091817687 0.0046803267 0.0101643609 0.0071171714 0.0047123806 0.0105347781 0.0115349096 0.0040279772 0.007354938 0.0024308554 0.0064259361 0.0153701745 0.0059782585 0.005289093 0.0073854724 0.0069477207 0.0052266104 0.006462422 0.0050752434 0.0065613541 0.0084321928 0.0050602833 0.0071619464 0.0054955073 0.0103172705 0.0039702017 0.0102101393 0.0050619994 0.0093913154 0.0072962195 0.0122132543 0.0070570962 0.0114101743 0.0047398889 0.0089996951 0.0056818664 0.0064930935 0.0078517465 0.0131897885 0.0100244591 0.0055226566 0.0048764421 0.0062498421 0.0100788759 0.0021197397 0.0107531249 0.0077744004 0.0108610499 0.0090815627 0.0110268652 0.0060996254 0.0099812205 0.0114978168 0.0033196903 0.0109470666 0.0119029943 0.0093944081 0.0147485083 0.0079706704 0.0086003844 0.010567168 0.0045988702 0.0100608856 0.0109179944 0.0122926724 0.0139191121 0.0043417865 0.012853657 0.0050809422 
24 0.0073128062 0.0062955578 0.0089907 0.0050492018 0.0050613496 0.0077497134 0.0039133058 0.0075786541 0.0067575039 0.0095056554 0.0072726732 0.0035371458 0.0092418715 0.0067917402 0.0054097471 0.0117106741 0.0084071482 0.0128490632 0.0070765158 0.0090965082 0.0060977072 0.0052665527 0.0103331366 0.0081581095 0.0080303575 0.0115442058 0.0065647173 0.0086707288 0.0109825431 0.0112744374 0.0084649738 0.0087232595 0.0130117712 0.0095456521 0.007282174 0.0074705212 0.0036483199 0.0154276321 0.0049032132 0.0052127643 0.0077748366 0.0076710187 0.0089101233 0.0094088965 0.0117516001 0.0076263332 0.0065074069 0.0049625763 0.0045505541 0.0105179855 0.0109254876 0.0084759556 0.0046190256 0.0041757777 0.0070640795 0.0096081163 0.015762316 0.0053236087 0.0067884092 0.0109392944 0.0052958135 0.0073400663 0.0050992456 0.0045930773 0.0107005785 0.0065694782 0.0096774869 0.0069678537 0.0099894639 0.008417657 0.0084269049 0.0081640132 0.0053153063 0.007509747 0.0053692132 0.0070844021 0.0071145677 0.0059235148 0.015153689 0.0026583135 0.0129140176 0.0064030662 0.0059159978 0.0039385435 0.0060121822 0.0122775734 0.0042999732 0.0057975041 0.0072719483 0.0032641235 0.0097218397 0.0121594717 0.0073743313 0.0026115032 0.0138191985 0.0092419548 0.0039547808 0.0072365488 0.0079507834 0.0064927732 0.0064679361 0.0094912795 0.0078215985 0.0125533282 0.0076092602 0.0137527273 0.0096440286 0.0098073106 0.0098974717 0.0097806148 0.0066169064 0.0084954303 0.0089848793 0.0045204899 0.0099177912 0.0115768152 0.0087280911 0.0050721911 0.0054599338 0.0041953156 0.0087191994 0.0058600066 0.0052164714 0.0039062797 0.0075481721 0.0063735212 0.0028672117 0.009503516 
