64
1 0.0178219452 0.0074370899 0.0134823503 0.0062767498 0.0101321719 0.0338301504 0.017288816 0.0120282039 0.0144904201 0.0245427521 0.0313127337 0.0077981977 0.0439637858 0.008963153 0.0086058927 0.0045128527 0.0193498263 0.0157982224 0.0117380689 0.0028727533 0.0123651085 0.0137377308 0.0171845823 0.0194898325 0.0123136355 0.0169385198 0.0086340268 0.015189044 0.0267140987 0.0084930894 0.0180783682 0.0204265686 0.0218139874 0.0230083443 0.0091460798 0.0106095617 0.0142651769 0.0200474566 0.0240039164 0.0040919312 0.0121910007 0.0040007191 0.0234416464 0.0096405644 0.0186738699 0.0145546359 0.0166420936 0.0152308786 0.0194348411 0.0175988782 0.0117316852 0.0202661117 0.0242674674 0.009547877 0.0148787059 0.0182993054 0.0125206348 0.0096000577 0.010516552 0.0188149979 0.020334488 0.0073085523 0.0238800595 0.0178271815 
2 0.0074370899 0.01640774 0.0169011222 0.0084559482 0.0239337921 0.0176665898 0.024840945 0.0061594603 0.0188971229 0.0212129439 0.0064624959 0.009257927 0.0180872185 0.019387358 0.0078319456 0.0051553947 0.0148873851 0.0219698475 0.0312781055 0.0131232732 0.01833727 0.0126651921 0.015077418 0.0055254544 0.0191514521 0.0144219266 0.0138914233 0.0124207365 0.0206119921 0.0051369556 0.0157191322 0.0221765481 0.0216319755 0.0115358889 0.0179348835 0.015984989 0.0037105094 0.0136666182 0.0143574464 0.0156783335 0.0118466478 0.0134297938 0.024357066 0.0196515233 0.0085812577 0.0179859238 0.0173216933 0.0300075934 0.0047168474 0.0152463143 0.0093744211 0.0252730004 0.0157711426 0.0231915937 0.0143453729 0.0107690494 0.0194581952 0.0118582884 0.0173137268 0.0138850583 0.0165763247 0.0258301151 0.0072912129 0.0269279872 
3 0.0134823503 0.0169011222 0.0222434415 0.0104525198 0.0202339818 0.0069333491 0.0085333609 0.0191372384 0.0142062274 0.0136386554 0.0140312691 0.0188305245 0.0143207454 0.0109017299 0.0257738147 0.0118421416 0.008802447 0.0069882428 0.0168436891 0.0096941043 0.0179660534 0.0060779268 0.0106385342 0.0176105357 0.0218566401 0.0127073256 0.0075820748 0.0169736197 0.0026238958 0.0089648209 0.0136531278 0.0197607456 0.0074937397 0.0160214605 0.0237865637 0.0206704243 0.0279087082 0.0125143456 0.0171961184 0.0120412731 0.013452544 0.0221325043 0.0097276373 0.0176155512 0.0118293169 0.0191754802 0.0139655669 0.0182670927 0.0242824577 0.0146922733 0.0142607716 0.02346352 0.0311301043 0.0177108646 0.0042088715 0.0294663155 0.0187156087 0.0160779884 0.0184508197 0.0224946804 0.0060273085 0.0117994925 0.0171976239 0.0260167167 
4 0.0062767498 0.0084559482 0.0104525198 0.0239812278 0.0133347205 0.0199029544 0.0199251144 0.0121972499 0.0143805131 0.0157532548 0.0147060359 0.0122640279 0.0182972027 0.0184899364 0.019362364 0.0128502809 0.016509771 0.0273736985 0.0098834571 0.0151839726 0.0197043445 0.017203753 0.0141604675 0.0202748693 0.0289615723 0.0093095416 0.0157137072 0.0167333675 0.022048976 0.0085059925 0.0125178518 0.0116941081 0.0182147272 0.0147857553 0.0145094304 0.0212680485 0.0166425558 0.011438329 0.0103756316 0.016526172 0.0222842452 0.0195461824 0.0059231894 0.0140401252 0.0072652826 0.0064571289 0.0154430758 0.0108375045 0.0155921154 0.0115429391 0.018885243 0.0142411717 0.0109909313 0.0123573401 0.0171142853 0.0350598798 0.0095872623 0.008141957 0.0164137392 0.008581206 0.0281841254 0.0178984071 0.0270187749 0.0164236878 
5 0.0101321719 0.0239337921 0.0202339818 0.0133347205 0.0134937571 0.0185132704 0.0129753587 0.0236425712 0.011981645 0.0226661188 0.0199514774 0.0250574923 0.0177749976 0.0101147549 0.0323947547 0.0193936167 0.0136017705 0.0070212235 0.0071463988 0.0162840992 0.0218621432 0.0118663338 0.0151269862 0.0203514659 0.0156032074 0.0215286894 0.0082834428 0.0067460416 0.0191738838 0.0154735902 0.0218569311 0.0202791109 0.0104300568 0.0058211146 0.0135072111 0.01059874 0.0128842596 0.0142728241 0.0149207514 0.0131507501 0.0084113698 0.0270837995 0.0162604749 0.0161714913 0.0105737783 0.0111150225 0.0168418107 0.0106920217 0.0247519151 0.0168731872 0.0084671461 0.0105146129 0.0104241758 0.0169070473 0.0142167687 0.02597062 0.0144512513 0.016653463 0.0155096031 0.0115455314 0.0143126676 0.0172166805 0.018249265 0.0134007892 
6 0.0338301504 0.0176665898 0.0069333491 0.0199029544 0.0185132704 0.012053287 0.0133549802 0.010856666 0.00959187 0.0192096648 0.0104532861 0.0082040318 0.0144546478 0.0146881139 0.0102185719 0.0151601882 0.0257603519 0.0120335147 0.0054260375 0.0086252491 0.0061835219 0.0213757174 0.0112170824 0.0144432232 0.0198952928 0.0267435653 0.0097960075 0.0089201541 0.0168523516 0.010300243 0.0207637009 0.0105286527 0.0177833419 0.0202762008 0.028070492 0.0074604011 0.0220617105 0.0161285792 0.0259894642 0.0169192551 0.0123682885 0.0194244967 0.0200474985 0.0168697548 0.0226914119 0.0245337824 0.0183696445 0.0143970464 0.0070346612 0.0040881699 0.0243230217 0.0212528883 0.0085919997 0.0142375265 0.0165371336 0.0123203462 0.0128448753 0.0137290131 0.0226825741 0.00957891 0.0145529371 0.0147036497 0.0183742465 0.0178003909 
7 0.017288816 0.024840945 0.0085333609 0.0199251144 0.0129753587 0.0133549802 0.0113483614 0.0239741963 0.0195250787 0.0180464641 0.0315824306 0.0091547874 0.0218034466 0.0232155875 0.0094371538 0.0169456991 0.0182437445 0.0198098295 0.0135871553 0.0092084728 0.0195309119 0.0050207855 0.0258010163 0.0154986834 0.0165840104 0.0064098187 0.0089203704 0.0194691815 0.0106520651 0.0183506406 0.0116889809 0.0157229759 0.0227395977 0.0190658067 0.0134259098 0.0125783155 0.0186611402 0.0147432809 0.0176312411 0.0163380897 0.021688574 0.0123823415 0.0152422515 0.0059490944 0.0316748355 0.0204265096 0.0132196363 0.0189358801 0.0111510556 0.02980373 0.0074938185 0.0064486716 0.0054156564 0.017687534 0.0114021456 0.0154552218 0.0055310183 0.0197557158 0.0118684412 0.0147784428 0.0054022855 0.016163326 0.0076399658 0.0228500431 
8 0.0120282039 0.0061594603 0.0191372384 0.0121972499 0.0236425712 0.010856666 0.0239741963 0.0357920539 0.0159342883 0.0271316679 0.0094181212 0.0167106911 0.0138205361 0.0155994977 0.0180988143 0.0193089925 0.0088798734 0.0254641808 0.0135448835 0.0075905713 0.0215124305 0.0132551493 0.010738967 0.0102293177 0.0205576899 0.0066098116 0.0147874862 0.0091173831 0.0118175772 0.0119792584 0.0185200554 0.0144720995 0.0139454026 0.0117519914 0.0259039407 0.0260076013 0.0079151013 0.0180145844 0.022297945 0.0114747126 0.0197830856 0.0135602147 0.0144133458 0.0069526102 0.0110661031 0.0253769246 0.0252444476 0.020358853 0.0051366788 0.0277007 0.0109643819 0.014021859 0.0130297468 0.0150185272 0.0262861123 0.0123644386 0.0099820545 0.018213517 0.019751302 0.0126904282 0.0032087628 0.0119680946 0.0152051997 0.0115043491 
9 0.0144904201 0.0188971229 0.0142062274 0.0143805131 0.011981645 0.00959187 0.0195250787 0.0159342883 0.0100794807 0.0206676008 0.010821811 0.0202732358 0.01173808 0.0044176027 0.0085558494 0.0112552532 0.0179182699 0.0266561672 0.0071472726 0.0176045722 0.024238629 0.0231763295 0.029085383 0.0099655996 0.0071545225 0.0205046099 0.0167082685 0.017302709 0.0087709021 0.0094444246 0.0211447184 0.011297472 0.0207893262 0.0185417045 0.0242776616 0.0248221631 0.0122683613 0.0140251897 0.0268728183 0.0159837889 0.0181303876 0.0145332074 0.0228848895 0.0135418584 0.0234449009 0.011981604 0.0145592473 0.0121256853 0.0059935697 0.0175173988 0.0162580936 0.0231330195 0.0162090017 0.0083094025 0.0068313782 0.0122661833 0.0208645542 0.0151620487 0.0227316213 0.0120300732 0.0132158185 0.0165594156 0.0146133294 0.0045863688 
10 0.0245427521 0.0212129439 0.0136386554 0.0157532548 0.0226661188 0.0192096648 0.0180464641 0.0271316679 0.0206676008 0.0038832918 0.0203705207 0.0216508801 0.0075883285 0.0270632316 0.0051846906 0.02052856 0.0055009367 0.0090954086 0.0184848606 0.0209984639 0.0119099509 0.0108886571 0.0088418963 0.0071372247 0.0290261488 0.0182441028 0.0208970497 0.0154486667 0.0179842495 0.0220470013 0.0132089568 0.0151573441 0.0110369038 0.0169219259 0.0202376106 0.015456333 0.0072166757 0.0182391575 0.0176557957 0.0168790949 0.006555388 0.0249235811 0.0174267777 0.01645859 0.0128500813 0.0090946293 0.0179794303 0.0135396879 0.015703914 0.011759594 0.017372556 0.0133386707 0.0054500045 0.0131359721 0.0231524179 0.009713143 0.0073654747 0.0119078142 0.0133874044 0.0072759981 0.0276227645 0.0099647987 0.0184216866 0.0179465792 
11 0.0313127337 0.0064624959 0.0140312691 0.0147060359 0.0199514774 0.0104532861 0.0315824306 0.0094181212 0.010821811 0.0203705207 0.0155686794 0.0078221399 0.0207620675 0.010195154 0.0150426572 0.0134360078 0.0179059582 0.0129373938 0.024556568 0.0051894655 0.0124577081 0.0211473908 0.0127253127 0.0287358696 0.0071936142 0.0161819372 0.0081827193 0.0172768179 0.0184639898 0.0201887123 0.0152048554 0.0112871791 0.0144944826 0.0113026222 0.0111743414 0.0113204345 0.0202437883 0.0118614649 0.0256027629 0.0100772504 0.0208847244 0.0190541488 0.0034696424 0.0275327005 0.0194875067 0.0218526854 0.0084125701 0.0081584794 0.0134295764 0.0110539777 0.0098696099 0.0116258962 0.02361408 0.0074207823 0.016190439 0.0136533484 0.0290544898 0.0227329999 0.0102672171 0.0082290629 0.0165424322 0.0184657962 0.0147001483 0.0266481598 
12 0.0077981977 0.009257927 0.0188305245 0.0122640279 0.0250574923 0.0082040318 0.0091547874 0.0167106911 0.0202732358 0.0216508801 0.0078221399 0.0040681461 0.0191526827 0.0132640756 0.0071889622 0.024706709 0.0255576693 0.014490703 0.01149206 0.0181850689 0.0090025311 0.0024044733 0.0086850575 0.0132053957 0.0152145431 0.0074443889 0.0101490043 0.0146472387 0.0133611063 0.0163168893 0.019820047 0.0244692681 0.0297032598 0.0308473468 0.0161567885 0.0180204983 0.0126658713 0.0211771506 0.0116578606 0.0127790628 0.0039796098 0.0147139231 0.0197838531 0.0108749403 0.0283884118 0.0159899159 0.017361197 0.0283538666 0.0159864581 0.0287654774 0.0148427718 0.0079332953 0.0118426764 0.0139184352 0.0150669543 0.0080195829 0.0233560713 0.0340850358 0.0162181358 0.009240371 0.0179772055 0.0122054445 0.0122698785 0.0159686941 
13 0.0439637858 0.0180872185 0.0143207454 0.0182972027 0.0177749976 0.0144546478 0.0218034466 0.0138205361 0.01173808 0.0075883285 0.0207620675 0.0191526827 0.0106752847 0.0268947574 0.0180614999 0.0137286425 0.0196162648 0.0191345879 0.022653891 0.0201138821 0.0157375235 0.0114486093 0.0063448377 0.0150772042 0.0096148237 0.0060088878 0.0093294585 0.0093140817 0.0143750642 0.0124149728 0.0144730097 0.0241837655 0.0116314321 0.0138576064 0.0151208095 0.0154323464 0.0144148177 0.0079550753 0.008021129 0.0106809301 0.0213656183 0.0183307275 0.0243582509 0.019104732 0.0199064328 0.0108060788 0.0142053396 0.0025189719 0.0172830903 0.0091341805 0.0157612308 0.0055793955 0.0294987799 0.0117674342 0.0180811792 0.0124916046 0.0174117569 0.0151135829 0.0156888698 0.0150639363 0.0195502951 0.0205501964 0.0138568697 0.0144925117 
14 0.008963153 0.019387358 0.0109017299 0.0184899364 0.0101147549 0.0146881139 0.0232155875 0.0155994977 0.0044176027 0.0270632316 0.010195154 0.0132640756 0.0268947574 0.0121366375 0.0103172522 0.0114995331 0.0128547709 0.0163607352 0.0189236377 0.0213919772 0.0113705638 0.0142744272 0.0138511956 0.0204167225 0.0134891536 0.0103718381 0.0179316918 0.0210638823 0.0161929191 0.0136321076 0.0116236857 0.0108523019 0.0075683029 0.0208080057 0.0214613587 0.0184656316 0.0169123171 0.0093037734 0.0219980196 0.0068123567 0.0244394933 0.0095908662 0.0179252642 0.0123399035 0.0123967585 0.0238798083 0.0239168195 0.0163618853 0.0319665025 0.0138330516 0.008455649 0.0232807165 0.0180116586 0.0288380729 0.0152260206 0.0127339486 0.0175274048 0.0030552054 0.0140085543 0.0098368222 0.0060425207 0.0147946134 0.0236780141 0.0127806948 
15 0.0086058927 0.0078319456 0.0257738147 0.019362364 0.0323947547 0.0102185719 0.0094371538 0.0180988143 0.0085558494 0.0051846906 0.0150426572 0.0071889622 0.0180614999 0.0103172522 0.0246422504 0.0176032981 0.0130124723 0.0165452752 0.0112063576 0.0152740097 0.0222564992 0.0217415639 0.0205833466 0.0255043292 0.0135279266 0.0210865861 0.0138399234 0.0086048825 0.0065681725 0.0185559444 0.0111643995 0.0045060205 0.0160035894 0.0078607421 0.0095359431 0.0204104773 0.0203022035 0.0175796637 0.016456796 0.0280640265 0.0110508665 0.0197855132 0.0165041225 0.0279471484 0.0072911946 0.0106008957 0.0086678526 0.0168451463 0.0296546082 0.0220862705 0.017656556 0.0147324056 0.0206499505 0.0135312247 0.0057775603 0.0125989484 0.013195752 0.0284416774 0.0112238641 0.0256648148 0.0128616809 0.0124894763 0.0139784843 0.0082530638 
16 0.0045128527 0.0051553947 0.0118421416 0.0128502809 0.0193936167 0.0151601882 0.0169456991 0.0193089925 0.0112552532 0.02052856 0.0134360078 0.024706709 0.0137286425 0.0114995331 0.0176032981 0.0052403219 0.0103087379 0.0094360933 0.0108183007 0.0127559223 0.0109449028 0.0260936672 0.0089282612 0.016391974 0.0174559584 0.0074015948 0.0137611055 0.0315692877 0.0159187353 0.00521493 0.0175334003 0.0215354618 0.0087862973 0.0162736842 0.0157384145 0.0216583747 0.0235386669 0.0302317575 0.0163469908 0.0278161173 0.0231284634 0.0062403764 0.0071492124 0.0084973425 0.0166009312 0.0205861397 0.0172389601 0.0129083985 0.0196086426 0.0209179443 0.0152979289 0.0193506278 0.0157892389 0.0135884187 0.012499221 0.0168004113 0.0204285068 0.0118627996 0.0160390379 0.0151869714 0.0169527229 0.0127050656 0.0141752587 0.0268212513 
17 0.0193498263 0.0148873851 0.008802447 0.016509771 0.0136017705 0.0257603519 0.0182437445 0.0088798734 0.0179182699 0.0055009367 0.0179059582 0.0255576693 0.0196162648 0.0128547709 0.0130124723 0.0103087379 0.0056245198 0.0236836608 0.0244973226 0.0318623317 0.0116775946 0.0162850175 0.030613822 0.0132480941 0.0177198335 0.010793052 0.0103046345 0.0038914863 0.0170299818 0.0196616552 0.0078435209 0.0194830451 0.0214597046 0.0099249582 0.0307439845 0.0075974861 0.0164489209 0.0179539214 0.0161994866 0.0097844256 0.0134070543 0.0118474118 0.0221312196 0.0143662281 0.0149103769 0.0227919528 0.0057430808 0.0249742954 0.0144683287 0.017884069 0.0181041836 0.0157582814 0.0176614328 0.0130837936 0.0099246541 0.0157830156 0.0087540968 0.0235164399 0.0045323518 0.0074878695 0.0105068597 0.0140695397 0.0133075475 0.0219432066 
18 0.0157982224 0.0219698475 0.0069882428 0.0273736985 0.0070212235 0.0120335147 0.0198098295 0.0254641808 0.0266561672 0.0090954086 0.0129373938 0.014490703 0.0191345879 0.0163607352 0.0165452752 0.0094360933 0.0236836608 0.0214674863 0.0220336691 0.0210905705 0.0160655603 0.0135229665 0.018904319 0.0090491008 0.0138643657 0.0184733758 0.0146399486 0.0081700441 0.0249401612 0.0119539227 0.0173426769 0.0113936655 0.0081954551 0.008479475 0.0212707253 0.0095532273 0.0100243227 0.0124335291 0.0145558023 0.0124002345 0.0131511148 0.0140522649 0.0271258416 0.0144973833 0.0172514432 0.0079024167 0.0133617651 0.0106079207 0.0105667491 0.013580017 0.0139493051 0.0174292623 0.0148285147 0.0099343495 0.0149098417 0.017831934 0.0199700985 0.019644873 0.0224824309 0.0193126431 0.0165232916 0.0083765293 0.0222149299 0.0158716914 
19 0.0117380689 0.0312781055 0.0168436891 0.0098834571 0.0071463988 0.0054260375 0.0135871553 0.0135448835 0.0071472726 0.0184848606 0.024556568 0.01149206 0.022653891 0.0189236377 0.0112063576 0.0108183007 0.0244973226 0.0220336691 0.0244897733 0.014548017 0.011697898 0.0174723283 0.0124602909 0.022947502 0.0151329703 0.0112778779 0.0049925473 0.0153397063 0.0068972191 0.0314126378 0.0257528194 0.0063012362 0.0105764288 0.0132456704 0.011709317 0.0271136025 0.0265153917 0.0286655295 0.0092236452 0.0115465496 0.0134628845 0.0178917943 0.0147914024 0.0193776028 0.0184017063 0.0120678605 0.0065328896 0.0174870737 0.0101735489 0.0113537577 0.0090890574 0.020612341 0.0078026552 0.0232746455 0.0142148854 0.0102052514 0.0246594008 0.0154506648 0.0158612893 0.0194336122 0.0112478451 0.0229341804 0.009179583 0.0139133737 
20 0.0028727533 0.0131232732 0.0096941043 0.0151839726 0.0162840992 0.0086252491 0.0092084728 0.0075905713 0.0176045722 0.0209984639 0.0051894655 0.0181850689 0.0201138821 0.0213919772 0.0152740097 0.0127559223 0.0318623317 0.0210905705 0.014548017 0.0112643047 0.0214729341 0.0183225113 0.0208877906 0.020267914 0.0134200825 0.018929338 0.0100927385 0.0179335002 0.0122384792 0.0249305195 0.013762487 0.0105764261 0.0115240823 0.0163862632 0.0108178032 0.0203861755 0.0139216758 0.0130219018 0.0180883023 0.0042326383 0.0152107038 0.015780486 0.0226351629 0.0122980747 0.0116029528 0.0069670141 0.0128345966 0.0220629805 0.0199885116 0.0272779263 0.0059924394 0.0165188878 0.0326213725 0.0120785218 0.0152355059 0.0154474422 0.0134485722 0.0237815226 0.0156118238 0.0240526218 0.0117263036 0.0108453245 0.0160620648 0.0158445423 
21 0.0123651085 0.01833727 0.0179660534 0.0197043445 0.0218621432 0.0061835219 0.0195309119 0.0215124305 0.024238629 0.0119099509 0.0124577081 0.0090025311 0.0157375235 0.0113705638 0.0222564992 0.0109449028 0.0116775946 0.0160655603 0.011697898 0.0214729341 0.0 0.0159380732 0.0204008087 0.0089147519 0.006147023 0.0199740938 0.0110683524 0.0156994719 0.0105412279 0.0111884354 0.0133110547 0.0177973355 0.0268576394 0.0138447579 0.0130830143 0.0165232643 0.0221755319 0.0171701523 0.0163544679 0.0174693862 0.0195493741 0.0183927481 0.0213881741 0.0152410359 0.0123057007 0.0116617439 0.024677499 0.0149407053 0.0215849764 0.0078404003 0.0073307488 0.017971478 0.0129814148 0.0068688795 0.0123158018 0.0240744338 0.0209903065 0.0059926693 0.0150698238 0.0188112858 0.0213484982 0.0242476387 0.0134227967 0.0202389443 
22 0.0137377308 0.0126651921 0.0060779268 0.017203753 0.0118663338 0.0213757174 0.0050207855 0.0132551493 0.0231763295 0.0108886571 0.0211473908 0.0024044733 0.0114486093 0.0142744272 0.0217415639 0.0260936672 0.0162850175 0.0135229665 0.0174723283 0.0183225113 0.0159380732 0.0091857238 0.0168000828 0.0158766201 0.0203386726 0.014762503 0.0088129764 0.0111021302 0.020418275 0.0099421088 0.0134962821 0.0094845793 0.01797425 0.0246784362 0.0260870176 0.017334325 0.0178949255 0.0140963375 0.023390024 0.0068791218 0.0196384101 0.0180958002 0.0056019232 0.0164929365 0.014074472 0.0099385014 0.0210039399 0.0278519219 0.0124911117 0.0358287615 0.0140877532 0.0074674315 0.0170649001 0.0131711184 0.0083740665 0.0257242669 0.0091363495 0.0154639312 0.0195085083 0.0132315877 0.0202091134 0.021505299 0.0083383058 0.0132265948 
23 0.0171845823 0.015077418 0.0106385342 0.0141604675 0.0151269862 0.0112170824 0.0258010163 0.010738967 0.029085383 0.0088418963 0.0127253127 0.0086850575 0.0063448377 0.0138511956 0.0205833466 0.0089282612 0.030613822 0.018904319 0.0124602909 0.0208877906 0.0204008087 0.0168000828 0.019767699 0.0087506218 0.0071179837 0.0177287493 0.0134444125 0.0287702218 0.0181364236 0.012073682 0.0179668763 0.0225099736 0.0076503739 0.011937805 0.0203323886 0.0100015444 0.0210552003 0.0156968966 0.0108562357 0.0052617482 0.0074826636 0.0202556904 0.0244717974 0.0121744913 0.0361561836 0.0143440299 0.0113623788 0.0176016144 0.0110682053 0.0122485097 0.0141392928 0.018257371 0.0087411275 0.0257989227 0.0099675027 0.0243133175 0.0246997514 0.0110153222 0.0116026334 0.0129413125 0.0209027644 0.0067363377 0.0186480244 0.0069544609 
24 0.0194898325 0.0055254544 0.0176105357 0.0202748693 0.0203514659 0.0144432232 0.0154986834 0.0102293177 0.0099655996 0.0071372247 0.0287358696 0.0132053957 0.0150772042 0.0204167225 0.0255043292 0.016391974 0.0132480941 0.0090491008 0.022947502 0.020267914 0.0089147519 0.0158766201 0.0087506218 0.023091848 0.0230318481 0.0209370687 0.0125850496 0.0134082233 0.0120172151 0.0150385066 0.023585357 0.0101940534 0.0247368669 0.0024942831 0.0081159571 0.0212683969 0.0108940038 0.0158556846 0.0154042354 0.0130152814 0.0158986152 0.0280558071 0.0074035557 0.0169284081 0.0062531424 0.0210545053 0.0223929314 0.0244023721 0.0194243747 0.0103316686 0.013731562 0.0169160468 0.0230195924 0.0228811311 0.0151860782 0.0063611151 0.0076324899 0.0158868834 0.0125274666 0.0120209879 0.0146816558 0.0081538466 0.018472717 0.0157968615 
25 0.0123136355 0.0191514521 0.0218566401 0.0289615723 0.0156032074 0.0198952928 0.0165840104 0.0205576899 0.0071545225 0.0290261488 0.0071936142 0.0152145431 0.0096148237 0.0134891536 0.0135279266 0.0174559584 0.0177198335 0.0138643657 0.0151329703 0.0134200825 0.006147023 0.0203386726 0.0071179837 0.0230318481 0.0107846533 0.0079015693 0.0133682286 0.0071859461 0.0151578042 0.0180690171 0.028743355 0.0077605539 0.021860904 0.01583677 0.0200679913 0.0233212106 0.0165018903 0.0106505525 0.0089721194 0.0196863821 0.0143592385 0.0113475554 0.0236899829 0.0168218351 0.0052352399 0.0176664473 0.01325606 0.0136576649 0.0170870111 0.001264081 0.0174248853 0.0323616909 0.0164178622 0.0106696696 0.0264466743 0.0336631943 0.0113630275 0.0134689445 0.0127925003 0.0176328104 0.0056584343 0.0115029985 0.0149149105 0.0110553628 
26 0.0169385198 0.0144219266 0.0127073256 0.0093095416 0.0215286894 0.0267435653 0.0064098187 0.0066098116 0.0205046099 0.0182441028 0.0161819372 0.0074443889 0.0060088878 0.0103718381 0.0210865861 0.0074015948 0.010793052 0.0184733758 0.0112778779 0.018929338 0.0199740938 0.014762503 0.0177287493 0.0209370687 0.0079015693 0.0126779557 0.0219879765 0.0138586269 0.0168291543 0.0281050578 0.011447071 0.0094374352 0.010027323 0.0194216947 0.008735662 0.0176319048 0.0111992692 0.0125625786 0.0169265809 0.0092192584 0.0137558202 0.0202839082 0.0154383014 0.0154260821 0.0334232636 0.0157392747 0.0176288306 0.020622964 0.0089607728 0.0308639632 0.0163552158 0.0102129728 0.0227042338 0.015708302 0.0250936692 0.0071969055 0.0094309606 0.0202425704 0.0121439239 0.0175282301 0.0150937504 0.0261834535 0.0148752638 0.0123290461 
27 0.0086340268 0.0138914233 0.0075820748 0.0157137072 0.0082834428 0.0097960075 0.0089203704 0.0147874862 0.0167082685 0.0208970497 0.0081827193 0.0101490043 0.0093294585 0.0179316918 0.0138399234 0.0137611055 0.0103046345 0.0146399486 0.0049925473 0.0100927385 0.0110683524 0.0088129764 0.0134444125 0.0125850496 0.0133682286 0.0219879765 0.013679345 0.0125548821 0.0161896741 0.0262695152 0.0147908121 0.023172846 0.0372658303 0.0135824094 0.0297002284 0.0149767736 0.0196473988 0.0132592889 0.0116553427 0.0196038647 0.0134432013 0.0204166239 0.0051229258 0.0184320375 0.0193028481 0.0297085585 0.0166038837 0.0176643853 0.0148672083 0.0153296686 0.0136446826 0.0095579317 0.0096766616 0.0164189621 0.0243838625 0.0105117207 0.012423672 0.0161416071 0.0218975596 0.0291090928 0.0120693297 0.0276585058 0.0230260833 0.0165361513 
28 0.015189044 0.0124207365 0.0169736197 0.0167333675 0.0067460416 0.0089201541 0.0194691815 0.0091173831 0.017302709 0.0154486667 0.0172768179 0.0146472387 0.0093140817 0.0210638823 0.0086048825 0.0315692877 0.0038914863 0.0081700441 0.0153397063 0.0179335002 0.0156994719 0.0111021302 0.0287702218 0.0134082233 0.0071859461 0.0138586269 0.0125548821 0.0137448985 0.0189090363 0.0090567877 0.0220958472 0.0384057331 0.0137360317 0.0111431552 0.0098395903 0.0056664893 0.030993786 0.0098101819 0.0153742929 0.0186635944 0.0207153226 0.0143904263 0.0058120966 0.0199503825 0.021763808 0.0157796635 0.0109789648 0.0141033156 0.0124382635 0.0119965528 0.0330787824 0.0090955225 0.0246159108 0.021901089 0.0101304358 0.0092801621 0.0224767094 0.0097899332 0.0202320435 0.0288603203 0.022230869 0.0158974842 0.0048844271 0.0134467563 
29 0.0267140987 0.0206119921 0.0026238958 0.022048976 0.0191738838 0.0168523516 0.0106520651 0.0118175772 0.0087709021 0.0179842495 0.0184639898 0.0133611063 0.0143750642 0.0161929191 0.0065681725 0.0159187353 0.0170299818 0.0249401612 0.0068972191 0.0122384792 0.0105412279 0.020418275 0.0181364236 0.0120172151 0.0151578042 0.0168291543 0.0161896741 0.0189090363 0.0223454571 0.0159108546 0.011080024 0.0155966701 0.0153470445 0.0120770458 0.0185491202 0.0093999842 0.017930642 0.0167963602 0.0160216006 0.0174947718 0.0082036533 0.0114499019 0.0198564693 0.009654032 0.0157557455 0.0039658534 0.0201710247 0.0112198381 0.0204139217 0.0151663135 0.0133268307 0.0159680031 0.0236513745 0.0105579149 0.0251623486 0.0221388668 0.0097217847 0.0174754726 0.0200338527 0.0119934053 0.0240417373 0.0228150069 0.0159164905 0.0113559519 
30 0.0084930894 0.0051369556 0.0089648209 0.0085059925 0.0154735902 0.010300243 0.0183506406 0.0119792584 0.0094444246 0.0220470013 0.0201887123 0.0163168893 0.0124149728 0.0136321076 0.0185559444 0.00521493 0.0196616552 0.0119539227 0.0314126378 0.0249305195 0.0111884354 0.0099421088 0.012073682 0.0150385066 0.0180690171 0.0281050578 0.0262695152 0.0090567877 0.0159108546 0.0243902893 0.0139000299 0.0075349028 0.0042521758 0.0062722023 0.0058604657 0.0214385988 0.0139978099 0.0301454106 0.008647096 0.0309335136 0.0097227703 0.0085436702 0.0186747139 0.0196219895 0.0103404835 0.0131815471 0.0255766055 0.0090646585 0.0127209416 0.0161983806 0.0141434998 0.0154831253 0.0175235199 0.0189549796 0.0138464358 0.0156080481 0.0118251271 0.0329097766 0.0118538834 0.021294731 0.0162355059 0.0175541753 0.0233043018 0.0198123615 
31 0.0180783682 0.0157191322 0.0136531278 0.0125178518 0.0218569311 0.0207637009 0.0116889809 0.0185200554 0.0211447184 0.0132089568 0.0152048554 0.019820047 0.0144730097 0.0116236857 0.0111643995 0.0175334003 0.0078435209 0.0173426769 0.0257528194 0.013762487 0.0133110547 0.0134962821 0.0179668763 0.023585357 0.028743355 0.011447071 0.0147908121 0.0220958472 0.011080024 0.0139000299 0.0068589355 0.013048209 0.0167127691 0.0168196965 0.0070232988 0.0159809286 0.0264513035 0.008962041 0.0136475632 0.0144774527 0.015834176 0.020163929 0.0105952093 0.020193645 0.0192654601 0.016680504 0.016353898 0.0056627542 0.0181222854 0.0222873747 0.0169898708 0.0223801165 0.0132848516 0.0258779281 0.0232842945 0.0283202659 0.0084745249 0.0026299837 0.0175257462 0.0119882398 0.0089721799 0.0108593032 0.0059681059 0.0062137208 
32 0.0204265686 0.0221765481 0.0197607456 0.0116941081 0.0202791109 0.0105286527 0.0157229759 0.0144720995 0.011297472 0.0151573441 0.0112871791 0.0244692681 0.0241837655 0.0108523019 0.0045060205 0.0215354618 0.0194830451 0.0113936655 0.0063012362 0.0105764261 0.0177973355 0.0094845793 0.0225099736 0.0101940534 0.0077605539 0.0094374352 0.023172846 0.0384057331 0.0155966701 0.0075349028 0.013048209 0.024224981 0.0180695122 0.0171811217 0.0145217341 0.0213499808 0.0210533569 0.0147063372 0.0171055992 0.0127252401 0.007335314 0.0070801501 0.0100678024 0.0123929779 0.0232006113 0.0110872592 0.0062974675 0.0237189663 0.0119451055 0.0125047589 0.0232538075 0.0121170999 0.0227884825 0.0171075657 0.0207695827 0.0056605338 0.0210240173 0.0225436339 0.0104513248 0.0223996315 0.0086563209 0.0161815686 0.0190867774 0.0103450901 
33 0.0218139874 0.0216319755 0.0074937397 0.0182147272 0.0104300568 0.0177833419 0.0227395977 0.0139454026 0.0207893262 0.0110369038 0.0144944826 0.0297032598 0.0116314321 0.0075683029 0.0160035894 0.0087862973 0.0214597046 0.0081954551 0.0105764288 0.0115240823 0.0268576394 0.01797425 0.0076503739 0.0247368669 0.021860904 0.010027323 0.0372658303 0.0137360317 0.0153470445 0.0042521758 0.0167127691 0.0180695122 0.0169510532 0.0218577905 0.0109054653 0.0211654313 0.0149992596 0.0043253473 0.0122871858 0.0150942391 0.0203920158 0.0032739843 0.0193749756 0.0121412551 0.0171830798 0.0102736301 0.0083856447 0.0127875967 0.0117420553 0.0119280877 0.0237933615 0.0111040766 0.0167318844 0.0124921324 0.0143953313 0.0194099716 0.0191742801 0.0184650553 0.0122543856 0.0070196521 0.0245925404 0.0107808528 0.0107371676 0.0336683966 
34 0.0230083443 0.0115358889 0.0160214605 0.0147857553 0.0058211146 0.0202762008 0.0190658067 0.0117519914 0.0185417045 0.0169219259 0.0113026222 0.0308473468 0.0138576064 0.0208080057 0.0078607421 0.0162736842 0.0099249582 0.008479475 0.0132456704 0.0163862632 0.0138447579 0.0246784362 0.011937805 0.0024942831 0.01583677 0.0194216947 0.0135824094 0.0111431552 0.0120770458 0.0062722023 0.0168196965 0.0171811217 0.0218577905 0.0119353903 0.020852714 0.0203031962 0.0113357514 0.0183548831 0.018195658 0.0183512308 0.0182872713 0.0154509126 0.0096694839 0.0277518955 0.0143943279 0.0135237742 0.0166278211 0.0210229348 0.0110466929 0.0139312155 0.0139775026 0.0114867671 0.0190684172 0.0094752787 0.0196551067 0.0175462667 0.0140203783 0.0183855676 0.0141428003 0.0167160273 0.0140519683 0.0204951554 0.0215306966 0.0145491781 
35 0.0091460798 0.0179348835 0.0237865637 0.0145094304 0.0135072111 0.028070492 0.0134259098 0.0259039407 0.0242776616 0.0202376106 0.0111743414 0.0161567885 0.0151208095 0.0214613587 0.0095359431 0.0157384145 0.0307439845 0.0212707253 0.011709317 0.0108178032 0.0130830143 0.0260870176 0.0203323886 0.0081159571 0.0200679913 0.008735662 0.0297002284 0.0098395903 0.0185491202 0.0058604657 0.0070232988 0.0145217341 0.0109054653 0.020852714 0.0050384942 0.0169317525 0.009831297 0.0099980908 0.0053435892 0.0267006594 0.0169483411 0.0150808443 0.0244330185 0.0323763279 0.0140533125 0.0165975131 0.0222609119 0.0113719091 0.0097112356 0.0123898451 0.0110456657 0.012579123 0.0191434863 0.005723592 0.021346049 0.0064327439 0.0172161961 0.0176886485 0.0109482189 0.0031924623 0.0215301792 0.0123117056 0.0066251458 0.0169457246 
36 0.0106095617 0.015984989 0.0206704243 0.0212680485 0.01059874 0.0074604011 0.0125783155 0.0260076013 0.0248221631 0.015456333 0.0113204345 0.0180204983 0.0154323464 0.0184656316 0.0204104773 0.0216583747 0.0075974861 0.0095532273 0.0271136025 0.0203861755 0.0165232643 0.017334325 0.0100015444 0.0212683969 0.0233212106 0.0176319048 0.0149767736 0.0056664893 0.0093999842 0.0214385988 0.0159809286 0.0213499808 0.0211654313 0.0203031962 0.0169317525 0.0176919064 0.0097558718 0.0160157576 0.0146933301 0.026875701 0.0091416505 0.0099195163 0.009516626 0.0134551808 0.0082334408 0.0185911346 0.0191593713 0.0179393682 0.0127959731 0.0118116312 0.0097972324 0.0141234081 0.0172517991 0.0140881676 0.010682751 0.016602053 0.0119426214 0.0102050606 0.0251422484 0.0192766024 0.008657777 0.0089913263 0.0222831335 0.0066507467 
37 0.0142651769 0.0037105094 0.0279087082 0.0166425558 0.0128842596 0.0220617105 0.0186611402 0.0079151013 0.0122683613 0.0072166757 0.0202437883 0.0126658713 0.0144148177 0.0169123171 0.0203022035 0.0235386669 0.0164489209 0.0100243227 0.0265153917 0.0139216758 0.0221755319 0.0178949255 0.0210552003 0.0108940038 0.0165018903 0.0111992692 0.0196473988 0.030993786 0.017930642 0.0139978099 0.0264513035 0.0210533569 0.0149992596 0.0113357514 0.009831297 0.0097558718 0.0221493233 0.0091685852 0.0115248669 0.0133204921 0.0239660684 0.0100756103 0.0101362087 0.0174036934 0.0166052253 0.0134612827 0.0080567074 0.0110434067 0.0141674858 0.0092459408 0.0095188289 0.0169575883 0.004614612 0.0212148177 0.0180101457 0.0101303465 0.0205832533 0.0182670904 0.0162561954 0.0186577701 0.0179231758 0.0063792844 0.0191706367 0.0177518849 
38 0.0200474566 0.0136666182 0.0125143456 0.011438329 0.0142728241 0.0161285792 0.0147432809 0.0180145844 0.0140251897 0.0182391575 0.0118614649 0.0211771506 0.0079550753 0.0093037734 0.0175796637 0.0302317575 0.0179539214 0.0124335291 0.0286655295 0.0130219018 0.0171701523 0.0140963375 0.0156968966 0.0158556846 0.0106505525 0.0125625786 0.0132592889 0.0098101819 0.0167963602 0.0301454106 0.008962041 0.0147063372 0.0043253473 0.0183548831 0.0099980908 0.0160157576 0.0091685852 0.0029166478 0.0165775098 0.0209950094 0.0157995709 0.0062415705 0.0206643858 0.0093139528 0.0200744584 0.0160752686 0.0162607702 0.0159956351 0.029796191 0.0136733919 0.0264856781 0.0110600244 0.018967063 0.0290732662 0.0162667363 0.0094379264 0.0121453856 0.0123164359 0.0199789404 0.0133095368 0.0188240428 0.0083962929 0.0202967617 0.018208929 
39 0.0240039164 0.0143574464 0.0171961184 0.0103756316 0.0149207514 0.0259894642 0.0176312411 0.022297945 0.0268728183 0.0176557957 0.0256027629 0.0116578606 0.008021129 0.0219980196 0.016456796 0.0163469908 0.0161994866 0.0145558023 0.0092236452 0.0180883023 0.0163544679 0.023390024 0.0108562357 0.0154042354 0.0089721194 0.0169265809 0.0116553427 0.0153742929 0.0160216006 0.008647096 0.0136475632 0.0171055992 0.0122871858 0.018195658 0.0053435892 0.0146933301 0.0115248669 0.0165775098 0.006616743 0.0238950627 0.0166537034 0.0088646845 0.0195870737 0.0132257162 0.0107482769 0.0189220241 0.0028376722 0.0120916902 0.0132408102 0.0155217568 0.0096650895 0.0111241792 0.0116708875 0.014226351 0.0201172519 0.0130950622 0.0330423998 0.014388024 0.0120032804 0.0165393027 0.0272204988 0.0206607902 0.020256682 0.0113557654 
40 0.0040919312 0.0156783335 0.0120412731 0.016526172 0.0131507501 0.0169192551 0.0163380897 0.0114747126 0.0159837889 0.0168790949 0.0100772504 0.0127790628 0.0106809301 0.0068123567 0.0280640265 0.0278161173 0.0097844256 0.0124002345 0.0115465496 0.0042326383 0.0174693862 0.0068791218 0.0052617482 0.0130152814 0.0196863821 0.0092192584 0.0196038647 0.0186635944 0.0174947718 0.0309335136 0.0144774527 0.0127252401 0.0150942391 0.0183512308 0.0267006594 0.026875701 0.0133204921 0.0209950094 0.0238950627 0.007209357 0.0131317729 0.0199588479 0.0119165125 0.0163930518 0.0265240305 0.0149355603 0.0109203639 0.0088330385 0.0260655383 0.0116506127 0.0104718 0.0211250402 0.0152586093 0.0193739554 0.0151274439 0.0101751661 0.0302681411 0.016536141 0.0156731947 0.0144534267 0.0102262016 0.0137728742 0.017540507 0.0185198099 
41 0.0121910007 0.0118466478 0.013452544 0.0222842452 0.0084113698 0.0123682885 0.021688574 0.0197830856 0.0181303876 0.006555388 0.0208847244 0.0039796098 0.0213656183 0.0244394933 0.0110508665 0.0231284634 0.0134070543 0.0131511148 0.0134628845 0.0152107038 0.0195493741 0.0196384101 0.0074826636 0.0158986152 0.0143592385 0.0137558202 0.0134432013 0.0207153226 0.0082036533 0.0097227703 0.015834176 0.007335314 0.0203920158 0.0182872713 0.0169483411 0.0091416505 0.0239660684 0.0157995709 0.0166537034 0.0131317729 0.0229646548 0.0167874696 0.0109122008 0.0135808623 0.0162315535 0.0229596198 0.0123366941 0.0151467656 0.0150679632 0.0180781236 0.0160105001 0.0121096616 0.0194590926 0.016357282 0.0069048 0.0251611556 0.0145567342 0.0152284569 0.011336106 0.0181659979 0.0171739192 0.0208815454 0.0184203622 0.0171174614 
42 0.0040007191 0.0134297938 0.0221325043 0.0195461824 0.0270837995 0.0194244967 0.0123823415 0.0135602147 0.0145332074 0.0249235811 0.0190541488 0.0147139231 0.0183307275 0.0095908662 0.0197855132 0.0062403764 0.0118474118 0.0140522649 0.0178917943 0.015780486 0.0183927481 0.0180958002 0.0202556904 0.0280558071 0.0113475554 0.0202839082 0.0204166239 0.0143904263 0.0114499019 0.0085436702 0.020163929 0.0070801501 0.0032739843 0.0154509126 0.0150808443 0.0099195163 0.0100756103 0.0062415705 0.0088646845 0.0199588479 0.0167874696 0.0381497394 0.0232178023 0.0137551325 0.0130247553 0.0226214077 0.0093038656 0.0144977672 0.0124084839 0.0107640006 0.0084507824 0.0130843921 0.0276012306 0.0117255469 0.0197605854 0.0263873229 0.0175858743 0.0160141576 0.0111163743 0.0123465326 0.0033167635 0.0117862651 0.0177017193 0.0229454947 
43 0.0234416464 0.024357066 0.0097276373 0.0059231894 0.0162604749 0.0200474985 0.0152422515 0.0144133458 0.0228848895 0.0174267777 0.0034696424 0.0197838531 0.0243582509 0.0179252642 0.0165041225 0.0071492124 0.0221312196 0.0271258416 0.0147914024 0.0226351629 0.0213881741 0.0056019232 0.0244717974 0.0074035557 0.0236899829 0.0154383014 0.0051229258 0.0058120966 0.0198564693 0.0186747139 0.0105952093 0.0100678024 0.0193749756 0.0096694839 0.0244330185 0.009516626 0.0101362087 0.0206643858 0.0195870737 0.0119165125 0.0109122008 0.0232178023 0.0180485713 0.0197911156 0.0094995969 0.0182978191 0.016546894 0.0244036031 0.0205498261 0.0106180576 0.0167055546 0.0124581772 0.0218296667 0.0161930439 0.0067313544 0.0114896024 0.016440555 0.0159336178 0.0163823505 0.0178095325 0.012065215 0.0096628914 0.0063729258 0.0090200402 
44 0.0096405644 0.0196515233 0.0176155512 0.0140401252 0.0161714913 0.0168697548 0.0059490944 0.0069526102 0.0135418584 0.01645859 0.0275327005 0.0108749403 0.019104732 0.0123399035 0.0279471484 0.0084973425 0.0143662281 0.0144973833 0.0193776028 0.0122980747 0.0152410359 0.0164929365 0.0121744913 0.0169284081 0.0168218351 0.0154260821 0.0184320375 0.0199503825 0.009654032 0.0196219895 0.020193645 0.0123929779 0.0121412551 0.0277518955 0.0323763279 0.0134551808 0.0174036934 0.0093139528 0.0132257162 0.0163930518 0.0135808623 0.0137551325 0.0197911156 0.0220831037 0.018359106 0.0125713637 0.0157794142 0.0184727416 0.0220811844 0.0151472561 0.0135705859 0.0225114306 0.0084161859 0.0075095168 0.0099933905 0.0084897215 0.0104730966 0.0101280301 0.0134225813 0.0212285086 0.0156029004 0.0203143721 0.0069705161 0.0206297372 
45 0.0186738699 0.0085812577 0.0118293169 0.0072652826 0.0105737783 0.0226914119 0.0316748355 0.0110661031 0.0234449009 0.0128500813 0.0194875067 0.0283884118 0.0199064328 0.0123967585 0.0072911946 0.0166009312 0.0149103769 0.0172514432 0.0184017063 0.0116029528 0.0123057007 0.014074472 0.0361561836 0.0062531424 0.0052352399 0.0334232636 0.0193028481 0.021763808 0.0157557455 0.0103404835 0.0192654601 0.0232006113 0.0171830798 0.0143943279 0.0140533125 0.0082334408 0.0166052253 0.0200744584 0.0107482769 0.0265240305 0.0162315535 0.0130247553 0.0094995969 0.018359106 0.014135826 0.0273469011 0.0227479251 0.010598562 0.0154768921 0.0134634803 0.014122533 0.0144860985 0.0090903228 0.014539654 0.016646171 0.0106322717 0.0101163144 0.0123424154 0.0114012049 0.0167917028 0.0116691116 0.0134366741 0.0081056813 0.0059535819 
46 0.0145546359 0.0179859238 0.0191754802 0.0064571289 0.0111150225 0.0245337824 0.0204265096 0.0253769246 0.011981604 0.0090946293 0.0218526854 0.0159899159 0.0108060788 0.0238798083 0.0106008957 0.0205861397 0.0227919528 0.0079024167 0.0120678605 0.0069670141 0.0116617439 0.0099385014 0.0143440299 0.0210545053 0.0176664473 0.0157392747 0.0297085585 0.0157796635 0.0039658534 0.0131815471 0.016680504 0.0110872592 0.0102736301 0.0135237742 0.0165975131 0.0185911346 0.0134612827 0.0160752686 0.0189220241 0.0149355603 0.0229596198 0.0226214077 0.0182978191 0.0125713637 0.0273469011 0.0103079527 0.0193306931 0.0068142976 0.0195573841 0.0075905243 0.0203149098 0.0174854322 0.0240458798 0.0108271448 0.0084620417 0.0118714325 0.0147846843 0.0195385771 0.0182313807 0.0198266448 0.0126161567 0.0097076464 0.020805466 0.0067501552 
47 0.0166420936 0.0173216933 0.0139655669 0.0154430758 0.0168418107 0.0183696445 0.0132196363 0.0252444476 0.0145592473 0.0179794303 0.0084125701 0.017361197 0.0142053396 0.0239168195 0.0086678526 0.0172389601 0.0057430808 0.0133617651 0.0065328896 0.0128345966 0.024677499 0.0210039399 0.0113623788 0.0223929314 0.01325606 0.0176288306 0.0166038837 0.0109789648 0.0201710247 0.0255766055 0.016353898 0.0062974675 0.0083856447 0.0166278211 0.0222609119 0.0191593713 0.0080567074 0.0162607702 0.0028376722 0.0109203639 0.0123366941 0.0093038656 0.016546894 0.0157794142 0.0227479251 0.0193306931 0.0137518573 0.0212505709 0.0035095361 0.0244552362 0.0157350962 0.011877406 0.0109501438 0.0181689601 0.0120123068 0.0160306431 0.0083887022 0.0130913133 0.0219350804 0.0242494066 0.0128329895 0.0250909648 0.0220354467 0.0199143904 
48 0.0152308786 0.0300075934 0.0182670927 0.0108375045 0.0106920217 0.0143970464 0.0189358801 0.020358853 0.0121256853 0.0135396879 0.0081584794 0.0283538666 0.0025189719 0.0163618853 0.0168451463 0.0129083985 0.0249742954 0.0106079207 0.0174870737 0.0220629805 0.0149407053 0.0278519219 0.0176016144 0.0244023721 0.0136576649 0.020622964 0.0176643853 0.0141033156 0.0112198381 0.0090646585 0.0056627542 0.0237189663 0.0127875967 0.0210229348 0.0113719091 0.0179393682 0.0110434067 0.0159956351 0.0120916902 0.0088330385 0.0151467656 0.0144977672 0.0244036031 0.0184727416 0.010598562 0.0068142976 0.0212505709 0.0117056648 0.0169913526 0.0234135502 0.0244673736 0.008978684 0.0111590079 0.0107344607 0.0215450426 0.0169031156 0.0123798756 0.0119019863 0.0060062138 0.0208222313 0.0179504494 0.0100172148 0.025957024 0.0016144433 
