50
1 0.0 0.0295048914 0.0081724917 0.0177222508 0.0322954716 0.0199222955 0.0169902941 0.0318296576 0.0168347811 0.0145921832 0.0113623894 0.0215956704 0.0276885771 0.0217230531 0.037439182 0.0356149164 0.0318585759 0.0123673468 0.0232174772 0.018995611 0.0234157315 0.0240639531 0.0396626726 0.0299931193 0.0144165189 0.0110805494 0.0138804034 0.0326307425 0.0122973739 0.0200609114 0.0114400369 0.0050994565 0.0185616815 0.0222018666 0.0104980386 0.0250583307 0.0118541494 0.0221885901 0.0222376271 0.0215166711 0.0160299664 0.0231833849 0.0151448723 0.0158179702 0.0214252571 0.0210450911 0.007381437 0.0262855343 0.0153286189 0.0164723269
2 0.0295048914 0.0 0.0381056786 0.0181437559 0.0180849089 0.0223586337 0.0198226779 0.013216001 0.0292675061 0.0341237295 0.0241968195 0.0147025262 0.0235445022 0.0157465579 0.0254904457 0.0271278203 0.0203131804 0.0063172314 0.0250404685 0.0182577278 0.0266570131 0.0256927337 0.03280047 0.0258755881 0.0088530401 0.0332435017 0.0149294406 0.0065414495 0.0148287247 0.0298311868 0.0057399481 0.0364048028 0.0260877193 0.0120532766 0.0254346735 0.0232338906 0.0022310812 0.0178455555 0.0186903702 0.0260580289 0.0221609482 0.0150138407 0.0237396958 0.0315377709 0.0169429947 0.0093302443 0.0123468118 0.0179563334 0.0059029009 0.0086709015
3 0.0081724917 0.0381056786 0.0 0.0227744293 0.0097212244 0.0192129984 0.0311854537 0.0138289682 0.0203572731 0.0151029767 0.0132899433 0.0215931907 0.0289750998 0.0181958309 0.0071669233 0.0031835564 0.0231095405 0.0207979752 0.0194887198 0.0238359186 0.0244584013 0.0283987868 0.0376336994 0.0247663943 0.0367663954 0.0338534407 0.0286573105 0.0110621894 0.0187942839 0.0145096019 0.0171318668 0.0362430797 0.0090356918 0.0192022303 0.0271967019 0.0056287634 0.0274276917 0.0055879457 0.029868833 0.02481333 0.0274227207 0.0085551821 0.021856002 0.0065201496 0.0185240414 0.0280728756 0.0092770563 0.0291652165 0.0071248833 0.024347042
4 0.0177222508 0.0181437559 0.0227744293 0.0 0.0308361276 0.0183938338 0.0261362014 0.0127688237 0.0308301874 0.0301505578 0.016083963 0.0283902469 0.0311822086 0.0016061757 0.0308516768 0.0248386843 0.0192042137 0.0188497961 0.0147888469 0.0236688293 0.0308145421 0.0338899697 0.0074029465 0.0220971613 0.0241783879 0.0155065439 0.0220222757 0.013360788 0.0119778232 0.0215131322 0.0033698216 0.0075919759 0.0207083809 0.0321793275 0.019109222 0.0234324619 0.0112133326 0.0228556275 0.0377306498 0.0110036493 0.0202831154 0.0238446527 0.0136643433 0.0136384153 0.0130953978 0.0278021459 0.0117320969 0.0324078711 0.0172475197 0.0171056138
5 0.0322954716 0.0180849089 0.0097212244 0.0308361276 0.0 0.0126815892 0.0092719866 0.0137708527 0.0196410212 0.0088233149 0.0150047714 0.0230439377 0.0142787512 0.0317292768 0.0179863666 0.0216464182 0.0169911757 0.0225993818 0.0197255311 0.0269126225 0.0200601262 0.0212700411 0.0224554561 0.0137464711 0.0191149949 0.0133357049 0.028733094 0.0213171777 0.0144634017 0.0152658439 0.0243040681 0.021639084 0.0219850644 0.0237199854 0.0215034547 0.0100657749 0.0218931037 0.0210804503 0.0250822142 0.0312863071 0.0293406185 0.0176719199 0.0222903091 0.0373285983 0.0192984932 0.0113899262 0.0216619757 0.0250724131 0.0171141609 0.0214650365
6 0.0199222955 0.0223586337 0.0192129984 0.0183938338 0.0126815892 0.0 0.02368473 0.0233558367 0.0257020678 0.0280730313 0.0226421622 0.0220467438 0.0225495283 0.0189673272 0.0171736491 0.0138773799 0.0226018885 0.0317536291 0.0261804512 0.0082104201 0.0293952678 0.0231397836 0.0196791115 0.0297895144 0.0093612218 0.0206931207 0.0297799858 0.0317328321 0.0316262446 0.0182637091 0.0039689697 0.026738113 0.0132024682 0.0067503617 0.0080836226 0.0178266038 0.0191930768 0.0130825693 0.0303703136 0.0044736867 0.0248597811 0.0309946782 0.0199764693 0.0125738258 0.02838692 0.0193139574 0.0343442891 0.0066808819 0.0302651207 0.0060653038
7 0.0169902941 0.0198226779 0.0311854537 0.0261362014 0.0092719866 0.02368473 0.0 0.0220586949 0.0334890563 0.0223036089 0.0213150881 0.0023433135 0.0282371249 0.0304042051 0.0133470201 0.0209601608 0.0151896626 0.007911514 0.0133338098 0.0250259339 0.024326675 0.0288401416 0.016390533 0.0341220298 0.0167479562 0.0218000814 0.020469231 0.0297448181 0.0025643433 0.0354851832 0.0388562885 0.0096204553 0.003832944 0.0300873303 0.0384248049 0.0199874924 0.0213383279 0.0084063007 0.0127866885 0.0180376907 0.023025057 0.0016188307 0.0128573722 0.0280490142 0.0221605955 0.0318096573 0.0134902879 0.0162567812 0.0210716438 0.0147809081
8 0.0318296576 0.013216001 0.0138289682 0.0127688237 0.0137708527 0.0233558367 0.0220586949 0.0 0.0245336962 0.0166133427 0.0150018177 0.0090179855 0.0012287082 0.0207663319 0.0108865355 0.0189689037 0.0321314327 0.0215808746 0.0166512795 0.0077289307 0.0388844785 0.0154942298 0.0189960977 0.0305765533 0.0117508137 0.0270826798 0.0178732484 0.0214591412 0.0385438338 0.0234706251 0.016902096 0.0110491808 0.0222647516 0.0296106847 0.0323261241 0.0112749779 0.0192478112 0.0242167949 0.0207916046 0.0255155199 0.011861672 0.0323858535 0.0145173583 0.0062790437 0.0197822822 0.0062977558 0.039819049 0.0203295141 0.0351273282 0.0303302222
9 0.0168347811 0.0292675061 0.0203572731 0.0308301874 0.0196410212 0.0257020678 0.0334890563 0.0245336962 0.0 0.0182232245 0.0101922795 0.0330482487 0.0264397423 0.0261637162 0.0318516275 0.0058138508 0.0052610819 0.0137838025 0.0129593555 0.0084636337 0.0162151898 0.0211254675 0.0256024787 0.0067883383 0.0174004382 0.0186844567 0.0174267939 0.0052620261 0.0247823525 0.0199880199 0.0359072578 0.0248924345 0.0318499485 0.0084096607 0.0151319751 0.0236976509 0.0137193173 0.0164475981 0.0206104598 0.030342136 0.0238580378 0.0268258543 0.0235563787 0.0167664189 0.0218914341 0.0318776246 0.0148827177 0.0166070895 0.0147396976 0.0218545942
10 0.0145921832 0.0341237295 0.0151029767 0.0301505578 0.0088233149 0.0280730313 0.0223036089 0.0166133427 0.0182232245 0.0 0.0319480439 0.019359896 0.0171655976 0.0235188112 0.0090881893 0.0062430452 0.0192537518 0.0284406485 0.0335727516 0.0142731897 0.013740716 0.0163856975 0.0183006145 0.0314611097 0.0318471302 0.0212219787 0.0128981398 0.0193139788 0.0158051862 0.0197725112 0.0102199157 0.024878683 0.0290216598 0.025055049 0.0206148243 0.0265386873 0.0216023737 0.0107435329 0.0044675006 0.0273415259 0.007488285 0.0141977452 0.0222580897 0.0091004131 0.032451121 0.0099211658 0.032248298 0.0326273393 0.0266329511 0.0209738828
11 0.0113623894 0.0241968195 0.0132899433 0.016083963 0.0150047714 0.0226421622 0.0213150881 0.0150018177 0.0101922795 0.0319480439 0.0 0.0249013025 0.0150828148 0.0244269299 0.0123178521 0.0264991128 0.0179019635 0.0279156002 0.0311101069 0.012324557 0.007424716 0.0160139356 0.0144267478 0.0248700516 0.0391308583 0.029774505 0.0312117594 0.0126310403 0.0329322339 0.0093199238 0.016900102 0.0227840095 0.0367444388 0.011666058 0.0268176691 0.0403163388 0.020674586 0.0330534321 0.0212309108 0.0152088226 0.0315287418 0.0148598192 0.0069064616 0.0205270848 0.0048819137 0.0128550628 0.0175393808 0.0082517072 0.0273711662 0.0186290046
12 0.0215956704 0.0147025262 0.0215931907 0.0283902469 0.0230439377 0.0220467438 0.0023433135 0.0090179855 0.0330482487 0.019359896 0.0249013025 0.0 0.0188854587 0.0065549588 0.0272553676 0.0145641501 0.0039191416 0.0208960124 0.0078756216 0.0191999884 0.0213243694 0.0318900642 0.0095101129 0.0317386333 0.0198742634 0.0336091103 0.0117534873 0.0148199053 0.0237013619 0.0116743545 0.0259367007 0.0103550691 0.0244408701 0.0186772285 0.0236869331 0.0108315827 0.0325350403 0.0107569444 0.0234353823 0.0288033021 0.0216889933 0.0145350729 0.0061769402 0.0310990788 0.0332205804 0.016352922 0.0267130437 0.0342531375 0.0249464597 0.0324652946
13 0.0276885771 0.0235445022 0.0289750998 0.0311822086 0.0142787512 0.0225495283 0.0282371249 0.0012287082 0.0264397423 0.0171655976 0.0150828148 0.0188854587 0.0 0.0130752936 0.0352863342 0.0061894619 0.0255627679 0.0133167624 0.0089669256 0.0270174944 0.023106044 0.0107628744 0.0285492867 0.0288849984 0.0245834168 0.020292618 0.0128015074 0.0307186279 0.0105028867 0.0040933221 0.0300032447 0.0110933121 0.00727651 0.018859983 0.0111311386 0.0224287187 0.0266825877 0.0177529708 0.0282433431 0.0200489144 0.0117825429 0.029843334 0.0263834582 0.0138917114 0.0173760227 0.0280772875 0.0222792366 0.0255688228 0.0307389824 0.0215691425
14 0.0217230531 0.0157465579 0.0181958309 0.0016061757 0.0317292768 0.0189673272 0.0304042051 0.0207663319 0.0261637162 0.0235188112 0.0244269299 0.0065549588 0.0130752936 0.0 0.0070833343 0.0216268742 0.0217180687 0.0187250794 0.0209577846 0.0203925598 0.0215132445 0.0278652447 0.0113801081 0.028968658 0.0248591188 0.0189249348 0.0167727553 0.0184967942 0.0356354703 0.019181761 0.0360383928 0.018534855 0.0309961567 0.0146137497 0.0219218658 0.0111441638 0.0056318757 0.0131520442 0.0235838552 0.0070363961 0.0257368182 0.0260273655 0.0184977478 0.0188327398 0.0312542446 0.018689408 0.0298526459 0.019129491 0.0164217471 0.0259241782
15 0.037439182 0.0254904457 0.0071669233 0.0308516768 0.0179863666 0.0171736491 0.0133470201 0.0108865355 0.0318516275 0.0090881893 0.0123178521 0.0272553676 0.0352863342 0.0070833343 0.0 0.0132791267 0.0197256826 0.0427075165 0.0085460033 0.0312714705 0.0152605805 0.0201539682 0.037309058 0.0133850481 0.0071801662 0.0138104754 0.0216093097 0.0203245749 0.0349005347 0.0157420322 0.0082501945 0.0333312467 0.0330938381 0.0185825958 0.0029239918 0.0277860538 0.0172932414 0.030234282 0.0227931942 0.0155336374 0.00895547 0.0200944165 0.0120504117 0.0389455009 0.0307209864 0.0226931897 0.0233349756 0.0092663842 0.0074272343 0.018259103
16 0.0356149164 0.0271278203 0.0031835564 0.0248386843 0.0216464182 0.0138773799 0.0209601608 0.0189689037 0.0058138508 0.0062430452 0.0264991128 0.0145641501 0.0061894619 0.0216268742 0.0132791267 0.0 0.025812115 0.0207606799 0.0245409438 0.023631738 0.0237213075 0.007814325 0.015800458 0.0126665762 0.0204700528 0.0101631965 0.012906045 0.0186933908 0.0158734118 0.0229988252 0.0261901922 0.031314593 0.0246012331 0.0234600693 0.0245631274 0.0203718346 0.0346516516 0.0349690497 0.0404377243 0.0273639711 0.0078876759 0.0163615119 0.0213628766 0.0219741615 0.0100323552 0.014837291 0.0099821463 0.0284181793 0.0280605878 0.036873241
17 0.0318585759 0.0203131804 0.0231095405 0.0192042137 0.0169911757 0.0226018885 0.0151896626 0.0321314327 0.0052610819 0.0192537518 0.0179019635 0.0039191416 0.0255627679 0.0217180687 0.0197256826 0.025812115 0.0 0.0184075181 0.0158942901 0.0046196967 0.0158253238 0.0248570212 0.0191790301 0.0217458492 0.0168070195 0.0263419072 0.0181277585 0.006035824 0.0410257556 0.0099653569 0.0246464799 0.0241222133 0.0202136487 0.0157654337 0.0244803368 0.0264234384 0.0297192024 0.0162964567 0.0156033564 0.0042839077 0.013274576 0.0148680047 0.0293530335 0.0223538285 0.0191158462 0.0193005018 0.0315619094 0.021888316 0.0344374711 0.0329054451
18 0.0123673468 0.0063172314 0.0207979752 0.0188497961 0.0225993818 0.0317536291 0.007911514 0.0215808746 0.0137838025 0.0284406485 0.0279156002 0.0208960124 0.0133167624 0.0187250794 0.0427075165 0.0207606799 0.0184075181 0.0 0.035188265 0.0054231031 0.0097118911 0.0178062937 0.0211292924 0.019823434 0.0318128693 0.0237937618 0.0180902276 0.0251844577 0.0267835326 0.0171884958 0.0154683611 0.0193241068 0.0131067207 0.0202167656 0.0148550205 0.0350000224 0.0123984915 0.0247606299 0.023696406 0.0296477101 0.0215798248 0.0312600438 0.0250259357 0.004155964 0.0158429747 0.0246030266 0.0016561935 0.0302439182 0.0198087818 0.0182821093
19 0.0232174772 0.0250404685 0.0194887198 0.0147888469 0.0197255311 0.0261804512 0.0133338098 0.0166512795 0.0129593555 0.0335727516 0.0311101069 0.0078756216 0.0089669256 0.0209577846 0.0085460033 0.0245409438 0.0158942901 0.035188265 0.0 0.0259339962 0.0223275572 0.021550803 0.0301188671 0.0188250828 0.0288045171 0.0102826481 0.0255592603 0.0098551728 0.0091055723 0.0081162399 0.0224074229 0.0281113824 0.0127936443 0.0096309956 0.0349875188 0.0198633971 0.0175997832 0.0256688828 0.0070873388 0.037409966 0.0280161279 0.0202669359 0.0270837147 0.0263859216 0.0059534794 0.0033019928 0.0381645071 0.0264092991 0.0275689301 0.0127704112
20 0.018995611 0.0182577278 0.0238359186 0.0236688293 0.0269126225 0.0082104201 0.0250259339 0.0077289307 0.0084636337 0.0142731897 0.012324557 0.0191999884 0.0270174944 0.0203925598 0.0312714705 0.023631738 0.0046196967 0.0054231031 0.0259339962 0.0 0.0138123905 0.0174835322 0.0211300199 0.0235265005 0.0120522252 0.0356293585 0.0169548704 0.0160697154 0.0197336086 0.0329201232 0.0205764536 0.0100555766 0.0336448268 0.0170741051 0.0327945462 0.018558571 0.0271640587 0.0168335525 0.0269119197 0.022565388 0.0305999277 0.0222773294 0.0314060569 0.0146683202 0.0134625503 0.0228488729 0.0209184335 0.0375575843 0.0175005255 0.0080816353
21 0.0234157315 0.0266570131 0.0244584013 0.0308145421 0.0200601262 0.0293952678 0.024326675 0.0388844785 0.0162151898 0.013740716 0.007424716 0.0213243694 0.023106044 0.0215132445 0.0152605805 0.0237213075 0.0158253238 0.0097118911 0.0223275572 0.0138123905 0.0 0.0051241572 0.0293866749 0.0157629338 0.0287241804 0.0019377939 0.0288029077 0.0060716481 0.0090253476 0.020253024 0.0105662762 0.0226198938 0.0312163377 0.0214644682 0.0322025306 0.0328675981 0.0064781923 0.0254917914 0.0201070553 0.0133836459 0.0058460469 0.0374658941 0.019234741 0.0339510033 0.0200228711 0.0127032549 0.0336757921 0.0225401641 0.0165841845 0.014494025
22 0.0240639531 0.0256927337 0.0283987868 0.0338899697 0.0212700411 0.0231397836 0.0288401416 0.0154942298 0.0211254675 0.0163856975 0.0160139356 0.0318900642 0.0107628744 0.0278652447 0.0201539682 0.007814325 0.0248570212 0.0178062937 0.021550803 0.0174835322 0.0051241572 0.0 0.0050716308 0.0102402272 0.0319587859 0.0326172758 0.0264798285 0.0130892529 0.0297375768 0.0287281084 0.0186569075 0.0196724927 0.0060637793 0.0059564493 0.015855489 0.0197105414 0.0251003343 0.0346912088 0.0216870905 0.009796951 0.0175032122 0.0371161551 0.0308022291 0.0139264296 0.0216169191 0.0285329585 0.0194336681 0.0086631443 0.0127761821 0.0148921478
23 0.0396626726 0.03280047 0.0376336994 0.0074029465 0.0224554561 0.0196791115 0.016390533 0.0189960977 0.0256024787 0.0183006145 0.0144267478 0.0095101129 0.0285492867 0.0113801081 0.037309058 0.015800458 0.0191790301 0.0211292924 0.0301188671 0.0211300199 0.0293866749 0.0050716308 0.0 0.0182706887 0.0232334426 0.0248358142 0.0210938509 0.0146056094 0.0086648983 0.0325133555 0.0103419212 0.0240392305 0.0196145162 0.0290980732 0.0029292672 0.0292360716 0.0275270084 0.0112041633 0.0098629676 0.0406518141 0.0115131394 0.013029942 0.0029272134 0.0263210402 0.0270664081 0.0172386192 0.0153183181 0.0167601499 0.0092887898 0.0308983199
24 0.0299931193 0.0258755881 0.0247663943 0.0220971613 0.0137464711 0.0297895144 0.0341220298 0.0305765533 0.0067883383 0.0314611097 0.0248700516 0.0317386333 0.0288849984 0.028968658 0.0133850481 0.0126665762 0.0217458492 0.019823434 0.0188250828 0.0235265005 0.0157629338 0.0102402272 0.0182706887 0.0 0.0206363089 0.0157754517 0.0226040393 0.0103947031 0.0340000391 0.0233057259 0.016798885 0.0238693687 0.0103364442 0.0211082977 0.0120277168 0.002582566 0.0218609841 0.0144936439 0.0221022706 0.0133638211 0.0087743618 0.033755206 0.0121173197 0.0160548126 0.0320197184 0.0277720513 0.0165720407 0.0191643699 0.0093120256 0.0212728663
25 0.0144165189 0.0088530401 0.0367663954 0.0241783879 0.0191149949 0.0093612218 0.0167479562 0.0117508137 0.0174004382 0.0318471302 0.0391308583 0.0198742634 0.0245834168 0.0248591188 0.0071801662 0.0204700528 0.0168070195 0.0318128693 0.0288045171 0.0120522252 0.0287241804 0.0319587859 0.0232334426 0.0206363089 0.0 0.0138523559 0.0140504764 0.0257634191 0.018882431 0.0127668827 0.0291472806 0.0359738506 0.0169027794 0.0063242611 0.025724442 0.0067435693 0.0178204643 0.0169862249 0.015466089 0.0258670655 0.0247760637 0.0148227161 0.0142121078 0.0384132329 0.0363752559 0.0098515457 0.0201640026 0.0161919981 0.0170098181 0.0053475445
26 0.0110805494 0.0332435017 0.0338534407 0.0155065439 0.0133357049 0.0206931207 0.0218000814 0.0270826798 0.0186844567 0.0212219787 0.029774505 0.0336091103 0.020292618 0.0189249348 0.0138104754 0.0101631965 0.0263419072 0.0237937618 0.0102826481 0.0356293585 0.0019377939 0.0326172758 0.0248358142 0.0157754517 0.0138523559 0.0 0.0295955235 0.0254510988 0.0048506703 0.0183943022 0.0205730851 0.033974426 0.0207315711 0.0069514099 0.0142276882 0.021644044 0.0314206797 0.0319135322 0.0091648511 0.0067400824 0.0237106063 0.0166562762 0.0098307957 0.0048951702 0.0213552542 0.0285368452 0.0310873526 0.0160548436 0.0241708469 0.0199257798
27 0.0138804034 0.0149294406 0.0286573105 0.0220222757 0.028733094 0.0297799858 0.020469231 0.0178732484 0.0174267939 0.0128981398 0.0312117594 0.0117534873 0.0128015074 0.0167727553 0.0216093097 0.012906045 0.0181277585 0.0180902276 0.0255592603 0.0169548704 0.0288029077 0.0264798285 0.0210938509 0.0226040393 0.0140504764 0.0295955235 0.0 0.0096553791 0.0182611844 0.0130092941 0.0181245878 0.031327289 0.0105403685 0.0195882217 0.0211170423 0.0109668212 0.0207313762 0.0280867352 0.0254966884 0.0325846615 0.0283840128 0.0254838104 0.020539572 0.0188310668 0.0204163322 0.0307170485 0.0099014598 0.0013483258 0.0275561886 0.0222490035
28 0.0326307425 0.0065414495 0.0110621894 0.013360788 0.0213171777 0.0317328321 0.0297448181 0.0214591412 0.0052620261 0.0193139788 0.0126310403 0.0148199053 0.0307186279 0.0184967942 0.0203245749 0.0186933908 0.006035824 0.0251844577 0.0098551728 0.0160697154 0.0060716481 0.0130892529 0.0146056094 0.0103947031 0.0257634191 0.0254510988 0.0096553791 0.0 0.0269108432 0.0318449163 0.0192521205 0.0053035851 0.0211118901 0.0258145399 0.0294250165 0.0369883981 0.0198409585 0.0324211028 0.0212434663 0.0308624631 0.0197392883 0.0292166925 0.0221889736 0.0217028463 0.0230148805 0.0256694463 0.0156271281 0.0133563541 0.0233155609 0.0348637717
29 0.0122973739 0.0148287247 0.0187942839 0.0119778232 0.0144634017 0.0316262446 0.0025643433 0.0385438338 0.0247823525 0.0158051862 0.0329322339 0.0237013619 0.0105028867 0.0356354703 0.0349005347 0.0158734118 0.0410257556 0.0267835326 0.0091055723 0.0197336086 0.0090253476 0.0297375768 0.0086648983 0.0340000391 0.018882431 0.0048506703 0.0182611844 0.0269108432 0.0 0.0351411523 0.025526358 0.0192668564 0.0049111464 0.0160732924 0.0115721338 0.018926402 0.0162464765 0.0187696387 0.0303103364 0.0092710738 0.0212181739 0.0271757379 0.0189089735 0.0084502599 0.0130878478 0.0217915404 0.0227199702 0.0347641384 0.0123755546 0.0272820096
30 0.0200609114 0.0298311868 0.0145096019 0.0215131322 0.0152658439 0.0182637091 0.0354851832 0.0234706251 0.0199880199 0.0197725112 0.0093199238 0.0116743545 0.0040933221 0.019181761 0.0157420322 0.0229988252 0.0099653569 0.0171884958 0.0081162399 0.0329201232 0.020253024 0.0287281084 0.0325133555 0.0233057259 0.0127668827 0.0183943022 0.0130092941 0.0318449163 0.0351411523 0.0 0.0157437459 0.0100897258 0.0251775305 0.0065714131 0.0202344098 0.0334387006 0.0287467378 0.0237969401 0.0237004506 0.011510653 0.0132554085 0.0267254163 0.0177956686 0.0142779921 0.0330164737 0.0244769571 0.0254741941 0.0074140676 0.0267914647 0.0264441295
31 0.0114400369 0.0057399481 0.0171318668 0.0033698216 0.0243040681 0.0039689697 0.0388562885 0.016902096 0.0359072578 0.0102199157 0.016900102 0.0259367007 0.0300032447 0.0360383928 0.0082501945 0.0261901922 0.0246464799 0.0154683611 0.0224074229 0.0205764536 0.0105662762 0.0186569075 0.0103419212 0.016798885 0.0291472806 0.0205730851 0.0181245878 0.0192521205 0.025526358 0.0157437459 0.0 0.0227004235 0.0156916208 0.0234569982 0.0230276572 0.0287358613 0.0218083091 0.0200071769 0.0320674851 0.0231816584 0.030318277 0.0278582632 0.0280136945 0.0254885395 0.0119269235 0.0091065272 0.0231598649 0.0022015538 0.0346966212 0.0175635633
32 0.0050994565 0.0364048028 0.0362430797 0.0075919759 0.021639084 0.026738113 0.0096204553 0.0110491808 0.0248924345 0.024878683 0.0227840095 0.0103550691 0.0110933121 0.018534855 0.0333312467 0.031314593 0.0241222133 0.0193241068 0.0281113824 0.0100555766 0.0226198938 0.0196724927 0.0240392305 0.0238693687 0.0359738506 0.033974426 0.031327289 0.0053035851 0.0192668564 0.0100897258 0.0227004235 0.0 0.0272534378 0.0129024972 0.0200221066 0.0165212451 0.0266810489 0.024271303 0.0090918058 0.0301237186 0.0147541759 0.0124057309 0.0208599925 0.0186965147 0.0176771107 0.0164868387 0.0232250518 0.0159111995 0.0181135466 0.0129819037
33 0.0185616815 0.0260877193 0.0090356918 0.0207083809 0.0219850644 0.0132024682 0.003832944 0.0222647516 0.0318499485 0.0290216598 0.0367444388 0.0244408701 0.00727651 0.0309961567 0.0330938381 0.0246012331 0.0202136487 0.0131067207 0.0127936443 0.0336448268 0.0312163377 0.0060637793 0.0196145162 0.0103364442 0.0169027794 0.0207315711 0.0105403685 0.0211118901 0.0049111464 0.0251775305 0.0156916208 0.0272534378 0.0 0.0358426365 0.0160357946 0.0083137527 0.0221611323 0.0179860897 0.0105345258 0.0228241472 0.0151632975 0.0187430691 0.0146162406 0.0270713452 0.01969531 0.037767459 0.0231261361 0.0301853094 0.0176993331 0.0192208018
34 0.0222018666 0.0120532766 0.0192022303 0.0321793275 0.0237199854 0.0067503617 0.0300873303 0.0296106847 0.0084096607 0.025055049 0.011666058 0.0186772285 0.018859983 0.0146137497 0.0185825958 0.0234600693 0.0157654337 0.0202167656 0.0096309956 0.0170741051 0.0214644682 0.0059564493 0.0290980732 0.0211082977 0.0063242611 0.0069514099 0.0195882217 0.0258145399 0.0160732924 0.0065714131 0.0234569982 0.0129024972 0.0358426365 0.0 0.0204855731 0.0249940055 0.0354999266 0.0144809308 0.0215262007 0.0212407719 0.0322648078 0.0212282626 0.0249249916 0.0331562059 0.0191332549 0.0268495418 0.0204213681 0.0277768691 0.0120933059 0.0349546683
35 0.0104980386 0.0254346735 0.0271967019 0.019109222 0.0215034547 0.0080836226 0.0384248049 0.0323261241 0.0151319751 0.0206148243 0.0268176691 0.0236869331 0.0111311386 0.0219218658 0.0029239918 0.0245631274 0.0244803368 0.0148550205 0.0349875188 0.0327945462 0.0322025306 0.015855489 0.0029292672 0.0120277168 0.025724442 0.0142276882 0.0211170423 0.0294250165 0.0115721338 0.0202344098 0.0230276572 0.0200221066 0.0160357946 0.0204855731 0.0 0.002787196 0.0171389251 0.0340039481 0.0085199016 0.0210496168 0.0420987088 0.0201621424 0.0242542283 0.0191656225 0.0319068187 0.0019362878 0.0170790394 0.0202192577 0.0087231449 0.0295827043
36 0.0250583307 0.0232338906 0.0056287634 0.0234324619 0.0100657749 0.0178266038 0.0199874924 0.0112749779 0.0236976509 0.0265386873 0.0403163388 0.0108315827 0.0224287187 0.0111441638 0.0277860538 0.0203718346 0.0264234384 0.0350000224 0.0198633971 0.018558571 0.0328675981 0.0197105414 0.0292360716 0.002582566 0.0067435693 0.021644044 0.0109668212 0.0369883981 0.018926402 0.0334387006 0.0287358613 0.0165212451 0.0083137527 0.0249940055 0.002787196 0.0 0.0136822607 0.0100744273 0.0219292681 0.0228241683 0.0127319989 0.0199344063 0.0373941682 0.0041609159 0.0155524741 0.0237851668 0.0320876131 0.0320733657 0.0246897602 0.0151544786
37 0.0118541494 0.0022310812 0.0274276917 0.0112133326 0.0218931037 0.0191930768 0.0213383279 0.0192478112 0.0137193173 0.0216023737 0.020674586 0.0325350403 0.0266825877 0.0056318757 0.0172932414 0.0346516516 0.0297192024 0.0123984915 0.0175997832 0.0271640587 0.0064781923 0.0251003343 0.0275270084 0.0218609841 0.0178204643 0.0314206797 0.0207313762 0.0198409585 0.0162464765 0.0287467378 0.0218083091 0.0266810489 0.0221611323 0.0354999266 0.0171389251 0.0136822607 0.0 0.0152301422 0.0270882414 0.0194036897 0.0312525462 0.0181324318 0.0277866357 0.0272376886 0.0187492135 0.0131417382 0.0191584784 0.0078864046 0.0076212717 0.020495919
38 0.0221885901 0.0178455555 0.0055879457 0.0228556275 0.0210804503 0.0130825693 0.0084063007 0.0242167949 0.0164475981 0.0107435329 0.0330534321 0.0107569444 0.0177529708 0.0131520442 0.030234282 0.0349690497 0.0162964567 0.0247606299 0.0256688828 0.0168335525 0.0254917914 0.0346912088 0.0112041633 0.0144936439 0.0169862249 0.0319135322 0.0280867352 0.0324211028 0.0187696387 0.0237969401 0.0200071769 0.024271303 0.0179860897 0.0144809308 0.0340039481 0.0100744273 0.0152301422 0.0 0.0219003781 0.0221034634 0.0235871202 0.0127446541 0.0214392713 0.0189037773 0.0115756272 0.0260829706 0.0215056871 0.0227461452 0.0130410851 0.0245276113
39 0.0222376271 0.0186903702 0.029868833 0.0377306498 0.0250822142 0.0303703136 0.0127866885 0.0207916046 0.0206104598 0.0044675006 0.0212309108 0.0234353823 0.0282433431 0.0235838552 0.0227931942 0.0404377243 0.0156033564 0.023696406 0.0070873388 0.0269119197 0.0201070553 0.0216870905 0.0098629676 0.0221022706 0.015466089 0.0091648511 0.0254966884 0.0212434663 0.0303103364 0.0237004506 0.0320674851 0.0090918058 0.0105345258 0.0215262007 0.0085199016 0.0219292681 0.0270882414 0.0219003781 0.0 0.0273374922 0.0097801103 0.0261089279 0.0036295037 0.0206661537 0.0209330458 0.0237869033 0.0169384629 0.0159343495 0.0199357304 0.0074905557
40 0.0215166711 0.0260580289 0.02481333 0.0110036493 0.0312863071 0.0044736867 0.0180376907 0.0255155199 0.030342136 0.0273415259 0.0152088226 0.0288033021 0.0200489144 0.0070363961 0.0155336374 0.0273639711 0.0042839077 0.0296477101 0.037409966 0.022565388 0.0133836459 0.009796951 0.0406518141 0.0133638211 0.0258670655 0.0067400824 0.0325846615 0.0308624631 0.0092710738 0.011510653 0.0231816584 0.0301237186 0.0228241472 0.0212407719 0.0210496168 0.0228241683 0.0194036897 0.0221034634 0.0273374922 0.0 0.0276514781 0.0147267487 0.0034772908 0.0110346275 0.0209568393 0.0209463601 0.0249173486 0.0060439131 0.0218035327 0.016030342
41 0.0160299664 0.0221609482 0.0274227207 0.0202831154 0.0293406185 0.0248597811 0.023025057 0.011861672 0.0238580378 0.007488285 0.0315287418 0.0216889933 0.0117825429 0.0257368182 0.00895547 0.0078876759 0.013274576 0.0215798248 0.0280161279 0.0305999277 0.0058460469 0.0175032122 0.0115131394 0.0087743618 0.0247760637 0.0237106063 0.0283840128 0.0197392883 0.0212181739 0.0132554085 0.030318277 0.0147541759 0.0151632975 0.0322648078 0.0420987088 0.0127319989 0.0312525462 0.0235871202 0.0097801103 0.0276514781 0.0 0.0178233123 0.0235749851 0.0175300932 0.0272372546 0.0099486763 0.0133976234 0.0089374457 0.0297317159 0.0301151583
42 0.0231833849 0.0150138407 0.0085551821 0.0238446527 0.0176719199 0.0309946782 0.0016188307 0.0323858535 0.0268258543 0.0141977452 0.0148598192 0.0145350729 0.029843334 0.0260273655 0.0200944165 0.0163615119 0.0148680047 0.0312600438 0.0202669359 0.0222773294 0.0374658941 0.0371161551 0.013029942 0.033755206 0.0148227161 0.0166562762 0.0254838104 0.0292166925 0.0271757379 0.0267254163 0.0278582632 0.0124057309 0.0187430691 0.0212282626 0.0201621424 0.0199344063 0.0181324318 0.0127446541 0.0261089279 0.0147267487 0.0178233123 0.0 0.0250890098 0.0097177664 0.0130500886 0.0271180165 0.0072760925 0.0108103558 0.0143912879 0.0165458106
43 0.0151448723 0.0237396958 0.021856002 0.0136643433 0.0222903091 0.0199764693 0.0128573722 0.0145173583 0.0235563787 0.0222580897 0.0069064616 0.0061769402 0.0263834582 0.0184977478 0.0120504117 0.0213628766 0.0293530335 0.0250259357 0.0270837147 0.0314060569 0.019234741 0.0308022291 0.0029272134 0.0121173197 0.0142121078 0.0098307957 0.020539572 0.0221889736 0.0189089735 0.0177956686 0.0280136945 0.0208599925 0.0146162406 0.0249249916 0.0242542283 0.0373941682 0.0277866357 0.0214392713 0.0036295037 0.0034772908 0.0235749851 0.0250890098 0.0 0.0347801781 0.0153819964 0.0292355978 0.0241528453 0.0233183754 0.0313876373 0.0240182357
44 0.0158179702 0.0315377709 0.0065201496 0.0136384153 0.0373285983 0.0125738258 0.0280490142 0.0062790437 0.0167664189 0.0091004131 0.0205270848 0.0310990788 0.0138917114 0.0188327398 0.0389455009 0.0219741615 0.0223538285 0.004155964 0.0263859216 0.0146683202 0.0339510033 0.0139264296 0.0263210402 0.0160548126 0.0384132329 0.0048951702 0.0188310668 0.0217028463 0.0084502599 0.0142779921 0.0254885395 0.0186965147 0.0270713452 0.0331562059 0.0191656225 0.0041609159 0.0272376886 0.0189037773 0.0206661537 0.0110346275 0.0175300932 0.0097177664 0.0347801781 0.0 0.0055741575 0.0298296032 0.0163419114 0.0353918825 0.0328883101 0.0250949221
45 0.0214252571 0.0169429947 0.0185240414 0.0130953978 0.0192984932 0.02838692 0.0221605955 0.0197822822 0.0218914341 0.032451121 0.0048819137 0.0332205804 0.0173760227 0.0312542446 0.0307209864 0.0100323552 0.0191158462 0.0158429747 0.0059534794 0.0134625503 0.0200228711 0.0216169191 0.0270664081 0.0320197184 0.0363752559 0.0213552542 0.0204163322 0.0230148805 0.0130878478 0.0330164737 0.0119269235 0.0176771107 0.01969531 0.0191332549 0.0319068187 0.0155524741 0.0187492135 0.0115756272 0.0209330458 0.0209568393 0.0272372546 0.0130500886 0.0153819964 0.0055741575 0.0 0.0164969619 0.0273058511 0.0192107981 0.0210615202 0.0227633024
46 0.0210450911 0.0093302443 0.0280728756 0.0278021459 0.0113899262 0.0193139574 0.0318096573 0.0062977558 0.0318776246 0.0099211658 0.0128550628 0.016352922 0.0280772875 0.018689408 0.0226931897 0.014837291 0.0193005018 0.0246030266 0.0033019928 0.0228488729 0.0127032549 0.0285329585 0.0172386192 0.0277720513 0.0098515457 0.0285368452 0.0307170485 0.0256694463 0.0217915404 0.0244769571 0.0091065272 0.0164868387 0.037767459 0.0268495418 0.0019362878 0.0237851668 0.0131417382 0.0260829706 0.0237869033 0.0209463601 0.0099486763 0.0271180165 0.0292355978 0.0298296032 0.0164969619 0.0 0.0197237492 0.0231334875 0.0231967786 0.013717069
47 0.007381437 0.0123468118 0.0092770563 0.0117320969 0.0216619757 0.0343442891 0.0134902879 0.039819049 0.0148827177 0.032248298 0.0175393808 0.0267130437 0.0222792366 0.0298526459 0.0233349756 0.0099821463 0.0315619094 0.0016561935 0.0381645071 0.0209184335 0.0336757921 0.0194336681 0.0153183181 0.0165720407 0.0201640026 0.0310873526 0.0099014598 0.0156271281 0.0227199702 0.0254741941 0.0231598649 0.0232250518 0.0231261361 0.0204213681 0.0170790394 0.0320876131 0.0191584784 0.0215056871 0.0169384629 0.0249173486 0.0133976234 0.0072760925 0.0241528453 0.0163419114 0.0273058511 0.0197237492 0.0 0.0132184542 0.0197877271 0.0080162774
48 0.0262855343 0.0179563334 0.0291652165 0.0324078711 0.0250724131 0.0066808819 0.0162567812 0.0203295141 0.0166070895 0.0326273393 0.0082517072 0.0342531375 0.0255688228 0.019129491 0.0092663842 0.0284181793 0.021888316 0.0302439182 0.0264092991 0.0375575843 0.0225401641 0.0086631443 0.0167601499 0.0191643699 0.0161919981 0.0160548436 0.0013483258 0.0133563541 0.0347641384 0.0074140676 0.0022015538 0.0159111995 0.0301853094 0.0277768691 0.0202192577 0.0320733657 0.0078864046 0.0227461452 0.0159343495 0.0060439131 0.0089374457 0.0108103558 0.0233183754 0.0353918825 0.0192107981 0.0231334875 0.0132184542 0.0 0.0366280723 0.0277393906
49 0.0153286189 0.0059029009 0.0071248833 0.0172475197 0.0171141609 0.0302651207 0.0210716438 0.0351273282 0.0147396976 0.0266329511 0.0273711662 0.0249464597 0.0307389824 0.0164217471 0.0074272343 0.0280605878 0.0344374711 0.0198087818 0.0275689301 0.0175005255 0.0165841845 0.0127761821 0.0092887898 0.0093120256 0.0170098181 0.0241708469 0.0275561886 0.0233155609 0.0123755546 0.0267914647 0.0346966212 0.0181135466 0.0176993331 0.0120933059 0.0087231449 0.0246897602 0.0076212717 0.0130410851 0.0199357304 0.0218035327 0.0297317159 0.0143912879 0.0313876373 0.0328883101 0.0210615202 0.0231967786 0.0197877271 0.0366280723 0.0 0.0084922919
50 0.0164723269 0.0086709015 0.024347042 0.0171056138 0.0214650365 0.0060653038 0.0147809081 0.0303302222 0.0218545942 0.0209738828 0.0186290046 0.0324652946 0.0215691425 0.0259241782 0.018259103 0.036873241 0.0329054451 0.0182821093 0.0127704112 0.0080816353 0.014494025 0.0148921478 0.0308983199 0.0212728663 0.0053475445 0.0199257798 0.0222490035 0.0348637717 0.0272820096 0.0264441295 0.0175635633 0.0129819037 0.0192208018 0.0349546683 0.0295827043 0.0151544786 0.020495919 0.0245276113 0.0074905557 0.016030342 0.0301151583 0.0165458106 0.0240182357 0.0250949221 0.0227633024 0.013717069 0.0080162774 0.0277393906 0.0084922919 0.0
