10
1 0.0 0.1032565954 0.0951952753 0.0737956905 0.1787340937 0.0743865158 0.1697958345 0.0708123077 0.0651657797 0.1688579076
2 0.1032565954 0.0 0.0657210744 0.1105383301 0.1092615537 0.075570051 0.2047134509 0.0965141055 0.1434960351 0.090928804
3 0.0951952753 0.0657210744 0.0 0.1095413264 0.113907067 0.1272823382 0.1411588491 0.1140661165 0.1000010759 0.1331268772
4 0.0737956905 0.1105383301 0.1095413264 0.0 0.1671933547 0.1480755307 0.1023819396 0.098798254 0.0939427922 0.095732782
5 0.1787340937 0.1092615537 0.113907067 0.1671933547 0.0 0.0558602903 0.0357610238 0.1659480094 0.1116129671 0.0617216402
6 0.0743865158 0.075570051 0.1272823382 0.1480755307 0.0558602903 0.0 0.0911627544 0.1064022427 0.1813951155 0.1398651613
7 0.1697958345 0.2047134509 0.1411588491 0.1023819396 0.0357610238 0.0911627544 0.0 0.0804400167 0.1144549147 0.0601312161
8 0.0708123077 0.0965141055 0.1140661165 0.098798254 0.1659480094 0.1064022427 0.0804400167 0.0 0.103657328 0.1633616197
9 0.0651657797 0.1434960351 0.1000010759 0.0939427922 0.1116129671 0.1813951155 0.1144549147 0.103657328 0.0 0.0862739918
10 0.1688579076 0.090928804 0.1331268772 0.095732782 0.0617216402 0.1398651613 0.0601312161 0.1633616197 0.0862739918 0.0
