32
1 0.0308000293 0.0336332995 0.0094350272 0.0347864667 0.0347370166 0.0359990673 0.0594316248 0.0199924359 0.018529259 0.0457969417 0.033312527 0.0178095954 0.052446617 0.039967779 0.0257049061 0.0285830454 0.0370861528 0.0331764122 0.0396660487 0.027214968 0.0267790249 0.0392120924 0.0405321562 0.0283537835 0.0224973953 0.0221767489 0.0373662333 0.0422434512 0.0007631416 0.0236746599 0.0396741204 0.0186179728 
2 0.0336332995 0.0313716154 0.0433356851 0.0037473197 0.0341389717 0.0288635686 0.0161108309 0.0162468599 0.0322386477 0.0291976598 0.0624517887 0.0244860501 0.0374071234 0.0382368002 0.0629707917 0.0209007317 0.0350530832 0.0113137257 0.0221118515 0.0597483562 0.041672737 0.0251232974 0.0148064353 0.034310892 0.036832749 0.032608763 0.0180581322 0.0242011937 0.0102764699 0.0199316159 0.0628214897 0.0357914644 
3 0.0094350272 0.0433356851 0.0722329611 0.0372989006 0.0323567654 0.0147120568 0.0134223599 0.0149277566 0.0141319093 0.0177733757 0.0387239823 0.0209502105 0.0197895357 0.055109603 0.0445897217 0.035265134 0.0441674945 0.0202167188 0.0418722053 0.0097466354 0.038769047 0.0402027711 0.0535820231 0.0161616266 0.0158767444 0.0297512636 0.0368226858 0.0410290179 0.0173297759 0.0423433088 0.0284497053 0.0396239914 
4 0.0347864667 0.0037473197 0.0372989006 0.0486734099 0.0094941544 0.0244197653 0.0376242661 0.0313766126 0.0351997624 0.0161529445 0.0500587991 0.02823151 0.0271063217 0.0258962302 0.0541104209 0.0214701136 0.0155179709 0.0442429925 0.047729195 0.0136443645 0.0235049717 0.027520755 0.0395494111 0.033020283 0.0201166644 0.018326981 0.0291058 0.0311843897 0.0365240024 0.0606870142 0.0319040437 0.0417741631 
5 0.0347370166 0.0341389717 0.0323567654 0.0094941544 0.0517501071 0.0473303856 0.0309706553 0.051974112 0.0270970572 0.0301365612 0.0133573906 0.0355730443 0.0369557892 0.0403398678 0.0559211597 0.0118150926 0.048311861 0.0157061221 0.0231948724 0.0266774419 0.0372273839 0.0221282988 0.0260877211 0.0313522233 0.0354717135 0.0171107899 0.0454839162 0.013008279 0.0082770786 0.0389352234 0.0305693617 0.0365095825 
6 0.0359990673 0.0288635686 0.0147120568 0.0244197653 0.0473303856 0.0621993073 0.0222078656 0.0445005767 0.0206911302 0.0282468735 0.0218246887 0.0516865744 0.0259693968 0.0222233364 0.0113996243 0.0314354447 0.04245029 0.0294769187 0.0218026317 0.035845071 0.0308172564 0.0066730234 0.0467714157 0.028023954 0.0215658437 0.0455441842 0.0589637824 0.0387665599 0.0273688174 0.0172669056 0.0222412648 0.0327124187 
7 0.0594316248 0.0161108309 0.0134223599 0.0376242661 0.0309706553 0.0222078656 0.0232255892 0.0106382499 0.0487690167 0.0283525302 0.0164093469 0.0414230851 0.0295826824 0.0324272679 0.0242485527 0.0417915991 0.0213925674 0.028151852 0.0455590453 0.0198629081 0.0672416798 0.049046468 0.030930262 0.0183707256 0.0368605034 0.037931783 0.0039360336 0.0265212161 0.0175178575 0.0378780312 0.042350141 0.0398134033 
8 0.0199924359 0.0162468599 0.0149277566 0.0313766126 0.051974112 0.0445005767 0.0106382499 0.0271226382 0.0241965941 0.0235853208 0.0214368246 0.0274540783 0.0298674039 0.0409244157 0.0655426741 0.0185050503 0.0299856404 0.0205502752 0.0268174815 0.0239721437 0.0373057717 0.0084792817 0.0139582966 0.0646459815 0.0451526113 0.0430379201 0.0308009162 0.0403771615 0.0562031402 0.0345807494 0.0110056671 0.0448353582 
9 0.018529259 0.0322386477 0.0141319093 0.0351997624 0.0270970572 0.0206911302 0.0487690167 0.0241965941 0.0230704211 0.0414024528 0.0313366594 0.0213711908 0.0539915666 0.0263040006 0.0332805123 0.0320661793 0.0330110801 0.0153564934 0.0330404045 0.0485587256 0.0493363621 0.0173776993 0.0091016201 0.0290695 0.0122433274 0.0645128135 0.0360302232 0.0356770544 0.0354679032 0.0340339931 0.021474071 0.0420323694 
10 0.0457969417 0.0291976598 0.0177733757 0.0161529445 0.0301365612 0.0282468735 0.0283525302 0.0235853208 0.0414024528 0.0765122729 0.027525118 0.0471396189 0.0391196478 0.034931664 0.0415195672 0.0338389889 0.023483632 0.0322242526 0.013015659 0.0200668932 0.008145772 0.0457184382 0.0394093416 0.0221672922 0.0291640466 0.0337089785 0.0151982913 0.0346282225 0.0155932629 0.0413539971 0.0211461005 0.043744282 
11 0.033312527 0.0624517887 0.0387239823 0.0500587991 0.0133573906 0.0218246887 0.0164093469 0.0214368246 0.0313366594 0.027525118 0.0127353829 0.0192336616 0.0452514005 0.0140883994 0.0336262671 0.0381299322 0.0416896254 0.0492822322 0.0380457409 0.0289832554 0.0445398587 0.0265900419 0.0236132196 0.0476204088 0.0184883113 0.0444871472 0.0343446364 0.0311986548 0.0269559146 0.0294948819 0.0033758582 0.0317880436 
12 0.0178095954 0.0244860501 0.0209502105 0.02823151 0.0355730443 0.0516865744 0.0414230851 0.0274540783 0.0213711908 0.0471396189 0.0192336616 0.0304425798 0.023280763 0.0201609359 0.0424038207 0.0263792024 0.0153440748 0.0460711448 0.0115568046 0.0161587517 0.0308684214 0.0519168404 0.020278565 0.0434447651 0.0458849334 0.0357857648 0.0427675684 0.030550881 0.0464258815 0.0205926199 0.0294995512 0.0348275108 
13 0.052446617 0.0374071234 0.0197895357 0.0271063217 0.0369557892 0.0259693968 0.0295826824 0.0298674039 0.0539915666 0.0391196478 0.0452514005 0.023280763 0.0456237396 0.0274253109 0.0246573263 0.0385167618 0.0205654663 0.041049437 0.028516589 0.0571467046 0.0214123805 0.024467549 0.0017733432 0.0132655054 0.0116819243 0.0223854493 0.0388855451 0.0221494802 0.0361046785 0.0203300358 0.0493395012 0.0339350238 
14 0.039967779 0.0382368002 0.055109603 0.0258962302 0.0403398678 0.0222233364 0.0324272679 0.0409244157 0.0263040006 0.034931664 0.0140883994 0.0201609359 0.0274253109 0.0419527889 0.0135855835 0.032334794 0.0265863423 0.0444494558 0.0414784063 0.0177851737 0.0317284285 0.0487179086 0.0215526838 0.0242965499 0.0164175577 0.0476592515 0.0180709723 0.0462226604 0.0158948262 0.0441061905 0.0149979636 0.0341268517 
15 0.0257049061 0.0629707917 0.0445897217 0.0541104209 0.0559211597 0.0113996243 0.0242485527 0.0655426741 0.0332805123 0.0415195672 0.0336262671 0.0424038207 0.0246573263 0.0135855835 0.0291927589 0.0262236755 0.0124195251 0.03874917 0.0262852423 0.0275268873 0.0078918812 0.031789543 0.0450696905 0.0163780467 0.0253857794 0.0560967393 0.0289085019 0.0155693454 0.0313708096 0.0170034252 0.0224918337 0.0080862169 
16 0.0285830454 0.0209007317 0.035265134 0.0214701136 0.0118150926 0.0314354447 0.0417915991 0.0185050503 0.0320661793 0.0338389889 0.0381299322 0.0263792024 0.0385167618 0.032334794 0.0262236755 0.0486447509 0.0158527949 0.0274921177 0.0275968296 0.0457850749 0.0239301038 0.0193792161 0.0256227906 0.0349263823 0.0499078252 0.0519220799 0.0353246052 0.0161717468 0.025198346 0.0409037797 0.0510593312 0.0230264795 
17 0.0370861528 0.0350530832 0.0441674945 0.0155179709 0.048311861 0.04245029 0.0213925674 0.0299856404 0.0330110801 0.023483632 0.0416896254 0.0153440748 0.0205654663 0.0265863423 0.0124195251 0.0158527949 0.0261057043 0.0264171044 0.0258837651 0.0288619622 0.0265501442 0.0344230029 0.025730812 0.0080738519 0.0224375989 0.01827116 0.0359641232 0.0607641845 0.0497197705 0.0552151189 0.0711628674 0.0215012286 
18 0.0331764122 0.0113137257 0.0202167188 0.0442429925 0.0157061221 0.0294769187 0.028151852 0.0205502752 0.0153564934 0.0322242526 0.0492822322 0.0460711448 0.041049437 0.0444494558 0.03874917 0.0274921177 0.0264171044 0.0270189538 0.0289894033 0.0373972371 0.0393088687 0.0217788477 0.0437898654 0.0046459728 0.0337245861 0.0303347119 0.051867214 0.0288928845 0.0432781997 0.0563385992 0.0072091948 0.0214990357 
19 0.0396660487 0.0221118515 0.0418722053 0.047729195 0.0231948724 0.0218026317 0.0455590453 0.0268174815 0.0330404045 0.013015659 0.0380457409 0.0115568046 0.028516589 0.0414784063 0.0262852423 0.0275968296 0.0258837651 0.0289894033 0.0063212334 0.0445933505 0.0355445476 0.0336910369 0.045130303 0.0568935082 0.0045998186 0.0256634813 0.0169945614 0.0534169201 0.0566659249 0.0194107371 0.03009218 0.0278202208 
20 0.027214968 0.0597483562 0.0097466354 0.0136443645 0.0266774419 0.035845071 0.0198629081 0.0239721437 0.0485587256 0.0200668932 0.0289832554 0.0161587517 0.0571467046 0.0177851737 0.0275268873 0.0457850749 0.0288619622 0.0373972371 0.0445933505 0.0319919133 0.0395217037 0.0267083672 0.0449969016 0.0726746743 0.035961707 0.0179470436 0.0394006576 0.0201619572 0.0181752041 0.0252154667 0.0141344442 0.0235340544 
21 0.0267790249 0.041672737 0.038769047 0.0235049717 0.0372273839 0.0308172564 0.0672416798 0.0373057717 0.0493363621 0.008145772 0.0445398587 0.0308684214 0.0214123805 0.0317284285 0.0078918812 0.0239301038 0.0265501442 0.0393088687 0.0355445476 0.0395217037 0.0163433149 0.0268395029 0.0260443512 0.0300467222 0.0436225191 0.028166047 0.008149255 0.0628880114 0.0298885734 0.0200907341 0.0147980702 0.0310265536 
22 0.0392120924 0.0251232974 0.0402027711 0.027520755 0.0221282988 0.0066730234 0.049046468 0.0084792817 0.0173776993 0.0457184382 0.0265900419 0.0519168404 0.024467549 0.0487179086 0.031789543 0.0193792161 0.0344230029 0.0217788477 0.0336910369 0.0267083672 0.0268395029 0.06903802 0.0438290931 0.0242572369 0.0395553709 0.0237136085 0.0434702444 0.0123092406 0.0221623134 0.0532754623 0.0199294881 0.0206759398 
23 0.0405321562 0.0148064353 0.0535820231 0.0395494111 0.0260877211 0.0467714157 0.030930262 0.0139582966 0.0091016201 0.0394093416 0.0236132196 0.020278565 0.0017733432 0.0215526838 0.0450696905 0.0256227906 0.025730812 0.0437898654 0.045130303 0.0449969016 0.0260443512 0.0438290931 0.0386297941 0.02038019 0.0400482291 0.0216955063 0.0151008193 0.0409291499 0.0294771804 0.0315651034 0.0171082621 0.0629054637 
24 0.0283537835 0.034310892 0.0161616266 0.033020283 0.0313522233 0.028023954 0.0183707256 0.0646459815 0.0290695 0.0221672922 0.0476204088 0.0434447651 0.0132655054 0.0242965499 0.0163780467 0.0349263823 0.0080738519 0.0046459728 0.0568935082 0.0726746743 0.0300467222 0.0242572369 0.02038019 0.0074290305 0.0310743489 0.0331449761 0.0397466256 0.0252572149 0.0344927108 0.0215630233 0.0679366695 0.0369753241 
25 0.0224973953 0.036832749 0.0158767444 0.0201166644 0.0354717135 0.0215658437 0.0368605034 0.0451526113 0.0122433274 0.0291640466 0.0184883113 0.0458849334 0.0116819243 0.0164175577 0.0253857794 0.0499078252 0.0224375989 0.0337245861 0.0045998186 0.035961707 0.0436225191 0.0395553709 0.0400482291 0.0310743489 0.0626818679 0.0196682065 0.03896733 0.0323635146 0.0336488218 0.0289899254 0.0511936633 0.0379145616 
26 0.0221767489 0.032608763 0.0297512636 0.018326981 0.0171107899 0.0455441842 0.037931783 0.0430379201 0.0645128135 0.0337089785 0.0444871472 0.0357857648 0.0223854493 0.0476592515 0.0560967393 0.0519220799 0.01827116 0.0303347119 0.0256634813 0.0179470436 0.028166047 0.0237136085 0.0216955063 0.0331449761 0.0196682065 0.0227153519 0.006566128 0.0334166883 0.0491616139 0.0350985194 0.0272749186 0.004115381 
27 0.0373662333 0.0180581322 0.0368226858 0.0291058 0.0454839162 0.0589637824 0.0039360336 0.0308009162 0.0360302232 0.0151982913 0.0343446364 0.0427675684 0.0388855451 0.0180709723 0.0289085019 0.0353246052 0.0359641232 0.051867214 0.0169945614 0.0394006576 0.008149255 0.0434702444 0.0151008193 0.0397466256 0.03896733 0.006566128 0.0481851291 0.0188715982 0.0233430142 0.0331886082 0.0346028256 0.0355140227 
28 0.0422434512 0.0242011937 0.0410290179 0.0311843897 0.013008279 0.0387665599 0.0265212161 0.0403771615 0.0356770544 0.0346282225 0.0311986548 0.030550881 0.0221494802 0.0462226604 0.0155693454 0.0161717468 0.0607641845 0.0288928845 0.0534169201 0.0201619572 0.0628880114 0.0123092406 0.0409291499 0.0252572149 0.0323635146 0.0334166883 0.0188715982 0.0 0.0636856912 0.0066791265 0.0286604554 0.0222040481 
29 0.0007631416 0.0102764699 0.0173297759 0.0365240024 0.0082770786 0.0273688174 0.0175178575 0.0562031402 0.0354679032 0.0155932629 0.0269559146 0.0464258815 0.0361046785 0.0158948262 0.0313708096 0.025198346 0.0497197705 0.0432781997 0.0566659249 0.0181752041 0.0298885734 0.0221623134 0.0294771804 0.0344927108 0.0336488218 0.0491616139 0.0233430142 0.0636856912 0.0415820478 0.0136147533 0.0361672616 0.0476650127 
30 0.0236746599 0.0199316159 0.0423433088 0.0606870142 0.0389352234 0.0172669056 0.0378780312 0.0345807494 0.0340339931 0.0413539971 0.0294948819 0.0205926199 0.0203300358 0.0441061905 0.0170034252 0.0409037797 0.0552151189 0.0563385992 0.0194107371 0.0252154667 0.0200907341 0.0532754623 0.0315651034 0.0215630233 0.0289899254 0.0350985194 0.0331886082 0.0066791265 0.0136147533 0.0251105672 0.0438650606 0.0076627627 
31 0.0396741204 0.0628214897 0.0284497053 0.0319040437 0.0305693617 0.0222412648 0.042350141 0.0110056671 0.021474071 0.0211461005 0.0033758582 0.0294995512 0.0493395012 0.0149979636 0.0224918337 0.0510593312 0.0711628674 0.0072091948 0.03009218 0.0141344442 0.0147980702 0.0199294881 0.0171082621 0.0679366695 0.0511936633 0.0272749186 0.0346028256 0.0286604554 0.0361672616 0.0438650606 0.0256685745 0.0277960599 
32 0.0186179728 0.0357914644 0.0396239914 0.0417741631 0.0365095825 0.0327124187 0.0398134033 0.0448353582 0.0420323694 0.043744282 0.0317880436 0.0348275108 0.0339350238 0.0341268517 0.0080862169 0.0230264795 0.0215012286 0.0214990357 0.0278202208 0.0235340544 0.0310265536 0.0206759398 0.0629054637 0.0369753241 0.0379145616 0.004115381 0.0355140227 0.0222040481 0.0476650127 0.0076627627 0.0277960599 0.0299451981 
