20
1 0.0 0.0509795809 0.0187577812 0.0774656233 0.0567938139 0.0363470018 0.0595199433 0.0522955165 0.0598214367 0.0614801098 0.0197397887 0.0467748549 0.055463483 0.0636061632 0.0348760933 0.0798347358 0.0463604713 0.0608573485 0.0569341331 0.0620921208
2 0.0509795809 0.0 0.0405963287 0.0497974911 0.0423903027 0.0723093619 0.0360708363 0.0681750414 0.0988998125 0.0288163503 0.0900920826 0.0512711142 0.0370877732 0.0554081665 0.0667930977 0.0478672551 0.0483413135 0.0384362442 0.0524215126 0.0242463348
3 0.0187577812 0.0405963287 0.0 0.0419219102 0.0903319152 0.0434867866 0.085483667 0.0760289761 0.0595306595 0.0426479003 0.07845552 0.0345593495 0.0547401956 0.0157064697 0.0699161694 0.0859080848 0.0347814285 0.0131832699 0.063262836 0.0507007518
4 0.0774656233 0.0497974911 0.0419219102 0.0 0.0413466043 0.0714216766 0.0481681049 0.0286096081 0.0538796445 0.0457148834 0.0370264901 0.0479422768 0.059119618 0.0694413706 0.0643407804 0.0136389209 0.0712276294 0.0776888928 0.0311596869 0.0700887878
5 0.0567938139 0.0423903027 0.0903319152 0.0413466043 0.0 0.0581797345 0.0410654347 0.0378959127 0.065624378 0.039430104 0.0898194002 0.0477062329 0.0433134995 0.0884693726 0.0567951437 0.0432025023 0.0645730199 0.0231046001 0.0420034393 0.0279545896
6 0.0363470018 0.0723093619 0.0434867866 0.0714216766 0.0581797345 0.0 0.0416132654 0.0272948963 0.0587878259 0.0491208775 0.0577829051 0.0526083597 0.0551963057 0.0330570477 0.0366327131 0.0402762465 0.0306794963 0.1018168943 0.073182779 0.0602058259
7 0.0595199433 0.0360708363 0.085483667 0.0481681049 0.0410654347 0.0416132654 0.0 0.0513103063 0.0464811744 0.0469105504 0.0692310738 0.0359231677 0.0536298001 0.0601614596 0.0735904834 0.052614467 0.0510416081 0.027225028 0.0543273129 0.0656323167
8 0.0522955165 0.0681750414 0.0760289761 0.0286096081 0.0378959127 0.0272948963 0.0513103063 0.0 0.0300173258 0.0953613945 0.0330930245 0.0737420089 0.0284005078 0.0460947426 0.0540481726 0.0079094808 0.0951472139 0.072628132 0.064416849 0.0575308903
9 0.0598214367 0.0988998125 0.0595306595 0.0538796445 0.065624378 0.0587878259 0.0464811744 0.0300173258 0.0 0.0176413553 0.0105318196 0.0862735493 0.0725757459 0.0496164767 0.0355458014 0.0474874574 0.0519724828 0.0737227935 0.056247227 0.0253430337
10 0.0614801098 0.0288163503 0.0426479003 0.0457148834 0.039430104 0.0491208775 0.0469105504 0.0953613945 0.0176413553 0.0 0.0412419927 0.0807274268 0.050663333 0.0525267529 0.0645815964 0.0961484395 0.0549497528 0.0279483352 0.0544607433 0.0496281017
11 0.0197397887 0.0900920826 0.07845552 0.0370264901 0.0898194002 0.0577829051 0.0692310738 0.0330930245 0.0105318196 0.0412419927 0.0 0.0717822976 0.0207760516 0.0428787748 0.047047111 0.0319168101 0.0706489018 0.0659631399 0.0308376738 0.0911351419
12 0.0467748549 0.0512711142 0.0345593495 0.0479422768 0.0477062329 0.0526083597 0.0359231677 0.0737420089 0.0862735493 0.0807274268 0.0717822976 0.0 0.0570624128 0.0424603433 0.0728969649 0.0486825534 0.021439135 0.0518268624 0.0317391943 0.0445818957
13 0.055463483 0.0370877732 0.0547401956 0.059119618 0.0433134995 0.0551963057 0.0536298001 0.0284005078 0.0725757459 0.050663333 0.0207760516 0.0570624128 0.0 0.082507297 0.0272074737 0.073633827 0.0514868355 0.056376706 0.0400482246 0.0807109102
14 0.0636061632 0.0554081665 0.0157064697 0.0694413706 0.0884693726 0.0330570477 0.0601614596 0.0460947426 0.0496164767 0.0525267529 0.0428787748 0.0424603433 0.082507297 0.0 0.0530821998 0.0271541085 0.0649535577 0.0669545108 0.0730208761 0.0129003097
15 0.0348760933 0.0667930977 0.0699161694 0.0643407804 0.0567951437 0.0366327131 0.0735904834 0.0540481726 0.0355458014 0.0645815964 0.047047111 0.0728969649 0.0272074737 0.0530821998 0.0 0.0271138983 0.045476234 0.080705788 0.0543364346 0.0350138442
16 0.0798347358 0.0478672551 0.0859080848 0.0136389209 0.0432025023 0.0402762465 0.052614467 0.0079094808 0.0474874574 0.0961484395 0.0319168101 0.0486825534 0.073633827 0.0271541085 0.0271138983 0.0 0.066421259 0.097571546 0.0343142814 0.0783041261
17 0.0463604713 0.0483413135 0.0347814285 0.0712276294 0.0645730199 0.0306794963 0.0510416081 0.0951472139 0.0519724828 0.0549497528 0.0706489018 0.021439135 0.0514868355 0.0649535577 0.045476234 0.066421259 0.0 0.0188751855 0.0653209948 0.0463034804
18 0.0608573485 0.0384362442 0.0131832699 0.0776888928 0.0231046001 0.1018168943 0.027225028 0.072628132 0.0737227935 0.0279483352 0.0659631399 0.0518268624 0.056376706 0.0669545108 0.080705788 0.097571546 0.0188751855 0.0 0.024726493 0.02038823
19 0.0569341331 0.0524215126 0.063262836 0.0311596869 0.0420034393 0.073182779 0.0543273129 0.064416849 0.056247227 0.0544607433 0.0308376738 0.0317391943 0.0400482246 0.0730208761 0.0543364346 0.0343142814 0.0653209948 0.024726493 0.0 0.0972393085
20 0.0620921208 0.0242463348 0.0507007518 0.0700887878 0.0279545896 0.0602058259 0.0656323167 0.0575308903 0.0253430337 0.0496281017 0.0911351419 0.0445818957 0.0807109102 0.0129003097 0.0350138442 0.0783041261 0.0463034804 0.02038823 0.0972393085 0.0
