64
1 0.0265732359 0.007695586 0.0204147837 0.026111355 0.0209525082 0.0177001562 0.0088378578 0.0069863917 0.0181115814 0.0073397602 0.0088497061 0.0093450821 0.0074640752 0.014061142 0.0225750549 0.0061005024 0.0178345262 0.008146032 0.0115199966 0.0131256714 0.0251863248 0.0177836806 0.0166795101 0.0170425539 0.0223469632 0.0048275457 0.0076221854 0.0117762316 0.0193875693 0.0167456439 0.0182814952 0.01503246 0.0089324997 0.019291766 0.0214430534 0.0051836353 0.0146548116 0.0126066858 0.0287442073 0.0056325171 0.0172772868 0.0211715292 0.0199095258 0.0266017638 0.0237389782 0.0126560423 0.019022962 0.009830361 0.0168074232 0.0074309822 0.0083339519 0.0347476891 0.014605119 0.0120463354 0.0192868405 0.0130267136 0.0143019576 0.0181574326 0.0119461147 0.0147622426 0.0147579875 0.0228133938 0.0185314131 0.0192896091 
2 0.007695586 0.0250639951 0.0143111791 0.0247149328 0.0079708415 0.0173844221 0.0142658911 0.0213074563 0.0079295702 0.0213966997 0.0119965015 0.0059603815 0.0280759223 0.0130747768 0.0250963766 0.0105337547 0.0097554985 0.0196469695 0.0176954952 0.0176179158 0.027556212 0.0154454733 0.017188488 0.0323043192 0.0094285609 0.0167126193 0.0087219376 0.0181939717 0.0151725131 0.0114384559 0.0135235685 0.0156680795 0.0136527653 0.0159692961 0.0081321613 0.0172634385 0.0123864949 0.005552165 0.0188194174 0.0152560184 0.0164402041 0.0259521402 0.0095394282 0.0135691939 0.0092850921 0.0122882008 0.01763866 0.0173478921 0.0229522335 0.0088591439 0.0158365186 0.0152974648 0.0152675007 0.0108608753 0.0150699667 0.0037538575 0.0043941127 0.0092712407 0.0166000576 0.0206587376 0.0210624312 0.0188691855 0.0273242374 0.0219815029 
3 0.0204147837 0.0143111791 0.0203731349 0.0153361187 0.0200593748 0.0081597829 0.0162466183 0.0160255059 0.0182455817 0.009957948 0.0105993828 0.009229843 0.0134143836 0.0200095171 0.0057213223 0.0093715021 0.0135927282 0.0107165587 0.0092136251 0.0272420294 0.0238263298 0.009918741 0.0069225743 0.0202130003 0.020128553 0.0118620225 0.0117026296 0.012807067 0.0154847945 0.0318421342 0.0090459399 0.0090705187 0.0131897398 0.0151987134 0.0219833642 0.0220045819 0.0303172886 0.0106540756 0.0099249449 0.0097112857 0.0069150947 0.017207765 0.0159545165 0.0161493093 0.031151927 0.0077672483 0.0178257476 0.0155180539 0.0181205094 0.0142758564 0.0141405167 0.0132825541 0.0126200475 0.0153651695 0.0205622569 0.0172652594 0.0143574585 0.017133131 0.0206793038 0.02261355 0.0217655699 0.0119638497 0.0151544562 0.0181616296 
4 0.026111355 0.0247149328 0.0153361187 0.0073234064 0.0136884695 0.0182448299 0.0165907975 0.0084855672 0.0199677347 0.0054613321 0.0157092343 0.0244958197 0.0210274609 0.018758907 0.0123488159 0.0145297544 0.01697043 0.0175917497 0.0101728218 0.0064205779 0.0182556702 0.0115169127 0.017237606 0.0116315035 0.0222427844 0.0118796661 0.0088591344 0.0216088331 0.0273268948 0.0203411634 0.0106102049 0.0329230531 0.0137391092 0.0110149379 0.006629723 0.0297113306 0.0142017006 0.0126336455 0.0292642455 0.0108843166 0.0121175943 0.009175415 0.0163003371 0.010561133 0.0179963859 0.0107785644 0.0105332898 0.0104263273 0.0164976405 0.0094511512 0.0158237579 0.0133517142 0.0212288659 0.0093190406 0.0316342146 0.0136068318 0.0113058671 0.0121253226 0.0130902937 0.0086216209 0.0174228228 0.0129724969 0.0182894841 0.0209072776 
5 0.0209525082 0.0079708415 0.0200593748 0.0136884695 0.0119284263 0.0203502289 0.0204362336 0.0153789751 0.0037837328 0.0195743982 0.0315332922 0.0136821416 0.0214446524 0.0121512072 0.0180269328 0.0123121695 0.0096200053 0.0082814382 0.0302204087 0.0176456521 0.0093607636 0.0067309207 0.0270545248 0.0220883566 0.0143364982 0.0142698166 0.0164068427 0.0195528866 0.0129823524 0.015897827 0.0185691751 0.0146170686 0.0185207221 0.0110781838 0.0231789155 0.0294282043 0.0136864662 0.0123927194 0.0110276894 0.0130268286 0.0278758 0.0236773471 0.0080231963 0.0119600425 0.0088426242 0.0157414703 0.0161150827 0.0125765297 0.0160948604 0.0141066318 0.018091236 0.0116662583 0.0191730063 0.0145045322 0.0189021648 0.0088269562 0.0079477514 0.0200713934 0.0076738508 0.0101036897 0.0206627969 0.0207821028 0.0087494004 0.0045834251 
6 0.0177001562 0.0173844221 0.0081597829 0.0182448299 0.0203502289 0.0187120431 0.0225711214 0.0196706227 0.0083362273 0.0148003787 0.0098748636 0.0167546107 0.0219792978 0.0189302224 0.0170492137 0.0142095148 0.0126674971 0.0080957696 0.0219323832 0.0078467754 0.0164927014 0.0073849519 0.0220913688 0.0133984255 0.0078070298 0.0123721427 0.008681718 0.0137178729 0.012025911 0.0144629197 0.018828245 0.0152010931 0.0233756627 0.0177667945 0.0258976495 0.0209204711 0.0119627931 0.0187044731 0.0120549365 0.0067775549 0.0163124633 0.0198207112 0.0179720421 0.014356292 0.0161353668 0.0048346157 0.0130952402 0.0223041361 0.0190644323 0.0159363322 0.0189679874 0.0201210531 0.0095794974 0.0129495734 0.0088160412 0.0196342046 0.0338943458 0.0119762494 0.0147474145 0.0130657081 0.0139151715 0.0185267966 0.0146790452 0.0141006032 
7 0.0088378578 0.0142658911 0.0162466183 0.0165907975 0.0204362336 0.0225711214 0.0121246379 0.0088549436 0.0250147274 0.0165849833 0.0158356637 0.0043383315 0.0009238657 0.0158598563 0.0118263697 0.0208271833 0.0106351211 0.0113001067 0.0264731256 0.0117482911 0.0177322673 0.0060714596 0.0145739329 0.0200849456 0.0139951197 0.0143560194 0.021138665 0.0132246616 0.0187307305 0.0111402275 0.016978665 0.0149440501 0.0163512069 0.0135146294 0.0279504352 0.0143676298 0.0061307444 0.0148988419 0.00892273 0.0211202022 0.0171770221 0.0101648233 0.0132715946 0.0161379414 0.0139068904 0.0238362936 0.0374930827 0.0131683192 0.025569464 0.010203253 0.0123566066 0.0108645939 0.0140137869 0.0161806728 0.0175172904 0.0118996805 0.0179496769 0.0322237244 0.0214087819 0.0195977655 0.0100104811 0.0134228191 0.0121250279 0.0119775172 
8 0.0069863917 0.0213074563 0.0160255059 0.0084855672 0.0153789751 0.0196706227 0.0088549436 0.0257722107 0.0209064209 0.0107720616 0.0244016801 0.0203142123 0.0339681486 0.0236901162 0.0052256813 0.0150083472 0.0213540573 0.0205323374 0.0152132744 0.0125549305 0.011269479 0.0054659314 0.0178323336 0.010332018 0.0119265476 0.017162188 0.0153813139 0.0173243543 0.0153418561 0.0195317665 0.0125500952 0.0198806059 0.0171897046 0.0095496021 0.0164607168 0.0230913566 0.0104125009 0.0272121247 0.0095091584 0.0121720267 0.0071016839 0.0326134734 0.0227000332 0.0192683034 0.0087232605 0.0065551576 0.0070670013 0.0132709918 0.023434048 0.017426576 0.0151206345 0.0078455713 0.0065264706 0.0203211929 0.0154544688 0.0139132828 0.0067355912 0.0210712666 0.0102613516 0.0219611821 0.0298055544 0.0106961636 0.0055659067 0.0105422128 
9 0.0181115814 0.0079295702 0.0182455817 0.0199677347 0.0037837328 0.0083362273 0.0250147274 0.0209064209 0.0183052045 0.0250364733 0.0115986854 0.0101746341 0.012195605 0.0108406591 0.0129833408 0.02983417 0.0104943232 0.02561645 0.0117515008 0.008449191 0.0132914394 0.0144519288 0.0089621693 0.0151963109 0.011102394 0.0119976179 0.0241712694 0.0206614508 0.024297671 0.0121422645 0.0116729745 0.012896905 0.0123748604 0.0110085922 0.0148037348 0.0244446761 0.0222360661 0.0088314719 0.0233642506 0.0237052595 0.0124497368 0.0320999698 0.0184565781 0.0197631651 0.0107900857 0.0056439413 0.0252216857 0.0017619159 0.0128396702 0.0178534605 0.0018997514 0.0132254852 0.0163732138 0.0159552716 0.0222001663 0.0308876476 0.0103164298 0.0157834506 0.01866576 0.0202468595 0.0165988741 0.0089436456 0.0063450358 0.0144890792 
10 0.0073397602 0.0213966997 0.009957948 0.0054613321 0.0195743982 0.0148003787 0.0165849833 0.0107720616 0.0250364733 0.0072046471 0.0134006266 0.0109956093 0.0058462476 0.0254641082 0.0224203756 0.0083771548 0.0146456972 0.0147544122 0.02095156 0.0133583656 0.0235795838 0.009658275 0.0119395719 0.0170127887 0.0159704209 0.0147521852 0.0200329353 0.0142844085 0.0230414664 0.0142065338 0.0120300562 0.0140977047 0.0133320751 0.0138730758 0.0132869456 0.0201256595 0.0165254576 0.0164844985 0.0103312329 0.0114510964 0.0061886647 0.0286302088 0.0202384056 0.0198370228 0.0121301049 0.0144114115 0.0113771965 0.0190134385 0.0158457994 0.0246647731 0.019652606 0.0100090827 0.0228279272 0.0276370084 0.0113171282 0.0208574058 0.0220648075 0.0057370118 0.0116405364 0.0171876332 0.0089203547 0.015627996 0.0107418236 0.0290828416 
11 0.0088497061 0.0119965015 0.0105993828 0.0157092343 0.0315332922 0.0098748636 0.0158356637 0.0244016801 0.0115986854 0.0134006266 0.0046311189 0.0191323339 0.0092440736 0.0219019507 0.0166110211 0.0188802874 0.0159656389 0.0213253038 0.0106095034 0.0189836326 0.0133737407 0.0202987587 0.0161229591 0.0204903537 0.0203359851 0.0082365194 0.016189282 0.0010830783 0.017651484 0.012408449 0.0092276296 0.0134327162 0.0089316438 0.0154241822 0.0234831688 0.0210530499 0.0154437557 0.0227279571 0.0241052191 0.0161159326 0.0156009911 0.0090553188 0.0171220923 0.0175880754 0.0239885286 0.015175552 0.0195218355 0.0196015259 0.0115672015 0.0207850137 0.0149810156 0.0093189855 0.0123322086 0.026796355 0.022287824 0.013293156 0.0263886761 0.01321683 0.0118751917 0.0105014925 0.0135167671 0.0087795356 0.0147146968 0.0047707649 
12 0.0093450821 0.0059603815 0.009229843 0.0244958197 0.0136821416 0.0167546107 0.0043383315 0.0203142123 0.0101746341 0.0109956093 0.0191323339 0.0270912121 0.0178001491 0.0124815288 0.0313643073 0.0193910835 0.0168280822 0.0157673902 0.0279641706 0.0030036437 0.0167806988 0.0068028046 0.006246661 0.0216497773 0.0084733496 0.0147590765 0.0226037149 0.0291789185 0.0154224291 0.0087341169 0.0055638401 0.0158410476 0.0087619322 0.0224626363 0.0109953794 0.0180761887 0.0250252977 0.0080738008 0.0102024453 0.0187289677 0.0182740269 0.0094086874 0.0217187071 0.0223330944 0.0157568084 0.0293874426 0.0123892019 0.0196252903 0.0225174957 0.0121258402 0.0084391209 0.0217748382 0.0191646442 0.0181172846 0.0125881923 0.0197473399 0.0150678098 0.0101806757 0.0065683989 0.0143593623 0.0105273674 0.0166069619 0.0105247729 0.0222989859 
13 0.0074640752 0.0280759223 0.0134143836 0.0210274609 0.0214446524 0.0219792978 0.0009238657 0.0339681486 0.012195605 0.0058462476 0.0092440736 0.0178001491 0.0069023186 0.0100748822 0.0080864574 0.0096584379 0.013967059 0.0112822466 0.0072341092 0.0030753829 0.0190923687 0.0234217917 0.0139944717 0.017146044 0.0177545767 0.0169088077 0.0111996793 0.0180522114 0.0095755556 0.0129786394 0.0216646891 0.0147357687 0.0126815814 0.0093361572 0.0162728057 0.0123732945 0.0159063913 0.0286851661 0.0246085332 0.0090411148 0.0160052873 0.01008129 0.0173615493 0.0114018531 0.0060924838 0.0262064367 0.0170192811 0.0187321609 0.0071360816 0.0145322447 0.0168734764 0.0148904717 0.0198046236 0.0160852233 0.0211963433 0.024665904 0.0132568891 0.0256962474 0.0215144062 0.0228165249 0.0239623075 0.0085864363 0.0213326778 0.0156553759 
14 0.014061142 0.0130747768 0.0200095171 0.018758907 0.0121512072 0.0189302224 0.0158598563 0.0236901162 0.0108406591 0.0254641082 0.0219019507 0.0124815288 0.0100748822 0.0191583609 0.0175134966 0.0186374581 0.011502656 0.0161030122 0.0175893641 0.0107979041 0.0093282593 0.0254625888 0.0074698235 0.0144944223 0.0125166867 0.008345087 0.0259011512 0.0065111329 0.0133218349 0.0125152871 0.0118775553 0.0272930287 0.0100505983 0.0184440208 0.0160583607 0.0125590165 0.0174318858 0.0139206332 0.0204367179 0.0163250408 0.0161307839 0.0119180534 0.0178872116 0.0114518159 0.0227041317 0.0177738374 0.0198749664 0.020883144 0.0147843126 0.0023708287 0.0080333386 0.014942263 0.0179021352 0.0038001761 0.0293468618 0.0113342312 0.0055294439 0.0058044104 0.0183003246 0.0072079105 0.0341662142 0.0186826242 0.0147559654 0.0255507582 
15 0.0225750549 0.0250963766 0.0057213223 0.0123488159 0.0180269328 0.0170492137 0.0118263697 0.0052256813 0.0129833408 0.0224203756 0.0166110211 0.0313643073 0.0080864574 0.0175134966 0.0045201164 0.019154818 0.015789762 0.0307531762 0.0133116972 0.006232047 0.0189782156 0.0107851893 0.0188681199 0.0148054212 0.0193514708 0.0098453722 0.009273133 0.0104932775 0.0214828403 0.0134685417 0.0165919471 0.0090890095 0.0062604681 0.0195879517 0.0154900989 0.0133044978 0.037024464 0.0215134673 0.0085364004 0.0109745219 0.0297605366 0.0138202326 0.0086740695 0.0140562582 0.0207943787 0.0144361032 0.0049412887 0.0160608956 0.0202410066 0.0197909787 0.0218004139 0.0154555443 0.020274665 0.0136721581 0.0166231711 0.0238305198 0.007462418 0.0168381961 0.0151241562 0.0080629353 0.0170801925 0.0157347592 0.0064413448 0.0166889867 
16 0.0061005024 0.0105337547 0.0093715021 0.0145297544 0.0123121695 0.0142095148 0.0208271833 0.0150083472 0.02983417 0.0083771548 0.0188802874 0.0193910835 0.0096584379 0.0186374581 0.019154818 0.0030074506 0.0102747983 0.0144746681 0.010862274 0.0127196653 0.0174013885 0.0138268706 0.0177702055 0.0115309707 0.0094006773 0.0192874573 0.0124415078 0.017098459 0.0229255465 0.0219998089 0.01248576 0.0099495748 0.0109538529 0.0112546375 0.0216284963 0.0140216928 0.011692175 0.0237127371 0.0142017568 0.0232138935 0.0184539706 0.0274077847 0.0150281813 0.0307146553 0.0130346713 0.0055757318 0.0139988256 0.0342915221 0.0087921276 0.0183062713 0.0195032024 0.0216935458 0.0230513981 0.0141776551 0.0124692815 0.0120961304 0.0295174947 0.0175084055 0.0106563259 0.0125347924 0.0122016832 0.0164277713 0.0104755004 0.0071206086 
17 0.0178345262 0.0097554985 0.0135927282 0.01697043 0.0096200053 0.0126674971 0.0106351211 0.0213540573 0.0104943232 0.0146456972 0.0159656389 0.0168280822 0.013967059 0.011502656 0.015789762 0.0102747983 0.0027036515 0.0198528576 0.0147172597 0.0260467992 0.0054884746 0.0042975966 0.0252264833 0.0106862797 0.0261765387 0.0099775451 0.0059642121 0.0132422507 0.01385423 0.0130857013 0.0131550965 0.0187325811 0.0324920927 0.0180487903 0.0103843982 0.0055806533 0.0154093118 0.0138031494 0.0236240749 0.009582405 0.0100472709 0.0115890663 0.0235480469 0.0066603269 0.019250412 0.0268689761 0.0277583042 0.015432853 0.0199920922 0.0153019584 0.0166812959 0.0162558927 0.012756275 0.0301358505 0.0096039634 0.0138520865 0.0110423589 0.0228415313 0.0261854503 0.0225111705 0.0174483757 0.0206339339 0.0147049695 0.0148672252 
18 0.008146032 0.0196469695 0.0107165587 0.0175917497 0.0082814382 0.0080957696 0.0113001067 0.0205323374 0.02561645 0.0147544122 0.0213253038 0.0157673902 0.0112822466 0.0161030122 0.0307531762 0.0144746681 0.0198528576 0.0124694797 0.0087619918 0.0181668777 0.0168232932 0.0147543184 0.0228079357 0.0028531579 0.0255387142 0.01507311 0.0042717873 0.0170601501 0.019065391 0.0148669462 0.0229308749 0.0175108246 0.0221292242 0.012337873 0.0226238756 0.0154229331 0.0124050524 0.0081810683 0.0174494916 0.0261638016 0.0224736119 0.0290811546 0.0150633412 0.0133914733 0.0044195082 0.0017804288 0.0311351635 0.0160501252 0.0099674616 0.0252948708 0.008815942 0.0156229734 0.014408838 0.0112037945 0.0097125116 0.0178468503 0.0072049963 0.0157726983 0.0159658834 0.0170419443 0.0173805095 0.0115949843 0.0116022321 0.013260052 
19 0.0115199966 0.0176954952 0.0092136251 0.0101728218 0.0302204087 0.0219323832 0.0264731256 0.0152132744 0.0117515008 0.02095156 0.0106095034 0.0279641706 0.0072341092 0.0175893641 0.0133116972 0.010862274 0.0147172597 0.0087619918 0.0211415122 0.0131573333 0.0106430009 0.0204020124 0.015264084 0.0157396958 0.0113584434 0.0140829243 0.0149802971 0.0137371533 0.0228036783 0.0194113114 0.0339795347 0.0087960008 0.0289623792 0.0239992575 0.0181383717 0.0184384919 0.0060856635 0.0178910912 0.0178058188 0.0187387796 0.0149695999 0.0184428128 0.0102043188 0.0115648616 0.011421353 0.0139746047 0.0024356113 0.0129435986 0.0118013353 0.0167615138 0.0150785099 0.0110693309 0.0086976698 0.0117469249 0.0253498295 0.0233363967 0.011007538 0.0128699224 0.0066761268 0.0116651415 0.0158477003 0.0107863435 0.0176239454 0.0219736139 
20 0.0131256714 0.0176179158 0.0272420294 0.0064205779 0.0176456521 0.0078467754 0.0117482911 0.0125549305 0.008449191 0.0133583656 0.0189836326 0.0030036437 0.0030753829 0.0107979041 0.006232047 0.0127196653 0.0260467992 0.0181668777 0.0131573333 0.0074652102 0.013324808 0.0080718546 0.0119721109 0.0137157643 0.0125998033 0.0185738095 0.0211386478 0.0116418193 0.0209522425 0.0169439375 0.0208634301 0.0177858684 0.0044057943 0.0138701756 0.0089904732 0.0113264591 0.0129232081 0.0139419763 0.0104639264 0.0159795794 0.0094149679 0.0243170409 0.0116286821 0.0174381111 0.0111565243 0.0113995647 0.0135983781 0.0136729665 0.0185029762 0.0186620426 0.0394991319 0.0158055137 0.0277675209 0.01485362 0.0121654571 0.0273663785 0.0338780398 0.0197115439 0.0176793045 0.022108239 0.0155680321 0.0259965444 0.0135090892 0.0291567458 
21 0.0251863248 0.027556212 0.0238263298 0.0182556702 0.0093607636 0.0164927014 0.0177322673 0.011269479 0.0132914394 0.0235795838 0.0133737407 0.0167806988 0.0190923687 0.0093282593 0.0189782156 0.0174013885 0.0054884746 0.0168232932 0.0106430009 0.013324808 0.0225134699 0.0075860381 0.0083776664 0.0295859911 0.0111804292 0.0117075425 0.0153427198 0.0143049576 0.0125761597 0.0118562888 0.0201541938 0.0190368961 0.0140167151 0.0120750311 0.0206271391 0.0138773618 0.0093364144 0.018291711 0.0045184027 0.0195888482 0.0145219576 0.0175938879 0.0119222327 0.0154511752 0.0137418343 0.0148193705 0.0236202024 0.0097913152 0.0262765438 0.0161274315 0.0221035318 0.0167147999 0.0190483993 0.0122390168 0.0019178377 0.0127492217 0.0136560792 0.0124383693 0.0210512264 0.0193467968 0.0066736783 0.0218760238 0.0163105691 0.0156695027 
22 0.0177836806 0.0154454733 0.009918741 0.0115169127 0.0067309207 0.0073849519 0.0060714596 0.0054659314 0.0144519288 0.009658275 0.0202987587 0.0068028046 0.0234217917 0.0254625888 0.0107851893 0.0138268706 0.0042975966 0.0147543184 0.0204020124 0.0080718546 0.0075860381 0.0455626304 0.0095953495 0.0184110558 0.0239135984 0.0175593469 0.011811003 0.0173856887 0.0093554325 0.0154256369 0.0194324582 0.0120255327 0.004759069 0.0189383464 0.0145218667 0.0168576666 0.0227373819 0.0193266258 0.0035859324 0.0172833149 0.0167862848 0.0150005473 0.0238150843 0.0187536238 0.0224487126 0.0137573048 0.0248634379 0.0050519294 0.0237739166 0.0080096694 0.0164473643 0.0260194004 0.0129354265 0.0112653786 0.0186464612 0.009411743 0.0174357525 0.0299930129 0.0169682321 0.0115896503 0.0247329237 0.0213308225 0.0118655326 0.0204717527 
23 0.0166795101 0.017188488 0.0069225743 0.017237606 0.0270545248 0.0220913688 0.0145739329 0.0178323336 0.0089621693 0.0119395719 0.0161229591 0.006246661 0.0139944717 0.0074698235 0.0188681199 0.0177702055 0.0252264833 0.0228079357 0.015264084 0.0119721109 0.0083776664 0.0095953495 0.016048426 0.0156298163 0.0041294036 0.0150283804 0.0123992387 0.006208033 0.0083244227 0.0118561512 0.0118842491 0.0025557484 0.0214547205 0.0187209265 0.0103387295 0.0161845119 0.0268889829 0.0226751606 0.019481894 0.0205277788 0.0198898757 0.0331339634 0.0173048125 0.0138104789 0.0180163977 0.011871777 0.0159325394 0.0207165322 0.014684685 0.0212935315 0.0228827228 0.0112921443 0.0096057645 0.0080401031 0.0195093158 0.013533395 0.0025937495 0.0132042379 0.0264752401 0.0268274987 0.0170075585 0.0100830641 0.0308675554 0.0068885329 
24 0.0170425539 0.0323043192 0.0202130003 0.0116315035 0.0220883566 0.0133984255 0.0200849456 0.010332018 0.0151963109 0.0170127887 0.0204903537 0.0216497773 0.017146044 0.0144944223 0.0148054212 0.0115309707 0.0106862797 0.0028531579 0.0157396958 0.0137157643 0.0295859911 0.0184110558 0.0156298163 0.0158962214 0.0231024376 0.0187013702 0.004445514 0.0161536689 0.0101666503 0.014732182 0.0118258865 0.0318219223 0.0149209075 0.0115479448 0.0101982943 0.0221268816 0.014018202 0.0171143892 0.0164616383 0.0145860742 0.0088161666 0.0083241758 0.0112094997 0.0160345685 0.0049781731 0.0129305776 0.0193769117 0.0191131279 0.0088609376 0.02239756 0.0154326135 0.0034410221 0.0068006234 0.0158805833 0.0172384508 0.0122812295 0.0281232276 0.0223297339 0.0121962883 0.0112316724 0.0274915753 0.01125907 0.0119087317 0.0184803222 
25 0.0223469632 0.0094285609 0.020128553 0.0222427844 0.0143364982 0.0078070298 0.0139951197 0.0119265476 0.011102394 0.0159704209 0.0203359851 0.0084733496 0.0177545767 0.0125166867 0.0193514708 0.0094006773 0.0261765387 0.0255387142 0.0113584434 0.0125998033 0.0111804292 0.0239135984 0.0041294036 0.0231024376 0.0075198238 0.0136545746 0.0192164127 0.020074103 0.0126767474 0.022142781 0.0179006537 0.0150222378 0.0299852826 0.0137339508 0.0315033279 0.0119935259 0.018599347 0.0159840518 0.0066047202 0.0273754328 0.0140550257 0.0191232133 0.0114220966 0.0163378062 0.0110069135 0.0165955845 0.0153221091 0.0171063048 0.0112293897 0.0061261075 0.0134322375 0.0138057925 0.0144461486 0.0191321742 0.0204662463 0.0073366291 0.0169736302 0.0106549334 0.0175419461 0.0092433281 0.0189353013 0.0121578168 0.0140732656 0.0143720399 
26 0.0048275457 0.0167126193 0.0118620225 0.0118796661 0.0142698166 0.0123721427 0.0143560194 0.017162188 0.0119976179 0.0147521852 0.0082365194 0.0147590765 0.0169088077 0.008345087 0.0098453722 0.0192874573 0.0099775451 0.01507311 0.0140829243 0.0185738095 0.0117075425 0.0175593469 0.0150283804 0.0187013702 0.0136545746 0.0172102606 0.0158536308 0.0221259166 0.0158259663 0.0086120077 0.030867678 0.0166611183 0.0091207241 0.027028541 0.0077392238 0.0313649238 0.0184128996 0.0210497649 0.0150279385 0.023537405 0.0131198122 0.0136584371 0.0149307247 0.0089908938 0.0254196621 0.0248490108 0.0195768619 0.0230442957 0.008652567 0.0129335468 0.0240153683 0.0159343121 0.0149190844 0.02245242 0.0121284534 0.0122966043 0.0151266569 0.0106938686 0.0084829849 0.0067462852 0.0292785516 0.018580026 0.0140194634 0.0077793632 
27 0.0076221854 0.0087219376 0.0117026296 0.0088591344 0.0164068427 0.008681718 0.021138665 0.0153813139 0.0241712694 0.0200329353 0.016189282 0.0226037149 0.0111996793 0.0259011512 0.009273133 0.0124415078 0.0059642121 0.0042717873 0.0149802971 0.0211386478 0.0153427198 0.011811003 0.0123992387 0.004445514 0.0192164127 0.0158536308 0.0104698044 0.0220240069 0.0073839278 0.0154609518 0.0280402955 0.011227159 0.0255181777 0.0173424994 0.0276654408 0.0247863978 0.0140644072 0.0176486023 0.0120209274 0.0179526436 0.012649626 0.0128943956 0.0116420325 0.0158198024 0.0185254485 0.0233777589 0.0128142852 0.0162060882 0.0077317197 0.0111921668 0.0097904364 0.0130917539 0.0216274677 0.0347382142 0.0155736723 0.0350882885 0.0145354082 0.0223332717 0.0158068145 0.0115501061 0.0044748702 0.0138363148 0.0142625915 0.0130816621 
28 0.0117762316 0.0181939717 0.012807067 0.0216088331 0.0195528866 0.0137178729 0.0132246616 0.0173243543 0.0206614508 0.0142844085 0.0010830783 0.0291789185 0.0180522114 0.0065111329 0.0104932775 0.017098459 0.0132422507 0.0170601501 0.0137371533 0.0116418193 0.0143049576 0.0173856887 0.006208033 0.0161536689 0.020074103 0.0221259166 0.0220240069 0.0105300845 0.0138830777 0.0038232572 0.015981678 0.0082696835 0.0160965707 0.0120216602 0.0206447173 0.0060729565 0.0074493294 0.0169238481 0.0335876131 0.0122826855 0.023834479 0.0255339283 0.0163310359 0.0148370072 0.0235504958 0.0173565352 0.0168834833 0.0104886924 0.0089181607 0.0205928403 0.0208225238 0.018677406 0.0225201457 0.0126829153 0.0092551557 0.0126751618 0.0157434207 0.0225223353 0.0140576112 0.0249582559 0.0084031773 0.0132803335 0.0185102381 0.0104709359 
29 0.0193875693 0.0151725131 0.0154847945 0.0273268948 0.0129823524 0.012025911 0.0187307305 0.0153418561 0.024297671 0.0230414664 0.017651484 0.0154224291 0.0095755556 0.0133218349 0.0214828403 0.0229255465 0.01385423 0.019065391 0.0228036783 0.0209522425 0.0125761597 0.0093554325 0.0083244227 0.0101666503 0.0126767474 0.0158259663 0.0073839278 0.0138830777 0.0329079025 0.0122886679 0.010203204 0.0208582731 0.0082892342 0.0110189799 0.0094035726 0.0129830096 0.0137055786 0.0196726299 0.0093369688 0.0060807962 0.0301843462 0.0117655725 0.0176040353 0.0168761364 0.0145432654 0.0137392692 0.020884727 0.0111634579 0.0121187122 0.0022013241 0.0294710356 0.0126684886 0.009348059 0.0063338699 0.0203826489 0.0141289853 0.0167894162 0.0161961782 0.0102431893 0.011149905 0.0229820047 0.0187139935 0.0173087944 0.0254143926 
30 0.0167456439 0.0114384559 0.0318421342 0.0203411634 0.015897827 0.0144629197 0.0111402275 0.0195317665 0.0121422645 0.0142065338 0.012408449 0.0087341169 0.0129786394 0.0125152871 0.0134685417 0.0219998089 0.0130857013 0.0148669462 0.0194113114 0.0169439375 0.0118562888 0.0154256369 0.0118561512 0.014732182 0.022142781 0.0086120077 0.0154609518 0.0038232572 0.0122886679 0.0090548544 0.028360268 0.0114638478 0.0030522462 0.0141703899 0.0095381252 0.019984974 0.0208865439 0.0224169054 0.0118321192 0.0134452803 0.0245341166 0.0239569981 0.0132613921 0.020553076 0.0155015324 0.0172953878 0.0158208441 0.0159701503 0.0085581506 0.0158043641 0.0071359365 0.0121900241 0.0116030171 0.0191732815 0.0222073593 0.0072951173 0.0136598002 0.0145279822 0.0296475714 0.0240778455 0.0054720864 0.0118606159 0.0331259979 0.0222021979 
31 0.0182814952 0.0135235685 0.0090459399 0.0106102049 0.0185691751 0.018828245 0.016978665 0.0125500952 0.0116729745 0.0120300562 0.0092276296 0.0055638401 0.0216646891 0.0118775553 0.0165919471 0.01248576 0.0131550965 0.0229308749 0.0339795347 0.0208634301 0.0201541938 0.0194324582 0.0118842491 0.0118258865 0.0179006537 0.030867678 0.0280402955 0.015981678 0.010203204 0.028360268 0.0241925188 0.0173194135 0.0045263014 0.010460356 0.0116806873 0.0129089726 0.0206589586 0.012192675 0.0101113623 0.0167745034 0.0050542448 0.020215773 0.0239471576 0.0056421451 0.0176245049 0.0122142674 0.010549748 0.006871168 0.0140101637 0.0185370563 0.0156237596 0.0115940626 0.0212191608 0.0187156813 0.0148735858 0.0220561053 0.0165742601 0.009669725 0.0132798958 0.0133200644 0.0041125616 0.0179138582 0.022445058 0.018028902 
32 0.01503246 0.0156680795 0.0090705187 0.0329230531 0.0146170686 0.0152010931 0.0149440501 0.0198806059 0.012896905 0.0140977047 0.0134327162 0.0158410476 0.0147357687 0.0272930287 0.0090890095 0.0099495748 0.0187325811 0.0175108246 0.0087960008 0.0177858684 0.0190368961 0.0120255327 0.0025557484 0.0318219223 0.0150222378 0.0166611183 0.011227159 0.0082696835 0.0208582731 0.0114638478 0.0173194135 0.0274653897 0.0095359634 0.0080645697 0.0138196356 0.0183282964 0.0168850939 0.019706704 0.01178578 0.0118719251 0.017984338 0.0129896407 0.0118184819 0.0258847878 0.0187866401 0.0168389141 0.0159747995 0.0235309325 0.0157811414 0.011222404 0.0233357933 0.0176097789 0.021259497 0.0093543446 0.0145509336 0.0137436327 0.0155936039 0.0105615653 0.0075943714 0.0115130844 0.0015145406 0.0203618804 0.0212447515 0.0197269934 
33 0.0089324997 0.0136527653 0.0131897398 0.0137391092 0.0185207221 0.0233756627 0.0163512069 0.0171897046 0.0123748604 0.0133320751 0.0089316438 0.0087619322 0.0126815814 0.0100505983 0.0062604681 0.0109538529 0.0324920927 0.0221292242 0.0289623792 0.0044057943 0.0140167151 0.004759069 0.0214547205 0.0149209075 0.0299852826 0.0091207241 0.0255181777 0.0160965707 0.0082892342 0.0030522462 0.0045263014 0.0095359634 0.0113742763 0.0188904678 0.0232953326 0.0229539437 0.0130229349 0.0157297938 0.0227009419 0.0235777106 0.0088418863 0.0112741225 0.0180187966 0.0099467213 0.0140094139 0.0153443753 0.0131062332 0.0123851202 0.0188842562 0.0084787394 0.0167083166 0.020966223 0.0215863861 0.0235440597 0.0187054196 0.0243262061 0.0070986633 0.0144040477 0.0204694624 0.0172491545 0.012522348 0.0172400465 0.0310852202 0.0146955549 
34 0.019291766 0.0159692961 0.0151987134 0.0110149379 0.0110781838 0.0177667945 0.0135146294 0.0095496021 0.0110085922 0.0138730758 0.0154241822 0.0224626363 0.0093361572 0.0184440208 0.0195879517 0.0112546375 0.0180487903 0.012337873 0.0239992575 0.0138701756 0.0120750311 0.0189383464 0.0187209265 0.0115479448 0.0137339508 0.027028541 0.0173424994 0.0120216602 0.0110189799 0.0141703899 0.010460356 0.0080645697 0.0188904678 0.0209606465 0.0096073799 0.0192502962 0.014890026 0.0194366353 0.0114272868 0.0206758719 0.0195590538 0.016799023 0.0162693318 0.012294811 0.0171924574 0.0350153055 0.0117556169 0.0116629051 0.0074448834 0.0185992475 0.016519427 0.0240148004 0.0154843274 0.0098554159 0.0077714561 0.0180428758 0.0153527618 0.0164808259 0.0156785572 0.0080809407 0.0226337633 0.0125964748 0.0186003124 0.0190023463 
35 0.0214430534 0.0081321613 0.0219833642 0.006629723 0.0231789155 0.0258976495 0.0279504352 0.0164607168 0.0148037348 0.0132869456 0.0234831688 0.0109953794 0.0162728057 0.0160583607 0.0154900989 0.0216284963 0.0103843982 0.0226238756 0.0181383717 0.0089904732 0.0206271391 0.0145218667 0.0103387295 0.0101982943 0.0315033279 0.0077392238 0.0276654408 0.0206447173 0.0094035726 0.0095381252 0.0116806873 0.0138196356 0.0232953326 0.0096073799 0.0064225195 0.0098928759 0.0226933068 0.0135729075 0.0202179375 0.0166752622 0.0159498313 0.0060191749 0.0269821747 0.0075446799 0.0116751354 0.0177523784 0.0168821617 0.0073231905 0.0132583898 0.0155142398 0.0192409976 0.0146745068 0.0116584225 0.014691829 0.0153123712 0.0087456092 0.0193795863 0.0183308729 0.0213974606 0.0232113837 0.0058316468 0.0114090257 0.010107143 0.0132173788 
36 0.0051836353 0.0172634385 0.0220045819 0.0297113306 0.0294282043 0.0209204711 0.0143676298 0.0230913566 0.0244446761 0.0201256595 0.0210530499 0.0180761887 0.0123732945 0.0125590165 0.0133044978 0.0140216928 0.0055806533 0.0154229331 0.0184384919 0.0113264591 0.0138773618 0.0168576666 0.0161845119 0.0221268816 0.0119935259 0.0313649238 0.0247863978 0.0060729565 0.0129830096 0.019984974 0.0129089726 0.0183282964 0.0229539437 0.0192502962 0.0098928759 0.0104877944 0.0131783883 0.0160866606 0.0303122934 0.0059751911 0.0135856899 0.0130683379 0.0148988594 0.0201068427 0.0128996079 0.007904161 0.0112426721 0.0127968465 0.0277343483 0.0159707664 0.0044665336 0.0165606956 0.0185220628 0.0068644888 0.0100903181 0.0163509627 0.0175330772 0.0117514038 0.0109114502 0.0189946813 0.0066848868 0.0 0.0180383539 0.0087187693 
37 0.0146548116 0.0123864949 0.0303172886 0.0142017006 0.0136864662 0.0119627931 0.0061307444 0.0104125009 0.0222360661 0.0165254576 0.0154437557 0.0250252977 0.0159063913 0.0174318858 0.037024464 0.011692175 0.0154093118 0.0124050524 0.0060856635 0.0129232081 0.0093364144 0.0227373819 0.0268889829 0.014018202 0.018599347 0.0184128996 0.0140644072 0.0074493294 0.0137055786 0.0208865439 0.0206589586 0.0168850939 0.0130229349 0.014890026 0.0226933068 0.0131783883 0.0045115887 0.0182617538 0.011357523 0.0112275845 0.0075088712 0.0071119947 0.0092021955 0.0191518333 0.0225477527 0.0211891108 0.0247643048 0.0102972921 0.0125809226 0.0132329289 0.0234133154 0.0161113759 0.0201818801 0.0140586306 0.0109031913 0.0124514861 0.0142195392 0.0134347974 0.0074323315 0.0090162366 0.0280252221 0.0162829908 0.0131650129 0.0190690086 
38 0.0126066858 0.005552165 0.0106540756 0.0126336455 0.0123927194 0.0187044731 0.0148988419 0.0272121247 0.0088314719 0.0164844985 0.0227279571 0.0080738008 0.0286851661 0.0139206332 0.0215134673 0.0237127371 0.0138031494 0.0081810683 0.0178910912 0.0139419763 0.018291711 0.0193266258 0.0226751606 0.0171143892 0.0159840518 0.0210497649 0.0176486023 0.0169238481 0.0196726299 0.0224169054 0.012192675 0.019706704 0.0157297938 0.0194366353 0.0135729075 0.0160866606 0.0182617538 0.0245169408 0.0184511476 0.0248958326 0.01880515 0.0127637617 0.0041751971 0.0097487258 0.0051874506 0.0194971806 0.0145476648 0.0087355766 0.0142873036 0.0158771077 0.0154851466 0.01427991 0.0117084101 0.0177919445 0.0156578509 0.0138984482 0.025003746 0.0067815326 0.0118839277 0.01198007 0.0062542526 0.0149861926 0.0173094652 0.0069774965 
39 0.0287442073 0.0188194174 0.0099249449 0.0292642455 0.0110276894 0.0120549365 0.00892273 0.0095091584 0.0233642506 0.0103312329 0.0241052191 0.0102024453 0.0246085332 0.0204367179 0.0085364004 0.0142017568 0.0236240749 0.0174494916 0.0178058188 0.0104639264 0.0045184027 0.0035859324 0.019481894 0.0164616383 0.0066047202 0.0150279385 0.0120209274 0.0335876131 0.0093369688 0.0118321192 0.0101113623 0.01178578 0.0227009419 0.0114272868 0.0202179375 0.0303122934 0.011357523 0.0184511476 0.0288757169 0.0089444691 0.0143227438 0.0118614833 0.008400676 0.014811373 0.0231903852 0.0071268857 0.0125019545 0.0137028032 0.0165769027 0.015419929 0.0157618213 0.0194675525 0.0138036819 0.0128426636 0.0207258599 0.0095749403 0.00744461 0.0091306768 0.0166631062 0.0134266874 0.0250312001 0.0239121843 0.0161342147 0.0181258545 
40 0.0056325171 0.0152560184 0.0097112857 0.0108843166 0.0130268286 0.0067775549 0.0211202022 0.0121720267 0.0237052595 0.0114510964 0.0161159326 0.0187289677 0.0090411148 0.0163250408 0.0109745219 0.0232138935 0.009582405 0.0261638016 0.0187387796 0.0159795794 0.0195888482 0.0172833149 0.0205277788 0.0145860742 0.0273754328 0.023537405 0.0179526436 0.0122826855 0.0060807962 0.0134452803 0.0167745034 0.0118719251 0.0235777106 0.0206758719 0.0166752622 0.0059751911 0.0112275845 0.0248958326 0.0089444691 0.0130669196 0.0115910895 0.010725111 0.0079536171 0.0074346411 0.0154106172 0.0169567244 0.0239463787 0.0216648265 0.0186220304 0.0138149276 0.0171444244 0.015028373 0.0166172416 0.0191567251 0.0271057124 0.0085624481 0.0064844787 0.0206296651 0.0207362346 0.0202353919 0.0062709932 0.014324558 0.0102850231 0.0283520944 
41 0.0172772868 0.0164402041 0.0069150947 0.0121175943 0.0278758 0.0163124633 0.0171770221 0.0071016839 0.0124497368 0.0061886647 0.0156009911 0.0182740269 0.0160052873 0.0161307839 0.0297605366 0.0184539706 0.0100472709 0.0224736119 0.0149695999 0.0094149679 0.0145219576 0.0167862848 0.0198898757 0.0088161666 0.0140550257 0.0131198122 0.012649626 0.023834479 0.0301843462 0.0245341166 0.0050542448 0.017984338 0.0088418863 0.0195590538 0.0159498313 0.0135856899 0.0075088712 0.01880515 0.0143227438 0.0115910895 0.0193850668 0.0221983993 0.0093009799 0.0143835118 0.0255741548 0.0145389194 0.010727833 0.0180336529 0.0148179511 0.0232016433 0.0005508927 0.0188522427 0.0116261042 0.0192472661 0.015375988 0.0144915584 0.011001963 0.0167416623 0.0251350294 0.0125853842 0.0141669255 0.0094285035 0.0146201242 0.0214330563 
42 0.0211715292 0.0259521402 0.017207765 0.009175415 0.0236773471 0.0198207112 0.0101648233 0.0326134734 0.0320999698 0.0286302088 0.0090553188 0.0094086874 0.01008129 0.0119180534 0.0138202326 0.0274077847 0.0115890663 0.0290811546 0.0184428128 0.0243170409 0.0175938879 0.0150005473 0.0331339634 0.0083241758 0.0191232133 0.0136584371 0.0128943956 0.0255339283 0.0117655725 0.0239569981 0.020215773 0.0129896407 0.0112741225 0.016799023 0.0060191749 0.0130683379 0.0071119947 0.0127637617 0.0118614833 0.010725111 0.0221983993 0.0082950378 0.0089766677 0.0254924272 0.0085018064 0.0110725169 0.0101546403 0.0133795309 0.0160439072 0.0197089851 0.0060016836 0.0174010916 0.0121776923 0.0171924259 0.0201777097 0.0183364879 0.0108909972 0.0131981049 0.0095479599 0.0057433507 0.0069990938 0.0185433661 0.0051245948 0.0053931563 
43 0.0199095258 0.0095394282 0.0159545165 0.0163003371 0.0080231963 0.0179720421 0.0132715946 0.0227000332 0.0184565781 0.0202384056 0.0171220923 0.0217187071 0.0173615493 0.0178872116 0.0086740695 0.0150281813 0.0235480469 0.0150633412 0.0102043188 0.0116286821 0.0119222327 0.0238150843 0.0173048125 0.0112094997 0.0114220966 0.0149307247 0.0116420325 0.0163310359 0.0176040353 0.0132613921 0.0239471576 0.0118184819 0.0180187966 0.0162693318 0.0269821747 0.0148988594 0.0092021955 0.0041751971 0.008400676 0.0079536171 0.0093009799 0.0089766677 0.0208379277 0.0008174543 0.0119232562 0.0227600482 0.0119594001 0.0219075017 0.022631546 0.0132048316 0.0236326543 0.0180010693 0.0223696072 0.013563122 0.0090558617 0.0178002961 0.0218066366 0.0164349842 0.0216249577 0.0179088793 0.0082820652 0.0188853582 0.0173168739 0.0172867292 
44 0.0266017638 0.0135691939 0.0161493093 0.010561133 0.0119600425 0.014356292 0.0161379414 0.0192683034 0.0197631651 0.0198370228 0.0175880754 0.0223330944 0.0114018531 0.0114518159 0.0140562582 0.0307146553 0.0066603269 0.0133914733 0.0115648616 0.0174381111 0.0154511752 0.0187536238 0.0138104789 0.0160345685 0.0163378062 0.0089908938 0.0158198024 0.0148370072 0.0168761364 0.020553076 0.0056421451 0.0258847878 0.0099467213 0.012294811 0.0075446799 0.0201068427 0.0191518333 0.0097487258 0.014811373 0.0074346411 0.0143835118 0.0254924272 0.0008174543 0.0169065033 0.0108842418 0.0300598858 0.023514223 0.0286599037 0.0065330603 0.0090403442 0.0084521761 0.0133935268 0.0103037645 0.0085133979 0.0132284528 0.023087099 0.0138533015 0.0035101951 0.0185588053 0.0327249095 0.020600571 0.0137211968 0.0238207128 0.0151045133 
45 0.0237389782 0.0092850921 0.031151927 0.0179963859 0.0088426242 0.0161353668 0.0139068904 0.0087232605 0.0107900857 0.0121301049 0.0239885286 0.0157568084 0.0060924838 0.0227041317 0.0207943787 0.0130346713 0.019250412 0.0044195082 0.011421353 0.0111565243 0.0137418343 0.0224487126 0.0180163977 0.0049781731 0.0110069135 0.0254196621 0.0185254485 0.0235504958 0.0145432654 0.0155015324 0.0176245049 0.0187866401 0.0140094139 0.0171924574 0.0116751354 0.0128996079 0.0225477527 0.0051874506 0.0231903852 0.0154106172 0.0255741548 0.0085018064 0.0119232562 0.0108842418 0.0070830123 0.0143513613 0.0086919856 0.0189250159 0.0163176567 0.0237069883 0.0215245909 0.016821478 0.0103764527 0.0145997424 0.0147481717 0.0261650006 0.0145734233 0.0321474598 0.0116232595 0.0117197802 0.0154500251 0.0081908385 0.0115432934 0.0169810882 
46 0.0126560423 0.0122882008 0.0077672483 0.0107785644 0.0157414703 0.0048346157 0.0238362936 0.0065551576 0.0056439413 0.0144114115 0.015175552 0.0293874426 0.0262064367 0.0177738374 0.0144361032 0.0055757318 0.0268689761 0.0017804288 0.0139746047 0.0113995647 0.0148193705 0.0137573048 0.011871777 0.0129305776 0.0165955845 0.0248490108 0.0233777589 0.0173565352 0.0137392692 0.0172953878 0.0122142674 0.0168389141 0.0153443753 0.0350153055 0.0177523784 0.007904161 0.0211891108 0.0194971806 0.0071268857 0.0169567244 0.0145389194 0.0110725169 0.0227600482 0.0300598858 0.0143513613 0.0302573945 0.0145080555 0.0129852201 0.0087499171 0.0197441011 0.0101741714 0.0132298173 0.0126597605 0.0147787776 0.0219375608 0.0144510447 0.0207248134 0.0159923381 0.0149768984 0.0177880804 0.0181717233 0.022983777 0.0020746327 0.0075056809 
47 0.019022962 0.01763866 0.0178257476 0.0105332898 0.0161150827 0.0130952402 0.0374930827 0.0070670013 0.0252216857 0.0113771965 0.0195218355 0.0123892019 0.0170192811 0.0198749664 0.0049412887 0.0139988256 0.0277583042 0.0311351635 0.0024356113 0.0135983781 0.0236202024 0.0248634379 0.0159325394 0.0193769117 0.0153221091 0.0195768619 0.0128142852 0.0168834833 0.020884727 0.0158208441 0.010549748 0.0159747995 0.0131062332 0.0117556169 0.0168821617 0.0112426721 0.0247643048 0.0145476648 0.0125019545 0.0239463787 0.010727833 0.0101546403 0.0119594001 0.023514223 0.0086919856 0.0145080555 0.0162297127 0.0209291331 0.0079909798 0.0074014307 0.0069632881 0.0255389761 0.0104642799 0.007007009 0.0135985389 0.0063482741 0.0249900466 0.0145536392 0.0115881126 0.0139334742 0.0251122795 0.0126270977 0.0108938939 0.005843955 
48 0.009830361 0.0173478921 0.0155180539 0.0104263273 0.0125765297 0.0223041361 0.0131683192 0.0132709918 0.0017619159 0.0190134385 0.0196015259 0.0196252903 0.0187321609 0.020883144 0.0160608956 0.0342915221 0.015432853 0.0160501252 0.0129435986 0.0136729665 0.0097913152 0.0050519294 0.0207165322 0.0191131279 0.0171063048 0.0230442957 0.0162060882 0.0104886924 0.0111634579 0.0159701503 0.006871168 0.0235309325 0.0123851202 0.0116629051 0.0073231905 0.0127968465 0.0102972921 0.0087355766 0.0137028032 0.0216648265 0.0180336529 0.0133795309 0.0219075017 0.0286599037 0.0189250159 0.0129852201 0.0209291331 0.0048374555 0.0122642608 0.0265327019 0.0080430461 0.0121289202 0.0055514516 0.0187639291 0.0103701679 0.027667032 0.0139284217 0.0062063025 0.0296386426 0.0211024172 0.0123633794 0.0117112811 0.0262449317 0.0176910978 
