64
1 0.0274180927 0.0276354256 0.0148212255 0.0172747009 0.0144644049 0.0224045584 0.0135586204 0.009923612 0.0023766084 0.0097778698 0.0222483585 0.0091809917 0.0138194054 0.0154705427 0.0082132816 0.0142043118 0.0178452602 0.0148884454 0.0128861133 0.019728297 0.0200746303 0.0163526473 0.0191343481 0.0249946107 0.0176665114 0.0106012219 0.02110271 0.0053946937 0.0208669572 0.0133972755 0.0073502546 0.012147736 0.0100269257 0.0125042523 0.0119558311 0.0119982279 0.0261405228 0.0198205214 0.0300175801 0.0154211492 0.0164375224 0.0215242968 0.0111673753 0.0130590308 0.0158653605 0.0175956476 0.0116376894 0.0101180429 0.0238955987 0.0085371749 0.0067398616 0.0170487371 0.0095156463 0.0092573175 0.0143628085 0.0289809521 0.0182459892 0.00363274 0.0149460143 0.0085693373 0.0151652145 0.029573657 0.015470195 0.0235450566 
2 0.0276354256 0.0230368079 0.018409697 0.0121199292 0.0113425797 0.0221903223 0.0119634221 0.0027722731 0.0144950183 0.0202766788 0.0187716882 0.00360851 0.0062303437 0.0256937387 0.0167517408 0.0196421506 0.0209816553 0.0177637339 0.0083016853 0.0093500962 0.0248768933 0.0077364478 0.0133887495 0.0096929147 0.019661749 0.0121928886 0.00884841 0.0194993997 0.0276013681 0.0171181632 0.0165997682 0.0092357197 0.02605016 0.0169045619 0.015241445 0.0258266573 0.0071178949 0.0170650384 0.0191402206 0.019161008 0.0218718395 0.0220566872 0.0097993245 0.0182713815 0.0144972542 0.0031276617 0.0097035979 0.0169395454 0.0159879055 0.0209003588 0.0226789819 0.0261485264 0.0268657509 0.0224465896 0.0126231504 0.0117081497 0.018677073 0.0025151928 0.0122517731 0.0089316519 0.0142102211 0.0044100249 0.0099569103 0.0091234932 
3 0.0148212255 0.018409697 0.0189794242 0.0154985769 0.0057760428 0.0120101104 0.0190208186 0.0204227205 0.0168343096 0.0164887641 0.0071822896 0.0270798343 0.0104470262 0.0199754387 0.0079517159 0.0164072509 0.0179173353 0.0043819891 0.0253899998 0.0196972746 0.0127356129 0.0069238963 0.0193927978 0.0215564818 0.0129340369 0.0240237862 0.0231757074 0.0129459633 0.0137067722 0.0165259306 0.0080673578 0.0094464766 0.017966325 0.0211427221 0.0073348576 0.0075565536 0.0158761026 0.0156832631 0.020049713 0.0222163488 0.0111307045 0.009680881 0.016486531 0.0149424821 0.0172044703 0.0189495107 0.0116228688 0.0239086271 0.0200674704 0.0112393057 0.007150312 0.0090627796 0.0144879807 0.0167903978 0.0117114195 0.0274837832 0.0241468464 0.0064168322 0.0184083233 0.0234044408 0.0090900087 0.0132672874 0.0154494622 0.0239447244 
4 0.0172747009 0.0121199292 0.0154985769 0.0017974294 0.0114172637 0.0119340105 0.015618887 0.0117258833 0.0281266308 0.0160161171 0.0230481084 0.0105569705 0.0352715683 0.0193402331 0.013437389 0.0146785202 0.0183118991 0.0140846065 0.0157484993 0.0148508946 0.0159667788 0.0273649181 0.0232992235 0.0106986155 0.0207213933 0.0231771022 0.0245822015 0.0099208668 0.0136124631 0.009718005 0.0162808677 0.0129975445 0.0164849089 0.0227409763 0.0186372399 0.0185541761 0.0109991687 0.0154960593 0.0072073035 0.0150469242 0.0223690402 0.0091753391 0.0095459776 0.017735023 0.0097277136 0.018081536 0.0172171206 0.0219396935 0.0222095102 0.0188701641 0.0100706022 0.0136026415 0.0053154864 0.0151808441 0.0228436357 0.0102565621 0.0093711078 0.0115215979 0.013953428 0.0195502131 0.0141956612 0.0089179162 0.0107070322 0.0132772992 
5 0.0144644049 0.0113425797 0.0057760428 0.0114172637 0.0131238414 0.007945296 0.0142710635 0.0083191579 0.0167043284 0.0089781129 0.0182113296 0.0189354426 0.0163284679 0.0075645977 0.0113918628 0.0167512341 0.0195388796 0.012888317 0.0165373964 0.0092126158 0.0137156569 0.019880883 0.011011931 0.0071293554 0.0129376688 0.0235226623 0.0175577387 0.0160466397 0.01225772 0.0240720276 0.024982905 0.0196703299 0.0103515882 0.0167756732 0.0182238001 0.027838363 0.0225171671 0.0059533853 0.0230269389 0.0112567012 0.0098323235 0.0157721231 0.0296350655 0.0145839549 0.0263817438 0.0182087186 0.0148629583 0.0162301111 0.0192726702 0.0243824504 0.0191878946 0.0120124509 0.0191681105 0.009840592 0.0257788755 0.016500758 0.011000434 0.0194526567 0.0041222793 0.0147207067 0.0138598151 0.0135684322 0.0166391161 0.0165543889 
6 0.0224045584 0.0221903223 0.0120101104 0.0119340105 0.007945296 0.0068435287 0.0106183541 0.0168232253 0.0090581563 0.0193301051 0.0081815255 0.009515565 0.0172108961 0.0087736737 0.0154125683 0.0175482695 0.0080594067 0.0179119523 0.0192786793 0.0120646645 0.0240101105 0.0208954285 0.0257481063 0.0172441916 0.0304032953 0.0082921819 0.0104310966 0.020917494 0.0119079217 0.0120838779 0.0143120521 0.0187771739 0.0069573652 0.0157535625 0.0167573828 0.0205192139 0.0115754735 0.03038595 0.0091160733 0.0350475212 0.012051046 0.0116068364 0.0135699626 0.0142824214 0.0068423163 0.0217566026 0.0248211282 0.0145463396 0.0170628872 0.0105656517 0.0079755965 0.0157354963 0.015293798 0.0102031702 0.0193903612 0.016164936 0.010616783 0.0097382357 0.0159465231 0.0207919106 0.0117978016 0.0170296051 0.0214284008 0.0265318491 
7 0.0135586204 0.0119634221 0.0190208186 0.015618887 0.0142710635 0.0106183541 0.0206730851 0.0213497216 0.0336119508 0.0158029803 0.0248064576 0.0045959187 0.024979279 0.0204747599 0.0123975896 0.0145373773 0.010612343 0.0198918104 0.0125449689 0.0148742574 0.0098837571 0.0271149863 0.0126552085 0.0170414137 0.0084030101 0.0156473239 0.0105696436 0.0179794795 0.0233265561 0.0333887585 0.0172957417 0.0114419144 0.0250699166 0.0164335969 0.0163115033 0.0126237303 0.0106093952 0.0044522939 0.0136376211 0.0166718962 0.010141439 0.0066807753 0.0167263474 0.0157354223 0.0188288349 0.0317483683 0.0114076022 0.0095938532 0.0051775837 0.0180100883 0.0117369832 0.0244295723 0.0056908566 0.0047254134 0.0127442831 0.0158741088 0.009896735 0.0093631742 0.0220230286 0.0128486885 0.0206570195 0.0153426679 0.0254577422 0.0083979999 
8 0.009923612 0.0027722731 0.0204227205 0.0117258833 0.0083191579 0.0168232253 0.0213497216 0.0170282124 0.0218408248 0.0277169286 0.015397473 0.0198367185 0.0180631938 0.0188233747 0.0130460483 0.0088465638 0.0312422655 0.0204852915 0.0060826654 0.0141302512 0.0187022328 0.0178148043 0.0067712011 0.0074967165 0.0143895769 0.0156553975 0.0098755843 0.0033041471 0.0201451131 0.0110241184 0.0077132922 0.0217292811 0.0404473518 0.0125192507 0.0188898631 0.0310869805 0.0197416982 0.0125587049 0.0134630436 0.0038588075 0.0176180944 0.0150757309 0.0031123932 0.0132728152 0.0242628097 0.0077125357 0.0188944156 0.0113416238 0.0211420852 0.0095574502 0.0165536352 0.01190207 0.0128688322 0.0143482962 0.0187058991 0.0175113717 0.0151434387 0.0219948839 0.0157245957 0.0164603001 0.0169608407 0.0156494084 0.021235815 0.0118870885 
9 0.0023766084 0.0144950183 0.0168343096 0.0281266308 0.0167043284 0.0090581563 0.0336119508 0.0218408248 0.0241745021 0.016154972 0.0179212544 0.0234743977 0.021906756 0.0157691841 0.0118632858 0.0135519407 0.0211725417 0.0131232517 0.0189583206 0.0142929582 0.0113955238 0.0090769208 0.0248457228 0.0041666539 0.0156294587 0.024891148 0.0105967423 0.0117377121 0.0207854727 0.0123730723 0.0123070424 0.0103879304 0.0111463472 0.0232393974 0.0145489809 0.0218077287 0.0152245207 0.0092000853 0.0230292657 0.028845198 0.0104354476 0.0095584387 0.0079794563 0.0308525364 0.0127931449 0.0117763954 0.0026837539 0.0219437207 0.0096979092 0.0048031593 0.0156770354 0.0104911671 0.0268435374 0.0208022289 0.0176939657 0.0122201849 0.0090632235 0.0072845218 0.0147578782 0.0177417634 0.0206321472 0.0121580772 0.0042889186 0.0171752714 
10 0.0097778698 0.0202766788 0.0164887641 0.0160161171 0.0089781129 0.0193301051 0.0158029803 0.0277169286 0.016154972 0.0122699658 0.0141590759 0.0130793131 0.0021836673 0.0033093598 0.0118714289 0.0064591098 0.0311986102 0.0091611871 0.0266834795 0.0097682576 0.0154438789 0.0146058902 0.0059919396 0.0128695616 0.024571912 0.0170754343 0.0254162414 0.013257434 0.0072328386 0.0091630484 0.0174527731 0.0163448697 0.0191063582 0.0189230633 0.027004928 0.0154042863 0.0014054286 0.0175818466 0.0138509404 0.0052181628 0.0188554081 0.0140920545 0.0235062524 0.0214120386 0.018207123 0.0131699938 0.0378836467 0.0099285831 0.0090956128 0.0144668637 0.00735701 0.0322166413 0.021619479 0.0116850402 0.018934457 0.0209188821 0.0264542765 0.0209454447 0.0177417606 0.0116170179 0.012360657 0.0073439469 0.0190164822 0.0025645083 
11 0.0222483585 0.0187716882 0.0071822896 0.0230481084 0.0182113296 0.0081815255 0.0248064576 0.015397473 0.0179212544 0.0141590759 0.0252348791 0.0220289865 0.0127722995 0.0251623517 0.0237960806 0.0167228916 0.0122606365 0.0104607021 0.01453309 0.0083829384 0.0189424896 0.0269024111 0.0193088837 0.0282192706 0.0141774929 0.0158894149 0.0139495576 0.0045306841 0.0085804822 0.0110467603 0.0228993677 0.0161720713 0.0167954594 0.0144306173 0.0121670765 0.0223923199 0.0106631642 0.0178649959 0.0119013795 0.0248117669 0.0172976983 0.005887405 0.0070893254 0.005335119 0.0129437546 0.0247982721 0.0173200839 0.0185015361 0.0229590938 0.0196325191 0.0196184749 0.0082047923 0.0145414264 0.0158418991 0.0242457781 0.013597653 0.0108938259 0.003672317 0.0084308063 0.0105367216 0.0070736657 0.0096945516 0.0153156391 0.0136395592 
12 0.0091809917 0.00360851 0.0270798343 0.0105569705 0.0189354426 0.009515565 0.0045959187 0.0198367185 0.0234743977 0.0130793131 0.0220289865 0.0247018976 0.0101643235 0.023211756 0.0176276873 0.0240802103 0.0234764686 0.0179184426 0.0180853223 0.0114845257 0.0075833499 0.0016682934 0.0089985388 0.0108510459 0.0138066031 0.024043484 0.0256576298 0.0171993749 0.011629838 0.0081889483 0.0194190273 0.0193976935 0.0114923396 0.0145622433 0.0219531113 0.009921743 0.0181765911 0.0117634966 0.0166804256 0.0182702524 0.0176629823 0.0276196707 0.0132699953 0.020679148 0.0100386212 0.0117428012 0.0195410095 0.015662162 0.0165466858 0.0111502072 0.0209400578 0.0140404289 0.0070430637 0.0180587397 0.0108876977 0.0122358617 0.0237777054 0.0102052105 0.0160650118 0.0128162704 0.0229265622 0.0143626387 0.0150968511 0.0137233044 
13 0.0138194054 0.0062303437 0.0104470262 0.0352715683 0.0163284679 0.0172108961 0.024979279 0.0180631938 0.021906756 0.0021836673 0.0127722995 0.0101643235 0.0307422338 0.0167680118 0.019267882 0.0220851282 0.0121800011 0.0061449718 0.0243532603 0.0129039023 0.0162119419 0.0191379909 0.0142302503 0.0201705042 0.0267885288 0.020645689 0.0120948742 0.0044837983 0.0114489309 0.0229210947 0.009593147 0.0130913574 0.0114359204 0.0263508211 0.0104623291 0.0015185747 0.0184909772 0.0204335228 0.0155264517 0.0161884669 0.0081207433 0.0121256012 0.0110674556 0.0211278655 0.0078814657 0.0184741729 0.0218835751 0.0243599515 0.0078204861 0.0262188211 0.0147022191 0.0119499275 0.010206917 0.0211768572 0.0026065516 0.018923484 0.0165245861 0.0230441506 0.0110866747 0.009789899 0.009659961 0.0179299856 0.0194028247 0.0088680342 
14 0.0154705427 0.0256937387 0.0199754387 0.0193402331 0.0075645977 0.0087736737 0.0204747599 0.0188233747 0.0157691841 0.0033093598 0.0251623517 0.023211756 0.0167680118 0.0 0.0270399749 0.0055332328 0.0089416466 0.0039599867 0.0130955485 0.0165014377 0.017535462 0.0099462045 0.0122177667 0.0144191791 0.0200427806 0.0255617218 0.0141389702 0.0216953237 0.0199786357 0.0113459562 0.0197383412 0.0140532983 0.0144922724 0.0147425131 0.026293852 0.021444363 0.0144928136 0.0146099163 0.0183934336 0.0231380766 0.0119870394 0.0246136437 0.0235965593 0.0095123528 0.0248123235 0.0125248626 0.0151234284 0.0260852117 0.0092739479 0.0044339946 0.0154224616 0.0166074425 0.0160761727 0.0181392991 0.0072610106 0.0103907127 0.0080788097 0.02055845 0.0138413122 0.0127331391 0.0166880086 0.0153711025 0.0126858759 0.0104931083 
15 0.0082132816 0.0167517408 0.0079517159 0.013437389 0.0113918628 0.0154125683 0.0123975896 0.0130460483 0.0118632858 0.0118714289 0.0237960806 0.0176276873 0.019267882 0.0270399749 0.0065061215 0.0186059423 0.0184911408 0.0108614314 0.0276321111 0.0112699578 0.0055888847 0.0130653427 0.0166205756 0.0189015322 0.0156941378 0.0095316882 0.0232534327 0.0143714982 0.0125243931 0.0267039758 0.0072348426 0.013290889 0.0248162168 0.0091252148 0.0062085679 0.022165217 0.0170735559 0.0118114834 0.012317614 0.0185916305 0.0202001244 0.0176328356 0.0195174127 0.0147520752 0.0117327787 0.0089370335 0.0205677389 0.0190714152 0.023054331 0.0183362575 0.0257235656 0.0143172175 0.0155345532 0.013995657 0.0161335904 0.0133313313 0.0086136333 0.0049308723 0.0199856505 0.0208268558 0.0158602704 0.0240943807 0.0179001896 0.0126242963 
16 0.0142043118 0.0196421506 0.0164072509 0.0146785202 0.0167512341 0.0175482695 0.0145373773 0.0088465638 0.0135519407 0.0064591098 0.0167228916 0.0240802103 0.0220851282 0.0055332328 0.0186059423 0.0229853023 0.0216955309 0.0086518518 0.0133527757 0.0162873843 0.0233495651 0.0138149601 0.0234232987 0.004559873 0.0181017779 0.0109772801 0.0157017449 0.0115744467 0.0159092333 0.0179261452 0.0235904805 0.0080486736 0.0209803222 0.0185752455 0.0215904346 0.0181532325 0.0139131944 0.0114631756 0.0152986324 0.0083787035 0.0086925365 0.0077314296 0.0057942791 0.0102516746 0.0160719417 0.0164550233 0.0118704793 0.0087570696 0.0179900063 0.0299513348 0.0332767415 0.0192377492 0.01629009 0.013062714 0.0150149074 0.0090397682 0.0202206534 0.0355294659 0.0083264938 0.011989741 0.0150414994 0.011494777 0.0146004687 0.015351757 
17 0.0178452602 0.0209816553 0.0179173353 0.0183118991 0.0195388796 0.0080594067 0.010612343 0.0312422655 0.0211725417 0.0311986102 0.0122606365 0.0234764686 0.0121800011 0.0089416466 0.0184911408 0.0216955309 0.0319567831 0.0219728624 0.0170791453 0.0209632827 0.0116629933 0.0113426657 0.0149371567 0.0168751251 0.027350845 0.0130679902 0.0199432396 0.0126735368 0.0098746919 0.0092365017 0.0232765119 0.018951908 0.011882285 0.0074514084 0.0127848374 0.0086115982 0.0114842831 0.017169151 0.0133762075 0.0160958967 0.0072733654 0.0161766895 0.0110002025 0.0115590943 0.0102933153 0.0172760296 0.0038056031 0.0030605182 0.0119414734 0.0142852479 0.0076280336 0.0103873694 0.0220737507 0.0161367186 0.0138892211 0.029391398 0.0144752571 0.0137579552 0.0144924711 0.0156729811 0.0222728932 0.0136630977 0.0118032359 0.0137375502 
18 0.0148884454 0.0177637339 0.0043819891 0.0140846065 0.012888317 0.0179119523 0.0198918104 0.0204852915 0.0131232517 0.0091611871 0.0104607021 0.0179184426 0.0061449718 0.0039599867 0.0108614314 0.0086518518 0.0219728624 0.0142968318 0.0089622759 0.0062279942 0.0093790786 0.0205049539 0.0152189643 0.0126230747 0.0138513686 0.0014390828 0.0138638599 0.0117514314 0.016478877 0.0170121488 0.0091952704 0.0271032902 0.0050896788 0.0206666613 0.0171445527 0.0256724726 0.0101616635 0.0222999421 0.0147299985 0.0212002879 0.0184684315 0.0123307568 0.0130771547 0.0101665127 0.0184804955 0.010069674 0.0269124548 0.0211220313 0.0251821 0.0196591034 0.0210385812 0.0131650228 0.0240862924 0.0223151303 0.023423519 0.0205036953 0.0207129185 0.0156748657 0.0244044369 0.0073973095 0.0203626521 0.0114461668 0.019495646 0.0210804553 
19 0.0128861133 0.0083016853 0.0253899998 0.0157484993 0.0165373964 0.0192786793 0.0125449689 0.0060826654 0.0189583206 0.0266834795 0.01453309 0.0180853223 0.0243532603 0.0130955485 0.0276321111 0.0133527757 0.0170791453 0.0089622759 0.0 0.0070960965 0.0156437857 0.0145548601 0.0297080632 0.0122234375 0.0176614003 0.0247207011 0.0081700285 0.0025758402 0.0115080769 0.0190195335 0.0099635759 0.0188343466 0.0109019265 0.0273479137 0.0133941431 0.0149175945 0.0332203216 0.0136555483 0.0206944841 0.0156939792 0.0213179148 0.0159019916 0.0218078531 0.0248383929 0.0233740917 0.0080171426 0.0078972148 0.0079540957 0.0154887481 0.026194047 0.014607655 0.0234520407 0.0187733211 0.012753039 0.0122808802 0.0091572267 0.0056279519 0.0136966263 0.0085770013 0.0150130594 0.0114897454 0.0142183831 0.0128919728 0.0136586108 
20 0.019728297 0.0093500962 0.0196972746 0.0148508946 0.0092126158 0.0120646645 0.0148742574 0.0141302512 0.0142929582 0.0097682576 0.0083829384 0.0114845257 0.0129039023 0.0165014377 0.0112699578 0.0162873843 0.0209632827 0.0062279942 0.0070960965 0.0114251635 0.0260072954 0.0284209553 0.0086024032 0.019979167 0.0103713331 0.016452057 0.0234833372 0.0224693763 0.0234973291 0.0294240932 0.008551664 0.0190643942 0.0259404272 0.0100503332 0.0099860586 0.0123957341 0.0285896934 0.0124511736 0.0196392432 0.0098606525 0.0244441288 0.010220153 0.0082153754 0.0210454312 0.0237593077 0.0057855512 0.0104573695 0.0145448963 0.0197776932 0.00938452 0.0205252169 0.0211340173 0.0182783467 0.0118709068 0.0098036369 0.0282193648 0.007449978 0.0224380234 0.0211562499 0.0178850523 0.0077389474 0.0150682784 0.0110097252 0.0140388586 
21 0.0200746303 0.0248768933 0.0127356129 0.0159667788 0.0137156569 0.0240101105 0.0098837571 0.0187022328 0.0113955238 0.0154438789 0.0189424896 0.0075833499 0.0162119419 0.017535462 0.0055888847 0.0233495651 0.0116629933 0.0093790786 0.0156437857 0.0260072954 0.0145515146 0.0242151462 0.0167952855 0.0148047342 0.0092400224 0.0104243038 0.0252303856 0.0181747473 0.0162685743 0.0197309368 0.0269443644 0.0191854766 0.0130174705 0.0081257385 0.0102630276 0.0163874247 0.0187102221 0.0199921851 0.0044427372 0.0200912679 0.0135899831 0.013190043 0.0120679937 0.0200668097 0.0182766301 0.0139326719 0.0061229417 0.0176302846 0.0147186249 0.0137635592 0.0101353289 0.0163112472 0.0079145789 0.0111451595 0.0248090635 0.0181174936 0.0043509111 0.0114461318 0.0160400846 0.033338944 0.0176096785 0.0072612934 0.0161691063 0.0166859499 
22 0.0163526473 0.0077364478 0.0069238963 0.0273649181 0.019880883 0.0208954285 0.0271149863 0.0178148043 0.0090769208 0.0146058902 0.0269024111 0.0016682934 0.0191379909 0.0099462045 0.0130653427 0.0138149601 0.0113426657 0.0205049539 0.0145548601 0.0284209553 0.0242151462 0.0165164516 0.0251540119 0.0221133541 0.0017487111 0.012691582 0.0103625995 0.0239097014 0.0140382437 0.010091041 0.0114719341 0.0138295415 0.011857937 0.0106555945 0.0220812327 0.0091727557 0.0202117611 0.0228418231 0.0147759394 0.0265888008 0.0185165017 0.0194629241 0.0291795073 0.0145720065 0.0094394508 0.0072954271 0.0086480225 0.0165704198 0.0096883346 0.0092221857 0.0221178999 0.0097768154 0.0137984604 0.0096274998 0.0194424132 0.0186628943 0.0205300585 0.0155442106 0.0108175925 0.0128935624 0.0116003329 0.0069717871 0.0124513601 0.0217167103 
23 0.0191343481 0.0133887495 0.0193927978 0.0232992235 0.011011931 0.0257481063 0.0126552085 0.0067712011 0.0248457228 0.0059919396 0.0193088837 0.0089985388 0.0142302503 0.0122177667 0.0166205756 0.0234232987 0.0149371567 0.0152189643 0.0297080632 0.0086024032 0.0167952855 0.0251540119 0.0104486569 0.0128251695 0.0140097469 0.0127373412 0.0145166373 0.0107683985 0.0064933894 0.0101208085 0.0119341821 0.0165076196 0.0264613326 0.0104776976 0.017494731 0.016788644 0.0120420286 0.0139019286 0.0187104279 0.0053846752 0.0221084836 0.0215695733 0.0117723006 0.0240284893 0.014842509 0.0108961975 0.014020362 0.0212610283 0.0271445363 0.0065609027 0.0118755051 0.0097808043 0.0170718804 0.0166118212 0.0075059122 0.0080246219 0.0172680358 0.0317813917 0.0080258161 0.0164421516 0.0087270586 0.017135895 0.0245603383 0.0219065425 
24 0.0249946107 0.0096929147 0.0215564818 0.0106986155 0.0071293554 0.0172441916 0.0170414137 0.0074967165 0.0041666539 0.0128695616 0.0282192706 0.0108510459 0.0201705042 0.0144191791 0.0189015322 0.004559873 0.0168751251 0.0126230747 0.0122234375 0.019979167 0.0148047342 0.0221133541 0.0128251695 0.0095708198 0.0209881428 0.0241081766 0.0075818863 0.0318887185 0.011002021 0.0129901616 0.0133282518 0.0116240441 0.0015120564 0.0126423808 0.0184345107 0.0210448322 0.0387329757 0.0085204956 0.0134118818 0.0161947017 0.0093891118 0.017872381 0.0181191015 0.0033524076 0.0136647041 0.025658216 0.0123986146 0.0098544006 0.0121230381 0.020243659 0.0071228673 0.0135964387 0.0201388084 0.0143681189 0.0229040574 0.0207757649 0.0229762407 0.0195169288 0.0170002679 0.0145153998 0.0121283837 0.0221456839 0.013754544 0.0213488219 
25 0.0176665114 0.019661749 0.0129340369 0.0207213933 0.0129376688 0.0304032953 0.0084030101 0.0143895769 0.0156294587 0.024571912 0.0141774929 0.0138066031 0.0267885288 0.0200427806 0.0156941378 0.0181017779 0.027350845 0.0138513686 0.0176614003 0.0103713331 0.0092400224 0.0017487111 0.0140097469 0.0209881428 0.0012456543 0.0146234709 0.0188560396 0.0189152603 0.0146565118 0.0120247524 0.0129186056 0.0276563611 0.0215546806 0.0088091778 0.0147216166 0.0121347041 0.0110571585 0.0140368896 0.0027662636 0.0211251506 0.0183242263 0.016795369 0.0070396829 0.0129936103 0.0117705678 0.0122731358 0.0220651564 0.0112743741 0.011423484 0.0223289466 0.014959041 0.0175653102 0.0255916899 0.0221154454 0.0103968277 0.0113792936 0.0160835264 0.0146826039 0.0093959587 0.0168120108 0.0169570603 0.0292590075 0.0138800968 0.0063797735 
26 0.0106012219 0.0121928886 0.0240237862 0.0231771022 0.0235226623 0.0082921819 0.0156473239 0.0156553975 0.024891148 0.0170754343 0.0158894149 0.024043484 0.020645689 0.0255617218 0.0095316882 0.0109772801 0.0130679902 0.0014390828 0.0247207011 0.016452057 0.0104243038 0.012691582 0.0127373412 0.0241081766 0.0146234709 0.00967022 0.0064853138 0.0167542488 0.0166900087 0.024504701 0.0032925317 0.0162510304 0.0072059731 0.0176878786 0.0007663465 0.0145926652 0.0125078219 0.0126660437 0.013504778 0.0179372793 0.0119495598 0.014592923 0.0221700171 0.0059154298 0.0181854792 0.0259496286 0.0137532643 0.0200470446 0.0115440751 0.0175312409 0.0367873674 0.020147299 0.0230236633 0.0204527947 0.0168689428 0.0146775093 0.016733168 0.0101651033 0.0064512002 0.0068377391 0.0144576073 0.0244464735 0.013865723 0.010936776 
27 0.02110271 0.00884841 0.0231757074 0.0245822015 0.0175577387 0.0104310966 0.0105696436 0.0098755843 0.0105967423 0.0254162414 0.0139495576 0.0256576298 0.0120948742 0.0141389702 0.0232534327 0.0157017449 0.0199432396 0.0138638599 0.0081700285 0.0234833372 0.0252303856 0.0103625995 0.0145166373 0.0075818863 0.0188560396 0.0064853138 0.0194472846 0.0159602465 0.0091460987 0.01108865 0.0108554826 0.0146720633 0.0134502627 0.0123872606 0.009448694 0.0199940754 0.0114779748 0.0196252415 0.0145292113 0.0091474695 0.0294160874 0.0212912104 0.0246341326 0.0062073455 0.0105585009 0.0267884954 0.0073046589 0.0162969777 0.0098773345 0.0138784649 0.0267737857 0.0067752048 0.0109930748 0.0145035568 0.0150639293 0.0220303628 0.0165710412 0.0076624733 0.014009499 0.0156809351 0.01938695 0.0154118851 0.0253620919 0.016846374 
28 0.0053946937 0.0194993997 0.0129459633 0.0099208668 0.0160466397 0.020917494 0.0179794795 0.0033041471 0.0117377121 0.013257434 0.0045306841 0.0171993749 0.0044837983 0.0216953237 0.0143714982 0.0115744467 0.0126735368 0.0117514314 0.0025758402 0.0224693763 0.0181747473 0.0239097014 0.0107683985 0.0318887185 0.0189152603 0.0167542488 0.0159602465 0.0006918643 0.014808407 0.0134315449 0.0174094746 0.0211086476 0.0099428056 0.0137185246 0.014598247 0.0188728968 0.0231503681 0.0037910209 0.018691109 0.0141056225 0.0219295677 0.0078933522 0.0174995748 0.01277397 0.0087286256 0.0313518006 0.0099542874 0.0112830349 0.0070896271 0.0113518005 0.0201618462 0.0272309409 0.0079075194 0.016382894 0.0281697919 0.0173438794 0.0177796977 0.0138865762 0.0338408362 0.0132963534 0.0211277729 0.0240423844 0.0146232911 0.0293295807 
29 0.0208669572 0.0276013681 0.0137067722 0.0136124631 0.01225772 0.0119079217 0.0233265561 0.0201451131 0.0207854727 0.0072328386 0.0085804822 0.011629838 0.0114489309 0.0199786357 0.0125243931 0.0159092333 0.0098746919 0.016478877 0.0115080769 0.0234973291 0.0162685743 0.0140382437 0.0064933894 0.011002021 0.0146565118 0.0166900087 0.0091460987 0.014808407 0.0063242031 0.0193419801 0.0035852611 0.0144958213 0.018172753 0.0120981649 0.0053855157 0.0275781046 0.0200539233 0.0217797245 0.0124501059 0.0076157537 0.0251778279 0.0219392587 0.0252578245 0.0190323702 0.0119994231 0.0185039924 0.0164056022 0.0282154518 0.0181016952 0.0088687306 0.0126862496 0.0107710762 0.0191838774 0.0151011913 0.0139143053 0.0223383707 0.0181986686 0.0213991302 0.0221179404 0.0164826312 0.01310039 0.0059770531 0.0130509852 0.0173177175 
30 0.0133972755 0.0171181632 0.0165259306 0.009718005 0.0240720276 0.0120838779 0.0333887585 0.0110241184 0.0123730723 0.0091630484 0.0110467603 0.0081889483 0.0229210947 0.0113459562 0.0267039758 0.0179261452 0.0092365017 0.0170121488 0.0190195335 0.0294240932 0.0197309368 0.010091041 0.0101208085 0.0129901616 0.0120247524 0.024504701 0.01108865 0.0134315449 0.0193419801 0.0308144236 0.0084230491 0.0127183737 0.0155725649 0.0166600415 0.0141781037 0.0040884999 0.024222278 0.0166500291 0.0132354776 0.011667148 0.012289425 0.0161999982 0.0140871058 0.0274127146 0.0162576919 0.0201324458 0.0190251314 0.0093838517 0.0114433275 0.0205218412 0.0082771801 0.016274216 0.01364376 0.027523818 0.0092408786 0.0151163913 0.0123480593 0.0112545527 0.0154671755 0.0158182797 0.014003041 0.0181702757 0.0148272113 0.008037627 
31 0.0073502546 0.0165997682 0.0080673578 0.0162808677 0.024982905 0.0143120521 0.0172957417 0.0077132922 0.0123070424 0.0174527731 0.0228993677 0.0194190273 0.009593147 0.0197383412 0.0072348426 0.0235904805 0.0232765119 0.0091952704 0.0099635759 0.008551664 0.0269443644 0.0114719341 0.0119341821 0.0133282518 0.0129186056 0.0032925317 0.0108554826 0.0174094746 0.0035852611 0.0084230491 0.0368003913 0.0204519695 0.0175883106 0.0104626617 0.022030497 0.0221783375 0.0215584042 0.0099834131 0.0132613807 0.0245303786 0.0185194757 0.016416836 0.0138312841 0.015795737 0.0158050175 0.0115261724 0.0045692033 0.0110257949 0.0141505288 0.0176787395 0.0314811774 0.038090283 0.0192569621 0.0105098283 0.0264745633 0.012614343 0.0078023061 0.0094912859 0.0224836192 0.0085498246 0.0220486655 0.0136642529 0.0146642514 0.0087166834 
32 0.012147736 0.0092357197 0.0094464766 0.0129975445 0.0196703299 0.0187771739 0.0114419144 0.0217292811 0.0103879304 0.0163448697 0.0161720713 0.0193976935 0.0130913574 0.0140532983 0.013290889 0.0080486736 0.018951908 0.0271032902 0.0188343466 0.0190643942 0.0191854766 0.0138295415 0.0165076196 0.0116240441 0.0276563611 0.0162510304 0.0146720633 0.0211086476 0.0144958213 0.0127183737 0.0204519695 0.0067453999 0.009561967 0.0202918614 0.0128865641 0.0156781571 0.00457186 0.0263246428 0.0243642264 0.0182618197 0.0087916297 0.0154212694 0.0162333983 0.0234621878 0.0200143201 0.0051678841 0.0180628919 0.0078956746 0.0139845488 0.0176385587 0.0172856631 0.0127932455 0.0120025365 0.0177604113 0.0258408377 0.0104537481 0.0221226891 0.0156782558 0.008136233 0.0117292689 0.0181137488 0.0068530965 0.0175123624 0.0196711945 
33 0.0100269257 0.02605016 0.017966325 0.0164849089 0.0103515882 0.0069573652 0.0250699166 0.0404473518 0.0111463472 0.0191063582 0.0167954594 0.0114923396 0.0114359204 0.0144922724 0.0248162168 0.0209803222 0.011882285 0.0050896788 0.0109019265 0.0259404272 0.0130174705 0.011857937 0.0264613326 0.0015120564 0.0215546806 0.0072059731 0.0134502627 0.0099428056 0.018172753 0.0155725649 0.0175883106 0.009561967 0.0170251886 0.0067434145 0.0135917957 0.02241484 0.0116375937 0.014537351 0.0206628696 0.0195128517 0.0045984137 0.012384304 0.0263089245 0.0209537661 0.0104496628 0.0174194742 0.0073704128 0.01945885 0.0145388617 0.0128574036 0.0071182763 0.0150243566 0.0168925602 0.0153528514 0.0165292856 0.0148573482 0.0239122738 0.0227013419 0.0063895857 0.0220484827 0.020539404 0.0115157095 0.0183081822 0.0130121547 
34 0.0125042523 0.0169045619 0.0211427221 0.0227409763 0.0167756732 0.0157535625 0.0164335969 0.0125192507 0.0232393974 0.0189230633 0.0144306173 0.0145622433 0.0263508211 0.0147425131 0.0091252148 0.0185752455 0.0074514084 0.0206666613 0.0273479137 0.0100503332 0.0081257385 0.0106555945 0.0104776976 0.0126423808 0.0088091778 0.0176878786 0.0123872606 0.0137185246 0.0120981649 0.0166600415 0.0104626617 0.0202918614 0.0067434145 0.007521561 0.0104145168 0.0184063641 0.0106293099 0.0204927251 0.0219740424 0.0135708477 0.0189356042 0.0215699312 0.0163634414 0.0151215757 0.0117543996 0.0127842634 0.0135081825 0.0131493274 0.017317353 0.0214432942 0.023415152 0.009328646 0.0089970832 0.0196065565 0.0141026384 0.0136106309 0.0207652264 0.0192578456 0.0247113609 0.0219392945 0.0036231827 0.0232952554 0.0108987891 0.0204911731 
35 0.0119558311 0.015241445 0.0073348576 0.0186372399 0.0182238001 0.0167573828 0.0163115033 0.0188898631 0.0145489809 0.027004928 0.0121670765 0.0219531113 0.0104623291 0.026293852 0.0062085679 0.0215904346 0.0127848374 0.0171445527 0.0133941431 0.0099860586 0.0102630276 0.0220812327 0.017494731 0.0184345107 0.0147216166 0.0007663465 0.009448694 0.014598247 0.0053855157 0.0141781037 0.022030497 0.0128865641 0.0135917957 0.0104145168 0.0163828665 0.0019487009 0.0196297332 0.013498112 0.0322382214 0.0112953003 0.0155110554 0.0135113401 0.0190309568 0.0247238838 0.0180813508 0.0134402612 0.0198055998 0.0144266954 0.0254366554 0.0037206457 0.0134714322 0.0137514868 0.0075213324 0.0230042113 0.0191905473 0.0162769866 0.0210960694 0.0170002145 0.0098090022 0.0120316764 0.0165904693 0.0208273813 0.0255132597 0.0180483582 
36 0.0119982279 0.0258266573 0.0075565536 0.0185541761 0.027838363 0.0205192139 0.0126237303 0.0310869805 0.0218077287 0.0154042863 0.0223923199 0.009921743 0.0015185747 0.021444363 0.022165217 0.0181532325 0.0086115982 0.0256724726 0.0149175945 0.0123957341 0.0163874247 0.0091727557 0.016788644 0.0210448322 0.0121347041 0.0145926652 0.0199940754 0.0188728968 0.0275781046 0.0040884999 0.0221783375 0.0156781571 0.02241484 0.0184063641 0.0019487009 0.0117597501 0.0102851602 0.0159398459 0.0211980738 0.0093203453 0.0146868506 0.0177375757 0.0133523715 0.0152200065 0.0139731265 0.0115267851 0.0158235394 0.0200911075 0.0239574033 0.0106510729 0.0106900566 0.0146269021 0.0103535991 0.0155210258 0.0143192262 0.0108785354 0.0184857672 0.0157051638 0.0082066292 0.0097353574 0.0191510605 0.0149322945 0.0128277684 0.0073538302 
37 0.0261405228 0.0071178949 0.0158761026 0.0109991687 0.0225171671 0.0115754735 0.0106093952 0.0197416982 0.0152245207 0.0014054286 0.0106631642 0.0181765911 0.0184909772 0.0144928136 0.0170735559 0.0139131944 0.0114842831 0.0101616635 0.0332203216 0.0285896934 0.0187102221 0.0202117611 0.0120420286 0.0387329757 0.0110571585 0.0125078219 0.0114779748 0.0231503681 0.0200539233 0.024222278 0.0215584042 0.00457186 0.0116375937 0.0106293099 0.0196297332 0.0102851602 0.0065760091 0.018315799 0.033099211 0.0135035171 0.0162838289 0.0046545879 0.0060228821 0.0216679703 0.0106892987 0.0218041392 0.009780863 0.0165113423 0.0218164748 0.0120114686 0.0079977615 0.0178009882 0.0189612637 0.0046043301 0.0150904199 0.0078327877 0.0047751984 0.03018456 0.0143040649 0.0173948156 0.0117360764 0.0274111848 0.0137574009 0.0074595526 
38 0.0198205214 0.0170650384 0.0156832631 0.0154960593 0.0059533853 0.03038595 0.0044522939 0.0125587049 0.0092000853 0.0175818466 0.0178649959 0.0117634966 0.0204335228 0.0146099163 0.0118114834 0.0114631756 0.017169151 0.0222999421 0.0136555483 0.0124511736 0.0199921851 0.0228418231 0.0139019286 0.0085204956 0.0140368896 0.0126660437 0.0196252415 0.0037910209 0.0217797245 0.0166500291 0.0099834131 0.0263246428 0.014537351 0.0204927251 0.013498112 0.0159398459 0.018315799 0.0060029425 0.0114427509 0.0133967223 0.0161033733 0.0151616681 0.0358643864 0.0151432701 0.0137296281 0.0085373218 0.0177153608 0.0130508342 0.0129779941 0.0173788375 0.0124803068 0.0117342387 0.0171104524 0.0178153442 0.0120892121 0.0098291285 0.017867797 0.0164005999 0.0224595343 0.0131752052 0.0190296144 0.0230942709 0.0172615108 0.0185308704 
39 0.0300175801 0.0191402206 0.020049713 0.0072073035 0.0230269389 0.0091160733 0.0136376211 0.0134630436 0.0230292657 0.0138509404 0.0119013795 0.0166804256 0.0155264517 0.0183934336 0.012317614 0.0152986324 0.0133762075 0.0147299985 0.0206944841 0.0196392432 0.0044427372 0.0147759394 0.0187104279 0.0134118818 0.0027662636 0.013504778 0.0145292113 0.018691109 0.0124501059 0.0132354776 0.0132613807 0.0243642264 0.0206628696 0.0219740424 0.0322382214 0.0211980738 0.033099211 0.0114427509 0.0228661744 0.0099097067 0.0042275168 0.012423217 0.0056232907 0.0145957401 0.0137191669 0.0161743786 0.0148748445 0.0160271497 0.0111776658 0.0034591615 0.0074277859 0.0151868828 0.0191862167 0.0141872333 0.0107695192 0.0152160219 0.0265152511 0.0112017632 0.0137217772 0.0116352906 0.0181460928 0.0207324087 0.0078607086 0.0272797568 
40 0.0154211492 0.019161008 0.0222163488 0.0150469242 0.0112567012 0.0350475212 0.0166718962 0.0038588075 0.028845198 0.0052181628 0.0248117669 0.0182702524 0.0161884669 0.0231380766 0.0185916305 0.0083787035 0.0160958967 0.0212002879 0.0156939792 0.0098606525 0.0200912679 0.0265888008 0.0053846752 0.0161947017 0.0211251506 0.0179372793 0.0091474695 0.0141056225 0.0076157537 0.011667148 0.0245303786 0.0182618197 0.0195128517 0.0135708477 0.0112953003 0.0093203453 0.0135035171 0.0133967223 0.0099097067 0.0206527627 0.0099639524 0.0142815992 0.0137681177 0.0149415675 0.0213565317 0.008758512 0.0146709322 0.0097596801 0.0119934989 0.0127147113 0.0060611164 0.0045425297 0.0184810131 0.0158709697 0.0186204716 0.0202046007 0.0170433401 0.017553798 0.0083710689 0.0318661045 0.0233941432 0.0072601704 0.0185424441 0.0111935754 
41 0.0164375224 0.0218718395 0.0111307045 0.0223690402 0.0098323235 0.012051046 0.010141439 0.0176180944 0.0104354476 0.0188554081 0.0172976983 0.0176629823 0.0081207433 0.0119870394 0.0202001244 0.0086925365 0.0072733654 0.0184684315 0.0213179148 0.0244441288 0.0135899831 0.0185165017 0.0221084836 0.0093891118 0.0183242263 0.0119495598 0.0294160874 0.0219295677 0.0251778279 0.012289425 0.0185194757 0.0087916297 0.0045984137 0.0189356042 0.0155110554 0.0146868506 0.0162838289 0.0161033733 0.0042275168 0.0099639524 0.0207260494 0.0118757567 0.0158329766 0.0134621692 0.0227456501 0.0161305712 0.0090693243 0.0188156748 0.0095960428 0.0125484123 0.0095526738 0.0091033059 0.0123846134 0.0183552839 0.0197054226 0.0081675051 0.0289130293 0.0063973997 0.0212080854 0.0234566442 0.0149069688 0.0150474829 0.018414135 0.0270645175 
42 0.0215242968 0.0220566872 0.009680881 0.0091753391 0.0157721231 0.0116068364 0.0066807753 0.0150757309 0.0095584387 0.0140920545 0.005887405 0.0276196707 0.0121256012 0.0246136437 0.0176328356 0.0077314296 0.0161766895 0.0123307568 0.0159019916 0.010220153 0.013190043 0.0194629241 0.0215695733 0.017872381 0.016795369 0.014592923 0.0212912104 0.0078933522 0.0219392587 0.0161999982 0.016416836 0.0154212694 0.012384304 0.0215699312 0.0135113401 0.0177375757 0.0046545879 0.0151616681 0.012423217 0.0142815992 0.0118757567 0.0099414291 0.0162797921 0.0174015994 0.0252474771 0.0195447946 0.0153133434 0.0278193494 0.0153445275 0.0124977035 0.0177034384 0.0144656595 0.0246819377 0.0201589293 0.00692136 0.0109409636 0.0174610341 0.0068647531 0.0118428886 0.0142622591 0.0254480095 0.0136523344 0.0171608514 0.0273371079 
43 0.0111673753 0.0097993245 0.016486531 0.0095459776 0.0296350655 0.0135699626 0.0167263474 0.0031123932 0.0079794563 0.0235062524 0.0070893254 0.0132699953 0.0110674556 0.0235965593 0.0195174127 0.0057942791 0.0110002025 0.0130771547 0.0218078531 0.0082153754 0.0120679937 0.0291795073 0.0117723006 0.0181191015 0.0070396829 0.0221700171 0.0246341326 0.0174995748 0.0252578245 0.0140871058 0.0138312841 0.0162333983 0.0263089245 0.0163634414 0.0190309568 0.0133523715 0.0060228821 0.0358643864 0.0056232907 0.0137681177 0.0158329766 0.0162797921 0.020551886 0.0140070264 0.0136810178 0.0218132138 0.0111668271 0.0216930133 0.0214780394 0.021111752 0.0194466692 0.0144521406 0.0154536799 0.0185346375 0.0166060726 0.0059254972 0.0100598919 0.0156004267 0.0123743514 0.0094243682 0.0152592591 0.0173259478 0.0140077169 0.0137232032 
44 0.0130590308 0.0182713815 0.0149424821 0.017735023 0.0145839549 0.0142824214 0.0157354223 0.0132728152 0.0308525364 0.0214120386 0.005335119 0.020679148 0.0211278655 0.0095123528 0.0147520752 0.0102516746 0.0115590943 0.0101665127 0.0248383929 0.0210454312 0.0200668097 0.0145720065 0.0240284893 0.0033524076 0.0129936103 0.0059154298 0.0062073455 0.01277397 0.0190323702 0.0274127146 0.015795737 0.0234621878 0.0209537661 0.0151215757 0.0247238838 0.0152200065 0.0216679703 0.0151432701 0.0145957401 0.0149415675 0.0134621692 0.0174015994 0.0140070264 0.0165529979 0.0176908383 0.0164695565 0.0094816958 0.0134757589 0.0094764476 0.0157179775 0.00793846 0.0142393348 0.0106892793 0.0070071143 0.0153083138 0.0136330129 0.0208076134 0.0080843978 0.0237785593 0.0185365188 0.0145178409 0.0158569302 0.0132382896 0.0212326365 
45 0.0158653605 0.0144972542 0.0172044703 0.0097277136 0.0263817438 0.0068423163 0.0188288349 0.0242628097 0.0127931449 0.018207123 0.0129437546 0.0100386212 0.0078814657 0.0248123235 0.0117327787 0.0160719417 0.0102933153 0.0184804955 0.0233740917 0.0237593077 0.0182766301 0.0094394508 0.014842509 0.0136647041 0.0117705678 0.0181854792 0.0105585009 0.0087286256 0.0119994231 0.0162576919 0.0158050175 0.0200143201 0.0104496628 0.0117543996 0.0180813508 0.0139731265 0.0106892987 0.0137296281 0.0137191669 0.0213565317 0.0227456501 0.0252474771 0.0136810178 0.0176908383 0.0320689685 0.0234048486 0.0087059259 0.010107145 0.0281382906 0.0173064962 0.0137009607 0.0079858293 0.0094578996 0.0103350399 0.005551795 0.0113070976 0.0152400238 0.012328473 0.0198002147 0.0230002696 0.0184489586 0.0206192606 0.0116173128 0.014215255 
46 0.0175956476 0.0031276617 0.0189495107 0.018081536 0.0182087186 0.0217566026 0.0317483683 0.0077125357 0.0117763954 0.0131699938 0.0247982721 0.0117428012 0.0184741729 0.0125248626 0.0089370335 0.0164550233 0.0172760296 0.010069674 0.0080171426 0.0057855512 0.0139326719 0.0072954271 0.0108961975 0.025658216 0.0122731358 0.0259496286 0.0267884954 0.0313518006 0.0185039924 0.0201324458 0.0115261724 0.0051678841 0.0174194742 0.0127842634 0.0134402612 0.0115267851 0.0218041392 0.0085373218 0.0161743786 0.008758512 0.0161305712 0.0195447946 0.0218132138 0.0164695565 0.0234048486 0.0129418149 0.0148185385 0.0070671767 0.0184146316 0.0272534639 0.0183244977 0.0116308913 0.0106453072 0.0142275735 0.0145456152 0.0178114956 0.0139388553 0.0235063524 0.0125054458 0.01743196 0.0114413112 0.0199761163 0.0135098826 0.0065173489 
47 0.0116376894 0.0097035979 0.0116228688 0.0172171206 0.0148629583 0.0248211282 0.0114076022 0.0188944156 0.0026837539 0.0378836467 0.0173200839 0.0195410095 0.0218835751 0.0151234284 0.0205677389 0.0118704793 0.0038056031 0.0269124548 0.0078972148 0.0104573695 0.0061229417 0.0086480225 0.014020362 0.0123986146 0.0220651564 0.0137532643 0.0073046589 0.0099542874 0.0164056022 0.0190251314 0.0045692033 0.0180628919 0.0073704128 0.0135081825 0.0198055998 0.0158235394 0.009780863 0.0177153608 0.0148748445 0.0146709322 0.0090693243 0.0153133434 0.0111668271 0.0094816958 0.0087059259 0.0148185385 0.0288743567 0.0088738909 0.0145516019 0.0193356073 0.0107409843 0.0246974013 0.0268845377 0.0197603639 0.0320997806 0.0194344572 0.0146113006 0.022596291 0.0233797381 0.0099146913 0.0128281481 0.0221808714 0.0249589056 0.0137278067 
48 0.0101180429 0.0169395454 0.0239086271 0.0219396935 0.0162301111 0.0145463396 0.0095938532 0.0113416238 0.0219437207 0.0099285831 0.0185015361 0.015662162 0.0243599515 0.0260852117 0.0190714152 0.0087570696 0.0030605182 0.0211220313 0.0079540957 0.0145448963 0.0176302846 0.0165704198 0.0212610283 0.0098544006 0.0112743741 0.0200470446 0.0162969777 0.0112830349 0.0282154518 0.0093838517 0.0110257949 0.0078956746 0.01945885 0.0131493274 0.0144266954 0.0200911075 0.0165113423 0.0130508342 0.0160271497 0.0097596801 0.0188156748 0.0278193494 0.0216930133 0.0134757589 0.010107145 0.0070671767 0.0088738909 0.0075841438 0.0148690786 0.0197511857 0.017782332 0.0154841959 0.0121703856 0.0092164858 0.0265600117 0.0229246261 0.0128161815 0.0194321917 0.0150652003 0.0215890488 0.0180213919 0.0130358772 0.0176819777 0.0093413242 
