64
1 0.0161117747 0.0163791055 0.0113500034 0.0136663856 0.0153312357 0.0129073075 0.0149572241 0.0150684163 0.0049793888 0.0135388882 0.0121546599 0.0093246002 0.0115089341 0.0102137976 0.0145401708 0.0282560175 0.0079089711 0.0107128822 0.0211706101 0.0149939952 0.026504064 0.0309885998 0.0153866831 0.008827407 0.009216455 0.0160797661 0.0188307273 0.0071742837 0.0133637479 0.014577728 0.0112988811 0.0199562645 0.0114474832 0.0113191092 0.0140047598 0.0186477924 0.0158663558 0.0141651255 0.0173379888 0.0101848789 0.008764138 0.020329093 0.020535998 0.0126121396 0.0260146288 0.0098449821 0.0269189993 0.021429931 0.0169539266 0.0276779966 0.0181689396 0.0290501648 0.0201571492 0.0105707401 0.0103268937 0.0139347641 0.0182155426 0.0164530726 0.0274637705 0.0197016446 0.0054838691 0.0124781901 0.0109808312 0.015680125 
2 0.0163791055 0.0185706019 0.0064643506 0.0315163437 0.0091062968 0.0147406192 0.0112277715 0.0132422195 0.0097143532 0.0086139013 0.0046361417 0.0235066986 0.0134807289 0.0168656349 0.0096311512 0.0157992093 0.0270173093 0.0040790732 0.0181382659 0.0114402098 0.0077436015 0.0225334847 0.0175504938 0.0180908543 0.0115568691 0.0231550855 0.010075345 0.0222207854 0.008156094 0.0167886211 0.0124438424 0.0081350202 0.0112239304 0.0157118353 0.0096867824 0.0154326783 0.0149549575 0.0045794772 0.0215262054 0.0166296755 0.0138739943 0.0156326443 0.0207597644 0.026803762 0.0096314567 0.0264854293 0.0125331803 0.0194153891 0.0219401694 0.0108967897 0.0175733339 0.017420138 0.0164539473 0.0250761407 0.0251874491 0.0108709317 0.0251150007 0.0170969624 0.0145333659 0.0198443081 0.0159890741 0.0184777002 0.0086661024 0.0173573411 
3 0.0113500034 0.0064643506 0.0203754009 0.0183546077 0.0028315291 0.0176455751 0.0322400317 0.0110541836 0.0115060755 0.00649953 0.028911746 0.0115193526 0.0133617225 0.014524484 0.0094673543 0.0111972881 0.0101833245 0.0090028861 0.0168124492 0.0199657711 0.0061037439 0.0158564697 0.0186019734 0.0221893771 0.0123567916 0.0198326767 0.0153237063 0.0186071549 0.0057976538 0.0222243507 0.0095379225 0.0153696805 0.0161461315 0.0096772485 0.0166382059 0.0230506614 0.0190972505 0.0310596967 0.0161105862 0.0141391384 0.0168320834 0.0240284279 0.0128997423 0.0115742403 0.0160753296 0.0175168434 0.0085362427 0.0169406769 0.0227943166 0.0152218399 0.0204346799 0.0111372305 0.0202698917 0.0189766329 0.0169049694 0.0198279292 0.0140997674 0.0190657228 0.0040345008 0.0153003966 0.0148030371 0.013716915 0.0102101332 0.0278103644 
4 0.0136663856 0.0315163437 0.0183546077 0.0262773037 0.0192242486 0.0092058833 0.0214164417 0.0088683064 0.0222746382 0.0148286526 0.0195285473 0.0129216337 0.017081413 0.0243056305 0.012767122 0.0070561882 0.0220879034 0.012940023 0.032649765 0.0126210115 0.0168209055 0.0083802352 0.0122176287 0.0183461875 0.0210946853 0.011435649 0.0076414496 0.0160529563 0.0126206317 0.0100846372 0.0200687682 0.0203545965 0.011498497 0.0085693524 0.017231551 0.018620258 0.0191458665 0.0142403964 0.0147543844 0.0054467206 0.0116324541 0.0171674512 0.0177780986 0.0152276107 0.016265689 0.0132227687 0.0171359388 0.0071377976 0.0171883927 0.0083936487 0.0169633156 0.029090879 0.0150989243 0.01321502 0.0119993151 0.019734719 0.018927922 0.0160112337 0.0143201529 0.0129375554 0.0142968564 0.0165924352 0.0062749183 0.009169497 
5 0.0153312357 0.0091062968 0.0028315291 0.0192242486 0.0263842448 0.014567796 0.0045967204 0.0140159364 0.0191867432 0.0061634392 0.0245152314 0.0129080492 0.0145126809 0.0204081162 0.0120742899 0.0298370125 0.0164469804 0.0066166723 0.0048485262 0.009618454 0.0101895905 0.0150933497 0.0129257323 0.0158224266 0.0144709342 0.0093784694 0.0153702568 0.0171764879 0.019310836 0.0198948233 0.0241508204 0.0192363694 0.0077127043 0.0164733232 0.0249894897 0.0279882804 0.0127519795 0.0011739742 0.0192212785 0.0141652417 0.0109617458 0.0098159708 0.0177981147 0.0142058735 0.0226208356 0.0190949878 0.0157885035 0.0148571415 0.0092740743 0.0284860097 0.021097015 0.0204663439 0.0232116259 0.0193999346 0.0105505409 0.0106656328 0.0162562973 0.01154594 0.0191403022 0.0132250067 0.0170067545 0.0135428815 0.0195474592 0.020750437 
6 0.0129073075 0.0147406192 0.0176455751 0.0092058833 0.014567796 0.0059755182 0.0174027036 0.0208286488 0.0148832335 0.0103700144 0.0205475879 0.0308389451 0.0174275212 0.0193777443 0.0184682675 0.023248707 0.0208785277 0.0102264919 0.0189026127 0.0121633926 0.0093876075 0.009331928 0.018879639 0.0166998865 0.0220399235 0.0279551836 0.0164156728 0.0122934503 0.0226561466 0.0080171103 0.0137360936 0.0169468808 0.0181344296 0.0134285478 0.0078805036 0.0116100278 0.0148712019 0.0142648792 0.0057034001 0.0108287227 0.0131277796 0.018339616 0.0226931317 0.0141683544 0.0062940923 0.0147755962 0.0197096156 0.0055889713 0.0141410503 0.0199780993 0.0133278034 0.0068820611 0.0231614643 0.007404531 0.0115235879 0.011933727 0.0139494751 0.019870445 0.0133651098 0.025197761 0.0234880665 0.0234646973 0.016081523 0.0198451083 
7 0.0149572241 0.0112277715 0.0322400317 0.0214164417 0.0045967204 0.0174027036 0.0082361042 0.0149528873 0.0127050655 0.034484722 0.0137036452 0.0151067915 0.0232047688 0.0204156012 0.0119171626 0.0125334777 0.0089945171 0.0112706595 0.0155462322 0.024991303 0.0110996924 0.0174772573 0.0301943608 0.0130882707 0.0238538073 0.0108260171 0.0086914698 0.0166263011 0.0113219545 0.0063450628 0.0110713042 0.0118083239 0.0098007142 0.0093633044 0.024709503 0.02268486 0.0023972884 0.0094037389 0.0191298814 0.019913951 0.0267674641 0.0102050168 0.0207253604 0.010678445 0.0316930465 0.0114225421 0.0131283915 0.0147476067 0.0088423656 0.0156292613 0.0082440214 0.0119720692 0.0209482298 0.0115162655 0.0180528305 0.0173242974 0.0214232898 0.0134731906 0.0077869697 0.0168382363 0.0212188217 0.0210085623 0.0139021743 0.0127406477 
8 0.0150684163 0.0132422195 0.0110541836 0.0088683064 0.0140159364 0.0208286488 0.0149528873 0.0072353717 0.0159927606 0.0125386413 0.0154737898 0.0273123906 0.0030892918 0.0124219739 0.0173725113 0.0142902538 0.0094609978 0.0201610231 0.0021792631 0.0088878308 0.0185464135 0.0269616736 0.0111232723 0.0156520026 0.0296524323 0.0049690138 0.0106804631 0.0132379502 0.0180069317 0.015876167 0.0102730996 0.0285068743 0.0260660297 0.0135969686 0.0223592937 0.0226339945 0.016741203 0.0157405869 0.0143842098 0.017171589 0.0173056532 0.0176969414 0.0051140922 0.0033945369 0.0256519463 0.0188192277 0.011317929 0.0232008837 0.0304093888 0.0113846369 0.026947181 0.0172988649 0.0153453651 0.0098055404 0.0298066567 0.0230854389 0.0186891077 0.0074093148 0.0105350039 0.0116516102 0.0098507742 0.0134121278 0.0084465833 0.0167943283 
9 0.0049793888 0.0097143532 0.0115060755 0.0222746382 0.0191867432 0.0148832335 0.0127050655 0.0159927606 0.0271276717 0.0081992968 0.006291385 0.0293507861 0.017302097 0.013885561 0.0273702362 0.0157400806 0.0217057321 0.0170719777 0.0188345875 0.016219259 0.0116249341 0.0162169025 0.0138386876 0.0199385966 0.0076253488 0.0254948777 0.0154984237 0.0083702921 0.0160233139 0.0146425051 0.0176124497 0.0197641378 0.011689205 0.0176584224 0.0114597139 0.0183115759 0.0215937082 0.0228178303 0.0134686446 0.0041370014 0.016274105 0.0092973555 0.019029256 0.0195827141 0.0207591432 0.0332223623 0.0129921347 0.0135994775 0.0119901772 0.0161437741 0.0188552425 0.0051843236 0.0156366656 0.0082764407 0.0235965457 0.0206667908 0.01075996 0.0177001425 0.0117891329 0.0209869662 0.0090680832 0.0053959219 0.0098195197 0.0112462645 
10 0.0135388882 0.0086139013 0.00649953 0.0148286526 0.0061634392 0.0103700144 0.034484722 0.0125386413 0.0081992968 0.0225734462 0.0326193231 0.0101897571 0.0197597056 0.0179238081 0.0088144582 0.0161051048 0.0143362392 0.0061498652 0.0267297517 0.0151118812 0.0087252677 0.0214340453 0.0213139476 0.0130397679 0.010867681 0.0109387481 0.0114429207 0.0139622638 0.0228596532 0.0069489116 0.0269406677 0.023815701 0.009248219 0.0171858703 0.0089439335 0.0132085497 0.0174530618 0.0073924068 0.016527866 0.0218146136 0.0124148068 0.0219189054 0.010805819 0.0099133548 0.0175093406 0.0170825679 0.0195445724 0.0176701068 0.0158382401 0.0207773612 0.0203226682 0.0190943959 0.0145776225 0.0118819269 0.0143389583 0.0154287759 0.0172774355 0.0124610338 0.018135631 0.005301504 0.0234083444 0.0210185468 0.0185181608 0.0151453984 
11 0.0121546599 0.0046361417 0.028911746 0.0195285473 0.0245152314 0.0205475879 0.0137036452 0.0154737898 0.006291385 0.0326193231 0.0111860159 0.0174986547 0.0169650864 0.0094071739 0.017861238 0.0192520648 0.0178113806 0.0082668172 0.0193069765 0.0232991798 0.0200739262 0.0107061885 0.0148427862 0.0149923213 0.0234491177 0.0 0.0129225134 0.0120441124 0.0160530243 0.0178838928 0.0147538889 0.0120399209 0.0177057779 0.0094085321 0.0168677778 0.0132512359 0.0222901588 0.0262221553 0.024662084 0.0203974716 0.0150192375 0.0183389226 0.0119035721 0.016244859 0.0203742735 0.0083259718 0.0334949576 0.0071578431 0.0110308743 0.0229387413 0.0071497568 0.0245431747 0.027552816 0.0138871254 0.0062092914 0.0127409186 0.0159114304 0.0130715454 0.013743771 0.0098776632 0.0057841699 0.0068044451 0.0092990205 0.0087920876 
12 0.0093246002 0.0235066986 0.0115193526 0.0129216337 0.0129080492 0.0308389451 0.0151067915 0.0273123906 0.0293507861 0.0101897571 0.0174986547 0.0052406689 0.0125527187 0.0064121316 0.0174955183 0.0167638707 0.0191720252 0.0090351034 0.0106318959 0.0095885497 0.0176654182 0.0142897497 0.013377781 0.0130485693 0.016390099 0.0232683644 0.0099778801 0.0069783084 0.0060686292 0.0072568524 0.0127126269 0.0144275002 0.0116731144 0.0164434681 0.0244618738 0.0118648472 0.0329733042 0.0294587874 0.0153076577 0.0159295356 0.0145952504 0.0205879478 0.0140710844 0.0157432546 0.0298981002 0.0163356607 0.0139077746 0.0169891658 0.0095238911 0.0172392942 0.013607679 0.0111349316 0.0250452303 0.0113958812 0.0158314075 0.0178457279 0.0126332529 0.0215133577 0.0077492413 0.0122703363 0.0233527246 0.0153589692 0.0111688727 0.0112564548 
13 0.0115089341 0.0134807289 0.0133617225 0.017081413 0.0145126809 0.0174275212 0.0232047688 0.0030892918 0.017302097 0.0197597056 0.0169650864 0.0125527187 0.0070216009 0.0241330078 0.017145449 0.0151970977 0.0029245144 0.0062860026 0.0136134144 0.0168258081 0.0071666056 0.006278834 0.0274862622 0.0180368221 0.0129319193 0.0151026857 0.0072150506 0.0288699435 0.0127915149 0.0232270068 0.0123618833 0.0155100194 0.0108814225 0.0264071185 0.0054302451 0.0163884728 0.0186162831 0.0203353083 0.0144987157 0.0025202495 0.0097390665 0.0209050199 0.0131625449 0.0293367575 0.0195874706 0.0093635748 0.0222889015 0.0162543024 0.0153620529 0.0159408689 0.0203628676 0.0231559193 0.0185225403 0.015640756 0.0150923619 0.0253071725 0.0264431337 0.0056953748 0.0085920717 0.0239454974 0.0031990294 0.0211684534 0.0240652731 0.011419062 
14 0.0102137976 0.0168656349 0.014524484 0.0243056305 0.0204081162 0.0193777443 0.0204156012 0.0124219739 0.013885561 0.0179238081 0.0094071739 0.0064121316 0.0241330078 0.0112885996 0.0188356967 0.0136391448 0.0223058891 0.020253003 0.0144495394 0.0176693425 0.008250033 0.0205365021 0.0127638582 0.0148071566 0.0263056999 0.0088115125 0.0109030833 0.0151273845 0.023822935 0.0087617838 0.003176449 0.0212592069 0.0119080499 0.018687345 0.0094707805 0.0155102651 0.0162452371 0.0161738381 0.0212889964 0.0241367014 0.0041704256 0.0260252902 0.0212089296 0.0100952 0.013768251 0.0214225938 0.0136885822 0.0202013743 0.0048530305 0.0121911589 0.0284179597 0.0107495099 0.004319033 0.0112674043 0.0197957664 0.0091147934 0.0109652534 0.0237263182 0.0277849058 0.007395215 0.0094908536 0.014841204 0.018953345 0.0188709036 
15 0.0145401708 0.0096311512 0.0094673543 0.012767122 0.0120742899 0.0184682675 0.0119171626 0.0173725113 0.0273702362 0.0088144582 0.017861238 0.0174955183 0.017145449 0.0188356967 0.0131900911 0.0219902193 0.0094220214 0.0207133395 0.0137399478 0.0070917363 0.0140726208 0.0140134402 0.0289724431 0.0129186809 0.0160259156 0.0205297807 0.0131391197 0.0187215415 0.0121979523 0.0180668171 0.0184631651 0.019556913 0.0240943385 0.0117399094 0.0119282015 0.0156267737 0.0164339458 0.0118137022 0.0063560997 0.0122051191 0.0092375627 0.0104050574 0.0267756734 0.0160581208 0.0133544229 0.0087569107 0.0112882563 0.0114302022 0.0110933541 0.0258158091 0.0136626117 0.0221833776 0.0151371095 0.0221767165 0.0057149069 0.0056678119 0.012127919 0.0144240928 0.0209044621 0.0131303928 0.0119384971 0.0177606522 0.0361920854 0.0279795338 
16 0.0282560175 0.0157992093 0.0111972881 0.0070561882 0.0298370125 0.023248707 0.0125334777 0.0142902538 0.0157400806 0.0161051048 0.0192520648 0.0167638707 0.0151970977 0.0136391448 0.0219902193 0.0230218101 0.0099875788 0.0111460678 0.0121463645 0.0102170443 0.0118853938 0.0038458235 0.0079963171 0.0162896489 0.0093214694 0.0103491067 0.0128122744 0.0066095654 0.0111377314 0.0210326305 0.0123265432 0.0193368649 0.0094208792 0.0204852427 0.0244029205 0.0150680799 0.0171169952 0.0171483757 0.0142017468 0.0109899465 0.0248070463 0.0162017294 0.01269653 0.0285721201 0.0048658496 0.02140362 0.0270215118 0.0205688027 0.0183514927 0.02233979 0.0151110741 0.0192376176 0.0213727401 0.020887823 0.0163006017 0.0186672517 0.0168064384 0.0085784016 0.010878036 0.0090776138 0.0094150129 0.0165764772 0.0128505855 0.0082096757 
17 0.0079089711 0.0270173093 0.0101833245 0.0220879034 0.0164469804 0.0208785277 0.0089945171 0.0094609978 0.0217057321 0.0143362392 0.0178113806 0.0191720252 0.0029245144 0.0223058891 0.0094220214 0.0099875788 0.0143486659 0.0270239193 0.0076716216 0.0239350196 0.0055152459 0.0118592087 0.0132732726 0.0137898623 0.0130620172 0.0178281342 0.0256855714 0.0168394875 0.00925591 0.0146249578 0.0115402814 0.0226020823 0.0188935513 0.0115535966 0.0191450609 0.0195303733 0.0205539868 0.011775446 0.0181656315 0.0235254202 0.0156063233 0.0196062047 0.0108481243 0.0309488979 0.0093778534 0.0280151253 0.0102560495 0.0064372964 0.0083095642 0.0140345472 0.0114954846 0.0130149009 0.0099803943 0.0182574361 0.0145471743 0.0182261805 0.0171766562 0.0023375428 0.0180202529 0.0182255191 0.0158989097 0.0191841758 0.0221947796 0.0153583707 
18 0.0107128822 0.0040790732 0.0090028861 0.012940023 0.0066166723 0.0102264919 0.0112706595 0.0201610231 0.0170719777 0.0061498652 0.0082668172 0.0090351034 0.0062860026 0.020253003 0.0207133395 0.0111460678 0.0270239193 0.0152200709 0.0117239395 0.0127052705 0.0104964261 0.0152549274 0.0228929506 0.031417708 0.0160750229 0.0114708554 0.0259164779 0.0125473078 0.0205976419 0.0369050141 0.0064659306 0.0161930313 0.0145927385 0.0269992701 0.0126370687 0.02020406 0.0152644715 0.0171030406 0.0067340895 0.0175742848 0.015859751 0.0317602812 0.0177752371 0.0131783041 0.0236327522 0.0143352057 0.0228380037 0.0173980456 0.0111971918 0.0032511498 0.0087576684 0.0037919003 0.0153399791 0.0082295985 0.0200508872 0.0134635614 0.0084118918 0.0231163798 0.0276375672 0.019941069 0.0196944653 0.0190802539 0.0157519067 0.0175595437 
19 0.0211706101 0.0181382659 0.0168124492 0.032649765 0.0048485262 0.0189026127 0.0155462322 0.0021792631 0.0188345875 0.0267297517 0.0193069765 0.0106318959 0.0136134144 0.0144495394 0.0137399478 0.0121463645 0.0076716216 0.0117239395 0.0137056372 0.0180818524 0.0164792563 0.0109831673 0.0024500087 0.0151458215 0.0149514454 0.023789138 0.0216188358 0.0179849622 0.0101352195 0.0120741699 0.0102234987 0.0239036047 0.0139730868 0.021552659 0.0144376412 0.0130359618 0.0116600482 0.0139978756 0.0209317212 0.0155734643 0.0123132111 0.010255034 0.0197209967 0.0166544935 0.0052557421 0.0048475279 0.0117874418 0.0173271582 0.0278257746 0.0100641563 0.0105838664 0.0237242613 0.0140793413 0.0181234604 0.0173604418 0.0182797569 0.0169913908 0.0187743156 0.0322597384 0.0104707803 0.0119124749 0.023360185 0.0164323038 0.0158113083 
20 0.0149939952 0.0114402098 0.0199657711 0.0126210115 0.009618454 0.0121633926 0.024991303 0.0088878308 0.016219259 0.0151118812 0.0232991798 0.0095885497 0.0168258081 0.0176693425 0.0070917363 0.0102170443 0.0239350196 0.0127052705 0.0180818524 0.0149098056 0.0145763772 0.0264668929 0.0181110037 0.0056770038 0.0076360612 0.0150618286 0.0187517394 0.0155189659 0.0185765379 0.01609438 0.0199201725 0.0130777346 0.0174928547 0.0262861387 0.0153197058 0.010250629 0.0130333402 0.0060180686 0.0145638422 0.0146883539 0.0094381108 0.0086852843 0.0094808154 0.0100932701 0.009875456 0.0228381199 0.0078920701 0.0240999538 0.0294531762 0.0178249901 0.0225296615 0.0233262147 0.0134001734 0.0284264153 0.0135295115 0.010807962 0.014514204 0.0143393673 0.0088301827 0.0099912124 0.0173171441 0.017930187 0.0246432508 0.0232749188 
21 0.026504064 0.0077436015 0.0061037439 0.0168209055 0.0101895905 0.0093876075 0.0110996924 0.0185464135 0.0116249341 0.0087252677 0.0200739262 0.0176654182 0.0071666056 0.008250033 0.0140726208 0.0118853938 0.0055152459 0.0104964261 0.0164792563 0.0145763772 0.0190637926 0.0231545074 0.0137212696 0.0158833405 0.0203092154 0.0239665885 0.0080128992 0.0119538432 0.0222623668 0.013256658 0.0164549037 0.0083509018 0.0160687331 0.0128859812 0.0230550644 0.0168817513 0.0099360324 0.0199565514 0.0190545274 0.0233807588 0.0131192097 0.0155316812 0.0073817266 0.028136348 0.0150022144 0.0247980352 0.0174912024 0.0180673506 0.0081334299 0.0073554995 0.0193516819 0.015501485 0.0137467516 0.029901545 0.0203041789 0.0241004665 0.0109800209 0.0236802969 0.0221712597 0.014176258 0.0228814202 0.0116605472 0.0177304181 0.0082601621 
22 0.0309885998 0.0225334847 0.0158564697 0.0083802352 0.0150933497 0.009331928 0.0174772573 0.0269616736 0.0162169025 0.0214340453 0.0107061885 0.0142897497 0.006278834 0.0205365021 0.0140134402 0.0038458235 0.0118592087 0.0152549274 0.0109831673 0.0264668929 0.0231545074 0.0113474567 0.0144021519 0.0122849402 0.0124644054 0.0261134397 0.0060473224 0.0096192128 0.0066251458 0.0109332262 0.0118119548 0.0112082962 0.0106684816 0.0192438856 0.0120994437 0.0179127697 0.0160691769 0.0179811937 0.0153527712 0.0317339809 0.0124607023 0.0145546679 0.012715453 0.0189753245 0.0143654953 0.0080339095 0.0096134252 0.016940536 0.0124291769 0.0192690722 0.0057200772 0.0136239066 0.0201865966 0.0139554765 0.0127649672 0.0229385488 0.0190041394 0.0271263801 0.0230651454 0.0169453998 0.0116117314 0.0276048233 0.0164416143 0.0140709876 
23 0.0153866831 0.0175504938 0.0186019734 0.0122176287 0.0129257323 0.018879639 0.0301943608 0.0111232723 0.0138386876 0.0213139476 0.0148427862 0.013377781 0.0274862622 0.0127638582 0.0289724431 0.0079963171 0.0132732726 0.0228929506 0.0024500087 0.0181110037 0.0137212696 0.0144021519 0.009504431 0.0179352472 0.0114175075 0.0112311421 0.0144699723 0.0164085085 0.0064483019 0.0133395469 0.0115809443 0.0184691005 0.0107175531 0.0134793786 0.0178609484 0.0179809792 0.01913931 0.023259622 0.0219233731 0.017345922 0.0283050023 0.0246738375 0.007620591 0.0072405632 0.0220885163 0.0142454658 0.0183433066 0.0204860497 0.008920033 0.0093821698 0.0131889575 0.0095173129 0.0112949177 0.0189069321 0.0193292674 0.0211497615 0.0098969055 0.0142046897 0.0099425792 0.0164771475 0.0177612433 0.0177553954 0.0079086816 0.0165263612 
24 0.008827407 0.0180908543 0.0221893771 0.0183461875 0.0158224266 0.0166998865 0.0130882707 0.0156520026 0.0199385966 0.0130397679 0.0149923213 0.0130485693 0.0180368221 0.0148071566 0.0129186809 0.0162896489 0.0137898623 0.031417708 0.0151458215 0.0056770038 0.0158833405 0.0122849402 0.0179352472 0.0101570614 0.0215653926 0.0131920095 0.0151606451 0.0153915433 0.013996742 0.0131812866 0.0260015068 0.0184123563 0.0163237824 0.0121068697 0.0175219804 0.0108208497 0.0107519098 0.0080014761 0.0127622016 0.0135747821 0.0093975097 0.0151915908 0.0199862822 0.0005528914 0.0119733944 0.0199936732 0.0047888451 0.0205262659 0.0143411748 0.0211406095 0.0216585653 0.0157731862 0.0100835733 0.0167663609 0.016176567 0.0119383729 0.0288351041 0.0216857021 0.0112453108 0.0146084662 0.0229799838 0.0138522786 0.0276792812 0.0159807156 
25 0.009216455 0.0115568691 0.0123567916 0.0210946853 0.0144709342 0.0220399235 0.0238538073 0.0296524323 0.0076253488 0.010867681 0.0234491177 0.016390099 0.0129319193 0.0263056999 0.0160259156 0.0093214694 0.0130620172 0.0160750229 0.0149514454 0.0076360612 0.0203092154 0.0124644054 0.0114175075 0.0215653926 0.0128996373 0.0220572621 0.0092131075 0.0155362511 0.0153147396 0.0090709515 0.0189301391 0.0090842267 0.010815629 0.0206949976 0.020682133 0.020416882 0.027609734 0.0078759163 0.01649116 0.0000314187000000000 0.0226348157 0.0069907723 0.0129830589 0.0111632624 0.0221957018 0.0109084 0.0143364713 0.0222997452 0.0117676464 0.0218610946 0.0166251245 0.0169251338 0.0339171218 0.012912986 0.0149696826 0.0189927035 0.0159155109 0.0130386266 0.004802894 0.0161582309 0.0208633612 0.01181423 0.0088049792 0.0157540445 
26 0.0160797661 0.0231550855 0.0198326767 0.011435649 0.0093784694 0.0279551836 0.0108260171 0.0049690138 0.0254948777 0.0109387481 0.0 0.0232683644 0.0151026857 0.0088115125 0.0205297807 0.0103491067 0.0178281342 0.0114708554 0.023789138 0.0150618286 0.0239665885 0.0261134397 0.0112311421 0.0131920095 0.0220572621 0.0176682045 0.0170209616 0.0106734725 0.0155685427 0.0166772812 0.0103571296 0.015154496 0.0288863567 0.007665055 0.0077120061 0.0133604978 0.0101883732 0.0020972588 0.0218671693 0.0096671099 0.0138762068 0.0120024216 0.01818925 0.0153975552 0.0156286348 0.0129119583 0.0129582176 0.0103307992 0.0181302879 0.0203258087 0.0208751526 0.0240241563 0.0090539592 0.0179553945 0.0169723169 0.0076646807 0.0068259534 0.0061419747 0.0146981723 0.01984996 0.0172803117 0.0519986389 0.0103514119 0.0191555267 
27 0.0188307273 0.010075345 0.0153237063 0.0076414496 0.0153702568 0.0164156728 0.0086914698 0.0106804631 0.0154984237 0.0114429207 0.0129225134 0.0099778801 0.0072150506 0.0109030833 0.0131391197 0.0128122744 0.0256855714 0.0259164779 0.0216188358 0.0187517394 0.0080128992 0.0060473224 0.0144699723 0.0151606451 0.0092131075 0.0170209616 0.0060055447 0.0151642134 0.0307051949 0.0212151574 0.0107279594 0.0158728409 0.0107168949 0.0182393588 0.0123004711 0.0140064967 0.0140825659 0.0226552178 0.007668951 0.0118623893 0.0203718674 0.0133162918 0.0144250101 0.0224159511 0.0176211713 0.0101448906 0.0167647947 0.0155353227 0.0240536864 0.0058963225 0.0264106899 0.0152512776 0.0164737591 0.0184301343 0.0299228909 0.0092373564 0.0273788742 0.0105490123 0.0099879385 0.0202091372 0.0257064504 0.0174443555 0.0143753652 0.0280163042 
28 0.0071742837 0.0222207854 0.0186071549 0.0160529563 0.0171764879 0.0122934503 0.0166263011 0.0132379502 0.0083702921 0.0139622638 0.0120441124 0.0069783084 0.0288699435 0.0151273845 0.0187215415 0.0066095654 0.0168394875 0.0125473078 0.0179849622 0.0155189659 0.0119538432 0.0096192128 0.0164085085 0.0153915433 0.0155362511 0.0106734725 0.0151642134 0.0288617481 0.0300772387 0.0188165347 0.0205904383 0.0364479761 0.0259128538 0.0186318351 0.0131105708 0.0194387838 0.0188979387 0.0195694848 0.0172216096 0.0132643589 0.0122657808 0.0178326848 0.0110252587 0.0104420187 0.030528059 0.0147260058 0.0095276124 0.0076311354 0.0168183564 0.0039844852 0.0107447686 0.0172630274 0.0051659843 0.0073688915 0.0143759391 0.0108704458 0.0128411513 0.0250663567 0.0118785878 0.0095867713 0.0173034092 0.0093929828 0.0249842123 0.0158241542 
29 0.0133637479 0.008156094 0.0057976538 0.0126206317 0.019310836 0.0226561466 0.0113219545 0.0180069317 0.0160233139 0.0228596532 0.0160530243 0.0060686292 0.0127915149 0.023822935 0.0121979523 0.0111377314 0.00925591 0.0205976419 0.0101352195 0.0185765379 0.0222623668 0.0066251458 0.0064483019 0.013996742 0.0153147396 0.0155685427 0.0307051949 0.0300772387 0.0034313876 0.0124847059 0.0092725913 0.0161364883 0.0159676321 0.0232564536 0.0256448581 0.002294552 0.0128154624 0.0105576972 0.0249127118 0.0208543328 0.0251041454 0.0163198786 0.0209117778 0.0058523034 0.0096692493 0.0117782203 0.0335563885 0.019321378 0.0212886985 0.0061764143 0.0144441462 0.0038001454 0.019359688 0.0236949 0.0167824164 0.0104872115 0.0136589441 0.012158582 0.0293934348 0.0078296976 0.0157567591 0.0190260641 0.0254479305 0.0088004214 
30 0.014577728 0.0167886211 0.0222243507 0.0100846372 0.0198948233 0.0080171103 0.0063450628 0.015876167 0.0146425051 0.0069489116 0.0178838928 0.0072568524 0.0232270068 0.0087617838 0.0180668171 0.0210326305 0.0146249578 0.0369050141 0.0120741699 0.01609438 0.013256658 0.0109332262 0.0133395469 0.0131812866 0.0090709515 0.0166772812 0.0212151574 0.0188165347 0.0124847059 0.0243411999 0.0115630722 0.0139034094 0.0076540315 0.0207380446 0.0099816887 0.0029497357 0.0205440202 0.0137882185 0.0127649917 0.0219166522 0.0122516041 0.0229210107 0.0191852909 0.0122489715 0.0105410563 0.0158044146 0.0273991042 0.0098520183 0.0169151041 0.0198234391 0.0099576688 0.0268929633 0.0102789598 0.0138689964 0.0145571801 0.0194158906 0.0158217334 0.0111960717 0.020104673 0.0172143704 0.0229443253 0.0122030975 0.0176112375 0.0205429835 
31 0.0112988811 0.0124438424 0.0095379225 0.0200687682 0.0241508204 0.0137360936 0.0110713042 0.0102730996 0.0176124497 0.0269406677 0.0147538889 0.0127126269 0.0123618833 0.003176449 0.0184631651 0.0123265432 0.0115402814 0.0064659306 0.0102234987 0.0199201725 0.0164549037 0.0118119548 0.0115809443 0.0260015068 0.0189301391 0.0103571296 0.0107279594 0.0205904383 0.0092725913 0.0115630722 0.0289593286 0.0195240575 0.0187631389 0.02141055 0.0182671919 0.0126545372 0.0165589909 0.0066258362 0.0234927531 0.0242618347 0.0230202651 0.0092317437 0.0064749459 0.0174832762 0.0218834431 0.0141579418 0.0169725342 0.0146376163 0.023743975 0.0124388106 0.0158485005 0.0132821868 0.0220580566 0.0184036265 0.0102367554 0.015582352 0.0165134603 0.0259852648 0.0093943052 0.0116642586 0.0165231639 0.0100278248 0.02384856 0.0136999851 
32 0.0199562645 0.0081350202 0.0153696805 0.0203545965 0.0192363694 0.0169468808 0.0118083239 0.0285068743 0.0197641378 0.023815701 0.0120399209 0.0144275002 0.0155100194 0.0212592069 0.019556913 0.0193368649 0.0226020823 0.0161930313 0.0239036047 0.0130777346 0.0083509018 0.0112082962 0.0184691005 0.0184123563 0.0090842267 0.015154496 0.0158728409 0.0364479761 0.0161364883 0.0139034094 0.0195240575 0.0068377193 0.0187979001 0.0141488146 0.0053282392 0.0082821796 0.0085622673 0.0087863503 0.0262026189 0.0043051393 0.0156922774 0.0145231952 0.0143732118 0.0188341414 0.0127670519 0.0089096421 0.0070461073 0.0082301647 0.0110694378 0.0072646218 0.0151518905 0.0167041722 0.0157555687 0.0175651765 0.016355279 0.0264717401 0.0151309801 0.0144760669 0.018098144 0.0191236112 0.0174779047 0.0185948892 0.0145644492 0.0102041711 
33 0.0114474832 0.0112239304 0.0161461315 0.011498497 0.0077127043 0.0181344296 0.0098007142 0.0260660297 0.011689205 0.009248219 0.0177057779 0.0116731144 0.0108814225 0.0119080499 0.0240943385 0.0094208792 0.0188935513 0.0145927385 0.0139730868 0.0174928547 0.0160687331 0.0106684816 0.0107175531 0.0163237824 0.010815629 0.0288863567 0.0107168949 0.0259128538 0.0159676321 0.0076540315 0.0187631389 0.0187979001 0.0382806913 0.0045092043 0.0092949605 0.0191461875 0.0099449092 0.0085688412 0.0180853858 0.0186287793 0.0212484081 0.0182835987 0.0149368824 0.0197580523 0.0187413212 0.0192439174 0.010843351 0.0153897904 0.0156452706 0.0143915167 0.0026376455 0.0202803193 0.0084879062 0.0174851922 0.0226345882 0.0189401687 0.0193035476 0.0221147244 0.0138441549 0.0081666861 0.0191385052 0.0292016699 0.0157353896 0.0121922897 
34 0.0113191092 0.0157118353 0.0096772485 0.0085693524 0.0164733232 0.0134285478 0.0093633044 0.0135969686 0.0176584224 0.0171858703 0.0094085321 0.0164434681 0.0264071185 0.018687345 0.0117399094 0.0204852427 0.0115535966 0.0269992701 0.021552659 0.0262861387 0.0128859812 0.0192438856 0.0134793786 0.0121068697 0.0206949976 0.007665055 0.0182393588 0.0186318351 0.0232564536 0.0207380446 0.02141055 0.0141488146 0.0045092043 0.0270763335 0.0157312613 0.0195561925 0.0241686061 0.0121700962 0.0141276831 0.0127165791 0.0286174978 0.0144688722 0.0109274393 0.0277955825 0.0080792595 0.0112235684 0.0048126796 0.0123303108 0.0182075627 0.0130250712 0.0088323519 0.00292197 0.0084110676 0.0124110034 0.0194823291 0.0107389039 0.0102177418 0.0190854099 0.0078871403 0.0233668379 0.0146294103 0.020412933 0.021641295 0.0153693193 
35 0.0140047598 0.0096867824 0.0166382059 0.017231551 0.0249894897 0.0078805036 0.024709503 0.0223592937 0.0114597139 0.0089439335 0.0168677778 0.0244618738 0.0054302451 0.0094707805 0.0119282015 0.0244029205 0.0191450609 0.0126370687 0.0144376412 0.0153197058 0.0230550644 0.0120994437 0.0178609484 0.0175219804 0.020682133 0.0077120061 0.0123004711 0.0131105708 0.0256448581 0.0099816887 0.0182671919 0.0053282392 0.0092949605 0.0157312613 0.0263182801 0.0181467597 0.006909965 0.017842061 0.0274916433 0.0393336169 0.0162840671 0.0051572019 0.0039804329 0.0316967143 0.0143580256 0.0065468645 0.0203998938 0.0082907399 0.0180536564 0.0282271809 0.0212966685 0.0136364702 0.0187291903 0.0141286349 0.0085772975 0.0180719119 0.0144711695 0.0178790308 0.0089639244 0.0076217286 0.0203380367 0.0128967251 0.0046045921 0.0091516867 
36 0.0186477924 0.0154326783 0.0230506614 0.018620258 0.0279882804 0.0116100278 0.02268486 0.0226339945 0.0183115759 0.0132085497 0.0132512359 0.0118648472 0.0163884728 0.0155102651 0.0156267737 0.0150680799 0.0195303733 0.02020406 0.0130359618 0.010250629 0.0168817513 0.0179127697 0.0179809792 0.0108208497 0.020416882 0.0133604978 0.0140064967 0.0194387838 0.002294552 0.0029497357 0.0126545372 0.0082821796 0.0191461875 0.0195561925 0.0181467597 0.0126188401 0.0214273793 0.0153125855 0.0134598505 0.0110189981 0.0183857205 0.0188703648 0.0114437861 0.0201133063 0.0148030893 0.0131800598 0.0123367337 0.0103046707 0.0169887094 0.0152754053 0.0242801252 0.0104039464 0.0107734689 0.0081071908 0.0308537176 0.0168833748 0.0179665473 0.0159979111 0.0114808097 0.0115077661 0.0212129085 0.010256169 0.0176893238 0.0102787099 
37 0.0158663558 0.0149549575 0.0190972505 0.0191458665 0.0127519795 0.0148712019 0.0023972884 0.016741203 0.0215937082 0.0174530618 0.0222901588 0.0329733042 0.0186162831 0.0162452371 0.0164339458 0.0171169952 0.0205539868 0.0152644715 0.0116600482 0.0130333402 0.0099360324 0.0160691769 0.01913931 0.0107519098 0.027609734 0.0101883732 0.0140825659 0.0188979387 0.0128154624 0.0205440202 0.0165589909 0.0085622673 0.0099449092 0.0241686061 0.006909965 0.0214273793 0.026336932 0.0246962744 0.0034071595 0.0069551524 0.0083240866 0.0068187415 0.0296943644 0.0241554433 0.011190578 0.0182171245 0.01153127 0.0102104983 0.0159616558 0.0180547949 0.0154627611 0.0112825519 0.0130681692 0.0183559396 0.012750142 0.0082280331 0.0125131884 0.0132590155 0.022445878 0.0271378429 0.009554271 0.0165557948 0.0082624279 0.0089026235 
38 0.0141651255 0.0045794772 0.0310596967 0.0142403964 0.0011739742 0.0142648792 0.0094037389 0.0157405869 0.0228178303 0.0073924068 0.0262221553 0.0294587874 0.0203353083 0.0161738381 0.0118137022 0.0171483757 0.011775446 0.0171030406 0.0139978756 0.0060180686 0.0199565514 0.0179811937 0.023259622 0.0080014761 0.0078759163 0.0020972588 0.0226552178 0.0195694848 0.0105576972 0.0137882185 0.0066258362 0.0087863503 0.0085688412 0.0121700962 0.017842061 0.0153125855 0.0246962744 0.0122508898 0.0111322528 0.0159824615 0.02214829 0.0080203057 0.0219131896 0.0283574445 0.0285733701 0.000271896 0.0186645823 0.0248347701 0.0269393071 0.0148976014 0.0143200688 0.0164572118 0.0194795323 0.0155281377 0.0203925694 0.016288856 0.0114041492 0.0181585357 0.0128895287 0.0192183121 0.0103815262 0.0100946514 0.0153413296 0.0214298391 
39 0.0173379888 0.0215262054 0.0161105862 0.0147543844 0.0192212785 0.0057034001 0.0191298814 0.0143842098 0.0134686446 0.016527866 0.024662084 0.0153076577 0.0144987157 0.0212889964 0.0063560997 0.0142017468 0.0181656315 0.0067340895 0.0209317212 0.0145638422 0.0190545274 0.0153527712 0.0219233731 0.0127622016 0.01649116 0.0218671693 0.007668951 0.0172216096 0.0249127118 0.0127649917 0.0234927531 0.0262026189 0.0180853858 0.0141276831 0.0274916433 0.0134598505 0.0034071595 0.0111322528 0.0029418183 0.0148780278 0.0147922084 0.0098062318 0.017290563 0.0208280111 0.0153707906 0.0147698625 0.0059184587 0.0151047652 0.0243874838 0.0154231186 0.0352734841 0.0180268645 0.000680821 0.0181930145 0.0030415723 0.018836282 0.0116348548 0.0057854483 0.0119129883 0.0290536608 0.0256261061 0.0128766092 0.0090408535 0.006212257 
40 0.0101848789 0.0166296755 0.0141391384 0.0054467206 0.0141652417 0.0108287227 0.019913951 0.017171589 0.0041370014 0.0218146136 0.0203974716 0.0159295356 0.0025202495 0.0241367014 0.0122051191 0.0109899465 0.0235254202 0.0175742848 0.0155734643 0.0146883539 0.0233807588 0.0317339809 0.017345922 0.0135747821 0.0000314187000000000 0.0096671099 0.0118623893 0.0132643589 0.0208543328 0.0219166522 0.0242618347 0.0043051393 0.0186287793 0.0127165791 0.0393336169 0.0110189981 0.0069551524 0.0159824615 0.0148780278 0.0216778687 0.0141601041 0.0097774364 0.0156594058 0.0086211636 0.0106038711 0.0175970242 0.0211253541 0.0153483167 0.0113272214 0.0182327056 0.0213737935 0.0079671208 0.0271522186 0.0198432073 0.0122754843 0.0256898119 0.0164008218 0.0126847841 0.0096260884 0.0115618049 0.0192222505 0.01957305 0.0117270376 0.01708768 
41 0.008764138 0.0138739943 0.0168320834 0.0116324541 0.0109617458 0.0131277796 0.0267674641 0.0173056532 0.016274105 0.0124148068 0.0150192375 0.0145952504 0.0097390665 0.0041704256 0.0092375627 0.0248070463 0.0156063233 0.015859751 0.0123132111 0.0094381108 0.0131192097 0.0124607023 0.0283050023 0.0093975097 0.0226348157 0.0138762068 0.0203718674 0.0122657808 0.0251041454 0.0122516041 0.0230202651 0.0156922774 0.0212484081 0.0286174978 0.0162840671 0.0183857205 0.0083240866 0.02214829 0.0147922084 0.0141601041 0.010995075 0.0252152003 0.0195619764 0.0214431603 0.0144659991 0.0190377781 0.0153363539 0.0106854347 0.0302917825 0.0146984539 0.0102030386 0.0137115454 0.021146406 0.0069208397 0.014739477 0.0126302978 0.0105022105 0.0128996978 0.0203320139 0.0104051868 0.0180087502 0.0164234632 0.0172475421 0.0018983383 
42 0.020329093 0.0156326443 0.0240284279 0.0171674512 0.0098159708 0.018339616 0.0102050168 0.0176969414 0.0092973555 0.0219189054 0.0183389226 0.0205879478 0.0209050199 0.0260252902 0.0104050574 0.0162017294 0.0196062047 0.0317602812 0.010255034 0.0086852843 0.0155316812 0.0145546679 0.0246738375 0.0151915908 0.0069907723 0.0120024216 0.0133162918 0.0178326848 0.0163198786 0.0229210107 0.0092317437 0.0145231952 0.0182835987 0.0144688722 0.0051572019 0.0188703648 0.0068187415 0.0080203057 0.0098062318 0.0097774364 0.0252152003 0.0083876483 0.0213057079 0.0099379028 0.0132412247 0.0111997286 0.0166152877 0.0226238841 0.0135361578 0.0091568824 0.0154860698 0.0124932386 0.0037073828 0.0272659505 0.0188860369 0.0140182081 0.0231258837 0.022437964 0.0271222682 0.0121782595 0.0127167243 0.0086094678 0.015628442 0.0136097564 
43 0.020535998 0.0207597644 0.0128997423 0.0177780986 0.0177981147 0.0226931317 0.0207253604 0.0051140922 0.019029256 0.010805819 0.0119035721 0.0140710844 0.0131625449 0.0212089296 0.0267756734 0.01269653 0.0108481243 0.0177752371 0.0197209967 0.0094808154 0.0073817266 0.012715453 0.007620591 0.0199862822 0.0129830589 0.01818925 0.0144250101 0.0110252587 0.0209117778 0.0191852909 0.0064749459 0.0143732118 0.0149368824 0.0109274393 0.0039804329 0.0114437861 0.0296943644 0.0219131896 0.017290563 0.0156594058 0.0195619764 0.0213057079 0.0154788851 0.00887318 0.0083897648 0.0192157622 0.010292003 0.0240194415 0.0096700575 0.0144521636 0.0141245323 0.0154075738 0.0115611664 0.0126942527 0.0185350864 0.0171179655 0.0202434268 0.0176989315 0.0307616116 0.0199421813 0.0050496198 0.0202472073 0.0133452052 0.0151114916 
44 0.0126121396 0.026803762 0.0115742403 0.0152276107 0.0142058735 0.0141683544 0.010678445 0.0033945369 0.0195827141 0.0099133548 0.016244859 0.0157432546 0.0293367575 0.0100952 0.0160581208 0.0285721201 0.0309488979 0.0131783041 0.0166544935 0.0100932701 0.028136348 0.0189753245 0.0072405632 0.0005528914 0.0111632624 0.0153975552 0.0224159511 0.0104420187 0.0058523034 0.0122489715 0.0174832762 0.0188341414 0.0197580523 0.0277955825 0.0316967143 0.0201133063 0.0241554433 0.0283574445 0.0208280111 0.0086211636 0.0214431603 0.0099379028 0.00887318 0.0136748206 0.0068477403 0.0177013188 0.0092919531 0.0070364733 0.0201686889 0.0096853373 0.01509799 0.0184318654 0.015570924 0.0173424441 0.0107057531 0.0020613025 0.0130366152 0.0151520332 0.0099909479 0.0110653852 0.0186419085 0.0225251381 0.0148226975 0.0157397862 
45 0.0260146288 0.0096314567 0.0160753296 0.016265689 0.0226208356 0.0062940923 0.0316930465 0.0256519463 0.0207591432 0.0175093406 0.0203742735 0.0298981002 0.0195874706 0.013768251 0.0133544229 0.0048658496 0.0093778534 0.0236327522 0.0052557421 0.009875456 0.0150022144 0.0143654953 0.0220885163 0.0119733944 0.0221957018 0.0156286348 0.0176211713 0.030528059 0.0096692493 0.0105410563 0.0218834431 0.0127670519 0.0187413212 0.0080792595 0.0143580256 0.0148030893 0.011190578 0.0285733701 0.0153707906 0.0106038711 0.0144659991 0.0132412247 0.0083897648 0.0068477403 0.0220327842 0.0161446121 0.0105621501 0.0193923108 0.0070830585 0.0042136429 0.0103112605 0.0198061973 0.0185593838 0.0113670914 0.0141010246 0.0121427388 0.0118061735 0.0180632344 0.0185802847 0.0251750809 0.0225652495 0.0027479157 0.0043105715 0.0196005324 
46 0.0098449821 0.0264854293 0.0175168434 0.0132227687 0.0190949878 0.0147755962 0.0114225421 0.0188192277 0.0332223623 0.0170825679 0.0083259718 0.0163356607 0.0093635748 0.0214225938 0.0087569107 0.02140362 0.0280151253 0.0143352057 0.0048475279 0.0228381199 0.0247980352 0.0080339095 0.0142454658 0.0199936732 0.0109084 0.0129119583 0.0101448906 0.0147260058 0.0117782203 0.0158044146 0.0141579418 0.0089096421 0.0192439174 0.0112235684 0.0065468645 0.0131800598 0.0182171245 0.000271896 0.0147698625 0.0175970242 0.0190377781 0.0111997286 0.0192157622 0.0177013188 0.0161446121 0.0075768615 0.0221907004 0.0096769875 0.0145616811 0.0228737742 0.0166651495 0.0189790248 0.01763128 0.0115943648 0.0233255275 0.0244736564 0.0190039611 0.0254565387 0.0135517202 0.0106754963 0.0072711702 0.0117685305 0.0098236655 0.0250062173 
47 0.0269189993 0.0125331803 0.0085362427 0.0171359388 0.0157885035 0.0197096156 0.0131283915 0.011317929 0.0129921347 0.0195445724 0.0334949576 0.0139077746 0.0222889015 0.0136885822 0.0112882563 0.0270215118 0.0102560495 0.0228380037 0.0117874418 0.0078920701 0.0174912024 0.0096134252 0.0183433066 0.0047888451 0.0143364713 0.0129582176 0.0167647947 0.0095276124 0.0335563885 0.0273991042 0.0169725342 0.0070461073 0.010843351 0.0048126796 0.0203998938 0.0123367337 0.01153127 0.0186645823 0.0059184587 0.0211253541 0.0153363539 0.0166152877 0.010292003 0.0092919531 0.0105621501 0.0221907004 0.0256686595 0.0111528014 0.0212747924 0.025894046 0.0155999103 0.023570066 0.0038464511 0.015209386 0.0095283342 0.0329193937 0.0053898177 0.0128064401 0.0188008913 0.0114092498 0.0159512595 0.0208408997 0.0089459232 0.0104038407 
48 0.021429931 0.0194153891 0.0169406769 0.0071377976 0.0148571415 0.0055889713 0.0147476067 0.0232008837 0.0135994775 0.0176701068 0.0071578431 0.0169891658 0.0162543024 0.0202013743 0.0114302022 0.0205688027 0.0064372964 0.0173980456 0.0173271582 0.0240999538 0.0180673506 0.016940536 0.0204860497 0.0205262659 0.0222997452 0.0103307992 0.0155353227 0.0076311354 0.019321378 0.0098520183 0.0146376163 0.0082301647 0.0153897904 0.0123303108 0.0082907399 0.0103046707 0.0102104983 0.0248347701 0.0151047652 0.0153483167 0.0106854347 0.0226238841 0.0240194415 0.0070364733 0.0193923108 0.0096769875 0.0111528014 0.0146367266 0.0200829339 0.0041593892 0.0201286434 0.0153996236 0.0139047938 0.0236285695 0.0173911159 0.020675289 0.0122008402 0.0090187811 0.0150068137 0.0295038616 0.0160539065 0.025581 0.0110967432 0.0188192647 
