64
1 0.0111244991 0.0212275757 0.0116029534 0.0097192877 0.0065547998 0.0099882606 0.0150790025 0.0189810065 0.0194555243 0.0122754115 0.0200545446 0.0134232087 0.0198361183 0.0177325137 0.011330939 0.0060526622 0.0026274055 0.0116470736 0.0187897473 0.0183218286 0.0161328668 0.012717104 0.025661146 0.0227361229 0.0135536147 0.0179473633 0.013248824 0.0184809757 0.0112379888 0.0066732921 0.0067599283 0.0138419085 0.0086639026 0.0150488079 0.0198718496 0.0167731393 0.0213953087 0.0121971788 0.009658325 0.0136780955 0.0224378057 0.0291941328 0.0149283754 0.032080409 0.0210759468 0.0143744039 0.0108142587 0.0106966887 0.0100560314 0.0231253179 0.0134486084 0.0132256009 0.0183500685 0.0240287642 0.0175933171 0.0183114308 0.0174772293 0.0194740369 0.0107323427 0.0252535056 0.0270270125 0.0115384027 0.0037847065 0.0188694987 
2 0.0212275757 0.0215425785 0.0223408484 0.0110874817 0.0209641019 0.0226237996 0.0104319462 0.0216370044 0.0165644287 0.0052941536 0.0189218121 0.0159676696 0.010385214 0.0136297573 0.0197077885 0.0114285149 0.0205366793 0.0123486587 0.0150429296 0.0045204867 0.0150152637 0.0132806898 0.0128842786 0.01979631 0.0147294169 0.0154817383 0.0166721811 0.0059688385 0.0153817884 0.019308255 0.011763023 0.015688518 0.0306879976 0.0307498845 0.0217175131 0.0258942948 0.0153548828 0.0154679491 0.0145963833 0.0080659628 0.0165589532 0.0272637551 0.0122834296 0.0181974919 0.0107601457 0.0126796351 0.0135103075 0.0196151375 0.019497468 0.0189533832 0.0068407893 0.0130424849 0.0219948276 0.0092981205 0.0088382784 0.0211080089 0.0088015501 0.0061021035 0.0046840436 0.0125135871 0.0070886835 0.0124926372 0.0260892858 0.017077294 
3 0.0116029534 0.0223408484 0.0217058647 0.0295704708 0.0163794178 0.0093023775 0.0219171626 0.0146374523 0.0131261995 0.0095584289 0.0053118901 0.0069209787 0.0193319758 0.0346223908 0.0170821586 0.0222788801 0.0234761439 0.0035077349 0.0146721824 0.0183395895 0.0167016919 0.026559942 0.0130504296 0.0173351181 0.0171140552 0.0193890112 0.0051137496 0.0120585697 0.0179561463 0.0094835519 0.0120564509 0.0122162202 0.0196750075 0.0124918416 0.0111383936 0.0040151768 0.0282064433 0.0117485855 0.0180997329 0.0116331891 0.0088929412 0.0202433948 0.0174203566 0.0273180855 0.0187286908 0.0111869793 0.0181786073 0.0100401211 0.0114354513 0.0108541057 0.0167685888 0.0211158732 0.0150780347 0.0108700386 0.0111823535 0.0128260457 0.020057488 0.0066371374 0.012387149 0.0304410739 0.012264912 0.0136831598 0.0131172399 0.017543764 
4 0.0097192877 0.0110874817 0.0295704708 0.0039649063 0.0115437391 0.0110052259 0.0120357657 0.0173320683 0.0222264602 0.0172394956 0.0255303937 0.0101284736 0.0224006549 0.0170890644 0.0134041869 0.0056586017 0.0167859103 0.0266144222 0.0091450967 0.0055312461 0.0043532927 0.0108682742 0.0084292779 0.0102447467 0.0127845163 0.0176482017 0.0269850703 0.0247379695 0.0102834164 0.0177880996 0.0247815352 0.0133115275 0.0111969689 0.0163341586 0.010668526 0.0148179335 0.0237307075 0.0107625932 0.0179931832 0.0201952844 0.013031356 0.0134772711 0.0167865449 0.0106727106 0.0117263686 0.0288070595 0.0258257788 0.0188653658 0.0174368293 0.0136975536 0.0094307809 0.015650214 0.0278196479 0.0140106813 0.015486569 0.0087286471 0.0067939749 0.0142297444 0.0334536309 0.0115717786 0.0149338999 0.0128756427 0.0154478864 0.0233118287 
5 0.0065547998 0.0209641019 0.0163794178 0.0115437391 0.0150671262 0.0106459009 0.0166462358 0.0188571487 0.0121651946 0.0068071696 0.0078080767 0.0244975727 0.0243164366 0.0108097527 0.0201090552 0.0202514782 0.0170411263 0.0087615829 0.0369231213 0.0145037393 0.0230857846 0.0147791748 0.0127944195 0.0166151672 0.0164202918 0.020465151 0.0298519768 0.0188930505 0.0021156061 0.0146818334 0.0250122517 0.0173371506 0.0107509357 0.0027620989 0.0099261802 0.015109499 0.0156813915 0.0103855192 0.0126874626 0.0229126926 0.0094014726 0.0235323551 0.0169850624 0.0081085266 0.014369164 0.019997167 0.0202755435 0.0283607068 0.0225344037 0.0035023172 0.018210924 0.0055924739 0.0184906661 0.0154471904 0.0184477423 0.0083793137 0.0043988438 0.022787346 0.0150403972 0.010877754 0.0173444933 0.00697112 0.0128193401 0.0252052625 
6 0.0099882606 0.0226237996 0.0093023775 0.0110052259 0.0106459009 0.0111697586 0.0083174617 0.0049593005 0.0276237772 0.0251325302 0.0127003204 0.0088849966 0.0255465121 0.0155887698 0.0165927093 0.0141544801 0.0110323949 0.0182370621 0.0147270629 0.0126830795 0.0159883067 0.022093642 0.0080961358 0.0245612705 0.0121303866 0.0171492294 0.0191013344 0.0165907622 0.0180198256 0.0128455124 0.014039546 0.0110434301 0.0205866186 0.0230931122 0.0175455751 0.0194478785 0.0201519942 0.0111058429 0.0239048567 0.014253717 0.0075911845 0.019021863 0.0202196456 0.0072831545 0.011248482 0.0196990684 0.0123467141 0.0138490893 0.0063646374 0.0167675996 0.0210541273 0.0167771582 0.0268957275 0.0107452517 0.0116202596 0.0162518188 0.0085501532 0.0216821953 0.0167029265 0.0176851506 0.0211709446 0.0177232823 0.0170876197 0.0089971887 
7 0.0150790025 0.0104319462 0.0219171626 0.0120357657 0.0166462358 0.0083174617 0.0311126682 0.011054179 0.0141285246 0.009409603 0.0195901047 0.0122295258 0.0228076346 0.0162587506 0.0110523082 0.0360710292 0.0093194615 0.0095922064 0.0110544893 0.0212179492 0.0106277176 0.0216944143 0.0141708061 0.0070068013 0.0103861905 0.0155701595 0.012917267 0.0154033735 0.0073644964 0.0184657377 0.0234036508 0.0102056991 0.0050266703 0.0221253119 0.00935154 0.018354469 0.0137938542 0.0164437258 0.0138900589 0.0177773714 0.0136217443 0.0141961034 0.0180800854 0.0157013784 0.0281654582 0.0192090418 0.0108195132 0.0147869502 0.0232440625 0.0136403192 0.0214131468 0.0212155926 0.0271898311 0.0240609529 0.0112180354 0.0080350156 0.0064189384 0.0035470189 0.0178038505 0.0149418968 0.0159065617 0.0204162739 0.0175376335 0.015525271 
8 0.0189810065 0.0216370044 0.0146374523 0.0173320683 0.0188571487 0.0049593005 0.011054179 0.019416116 0.0175850286 0.0101045684 0.0177993001 0.0355461145 0.0119898801 0.0160977229 0.0377141211 0.0122171536 0.0088775309 0.0116529749 0.0130873781 0.0038607633 0.0093832087 0.0207530906 0.0043820874 0.023006913 0.0334683138 0.0210376045 0.0192849035 0.0149355114 0.0056172761 0.0030082723 0.0204482001 0.0330972192 0.0250367911 0.0156896676 0.0118940744 0.0172049922 0.017124303 0.0078605148 0.0071414594 0.0178314751 0.0143051207 0.0170243322 0.0114050915 0.0144805816 0.0180650511 0.006033529 0.0149929057 0.0088202457 0.0197670632 0.0159294933 0.0121888529 0.0191671341 0.0133448696 0.0095175679 0.0090836471 0.017816283 0.0072050085 0.0082270366 0.0211740177 0.0264692164 0.0237039045 0.0202511651 0.0065589776 0.0128562148 
9 0.0194555243 0.0165644287 0.0131261995 0.0222264602 0.0121651946 0.0276237772 0.0141285246 0.0175850286 0.0262356871 0.0090906495 0.0171620406 0.0033916287 0.0263608097 0.0072427095 0.0119415974 0.0095431461 0.019966891 0.0157597276 0.016117526 0.036003001 0.0138477344 0.0093177411 0.0111573227 0.0130892417 0.0231570038 0.0115112838 0.0228410739 0.0120741509 0.0226480413 0.0091304197 0.0135087907 0.0080040974 0.00525532 0.0143252644 0.0183463415 0.0131519311 0.0074822558 0.0146562119 0.0088149722 0.0084524878 0.0170332995 0.0134696255 0.0207764323 0.016994251 0.0199094308 0.0180607398 0.0255372026 0.0179071769 0.0142774805 0.0208330953 0.012056129 0.0203037895 0.0056560899 0.010318108 0.0178903222 0.0127931558 0.0115081574 0.0166859273 0.0136442321 0.0177627334 0.0222788275 0.0097941225 0.0151594442 0.0268879894 
10 0.0122754115 0.0052941536 0.0095584289 0.0172394956 0.0068071696 0.0251325302 0.009409603 0.0101045684 0.0090906495 0.0153131234 0.0132557607 0.015460274 0.0117759565 0.0159798529 0.0149103754 0.018427983 0.0007513353 0.0151716139 0.0156678775 0.0124463471 0.0260757779 0.0174808968 0.0092178789 0.0272077389 0.0154745999 0.0222890357 0.007867374 0.0244181075 0.0276061228 0.0145859443 0.0230971608 0.0171503853 0.0080812106 0.0168245919 0.0117034807 0.0162830486 0.0133922095 0.0080770268 0.0108179933 0.0131598738 0.0267719118 0.0225295654 0.0145932908 0.0129059534 0.0248246665 0.0138110629 0.0179104952 0.0125685098 0.0283881798 0.0332441447 0.0195797757 0.0130660757 0.0188849376 0.0188679712 0.0065209655 0.0184622654 0.0213891765 0.0152691625 0.0117274981 0.0202433682 0.0117477578 0.009202859 0.0128423113 0.0097651268 
11 0.0200545446 0.0189218121 0.0053118901 0.0255303937 0.0078080767 0.0127003204 0.0195901047 0.0177993001 0.0171620406 0.0132557607 0.0165888406 0.022797938 0.0188687956 0.020848446 0.0178294425 0.0146310031 0.0115100906 0.0068615008 0.017319528 0.0067907365 0.0323699004 0.0213948899 0.0371451765 0.015175185 0.0215230573 0.0109933914 0.0249106137 0.0105669592 0.0133882651 0.0181516611 0.0115953348 0.0246436597 0.0098730768 0.0088635156 0.0175012143 0.0148584406 0.0127987907 0.0125609802 0.0132093452 0.017225221 0.0176879479 0.0056424865 0.0120997753 0.0098534491 0.017863119 0.0158922036 0.0158828363 0.0086526581 0.0133524455 0.0208069908 0.0099573916 0.0176461938 0.0126422049 0.0078086242 0.0026933225 0.0135410024 0.012155722 0.0053451276 0.022429174 0.0235291668 0.0096308737 0.0230424575 0.028501033 0.0124145501 
12 0.0134232087 0.0159676696 0.0069209787 0.0101284736 0.0244975727 0.0088849966 0.0122295258 0.0355461145 0.0033916287 0.015460274 0.022797938 0.0197070066 0.0205449649 0.011274604 0.0083088021 0.0184530679 0.0141561334 0.01617442 0.0190670472 0.007308316 0.007351067 0.0224469798 0.0175928387 0.0186422696 0.0149670476 0.0183108472 0.0127956342 0.0166811743 0.0163445372 0.0185659275 0.0144242232 0.0129930098 0.0272454141 0.0175687627 0.0210331604 0.0090246064 0.0163506764 0.0200413854 0.0156160832 0.0172920986 0.0026705606 0.0093755516 0.0047319148 0.0162428676 0.0243073702 0.0207963067 0.0192901378 0.0161021797 0.020449713 0.0087153533 0.0129925806 0.0249721088 0.0143280602 0.0113003318 0.0142477928 0.0296958182 0.0135464453 0.0222853298 0.011541893 0.0100533064 0.0184096989 0.0100396087 0.0031815407 0.0211930432 
13 0.0198361183 0.010385214 0.0193319758 0.0224006549 0.0243164366 0.0255465121 0.0228076346 0.0119898801 0.0263608097 0.0117759565 0.0188687956 0.0205449649 0.0124158277 0.0174873511 0.0158394026 0.0145370748 0.0233982397 0.0194290377 0.0167560819 0.0153040317 0.0099189168 0.0092976899 0.0126517046 0.0141880422 0.0061824838 0.0156723093 0.0268449852 0.0130802323 0.0131074006 0.0198022026 0.0069127104 0.008961557 0.0141690629 0.0109616386 0.0121623699 0.0055696745 0.0081778851 0.0103743958 0.0198778468 0.0245213097 0.0221980509 0.0289803675 0.0234343722 0.0139881639 0.0174055852 0.0106830425 0.0051763668 0.0091043763 0.0197020791 0.0203142656 0.0163466692 0.0168157006 0.018726063 0.0089666981 0.0310325179 0.0220939723 0.0028009257 0.0104396328 0.0105401046 0.0137053843 0.0070993828 0.0183829391 0.0082501963 0.0120467253 
14 0.0177325137 0.0136297573 0.0346223908 0.0170890644 0.0108097527 0.0155887698 0.0162587506 0.0160977229 0.0072427095 0.0159798529 0.020848446 0.011274604 0.0174873511 0.0084016631 0.0187032018 0.0271852746 0.0158021952 0.0209262358 0.0188417821 0.0090604281 0.0100750921 0.0136606683 0.0138802231 0.0124007456 0.009090457 0.0142797573 0.0328915053 0.0144428697 0.0288632753 0.011731043 0.0141550483 0.0179642024 0.0210382404 0.0205738683 0.0171617485 0.0217063156 0.0099692558 0.0253261174 0.0043964901 0.0145913408 0.0097460485 0.0110154167 0.0152873259 0.0128209164 0.0151437484 0.0210535526 0.0056296584 0.01300797 0.0142781086 0.0182471334 0.0095815837 0.0151328419 0.0157626854 0.0165030648 0.0044312276 0.0143926961 0.0102598234 0.0179748279 0.0143537839 0.0112595406 0.0208555929 0.0144326196 0.0218205486 0.015228554 
15 0.011330939 0.0197077885 0.0170821586 0.0134041869 0.0201090552 0.0165927093 0.0110523082 0.0377141211 0.0119415974 0.0149103754 0.0178294425 0.0083088021 0.0158394026 0.0187032018 0.0239579664 0.0162739288 0.0069976719 0.0113140894 0.007260048 0.0126192261 0.01224229 0.0139738153 0.0185931789 0.0212384278 0.0146353737 0.0049463157 0.0245317581 0.0151435614 0.0162152992 0.0240253212 0.0357527468 0.0161063463 0.0172161491 0.0180171569 0.0194483949 0.0072020356 0.0180261911 0.007987311 0.0222803778 0.0156715997 0.0198574596 0.0175312824 0.0179920504 0.0178307707 0.0031354793 0.0178251273 0.0101300177 0.0116572961 0.0145695156 0.0102250093 0.0255372731 0.0119908762 0.0053135195 0.0226703783 0.0099296836 0.0170825771 0.0314420149 0.0107063791 0.0157266991 0.0156774405 0.0038487254 0.0179253494 0.0098634981 0.0053289076 
16 0.0060526622 0.0114285149 0.0222788801 0.0056586017 0.0202514782 0.0141544801 0.0360710292 0.0122171536 0.0095431461 0.018427983 0.0146310031 0.0184530679 0.0145370748 0.0271852746 0.0162739288 0.0087299978 0.0120997247 0.0069187989 0.0119650627 0.0084269975 0.0216501783 0.0267919429 0.0107938965 0.0103778411 0.0220647955 0.0123953911 0.0141931116 0.011063126 0.0038786456 0.0174910656 0.0146155117 0.014661858 0.0107612462 0.0172586302 0.0170445289 0.0129922176 0.0149075551 0.0230727923 0.0164343487 0.0164140573 0.0160478192 0.0174995861 0.0059834315 0.0047735487 0.0169233606 0.0283305748 0.0207936298 0.0150495315 0.0133870764 0.0225957482 0.021452451 0.0155688507 0.0190285283 0.0200448163 0.016694509 0.0168299188 0.0045631661 0.0173599268 0.0115309218 0.016939097 0.0188024487 0.0234342495 0.0131796053 0.0190196036 
17 0.0026274055 0.0205366793 0.0234761439 0.0167859103 0.0170411263 0.0110323949 0.0093194615 0.0088775309 0.019966891 0.0007513353 0.0115100906 0.0141561334 0.0233982397 0.0158021952 0.0069976719 0.0120997247 0.0037818588 0.0166078092 0.0142606616 0.0173568863 0.0113446459 0.0099334287 0.0236058429 0.0183974589 0.0147657891 0.0158098196 0.0176171414 0.0248072018 0.02719799 0.0076644281 0.0261473924 0.0192847693 0.0119527968 0.0196037907 0.0140687868 0.0161939835 0.0186246558 0.0122499098 0.0273832283 0.0188704814 0.0096758702 0.0216706241 0.02852012 0.0003023277 0.0121950422 0.0066341951 0.0078271822 0.0276708943 0.0037927762 0.0169906515 0.0027749477 0.0189418015 0.0139154749 0.0181285292 0.0072718399 0.0155642842 0.0339833203 0.0159408172 0.0161442133 0.0121927425 0.0247645704 0.0177720489 0.0250537549 0.0203622801 
18 0.0116470736 0.0123486587 0.0035077349 0.0266144222 0.0087615829 0.0182370621 0.0095922064 0.0116529749 0.0157597276 0.0151716139 0.0068615008 0.01617442 0.0194290377 0.0209262358 0.0113140894 0.0069187989 0.0166078092 0.0127676033 0.0152943122 0.0268917354 0.0122683351 0.0173576035 0.0152650071 0.0205298954 0.0272256316 0.00867093 0.0220312625 0.012305003 0.0157293659 0.0082331095 0.0164289083 0.016387363 0.0219232974 0.0285899894 0.0152046186 0.0109287538 0.0075155751 0.0203408351 0.0064472794 0.0276164634 0.0217110037 0.0172154504 0.0090955285 0.0096875319 0.0065868636 0.0237027033 0.0091284896 0.0213826581 0.0228137872 0.0109073593 0.018663214 0.0272735474 0.0018188841 0.0168209488 0.019708527 0.0086193338 0.0186906643 0.0175640458 0.0122921052 0.0219922928 0.0204224069 0.0223896656 0.0140790769 0.009956085 
19 0.0187897473 0.0150429296 0.0146721824 0.0091450967 0.0369231213 0.0147270629 0.0110544893 0.0130873781 0.016117526 0.0156678775 0.017319528 0.0190670472 0.0167560819 0.0188417821 0.007260048 0.0119650627 0.0142606616 0.0152943122 0.0169593754 0.0310353278 0.0081114636 0.0121724466 0.0132261344 0.0151643904 0.0076172503 0.0125050318 0.0161270931 0.0212846817 0.0139350489 0.0223347214 0.0160299726 0.0109930732 0.0223721546 0.0171794619 0.0144570853 0.0011282258 0.0174952655 0.0166357372 0.0120491352 0.0115936505 0.0011899834 0.0105075078 0.0061999002 0.0196395891 0.0186544922 0.0188293801 0.0165721731 0.0208311547 0.0089044659 0.0188773572 0.0182019715 0.0156165018 0.0078518494 0.0166695478 0.0180755648 0.0080907313 0.016010762 0.0129272146 0.0189932485 0.0138616531 0.0217035517 0.0194470534 0.0327905497 0.0231551345 
20 0.0183218286 0.0045204867 0.0183395895 0.0055312461 0.0145037393 0.0126830795 0.0212179492 0.0038607633 0.036003001 0.0124463471 0.0067907365 0.007308316 0.0153040317 0.0090604281 0.0126192261 0.0084269975 0.0173568863 0.0268917354 0.0310353278 0.0123369325 0.0041871931 0.0251006492 0.028317646 0.0217803304 0.0121921658 0.0190082195 0.0063964701 0.0180808734 0.0126710706 0.0088737117 0.0205857201 0.0166649621 0.0037951532 0.0152580809 0.015548364 0.0075250621 0.0107349145 0.0236820366 0.0096171183 0.015724679 0.010141952 0.0205575662 0.019601315 0.0294450793 0.0195758597 0.0119872259 0.0118341788 0.0135468354 0.0130645292 0.0138957291 0.0208924394 0.0151204264 0.01253533 0.0131656852 0.0312601939 0.0113407497 0.0302458411 0.0235417457 0.0147271223 0.0195771292 0.0243802926 0.0105939499 0.0107400521 0.0079257031 
21 0.0161328668 0.0150152637 0.0167016919 0.0043532927 0.0230857846 0.0159883067 0.0106277176 0.0093832087 0.0138477344 0.0260757779 0.0323699004 0.007351067 0.0099189168 0.0100750921 0.01224229 0.0216501783 0.0113446459 0.0122683351 0.0081114636 0.0041871931 0.0066372769 0.0274134386 0.0163966824 0.0126778806 0.0145630511 0.0179419243 0.0218248983 0.0150945638 0.0123301184 0.0219832937 0.0109713104 0.0167211349 0.0138708672 0.018343634 0.0072648589 0.0139270933 0.0197293313 0.0280253776 0.0061604602 0.0167113178 0.0126660836 0.013566789 0.0208919424 0.0179028766 0.0208313244 0.0164448797 0.0111122397 0.0100934437 0.0232314413 0.012574554 0.0237075913 0.0218177284 0.0099308118 0.0119968587 0.0281105719 0.0094107408 0.0274258484 0.0098105663 0.0214571875 0.0146879475 0.0133648897 0.0328863077 0.0098885171 0.0068696176 
22 0.012717104 0.0132806898 0.026559942 0.0108682742 0.0147791748 0.022093642 0.0216944143 0.0207530906 0.0093177411 0.0174808968 0.0213948899 0.0224469798 0.0092976899 0.0136606683 0.0139738153 0.0267919429 0.0099334287 0.0173576035 0.0121724466 0.0251006492 0.0274134386 0.0147712675 0.0155140567 0.0077072972 0.0117075726 0.0297237314 0.0085691439 0.0153878217 0.0037859004 0.0084318899 0.0108512588 0.0076031258 0.0217826557 0.0243556909 0.0212448789 0.0112196754 0.0189218893 0.0111764245 0.0248424174 0.012431819 0.0100915758 0.0148800878 0.0176498984 0.0115248463 0.0120972812 0.0092349817 0.0183370598 0.0000990720000000000 0.0144167514 0.0119681257 0.0120476322 0.010993059 0.0137851052 0.0248232921 0.0097711278 0.0109262766 0.022403692 0.0187314106 0.0263888768 0.0142018353 0.0127531319 0.0163156358 0.0237169585 0.0137252462 
23 0.025661146 0.0128842786 0.0130504296 0.0084292779 0.0127944195 0.0080961358 0.0141708061 0.0043820874 0.0111573227 0.0092178789 0.0371451765 0.0175928387 0.0126517046 0.0138802231 0.0185931789 0.0107938965 0.0236058429 0.0152650071 0.0132261344 0.028317646 0.0163966824 0.0155140567 0.0053578333 0.0234420708 0.0192107012 0.0102845048 0.0017639473 0.0159593423 0.0150748758 0.0120925346 0.0282603026 0.0098184451 0.0122028448 0.0128809533 0.0168653291 0.0282605785 0.0412645318 0.0012257817 0.0170427845 0.0079798069 0.0273946845 0.009052057 0.0180552217 0.0193158381 0.0174092195 0.0011871131 0.0273152564 0.0130801734 0.0285412749 0.0186747938 0.0185911765 0.02162403 0.0084282493 0.0118425134 0.0079948744 0.0112285705 0.0163685791 0.0068655789 0.0147253748 0.0201758673 0.0123520078 0.0147670292 0.0112173186 0.0219798589 
24 0.0227361229 0.01979631 0.0173351181 0.0102447467 0.0166151672 0.0245612705 0.0070068013 0.023006913 0.0130892417 0.0272077389 0.015175185 0.0186422696 0.0141880422 0.0124007456 0.0212384278 0.0103778411 0.0183974589 0.0205298954 0.0151643904 0.0217803304 0.0126778806 0.0077072972 0.0234420708 0.0065663192 0.0146982917 0.0112160078 0.0102868301 0.0159473682 0.0208800485 0.021062912 0.0170437035 0.002060591 0.0147091291 0.0240392298 0.0251895419 0.0219927085 0.0118953253 0.0233823008 0.0223105854 0.0123712204 0.0137270035 0.0043990395 0.0107313235 0.022148957 0.0159097468 0.0175405224 0.005025238 0.0160300353 0.008187344 0.0154420883 0.0124018731 0.011559823 0.0160873165 0.0239795493 0.0143429591 0.012530641 0.0185567811 0.0201076976 0.0090162366 0.0069984102 0.0157259976 0.0138877932 0.0093199478 0.0173702973 
25 0.0135536147 0.0147294169 0.0171140552 0.0127845163 0.0164202918 0.0121303866 0.0103861905 0.0334683138 0.0231570038 0.0154745999 0.0215230573 0.0149670476 0.0061824838 0.009090457 0.0146353737 0.0220647955 0.0147657891 0.0272256316 0.0076172503 0.0121921658 0.0145630511 0.0117075726 0.0192107012 0.0146982917 0.0114527695 0.0151286187 0.0180731202 0.018325317 0.0218493717 0.0169575018 0.0254200237 0.0240967235 0.0138881575 0.0172685591 0.0216607501 0.024938436 0.0051580109 0.0148851732 0.0077510187 0.0082741348 0.0268687812 0.0171631167 0.0114561881 0.0124541752 0.0050365337 0.0130448041 0.0089239336 0.023309592 0.0165436428 0.0055210483 0.014229501 0.0114709939 0.0094636682 0.024052444 0.0140944174 0.0029454448 0.0026980787 0.0169873236 0.019086135 0.021673543 0.0197328806 0.0178007147 0.0168478102 0.0238054848 
26 0.0179473633 0.0154817383 0.0193890112 0.0176482017 0.020465151 0.0171492294 0.0155701595 0.0210376045 0.0115112838 0.0222890357 0.0109933914 0.0183108472 0.0156723093 0.0142797573 0.0049463157 0.0123953911 0.0158098196 0.00867093 0.0125050318 0.0190082195 0.0179419243 0.0297237314 0.0102845048 0.0112160078 0.0151286187 0.0 0.021427887 0.0082251862 0.0190644669 0.0116056789 0.0074261069 0.0094146289 0.0119018186 0.0092732601 0.0231214505 0.0228424495 0.0069200447 0.0144884756 0.0235195566 0.0146237272 0.0225155086 0.0137064584 0.011133927 0.0381101333 0.012817386 0.0216420295 0.0205988653 0.0089320745 0.012952402 0.0199207814 0.0138422402 0.0184068307 0.0180410213 0.0263436473 0.011778595 0.0338068719 0.0068998575 0.011115497 0.0035252449 0.0133646751 0.0147399127 0.0124560479 0.0147769064 0.0193427707 
27 0.013248824 0.0166721811 0.0051137496 0.0269850703 0.0298519768 0.0191013344 0.012917267 0.0192849035 0.0228410739 0.007867374 0.0249106137 0.0127956342 0.0268449852 0.0328915053 0.0245317581 0.0141931116 0.0176171414 0.0220312625 0.0161270931 0.0063964701 0.0218248983 0.0085691439 0.0017639473 0.0102868301 0.0180731202 0.021427887 0.0034022846 0.0198686935 0.0163347917 0.0174854789 0.0215898269 0.0108792083 0.0062127859 0.0101986942 0.0275567997 0.0118778451 0.0242287046 0.0159925693 0.0095109517 0.0155247849 0.0078206338 0.0203604834 0.0194047447 0.0271972074 0.0121134758 0.0179221074 0.0103418327 0.0229947834 0.0113691661 0.0117829411 0.0055641309 0.0152689115 0.0174226627 0.0120050522 0.0129829472 0.0160852142 0.0050441189 0.0006714852 0.0133308429 0.0211474262 0.0171413281 0.0104304219 0.0212774797 0.0054880266 
28 0.0184809757 0.0059688385 0.0120585697 0.0247379695 0.0188930505 0.0165907622 0.0154033735 0.0149355114 0.0120741509 0.0244181075 0.0105669592 0.0166811743 0.0130802323 0.0144428697 0.0151435614 0.011063126 0.0248072018 0.012305003 0.0212846817 0.0180808734 0.0150945638 0.0153878217 0.0159593423 0.0159473682 0.018325317 0.0082251862 0.0198686935 0.00411479 0.0221791038 0.004978474 0.0191342132 0.0115973224 0.0189891694 0.0149188515 0.0144551745 0.0131852788 0.0145108795 0.0209786257 0.0206655315 0.0146197289 0.0152269283 0.0076479056 0.0210125665 0.0094690502 0.0111476063 0.0216776789 0.0163606471 0.0255034327 0.0175563549 0.0201505857 0.0095569058 0.011496532 0.0135011967 0.0134845327 0.0122713534 0.0208839814 0.0187391601 0.0137478852 0.0037608921 0.0157245907 0.015985273 0.0240664634 0.0140458561 0.0228301928 
29 0.0112379888 0.0153817884 0.0179561463 0.0102834164 0.0021156061 0.0180198256 0.0073644964 0.0056172761 0.0226480413 0.0276061228 0.0133882651 0.0163445372 0.0131074006 0.0288632753 0.0162152992 0.0038786456 0.02719799 0.0157293659 0.0139350489 0.0126710706 0.0123301184 0.0037859004 0.0150748758 0.0208800485 0.0218493717 0.0190644669 0.0163347917 0.0221791038 0.0055808573 0.0186963722 0.0174703677 0.0212253494 0.0244390329 0.0141384324 0.0094928433 0.0177796156 0.0028561795 0.0208231875 0.0194771977 0.010891442 0.0177589944 0.0114711889 0.0225290434 0.0053642307 0.0255700885 0.0127824556 0.0149261537 0.0273975169 0.0099678453 0.0202598667 0.0080991866 0.0111409689 0.0179125343 0.0202908642 0.0116968158 0.0107316498 0.0217189572 0.0369481553 0.0141449076 0.0061049983 0.0197615898 0.0139049165 0.010257023 0.0153288872 
30 0.0066732921 0.019308255 0.0094835519 0.0177880996 0.0146818334 0.0128455124 0.0184657377 0.0030082723 0.0091304197 0.0145859443 0.0181516611 0.0185659275 0.0198022026 0.011731043 0.0240253212 0.0174910656 0.0076644281 0.0082331095 0.0223347214 0.0088737117 0.0219832937 0.0084318899 0.0120925346 0.021062912 0.0169575018 0.0116056789 0.0174854789 0.004978474 0.0186963722 0.0358617913 0.016737927 0.0112614574 0.0316572639 0.0061909641 0.0224406841 0.0263894049 0.0124998078 0.0162317817 0.0154679595 0.0177987736 0.018167452 0.0076663356 0.0143030372 0.0111149823 0.0116288173 0.0173359222 0.0128925067 0.0139233533 0.0207697813 0.0144391946 0.0124268537 0.0297568996 0.0124317468 0.0186464024 0.0146759471 0.0096991488 0.0167369787 0.0164848166 0.0124907876 0.0169366576 0.0200618458 0.0222430058 0.0129909679 0.0135004978 
31 0.0067599283 0.011763023 0.0120564509 0.0247815352 0.0250122517 0.014039546 0.0234036508 0.0204482001 0.0135087907 0.0230971608 0.0115953348 0.0144242232 0.0069127104 0.0141550483 0.0357527468 0.0146155117 0.0261473924 0.0164289083 0.0160299726 0.0205857201 0.0109713104 0.0108512588 0.0282603026 0.0170437035 0.0254200237 0.0074261069 0.0215898269 0.0191342132 0.0174703677 0.016737927 0.0290038993 0.0072664817 0.0109429354 0.007971676 0.0173438877 0.0100170891 0.0095311013 0.0224309417 0.0233452161 0.0149178711 0.0100465135 0.0116863418 0.0142809394 0.0177436064 0.0093830141 0.008212028 0.0191380081 0.0159777869 0.003345679 0.0135739566 0.0184222514 0.0055628026 0.0191381391 0.0269420091 0.0129724165 0.0179606993 0.0160945087 0.0217067629 0.0144080088 0.0065344624 0.0067536751 0.0044925784 0.0134601303 0.0129694354 
32 0.0138419085 0.015688518 0.0122162202 0.0133115275 0.0173371506 0.0110434301 0.0102056991 0.0330972192 0.0080040974 0.0171503853 0.0246436597 0.0129930098 0.008961557 0.0179642024 0.0161063463 0.014661858 0.0192847693 0.016387363 0.0109930732 0.0166649621 0.0167211349 0.0076031258 0.0098184451 0.002060591 0.0240967235 0.0094146289 0.0108792083 0.0115973224 0.0212253494 0.0112614574 0.0072664817 0.0150419137 0.0132509364 0.0258881955 0.0137421275 0.0110470451 0.0168797654 0.0018721353 0.0144246089 0.0103519072 0.0151004474 0.0133708553 0.0178496272 0.0258844473 0.0088855881 0.0209890908 0.0091073829 0.0202183429 0.02269837 0.0237695105 0.0191152641 0.017587011 0.0161407615 0.0160838562 0.0216150279 0.0183582727 0.0246614399 0.0103798699 0.0193049229 0.0131279758 0.0280038431 0.0154548282 0.0214084552 0.0158847487 
33 0.0086639026 0.0306879976 0.0196750075 0.0111969689 0.0107509357 0.0205866186 0.0050266703 0.0250367911 0.00525532 0.0080812106 0.0098730768 0.0272454141 0.0141690629 0.0210382404 0.0172161491 0.0107612462 0.0119527968 0.0219232974 0.0223721546 0.0037951532 0.0138708672 0.0217826557 0.0122028448 0.0147091291 0.0138881575 0.0119018186 0.0062127859 0.0189891694 0.0244390329 0.0316572639 0.0109429354 0.0132509364 0.0213855235 0.0075349533 0.0219245654 0.0087679614 0.0359226544 0.0150317025 0.0131384629 0.0036313399 0.0124973035 0.0126775458 0.0143377237 0.0134230744 0.0229391862 0.0117135836 0.0109649164 0.0158980436 0.0172984083 0.0230811406 0.0142887429 0.0219327396 0.007186663 0.0244070078 0.0152618009 0.0198469987 0.0132388941 0.0219712324 0.0135621569 0.0186763937 0.0060471083 0.0169400853 0.0115791893 0.0137372865 
34 0.0150488079 0.0307498845 0.0124918416 0.0163341586 0.0027620989 0.0230931122 0.0221253119 0.0156896676 0.0143252644 0.0168245919 0.0088635156 0.0175687627 0.0109616386 0.0205738683 0.0180171569 0.0172586302 0.0196037907 0.0285899894 0.0171794619 0.0152580809 0.018343634 0.0243556909 0.0128809533 0.0240392298 0.0172685591 0.0092732601 0.0101986942 0.0149188515 0.0141384324 0.0061909641 0.007971676 0.0258881955 0.0075349533 0.0165373117 0.0084618803 0.0126109902 0.0211342201 0.00730515 0.019145282 0.0078478934 0.0194522517 0.0081738849 0.0061557387 0.0136410915 0.0134024057 0.0171474706 0.014128249 0.0125061848 0.0128496744 0.0094139463 0.0069464855 0.0152379404 0.0199376337 0.0108351924 0.0275688446 0.0237757521 0.0124321617 0.0147171569 0.0180583646 0.022143263 0.0136130305 0.0120555126 0.0302352617 0.0162070462 
35 0.0198718496 0.0217175131 0.0111383936 0.010668526 0.0099261802 0.0175455751 0.00935154 0.0118940744 0.0183463415 0.0117034807 0.0175012143 0.0210331604 0.0121623699 0.0171617485 0.0194483949 0.0170445289 0.0140687868 0.0152046186 0.0144570853 0.015548364 0.0072648589 0.0212448789 0.0168653291 0.0251895419 0.0216607501 0.0231214505 0.0275567997 0.0144551745 0.0094928433 0.0224406841 0.0173438877 0.0137421275 0.0219245654 0.0084618803 0.032746668 0.0237744733 0.0124378721 0.0098440781 0.0 0.0130120242 0.0108224431 0.015927537 0.0038741241 0.0214069951 0.0114190407 0.0171568468 0.0163713669 0.0094959088 0.011195978 0.0181717024 0.0160231716 0.0087964867 0.0143949369 0.0066694145 0.0135494431 0.0264788522 0.0216413201 0.0196820555 0.0107554614 0.0091036752 0.0180221433 0.0183398778 0.0131827968 0.0191447888 
36 0.0167731393 0.0258942948 0.0040151768 0.0148179335 0.015109499 0.0194478785 0.018354469 0.0172049922 0.0131519311 0.0162830486 0.0148584406 0.0090246064 0.0055696745 0.0217063156 0.0072020356 0.0129922176 0.0161939835 0.0109287538 0.0011282258 0.0075250621 0.0139270933 0.0112196754 0.0282605785 0.0219927085 0.024938436 0.0228424495 0.0118778451 0.0131852788 0.0177796156 0.0263894049 0.0100170891 0.0110470451 0.0087679614 0.0126109902 0.0237744733 0.0154509055 0.0093179242 0.0120419196 0.0093059966 0.0189568889 0.0158353998 0.0147021859 0.0255400707 0.0122075772 0.0234533959 0.0274537401 0.021816135 0.0261941245 0.0162547886 0.0210440277 0.0175028641 0.0023518924 0.0157700176 0.0122232565 0.0134493748 0.021311954 0.0235753822 0.0129256787 0.0054631715 0.0182759542 0.0081955882 0.0172478901 0.0232167558 0.0121028167 
37 0.0213953087 0.0153548828 0.0282064433 0.0237307075 0.0156813915 0.0201519942 0.0137938542 0.017124303 0.0074822558 0.0133922095 0.0127987907 0.0163506764 0.0081778851 0.0099692558 0.0180261911 0.0149075551 0.0186246558 0.0075155751 0.0174952655 0.0107349145 0.0197293313 0.0189218893 0.0412645318 0.0118953253 0.0051580109 0.0069200447 0.0242287046 0.0145108795 0.0028561795 0.0124998078 0.0095311013 0.0168797654 0.0359226544 0.0211342201 0.0124378721 0.0093179242 0.0028761627 0.0083517407 0.0130305251 0.0219286122 0.0171815874 0.022439723 0.012645652 0.0162752202 0.0131772569 0.0189575823 0.0121390158 0.0079642931 0.0261476192 0.0048845477 0.0118802739 0.0258876034 0.0148280231 0.0187412116 0.0059178355 0.0217044552 0.0288357398 0.0201831073 0.009467176 0.0130513393 0.0233135195 0.0057503138 0.0151685375 0.013148968 
38 0.0121971788 0.0154679491 0.0117485855 0.0107625932 0.0103855192 0.0111058429 0.0164437258 0.0078605148 0.0146562119 0.0080770268 0.0125609802 0.0200413854 0.0103743958 0.0253261174 0.007987311 0.0230727923 0.0122499098 0.0203408351 0.0166357372 0.0236820366 0.0280253776 0.0111764245 0.0012257817 0.0233823008 0.0148851732 0.0144884756 0.0159925693 0.0209786257 0.0208231875 0.0162317817 0.0224309417 0.0018721353 0.0150317025 0.00730515 0.0098440781 0.0120419196 0.0083517407 0.0316660676 0.0239672812 0.0098765668 0.0144530728 0.0157740052 0.0143118716 0.0158629471 0.0185855597 0.0185400182 0.024734602 0.0207031266 0.0154330144 0.0227021845 0.0152769401 0.0129899316 0.0271696074 0.0148957948 0.0199491821 0.0136074243 0.0163667559 0.0181960847 0.0173901195 0.0084513296 0.007101843 0.0209053025 0.0149937536 0.011031599 
39 0.009658325 0.0145963833 0.0180997329 0.0179931832 0.0126874626 0.0239048567 0.0138900589 0.0071414594 0.0088149722 0.0108179933 0.0132093452 0.0156160832 0.0198778468 0.0043964901 0.0222803778 0.0164343487 0.0273832283 0.0064472794 0.0120491352 0.0096171183 0.0061604602 0.0248424174 0.0170427845 0.0223105854 0.0077510187 0.0235195566 0.0095109517 0.0206655315 0.0194771977 0.0154679595 0.0233452161 0.0144246089 0.0131384629 0.019145282 0.0 0.0093059966 0.0130305251 0.0239672812 0.0283926132 0.0292481716 0.0241833695 0.0142542001 0.0229504305 0.0072947789 0.0121173058 0.0146456334 0.0193647046 0.0127204328 0.010263963 0.011696313 0.0230358704 0.0146719714 0.0281059666 0.0122108346 0.0158280189 0.0234238457 0.0117905015 0.0097286641 0.0108470309 0.0162240072 0.0106209825 0.0074081207 0.0255156278 0.0154351246 
40 0.0136780955 0.0080659628 0.0116331891 0.0201952844 0.0229126926 0.014253717 0.0177773714 0.0178314751 0.0084524878 0.0131598738 0.017225221 0.0172920986 0.0245213097 0.0145913408 0.0156715997 0.0164140573 0.0188704814 0.0276164634 0.0115936505 0.015724679 0.0167113178 0.012431819 0.0079798069 0.0123712204 0.0082741348 0.0146237272 0.0155247849 0.0146197289 0.010891442 0.0177987736 0.0149178711 0.0103519072 0.0036313399 0.0078478934 0.0130120242 0.0189568889 0.0219286122 0.0098765668 0.0292481716 0.0160167632 0.0174968377 0.0124175303 0.0115915418 0.0203660024 0.0108271016 0.0099316223 0.0156607678 0.0222959768 0.0139296987 0.0199310612 0.0152518421 0.0225535867 0.0134397135 0.0162990559 0.0098285927 0.0135654859 0.0311350735 0.0276342077 0.0079527241 0.0191892858 0.0142835251 0.0201775375 0.0120229545 0.0177224299 
41 0.0224378057 0.0165589532 0.0088929412 0.013031356 0.0094014726 0.0075911845 0.0136217443 0.0143051207 0.0170332995 0.0267719118 0.0176879479 0.0026705606 0.0221980509 0.0097460485 0.0198574596 0.0160478192 0.0096758702 0.0217110037 0.0011899834 0.010141952 0.0126660836 0.0100915758 0.0273946845 0.0137270035 0.0268687812 0.0225155086 0.0078206338 0.0152269283 0.0177589944 0.018167452 0.0100465135 0.0151004474 0.0124973035 0.0194522517 0.0108224431 0.0158353998 0.0171815874 0.0144530728 0.0241833695 0.0174968377 0.0170157106 0.0086595226 0.0171718027 0.0158173261 0.0122342181 0.0137199057 0.0117939679 0.0157878283 0.0254505173 0.0193991317 0.014946846 0.0085016898 0.01424006 0.0203053826 0.0249369575 0.0113722604 0.0128358915 0.019757666 0.017546429 0.0154383778 0.0256347018 0.015641929 0.0202081455 0.0117043745 
42 0.0291941328 0.0272637551 0.0202433948 0.0134772711 0.0235323551 0.019021863 0.0141961034 0.0170243322 0.0134696255 0.0225295654 0.0056424865 0.0093755516 0.0289803675 0.0110154167 0.0175312824 0.0174995861 0.0216706241 0.0172154504 0.0105075078 0.0205575662 0.013566789 0.0148800878 0.009052057 0.0043990395 0.0171631167 0.0137064584 0.0203604834 0.0076479056 0.0114711889 0.0076663356 0.0116863418 0.0133708553 0.0126775458 0.0081738849 0.015927537 0.0147021859 0.022439723 0.0157740052 0.0142542001 0.0124175303 0.0086595226 0.0120632385 0.0055466085 0.0192278049 0.0177563241 0.02033959 0.0180950548 0.0215230664 0.0230996828 0.0226034431 0.0169402456 0.0029714944 0.0170174934 0.0176557299 0.0192642963 0.0224754052 0.0199833394 0.0302185455 0.0174543242 0.0046151925 0.008514662 0.0165626524 0.008292848 0.0078339267 
43 0.0149283754 0.0122834296 0.0174203566 0.0167865449 0.0169850624 0.0202196456 0.0180800854 0.0114050915 0.0207764323 0.0145932908 0.0120997753 0.0047319148 0.0234343722 0.0152873259 0.0179920504 0.0059834315 0.02852012 0.0090955285 0.0061999002 0.019601315 0.0208919424 0.0176498984 0.0180552217 0.0107313235 0.0114561881 0.011133927 0.0194047447 0.0210125665 0.0225290434 0.0143030372 0.0142809394 0.0178496272 0.0143377237 0.0061557387 0.0038741241 0.0255400707 0.012645652 0.0143118716 0.0229504305 0.0115915418 0.0171718027 0.0055466085 0.0320512044 0.0243718946 0.0243223891 0.0182592053 0.0231923305 0.0166278172 0.0212300334 0.0179957785 0.0107212838 0.011562924 0.0186750209 0.0242897725 0.0183406869 0.0043269517 0.011973154 0.0104406883 0.0204709803 0.0069591391 0.0121762864 0.0172936473 0.0120422937 0.002828446 
44 0.032080409 0.0181974919 0.0273180855 0.0106727106 0.0081085266 0.0072831545 0.0157013784 0.0144805816 0.016994251 0.0129059534 0.0098534491 0.0162428676 0.0139881639 0.0128209164 0.0178307707 0.0047735487 0.0003023277 0.0096875319 0.0196395891 0.0294450793 0.0179028766 0.0115248463 0.0193158381 0.022148957 0.0124541752 0.0381101333 0.0271972074 0.0094690502 0.0053642307 0.0111149823 0.0177436064 0.0258844473 0.0134230744 0.0136410915 0.0214069951 0.0122075772 0.0162752202 0.0158629471 0.0072947789 0.0203660024 0.0158173261 0.0192278049 0.0243718946 0.0070247587 0.0165549906 0.0205798718 0.0114466094 0.0048477223 0.0108482439 0.0105806036 0.0208373362 0.0122970752 0.0162749502 0.0214872407 0.0152165946 0.0080021361 0.0233068398 0.012365327 0.0219978478 0.0066949705 0.0135471588 0.0150406487 0.0150942362 0.0195029875 
45 0.0210759468 0.0107601457 0.0187286908 0.0117263686 0.014369164 0.011248482 0.0281654582 0.0180650511 0.0199094308 0.0248246665 0.017863119 0.0243073702 0.0174055852 0.0151437484 0.0031354793 0.0169233606 0.0121950422 0.0065868636 0.0186544922 0.0195758597 0.0208313244 0.0120972812 0.0174092195 0.0159097468 0.0050365337 0.012817386 0.0121134758 0.0111476063 0.0255700885 0.0116288173 0.0093830141 0.0088855881 0.0229391862 0.0134024057 0.0114190407 0.0234533959 0.0131772569 0.0185855597 0.0121173058 0.0108271016 0.0122342181 0.0177563241 0.0243223891 0.0165549906 0.0065798475 0.028555004 0.0180599508 0.0078586555 0.0148321824 0.0136503175 0.0171351385 0.0050381237 0.0090741521 0.0079643424 0.019419276 0.0086254224 0.0204681082 0.0132895189 0.0329939127 0.019486849 0.0232041167 0.0198338394 0.0133515097 0.0102961511 
46 0.0143744039 0.0126796351 0.0111869793 0.0288070595 0.019997167 0.0196990684 0.0192090418 0.006033529 0.0180607398 0.0138110629 0.0158922036 0.0207963067 0.0106830425 0.0210535526 0.0178251273 0.0283305748 0.0066341951 0.0237027033 0.0188293801 0.0119872259 0.0164448797 0.0092349817 0.0011871131 0.0175405224 0.0130448041 0.0216420295 0.0179221074 0.0216776789 0.0127824556 0.0173359222 0.008212028 0.0209890908 0.0117135836 0.0171474706 0.0171568468 0.0274537401 0.0189575823 0.0185400182 0.0146456334 0.0099316223 0.0137199057 0.02033959 0.0182592053 0.0205798718 0.028555004 0.0080397569 0.0106622886 0.0189413461 0.0165754089 0.0055855701 0.01520048 0.018669466 0.0084907273 0.0167753631 0.0069336577 0.0181253425 0.0125287628 0.0150673249 0.0135595977 0.0091722195 0.0079669833 0.0160802153 0.0156681541 0.0113506492 
47 0.0108142587 0.0135103075 0.0181786073 0.0258257788 0.0202755435 0.0123467141 0.0108195132 0.0149929057 0.0255372026 0.0179104952 0.0158828363 0.0192901378 0.0051763668 0.0056296584 0.0101300177 0.0207936298 0.0078271822 0.0091284896 0.0165721731 0.0118341788 0.0111122397 0.0183370598 0.0273152564 0.005025238 0.0089239336 0.0205988653 0.0103418327 0.0163606471 0.0149261537 0.0128925067 0.0191380081 0.0091073829 0.0109649164 0.014128249 0.0163713669 0.021816135 0.0121390158 0.024734602 0.0193647046 0.0156607678 0.0117939679 0.0180950548 0.0231923305 0.0114466094 0.0180599508 0.0106622886 0.0036468444 0.007628428 0.0143475777 0.0191424232 0.0308717317 0.0229253098 0.0076568545 0.0210858131 0.0222786029 0.0234729676 0.008390498 0.0208970025 0.0094534287 0.0147246141 0.0240825835 0.0137622717 0.0239395181 0.0167084497 
48 0.0106966887 0.0196151375 0.0100401211 0.0188653658 0.0283607068 0.0138490893 0.0147869502 0.0088202457 0.0179071769 0.0125685098 0.0086526581 0.0161021797 0.0091043763 0.01300797 0.0116572961 0.0150495315 0.0276708943 0.0213826581 0.0208311547 0.0135468354 0.0100934437 0.0000990720000000000 0.0130801734 0.0160300353 0.023309592 0.0089320745 0.0229947834 0.0255034327 0.0273975169 0.0139233533 0.0159777869 0.0202183429 0.0158980436 0.0125061848 0.0094959088 0.0261941245 0.0079642931 0.0207031266 0.0127204328 0.0222959768 0.0157878283 0.0215230664 0.0166278172 0.0048477223 0.0078586555 0.0189413461 0.007628428 0.0278055387 0.0236620948 0.0091095528 0.016093473 0.0182475869 0.0198366232 0.0103363615 0.0208670998 0.0151228547 0.0250629859 0.0040031609 0.0145016269 0.0163190845 0.0112564788 0.0073166278 0.0148404132 0.0145503289 
