25
1 0.0 0.0583293067 0.0409148625 0.0367028247 0.0492148948 0.0655197683 0.0468388199 0.0368856891 0.0510425268 0.0370802786 0.0418285974 0.0439605111 0.0321508201 0.0193739293 0.0274796995 0.0453780489 0.0228550348 0.0487374016 0.0459197759 0.0430324671 0.0111552778 0.0349115389 0.0689311917 0.0700126922 0.0217440424
2 0.0583293067 0.0 0.0368056169 0.0348865618 0.0197592228 0.0585515348 0.0204259209 0.0434243553 0.0537700548 0.0480793308 0.05741727 0.016553094 0.0279870684 0.0597674938 0.0352437734 0.0544540535 0.0521155775 0.0516576239 0.0542854137 0.0448862035 0.0630578785 0.0164026851 0.0091593079 0.0477632909 0.0352173612
3 0.0409148625 0.0368056169 0.0 0.0315021859 0.0666612422 0.0309315999 0.0616626839 0.0439121696 0.0166357318 0.0287107329 0.0534221531 0.0358373028 0.0488616569 0.0457169043 0.0256372945 0.0512781633 0.0520547131 0.0405641841 0.0281125026 0.0432173554 0.0610317358 0.029959833 0.0442342941 0.0538625531 0.0284725283
4 0.0367028247 0.0348865618 0.0315021859 0.0 0.0404447924 0.0552913428 0.0605221471 0.0399917094 0.0387744144 0.028499077 0.0076902913 0.0292992628 0.0619591728 0.04843793 0.0197784406 0.0534057115 0.0687144947 0.0271570457 0.0478548869 0.0456077743 0.0577057803 0.0492680759 0.0657268739 0.0242320229 0.0265471809
5 0.0492148948 0.0197592228 0.0666612422 0.0404447924 0.0 0.0281525154 0.0315689788 0.0161919065 0.0479598223 0.0405612981 0.0448216872 0.0314318569 0.0510966512 0.0376159111 0.0462435114 0.0664478062 0.0438719955 0.0088685762 0.0648464004 0.0343196246 0.0278412131 0.0173542083 0.0738675453 0.0585512925 0.0523070469
6 0.0655197683 0.0585515348 0.0309315999 0.0552913428 0.0281525154 0.0 0.0499363488 0.0775378503 0.0511394625 0.0485900396 0.0428215441 0.0464400713 0.0366687036 0.0289770363 0.0316849205 0.0251603221 0.0488189389 0.0497684676 0.0577074465 0.0153272704 0.0292959719 0.0273852607 0.0230721669 0.0558466637 0.0153747531
7 0.0468388199 0.0204259209 0.0616626839 0.0605221471 0.0315689788 0.0499363488 0.0 0.0400425711 0.0393018295 0.0417924024 0.0363488504 0.0475498635 0.0314866888 0.0353019576 0.0302007337 0.0371151316 0.0454643079 0.0405075578 0.0496906912 0.0490033455 0.0559642651 0.0498611365 0.0178335867 0.042411607 0.0391685742
8 0.0368856891 0.0434243553 0.0439121696 0.0399917094 0.0161919065 0.0775378503 0.0400425711 0.0 0.0539656223 0.0392315653 0.0432236761 0.0368556466 0.045217308 0.0305398951 0.0509733399 0.0421274482 0.0147263848 0.033069809 0.014191935 0.0615231436 0.0696636283 0.0432156609 0.0506070229 0.0086562692 0.0642253934
9 0.0510425268 0.0537700548 0.0166357318 0.0387744144 0.0479598223 0.0511394625 0.0393018295 0.0539656223 0.0 0.0252951203 0.0637330647 0.0133171491 0.0334976562 0.039786909 0.0625955026 0.0115327066 0.0354831489 0.0530476622 0.058214053 0.0531799424 0.0363331059 0.0391580004 0.0425503689 0.0410148488 0.0386712968
10 0.0370802786 0.0480793308 0.0287107329 0.028499077 0.0405612981 0.0485900396 0.0417924024 0.0392315653 0.0252951203 0.0 0.0357785044 0.0579064351 0.0577066339 0.057250192 0.0367168517 0.0245415925 0.0447824329 0.0366846384 0.0643404573 0.0335059732 0.0278540681 0.0322902403 0.0479100619 0.0319856252 0.0729064482
11 0.0418285974 0.05741727 0.0534221531 0.0076902913 0.0448216872 0.0428215441 0.0363488504 0.0432236761 0.0637330647 0.0357785044 0.0 0.0559691967 0.0729543602 0.0403044348 0.056692595 0.0643014587 0.0139916263 0.029205676 0.0310600221 0.057070939 0.0316662808 0.0253069736 0.0175042763 0.0403250623 0.0365614598
12 0.0439605111 0.016553094 0.0358373028 0.0292992628 0.0314318569 0.0464400713 0.0475498635 0.0368556466 0.0133171491 0.0579064351 0.0559691967 0.0 0.014135907 0.0441505671 0.0578554501 0.0461210571 0.0350058652 0.0629952161 0.0352568247 0.0467966707 0.0319217146 0.0271960484 0.0717929476 0.0515450342 0.0601063075
13 0.0321508201 0.0279870684 0.0488616569 0.0619591728 0.0510966512 0.0366687036 0.0314866888 0.045217308 0.0334976562 0.0577066339 0.0729543602 0.014135907 0.0 0.0296770718 0.0632356093 0.0452315169 0.0437605428 0.0345522008 0.0638664914 0.0116982115 0.0414153242 0.0345950637 0.0246573401 0.0458436483 0.0477443523
14 0.0193739293 0.0597674938 0.0457169043 0.04843793 0.0376159111 0.0289770363 0.0353019576 0.0305398951 0.039786909 0.057250192 0.0403044348 0.0441505671 0.0296770718 0.0 0.046713257 0.0544215989 0.0491532436 0.0376691063 0.0176805753 0.0263232625 0.0477699494 0.0472677565 0.0763936178 0.0362127535 0.0434946471
15 0.0274796995 0.0352437734 0.0256372945 0.0197784406 0.0462435114 0.0316849205 0.0302007337 0.0509733399 0.0625955026 0.0367168517 0.056692595 0.0578554501 0.0632356093 0.046713257 0.0 0.0472796576 0.0547742445 0.0358985566 0.0347621015 0.0469977073 0.0379194836 0.0626540427 0.0034964733 0.0156365959 0.0695301577
16 0.0453780489 0.0544540535 0.0512781633 0.0534057115 0.0664478062 0.0251603221 0.0371151316 0.0421274482 0.0115327066 0.0245415925 0.0643014587 0.0461210571 0.0452315169 0.0544215989 0.0472796576 0.0 0.0295438112 0.0258845981 0.0244333394 0.0573152743 0.0604578599 0.0409143902 0.0320249969 0.014015146 0.0466143105
17 0.0228550348 0.0521155775 0.0520547131 0.0687144947 0.0438719955 0.0488189389 0.0454643079 0.0147263848 0.0354831489 0.0447824329 0.0139916263 0.0350058652 0.0437605428 0.0491532436 0.0547742445 0.0295438112 0.0 0.0488247734 0.0440118648 0.061970421 0.0291961279 0.0549463951 0.0155716099 0.0528781248 0.0374843205
18 0.0487374016 0.0516576239 0.0405641841 0.0271570457 0.0088685762 0.0497684676 0.0405075578 0.033069809 0.0530476622 0.0366846384 0.029205676 0.0629952161 0.0345522008 0.0376691063 0.0358985566 0.0258845981 0.0488247734 0.0 0.0428831135 0.0459133402 0.0278553371 0.0655689457 0.0499866002 0.0700008199 0.0326987495
19 0.0459197759 0.0542854137 0.0281125026 0.0478548869 0.0648464004 0.0577074465 0.0496906912 0.014191935 0.058214053 0.0643404573 0.0310600221 0.0352568247 0.0638664914 0.0176805753 0.0347621015 0.0244333394 0.0440118648 0.0428831135 0.0 0.0308130374 0.0269228236 0.0408691499 0.0206096564 0.0792003295 0.0224671081
20 0.0430324671 0.0448862035 0.0432173554 0.0456077743 0.0343196246 0.0153272704 0.0490033455 0.0615231436 0.0531799424 0.0335059732 0.057070939 0.0467966707 0.0116982115 0.0263232625 0.0469977073 0.0573152743 0.061970421 0.0459133402 0.0308130374 0.0 0.0512999071 0.0418328653 0.0388380499 0.0106510107 0.048876203
21 0.0111552778 0.0630578785 0.0610317358 0.0577057803 0.0278412131 0.0292959719 0.0559642651 0.0696636283 0.0363331059 0.0278540681 0.0316662808 0.0319217146 0.0414153242 0.0477699494 0.0379194836 0.0604578599 0.0291961279 0.0278553371 0.0269228236 0.0512999071 0.0 0.0332345229 0.0499538456 0.0697122064 0.0207716921
22 0.0349115389 0.0164026851 0.029959833 0.0492680759 0.0173542083 0.0273852607 0.0498611365 0.0432156609 0.0391580004 0.0322902403 0.0253069736 0.0271960484 0.0345950637 0.0472677565 0.0626540427 0.0409143902 0.0549463951 0.0655689457 0.0408691499 0.0418328653 0.0332345229 0.0 0.082480769 0.0375000864 0.0658263505
23 0.0689311917 0.0091593079 0.0442342941 0.0657268739 0.0738675453 0.0230721669 0.0178335867 0.0506070229 0.0425503689 0.0479100619 0.0175042763 0.0717929476 0.0246573401 0.0763936178 0.0034964733 0.0320249969 0.0155716099 0.0499866002 0.0206096564 0.0388380499 0.0499538456 0.082480769 0.0 0.0208749986 0.0519223981
24 0.0700126922 0.0477632909 0.0538625531 0.0242320229 0.0585512925 0.0558466637 0.042411607 0.0086562692 0.0410148488 0.0319856252 0.0403250623 0.0515450342 0.0458436483 0.0362127535 0.0156365959 0.014015146 0.0528781248 0.0700008199 0.0792003295 0.0106510107 0.0697122064 0.0375000864 0.0208749986 0.0 0.021267318
25 0.0217440424 0.0352173612 0.0284725283 0.0265471809 0.0523070469 0.0153747531 0.0391685742 0.0642253934 0.0386712968 0.0729064482 0.0365614598 0.0601063075 0.0477443523 0.0434946471 0.0695301577 0.0466143105 0.0374843205 0.0326987495 0.0224671081 0.048876203 0.0207716921 0.0658263505 0.0519223981 0.021267318 0.0
