20
1 0.0 0.0540950475 0.0410348564 0.0683803698 0.0690124009 0.0452364394 0.0520719747 0.0336564608 0.0371317918 0.05219712 0.0446220199 0.0850188946 0.0556086034 0.0710432246 0.0473555239 0.0314322268 0.0832746558 0.0273221129 0.0531060512 0.0484002255
2 0.0540950475 0.0 0.064766715 0.0235510583 0.0367125028 0.0613629905 0.0434959942 0.0435831802 0.0442300634 0.0643711944 0.0758911619 0.023902846 0.0599855071 0.0877969252 0.0749730381 0.0627299553 0.0506468653 0.0559584436 0.0463807444 0.0255657669
3 0.0410348564 0.064766715 0.0 0.0714741058 0.0479907909 0.0493461329 0.0431652021 0.0618677976 0.0520891543 0.0626928978 0.0738000487 0.0496624049 0.0378385723 0.0565677878 0.0365229282 0.0784411272 0.040439357 0.0448029129 0.0497712124 0.0377259958
4 0.0683803698 0.0235510583 0.0714741058 0.0 0.0404878415 0.059304433 0.1056693049 0.0867131404 0.0288176254 0.0058563942 0.0095129065 0.0816446624 0.0761318672 0.0647914958 0.0268281683 0.0815346755 0.0660506093 0.0184035611 0.0375926306 0.0472551498
5 0.0690124009 0.0367125028 0.0479907909 0.0404878415 0.0 0.0804266731 0.0690035331 0.0295251829 0.0818184664 0.0297061081 0.086680444 0.0330227878 0.0297220261 0.0433096133 0.0384079991 0.0429771909 0.0533228686 0.0624791308 0.0520665934 0.0733278464
6 0.0452364394 0.0613629905 0.0493461329 0.059304433 0.0804266731 0.0 0.0545472826 0.0983420386 0.0217774312 0.0378696622 0.0691205947 0.068122279 0.0314476833 0.0385878301 0.0698622999 0.0261305292 0.0626597728 0.0385612568 0.0462566088 0.0410380621
7 0.0520719747 0.0434959942 0.0431652021 0.1056693049 0.0690035331 0.0545472826 0.0 0.0548119759 0.0670041592 0.0303485738 0.070233405 0.0765934011 0.0326810151 0.0405599789 0.0278239334 0.0453679006 0.0580945257 0.0441049263 0.0294876303 0.0549352832
8 0.0336564608 0.0435831802 0.0618677976 0.0867131404 0.0295251829 0.0983420386 0.0548119759 0.0 0.0588462633 0.0456239399 0.0122129541 0.02153604 0.1078246637 0.0481578113 0.0767398355 0.0495844358 0.024096699 0.0174767766 0.0916227464 0.0377780578
9 0.0371317918 0.0442300634 0.0520891543 0.0288176254 0.0818184664 0.0217774312 0.0670041592 0.0588462633 0.0 0.0482615966 0.0481191659 0.083991022 0.0299867269 0.0771529114 0.0575362826 0.0189672762 0.0538942151 0.0282943355 0.0859865983 0.0760949146
10 0.05219712 0.0643711944 0.0626928978 0.0058563942 0.0297061081 0.0378696622 0.0303485738 0.0456239399 0.0482615966 0.0 0.0593662015 0.060766581 0.0514411236 0.0841741371 0.0558387011 0.060253639 0.0581160636 0.0562100538 0.089874714 0.0470312983
11 0.0446220199 0.0758911619 0.0738000487 0.0095129065 0.086680444 0.0691205947 0.070233405 0.0122129541 0.0481191659 0.0593662015 0.0 0.0075780534 0.0547298311 0.0242571743 0.0921485416 0.0110631389 0.0459299652 0.0790381938 0.0777742858 0.0579219133
12 0.0850188946 0.023902846 0.0496624049 0.0816446624 0.0330227878 0.068122279 0.0765934011 0.02153604 0.083991022 0.060766581 0.0075780534 0.0 0.0444634147 0.035319885 0.0630374339 0.076138308 0.0517338222 0.067509258 0.0257044556 0.0442544503
13 0.0556086034 0.0599855071 0.0378385723 0.0761318672 0.0297220261 0.0314476833 0.0326810151 0.1078246637 0.0299867269 0.0514411236 0.0547298311 0.0444634147 0.0 0.0530949949 0.0442626668 0.0619583047 0.0291125567 0.0792292258 0.0594993625 0.0609818541
14 0.0710432246 0.0877969252 0.0565677878 0.0647914958 0.0433096133 0.0385878301 0.0405599789 0.0481578113 0.0771529114 0.0841741371 0.0242571743 0.035319885 0.0530949949 0.0 0.0415138532 0.0153479828 0.0438542521 0.0444828921 0.0781787503 0.0518084999
15 0.0473555239 0.0749730381 0.0365229282 0.0268281683 0.0384079991 0.0698622999 0.0278239334 0.0767398355 0.0575362826 0.0558387011 0.0921485416 0.0630374339 0.0442626668 0.0415138532 0.0 0.0798540224 0.0511058661 0.0328713519 0.0278549395 0.0554626147
16 0.0314322268 0.0627299553 0.0784411272 0.0815346755 0.0429771909 0.0261305292 0.0453679006 0.0495844358 0.0189672762 0.060253639 0.0110631389 0.076138308 0.0619583047 0.0153479828 0.0798540224 0.0 0.0693394571 0.0708669432 0.0253988394 0.0926140467
17 0.0832746558 0.0506468653 0.040439357 0.0660506093 0.0533228686 0.0626597728 0.0580945257 0.024096699 0.0538942151 0.0581160636 0.0459299652 0.0517338222 0.0291125567 0.0438542521 0.0511058661 0.0693394571 0.0 0.089322693 0.0359350245 0.0330707309
18 0.0273221129 0.0559584436 0.0448029129 0.0184035611 0.0624791308 0.0385612568 0.0441049263 0.0174767766 0.0282943355 0.0562100538 0.0790381938 0.067509258 0.0792292258 0.0444828921 0.0328713519 0.0708669432 0.089322693 0.0 0.0579207274 0.0851452044
19 0.0531060512 0.0463807444 0.0497712124 0.0375926306 0.0520665934 0.0462566088 0.0294876303 0.0916227464 0.0859865983 0.089874714 0.0777742858 0.0257044556 0.0594993625 0.0781787503 0.0278549395 0.0253988394 0.0359350245 0.0579207274 0.0 0.0295880853
20 0.0484002255 0.0255657669 0.0377259958 0.0472551498 0.0733278464 0.0410380621 0.0549352832 0.0377780578 0.0760949146 0.0470312983 0.0579219133 0.0442544503 0.0609818541 0.0518084999 0.0554626147 0.0926140467 0.0330707309 0.0851452044 0.0295880853 0.0
