64
1 0.0086977838 0.0179804113 0.0163623696 0.0158308459 0.021105481 0.019236083 0.0197924031 0.0079740389 0.0097603392 0.0204269526 0.0199780328 0.0151863887 0.0199071069 0.0067870623 0.0234917581 0.0243212058 0.0076221161 0.0070777304 0.0212813774 0.0114271438 0.0136485725 0.0078156557 0.0167817502 0.0236883015 0.016447613 0.0081720628 0.0128872897 0.0184924511 0.0132615332 0.0176287268 0.0176827922 0.0125798104 0.0178039898 0.0210260875 0.0152538437 0.008806012 0.0015135842 0.0108091434 0.0171235831 0.0130545592 0.0184998797 0.0221799572 0.0198209841 0.0211109693 0.0172492389 0.0204036317 0.0148903834 0.0080726761 0.0259706653 0.0150749059 0.0228439447 0.0064409356 0.0093231173 0.0139890856 0.0098135302 0.008079405 0.026060403 0.0245428642 0.0126236874 0.0285497782 0.0245037753 0.0052513247 0.0122355085 0.0137453561 
2 0.0179804113 0.0117128175 0.028584814 0.0187471769 0.0083537736 0.008727901 0.0184767718 0.0229321508 0.029956572 0.0208860283 0.005922845 0.0150711817 0.0153399768 0.0108101635 0.0242502298 0.0115490388 0.0084576028 0.017581312 0.0195705451 0.0131941705 0.0271936619 0.0232677372 0.0078617209 0.0144705948 0.0126073377 0.0125279007 0.0234233576 0.0107778295 0.0144560596 0.018228561 0.0088563196 0.0103947661 0.0103985151 0.0022028404 0.0141298761 0.0177120763 0.0209736391 0.0116948225 0.0168489737 0.0148640481 0.0184451059 0.0104096484 0.0188650377 0.0043241102 0.0205838766 0.0202278459 0.0125048733 0.0296160892 0.0233069923 0.0197206985 0.0084518226 0.0043423012 0.0112901901 0.0177284844 0.0165913162 0.0199466992 0.0051670218 0.007267538 0.021760174 0.0144732799 0.0124890623 0.0145506972 0.026600509 0.0203405048 
3 0.0163623696 0.028584814 0.0076973808 0.0124083396 0.0168872796 0.0160188317 0.0293015548 0.0172926609 0.0128736691 0.0060076488 0.0059295725 0.0188001898 0.018646583 0.0147369061 0.0098619457 0.0049600399 0.01507843 0.0145178199 0.0142890573 0.0156518766 0.0155056517 0.0031829751 0.0177649311 0.0202816578 0.0122073424 0.0169299545 0.0172899556 0.0220591771 0.0218310415 0.0191496567 0.0136963004 0.0139666564 0.0149037485 0.0174862556 0.0184729205 0.0158780986 0.0172833089 0.0159532544 0.0202281096 0.0174712319 0.0181308018 0.0097671951 0.0216845522 0.0026510606 0.0256888005 0.0118332863 0.0320318725 0.0231138491 0.0128201906 0.0083483292 0.0065250331 0.0195864268 0.01929241 0.0129981329 0.0188695622 0.0293486232 0.0209020114 0.0087536629 0.0063518141 0.0108838261 0.0043433212 0.0234559695 0.0172709546 0.0078991159 
4 0.0158308459 0.0187471769 0.0124083396 0.0133028193 0.0075262763 0.0185983647 0.0139115208 0.0310525531 0.0047088745 0.0183514726 0.0044081249 0.0260648408 0.0124481162 0.0177284803 0.0065245464 0.0209544436 0.024501221 0.009712636 0.0155846005 0.0160948589 0.0119893242 0.0143327616 0.0203392809 0.0088168714 0.0307589762 0.0124594199 0.0053043315 0.0112922997 0.0102749857 0.0090196007 0.0191741232 0.0209570022 0.0097259934 0.0159863065 0.0120338493 0.0168806952 0.0118863862 0.0210086303 0.0206306894 0.0148440564 0.0148026573 0.0229779429 0.0182079817 0.0116877212 0.0260248447 0.0299741012 0.0132005512 0.0192314361 0.0294281109 0.0090112417 0.0151540982 0.0152316836 0.0060237295 0.008191878 0.0097279207 0.0143932905 0.0106911583 0.012755557 0.0170850024 0.0145170935 0.0230672741 0.0174241168 0.0212645142 0.0137503981 
5 0.021105481 0.0083537736 0.0168872796 0.0075262763 0.0240216708 0.0116706217 0.0228450743 0.0139648502 0.0215474138 0.0218942334 0.0168580185 0.0304833587 0.027146583 0.012937971 0.0143486259 0.0081012798 0.0150452556 0.0300856524 0.0197780731 0.0210642272 0.0093076975 0.0208909281 0.0188121272 0.0183006623 0.0123581411 0.0121671077 0.0068018575 0.0127186851 0.0074911729 0.0316234558 0.0151406733 0.0127427251 0.0060693026 0.0274556635 0.0152219936 0.0407293379 0.0135602747 0.0156149186 0.0166355718 0.011239268 0.0157259695 0.0205225728 0.013221699 0.0088868311 0.0068306735 0.0164169525 0.0158627755 0.0123319848 0.0099437515 0.020758003 0.0098163081 0.0118253614 0.0080648041 0.008845892 0.0098133481 0.0089451954 0.0129836908 0.0103815777 0.0096271975 0.0117100896 0.0159213697 0.0105001301 0.0298087982 0.0107077397 
6 0.019236083 0.008727901 0.0160188317 0.0185983647 0.0116706217 0.0119907481 0.00635437 0.0076077943 0.0140318561 0.0065049116 0.0143834733 0.013810274 0.0181893693 0.0129409219 0.0071321883 0.0127902758 0.0156457056 0.007056585 0.0241824532 0.0136333973 0.0233154264 0.0239765415 0.0167263552 0.0129045159 0.0148009423 0.0116968587 0.0134792827 0.0252941818 0.0365545668 0.0237374724 0.0102062524 0.0115307689 0.0086043483 0.011880733 0.0211174622 0.0174197499 0.017256449 0.0237900147 0.0147918214 0.0250099649 0.0037901164 0.0160746316 0.0181286629 0.0118304107 0.0231605161 0.022429419 0.0097427118 0.0053611702 0.0177632261 0.0228195456 0.0270807129 0.0138328628 0.0153247591 0.0213027576 0.0213237169 0.0166867321 0.0146164 0.0036926257 0.0114950896 0.0202243365 0.0201848348 0.0114207251 0.0116503743 0.0154638277 
7 0.0197924031 0.0184767718 0.0293015548 0.0139115208 0.0228450743 0.00635437 0.0297493436 0.0092928914 0.0139663072 0.014254683 0.0232848129 0.011013046 0.0098734883 0.0190471328 0.0107114499 0.0142729848 0.007355286 0.0172398577 0.0150011266 0.0213415052 0.0092214497 0.012642301 0.0095552998 0.0224538931 0.0120620862 0.0127887425 0.0188885852 0.0104166444 0.0223213304 0.0175956311 0.0194964388 0.0159289874 0.0052704802 0.0202385694 0.0032996864 0.0219910566 0.0077355647 0.0171008981 0.0227662921 0.0125388891 0.0281184756 0.0198012914 0.0073314108 0.0164966892 0.0125420002 0.0313805612 0.0105487423 0.0211469707 0.0135633467 0.0198712708 0.0131953977 0.006899521 0.0183963225 0.0165834351 0.0110931658 0.0205536382 0.0071822001 0.0124054172 0.0090743767 0.0149617947 0.0178853093 0.0161245761 0.0240752228 0.0093704276 
8 0.0079740389 0.0229321508 0.0172926609 0.0310525531 0.0139648502 0.0076077943 0.0092928914 0.0212665062 0.0210351349 0.0049087946 0.0058479545 0.0231687822 0.0126535223 0.0073052672 0.0131360159 0.0104372278 0.0148542646 0.0159632459 0.0165219081 0.0211457214 0.0105354106 0.0213671488 0.0074523446 0.0150464632 0.0096332479 0.0231261223 0.0152652699 0.0098292515 0.0180094739 0.0179599133 0.0068501404 0.0112538244 0.0162477394 0.0074863166 0.0177956704 0.0108836137 0.0146651686 0.0101378043 0.0258889069 0.0153935229 0.013384504 0.0118533249 0.013091063 0.0215424873 0.0232358483 0.0157842306 0.0116895722 0.0294660716 0.0327694547 0.010169681 0.0099537068 0.0102318591 0.0228264226 0.0120315119 0.0088078717 0.0139584892 0.0270383735 0.0190327956 0.009433769 0.0111007026 0.0220321926 0.0193619973 0.0216006317 0.0264147999 
9 0.0097603392 0.029956572 0.0128736691 0.0047088745 0.0215474138 0.0140318561 0.0139663072 0.0210351349 0.0055869641 0.012156257 0.0154424987 0.0112942545 0.0128133252 0.0178408023 0.0185724522 0.0035717587 0.0138176326 0.0152023138 0.0159880303 0.0189997673 0.0106991024 0.0086977978 0.0124851298 0.0161661939 0.0197290191 0.0151633393 0.0173649101 0.0117299968 0.0188230226 0.0167103209 0.0066733152 0.0128833143 0.0088078206 0.0189628838 0.016349271 0.0101413849 0.0131485914 0.0171810683 0.0218371553 0.0190535101 0.0135794622 0.0188380459 0.0150834394 0.0234397357 0.0149961248 0.015319296 0.016823968 0.0122376216 0.0115636317 0.0221340274 0.0131803221 0.0207089106 0.0180373178 0.0142799716 0.0152793237 0.0289109976 0.0270295188 0.0269679949 0.0100019175 0.0202719956 0.0184958643 0.0129474907 0.0191286567 0.0089709945 
10 0.0204269526 0.0208860283 0.0060076488 0.0183514726 0.0218942334 0.0065049116 0.014254683 0.0049087946 0.012156257 0.0286757429 0.0229210072 0.0151859893 0.0079062735 0.0136140167 0.0256611918 0.0103619447 0.0118666773 0.0234679565 0.020456674 0.0131159164 0.0071942515 0.0148118409 0.0066281382 0.025733482 0.0122134612 0.0287068908 0.0171595101 0.0275232199 0.0192954175 0.0147061788 0.0120222521 0.0112079155 0.0127089965 0.0144887024 0.0158375043 0.0105304765 0.0148270877 0.0312640703 0.0084570848 0.0182742607 0.0175348265 0.0143044556 0.0144827017 0.01561323 0.0120059733 0.0102413369 0.0175945852 0.0057452534 0.0250909323 0.0202459032 0.0163288858 0.019958272 0.028368389 0.0124679957 0.0144642245 0.0101165301 0.0161221392 0.0061855433 0.0106794168 0.0212426063 0.0126607817 0.0117616482 0.0082942828 0.0162749724 
11 0.0199780328 0.005922845 0.0059295725 0.0044081249 0.0168580185 0.0143834733 0.0232848129 0.0058479545 0.0154424987 0.0229210072 0.0062981727 0.0117216435 0.0054087891 0.0372987554 0.0051640014 0.0156826893 0.034357971 0.0103832613 0.0090620747 0.0093735835 0.0075426735 0.0066492965 0.0141244078 0.0241646238 0.0194796498 0.0245739196 0.0174883867 0.0075475646 0.017010846 0.0250685044 0.0081963247 0.0139561358 0.0187720366 0.0162116853 0.0169130964 0.0247277003 0.0214273654 0.0133301279 0.0160163817 0.0153224894 0.0203394644 0.0068527145 0.0144073618 0.0142294058 0.0195649029 0.0174540732 0.01160934 0.0146940975 0.0180592285 0.0072606623 0.0199151803 0.0276652944 0.0102609187 0.0097847086 0.022788934 0.0165045222 0.0156655971 0.0261741959 0.0100497334 0.0187217836 0.0207248705 0.0196824953 0.0123885874 0.016951429 
12 0.0151863887 0.0150711817 0.0188001898 0.0260648408 0.0304833587 0.013810274 0.011013046 0.0231687822 0.0112942545 0.0151859893 0.0117216435 0.0150122504 0.0133095651 0.0064291398 0.0169087722 0.01231411 0.0217511484 0.0261513455 0.0134846531 0.0157344267 0.0197881737 0.0186365006 0.0177587409 0.0119304882 0.0273291265 0.008147693 0.0110345328 0.0054490816 0.0191823416 0.0093937403 0.0107116176 0.0072752582 0.0148761443 0.0175096336 0.0116981021 0.0131462519 0.0228165027 0.0317839801 0.0149076997 0.0176963679 0.0103130454 0.0184686016 0.0122660258 0.0146687234 0.0199816705 0.0201100954 0.0244148438 0.0069679401 0.003184812 0.034050814 0.0219710693 0.0197695486 0.0065582208 0.024180638 0.0096096103 0.0149214702 0.0141252859 0.0143444353 0.0120454332 0.0139359748 0.013217214 0.0070241393 0.0140010962 0.0059019544 
13 0.0199071069 0.0153399768 0.018646583 0.0124481162 0.027146583 0.0181893693 0.0098734883 0.0126535223 0.0128133252 0.0079062735 0.0054087891 0.0133095651 0.013464353 0.0193191758 0.0156563322 0.0020317001 0.0141099911 0.0222682399 0.0083129736 0.0136159002 0.0182404375 0.0247945913 0.0303021596 0.0084972463 0.0154410462 0.0105402184 0.0045626298 0.0092409553 0.0127551396 0.016271355 0.0192122881 0.0224718452 0.0097402759 0.029610928 0.0058416428 0.0057944945 0.0208194686 0.0126909581 0.008715708 0.0121692104 0.0146212429 0.0167645431 0.0123065697 0.0205292878 0.0162108407 0.0090845346 0.0085190207 0.0151985514 0.0162946348 0.0086923564 0.0248231038 0.0160297547 0.0332306219 0.0185748024 0.01579236 0.0222002896 0.0123445155 0.0255030224 0.0206254984 0.0287195181 0.0114406871 0.0241413503 0.0107250207 0.0174939103 
14 0.0067870623 0.0108101635 0.0147369061 0.0177284803 0.012937971 0.0129409219 0.0190471328 0.0073052672 0.0178408023 0.0136140167 0.0372987554 0.0064291398 0.0193191758 0.010005191 0.009421201 0.0069556783 0.0175203901 0.0127064604 0.0113243297 0.0144441425 0.0108574042 0.018213735 0.0119737506 0.0195436152 0.0100226489 0.0234134366 0.0185484988 0.0184755807 0.0201845813 0.0229230252 0.0258313596 0.0124712593 0.0203162025 0.0072969037 0.0186901438 0.0247993101 0.0124406996 0.0100048937 0.0111893964 0.0154968844 0.0037347044 0.0152683854 0.0180645947 0.0058339018 0.0192245745 0.0119600445 0.0156673206 0.0237815626 0.0200514071 0.0172527213 0.0126870402 0.0143259757 0.0206109518 0.021643683 0.0169161644 0.0072601278 0.0214019051 0.0194430576 0.0209066968 0.0191484691 0.0095796802 0.0205161414 0.018724056 0.0141303164 
15 0.0234917581 0.0242502298 0.0098619457 0.0065245464 0.0143486259 0.0071321883 0.0107114499 0.0131360159 0.0185724522 0.0256611918 0.0051640014 0.0169087722 0.0156563322 0.009421201 0.0363937348 0.0039124616 0.0173329833 0.0159137799 0.0210895712 0.0161561461 0.0166940806 0.0153586451 0.0101271939 0.0132756496 0.0113357523 0.0312644431 0.0097141607 0.0193742355 0.0219574586 0.0186968787 0.0141171608 0.0194464743 0.0344804198 0.012149654 0.0195777064 0.0197946823 0.0135458972 0.0096278826 0.0159916672 0.0197695955 0.0107104423 0.0082267253 0.0212763645 0.016652006 0.0077304573 0.023517229 0.0100588028 0.0033744548 0.0117782676 0.0056679378 0.0189008659 0.0191776103 0.0227140929 0.0130193712 0.0247666927 0.0084683692 0.0089171941 0.0127763045 0.01579668 0.020665391 0.0212195267 0.0190542 0.0026592124 0.0149327758 
16 0.0243212058 0.0115490388 0.0049600399 0.0209544436 0.0081012798 0.0127902758 0.0142729848 0.0104372278 0.0035717587 0.0103619447 0.0156826893 0.01231411 0.0020317001 0.0069556783 0.0039124616 0.0149505684 0.0083464905 0.0194374133 0.0150559369 0.0293801876 0.0252849033 0.0079245352 0.0217841356 0.0154723405 0.0102240642 0.0128737155 0.0081102011 0.009062583 0.0132777083 0.0231974865 0.0101074679 0.017331156 0.0170180546 0.0266199352 0.0126491398 0.0272819744 0.0158203634 0.0190774525 0.0145947728 0.0211846435 0.0223728279 0.0187716676 0.0175659447 0.0235688578 0.0353745287 0.0182134471 0.0258717842 0.0082556763 0.0237032588 0.0196328681 0.0144782804 0.0106266565 0.0104171807 0.023830572 0.0201013126 0.0186925238 0.0272879538 0.0144593886 0.0131354793 0.0140571714 0.013497121 0.0150274108 0.0032685922 0.0095054268 
17 0.0076221161 0.0084576028 0.01507843 0.024501221 0.0150452556 0.0156457056 0.007355286 0.0148542646 0.0138176326 0.0118666773 0.034357971 0.0217511484 0.0141099911 0.0175203901 0.0173329833 0.0083464905 0.0292867141 0.0160768701 0.0085718888 0.0254779545 0.0172964232 0.0178295932 0.0084839562 0.0092941013 0.0222940518 0.0145383917 0.0113251344 0.0328613156 0.0081114918 0.0085782643 0.0104073993 0.0079155527 0.0116327486 0.01568977 0.012664077 0.0204264536 0.0123838196 0.0195346324 0.004488178 0.0046302886 0.0115232629 0.0077187281 0.016528919 0.0161412913 0.0176556681 0.0218077627 0.0146224507 0.0113554129 0.0229514953 0.0057242457 0.0153322569 0.0220539019 0.0249337982 0.0086781426 0.0264375969 0.0291634214 0.0080345725 0.02920298 0.0211767421 0.0238839247 0.0137183707 0.0185423826 0.0083991854 0.0069512506 
18 0.0070777304 0.017581312 0.0145178199 0.009712636 0.0300856524 0.007056585 0.0172398577 0.0159632459 0.0152023138 0.0234679565 0.0103832613 0.0261513455 0.0222682399 0.0127064604 0.0159137799 0.0194374133 0.0160768701 0.0101053702 0.0154184632 0.0128316711 0.0240506197 0.0201093677 0.0073482429 0.0186451062 0.0099181879 0.006308036 0.0150029995 0.0015092358 0.0174850293 0.0289579379 0.0157106361 0.0124150938 0.0260880786 0.0130331666 0.0159413441 0.0070423971 0.012735633 0.0111028693 0.0106081756 0.0130342562 0.0306110345 0.0258139503 0.0183773043 0.0012700262 0.0259838634 0.01028019 0.0340634054 0.0111779262 0.0166614291 0.0164232708 0.0178639349 0.0123460335 0.0082396955 0.0178725806 0.0176047027 0.0094511844 0.0138032658 0.005974251 0.005038034 0.022791796 0.0067676105 0.0227821123 0.016676362 0.0258816383 
19 0.0212813774 0.0195705451 0.0142890573 0.0155846005 0.0197780731 0.0241824532 0.0150011266 0.0165219081 0.0159880303 0.020456674 0.0090620747 0.0134846531 0.0083129736 0.0113243297 0.0210895712 0.0150559369 0.0085718888 0.0154184632 0.0074695488 0.0202481155 0.0159983887 0.0158962889 0.0060456213 0.020153522 0.0253532128 0.0152917945 0.0108851448 0.0148474454 0.0101082957 0.0184182874 0.0253514745 0.0336119566 0.0102106221 0.0143656114 0.0046607142 0.0096166612 0.0174888337 0.0188205388 0.0171124462 0.015851051 0.0126819435 0.018649949 0.0069983213 0.0075752586 0.0118023603 0.015188923 0.0167440186 0.017664396 0.013194482 0.0167788588 0.0161120376 0.0130340914 0.0152318417 0.0132705393 0.0277337619 0.0257566357 0.0142825696 0.0034027648 0.0114195459 0.0262835491 0.0214698998 0.0068045423 0.0202995927 0.0148408048 
20 0.0114271438 0.0131941705 0.0156518766 0.0160948589 0.0210642272 0.0136333973 0.0213415052 0.0211457214 0.0189997673 0.0131159164 0.0093735835 0.0157344267 0.0136159002 0.0144441425 0.0161561461 0.0293801876 0.0254779545 0.0128316711 0.0202481155 0.0084342066 0.0125923977 0.0070122687 0.0119926194 0.0107787429 0.0208239306 0.0137312228 0.0100954479 0.0088083723 0.0144549784 0.0192666507 0.0140734307 0.0223824437 0.0071824895 0.0204773822 0.0221487185 0.011386907 0.0206313179 0.0035758499 0.0203144048 0.0121192972 0.0141015139 0.0106344015 0.0184963485 0.0137054515 0.0138463441 0.0161808506 0.039237913 0.0181269354 0.0244579406 0.0207051231 0.0055876518 0.0194328244 0.0142194345 0.0114502525 0.0086808879 0.0133725012 0.0088923733 0.0182353428 0.0070246524 0.0138636434 0.0235411079 0.0060082409 0.0263425268 0.0186419466 
21 0.0136485725 0.0271936619 0.0155056517 0.0119893242 0.0093076975 0.0233154264 0.0092214497 0.0105354106 0.0106991024 0.0071942515 0.0075426735 0.0197881737 0.0182404375 0.0108574042 0.0166940806 0.0252849033 0.0172964232 0.0240506197 0.0159983887 0.0125923977 0.0152310355 0.0051103155 0.0171636816 0.0105989145 0.0174338895 0.0270702397 0.0060578696 0.0082291198 0.012828018 0.0186246785 0.0123608241 0.0214953559 0.0141520382 0.0186175998 0.0144496539 0.0069712664 0.0126690082 0.0159311637 0.0200281304 0.0266190006 0.0215279042 0.0030325284 0.0166650693 0.0126017716 0.016198949 0.0113394691 0.0063491101 0.0014831772 0.0151559971 0.0362699513 0.0170135483 0.0018146117 0.0240054581 0.0189096847 0.0125461309 0.0082125659 0.0265878643 0.0226103045 0.0167097853 0.0179085874 0.0183375058 0.0241848189 0.0249865515 0.0169508018 
22 0.0078156557 0.0232677372 0.0031829751 0.0143327616 0.0208909281 0.0239765415 0.012642301 0.0213671488 0.0086977978 0.0148118409 0.0066492965 0.0186365006 0.0247945913 0.018213735 0.0153586451 0.0079245352 0.0178295932 0.0201093677 0.0158962889 0.0070122687 0.0051103155 0.0278191456 0.0153715054 0.0246184893 0.0157161317 0.0232123559 0.0101095701 0.0115683652 0.0161269217 0.0070946041 0.0136741266 0.0206828781 0.015196946 0.0158130401 0.0260248631 0.0219894437 0.0342577641 0.0093875149 0.0167074337 0.014166281 0.008987241 0.0142745587 0.0057792347 0.0173899942 0.0149089264 0.0172643552 0.0023660273 0.0129142911 0.0071996364 0.0150802969 0.0072649836 0.0322962517 0.0088673779 0.0157333458 0.0120308362 0.025801919 0.0101891231 0.0079988325 0.032665173 0.0158515034 0.0253327531 0.0160200712 0.0160359548 0.009689107 
23 0.0167817502 0.0078617209 0.0177649311 0.0203392809 0.0188121272 0.0167263552 0.0095552998 0.0074523446 0.0124851298 0.0066281382 0.0141244078 0.0177587409 0.0303021596 0.0119737506 0.0101271939 0.0217841356 0.0084839562 0.0073482429 0.0060456213 0.0119926194 0.0171636816 0.0153715054 0.0164308023 0.0174802521 0.0179818148 0.0180591212 0.0267222573 0.0201126591 0.0103573315 0.0079806257 0.0193402849 0.0096291013 0.01379301 0.0115041892 0.0210995048 0.0142171493 0.0025989276 0.0144404155 0.0181993528 0.0181855595 0.0173549417 0.0181842102 0.0118530235 0.0121964741 0.0102717056 0.0132245974 0.0182899021 0.0205582162 0.0146287838 0.0160258984 0.0305022076 0.033380209 0.0113415234 0.0133718264 0.0219510474 0.0105434455 0.0148832408 0.0091180413 0.0240438984 0.0194269793 0.0127433609 0.0100505308 0.028223444 0.0228170404 
24 0.0236883015 0.0144705948 0.0202816578 0.0088168714 0.0183006623 0.0129045159 0.0224538931 0.0150464632 0.0161661939 0.025733482 0.0241646238 0.0119304882 0.0084972463 0.0195436152 0.0132756496 0.0154723405 0.0092941013 0.0186451062 0.020153522 0.0107787429 0.0105989145 0.0246184893 0.0174802521 0.0158219233 0.0043782244 0.0077894748 0.0110574507 0.0211268723 0.0168701201 0.0123407128 0.0159210464 0.0226962309 0.016587608 0.0064006547 0.0127329259 0.0136370441 0.0101372888 0.0244520733 0.0137242142 0.0115301967 0.0221928354 0.0228534199 0.0155654566 0.0230278076 0.0195031626 0.0141137741 0.0103003971 0.0216566778 0.0053513177 0.0183608153 0.0253229977 0.0141173502 0.0154125444 0.0198414259 0.0131672807 0.020069502 0.008640588 0.009922557 0.0182689809 0.0137966419 0.0050499329 0.0172255644 0.016074632 0.0106445488 
25 0.016447613 0.0126073377 0.0122073424 0.0307589762 0.0123581411 0.0148009423 0.0120620862 0.0096332479 0.0197290191 0.0122134612 0.0194796498 0.0273291265 0.0154410462 0.0100226489 0.0113357523 0.0102240642 0.0222940518 0.0099181879 0.0253532128 0.0208239306 0.0174338895 0.0157161317 0.0179818148 0.0043782244 0.0131409964 0.0073278941 0.014677752 0.0208213048 0.0139292736 0.0067674141 0.0224924702 0.0101883733 0.0100946645 0.0186055411 0.0114335843 0.0193998375 0.0140642645 0.0084690896 0.023552267 0.0074735644 0.0239261552 0.0007957937 0.0111260108 0.0214499783 0.011670049 0.0105832869 0.0081241552 0.001748382 0.0265035111 0.0191543217 0.0131472238 0.0277648672 0.0229123358 0.0101406281 0.0208265745 0.0120149249 0.0218651119 0.0203045144 0.0087240849 0.0159622269 0.0204438648 0.0255955319 0.0189840348 0.0232442426 
26 0.0081720628 0.0125279007 0.0169299545 0.0124594199 0.0121671077 0.0116968587 0.0127887425 0.0231261223 0.0151633393 0.0287068908 0.0245739196 0.008147693 0.0105402184 0.0234134366 0.0312644431 0.0128737155 0.0145383917 0.006308036 0.0152917945 0.0137312228 0.0270702397 0.0232123559 0.0180591212 0.0077894748 0.0073278941 0.0032401237 0.0271609924 0.0230724161 0.010144625 0.0160347549 0.0095376469 0.0066459526 0.0273426005 0.0185536528 0.0132541442 0.0128282917 0.0128390831 0.0105728586 0.0096567837 0.0225090183 0.0246032744 0.0114807038 0.0225095865 0.0237533109 0.0194873326 0.0137107261 0.0199810014 0.0013235741 0.0130423077 0.0143075672 0.0053715026 0.0198965757 0.0119143158 0.0186534222 0.0226444672 0.0160053803 0.019518164 0.0090897685 0.0253731772 0.0065688578 0.0150809954 0.0132926819 0.0178395105 0.0132784955 
27 0.0128872897 0.0234233576 0.0172899556 0.0053043315 0.0068018575 0.0134792827 0.0188885852 0.0152652699 0.0173649101 0.0171595101 0.0174883867 0.0110345328 0.0045626298 0.0185484988 0.0097141607 0.0081102011 0.0113251344 0.0150029995 0.0108851448 0.0100954479 0.0060578696 0.0101095701 0.0267222573 0.0110574507 0.014677752 0.0271609924 0.006861178 0.019951696 0.0051508168 0.0146657378 0.0168064329 0.0225533878 0.007920583 0.0179030465 0.017809982 0.0206939168 0.0241159304 0.0177731891 0.0130987997 0.018674798 0.0215562923 0.0095921604 0.014120824 0.0208145784 0.0203274003 0.0094419973 0.0103122544 0.0233757875 0.0129423593 0.0114753915 0.0027812841 0.0183224821 0.023981766 0.017841908 0.0147529499 0.0195426295 0.0227955343 0.0224368507 0.0156267363 0.0197783817 0.0219403144 0.0132619101 0.0253308757 0.0232504582 
28 0.0184924511 0.0107778295 0.0220591771 0.0112922997 0.0127186851 0.0252941818 0.0104166444 0.0098292515 0.0117299968 0.0275232199 0.0075475646 0.0054490816 0.0092409553 0.0184755807 0.0193742355 0.009062583 0.0328613156 0.0015092358 0.0148474454 0.0088083723 0.0082291198 0.0115683652 0.0201126591 0.0211268723 0.0208213048 0.0230724161 0.019951696 0.0196395069 0.0224345813 0.0096922717 0.0188108717 0.0026487462 0.006272836 0.0071045211 0.0275271647 0.0085066448 0.0080351459 0.0300549588 0.0140430236 0.0065868041 0.0155349262 0.0184147385 0.0152463895 0.0150215045 0.0221758713 0.018386103 0.03321317 0.0275804998 0.0150394484 0.0134281176 0.0192170538 0.010635658 0.0088772932 0.0228378266 0.0098920898 0.0196536085 0.0129758624 0.0256250765 0.0062749158 0.0120954923 0.0197388349 0.0163247549 0.0146703591 0.0135907889 
29 0.0132615332 0.0144560596 0.0218310415 0.0102749857 0.0074911729 0.0365545668 0.0223213304 0.0180094739 0.0188230226 0.0192954175 0.017010846 0.0191823416 0.0127551396 0.0201845813 0.0219574586 0.0132777083 0.0081114918 0.0174850293 0.0101082957 0.0144549784 0.012828018 0.0161269217 0.0103573315 0.0168701201 0.0139292736 0.010144625 0.0051508168 0.0224345813 0.0258209785 0.0143309397 0.0289905767 0.0130804943 0.0296998855 0.0121426344 0.0178861788 0.0105595549 0.018133599 0.0120508681 0.0069751695 0.0069659968 0.0099814441 0.0185780887 0.0170372151 0.0159119801 0.0200557721 0.0186161965 0.0126219646 0.0170532837 0.0163759352 0.0107569815 0.0174807452 0.0209160446 0.0096650294 0.0082352662 0.0176702329 0.0183769281 0.014016643 0.0117167327 0.0212981349 0.0127227762 0.0092538412 0.0124263834 0.0106152066 0.0172921352 
30 0.0176287268 0.018228561 0.0191496567 0.0090196007 0.0316234558 0.0237374724 0.0175956311 0.0179599133 0.0167103209 0.0147061788 0.0250685044 0.0093937403 0.016271355 0.0229230252 0.0186968787 0.0231974865 0.0085782643 0.0289579379 0.0184182874 0.0192666507 0.0186246785 0.0070946041 0.0079806257 0.0123407128 0.0067674141 0.0160347549 0.0146657378 0.0096922717 0.0143309397 0.01878216 0.0167850476 0.013926981 0.0120766633 0.0074611386 0.026635895 0.0075581842 0.0204309376 0.0255020356 0.0077948047 0.0101663708 0.0242790709 0.0151515912 0.0053986825 0.0152057058 0.0112140657 0.0087505399 0.0257262895 0.0143012338 0.0062346203 0.0128396271 0.0130179389 0.0260194828 0.014488248 0.0108470316 0.0183511917 0.0109741126 0.015083479 0.0201157539 0.0082770424 0.0122473624 0.01068048 0.0188009245 0.010523205 0.0196887145 
31 0.0176827922 0.0088563196 0.0136963004 0.0191741232 0.0151406733 0.0102062524 0.0194964388 0.0068501404 0.0066733152 0.0120222521 0.0081963247 0.0107116176 0.0192122881 0.0258313596 0.0141171608 0.0101074679 0.0104073993 0.0157106361 0.0253514745 0.0140734307 0.0123608241 0.0136741266 0.0193402849 0.0159210464 0.0224924702 0.0095376469 0.0168064329 0.0188108717 0.0289905767 0.0167850476 0.0294747937 0.0134822824 0.0120648468 0.0169253714 0.0250426626 0.0287532317 0.0131046636 0.0151430426 0.021057363 0.0161293189 0.0136403132 0.0301999089 0.0148356877 0.0069459988 0.0183882638 0.0159511017 0.0073203039 0.0169109524 0.0087727463 0.0078395565 0.008178985 0.0154248101 0.0151624529 0.0081848219 0.0176201419 0.0149025393 0.0113097223 0.0204970825 0.0196471768 0.0047172794 0.0174194651 0.0286306957 0.0133393115 0.0147460105 
32 0.0125798104 0.0103947661 0.0139666564 0.0209570022 0.0127427251 0.0115307689 0.0159289874 0.0112538244 0.0128833143 0.0112079155 0.0139561358 0.0072752582 0.0224718452 0.0124712593 0.0194464743 0.017331156 0.0079155527 0.0124150938 0.0336119566 0.0223824437 0.0214953559 0.0206828781 0.0096291013 0.0226962309 0.0101883733 0.0066459526 0.0225533878 0.0026487462 0.0130804943 0.013926981 0.0134822824 0.0073939174 0.0259871373 0.0028922877 0.0080403582 0.015775531 0.0151801009 0.0109930764 0.0194052552 0.0305262244 0.026549899 0.0071779796 0.0172086451 0.006807203 0.0166963357 0.0042680484 0.0106062328 0.0152806163 0.033336037 0.021412396 0.0230067706 0.0172838923 0.023885348 0.0310305378 0.0135588854 0.0179659124 0.0199120637 0.0084511414 0.0129713272 0.0170941427 0.0162802048 0.0095865178 0.0198848119 0.0137984322 
33 0.0178039898 0.0103985151 0.0149037485 0.0097259934 0.0060693026 0.0086043483 0.0052704802 0.0162477394 0.0088078206 0.0127089965 0.0187720366 0.0148761443 0.0097402759 0.0203162025 0.0344804198 0.0170180546 0.0116327486 0.0260880786 0.0102106221 0.0071824895 0.0141520382 0.015196946 0.01379301 0.016587608 0.0100946645 0.0273426005 0.007920583 0.006272836 0.0296998855 0.0120766633 0.0120648468 0.0259871373 0.0149392072 0.0219602504 0.0113583586 0.0263531559 0.0165403696 0.0100311414 0.0159946706 0.0134634644 0.0259463215 0.0165146377 0.0136575756 0.0179696697 0.0073220369 0.021141713 0.0125321717 0.0191706406 0.0303799195 0.01591903 0.0206024055 0.0184975144 0.0275359932 0.0146857954 0.0110375881 0.0255432079 0.0136868999 0.0123648117 0.0155356095 0.0121490422 0.01023403 0.0071216604 0.0156767557 0.0120875259 
34 0.0210260875 0.0022028404 0.0174862556 0.0159863065 0.0274556635 0.011880733 0.0202385694 0.0074863166 0.0189628838 0.0144887024 0.0162116853 0.0175096336 0.029610928 0.0072969037 0.012149654 0.0266199352 0.01568977 0.0130331666 0.0143656114 0.0204773822 0.0186175998 0.0158130401 0.0115041892 0.0064006547 0.0186055411 0.0185536528 0.0179030465 0.0071045211 0.0121426344 0.0074611386 0.0169253714 0.0028922877 0.0219602504 0.0299280969 0.0083430763 0.0053693065 0.0148324562 0.0136543723 0.0167373749 0.0146707218 0.0056402909 0.0219631492 0.0235628642 0.0161036751 0.0116466905 0.0224389686 0.0197609362 0.0170320013 0.023712076 0.0092643665 0.0263430451 0.0135930423 0.0213513239 0.0132312903 0.0256233376 0.0066096739 0.0253267491 0.0165114817 0.0056421933 0.0115034143 0.0139699275 0.0138742684 0.003415117 0.0222817559 
35 0.0152538437 0.0141298761 0.0184729205 0.0120338493 0.0152219936 0.0211174622 0.0032996864 0.0177956704 0.016349271 0.0158375043 0.0169130964 0.0116981021 0.0058416428 0.0186901438 0.0195777064 0.0126491398 0.012664077 0.0159413441 0.0046607142 0.0221487185 0.0144496539 0.0260248631 0.0210995048 0.0127329259 0.0114335843 0.0132541442 0.017809982 0.0275271647 0.0178861788 0.026635895 0.0250426626 0.0080403582 0.0113583586 0.0083430763 0.0132751866 0.0251746686 0.0166506689 0.0117202525 0.0209565255 0.0203349933 0.0182181866 0.025332334 0.0108981625 0.0302529339 0.0321683238 0.0190833214 0.0043090538 0.0071967671 0.0061563165 0.0201605842 0.0114309455 0.0160731621 0.0108486635 0.0050673509 0.0100201802 0.0097895896 0.0155874931 0.0216067094 0.0120463128 0.0113885671 0.0121194857 0.0129571984 0.0167810753 0.0204598723 
36 0.008806012 0.0177120763 0.0158780986 0.0168806952 0.0407293379 0.0174197499 0.0219910566 0.0108836137 0.0101413849 0.0105304765 0.0247277003 0.0131462519 0.0057944945 0.0247993101 0.0197946823 0.0272819744 0.0204264536 0.0070423971 0.0096166612 0.011386907 0.0069712664 0.0219894437 0.0142171493 0.0136370441 0.0193998375 0.0128282917 0.0206939168 0.0085066448 0.0105595549 0.0075581842 0.0287532317 0.015775531 0.0263531559 0.0053693065 0.0251746686 0.0156377423 0.012127397 0.0116654024 0.0246816799 0.011586547 0.0141191231 0.0201841283 0.0150751742 0.0150430682 0.0052444026 0.0129839502 0.0156412738 0.0102685628 0.0083569413 0.0236099781 0.0154505556 0.012386794 0.0134335905 0.0119020446 0.0053292299 0.018673371 0.0176426502 0.0074569791 0.0165070439 0.0109801974 0.0287598296 0.0182964404 0.0167652558 0.0174140855 
37 0.0015135842 0.0209736391 0.0172833089 0.0118863862 0.0135602747 0.017256449 0.0077355647 0.0146651686 0.0131485914 0.0148270877 0.0214273654 0.0228165027 0.0208194686 0.0124406996 0.0135458972 0.0158203634 0.0123838196 0.012735633 0.0174888337 0.0206313179 0.0126690082 0.0342577641 0.0025989276 0.0101372888 0.0140642645 0.0128390831 0.0241159304 0.0080351459 0.018133599 0.0204309376 0.0131046636 0.0151801009 0.0165403696 0.0148324562 0.0166506689 0.012127397 0.0173102439 0.0205646571 0.0247021051 0.0193287526 0.0297009388 0.0126359415 0.007455679 0.0145842983 0.0253613681 0.0066570918 0.0226425555 0.0257796594 0.0129786203 0.0035681351 0.0265825739 0.0085338312 0.0167609776 0.0211626509 0.0198042758 0.0087015602 0.0120394488 0.0150880564 0.0254194365 0.0088535914 0.0069820174 0.0085817877 0.0193630115 0.0101791733 
38 0.0108091434 0.0116948225 0.0159532544 0.0210086303 0.0156149186 0.0237900147 0.0171008981 0.0101378043 0.0171810683 0.0312640703 0.0133301279 0.0317839801 0.0126909581 0.0100048937 0.0096278826 0.0190774525 0.0195346324 0.0111028693 0.0188205388 0.0035758499 0.0159311637 0.0093875149 0.0144404155 0.0244520733 0.0084690896 0.0105728586 0.0177731891 0.0300549588 0.0120508681 0.0255020356 0.0151430426 0.0109930764 0.0100311414 0.0136543723 0.0117202525 0.0116654024 0.0205646571 0.0175026651 0.0191161219 0.0071134847 0.0101324909 0.0074729981 0.0172524266 0.0234672057 0.0094364907 0.0150090445 0.018475042 0.0176375662 0.0306446358 0.0226076386 0.0199368132 0.0096321497 0.016226874 0.0096037073 0.0128278181 0.0110194433 0.0277104426 0.0207212244 0.0086320214 0.0148728192 0.0193586181 0.0088336378 0.0101515492 0.0080951486 
39 0.0171235831 0.0168489737 0.0202281096 0.0206306894 0.0166355718 0.0147918214 0.0227662921 0.0258889069 0.0218371553 0.0084570848 0.0160163817 0.0149076997 0.008715708 0.0111893964 0.0159916672 0.0145947728 0.004488178 0.0106081756 0.0171124462 0.0203144048 0.0200281304 0.0167074337 0.0181993528 0.0137242142 0.023552267 0.0096567837 0.0130987997 0.0140430236 0.0069751695 0.0077948047 0.021057363 0.0194052552 0.0159946706 0.0167373749 0.0209565255 0.0246816799 0.0247021051 0.0191161219 0.0 0.0221737205 0.0043392848 0.0156104752 0.0150784592 0.0159979667 0.0139451726 0.0138238642 0.0206351026 0.0218884337 0.0018183107 0.0169151331 0.0128550617 0.009880065 0.021127577 0.0126603219 0.0157457754 0.0088662549 0.0142724482 0.0120720184 0.0184149252 0.0127688723 0.0158686889 0.0171289382 0.018587146 0.0219478896 
40 0.0130545592 0.0148640481 0.0174712319 0.0148440564 0.011239268 0.0250099649 0.0125388891 0.0153935229 0.0190535101 0.0182742607 0.0153224894 0.0176963679 0.0121692104 0.0154968844 0.0197695955 0.0211846435 0.0046302886 0.0130342562 0.015851051 0.0121192972 0.0266190006 0.014166281 0.0181855595 0.0115301967 0.0074735644 0.0225090183 0.018674798 0.0065868041 0.0069659968 0.0101663708 0.0161293189 0.0305262244 0.0134634644 0.0146707218 0.0203349933 0.011586547 0.0193287526 0.0071134847 0.0221737205 0.0110757676 0.0195131756 0.0177811687 0.0171248872 0.0111268777 0.0151379425 0.0209789843 0.0158390481 0.0121271991 0.0148139842 0.0057276615 0.0171273916 0.0088677801 0.0144570485 0.0278641296 0.0123499294 0.0160974035 0.0178637348 0.0202807396 0.0109731515 0.015662403 0.023388167 0.0120502953 0.0121250184 0.0224238977 
41 0.0184998797 0.0184451059 0.0181308018 0.0148026573 0.0157259695 0.0037901164 0.0281184756 0.013384504 0.0135794622 0.0175348265 0.0203394644 0.0103130454 0.0146212429 0.0037347044 0.0107104423 0.0223728279 0.0115232629 0.0306110345 0.0126819435 0.0141015139 0.0215279042 0.008987241 0.0173549417 0.0221928354 0.0239261552 0.0246032744 0.0215562923 0.0155349262 0.0099814441 0.0242790709 0.0136403132 0.026549899 0.0259463215 0.0056402909 0.0182181866 0.0141191231 0.0297009388 0.0101324909 0.0043392848 0.0195131756 0.0171327722 0.0191087543 0.0261617049 0.0133945325 0.0128586348 0.0198630166 0.0145510742 0.0125907358 0.0151643486 0.0120802246 0.0133965734 0.0075356594 0.0209024056 0.0072376958 0.0181556101 0.0138826478 0.0084316924 0.0082339126 0.0133543975 0.007765185 0.0162413857 0.0124847619 0.0125609506 0.0061459329 
42 0.0221799572 0.0104096484 0.0097671951 0.0229779429 0.0205225728 0.0160746316 0.0198012914 0.0118533249 0.0188380459 0.0143044556 0.0068527145 0.0184686016 0.0167645431 0.0152683854 0.0082267253 0.0187716676 0.0077187281 0.0258139503 0.018649949 0.0106344015 0.0030325284 0.0142745587 0.0181842102 0.0228534199 0.0007957937 0.0114807038 0.0095921604 0.0184147385 0.0185780887 0.0151515912 0.0301999089 0.0071779796 0.0165146377 0.0219631492 0.025332334 0.0201841283 0.0126359415 0.0074729981 0.0156104752 0.0177811687 0.0191087543 0.0140905361 0.022010554 0.0199642763 0.015403344 0.0103656713 0.0081763972 0.0093179238 0.0165260781 0.0104032595 0.0133134886 0.0129616742 0.0178269367 0.0122399666 0.0170478518 0.0034558768 0.0127166112 0.0206760418 0.0232108865 0.0290893522 0.0112685809 0.0274219121 0.0157172688 0.0165575105 
43 0.0198209841 0.0188650377 0.0216845522 0.0182079817 0.013221699 0.0181286629 0.0073314108 0.013091063 0.0150834394 0.0144827017 0.0144073618 0.0122660258 0.0123065697 0.0180645947 0.0212763645 0.0175659447 0.016528919 0.0183773043 0.0069983213 0.0184963485 0.0166650693 0.0057792347 0.0118530235 0.0155654566 0.0111260108 0.0225095865 0.014120824 0.0152463895 0.0170372151 0.0053986825 0.0148356877 0.0172086451 0.0136575756 0.0235628642 0.0108981625 0.0150751742 0.007455679 0.0172524266 0.0150784592 0.0171248872 0.0261617049 0.022010554 0.0127644688 0.0156707923 0.0052065427 0.0164611872 0.0282281177 0.02266879 0.0120479913 0.019828921 0.0073541394 0.0278647998 0.019251939 0.0144848461 0.0044369929 0.0110932924 0.0102983128 0.0169040066 0.0201872564 0.0282523234 0.0083811144 0.0058976007 0.0150459978 0.0258419675 
44 0.0211109693 0.0043241102 0.0026510606 0.0116877212 0.0088868311 0.0118304107 0.0164966892 0.0215424873 0.0234397357 0.01561323 0.0142294058 0.0146687234 0.0205292878 0.0058339018 0.016652006 0.0235688578 0.0161412913 0.0012700262 0.0075752586 0.0137054515 0.0126017716 0.0173899942 0.0121964741 0.0230278076 0.0214499783 0.0237533109 0.0208145784 0.0150215045 0.0159119801 0.0152057058 0.0069459988 0.006807203 0.0179696697 0.0161036751 0.0302529339 0.0150430682 0.0145842983 0.0234672057 0.0159979667 0.0111268777 0.0133945325 0.0199642763 0.0156707923 0.0249269619 0.0170989648 0.0203377607 0.0125954387 0.0136834475 0.0041475591 0.0121803953 0.0201799116 0.0241422287 0.0056891224 0.0158366829 0.0254362084 0.0326575954 0.005411887 0.0156219814 0.0072667613 0.0206553141 0.0099489066 0.0264796007 0.0167811831 0.0124630292 
45 0.0172492389 0.0205838766 0.0256888005 0.0260248447 0.0068306735 0.0231605161 0.0125420002 0.0232358483 0.0149961248 0.0120059733 0.0195649029 0.0199816705 0.0162108407 0.0192245745 0.0077304573 0.0353745287 0.0176556681 0.0259838634 0.0118023603 0.0138463441 0.016198949 0.0149089264 0.0102717056 0.0195031626 0.011670049 0.0194873326 0.0203274003 0.0221758713 0.0200557721 0.0112140657 0.0183882638 0.0166963357 0.0073220369 0.0116466905 0.0321683238 0.0052444026 0.0253613681 0.0094364907 0.0139451726 0.0151379425 0.0128586348 0.015403344 0.0052065427 0.0170989648 0.0031280344 0.0128922033 0.0120212718 0.01345489 0.0068426218 0.0152172193 0.0190914967 0.0099232631 0.0106035707 0.0260843986 0.0123101236 0.0094162271 0.0105801455 0.0074837787 0.0169047768 0.0098813403 0.009365654 0.0118125452 0.0181301354 0.0234354486 
46 0.0204036317 0.0202278459 0.0118332863 0.0299741012 0.0164169525 0.022429419 0.0313805612 0.0157842306 0.015319296 0.0102413369 0.0174540732 0.0201100954 0.0090845346 0.0119600445 0.023517229 0.0182134471 0.0218077627 0.01028019 0.015188923 0.0161808506 0.0113394691 0.0172643552 0.0132245974 0.0141137741 0.0105832869 0.0137107261 0.0094419973 0.018386103 0.0186161965 0.0087505399 0.0159511017 0.0042680484 0.021141713 0.0224389686 0.0190833214 0.0129839502 0.0066570918 0.0150090445 0.0138238642 0.0209789843 0.0198630166 0.0103656713 0.0164611872 0.0203377607 0.0128922033 0.0073015692 0.0125171719 0.0160563865 0.0154914377 0.0068713455 0.0122137436 0.0162247108 0.0105825444 0.0169660272 0.0162521141 0.0234622367 0.0221551895 0.0116327521 0.0190751738 0.0075154445 0.0108680217 0.024794797 0.0169742465 0.0075503034 
47 0.0148903834 0.0125048733 0.0320318725 0.0132005512 0.0158627755 0.0097427118 0.0105487423 0.0116895722 0.016823968 0.0175945852 0.01160934 0.0244148438 0.0085190207 0.0156673206 0.0100588028 0.0258717842 0.0146224507 0.0340634054 0.0167440186 0.039237913 0.0063491101 0.0023660273 0.0182899021 0.0103003971 0.0081241552 0.0199810014 0.0103122544 0.03321317 0.0126219646 0.0257262895 0.0073203039 0.0106062328 0.0125321717 0.0197609362 0.0043090538 0.0156412738 0.0226425555 0.018475042 0.0206351026 0.0158390481 0.0145510742 0.0081763972 0.0282281177 0.0125954387 0.0120212718 0.0125171719 0.0076238947 0.0162548562 0.0046301066 0.0153105171 0.020456942 0.012209144 0.0184368027 0.0268244001 0.0032406817 0.0166843517 0.0205850044 0.0247709021 0.0231045526 0.006764596 0.0152657983 0.0137946808 0.0088667807 0.0063415893 
48 0.0080726761 0.0296160892 0.0231138491 0.0192314361 0.0123319848 0.0053611702 0.0211469707 0.0294660716 0.0122376216 0.0057452534 0.0146940975 0.0069679401 0.0151985514 0.0237815626 0.0033744548 0.0082556763 0.0113554129 0.0111779262 0.017664396 0.0181269354 0.0014831772 0.0129142911 0.0205582162 0.0216566778 0.001748382 0.0013235741 0.0233757875 0.0275804998 0.0170532837 0.0143012338 0.0169109524 0.0152806163 0.0191706406 0.0170320013 0.0071967671 0.0102685628 0.0257796594 0.0176375662 0.0218884337 0.0121271991 0.0125907358 0.0093179238 0.02266879 0.0136834475 0.01345489 0.0160563865 0.0162548562 0.0265823026 0.0096721219 0.0240026651 0.0176874891 0.0226568195 0.0155904287 0.0169500274 0.0172740441 0.0142172216 0.0132947235 0.0156155867 0.0173211286 0.0246579816 0.0144833417 0.0228882459 0.0048251013 0.0160461424 
