20
1 0.0 0.0441095658 0.0441365826 0.0603831666 0.0542664105 0.0499268983 0.0573134454 0.0666466624 0.0144331027 0.0168271954 0.0738583059 0.0649642784 0.0537199678 0.0567871887 0.0572200847 0.0407490966 0.0533662252 0.0807332177 0.0468667834 0.0636918217
2 0.0441095658 0.0 0.0747497646 0.0676942926 0.0293813977 0.0589289652 0.0237181093 0.0480159975 0.0327205571 0.034991421 0.0615775754 0.0742858344 0.0670585929 0.0554620569 0.0463764769 0.0477300707 0.0716496156 0.0762633782 0.0276894126 0.0575969158
3 0.0441365826 0.0747497646 0.0 0.0402289999 0.071899765 0.0314828083 0.061455104 0.0616424628 0.0280579215 0.057612232 0.0744628118 0.0289194387 0.0461234016 0.049116307 0.0380134466 0.0841283374 0.0681078789 0.0490948136 0.0212793513 0.0694885725
4 0.0603831666 0.0676942926 0.0402289999 0.0 0.0409533801 0.0674383164 0.0433968311 0.0573119705 0.0778192127 0.0178532051 0.0557117455 0.0798759592 0.0673593231 0.0407051318 0.068008438 0.0269884183 0.0585495083 0.0353338555 0.0327576989 0.0616305464
5 0.0542664105 0.0293813977 0.071899765 0.0409533801 0.0 0.0967415302 0.0455349897 0.0440783015 0.0381751849 0.0720659392 0.0408276906 0.0121546133 0.06191273 0.0433693885 0.0399371568 0.0685841411 0.057413911 0.0662744377 0.0911440269 0.0252850057
6 0.0499268983 0.0589289652 0.0314828083 0.0674383164 0.0967415302 0.0 0.0593235106 0.0148302428 0.0468277429 0.0515627397 0.0523049527 0.041803803 0.0616769687 0.0797181951 0.041617767 0.0469103239 0.0168446618 0.059703397 0.0774279634 0.0449292129
7 0.0573134454 0.0237181093 0.061455104 0.0433968311 0.0455349897 0.0593235106 0.0 0.0470683592 0.0328285611 0.0838847813 0.0396491974 0.0085206446 0.0724578849 0.0593152795 0.0676773465 0.0735749335 0.0644647191 0.059584867 0.055949166 0.0442822699
8 0.0666466624 0.0480159975 0.0616424628 0.0573119705 0.0440783015 0.0148302428 0.0470683592 0.0 0.0577656999 0.0702458011 0.0727952104 0.0551645785 0.0201916903 0.0559624496 0.0675119157 0.0594447875 0.0480261875 0.0290591732 0.0791512414 0.0450872683
9 0.0144331027 0.0327205571 0.0280579215 0.0778192127 0.0381751849 0.0468277429 0.0328285611 0.0577656999 0.0 0.0401092741 0.0527399628 0.0403456675 0.0751734721 0.0364666942 0.0568900107 0.0933125105 0.0477791935 0.0808777542 0.0958424212 0.0518350564
10 0.0168271954 0.034991421 0.057612232 0.0178532051 0.0720659392 0.0515627397 0.0838847813 0.0702458011 0.0401092741 0.0 0.0606843752 0.0554844871 0.0315405492 0.0387371937 0.0754682664 0.0447625443 0.0446133353 0.081301571 0.0504504442 0.0718046448
11 0.0738583059 0.0615775754 0.0744628118 0.0557117455 0.0408276906 0.0523049527 0.0396491974 0.0727952104 0.0527399628 0.0606843752 0.0 0.0596630144 0.0740319412 0.031235558 0.0634494723 0.029960144 0.0378766305 0.0151457201 0.0458536312 0.0581720606
12 0.0649642784 0.0742858344 0.0289194387 0.0798759592 0.0121546133 0.041803803 0.0085206446 0.0551645785 0.0403456675 0.0554844871 0.0596630144 0.0 0.0693594819 0.0510640533 0.0694607417 0.0725123525 0.0692272623 0.037393802 0.0609149083 0.0488850789
13 0.0537199678 0.0670585929 0.0461234016 0.0673593231 0.06191273 0.0616769687 0.0724578849 0.0201916903 0.0751734721 0.0315405492 0.0740319412 0.0693594819 0.0 0.0476700412 0.0347772618 0.0239971816 0.0788128311 0.0314086319 0.0755871326 0.0071409162
14 0.0567871887 0.0554620569 0.049116307 0.0407051318 0.0433693885 0.0797181951 0.0593152795 0.0559624496 0.0364666942 0.0387371937 0.031235558 0.0510640533 0.0476700412 0.0 0.071041991 0.0460492761 0.0815618943 0.0494959621 0.038594971 0.0676463679
15 0.0572200847 0.0463764769 0.0380134466 0.068008438 0.0399371568 0.041617767 0.0676773465 0.0675119157 0.0568900107 0.0754682664 0.0634494723 0.0694607417 0.0347772618 0.071041991 0.0 0.0558658038 0.028862308 0.042390057 0.0118705575 0.0635608974
16 0.0407490966 0.0477300707 0.0841283374 0.0269884183 0.0685841411 0.0469103239 0.0735749335 0.0594447875 0.0933125105 0.0447625443 0.029960144 0.0725123525 0.0239971816 0.0460492761 0.0558658038 0.0 0.0701016118 0.0320853447 0.0159163061 0.0673268155
17 0.0533662252 0.0716496156 0.0681078789 0.0585495083 0.057413911 0.0168446618 0.0644647191 0.0480261875 0.0477791935 0.0446133353 0.0378766305 0.0692272623 0.0788128311 0.0815618943 0.028862308 0.0701016118 0.0 0.036101566 0.0276690322 0.0389716275
18 0.0807332177 0.0762633782 0.0490948136 0.0353338555 0.0662744377 0.059703397 0.059584867 0.0290591732 0.0808777542 0.081301571 0.0151457201 0.037393802 0.0314086319 0.0494959621 0.042390057 0.0320853447 0.036101566 0.0 0.0850612407 0.0526912107
19 0.0468667834 0.0276894126 0.0212793513 0.0327576989 0.0911440269 0.0774279634 0.055949166 0.0791512414 0.0958424212 0.0504504442 0.0458536312 0.0609149083 0.0755871326 0.038594971 0.0118705575 0.0159163061 0.0276690322 0.0850612407 0.0 0.0599737109
20 0.0636918217 0.0575969158 0.0694885725 0.0616305464 0.0252850057 0.0449292129 0.0442822699 0.0450872683 0.0518350564 0.0718046448 0.0581720606 0.0488850789 0.0071409162 0.0676463679 0.0635608974 0.0673268155 0.0389716275 0.0526912107 0.0599737109 0.0
