40
1 0.0 0.0317500285 0.0185827004 0.0250900903 0.0268361273 0.019373747 0.0195795917 0.0300585955 0.0351989137 0.0106693328 0.0292249695 0.0238435517 0.0302537777 0.0212267037 0.0307167036 0.0284795276 0.0147319319 0.0271254627 0.0302279051 0.0209076455 0.018015159 0.0397100504 0.0238532954 0.0343367284 0.0256377525 0.0258361067 0.0381430026 0.0327646726 0.0368014323 0.015528414 0.0314861864 0.0184881987 0.0265668347 0.0347990227 0.0161417444 0.0291811597 0.0160853468 0.0125449259 0.0202448694 0.0299577913
2 0.0317500285 0.0 0.0188248455 0.0348587001 0.0167419867 0.0206246336 0.0167437693 0.004054893 0.0209631803 0.0239369285 0.0297654884 0.0290310321 0.0084403138 0.0139648359 0.038867532 0.0420659236 0.0158270305 0.0142988132 0.0262584361 0.0247926009 0.0116591189 0.0248724504 0.0395191215 0.02387881 0.033321173 0.0259253425 0.0196605342 0.0294282092 0.0387234679 0.0514698933 0.0557537133 0.0270099808 0.0304109009 0.0310785429 0.0124903133 0.0273412073 0.0305313798 0.0271025663 0.0133502695 0.0146620332
3 0.0185827004 0.0188248455 0.0 0.0279453785 0.0192050224 0.0333317879 0.0319783271 0.0107585234 0.0379230967 0.0195391435 0.0196508921 0.035402246 0.0215114961 0.0361963669 0.0290964004 0.0372229186 0.0369275013 0.0234942711 0.0248740524 0.0250290991 0.0192543756 0.0378448773 0.0283251196 0.043847687 0.0160900678 0.0374946498 0.0157141441 0.0235480395 0.0242341209 0.0115718842 0.0279973431 0.0289257773 0.0265227542 0.0187452755 0.023881609 0.0364445076 0.018767411 0.0194645662 0.0251088636 0.0087228574
4 0.0250900903 0.0348587001 0.0279453785 0.0 0.0192262039 0.0340725832 0.0144236664 0.032568643 0.0232001691 0.037240107 0.0382093918 0.0341183394 0.0199384286 0.0373652587 0.0458363967 0.0234134032 0.0155808468 0.0182916907 0.0227695939 0.0183320213 0.0277182344 0.0253414641 0.0141388394 0.0344241339 0.0386928172 0.0100441497 0.0153771042 0.0198099429 0.0371719461 0.0282934827 0.03312717 0.0246115372 0.0064032024 0.0192777777 0.0041768093 0.0273667314 0.0270152261 0.0348762355 0.0351565871 0.0144956959
5 0.0268361273 0.0167419867 0.0192050224 0.0192262039 0.0 0.0346594746 0.0333209382 0.0311901307 0.0430589843 0.0282567663 0.0225868473 0.0260748708 0.0222056073 0.0100843502 0.0238564216 0.0269959207 0.0346324666 0.0431761073 0.0289287432 0.0266845124 0.0211456309 0.0270085348 0.0057772852 0.0381946483 0.0223385055 0.0292445679 0.0392875682 0.0269378992 0.0082796561 0.0382411877 0.0231815418 0.0180905968 0.0302833023 0.0273727431 0.0248459178 0.0191020082 0.02014365 0.024541166 0.010067316 0.0281947925
6 0.019373747 0.0206246336 0.0333317879 0.0340725832 0.0346594746 0.0 0.024831329 0.0350549491 0.0284482512 0.0153210423 0.0138441905 0.0400200352 0.0086917293 0.0391661913 0.0034966894 0.0272040668 0.0396075811 0.0186539189 0.0084545582 0.0334572554 0.0466175366 0.0182881147 0.026448373 0.0159063638 0.020013308 0.0218389531 0.0390488233 0.0361154583 0.024242395 0.0424692103 0.0043605903 0.0129458416 0.0324637767 0.02996877 0.0292269127 0.0165916957 0.0451213613 0.0137510562 0.0209969271 0.0252705182
7 0.0195795917 0.0167437693 0.0319783271 0.0144236664 0.0333209382 0.024831329 0.0 0.016741214 0.0404724911 0.0496043485 0.0402245313 0.0155607678 0.0238310976 0.0285778555 0.0183800287 0.0154102226 0.0245830523 0.021601776 0.013674698 0.0330173999 0.018969307 0.0182721589 0.0144020543 0.0241071934 0.0123133205 0.0370545687 0.0088292943 0.0509338699 0.0283911025 0.0361232157 0.035988725 0.0259817341 0.0323454852 0.0346803175 0.0201215137 0.028256169 0.0166530272 0.0221713835 0.0135890432 0.0382594116
8 0.0300585955 0.004054893 0.0107585234 0.032568643 0.0311901307 0.0350549491 0.016741214 0.0 0.0291554293 0.037925884 0.0366363896 0.0373276404 0.0429126487 0.0191301591 0.0099100001 0.0261870649 0.0094857667 0.0431601779 0.005132135 0.0415394631 0.0230942768 0.0152140062 0.0237290731 0.021136229 0.0260476216 0.0197675738 0.0154020352 0.027091884 0.0207510918 0.0177481964 0.0157021856 0.0298967391 0.0385743215 0.0318601582 0.0272827627 0.0305916041 0.038358029 0.0310510429 0.0273592721 0.0204121892
9 0.0351989137 0.0209631803 0.0379230967 0.0232001691 0.0430589843 0.0284482512 0.0404724911 0.0291554293 0.0 0.0193534436 0.03382111 0.0318399197 0.0270810621 0.0212201586 0.0327212907 0.0273507649 0.0367061252 0.0198980198 0.0276130262 0.0152687663 0.0258865475 0.0097548526 0.0344917347 0.0209405783 0.0132717167 0.0207417885 0.0404997015 0.0399384099 0.030536205 0.0112349212 0.0206332974 0.0240973461 0.0092465474 0.0244760899 0.0221626629 0.0267482374 0.027601071 0.0220091959 0.0125109022 0.011923991
10 0.0106693328 0.0239369285 0.0195391435 0.037240107 0.0282567663 0.0153210423 0.0496043485 0.037925884 0.0193534436 0.0 0.0258645602 0.0306232962 0.0343417893 0.0198386858 0.0328053837 0.0405555345 0.0125494872 0.0194645659 0.0277584871 0.0316374509 0.0261476008 0.0226367965 0.0208846022 0.0119272691 0.0202498876 0.0281680199 0.0252381478 0.0184033268 0.0101610097 0.021119224 0.0329773529 0.0298262852 0.0102837343 0.0194552458 0.044319896 0.0231093962 0.0451957428 0.016254917 0.0231670563 0.0331882516
11 0.0292249695 0.0297654884 0.0196508921 0.0382093918 0.0225868473 0.0138441905 0.0402245313 0.0366363896 0.03382111 0.0258645602 0.0 0.0259289137 0.0090197602 0.0237692777 0.0299900275 0.0185660181 0.0135847072 0.0262975278 0.0379225529 0.0349290394 0.0183520944 0.0143521721 0.0266644729 0.0261524742 0.0251269921 0.0137045879 0.0284049265 0.0288356424 0.0167501057 0.0449028702 0.0184252882 0.0357998612 0.0288103609 0.0269102485 0.0376600611 0.029832467 0.0197454247 0.0267195297 0.0190971694 0.0039170557
12 0.0238435517 0.0290310321 0.035402246 0.0341183394 0.0260748708 0.0400200352 0.0155607678 0.0373276404 0.0318399197 0.0306232962 0.0259289137 0.0 0.0098429856 0.0230963252 0.0212487997 0.0229476249 0.0267800846 0.0065883275 0.024770458 0.0215838796 0.0219974379 0.0250573897 0.0161929739 0.0202362374 0.028360774 0.0175847169 0.0297314475 0.0024770345 0.0410349569 0.0275838234 0.0171895513 0.0131453581 0.0276453349 0.0370516295 0.0314781217 0.0299850638 0.0271477655 0.0334867558 0.0440145344 0.0219699947
13 0.0302537777 0.0084403138 0.0215114961 0.0199384286 0.0222056073 0.0086917293 0.0238310976 0.0429126487 0.0270810621 0.0343417893 0.0090197602 0.0098429856 0.0 0.0390831127 0.0454512032 0.0254088233 0.0159215669 0.0139423578 0.0251266968 0.0338094327 0.0391903464 0.0233802242 0.0279563544 0.0432269268 0.0309029506 0.0470008492 0.0342606361 0.0241606298 0.0241728353 0.0101896492 0.0115145427 0.0082754177 0.0298497806 0.0351403336 0.022207526 0.0243128926 0.0294619408 0.0266312581 0.0198853125 0.0314657036
14 0.0212267037 0.0139648359 0.0361963669 0.0373652587 0.0100843502 0.0391661913 0.0285778555 0.0191301591 0.0212201586 0.0198386858 0.0237692777 0.0230963252 0.0390831127 0.0 0.0193911162 0.0337589581 0.0413972445 0.0131650146 0.0230555672 0.0118310488 0.0337667501 0.0311531362 0.0176775008 0.0243871565 0.0335931544 0.009809877 0.0160208134 0.0235102493 0.0317486521 0.0258417665 0.0305819777 0.0129748462 0.0283931061 0.0138606084 0.020989859 0.0229445459 0.0418198387 0.0399350612 0.0272767185 0.0383961512
15 0.0307167036 0.038867532 0.0290964004 0.0458363967 0.0238564216 0.0034966894 0.0183800287 0.0099100001 0.0327212907 0.0328053837 0.0299900275 0.0212487997 0.0454512032 0.0193911162 0.0 0.0419171855 0.0016349742 0.0086128103 0.0448450197 0.0392687033 0.0375442165 0.0101677779 0.0191396925 0.0338970642 0.0068128078 0.0171041399 0.0372108063 0.0224998482 0.0143308501 0.010042983 0.0265729106 0.0260399893 0.0196975989 0.0484688649 0.0320412613 0.0307964316 0.0194665225 0.0214078355 0.0204158928 0.0282958196
16 0.0284795276 0.0420659236 0.0372229186 0.0234134032 0.0269959207 0.0272040668 0.0154102226 0.0261870649 0.0273507649 0.0405555345 0.0185660181 0.0229476249 0.0254088233 0.0337589581 0.0419171855 0.0 0.0306227284 0.0268301692 0.027489884 0.0125727721 0.0308343347 0.0347633144 0.0262945038 0.0293066065 0.0317577521 0.0098422382 0.0142155677 0.0365659733 0.0078299595 0.0273585746 0.0337236372 0.0059861967 0.0215843107 0.0383150603 0.0238574596 0.0155896922 0.0340459416 0.005604784 0.0167188243 0.0208057579
17 0.0147319319 0.0158270305 0.0369275013 0.0155808468 0.0346324666 0.0396075811 0.0245830523 0.0094857667 0.0367061252 0.0125494872 0.0135847072 0.0267800846 0.0159215669 0.0413972445 0.0016349742 0.0306227284 0.0 0.0237014805 0.0122637386 0.0212752355 0.0309395602 0.0253972845 0.0361876906 0.0330036024 0.0216183157 0.0444842891 0.0167097979 0.006204435 0.0322219058 0.0412830954 0.0362175308 0.0294319577 0.0093829945 0.0210566798 0.026374745 0.0390223735 0.0020804776 0.0423489684 0.0293349179 0.0488858279
18 0.0271254627 0.0142988132 0.0234942711 0.0182916907 0.0431761073 0.0186539189 0.021601776 0.0431601779 0.0198980198 0.0194645659 0.0262975278 0.0065883275 0.0139423578 0.0131650146 0.0086128103 0.0268301692 0.0237014805 0.0 0.024678434 0.0096207469 0.0224081617 0.0301908249 0.0320357018 0.0384160623 0.0188726763 0.0350107699 0.0485422111 0.0218461795 0.0194432605 0.014325981 0.0480937243 0.0321969538 0.0373417583 0.0320719557 0.026032864 0.0269079627 0.0262899907 0.026699336 0.027993036 0.0326789172
19 0.0302279051 0.0262584361 0.0248740524 0.0227695939 0.0289287432 0.0084545582 0.013674698 0.005132135 0.0276130262 0.0277584871 0.0379225529 0.024770458 0.0251266968 0.0230555672 0.0448450197 0.027489884 0.0122637386 0.024678434 0.0 0.0297314324 0.0381852856 0.0285345412 0.0190633785 0.0205882467 0.0456581611 0.0398477026 0.0104937861 0.0139228161 0.0209992544 0.0332507796 0.0228824286 0.0264048784 0.0520089087 0.0193035622 0.0081672402 0.0391611118 0.0169351267 0.030901371 0.0404073181 0.0077086836
20 0.0209076455 0.0247926009 0.0250290991 0.0183320213 0.0266845124 0.0334572554 0.0330173999 0.0415394631 0.0152687663 0.0316374509 0.0349290394 0.0215838796 0.0338094327 0.0118310488 0.0392687033 0.0125727721 0.0212752355 0.0096207469 0.0297314324 0.0 0.0351007133 0.0326135307 0.0304256354 0.0242083836 0.0259890902 0.0133214273 0.0382842007 0.042834661 0.0280423623 0.0109426546 0.032631017 0.0188070992 0.0063799457 0.0254045847 0.0205269648 0.0213878477 0.0279997341 0.033841013 0.0172620509 0.0287085781
21 0.018015159 0.0116591189 0.0192543756 0.0277182344 0.0211456309 0.0466175366 0.018969307 0.0230942768 0.0258865475 0.0261476008 0.0183520944 0.0219974379 0.0391903464 0.0337667501 0.0375442165 0.0308343347 0.0309395602 0.0224081617 0.0381852856 0.0351007133 0.0 0.0319530628 0.0228771674 0.0245408408 0.0465421297 0.0336194407 0.0101388819 0.0086118375 0.0388371552 0.0137747095 0.031890934 0.0228815793 0.0242201566 0.0096649933 0.0363071565 0.0322570551 0.0266778896 0.0046563003 0.0106659932 0.0230560282
22 0.0397100504 0.0248724504 0.0378448773 0.0253414641 0.0270085348 0.0182881147 0.0182721589 0.0152140062 0.0097548526 0.0226367965 0.0143521721 0.0250573897 0.0233802242 0.0311531362 0.0101677779 0.0347633144 0.0253972845 0.0301908249 0.0285345412 0.0326135307 0.0319530628 0.0 0.0413124196 0.0204955967 0.0301465768 0.0062053807 0.0474315558 0.0111931234 0.0498603832 0.0186331439 0.0092714526 0.0316303162 0.0181293267 0.011434351 0.0372586569 0.0396833489 0.0162692776 0.0307922766 0.0337008205 0.0200454281
23 0.0238532954 0.0395191215 0.0283251196 0.0141388394 0.0057772852 0.026448373 0.0144020543 0.0237290731 0.0344917347 0.0208846022 0.0266644729 0.0161929739 0.0279563544 0.0176775008 0.0191396925 0.0262945038 0.0361876906 0.0320357018 0.0190633785 0.0304256354 0.0228771674 0.0413124196 0.0 0.0212817138 0.0281650924 0.0332818439 0.0333856118 0.0166013058 0.0373477991 0.0228796594 0.0341904448 0.0295985179 0.0096462753 0.0200447286 0.0382166292 0.0150914616 0.0342154367 0.0106508182 0.0241633336 0.0438423379
24 0.0343367284 0.02387881 0.043847687 0.0344241339 0.0381946483 0.0159063638 0.0241071934 0.021136229 0.0209405783 0.0119272691 0.0261524742 0.0202362374 0.0432269268 0.0243871565 0.0338970642 0.0293066065 0.0330036024 0.0384160623 0.0205882467 0.0242083836 0.0245408408 0.0204955967 0.0212817138 0.0 0.0285613507 0.0348337648 0.0187994589 0.0203013252 0.0200834028 0.0225837584 0.0241650973 0.0358176213 0.0256593446 0.0154490889 0.0340110559 0.0214685714 0.0113301713 0.0215302048 0.0187435658 0.0182216649
25 0.0256377525 0.033321173 0.0160900678 0.0386928172 0.0223385055 0.020013308 0.0123133205 0.0260476216 0.0132717167 0.0202498876 0.0251269921 0.028360774 0.0309029506 0.0335931544 0.0068128078 0.0317577521 0.0216183157 0.0188726763 0.0456581611 0.0259890902 0.0465421297 0.0301465768 0.0281650924 0.0285613507 0.0 0.034817484 0.0258431379 0.0409486921 0.0118312309 0.0106173366 0.0421447435 0.0383663019 0.027159507 0.0159670107 0.0266773965 0.0192300073 0.0174007176 0.0125497402 0.0346544767 0.0117082229
26 0.0258361067 0.0259253425 0.0374946498 0.0100441497 0.0292445679 0.0218389531 0.0370545687 0.0197675738 0.0207417885 0.0281680199 0.0137045879 0.0175847169 0.0470008492 0.009809877 0.0171041399 0.0098422382 0.0444842891 0.0350107699 0.0398477026 0.0133214273 0.0336194407 0.0062053807 0.0332818439 0.0348337648 0.034817484 0.0 0.0041889054 0.0335854206 0.0087155832 0.0147625509 0.0226395241 0.0308679767 0.0422165249 0.0334007387 0.034600316 0.004159996 0.0273016324 0.0417180468 0.0133154003 0.0419431517
27 0.0381430026 0.0196605342 0.0157141441 0.0153771042 0.0392875682 0.0390488233 0.0088292943 0.0154020352 0.0404997015 0.0252381478 0.0284049265 0.0297314475 0.0342606361 0.0160208134 0.0372108063 0.0142155677 0.0167097979 0.0485422111 0.0104937861 0.0382842007 0.0101388819 0.0474315558 0.0333856118 0.0187994589 0.0258431379 0.0041889054 0.0 0.0086394598 0.0175319933 0.0266893008 0.0184660306 0.0162361723 0.0348890774 0.0271986276 0.025180276 0.038429878 0.0361350703 0.0211671711 0.0217451837 0.0368296585
28 0.0327646726 0.0294282092 0.0235480395 0.0198099429 0.0269378992 0.0361154583 0.0509338699 0.027091884 0.0399384099 0.0184033268 0.0288356424 0.0024770345 0.0241606298 0.0235102493 0.0224998482 0.0365659733 0.006204435 0.0218461795 0.0139228161 0.042834661 0.0086118375 0.0111931234 0.0166013058 0.0203013252 0.0409486921 0.0335854206 0.0086394598 0.0 0.0272136343 0.0384427856 0.0287415405 0.0299982912 0.0264653811 0.0329098517 0.0257580063 0.0324781228 0.0118617943 0.0312212209 0.0263348367 0.0208641887
29 0.0368014323 0.0387234679 0.0242341209 0.0371719461 0.0082796561 0.024242395 0.0283911025 0.0207510918 0.030536205 0.0101610097 0.0167501057 0.0410349569 0.0241728353 0.0317486521 0.0143308501 0.0078299595 0.0322219058 0.0194432605 0.0209992544 0.0280423623 0.0388371552 0.0498603832 0.0373477991 0.0200834028 0.0118312309 0.0087155832 0.0175319933 0.0272136343 0.0 0.0285743766 0.0282449538 0.0387385264 0.0419009336 0.0094865197 0.0245236229 0.0175821183 0.0318421104 0.0192409328 0.0339308338 0.01864732
30 0.015528414 0.0514698933 0.0115718842 0.0282934827 0.0382411877 0.0424692103 0.0361232157 0.0177481964 0.0112349212 0.021119224 0.0449028702 0.0275838234 0.0101896492 0.0258417665 0.010042983 0.0273585746 0.0412830954 0.014325981 0.0332507796 0.0109426546 0.0137747095 0.0186331439 0.0228796594 0.0225837584 0.0106173366 0.0147625509 0.0266893008 0.0384427856 0.0285743766 0.0 0.004029851 0.0398040751 0.0203368492 0.0249426856 0.0103890998 0.032189875 0.0329195916 0.0345788764 0.0479097835 0.0364198838
31 0.0314861864 0.0557537133 0.0279973431 0.03312717 0.0231815418 0.0043605903 0.035988725 0.0157021856 0.0206332974 0.0329773529 0.0184252882 0.0171895513 0.0115145427 0.0305819777 0.0265729106 0.0337236372 0.0362175308 0.0480937243 0.0228824286 0.032631017 0.031890934 0.0092714526 0.0341904448 0.0241650973 0.0421447435 0.0226395241 0.0184660306 0.0287415405 0.0282449538 0.004029851 0.0 0.002601144 0.0071230116 0.0260682676 0.0304681655 0.0255460947 0.0076310705 0.0391138797 0.0294424492 0.0291806308
32 0.0184881987 0.0270099808 0.0289257773 0.0246115372 0.0180905968 0.0129458416 0.0259817341 0.0298967391 0.0240973461 0.0298262852 0.0357998612 0.0131453581 0.0082754177 0.0129748462 0.0260399893 0.0059861967 0.0294319577 0.0321969538 0.0264048784 0.0188070992 0.0228815793 0.0316303162 0.0295985179 0.0358176213 0.0383663019 0.0308679767 0.0162361723 0.0299982912 0.0387385264 0.0398040751 0.002601144 0.0 0.0394028201 0.0178665409 0.0145178898 0.0228162127 0.029256318 0.0297579898 0.0534278594 0.0274772518
33 0.0265668347 0.0304109009 0.0265227542 0.0064032024 0.0302833023 0.0324637767 0.0323454852 0.0385743215 0.0092465474 0.0102837343 0.0288103609 0.0276453349 0.0298497806 0.0283931061 0.0196975989 0.0215843107 0.0093829945 0.0373417583 0.0520089087 0.0063799457 0.0242201566 0.0181293267 0.0096462753 0.0256593446 0.027159507 0.0422165249 0.0348890774 0.0264653811 0.0419009336 0.0203368492 0.0071230116 0.0394028201 0.0 0.0252639054 0.0393811722 0.016635591 0.0291837872 0.0228903769 0.0273356038 0.0179653965
34 0.0347990227 0.0310785429 0.0187452755 0.0192777777 0.0273727431 0.02996877 0.0346803175 0.0318601582 0.0244760899 0.0194552458 0.0269102485 0.0370516295 0.0351403336 0.0138606084 0.0484688649 0.0383150603 0.0210566798 0.0320719557 0.0193035622 0.0254045847 0.0096649933 0.011434351 0.0200447286 0.0154490889 0.0159670107 0.0334007387 0.0271986276 0.0329098517 0.0094865197 0.0249426856 0.0260682676 0.0178665409 0.0252639054 0.0 0.0061012495 0.02547869 0.0295810865 0.0221423908 0.0493912039 0.0283105987
35 0.0161417444 0.0124903133 0.023881609 0.0041768093 0.0248459178 0.0292269127 0.0201215137 0.0272827627 0.0221626629 0.044319896 0.0376600611 0.0314781217 0.022207526 0.020989859 0.0320412613 0.0238574596 0.026374745 0.026032864 0.0081672402 0.0205269648 0.0363071565 0.0372586569 0.0382166292 0.0340110559 0.0266773965 0.034600316 0.025180276 0.0257580063 0.0245236229 0.0103890998 0.0304681655 0.0145178898 0.0393811722 0.0061012495 0.0 0.019384813 0.0313687225 0.0309984735 0.0267248006 0.0341462533
36 0.0291811597 0.0273412073 0.0364445076 0.0273667314 0.0191020082 0.0165916957 0.028256169 0.0305916041 0.0267482374 0.0231093962 0.029832467 0.0299850638 0.0243128926 0.0229445459 0.0307964316 0.0155896922 0.0390223735 0.0269079627 0.0391611118 0.0213878477 0.0322570551 0.0396833489 0.0150914616 0.0214685714 0.0192300073 0.004159996 0.038429878 0.0324781228 0.0175821183 0.032189875 0.0255460947 0.0228162127 0.016635591 0.02547869 0.019384813 0.0 0.0306452965 0.0294957657 0.0145825197 0.0181714769
37 0.0160853468 0.0305313798 0.018767411 0.0270152261 0.02014365 0.0451213613 0.0166530272 0.038358029 0.027601071 0.0451957428 0.0197454247 0.0271477655 0.0294619408 0.0418198387 0.0194665225 0.0340459416 0.0020804776 0.0262899907 0.0169351267 0.0279997341 0.0266778896 0.0162692776 0.0342154367 0.0113301713 0.0174007176 0.0273016324 0.0361350703 0.0118617943 0.0318421104 0.0329195916 0.0076310705 0.029256318 0.0291837872 0.0295810865 0.0313687225 0.0306452965 0.0 0.0301591519 0.0117083621 0.024047505
38 0.0125449259 0.0271025663 0.0194645662 0.0348762355 0.024541166 0.0137510562 0.0221713835 0.0310510429 0.0220091959 0.016254917 0.0267195297 0.0334867558 0.0266312581 0.0399350612 0.0214078355 0.005604784 0.0423489684 0.026699336 0.030901371 0.033841013 0.0046563003 0.0307922766 0.0106508182 0.0215302048 0.0125497402 0.0417180468 0.0211671711 0.0312212209 0.0192409328 0.0345788764 0.0391138797 0.0297579898 0.0228903769 0.0221423908 0.0309984735 0.0294957657 0.0301591519 0.0 0.0265282634 0.0294651521
39 0.0202448694 0.0133502695 0.0251088636 0.0351565871 0.010067316 0.0209969271 0.0135890432 0.0273592721 0.0125109022 0.0231670563 0.0190971694 0.0440145344 0.0198853125 0.0272767185 0.0204158928 0.0167188243 0.0293349179 0.027993036 0.0404073181 0.0172620509 0.0106659932 0.0337008205 0.0241633336 0.0187435658 0.0346544767 0.0133154003 0.0217451837 0.0263348367 0.0339308338 0.0479097835 0.0294424492 0.0534278594 0.0273356038 0.0493912039 0.0267248006 0.0145825197 0.0117083621 0.0265282634 0.0 0.0317378286
40 0.0299577913 0.0146620332 0.0087228574 0.0144956959 0.0281947925 0.0252705182 0.0382594116 0.0204121892 0.011923991 0.0331882516 0.0039170557 0.0219699947 0.0314657036 0.0383961512 0.0282958196 0.0208057579 0.0488858279 0.0326789172 0.0077086836 0.0287085781 0.0230560282 0.0200454281 0.0438423379 0.0182216649 0.0117082229 0.0419431517 0.0368296585 0.0208641887 0.01864732 0.0364198838 0.0291806308 0.0274772518 0.0179653965 0.0283105987 0.0341462533 0.0181714769 0.024047505 0.0294651521 0.0317378286 0.0
