30
1 0.0 0.0084126753 0.0311661082 0.0372587883 0.031372595 0.0257250676 0.0336995192 0.0366359394 0.0548492429 0.0190955038 0.0552954842 0.0450974218 0.0256994502 0.0094068786 0.0487824601 0.0507386388 0.0146676296 0.037566602 0.0517048922 0.0407482335 0.0241913882 0.0162282443 0.0403891464 0.0579143655 0.055347402 0.0374698737 0.0188208723 0.0363583547 0.0337219818 0.0216352403
2 0.0084126753 0.0 0.0295414691 0.0103959411 0.0363731058 0.0582707379 0.0074877397 0.0402528396 0.0469419578 0.0243061972 0.0428068215 0.0351332638 0.0286434683 0.0640552785 0.0186641335 0.0209943281 0.00342498 0.0584352758 0.0624814744 0.0264444099 0.0483392315 0.0516918916 0.0238530059 0.0682071046 0.0530624885 0.0338674318 0.0114265348 0.0485525579 0.0109067991 0.0270268567
3 0.0311661082 0.0295414691 0.0 0.0427625573 0.0307541112 0.0287995734 0.0316516798 0.0158930777 0.0512509035 0.0587542269 0.0666303172 0.0302306583 0.0673096269 0.0341433327 0.017868589 0.0330584827 0.0464456488 0.0248730335 0.0069218927 0.0428181952 0.0325762675 0.0324837571 0.0128324383 0.0246897956 0.0431132361 0.0342153286 0.0234867999 0.0265671295 0.035471407 0.0436903564
4 0.0372587883 0.0103959411 0.0427625573 0.0 0.0408367886 0.0303931378 0.0335941189 0.0380184256 0.0368096419 0.0541897112 0.028699277 0.0359986741 0.0253940472 0.0515211084 0.0411757307 0.0514924627 0.044659456 0.0401222508 0.0549973867 0.0262407866 0.0297207282 0.0112282659 0.0430736512 0.0086817252 0.0287481404 0.0171596687 0.0438099772 0.043341531 0.0337193279 0.0159566933
5 0.031372595 0.0363731058 0.0307541112 0.0408367886 0.0 0.0352166587 0.0271885549 0.048963643 0.0378391808 0.0300435636 0.0176753435 0.0383900394 0.0381389173 0.0299547021 0.0418495536 0.0210995225 0.0282794712 0.0190472417 0.0468427669 0.0173913658 0.0313795744 0.040337869 0.0403142403 0.0292392448 0.0491276258 0.0259364037 0.0492317226 0.0377162668 0.0234169428 0.0560429842
6 0.0257250676 0.0582707379 0.0287995734 0.0303931378 0.0352166587 0.0 0.0288664063 0.0267436695 0.0404486418 0.0347824514 0.0495994771 0.0600809306 0.043637078 0.0400616067 0.0013775434 0.0342948889 0.0081938085 0.0317389011 0.034428561 0.0408696682 0.0439423892 0.023705154 0.0393463944 0.02996189 0.0420780206 0.0254806558 0.0319759597 0.0389519215 0.0396085286 0.0314202785
7 0.0336995192 0.0074877397 0.0316516798 0.0335941189 0.0271885549 0.0288664063 0.0 0.0319283547 0.0457383264 0.0288357631 0.0348668001 0.0185579289 0.0535093386 0.0148981388 0.0315772014 0.0157384343 0.0297054116 0.0494485067 0.0329275812 0.0240548258 0.0294299266 0.0283593673 0.0291122558 0.0370968621 0.0531951193 0.0636388286 0.0624609464 0.0370696134 0.0414559146 0.0439065353
8 0.0366359394 0.0402528396 0.0158930777 0.0380184256 0.048963643 0.0267436695 0.0319283547 0.0 0.0235657853 0.0614667569 0.0313971548 0.0272877298 0.0445733568 0.0232358695 0.0345460285 0.0273765628 0.0392874012 0.0353501192 0.0263592835 0.0321634028 0.0314280099 0.0305492877 0.0443352167 0.0412361083 0.0280516772 0.0252446155 0.0448590997 0.0419563272 0.0300605923 0.0372336649
9 0.0548492429 0.0469419578 0.0512509035 0.0368096419 0.0378391808 0.0404486418 0.0457383264 0.0235657853 0.0 0.0470642745 0.0494402006 0.0150468679 0.0078006731 0.0427415744 0.0372805128 0.0115158398 0.0344486118 0.025555616 0.0418577222 0.0048932436 0.0225305205 0.0331647705 0.0243944927 0.0371069428 0.0379719296 0.035419543 0.0305296624 0.0408749092 0.0517167001 0.0312017118
10 0.0190955038 0.0243061972 0.0587542269 0.0541897112 0.0300435636 0.0347824514 0.0288357631 0.0614667569 0.0470642745 0.0 0.033843446 0.0334076063 0.0257763072 0.008468604 0.0319811076 0.0221730192 0.052423646 0.0491402782 0.0123055353 0.0183403724 0.0510263337 0.0424469097 0.0350252911 0.0359619432 0.0273405315 0.0366773889 0.0271968426 0.0324284163 0.046679306 0.0188186663
11 0.0552954842 0.0428068215 0.0666303172 0.028699277 0.0176753435 0.0495994771 0.0348668001 0.0313971548 0.0494402006 0.033843446 0.0 0.0443985629 0.05151034 0.0126251821 0.0148348383 0.0106107227 0.0237434181 0.0354671559 0.0131865428 0.0295054277 0.0296558301 0.0606256979 0.0177342147 0.0157321074 0.0566496956 0.036096656 0.0466722858 0.0448052421 0.0058399101 0.0400518479
12 0.0450974218 0.0351332638 0.0302306583 0.0359986741 0.0383900394 0.0600809306 0.0185579289 0.0272877298 0.0150468679 0.0334076063 0.0443985629 0.0 0.0394467453 0.0140085003 0.0507147848 0.0346485748 0.0308404711 0.0395942693 0.0523905177 0.0299169651 0.0385714686 0.0121121763 0.0372480458 0.0378784689 0.0420650675 0.0129402185 0.0446943969 0.0193874198 0.0477953219 0.0321169036
13 0.0256994502 0.0286434683 0.0673096269 0.0253940472 0.0381389173 0.043637078 0.0535093386 0.0445733568 0.0078006731 0.0257763072 0.05151034 0.0394467453 0.0 0.0372817214 0.0399474293 0.0377820943 0.0506207994 0.0207902018 0.0449850088 0.0265503978 0.0496451645 0.0423612672 0.0214334836 0.0322124521 0.0173844058 0.022535349 0.0112433709 0.0359302991 0.0388281366 0.0190290694
14 0.0094068786 0.0640552785 0.0341433327 0.0515211084 0.0299547021 0.0400616067 0.0148981388 0.0232358695 0.0427415744 0.008468604 0.0126251821 0.0140085003 0.0372817214 0.0 0.0519151922 0.0210749499 0.0470348905 0.0587539067 0.0556979102 0.0378663837 0.0317604631 0.0315106192 0.0378168194 0.030194103 0.0347894443 0.0309592734 0.0252100006 0.0315616578 0.0376694757 0.0537824127
15 0.0487824601 0.0186641335 0.017868589 0.0411757307 0.0418495536 0.0013775434 0.0315772014 0.0345460285 0.0372805128 0.0319811076 0.0148348383 0.0507147848 0.0399474293 0.0519151922 0.0 0.0228035093 0.0411643739 0.0351591406 0.0400415923 0.0409992778 0.0372654484 0.0528932771 0.0521956538 0.020576146 0.0187412194 0.0590387893 0.0374918395 0.0100061441 0.0286656229 0.0404428607
16 0.0507386388 0.0209943281 0.0330584827 0.0514924627 0.0210995225 0.0342948889 0.0157384343 0.0273765628 0.0115158398 0.0221730192 0.0106107227 0.0346485748 0.0377820943 0.0210749499 0.0228035093 0.0 0.0439842835 0.0298682019 0.0429628063 0.0447001375 0.0587595527 0.05700761 0.0254006242 0.0422791198 0.0534938568 0.0394298773 0.0417757126 0.0547466831 0.0386190982 0.0115704052
17 0.0146676296 0.00342498 0.0464456488 0.044659456 0.0282794712 0.0081938085 0.0297054116 0.0392874012 0.0344486118 0.052423646 0.0237434181 0.0308404711 0.0506207994 0.0470348905 0.0411643739 0.0439842835 0.0 0.0310453918 0.0099732086 0.0419846838 0.0179187557 0.0380621217 0.0550618112 0.0397948181 0.0374523718 0.0382273244 0.0317370141 0.0499013471 0.0414530471 0.0284638035
18 0.037566602 0.0584352758 0.0248730335 0.0401222508 0.0190472417 0.0317389011 0.0494485067 0.0353501192 0.025555616 0.0491402782 0.0354671559 0.0395942693 0.0207902018 0.0587539067 0.0351591406 0.0298682019 0.0310453918 0.0 0.0181562776 0.0489324982 0.0378487565 0.0356835378 0.0259229678 0.0350212435 0.0211254354 0.0521416301 0.0320739906 0.0218122539 0.0405512417 0.0087740741
19 0.0517048922 0.0624814744 0.0069218927 0.0549973867 0.0468427669 0.034428561 0.0329275812 0.0263592835 0.0418577222 0.0123055353 0.0131865428 0.0523905177 0.0449850088 0.0556979102 0.0400415923 0.0429628063 0.0099732086 0.0181562776 0.0 0.0472620437 0.00858769 0.0366331455 0.0578204065 0.0213664733 0.0050085935 0.0463483994 0.0357887363 0.0327908538 0.0350386786 0.0251340193
20 0.0407482335 0.0264444099 0.0428181952 0.0262407866 0.0173913658 0.0408696682 0.0240548258 0.0321634028 0.0048932436 0.0183403724 0.0295054277 0.0299169651 0.0265503978 0.0378663837 0.0409992778 0.0447001375 0.0419846838 0.0489324982 0.0472620437 0.0 0.0486016416 0.0359428749 0.0002661939 0.0368638539 0.0366701966 0.0205677019 0.0440644344 0.0262823796 0.0572086269 0.0718497771
21 0.0241913882 0.0483392315 0.0325762675 0.0297207282 0.0313795744 0.0439423892 0.0294299266 0.0314280099 0.0225305205 0.0510263337 0.0296558301 0.0385714686 0.0496451645 0.0317604631 0.0372654484 0.0587595527 0.0179187557 0.0378487565 0.00858769 0.0486016416 0.0 0.0354940904 0.0274145164 0.0302407787 0.0356770195 0.0382570066 0.0362692573 0.0183907252 0.0442644562 0.030813009
22 0.0162282443 0.0516918916 0.0324837571 0.0112282659 0.040337869 0.023705154 0.0283593673 0.0305492877 0.0331647705 0.0424469097 0.0606256979 0.0121121763 0.0423612672 0.0315106192 0.0528932771 0.05700761 0.0380621217 0.0356835378 0.0366331455 0.0359428749 0.0354940904 0.0 0.0327725797 0.0326712271 0.0251063898 0.0302293554 0.0283667874 0.0358075577 0.0200169338 0.0465072338
23 0.0403891464 0.0238530059 0.0128324383 0.0430736512 0.0403142403 0.0393463944 0.0291122558 0.0443352167 0.0243944927 0.0350252911 0.0177342147 0.0372480458 0.0214334836 0.0378168194 0.0521956538 0.0254006242 0.0550618112 0.0259229678 0.0578204065 0.0002661939 0.0274145164 0.0327725797 0.0 0.0231362805 0.0456716919 0.0443828583 0.0365197124 0.0516829316 0.0193654464 0.055477629
24 0.0579143655 0.0682071046 0.0246897956 0.0086817252 0.0292392448 0.02996189 0.0370968621 0.0412361083 0.0371069428 0.0359619432 0.0157321074 0.0378784689 0.0322124521 0.030194103 0.020576146 0.0422791198 0.0397948181 0.0350212435 0.0213664733 0.0368638539 0.0302407787 0.0326712271 0.0231362805 0.0 0.031850145 0.0350270548 0.0404051716 0.0354430692 0.0432865928 0.0459249123
25 0.055347402 0.0530624885 0.0431132361 0.0287481404 0.0491276258 0.0420780206 0.0531951193 0.0280516772 0.0379719296 0.0273405315 0.0566496956 0.0420650675 0.0173844058 0.0347894443 0.0187412194 0.0534938568 0.0374523718 0.0211254354 0.0050085935 0.0366701966 0.0356770195 0.0251063898 0.0456716919 0.031850145 0.0 0.0369540893 0.0084805488 0.0075920839 0.0096740669 0.0575775073
26 0.0374698737 0.0338674318 0.0342153286 0.0171596687 0.0259364037 0.0254806558 0.0636388286 0.0252446155 0.035419543 0.0366773889 0.036096656 0.0129402185 0.022535349 0.0309592734 0.0590387893 0.0394298773 0.0382273244 0.0521416301 0.0463483994 0.0205677019 0.0382570066 0.0302293554 0.0443828583 0.0350270548 0.0369540893 0.0 0.0403410141 0.0347900331 0.0271141892 0.0195094414
27 0.0188208723 0.0114265348 0.0234867999 0.0438099772 0.0492317226 0.0319759597 0.0624609464 0.0448590997 0.0305296624 0.0271968426 0.0466722858 0.0446943969 0.0112433709 0.0252100006 0.0374918395 0.0417757126 0.0317370141 0.0320739906 0.0357887363 0.0440644344 0.0362692573 0.0283667874 0.0365197124 0.0404051716 0.0084805488 0.0403410141 0.0 0.0443254341 0.0487648727 0.0219770023
28 0.0363583547 0.0485525579 0.0265671295 0.043341531 0.0377162668 0.0389519215 0.0370696134 0.0419563272 0.0408749092 0.0324284163 0.0448052421 0.0193874198 0.0359302991 0.0315616578 0.0100061441 0.0547466831 0.0499013471 0.0218122539 0.0327908538 0.0262823796 0.0183907252 0.0358075577 0.0516829316 0.0354430692 0.0075920839 0.0347900331 0.0443254341 0.0 0.0329742678 0.0279525895
29 0.0337219818 0.0109067991 0.035471407 0.0337193279 0.0234169428 0.0396085286 0.0414559146 0.0300605923 0.0517167001 0.046679306 0.0058399101 0.0477953219 0.0388281366 0.0376694757 0.0286656229 0.0386190982 0.0414530471 0.0405512417 0.0350386786 0.0572086269 0.0442644562 0.0200169338 0.0193654464 0.0432865928 0.0096740669 0.0271141892 0.0487648727 0.0329742678 0.0 0.0361125142
30 0.0216352403 0.0270268567 0.0436903564 0.0159566933 0.0560429842 0.0314202785 0.0439065353 0.0372336649 0.0312017118 0.0188186663 0.0400518479 0.0321169036 0.0190290694 0.0537824127 0.0404428607 0.0115704052 0.0284638035 0.0087740741 0.0251340193 0.0718497771 0.030813009 0.0465072338 0.055477629 0.0459249123 0.0575775073 0.0195094414 0.0219770023 0.0279525895 0.0361125142 0.0
