128
1 0.0083177307 0.0089857236 0.0058343186 0.0022977936 0.0069408738 0.0066740826 0.0069362617 0.006212185 0.0070356284 0.0066670637 0.0080878756 0.0090269159 0.0095807475 0.0052025989 0.0093396795 0.0122599647 0.0044440996 0.0061891652 0.0058045027 0.0084970577 0.0129557733 0.0079523583 0.0048802391 0.0093324018 0.0071646513 0.0082823822 0.0096423779 0.0098845569 0.0100821008 0.0102092664 0.0048473608 0.0066955108 0.0029182723 0.0074984294 0.0103333862 0.0078636034 0.0041632118 0.0074890041 0.0046563835 0.0080919288 0.0056103792 0.0069250272 0.0082061511 0.0187156415 0.0049484923 0.0061309165 0.0138465219 0.0098980598 0.0078935105 0.0107967248 0.0071096906 0.0071770048 0.0085144229 0.0068840808 0.0051023007 0.0123470583 0.0063581944 0.0048172398 0.00687204 0.0064217953 0.006773189 0.0085684417 0.0077182021 0.0122824126 0.0088176505 0.0109648905 0.0067701316 0.0090209594 0.011838946 0.0058881149 0.0104099621 0.0042308526 0.0071257655 0.0055273227 0.0137195106 0.007273746 0.0070140372 0.0059180788 0.0062483656 0.0044425913 0.0091109368 0.0082989458 0.0116932817 0.0053826764 0.0114618415 0.0076480156 0.0078223559 0.0055971072 0.002423608 0.0083490619 0.0051396026 0.0069894842 0.0116108889 0.0074795798 0.0088181535 0.0080013937 0.0075746639 0.0111083578 0.0058991954 0.0053344875 0.0083899608 0.0096550379 0.0051177786 0.0092707294 0.0064086869 0.0091685682 0.0066226478 0.0105541982 0.0112780852 0.0130295912 0.0098938715 0.0054868575 0.0063339705 0.0064403803 0.0096846385 0.0069765006 0.0111726057 0.0045777069 0.0099548079 0.0045670662 0.0110291359 0.0061495954 0.0057256075 0.0036703603 0.0029564626 0.0092406117 0.0076066613 0.0088883462 
2 0.0089857236 0.0131387189 0.0048594551 0.0066025809 0.0063234942 0.0091813084 0.0063584142 0.0057077419 0.0081841063 0.003237007 0.0096943034 0.0041408272 0.0069545867 0.0144108156 0.0110208714 0.008343288 0.0110442037 0.00962655 0.0061856346 0.0081801939 0.0052075597 0.0061952734 0.0085753533 0.0066963405 0.0078293292 0.0101610729 0.0062174754 0.0058554771 0.006929473 0.0052357935 0.0072801702 0.0091676936 0.0080071183 0.0071885401 0.010488286 0.0067293626 0.0162863238 0.0103354094 0.008637649 0.0064543926 0.0121619614 0.0092278382 0.0109531466 0.0057549998 0.0055744513 0.0075188248 0.0059724241 0.0059973111 0.0060048967 0.0059470579 0.010958542 0.0072493742 0.0057179666 0.0062624263 0.0179742295 0.0086123851 0.0090164175 0.0039761235 0.0088285149 0.0049702312 0.0074012492 0.0094341917 0.0071481033 0.0061927833 0.010684641 0.0148387927 0.0042735604 0.0051380335 0.0060294526 0.0062275829 0.0003061143 0.0074409812 0.0097729759 0.0098839157 0.0116163981 0.0086064683 0.0087183545 0.0067502377 0.003746595 0.00493407 0.0084593108 0.0106801141 0.0068095228 0.0047664543 0.0104361986 0.0025722544 0.0096278765 0.0090116403 0.0122610273 0.0063938395 0.004231907 0.007787468 0.0081886928 0.0115567013 0.0045105339 0.0066247818 0.0037818271 0.0083785756 0.0031361603 0.0105296168 0.0053864156 0.004473565 0.0126685417 0.0044955582 0.0097724934 0.0075170154 0.0074026331 0.0073879105 0.006283696 0.0037558441 0.0063948481 0.0100554547 0.0105293158 0.0080910195 0.0091195783 0.0073297728 0.0088304388 0.0088120123 0.0080164657 0.0072520013 0.0065084185 0.0128091772 0.0110013377 0.0076851965 0.0097945684 0.0060063039 0.0066944067 0.0066999651 
3 0.0058343186 0.0048594551 0.008048246 0.0107645613 0.011958865 0.0049406416 0.0093112349 0.0074771432 0.005124292 0.0068808229 0.0074172578 0.0110085263 0.0072978217 0.0067247347 0.0122827115 0.0061848499 0.0113876943 0.0064664803 0.0046952983 0.0100716597 0.0086713398 0.0090635819 0.0068477653 0.0058080301 0.0099916947 0.0081597759 0.0049406652 0.002653751 0.0100938555 0.0129926448 0.0108726645 0.0073239757 0.009010165 0.0099274485 0.0027326263 0.0117481184 0.0073866051 0.0077748853 0.008288673 0.0138227727 0.00801761 0.0082195615 0.0114702886 0.0054418764 0.0072171645 0.0094082345 0.005857148 0.0016701855 0.0111862994 0.0030451119 0.0078348605 0.0101646045 0.0052617017 0.0056437026 0.0040951186 0.0089196743 0.0077524766 0.0080677052 0.0090531969 0.0030267537 0.0080630279 0.0045925396 0.0078308064 0.0028969138 0.0112447907 0.0012448145 0.0070551589 0.008742615 0.00752139 0.0052587623 0.0083321884 0.0082061816 0.0030746973 0.0072739131 0.0151309754 0.0070469393 0.0131183527 0.0093583811 0.0046270518 0.0108764927 0.0051362763 0.0064122326 0.0060328827 0.0055128349 0.011045402 0.010617793 0.0062818734 0.0095729267 0.0186832366 0.0114226547 0.0031552071 0.006901823 0.0068723135 0.0123808624 0.0084119705 0.0118618893 0.0043048259 0.0072697133 0.0036781522 0.0089951738 0.0050428427 0.0125567962 0.009618391 0.0078666496 0.0039221653 0.006772201 0.0079098676 0.0145079398 0.0108432514 0.0063623435 0.0110660997 0.0120172251 0.0058696847 0.0054535727 0.0102302183 0.0049353797 0.0071657389 0.0048009849 0.0024823762 0.012285411 0.0097448085 0.0061327645 0.0066099841 0.0044630145 0.0076143177 0.0079746223 0.0049281133 0.0065762707 
4 0.0022977936 0.0066025809 0.0107645613 0.0104029822 0.0059111965 0.007381086 0.0105725148 0.0091114904 0.0059932124 0.0062356316 0.0057867307 0.0095120843 0.0080553433 0.0081915393 0.0069702977 0.0037148494 0.009290126 0.0065243527 0.0105230341 0.0070072149 0.0100604957 0.0140759426 0.0110802644 0.0080815725 0.0098287922 0.0134111143 0.0051879486 0.0101048279 0.0050789299 0.0065538499 0.0117410375 0.0060526112 0.0091252079 0.0042308613 0.0085275888 0.0055473164 0.007654894 0.008881931 0.0067586881 0.0073652711 0.0098273191 0.0082552813 0.0038017268 0.0119393851 0.0066865898 0.0143722414 0.0066291158 0.0095636477 0.0062657063 0.0086039514 0.0049018568 0.0034102467 0.0046518366 0.0094350807 0.0083195504 0.0105662436 0.006890648 0.0049856204 0.0037360212 0.0099056179 0.0091735589 0.0021365462 0.007935541 0.0121244176 0.0057831314 0.0087456123 0.0030632735 0.0078313203 0.0080628577 0.0058381023 0.0064205843 0.0097284524 0.003854704 0.0015236778 0.0063188022 0.0107144424 0.0102215938 0.0045490732 0.0126363913 0.0064690356 0.0063093742 0.0094402657 0.0061196113 0.0048021683 0.0081631268 0.0051014395 0.0046874691 0.0094708507 0.0070170328 0.012411884 0.0074093652 0.0043489972 0.0049405937 0.0061761179 0.0088633096 0.009924123 0.0062703923 0.0048773675 0.0054021907 0.0094652124 0.0187882961 0.0082805137 0.0112332866 0.0084545785 0.008370751 0.0089420286 0.0054645616 0.0115708229 0.0075546709 0.0061063704 0.0039506235 0.0119834047 0.0057498815 0.0052966229 0.0062570041 0.0086673295 0.0083547409 0.0137015819 0.003111122 0.0034730319 0.0109113161 0.0043880251 0.0157373409 0.0102539749 0.0108346134 0.004112278 0.0069922897 0.0141814744 
5 0.0069408738 0.0063234942 0.011958865 0.0059111965 0.0108114592 0.0053060581 0.0053058695 0.0084125526 0.0067426984 0.0095583753 0.0078211613 0.0092240962 0.004001014 0.0070057544 0.0096195642 0.0078799211 0.0060293206 0.0036434442 0.0058537413 0.0070014191 0.0063125349 0.0105887 0.008078139 0.0089742645 0.0060842266 0.0052764822 0.0113691302 0.013421131 0.0085176185 0.0058347816 0.0053165423 0.0060267021 0.0079500071 0.0081803139 0.0121378519 0.0114889095 0.009987888 0.0075822849 0.0084272328 0.0111036845 0.008153456 0.0085536112 0.0084791585 0.0042035613 0.0032068106 0.0041504916 0.0121553159 0.0107787506 0.0035779329 0.0052305137 0.0070974638 0.009527298 0.0042748557 0.0093536703 0.0082921798 0.0111030756 0.0038917007 0.010678494 0.0076829598 0.009500736 0.0045304411 0.0038219339 0.0080026762 0.0176206072 0.0028307575 0.0156471258 0.0098087468 0.0124787971 0.004329982 0.0093176997 0.0106306397 0.0081124598 0.0078574431 0.010089609 0.0121917887 0.0101303924 0.0076250023 0.0078720847 0.0118607742 0.0035895152 0.0039461595 0.0021131616 0.0059121319 0.0063874596 0.0085261451 0.0093943282 0.0079019118 0.0063194711 0.0028173674 0.0071775013 0.0019855975 0.005082345 0.0054625597 0.014647466 0.015343511 0.0044442563 0.0123595949 0.0045242307 0.010408383 0.0123446342 0.0034706302 0.0011715092 0.0124375062 0.0065137277 0.0112781867 0.0058010306 0.004025391 0.0016803803 0.0051923557 0.0086311941 0.0117961865 0.0068356555 0.007880068 0.0035980699 0.0102823258 0.0094478703 0.0088900761 0.0056451828 0.0024900842 0.0064209138 0.0074607094 0.0100941434 0.0114693763 0.0053042615 0.0125873 0.0040989561 0.0107919146 0.0113569615 
6 0.0066740826 0.0091813084 0.0049406416 0.007381086 0.0053060581 0.001739416 0.0107258274 0.0077681466 0.0087513329 0.009759254 0.0043410273 0.0111808392 0.0085442055 0.0097136941 0.0045267168 0.0086102929 0.004658279 0.0084215738 0.0044485395 0.0048415034 0.0116801099 0.0082853414 0.0089664313 0.0058404484 0.0072402372 0.0094732919 0.0125718206 0.0048059347 0.0112243409 0.0047196958 0.0083723193 0.0005183276 0.0074409007 0.007697399 0.0090304697 0.0148911895 0.0076774502 0.0103112259 0.0025113076 0.0083313947 0.0030780131 0.0093406416 0.0061504387 0.0117798168 0.0081580143 0.0033338663 0.0093767573 0.0070576054 0.0049355203 0.005289219 0.0128783429 0.0064364685 0.0129796679 0.006829554 0.0096610013 0.0062734888 0.0082367229 0.0064027885 0.011518453 0.0096551437 0.0036161862 0.0074520413 0.0111986285 0.008792216 0.0110245541 0.0037812727 0.0072894581 0.0059899885 0.0075267494 0.0091979822 0.0071670311 0.002765789 0.0092001324 0.0100664936 0.0070493849 0.0082275377 0.0037378284 0.0065246891 0.0112004073 0.0045297962 0.00768298 0.0036387475 0.008989063 0.0051526633 0.0080062749 0.0081603683 0.0068225311 0.01105075 0.0077480624 0.0071724097 0.0128169228 0.0078052062 0.00365216 0.0140488646 0.0062294414 0.0109435728 0.0074340671 0.0088669956 0.0113176491 0.0079905932 0.0087870664 0.0066584324 0.0055328759 0.0073210045 0.0103912622 0.0109350939 0.0128907143 0.0073414997 0.0090232349 0.0033990617 0.0040892364 0.008309757 0.0039651489 0.0086712485 0.0022666784 0.0070629891 0.0088328056 0.0075250363 0.0056889899 0.0108964271 0.0168319836 0.0072983596 0.0097293255 0.0099157556 0.0091009059 0.0092267364 0.0055031653 0.0084627293 
7 0.0069362617 0.0063584142 0.0093112349 0.0105725148 0.0053058695 0.0107258274 0.0189979885 0.0068366591 0.0078555206 0.0110034249 0.0090556983 0.0072506573 0.0049750252 0.0124655164 0.0048092074 0.0112835218 0.0061898718 0.0086863886 0.0042012761 0.0092962339 0.0099040674 0.0074697424 0.0070762688 0.0070440082 0.0039485313 0.0041410737 0.0089388814 0.0041579172 0.0051589291 0.008482673 0.0157551321 0.0126223418 0.0070627292 0.0088140592 0.0102545735 0.0104716618 0.0070810365 0.0075675742 0.0103556945 0.0074036896 0.0082065659 0.0045196857 0.0043917447 0.004272246 0.0050712432 0.0057619791 0.0068024687 0.0079941645 0.0096699513 0.0059937361 0.0042537135 0.0135692999 0.0075372312 0.0074407894 0.007526945 0.0102649623 0.0060896844 0.0092862611 0.0048694707 0.0056995912 0.0036031866 0.0079992741 0.0046364733 0.0078365228 0.0102082206 0.004111903 0.0067139033 0.004575461 0.0095842114 0.0054024791 0.0066870931 0.0069200864 0.005029564 0.0096988031 0.0074073601 0.0052690239 0.0087852973 0.0166092981 0.0076947065 0.0096766572 0.0066973434 0.0020783946 0.0049477667 0.0126089247 0.0065491538 0.0097594531 0.0106275398 0.0069262986 0.0077661385 0.0063191688 0.0076061079 0.0083514509 0.0046764334 0.0095942961 0.0037969665 0.0067478428 0.0072010651 0.0121421523 0.0046099203 0.0067084655 0.0099744069 0.0097323534 0.0097686181 0.0097497576 0.0090894291 0.009297223 0.0037819262 0.0088218671 0.0097187924 0.0071779606 0.0050043837 0.0069300709 0.0073977428 0.0032353876 0.0059014779 0.0089638375 0.0087809592 0.01308935 0.0036971885 0.0116328736 0.0108783368 0.0107160913 0.0040886033 0.0104652685 0.0096366511 0.0060357634 0.0065440581 0.0106757829 
8 0.006212185 0.0057077419 0.0074771432 0.0091114904 0.0084125526 0.0077681466 0.0068366591 0.0052583917 0.0083204677 0.0077638792 0.0095161602 0.0092769358 0.0069515867 0.0075608361 0.0041584011 0.0112434733 0.0078662378 0.0069646762 0.0068312605 0.0081631643 0.008285567 0.0028218479 0.0102244959 0.0068734734 0.0063426181 0.0057430825 0.0075910498 0.0043501123 0.0127074776 0.0068006293 0.0110884163 0.012193859 0.0113080341 0.0076454463 0.0066988349 0.0113876653 0.0063110289 0.0107620942 0.0049943773 0.0062094891 0.0119062925 0.0038562852 0.0083551578 0.0041649714 0.0062074527 0.0041558397 0.0067223424 0.0039861776 0.0123854399 0.0077887163 0.0084073161 0.0050977331 0.010635454 0.0043378595 0.0038921557 0.0075883873 0.0060716069 0.0067570118 0.0088197106 0.0028886469 0.0046473877 0.0046436918 0.0038242983 0.0089101524 0.0060489218 0.0095202443 0.008588722 0.0085686132 0.0086500213 0.0096673476 0.0051458993 0.0081494462 0.0073995691 0.006095204 0.0153319606 0.0107496946 0.0091605703 0.0096712317 0.0025167244 0.0094675651 0.005476358 0.0071844588 0.0073590973 0.0064818205 0.0123535533 0.0121019384 0.0092670339 0.009105108 0.0077988733 0.0072296675 0.0067165161 0.0108253486 0.0081095419 0.0054622966 0.0081918248 0.0022512922 0.0078900706 0.008804087 0.0119850859 0.0081273881 0.0095615583 0.0050852664 0.0067965168 0.0130104844 0.0051589243 0.0027191991 0.0100850368 0.0056252889 0.0055494357 0.012489201 0.0043473866 0.0067057065 0.0112072595 0.0110253301 0.0081520738 0.0108587067 0.0160314533 0.0085953124 0.0068993284 0.0065378915 0.010111684 0.0104417402 0.0073378881 0.0056858833 0.0038104814 0.0115446636 0.0116749694 0.0077071574 
9 0.0070356284 0.0081841063 0.005124292 0.0059932124 0.0067426984 0.0087513329 0.0078555206 0.0083204677 0.0083746428 0.0023840996 0.0055883943 0.00496781 0.0055837611 0.0111320897 0.0073036907 0.0081950869 0.0093136253 0.0090913557 0.009656082 0.0078154171 0.000633718 0.0068755729 0.0143365939 0.0049922245 0.0041562501 0.0077968739 0.010104469 0.0090382371 0.0078324625 0.0064230926 0.0066603788 0.0136998974 0.005632217 0.0042858956 0.0055070793 0.013192857 0.0143547765 0.0080228145 0.0050844895 0.0112329883 0.0007854882 0.0076614083 0.0056605433 0.0068908466 0.0080564254 0.0111049213 0.004755157 0.0068306384 0.0105245785 0.0086226743 0.0053018916 0.0093605204 0.0105941777 0.0087630808 0.0066692533 0.0017962801 0.0078792396 0.0126256335 0.0065570554 0.0073603101 0.013667138 0.0080734739 0.0080209868 0.0030360618 0.0035990891 0.0033404873 0.0101986788 0.0050738867 0.0048705638 0.0136754276 0.0057944338 0.013326206 0.0091326742 0.0062866825 0.0071820347 0.004084948 0.0045928503 0.0104461218 0.0101228908 0.0032653607 0.0055453391 0.0051212705 0.0062537544 0.0053826987 0.0088144794 0.0088039615 0.010788648 0.0073834918 0.0093473606 0.0136702211 0.007214963 0.0039822533 0.0064816004 0.0120486121 0.0078133179 0.0052767201 0.0108820657 0.004723662 0.0079754753 0.0042136442 0.0139647066 0.008999045 0.008841617 0.0057299579 0.0088597287 0.0119155724 0.0034194339 0.0111855338 0.001791872 0.0063592195 0.0120926733 0.0116722716 0.0054111453 0.0081253649 0.0078827008 0.0061363743 0.0070847998 0.0089978988 0.0076134484 0.0106819818 0.0111470345 0.0118609608 0.0098791912 0.0085013701 0.0096103753 0.0121405784 0.0074240503 0.0080812316 
10 0.0066670637 0.003237007 0.0068808229 0.0062356316 0.0095583753 0.009759254 0.0110034249 0.0077638792 0.0023840996 0.0088046961 0.0055211651 0.0124483919 0.010862004 0.0014016151 0.009369043 0.0126572363 0.0048283148 0.005973188 0.0081341354 0.0090540871 0.0067654 0.0092088997 0.0081695011 0.0079850899 0.0093294377 0.005497858 0.0074164665 0.0020591649 0.0060343496 0.0046980388 0.0068720321 0.0021745422 0.0084103412 0.0118905566 0.0092376567 0.0111550841 0.0083895605 0.0073988866 0.0108149446 0.0029402974 0.0034375668 0.0046128291 0.0072713678 0.0066891125 0.008979732 0.0137431942 0.0062715538 0.0086703095 0.0093594352 0.0106164329 0.005816901 0.0101965327 0.0080910901 0.0060565854 0.0113427929 0.0111891429 0.0037483649 0.0077320335 0.0082497504 0.0132160056 0.0083684295 0.0043111275 0.0097703664 0.0103330468 0.0092441968 0.009247332 0.0107680208 0.0058160056 0.0046613132 0.010692968 0.0088396863 0.0104362687 0.0100856815 0.0042219791 0.0086975637 0.0079760698 0.0127257002 0.0133475308 0.0085935022 0.0066966953 0.0116919655 0.0098993412 0.0132532564 0.0119174475 0.0118466439 0.0080572751 0.0078824155 0.0070300708 0.0071119294 0.0093440457 0.004535303 0.0096698031 0.0057828682 0.0062918162 0.0076078761 0.0078149958 0.0071410224 0.0089902683 0.0039641761 0.0073205628 0.0042605231 0.0100399715 0.0069553025 0.0031250024 0.0090898175 0.0062885175 0.0133090199 0.0017980139 0.0086669037 0.0103306514 0.008916494 0.0036692534 0.0085006923 0.0026715451 0.009037829 0.0052038519 0.0046435828 0.0089769923 0.0075046755 0.0090303775 0.0063743043 0.010022436 0.0078257041 0.0024529899 0.0117000749 0.0065318373 0.0043335533 0.0024712392 
11 0.0080878756 0.0096943034 0.0074172578 0.0057867307 0.0078211613 0.0043410273 0.0090556983 0.0095161602 0.0055883943 0.0055211651 0.0085639009 0.0044618771 0.0062464786 0.0130421447 0.0062685391 0.0140257066 0.0120407328 0.0089478297 0.0130629167 0.0066752536 0.0075865705 0.0030716775 0.00352367 0.0082570217 0.0074872048 0.0051436397 0.0061755002 0.007092286 0.0057278559 0.0052064576 0.0107900108 0.0069087702 0.0047092885 0.0058761543 0.0094561874 0.0116258707 0.0059879331 0.0052924729 0.0054735916 0.0048581627 0.009473487 0.0116065041 0.0108559825 0.0061930401 0.0111561831 0.0113125149 0.0122268363 0.0128098315 0.0054349508 0.0082277521 0.0094734246 0.0119110844 0.0083330604 0.0116417165 0.0111435011 0.0044293473 0.004011183 0.0052489779 0.0043283354 0.0096253535 0.0091188785 0.0065878875 0.0118477298 0.0059190653 0.0067653751 0.0051371851 0.006901363 0.0060940326 0.0062043077 0.0076170034 0.0086574524 0.0055520407 0.0106617444 0.0092705021 0.0071434698 0.0061341328 0.0040350973 0.0075308477 0.0108479672 0.0063686657 0.0098061361 0.0110615194 0.0063229888 0.0106897606 0.0077922297 0.0080427584 0.0066033138 0.007906677 0.008840725 0.0032934015 0.0070628357 0.0072203483 0.0060095522 0.0079477722 0.0058318432 0.0026151954 0.0044462757 0.007673632 0.0077170958 0.0040432617 0.0097026673 0.0057812109 0.0177760777 0.0027031165 0.0122646061 0.004958338 0.0093037195 0.0092754685 0.0043454283 0.0098164313 0.0089461554 0.0090305514 0.0041898144 0.0123753794 0.0057773475 0.0078358581 0.0060779828 0.009790644 0.0077851674 0.0052519623 0.0064242362 0.0035997767 0.0042280466 0.0129471572 0.0166162326 0.0080946453 0.0088699425 0.0110514193 
12 0.0090269159 0.0041408272 0.0110085263 0.0095120843 0.0092240962 0.0111808392 0.0072506573 0.0092769358 0.00496781 0.0124483919 0.0044618771 0.0093896397 0.0029085649 0.0101822862 0.0103206625 0.0047186896 0.006621171 0.0072819349 0.0065468369 0.0081906453 0.0064110734 0.0092465623 0.0046541182 0.0076019265 0.0051138463 0.0137360539 0.0065515151 0.0061201785 0.0079785684 0.004623615 0.0088180535 0.003556257 0.0102611176 0.0141712464 0.0084240226 0.0163591821 0.0185957786 0.0130544807 0.0053013677 0.0113715922 0.0121550965 0.0096995875 0.0105210588 0.003122917 0.0078132043 0.0067170291 0.0031659058 0.0057941473 0.0106199447 0.0057475411 0.0093176333 0.003421737 0.0079254144 0.0068529956 0.0090376444 0.0065837384 0.0109832671 0.0059481458 0.01033135 0.0085456026 0.0033398002 0.0079590512 0.0091458829 0.0069364015 0.0071580987 0.0085340172 0.0080720469 0.0035781286 0.0054885512 0.0084751345 0.0084342437 0.0054984959 0.0109694072 0.0051878809 0.0097271618 0.0080461828 0.0075828332 0.0089255916 0.0065122006 0.0091828434 0.0133829317 0.0043267782 0.00933749 0.0055800876 0.0069883922 0.0092490932 0.0074143512 0.0057092973 0.0058719098 0.0070993549 0.0054261927 0.0107277334 0.0063874099 0.0093087768 0.0021913631 0.0074291499 0.0044444802 0.0054131678 0.0078391943 0.0097857203 0.012802272 0.0070597286 0.0091059655 0.0064310584 0.0053832362 0.0058019875 0.0073189591 0.0038295132 0.0099115192 0.0073228994 0.0073571536 0.0066901086 0.0109439163 0.0073323913 0.0115695037 0.0032178338 0.0104781364 0.005363962 0.0071761275 0.0087774178 0.0096282865 0.0036475094 0.0027131331 0.0103815135 0.0109444153 0.006308012 0.0097612924 0.0051614106 
13 0.0095807475 0.0069545867 0.0072978217 0.0080553433 0.004001014 0.0085442055 0.0049750252 0.0069515867 0.0055837611 0.010862004 0.0062464786 0.0029085649 0.0088803908 0.0072994858 0.0093524477 0.0051633808 0.010840157 0.0032463091 0.0074068447 0.0077928416 0.0106210891 0.0075470781 0.0059537896 0.0058560439 0.005219761 0.0106781243 0.0037618705 0.0126797116 0.0126524988 0.0051191409 0.0121048978 0.0136535093 0.0130199732 0.007165455 0.0042205012 0.0080285814 0.0129862799 0.0070127262 0.0055160125 0.0075364689 0.0046822091 0.0123435163 0.0093674017 0.0059399409 0.0067958118 0.0089202264 0.0088023849 0.0035469695 0.0080290679 0.0056850344 0.00918732 0.008948299 0.0095697861 0.0078021095 0.0115500196 0.00716839 0.0055731501 0.0052982829 0.0037068612 0.0103116076 0.0053029209 0.0089874393 0.0090739045 0.0083170203 0.0046070273 0.0095635551 0.0147745747 0.0072964581 0.0061867518 0.0060979363 0.0074054201 0.0039379736 0.0073829336 0.0041163805 0.0079180905 0.0101181964 0.0126094214 0.0117415615 0.0086105646 0.0069556589 0.0030399633 0.0086335016 0.0041275645 0.0125172091 0.0117083187 0.0146907753 0.0076933821 0.0035920651 0.0073364586 0.0112307865 0.0066862046 0.0150667442 0.0102056151 0.0058335485 0.0076743359 0.0068764665 0.0053477089 0.0030420267 0.0074704913 0.0065588302 0.0133481484 0.0048136492 0.0074396846 0.0123533529 0.0052708588 0.0070860079 0.0021567952 0.0118855372 0.0036112089 0.0086418789 0.0099431536 0.0091003631 0.0072155894 0.0088174686 0.0036714148 0.0088676932 0.0095446491 0.0066826538 0.0056797752 0.0063696677 0.0085565666 0.0072503548 0.0087274114 0.0042277677 0.0106351332 0.0053297504 0.0067789496 0.0091538306 
14 0.0052025989 0.0144108156 0.0067247347 0.0081915393 0.0070057544 0.0097136941 0.0124655164 0.0075608361 0.0111320897 0.0014016151 0.0130421447 0.0101822862 0.0072994858 0.0006157992 0.0094069869 0.0111597456 0.0086960984 0.0092481475 0.0092064416 0.0083657151 0.0096196497 0.0071906045 0.0077492121 0.0113501161 0.0098533718 0.0101478799 0.0053101093 0.0070065874 0.0057167597 0.0107411389 0.004765831 0.0045790869 0.0038295123 0.008182759 0.0057800461 0.01225212 0.0044422884 0.012080322 0.0072841317 0.0067236471 0.0086680305 0.0077402581 0.0043473836 0.0063757699 0.0132241106 0.0084595364 0.0137375315 0.0047750927 0.0065586737 0.0038582414 0.0050715422 0.009083477 0.0058862899 0.0041728239 0.0043924211 0.0051412773 0.0036965303 0.0077285803 0.0113318777 0.0075747452 0.0087822864 0.0096282597 0.0036598897 0.0131040649 0.0049478445 0.0132454156 0.0090966251 0.009329063 0.0114596455 0.0110096257 0.0083251995 0.0048405813 0.0067703365 0.003766809 0.0066640754 0.0103556341 0.0043083288 0.0071357024 0.0148336859 0.0069833184 0.0058014002 0.008720572 0.0098178708 0.0058080349 0.0076406895 0.0086833273 0.0068374784 0.0045222407 0.0071195476 0.0032105593 0.0071859017 0.0118256392 0.001649532 0.0066758794 0.0041822026 0.0112370437 0.0081680657 0.0095474331 0.0079741009 0.0095459796 0.006737965 0.0088910482 0.0115378642 0.0089875613 0.0092974454 0.0076153763 0.004747646 0.0049275737 0.0075074785 0.0135292674 0.0047930925 0.0076389408 0.0052855074 0.0045940195 0.0065161497 0.0049881826 0.0076012249 0.008852582 0.0082791641 0.0090483924 0.0088230674 0.0098740618 0.0083474175 0.0078257414 0.0058571691 0.0117768097 0.0071189408 0.0071390076 
15 0.0093396795 0.0110208714 0.0122827115 0.0069702977 0.0096195642 0.0045267168 0.0048092074 0.0041584011 0.0073036907 0.009369043 0.0062685391 0.0103206625 0.0093524477 0.0094069869 0.0061825044 0.010577781 0.0071383512 0.0129154024 0.0089019528 0.0102657686 0.0075998582 0.0077363721 0.0037076098 0.0090384696 0.0039541278 0.0053351848 0.0055188584 0.0047819798 0.011931801 0.0066196874 0.0073660911 0.0040131382 0.0098781632 0.0068053613 0.0078612373 0.0081190422 0.0096924024 0.0089711537 0.0042400539 0.0083503957 0.0082798442 0.0067299011 0.0093997407 0.0096265845 0.0122644712 0.005067995 0.0042125419 0.0027537473 0.0082767644 0.003444522 0.0112135553 0.0088449011 0.0070448307 0.0083681491 0.0104578475 0.0069896048 0.0077226748 0.0121336371 0.0081966614 0.007853676 0.0073666089 0.0102496023 0.0021791237 0.0032907552 0.0096050239 0.0074918165 0.0088349826 0.0113844202 0.0107201366 0.00486859 0.0066361278 0.0105542882 0.0068563871 0.0046901583 0.006090035 0.0096160143 0.011203946 0.0084141026 0.0060892861 0.0081020409 0.008580765 0.013358767 0.0097382285 0.0090343563 0.0073376037 0.0110749438 0.0068184345 0.0062633175 0.0044218025 0.0113062605 0.0128123276 0.0050253739 0.0054864878 0.0044158774 0.0062813261 0.0108533524 0.0093337452 0.0103438965 0.006555546 0.0092763158 0.0046607214 0.0084172738 0.0087363716 0.0035393352 0.0038899736 0.0110990967 0.0109404906 0.0093694566 0.007054281 0.0082079112 0.0068448542 0.0025963703 0.0068023457 0.0090219984 0.0089396583 0.0083539598 0.0072371956 0.0107201632 0.0083328714 0.004540658 0.0098046489 0.0058296821 0.00454953 0.0042861423 0.0054445529 0.006186658 0.0096594906 0.0112389161 
16 0.0122599647 0.008343288 0.0061848499 0.0037148494 0.0078799211 0.0086102929 0.0112835218 0.0112434733 0.0081950869 0.0126572363 0.0140257066 0.0047186896 0.0051633808 0.0111597456 0.010577781 0.012427713 0.0053026551 0.0090622706 0.0040893222 0.0102770065 0.0107122124 0.0019254117 0.0101535119 0.0054999711 0.0108733444 0.0082046106 0.0087676683 0.0069204754 0.0107415091 0.0111218425 0.0049297699 0.0099070786 0.011572257 0.0055956641 0.0097464934 0.0017700875 0.0041877473 0.0040247731 0.0034110154 0.0055238056 0.0166836726 0.0111986854 0.0061034332 0.0071966259 0.0046958619 0.0019538555 0.0127231617 0.0085177968 0.005562797 0.0074749458 0.00867055 0.0067669011 0.0123124411 0.0102148582 0.0089413812 0.0092389105 0.0077555833 0.0039915982 0.0050209467 0.0078860198 0.0078162138 0.0088091057 0.0068459207 0.0100069082 0.0094610894 0.0040641334 0.0041422414 0.0084378539 0.0038334322 0.007329036 0.0054515768 0.0070121483 0.0049350282 0.0112172898 0.0107458038 0.0041825652 0.0129137629 0.0079316877 0.0049659116 0.0060577721 0.0095199317 0.0090803077 0.0026746151 0.005225206 0.0097751381 0.0058409976 0.0081628011 0.0071450293 0.0056611843 0.0102837771 0.005244403 0.007638872 0.0072282995 0.009539655 0.0075526857 0.0050842078 0.0045304623 0.0119917221 0.0070165908 0.0099366779 0.0085493153 0.0074623286 0.0102580146 0.0096508352 0.0066251803 0.0113681511 0.0079009375 0.0120386574 0.0071476544 0.0068184699 0.0040223922 0.0057244843 0.009381469 0.0099245634 0.0055812694 0.0092035856 0.0119931677 0.0028887442 0.0066319899 0.010015705 0.0047134902 0.011151736 0.0067074771 0.0066962352 0.003982476 0.0071890982 0.0063813108 0.0090231861 
17 0.0044440996 0.0110442037 0.0113876943 0.009290126 0.0060293206 0.004658279 0.0061898718 0.0078662378 0.0093136253 0.0048283148 0.0120407328 0.006621171 0.010840157 0.0086960984 0.0071383512 0.0053026551 0.0064788682 0.010673159 0.0055172162 0.0065038531 0.0057913763 0.0081391622 0.0070317394 0.0035293991 0.0072343282 0.008161237 0.0098703093 0.0076464924 0.0053430257 0.0098796495 0.0086902958 0.0111660719 0.0057271603 0.0127044102 0.0084860749 0.0077291547 0.0108223499 0.014856217 0.0056072015 0.0053747814 0.0089691467 0.0134484235 0.0062900332 0.0058684631 0.0045469915 0.0099046728 0.0117376046 0.0053264256 0.006485119 0.0054062776 0.0095340484 0.00771593 0.0100940537 0.0125182083 0.009584704 0.0059119509 0.0136750095 0.0018115346 0.0053864436 0.0055535656 0.007009652 0.0083135505 0.0060066569 0.0045222801 0.0078304668 0.009672471 0.0092390275 0.0047506564 0.0039801864 0.0127577548 0.0072031329 0.0095799178 0.0048902079 0.0028548737 0.0053784581 0.0112338962 0.0052330431 0.0053530986 0.0086824246 0.0099562995 0.0095903628 0.0055664341 0.0039334827 0.0051899279 0.0144692199 0.008209624 0.0115048402 0.0076480444 0.0070175895 0.0088385744 0.0045206001 0.0128403628 0.0087697364 0.0075723248 0.0126637361 0.0083598032 0.0072173129 0.0072770565 0.0037114334 0.0081606159 0.0084224113 0.0111022735 0.0035724128 0.012527416 0.0037792091 0.0042436019 0.0056257072 0.0108135893 0.0077734632 0.0098136244 0.0064012828 0.0073266006 0.008160517 0.008566164 0.0050986505 0.0059974649 0.0065910798 0.0074417486 0.0076812445 0.0059657473 0.0049708032 0.0121324274 0.0076255915 0.0091039296 0.0063964571 0.0096343546 0.0094781609 0.007821852 
18 0.0061891652 0.00962655 0.0064664803 0.0065243527 0.0036434442 0.0084215738 0.0086863886 0.0069646762 0.0090913557 0.005973188 0.0089478297 0.0072819349 0.0032463091 0.0092481475 0.0129154024 0.0090622706 0.010673159 0.0058290889 0.0070011679 0.0079584777 0.00703691 0.0098438535 0.0059286211 0.0088400001 0.0076066721 0.0060727884 0.008079213 0.0034952665 0.0110306302 0.0088323227 0.0041404309 0.0151460193 0.0087800554 0.0075547765 0.0094488135 0.0078508081 0.0061790347 0.0106799537 0.0062253347 0.0088299485 0.0106953217 0.0078794586 0.008550425 0.0036516749 0.0112409977 0.0042036135 0.0033795016 0.0052038433 0.0060664399 0.0108771798 0.0107217896 0.0116246865 0.0040675543 0.0043127143 0.0053013003 0.0056908508 0.0089460834 0.0106537908 0.0069625467 0.0043950643 0.0040548941 0.0097254087 0.0144892316 0.0079104466 0.0070301585 0.0088914563 0.0085611187 0.0107653077 0.0100110208 0.005780402 0.0060305354 0.0051606123 0.0040152528 0.0099767613 0.0097865672 0.0126472121 0.003592018 0.0068516661 0.0113029869 0.0063573849 0.0117794662 0.0047538292 0.0051900222 0.0064498 0.0050169968 0.0081077098 0.0049288469 0.007830865 0.0081847067 0.0016717226 0.0033393077 0.0034764068 0.0084898236 0.0026160357 0.0079838736 0.0115101331 0.0075588704 0.0097510573 0.0112457197 0.0038901884 0.006058882 0.0092929799 0.0055147829 0.0100084302 0.0036745417 0.0068717762 0.0159427655 0.0153796289 0.0054221567 0.0039072342 0.0098842072 0.0120814902 0.0066087085 0.0077617198 0.0079509784 0.0081035574 0.0074276114 0.0103951901 0.0135814268 0.006261604 0.0064503453 0.0122760192 0.0047201123 0.0138968204 0.0080899004 0.0069321428 0.0086900772 0.0103218338 
19 0.0058045027 0.0061856346 0.0046952983 0.0105230341 0.0058537413 0.0044485395 0.0042012761 0.0068312605 0.009656082 0.0081341354 0.0130629167 0.0065468369 0.0074068447 0.0092064416 0.0089019528 0.0040893222 0.0055172162 0.0070011679 0.0051740406 0.0078383003 0.0052583995 0.0086569936 0.0105902222 0.0084366367 0.0061051461 0.002805153 0.0118303289 0.0123508075 0.0049720761 0.0110316658 0.0158633677 0.0088242505 0.0057470601 0.0054170401 0.0030772294 0.0050045204 0.0079054469 0.0064748734 0.0087781362 0.0050843856 0.0087266498 0.0038926591 0.0071576987 0.008545242 0.0089118651 0.0115185244 0.0049785986 0.0084308455 0.0114765938 0.0133114315 0.0069371023 0.0071727427 0.0096359487 0.0085236254 0.0085906563 0.0080965548 0.0106877631 0.0061003137 0.0086621759 0.0064920075 0.0059646867 0.0071914324 0.0121792683 0.0089655221 0.0074795484 0.0044708658 0.0138779903 0.0073259268 0.0100510303 0.0120536689 0.0078310721 0.0110817658 0.0030479394 0.0045999649 0.0054616324 0.0076894041 0.0063887105 0.0084847033 0.0082624805 0.0084818683 0.0110148697 0.0061282832 0.0111626206 0.003939693 0.013397655 0.0065306545 0.0003927864 0.0066977551 0.0041237414 0.010930309 0.0091180489 0.0053397463 0.0071634508 0.004161 0.0067119225 0.0096435086 0.0109725041 0.0071074545 0.0108498001 0.0134440609 0.0049377585 0.0079130052 0.0139947745 0.0041627904 0.0057681421 0.003572892 0.0036136668 0.0081832026 0.0092692072 0.0038436664 0.005536737 0.0082211013 0.0105262319 0.0108752434 0.0104595591 0.0080139343 0.0129724304 0.0044881665 0.0036746683 0.0076507739 0.0098660634 0.0086477217 0.0060317591 0.0067519277 0.0050097278 0.0076924772 0.0139692255 0.0114925174 
20 0.0084970577 0.0081801939 0.0100716597 0.0070072149 0.0070014191 0.0048415034 0.0092962339 0.0081631643 0.0078154171 0.0090540871 0.0066752536 0.0081906453 0.0077928416 0.0083657151 0.0102657686 0.0102770065 0.0065038531 0.0079584777 0.0078383003 0.0074239705 0.011686946 0.007499023 0.0104279645 0.0078488489 0.0069810056 0.0046360091 0.0088371745 0.0102902695 0.005335623 0.0097703448 0.0066813215 0.0074258118 0.0053348776 0.0079824486 0.0093293999 0.0053890788 0.0091987393 0.0098196462 0.003538932 0.0049750641 0.0069222595 0.0079275005 0.0067766616 0.0071817292 0.0074319487 0.0102345425 0.0097249653 0.0094529423 0.0037679477 0.0032492408 0.004477838 0.0060486231 0.0081675872 0.0097752411 0.0066115527 0.0085773402 0.0111425956 0.0104354501 0.0117351474 0.010868354 0.0091655865 0.0083997341 0.0063547908 0.0051892382 0.0081469029 0.0086210084 0.0069971866 0.0054696184 0.0072479938 0.0033629284 0.0038323952 0.0073228363 0.0069584216 0.0055987631 0.0109131832 0.0051453998 0.0044225818 0.0094242314 0.0101436737 0.0104589688 0.0057338647 0.0153451935 0.0050262564 0.0110159556 0.004789742 0.0087618342 0.0091620733 0.0098262336 0.0074752495 0.0025668172 0.0061386407 0.0123301398 0.0079699158 0.0062601055 0.0065641576 0.0061047293 0.0054530571 0.0077184411 0.0084181476 0.0062747672 0.0071040236 0.0097669895 0.0060690315 0.0131261623 0.0046333064 0.007930774 0.008817587 0.0093107018 0.0071465819 0.011067156 0.0085004069 0.0045180036 0.0103039615 0.0063445395 0.0100510447 0.0093565217 0.011721715 0.0080290528 0.0126206885 0.0045643521 0.0045883124 0.0116779928 0.0115206017 0.007303448 0.0085508116 0.0046027255 0.0071447604 0.0028002025 
21 0.0129557733 0.0052075597 0.0086713398 0.0100604957 0.0063125349 0.0116801099 0.0099040674 0.008285567 0.000633718 0.0067654 0.0075865705 0.0064110734 0.0106210891 0.0096196497 0.0075998582 0.0107122124 0.0057913763 0.00703691 0.0052583995 0.011686946 0.008496653 0.008245956 0.0065210087 0.0057530382 0.0075766065 0.0074648809 0.0105227214 0.0045885642 0.0079307391 0.0078802837 0.0106794896 0.0072363281 0.0074251916 0.0056530909 0.0026919338 0.0032523938 0.0059583418 0.0114920827 0.0012591202 0.0075642317 0.0094205582 0.0082693732 0.0086220708 0.0038788422 0.0107109946 0.0097219265 0.0023570474 0.0090105995 0.0038592178 0.0135420281 0.0036071629 0.0063552188 0.0073497352 0.0063284804 0.0081020631 0.0121405941 0.0073221535 0.0083136224 0.0073050063 0.0077036059 0.0070818362 0.0090101077 0.0070308708 0.0120811606 0.0098341651 0.0082149596 0.0070991712 0.0127738297 0.0107979221 0.0094255576 0.0089353018 0.0062783861 0.0032287603 0.0048730984 0.0090097514 0.0095281114 0.0081723623 0.0101933617 0.0130998612 0.0113909895 0.0048095426 0.0060968208 0.0062044671 0.0054079722 0.0073125878 0.0064164724 0.0113311524 0.0099857012 0.0056289201 0.0060485074 0.0113074184 0.0074341427 0.0121245863 0.0117684603 0.0096784152 0.0047853705 0.0126684914 0.0144325933 0.0116419207 0.0054183779 0.0068988185 0.0110677463 0.0037510308 0.0115187979 0.005949079 0.0032993526 0.0111413131 0.0044084301 0.0037710259 0.0064281193 0.0063598869 0.0050855095 0.0073941025 0.0063658912 0.0054926679 0.0096754823 0.0094933842 0.0088901096 0.0076100859 0.005211868 0.0050692879 0.0034591438 0.0052805662 0.0070629547 0.0071638301 0.01326424 0.0073098674 0.0081023152 
22 0.0079523583 0.0061952734 0.0090635819 0.0140759426 0.0105887 0.0082853414 0.0074697424 0.0028218479 0.0068755729 0.0092088997 0.0030716775 0.0092465623 0.0075470781 0.0071906045 0.0077363721 0.0019254117 0.0081391622 0.0098438535 0.0086569936 0.007499023 0.008245956 0.0113044801 0.0099338189 0.0070726135 0.0091626379 0.0064165753 0.0093179783 0.0028614519 0.0017182293 0.0116257486 0.00275251 0.0118839681 0.0048220439 0.0122418555 0.0069621568 0.0065752134 0.0107209805 0.0095913124 0.0057622461 0.0103903251 0.0060337345 0.005505842 0.0015862064 0.0081264686 0.0061268423 0.0097972803 0.0085032293 0.0050808954 0.0075236703 0.0121998646 0.0044361814 0.0110515911 0.0058826286 0.0134992212 0.0104505207 0.0099044262 0.0097550771 0.0036463936 0.0045457236 0.0072518278 0.0077595214 0.0033607889 0.0091368138 0.0145612126 0.0095111306 0.0045575173 0.0112509105 0.0063787147 0.0067092943 0.0104263389 0.007174589 0.006350338 0.0082454632 0.0017755163 0.0114768899 0.0076223105 0.0081591501 0.0053131805 0.0122336036 0.004422672 0.0035542701 0.0070768712 0.0031651867 0.013342895 0.0070184547 0.0031239446 0.0146197272 0.0045008282 0.0053134588 0.0034857409 0.0087348117 0.0097757514 0.0109969006 0.0032833412 0.0157543164 0.0111252951 0.00649105 0.0067230444 0.0143759819 0.0114098163 0.0078664521 0.0031835925 0.0046274478 0.0080970283 0.0069735773 0.0049612476 0.0051170481 0.0087771962 0.0066629537 0.0048153358 0.0028061904 0.0087298536 0.0115903488 0.0111975695 0.0053622865 0.012217263 0.0095445767 0.0084370224 0.0095555012 0.013587486 0.007018353 0.0058088933 0.0106382189 0.0074343088 0.0074348748 0.0097818474 0.0060400235 0.0077721347 
23 0.0048802391 0.0085753533 0.0068477653 0.0110802644 0.008078139 0.0089664313 0.0070762688 0.0102244959 0.0143365939 0.0081695011 0.00352367 0.0046541182 0.0059537896 0.0077492121 0.0037076098 0.0101535119 0.0070317394 0.0059286211 0.0105902222 0.0104279645 0.0065210087 0.0099338189 0.0113135313 0.005805247 0.011431538 0.0050115719 0.0081635195 0.0072449522 0.0077747639 0.007105432 0.0048074909 0.0040452286 0.0019345919 0.0053448556 0.0125607733 0.0105593265 0.0037300634 0.0048261687 0.0051770619 0.0056728605 0.006065895 0.0085994924 0.0127767089 0.0076886794 0.0084831643 0.0107317125 0.0085679845 0.0025881209 0.0079875374 0.0116786844 0.0037277326 0.0094765446 0.0111303085 0.0050875681 0.0035613598 0.008369116 0.0113881384 0.0079951974 0.0073268068 0.0041887682 0.0042740266 0.002428758 0.0044858507 0.0110799046 0.0083368914 0.0035816049 0.0067909125 0.0086452371 0.0061855673 0.0081723458 0.0046276015 0.0061608136 0.0084396047 0.0053111971 0.0087995386 0.0045585627 0.010228569 0.008160016 0.0085421991 0.0081243086 0.0079988061 0.0033804559 0.0067092791 0.0065927045 0.007224204 0.0109478214 0.0081022366 0.0112910883 0.0094948466 0.001673902 0.011115622 0.0045641601 0.0120545966 0.0090655782 0.0033949586 0.0070348202 0.0133289422 0.0090088792 0.0075415233 0.0104927936 0.0080176519 0.0123848331 0.0090207541 0.0056152502 0.0057670166 0.0081776932 0.0094031368 0.0104779684 0.0059454222 0.0171967183 0.0105069384 0.0094873089 0.0035223707 0.0084603702 0.0134295253 0.0116455248 0.0101822951 0.0047571122 0.0066323528 0.0126657998 0.0108232852 0.0082470963 0.0049494204 0.0054368223 0.0076541701 0.0147681952 0.0098252154 0.0027101884 
24 0.0093324018 0.0066963405 0.0058080301 0.0080815725 0.0089742645 0.0058404484 0.0070440082 0.0068734734 0.0049922245 0.0079850899 0.0082570217 0.0076019265 0.0058560439 0.0113501161 0.0090384696 0.0054999711 0.0035293991 0.0088400001 0.0084366367 0.0078488489 0.0057530382 0.0070726135 0.005805247 0.0029064176 0.0084769483 0.0084221637 0.0096288735 0.0084135648 0.0038461265 0.0056701357 0.0084895505 0.0089735332 0.0106599279 0.009860421 0.0095483388 0.0098410222 0.002034409 0.01117958 0.0069205527 0.0145491334 0.0013123162 0.005433141 0.0118444478 0.008181448 0.0115284424 0.0043951444 0.0108968896 0.0056988629 0.0145081216 0.0031754022 0.0073437963 0.0092854923 0.0126163058 0.0085658759 0.0039597682 0.0164646122 0.0065430632 0.0047150069 0.0048348028 0.0025747453 0.0058720707 0.0078721862 0.0056395968 0.0052130032 0.0070108932 0.0063007241 0.005982478 0.0063003345 0.0084482052 0.0104865392 0.0083572779 0.0050464503 0.010685237 0.0112518728 0.0095724217 0.0060124611 0.0073051126 0.016338723 0.009299437 0.0063873017 0.0040045773 0.009823425 0.0083654295 0.0074787386 0.0087412119 0.0091204412 0.0073375363 0.0051633476 0.0081735847 0.0084190979 0.0077598029 0.0074046152 0.0073452571 0.0047918851 0.0095629327 0.0076117626 0.0091915493 0.010143985 0.0106455974 0.0069461522 0.0088196454 0.0045555312 0.0106329834 0.007265548 0.0093250323 0.0126726136 0.0077104842 0.0096548168 0.0118922322 0.0075306447 0.0069224033 0.0071358301 0.0104853042 0.005892667 0.003368506 0.0042957374 0.0056111841 0.0129857608 0.0074082663 0.0029923232 0.0102950435 0.0066521218 0.0081571495 0.0097238081 0.0074260911 0.0072131135 0.0049444647 0.0112018684 
