45
1 0.0 0.0182006498 0.0326976695 0.0153709534 0.0302154557 0.0335207481 0.0252076057 0.0358481694 0.0201524601 0.0277505395 0.0237335687 0.0106537204 0.0079178339 0.0280263912 0.011016151 0.0267580135 0.0349056189 0.0266830688 0.0175221872 0.0283697952 0.0125271612 0.0339380244 0.0232213359 0.0049979216 0.0119522895 0.0149161392 0.0152768613 0.0188402175 0.020870501 0.0346405772 0.0157931323 0.0278602786 0.0252967495 0.0391818686 0.0149539636 0.0264725519 0.0253657941 0.0261549061 0.0119628964 0.0271931601 0.0260496329 0.010328942 0.0192389352 0.0247871976 0.0336283624
2 0.0182006498 0.0 0.0254260363 0.024452348 0.034939116 0.0135531519 0.0026030443 0.0209210318 0.0413278457 0.0237379939 0.0080180415 0.0140819586 0.0066414677 0.0058969157 0.0227522225 0.0358195862 0.0100622515 0.0154045827 0.0320914582 0.0195225176 0.0331732374 0.027742894 0.0125108587 0.0362074366 0.0308357885 0.0238199447 0.0233750805 0.0215834198 0.0357955351 0.0211480736 0.0231864907 0.0224846971 0.0106872642 0.019086784 0.0117058468 0.0355769199 0.0278761385 0.0357186454 0.0181738727 0.0171506914 0.0187762275 0.0396228353 0.0290875025 0.0291486872 0.0200729078
3 0.0326976695 0.0254260363 0.0 0.0112588696 0.0165897515 0.02192819 0.0297628609 0.0245639736 0.0124464408 0.0439600664 0.0180411187 0.0230440513 0.0140915335 0.0213298939 0.0231435534 0.0349048883 0.0151075272 0.0174159922 0.0193073675 0.0183456472 0.0212626257 0.0241468514 0.0294435041 0.0080784106 0.0071316195 0.027600418 0.008035221 0.0192838388 0.0204796302 0.0213937627 0.0275139199 0.0237916746 0.0224575558 0.0395611555 0.0250150104 0.0208189916 0.035417559 0.0243029781 0.0190171389 0.0166109732 0.0320707721 0.0282318416 0.0100733018 0.0244610404 0.0404347733
4 0.0153709534 0.024452348 0.0112588696 0.0 0.0308624467 0.0179909293 0.0300194158 0.0279564063 0.0300765347 0.0219171752 0.0213408187 0.017076714 0.01484299 0.0406315866 0.0396293791 0.020078009 0.0257482427 0.0137795136 0.0205533333 0.0215965345 0.0220765204 0.0246991053 0.0326331548 0.0272099157 0.0181525514 0.0088660571 0.0451354341 0.0188606549 0.0029561898 0.0348200719 0.0387416012 0.0326464792 0.0148644404 0.0059347093 0.0251589672 0.0215318598 0.0239912308 0.0329182584 0.0341007178 0.0068359715 0.0143379975 0.0272642247 0.0251898487 0.005127999 0.0107638385
5 0.0302154557 0.034939116 0.0165897515 0.0308624467 0.0 0.0306266004 0.0232382326 0.0148645866 0.032084859 0.0173383954 0.0320194842 0.0369451604 0.0446201876 0.0187473528 0.0197968976 0.018080262 0.0256253199 0.0311028267 0.0256672711 0.0241800798 0.0168752736 0.0127198377 0.0277697154 0.0176688255 0.0244513605 0.0253543058 0.0333338827 0.0186537223 0.0279001088 0.0254734998 0.0115674746 0.0171775195 0.0163945907 0.0050463901 0.0149595194 0.0137515381 0.0211233478 0.0166615217 0.0151942192 0.0345011919 0.0325992095 0.0170170391 0.0123951654 0.0233097285 0.0105567262
6 0.0335207481 0.0135531519 0.02192819 0.0179909293 0.0306266004 0.0 0.019128057 0.0263491429 0.0242430582 0.039361955 0.0127132123 0.0114426619 0.0189103911 0.0306955226 0.0279468182 0.0235302474 0.0168364533 0.0352473058 0.0149963978 0.0125604734 0.0139022699 0.0337523559 0.0305614214 0.0099598978 0.0196098505 0.0292296936 0.0095989086 0.0418947477 0.009741971 0.0282648413 0.0428666031 0.0030881058 0.0317499588 0.0287867181 0.0303004681 0.0087492529 0.0143528912 0.00449211 0.0302711832 0.0155183797 0.0326670979 0.0357213144 0.0146715069 0.028245234 0.0204219015
7 0.0252076057 0.0026030443 0.0297628609 0.0300194158 0.0232382326 0.019128057 0.0 0.0144547902 0.0071626716 0.0151606522 0.0088314747 0.0195958226 0.0087466794 0.0229747579 0.0299653557 0.0290704635 0.0312219714 0.0310389233 0.0301760653 0.0183156911 0.0077466274 0.0343848141 0.0361081857 0.0298819944 0.0075508382 0.0211461738 0.023972684 0.0196861652 0.026752331 0.0274677645 0.0255699422 0.0053773911 0.0274381248 0.0131545824 0.0364658621 0.022220786 0.0257076866 0.0212315896 0.0144925309 0.0245861685 0.0310477263 0.0355164133 0.0362858458 0.0186838096 0.0308494273
8 0.0358481694 0.0209210318 0.0245639736 0.0279564063 0.0148645866 0.0263491429 0.0144547902 0.0 0.0286455859 0.0313456695 0.0408186042 0.0361164571 0.0222877587 0.0196679623 0.0136653272 0.0062616515 0.0246957779 0.0200893671 0.0278627916 0.0251436953 0.0236563361 0.025847922 0.0208283471 0.0313217338 0.0427461835 0.0292327125 0.0066623746 0.014338418 0.0483282076 0.0174774733 0.0183776859 0.0187415189 0.0217093064 0.02661095 0.0281160592 0.0173271871 0.0112350512 0.0275707132 0.0310298078 0.0164918112 0.0125377279 0.0231246202 0.0097778778 0.0054582707 0.009892955
9 0.0201524601 0.0413278457 0.0124464408 0.0300765347 0.032084859 0.0242430582 0.0071626716 0.0286455859 0.0 0.0151342133 0.0359383802 0.0317992604 0.0157044233 0.0180324131 0.0264849799 0.021873107 0.0122477388 0.0133888936 0.0144263809 0.0236514623 0.0218008962 0.0169858695 0.0249479646 0.022836079 0.0320338775 0.0191697529 0.02279228 0.0234628643 0.0163945002 0.0236452806 0.0142719285 0.0332479929 0.032985651 0.0039068644 0.0234166696 0.0272905076 0.0262610872 0.0131733483 0.0262195961 0.0294200975 0.022703128 0.0324158515 0.0221115149 0.0167607973 0.0269248918
10 0.0277505395 0.0237379939 0.0439600664 0.0219171752 0.0173383954 0.039361955 0.0151606522 0.0313456695 0.0151342133 0.0 0.0048564133 0.0366253746 0.0122107312 0.0354605463 0.031266378 0.0025364216 0.026719053 0.0238862397 0.0230799805 0.0143982785 0.0366639507 0.0189083424 0.0212506626 0.032306359 0.0138413021 0.0190948595 0.0261287597 0.0341957048 0.032617161 0.021449204 0.0298499109 0.0059287989 0.002560272 0.0281267504 0.027346636 0.011355697 0.0185515166 0.0236178301 0.0403607551 0.0173058655 0.0274220791 0.0101828342 0.02007656 0.01205637 0.0220557411
11 0.0237335687 0.0080180415 0.0180411187 0.0213408187 0.0320194842 0.0127132123 0.0088314747 0.0408186042 0.0359383802 0.0048564133 0.0 0.0278305987 0.0276058571 0.023209752 0.0251747386 0.0287187572 0.0096122546 0.0337317112 0.0361229603 0.0328467324 0.0343363981 0.0091413823 0.0225315283 0.0252238525 0.0138626103 0.0147970721 0.0157844587 0.0397066108 0.0241297226 0.0274145331 0.0352832492 0.0143813937 0.0204869975 0.0231429419 0.0070720263 0.0204733216 0.0074306047 0.027971232 0.0208155438 0.0279726383 0.0302773196 0.0225732409 0.0163143498 0.0156553245 0.0320571688
12 0.0106537204 0.0140819586 0.0230440513 0.017076714 0.0369451604 0.0114426619 0.0195958226 0.0361164571 0.0317992604 0.0366253746 0.0278305987 0.0 0.0213850072 0.0135521911 0.0256090452 0.0179789829 0.0352704877 0.0167491776 0.0071328076 0.0217005429 0.0270251233 0.032641328 0.0212914323 0.022225284 0.0249749262 0.0293106811 0.0180414893 0.0210113891 0.0194126721 0.0136941752 0.0185895013 0.0165601792 0.0229958455 0.016651436 0.0060087449 0.045065828 0.0190250973 0.0225454457 0.0265765287 0.0299034156 0.0199607587 0.0246742656 0.0376253021 0.0175581396 0.0220409888
13 0.0079178339 0.0066414677 0.0140915335 0.01484299 0.0446201876 0.0189103911 0.0087466794 0.0222877587 0.0157044233 0.0122107312 0.0276058571 0.0213850072 0.0 0.0357134966 0.0235224248 0.0306922632 0.0013315982 0.027113396 0.0181741237 0.028171675 0.0149466213 0.0384539448 0.0250585622 0.0197839346 0.0229574539 0.0188360819 0.0396004783 0.0331214784 0.0257772252 0.0319270617 0.0092850339 0.0085410613 0.0453931666 0.0385429333 0.0355146204 0.0384711165 0.0170900724 0.0238899433 0.0223457811 0.0372315217 0.0132218792 0.0183422921 0.0207990808 0.0016203678 0.0195644491
14 0.0280263912 0.0058969157 0.0213298939 0.0406315866 0.0187473528 0.0306955226 0.0229747579 0.0196679623 0.0180324131 0.0354605463 0.023209752 0.0135521911 0.0357134966 0.0 0.0303315353 0.0186927418 0.0120958096 0.0106162831 0.0077562238 0.0184553673 0.0388335379 0.0065491689 0.0291879993 0.0233882279 0.0228131002 0.0291732826 0.020949209 0.0172331203 0.0142707822 0.0195115863 0.0070796855 0.0182426148 0.033951808 0.0234387549 0.0239586212 0.0265925511 0.0239548497 0.026398025 0.0212920895 0.0192583561 0.0229039934 0.0395687836 0.0244138195 0.0326758869 0.0224734029
15 0.011016151 0.0227522225 0.0231435534 0.0396293791 0.0197968976 0.0279468182 0.0299653557 0.0136653272 0.0264849799 0.031266378 0.0251747386 0.0256090452 0.0235224248 0.0303315353 0.0 0.0125385834 0.018761602 0.0132723774 0.0258311033 0.018034707 0.0219829577 0.0211713242 0.0128328207 0.0122865715 0.026105723 0.019027852 0.0434302044 0.014189392 0.0111039422 0.0067062021 0.0130343846 0.0316183662 0.0316076275 0.022738267 0.0348408375 0.0410684449 0.0276498466 0.0051925644 0.0154620915 0.0300475406 0.017778562 0.0302934989 0.0306235581 0.026131732 0.0143325087
16 0.0267580135 0.0358195862 0.0349048883 0.020078009 0.018080262 0.0235302474 0.0290704635 0.0062616515 0.021873107 0.0025364216 0.0287187572 0.0179789829 0.0306922632 0.0186927418 0.0125385834 0.0 0.0131012082 0.0308879267 0.029915827 0.0263133425 0.0202043671 0.0147257541 0.0199265128 0.0096801158 0.0280418801 0.0214725826 0.0356113675 0.0249173064 0.0097147866 0.0266598742 0.0344200009 0.0390996528 0.0201098777 0.013284508 0.0401733216 0.0147147698 0.0166788684 0.0215155315 0.0267119379 0.0074450927 0.0094376759 0.0247423632 0.0263871219 0.0341491469 0.0324233009
17 0.0349056189 0.0100622515 0.0151075272 0.0257482427 0.0256253199 0.0168364533 0.0312219714 0.0246957779 0.0122477388 0.026719053 0.0096122546 0.0352704877 0.0013315982 0.0120958096 0.018761602 0.0131012082 0.0 0.00604754 0.0277434084 0.0270136748 0.0209883792 0.0095265589 0.0154501022 0.0299097647 0.0362328849 0.0434037673 0.0447365309 0.0358856556 0.0139508661 0.0316338735 0.0230691209 0.0220005124 0.0248029476 0.0162662515 0.018876767 0.0134023186 0.0310650239 0.0313395923 0.028397323 0.0199048336 0.0095426676 0.0322615712 0.0283149141 0.0262531012 0.0186371339
18 0.0266830688 0.0154045827 0.0174159922 0.0137795136 0.0311028267 0.0352473058 0.0310389233 0.0200893671 0.0133888936 0.0238862397 0.0337317112 0.0167491776 0.027113396 0.0106162831 0.0132723774 0.0308879267 0.00604754 0.0 0.0336150995 0.0163941478 0.0308376659 0.0289975449 0.022748117 0.0162821471 0.0185603618 0.0174990244 0.0127253452 0.0137696794 0.0098086807 0.0192739383 0.0212107473 0.030206292 0.0259508911 0.0329781257 0.0241072045 0.0234082693 0.030084659 0.0107567669 0.0291512725 0.0296558389 0.0193906984 0.0229486708 0.0277101249 0.0288944692 0.0365790921
19 0.0175221872 0.0320914582 0.0193073675 0.0205533333 0.0256672711 0.0149963978 0.0301760653 0.0278627916 0.0144263809 0.0230799805 0.0361229603 0.0071328076 0.0181741237 0.0077562238 0.0258311033 0.029915827 0.0277434084 0.0336150995 0.0 0.0256441529 0.023097258 0.014197052 0.0252340171 0.0299664469 0.019885896 0.0265998107 0.0326879508 0.0122673449 0.0301345574 0.0251785509 0.0142169164 0.0341748295 0.0231669325 0.014890242 0.0145630201 0.0306490628 0.0260626288 0.0230441646 0.0242055643 0.0122304804 0.0184880064 0.0196310883 0.0235089971 0.0325943974 0.0117058447
20 0.0283697952 0.0195225176 0.0183456472 0.0215965345 0.0241800798 0.0125604734 0.0183156911 0.0251436953 0.0236514623 0.0143982785 0.0328467324 0.0217005429 0.028171675 0.0184553673 0.018034707 0.0263133425 0.0270136748 0.0163941478 0.0256441529 0.0 0.0177200228 0.0362440034 0.0211305517 0.028221175 0.0232864859 0.0136614977 0.0382139715 0.0234582731 0.0142289266 0.0245169788 0.0067583204 0.0421565634 0.0110393686 0.0290192725 0.0405909677 0.0305342283 0.0275748078 0.0070416887 0.03143943 0.0220016267 0.0253909775 0.0217167906 0.0109117406 0.0123061835 0.0201776297
21 0.0125271612 0.0331732374 0.0212626257 0.0220765204 0.0168752736 0.0139022699 0.0077466274 0.0236563361 0.0218008962 0.0366639507 0.0343363981 0.0270251233 0.0149466213 0.0388335379 0.0219829577 0.0202043671 0.0209883792 0.0308376659 0.023097258 0.0177200228 0.0 0.0274616313 0.016192431 0.0141088773 0.0347204972 0.0239551086 0.0253984916 0.0207691153 0.0167266992 0.023274445 0.0277666996 0.0266789345 0.0150442482 0.013585499 0.0304405678 0.0185951535 0.0192332424 0.0331894995 0.0152818289 0.0192790435 0.0346556352 0.0172906978 0.0251277355 0.0303166501 0.0112500385
22 0.0339380244 0.027742894 0.0241468514 0.0246991053 0.0127198377 0.0337523559 0.0343848141 0.025847922 0.0169858695 0.0189083424 0.0091413823 0.032641328 0.0384539448 0.0065491689 0.0211713242 0.0147257541 0.0095265589 0.0289975449 0.014197052 0.0362440034 0.0274616313 0.0 0.0284431548 0.0147540068 0.0236162509 0.0124186871 0.0066189068 0.0076417268 0.0198142166 0.0383955843 0.0226423433 0.0286156882 0.0365927884 0.0277358701 0.0279200092 0.0267749133 0.0265152735 0.0147858395 0.0208762205 0.0191640451 0.0100690158 0.0283142192 0.019745438 0.0247361378 0.0215739548
23 0.0232213359 0.0125108587 0.0294435041 0.0326331548 0.0277697154 0.0305614214 0.0361081857 0.0208283471 0.0249479646 0.0212506626 0.0225315283 0.0212914323 0.0250585622 0.0291879993 0.0128328207 0.0199265128 0.0154501022 0.022748117 0.0252340171 0.0211305517 0.016192431 0.0284431548 0.0 0.0080810933 0.0333677301 0.014223648 0.0135878443 0.0208291543 0.0236836272 0.0152936597 0.0210514446 0.0312007948 0.0301381741 0.027653833 0.0170024574 0.0248606512 0.0255926589 0.0185905714 0.0231040562 0.0222767623 0.0376004859 0.0260520928 0.0054837822 0.0209899597 0.0200331389
24 0.0049979216 0.0362074366 0.0080784106 0.0272099157 0.0176688255 0.0099598978 0.0298819944 0.0313217338 0.022836079 0.032306359 0.0252238525 0.022225284 0.0197839346 0.0233882279 0.0122865715 0.0096801158 0.0299097647 0.0162821471 0.0299664469 0.028221175 0.0141088773 0.0147540068 0.0080810933 0.0 0.0318624975 0.0314745368 0.008307052 0.0261434322 0.0315001233 0.0142310765 0.0370186877 0.0209935414 0.0225469982 0.0241940144 0.0290894748 0.028044543 0.0254815974 0.0409449884 0.0261143774 0.0185695269 0.017903774 0.0149313079 0.0173449984 0.0352925965 0.0236307839
25 0.0119522895 0.0308357885 0.0071316195 0.0181525514 0.0244513605 0.0196098505 0.0075508382 0.0427461835 0.0320338775 0.0138413021 0.0138626103 0.0249749262 0.0229574539 0.0228131002 0.026105723 0.0280418801 0.0362328849 0.0185603618 0.019885896 0.0232864859 0.0347204972 0.0236162509 0.0333677301 0.0318624975 0.0 0.0147803541 0.014831413 0.032026862 0.0250964601 0.0059331659 0.0144734828 0.0206462904 0.016494679 0.0238570995 0.0256333687 0.0149535008 0.0212601841 0.0319519623 0.0106719522 0.0291715884 0.0166917873 0.0198559351 0.0315524758 0.0419750079 0.0195484715
26 0.0149161392 0.0238199447 0.027600418 0.0088660571 0.0253543058 0.0292296936 0.0211461738 0.0292327125 0.0191697529 0.0190948595 0.0147970721 0.0293106811 0.0188360819 0.0291732826 0.019027852 0.0214725826 0.0434037673 0.0174990244 0.0265998107 0.0136614977 0.0239551086 0.0124186871 0.014223648 0.0314745368 0.0147803541 0.0 0.0413435965 0.0240950724 0.0108053582 0.0282553229 0.0250639381 0.0131757453 0.0192374778 0.0217483338 0.0249629618 0.0154240863 0.0211966087 0.0414008071 0.0118114723 0.0261783893 0.0249905928 0.0078419476 0.0392466643 0.0347573782 0.0194002029
27 0.0152768613 0.0233750805 0.008035221 0.0451354341 0.0333338827 0.0095989086 0.023972684 0.0066623746 0.02279228 0.0261287597 0.0157844587 0.0180414893 0.0396004783 0.020949209 0.0434302044 0.0356113675 0.0447365309 0.0127253452 0.0326879508 0.0382139715 0.0253984916 0.0066189068 0.0135878443 0.008307052 0.014831413 0.0413435965 0.0 0.0187771103 0.016489626 0.0166260527 0.0164326584 0.0161152535 0.0037744052 0.0152282002 0.0098915596 0.0320702365 0.0083162638 0.0069659908 0.0297339405 0.0408615065 0.0246424885 0.0274934396 0.026825129 0.0245563114 0.0390200309
28 0.0188402175 0.0215834198 0.0192838388 0.0188606549 0.0186537223 0.0418947477 0.0196861652 0.014338418 0.0234628643 0.0341957048 0.0397066108 0.0210113891 0.0331214784 0.0172331203 0.014189392 0.0249173064 0.0358856556 0.0137696794 0.0122673449 0.0234582731 0.0207691153 0.0076417268 0.0208291543 0.0261434322 0.032026862 0.0240950724 0.0187771103 0.0 0.0321115188 0.0253013066 0.0257584435 0.0147533708 0.0313801166 0.0241671646 0.0078441229 0.0102584409 0.0340851482 0.0203787436 0.0251360121 0.0075609434 0.0220892852 0.0132719397 0.0214139612 0.033454488 0.0343925171
29 0.020870501 0.0357955351 0.0204796302 0.0029561898 0.0279001088 0.009741971 0.026752331 0.0483282076 0.0163945002 0.032617161 0.0241297226 0.0194126721 0.0257772252 0.0142707822 0.0111039422 0.0097147866 0.0139508661 0.0098086807 0.0301345574 0.0142289266 0.0167266992 0.0198142166 0.0236836272 0.0315001233 0.0250964601 0.0108053582 0.016489626 0.0321115188 0.0 0.0307502248 0.0179595008 0.0196623616 0.0157201881 0.0475091555 0.0156732736 0.0270457203 0.0322696342 0.0235730182 0.0304667651 0.0373316453 0.0258517778 0.014580447 0.0350136134 0.0203024935 0.015694254
30 0.0346405772 0.0211480736 0.0213937627 0.0348200719 0.0254734998 0.0282648413 0.0274677645 0.0174774733 0.0236452806 0.021449204 0.0274145331 0.0136941752 0.0319270617 0.0195115863 0.0067062021 0.0266598742 0.0316338735 0.0192739383 0.0251785509 0.0245169788 0.023274445 0.0383955843 0.0152936597 0.0142310765 0.0059331659 0.0282553229 0.0166260527 0.0253013066 0.0307502248 0.0 0.006059477 0.0334320363 0.0276835262 0.0157224085 0.0249216069 0.0219984787 0.0185520522 0.0333397233 0.0212930516 0.03619807 0.0203653085 0.0159846125 0.0109985964 0.012554784 0.0205381066
31 0.0157931323 0.0231864907 0.0275139199 0.0387416012 0.0115674746 0.0428666031 0.0255699422 0.0183776859 0.0142719285 0.0298499109 0.0352832492 0.0185895013 0.0092850339 0.0070796855 0.0130343846 0.0344200009 0.0230691209 0.0212107473 0.0142169164 0.0067583204 0.0277666996 0.0226423433 0.0210514446 0.0370186877 0.0144734828 0.0250639381 0.0164326584 0.0257584435 0.0179595008 0.006059477 0.0 0.04265676 0.0149288231 0.0397114723 0.0233522838 0.0133579104 0.0217700675 0.0062598328 0.0192366849 0.0286683568 0.0115039476 0.0360333976 0.0360081134 0.0338431987 0.0277568253
32 0.0278602786 0.0224846971 0.0237916746 0.0326464792 0.0171775195 0.0030881058 0.0053773911 0.0187415189 0.0332479929 0.0059287989 0.0143813937 0.0165601792 0.0085410613 0.0182426148 0.0316183662 0.0390996528 0.0220005124 0.030206292 0.0341748295 0.0421565634 0.0266789345 0.0286156882 0.0312007948 0.0209935414 0.0206462904 0.0131757453 0.0161152535 0.0147533708 0.0196623616 0.0334320363 0.04265676 0.0 0.013681687 0.0197607371 0.0143314308 0.0111454641 0.0308319584 0.0236509304 0.0164738519 0.0235537818 0.0276008851 0.0325813443 0.0253809616 0.0097884353 0.0359618335
33 0.0252967495 0.0106872642 0.0224575558 0.0148644404 0.0163945907 0.0317499588 0.0274381248 0.0217093064 0.032985651 0.002560272 0.0204869975 0.0229958455 0.0453931666 0.033951808 0.0316076275 0.0201098777 0.0248029476 0.0259508911 0.0231669325 0.0110393686 0.0150442482 0.0365927884 0.0301381741 0.0225469982 0.016494679 0.0192374778 0.0037744052 0.0313801166 0.0157201881 0.0276835262 0.0149288231 0.013681687 0.0 0.0120038422 0.0221802187 0.0178893632 0.0280820319 0.0366025933 0.0374661654 0.0177286337 0.0212740188 0.0296303723 0.0319088158 0.0135037823 0.0188576744
34 0.0391818686 0.019086784 0.0395611555 0.0059347093 0.0050463901 0.0287867181 0.0131545824 0.02661095 0.0039068644 0.0281267504 0.0231429419 0.016651436 0.0385429333 0.0234387549 0.022738267 0.013284508 0.0162662515 0.0329781257 0.014890242 0.0290192725 0.013585499 0.0277358701 0.027653833 0.0241940144 0.0238570995 0.0217483338 0.0152282002 0.0241671646 0.0475091555 0.0157224085 0.0397114723 0.0197607371 0.0120038422 0.0 0.0368290244 0.0236389419 0.0117922428 0.0265847894 0.0138542805 0.0206560666 0.0118191768 0.0233738785 0.0172412299 0.0341387277 0.0268445059
35 0.0149539636 0.0117058468 0.0250150104 0.0251589672 0.0149595194 0.0303004681 0.0364658621 0.0281160592 0.0234166696 0.027346636 0.0070720263 0.0060087449 0.0355146204 0.0239586212 0.0348408375 0.0401733216 0.018876767 0.0241072045 0.0145630201 0.0405909677 0.0304405678 0.0279200092 0.0170024574 0.0290894748 0.0256333687 0.0249629618 0.0098915596 0.0078441229 0.0156732736 0.0249216069 0.0233522838 0.0143314308 0.0221802187 0.0368290244 0.0 0.0074941342 0.0355299127 0.0164273254 0.0144871369 0.0216812163 0.0322649885 0.0177603654 0.0183758994 0.022097656 0.0206638709
36 0.0264725519 0.0355769199 0.0208189916 0.0215318598 0.0137515381 0.0087492529 0.022220786 0.0173271871 0.0272905076 0.011355697 0.0204733216 0.045065828 0.0384711165 0.0265925511 0.0410684449 0.0147147698 0.0134023186 0.0234082693 0.0306490628 0.0305342283 0.0185951535 0.0267749133 0.0248606512 0.028044543 0.0149535008 0.0154240863 0.0320702365 0.0102584409 0.0270457203 0.0219984787 0.0133579104 0.0111454641 0.0178893632 0.0236389419 0.0074941342 0.0 0.0292301028 0.0133911135 0.0148955113 0.0303885097 0.0251200557 0.0296936007 0.0127867537 0.0374408763 0.0240267347
37 0.0253657941 0.0278761385 0.035417559 0.0239912308 0.0211233478 0.0143528912 0.0257076866 0.0112350512 0.0262610872 0.0185515166 0.0074306047 0.0190250973 0.0170900724 0.0239548497 0.0276498466 0.0166788684 0.0310650239 0.030084659 0.0260626288 0.0275748078 0.0192332424 0.0265152735 0.0255926589 0.0254815974 0.0212601841 0.0211966087 0.0083162638 0.0340851482 0.0322696342 0.0185520522 0.0217700675 0.0308319584 0.0280820319 0.0117922428 0.0355299127 0.0292301028 0.0 0.0338210401 0.0095782205 0.013709401 0.0273277655 0.0111197928 0.0221328162 0.0211270307 0.014946192
38 0.0261549061 0.0357186454 0.0243029781 0.0329182584 0.0166615217 0.00449211 0.0212315896 0.0275707132 0.0131733483 0.0236178301 0.027971232 0.0225454457 0.0238899433 0.026398025 0.0051925644 0.0215155315 0.0313395923 0.0107567669 0.0230441646 0.0070416887 0.0331894995 0.0147858395 0.0185905714 0.0409449884 0.0319519623 0.0414008071 0.0069659908 0.0203787436 0.0235730182 0.0333397233 0.0062598328 0.0236509304 0.0366025933 0.0265847894 0.0164273254 0.0133911135 0.0338210401 0.0 0.0301592404 0.0150750159 0.0153443228 0.0203710558 0.0147371289 0.0354403644 0.0214772475
39 0.0119628964 0.0181738727 0.0190171389 0.0341007178 0.0151942192 0.0302711832 0.0144925309 0.0310298078 0.0262195961 0.0403607551 0.0208155438 0.0265765287 0.0223457811 0.0212920895 0.0154620915 0.0267119379 0.028397323 0.0291512725 0.0242055643 0.03143943 0.0152818289 0.0208762205 0.0231040562 0.0261143774 0.0106719522 0.0118114723 0.0297339405 0.0251360121 0.0304667651 0.0212930516 0.0192366849 0.0164738519 0.0374661654 0.0138542805 0.0144871369 0.0148955113 0.0095782205 0.0301592404 0.0 0.0328283197 0.0184957922 0.0259164284 0.0164747106 0.0077211511 0.0407025492
40 0.0271931601 0.0171506914 0.0166109732 0.0068359715 0.0345011919 0.0155183797 0.0245861685 0.0164918112 0.0294200975 0.0173058655 0.0279726383 0.0299034156 0.0372315217 0.0192583561 0.0300475406 0.0074450927 0.0199048336 0.0296558389 0.0122304804 0.0220016267 0.0192790435 0.0191640451 0.0222767623 0.0185695269 0.0291715884 0.0261783893 0.0408615065 0.0075609434 0.0373316453 0.03619807 0.0286683568 0.0235537818 0.0177286337 0.0206560666 0.0216812163 0.0303885097 0.013709401 0.0150750159 0.0328283197 0.0 0.0288813576 0.0123015724 0.0288142171 0.0129371782 0.0149191973
41 0.0260496329 0.0187762275 0.0320707721 0.0143379975 0.0325992095 0.0326670979 0.0310477263 0.0125377279 0.022703128 0.0274220791 0.0302773196 0.0199607587 0.0132218792 0.0229039934 0.017778562 0.0094376759 0.0095426676 0.0193906984 0.0184880064 0.0253909775 0.0346556352 0.0100690158 0.0376004859 0.017903774 0.0166917873 0.0249905928 0.0246424885 0.0220892852 0.0258517778 0.0203653085 0.0115039476 0.0276008851 0.0212740188 0.0118191768 0.0322649885 0.0251200557 0.0273277655 0.0153443228 0.0184957922 0.0288813576 0.0 0.010120543 0.034247553 0.0271042151 0.0374310898
42 0.010328942 0.0396228353 0.0282318416 0.0272642247 0.0170170391 0.0357213144 0.0355164133 0.0231246202 0.0324158515 0.0101828342 0.0225732409 0.0246742656 0.0183422921 0.0395687836 0.0302934989 0.0247423632 0.0322615712 0.0229486708 0.0196310883 0.0217167906 0.0172906978 0.0283142192 0.0260520928 0.0149313079 0.0198559351 0.0078419476 0.0274934396 0.0132719397 0.014580447 0.0159846125 0.0360333976 0.0325813443 0.0296303723 0.0233738785 0.0177603654 0.0296936007 0.0111197928 0.0203710558 0.0259164284 0.0123015724 0.010120543 0.0 0.0320151719 0.0068471588 0.0104401976
43 0.0192389352 0.0290875025 0.0100733018 0.0251898487 0.0123951654 0.0146715069 0.0362858458 0.0097778778 0.0221115149 0.02007656 0.0163143498 0.0376253021 0.0207990808 0.0244138195 0.0306235581 0.0263871219 0.0283149141 0.0277101249 0.0235089971 0.0109117406 0.0251277355 0.019745438 0.0054837822 0.0173449984 0.0315524758 0.0392466643 0.026825129 0.0214139612 0.0350136134 0.0109985964 0.0360081134 0.0253809616 0.0319088158 0.0172412299 0.0183758994 0.0127867537 0.0221328162 0.0147371289 0.0164747106 0.0288142171 0.034247553 0.0320151719 0.0 0.0247530817 0.0068540848
44 0.0247871976 0.0291486872 0.0244610404 0.005127999 0.0233097285 0.028245234 0.0186838096 0.0054582707 0.0167607973 0.01205637 0.0156553245 0.0175581396 0.0016203678 0.0326758869 0.026131732 0.0341491469 0.0262531012 0.0288944692 0.0325943974 0.0123061835 0.0303166501 0.0247361378 0.0209899597 0.0352925965 0.0419750079 0.0347573782 0.0245563114 0.033454488 0.0203024935 0.012554784 0.0338431987 0.0097884353 0.0135037823 0.0341387277 0.022097656 0.0374408763 0.0211270307 0.0354403644 0.0077211511 0.0129371782 0.0271042151 0.0068471588 0.0247530817 0.0 0.0184434534
45 0.0336283624 0.0200729078 0.0404347733 0.0107638385 0.0105567262 0.0204219015 0.0308494273 0.009892955 0.0269248918 0.0220557411 0.0320571688 0.0220409888 0.0195644491 0.0224734029 0.0143325087 0.0324233009 0.0186371339 0.0365790921 0.0117058447 0.0201776297 0.0112500385 0.0215739548 0.0200331389 0.0236307839 0.0195484715 0.0194002029 0.0390200309 0.0343925171 0.015694254 0.0205381066 0.0277568253 0.0359618335 0.0188576744 0.0268445059 0.0206638709 0.0240267347 0.014946192 0.0214772475 0.0407025492 0.0149191973 0.0374310898 0.0104401976 0.0068540848 0.0184434534 0.0
