32
1 0.0150547286 0.0383912106 0.0399533752 0.0237003668 0.0413310629 0.0469745603 0.0339376556 0.0421824345 0.0459440784 0.0118839108 0.0645902765 0.0301475695 0.0135085069 0.0183775523 0.0159135996 0.0187254284 0.0458625248 0.0 0.0377082041 0.0350026616 0.0418555994 0.0360357372 0.0386124915 0.0265547027 0.0285163313 0.0288588775 0.0311147413 0.0338068559 0.0269897434 0.0304067474 0.0300713516 0.0279871133 
2 0.0383912106 0.0178065853 0.0113204174 0.0834054264 0.023023085 0.0291022073 0.0144163538 0.0347026952 0.0415159755 0.0300811596 0.0297530692 0.0451281877 0.0089777899 0.0160567168 0.0278795574 0.0417736849 0.0348687426 0.0266771256 0.0269406951 0.0280936863 0.0144596594 0.0268996109 0.0426905725 0.0316111046 0.0213019573 0.0311296845 0.0352292461 0.0578870218 0.0350666257 0.0318735766 0.0159589411 0.0459776278 
3 0.0399533752 0.0113204174 0.0187492804 0.0324360775 0.0 0.0122947166 0.0280271528 0.0320580407 0.0232426868 0.0514471719 0.0279211757 0.071462222 0.0558860576 0.0186116215 0.0300544852 0.0410288217 0.0369698341 0.0448036544 0.0315235448 0.0239447099 0.0336108725 0.0295746452 0.0276275074 0.0398515221 0.0435018939 0.0151252512 0.0489422374 0.0250912825 0.0366171405 0.0177959179 0.028253382 0.0222733014 
4 0.0237003668 0.0834054264 0.0324360775 0.0120246425 0.0289379932 0.0346079397 0.0495967646 0.0315917964 0.0487749478 0.0472746456 0.0324380892 0.0357052678 0.0274181995 0.0347308876 0.0451046685 0.026989372 0.0103467862 0.0258786896 0.011707496 0.0212066175 0.0351716922 0.0223908508 0.0214523413 0.004796893 0.0294854383 0.0323848003 0.0076665995 0.0404709883 0.0509183064 0.0277159719 0.0238334907 0.0398359531 
5 0.0413310629 0.023023085 0.0 0.0289379932 0.0390033759 0.0417836664 0.0221393883 0.0468050563 0.0439621831 0.0395601126 0.0483149112 0.0271072704 0.0295480187 0.0351615229 0.0401997797 0.0131033445 0.0299885466 0.0400556942 0.0286361859 0.014080727 0.0320785814 0.0401242156 0.0297828877 0.0142209576 0.0168170352 0.0333314377 0.0220692381 0.034961834 0.0323647433 0.0482260751 0.0258860948 0.0373949747 
6 0.0469745603 0.0291022073 0.0122947166 0.0346079397 0.0417836664 0.013692188 0.0213229509 0.0114290505 0.0312611978 0.0496419107 0.0263263878 0.034420573 0.0275402734 0.0444026719 0.0153593459 0.0374653272 0.0266538639 0.0371135383 0.0469516933 0.0104241374 0.0251938882 0.0310465242 0.0315647288 0.0466997877 0.0298917787 0.0290817629 0.0305166715 0.0370917179 0.0224203215 0.0403676491 0.0502206973 0.0271362721 
7 0.0339376556 0.0144163538 0.0280271528 0.0495967646 0.0221393883 0.0213229509 0.0140517739 0.0224029954 0.0237929115 0.0228173794 0.0160073004 0.0328931928 0.0363173201 0.0339345179 0.0287306802 0.034938383 0.013253956 0.0438104866 0.0190327137 0.0518665518 0.0575503451 0.0282988189 0.0404632033 0.0514271367 0.0603499907 0.0134348572 0.0231553694 0.0365429574 0.0454586339 0.0353485261 0.0174778117 0.0272019214 
8 0.0421824345 0.0347026952 0.0320580407 0.0315917964 0.0468050563 0.0114290505 0.0224029954 0.0312742709 0.0397903686 0.0051984926 0.0466567078 0.0148928966 0.0303440039 0.027698531 0.0315786063 0.0259607605 0.0335212249 0.0253934807 0.0428459054 0.0247777888 0.0198757291 0.057901577 0.0442799936 0.0226090861 0.0107340964 0.0287995821 0.0431205459 0.0388876398 0.0203311564 0.0338851737 0.0273098336 0.0511604796 
9 0.0459440784 0.0415159755 0.0232426868 0.0487749478 0.0439621831 0.0312611978 0.0237929115 0.0397903686 0.0272040264 0.0370915395 0.0167352418 0.0213423883 0.030165164 0.0339356916 0.0157815449 0.0306102737 0.0097047379 0.0386170647 0.0360111476 0.0218974911 0.0244962869 0.0412115287 0.024459454 0.0182776848 0.0431189965 0.0106110317 0.0292202356 0.0365947282 0.0478495663 0.0254815508 0.0351893414 0.0461089342 
10 0.0118839108 0.0300811596 0.0514471719 0.0472746456 0.0395601126 0.0496419107 0.0228173794 0.0051984926 0.0370915395 0.0250729993 0.0283688998 0.0260909742 0.0422667139 0.0235133182 0.0228689751 0.0523280029 0.0170245596 0.0103891658 0.0603783865 0.0299479016 0.0258021896 0.0085392346 0.0116851901 0.0464928837 0.0421798683 0.0405852998 0.0263458544 0.02567992 0.0170886288 0.0413036645 0.0220284279 0.0590226187 
11 0.0645902765 0.0297530692 0.0279211757 0.0324380892 0.0483149112 0.0263263878 0.0160073004 0.0466567078 0.0167352418 0.0283688998 0.0121286887 0.0514232704 0.0375644929 0.0404721597 0.0292992114 0.0595132703 0.0293332956 0.0106993917 0.0184888097 0.0414333222 0.0355740349 0.0363613997 0.0296391181 0.0238537457 0.0471276155 0.0263056543 0.0229245725 0.0297498895 0.0278706967 0.0158473072 0.0118953206 0.0253826734 
12 0.0301475695 0.0451281877 0.071462222 0.0357052678 0.0271072704 0.034420573 0.0328931928 0.0148928966 0.0213423883 0.0260909742 0.0514232704 0.0421312131 0.0154491188 0.0340414162 0.0338931289 0.0296256147 0.0405586303 0.0395735683 0.0319023928 0.0140637946 0.039587264 0.0277519731 0.0275620388 0.0430013728 0.0353732002 0.0095690026 0.0084343132 0.0340652875 0.030580733 0.003829489 0.0204602093 0.0479324261 
13 0.0135085069 0.0089777899 0.0558860576 0.0274181995 0.0295480187 0.0275402734 0.0363173201 0.0303440039 0.030165164 0.0422667139 0.0375644929 0.0154491188 0.026238665 0.0419813091 0.0328442814 0.0410717314 0.0204505941 0.0161886414 0.0343142769 0.0329825894 0.0192569959 0.0336211703 0.0285425362 0.0129845489 0.0377901195 0.0223382215 0.0268009015 0.0419494805 0.0367420271 0.0480066212 0.0303808692 0.0605287598 
14 0.0183775523 0.0160567168 0.0186116215 0.0347308876 0.0351615229 0.0444026719 0.0339345179 0.027698531 0.0339356916 0.0235133182 0.0404721597 0.0340414162 0.0419813091 0.0358771064 0.0480083011 0.0330609122 0.0241543038 0.0242389692 0.0299863339 0.0473948951 0.0308664438 0.0252664396 0.0283202832 0.0288716143 0.0558638374 0.0573866618 0.0235973711 0.0 0.0207831044 0.0292611768 0.0210818008 0.0330625284 
15 0.0159135996 0.0278795574 0.0300544852 0.0451046685 0.0401997797 0.0153593459 0.0287306802 0.0315786063 0.0157815449 0.0228689751 0.0292992114 0.0338931289 0.0328442814 0.0480083011 0.027793399 0.0549679864 0.044801981 0.0297095091 0.0405486837 0.0313861838 0.0367528962 0.0076414935 0.0148862617 0.034005623 0.0307258813 0.0421084328 0.0474710582 0.0452477446 0.0133458776 0.0396587435 0.0214816237 0.0199504553 
16 0.0187254284 0.0417736849 0.0410288217 0.026989372 0.0131033445 0.0374653272 0.034938383 0.0259607605 0.0306102737 0.0523280029 0.0595132703 0.0296256147 0.0410717314 0.0330609122 0.0549679864 0.0079804124 0.0073327554 0.0398354126 0.0337616118 0.0218357166 0.0357871095 0.0538468812 0.0338687436 0.0281428525 0.0395313109 0.0165153608 0.0272667698 0.0193547337 0.0330893651 0.0078558103 0.0361590015 0.0166732385 
17 0.0458625248 0.0348687426 0.0369698341 0.0103467862 0.0299885466 0.0266538639 0.013253956 0.0335212249 0.0097047379 0.0170245596 0.0293332956 0.0405586303 0.0204505941 0.0241543038 0.044801981 0.0073327554 0.0356404911 0.0477660855 0.0296528193 0.0649672143 0.0504595196 0.0240040379 0.0265954341 0.0491037085 0.0370456262 0.0252195644 0.0177875204 0.0151488991 0.0433368542 0.0249206615 0.0311826898 0.0523425374 
18 0.0 0.0266771256 0.0448036544 0.0258786896 0.0400556942 0.0371135383 0.0438104866 0.0253934807 0.0386170647 0.0103891658 0.0106993917 0.0395735683 0.0161886414 0.0242389692 0.0297095091 0.0398354126 0.0477660855 0.0600928899 0.0319578389 0.0581450192 0.0479015649 0.04397948 0.0239196306 0.0231991139 0.021875526 0.0307109217 0.0170275579 0.0262932728 0.0137584437 0.0189628432 0.0713084784 0.0101169411 
19 0.0377082041 0.0269406951 0.0315235448 0.011707496 0.0286361859 0.0469516933 0.0190327137 0.0428459054 0.0360111476 0.0603783865 0.0184888097 0.0319023928 0.0343142769 0.0299863339 0.0405486837 0.0337616118 0.0296528193 0.0319578389 0.012537294 0.0297352663 0.0440359605 0.029835667 0.0229041397 0.0256614048 0.0209572532 0.0696429009 0.0295510709 0.0302283991 0.0313644141 0.0159316426 0.0168511977 0.0284146497 
20 0.0350026616 0.0280936863 0.0239447099 0.0212066175 0.014080727 0.0104241374 0.0518665518 0.0247777888 0.0218974911 0.0299479016 0.0414333222 0.0140637946 0.0329825894 0.0473948951 0.0313861838 0.0218357166 0.0649672143 0.0581450192 0.0297352663 0.0195224631 0.008274998 0.0602608935 0.0049815868 0.0437944292 0.0172374452 0.0203057562 0.0553068495 0.0307707341 0.024852403 0.0423920831 0.0432980964 0.0258159876 
21 0.0418555994 0.0144596594 0.0336108725 0.0351716922 0.0320785814 0.0251938882 0.0575503451 0.0198757291 0.0244962869 0.0258021896 0.0355740349 0.039587264 0.0192569959 0.0308664438 0.0367528962 0.0357871095 0.0504595196 0.0479015649 0.0440359605 0.008274998 0.0202089243 0.0203466494 0.0345380039 0.0189081561 0.0400547448 0.0234067498 0.0319677485 0.0191327035 0.042973035 0.0534056647 0.0299051025 0.0065608865 
22 0.0360357372 0.0268996109 0.0295746452 0.0223908508 0.0401242156 0.0310465242 0.0282988189 0.057901577 0.0412115287 0.0085392346 0.0363613997 0.0277519731 0.0336211703 0.0252664396 0.0076414935 0.0538468812 0.0240040379 0.04397948 0.029835667 0.0602608935 0.0203466494 0.0435681156 0.0481451373 0.0232540303 0.0370329974 0.0290019685 0.0052437938 0.019679003 0.0220945227 0.0306710915 0.0311598705 0.0252106409 
23 0.0386124915 0.0426905725 0.0276275074 0.0214523413 0.0297828877 0.0315647288 0.0404632033 0.0442799936 0.024459454 0.0116851901 0.0296391181 0.0275620388 0.0285425362 0.0283202832 0.0148862617 0.0338687436 0.0265954341 0.0239196306 0.0229041397 0.0049815868 0.0345380039 0.0481451373 0.0592520448 0.0640831009 0.0318556605 0.051293996 0.0228783939 0.0025104145 0.03084748 0.0193447788 0.0558934454 0.0255194009 
24 0.0265547027 0.0316111046 0.0398515221 0.004796893 0.0142209576 0.0466997877 0.0514271367 0.0226090861 0.0182776848 0.0464928837 0.0238537457 0.0430013728 0.0129845489 0.0288716143 0.034005623 0.0281428525 0.0491037085 0.0231991139 0.0256614048 0.0437944292 0.0189081561 0.0232540303 0.0640831009 0.0144882297 0.0159041405 0.0376757226 0.0524878244 0.0386063576 0.0282181257 0.0453698316 0.0114590209 0.034385287 
25 0.0285163313 0.0213019573 0.0435018939 0.0294854383 0.0168170352 0.0298917787 0.0603499907 0.0107340964 0.0431189965 0.0421798683 0.0471276155 0.0353732002 0.0377901195 0.0558638374 0.0307258813 0.0395313109 0.0370456262 0.021875526 0.0209572532 0.0172374452 0.0400547448 0.0370329974 0.0318556605 0.0159041405 0.028606846 0.0457303093 0.020447314 0.0026254667 0.0296931108 0.0224871734 0.016575272 0.0395617626 
26 0.0288588775 0.0311296845 0.0151252512 0.0323848003 0.0333314377 0.0290817629 0.0134348572 0.0287995821 0.0106110317 0.0405852998 0.0263056543 0.0095690026 0.0223382215 0.0573866618 0.0421084328 0.0165153608 0.0252195644 0.0307109217 0.0696429009 0.0203057562 0.0234067498 0.0290019685 0.051293996 0.0376757226 0.0457303093 0.0540709908 0.0266927199 0.0236300846 0.0504301989 0.0163755644 0.0216024571 0.036644176 
27 0.0311147413 0.0352292461 0.0489422374 0.0076665995 0.0220692381 0.0305166715 0.0231553694 0.0431205459 0.0292202356 0.0263458544 0.0229245725 0.0084343132 0.0268009015 0.0235973711 0.0474710582 0.0272667698 0.0177875204 0.0170275579 0.0295510709 0.0553068495 0.0319677485 0.0052437938 0.0228783939 0.0524878244 0.020447314 0.0266927199 0.0869127416 0.0444007004 0.0372123169 0.0305673614 0.0417241846 0.0259161763 
28 0.0338068559 0.0578870218 0.0250912825 0.0404709883 0.034961834 0.0370917179 0.0365429574 0.0388876398 0.0365947282 0.02567992 0.0297498895 0.0340652875 0.0419494805 0.0 0.0452477446 0.0193547337 0.0151488991 0.0262932728 0.0302283991 0.0307707341 0.0191327035 0.019679003 0.0025104145 0.0386063576 0.0026254667 0.0236300846 0.0444007004 0.0416803685 0.0289193145 0.0569225989 0.0640693295 0.0180002715 
29 0.0269897434 0.0350666257 0.0366171405 0.0509183064 0.0323647433 0.0224203215 0.0454586339 0.0203311564 0.0478495663 0.0170886288 0.0278706967 0.030580733 0.0367420271 0.0207831044 0.0133458776 0.0330893651 0.0433368542 0.0137584437 0.0313644141 0.024852403 0.042973035 0.0220945227 0.03084748 0.0282181257 0.0296931108 0.0504301989 0.0372123169 0.0289193145 0.017403233 0.0615794314 0.0398004462 0.0 
30 0.0304067474 0.0318735766 0.0177959179 0.0277159719 0.0482260751 0.0403676491 0.0353485261 0.0338851737 0.0254815508 0.0413036645 0.0158473072 0.003829489 0.0480066212 0.0292611768 0.0396587435 0.0078558103 0.0249206615 0.0189628432 0.0159316426 0.0423920831 0.0534056647 0.0306710915 0.0193447788 0.0453698316 0.0224871734 0.0163755644 0.0305673614 0.0569225989 0.0615794314 0.0371938024 0.0270119978 0.0199994722 
31 0.0300713516 0.0159589411 0.028253382 0.0238334907 0.0258860948 0.0502206973 0.0174778117 0.0273098336 0.0351893414 0.0220284279 0.0118953206 0.0204602093 0.0303808692 0.0210818008 0.0214816237 0.0361590015 0.0311826898 0.0713084784 0.0168511977 0.0432980964 0.0299051025 0.0311598705 0.0558934454 0.0114590209 0.016575272 0.0216024571 0.0417241846 0.0640693295 0.0398004462 0.0270119978 0.0235617655 0.0569084483 
32 0.0279871133 0.0459776278 0.0222733014 0.0398359531 0.0373949747 0.0271362721 0.0272019214 0.0511604796 0.0461089342 0.0590226187 0.0253826734 0.0479324261 0.0605287598 0.0330625284 0.0199504553 0.0166732385 0.0523425374 0.0101169411 0.0284146497 0.0258159876 0.0065608865 0.0252106409 0.0255194009 0.034385287 0.0395617626 0.036644176 0.0259161763 0.0180002715 0.0 0.0199994722 0.0569084483 0.0069740843 
