128
1 0.0093216187 0.0097679065 0.0115450898 0.006330991 0.0071875997 0.01113729 0.0086185821 0.0023934673 0.0120248559 0.0096916881 0.0126475883 0.0058899571 0.0060905752 0.006299262 0.0064581416 0.0056735461 0.0073557582 0.0099618275 0.0047868231 0.0061886333 0.0080400013 0.0057103268 0.0071256494 0.0085218319 0.0085699251 0.0082953242 0.0098293397 0.0083786483 0.005574608 0.0055375555 0.0115157319 0.0037764624 0.0083652708 0.0062202943 0.0063987945 0.008982884 0.0079352634 0.0123395814 0.0080727741 0.0071587743 0.0077163014 0.0093535136 0.0050366452 0.0096776275 0.0079379537 0.0094526346 0.0089093501 0.0064532269 0.0044065219 0.0058505372 0.0075605777 0.0047816984 0.0031073808 0.0073142896 0.0102456167 0.0099496289 0.0042451928 0.0084950689 0.005509761 0.0073302237 0.0096592817 0.007060697 0.0093352728 0.0075292288 0.0100661754 0.0121931291 0.0074128358 0.0091875756 0.0091393071 0.0049866827 0.0111173443 0.008348926 0.0060746111 0.0114394527 0.0070027673 0.0111823837 0.005413963 0.0107968219 0.0119884805 0.0052608508 0.0059290211 0.0040085783 0.0090793386 0.0069522711 0.0081948655 0.0103055165 0.0053393944 0.0065649949 0.0111210691 0.0047107447 0.0074228005 0.0123220809 0.0075975065 0.0089982263 0.0038270312 0.0123365772 0.0051616711 0.0130786272 0.0056419874 0.0046599024 0.0113654512 0.0091432145 0.0075284187 0.0069853808 0.0041815148 0.0094582607 0.0083871773 0.0119702688 0.0029308106 0.0049068401 0.0051181694 0.0057928523 0.0017325195 0.0049428964 0.0094809857 0.0034343397 0.005035175 0.0088213293 0.0074297494 0.0106581333 0.005659155 0.0129088237 0.0077986187 0.0062842401 0.0101045327 0.0092673677 0.0129643881 0.0082074005 
2 0.0097679065 0.0064607319 0.0063165647 0.0120662726 0.0090024707 0.0068352769 0.0059155426 0.0040640017 0.0125562601 0.0076717261 0.0071691867 0.0154607691 0.0081881046 0.0083565842 0.0067090335 0.0083693031 0.0054344582 0.0074007323 0.0084467449 0.012311893 0.0049166586 0.0117534786 0.0077578679 0.0080535577 0.0076472649 0.0104148305 0.0081382646 0.0056791743 0.012109722 0.007345598 0.0079398322 0.0037956901 0.0069114777 0.0037152201 0.0098223994 0.0054510695 0.00478859 0.0085072949 0.0081057667 0.0112741881 0.010923106 0.0058056179 0.0070131772 0.0079393577 0.0090727353 0.0067386966 0.011322784 0.0049415941 0.0111968865 0.0055219006 0.0077767274 0.005915638 0.0070713114 0.0040585623 0.0111441433 0.0090248505 0.0071851227 0.0070027828 0.0119942566 0.0102813243 0.0136414724 0.0057565642 0.0019462734 0.0115189516 0.0063608989 0.004793835 0.0119152054 0.0051424393 0.0040808474 0.0038243929 0.0046534029 0.0072398197 0.0086254239 0.0067501886 0.0050527869 0.0095973948 0.0148768555 0.0062256599 0.0117824375 0.0082273172 0.0092634749 0.006235969 0.0058554583 0.0119745488 0.0111770282 0.0099048138 0.0106200495 0.0044929869 0.0096601005 0.0078418219 0.0060825319 0.0091085803 0.0088297268 0.0095253203 0.0076099934 0.0084645611 0.0076021582 0.0077778903 0.0092731852 0.0067145301 0.0042554835 0.0064391587 0.0092812355 0.0091199601 0.0135068701 0.0068131363 0.0051841998 0.0018210532 0.0080109458 0.0030173299 0.0075519539 0.0046871228 0.0089077856 0.0089553732 0.0057048221 0.0030101226 0.0046601548 0.0092184117 0.0085253323 0.0068708456 0.0028112577 0.005614525 0.005237635 0.0135911336 0.0092670825 0.0098231768 0.003304718 0.0102201927 
3 0.0115450898 0.0063165647 0.0029801954 0.0069275566 0.0073248593 0.0053380509 0.010791651 0.0056768288 0.004665137 0.0041342713 0.0065096901 0.0110956181 0.0113535486 0.0074477569 0.0076564438 0.0079283385 0.0075286418 0.0124825368 0.0083701881 0.0128077735 0.0056077421 0.0044204169 0.0063342198 0.0068850571 0.0091954734 0.0059117527 0.0118350241 0.0078759047 0.0024665021 0.0076755269 0.0112392403 0.0083660956 0.0048784816 0.0081432598 0.0036619488 0.0056132066 0.0089188301 0.0129236365 0.0055302316 0.0064247141 0.0063777735 0.0107303004 0.0081278833 0.0109290587 0.0067932445 0.0067998354 0.0091162502 0.0020752288 0.0047669941 0.0044653358 0.0077615419 0.0058336339 0.0058995287 0.0038433876 0.0048203133 0.00978788 0.0055428207 0.0097068779 0.0115618743 0.0064877846 0.0041941953 0.0065835877 0.009996666 0.007489589 0.0093777977 0.004894801 0.0152955368 0.0058130087 0.0072521715 0.0126118246 0.0129851261 0.0102352333 0.0070288993 0.0036826291 0.005202697 0.0070588274 0.0088964275 0.0126475931 0.0076789559 0.0094187875 0.0072061544 0.0127578172 0.0079794408 0.0050541575 0.0084386568 0.0081963882 0.0115461274 0.0100705702 0.009862196 0.0093124791 0.0052901886 0.0044354466 0.0112643111 0.0127719259 0.0079134878 0.0082604254 0.0060502226 0.0056143022 0.0117461422 0.003665798 0.0065529049 0.0050550937 0.0096015197 0.0102042715 0.0107650769 0.0115384677 0.0002428062 0.009582717 0.007342142 0.0129249653 0.0065736288 0.0080872791 0.0135942191 0.0044876369 0.0099128649 0.0037888883 0.0075735811 0.0092904022 0.0119921288 0.006523746 0.0053086356 0.0072817557 0.0091687918 0.0063903421 0.0069902457 0.0076996464 0.0069887175 0.0045413793 
4 0.006330991 0.0120662726 0.0069275566 0.0061149031 0.0088032357 0.0098329801 0.0165330234 0.0039050904 0.0105070142 0.0083014288 0.0096583942 0.0075508594 0.0078859982 0.0057840644 0.0050032084 0.0064721192 0.0045656334 0.0084241774 0.0107172798 0.0053557058 0.0046718967 0.0048444673 0.0109781146 0.0043525787 0.0050991525 0.0063216711 0.0052601102 0.0026963282 0.0094521235 0.0041605334 0.0100068585 0.0052067848 0.012316729 0.0099860919 0.0064049146 0.0075896357 0.010035517 0.0002626014 0.0147879027 0.0065686081 0.005330269 0.0040561475 0.0073448136 0.0073334888 0.0069997376 0.0018722792 0.006224765 0.0081211549 0.006225424 0.0135764488 0.0119034995 0.0050184304 0.0043947279 0.0062556441 0.0110387816 0.009001618 0.0094436368 0.0061637842 0.0066129282 0.0043814138 0.0065568157 0.0064410949 0.0074583919 0.0106088616 0.0075352645 0.0053173289 0.009331092 0.0098490675 0.006520175 0.0101791978 0.0072361716 0.010046203 0.0081686374 0.0006641043 0.0070037915 0.0082787367 0.008863957 0.0118423848 0.0047768695 0.0045477612 0.009285157 0.0071987095 0.009215966 0.0045296065 0.0089116437 0.0114964805 0.0022556401 0.0078967636 0.0145687264 0.0053493866 0.0061872978 0.0076196184 0.0055474032 0.0048903047 0.0019693261 0.016497542 0.007797064 0.0139013458 0.0159843681 0.0107043867 0.0105237096 0.0078969708 0.006672994 0.0077495759 0.0093161323 0.0070611223 0.0129662516 0.0029471242 0.0101360272 0.0068966847 0.0023985055 0.0092690432 0.0088516385 0.0123439681 0.0054052218 0.0106471816 0.0102423698 0.0093609953 0.0052806993 0.0080561999 0.0076790077 0.0064605698 0.0055684048 0.0132574578 0.0081971694 0.0091612068 0.0106920081 0.0088875673 
5 0.0071875997 0.0090024707 0.0073248593 0.0088032357 0.0060847575 0.0045767444 0.0139296497 0.0094305474 0.0089876743 0.0050913194 0.0099626289 0.0027774042 0.012526902 0.0039056797 0.0074372987 0.0133488366 0.0067275572 0.0155575979 0.0129554856 0.0069046006 0.0032517805 0.0075526952 0.0100345723 0.0098340134 0.004882469 0.0055497419 0.0073383653 0.0105179275 0.0069441047 0.010674295 0.0093723177 0.0047275404 0.0034961679 0.0114975562 0.0036528869 0.0139494889 0.0136706902 0.005076749 0.009309926 0.0085618833 0.0044664238 0.0061650457 0.0100931916 0.0042308215 0.0090576761 0.0070720238 0.0064993857 0.0058909545 0.0127020634 0.0055288805 0.0142312211 0.0075994925 0.0093415477 0.0099495437 0.0023026835 0.0137265367 0.0065662646 0.0023074664 0.0087016375 0.0023757592 0.0105900078 0.0031087623 0.0080484635 0.005558566 0.0100920652 0.0065266309 0.0077928647 0.0059889307 0.0115107613 0.0089740512 0.0074806501 0.0076930044 0.0032154515 0.0066215366 0.0051268241 0.0068897513 0.0102501697 0.0052982643 0.0063770757 0.0065172692 0.005362955 0.0041657578 0.0070694051 0.0151332274 0.0072160764 0.0075075971 0.0079121596 0.0051811012 0.0054078877 0.0078146651 0.007915381 0.0138467895 0.0079009751 0.005793625 0.0129892267 0.0063564387 0.0126012106 0.0032616472 0.0080754068 0.0026101921 0.0031843189 0.0089354647 0.0077965168 0.0175729891 0.0098582058 0.0097703106 0.0057079222 0.0089900222 0.0102007694 0.0117702815 0.0072743787 0.0092901961 0.0126385966 0.0069129491 0.0038773816 0.0024247326 0.0109242558 0.0093418114 0.0061099652 0.0111638557 0.0040823389 0.0056909497 0.0030935952 0.008464445 0.0062604713 0.0056672418 0.005082512 0.0089040558 
6 0.01113729 0.0068352769 0.0053380509 0.0098329801 0.0045767444 0.0051263611 0.0076533374 0.0117120939 0.0070082119 0.0171394228 0.0115904766 0.0066253968 0.0095023398 0.0053729567 0.0081507573 0.0108295494 0.0095491006 0.0095601296 0.0129151874 0.0045177216 0.0115529369 0.005359194 0.0085769283 0.0082709286 0.0087116361 0.0063327176 0.0 0.0080223499 0.0083826551 0.0119443557 0.0122707316 0.0138930833 0.0028047158 0.0044897888 0.0057053082 0.0114307134 0.0063795379 0.00976866 0.0035287046 0.0102493915 0.0086949948 0.0090645074 0.0072091672 0.0054829625 0.0098610682 0.0103656884 0.0096741087 0.006532158 0.0075253581 0.0085022087 0.0101992465 0.0064736078 0.0082276382 0.0062826243 0.0033657712 0.0048707701 0.0072733201 0.0085805886 0.0094168301 0.0036341052 0.0115261632 0.0040413861 0.0101033196 0.0062724925 0.0042104082 0.0049671373 0.0098724882 0.006807277 0.0019247511 0.0085669718 0.008532589 0.0062826201 0.0104755086 0.0051488333 0.0041779265 0.0049334796 0.004067765 0.003762012 0.0064926982 0.0068562398 0.0103249651 0.0070571411 0.0105892056 0.0133774692 0.0099790629 0.0094046595 0.0066778646 0.0088527636 0.007661088 0.0074760387 0.0070644638 0.0074514549 0.0043957526 0.0106127562 0.0021018796 0.0065936214 0.0107789553 0.0073221252 0.0037054746 0.008339725 0.0091308779 0.0068300996 0.0063419268 0.0095285408 0.0071717589 0.0116129992 0.0048247645 0.0073110217 0.007321628 0.0081378337 0.0059601549 0.0080769166 0.0084683102 0.0071207863 0.006053917 0.0063581064 0.0089033507 0.0147033094 0.0047711734 0.0054159061 0.0082034665 0.0077631035 0.010319191 0.0067389689 0.00491835 0.0169264698 0.0068616078 0.0115524801 
7 0.0086185821 0.0059155426 0.010791651 0.0165330234 0.0139296497 0.0076533374 0.0044425956 0.0052387729 0.0032382305 0.0099306831 0.0082356408 0.0067657155 0.011204602 0.0118360137 0.0099142381 0.0096475696 0.0054417562 0.0062110022 0.0057413908 0.0040586481 0.0132686254 0.0084861358 0.0062688951 0.0053087663 0.0114244384 0.007135828 0.0076888762 0.0072366639 0.0084599057 0.0040357184 0.008620111 0.0090779976 0.0094762247 0.0088535408 0.0044412495 0.0060226274 0.0085515203 0.0115133763 0.0020058459 0.0073101917 0.0102431675 0.0162408668 0.0051964784 0.0131525236 0.0076306552 0.0123766412 0.0082242529 0.0101292035 0.0043403792 0.0100518869 0.0069317461 0.0092424828 0.0111477609 0.0047031011 0.0084183395 0.0055701845 0.0105074963 0.0081700935 0.0101718196 0.0087861233 0.0113436739 0.0074622817 0.0034285933 0.0044535451 0.0087232032 0.0081220908 0.0094162512 0.0053314164 0.0140320491 0.0039537671 0.0091597985 0.0075879848 0.0086618103 0.0088668144 0.0035728387 0.006442134 0.0055159838 0.0058067548 0.0061671802 0.0054229265 0.0061966248 0.0050832249 0.0089685188 0.0097436172 0.008791217 0.0088940029 0.0050658259 0.0035410422 0.0065393374 0.0050482543 0.0085820515 0.0059023846 0.003535196 0.0052917539 0.0064010178 0.0048426206 0.007315414 0.0080517246 0.0114306629 0.0130585297 0.0068335142 0.010762332 0.0080466882 0.0092438767 0.0114976927 0.0190173479 0.0055834372 0.0067580673 0.0040843856 0.0104508054 0.0048459379 0.0061829384 0.0063758198 0.0055067346 0.0075117306 0.0058806918 0.0085823432 0.0062638297 0.0116888306 0.0083742666 0.0083541049 0.001585367 0.0083550918 0.0035986242 0.0051101203 0.0103349664 0.0050173312 0.0066286188 
8 0.0023934673 0.0040640017 0.0056768288 0.0039050904 0.0094305474 0.0117120939 0.0052387729 0.0197951925 0.0088696051 0.0048932744 0.0105677508 0.0072912387 0.0044364033 0.0073799327 0.0073732563 0.0067842857 0.0110622554 0.0105678849 0.0061825637 0.007817234 0.0072417093 0.0045731388 0.0098747831 0.0089901312 0.0102350909 0.0043933187 0.0082897422 0.0100814972 0.0097583587 0.0078676524 0.003505388 0.0013814293 0.0051004091 0.0022026936 0.0072673121 0.0088731585 0.001575482 0.0085995247 0.0085612365 0.0051359196 0.0103599613 0.0121328838 0.0070426504 0.0105944561 0.0071169505 0.0092793464 0.0046519709 0.0133851502 0.0077455846 0.0101758575 0.0089164462 0.0094248619 0.0042322617 0.006422278 0.0019590144 0.0111421866 0.0105268392 0.0020241308 0.0090030682 0.0072935928 0.0106848395 0.00774128 0.0140258661 0.0074016596 0.0034095598 0.0112098571 0.0078334442 0.0042395026 0.0121178922 0.0121462171 0.0095274669 0.0093696928 0.0104605867 0.0064167205 0.0094112819 0.0081053749 0.0036965493 0.0098633246 0.0045073 0.0100687905 0.0106555699 0.010535955 0.0033907813 0.0058817585 0.0025390464 0.0116715618 0.0083134438 0.0102187927 0.0082155717 0.0073649899 0.004332397 0.0064163687 0.0076248071 0.010331309 0.0088058241 0.007707482 0.0063070884 0.0109695495 0.0131991143 0.0050796456 0.005773534 0.0048458956 0.010412844 0.0098452049 0.0104518565 0.0092841311 0.0075438192 0.0134522943 0.0098678816 0.0083069803 0.0053475137 0.0080691146 0.0043573966 0.0046446573 0.0068074707 0.007658938 0.016553076 0.0057002988 0.0061303626 0.009483759 0.00757791 0.0012675901 0.0037657387 0.003518391 0.0079115259 0.0096271453 0.0097214368 0.0078958232 
9 0.0120248559 0.0125562601 0.004665137 0.0105070142 0.0089876743 0.0070082119 0.0032382305 0.0088696051 0.0053257121 0.0146145019 0.0124278739 0.007809282 0.0044251124 0.0084948189 0.0090781465 0.0111526542 0.0032652112 0.006815934 0.0071055859 0.0062153197 0.0042584647 0.001018647 0.0079582963 0.0081834621 0.0083854969 0.0109988836 0.0062527601 0.0104543804 0.0085221371 0.0055303228 0.0066490474 0.002752039 0.0054023991 0.0054859738 0.0109406096 0.0106902052 0.0066544793 0.0084182541 0.0152011571 0.0051592091 0.010356165 0.0050499221 0.0111788264 0.006776208 0.0048218375 0.0094558606 0.0051677737 0.0078992665 0.008124948 0.0097856565 0.0064591294 0.0047697423 0.0045348105 0.0069252783 0.0133181788 0.0088097403 0.0068149727 0.0083716961 0.0104146044 0.0091835188 0.0062006199 0.0119651207 0.0066600387 0.0075747101 0.0040121723 0.0077671027 0.0074701776 0.0097971387 0.0120225255 0.0077412225 0.0086586285 0.0095529306 0.0058678964 0.0075676748 0.0078608759 0.0054279644 0.007121795 0.0109615061 0.0116224419 0.0070508665 0.0062689985 0.006350376 0.0077956566 0.0102456334 0.0048324662 0.0043775163 0.0028978891 0.0144548933 0.0023599199 0.0067921469 0.0077424096 0.0121630168 0.0070304471 0.0088145556 0.0067817092 0.0062562911 0.0095864414 0.0067422203 0.0062644487 0.0100533087 0.0057515489 0.0107671937 0.0060044953 0.0097919437 0.0080637575 0.0063505275 0.0046453823 0.0079273325 0.0051877508 0.0076840962 0.0133841759 0.0108564392 0.0069466082 0.0080105699 0.012304829 0.0040994597 0.0048938693 0.009283482 0.0075511157 0.004061296 0.006204689 0.0083689623 0.0095094871 0.0064149747 0.0100569623 0.0067727871 0.0095779002 0.0070931077 
10 0.0096916881 0.0076717261 0.0041342713 0.0083014288 0.0050913194 0.0171394228 0.0099306831 0.0048932744 0.0146145019 0.0031419544 0.008780873 0.0098570023 0.0132607358 0.0061461239 0.0097929173 0.0022177635 0.0089263049 0.0034855357 0.0080718851 0.0066366035 0.0081920024 0.0105360224 0.0068471373 0.005035856 0.008277695 0.0054756321 0.0024422297 0.0156095636 0.0111276012 0.0054424657 0.0084108475 0.0119991482 0.0076457318 0.006783713 0.0109884755 0.0102374002 0.0036863908 0.0076248137 0.0075575442 0.005760101 0.0131504452 0.0064858011 0.0047037883 0.0119554987 0.0058071501 0.009235207 0.0053044831 0.0108465578 0.0058833667 0.0030928841 0.0050103394 0.0088133683 0.0092172739 0.0073775616 0.0081540096 0.0051638668 0.0126024936 0.003956033 0.0067613224 0.0061148374 0.007908822 0.0076967354 0.0085793432 0.0059508021 0.0084070581 0.0104587855 0.0075419324 0.0119672461 0.0054455509 0.0046354614 0.005242836 0.0062615714 0.0111396495 0.0053866759 0.0095201057 0.0082664832 0.0062862378 0.005297047 0.0060542692 0.0088762431 0.0072898955 0.0089527281 0.009472565 0.008547147 0.002654589 0.0083616014 0.0078282563 0.0077364837 0.0081254184 0.0072702791 0.0084499661 0.0087054844 0.0112710969 0.011025683 0.0087338327 0.0053855898 0.0068089218 0.0056447012 0.0051923767 0.0093322599 0.00696795 0.0105653663 0.0091881277 0.0103535784 0.0084109051 0.0050929402 0.0055684206 0.0019471262 0.0079991447 0.0162631609 0.0043440334 0.0114477456 0.003339438 0.0100021602 0.0072992684 0.0068458789 0.00872979 0.0088980384 0.0071346379 0.0066420706 0.0051871742 0.0065557654 0.0118297413 0.0085739211 0.0058070345 0.0063408912 0.0089325323 0.0109187518 
11 0.0126475883 0.0071691867 0.0065096901 0.0096583942 0.0099626289 0.0115904766 0.0082356408 0.0105677508 0.0124278739 0.008780873 0.015809594 0.0099666659 0.0094351055 0.0057746386 0.007885952 0.0052769254 0.0035359201 0.0019524923 0.0067231082 0.0039551171 0.0068233869 0.0103921454 0.0115060719 0.013310219 0.0030821192 0.0110640492 0.006976814 0.0106758047 0.0052386185 0.0061393389 0.0084031497 0.0081590767 0.0094128251 0.0082101421 0.0046782739 0.0083986798 0.0124897349 0.0097850754 0.0043293536 0.006461074 0.0057498346 0.0055046328 0.0120669846 0.005591073 0.0075050319 0.0049442072 0.0080951696 0.004670492 0.0094335998 0.0068259441 0.0067941377 0.0098316171 0.0065788774 0.0110010823 0.0090092433 0.0035955138 0.0068971375 0.002520687 0.0069624617 0.0041665489 0.0057092336 0.0080210364 0.0062709843 0.0043753429 0.0086603708 0.0038532163 0.007325203 0.001154638 0.0130131754 0.0065480066 0.0049654576 0.004659706 0.0073494857 0.0092376242 0.0112773233 0.0092172986 0.0120173882 0.0081861197 0.0121263624 0.0112655155 0.0099817583 0.0056411583 0.00550888 0.0042903424 0.0033617422 0.0078773058 0.007451105 0.0055639892 0.0062111021 0.0074771292 0.013079163 0.0092373035 0.0150696567 0.0121646569 0.0096844647 0.007834948 0.0102597321 0.0035973513 0.0038611706 0.0059359484 0.0084839384 0.0057689148 0.0040957335 0.0091823439 0.0078490998 0.0056417842 0.0086827072 0.005656496 0.0068969345 0.008352472 0.0136590609 0.0055009164 0.0040772017 0.007274571 0.009181553 0.0063177913 0.0097789533 0.0081892166 0.0073240369 0.0083838411 0.0058609953 0.0091023272 0.0057950111 0.0138267622 0.0055558847 0.0100870181 0.0060152307 0.0129909564 
12 0.0058899571 0.0154607691 0.0110956181 0.0075508594 0.0027774042 0.0066253968 0.0067657155 0.0072912387 0.007809282 0.0098570023 0.0099666659 0.0063438829 0.007799476 0.0079864788 0.0042666139 0.005595794 0.0022434756 0.0050116423 0.008005494 0.003722153 0.0082534154 0.0026698592 0.0057508695 0.0086682276 0.0152287407 0.0062939063 0.0110997284 0.0052365554 0.008119032 0.0046274931 0.0022298786 0.0059224735 0.0092045814 0.0133021299 0.0112217272 0.0022741751 0.0072886061 0.0049266574 0.0068415684 0.0117106702 0.0066723697 0.0105903387 0.0058486849 0.0044529166 0.0076745793 0.0084062375 0.0105256462 0.0068191184 0.0113971149 0.004122037 0.0048928108 0.0098847966 0.0177604158 0.0066543782 0.0096871732 0.0039598822 0.0079709401 0.0143762852 0.0124222943 0.0093883158 0.0032498421 0.0079687886 0.0047554085 0.0038671653 0.0055863632 0.0081428402 0.0092373578 0.0082874579 0.0053899917 0.0094210519 0.0103537687 0.0074598815 0.0111008974 0.0070478376 0.012599651 0.0138087458 0.0088141699 0.0083716356 0.006762007 0.0076836409 0.008662285 0.0046555738 0.0030391289 0.0078872606 0.0137363354 0.0042949065 0.008638325 0.0092602455 0.0081397092 0.0109394833 0.0040715409 0.0072094649 0.0061239062 0.0063509189 0.0095201171 0.0023109732 0.0061883883 0.005361103 0.0060046573 0.0081685741 0.0063309686 0.0045588814 0.008580678 0.0124053293 0.0106625758 0.009767899 0.0068569312 0.0053829006 0.0056410806 0.0089560005 0.0061282339 0.0113626374 0.010111024 0.0080396893 0.0094604127 0.0072545987 0.0082692389 0.0057863408 0.0082924906 0.0107351242 0.0149246256 0.0029447475 0.0039677152 0.0110002434 0.0079446451 0.0062252682 0.009313263 0.0121835062 
13 0.0060905752 0.0081881046 0.0113535486 0.0078859982 0.012526902 0.0095023398 0.011204602 0.0044364033 0.0044251124 0.0132607358 0.0094351055 0.007799476 0.0068065474 0.0056018105 0.0055934821 0.0026447234 0.0038810848 0.0137276452 0.0088032582 0.0053060137 0.0129213711 0.0040089963 0.0039130436 0.0106773641 0.0074940606 0.0119500501 0.0071491394 0.0062524709 0.0046276275 0.0022499556 0.0081148531 0.0072326717 0.0071606931 0.0050935241 0.0056107158 0.0070040613 0.0152484207 0.0102460697 0.0078050213 0.006504348 0.0077462496 0.0099312271 0.0099780209 0.0066564593 0.0061179571 0.0029531967 0.0090033815 0.0058011176 0.0078705023 0.0114885533 0.00672505 0.0108568613 0.0122261106 0.0047439482 0.0053113801 0.0065137123 0.0025890011 0.0101769358 0.0091425541 0.007871631 0.0124049292 0.0064046953 0.0072940034 0.012453053 0.009464175 0.0040470389 0.0094909199 0.0059486026 0.0057694517 0.0073966613 0.0060337482 0.0102454627 0.0060846801 0.0023329792 0.0130534985 0.0085467871 0.0049138942 0.0129449282 0.0122318258 0.0032739523 0.0079099196 0.007737093 0.0029126118 0.0096877756 0.0050677876 0.0066845464 0.0097869588 0.0054687979 0.0046401521 0.0063971749 0.0055361324 0.0104867511 0.0069593685 0.0101228594 0.0074274795 0.0062920755 0.0092345761 0.00567921 0.0068289217 0.007712621 0.0043625703 0.0037323924 0.0097738048 0.0082486505 0.0051593332 0.0135853229 0.0118877833 0.0014813054 0.0046115799 0.0065743828 0.012389971 0.0154643191 0.0038388785 0.0071089922 0.0087248168 0.0041579546 0.0056637609 0.0059304941 0.0120577645 0.0136493437 0.0124150447 0.0075174373 0.0103184728 0.012408859 0.0075989012 0.0100140491 0.005119509 0.0098544302 
14 0.006299262 0.0083565842 0.0074477569 0.0057840644 0.0039056797 0.0053729567 0.0118360137 0.0073799327 0.0084948189 0.0061461239 0.0057746386 0.0079864788 0.0056018105 0.0100099381 0.0061131788 0.0078144846 0.006437139 0.0133939054 0.0063742133 0.0085229852 0.0060241315 0.005150169 0.003645432 0.0135771975 0.007672576 0.0115705675 0.0068036917 0.0061068106 0.0101697646 0.0073290956 0.0108718727 0.0051490916 0.0100671551 0.0075330309 0.0088010944 0.0065541126 0.0097946852 0.0094097133 0.0112499106 0.0063066265 0.0020702865 0.0103216355 0.0067526565 0.0070092825 0.0060909472 0.003583202 0.0083083833 0.01249545 0.0064379077 0.0095519125 0.0041862028 0.0067086584 0.0098061265 0.0099112539 0.0080545173 0.0087338772 0.0070345314 0.0053423394 0.0087971121 0.0052925824 0.0067079026 0.0101157258 0.0072698062 0.0134827075 0.0094008728 0.0142963425 0.0109150058 0.0077012881 0.0073585211 0.0061392238 0.0129589908 0.0042463413 0.0046021082 0.0068260061 0.0117857327 0.0058641319 0.0118635377 0.0056295494 0.0087787288 0.0162498663 0.0092919096 0.0090051083 0.0067376527 0.005356593 0.0117204231 0.0038761232 0.0141434145 0.0068975173 0.0043321805 0.0061180903 0.0066027376 0.0100100718 0.0115298649 0.0067311494 0.0070421165 0.0108418306 0.0071283132 0.0092508832 0.0076935673 0.0056176279 0.0088072601 0.0057000111 0.0052428116 0.0088181461 0.0019437109 0.0062734517 0.0052772543 0.0100977676 0.0038391468 0.0069251728 0.0085206593 0.0079768492 0.0054638003 0.0089951215 0.0075880009 0.0089636252 0.0075207834 0.0090250745 0.0099931012 0.0062555591 0.0051400777 0.0098111397 0.0079404542 0.0102779805 0.0017487165 0.0090063277 0.0054481594 0.005952713 
15 0.0064581416 0.0067090335 0.0076564438 0.0050032084 0.0074372987 0.0081507573 0.0099142381 0.0073732563 0.0090781465 0.0097929173 0.007885952 0.0042666139 0.0055934821 0.0061131788 0.0076095049 0.0057012664 0.0088854244 0.0104126001 0.0061314327 0.0051143633 0.0018427798 0.0088048042 0.0057932232 0.0110475375 0.0118978249 0.008014662 0.0081753794 0.0143021007 0.007723262 0.0096507059 0.0081994373 0.007254074 0.0049986437 0.0056851945 0.0055896642 0.0060731678 0.0089751699 0.0060871404 0.0056137041 0.0056733844 0.0061222741 0.0112167149 0.0082948461 0.0085204176 0.0014315236 0.0064983061 0.0058668567 0.0089260269 0.0082961381 0.0144959412 0.0137053919 0.0058535972 0.0096097499 0.0087148817 0.0087524551 0.0135987905 0.0071190212 0.0080715526 0.0079941235 0.0074067478 0.0049764824 0.0047954798 0.0060291221 0.0097795353 0.0087335399 0.0076747155 0.0041261199 0.0080292707 0.00463504 0.0078852088 0.0121707346 0.0058615146 0.0059136027 0.0051335103 0.0085283477 0.0042404535 0.0112727627 0.0025428231 0.0097983897 0.0086965528 0.004056564 0.0080926015 0.0065241108 0.0065076447 0.0140519893 0.0050074435 0.0092843032 0.0096825791 0.0118715272 0.0083442799 0.0061161259 0.0077721725 0.0037218555 0.0047592631 0.0059545437 0.0111499622 0.0111280073 0.0022800987 0.0093505259 0.0109239238 0.0086786711 0.0047055731 0.0115054293 0.0080221108 0.0047708685 0.0116036418 0.0049128763 0.0031225343 0.0093869294 0.0107845299 0.0037843316 0.0121256011 0.0131521506 0.0074184106 0.0045659324 0.0110539708 0.0055868643 0.0100662386 0.0038380156 0.0084308264 0.006195144 0.0068411854 0.0106800145 0.0108535049 0.01024724 0.0105658852 0.0151040042 0.0074103106 
16 0.0056735461 0.0083693031 0.0079283385 0.0064721192 0.0133488366 0.0108295494 0.0096475696 0.0067842857 0.0111526542 0.0022177635 0.0052769254 0.005595794 0.0026447234 0.0078144846 0.0057012664 0.0068216267 0.0085677004 0.0078608699 0.0030837757 0.012439495 0.0048092967 0.0092172139 0.0061689753 0.0066627526 0.0097931934 0.0111091955 0.0046336134 0.0048647772 0.0111812428 0.0071163578 0.0091716273 0.0148035756 0.0110853709 0.0134481182 0.0084458476 0.0119745805 0.0119882059 0.00682193 0.0153318982 0.005432725 0.0030311332 0.0086828405 0.0070590066 0.007151263 0.007278012 0.0081528743 0.0041896156 0.007494886 0.0046081542 0.0105858904 0.0123744893 0.0060464419 0.0085517402 0.0051132903 0.0069099335 0.0121865034 0.0107640627 0.0070657073 0.0095071246 0.0071153996 0.0085286414 0.0059755226 0.0030530496 0.0099514297 0.005789883 0.0064545378 0.0109738669 0.0117651233 0.0067960895 0.0043328516 0.0062985626 0.0087514641 0.010794187 0.0067593678 0.0090712467 0.002798286 0.0017234613 0.0087573995 0.0074786866 0.0055441624 0.0114711828 0.0056842938 0.0110621642 0.0111461182 0.008623421 0.0042530404 0.0096934012 0.0037601609 0.0065393534 0.0085658295 0.0101891486 0.0069423684 0.0070897751 0.0042760167 0.0086776622 0.0062533264 0.0073178098 0.0099106895 0.0096878334 0.0058003784 0.0063380558 0.009005497 0.0034575999 0.0084402986 0.0058910232 0.0029628564 0.0051796616 0.0083475287 0.0116980755 0.0026716811 0.0071065762 0.00362292 0.0107783153 0.012796882 0.0058235799 0.0094606824 0.0072491929 0.0081008325 0.0083440777 0.0059539405 0.0102234796 0.003875307 0.00732729 0.009864636 0.0121013274 0.0077408638 0.0073976348 0.0135388965 
17 0.0073557582 0.0054344582 0.0075286418 0.0045656334 0.0067275572 0.0095491006 0.0054417562 0.0110622554 0.0032652112 0.0089263049 0.0035359201 0.0022434756 0.0038810848 0.006437139 0.0088854244 0.0085677004 0.005005156 0.0081972172 0.0042207326 0.0111662103 0.0098186603 0.0098467 0.0106876077 0.0105759788 0.007167368 0.0050084947 0.0097444202 0.0078912023 0.0074600529 0.0063167516 0.0047015265 0.0092462172 0.0042312202 0.0117156387 0.0053467558 0.0117082864 0.0102676083 0.0107794541 0.0031630908 0.0077150402 0.0084770662 0.0088146105 0.0086630184 0.0073530417 0.0185127704 0.0122807365 0.0077059246 0.0071495401 0.0072089943 0.0060078024 0.007604808 0.0056520751 0.0074719788 0.0075112333 0.0071312271 0.0058703965 0.0071698988 0.0121472811 0.0092651552 0.0084346901 0.005395503 0.0068084761 0.0127889204 0.0080892444 0.0083918727 0.0191584319 0.0066330721 0.0082194556 0.0099385696 0.0071589388 0.0051259916 0.010237691 0.0127967813 0.0069340801 0.008518631 0.0061436509 0.0084193341 0.0089978499 0.0033887944 0.0060715855 0.0115138173 0.0069682001 0.0083113322 0.0073573896 0.0036229761 0.0082061741 0.005847981 0.0118362686 0.0086751009 0.0085510883 0.0061231325 0.00983085 0.0067045565 0.005672771 0.0109765165 0.0037874952 0.0140435608 0.0047633594 0.0078417565 0.0079303473 0.0069002354 0.0093299228 0.0089185095 0.0107893721 0.0076582726 0.0078861971 0.0113639816 0.0076502638 0.0074737234 0.0107015542 0.0071394783 0.0041722075 0.0060232329 0.0073335262 0.007580132 0.0055938396 0.0059111306 0.0045237866 0.0061889631 0.013018335 0.0060280479 0.0032010419 0.0071404432 0.0083584884 0.0088563343 0.0000387617000000000 0.0089426287 0.0076749795 
18 0.0099618275 0.0074007323 0.0124825368 0.0084241774 0.0155575979 0.0095601296 0.0062110022 0.0105678849 0.006815934 0.0034855357 0.0019524923 0.0050116423 0.0137276452 0.0133939054 0.0104126001 0.0078608699 0.0081972172 0.0086628503 0.0067270901 0.0085833501 0.0073463816 0.004755588 0.0115284692 0.006046316 0.0091107779 0.0089453187 0.0101586472 0.0049641303 0.0102935526 0.0076042189 0.0061142734 0.005764637 0.0074901982 0.0015815433 0.0078820602 0.0095637791 0.0070997676 0.0052796191 0.0099670867 0.0079391707 0.0046718942 0.0099295871 0.0080684752 0.0075192603 0.0089353631 0.0066871008 0.010461217 0.0088210414 0.0105834621 0.0065814212 0.0047946105 0.0088659789 0.0121563678 0.0050379229 0.0026953706 0.0056213285 0.0061531305 0.0084913703 0.007559947 0.0050175321 0.012370303 0.0067475893 0.0131486557 0.0083153544 0.0032550945 0.0050167684 0.0051452381 0.0048379576 0.0095473455 0.009466843 0.0067401256 0.0036922259 0.0041920775 0.0139979571 0.0083558771 0.0084326794 0.007004931 0.0075889582 0.0169666167 0.0098474607 0.0068534494 0.0028411243 0.0057923026 0.0129058914 0.0113246254 0.0064351279 0.0022123648 0.0150832589 0.0038069886 0.0106028746 0.0068186096 0.0087448475 0.0142742567 0.0012126183 0.0110625881 0.0055388312 0.0058276687 0.0081314851 0.0085567285 0.010704716 0.0113038283 0.0054489389 0.0063955867 0.0074333084 0.0050819592 0.0048613443 0.0124185168 0.0112203614 0.0084858219 0.0087373088 0.0085101554 0.0071059576 0.0010466399 0.0064601204 0.0050048761 0.0035056492 0.0065611938 0.01116902 0.0058298429 0.0035700406 0.0133005676 0.0063831573 0.008234524 0.0093647658 0.0099965912 0.0077064936 0.003987519 0.004390556 
19 0.0047868231 0.0084467449 0.0083701881 0.0107172798 0.0129554856 0.0129151874 0.0057413908 0.0061825637 0.0071055859 0.0080718851 0.0067231082 0.008005494 0.0088032582 0.0063742133 0.0061314327 0.0030837757 0.0042207326 0.0067270901 0.007800845 0.0077469347 0.014024444 0.0124146627 0.0073016576 0.0111446015 0.0089259641 0.0068641113 0.0011482785 0.0095845505 0.0058099549 0.0058011728 0.0067952927 0.0089902364 0.008399281 0.0092649052 0.0153188152 0.0064336089 0.0044840139 0.0023861684 0.0083500249 0.00962012 0.0087073359 0.0079176609 0.0109582842 0.0050029469 0.0086422971 0.0082488485 0.005926152 0.0075297103 0.0135505491 0.0072689829 0.0091803577 0.0075262293 0.0041338985 0.0125913048 0.0046840202 0.0052882409 0.0047757887 0.0052932912 0.0043674477 0.006890625 0.0067148062 0.0069797502 0.0117398066 0.0046990302 0.007202418 0.0087405612 0.0056308938 0.0069455363 0.0087889689 0.0059180225 0.0074782953 0.0078264495 0.0176740064 0.0080734363 0.0081863555 0.0069591676 0.0053629295 0.0104212534 0.0071442182 0.0048496428 0.0084084383 0.0123390203 0.0047489264 0.0116746698 0.0038535342 0.0094970713 0.008382717 0.0071445886 0.0114784546 0.0053229867 0.0067519926 0.003644596 0.0099024809 0.0074041753 0.0042890652 0.0078764439 0.0099271977 0.0045390421 0.0071313475 0.0054883978 0.0110041999 0.009813763 0.0066178127 0.0098757771 0.0080851921 0.008108432 0.0032669646 0.0066921128 0.0060695846 0.0066203773 0.0091054481 0.0080201919 0.0050402541 0.0102547402 0.0100120812 0.0059126524 0.0083827647 0.004751677 0.0068015752 0.0101598446 0.0059134153 0.0146031026 0.0132854249 0.0123172583 0.0062196584 0.0079542873 0.0094202935 0.0060945644 
20 0.0061886333 0.012311893 0.0128077735 0.0053557058 0.0069046006 0.0045177216 0.0040586481 0.007817234 0.0062153197 0.0066366035 0.0039551171 0.003722153 0.0053060137 0.0085229852 0.0051143633 0.012439495 0.0111662103 0.0085833501 0.0077469347 0.0075452412 0.0173631231 0.005118611 0.0087742575 0.0088726779 0.0102584299 0.0112418502 0.0096907089 0.0079944317 0.0030868848 0.0068295422 0.0106402492 0.0095798593 0.0062388961 0.0049425966 0.0086772108 0.0076061309 0.0035944342 0.0089041468 0.0049439219 0.0081637209 0.0077834628 0.0076395647 0.0040144919 0.0102624771 0.0025714192 0.0155796047 0.0119954639 0.0054931664 0.0075390509 0.0071527193 0.0053690268 0.0059418734 0.0080769204 0.0059853608 0.0070831243 0.0078398221 0.0076975428 0.0058573708 0.0048545837 0.0048035215 0.0121759919 0.0055136249 0.0023205746 0.0076137469 0.0114595532 0.0087828138 0.0092955547 0.0101092854 0.0108298031 0.0096269917 0.004894706 0.004148495 0.0069303997 0.0039723536 0.0033412492 0.0052881784 0.0101841234 0.0092629827 0.011465145 0.0078946554 0.0064214814 0.0050505246 0.0076200663 0.005534285 0.0068966308 0.0131227372 0.0086861121 0.0059592717 0.0055613792 0.0082916971 0.0116152355 0.0074162941 0.0119917128 0.0036968465 0.0031355858 0.0092910974 0.0072779405 0.0102439275 0.0044275995 0.0129170585 0.009693989 0.0068741876 0.0081214523 0.0136272343 0.0022712118 0.0087552785 0.0151756003 0.0051041538 0.0077548247 0.0099076411 0.0047895724 0.0125368645 0.0052365985 0.0060075758 0.0101067428 0.0142421226 0.0067954903 0.0035116292 0.0063809526 0.005552499 0.0083988194 0.0101936711 0.009344888 0.0102635113 0.0096685187 0.0066759208 0.0115023692 0.0082607198 
21 0.0080400013 0.0049166586 0.0056077421 0.0046718967 0.0032517805 0.0115529369 0.0132686254 0.0072417093 0.0042584647 0.0081920024 0.0068233869 0.0082534154 0.0129213711 0.0060241315 0.0018427798 0.0048092967 0.0098186603 0.0073463816 0.014024444 0.0173631231 0.0141862162 0.0076337333 0.0133535511 0.0067396011 0.0105400177 0.0058415349 0.0102021358 0.0131563815 0.006017986 0.0064660983 0.009868171 0.0092045562 0.0080618823 0.0135635513 0.0079361757 0.007723066 0.0067755252 0.0051691342 0.0050048888 0.0135597411 0.0053211603 0.003700846 0.0052658314 0.0057486698 0.0067622829 0.0138444104 0.0092751402 0.0070864089 0.0094687884 0.0110388896 0.0116751269 0.0060694291 0.0067924604 0.0050074505 0.0067665421 0.0060310692 0.0151822741 0.0038950208 0.0068258387 0.0068253124 0.009178131 0.0098916852 0.002843159 0.0056248227 0.0066471154 0.0044618127 0.0100066151 0.009822465 0.0095554892 0.0161940776 0.0047237366 0.0089338709 0.0063373174 0.0074229393 0.0064119403 0.0056280782 0.0085496723 0.0043887168 0.0069651116 0.0077487645 0.0083936067 0.003542813 0.0084234159 0.006415348 0.0077900543 0.0093180544 0.0049257929 0.005232475 0.0050976659 0.0044940957 0.0040064074 0.003824099 0.0119639116 0.0081451991 0.0037086882 0.0040243354 0.0106804306 0.0059784116 0.0101231832 0.0043430982 0.0106951232 0.0097649754 0.0096268468 0.0037734402 0.0079314111 0.0090468267 0.0104901647 0.0071228194 0.0038857304 0.0045449798 0.0122987066 0.0069156618 0.0090720333 0.0068519423 0.0059172454 0.0041826271 0.0096132138 0.0085105357 0.008937126 0.0019766632 0.0119555685 0.0050478134 0.0075782179 0.0085922726 0.01231419 0.0072333456 0.0031092762 0.0174289278 
22 0.0057103268 0.0117534786 0.0044204169 0.0048444673 0.0075526952 0.005359194 0.0084861358 0.0045731388 0.001018647 0.0105360224 0.0103921454 0.0026698592 0.0040089963 0.005150169 0.0088048042 0.0092172139 0.0098467 0.004755588 0.0124146627 0.005118611 0.0076337333 0.0082633872 0.0058757283 0.0072020452 0.006696493 0.0046854743 0.0141778246 0.0019325087 0.0074606611 0.0063075586 0.0089426208 0.0051661496 0.0112771271 0.0124570485 0.008284152 0.0052975841 0.005124448 0.0090221109 0.0057422075 0.0105537913 0.0071864934 0.0087643408 0.0103392411 0.0069475842 0.007110742 0.0104828144 0.0069694317 0.0068776032 0.0040908847 0.0112658602 0.0048583868 0.0061239239 0.0045301206 0.0065083237 0.010057 0.0078300113 0.0074878163 0.0068347513 0.0155656292 0.0094638611 0.0074126516 0.0067052979 0.0078069049 0.0120816587 0.0075976923 0.0048590799 0.0085042518 0.0074555052 0.0094656659 0.0079336148 0.0049917532 0.0084049468 0.0056687054 0.0088947702 0.007457125 0.0099507802 0.0057241564 0.0064259239 0.0026993152 0.0083240463 0.0072399249 0.0109692172 0.0097215411 0.0072647646 0.0086870416 0.0064316337 0.0060896946 0.0103115191 0.0125714785 0.0123765032 0.0101238826 0.0109541 0.0105514101 0.0121609677 0.0081435773 0.0094915096 0.0059683315 0.0061627094 0.0078598054 0.0087140095 0.007282161 0.0101864444 0.0079936634 0.0064465328 0.0111401956 0.0087474947 0.0093165519 0.002213864 0.0121745604 0.0075665587 0.0082302308 0.0060716953 0.008607723 0.00771097 0.0048299274 0.005681149 0.010670264 0.0067230532 0.011377856 0.0088171341 0.0068232596 0.0104630755 0.0073585448 0.0061247085 0.0064467607 0.0066341209 0.0068636873 0.0093095995 
23 0.0071256494 0.0077578679 0.0063342198 0.0109781146 0.0100345723 0.0085769283 0.0062688951 0.0098747831 0.0079582963 0.0068471373 0.0115060719 0.0057508695 0.0039130436 0.003645432 0.0057932232 0.0061689753 0.0106876077 0.0115284692 0.0073016576 0.0087742575 0.0133535511 0.0058757283 0.0101570208 0.0089667946 0.0094753375 0.0085799318 0.0122108607 0.0079854966 0.005902544 0.0065527728 0.0098199514 0.0058351453 0.0063448992 0.0086521839 0.010165003 0.0084390779 0.0056442793 0.0093274669 0.0069564114 0.0042093292 0.0129053084 0.0060086329 0.0067341752 0.0087780217 0.0089274596 0.0061435323 0.0084363987 0.0047962906 0.0107017399 0.0089494189 0.0079598298 0.0077360569 0.0056283332 0.0040585481 0.0126184556 0.0088123687 0.0096331364 0.0073202188 0.0062601716 0.0059784122 0.0059217313 0.0068657821 0.0108514551 0.0049666513 0.0040532554 0.0132143176 0.0074766475 0.0074216902 0.0111309171 0.0077612293 0.007441909 0.00734584 0.0100157527 0.0093087826 0.0033555994 0.0059058546 0.0066310154 0.0082012557 0.0057458529 0.0105387755 0.0073983651 0.0073111972 0.0086971478 0.0092938586 0.0132092871 0.0036013905 0.0027047531 0.0065405357 0.0130782426 0.0096270337 0.005749026 0.0045174271 0.0040206714 0.0113354547 0.0073243282 0.0100236709 0.0077515184 0.0088904666 0.0108241462 0.0050879918 0.0150787057 0.0121365744 0.0140570486 0.0100280197 0.003971147 0.0104479365 0.0023149729 0.0118266938 0.0064382619 0.0068112905 0.0033095219 0.0037900807 0.0061931234 0.0045643118 0.0103290791 0.0066712409 0.0048148865 0.0106669302 0.0067525634 0.0072439906 0.0050845053 0.0047919985 0.0076192294 0.0104221805 0.0037983803 0.0045696188 0.0076862844 0.0077742293 
24 0.0085218319 0.0080535577 0.0068850571 0.0043525787 0.0098340134 0.0082709286 0.0053087663 0.0089901312 0.0081834621 0.005035856 0.013310219 0.0086682276 0.0106773641 0.0135771975 0.0110475375 0.0066627526 0.0105759788 0.006046316 0.0111446015 0.0088726779 0.0067396011 0.0072020452 0.0089667946 0.0137837322 0.0074762214 0.0073001807 0.0085339206 0.0040038303 0.016726203 0.008488292 0.0092165997 0.0030692881 0.0053564134 0.0113939075 0.0090157207 0.0056653105 0.0068737216 0.0092499847 0.0084173158 0.008361949 0.0065197048 0.0048432058 0.0081469353 0.0047555972 0.0087005243 0.0057056881 0.0108540114 0.0129864577 0.0085894854 0.0032394937 0.0131626615 0.0090766296 0.0083494768 0.0092681828 0.0091294228 0.0094033509 0.0104107427 0.0046037142 0.0126374311 0.0114946249 0.0061905355 0.0072292533 0.0040778381 0.0097455559 0.005144128 0.0073359408 0.0162022987 0.004068581 0.0056403675 0.0085561806 0.0065420067 0.0032575006 0.0035380938 0.0085267032 0.0048187125 0.0029585788 0.0069415493 0.0103336149 0.0099887663 0.008464548 0.0042765416 0.0075268053 0.0097006423 0.0042084151 0.0133995316 0.0091179581 0.0070832879 0.0043360551 0.0049465826 0.0047751223 0.004846618 0.0111322068 0.0062815897 0.0056191065 0.0031912994 0.007909063 0.003975848 0.0052131827 0.0102811344 0.0095936468 0.0062523185 0.0057281579 0.0076764373 0.006148679 0.0079184228 0.0108319745 0.0058308576 0.00628563 0.0022072905 0.0109079598 0.0119928267 0.0122267376 0.0056305271 0.0052791099 0.0091945305 0.0085947229 0.0082258825 0.0059357118 0.0043953987 0.0056241336 0.0061375373 0.0127425588 0.0075314843 0.0042662687 0.008648829 0.0073874047 0.0085869426 0.0090988463 
