15
1 0.0 0.0878616569 0.0528503792 0.1262440048 0.0558855011 0.0084749443 0.0561774145 0.0859467248 0.051136685 0.0876894177 0.0815283357 0.0900847879 0.067586171 0.1326131176 0.0159208593
2 0.0878616569 0.0 0.0837917429 0.0831754028 0.0582369234 0.0626518272 0.0314475823 0.068919236 0.1294894816 0.0273304709 0.1150778124 0.0882152855 0.0600135038 0.0700270287 0.0337620454
3 0.0528503792 0.0837917429 0.0 0.055984043 0.0940422051 0.0870229896 0.0659819602 0.0700467126 0.057524956 0.0622431188 0.0882349218 0.0598301674 0.0726184033 0.0677988796 0.0820295206
4 0.1262440048 0.0831754028 0.055984043 0.0 0.0847206344 0.0798290144 0.0447636151 0.0481081108 0.0595026515 0.0768476135 0.0530151554 0.0121850933 0.0675197789 0.1021575293 0.1059473529
5 0.0558855011 0.0582369234 0.0940422051 0.0847206344 0.0 0.0526972322 0.0958065355 0.0539323633 0.0410060762 0.0488499371 0.0857012506 0.1371899318 0.0976194989 0.0277607136 0.0665511966
6 0.0084749443 0.0626518272 0.0870229896 0.0798290144 0.0526972322 0.0 0.0846159918 0.0270617208 0.1588400156 0.0889114454 0.0070859532 0.1237043589 0.0772418417 0.0663136718 0.0755489933
7 0.0561774145 0.0314475823 0.0659819602 0.0447636151 0.0958065355 0.0846159918 0.0 0.1134549884 0.0989600062 0.0803550837 0.1119996741 0.0345619899 0.0585636217 0.0752815196 0.048030017
8 0.0859467248 0.068919236 0.0700467126 0.0481081108 0.0539323633 0.0270617208 0.1134549884 0.0 0.0303336813 0.1310799322 0.037866518 0.0423734956 0.110613871 0.0767062496 0.1035563959
9 0.051136685 0.1294894816 0.057524956 0.0595026515 0.0410060762 0.1588400156 0.0989600062 0.0303336813 0.0 0.0696334669 0.1080706002 0.0565465124 0.0670259762 0.0366000112 0.0353298796
10 0.0876894177 0.0273304709 0.0622431188 0.0768476135 0.0488499371 0.0889114454 0.0803550837 0.1310799322 0.0696334669 0.0 0.0852893427 0.039139134 0.0595060077 0.066538846 0.0765861834
11 0.0815283357 0.1150778124 0.0882349218 0.0530151554 0.0857012506 0.0070859532 0.1119996741 0.037866518 0.1080706002 0.0852893427 0.0 0.0477406539 0.0233942488 0.0692345251 0.0857610084
12 0.0900847879 0.0882152855 0.0598301674 0.0121850933 0.1371899318 0.1237043589 0.0345619899 0.0423734956 0.0565465124 0.039139134 0.0477406539 0.0 0.1116989524 0.0506953935 0.1060342438
13 0.067586171 0.0600135038 0.0726184033 0.0675197789 0.0976194989 0.0772418417 0.0585636217 0.110613871 0.0670259762 0.0595060077 0.0233942488 0.1116989524 0.0 0.0599641677 0.0666339568
14 0.1326131176 0.0700270287 0.0677988796 0.1021575293 0.0277607136 0.0663136718 0.0752815196 0.0767062496 0.0366000112 0.066538846 0.0692345251 0.0506953935 0.0599641677 0.0 0.0983083468
15 0.0159208593 0.0337620454 0.0820295206 0.1059473529 0.0665511966 0.0755489933 0.048030017 0.1035563959 0.0353298796 0.0765861834 0.0857610084 0.1060342438 0.0666339568 0.0983083468 0.0
