64
1 0.0099622764 0.0183129919 0.0071455406 0.0155009232 0.0128795604 0.0190817693 0.009371866 0.015437661 0.0227860888 0.0134601129 0.0130238587 0.0107845715 0.0230505394 0.0113311918 0.0051554776 0.0160310569 0.0060434723 0.0102756094 0.0239496424 0.0162937964 0.0203289178 0.0233023342 0.0214802947 0.0208062093 0.0088018977 0.0188268243 0.0009954343 0.0175978409 0.023502519 0.0196947531 0.0257525542 0.0109207303 0.026396806 0.0144048799 0.0141801792 0.011021532 0.0114622448 0.014636034 0.0175716831 0.020366478 0.0104992656 0.021333192 0.0166663978 0.024480018 0.010123153 0.0279207749 0.0149179101 0.0100989792 0.0239554766 0.0133991278 0.0104938981 0.0177817095 0.0150718629 0.0249450539 0.0166252506 0.0074298843 0.0215675743 0.009680946 0.0203182375 0.0256225909 0.0091498217 0.0107462871 0.0059137308 0.0093307035 
2 0.0183129919 0.0312471092 0.0178144521 0.0036258668 0.0277263356 0.0345236516 0.016620907 0.0153787095 0.0107850358 0.0232416335 0.0193110346 0.0118368827 0.0284198226 0.0130628854 0.0238862908 0.0183619765 0.0253543558 0.0149106069 0.0122202436 0.0075854403 0.0104676285 0.0165321595 0.0253240045 0.0147032666 0.0196697431 0.0081328366 0.023657606 0.0279021087 0.0180474487 0.0129525409 0.0240761415 0.0175327553 0.0146311548 0.0090620276 0.0134826927 0.0102968505 0.0078272438 0.0103988271 0.0135283339 0.011061816 0.0119195612 0.0261274008 0.0115742871 0.0060036226 0.0085791301 0.0108576938 0.0100237415 0.0127617491 0.0235831319 0.0153833961 0.0162688436 0.0078064422 0.0159666879 0.0078873324 0.0199645454 0.0167833488 0.0092841961 0.0197188114 0.0232349885 0.0102267036 0.0018638402 0.0166555018 0.0091467968 0.0048648285 
3 0.0071455406 0.0178144521 0.0085451993 0.0159366266 0.0185740234 0.0294381348 0.0193101608 0.0169023391 0.0041770931 0.0039816219 0.036802963 0.0055235017 0.0141872327 0.0071832329 0.0098348125 0.004596058 0.0128289086 0.0137624086 0.0163178277 0.02819861 0.0111471384 0.01666444 0.0230789174 0.0231852764 0.0193585259 0.0116449312 0.0240079654 0.0233967549 0.0135579558 0.0152607247 0.0061995793 0.0046990447 0.0236832355 0.0159613428 0.0243306718 0.0147702401 0.0129198037 0.0175078425 0.0132846584 0.021241537 0.0185653731 0.0251992506 0.0098557253 0.0187905184 0.008292655 0.0086954303 0.0150481378 0.0209329063 0.0152161668 0.0178932984 0.0185299359 0.0168337716 0.0122342612 0.0162617701 0.0128643212 0.0166114564 0.0176211012 0.0189720108 0.0247149727 0.0004966914 0.0192498802 0.0202785415 0.0158739134 0.0040065775 
4 0.0155009232 0.0036258668 0.0159366266 0.0211210957 0.009872479 0.0131580254 0.0137207662 0.0138615036 0.0261233021 0.0147540147 0.0133865266 0.0070263168 0.024189165 0.0124368413 0.0174134335 0.005286157 0.0171769542 0.0084183033 0.0197918707 0.0177945507 0.0319004383 0.0312981441 0.0267122573 0.0105067617 0.0077701197 0.0113236777 0.0097626584 0.0202623304 0.0167211566 0.0069724743 0.0170058996 0.0201034595 0.0167242364 0.0146488003 0.0183797157 0.0070569743 0.0136880397 0.0045859811 0.0152604263 0.0069769171 0.0285032069 0.0168312398 0.025918153 0.0073504329 0.0196398795 0.0086854148 0.0182524182 0.0121798718 0.0153996551 0.0111720335 0.0163302694 0.02192042 0.0259410216 0.0143748945 0.0090890802 0.0066766395 0.0236453858 0.0122491818 0.0185953578 0.0086289204 0.0132153631 0.0220126455 0.0267502021 0.0183831219 
5 0.0128795604 0.0277263356 0.0185740234 0.009872479 0.0253271988 0.0140345281 0.0122640664 0.0074704274 0.0090025465 0.0126141767 0.0200955373 0.011083142 0.0106025675 0.0284148567 0.0207193968 0.0058390485 0.0191858444 0.0138473062 0.0110837973 0.0255343777 0.0127913709 0.0157552262 0.0143351686 0.0015400017 0.0174062545 0.0132148281 0.0211513422 0.0158531377 0.0271770445 0.0170028117 0.0081828464 0.0182963056 0.012808874 0.0109900195 0.0184076736 0.0209283147 0.0223391167 0.0172444757 0.0122109341 0.0040917392 0.0228388185 0.0103011075 0.0194306793 0.0057691011 0.0091948154 0.0093780956 0.0216511031 0.0060768163 0.0110772403 0.0253358537 0.0181877063 0.0179776652 0.0183485326 0.0116906075 0.021881741 0.0131421548 0.0143334521 0.0190757315 0.0165258125 0.018631793 0.0116950723 0.0196587735 0.0227704682 0.0171281565 
6 0.0190817693 0.0345236516 0.0294381348 0.0131580254 0.0140345281 0.0139967317 0.0129580953 0.0101689784 0.0191905975 0.0196558463 0.0123052217 0.0124050076 0.0162909535 0.0122086562 0.0090232121 0.0142947848 0.0252571001 0.0144446468 0.0106558957 0.0168210303 0.0270145608 0.0142403155 0.0211890693 0.0176683118 0.0253032595 0.0219698511 0.0239543977 0.0077073211 0.008527816 0.0090546628 0.017613246 0.010690408 0.0184883187 0.0210202905 0.021801141 0.0160123733 0.0054090284 0.0150013985 0.0331613813 0.018869678 0.0108683487 0.0173812262 0.0141245503 0.0136934284 0.0169555661 0.0181353216 0.0193496753 0.0213153923 0.0116544294 0.0091447165 0.0128391538 0.0141655593 0.0178475998 0.0022724716 0.0100860157 0.0212248199 0.004375327 0.0068613928 0.015337541 0.0141606557 0.00959071 0.0069106788 0.0179401299 0.0091555935 
7 0.009371866 0.016620907 0.0193101608 0.0137207662 0.0122640664 0.0129580953 0.010553811 0.0253581159 0.0132264241 0.0163971736 0.0139207144 0.0106746533 0.0104790628 0.025307176 0.012178951 0.0140787644 0.020844067 0.0115301016 0.0264141041 0.0116059054 0.0112250456 0.0072065619 0.0125477473 0.0174180884 0.0125659845 0.0223886451 0.0094385883 0.0211593382 0.0175536589 0.0094823977 0.0226678774 0.0116847307 0.0149631745 0.0155440458 0.0113557509 0.0208201965 0.0083289135 0.0149775899 0.0226769344 0.01655575 0.014973228 0.012626171 0.0195274081 0.0200959099 0.0188566218 0.0138969439 0.0188632912 0.0228781669 0.0223484293 0.0170528157 0.0125305423 0.0253104518 0.0128643365 0.0109510877 0.00485823 0.019522332 0.0109018454 0.0160976486 0.0210073501 0.0176440113 0.0126053865 0.0225663244 0.0096186912 0.0150268706 
8 0.015437661 0.0153787095 0.0169023391 0.0138615036 0.0074704274 0.0101689784 0.0253581159 0.0210007518 0.0092755397 0.0143204436 0.0242005249 0.0183366114 0.0173163989 0.0209098429 0.0117602877 0.0125622143 0.0128539967 0.0216061156 0.02530847 0.0141912716 0.0130478456 0.0188159494 0.0169959873 0.0143244365 0.0133070195 0.0225920362 0.015795537 0.0233973163 0.0132742235 0.0153261147 0.0082067413 0.011554907 0.0154128808 0.0137848142 0.0086598615 0.0241021929 0.0109353135 0.0164075613 0.0249925059 0.0128124872 0.0115147454 0.0181280807 0.0158425197 0.013802147 0.0130893781 0.0186862664 0.0191484929 0.0115075649 0.0305052636 0.0153713919 0.0186314398 0.008840867 0.0092232108 0.0057163288 0.0151445429 0.0070099876 0.0095472053 0.0114952535 0.0208824931 0.0274326539 0.0214513464 0.0122159367 0.0116847429 0.0111622053 
9 0.0227860888 0.0107850358 0.0041770931 0.0261233021 0.0090025465 0.0191905975 0.0132264241 0.0092755397 0.030509547 0.0171897719 0.0098702546 0.0140982941 0.0201167103 0.0144395594 0.0147558856 0.0170993777 0.0152596765 0.0186147567 0.0178560933 0.0228033174 0.0182372875 0.0128442287 0.0256590126 0.0173542167 0.0124521998 0.0121534224 0.0193153246 0.008782762 0.0129504547 0.0152932019 0.014134295 0.0093474891 0.0237353623 0.02354697 0.0251431735 0.0099626082 0.0119879972 0.014165543 0.0153828702 0.0182038731 0.0150494327 0.016554025 0.015773486 0.0100076694 0.0256068121 0.0139256663 0.0222614451 0.0125916375 0.0119906844 0.0202656607 0.0097953301 0.0192579416 0.0186342382 0.0095666989 0.0129738192 0.0142405692 0.0197405228 0.0167577527 0.0126872245 0.0109010766 0.0053316718 0.006162283 0.0087141456 0.0233780421 
10 0.0134601129 0.0232416335 0.0039816219 0.0147540147 0.0126141767 0.0196558463 0.0163971736 0.0143204436 0.0171897719 0.0292469852 0.0211259317 0.011896525 0.0084579723 0.0091104784 0.0144684193 0.017948219 0.0201136055 0.0154933222 0.0210333945 0.0003580279 0.016037749 0.0173898835 0.0063343643 0.0098992106 0.0192092722 0.0088623669 0.0188351356 0.0214663951 0.0148359059 0.0175599123 0.0047600948 0.017697989 0.0262397539 0.013455935 0.0153054323 0.0215760634 0.0127159236 0.0145951337 0.0056160162 0.0107194827 0.0162239805 0.0331701222 0.0148445744 0.0212016367 0.0197489525 0.0066466391 0.0201898522 0.0185842632 0.0248286142 0.0189662899 0.0195198113 0.010844821 0.0176718654 0.014244769 0.003331856 0.0143967765 0.0141617031 0.0168173267 0.0219006672 0.0274302368 0.0158624906 0.012692913 0.0125265664 0.0062135761 
11 0.0130238587 0.0193110346 0.036802963 0.0133865266 0.0200955373 0.0123052217 0.0139207144 0.0242005249 0.0098702546 0.0211259317 0.0068273048 0.0242234378 0.0079179469 0.0198086831 0.014078464 0.0188378514 0.0117785307 0.0244825891 0.0048823667 0.0122697239 0.0114272571 0.0104847983 0.0140589045 0.0144269467 0.0059577985 0.014958961 0.0170267963 0.0125658378 0.0123157715 0.0133617156 0.0070902506 0.0175970596 0.0214852509 0.0141289105 0.0168568207 0.022100708 0.0114413382 0.0334389906 0.0190623376 0.015255558 0.0211577514 0.0228133814 0.0116869493 0.023699642 0.0133040045 0.012461582 0.0112676928 0.0035008225 0.0189502157 0.0250628333 0.0111390652 0.0112341808 0.0109645158 0.0330265987 0.0098065224 0.0112952184 0.012329349 0.0086175924 0.0115661157 0.0116753784 0.0261345884 0.0196753504 0.0118106515 0.0126285198 
12 0.0107845715 0.0118368827 0.0055235017 0.0070263168 0.011083142 0.0124050076 0.0106746533 0.0183366114 0.0140982941 0.011896525 0.0242234378 0.0208261842 0.0179114456 0.0126331245 0.0143923466 0.019026199 0.0267850136 0.0197185625 0.0102357198 0.0073191969 0.0169225105 0.012219484 0.0141948456 0.0090645397 0.023166213 0.0146578442 0.0126064969 0.0166840816 0.0282188838 0.0171628302 0.0158785743 0.0238041572 0.0032963462 0.0161659488 0.0114164707 0.0195336711 0.0173408319 0.0147478481 0.0152346264 0.0154080055 0.0163649095 0.0175310166 0.0106646175 0.0177586852 0.0139970521 0.0202384934 0.0220636256 0.0167303037 0.0055826913 0.0164695048 0.0044890538 0.0157759635 0.0178324339 0.0163687968 0.0092703106 0.0221809458 0.0166970387 0.0216097332 0.0127175538 0.0141425832 0.0208308945 0.0312555127 0.0108545687 0.0241127651 
13 0.0230505394 0.0284198226 0.0141872327 0.024189165 0.0106025675 0.0162909535 0.0104790628 0.0173163989 0.0201167103 0.0084579723 0.0079179469 0.0179114456 0.0009933828 0.0083284106 0.0190025747 0.0159829528 0.0306884499 0.024230541 0.0293179303 0.0140856226 0.0169118955 0.0094729756 0.014388513 0.0170306299 0.019381567 0.0132404533 0.0157673101 0.0135519084 0.0111222547 0.0198488846 0.0034140499 0.0307431732 0.016554796 0.0104644223 0.0109005987 0.0134277219 0.0279322462 0.015248736 0.0204521928 0.0150927544 0.0162552127 0.0264330477 0.0158145271 0.0169629897 0.0136090599 0.0146335246 0.015732105 0.0106728899 0.01137095 0.0082478069 0.0199369922 0.0152261438 0.0213043559 0.0061497698 0.0115358205 0.0131742795 0.01633705 0.015288782 0.0108558234 0.0180947422 0.0120000367 0.0043687341 0.0129479502 0.0165306407 
14 0.0113311918 0.0130628854 0.0071832329 0.0124368413 0.0284148567 0.0122086562 0.025307176 0.0209098429 0.0144395594 0.0091104784 0.0198086831 0.0126331245 0.0083284106 0.0219756675 0.0140739253 0.0143359843 0.010727945 0.0188175207 0.0078643807 0.0172365167 0.0289446769 0.0193641413 0.0163816462 0.0132518918 0.0150213349 0.0237560137 0.0151092483 0.0208556407 0.0213405976 0.0273715799 0.0214713212 0.0158481607 0.0207089958 0.0157164192 0.0098634347 0.0110848883 0.0144967292 0.0185092138 0.0132047312 0.0072843655 0.0158525518 0.0120956615 0.0144213734 0.0135243122 0.010580799 0.0142213292 0.0054367066 0.0172750144 0.0174420384 0.0182997791 0.0164260385 0.0144881908 0.0209607451 0.0214827314 0.0135054523 0.014017369 0.0048567776 0.0117246434 0.0104675404 0.013219393 0.0210607847 0.009245446 0.019793149 0.0198102628 
15 0.0051554776 0.0238862908 0.0098348125 0.0174134335 0.0207193968 0.0090232121 0.012178951 0.0117602877 0.0147558856 0.0144684193 0.014078464 0.0143923466 0.0190025747 0.0140739253 0.028998913 0.0269852559 0.0104299634 0.0138410003 0.0079443612 0.0102399105 0.0151654076 0.0114098185 0.0269517916 0.0253846223 0.0182829168 0.0171286648 0.0070854966 0.0063293288 0.0112740678 0.0154928261 0.0040283834 0.0160641433 0.0179381636 0.0160288835 0.026077983 0.0137587978 0.0087279919 0.020471575 0.0175577753 0.0111750753 0.0182346191 0.024050103 0.0203167374 0.0048986372 0.0214233527 0.0077681264 0.0228731747 0.0137399008 0.0181766318 0.0183226989 0.0207617326 0.0040805546 0.0096508757 0.0175613108 0.0086756323 0.0128191408 0.0167043922 0.007932028 0.0203352369 0.0119284241 0.0361333949 0.0287186469 0.009221674 0.0201563797 
16 0.0160310569 0.0183619765 0.004596058 0.005286157 0.0058390485 0.0142947848 0.0140787644 0.0125622143 0.0170993777 0.017948219 0.0188378514 0.019026199 0.0159829528 0.0143359843 0.0269852559 0.0491211129 0.0228623325 0.0180195824 0.0140978705 0.0162284596 0.0115194527 0.0153031699 0.0108547721 0.0134945115 0.017078321 0.0093224066 0.0226086901 0.0139347774 0.0195013619 0.0081897936 0.0201887186 0.0197178833 0.0025897322 0.0179368837 0.021237393 0.0184802296 0.0091145832 0.0100987939 0.0155391023 0.0095121267 0.0060069108 0.0150906969 0.0204212428 0.0234877136 0.0076822508 0.0100936078 0.0204370355 0.0101872654 0.0119080531 0.0113860807 0.0113895559 0.0200391962 0.0142949072 0.0319563403 0.0182953269 0.01054354 0.0109609297 0.0230178204 0.0224814233 0.0149079312 0.0159802159 0.0202081087 0.0129297031 0.0084761821 
17 0.0060434723 0.0253543558 0.0128289086 0.0171769542 0.0191858444 0.0252571001 0.020844067 0.0128539967 0.0152596765 0.0201136055 0.0117785307 0.0267850136 0.0306884499 0.010727945 0.0104299634 0.0228623325 0.0125465838 0.0233786969 0.016146197 0.0125639249 0.0152835293 0.0230464551 0.0119046569 0.019644553 0.0139919634 0.0124688503 0.0121079766 0.0178882164 0.0089574679 0.0172709346 0.009954803 0.0076462217 0.0191736422 0.0169408065 0.0152173317 0.0092058051 0.0061173822 0.0189738507 0.0179408089 0.0125159269 0.0105765201 0.0140966817 0.0156868496 0.0097818691 0.0098890157 0.0177621377 0.0175480593 0.017007986 0.0130999107 0.0111933182 0.017636875 0.0224558241 0.0169358466 0.0145679869 0.0218461079 0.0166899789 0.007841848 0.0271271514 0.0123641605 0.0124659681 0.0172163878 0.0102144251 0.008757014 0.0181612767 
18 0.0102756094 0.0149106069 0.0137624086 0.0084183033 0.0138473062 0.0144446468 0.0115301016 0.0216061156 0.0186147567 0.0154933222 0.0244825891 0.0197185625 0.024230541 0.0188175207 0.0138410003 0.0180195824 0.0233786969 0.0125777812 0.00872238 0.007847975 0.0063781206 0.017023777 0.0062414145 0.0126914682 0.0132378669 0.0320928317 0.0171482404 0.0162707019 0.0264802226 0.0119071698 0.0086019117 0.0199187298 0.0106307115 0.0197400445 0.0112412132 0.0231160028 0.013810788 0.0161577301 0.021078796 0.0124986376 0.0197259549 0.0187218076 0.0059932136 0.0167326795 0.0098322807 0.0164362432 0.0133287977 0.0127614439 0.020275848 0.0093703933 0.0153438505 0.017324155 0.0067297468 0.017304568 0.0144741104 0.0137615153 0.0159855676 0.0153905929 0.0164358039 0.0298400598 0.0129638504 0.00782737 0.0167674144 0.0258665472 
19 0.0239496424 0.0122202436 0.0163178277 0.0197918707 0.0110837973 0.0106558957 0.0264141041 0.02530847 0.0178560933 0.0210333945 0.0048823667 0.0102357198 0.0293179303 0.0078643807 0.0079443612 0.0140978705 0.016146197 0.00872238 0.0102250715 0.0244944074 0.0117303931 0.0216555521 0.0111788609 0.0067346026 0.0107526934 0.0254697183 0.0181711919 0.0126544499 0.0154422861 0.0143764124 0.0211833422 0.0338619099 0.020078549 0.0221997873 0.0181861703 0.0110012434 0.0133678727 0.003401719 0.0149119923 0.0097305576 0.0088502191 0.0061934537 0.0124293916 0.0181046125 0.0162027569 0.0128356792 0.0210342674 0.0121775719 0.0150491443 0.0028598543 0.0213162027 0.0214668949 0.0249966295 0.0169609775 0.0159307477 0.0062300652 0.0127977455 0.0214844403 0.0118618786 0.0245195515 0.0084327642 0.0053204197 0.0278803449 0.0204130579 
20 0.0162937964 0.0075854403 0.02819861 0.0177945507 0.0255343777 0.0168210303 0.0116059054 0.0141912716 0.0228033174 0.0003580279 0.0122697239 0.0073191969 0.0140856226 0.0172365167 0.0102399105 0.0162284596 0.0125639249 0.007847975 0.0244944074 0.012936105 0.0163990643 0.0105174481 0.0102621129 0.0162514611 0.0145104169 0.0137946455 0.0235144524 0.0116951898 0.0100080786 0.005581529 0.0085490146 0.0143469895 0.0102825121 0.0167240477 0.0202068755 0.0276183665 0.0183694303 0.020007801 0.017093435 0.0128815098 0.0064811502 0.0210763541 0.0161470435 0.0299012149 0.0189112392 0.0094876237 0.0153054074 0.0289404022 0.0200955788 0.014281555 0.0202722207 0.010605012 0.0096984797 0.0202097247 0.017649781 0.012928797 0.0194809371 0.0078692076 0.0221796811 0.0116020185 0.0149235907 0.0214108246 0.0226988667 0.0128207389 
21 0.0203289178 0.0104676285 0.0111471384 0.0319004383 0.0127913709 0.0270145608 0.0112250456 0.0130478456 0.0182372875 0.016037749 0.0114272571 0.0169225105 0.0169118955 0.0289446769 0.0151654076 0.0115194527 0.0152835293 0.0063781206 0.0117303931 0.0163990643 0.0015955558 0.0124015102 0.0102374376 0.0313204171 0.0198324188 0.0168236462 0.0161116253 0.0153296912 0.0102686465 0.0283109963 0.012306747 0.0167218148 0.0143306765 0.0184386964 0.007678318 0.0159791371 0.0391448585 0.0252610081 0.0111081701 0.0181169151 0.0169849057 0.0144027155 0.0042290518 0.0237657756 0.006132289 0.0222397591 0.0177396364 0.0152738022 0.0100148527 0.0153261309 0.0103125312 0.0123570707 0.0108357331 0.0102122904 0.0140772803 0.0107726092 0.0107289124 0.0161193975 0.0155979983 0.0124882312 0.0187246103 0.0104145317 0.0145202233 0.0225310846 
22 0.0233023342 0.0165321595 0.01666444 0.0312981441 0.0157552262 0.0142403155 0.0072065619 0.0188159494 0.0128442287 0.0173898835 0.0104847983 0.012219484 0.0094729756 0.0193641413 0.0114098185 0.0153031699 0.0230464551 0.017023777 0.0216555521 0.0105174481 0.0124015102 0.0279757594 0.0172076352 0.0182766281 0.0145131213 0.0073212073 0.0115134206 0.0114270347 0.0156392454 0.0104916581 0.0072102877 0.0133547164 0.0196297503 0.0202175468 0.0148980377 0.0236648261 0.0160269043 0.0082241377 0.0248303974 0.0228266797 0.0191800156 0.0113488049 0.0201229612 0.0130156437 0.0210752466 0.0135521298 0.0165048958 0.0194701715 0.0085908927 0.0122299325 0.0124849431 0.0131264631 0.0205283632 0.0231142157 0.0171374445 0.0075396077 0.0162268203 0.0061186613 0.0078603389 0.0165869187 0.0210161593 0.0144580778 0.0115002521 0.0150136722 
23 0.0214802947 0.0253240045 0.0230789174 0.0267122573 0.0143351686 0.0211890693 0.0125477473 0.0169959873 0.0256590126 0.0063343643 0.0140589045 0.0141948456 0.014388513 0.0163816462 0.0269517916 0.0108547721 0.0119046569 0.0062414145 0.0111788609 0.0102621129 0.0102374376 0.0172076352 0.0051813429 0.0101675604 0.0192660326 0.0123346116 0.0163349317 0.0122823221 0.009027084 0.0149256772 0.0176268811 0.0336680631 0.0068629941 0.024796657 0.0187995761 0.0123691363 0.0082052967 0.0099125167 0.0241499135 0.009978424 0.0125099917 0.0187361376 0.0130978244 0.0121964903 0.014553574 0.0080450873 0.0160395916 0.0149976248 0.0248118046 0.0185424155 0.0174235706 0.0183502641 0.021642283 0.006178014 0.0129325995 0.0177285433 0.0326632374 0.021237322 0.0090537161 0.0167369761 0.0081194891 0.0177050031 0.0098675684 0.0134224363 
24 0.0208062093 0.0147032666 0.0231852764 0.0105067617 0.0015400017 0.0176683118 0.0174180884 0.0143244365 0.0173542167 0.0098992106 0.0144269467 0.0090645397 0.0170306299 0.0132518918 0.0253846223 0.0134945115 0.019644553 0.0126914682 0.0067346026 0.0162514611 0.0313204171 0.0182766281 0.0101675604 0.0223688626 0.0108694852 0.0171523793 0.0078620889 0.0195321751 0.0143874079 0.0310035827 0.0132871415 0.0105934541 0.0136031177 0.0129220997 0.009800519 0.0059562243 0.0176616528 0.0311644271 0.0104104794 0.0210240019 0.0159297015 0.0207461449 0.0143337423 0.0306909259 0.0236491162 0.0125666297 0.0125274963 0.0157586727 0.0051141926 0.0182450066 0.0085085207 0.0095166844 0.0124599371 0.0105734412 0.0243075953 0.0135126223 0.0177758346 0.0331414129 0.0139918418 0.021923342 0.0103670088 0.0086348305 0.0068692505 0.0141113377 
25 0.0088018977 0.0196697431 0.0193585259 0.0077701197 0.0174062545 0.0253032595 0.0125659845 0.0133070195 0.0124521998 0.0192092722 0.0059577985 0.023166213 0.019381567 0.0150213349 0.0182829168 0.017078321 0.0139919634 0.0132378669 0.0107526934 0.0145104169 0.0198324188 0.0145131213 0.0192660326 0.0108694852 0.007716497 0.0095723692 0.0019881008 0.0282855164 0.00885484 0.0051345875 0.0117040784 0.0134570628 0.0109779128 0.0170075942 0.0171255219 0.0144394148 0.0102253525 0.0321142617 0.020263676 0.0140444401 0.0197782184 0.0239283077 0.0189685022 0.0089483642 0.0064669362 0.043617784 0.006384729 0.0196986171 0.0226319813 0.0151808656 0.0033733904 0.0113537738 0.0184909418 0.014499712 0.0223688466 0.0271253231 0.0191399643 0.0140904249 0.0142423259 0.0149230599 0.0107454274 0.0143477343 0.0241322511 0.0109448663 
26 0.0188268243 0.0081328366 0.0116449312 0.0113236777 0.0132148281 0.0219698511 0.0223886451 0.0225920362 0.0121534224 0.0088623669 0.014958961 0.0146578442 0.0132404533 0.0237560137 0.0171286648 0.0093224066 0.0124688503 0.0320928317 0.0254697183 0.0137946455 0.0168236462 0.0073212073 0.0123346116 0.0171523793 0.0095723692 0.0109394696 0.0195205624 0.0230175458 0.0133674159 0.0248825246 0.02992021 0.0192427528 0.0240498076 0.0026676325 0.0102101772 0.0187778622 0.0257006715 0.0079269808 0.0149384114 0.0119558009 0.004851079 0.0141543274 0.0146063279 0.0131650241 0.0186982712 0.0249782247 0.0114004166 0.0116650839 0.02484675 0.0206588247 0.026181507 0.0068273965 0.0170936328 0.0137203459 0.0091153026 0.0109670271 0.0126062595 0.0142320142 0.0146436536 0.009734985 0.0153052473 0.0105710554 0.0137698404 0.0178855554 
27 0.0009954343 0.023657606 0.0240079654 0.0097626584 0.0211513422 0.0239543977 0.0094385883 0.015795537 0.0193153246 0.0188351356 0.0170267963 0.0126064969 0.0157673101 0.0151092483 0.0070854966 0.0226086901 0.0121079766 0.0171482404 0.0181711919 0.0235144524 0.0161116253 0.0115134206 0.0163349317 0.0078620889 0.0019881008 0.0195205624 0.0283583217 0.006287373 0.0181915953 0.0130177674 0.0067515821 0.0302251642 0.0170604017 0.0253359532 0.0106819561 0.012785262 0.0131717276 0.0105189543 0.014353141 0.0099117175 0.0117876907 0.0136479231 0.0174884055 0.0306406354 0.0176296983 0.0210294387 0.0138784531 0.0131238248 0.0203375461 0.0078251894 0.0228918292 0.0177490164 0.0100008011 0.006894848 0.0234435392 0.0148731853 0.0161255489 0.0234140209 0.0154061461 0.01376988 0.0181242826 0.0078587984 0.0123345679 0.0116831951 
28 0.0175978409 0.0279021087 0.0233967549 0.0202623304 0.0158531377 0.0077073211 0.0211593382 0.0233973163 0.008782762 0.0214663951 0.0125658378 0.0166840816 0.0135519084 0.0208556407 0.0063293288 0.0139347774 0.0178882164 0.0162707019 0.0126544499 0.0116951898 0.0153296912 0.0114270347 0.0122823221 0.0195321751 0.0282855164 0.0230175458 0.006287373 0.0049578606 0.0140265364 0.0128792555 0.0111288205 0.0197808251 0.0151773439 0.0160163356 0.0111047354 0.0202691591 0.01522852 0.0097974155 0.0143117626 0.0066190256 0.0231781365 0.004247631 0.0260198218 0.0099610249 0.012394049 0.0229402745 0.0250230646 0.0124806497 0.0243024414 0.0177096967 0.018365778 0.0139919976 0.0115792706 0.0184970727 0.0222717246 0.0165884785 0.0087587614 0.0223773901 0.0037116173 0.0132801343 0.0088239783 0.0116338827 0.0108526653 0.0235957665 
29 0.023502519 0.0180474487 0.0135579558 0.0167211566 0.0271770445 0.008527816 0.0175536589 0.0132742235 0.0129504547 0.0148359059 0.0123157715 0.0282188838 0.0111222547 0.0213405976 0.0112740678 0.0195013619 0.0089574679 0.0264802226 0.0154422861 0.0100080786 0.0102686465 0.0156392454 0.009027084 0.0143874079 0.00885484 0.0133674159 0.0181915953 0.0140265364 0.0036881706 0.0178809306 0.0083753972 0.0187133015 0.0092578058 0.0240054388 0.010263878 0.0128146241 0.0231500968 0.0083714861 0.0191354653 0.0177668506 0.0241909922 0.008983964 0.0100186307 0.0139147559 0.0224904738 0.0176255394 0.0216917055 0.011700006 0.0149086828 0.0146614198 0.0205415061 0.0087967012 0.0130909781 0.0132082037 0.0314035843 0.0085813951 0.0117497076 0.0155423975 0.0325477673 0.0071442825 0.0118041288 0.0143674313 0.0152866049 0.0277537483 
30 0.0196947531 0.0129525409 0.0152607247 0.0069724743 0.0170028117 0.0090546628 0.0094823977 0.0153261147 0.0152932019 0.0175599123 0.0133617156 0.0171628302 0.0198488846 0.0273715799 0.0154928261 0.0081897936 0.0172709346 0.0119071698 0.0143764124 0.005581529 0.0283109963 0.0104916581 0.0149256772 0.0310035827 0.0051345875 0.0248825246 0.0130177674 0.0128792555 0.0178809306 0.0249894111 0.0162111199 0.0175031234 0.0151889692 0.0098879974 0.0138794278 0.0150494278 0.0108150624 0.012640051 0.0057142584 0.0214239314 0.0132574217 0.0164169775 0.0168404627 0.0106700322 0.0123849601 0.0206121523 0.0125910137 0.0119372032 0.0242878574 0.0241173947 0.0213538258 0.0166041262 0.0075773955 0.0230121421 0.0107867074 0.0244139732 0.0034947501 0.0112382771 0.0188299674 0.0106395932 0.0241729408 0.0304806541 0.0122806251 0.0110065171 
31 0.0257525542 0.0240761415 0.0061995793 0.0170058996 0.0081828464 0.017613246 0.0226678774 0.0082067413 0.014134295 0.0047600948 0.0070902506 0.0158785743 0.0034140499 0.0214713212 0.0040283834 0.0201887186 0.009954803 0.0086019117 0.0211833422 0.0085490146 0.012306747 0.0072102877 0.0176268811 0.0132871415 0.0117040784 0.02992021 0.0067515821 0.0111288205 0.0083753972 0.0162111199 0.017749353 0.0177478399 0.0174448762 0.0145981798 0.020477298 0.0070875601 0.0222005289 0.0180942089 0.0157799598 0.0180764374 0.0028048427 0.0083423616 0.0193004333 0.020761899 0.0196447385 0.015111343 0.0165492926 0.0283167242 0.0079447265 0.0091069269 0.0270486368 0.0298584707 0.014625526 0.0180441736 0.0245287361 0.0232254804 0.0201219645 0.0210071214 0.0074230094 0.021337288 0.0280039186 0.014529807 0.0173163654 0.0123080614 
32 0.0109207303 0.0175327553 0.0046990447 0.0201034595 0.0182963056 0.010690408 0.0116847307 0.011554907 0.0093474891 0.017697989 0.0175970596 0.0238041572 0.0307431732 0.0158481607 0.0160641433 0.0197178833 0.0076462217 0.0199187298 0.0338619099 0.0143469895 0.0167218148 0.0133547164 0.0336680631 0.0105934541 0.0134570628 0.0192427528 0.0302251642 0.0197808251 0.0187133015 0.0175031234 0.0177478399 0.0090570849 0.0307444336 0.0101948173 0.0220372809 0.0105500614 0.0086911568 0.0098991036 0.0211209138 0.0129981181 0.0173199577 0.0038684548 0.0194915656 0.0078690671 0.0053309252 0.0119220889 0.0084097351 0.0138294386 0.0204543598 0.0054637642 0.0183217097 0.0083221583 0.0142045325 0.0284000777 0.0178783432 0.0089305787 0.0031818601 0.020274369 0.0175503053 0.0161229781 0.0113366881 0.0226022949 0.0118844664 0.0086529456 
33 0.026396806 0.0146311548 0.0236832355 0.0167242364 0.012808874 0.0184883187 0.0149631745 0.0154128808 0.0237353623 0.0262397539 0.0214852509 0.0032963462 0.016554796 0.0207089958 0.0179381636 0.0025897322 0.0191736422 0.0106307115 0.020078549 0.0102825121 0.0143306765 0.0196297503 0.0068629941 0.0136031177 0.0109779128 0.0240498076 0.0170604017 0.0151773439 0.0092578058 0.0151889692 0.0174448762 0.0307444336 0.0194960619 0.0189037915 0.0130376648 0.0136827383 0.0110431429 0.0135474617 0.0082073159 0.0175421509 0.0130815584 0.0117666062 0.0130128764 0.0104336023 0.0069937042 0.0065052181 0.005048805 0.0224982024 0.008412374 0.0101939357 0.0109741245 0.0162653057 0.0210809772 0.0177688884 0.0075961265 0.0142295029 0.0303929129 0.0248360441 0.0124909788 0.0198255579 0.0244711015 0.0198758294 0.016328531 0.0103063228 
34 0.0144048799 0.0090620276 0.0159613428 0.0146488003 0.0109900195 0.0210202905 0.0155440458 0.0137848142 0.02354697 0.013455935 0.0141289105 0.0161659488 0.0104644223 0.0157164192 0.0160288835 0.0179368837 0.0169408065 0.0197400445 0.0221997873 0.0167240477 0.0184386964 0.0202175468 0.024796657 0.0129220997 0.0170075942 0.0026676325 0.0253359532 0.0160163356 0.0240054388 0.0098879974 0.0145981798 0.0101948173 0.0189037915 0.0220573875 0.0180967259 0.0154451633 0.0163255519 0.0215716395 0.0173796576 0.024797161 0.0079149627 0.0084838277 0.0074055496 0.0197604778 0.0109234509 0.014565698 0.011378645 0.0087327822 0.0048410216 0.016892269 0.0155875508 0.0105106073 0.0246470126 0.0193662505 0.0101554826 0.0187751287 0.0281577626 0.0112274663 0.0081519428 0.0246539707 0.0112180168 0.0127277808 0.0113301628 0.0134608736 
35 0.0141801792 0.0134826927 0.0243306718 0.0183797157 0.0184076736 0.021801141 0.0113557509 0.0086598615 0.0251431735 0.0153054323 0.0168568207 0.0114164707 0.0109005987 0.0098634347 0.026077983 0.021237393 0.0152173317 0.0112412132 0.0181861703 0.0202068755 0.007678318 0.0148980377 0.0187995761 0.009800519 0.0171255219 0.0102101772 0.0106819561 0.0111047354 0.010263878 0.0138794278 0.020477298 0.0220372809 0.0130376648 0.0180967259 0.0134946319 0.0221868998 0.0173133466 0.0199674757 0.0141554413 0.0165147983 0.0171394937 0.0105682133 0.0231801624 0.0217135379 0.0094818865 0.0215184405 0.0163954632 0.0261840508 0.0040470534 0.012493596 0.0106202524 0.0160843824 0.0245188203 0.0078325484 0.0050862214 0.0051313563 0.0218721559 0.0151671773 0.0327929632 0.0100912248 0.0114337249 0.007479654 0.0158173366 0.0193759906 
36 0.011021532 0.0102968505 0.0147702401 0.0070569743 0.0209283147 0.0160123733 0.0208201965 0.0241021929 0.0099626082 0.0215760634 0.022100708 0.0195336711 0.0134277219 0.0110848883 0.0137587978 0.0184802296 0.0092058051 0.0231160028 0.0110012434 0.0276183665 0.0159791371 0.0236648261 0.0123691363 0.0059562243 0.0144394148 0.0187778622 0.012785262 0.0202691591 0.0128146241 0.0150494278 0.0070875601 0.0105500614 0.0136827383 0.0154451633 0.0221868998 0.0111561811 0.0240716786 0.0126544564 0.0118691292 0.0143019571 0.0186012999 0.0154309444 0.0121757987 0.0134435389 0.0200115361 0.0094553827 0.0148794769 0.0097986179 0.0092352028 0.0148938421 0.0194934661 0.0207902802 0.0034608406 0.0219198724 0.0276092692 0.0123670894 0.0095457363 0.0148466468 0.0088014937 0.0183730259 0.0190624164 0.0279358839 0.0257357214 0.0111469377 
37 0.0114622448 0.0078272438 0.0129198037 0.0136880397 0.0223391167 0.0054090284 0.0083289135 0.0109353135 0.0119879972 0.0127159236 0.0114413382 0.0173408319 0.0279322462 0.0144967292 0.0087279919 0.0091145832 0.0061173822 0.013810788 0.0133678727 0.0183694303 0.0391448585 0.0160269043 0.0082052967 0.0176616528 0.0102253525 0.0257006715 0.0131717276 0.01522852 0.0231500968 0.0108150624 0.0222005289 0.0086911568 0.0110431429 0.0163255519 0.0173133466 0.0240716786 0.0075191292 0.0259818969 0.00931775 0.0149530761 0.0161444319 0.0116540769 0.0187728167 0.0111222143 0.0120771236 0.0132576298 0.0174999547 0.0223017896 0.0185766928 0.008043215 0.0176068093 0.0125970058 0.0137362455 0.0163030557 0.0250288477 0.0288148371 0.0214584247 0.014517699 0.0143215328 0.0070962079 0.0215075913 0.0231472897 0.015733131 0.0236011578 
38 0.014636034 0.0103988271 0.0175078425 0.0045859811 0.0172444757 0.0150013985 0.0149775899 0.0164075613 0.014165543 0.0145951337 0.0334389906 0.0147478481 0.015248736 0.0185092138 0.020471575 0.0100987939 0.0189738507 0.0161577301 0.003401719 0.020007801 0.0252610081 0.0082241377 0.0099125167 0.0311644271 0.0321142617 0.0079269808 0.0105189543 0.0097974155 0.0083714861 0.012640051 0.0180942089 0.0098991036 0.0135474617 0.0215716395 0.0199674757 0.0126544564 0.0259818969 0.0115428509 0.0184322481 0.0166284188 0.0182181657 0.0085013069 0.0221463722 0.0141247393 0.0179504303 0.0105163125 0.0133587979 0.0221986485 0.0172261113 0.0188982276 0.0169999499 0.0131264506 0.0071547119 0.0206674482 0.0125056514 0.0300483495 0.0243887885 0.0092691576 0.0065944151 0.011267703 0.0172709308 0.0083734093 0.0093529062 0.015013371 
39 0.0175716831 0.0135283339 0.0132846584 0.0152604263 0.0122109341 0.0331613813 0.0226769344 0.0249925059 0.0153828702 0.0056160162 0.0190623376 0.0152346264 0.0204521928 0.0132047312 0.0175577753 0.0155391023 0.0179408089 0.021078796 0.0149119923 0.017093435 0.0111081701 0.0248303974 0.0241499135 0.0104104794 0.020263676 0.0149384114 0.014353141 0.0143117626 0.0191354653 0.0057142584 0.0157799598 0.0211209138 0.0082073159 0.0173796576 0.0141554413 0.0118691292 0.00931775 0.0184322481 0.0079559205 0.003751894 0.016415011 0.0165732545 0.0194561541 0.0057994899 0.0100561646 0.017786366 0.0076065737 0.0143557477 0.0158240601 0.0277037619 0.0134203484 0.0233507764 0.0180806141 0.0159705431 0.0102179458 0.0172979294 0.019423241 0.0099770883 0.0071980032 0.0169360849 0.0185939085 0.012947097 0.022752955 0.0093094345 
40 0.020366478 0.011061816 0.021241537 0.0069769171 0.0040917392 0.018869678 0.01655575 0.0128124872 0.0182038731 0.0107194827 0.015255558 0.0154080055 0.0150927544 0.0072843655 0.0111750753 0.0095121267 0.0125159269 0.0124986376 0.0097305576 0.0128815098 0.0181169151 0.0228266797 0.009978424 0.0210240019 0.0140444401 0.0119558009 0.0099117175 0.0066190256 0.0177668506 0.0214239314 0.0180764374 0.0129981181 0.0175421509 0.024797161 0.0165147983 0.0143019571 0.0149530761 0.0166284188 0.003751894 0.0053196219 0.026144541 0.010351782 0.0185364247 0.018671916 0.0281925165 0.0216002793 0.0175463383 0.0138969503 0.0125326149 0.0151862673 0.0131048534 0.0185410593 0.0320026784 0.0087836198 0.0175751691 0.0228195971 0.0204720401 0.012330978 0.0244133645 0.0159414097 0.0210680749 0.0126648956 0.0152400554 0.0215768785 
41 0.0104992656 0.0119195612 0.0185653731 0.0285032069 0.0228388185 0.0108683487 0.014973228 0.0115147454 0.0150494327 0.0162239805 0.0211577514 0.0163649095 0.0162552127 0.0158525518 0.0182346191 0.0060069108 0.0105765201 0.0197259549 0.0088502191 0.0064811502 0.0169849057 0.0191800156 0.0125099917 0.0159297015 0.0197782184 0.004851079 0.0117876907 0.0231781365 0.0241909922 0.0132574217 0.0028048427 0.0173199577 0.0130815584 0.0079149627 0.0171394937 0.0186012999 0.0161444319 0.0182181657 0.016415011 0.026144541 0.010476945 0.0215456736 0.0102728266 0.0101429292 0.0185739902 0.0229255243 0.0265019977 0.0203456475 0.0145670447 0.0170217471 0.0195843014 0.0174472716 0.0145682557 0.0163402105 0.0208506038 0.0167996545 0.0071658086 0.0185628098 0.0106097664 0.009317498 0.0201748916 0.0109840407 0.0189130186 0.010413365 
42 0.021333192 0.0261274008 0.0251992506 0.0168312398 0.0103011075 0.0173812262 0.012626171 0.0181280807 0.016554025 0.0331701222 0.0228133814 0.0175310166 0.0264330477 0.0120956615 0.024050103 0.0150906969 0.0140966817 0.0187218076 0.0061934537 0.0210763541 0.0144027155 0.0113488049 0.0187361376 0.0207461449 0.0239283077 0.0141543274 0.0136479231 0.004247631 0.008983964 0.0164169775 0.0083423616 0.0038684548 0.0117666062 0.0084838277 0.0105682133 0.0154309444 0.0116540769 0.0085013069 0.0165732545 0.010351782 0.0215456736 0.0256015891 0.0273246353 0.0081661353 0.0131073373 0.0047335726 0.0188312152 0.0090494799 0.0161016424 0.011109812 0.0184943154 0.0117706893 0.0169917238 0.0070938132 0.0123117052 0.0296688324 0.0106066397 0.0111067233 0.0100584081 0.0114158999 0.021551259 0.0278351918 0.0095610417 0.0180548823 
43 0.0166663978 0.0115742871 0.0098557253 0.025918153 0.0194306793 0.0141245503 0.0195274081 0.0158425197 0.015773486 0.0148445744 0.0116869493 0.0106646175 0.0158145271 0.0144213734 0.0203167374 0.0204212428 0.0156868496 0.0059932136 0.0124293916 0.0161470435 0.0042290518 0.0201229612 0.0130978244 0.0143337423 0.0189685022 0.0146063279 0.0174884055 0.0260198218 0.0100186307 0.0168404627 0.0193004333 0.0194915656 0.0130128764 0.0074055496 0.0231801624 0.0121757987 0.0187728167 0.0221463722 0.0194561541 0.0185364247 0.0102728266 0.0273246353 0.0195302925 0.0230230098 0.0218036927 0.0098187132 0.0106873855 0.0250717935 0.01653495 0.0186076762 0.0016273958 0.0191089233 0.0007977779 0.0090340471 0.0130175326 0.0227529865 0.0083658251 0.0120044673 0.009328218 0.0255632364 0.0210954666 0.0197212261 0.0137575576 0.0048067533 
44 0.024480018 0.0060036226 0.0187905184 0.0073504329 0.0057691011 0.0136934284 0.0200959099 0.013802147 0.0100076694 0.0212016367 0.023699642 0.0177586852 0.0169629897 0.0135243122 0.0048986372 0.0234877136 0.0097818691 0.0167326795 0.0181046125 0.0299012149 0.0237657756 0.0130156437 0.0121964903 0.0306909259 0.0089483642 0.0131650241 0.0306406354 0.0099610249 0.0139147559 0.0106700322 0.020761899 0.0078690671 0.0104336023 0.0197604778 0.0217135379 0.0134435389 0.0111222143 0.0141247393 0.0057994899 0.018671916 0.0101429292 0.0081661353 0.0230230098 0.0146092984 0.0136408147 0.02207322 0.0115950388 0.0305846701 0.0143973095 0.0146905953 0.0102495456 0.0133587528 0.0094590587 0.018138008 0.0169406245 0.0110181887 0.0235205791 0.0152436448 0.0143846227 0.0096396416 0.0286220522 0.0105981641 0.0074151225 0.0217729786 
45 0.010123153 0.0085791301 0.008292655 0.0196398795 0.0091948154 0.0169555661 0.0188566218 0.0130893781 0.0256068121 0.0197489525 0.0133040045 0.0139970521 0.0136090599 0.010580799 0.0214233527 0.0076822508 0.0098890157 0.0098322807 0.0162027569 0.0189112392 0.006132289 0.0210752466 0.014553574 0.0236491162 0.0064669362 0.0186982712 0.0176296983 0.012394049 0.0224904738 0.0123849601 0.0196447385 0.0053309252 0.0069937042 0.0109234509 0.0094818865 0.0200115361 0.0120771236 0.0179504303 0.0100561646 0.0281925165 0.0185739902 0.0131073373 0.0218036927 0.0136408147 0.0215072275 0.0115027232 0.0323424935 0.011338493 0.0126055853 0.0236535571 0.0212912338 0.0243395919 0.0149514679 0.0109130611 0.018021303 0.010472975 0.0114312118 0.0146568373 0.0133666841 0.0190275204 0.0161581709 0.0138408341 0.025980733 0.0238165953 
46 0.0279207749 0.0108576938 0.0086954303 0.0086854148 0.0093780956 0.0181353216 0.0138969439 0.0186862664 0.0139256663 0.0066466391 0.012461582 0.0202384934 0.0146335246 0.0142213292 0.0077681264 0.0100936078 0.0177621377 0.0164362432 0.0128356792 0.0094876237 0.0222397591 0.0135521298 0.0080450873 0.0125666297 0.043617784 0.0249782247 0.0210294387 0.0229402745 0.0176255394 0.0206121523 0.015111343 0.0119220889 0.0065052181 0.014565698 0.0215184405 0.0094553827 0.0132576298 0.0105163125 0.017786366 0.0216002793 0.0229255243 0.0047335726 0.0098187132 0.02207322 0.0115027232 0.0109765364 0.01837755 0.0175169419 0.0152365097 0.0220225908 0.0194519931 0.0118449388 0.0194438641 0.0155304166 0.0145546796 0.0193921719 0.0208604793 0.0068127141 0.0136146328 0.0102393073 0.0171565138 0.0207637855 0.0203362493 0.0126019993 
47 0.0149179101 0.0100237415 0.0150481378 0.0182524182 0.0216511031 0.0193496753 0.0188632912 0.0191484929 0.0222614451 0.0201898522 0.0112676928 0.0220636256 0.015732105 0.0054367066 0.0228731747 0.0204370355 0.0175480593 0.0133287977 0.0210342674 0.0153054074 0.0177396364 0.0165048958 0.0160395916 0.0125274963 0.006384729 0.0114004166 0.0138784531 0.0250230646 0.0216917055 0.0125910137 0.0165492926 0.0084097351 0.005048805 0.011378645 0.0163954632 0.0148794769 0.0174999547 0.0133587979 0.0076065737 0.0175463383 0.0265019977 0.0188312152 0.0106873855 0.0115950388 0.0323424935 0.01837755 0.0246522792 0.0094446767 0.0269455049 0.007827452 0.0131172877 0.0086060544 0.018900319 0.004156924 0.0126968812 0.0213972928 0.0079338404 0.0189337748 0.0151945729 0.0094643311 0.0180372844 0.0049334943 0.0181998679 0.0140354571 
48 0.0100989792 0.0127617491 0.0209329063 0.0121798718 0.0060768163 0.0213153923 0.0228781669 0.0115075649 0.0125916375 0.0185842632 0.0035008225 0.0167303037 0.0106728899 0.0172750144 0.0137399008 0.0101872654 0.017007986 0.0127614439 0.0121775719 0.0289404022 0.0152738022 0.0194701715 0.0149976248 0.0157586727 0.0196986171 0.0116650839 0.0131238248 0.0124806497 0.011700006 0.0119372032 0.0283167242 0.0138294386 0.0224982024 0.0087327822 0.0261840508 0.0097986179 0.0223017896 0.0221986485 0.0143557477 0.0138969503 0.0203456475 0.0090494799 0.0250717935 0.0305846701 0.011338493 0.0175169419 0.0094446767 0.0127622539 0.0152710118 0.0184177736 0.0178220761 0.0081214618 0.0193227851 0.0162418643 0.0119229979 0.0188219537 0.0141966077 0.0144122356 0.031246338 0.0179279613 0.0076357336 0.0152140025 0.0073048905 0.0098667939 
