32
1 0.0013267013 0.0142517902 0.0397122727 0.0531945965 0.0351327019 0.0367663433 0.0605024473 0.0258486957 0.0408154505 0.0123655218 0.0206866244 0.0390565805 0.0222889828 0.0364727532 0.042642341 0.0245300529 0.0551813814 0.0358709188 0.0392899592 0.0240558855 0.0321271685 0.0152219772 0.0460511897 0.0266494579 0.0391701972 0.0042110436 0.0431483778 0.0154216736 0.0168078907 0.0281985987 0.026598723 0.0464017013 
2 0.0142517902 0.0226953561 0.0269295196 0.0296269869 0.0163595859 0.0324421819 0.0314221348 0.0454344715 0.0475781718 0.0216338602 0.0158158995 0.0382409924 0.0418917516 0.0300183752 0.0380618078 0.0180226709 0.0112174906 0.02243541 0.0178359272 0.0202064208 0.0247021772 0.0202832575 0.0545702425 0.0379932062 0.0481365058 0.0480509389 0.0302630676 0.0205605228 0.0289980767 0.0489991561 0.0521558762 0.0431661675 
3 0.0397122727 0.0269295196 0.0543233498 0.0371395364 0.0383453601 0.0358207612 0.0120895438 0.04855316 0.0353033293 0.0606937183 0.0 0.0375225911 0.0448284095 0.0318417819 0.0184451156 0.0401777055 0.0428522735 0.0118220661 0.0178976693 0.0143235054 0.0216037781 0.0122310212 0.0278710148 0.0353568309 0.024956046 0.0508835967 0.0298191342 0.0332825552 0.064117248 0.0180159021 0.0299871215 0.003254082 
4 0.0531945965 0.0296269869 0.0371395364 0.0666176619 0.0269285466 0.0242697433 0.0207839659 0.0418873468 0.0308021523 0.0264734611 0.0331593386 0.0258676909 0.0248596021 0.0415563594 0.035200073 0.0307098982 0.0263334914 0.037084402 0.015542306 0.0079738821 0.026913835 0.037800812 0.0196240359 0.036572908 0.037106517 0.0408226367 0.0176963427 0.0281539593 0.0273186003 0.0255929118 0.0291788215 0.0372075785 
5 0.0351327019 0.0163595859 0.0383453601 0.0269285466 0.0396325397 0.0454034271 0.0338256578 0.0197793185 0.0171429789 0.0157465096 0.0483084869 0.034401092 0.0096300129 0.0293402803 0.0443300019 0.0231992697 0.0289981547 0.033855727 0.0252288206 0.0546971788 0.0108710904 0.0192443555 0.0725285037 0.0280969359 0.03036826 0.0194321099 0.0501499423 0.0482470107 0.0303616074 0.0423026268 0.0144097811 0.0137021257 
6 0.0367663433 0.0324421819 0.0358207612 0.0242697433 0.0454034271 0.0093266203 0.0554834817 0.0127458182 0.028314589 0.0453015821 0.0191004835 0.0487152918 0.0221428623 0.0321906336 0.0355278759 0.0323289854 0.015114768 0.0215789109 0.0445513387 0.0096300129 0.0214560747 0.0350251213 0.0243314807 0.0352595069 0.0154570083 0.0447812861 0.0433591813 0.0398654195 0.044028472 0.0222077669 0.0342626978 0.0332102736 
7 0.0605024473 0.0314221348 0.0120895438 0.0207839659 0.0338256578 0.0554834817 0.0224617837 0.0314960999 0.0309675418 0.0129501647 0.0348710719 0.0386364567 0.0302857472 0.0186081692 0.0222952528 0.0409567129 0.024222049 0.0295848138 0.0254639417 0.0295192615 0.0696783439 0.0157703994 0.0256850603 0.0297087798 0.0266327569 0.0127825655 0.0252428668 0.0341778931 0.0213625592 0.0274504186 0.046718226 0.0583638322 
8 0.0258486957 0.0454344715 0.04855316 0.0418873468 0.0197793185 0.0127458182 0.0314960999 0.0180382762 0.003239388 0.0333182941 0.0303484494 0.026364838 0.0504648308 0.0271944616 0.0318860228 0.0239586888 0.0159900525 0.0447246796 0.0497648735 0.0290444354 0.0217632839 0.0389253509 0.0440956995 0.0260646317 0.0276923266 0.0262659873 0.0056819726 0.0576361586 0.0098586772 0.0331652792 0.0344666562 0.0643017752 
9 0.0408154505 0.0475781718 0.0353033293 0.0308021523 0.0171429789 0.028314589 0.0309675418 0.003239388 0.0325867632 0.0239330651 0.0423931174 0.0662213488 0.0380606419 0.0491513024 0.0145884983 0.027399458 0.0264368137 0.0295077399 0.0232129128 0.0666642847 0.0227263343 0.0667123411 0.0196035747 0.032508602 0.0155286749 0.0310518176 0.0152135952 0.02980289 0.0472647162 0.0230720492 0.0171905195 0.0050053375 
10 0.0123655218 0.0216338602 0.0606937183 0.0264734611 0.0157465096 0.0453015821 0.0129501647 0.0333182941 0.0239330651 0.0492303205 0.017734689 0.0270653414 0.0322799379 0.041528161 0.0386251279 0.0320322666 0.019248014 0.035803778 0.0621027521 0.0278927656 0.0018003836 0.0301258248 0.0202752817 0.026835906 0.0361037438 0.0312864734 0.0318954309 0.0374329759 0.0432539694 0.0236350763 0.0410886402 0.040306963 
11 0.0206866244 0.0158158995 0.0 0.0331593386 0.0483084869 0.0191004835 0.0348710719 0.0303484494 0.0423931174 0.017734689 0.0518165867 0.0135800078 0.0345516801 0.0222667403 0.0188058528 0.0221060084 0.0329450048 0.0528578555 0.0187452754 0.0377280081 0.0348468947 0.017996468 0.0307239957 0.0179365223 0.037583546 0.0437407102 0.0264857416 0.04441457 0.06525175 0.0522123125 0.0258774809 0.0351088275 
12 0.0390565805 0.0382409924 0.0375225911 0.0258676909 0.034401092 0.0487152918 0.0386364567 0.026364838 0.0662213488 0.0270653414 0.0135800078 0.0244091218 0.0520784409 0.0327262223 0.0353527043 0.0306051038 0.0406902943 0.0158349362 0.0253213205 0.0193764566 0.0313874641 0.0461894962 0.0117580773 0.0315150622 0.034683537 0.0283700901 0.0239683951 0.0173888216 0.0226402189 0.0302189195 0.0249340112 0.0248790746 
13 0.0222889828 0.0418917516 0.0448284095 0.0248596021 0.0096300129 0.0221428623 0.0302857472 0.0504648308 0.0380606419 0.0322799379 0.0345516801 0.0520784409 0.0298272096 0.0306140651 0.03294104 0.0303230826 0.0163140596 0.0250033486 0.0227804545 0.0569720257 0.0316352478 0.0192080316 0.0142976975 0.0370240777 0.0445261116 0.0203788522 0.0504106075 0.0277945043 0.0145991682 0.0231897404 0.0368385149 0.031959261 
14 0.0364727532 0.0300183752 0.0318417819 0.0415563594 0.0293402803 0.0321906336 0.0186081692 0.0271944616 0.0491513024 0.041528161 0.0222667403 0.0327262223 0.0306140651 0.036658502 0.0112011798 0.0278863716 0.0529651455 0.0389128902 0.0380883148 0.0449497216 0.0322783507 0.0130694549 0.0328852617 0.0195044032 0.0547213356 0.0330086515 0.0014130695 0.0246428131 0.0334364803 0.0136106252 0.0420595074 0.025198616 
15 0.042642341 0.0380618078 0.0184451156 0.035200073 0.0443300019 0.0355278759 0.0222952528 0.0318860228 0.0145884983 0.0386251279 0.0188058528 0.0353527043 0.03294104 0.0112011798 0.081624823 0.0471003627 0.0279106831 0.0160475401 0.0104195062 0.0328771646 0.015787018 0.0376986556 0.0194293842 0.0532652311 0.0496847165 0.0355531981 0.0349136389 0.0222038257 0.0153546684 0.0414959131 0.0253993797 0.0133313971 
16 0.0245300529 0.0180226709 0.0401777055 0.0307098982 0.0231992697 0.0323289854 0.0409567129 0.0239586888 0.027399458 0.0320322666 0.0221060084 0.0306051038 0.0303230826 0.0278863716 0.0471003627 0.0073463839 0.0251008329 0.0413047724 0.0396761878 0.0378374768 0.0566962591 0.0364373972 0.0256070829 0.0184909722 0.0220144202 0.0390333558 0.0091166112 0.0163241946 0.04051332 0.0438620423 0.0466212249 0.042680828 
17 0.0551813814 0.0112174906 0.0428522735 0.0263334914 0.0289981547 0.015114768 0.024222049 0.0159900525 0.0264368137 0.019248014 0.0329450048 0.0406902943 0.0163140596 0.0529651455 0.0279106831 0.0251008329 0.032434597 0.0279876339 0.0473343077 0.0282844665 0.0329450917 0.0241287344 0.0238849702 0.0423635159 0.0402023424 0.0146310313 0.0475946716 0.044234691 0.0360310187 0.0325918328 0.0411791597 0.022651426 
18 0.0358709188 0.02243541 0.0118220661 0.037084402 0.033855727 0.0215789109 0.0295848138 0.0447246796 0.0295077399 0.035803778 0.0528578555 0.0158349362 0.0250033486 0.0389128902 0.0160475401 0.0413047724 0.0279876339 0.0226802791 0.0327928278 0.0426802236 0.0478863057 0.0187410425 0.0302338133 0.0384565542 0.0076897848 0.0201427388 0.0411190363 0.034262038 0.0202891419 0.0485766082 0.051435062 0.022797121 
19 0.0392899592 0.0178359272 0.0178976693 0.015542306 0.0252288206 0.0445513387 0.0254639417 0.0497648735 0.0232129128 0.0621027521 0.0187452754 0.0253213205 0.0227804545 0.0380883148 0.0104195062 0.0396761878 0.0473343077 0.0327928278 0.024457676 0.0279674331 0.0402838589 0.0412999218 0.0378794968 0.0232010517 0.0252101445 0.0485173685 0.0190213974 0.0201623035 0.0136248567 0.0544951527 0.0364817563 0.0313488863 
20 0.0240558855 0.0202064208 0.0143235054 0.0079738821 0.0546971788 0.0096300129 0.0295192615 0.0290444354 0.0666642847 0.0278927656 0.0377280081 0.0193764566 0.0569720257 0.0449497216 0.0328771646 0.0378374768 0.0282844665 0.0426802236 0.0279674331 0.0122616695 0.0165350338 0.034427697 0.0194784559 0.0404755142 0.0356102505 0.0196098299 0.0562515765 0.025892649 0.0380730484 0.0345851005 0.0145603091 0.0395582567 
21 0.0321271685 0.0247021772 0.0216037781 0.026913835 0.0108710904 0.0214560747 0.0696783439 0.0217632839 0.0227263343 0.0018003836 0.0348468947 0.0313874641 0.0316352478 0.0322783507 0.015787018 0.0566962591 0.0329450917 0.0478863057 0.0402838589 0.0165350338 0.0579395039 0.0110973902 0.0536183918 0.0151938012 0.0512773744 0.0114115725 0.0570232934 0.0569606937 0.0178127869 0.0204454696 0.0381802885 0.0151154399 
22 0.0152219772 0.0202832575 0.0122310212 0.037800812 0.0192443555 0.0350251213 0.0157703994 0.0389253509 0.0667123411 0.0301258248 0.017996468 0.0461894962 0.0192080316 0.0130694549 0.0376986556 0.0364373972 0.0241287344 0.0187410425 0.0412999218 0.034427697 0.0110973902 0.0546424009 0.0445632344 0.0238707332 0.0383244058 0.043688179 0.0398651167 0.0245111568 0.0530682523 0.027407338 0.018138699 0.0402857335 
23 0.0460511897 0.0545702425 0.0278710148 0.0196240359 0.0725285037 0.0243314807 0.0256850603 0.0440956995 0.0196035747 0.0202752817 0.0307239957 0.0117580773 0.0142976975 0.0328852617 0.0194293842 0.0256070829 0.0238849702 0.0302338133 0.0378794968 0.0194784559 0.0536183918 0.0445632344 0.0337831739 0.0274492087 0.0284662954 0.0402299142 0.029255666 0.0295757082 0.0401693216 0.0161168002 0.0241047303 0.0318532365 
24 0.0266494579 0.0379932062 0.0353568309 0.036572908 0.0280969359 0.0352595069 0.0297087798 0.0260646317 0.032508602 0.026835906 0.0179365223 0.0315150622 0.0370240777 0.0195044032 0.0532652311 0.0184909722 0.0423635159 0.0384565542 0.0232010517 0.0404755142 0.0151938012 0.0238707332 0.0274492087 0.0429423176 0.0277954791 0.0492340179 0.0207834107 0.0364765943 0.0220148496 0.0293501477 0.0155440359 0.052065734 
25 0.0391701972 0.0481365058 0.024956046 0.037106517 0.03036826 0.0154570083 0.0266327569 0.0276923266 0.0155286749 0.0361037438 0.037583546 0.034683537 0.0445261116 0.0547213356 0.0496847165 0.0220144202 0.0402023424 0.0076897848 0.0252101445 0.0356102505 0.0512773744 0.0383244058 0.0284662954 0.0277954791 0.0133421476 0.0232592105 0.0242546231 0.0270412462 0.0318640831 0.0374013634 0.0225499969 0.0213455489 
26 0.0042110436 0.0480509389 0.0508835967 0.0408226367 0.0194321099 0.0447812861 0.0127825655 0.0262659873 0.0310518176 0.0312864734 0.0437407102 0.0283700901 0.0203788522 0.0330086515 0.0355531981 0.0390333558 0.0146310313 0.0201427388 0.0485173685 0.0196098299 0.0114115725 0.043688179 0.0402299142 0.0492340179 0.0232592105 0.0231595217 0.0250549451 0.0347922112 0.0215344471 0.0428200774 0.0459679082 0.0262937132 
27 0.0431483778 0.0302630676 0.0298191342 0.0176963427 0.0501499423 0.0433591813 0.0252428668 0.0056819726 0.0152135952 0.0318954309 0.0264857416 0.0239683951 0.0504106075 0.0014130695 0.0349136389 0.0091166112 0.0475946716 0.0411190363 0.0190213974 0.0562515765 0.0570232934 0.0398651167 0.029255666 0.0207834107 0.0242546231 0.0250549451 0.0268487284 0.0286879023 0.0459669164 0.0399253762 0.0421336324 0.0174357326 
28 0.0154216736 0.0205605228 0.0332825552 0.0281539593 0.0482470107 0.0398654195 0.0341778931 0.0576361586 0.02980289 0.0374329759 0.04441457 0.0173888216 0.0277945043 0.0246428131 0.0222038257 0.0163241946 0.044234691 0.034262038 0.0201623035 0.025892649 0.0569606937 0.0245111568 0.0295757082 0.0364765943 0.0270412462 0.0347922112 0.0286879023 0.0341052734 0.0398795637 0.0179512507 0.0249235465 0.0231933834 
29 0.0168078907 0.0289980767 0.064117248 0.0273186003 0.0303616074 0.044028472 0.0213625592 0.0098586772 0.0472647162 0.0432539694 0.06525175 0.0226402189 0.0145991682 0.0334364803 0.0153546684 0.04051332 0.0360310187 0.0202891419 0.0136248567 0.0380730484 0.0178127869 0.0530682523 0.0401693216 0.0220148496 0.0318640831 0.0215344471 0.0459669164 0.0398795637 0.0228571873 0.0238071001 0.0206375836 0.0272024195 
30 0.0281985987 0.0489991561 0.0180159021 0.0255929118 0.0423026268 0.0222077669 0.0274504186 0.0331652792 0.0230720492 0.0236350763 0.0522123125 0.0302189195 0.0231897404 0.0136106252 0.0414959131 0.0438620423 0.0325918328 0.0485766082 0.0544951527 0.0345851005 0.0204454696 0.027407338 0.0161168002 0.0293501477 0.0374013634 0.0428200774 0.0399253762 0.0179512507 0.0238071001 0.0374181855 0.0110507582 0.0288281003 
31 0.026598723 0.0521558762 0.0299871215 0.0291788215 0.0144097811 0.0342626978 0.046718226 0.0344666562 0.0171905195 0.0410886402 0.0258774809 0.0249340112 0.0368385149 0.0420595074 0.0253993797 0.0466212249 0.0411791597 0.051435062 0.0364817563 0.0145603091 0.0381802885 0.018138699 0.0241047303 0.0155440359 0.0225499969 0.0459679082 0.0421336324 0.0249235465 0.0206375836 0.0110507582 0.0301121203 0.0352132311 
32 0.0464017013 0.0431661675 0.003254082 0.0372075785 0.0137021257 0.0332102736 0.0583638322 0.0643017752 0.0050053375 0.040306963 0.0351088275 0.0248790746 0.031959261 0.025198616 0.0133313971 0.042680828 0.022651426 0.022797121 0.0313488863 0.0395582567 0.0151154399 0.0402857335 0.0318532365 0.052065734 0.0213455489 0.0262937132 0.0174357326 0.0231933834 0.0272024195 0.0288281003 0.0352132311 0.0467341963 
