64
1 0.0262553228 0.0134162904 0.0128036679 0.0188621834 0.0239871418 0.0188143326 0.0174974682 0.0087376579 0.0109141497 0.0219314877 0.0118531516 0.0055631146 0.0099969985 0.023616336 0.0217463644 0.0114219071 0.0257794086 0.0264811292 0.0107891112 0.0177604606 0.0055610205 0.0250096052 0.0130992218 0.022074339 0.0110101528 0.0095175769 0.0195578528 0.0213015141 0.0121996741 0.0061770334 0.0098649068 0.0256534545 0.0156723933 0.0103777073 0.0066145753 0.0091998906 0.0094112008 0.0178367608 0.0245173024 0.0181529787 0.0150005331 0.0127677714 0.0086932687 0.0112475816 0.0092288926 0.0146512154 0.0148902868 0.011536602 0.0187354504 0.0182398878 0.0120912363 0.0125167737 0.0110057906 0.0070334364 0.0216573649 0.0120381916 0.0137588421 0.0261014006 0.0364402841 0.008620665 0.0148357208 0.0208375905 0.0125774985 0.0244568701 
2 0.0134162904 0.0203493372 0.0174958781 0.0199489701 0.0130931302 0.0128837847 0.0050934626 0.0102809244 0.0188265952 0.0110380595 0.0121870759 0.019002019 0.018383503 0.0186395023 0.0071784979 0.0189389906 0.0055439283 0.0217421857 0.0169240003 0.0141016214 0.0166917027 0.0176377998 0.0054308192 0.0199924651 0.0164136892 0.0129284019 0.0082363283 0.0219513896 0.0162998948 0.0089144985 0.0168827593 0.023775692 0.0134809632 0.0185740575 0.0154959292 0.024239908 0.0219821232 0.019283271 0.0146057453 0.0167802828 0.0220606943 0.0192454641 0.0168885964 0.0167944579 0.0155246694 0.0073651981 0.0227143825 0.0171015799 0.008798208 0.0108039388 0.0137542509 0.0053369966 0.0158249099 0.0101932552 0.0120697864 0.0224738469 0.0205410406 0.0159815794 0.0113006703 0.0181640856 0.0176099823 0.0214123267 0.0193425492 0.0140320531 
3 0.0128036679 0.0174958781 0.0228011372 0.0226888145 0.0147033333 0.0142987201 0.0034044363 0.0216903939 0.0104797439 0.0111425026 0.0078463223 0.0089171364 0.0185045832 0.0100579422 0.016938132 0.0182906866 0.0220285629 0.0220443241 0.0190571497 0.0127392178 0.0145453182 0.0171430572 0.0117739004 0.0225813297 0.0289346174 0.0212775936 0.0239655792 0.0161424741 0.0108320353 0.0072628781 0.0171396155 0.012293375 0.0204716895 0.0266308733 0.0170934377 0.0117853309 0.0180863115 0.0076478639 0.0167555669 0.0189107608 0.012628622 0.0167926149 0.0141936629 0.0088879432 0.0145050322 0.0198052139 0.0091789354 0.0250291272 0.0132551106 0.016124717 0.0162720387 0.0084682664 0.0215063596 0.0163625309 0.0113273101 0.0064055129 0.0068872555 0.0066749579 0.0168863378 0.0057205078 0.0158213829 0.0236684567 0.0203647663 0.0240270442 
4 0.0188621834 0.0199489701 0.0226888145 0.0006139173 0.015075994 0.0135018232 0.0165218966 0.0239530658 0.0092116517 0.0120263194 0.0187446232 0.0155389082 0.0122344447 0.0268302331 0.0193733065 0.0095558182 0.018294523 0.0095548401 0.0173111924 0.0104308445 0.0049277364 0.0138425206 0.0140927478 0.0235782514 0.0251567996 0.0219761823 0.0194237825 0.020337951 0.0107556678 0.0007596062 0.0291307262 0.0123772906 0.0143152817 0.0079605974 0.0140871347 0.0194648808 0.0183503674 0.0068109701 0.0188095878 0.0123865836 0.0079944254 0.009382351 0.0087292624 0.0167525384 0.0097844655 0.0099807681 0.0179560958 0.0100951285 0.0164678318 0.0144682661 0.0199321011 0.0189730199 0.0276452428 0.028291244 0.0184148919 0.0286958013 0.0120260282 0.0102422938 0.0066789169 0.0151132507 0.0171793474 0.0162880816 0.0192720993 0.0208185126 
5 0.0239871418 0.0130931302 0.0147033333 0.015075994 0.0113898312 0.017706931 0.0172398212 0.025504691 0.0208668899 0.0121456751 0.0201562042 0.0177823344 0.0165009929 0.0197116793 0.0110052213 0.0210269394 0.0115044032 0.010995166 0.0118796491 0.0228885797 0.0247534594 0.0119972651 0.0250433072 0.0119268107 0.0067330618 0.0225387716 0.0067292736 0.0119952915 0.0133675597 0.0108805986 0.0222716725 0.0261213308 0.0137910199 0.0071383225 0.0163963345 0.0055221587 0.0219610845 0.0191126689 0.0074316552 0.0116765594 0.0263315286 0.0165319392 0.0069122236 0.0135662975 0.0131348411 0.0183794956 0.0225212296 0.0299003469 0.0186764291 0.0157237274 0.0159521538 0.0117567466 0.0127484647 0.0067863447 0.0153829041 0.0128400234 0.0099164201 0.0144298305 0.0074396513 0.0112548733 0.0110937713 0.0181081156 0.0219137457 0.0161460818 
6 0.0188143326 0.0128837847 0.0142987201 0.0135018232 0.017706931 0.0 0.0080187816 0.0137442869 0.0194436762 0.0124746208 0.0246690143 0.0048811917 0.0246493297 0.0110926338 0.0119040596 0.0145427331 0.0079374046 0.010589296 0.0104035758 0.0272805387 0.0176379502 0.02323154 0.0190900308 0.0142524069 0.0099903738 0.0233931181 0.0220507567 0.0116191838 0.0204869734 0.0254135904 0.0130222728 0.0155379103 0.0232687628 0.012917042 0.0185047379 0.0234048248 0.0068508226 0.0176113242 0.0262513421 0.017339273 0.0085949981 0.0140148212 0.0168186664 0.0147413846 0.0141857721 0.0191089409 0.0201622587 0.0108890419 0.0104383124 0.02362974 0.0171596257 0.0151842577 0.01428315 0.0232223543 0.0133945589 0.0165442377 0.01185947 0.0098711124 0.0280859343 0.0183954102 0.0195993212 0.006419401 0.0070199167 0.005666343 
7 0.0174974682 0.0050934626 0.0034044363 0.0165218966 0.0172398212 0.0080187816 0.0199634907 0.0120325906 0.0224979897 0.0155857338 0.013381439 0.0282317923 0.0235740085 0.0220069644 0.0157995036 0.0128499655 0.0029047232 0.0235736442 0.0166960812 0.0141715678 0.0174889098 0.0104118925 0.0161062971 0.0190658292 0.014876727 0.0155511026 0.020649017 0.0102108738 0.0093212353 0.0119105236 0.0226506939 0.0094421335 0.0242531065 0.0131074188 0.0128087264 0.0225094897 0.0113085744 0.0060609117 0.0087341869 0.0164753581 0.0139285238 0.0140546179 0.0170406101 0.0183239243 0.0078957611 0.0170227006 0.0117234712 0.0095672028 0.0135186063 0.0250834118 0.0184490506 0.0146356013 0.0112956171 0.0201294287 0.0202067042 0.0095520915 0.0168380979 0.020597643 0.0342511319 0.0247265038 0.0081249486 0.0157512454 0.0214309441 0.0118637933 
8 0.0087376579 0.0102809244 0.0216903939 0.0239530658 0.025504691 0.0137442869 0.0120325906 0.021625206 0.0108769227 0.0104454717 0.0177422504 0.0201479072 0.0214779994 0.0157825777 0.0190296055 0.0291026902 0.0244959511 0.0221713296 0.0184182512 0.0169422092 0.0087310643 0.0150273438 0.0101792621 0.00955923 0.0175545043 0.0162199378 0.0175844839 0.0174916277 0.0159623309 0.0145955763 0.0218677582 0.0126278897 0.0099489515 0.0129659148 0.0152475381 0.0073530821 0.0063352568 0.0220625589 0.0106762502 0.0162720855 0.0127143446 0.0075426354 0.0084723246 0.0225647138 0.0078757214 0.0208737847 0.0160638417 0.0065897388 0.0144882036 0.0185160567 0.0128772563 0.0147039939 0.0176264863 0.0105209389 0.0177350584 0.0200019181 0.0082764871 0.0241412861 0.018846133 0.0108339789 0.0258016794 0.0186546124 0.015593426 0.0062207506 
9 0.0109141497 0.0188265952 0.0104797439 0.0092116517 0.0208668899 0.0194436762 0.0224979897 0.0108769227 0.0504434352 0.0213534386 0.0101436153 0.0144500698 0.0227978108 0.0170928518 0.0100904433 0.0211403667 0.0149089476 0.0097709195 0.0143578557 0.0184172961 0.0106572921 0.0142888549 0.0161695668 0.0166186825 0.0145841237 0.0256050408 0.0041740052 0.0071470305 0.0137891089 0.0093850744 0.0125264348 0.0039502587 0.0175581261 0.0177172304 0.0151941868 0.0128420377 0.0180396076 0.0198368781 0.0035455686 0.0068881232 0.0133134662 0.0222057534 0.0326928078 0.0204237388 0.0203426115 0.0175880853 0.0097393132 0.0119322412 0.0239703211 0.0112993252 0.0119686836 0.0219767485 0.0122858954 0.0276018848 0.0086089351 0.0111250103 0.0125502251 0.0095482116 0.0071576564 0.0270837666 0.0113914945 0.0270457341 0.0121046189 0.0074415705 
10 0.0219314877 0.0110380595 0.0111425026 0.0120263194 0.0121456751 0.0124746208 0.0155857338 0.0104454717 0.0213534386 0.0035428588 0.0207387733 0.0171095982 0.0151682841 0.0254184942 0.02534987 0.0133410278 0.0108955037 0.0311809534 0.0053332409 0.0061211135 0.0215552849 0.0159700331 0.012132105 0.0234725331 0.0034337023 0.0161241662 0.0183687658 0.0083542587 0.0177283152 0.0117461402 0.0151096246 0.0123135275 0.0105205291 0.0085096134 0.007802234 0.0125394406 0.0183522785 0.0194557696 0.0134859468 0.0082497011 0.008672044 0.0188073546 0.0276707904 0.0176074209 0.0266886708 0.0226826824 0.0104400536 0.0197630188 0.0295284858 0.0230397399 0.0191490809 0.0174476838 0.014390253 0.0158690032 0.0204690578 0.0159331403 0.0086066034 0.0067338553 0.007451548 0.0113445171 0.0053824646 0.0214575859 0.0262439122 0.0270540363 
11 0.0118531516 0.0121870759 0.0078463223 0.0187446232 0.0201562042 0.0246690143 0.013381439 0.0177422504 0.0101436153 0.0207387733 0.014189506 0.0189486381 0.009964186 0.0194233975 0.0181711226 0.0058587688 0.0135790512 0.0194133476 0.0165800637 0.0222330625 0.0146046487 0.01777046 0.0124046262 0.0051131484 0.0177682 0.0088748126 0.0116685275 0.0189471105 0.0108339642 0.0266071824 0.0270922723 0.0085609632 0.011822966 0.0062894461 0.020198217 0.0304430513 0.0083197834 0.0193299032 0.0259282935 0.0177502776 0.0102554931 0.0158674879 0.0166991916 0.0163128016 0.0148739544 0.0277454462 0.0230075669 0.0092766451 0.0068866861 0.0102996766 0.0100775214 0.0142286343 0.0235742811 0.0180575967 0.0181839015 0.011736225 0.016222334 0.0120201943 0.0111896825 0.0236272907 0.015324581 0.0056064966 0.0284279386 0.0043469052 
12 0.0055631146 0.019002019 0.0089171364 0.0155389082 0.0177823344 0.0048811917 0.0282317923 0.0201479072 0.0144500698 0.0171095982 0.0189486381 0.0182600706 0.0299149081 0.0190938147 0.0104261816 0.0187881545 0.0156985025 0.0174239904 0.0113502258 0.0215958863 0.0064316523 0.0236749567 0.0124726131 0.003498032 0.0165408576 0.0058507503 0.005056729 0.0166784933 0.0054954284 0.0089505121 0.0095896189 0.0202797805 0.0154438124 0.0270324437 0.0151232813 0.0150762962 0.0113600167 0.0175596947 0.0129309124 0.0265516404 0.0193540954 0.0151460765 0.0149256671 0.0258658129 0.0389806651 0.0185237611 0.0144996485 0.0292124326 0.0118457415 0.0128644394 0.0126747615 0.0046518908 0.0112956176 0.0063024923 0.0253459534 0.0103137841 0.0114744072 0.0108701492 0.0078093278 0.007711703 0.02956988 0.0202940459 0.0152172968 0.0165283839 
13 0.0099969985 0.018383503 0.0185045832 0.0122344447 0.0165009929 0.0246493297 0.0235740085 0.0214779994 0.0227978108 0.0151682841 0.009964186 0.0299149081 0.02706064 0.0088327469 0.0157841967 0.018452256 0.0113814984 0.0183865383 0.0112902218 0.0219808586 0.010663159 0.018519667 0.0083182943 0.0226069063 0.0339707017 0.0164755522 0.0148664795 0.0155373 0.0129192472 0.0123517138 0.0139608689 0.019809561 0.020155728 0.0237565957 0.0135304715 0.0115213104 0.0120226738 0.0034201584 0.0054285017 0.0075320283 0.0231487854 0.0062550604 0.0139612651 0.0094140637 0.0098978519 0.0122235074 0.0042997676 0.0190526352 0.0231548795 0.0130280417 0.0059197548 0.015235823 0.012641506 0.0143069968 0.0131161297 0.0226985983 0.0234348359 0.0160951323 0.0113051268 0.0220639474 0.0126146751 0.0230985528 0.0021017428 0.0172283966 
14 0.023616336 0.0186395023 0.0100579422 0.0268302331 0.0197116793 0.0110926338 0.0220069644 0.0157825777 0.0170928518 0.0254184942 0.0194233975 0.0190938147 0.0088327469 0.0041985893 0.0206222068 0.0143044779 0.0195970634 0.0237993588 0.0119987319 0.0244728541 0.0167443409 0.0092677306 0.0149582594 0.0145671684 0.0074275508 0.0173887584 0.0089690413 0.0069854102 0.0076583514 0.0110592373 0.0079433407 0.0091819163 0.0101595625 0.0076737104 0.0099606594 0.0170518772 0.0277887755 0.0228755222 0.0022820223 0.0128995077 0.0120986025 0.0302139159 0.0160433803 0.0155802414 0.0167916544 0.0133055681 0.0142551589 0.0190502931 0.0143716255 0.01374525 0.0175022419 0.0114934402 0.0127570891 0.0203669603 0.0212678127 0.0104128333 0.0104985186 0.0390878519 0.0174327853 0.0173199856 0.0094096622 0.0093138615 0.0169001934 0.0213458751 
15 0.0217463644 0.0071784979 0.016938132 0.0193733065 0.0110052213 0.0119040596 0.0157995036 0.0190296055 0.0100904433 0.02534987 0.0181711226 0.0104261816 0.0157841967 0.0206222068 0.0028385008 0.0166009714 0.0118130372 0.0257936575 0.0252655396 0.0193137665 0.0187606331 0.0137469503 0.0138198943 0.0100647935 0.0273629324 0.0167149693 0.0225659828 0.0141027796 0.0145910666 0.0250774948 0.0150450299 0.0258068059 0.0100750573 0.0127336868 0.0041186572 0.0110536251 0.0116064618 0.0180282156 0.0325893945 0.0167443987 0.0143835082 0.0099403016 0.0217192967 0.0174116676 0.0235914969 0.0158453619 0.0122300092 0.0047397901 0.0173808017 0.0219915748 0.0096517828 0.0188397052 0.0038768839 0.0079080778 0.0056821042 0.0192520138 0.0195999128 0.0162508123 0.008119369 0.0125841892 0.0124910417 0.0249330446 0.0077459861 0.0141782541 
16 0.0114219071 0.0189389906 0.0182906866 0.0095558182 0.0210269394 0.0145427331 0.0128499655 0.0291026902 0.0211403667 0.0133410278 0.0058587688 0.0187881545 0.018452256 0.0143044779 0.0166009714 0.0271542403 0.0117939575 0.0095444019 0.0250140909 0.0228132804 0.0247264739 0.0154693057 0.0225377705 0.0110090958 0.0128035401 0.0173814457 0.0267606773 0.0211597156 0.0107868597 0.0186807643 0.0032373218 0.0175661394 0.0051536293 0.0199255503 0.0228576978 0.0111132683 0.0120728486 0.0042429476 0.0092059874 0.0225910322 0.0067590458 0.0110388233 0.0055440914 0.0143689114 0.0276749743 0.0142874772 0.0150487263 0.0292689629 0.0140143538 0.012895507 0.0132199217 0.0160952293 0.0174301133 0.0209490109 0.0185058246 0.0168130583 0.0031763204 0.0105385814 0.0076338883 0.0157351813 0.0206681179 0.0105978665 0.0126050551 0.0153131615 
17 0.0257794086 0.0055439283 0.0220285629 0.018294523 0.0115044032 0.0079374046 0.0029047232 0.0244959511 0.0149089476 0.0108955037 0.0135790512 0.0156985025 0.0113814984 0.0195970634 0.0118130372 0.0117939575 0.0365280368 0.0085642258 0.0177547327 0.0189540121 0.0307601724 0.0094486006 0.0171363785 0.0189928747 0.0180603852 0.0254366302 0.0178152286 0.0078941576 0.0194713714 0.0093582998 0.0145800773 0.0098487995 0.0148331717 0.0120779497 0.0230153924 0.022928195 0.0167256061 0.0119609757 0.018268659 0.0204303563 0.0243679873 0.0069182554 0.0053696829 0.023494365 0.0141425618 0.0083492162 0.014382396 0.0192341184 0.0065256675 0.0116758948 0.027329895 0.0065184383 0.0255357924 0.0122952341 0.0188715325 0.0113891831 0.015291388 0.0157766135 0.0062745268 0.0160502677 0.0164144537 0.0111125246 0.0172480578 0.0164311921 
18 0.0264811292 0.0217421857 0.0220443241 0.0095548401 0.010995166 0.010589296 0.0235736442 0.0221713296 0.0097709195 0.0311809534 0.0194133476 0.0174239904 0.0183865383 0.0237993588 0.0257936575 0.0095444019 0.0085642258 0.0124257623 0.017397315 0.0121171104 0.015784422 0.0236915312 0.0166158885 0.006009644 0.0040115934 0.0071664208 0.0286519208 0.0190912043 0.0063782229 0.0147184614 0.0095249756 0.0251267623 0.0066750131 0.0217051391 0.021331428 0.0126271501 0.0119154718 0.0172374048 0.0190360307 0.0115102001 0.0018148927 0.0225774235 0.0194096002 0.0122956484 0.0122076611 0.0046774844 0.01108732 0.0167589995 0.0178157032 0.0147462917 0.0140968905 0.012103301 0.0089049316 0.0082297083 0.0122893005 0.0165651084 0.0256078407 0.0177041648 0.024000427 0.0261783328 0.0094501062 0.0095668684 0.0116363286 0.0184972859 
19 0.0107891112 0.0169240003 0.0190571497 0.0173111924 0.0118796491 0.0104035758 0.0166960812 0.0184182512 0.0143578557 0.0053332409 0.0165800637 0.0113502258 0.0112902218 0.0119987319 0.0252655396 0.0250140909 0.0177547327 0.017397315 0.0126127113 0.0107259086 0.0100273211 0.0145945909 0.0052685524 0.0109430308 0.0252731439 0.023353038 0.0157420546 0.0213713407 0.021128516 0.0096473223 0.0098246864 0.0189382393 0.0246210373 0.0183650094 0.0256938307 0.0183815537 0.0152139444 0.0247417095 0.0266320614 0.0132444847 0.0080629837 0.0111423364 0.0221665185 0.0119972271 0.0061756088 0.0133154372 0.0127301103 0.0152374862 0.0225191999 0.0184748586 0.0074490482 0.0312641335 0.0156677588 0.0148589114 0.0097201194 0.0113693481 0.0143653724 0.013188619 0.0159877905 0.0249563721 0.0046268426 0.0063900542 0.01258321 0.0215855366 
20 0.0177604606 0.0141016214 0.0127392178 0.0104308445 0.0228885797 0.0272805387 0.0141715678 0.0169422092 0.0184172961 0.0061211135 0.0222330625 0.0215958863 0.0219808586 0.0244728541 0.0193137665 0.0228132804 0.0189540121 0.0121171104 0.0107259086 0.0087933154 0.0103791296 0.014379385 0.0247369881 0.0113964538 0.0089977519 0.0122543287 0.027732489 0.0184135345 0.0239219675 0.0223160696 0.0151695853 0.016054446 0.0116300409 0.0055021909 0.0225483421 0.0291914396 0.0116510119 0.013561762 0.0063392696 0.0219508416 0.0092182641 0.0239487896 0.0107211489 0.016132262 0.0227992748 0.0116272532 0.0156878306 0.0089799043 0.0150464299 0.0144274465 0.013525855 0.0168007717 0.0217977824 0.0087295575 0.0086686321 0.0138131968 0.0038759376 0.0146418114 0.0146460952 0.0102342241 0.0069222309 0.0069631989 0.011191574 0.0276199967 
21 0.0055610205 0.0166917027 0.0145453182 0.0049277364 0.0247534594 0.0176379502 0.0174889098 0.0087310643 0.0106572921 0.0215552849 0.0146046487 0.0064316523 0.010663159 0.0167443409 0.0187606331 0.0247264739 0.0307601724 0.015784422 0.0100273211 0.0103791296 0.0248989032 0.0246617271 0.0033064247 0.0077446436 0.0122491543 0.0143204465 0.0337217639 0.0210452347 0.02318243 0.007458997 0.0095895631 0.0123420296 0.0138066987 0.0148369489 0.0216457539 0.0125139015 0.0215904168 0.0138740232 0.0059604201 0.0276122016 0.0162671559 0.0159397556 0.0153132172 0.0160527068 0.0164719114 0.019539287 0.0228422931 0.0135428521 0.0059260704 0.0194951361 0.021847818 0.0207952866 0.0047741727 0.008276135 0.0228754566 0.0076248519 0.0107259895 0.0072871072 0.0090814907 0.0224612164 0.0168382983 0.0204412069 0.0187527138 0.0190344966 
22 0.0250096052 0.0176377998 0.0171430572 0.0138425206 0.0119972651 0.02323154 0.0104118925 0.0150273438 0.0142888549 0.0159700331 0.01777046 0.0236749567 0.018519667 0.0092677306 0.0137469503 0.0154693057 0.0094486006 0.0236915312 0.0145945909 0.014379385 0.0246617271 0.0112077583 0.007312855 0.0120127559 0.0152455793 0.0085917423 0.0065819188 0.0093036383 0.0248786316 0.0210417448 0.0224500444 0.0194802575 0.0164152255 0.0171891026 0.0135604101 0.005735891 0.0166823147 0.0134759732 0.0163606243 0.0291842822 0.0140400198 0.0216239563 0.0169848612 0.0273098137 0.0154484073 0.0155884933 0.0259477843 0.0160178518 0.0034467867 0.0111615747 0.0170882564 0.011704042 0.0253357135 0.0287773844 0.0091831605 0.0127585644 0.0175673653 0.0083199666 0.0141603119 0.0167973285 0.0104302232 0.0112668452 0.0004303215 0.0121154009 
23 0.0130992218 0.0054308192 0.0117739004 0.0140927478 0.0250433072 0.0190900308 0.0161062971 0.0101792621 0.0161695668 0.012132105 0.0124046262 0.0124726131 0.0083182943 0.0149582594 0.0138198943 0.0225377705 0.0171363785 0.0166158885 0.0052685524 0.0247369881 0.0033064247 0.007312855 0.0240691975 0.0093935133 0.008804036 0.0231551864 0.0101114205 0.0184337359 0.0116214255 0.0078475764 0.0110635687 0.0074534658 0.0082386751 0.0105214307 0.0243727745 0.0162096639 0.0151700737 0.0181718504 0.0209616307 0.0113997814 0.0135398117 0.0129773474 0.0254339945 0.0257384211 0.0224608222 0.0155403366 0.0167172674 0.0216333663 0.0183950485 0.0091475936 0.028353257 0.0401371992 0.0107259105 0.0147266672 0.0131861118 0.0131072505 0.0182704415 0.0216687177 0.0153741197 0.0264703218 0.0155503917 0.0098818889 0.0156351071 0.0163237968 
24 0.022074339 0.0199924651 0.0225813297 0.0235782514 0.0119268107 0.0142524069 0.0190658292 0.00955923 0.0166186825 0.0234725331 0.0051131484 0.003498032 0.0226069063 0.0145671684 0.0100647935 0.0110090958 0.0189928747 0.006009644 0.0109430308 0.0113964538 0.0077446436 0.0120127559 0.0093935133 0.0281812874 0.0216762578 0.0127597004 0.0020594305 0.0135897586 0.0144420095 0.0276949916 0.0309522351 0.0097611653 0.0074051277 0.0117824981 0.0119135088 0.0067721459 0.014126394 0.0219956874 0.0257174546 0.0069293184 0.0110846302 0.0078659127 0.0076413094 0.0132440427 0.0183307787 0.0094071506 0.0195437945 0.0111038364 0.021799658 0.0285256456 0.0150922728 0.0201100318 0.0216402369 0.0135516515 0.0118817843 0.0278039734 0.0174904908 0.0237500444 0.0116351381 0.0090979726 0.037199296 0.0181950379 0.0139009718 0.0158714293 
25 0.0110101528 0.0164136892 0.0289346174 0.0251567996 0.0067330618 0.0099903738 0.014876727 0.0175545043 0.0145841237 0.0034337023 0.0177682 0.0165408576 0.0339707017 0.0074275508 0.0273629324 0.0128035401 0.0180603852 0.0040115934 0.0252731439 0.0089977519 0.0122491543 0.0152455793 0.008804036 0.0216762578 0.0251381365 0.0196153254 0.016091691 0.0247127098 0.012071131 0.0193769081 0.0210090861 0.0133449619 0.0084040325 0.012364776 0.0077232037 0.0128593144 0.0087194087 0.0061052966 0.0130464317 0.0123303657 0.0386465187 0.0146761442 0.0090496203 0.016300252 0.0154000871 0.0095272396 0.0062845427 0.0181412708 0.0305456815 0.0071772918 0.0115983301 0.0159996457 0.0143990011 0.0188022867 0.0180781484 0.0306325037 0.0232334655 0.014237621 0.013283133 0.0091486364 0.0079748411 0.0133073909 0.0235125546 0.0082515778 
26 0.0095175769 0.0129284019 0.0212775936 0.0219761823 0.0225387716 0.0233931181 0.0155511026 0.0162199378 0.0256050408 0.0161241662 0.0088748126 0.0058507503 0.0164755522 0.0173887584 0.0167149693 0.0173814457 0.0254366302 0.0071664208 0.023353038 0.0122543287 0.0143204465 0.0085917423 0.0231551864 0.0127597004 0.0196153254 0.0064258885 0.0112292962 0.0157791546 0.0138159711 0.0129960366 0.0223337413 0.0178539387 0.0206091742 0.0102170264 0.0124974372 0.0213817521 0.0120041164 0.0124596695 0.0155236872 0.010510201 0.017731434 0.0300267114 0.0103875986 0.0129303615 0.024505562 0.0255095205 0.0189016161 0.0148407685 0.0058601901 0.0142914469 0.0064650655 0.0083310602 0.013038562 0.0115023902 0.0145958436 0.0250150045 0.0217503458 0.0114856565 0.0148154375 0.0173927834 0.0206244689 0.0083480029 0.0100932461 0.0114488335 
27 0.0195578528 0.0082363283 0.0239655792 0.0194237825 0.0067292736 0.0220507567 0.020649017 0.0175844839 0.0041740052 0.0183687658 0.0116685275 0.005056729 0.0148664795 0.0089690413 0.0225659828 0.0267606773 0.0178152286 0.0286519208 0.0157420546 0.027732489 0.0337217639 0.0065819188 0.0101114205 0.0020594305 0.016091691 0.0112292962 0.0072475898 0.0174976142 0.0170283579 0.0177395271 0.0090011446 0.0212260513 0.0053535463 0.0223389922 0.0183241203 0.0254256045 0.0115420673 0.0177958474 0.0152857269 0.0150961099 0.0250683454 0.0145510679 0.0085388643 0.0281183308 0.0097682463 0.0146209333 0.0223549994 0.0032484311 0.0164972877 0.0100011169 0.0133890117 0.0252405606 0.0160262569 0.0188853361 0.0078129125 0.0173916718 0.0078416397 0.0159801134 0.0122232121 0.0154679377 0.0179279814 0.0124977347 0.0100530835 0.015228129 
28 0.0213015141 0.0219513896 0.0161424741 0.020337951 0.0119952915 0.0116191838 0.0102108738 0.0174916277 0.0071470305 0.0083542587 0.0189471105 0.0166784933 0.0155373 0.0069854102 0.0141027796 0.0211597156 0.0078941576 0.0190912043 0.0213713407 0.0184135345 0.0210452347 0.0093036383 0.0184337359 0.0135897586 0.0247127098 0.0157791546 0.0174976142 0.0086266251 0.0194072099 0.0226333825 0.0107298279 0.0193445543 0.0208796053 0.0123034251 0.0207557283 0.0147447261 0.0242156531 0.0158288315 0.0245198101 0.0037372388 0.0152942252 0.0176205164 0.0056466703 0.0131237655 0.0110226006 0.016289562 0.017928416 0.0125213548 0.0178660865 0.0104942046 0.0163523422 0.00973847 0.0210483011 0.0113668448 0.016288679 0.0173392681 0.0238365109 0.0135671861 0.012914346 0.0167816206 0.0177521454 0.0129224935 0.016263894 0.0111993913 
29 0.0121996741 0.0162998948 0.0108320353 0.0107556678 0.0133675597 0.0204869734 0.0093212353 0.0159623309 0.0137891089 0.0177283152 0.0108339642 0.0054954284 0.0129192472 0.0076583514 0.0145910666 0.0107868597 0.0194713714 0.0063782229 0.021128516 0.0239219675 0.02318243 0.0248786316 0.0116214255 0.0144420095 0.012071131 0.0138159711 0.0170283579 0.0194072099 0.0163462569 0.0158656266 0.0187602781 0.0100090805 0.0125165042 0.022870717 0.0186701663 0.0097151718 0.0281308943 0.0060879821 0.0115922989 0.0165075254 0.0121008818 0.016989108 0.0157567343 0.020198944 0.0095649026 0.0179212625 0.0158637821 0.0203770876 0.0176662295 0.0101818979 0.0185759065 0.0258081969 0.0219870054 0.0124263784 0.0125499195 0.0093022783 0.0180310286 0.0255953869 0.0207830611 0.0184981866 0.0293620412 0.0138580354 0.0039719821 0.0151823037 
30 0.0061770334 0.0089144985 0.0072628781 0.0007596062 0.0108805986 0.0254135904 0.0119105236 0.0145955763 0.0093850744 0.0117461402 0.0266071824 0.0089505121 0.0123517138 0.0110592373 0.0250774948 0.0186807643 0.0093582998 0.0147184614 0.0096473223 0.0223160696 0.007458997 0.0210417448 0.0078475764 0.0276949916 0.0193769081 0.0129960366 0.0177395271 0.0226333825 0.0158656266 0.0114627677 0.0279508689 0.0133555347 0.0159779962 0.0292401638 0.0184274523 0.0132406962 0.0084281301 0.0215050017 0.0110981847 0.026535126 0.0226272759 0.0119994527 0.0150267054 0.0155851293 0.0155170482 0.0091093762 0.0085025429 0.0139426637 0.0103612806 0.0041525028 0.0292647086 0.017038984 0.0191309334 0.0151491377 0.0152866377 0.0186929024 0.0076342189 0.0186600796 0.0176330526 0.0230552707 0.0118421532 0.0285079687 0.0128393059 0.0227513784 
31 0.0098649068 0.0168827593 0.0171396155 0.0291307262 0.0222716725 0.0130222728 0.0226506939 0.0218677582 0.0125264348 0.0151096246 0.0270922723 0.0095896189 0.0139608689 0.0079433407 0.0150450299 0.0032373218 0.0145800773 0.0095249756 0.0098246864 0.0151695853 0.0095895631 0.0224500444 0.0110635687 0.0309522351 0.0210090861 0.0223337413 0.0090011446 0.0107298279 0.0187602781 0.0279508689 0.0140125592 0.0144645301 0.0162778057 0.0070104568 0.0113648179 0.0101757351 0.0143155567 0.0163373435 0.0077181846 0.0211671885 0.0173104903 0.008353514 0.0222065088 0.0157400393 0.0129692824 0.0104921695 0.0142682042 0.0116540005 0.016463897 0.0246338154 0.0170165258 0.0066345024 0.0189835577 0.0195910397 0.0108450456 0.0082989189 0.0238696855 0.0120125442 0.0214369654 0.0119015005 0.0156936409 0.0213398528 0.0222943025 0.0128712188 
32 0.0256534545 0.023775692 0.012293375 0.0123772906 0.0261213308 0.0155379103 0.0094421335 0.0126278897 0.0039502587 0.0123135275 0.0085609632 0.0202797805 0.019809561 0.0091819163 0.0258068059 0.0175661394 0.0098487995 0.0251267623 0.0189382393 0.016054446 0.0123420296 0.0194802575 0.0074534658 0.0097611653 0.0133449619 0.0178539387 0.0212260513 0.0193445543 0.0100090805 0.0133555347 0.0144645301 0.0091996661 0.0255816432 0.0192469575 0.0107810605 0.0142675465 0.0214069299 0.0175115085 0.0012825324 0.0168975555 0.0156444892 0.01799873 0.012427323 0.0141949077 0.010167593 0.0170133531 0.021469492 0.0227406768 0.012761182 0.0083593068 0.0182656488 0.0155172005 0.0092908271 0.014390282 0.0169978105 0.0128266664 0.0247519771 0.0323042348 0.012447921 0.0143198008 0.00995817 0.0204195127 0.0111845129 0.014471136 
33 0.0156723933 0.0134809632 0.0204716895 0.0143152817 0.0137910199 0.0232687628 0.0242531065 0.0099489515 0.0175581261 0.0105205291 0.011822966 0.0154438124 0.020155728 0.0101595625 0.0100750573 0.0051536293 0.0148331717 0.0066750131 0.0246210373 0.0116300409 0.0138066987 0.0164152255 0.0082386751 0.0074051277 0.0084040325 0.0206091742 0.0053535463 0.0208796053 0.0125165042 0.0159779962 0.0162778057 0.0255816432 0.0152523182 0.0234281906 0.0163391135 0.0326903306 0.0135587184 0.0201091085 0.0247744778 0.0189001085 0.0159845692 0.0143370925 0.0132961981 0.0085163189 0.0178851462 0.0084601056 0.0167479389 0.0104522694 0.017240387 0.011501708 0.0180616645 0.0205961313 0.0139676081 0.0162172181 0.0190635669 0.0167191048 0.0330892807 0.03080123 0.0111530307 0.0043338738 0.0125054682 0.0189439564 0.0134007983 0.0063560918 
34 0.0103777073 0.0185740575 0.0266308733 0.0079605974 0.0071383225 0.012917042 0.0131074188 0.0129659148 0.0177172304 0.0085096134 0.0062894461 0.0270324437 0.0237565957 0.0076737104 0.0127336868 0.0199255503 0.0120779497 0.0217051391 0.0183650094 0.0055021909 0.0148369489 0.0171891026 0.0105214307 0.0117824981 0.012364776 0.0102170264 0.0223389922 0.0123034251 0.022870717 0.0292401638 0.0070104568 0.0192469575 0.0234281906 0.0344644319 0.0076753926 0.0143923675 0.0061172149 0.0252918617 0.0136174662 0.0140138978 0.0220419958 0.0094417158 0.0199292717 0.0150624834 0.0138519586 0.0125375005 0.0106684941 0.0095614443 0.0160483662 0.0187657434 0.0139761939 0.0191004677 0.0212511288 0.0167643367 0.0234282522 0.0120148316 0.0131155105 0.017920866 0.0253250729 0.013106635 0.0057288887 0.0263324744 0.0127990297 0.0113435203 
35 0.0066145753 0.0154959292 0.0170934377 0.0140871347 0.0163963345 0.0185047379 0.0128087264 0.0152475381 0.0151941868 0.007802234 0.020198217 0.0151232813 0.0135304715 0.0099606594 0.0041186572 0.0228576978 0.0230153924 0.021331428 0.0256938307 0.0225483421 0.0216457539 0.0135604101 0.0243727745 0.0119135088 0.0077232037 0.0124974372 0.0183241203 0.0207557283 0.0186701663 0.0184274523 0.0113648179 0.0107810605 0.0163391135 0.0076753926 0.0202410659 0.00678679 0.0135279595 0.0122101089 0.0167786995 0.0205625554 0.0123030003 0.0109612418 0.02661722 0.015547752 0.0072040445 0.0196530583 0.0145717892 0.0302814351 0.0215775575 0.0093783165 0.0171487821 0.0178288506 0.0147716077 0.0110326916 0.0090563668 0.0121793754 0.0177051018 0.0165203529 0.0121928808 0.0076806128 0.0266890282 0.0104688032 0.0190543151 0.0177948848 
36 0.0091998906 0.024239908 0.0117853309 0.0194648808 0.0055221587 0.0234048248 0.0225094897 0.0073530821 0.0128420377 0.0125394406 0.0304430513 0.0150762962 0.0115213104 0.0170518772 0.0110536251 0.0111132683 0.022928195 0.0126271501 0.0183815537 0.0291914396 0.0125139015 0.005735891 0.0162096639 0.0067721459 0.0128593144 0.0213817521 0.0254256045 0.0147447261 0.0097151718 0.0132406962 0.0101757351 0.0142675465 0.0326903306 0.0143923675 0.00678679 0.0101978188 0.0206821066 0.0087035088 0.0237315915 0.0147621792 0.0223517758 0.0185465379 0.0154849378 0.0258635539 0.0065773363 0.0165049041 0.019078242 0.009376416 0.0163115751 0.0157114482 0.0212615188 0.0207440047 0.0169013462 0.0141571138 0.0193962236 0.0171470991 0.0116376503 0.0115034884 0.0165962954 0.0061130395 0.0055279776 0.0188308142 0.0120115929 0.0191274556 
37 0.0094112008 0.0219821232 0.0180863115 0.0183503674 0.0219610845 0.0068508226 0.0113085744 0.0063352568 0.0180396076 0.0183522785 0.0083197834 0.0113600167 0.0120226738 0.0277887755 0.0116064618 0.0120728486 0.0167256061 0.0119154718 0.0152139444 0.0116510119 0.0215904168 0.0166823147 0.0151700737 0.014126394 0.0087194087 0.0120041164 0.0115420673 0.0242156531 0.0281308943 0.0084281301 0.0143155567 0.0214069299 0.0135587184 0.0061172149 0.0135279595 0.0206821066 0.0189589057 0.0219508772 0.0125106866 0.0113175697 0.0178298654 0.0211467886 0.0221534802 0.0242942654 0.0077345775 0.0250462208 0.0168917973 0.0140953732 0.0140423218 0.0145728129 0.0079235615 0.0087649844 0.013090346 0.0222033456 0.0126237341 0.0148545143 0.0128356045 0.0168731272 0.0164275741 0.0121545769 0.0124558367 0.0223423029 0.019493168 0.025839605 
38 0.0178367608 0.019283271 0.0076478639 0.0068109701 0.0191126689 0.0176113242 0.0060609117 0.0220625589 0.0198368781 0.0194557696 0.0193299032 0.0175596947 0.0034201584 0.0228755222 0.0180282156 0.0042429476 0.0119609757 0.0172374048 0.0247417095 0.013561762 0.0138740232 0.0134759732 0.0181718504 0.0219956874 0.0061052966 0.0124596695 0.0177958474 0.0158288315 0.0060879821 0.0215050017 0.0163373435 0.0175115085 0.0201091085 0.0252918617 0.0122101089 0.0087035088 0.0219508772 0.0214498075 0.032055346 0.0081123441 0.008441829 0.0161295899 0.0222926291 0.0123840987 0.0113678846 0.0171627253 0.0136780593 0.0208383566 0.0162426532 0.0167897046 0.0233430683 0.0132476061 0.0151419648 0.0169509863 0.0204150576 0.0132947889 0.0074246374 0.0150665081 0.0164816213 0.0045191962 0.0200200175 0.0068350167 0.0158356276 0.0163871244 
39 0.0245173024 0.0146057453 0.0167555669 0.0188095878 0.0074316552 0.0262513421 0.0087341869 0.0106762502 0.0035455686 0.0134859468 0.0259282935 0.0129309124 0.0054285017 0.0022820223 0.0325893945 0.0092059874 0.018268659 0.0190360307 0.0266320614 0.0063392696 0.0059604201 0.0163606243 0.0209616307 0.0257174546 0.0130464317 0.0155236872 0.0152857269 0.0245198101 0.0115922989 0.0110981847 0.0077181846 0.0012825324 0.0247744778 0.0136174662 0.0167786995 0.0237315915 0.0125106866 0.032055346 0.0065598735 0.0328320055 0.0126825256 0.0206560504 0.0221300394 0.01718554 0.0177593238 0.017851461 0.0068387369 0.0100441127 0.006910932 0.014014953 0.0127414822 0.0182746404 0.0149121303 0.0198883057 0.0107959763 0.0099194981 0.0194597463 0.0095289701 0.0195939568 0.0161161098 0.0122893053 0.0227647526 0.0206189893 0.0116410445 
40 0.0181529787 0.0167802828 0.0189107608 0.0123865836 0.0116765594 0.017339273 0.0164753581 0.0162720855 0.0068881232 0.0082497011 0.0177502776 0.0265516404 0.0075320283 0.0128995077 0.0167443987 0.0225910322 0.0204303563 0.0115102001 0.0132444847 0.0219508416 0.0276122016 0.0291842822 0.0113997814 0.0069293184 0.0123303657 0.010510201 0.0150961099 0.0037372388 0.0165075254 0.026535126 0.0211671885 0.0168975555 0.0189001085 0.0140138978 0.0205625554 0.0147621792 0.0113175697 0.0081123441 0.0328320055 0.0130966845 0.0161239069 0.0214594099 0.0129375563 0.0198582115 0.0197559724 0.0042924438 0.0127219224 0.0213477524 0.0163626307 0.020327557 0.0052055679 0.0128586304 0.0290833234 0.0179541855 0.0143611584 0.0163952688 0.0061266088 0.0142944683 0.013432757 0.0060655911 0.0120917764 0.0113712095 0.0232589753 0.006472403 
41 0.0150005331 0.0220606943 0.012628622 0.0079944254 0.0263315286 0.0085949981 0.0139285238 0.0127143446 0.0133134662 0.008672044 0.0102554931 0.0193540954 0.0231487854 0.0120986025 0.0143835082 0.0067590458 0.0243679873 0.0018148927 0.0080629837 0.0092182641 0.0162671559 0.0140400198 0.0135398117 0.0110846302 0.0386465187 0.017731434 0.0250683454 0.0152942252 0.0121008818 0.0226272759 0.0173104903 0.0156444892 0.0159845692 0.0220419958 0.0123030003 0.0223517758 0.0178298654 0.008441829 0.0126825256 0.0161239069 0.0048931809 0.0126706473 0.0093980567 0.0144824932 0.022837723 0.0126182827 0.018018111 0.0046877146 0.0141442404 0.0335183505 0.01209401 0.0183636975 0.016330955 0.0238396701 0.0208318053 0.0101652179 0.0188009006 0.0175242155 0.0089008134 0.0191845931 0.0135931401 0.0078892905 0.0231045519 0.0242907544 
42 0.0127677714 0.0192454641 0.0167926149 0.009382351 0.0165319392 0.0140148212 0.0140546179 0.0075426354 0.0222057534 0.0188073546 0.0158674879 0.0151460765 0.0062550604 0.0302139159 0.0099403016 0.0110388233 0.0069182554 0.0225774235 0.0111423364 0.0239487896 0.0159397556 0.0216239563 0.0129773474 0.0078659127 0.0146761442 0.0300267114 0.0145510679 0.0176205164 0.016989108 0.0119994527 0.008353514 0.01799873 0.0143370925 0.0094417158 0.0109612418 0.0185465379 0.0211467886 0.0161295899 0.0206560504 0.0214594099 0.0126706473 0.0228085575 0.0083517185 0.0129764922 0.018762701 0.0352170652 0.0117656601 0.0158719517 0.0140450697 0.0028834372 0.0238453115 0.0031092021 0.0208849196 0.0141281825 0.0144095695 0.0134296583 0.0291066405 0.0093219961 0.0174807117 0.0174967367 0.0112459347 0.0179815302 0.0114589268 0.013052942 
43 0.0086932687 0.0168885964 0.0141936629 0.0087292624 0.0069122236 0.0168186664 0.0170406101 0.0084723246 0.0326928078 0.0276707904 0.0166991916 0.0149256671 0.0139612651 0.0160433803 0.0217192967 0.0055440914 0.0053696829 0.0194096002 0.0221665185 0.0107211489 0.0153132172 0.0169848612 0.0254339945 0.0076413094 0.0090496203 0.0103875986 0.0085388643 0.0056466703 0.0157567343 0.0150267054 0.0222065088 0.012427323 0.0132961981 0.0199292717 0.02661722 0.0154849378 0.0221534802 0.0222926291 0.0221300394 0.0129375563 0.0093980567 0.0083517185 0.00810695 0.016174047 0.0119899471 0.0101623957 0.0131603369 0.0108957382 0.0190677273 0.0165816289 0.0243694419 0.0175180476 0.0128947498 0.0241140997 0.0350685957 0.0102860183 0.0199432558 0.0141788166 0.027351688 0.0052907732 0.0209877064 0.0051056692 0.0235420183 0.0115337772 
44 0.0112475816 0.0167944579 0.0088879432 0.0167525384 0.0135662975 0.0147413846 0.0183239243 0.0225647138 0.0204237388 0.0176074209 0.0163128016 0.0258658129 0.0094140637 0.0155802414 0.0174116676 0.0143689114 0.023494365 0.0122956484 0.0119972271 0.016132262 0.0160527068 0.0273098137 0.0257384211 0.0132440427 0.016300252 0.0129303615 0.0281183308 0.0131237655 0.020198944 0.0155851293 0.0157400393 0.0141949077 0.0085163189 0.0150624834 0.015547752 0.0258635539 0.0242942654 0.0123840987 0.01718554 0.0198582115 0.0144824932 0.0129764922 0.016174047 0.0060443773 0.0129403578 0.01171582 0.0135450668 0.0162939375 0.0142942194 0.0151117506 0.007714212 0.0181202262 0.0105401252 0.0163655603 0.0223475159 0.0097820794 0.0161420358 0.0112261215 0.0052402204 0.0206261035 0.0081676024 0.019975094 0.0114931575 0.0076494437 
45 0.0092288926 0.0155246694 0.0145050322 0.0097844655 0.0131348411 0.0141857721 0.0078957611 0.0078757214 0.0203426115 0.0266886708 0.0148739544 0.0389806651 0.0098978519 0.0167916544 0.0235914969 0.0276749743 0.0141425618 0.0122076611 0.0061756088 0.0227992748 0.0164719114 0.0154484073 0.0224608222 0.0183307787 0.0154000871 0.024505562 0.0097682463 0.0110226006 0.0095649026 0.0155170482 0.0129692824 0.010167593 0.0178851462 0.0138519586 0.0072040445 0.0065773363 0.0077345775 0.0113678846 0.0177593238 0.0197559724 0.022837723 0.018762701 0.0119899471 0.0129403578 0.0249579039 0.0150348098 0.0104009399 0.0231142707 0.0149530537 0.022667877 0.0176929678 0.024517682 0.0086474999 0.021814562 0.0127828889 0.0033877633 0.0040556538 0.0092509472 0.0268554231 0.015750713 0.0132962915 0.017896332 0.024113104 0.0122129608 
46 0.0146512154 0.0073651981 0.0198052139 0.0099807681 0.0183794956 0.0191089409 0.0170227006 0.0208737847 0.0175880853 0.0226826824 0.0277454462 0.0185237611 0.0122235074 0.0133055681 0.0158453619 0.0142874772 0.0083492162 0.0046774844 0.0133154372 0.0116272532 0.019539287 0.0155884933 0.0155403366 0.0094071506 0.0095272396 0.0255095205 0.0146209333 0.016289562 0.0179212625 0.0091093762 0.0104921695 0.0170133531 0.0084601056 0.0125375005 0.0196530583 0.0165049041 0.0250462208 0.0171627253 0.017851461 0.0042924438 0.0126182827 0.0352170652 0.0101623957 0.01171582 0.0150348098 0.0056984339 0.017039157 0.0171127791 0.0082204289 0.0093623046 0.0218950376 0.0056328382 0.0174485009 0.0164494914 0.0202341516 0.0168405267 0.0193073667 0.015854183 0.0193279791 0.0289909701 0.0140316863 0.0137442283 0.0180301193 0.020605742 
47 0.0148902868 0.0227143825 0.0091789354 0.0179560958 0.0225212296 0.0201622587 0.0117234712 0.0160638417 0.0097393132 0.0104400536 0.0230075669 0.0144996485 0.0042997676 0.0142551589 0.0122300092 0.0150487263 0.014382396 0.01108732 0.0127301103 0.0156878306 0.0228422931 0.0259477843 0.0167172674 0.0195437945 0.0062845427 0.0189016161 0.0223549994 0.017928416 0.0158637821 0.0085025429 0.0142682042 0.021469492 0.0167479389 0.0106684941 0.0145717892 0.019078242 0.0168917973 0.0136780593 0.0068387369 0.0127219224 0.018018111 0.0117656601 0.0131603369 0.0135450668 0.0104009399 0.017039157 0.0263822199 0.0203124066 0.0165326719 0.0196234412 0.0150290898 0.0193245255 0.023746735 0.0089986457 0.0137391646 0.0226438729 0.0116993015 0.0134478885 0.0173090718 0.012583529 0.0210101662 0.0090121972 0.0199073897 0.0103282937 
48 0.011536602 0.0171015799 0.0250291272 0.0100951285 0.0299003469 0.0108890419 0.0095672028 0.0065897388 0.0119322412 0.0197630188 0.0092766451 0.0292124326 0.0190526352 0.0190502931 0.0047397901 0.0292689629 0.0192341184 0.0167589995 0.0152374862 0.0089799043 0.0135428521 0.0160178518 0.0216333663 0.0111038364 0.0181412708 0.0148407685 0.0032484311 0.0125213548 0.0203770876 0.0139426637 0.0116540005 0.0227406768 0.0104522694 0.0095614443 0.0302814351 0.009376416 0.0140953732 0.0208383566 0.0100441127 0.0213477524 0.0046877146 0.0158719517 0.0108957382 0.0162939375 0.0231142707 0.0171127791 0.0203124066 0.0159987134 0.0156689431 0.0137765504 0.0085625281 0.0207125393 0.0127856203 0.0181779974 0.0066574498 0.0248567395 0.0148363987 0.0187710281 0.0067373389 0.0170816183 0.0172891786 0.0179247062 0.0143723528 0.0185248834 
