25
1 0.0 0.0263784867 0.0652068873 0.0161413111 0.0583835795 0.0250243276 0.0285079483 0.0606385333 0.0438505793 0.0219810854 0.0047784013 0.0533374508 0.0705821999 0.0682969211 0.0467826173 0.0441989744 0.0465949066 0.0361885791 0.0205177318 0.0465758093 0.0439897986 0.0681605645 0.0624364531 0.0090063756 0.0324404778
2 0.0263784867 0.0 0.0631262038 0.0495414359 0.0665710707 0.0738787984 0.0428935434 0.0369080185 0.0218437745 0.0471508359 0.0260928454 0.0518589779 0.0596241161 0.0145313574 0.0268601467 0.0515108063 0.0310940152 0.0235958743 0.0473597438 0.0389140628 0.0122798162 0.0514554555 0.047761548 0.0611659479 0.0276031186
3 0.0652068873 0.0631262038 0.0 0.048412575 0.0522102551 0.0333727824 0.0300085011 0.0695410244 0.0251279254 0.0610306919 0.0293230859 0.0223371303 0.0533671947 0.0615736219 0.0542640103 0.0283724868 0.04423121 0.0332875836 0.0536980545 0.0141629214 0.0357720013 0.0402203103 0.017042924 0.0299561339 0.034354485
4 0.0161413111 0.0495414359 0.048412575 0.0 0.0417269901 0.0378088591 0.0616109236 0.0316542343 0.0419847126 0.0492596222 0.027189119 0.0476469232 0.0216013985 0.0210540402 0.0728279656 0.0316552076 0.0459289862 0.041326355 0.0350290875 0.0548311643 0.0372570888 0.0441559866 0.0381660441 0.0481534979 0.0550364716
5 0.0583835795 0.0665710707 0.0522102551 0.0417269901 0.0 0.063266891 0.0492793067 0.0320521793 0.0227410316 0.0291036579 0.0313861419 0.0375877568 0.0192266886 0.0407338555 0.0245696606 0.0528043554 0.0259033236 0.0438154347 0.0516376042 0.0446014103 0.028076091 0.0377990315 0.0457338924 0.0422698146 0.058519977
6 0.0250243276 0.0738787984 0.0333727824 0.0378088591 0.063266891 0.0 0.0208823944 0.0338386447 0.0492243919 0.0814917626 0.0096662616 0.0638474712 0.012602917 0.066003277 0.0263553526 0.0467999062 0.0153494744 0.0393636574 0.073433396 0.0527211258 0.0221023753 0.0424239061 0.0090969181 0.0521694907 0.0492756187
7 0.0285079483 0.0428935434 0.0300085011 0.0616109236 0.0492793067 0.0208823944 0.0 0.0377902079 0.058500978 0.0132914582 0.0144589291 0.0414129717 0.0264240173 0.0551396431 0.0708361718 0.037811431 0.0303551453 0.0637319736 0.0765156961 0.0270418605 0.0309329201 0.0477833757 0.0515765434 0.068554764 0.0146592957
8 0.0606385333 0.0369080185 0.0695410244 0.0316542343 0.0320521793 0.0338386447 0.0377902079 0.0 0.0669632481 0.0537248729 0.0168043916 0.0290662745 0.0159310556 0.0448750546 0.0101045603 0.0566145534 0.0518974861 0.0424656947 0.0200917465 0.0533779606 0.0650812784 0.050549673 0.0092223017 0.0679164116 0.0428905937
9 0.0438505793 0.0218437745 0.0251279254 0.0419847126 0.0227410316 0.0492243919 0.058500978 0.0669632481 0.0 0.0666848141 0.0370272082 0.0589860165 0.0239080275 0.0549145522 0.0302867893 0.0310194387 0.058607007 0.0436652858 0.0620550183 0.0309081175 0.0484194926 0.0514386036 0.0163035049 0.035354554 0.0201849284
10 0.0219810854 0.0471508359 0.0610306919 0.0492596222 0.0291036579 0.0814917626 0.0132914582 0.0537248729 0.0666848141 0.0 0.0851168721 0.0284546244 0.0523946335 0.0225113052 0.0248720249 0.043060577 0.0215318484 0.0215460307 0.0073620076 0.0281527236 0.0563782952 0.0333693738 0.0359315161 0.0760165917 0.0395827746
11 0.0047784013 0.0260928454 0.0293230859 0.027189119 0.0313861419 0.0096662616 0.0144589291 0.0168043916 0.0370272082 0.0851168721 0.0 0.0525606781 0.046044407 0.0404461186 0.0788098839 0.0623871253 0.0420216472 0.0316033923 0.0407459273 0.0696572041 0.0520037793 0.0437093493 0.0696594071 0.0441582576 0.0443495669
12 0.0533374508 0.0518589779 0.0223371303 0.0476469232 0.0375877568 0.0638474712 0.0414129717 0.0290662745 0.0589860165 0.0284546244 0.0525606781 0.0 0.0169697585 0.034669113 0.0295676946 0.0382869154 0.026278457 0.080240296 0.0612326178 0.0449251176 0.0150249505 0.0538062552 0.0554462325 0.0143091294 0.0421471872
13 0.0705821999 0.0596241161 0.0533671947 0.0216013985 0.0192266886 0.012602917 0.0264240173 0.0159310556 0.0239080275 0.0523946335 0.046044407 0.0169697585 0.0 0.0423375157 0.036310375 0.0644500356 0.0479392862 0.0311582956 0.0604734667 0.0459387204 0.0545019309 0.0145001477 0.0713458106 0.0629938156 0.0493741858
14 0.0682969211 0.0145313574 0.0615736219 0.0210540402 0.0407338555 0.066003277 0.0551396431 0.0448750546 0.0549145522 0.0225113052 0.0404461186 0.034669113 0.0423375157 0.0 0.0098738416 0.054344834 0.0524290499 0.0527677893 0.0253826114 0.0207499037 0.0502145782 0.0560544524 0.045586437 0.0210384061 0.0444717207
15 0.0467826173 0.0268601467 0.0542640103 0.0728279656 0.0245696606 0.0263553526 0.0708361718 0.0101045603 0.0302867893 0.0248720249 0.0788098839 0.0295676946 0.036310375 0.0098738416 0.0 0.0202798039 0.0597712978 0.0672082089 0.0266059299 0.0603799472 0.0570132635 0.0231315562 0.0556311298 0.0403399237 0.0473178445
16 0.0441989744 0.0515108063 0.0283724868 0.0316552076 0.0528043554 0.0467999062 0.037811431 0.0566145534 0.0310194387 0.043060577 0.0623871253 0.0382869154 0.0644500356 0.054344834 0.0202798039 0.0 0.0404646042 0.0110089772 0.0364518017 0.0423753792 0.0779577579 0.0299978822 0.0402706418 0.0102683695 0.0476081354
17 0.0465949066 0.0310940152 0.04423121 0.0459289862 0.0259033236 0.0153494744 0.0303551453 0.0518974861 0.058607007 0.0215318484 0.0420216472 0.026278457 0.0479392862 0.0524290499 0.0597712978 0.0404646042 0.0 0.0483880523 0.03342112 0.042780626 0.0401200586 0.0518087743 0.0432643961 0.036696564 0.0631226633
18 0.0361885791 0.0235958743 0.0332875836 0.041326355 0.0438154347 0.0393636574 0.0637319736 0.0424656947 0.0436652858 0.0215460307 0.0316033923 0.080240296 0.0311582956 0.0527677893 0.0672082089 0.0110089772 0.0483880523 0.0 0.0447729885 0.0734664752 0.0548990254 0.036522858 0.0258392248 0.013876544 0.0392614039
19 0.0205177318 0.0473597438 0.0536980545 0.0350290875 0.0516376042 0.073433396 0.0765156961 0.0200917465 0.0620550183 0.0073620076 0.0407459273 0.0612326178 0.0604734667 0.0253826114 0.0266059299 0.0364518017 0.03342112 0.0447729885 0.0 0.0391787499 0.0489478677 0.0455418161 0.0113064055 0.0583274517 0.0199111591
20 0.0465758093 0.0389140628 0.0141629214 0.0548311643 0.0446014103 0.0527211258 0.0270418605 0.0533779606 0.0309081175 0.0281527236 0.0696572041 0.0449251176 0.0459387204 0.0207499037 0.0603799472 0.0423753792 0.042780626 0.0734664752 0.0391787499 0.0 0.0052391639 0.0405619931 0.0233604624 0.0401295696 0.0599695316
21 0.0439897986 0.0122798162 0.0357720013 0.0372570888 0.028076091 0.0221023753 0.0309329201 0.0650812784 0.0484194926 0.0563782952 0.0520037793 0.0150249505 0.0545019309 0.0502145782 0.0570132635 0.0779577579 0.0401200586 0.0548990254 0.0489478677 0.0052391639 0.0 0.0433230097 0.0459479412 0.0441052647 0.0304122507
22 0.0681605645 0.0514554555 0.0402203103 0.0441559866 0.0377990315 0.0424239061 0.0477833757 0.050549673 0.0514386036 0.0333693738 0.0437093493 0.0538062552 0.0145001477 0.0560544524 0.0231315562 0.0299978822 0.0518087743 0.036522858 0.0455418161 0.0405619931 0.0433230097 0.0 0.045231613 0.0312441484 0.0172098639
23 0.0624364531 0.047761548 0.017042924 0.0381660441 0.0457338924 0.0090969181 0.0515765434 0.0092223017 0.0163035049 0.0359315161 0.0696594071 0.0554462325 0.0713458106 0.045586437 0.0556311298 0.0402706418 0.0432643961 0.0258392248 0.0113064055 0.0233604624 0.0459479412 0.045231613 0.0 0.0527454401 0.0810932122
24 0.0090063756 0.0611659479 0.0299561339 0.0481534979 0.0422698146 0.0521694907 0.068554764 0.0679164116 0.035354554 0.0760165917 0.0441582576 0.0143091294 0.0629938156 0.0210384061 0.0403399237 0.0102683695 0.036696564 0.013876544 0.0583274517 0.0401295696 0.0441052647 0.0312441484 0.0527454401 0.0 0.0392035337
25 0.0324404778 0.0276031186 0.034354485 0.0550364716 0.058519977 0.0492756187 0.0146592957 0.0428905937 0.0201849284 0.0395827746 0.0443495669 0.0421471872 0.0493741858 0.0444717207 0.0473178445 0.0476081354 0.0631226633 0.0392614039 0.0199111591 0.0599695316 0.0304122507 0.0172098639 0.0810932122 0.0392035337 0.0
