10
1 0.0 0.1546910254 0.1083845613 0.0614758538 0.0985362939 0.0643369001 0.0948135825 0.1479508679 0.116165635 0.1536452802
2 0.1546910254 0.0 0.0715925859 0.1275195418 0.1585083587 0.144570817 0.1008485401 0.0666413812 0.1037248975 0.0719028524
3 0.1083845613 0.0715925859 0.0 0.1054631189 0.1531346948 0.1228401815 0.1544456449 0.113410755 0.1182748626 0.0524535949
4 0.0614758538 0.1275195418 0.1054631189 0.0 0.122607622 0.1223175513 0.0943513884 0.0912817694 0.1276413688 0.1473417857
5 0.0985362939 0.1585083587 0.1531346948 0.122607622 0.0 0.1228408463 0.0539836232 0.0839261523 0.1034755299 0.102986879
6 0.0643369001 0.144570817 0.1228401815 0.1223175513 0.1228408463 0.0 0.1289526947 0.1013883887 0.0951742183 0.0975784021
7 0.0948135825 0.1008485401 0.1544456449 0.0943513884 0.0539836232 0.1289526947 0.0 0.0802066619 0.1130211959 0.1793766686
8 0.1479508679 0.0666413812 0.113410755 0.0912817694 0.0839261523 0.1013883887 0.0802066619 0.0 0.1715008894 0.1436931343
9 0.116165635 0.1037248975 0.1182748626 0.1276413688 0.1034755299 0.0951742183 0.1130211959 0.1715008894 0.0 0.0510214025
10 0.1536452802 0.0719028524 0.0524535949 0.1473417857 0.102986879 0.0975784021 0.1793766686 0.1436931343 0.0510214025 0.0
