128
1 0.0056529964 0.0065738956 0.0106355557 0.0055170277 0.0077774946 0.0045300911 0.0082946006 0.0056811644 0.0100382808 0.0061011243 0.009169743 0.0084202839 0.0063833656 0.0077440609 0.0129241454 0.0046613542 0.0047466832 0.009529569 0.0112216572 0.0095211653 0.0050424513 0.0107158133 0.0050336004 0.008529872 0.0059962557 0.0096697288 0.0095036269 0.0088333626 0.0033401828 0.0083014323 0.0067731391 0.0068061134 0.009775509 0.010002875 0.0044676634 0.0057876238 0.0073741096 0.010495567 0.009340569 0.0103885183 0.0096085709 0.0083966409 0.0079472938 0.0074152481 0.0083718045 0.0037711019 0.0077375679 0.0051127903 0.0038128769 0.0069775553 0.0085494052 0.0070093195 0.0056709578 0.0154571192 0.0078767321 0.0098968971 0.0087542211 0.0103392412 0.0059779679 0.0043915007 0.0058334075 0.0051024671 0.0080416892 0.0147787754 0.0096236342 0.0059903655 0.0043529493 0.0069174155 0.0056414571 0.0056831382 0.0068067933 0.003869478 0.0121993449 0.0079376602 0.0099847543 0.0085587626 0.0100003976 0.0026852048 0.0140128307 0.0115898747 0.0058367902 0.0057386423 0.0066943221 0.0050397156 0.0089910008 0.0102348981 0.0103187577 0.0067444329 0.0035278176 0.0081625949 0.0090948007 0.0036621391 0.0076611624 0.0091870761 0.0056260468 0.0141216558 0.0157885092 0.0127619924 0.0095267301 0.0095709373 0.0060634573 0.0090532145 0.0116320018 0.0103932921 0.0102062329 0.0091671928 0.0058390854 0.0029120995 0.0097355808 0.0098952992 0.0092152521 0.0054711117 0.0043061615 0.0018994091 0.0057547705 0.002671087 0.0072156098 0.0043244293 0.0108315052 0.0131696702 0.0101447647 0.0053921423 0.0056338292 0.0059270938 0.0047803874 0.0096208587 0.0086029485 0.0078640052 
2 0.0065738956 0.0092624169 0.0060995446 0.0060194763 0.0088893261 0.0124442811 0.020028418 0.0108030801 0.0063570701 0.0076787033 0.0107639518 0.0041773034 0.0104631512 0.0128641481 0.0068733184 0.0055288851 0.0044778467 0.0116347667 0.0054708756 0.0106106339 0.005923996 0.0059763756 0.0077699553 0.009086652 0.0102785826 0.0076112938 0.0088798995 0.0146739982 0.0058167455 0.0108615005 0.0064837354 0.0029863799 0.0047844716 0.0067216776 0.0070308112 0.0058988576 0.0042179601 0.0107422902 0.0070983051 0.0026094996 0.010293667 0.00767084 0.0055413142 0.0108084602 0.0063816302 0.0056508802 0.0072608155 0.0083655546 0.0079711776 0.0088652082 0.0125343859 0.0101070807 0.0099399279 0.0054398893 0.0027449724 0.0075727556 0.0070893786 0.0064386994 0.0041494427 0.0093055025 0.0138564448 0.008366423 0.0034984267 0.0012609245 0.011897103 0.0071019147 0.0089044182 0.0025947512 0.0089997183 0.0055114998 0.0126309997 0.0097702908 0.0069195221 0.0041692861 0.0111070903 0.0098000555 0.0121054215 0.0060955823 0.017660784 0.0103969423 0.0102191982 0.0074908568 0.00457278 0.0057425507 0.0049274206 0.007377316 0.002801266 0.0104064588 0.0075411433 0.0057489236 0.005945257 0.0056734269 0.0073839157 0.0102415815 0.0055305487 0.007281647 0.0070497173 0.0038825155 0.0068662696 0.0102933951 0.0035759084 0.0089292958 0.0083008011 0.0095278119 0.0086420503 0.0045621586 0.0087296575 0.0052239583 0.0030048824 0.0093586482 0.0089235288 0.0033373046 0.0053817433 0.0133556132 0.0123825986 0.005404447 0.0052679052 0.0125831754 0.013229964 0.0079651864 0.0058649515 0.0062634077 0.0070055156 0.0082953996 0.0050345665 0.012598602 0.0050003557 0.0060211128 
3 0.0106355557 0.0060995446 0.0058032201 0.0056805929 0.0090201636 0.0071239091 0.0078494906 0.0112000954 0.0065774819 0.0066403091 0.0054119516 0.0088477086 0.0090552615 0.0086315688 0.0076356939 0.0093996794 0.0056958578 0.0087512475 0.0070486472 0.0068393902 0.0086699485 0.0089093056 0.0066592516 0.0100773449 0.0051610526 0.0084832894 0.0089076338 0.0108059592 0.0076434984 0.0054395471 0.0055900688 0.009794834 0.0076738054 0.0082834198 0.0069917248 0.0073628724 0.0108244799 0.012104759 0.0018233429 0.0107818258 0.0069857645 0.0099672509 0.0065070616 0.0050669849 0.0068849532 0.0094656224 0.005205743 0.0052040939 0.0082207459 0.0158365974 0.0072644718 0.0073174167 0.0076505109 0.0118535339 0.0088566521 0.0116728583 0.0043762228 0.0082069529 0.0125851958 0.0041569174 0.0075801227 0.0096939614 0.0027753229 0.0054904966 0.0096820687 0.0086368594 0.0104774939 0.0072913301 0.0035348543 0.0023886607 0.003215486 0.0072277577 0.0032422839 0.0075141612 0.0046409579 0.0059952193 0.0075112957 0.0102108781 0.0040294793 0.0034758653 0.009985408 0.0112102162 0.0059257446 0.0038940446 0.0092458365 0.0072899945 0.0105208143 0.0081255264 0.0067511844 0.0123749018 0.0093974727 0.0070687769 0.0086548469 0.0042955482 0.0061942729 0.0077361189 0.0098860071 0.0035247061 0.0009374153 0.0080591303 0.0098166016 0.0066017483 0.008607506 0.0077081456 0.0101902282 0.0057117906 0.0044139281 0.009373959 0.0073877125 0.0101170834 0.010856658 0.0045426713 0.0112411914 0.0113892207 0.0089028288 0.0095569075 0.0091760686 0.0107308627 0.0056212535 0.0064665345 0.0137112346 0.0103037478 0.0089995379 0.0095241586 0.0111958724 0.003425794 0.008793763 0.010719586 
4 0.0055170277 0.0060194763 0.0056805929 0.0104864042 0.0096232504 0.0083148709 0.0073932856 0.0062184062 0.0048821966 0.0085359086 0.0057450949 0.0061247057 0.0084368504 0.007647706 0.0126915871 0.0064769648 0.0066396923 0.0098606702 0.0082942551 0.0104975512 0.0095656376 0.0058148442 0.0077583543 0.0071336288 0.0079134778 0.0065337641 0.0065767894 0.0069009704 0.006826343 0.013862594 0.0044083772 0.0051220504 0.0053797581 0.0041312308 0.0106956167 0.0088402173 0.0127793484 0.010806833 0.0090166099 0.0083748762 0.0048093144 0.0092365645 0.0139775852 0.0052286343 0.004801871 0.0056418772 0.0094060408 0.0060452851 0.0093468949 0.0111138677 0.0082369566 0.0089994687 0.0100316101 0.0076276446 0.0058900252 0.0066923819 0.0077608803 0.0124098003 0.0072909119 0.009573932 0.0094433176 0.0056217454 0.0075138445 0.0128675854 0.0062253546 0.0043069734 0.0076926549 0.0121414921 0.0080610943 0.0146922289 0.0076055462 0.0071506874 0.0122153357 0.0037648966 0.0141910874 0.0082284334 0.008585669 0.0082428013 0.0091222341 0.0074283406 0.006183478 0.0067093443 0.0043420165 0.006171908 0.007720387 0.0058051832 0.007335806 0.0034958153 0.0097964291 0.0055871441 0.0072528741 0.0075602967 0.0100468336 0.0090555991 0.0077180764 0.0051942357 0.0066367519 0.0091982974 0.0059794552 0.0118965774 0.0124428656 0.0094006882 0.0095109438 0.0084055809 0.0047640273 0.0027471459 0.0031374901 0.0119363499 0.0070018321 0.0059821307 0.013221088 0.0045021752 0.0071255243 0.0051989296 0.0090816581 0.006936424 0.0067146671 0.0070297829 0.0077908453 0.0075495366 0.0071625833 0.0035865638 0.0078913273 0.0065836371 0.005956731 0.0110257628 0.0046196807 0.0062568315 
5 0.0077774946 0.0088893261 0.0090201636 0.0096232504 0.0208304656 0.0079968229 0.0071535399 0.0077391401 0.0073724914 0.008451764 0.0118208615 0.0092023614 0.0098968054 0.0053212651 0.0067865866 0.007351031 0.0053725486 0.005937879 0.0075326462 0.0031741674 0.0072870147 0.007562756 0.0072213412 0.0081230254 0.0067512559 0.0084545474 0.0096727919 0.0092421938 0.0096285481 0.0075785072 0.0104198318 0.0094867512 0.0053720549 0.0052499442 0.0065775599 0.0067676801 0.0096258604 0.0065642053 0.0095339116 0.0044704277 0.009608368 0.0102392697 0.0096759049 0.0144038888 0.0086144242 0.0109243475 0.0020336866 0.0048014314 0.0110941145 0.0092411189 0.0035113056 0.0097617921 0.006618505 0.0125945245 0.0092178329 0.0043600795 0.0105436628 0.0096552459 0.0089385768 0.0078847894 0.0047175784 0.0062608821 0.0069894888 0.0106955597 0.0059321485 0.0049609162 0.0098028145 0.0044391209 0.0062355845 0.0095321497 0.0018678556 0.0069671426 0.0109113844 0.0153666262 0.0061537294 0.006562013 0.0068913577 0.0053210691 0.0094453585 0.0065441353 0.0096086411 0.0109096456 0.0091808349 0.0038648534 0.0037098645 0.0050598378 0.0050166504 0.0016032451 0.0080259967 0.0053085551 0.0166557632 0.0066174639 0.0034367867 0.00887559 0.0078469502 0.0084739918 0.0044238511 0.0086305171 0.008041392 0.0058690663 0.0073308713 0.005414014 0.0066890511 0.010156877 0.0071825353 0.010447936 0.014199259 0.0082639737 0.0080973418 0.0048569912 0.0100919763 0.006850013 0.0047285118 0.0109996315 0.0087664156 0.0048976739 0.0076704345 0.0063620332 0.006260323 0.006761874 0.0109495699 0.0087714279 0.0036632124 0.0101066775 0.0115420866 0.0085334352 0.0047328556 0.002352897 
6 0.0045300911 0.0124442811 0.0071239091 0.0083148709 0.0079968229 0.0072470317 0.0081760508 0.0062535222 0.0070728535 0.0050091333 0.0073607689 0.0129344841 0.0087028095 0.009063324 0.0057963329 0.0056961225 0.0089345559 0.0053809945 0.0098237028 0.011007404 0.0127395735 0.0110503195 0.0124613912 0.0088191239 0.0128679192 0.0097012119 0.0082291866 0.0088966084 0.0032210646 0.0032759164 0.0105119752 0.0093963497 0.0100569405 0.006399527 0.0080183169 0.0099550947 0.0029553413 0.0077835274 0.0054417043 0.0095723041 0.0077742985 0.0036155108 0.004848366 0.0074765277 0.0087324948 0.0046771734 0.0057367513 0.0080981201 0.0092715692 0.0083747073 0.0037403557 0.0072514531 0.0064660289 0.0083430052 0.0097040125 0.0055516007 0.0112070746 0.0044637904 0.00680458 0.0110961452 0.0064091058 0.0119705743 0.0091357389 0.0015777188 0.0111253565 0.0125089081 0.0088152556 0.0058387379 0.0085280666 0.0030338445 0.0089897162 0.0094853586 0.0079917224 0.0084987064 0.0053161132 0.0081845044 0.0044310777 0.0084202534 0.0110285416 0.0039258057 0.0122644091 0.0065106158 0.0053338278 0.008305575 0.0043894527 0.0098798282 0.0094146782 0.0095141435 0.0126794034 0.0091125618 0.0025826668 0.0080030445 0.0101004108 0.0054152071 0.0085304168 0.0055493177 0.0065754161 0.0091023845 0.0089020671 0.0042315231 0.0044684442 0.0046707726 0.005768572 0.0049862406 0.0087887851 0.0081429475 0.0058220362 0.0057875049 0.0079989283 0.0067428968 0.0037658285 0.0060163212 0.0069938388 0.0101964688 0.0073837963 0.0096334387 0.0098393729 0.0152921954 0.0048077536 0.0063058656 0.0044389674 0.0107781213 0.0160015158 0.0079551092 0.0067867063 0.0068614413 0.0076782724 0.0110197746 
7 0.0082946006 0.020028418 0.0078494906 0.0073932856 0.0071535399 0.0081760508 0.0083111674 0.0072678807 0.0109826807 0.0072756997 0.0115285943 0.0068784159 0.0107649243 0.0049072158 0.0084107768 0.0095747425 0.0013662094 0.0121917954 0.0126726083 0.0079952162 0.0070058697 0.0063321673 0.0118845061 0.0089521421 0.0042714603 0.0045318485 0.0134653709 0.0084556715 0.0092600453 0.0073231218 0.0103097936 0.007864212 0.0107508302 0.0127645223 0.0044980722 0.0098686706 0.0117121844 0.0081555239 0.006289041 0.00385347 0.0070196333 0.0087773647 0.006440139 0.008914118 0.0053837334 0.0058154655 0.0124297527 0.0090653786 0.0101229985 0.0069264334 0.0045292323 0.0073045005 0.0052317732 0.0022184154 0.0062099142 0.0115506847 0.0081400203 0.0112957101 0.0077331214 0.0093174129 0.0068801099 0.0041897654 0.0137615513 0.0053104052 0.0077907126 0.0044807308 0.0098611448 0.0064135226 0.0077772953 0.0079293374 0.0098581347 0.0050202313 0.00553579 0.0042809819 0.0030932371 0.0102620112 0.0095066 0.0063232812 0.0136607502 0.0070230791 0.006121162 0.0108807527 0.0126431382 0.0055939426 0.0062577298 0.0063542285 0.0099856644 0.0060154561 0.0063423395 0.0037199162 0.0060976881 0.0109938071 0.0078657555 0.0119076312 0.006839853 0.0063137425 0.0051391057 0.0091755637 0.0056423957 0.0053440659 0.0055833894 0.0073901803 0.008180891 0.0091940605 0.0087695073 0.006457099 0.0041482189 0.006858231 0.012658826 0.0070120262 0.0151616074 0.0080992977 0.0067188049 0.0069919584 0.0037967858 0.0059049988 0.0053886268 0.0058280336 0.0054574491 0.0038414085 0.0154220899 0.003291801 0.0062117829 0.0065252495 0.0085770313 0.005933576 0.0047378367 0.0066689821 
8 0.0056811644 0.0108030801 0.0112000954 0.0062184062 0.0077391401 0.0062535222 0.0072678807 0.010289909 0.0064951687 0.0090669318 0.004679056 0.0024085301 0.0061965209 0.0056400177 0.0113392271 0.0066876149 0.0057507101 0.0074276142 0.0079153193 0.0091435177 0.0105648479 0.0102130753 0.0095610645 0.0095147434 0.0085347106 0.0067215566 0.0079921153 0.0076669303 0.007863129 0.0043560959 0.0052342378 0.0054802673 0.0072819368 0.0125143105 0.0072751413 0.0087859374 0.0086441742 0.0039566704 0.0133403869 0.0069454987 0.0058690647 0.0122107311 0.0089520348 0.0065676223 0.0056016757 0.0034379686 0.0114606446 0.0055947351 0.0087592922 0.0051095743 0.0053419984 0.0087011433 0.0117809335 0.0121333187 0.0090849918 0.0074380243 0.0072973974 0.0085601385 0.0059784953 0.0073794458 0.0114505602 0.005798429 0.0053017882 0.007574806 0.0118236838 0.0055870493 0.0087648635 0.0073279461 0.0143464977 0.0130526197 0.0081757937 0.0150344849 0.0087991519 0.0025770472 0.0099372424 0.0030942761 0.0076414102 0.0030762074 0.0077542328 0.0106452766 0.012852232 0.0092019293 0.0098560435 0.0125460519 0.007576018 0.0037726983 0.0049457908 0.0104712024 0.004245707 0.0171630084 0.0056100227 0.0074124583 0.0092731472 0.0071118672 0.0119248979 0.0063282806 0.0072650801 0.0066268539 0.0090360244 0.0093967156 0.0037983779 0.0064941892 0.0071794011 0.003720663 0.0125397034 0.0073746195 0.004525281 0.0096725944 0.0063695207 0.0084327667 0.0088522366 0.0100457615 0.0093584281 0.0114614592 0.0078911019 0.0028906607 0.0059977898 0.0044280792 0.0044839998 0.0096438818 0.0050627334 0.0032230743 0.0050017024 0.00854443 0.0066267954 0.0080412474 0.0058454839 0.0042051347 
9 0.0100382808 0.0063570701 0.0065774819 0.0048821966 0.0073724914 0.0070728535 0.0109826807 0.0064951687 0.0053618917 0.0120033793 0.0108965928 0.0078007412 0.0042926071 0.0 0.007595487 0.0042779076 0.0102089684 0.0150394601 0.0087870844 0.008395996 0.0062786861 0.0026455375 0.0083716713 0.0052538315 0.0046068457 0.0073004867 0.0061474104 0.0099125244 0.006294096 0.0134934102 0.0114502623 0.0066479355 0.0095081417 0.0066533861 0.0074902926 0.0076379305 0.0044895157 0.0025433412 0.0048598015 0.0143682801 0.0043608883 0.0057965397 0.0135755697 0.0100304309 0.0034957482 0.0088263622 0.0094124586 0.0071344389 0.0087233269 0.0099298908 0.0048822411 0.0104383974 0.0035143272 0.0103804018 0.0054648796 0.0037543787 0.0036956838 0.0060337517 0.0122074717 0.0153868611 0.007358087 0.0033746582 0.0098578146 0.0042977252 0.0072986408 0.007724787 0.0075780081 0.0066299858 0.0042703274 0.0067707408 0.0097517531 0.008959489 0.0077118379 0.0116022694 0.0043170541 0.0086622697 0.005258249 0.0036633763 0.0061406734 0.0064327949 0.0081953156 0.0074033955 0.0112863918 0.0100925798 0.0046104642 0.0065787625 0.004666006 0.0085973112 0.0069567254 0.0086203859 0.0040745687 0.0089517896 0.008696981 0.0086779527 0.0097174364 0.0107665761 0.0092024727 0.0110837991 0.0050774299 0.0086635796 0.0039800612 0.0070430501 0.0162240604 0.0042957329 0.0105782435 0.0156451945 0.0066696045 0.0040557705 0.0072176758 0.0058411431 0.0093856902 0.0085658025 0.0082884996 0.0080854925 0.0076784283 0.0070133688 0.0133337907 0.0112827646 0.0143395891 0.0068227245 0.0071665906 0.007366774 0.0144388145 0.0082420494 0.0032911101 0.0089782167 0.0120414741 0.0051120424 
10 0.0061011243 0.0076787033 0.0066403091 0.0085359086 0.008451764 0.0050091333 0.0072756997 0.0090669318 0.0120033793 0.0043345228 0.0078481282 0.0041585939 0.0016408409 0.0063971675 0.0054319758 0.0042986376 0.0068370878 0.0081811058 0.0075152303 0.0082036527 0.0108320428 0.0056677935 0.0074532242 0.0109843157 0.0094093373 0.010572693 0.0162885753 0.0078167716 0.0075676027 0.0098588654 0.0115068667 0.0070876431 0.0096544228 0.0110850698 0.0142143061 0.005232662 0.0091499952 0.0075567712 0.0068691181 0.0067599799 0.0068284809 0.0039861661 0.0047409227 0.0085068014 0.0073376789 0.0132275861 0.0113931885 0.0049089064 0.0020044629 0.0089142511 0.0078935121 0.0098881059 0.0116273913 0.0119036698 0.0051970885 0.0059324043 0.0094688747 0.0046285353 0.0143147009 0.010789289 0.0087488473 0.0068644371 0.0086738481 0.0077888694 0.008167477 0.0088680467 0.0038411902 0.00364255 0.007319145 0.0106714387 0.0084766075 0.0054702489 0.0075951577 0.0135780002 0.0063872177 0.0068736395 0.0076329608 0.0066875912 0.0043445805 0.0122974399 0.0095431905 0.0080252923 0.0064590644 0.0059218723 0.006861957 0.0047434387 0.008259873 0.006828772 0.008132585 0.0034074726 0.0088084546 0.0089620736 0.0074387183 0.0073816363 0.003513809 0.0085320612 0.0092667185 0.0146214534 0.0078288633 0.009192867 0.0083682534 0.006864491 0.0070607913 0.0095999419 0.0052981337 0.0083613909 0.0064679302 0.0052704028 0.0063182171 0.0059211728 0.005331134 0.009577088 0.0070382088 0.0080113275 0.0144994989 0.0083505249 0.0109789804 0.0066568669 0.0033432574 0.0043395868 0.0051655187 0.0041013706 0.0107585362 0.0121024655 0.0071167308 0.0056421527 0.0095108466 0.0056157439 
11 0.009169743 0.0107639518 0.0054119516 0.0057450949 0.0118208615 0.0073607689 0.0115285943 0.004679056 0.0108965928 0.0078481282 0.0049644401 0.0111748596 0.0044307394 0.0086165155 0.0043320636 0.0063315857 0.0100568753 0.0108957269 0.0047694828 0.0085799892 0.0017253406 0.0088492067 0.0045317482 0.0131173636 0.0011843248 0.0110984402 0.0070173159 0.0141256487 0.0049174991 0.0112771883 0.0036439605 0.0069615444 0.012864498 0.0065410429 0.0109052328 0.0119530467 0.0084529541 0.00557461 0.0082734714 0.0070875799 0.0131846262 0.0073491719 0.0137975976 0.0086967651 0.0094666651 0.0053523745 0.0097206986 0.0115397117 0.0064733983 0.0047154854 0.0045023593 0.0047304623 0.0038004624 0.0092502253 0.0067108142 0.0076484007 0.01269165 0.0083253448 0.0055489067 0.0056964235 0.0106158475 0.0130086634 0.0052545376 0.0106821482 0.0071831793 0.0087816149 0.0108897604 0.0043558656 0.0120205474 0.0157443422 0.0042585628 0.0087676219 0.0071595315 0.0117630409 0.0035235228 0.0110212454 0.0093808624 0.0075676699 0.0078064571 0.0060580703 0.0021907273 0.0081091348 0.0044181078 0.0108976584 0.0166031141 0.0112741009 0.004440709 0.0057488539 0.0117631905 0.0041425367 0.005751648 0.0033549029 0.0076109873 0.0067811505 0.0067044576 0.0095547684 0.00414335 0.0089933628 0.0059525674 0.0058424561 0.0099614962 0.0031759282 0.0075907587 0.0034106827 0.0078851783 0.0105484775 0.006025242 0.0101964341 0.0066951111 0.009947293 0.0084329 0.00470937 0.0099533995 0.0041658267 0.0127658351 0.0080724859 0.0088132543 0.0074045977 0.0084105254 0.0061176669 0.0067326876 0.0041800079 0.0084532634 0.0029407746 0.008528023 0.0067892856 0.0072815888 0.0020104488 
12 0.0084202839 0.0041773034 0.0088477086 0.0061247057 0.0092023614 0.0129344841 0.0068784159 0.0024085301 0.0078007412 0.0041585939 0.0111748596 0.0135264651 0.0036104612 0.004628452 0.0120018596 0.0050641304 0.0068337306 0.009938319 0.0072761955 0.0079701581 0.0105107952 0.0102231413 0.0098624213 0.0095100939 0.0067785589 0.008245979 0.0082163137 0.0107891772 0.0128589224 0.00133774 0.0056118314 0.009419957 0.0085962906 0.0045657452 0.0091658869 0.0102282422 0.0063442968 0.0051248615 0.007722412 0.01211158 0.0066619029 0.006885767 0.0071753937 0.008932392 0.0059703851 0.0061579252 0.0071088695 0.0049961408 0.00600779 0.0076844915 0.0037536012 0.011720094 0.0119276421 0.0084004177 0.0093598862 0.0087108227 0.0090886766 0.0055318859 0.0074373573 0.005318347 0.0056647729 0.0053953603 0.0061925835 0.0088904345 0.0070701628 0.0072651199 0.0114655124 0.0090991814 0.0068696902 0.0118633696 0.0076057971 0.0091856201 0.0077410902 0.0058163842 0.0131527746 0.0102366075 0.0076447319 0.0088751887 0.0100325145 0.003461344 0.0054700951 0.0059041343 0.005422634 0.0104597743 0.0108604678 0.0066750264 0.0079420741 0.005832681 0.010847843 0.0061866722 0.0072902854 0.0127344227 0.0086640712 0.0063577702 0.006148199 0.0090788061 0.0051420214 0.006134929 0.0095832491 0.0059925749 0.0119046785 0.0060840413 0.011075913 0.0025209602 0.0052490374 0.00707181 0.0128893173 0.0083837947 0.0078952118 0.01020235 0.0068586572 0.0051773467 0.0066406657 0.0067344921 0.0055785947 0.0057272077 0.0077450832 0.0050632728 0.0075915635 0.0066511281 0.0060143271 0.0095201624 0.0095600511 0.0059915354 0.0075881425 0.0103043013 0.0129089796 0.0057796082 
13 0.0063833656 0.0104631512 0.0090552615 0.0084368504 0.0098968054 0.0087028095 0.0107649243 0.0061965209 0.0042926071 0.0016408409 0.0044307394 0.0036104612 0.0076460957 0.0112657055 0.0048530019 0.0069208344 0.0137186135 0.0082625165 0.0058589968 0.0069322169 0.0055315805 0.0102625036 0.0032768492 0.0115009702 0.0123180498 0.0091487835 0.0103944664 0.0091891563 0.0044949445 0.012105589 0.0120029156 0.0080988736 0.0105145435 0.0103320494 0.0037052147 0.0061315413 0.0090606618 0.0083951973 0.0031367039 0.0077628262 0.007405403 0.0069902867 0.0083532278 0.0082506201 0.0068440367 0.0027677385 0.0109766279 0.0065645814 0.0090840027 0.0033243837 0.0080583662 0.006426739 0.0071909478 0.0119529613 0.0120250641 0.0117372193 0.0043923702 0.0112377025 0.0085208779 0.0087133584 0.0024218899 0.0073674475 0.0076801041 0.008920447 0.0093385796 0.0084554526 0.0043900694 0.0054586096 0.006742792 0.0045502901 0.0066434986 0.0076179241 0.0055094988 0.007140136 0.0065787349 0.0043306633 0.005720163 0.0103553591 0.0058805121 0.011781441 0.0080302254 0.003879826 0.0064547625 0.0088177975 0.0118554323 0.0135544166 0.0061063888 0.0053028748 0.008477063 0.0093226335 0.0081223588 0.0052900772 0.0062188737 0.0041338605 0.0080837234 0.0080243628 0.0092749161 0.0036539853 0.0115147566 0.0071245239 0.0153500952 0.0082338062 0.0069996741 0.0110623281 0.0068278416 0.0111511826 0.0043016322 0.0096435744 0.0071871993 0.006804674 0.0067483374 0.0073134374 0.0107249603 0.0053811296 0.0052797623 0.0045932023 0.006744823 0.0134454749 0.0099200829 0.0079907203 0.0134011943 0.0014908701 0.0087635506 0.0063316244 0.0144319674 0.0045731104 0.0082010071 0.0094640123 
14 0.0077440609 0.0128641481 0.0086315688 0.007647706 0.0053212651 0.009063324 0.0049072158 0.0056400177 0.0 0.0063971675 0.0086165155 0.004628452 0.0112657055 0.0117048343 0.0053988294 0.0054649927 0.0065260379 0.0023002635 0.0069394068 0.0076306356 0.0037258335 0.0073137211 0.0105098041 0.0080978001 0.009193251 0.0055133954 0.0071516218 0.00827645 0.0070000289 0.0074405278 0.0074681017 0.0052127869 0.0071200731 0.0060131074 0.008694631 0.0076027015 0.0049273603 0.0077176403 0.0139689444 0.0084935725 0.0072070462 0.0085598599 0.0093438921 0.0074190108 0.0015649392 0.0090188319 0.0096556061 0.0079015655 0.0051767827 0.0094563369 0.0082805342 0.0051714336 0.0103319392 0.0115890703 0.0093177173 0.010533353 0.0073465162 0.0058269488 0.0067324418 0.0105160107 0.0064950639 0.0125940864 0.0148864114 0.0109533566 0.0092373889 0.0046199901 0.0063958307 0.0072288079 0.0120765782 0.0050731907 0.0082581915 0.0047486425 0.0078209557 0.0066268046 0.0025410863 0.0123787661 0.0057236105 0.0097865422 0.0061859568 0.0100894816 0.0100060469 0.0064776306 0.0094499563 0.0147307456 0.0057569698 0.0081466808 0.014793922 0.0099111901 0.0095976035 0.0056566307 0.0054092393 0.012586444 0.0096346052 0.0084837107 0.0087206701 0.0069625074 0.0101804807 0.0119472926 0.0053112266 0.0056496 0.0112868082 0.0067980354 0.005182949 0.0132058235 0.0067156395 0.0063810787 0.0106306202 0.0094859878 0.0088195466 0.0009732188 0.007483744 0.0060989818 0.0041572114 0.0081255108 0.0096123873 0.0053768002 0.0039242834 0.0066005408 0.0050667076 0.0077155252 0.0036129654 0.0057472712 0.0113691011 0.0059473159 0.0072815344 0.010646971 0.0082263772 0.0093098318 
15 0.0129241454 0.0068733184 0.0076356939 0.0126915871 0.0067865866 0.0057963329 0.0084107768 0.0113392271 0.007595487 0.0054319758 0.0043320636 0.0120018596 0.0048530019 0.0053988294 0.009956759 0.0044766856 0.0097280247 0.0073930841 0.0062320774 0.0071323284 0.0058370735 0.0084621542 0.0069232607 0.002428115 0.0099671787 0.0104377107 0.0074267568 0.0052233329 0.008570642 0.0102327926 0.0111986672 0.0099962639 0.0071190025 0.0064742085 0.0058769529 0.0093710418 0.0128150293 0.0083761411 0.0087964807 0.0038241454 0.0052096242 0.0035542471 0.0109305281 0.0096834794 0.0054156931 0.0092386615 0.0062938799 0.0079869805 0.0099158106 0.006520798 0.0106624511 0.0096134609 0.0057870417 0.0051690031 0.0079841334 0.0047221716 0.0090482643 0.0062804647 0.0045122441 0.0079104318 0.0130073029 0.0012140246 0.0110279776 0.0100850377 0.0089928832 0.0029193522 0.0082578118 0.0082042866 0.0110960504 0.0065787434 0.0067089839 0.0136087219 0.0057011883 0.0087613843 0.0111617747 0.0048315471 0.0078237626 0.0065512569 0.0035430298 0.0089659014 0.0048426115 0.0049942911 0.0126741018 0.0044143611 0.0127676278 0.005510033 0.0100216951 0.0103859447 0.0110745283 0.0081824827 0.0111507196 0.0038357231 0.0091480759 0.0088491738 0.0073359223 0.0120434582 0.0062879286 0.0083589881 0.0145010419 0.0031820387 0.0052207882 0.0051425978 0.0084205246 0.0077291448 0.0086826348 0.0065764715 0.0015621241 0.0039226189 0.0117970837 0.0065003979 0.0102025181 0.0075091273 0.0093418488 0.010042543 0.015235533 0.0081088062 0.009338228 0.0023250501 0.0063232855 0.0043976895 0.0069837033 0.0079027094 0.0067512653 0.0068012683 0.0114975242 0.0085635881 0.0042179463 0.0075150469 
16 0.0046613542 0.0055288851 0.0093996794 0.0064769648 0.007351031 0.0056961225 0.0095747425 0.0066876149 0.0042779076 0.0042986376 0.0063315857 0.0050641304 0.0069208344 0.0054649927 0.0044766856 0.0053055395 0.0068081376 0.0099624685 0.0088500348 0.0054662917 0.0060565443 0.0096830517 0.0109666133 0.0058913994 0.0049241264 0.0080178255 0.0057679193 0.0036860124 0.0140601419 0.0145642365 0.0047076329 0.0102700009 0.0114157433 0.0079326318 0.0087373826 0.0094249422 0.0117135326 0.0039503823 0.0083549215 0.0093245848 0.0065120903 0.0090418896 0.0109318197 0.0095754457 0.0126031362 0.0034081047 0.0047419634 0.0047520699 0.0120380848 0.0093543439 0.0053058596 0.0158009262 0.0090116484 0.0082735233 0.0079635124 0.0109942195 0.0048319296 0.0060311165 0.0086757265 0.0105009156 0.0012692995 0.0101166165 0.0104881686 0.0094889969 0.0086758265 0.0042122713 0.0063430013 0.0072522521 0.0039701367 0.0064675073 0.0065026032 0.0147284443 0.0052953273 0.0067600663 0.0089028637 0.0107774266 0.0099961696 0.0076806859 0.0095890608 0.0034048757 0.0074299768 0.0140033425 0.0065212467 0.0068035495 0.0122143191 0.0076007292 0.0057447276 0.0060029887 0.0064065079 0.0047955676 0.0055009217 0.0100815768 0.0082251629 0.0107527096 0.004595812 0.0093440105 0.0103913169 0.0074221003 0.0067072671 0.0108911364 0.0064807226 0.0043877856 0.0055719487 0.0078384254 0.0067044678 0.005689299 0.0089381976 0.0112561275 0.0063354267 0.0118236708 0.0130791291 0.0139948768 0.0079873765 0.0099881002 0.0048412771 0.0073073177 0.0067717713 0.0054459242 0.0063932331 0.0084928079 0.0097021216 0.0083161554 0.0056087368 0.0042809618 0.0046223452 0.0093581889 0.009924785 0.0071006578 
17 0.0047466832 0.0044778467 0.0056958578 0.0066396923 0.0053725486 0.0089345559 0.0013662094 0.0057507101 0.0102089684 0.0068370878 0.0100568753 0.0068337306 0.0137186135 0.0065260379 0.0097280247 0.0068081376 0.0085038573 0.0105469044 0.0033012263 0.0051262388 0.0124748478 0.0104710598 0.0074622846 0.0063552867 0.003549084 0.0090069738 0.0066602871 0.0081142376 0.0030296315 0.0037548715 0.0093285411 0.0058938656 0.0097488571 0.0077543083 0.0100149237 0.0071218493 0.0081571215 0.0072951791 0.009073286 0.0100601649 0.0090674077 0.0140757116 0.0098743407 0.007813639 0.0024617571 0.006055491 0.0104329286 0.0097578285 0.0112614534 0.0066699731 0.0074801319 0.0115936269 0.0068766642 0.0052726692 0.0076889451 0.0085979405 0.0058865085 0.0083324277 0.005868825 0.0011406037 0.0082529277 0.0073417183 0.007801497 0.0070461428 0.0064243407 0.0070693838 0.0106965401 0.0088506982 0.0036281038 0.0028632458 0.0102931355 0.0095191435 0.010706809 0.0047742131 0.0101064904 0.0052243932 0.0086633311 0.0125630975 0.0096333799 0.0075656381 0.0091196951 0.010145943 0.0125639772 0.0055504486 0.0081646506 0.005994786 0.0073687517 0.0074518831 0.0077325069 0.004001121 0.0018609763 0.0085454546 0.0062142568 0.0093282765 0.00586063 0.009629014 0.0046967602 0.0071965629 0.0056588862 0.0083610781 0.0187380515 0.0048710811 0.0109633937 0.0032538587 0.0075073965 0.0110152818 0.0053380192 0.0096960894 0.0112455702 0.0054531673 0.0035628292 0.003474918 0.0128471685 0.0135437255 0.0095847499 0.0139696991 0.0093808575 0.0090575424 0.0041848275 0.0104981292 0.0125130409 0.0071642251 0.006529319 0.0054276847 0.0091294111 0.0090385739 0.004975933 0.0098502263 
18 0.009529569 0.0116347667 0.0087512475 0.0098606702 0.005937879 0.0053809945 0.0121917954 0.0074276142 0.0150394601 0.0081811058 0.0108957269 0.009938319 0.0082625165 0.0023002635 0.0073930841 0.0099624685 0.0105469044 0.0078418067 0.0078107851 0.0065899693 0.0064782384 0.011323873 0.0055960905 0.0058350198 0.0097487643 0.0051286976 0.0083902492 0.0172266885 0.0071793157 0.0110010748 0.0100620042 0.0029235022 0.0045515665 0.0071301602 0.0059042065 0.0058753221 0.0067008323 0.004130901 0.0128805108 0.0101391664 0.0075636878 0.0110140493 0.0020213599 0.0101868938 0.0043972587 0.0072967605 0.0085001348 0.0083798425 0.013460791 0.0071115799 0.005047084 0.0090744091 0.0076258139 0.0039626637 0.0069231457 0.0047799235 0.0058904966 0.0061884989 0.0117516818 0.0044200633 0.0113954401 0.0077375884 0.0078573022 0.0115132327 0.0027269498 0.0091750424 0.0098322387 0.0066537906 0.0049091658 0.0078117226 0.0044861 0.0137741672 0.0105438657 0.0040625978 0.0040947695 0.0089224947 0.0032710284 0.013686738 0.0040981087 0.0088712577 0.0029523947 0.0094248976 0.0064621282 0.0100295881 0.0067701631 0.0056313317 0.0086760816 0.0105371403 0.0020999071 0.005431981 0.0066468384 0.008570148 0.0051655429 0.0055126856 0.0069287435 0.0055081305 0.0067431804 0.0039329674 0.0071226659 0.009687689 0.006890212 0.0116929517 0.0097874174 0.0049912321 0.0152339287 0.0117746127 0.0064156205 0.0085081643 0.0079696454 0.0067143153 0.0075780612 0.0058064247 0.0082399618 0.0076894848 0.0056956449 0.0105838629 0.0070387167 0.0134082142 0.0067731998 0.0113333133 0.0072247741 0.0049127525 0.007840003 0.0063973421 0.0065830213 0.0109069184 0.0066636844 0.0068094441 
19 0.0112216572 0.0054708756 0.0070486472 0.0082942551 0.0075326462 0.0098237028 0.0126726083 0.0079153193 0.0087870844 0.0075152303 0.0047694828 0.0072761955 0.0058589968 0.0069394068 0.0062320774 0.0088500348 0.0033012263 0.0078107851 0.0114486057 0.0118344779 0.0081231594 0.0039862202 0.0029744772 0.00784317 0.0105385918 0.0075737546 0.008717265 0.005689452 0.0111634778 0.0057706361 0.0113667838 0.003869043 0.0109608418 0.010101928 0.0083171514 0.007003306 0.0119707637 0.0085802834 0.0055469506 0.0113902466 0.0137106358 0.0071275207 0.0083419827 0.0062203882 0.0084478238 0.0070070397 0.0061882677 0.0115202062 0.0048610129 0.0098139496 0.0138568689 0.0098273788 0.008678248 0.0056335673 0.0111151123 0.0088601083 0.0082550787 0.0098233708 0.0028939484 0.0085560776 0.0104096076 0.0078338934 0.007094383 0.004997559 0.0047025353 0.0097644175 0.0120976909 0.0098779712 0.0103011893 0.0054542241 0.0059225141 0.0072438969 0.0057159933 0.0110385923 0.011989155 0.0063720375 0.0060979011 0.0072664883 0.0044765173 0.0079408061 0.0041253333 0.0039923674 0.0023963354 0.0048788041 0.0131743785 0.0044082438 0.0109271578 0.0058469548 0.0054740465 0.0066268938 0.0045058933 0.0059322519 0.0173098939 0.0065207085 0.0118870956 0.0023025095 0.0028163121 0.0038250728 0.0054978547 0.0050871833 0.0089005903 0.0083803936 0.0104477049 0.0093516382 0.011187731 0.0043699074 0.0062432623 0.0110265041 0.0053227511 0.0103172494 0.0053841616 0.0062615768 0.0013088205 0.0046577383 0.0046167474 0.00773921 0.0066176873 0.0160880221 0.0040618741 0.0088995561 0.007324084 0.0107644802 0.0062854833 0.0154751334 0.0114805372 0.0062687918 0.0040552786 0.0102010164 
20 0.0095211653 0.0106106339 0.0068393902 0.0104975512 0.0031741674 0.011007404 0.0079952162 0.0091435177 0.008395996 0.0082036527 0.0085799892 0.0079701581 0.0069322169 0.0076306356 0.0071323284 0.0054662917 0.0051262388 0.0065899693 0.0118344779 0.0077916633 0.0028556106 0.0075045591 0.010025615 0.00443338 0.0052260565 0.008449965 0.0117399898 0.0092871177 0.0085142934 0.0102118451 0.0049525518 0.0051700317 0.0055931645 0.0053745791 0.0107944432 0.0080627562 0.010255534 0.0097349437 0.0088536918 0.0063442827 0.0071661815 0.0039280928 0.0107559369 0.008005534 0.0034930293 0.0110600653 0.0071375312 0.0110906772 0.007131886 0.0072630211 0.0076201276 0.0067811396 0.0061565659 0.0086844048 0.004336948 0.0085533087 0.0077189739 0.0064784971 0.0039939014 0.0090494404 0.0042098819 0.0060631728 0.0035381083 0.0059157823 0.0107889793 0.0092792475 0.0112135677 0.0105277315 0.006374374 0.0028530266 0.0069217045 0.0114045239 0.00706091 0.0040387017 0.0095339541 0.0140868406 0.0052665957 0.0089869092 0.0092874752 0.0082916266 0.0067478084 0.011631034 0.007325058 0.0122614524 0.0076896406 0.0075023091 0.0085471656 0.0105346966 0.0080231784 0.0065209592 0.0127092875 0.0063762057 0.0042607031 0.0122206756 0.0061816416 0.0095149754 0.0095950339 0.0050666536 0.0133900586 0.0080344636 0.0033615486 0.0039467878 0.0100265635 0.0064682076 0.0045253616 0.0058414357 0.0043365582 0.0069037852 0.0104693553 0.0069445368 0.0135620674 0.0080553781 0.0160797157 0.005064412 0.0070907738 0.012137025 0.0043221969 0.0086420854 0.00556091 0.0071401706 0.008269597 0.0087106887 0.0107073301 0.008900335 0.0068410605 0.0087483984 0.0018131617 0.0055221016 
21 0.0050424513 0.005923996 0.0086699485 0.0095656376 0.0072870147 0.0127395735 0.0070058697 0.0105648479 0.0062786861 0.0108320428 0.0017253406 0.0105107952 0.0055315805 0.0037258335 0.0058370735 0.0060565443 0.0124748478 0.0064782384 0.0081231594 0.0028556106 0.0114931935 0.0107786279 0.008046751 0.0040600383 0.0066026899 0.005539149 0.0064371188 0.0078659723 0.0086491286 0.0083966633 0.0080483205 0.0084587546 0.00596495 0.0089472533 0.0093283032 0.003281288 0.007750549 0.0060059601 0.0118381849 0.0012283411 0.0059817285 0.0042252069 0.0063236727 0.0065640314 0.0054578193 0.0058849622 0.0030745168 0.0040178209 0.0132968161 0.0055771915 0.0077214898 0.0054927586 0.010575105 0.0094430369 0.0118203482 0.0083529232 0.006739967 0.0050912075 0.0065229377 0.0039012046 0.009336611 0.0060377145 0.0071896391 0.0110483259 0.0098789584 0.0104895171 0.0087998885 0.0094966196 0.0093319387 0.0086227588 0.0093074529 0.0072727884 0.012015038 0.0058728477 0.0107479237 0.0091997758 0.0115707708 0.0119421759 0.0072078266 0.011050264 0.0056853874 0.0049735772 0.0073656609 0.0100792308 0.0112694585 0.0084147627 0.0059571916 0.0040167465 0.0065826855 0.0060546774 0.005880095 0.0082003546 0.0081758646 0.0117109967 0.0047529066 0.005473701 0.0086631941 0.0082951869 0.010210731 0.0057346779 0.0074934139 0.007771332 0.0115913898 0.0062628206 0.008708508 0.008423468 0.0083864306 0.0108438007 0.0059711634 0.008002171 0.0117353574 0.0075549032 0.0102897181 0.0071430093 0.0051207904 0.0058954473 0.0057260817 0.0141012292 0.0108164944 0.0062511717 0.0082092086 0.005179798 0.0046325406 0.0124812769 0.0108840967 0.0032261806 0.0119846042 0.0093825977 
22 0.0107158133 0.0059763756 0.0089093056 0.0058148442 0.007562756 0.0110503195 0.0063321673 0.0102130753 0.0026455375 0.0056677935 0.0088492067 0.0102231413 0.0102625036 0.0073137211 0.0084621542 0.0096830517 0.0104710598 0.011323873 0.0039862202 0.0075045591 0.0107786279 0.0027399821 0.0059189995 0.0064411168 0.0063940071 0.0108996037 0.0061786403 0.0036748665 0.0129209429 0.0087669197 0.0052771664 0.0092678071 0.0037511916 0.0052917171 0.0134753064 0.0091932957 0.005577056 0.0071583779 0.0098658781 0.0081992041 0.0088902474 0.0091401521 0.0064848648 0.0079986806 0.0058432215 0.0050937738 0.0122534705 0.0074000919 0.0060270539 0.005419585 0.0115105446 0.0089636217 0.0122206944 0.0105591565 0.0073898566 0.0041714715 0.0099536198 0.0063574938 0.0094832594 0.0119236111 0.0078296105 0.0060191983 0.0096837251 0.0055496674 0.0049229065 0.0078158162 0.0055675649 0.0104070123 0.0072034552 0.0091586784 0.0114746873 0.0092507646 0.0078941913 0.0093040035 0.0094739667 0.0082307795 0.0070383931 0.0051241897 0.0111992831 0.0082980434 0.0133799282 0.0063039753 0.0078461076 0.0059981655 0.0073543689 0.0059423958 0.0078751837 0.0116687962 0.002670914 0.0095903618 0.0049988124 0.0020403688 0.008815262 0.0071874487 0.0068012774 0.0055291439 0.0061548166 0.0061113742 0.0121380302 0.0053141552 0.0078040844 0.00767102 0.0093279374 0.0068637168 0.0053118154 0.0054146359 0.0075616063 0.0024715201 0.0079913615 0.0088025639 0.0052429132 0.0031152909 0.0094377509 0.0115002991 0.0097299471 0.0039888932 0.0078822296 0.0101607212 0.0076390424 0.0087699441 0.0071003935 0.0083665966 0.0051082366 0.0075403898 0.0067002209 0.0073765823 0.0108569973 0.0132738097 
23 0.0050336004 0.0077699553 0.0066592516 0.0077583543 0.0072213412 0.0124613912 0.0118845061 0.0095610645 0.0083716713 0.0074532242 0.0045317482 0.0098624213 0.0032768492 0.0105098041 0.0069232607 0.0109666133 0.0074622846 0.0055960905 0.0029744772 0.010025615 0.008046751 0.0059189995 0.0051449482 0.009376827 0.0092647161 0.005348587 0.0093252802 0.0104936735 0.0096012355 0.0081707822 0.0061698753 0.007305989 0.0069145219 0.0085925091 0.004541126 0.0104824938 0.0081703194 0.0039666777 0.0079392377 0.0118308532 0.0086578941 0.0089009684 0.0108729919 0.0081481829 0.0164671366 0.0037206728 0.0066512917 0.0077073574 0.0027128026 0.0083131845 0.004917521 0.0112151159 0.0072864246 0.0045579703 0.0065646902 0.0067560978 0.0086983857 0.0077359298 0.0112343739 0.0063826459 0.0093246357 0.0102563175 0.0032933484 0.0096678042 0.0074401784 0.0104954686 0.0065589939 0.0101765353 0.0036879377 0.0088614724 0.0045716828 0.0075759917 0.0091260066 0.0140744804 0.0064305696 0.0059401 0.0095334341 0.0060699639 0.0041432551 0.0071529232 0.0088859466 0.0066992409 0.0100724201 0.0081492643 0.0076846658 0.0100606557 0.0170468567 0.0056161489 0.0070335134 0.0074705836 0.0063024763 0.0108449404 0.0082840537 0.0054806865 0.0101800572 0.0066316098 0.0093159517 0.0074783202 0.0087726363 0.0081773952 0.0057043403 0.0068507138 0.0095975088 0.012867265 0.0051278674 0.0065622369 0.0128510244 0.0067567496 0.0116253514 0.0037532945 0.0128033188 0.0078545793 0.0075958154 0.0079989042 0.003973234 0.008794052 0.006324605 0.0077171366 0.0025129859 0.0066270787 0.0075533911 0.0099128537 0.0101317205 0.0093407555 0.0004816493 0.0041503344 0.0090752179 0.0004769279 
24 0.008529872 0.009086652 0.0100773449 0.0071336288 0.0081230254 0.0088191239 0.0089521421 0.0095147434 0.0052538315 0.0109843157 0.0131173636 0.0095100939 0.0115009702 0.0080978001 0.002428115 0.0058913994 0.0063552867 0.0058350198 0.00784317 0.00443338 0.0040600383 0.0064411168 0.009376827 0.0070624605 0.0103495009 0.0055830228 0.0102803382 0.0103644406 0.0067560693 0.0050150561 0.0123068453 0.0067002175 0.0099184949 0.0109471953 0.01231643 0.0054905177 0.0105639128 0.0051099302 0.0103085388 0.0102823948 0.0097275265 0.0102765705 0.0072266405 0.0098861108 0.0056860799 0.0053410083 0.0078337348 0.0078163831 0.007701616 0.0084742768 0.010039845 0.005945445 0.0066041465 0.0071997747 0.0080531619 0.0073498229 0.0078809705 0.0095646992 0.0096457798 0.0054204048 0.0056546177 0.0070063027 0.0092355537 0.00780307 0.0046422841 0.0093337551 0.0053914491 0.009286724 0.0056062791 0.0058228721 0.0064531389 0.007925255 0.0060240084 0.0087916398 0.0050541049 0.0086662903 0.0039524591 0.0086494696 0.0036903945 0.0020846526 0.0116909559 0.0099625311 0.0070416591 0.0023982948 0.0059533686 0.0080043836 0.0097586399 0.0037497393 0.007764868 0.0120703221 0.0102462029 0.0064797678 0.0121774068 0.0081142009 0.0058499089 0.0039512507 0.0089516822 0.0064755522 0.0044010944 0.0085019816 0.0061437033 0.0062984122 0.0101067452 0.009327882 0.0080392814 0.0110086568 0.0052230449 0.0061622997 0.0109107777 0.014778614 0.0047529242 0.0123527221 0.0075170102 0.0062132674 0.0055865065 0.0054622832 0.0096980113 0.0064044395 0.008409144 0.0033198287 0.0091246744 0.0083290137 0.0099220061 0.0049676173 0.0083373905 0.0074006018 0.0104001438 0.0107902428 
