55
1 0.0 0.0194881641 0.0026316723 0.0245094323 0.0050939108 0.0269088706 0.0122249437 0.0190949887 0.0169992725 0.0239294772 0.0278150911 0.0184530497 0.0189337985 0.0267578676 0.0209208379 0.0234309931 0.02941403 0.0302263651 0.0140680409 0.0134096243 0.0197643718 0.0268858731 0.0167778073 0.019682118 0.0291582029 0.0228408725 0.0113437132 0.0138005981 0.0194825125 0.0147900703 0.0136196118 0.0100970904 0.01839586 0.0121901151 0.0141949058 0.0203919807 0.0076249578 0.0059943907 0.0180149366 0.0074154479 0.0214667295 0.0294784648 0.0208600911 0.0322454389 0.0134904528 0.0076168534 0.0281371142 0.0163785562 0.0192234402 0.0150620462 0.016499477 0.023716119 0.0143870981 0.0262258239 0.0184364276
2 0.0194881641 0.0 0.0110213932 0.0200470794 0.0186630868 0.0232808314 0.0176484238 0.0188469401 0.0279104284 0.007782052 0.0092417066 0.0232855144 0.026290633 0.0189517268 0.0221526611 0.0161255547 0.0285781842 0.0061086744 0.0155429349 0.0022615659 0.0114545093 0.0088546408 0.0245847434 0.0279826261 0.0149921676 0.0195352764 0.0067651558 0.0253528202 0.0195773131 0.0139213382 0.023025099 0.0322650001 0.0261278018 0.0231436064 0.0165086024 0.0236478828 0.0183147681 0.0266763248 0.0346370977 0.0088617325 0.0152142128 0.0112723973 0.0077471247 0.0176081315 0.0246408617 0.0249406161 0.0220277618 0.016797538 0.0127956891 0.0303425898 0.0214397662 0.00907671 0.0108845255 0.022090957 0.0136650571
3 0.0026316723 0.0110213932 0.0 0.024026532 0.0110031209 0.0214933813 0.0137491292 0.0034520406 0.0212750062 0.0281659579 0.0146363652 0.0320553216 0.0300472426 0.0201797993 0.0260485933 0.0218821109 0.0164494966 0.0188341895 0.0210135133 0.0120846616 0.0097285351 0.0294652374 0.026042904 0.0063529436 0.018514764 0.0246831853 0.0270858159 0.0152762928 0.026937509 0.0206348301 0.0290927732 0.0140921938 0.0153531352 0.0141492824 0.0230953075 0.0280151413 0.0178699359 0.0281074791 0.0092393376 0.0221613177 0.0188984965 0.0060140287 0.0190242968 0.0093953858 0.0212673107 0.0241765217 0.0091058998 0.0081777523 0.0195449571 0.0166419982 0.0163398745 0.0165850724 0.0339402382 0.0176739812 0.0072667379
4 0.0245094323 0.0200470794 0.024026532 0.0 0.0206028971 0.0167073833 0.0147588135 0.0219072757 0.0174472266 0.0138300286 0.0281083694 0.0056634055 0.0271770037 0.0178042037 0.0268576606 0.0321702254 0.0193571407 0.020660326 0.0208509694 0.0192313565 0.0084315916 0.024869598 0.0121504946 0.0135601182 0.0134042398 0.0093384145 0.0206996151 0.0201560349 0.0302438608 0.0117810389 0.0187889469 0.0228254297 0.020282733 0.0260480083 0.0026775913 0.0128039322 0.0234474396 0.0264653854 0.0257331112 0.0061693738 0.0129376238 0.0146938744 0.0115904253 0.0172957304 0.0137265584 0.0161739 0.0130456553 0.0114034488 0.0132250558 0.0276531446 0.0204523433 0.0242062096 0.0255379479 0.0126882106 0.0237755848
5 0.0050939108 0.0186630868 0.0110031209 0.0206028971 0.0 0.022244195 0.0299695196 0.0240846996 0.0118256194 0.0192577011 0.014642329 0.0152532859 0.017952249 0.0178814198 0.0220989932 0.01398094 0.0114801333 0.019728559 0.006779526 0.0178054711 0.0165953564 0.0311803176 0.0261885354 0.02117528 0.0018125042 0.0284052225 0.0239065564 0.008379092 0.0171769546 0.0148071519 0.0245563909 0.0231673221 0.0120586891 0.0206077727 0.0033262972 0.0296614343 0.0173609267 0.0176303248 0.0145277053 0.0139734691 0.0212977116 0.0176590789 0.0116231649 0.0191928805 0.0250738999 0.0118161164 0.0252415039 0.0155560544 0.0229177015 0.0321070999 0.0200133477 0.0301967532 0.0183722631 0.0171117232 0.0249757411
6 0.0269088706 0.0232808314 0.0214933813 0.0167073833 0.022244195 0.0 0.0240420324 0.0086304677 0.0347106376 0.0237336758 0.0143109116 0.0259052383 0.0191757669 0.0148822207 0.0170683345 0.0105340181 0.022132735 0.0155665284 0.0185249586 0.0305151856 0.0191354692 0.0213349233 0.0313307581 0.0149297941 0.0300356692 0.0132482632 0.0131168463 0.0148784111 0.0056753465 0.0069918395 0.0329984181 0.0264562433 0.0061333482 0.0240579733 0.0319470824 0.0095503495 0.0285115323 0.0087524139 0.028534458 0.0186735994 0.0219628362 0.0040496464 0.0233271728 0.0193062448 0.0218236407 0.0065225303 0.0278804497 0.0029126828 0.0181014027 0.0083766969 0.0089863165 0.0297392612 0.0046074591 0.0194299573 0.0063135907
7 0.0122249437 0.0176484238 0.0137491292 0.0147588135 0.0299695196 0.0240420324 0.0 0.0133416146 0.0189756821 0.0096023688 0.0172465341 0.0115122105 0.0294997319 0.0025664747 0.0212490327 0.0087806365 0.0200017633 0.0210557653 0.0214900138 0.0146238901 0.0156015194 0.0106402988 0.0224507049 0.0178570249 0.0098792453 0.0150138849 0.03323156 0.0257794348 0.0175999986 0.023341561 0.0009098892 0.0207864981 0.0184497708 0.0200802609 0.0248418086 0.0174293945 0.0227400371 0.0179932157 0.0170314016 0.0244460291 0.0381754004 0.0168829372 0.0252513758 0.0129253538 0.0202712411 0.0230105739 0.0265813794 0.0276688767 0.0270944735 0.0176587976 0.019273038 0.0068375329 0.0136959922 0.017320106 0.0089108027
8 0.0190949887 0.0188469401 0.0034520406 0.0219072757 0.0240846996 0.0086304677 0.0133416146 0.0 0.0289958696 0.0066880132 0.0275464154 0.0359394408 0.0291190843 0.0014723138 0.0158678462 0.0188764907 0.0189739803 0.0335438063 0.0155898377 0.0250798704 0.0243579421 0.0251339799 0.0277691718 0.0226054534 0.0152631594 0.0194694871 0.0089662698 0.0156750012 0.0294079833 0.0130346273 0.03254767 0.0241373788 0.0174747495 0.0002572032 0.0273806861 0.0256707715 0.0107413472 0.0176604265 0.0185644612 0.0114838794 0.0151050784 0.0123058181 0.0064983338 0.0067713602 0.0110210338 0.0172873309 0.0225050965 0.0187382724 0.0285993294 0.0190612767 0.0173237181 0.0164921442 0.0135105346 0.0157604736 0.0243675545
9 0.0169992725 0.0279104284 0.0212750062 0.0174472266 0.0118256194 0.0347106376 0.0189756821 0.0289958696 0.0 0.0225543946 0.0150784552 0.0113127644 0.0173915568 0.0144642048 0.0100148396 0.0102776208 0.0093689847 0.0171244715 0.0233993065 0.0326916035 0.0203840016 0.0092346879 0.011739145 0.0218117161 0.0155781198 0.0354781981 0.025326899 0.0160311052 0.0375283027 0.0210688777 0.0132876664 0.0179715187 0.011105632 0.0221323539 0.0251241754 0.0144295021 0.0197769436 0.0078958228 0.0141177232 0.0213258309 0.0088918031 0.0123891179 0.0050809882 0.0052018308 0.0156168784 0.0186577349 0.0144638925 0.0291082845 0.0199947434 0.0142637113 0.010177891 0.0292481025 0.0231565668 0.0281055074 0.0224767804
10 0.0239294772 0.007782052 0.0281659579 0.0138300286 0.0192577011 0.0237336758 0.0096023688 0.0066880132 0.0225543946 0.0 0.0205935635 0.021293157 0.0095472521 0.0122676168 0.0320780189 0.0105053876 0.018971758 0.0354636377 0.0120571791 0.0241066249 0.010849436 0.0143255873 0.024591509 0.0227956934 0.0204015935 0.0180261812 0.0172886534 0.0109487157 0.0237246684 0.013067654 0.0191055153 0.0074616389 0.0006972199 0.0088559798 0.0161426135 0.0235452684 0.0147520806 0.0282636412 0.0175754134 0.0209424748 0.0150660869 0.021859911 0.0173584195 0.0183130512 0.0312680126 0.0097659132 0.0330477775 0.0269998568 0.0158959537 0.0105036111 0.0299379017 0.0099827779 0.0244188607 0.021818032 0.0279744317
11 0.0278150911 0.0092417066 0.0146363652 0.0281083694 0.014642329 0.0143109116 0.0172465341 0.0275464154 0.0150784552 0.0205935635 0.0 0.0193173352 0.0175769419 0.0096909505 0.0073044045 0.0149494043 0.0238304652 0.0027006713 0.0204986173 0.0184307821 0.0225010462 0.0172613988 0.0150216962 0.008215594 0.0251848423 0.0252550501 0.0117805338 0.0219908628 0.0182272776 0.0263994194 0.0225758624 0.0178897246 0.0115653392 0.0082964497 0.0201980091 0.0214020315 0.022392495 0.0312102049 0.0175991608 0.02496755 0.0106397905 0.0170433042 0.0076645624 0.030818795 0.0248636274 0.0243436376 0.0214235985 0.0270467298 0.0182978846 0.0200151167 0.0090905926 0.0182413393 0.0172908508 0.0258081471 0.0139581619
12 0.0184530497 0.0232855144 0.0320553216 0.0056634055 0.0152532859 0.0259052383 0.0115122105 0.0359394408 0.0113127644 0.021293157 0.0193173352 0.0 0.0142597451 0.020768303 0.0138975286 0.0187807316 0.0203938421 0.0222948374 0.0250194667 0.0216405855 0.0334068622 0.0124711469 0.0220510164 0.0148204868 0.0185777731 0.0070535858 0.0186873647 0.0095803871 0.0088356379 0.0235112027 0.0145310134 0.0189619874 0.0088795334 0.0255120098 0.0093515183 0.012707086 0.0199653941 0.0321254112 0.0166449961 0.0148316703 0.0106505296 0.0203742705 0.0175445455 0.0126237636 0.0226562496 0.0243444307 0.0144254058 0.0148682415 0.0155236017 0.0208301025 0.0263563704 0.02093344 0.0301270901 0.0079751076 0.0212150045
13 0.0189337985 0.026290633 0.0300472426 0.0271770037 0.017952249 0.0191757669 0.0294997319 0.0291190843 0.0173915568 0.0095472521 0.0175769419 0.0142597451 0.0 0.0139886946 0.0239542476 0.011742683 0.0197520905 0.0071319725 0.001753891 0.0248214885 0.0251807461 0.0278552055 0.0190195476 0.0177819261 0.0278204702 0.0089040507 0.0252864612 0.0199257765 0.007186451 0.0050982806 0.0340612136 0.0301793756 0.0148380687 0.0136240174 0.0148911469 0.0374216342 0.0220039268 0.0097770977 0.006832761 0.0110415716 0.0178196575 0.0123875246 0.01970123 0.0184188732 0.0135915341 0.0225661112 0.0173390385 0.027920891 0.0121727337 0.0146575685 0.0257037794 0.0081074561 0.0213061911 0.0198209707 0.0096406375
14 0.0267578676 0.0189517268 0.0201797993 0.0178042037 0.0178814198 0.0148822207 0.0025664747 0.0014723138 0.0144642048 0.0122676168 0.0096909505 0.020768303 0.0139886946 0.0 0.0044883508 0.0282327492 0.0361102042 0.0277866292 0.0196863593 0.0174637342 0.0216219223 0.0156890391 0.0167923454 0.0310585857 0.0124911845 0.0165617986 0.0103922843 0.024179607 0.0315072041 0.0085589036 0.0160477023 0.0184734037 0.0209897535 0.0281343022 0.0264266466 0.0273907004 0.0166976929 0.0158710962 0.0174823286 0.0192959532 0.021462343 0.0182289355 0.0007420786 0.0176319992 0.0189810957 0.0133683476 0.0179049867 0.0265414754 0.0216156608 0.0289473874 0.0220709828 0.0129806647 0.0209508839 0.0175409846 0.0199258969
15 0.0209208379 0.0221526611 0.0260485933 0.0268576606 0.0220989932 0.0170683345 0.0212490327 0.0158678462 0.0100148396 0.0320780189 0.0073044045 0.0138975286 0.0239542476 0.0044883508 0.0 0.0166731624 0.0022176915 0.0228523934 0.0059098807 0.0270065324 0.0258195386 0.0027555567 0.0251985694 0.008926528 0.0282826104 0.0357004947 0.0230278712 0.0188970425 0.0142528702 0.0133535506 0.0064858177 0.0154967715 0.0094582763 0.0314844567 0.0163846296 0.0108465187 0.0140302604 0.0174346481 0.0121523216 0.0187285668 0.0238895713 0.0400571455 0.023000154 0.0349750747 0.0052716004 0.0211353466 0.0199251081 0.0053722354 0.0312883861 0.0068137982 0.0241136566 0.0165958582 0.0247269482 0.0124421275 0.0230150793
16 0.0234309931 0.0161255547 0.0218821109 0.0321702254 0.01398094 0.0105340181 0.0087806365 0.0188764907 0.0102776208 0.0105053876 0.0149494043 0.0187807316 0.011742683 0.0282327492 0.0166731624 0.0 0.0145389368 0.0280122508 0.0232261821 0.0236747131 0.0284200972 0.0043690013 0.0231623092 0.0252564412 0.0173293174 0.0188309109 0.0242547823 0.0195105937 0.0105146305 0.0286510909 0.0168474776 0.0305510829 0.0134327823 0.0275711835 0.006735518 0.0204996963 0.0110405902 0.0172635956 0.0086478473 0.017302602 0.0101930806 0.0195432389 0.0210803934 0.0124416328 0.0111443089 0.0201516506 0.0226812077 0.0233255562 0.0198502795 0.0074716944 0.0242528233 0.0225837066 0.0237860358 0.023420456 0.0214875937
17 0.02941403 0.0285781842 0.0164494966 0.0193571407 0.0114801333 0.022132735 0.0200017633 0.0189739803 0.0093689847 0.018971758 0.0238304652 0.0203938421 0.0197520905 0.0361102042 0.0022176915 0.0145389368 0.0 0.0187002513 0.0188259094 0.0188057514 0.0180793879 0.0295419082 0.0029894839 0.0215113677 0.0165699147 0.0048447048 0.0146176825 0.014559851 0.0107558841 0.0214928373 0.0148132974 0.0104835334 0.0163277246 0.0180065274 0.0132042086 0.0185475139 0.0316847411 0.0137668759 0.0254966347 0.0157753308 0.0333031831 0.0216485145 0.0207616605 0.028159738 0.011844413 0.0196552485 0.0105926559 0.0274445709 0.0256544051 0.0097442946 0.0247080034 0.0199060869 0.0018295999 0.0285555389 0.0152193282
18 0.0302263651 0.0061086744 0.0188341895 0.020660326 0.019728559 0.0155665284 0.0210557653 0.0335438063 0.0171244715 0.0354636377 0.0027006713 0.0222948374 0.0071319725 0.0277866292 0.0228523934 0.0280122508 0.0187002513 0.0 0.0086569958 0.0215858618 0.0054547463 0.0123537452 0.0238687091 0.019017424 0.0065346519 0.0158377014 0.0211353415 0.021267779 0.0163762051 0.021407812 0.0153104109 0.0067059076 0.0339797217 0.0143964466 0.0256054787 0.0240123544 0.0257968982 0.0203627283 0.0272933542 0.0030114678 0.0060496865 0.0203374333 0.0244592257 0.0088133853 0.021002221 0.0152669843 0.0084901753 0.0215768017 0.0226616538 0.020386574 0.0290507183 0.0030019888 0.022006982 0.0150535456 0.0240795538
19 0.0140680409 0.0155429349 0.0210135133 0.0208509694 0.006779526 0.0185249586 0.0214900138 0.0155898377 0.0233993065 0.0120571791 0.0204986173 0.0250194667 0.001753891 0.0196863593 0.0059098807 0.0232261821 0.0188259094 0.0086569958 0.0 0.0282330556 0.024987947 0.0231664746 0.0311700556 0.0280035504 0.0232408692 0.0213340275 0.0103741159 0.0202963783 0.0252619423 0.0206552764 0.0161607161 0.0284277979 0.0195555992 0.0130716495 0.0142556792 0.0139074076 0.0177940168 0.0004835687 0.0212893339 0.0109676681 0.0105499941 0.029597581 0.0168949437 0.0143616252 0.0245217345 0.0305637043 0.0288879598 0.0016408111 0.01639285 0.0158754976 0.0293414696 0.0233500863 0.0223519734 0.0073429375 0.0227961192
20 0.0134096243 0.0022615659 0.0120846616 0.0192313565 0.0178054711 0.0305151856 0.0146238901 0.0250798704 0.0326916035 0.0241066249 0.0184307821 0.0216405855 0.0248214885 0.0174637342 0.0270065324 0.0236747131 0.0188057514 0.0215858618 0.0282330556 0.0 0.0222770622 0.0239842678 0.0097529479 0.0022944947 0.0266819564 0.0212509582 0.0051337089 0.0219792921 0.0073434974 0.0103634102 0.0043014086 0.0018952143 0.0159838674 0.0286976668 0.0169456068 0.0101631226 0.026343243 0.0038689193 0.0048143653 0.0277928948 0.0163872029 0.0222600715 0.0165824707 0.0299036891 0.0200175498 0.0242442429 0.0345395524 0.0161471432 0.017725274 0.0299858425 0.0263404305 0.0121938954 0.0092287576 0.0196145987 0.0194890157
21 0.0197643718 0.0114545093 0.0097285351 0.0084315916 0.0165953564 0.0191354692 0.0156015194 0.0243579421 0.0203840016 0.010849436 0.0225010462 0.0334068622 0.0251807461 0.0216219223 0.0258195386 0.0284200972 0.0180793879 0.0054547463 0.024987947 0.0222770622 0.0 0.0154342798 0.0195284026 0.0178677738 0.0361989341 0.0090300176 0.0092684049 0.0125512466 0.0263568891 0.0168363726 0.0223788084 0.0322127687 0.02883693 0.0148266613 0.0176730701 0.0155584906 0.017173957 0.0180952986 0.0112214464 0.029215979 0.024372795 0.0102310196 0.0190924151 0.0172862386 0.0259221772 0.0184906803 0.0087198977 0.0179022229 0.0143587782 0.0207311615 0.0035225292 0.0236817989 0.0056207944 0.0146639845 0.0210856868
22 0.0268858731 0.0088546408 0.0294652374 0.024869598 0.0311803176 0.0213349233 0.0106402988 0.0251339799 0.0092346879 0.0143255873 0.0172613988 0.0124711469 0.0278552055 0.0156890391 0.0027555567 0.0043690013 0.0295419082 0.0123537452 0.0231664746 0.0239842678 0.0154342798 0.0 0.0304444094 0.0193426917 0.0182819698 0.0232227166 0.0341546805 0.0364110769 0.0164217345 0.0053398775 0.0054972526 0.0180763256 0.0322774545 0.0097771265 0.0177402998 0.0041015413 0.0331625549 0.019728791 0.0133199218 0.0140601831 0.0157791864 0.0190404472 0.0281509672 0.0203695585 0.0046478879 0.0137211406 0.0183403044 0.0229484127 0.0028801927 0.0100407429 0.0188345985 0.0289327584 0.0249202604 0.0087726822 0.0244530841
23 0.0167778073 0.0245847434 0.026042904 0.0121504946 0.0261885354 0.0313307581 0.0224507049 0.0277691718 0.011739145 0.024591509 0.0150216962 0.0220510164 0.0190195476 0.0167923454 0.0251985694 0.0231623092 0.0029894839 0.0238687091 0.0311700556 0.0097529479 0.0195284026 0.0304444094 0.0 0.015566688 0.0164453655 0.017844853 0.0154410695 0.0192499293 0.0271031141 0.0088268206 0.0235963706 0.0127414405 0.0229634836 0.0125863363 0.0158099759 0.0123825254 0.0105646383 0.0223266726 0.0168550441 0.0104294769 0.0054821706 0.0116548336 0.0223829321 0.0115445007 0.0221854895 0.014711793 0.0170685279 0.0218422865 0.0144642046 0.0267373308 0.0193348264 0.0107126372 0.0241034413 0.0210788544 0.0133371014
24 0.019682118 0.0279826261 0.0063529436 0.0135601182 0.02117528 0.0149297941 0.0178570249 0.0226054534 0.0218117161 0.0227956934 0.008215594 0.0148204868 0.0177819261 0.0310585857 0.008926528 0.0252564412 0.0215113677 0.019017424 0.0280035504 0.0022944947 0.0178677738 0.0193426917 0.015566688 0.0 0.0254468532 0.0220345467 0.0126090414 0.0281546129 0.0245918753 0.0114874405 0.0198245072 0.0220633723 0.011223815 0.0265806927 0.0136071344 0.0303343913 0.0165502764 0.0236857941 0.007719208 0.0151029796 0.0207434981 0.0166026496 0.0128742824 0.0202663382 0.0322053839 0.0142994314 0.0241937543 0.0242069252 0.0069904091 0.0158830591 0.0138559393 0.0154292787 0.0112782723 0.0245750013 0.0171629161
25 0.0291582029 0.0149921676 0.018514764 0.0134042398 0.0018125042 0.0300356692 0.0098792453 0.0152631594 0.0155781198 0.0204015935 0.0251848423 0.0185777731 0.0278204702 0.0124911845 0.0282826104 0.0173293174 0.0165699147 0.0065346519 0.0232408692 0.0266819564 0.0361989341 0.0182819698 0.0164453655 0.0254468532 0.0 0.0083771419 0.0121746397 0.0153104706 0.0172267653 0.0272862978 0.0207140361 0.019019401 0.0272561859 0.0165891239 0.0080203225 0.0087801303 0.0168788875 0.0220892854 0.0195046539 0.0198892398 0.0177139522 0.0176677087 0.0255323733 0.0271477383 0.0195547042 0.0165608915 0.0237162019 0.0097909621 0.0105773091 0.003447321 0.0168709908 0.0227005114 0.013545987 0.0232695817 0.0246608066
26 0.0228408725 0.0195352764 0.0246831853 0.0093384145 0.0284052225 0.0132482632 0.0150138849 0.0194694871 0.0354781981 0.0180261812 0.0252550501 0.0070535858 0.0089040507 0.0165617986 0.0357004947 0.0188309109 0.0048447048 0.0158377014 0.0213340275 0.0212509582 0.0090300176 0.0232227166 0.017844853 0.0220345467 0.0083771419 0.0 0.022412449 0.0027245794 0.0148246524 0.0040115009 0.0033854868 0.0224477269 0.0121631444 0.0222116943 0.0213220669 0.0386153363 0.0130638269 0.0338790013 0.0221207731 0.0284429621 0.0288608254 0.006517932 0.0081460666 0.0155379015 0.0191654164 0.0199667624 0.0244102353 0.024320592 0.0193814859 0.0207297307 0.0075968327 0.01699642 0.0299433415 0.0195980487 0.0150816641
27 0.0113437132 0.0067651558 0.0270858159 0.0206996151 0.0239065564 0.0131168463 0.03323156 0.0089662698 0.025326899 0.0172886534 0.0117805338 0.0186873647 0.0252864612 0.0103922843 0.0230278712 0.0242547823 0.0146176825 0.0211353415 0.0103741159 0.0051337089 0.0092684049 0.0341546805 0.0154410695 0.0126090414 0.0121746397 0.022412449 0.0 0.0316175424 0.0078454741 0.0234468043 0.029419503 0.0101663531 0.0323467113 0.009079271 0.022616863 0.0159594429 0.0159246658 0.0154066978 0.0260184204 0.0272107681 0.005350825 0.0066123116 0.0232709745 0.0177059881 0.0139413007 0.0108888062 0.0181756235 0.0234838848 0.0273186636 0.0260969915 0.0113630075 0.018188226 0.0169860522 0.0333825981 0.0216947133
28 0.0138005981 0.0253528202 0.0152762928 0.0201560349 0.008379092 0.0148784111 0.0257794348 0.0156750012 0.0160311052 0.0109487157 0.0219908628 0.0095803871 0.0199257765 0.024179607 0.0188970425 0.0195105937 0.014559851 0.021267779 0.0202963783 0.0219792921 0.0125512466 0.0364110769 0.0192499293 0.0281546129 0.0153104706 0.0027245794 0.0316175424 0.0 0.0131949142 0.0151868962 0.0208983985 0.0221616011 0.0276343665 0.013757737 0.0148413601 0.0222472108 0.0200067359 0.0213677113 0.0137040206 0.0202440336 0.0205402798 0.0224499708 0.0270118001 0.018480678 0.016328757 0.0265378505 0.0188505003 0.0086053339 0.0188273215 0.0210984916 0.0097929999 0.0161831337 0.0201738616 0.0104108678 0.0149786333
29 0.0194825125 0.0195773131 0.026937509 0.0302438608 0.0171769546 0.0056753465 0.0175999986 0.0294079833 0.0375283027 0.0237246684 0.0182272776 0.0088356379 0.007186451 0.0315072041 0.0142528702 0.0105146305 0.0107558841 0.0163762051 0.0252619423 0.0073434974 0.0263568891 0.0164217345 0.0271031141 0.0245918753 0.0172267653 0.0148246524 0.0078454741 0.0131949142 0.0 0.0234867058 0.0279970279 0.021235784 0.0296075227 0.0045339491 0.0180519024 0.0076813831 0.0192320442 0.0214460029 0.0354364243 0.0050255198 0.0158799479 0.0102970337 0.0150928347 0.0251605495 0.0282663698 0.0298860305 0.0038107605 0.0032807346 0.0195913062 0.0238927679 0.0292166049 0.0091863493 0.0229348046 0.016311332 0.0082768386
30 0.0147900703 0.0139213382 0.0206348301 0.0117810389 0.0148071519 0.0069918395 0.023341561 0.0130346273 0.0210688777 0.013067654 0.0263994194 0.0235112027 0.0050982806 0.0085589036 0.0133535506 0.0286510909 0.0214928373 0.021407812 0.0206552764 0.0103634102 0.0168363726 0.0053398775 0.0088268206 0.0114874405 0.0272862978 0.0040115009 0.0234468043 0.0151868962 0.0234867058 0.0 0.0194539749 0.0235486262 0.0118564082 0.0361718736 0.0286056902 0.0184177175 0.0151182849 0.028364511 0.0318580082 0.0136779758 0.0189579823 0.0160109953 0.0250808331 0.0170061339 0.0127315299 0.0098423767 0.0260894053 0.0293313705 0.0166899992 0.0160328119 0.0191120646 0.0262838369 0.0186744923 0.0271039493 0.0251396598
31 0.0136196118 0.023025099 0.0290927732 0.0187889469 0.0245563909 0.0329984181 0.0009098892 0.03254767 0.0132876664 0.0191055153 0.0225758624 0.0145310134 0.0340612136 0.0160477023 0.0064858177 0.0168474776 0.0148132974 0.0153104109 0.0161607161 0.0043014086 0.0223788084 0.0054972526 0.0235963706 0.0198245072 0.0207140361 0.0033854868 0.029419503 0.0208983985 0.0279970279 0.0194539749 0.0 0.0247414318 0.0125945252 0.0161973403 0.0220347297 0.0187027083 0.0165579642 0.0154468317 0.0239152743 0.0144997907 0.0146529417 0.0275971084 0.0134725846 0.006591339 0.0233516403 0.0104830608 0.004954292 0.0177295288 0.0278561681 0.0273833229 0.02488433 0.0041782112 0.0266777515 0.019517469 0.0237473884
32 0.0100970904 0.0322650001 0.0140921938 0.0228254297 0.0231673221 0.0264562433 0.0207864981 0.0241373788 0.0179715187 0.0074616389 0.0178897246 0.0189619874 0.0301793756 0.0184734037 0.0154967715 0.0305510829 0.0104835334 0.0067059076 0.0284277979 0.0018952143 0.0322127687 0.0180763256 0.0127414405 0.0220633723 0.019019401 0.0224477269 0.0101663531 0.0221616011 0.021235784 0.0235486262 0.0247414318 0.0 0.0195154869 0.0167445656 0.0122213651 0.0085979731 0.0178173558 0.003513145 0.0216840668 0.0217422503 0.0328755565 0.0219441755 0.0214963608 0.0221995019 0.0110594285 0.0246499059 0.019654358 0.0220502263 0.0130079214 0.0087484887 0.0106756142 0.0059789626 0.0178200015 0.0126044375 0.026658908
33 0.01839586 0.0261278018 0.0153531352 0.020282733 0.0120586891 0.0061333482 0.0184497708 0.0174747495 0.011105632 0.0006972199 0.0115653392 0.0088795334 0.0148380687 0.0209897535 0.0094582763 0.0134327823 0.0163277246 0.0339797217 0.0195555992 0.0159838674 0.02883693 0.0322774545 0.0229634836 0.011223815 0.0272561859 0.0121631444 0.0323467113 0.0276343665 0.0296075227 0.0118564082 0.0125945252 0.0195154869 0.0 0.0173029781 0.0259615385 0.016104702 0.0218942814 0.0245398285 0.0241668318 0.0287510638 0.0179541674 0.0334636847 0.0266728612 0.0157988563 0.0044060127 0.0182261415 0.0206893843 0.0128710112 0.0045319531 0.0179791354 0.0194849713 0.0161763234 0.0092125874 0.0244067807 0.0200392653
34 0.0121901151 0.0231436064 0.0141492824 0.0260480083 0.0206077727 0.0240579733 0.0200802609 0.0002572032 0.0221323539 0.0088559798 0.0082964497 0.0255120098 0.0136240174 0.0281343022 0.0314844567 0.0275711835 0.0180065274 0.0143964466 0.0130716495 0.0286976668 0.0148266613 0.0097771265 0.0125863363 0.0265806927 0.0165891239 0.0222116943 0.009079271 0.013757737 0.0045339491 0.0361718736 0.0161973403 0.0167445656 0.0173029781 0.0 0.0089251697 0.0239925342 0.0090595515 0.024748044 0.0173440384 0.0163731948 0.0342978221 0.0139985742 0.0268074696 0.0326181966 0.0191017433 0.015546453 0.0132510343 0.0221271947 0.0079483435 0.0193993158 0.0200815271 0.0240621417 0.0179681736 0.0084821104 0.027190752
35 0.0141949058 0.0165086024 0.0230953075 0.0026775913 0.0033262972 0.0319470824 0.0248418086 0.0273806861 0.0251241754 0.0161426135 0.0201980091 0.0093515183 0.0148911469 0.0264266466 0.0163846296 0.006735518 0.0132042086 0.0256054787 0.0142556792 0.0169456068 0.0176730701 0.0177402998 0.0158099759 0.0136071344 0.0080203225 0.0213220669 0.022616863 0.0148413601 0.0180519024 0.0286056902 0.0220347297 0.0122213651 0.0259615385 0.0089251697 0.0 0.0180612462 0.0125726955 0.0209673241 0.0088642139 0.0261835795 0.019373034 0.0207226613 0.0205338331 0.0210198995 0.0324006919 0.0310279029 0.0150371367 0.019488552 0.0192791817 0.0123356899 0.0203871353 0.029606709 0.0139204578 0.0258101822 0.0157388729
36 0.0203919807 0.0236478828 0.0280151413 0.0128039322 0.0296614343 0.0095503495 0.0174293945 0.0256707715 0.0144295021 0.0235452684 0.0214020315 0.012707086 0.0374216342 0.0273907004 0.0108465187 0.0204996963 0.0185475139 0.0240123544 0.0139074076 0.0101631226 0.0155584906 0.0041015413 0.0123825254 0.0303343913 0.0087801303 0.0386153363 0.0159594429 0.0222472108 0.0076813831 0.0184177175 0.0187027083 0.0085979731 0.016104702 0.0239925342 0.0180612462 0.0 0.0116429828 0.0184385345 0.0034869977 0.0316655224 0.01234867 0.0271580341 0.0242493007 0.0168951937 0.0198323989 0.0118014646 0.0160726612 0.0220561782 0.0149319128 0.0287531805 0.0171707122 0.016055907 0.0237496848 0.0084045315 0.0137050763
37 0.0076249578 0.0183147681 0.0178699359 0.0234474396 0.0173609267 0.0285115323 0.0227400371 0.0107413472 0.0197769436 0.0147520806 0.022392495 0.0199653941 0.0220039268 0.0166976929 0.0140302604 0.0110405902 0.0316847411 0.0257968982 0.0177940168 0.026343243 0.017173957 0.0331625549 0.0105646383 0.0165502764 0.0168788875 0.0130638269 0.0159246658 0.0200067359 0.0192320442 0.0151182849 0.0165579642 0.0178173558 0.0218942814 0.0090595515 0.0125726955 0.0116429828 0.0 0.0250097254 0.0227197745 0.0181942126 0.0255549215 0.0322108219 0.0340858444 0.0020382896 0.0149459499 0.0244431308 0.0104836452 0.001790459 0.0325069905 0.0252531002 0.0105552071 0.0160629785 0.0115077163 0.0192083386 0.0173189634
38 0.0059943907 0.0266763248 0.0281074791 0.0264653854 0.0176303248 0.0087524139 0.0179932157 0.0176604265 0.0078958228 0.0282636412 0.0312102049 0.0321254112 0.0097770977 0.0158710962 0.0174346481 0.0172635956 0.0137668759 0.0203627283 0.0004835687 0.0038689193 0.0180952986 0.019728791 0.0223266726 0.0236857941 0.0220892854 0.0338790013 0.0154066978 0.0213677113 0.0214460029 0.028364511 0.0154468317 0.003513145 0.0245398285 0.024748044 0.0209673241 0.0184385345 0.0250097254 0.0 0.0037418607 0.0101943128 0.0199153624 0.012675474 0.0120610394 0.0214564689 0.0287053211 0.0125353545 0.0236066861 0.0057063375 0.0308841682 0.0145150906 0.0221779728 0.0159715577 0.0158869664 0.0270932627 0.0162159941
39 0.0180149366 0.0346370977 0.0092393376 0.0257331112 0.0145277053 0.028534458 0.0170314016 0.0185644612 0.0141177232 0.0175754134 0.0175991608 0.0166449961 0.006832761 0.0174823286 0.0121523216 0.0086478473 0.0254966347 0.0272933542 0.0212893339 0.0048143653 0.0112214464 0.0133199218 0.0168550441 0.007719208 0.0195046539 0.0221207731 0.0260184204 0.0137040206 0.0354364243 0.0318580082 0.0239152743 0.0216840668 0.0241668318 0.0173440384 0.0088642139 0.0034869977 0.0227197745 0.0037418607 0.0 0.0172715302 0.0221923935 0.028213192 0.0170622329 0.0222947202 0.01316539 0.0074548883 0.0118693987 0.0216574469 0.0160106566 0.0148699018 0.0184865473 0.0189834465 0.0277171796 0.0308016072 0.0320397397
40 0.0074154479 0.0088617325 0.0221613177 0.0061693738 0.0139734691 0.0186735994 0.0244460291 0.0114838794 0.0213258309 0.0209424748 0.02496755 0.0148316703 0.0110415716 0.0192959532 0.0187285668 0.017302602 0.0157753308 0.0030114678 0.0109676681 0.0277928948 0.029215979 0.0140601831 0.0104294769 0.0151029796 0.0198892398 0.0284429621 0.0272107681 0.0202440336 0.0050255198 0.0136779758 0.0144997907 0.0217422503 0.0287510638 0.0163731948 0.0261835795 0.0316655224 0.0181942126 0.0101943128 0.0172715302 0.0 0.0216069959 0.0243616365 0.0277506203 0.0160041313 0.0223147425 0.01899768 0.0209947063 0.029027201 0.029103007 0.00951029 0.015678272 0.0185146055 0.0221381881 0.0211257646 0.0155291535
41 0.0214667295 0.0152142128 0.0188984965 0.0129376238 0.0212977116 0.0219628362 0.0381754004 0.0151050784 0.0088918031 0.0150660869 0.0106397905 0.0106505296 0.0178196575 0.021462343 0.0238895713 0.0101930806 0.0333031831 0.0060496865 0.0105499941 0.0163872029 0.024372795 0.0157791864 0.0054821706 0.0207434981 0.0177139522 0.0288608254 0.005350825 0.0205402798 0.0158799479 0.0189579823 0.0146529417 0.0328755565 0.0179541674 0.0342978221 0.019373034 0.01234867 0.0255549215 0.0199153624 0.0221923935 0.0216069959 0.0 0.0175966214 0.0113742324 0.0022180104 0.0209231724 0.0088222647 0.014801432 0.0225714572 0.025304364 0.0212860278 0.0184168014 0.0333882713 0.02708491 0.0133717419 0.0184263473
42 0.0294784648 0.0112723973 0.0060140287 0.0146938744 0.0176590789 0.0040496464 0.0168829372 0.0123058181 0.0123891179 0.021859911 0.0170433042 0.0203742705 0.0123875246 0.0182289355 0.0400571455 0.0195432389 0.0216485145 0.0203374333 0.029597581 0.0222600715 0.0102310196 0.0190404472 0.0116548336 0.0166026496 0.0176677087 0.006517932 0.0066123116 0.0224499708 0.0102970337 0.0160109953 0.0275971084 0.0219441755 0.0334636847 0.0139985742 0.0207226613 0.0271580341 0.0322108219 0.012675474 0.028213192 0.0243616365 0.0175966214 0.0 0.0090377621 0.0136240363 0.0194614302 0.0227550323 0.0264406509 0.0137798712 0.0178695933 0.0272334841 0.0224918889 0.0223106292 0.0261005237 0.0043434507 0.0094414666
43 0.0208600911 0.0077471247 0.0190242968 0.0115904253 0.0116231649 0.0233271728 0.0252513758 0.0064983338 0.0050809882 0.0173584195 0.0076645624 0.0175445455 0.01970123 0.0007420786 0.023000154 0.0210803934 0.0207616605 0.0244592257 0.0168949437 0.0165824707 0.0190924151 0.0281509672 0.0223829321 0.0128742824 0.0255323733 0.0081460666 0.0232709745 0.0270118001 0.0150928347 0.0250808331 0.0134725846 0.0214963608 0.0266728612 0.0268074696 0.0205338331 0.0242493007 0.0340858444 0.0120610394 0.0170622329 0.0277506203 0.0113742324 0.0090377621 0.0 0.0114472037 0.0211732417 0.0319678997 0.0241121784 0.0086524673 0.022872892 0.0172134719 0.009155801 0.0080708427 0.0332125105 0.0231379745 0.0209512391
44 0.0322454389 0.0176081315 0.0093953858 0.0172957304 0.0191928805 0.0193062448 0.0129253538 0.0067713602 0.0052018308 0.0183130512 0.030818795 0.0126237636 0.0184188732 0.0176319992 0.0349750747 0.0124416328 0.028159738 0.0088133853 0.0143616252 0.0299036891 0.0172862386 0.0203695585 0.0115445007 0.0202663382 0.0271477383 0.0155379015 0.0177059881 0.018480678 0.0251605495 0.0170061339 0.006591339 0.0221995019 0.0157988563 0.0326181966 0.0210198995 0.0168951937 0.0020382896 0.0214564689 0.0222947202 0.0160041313 0.0022180104 0.0136240363 0.0114472037 0.0 0.0242223788 0.0270811473 0.0179884313 0.0319543136 0.0275181224 0.0132143062 0.0128755983 0.0282501815 0.0073832207 0.0209651801 0.027431663
45 0.0134904528 0.0246408617 0.0212673107 0.0137265584 0.0250738999 0.0218236407 0.0202712411 0.0110210338 0.0156168784 0.0312680126 0.0248636274 0.0226562496 0.0135915341 0.0189810957 0.0052716004 0.0111443089 0.011844413 0.021002221 0.0245217345 0.0200175498 0.0259221772 0.0046478879 0.0221854895 0.0322053839 0.0195547042 0.0191654164 0.0139413007 0.016328757 0.0282663698 0.0127315299 0.0233516403 0.0110594285 0.0044060127 0.0191017433 0.0324006919 0.0198323989 0.0149459499 0.0287053211 0.01316539 0.0223147425 0.0209231724 0.0194614302 0.0211732417 0.0242223788 0.0 0.0255418688 0.0247440773 0.0135654247 0.0140054458 0.0179051058 0.0170765115 0.0126699499 0.0191360758 0.0062127627 0.0070359942
46 0.0076168534 0.0249406161 0.0241765217 0.0161739 0.0118161164 0.0065225303 0.0230105739 0.0172873309 0.0186577349 0.0097659132 0.0243436376 0.0243444307 0.0225661112 0.0133683476 0.0211353466 0.0201516506 0.0196552485 0.0152669843 0.0305637043 0.0242442429 0.0184906803 0.0137211406 0.014711793 0.0142994314 0.0165608915 0.0199667624 0.0108888062 0.0265378505 0.0298860305 0.0098423767 0.0104830608 0.0246499059 0.0182261415 0.015546453 0.0310279029 0.0118014646 0.0244431308 0.0125353545 0.0074548883 0.01899768 0.0088222647 0.0227550323 0.0319678997 0.0270811473 0.0255418688 0.0 0.0177370786 0.0078623744 0.0190030539 0.0102970991 0.0243968725 0.0312299745 0.0046445062 0.023954151 0.0190271364
47 0.0281371142 0.0220277618 0.0091058998 0.0130456553 0.0252415039 0.0278804497 0.0265813794 0.0225050965 0.0144638925 0.0330477775 0.0214235985 0.0144254058 0.0173390385 0.0179049867 0.0199251081 0.0226812077 0.0105926559 0.0084901753 0.0288879598 0.0345395524 0.0087198977 0.0183403044 0.0170685279 0.0241937543 0.0237162019 0.0244102353 0.0181756235 0.0188505003 0.0038107605 0.0260894053 0.004954292 0.019654358 0.0206893843 0.0132510343 0.0150371367 0.0160726612 0.0104836452 0.0236066861 0.0118693987 0.0209947063 0.014801432 0.0264406509 0.0241121784 0.0179884313 0.0247440773 0.0177370786 0.0 0.0204395314 0.0018801148 0.0174512118 0.0286004095 0.0118616626 0.0127162102 0.0155130385 0.0074792393
48 0.0163785562 0.016797538 0.0081777523 0.0114034488 0.0155560544 0.0029126828 0.0276688767 0.0187382724 0.0291082845 0.0269998568 0.0270467298 0.0148682415 0.027920891 0.0265414754 0.0053722354 0.0233255562 0.0274445709 0.0215768017 0.0016408111 0.0161471432 0.0179022229 0.0229484127 0.0218422865 0.0242069252 0.0097909621 0.024320592 0.0234838848 0.0086053339 0.0032807346 0.0293313705 0.0177295288 0.0220502263 0.0128710112 0.0221271947 0.019488552 0.0220561782 0.001790459 0.0057063375 0.0216574469 0.029027201 0.0225714572 0.0137798712 0.0086524673 0.0319543136 0.0135654247 0.0078623744 0.0204395314 0.0 0.0200570185 0.0261721039 0.0245732404 0.0232806957 0.0274681169 0.013794287 0.0199864578
49 0.0192234402 0.0127956891 0.0195449571 0.0132250558 0.0229177015 0.0181014027 0.0270944735 0.0285993294 0.0199947434 0.0158959537 0.0182978846 0.0155236017 0.0121727337 0.0216156608 0.0312883861 0.0198502795 0.0256544051 0.0226616538 0.01639285 0.017725274 0.0143587782 0.0028801927 0.0144642046 0.0069904091 0.0105773091 0.0193814859 0.0273186636 0.0188273215 0.0195913062 0.0166899992 0.0278561681 0.0130079214 0.0045319531 0.0079483435 0.0192791817 0.0149319128 0.0325069905 0.0308841682 0.0160106566 0.029103007 0.025304364 0.0178695933 0.022872892 0.0275181224 0.0140054458 0.0190030539 0.0018801148 0.0200570185 0.0 0.0289009816 0.0072752487 0.0247625212 0.0163471742 0.0104160165 0.0180720047
50 0.0150620462 0.0303425898 0.0166419982 0.0276531446 0.0321070999 0.0083766969 0.0176587976 0.0190612767 0.0142637113 0.0105036111 0.0200151167 0.0208301025 0.0146575685 0.0289473874 0.0068137982 0.0074716944 0.0097442946 0.020386574 0.0158754976 0.0299858425 0.0207311615 0.0100407429 0.0267373308 0.0158830591 0.003447321 0.0207297307 0.0260969915 0.0210984916 0.0238927679 0.0160328119 0.0273833229 0.0087484887 0.0179791354 0.0193993158 0.0123356899 0.0287531805 0.0252531002 0.0145150906 0.0148699018 0.00951029 0.0212860278 0.0272334841 0.0172134719 0.0132143062 0.0179051058 0.0102970991 0.0174512118 0.0261721039 0.0289009816 0.0 0.0258270378 0.0170151296 0.0079346065 0.0232069266 0.0165057336
51 0.016499477 0.0214397662 0.0163398745 0.0204523433 0.0200133477 0.0089863165 0.019273038 0.0173237181 0.010177891 0.0299379017 0.0090905926 0.0263563704 0.0257037794 0.0220709828 0.0241136566 0.0242528233 0.0247080034 0.0290507183 0.0293414696 0.0263404305 0.0035225292 0.0188345985 0.0193348264 0.0138559393 0.0168709908 0.0075968327 0.0113630075 0.0097929999 0.0292166049 0.0191120646 0.02488433 0.0106756142 0.0194849713 0.0200815271 0.0203871353 0.0171707122 0.0105552071 0.0221779728 0.0184865473 0.015678272 0.0184168014 0.0224918889 0.009155801 0.0128755983 0.0170765115 0.0243968725 0.0286004095 0.0245732404 0.0072752487 0.0258270378 0.0 0.020806685 0.0107879479 0.0161768009 0.0109839726
52 0.023716119 0.00907671 0.0165850724 0.0242062096 0.0301967532 0.0297392612 0.0068375329 0.0164921442 0.0292481025 0.0099827779 0.0182413393 0.02093344 0.0081074561 0.0129806647 0.0165958582 0.0225837066 0.0199060869 0.0030019888 0.0233500863 0.0121938954 0.0236817989 0.0289327584 0.0107126372 0.0154292787 0.0227005114 0.01699642 0.018188226 0.0161831337 0.0091863493 0.0262838369 0.0041782112 0.0059789626 0.0161763234 0.0240621417 0.029606709 0.016055907 0.0160629785 0.0159715577 0.0189834465 0.0185146055 0.0333882713 0.0223106292 0.0080708427 0.0282501815 0.0126699499 0.0312299745 0.0118616626 0.0232806957 0.0247625212 0.0170151296 0.020806685 0.0 0.0212145307 0.0125772303 0.0247006968
53 0.0143870981 0.0108845255 0.0339402382 0.0255379479 0.0183722631 0.0046074591 0.0136959922 0.0135105346 0.0231565668 0.0244188607 0.0172908508 0.0301270901 0.0213061911 0.0209508839 0.0247269482 0.0237860358 0.0018295999 0.022006982 0.0223519734 0.0092287576 0.0056207944 0.0249202604 0.0241034413 0.0112782723 0.013545987 0.0299433415 0.0169860522 0.0201738616 0.0229348046 0.0186744923 0.0266777515 0.0178200015 0.0092125874 0.0179681736 0.0139204578 0.0237496848 0.0115077163 0.0158869664 0.0277171796 0.0221381881 0.02708491 0.0261005237 0.0332125105 0.0073832207 0.0191360758 0.0046445062 0.0127162102 0.0274681169 0.0163471742 0.0079346065 0.0107879479 0.0212145307 0.0 0.0210344951 0.0140383581
54 0.0262258239 0.022090957 0.0176739812 0.0126882106 0.0171117232 0.0194299573 0.017320106 0.0157604736 0.0281055074 0.021818032 0.0258081471 0.0079751076 0.0198209707 0.0175409846 0.0124421275 0.023420456 0.0285555389 0.0150535456 0.0073429375 0.0196145987 0.0146639845 0.0087726822 0.0210788544 0.0245750013 0.0232695817 0.0195980487 0.0333825981 0.0104108678 0.016311332 0.0271039493 0.019517469 0.0126044375 0.0244067807 0.0084821104 0.0258101822 0.0084045315 0.0192083386 0.0270932627 0.0308016072 0.0211257646 0.0133717419 0.0043434507 0.0231379745 0.0209651801 0.0062127627 0.023954151 0.0155130385 0.013794287 0.0104160165 0.0232069266 0.0161768009 0.0125772303 0.0210344951 0.0 0.0228753735
55 0.0184364276 0.0136650571 0.0072667379 0.0237755848 0.0249757411 0.0063135907 0.0089108027 0.0243675545 0.0224767804 0.0279744317 0.0139581619 0.0212150045 0.0096406375 0.0199258969 0.0230150793 0.0214875937 0.0152193282 0.0240795538 0.0227961192 0.0194890157 0.0210856868 0.0244530841 0.0133371014 0.0171629161 0.0246608066 0.0150816641 0.0216947133 0.0149786333 0.0082768386 0.0251396598 0.0237473884 0.026658908 0.0200392653 0.027190752 0.0157388729 0.0137050763 0.0173189634 0.0162159941 0.0320397397 0.0155291535 0.0184263473 0.0094414666 0.0209512391 0.027431663 0.0070359942 0.0190271364 0.0074792393 0.0199864578 0.0180720047 0.0165057336 0.0109839726 0.0247006968 0.0140383581 0.0228753735 0.0
