45
1 0.0 0.0207337742 0.0199384176 0.018680248 0.014173095 0.0332566408 0.0238085118 0.0210317266 0.0236871139 0.0138707033 0.0240298746 0.0264181229 0.0299930913 0.0091883058 0.0287816633 0.0259221857 0.0259780492 0.0331566303 0.0276789219 0.0170852683 0.0159809179 0.025062693 0.0304714252 0.0245019944 0.0163567561 0.0323784637 0.0338790077 0.0248273471 0.0206330028 0.0329322659 0.025474636 0.0113511286 0.0167170571 0.0132744736 0.0149306527 0.0166164672 0.035427031 0.0353597288 0.0301229523 0.0084791172 0.0466419798 0.005703275 0.0158095644 0.0209644509 0.0086912672
2 0.0207337742 0.0 0.0078827576 0.0254680435 0.0214209164 0.0152323213 0.0239174885 0.0222033697 0.0329503872 0.0188727338 0.0176816438 0.0263667237 0.0066667383 0.0308797791 0.0224658618 0.0197248987 0.0423265814 0.0327638357 0.037144602 0.0223932958 0.0120066206 0.0297887368 0.0271898981 0.0165415305 0.0298808746 0.0177711676 0.0055550045 0.0214561769 0.0262190438 0.0207875202 0.021146062 0.0355892869 0.0197754114 0.0339884022 0.0218526152 0.0342149055 0.0053785295 0.0295463502 0.0267909541 0.0324717282 0.0085042327 0.0276611613 0.0112836167 0.021137467 0.0163669508
3 0.0199384176 0.0078827576 0.0 0.0297574821 0.0166486146 0.037239961 0.0362016897 0.0393452936 0.0195457102 0.0143566041 0.0315767753 0.0203956572 0.0142423028 0.0110082075 0.0250299449 0.0129271067 0.0215446154 0.0264807215 0.0305671686 0.0224989085 0.0234651676 0.0243305188 0.0142645972 0.0276464344 0.0241952653 0.0221226662 0.0349978644 0.0221575883 0.0316210808 0.021667656 0.029092743 0.0337774309 0.0190462793 0.0135576617 0.0235880598 0.0085315093 0.0175250231 0.0151938857 0.0339521677 0.0086665728 0.0213269783 0.0317815769 0.0098842476 0.01513022 0.0352888663
4 0.018680248 0.0254680435 0.0297574821 0.0 0.0104507116 0.0237500268 0.0267847679 0.0296821811 0.014687739 0.0326746069 0.0171562225 0.0267753718 0.0152729961 0.0215525792 0.0209237728 0.0298472838 0.0447749662 0.0285954473 0.0291132248 0.0063637218 0.0176858689 0.0318159244 0.0317799869 0.0327870304 0.0233979793 0.0077023076 0.0214206006 0.0177969712 0.0166747783 0.0224009073 0.0258773502 0.017353044 0.0153406609 0.0155435677 0.015104215 0.0247259634 0.0261216608 0.0292830278 0.0245655167 0.0209605691 0.0231116986 0.0239611366 0.0225283148 0.0226248885 0.0171246382
5 0.014173095 0.0214209164 0.0166486146 0.0104507116 0.0 0.0154580646 0.0129377247 0.0160125451 0.0284738998 0.01049172 0.0303427716 0.0259679176 0.0216171179 0.0085054299 0.0281312291 0.0099940788 0.0280724532 0.0026844735 0.0339209502 0.0191606333 0.0338358885 0.0321076379 0.0306216047 0.0266192594 0.0347480679 0.0304350828 0.042497899 0.0300917638 0.0049642268 0.0146375197 0.0244362941 0.0205271352 0.0107827762 0.0231803771 0.0107668815 0.031823438 0.0185553367 0.0232996932 0.0121676408 0.036995387 0.04316343 0.0308210432 0.0321560501 0.0313664713 0.0149347484
6 0.0332566408 0.0152323213 0.037239961 0.0237500268 0.0154580646 0.0 0.0223696463 0.0368266868 0.0233150267 0.0153935224 0.0101946793 0.0147791484 0.0198255948 0.0267838575 0.0160544079 0.0421854644 0.0279648411 0.001331783 0.0166228642 0.0320001687 0.0102898477 0.0239665481 0.0255276703 0.0227346814 0.0181736255 0.0321941954 0.0335742391 0.0205861229 0.0244218172 0.0202851484 0.0355333019 0.0154401433 0.0208377813 0.0102900033 0.0306753266 0.0422935109 0.0321329182 0.0151168206 0.0114696008 0.0061069211 0.0118179225 0.0134625619 0.0233859487 0.0400833561 0.0290152806
7 0.0238085118 0.0239174885 0.0362016897 0.0267847679 0.0129377247 0.0223696463 0.0 0.0309798086 0.0077440842 0.024553552 0.0322544875 0.0145298449 0.0339768247 0.0358122784 0.0265680544 0.0392976346 0.0233677922 0.007631017 0.0134720628 0.0207763563 0.0131198194 0.0294045765 0.0215073713 0.0351186032 0.0138914878 0.0218648857 0.0258922893 0.0243763277 0.0286995185 0.0138353035 0.014712154 0.0309648002 0.0293035425 0.0073329846 0.0089518094 0.027315782 0.0339603681 0.0294490281 0.0228866206 0.016045116 0.0197424602 0.0204786861 0.0134405509 0.024223488 0.0164988001
8 0.0210317266 0.0222033697 0.0393452936 0.0296821811 0.0160125451 0.0368266868 0.0309798086 0.0 0.0219320092 0.0213641409 0.0433375552 0.0199333938 0.0262610272 0.0176346355 0.0231627873 0.0193038168 0.0098090985 0.0291495104 0.0074694936 0.033308268 0.0229989711 0.0339901521 0.0223623394 0.0179573651 0.0172398762 0.0179894231 0.01360743 0.0138198585 0.0297559113 0.0196280734 0.0024758323 0.0270808094 0.0402293703 0.0242670086 0.0394567133 0.0345715721 0.0233067313 0.0257002454 0.014999014 0.0056261082 0.0119517839 0.0061295358 0.0347961149 0.0171536494 0.014158763
9 0.0236871139 0.0329503872 0.0195457102 0.014687739 0.0284738998 0.0233150267 0.0077440842 0.0219320092 0.0 0.0376002941 0.0417572983 0.0357945363 0.014485703 0.0062544743 0.0221118215 0.0166058715 0.0408876051 0.0313757943 0.006073713 0.0215439548 0.0264042457 0.0124715599 0.0262792366 0.0201220407 0.0341455519 0.0262060133 0.0091170789 0.0057712278 0.0119324542 0.0093738361 0.0104027103 0.0205225153 0.0123135848 0.0263704724 0.0251242207 0.0422406406 0.0490447475 0.0116511235 0.0222562877 0.0301848448 0.0343698027 0.0169543035 0.0138378265 0.0348252279 0.0212514104
10 0.0138707033 0.0188727338 0.0143566041 0.0326746069 0.01049172 0.0153935224 0.024553552 0.0213641409 0.0376002941 0.0 0.0097418737 0.0359011916 0.0334594503 0.0168615897 0.0169040576 0.0160597837 0.0063263274 0.0180142263 0.0084711922 0.0288728226 0.0376524178 0.0362855701 0.0128098296 0.0161978555 0.0258682021 0.0028641227 0.0239007806 0.0223228043 0.0261288816 0.0111767334 0.0135928656 0.02847363 0.0289952428 0.0294607333 0.0202817813 0.0368693794 0.0329216852 0.0368795158 0.033553078 0.022419305 0.0240634339 0.0251368059 0.020964961 0.0347818251 0.0166081676
11 0.0240298746 0.0176816438 0.0315767753 0.0171562225 0.0303427716 0.0101946793 0.0322544875 0.0433375552 0.0417572983 0.0097418737 0.0 0.0169408956 0.0347585464 0.0218464098 0.0223597557 0.0209628601 0.0136794242 0.0204728438 0.017038999 0.0173235048 0.0203342855 0.0276552061 0.0414609633 0.0203011462 0.0368638613 0.0439833002 0.0205388748 0.0230063864 0.0115087776 0.0233243679 0.0219500895 0.0186150231 0.0335274129 0.0117022824 0.0109847265 0.011665945 0.0111845189 0.0199108125 0.0347410418 0.0042235225 0.0285624654 0.030918695 0.0093311112 0.0184197482 0.0218290142
12 0.0264181229 0.0263667237 0.0203956572 0.0267753718 0.0259679176 0.0147791484 0.0145298449 0.0199333938 0.0357945363 0.0359011916 0.0169408956 0.0 0.0196072025 0.0185815064 0.0381728394 0.0316126932 0.0084672522 0.036569952 0.0197888346 0.0398246709 0.0091434838 0.0175405044 0.0188456525 0.0300982641 0.0139965629 0.0048604632 0.0259437935 0.0382839148 0.0137309019 0.0186326793 0.0241867105 0.0233714632 0.0063321531 0.019054309 0.0401241077 0.0035754084 0.0280239651 0.0331006529 0.0207316919 0.025970855 0.0374453381 0.0246580133 0.0150904692 0.0106829102 0.0201479768
13 0.0299930913 0.0066667383 0.0142423028 0.0152729961 0.0216171179 0.0198255948 0.0339768247 0.0262610272 0.014485703 0.0334594503 0.0347585464 0.0196072025 0.0 0.0140274536 0.0216755085 0.0062348995 0.0151838613 0.026347562 0.0267638186 0.0254651082 0.0200796654 0.0196101025 0.0312816056 0.0360520395 0.0231668941 0.0120681431 0.0382901789 0.0108595697 0.0111409295 0.0149811359 0.0290416049 0.0361288999 0.0157862141 0.0133340813 0.0196491263 0.0250805328 0.0194741862 0.0203132482 0.0294864565 0.0360784747 0.0454477919 0.0137334287 0.0282823484 0.0302790437 0.0144894912
14 0.0091883058 0.0308797791 0.0110082075 0.0215525792 0.0085054299 0.0267838575 0.0358122784 0.0176346355 0.0062544743 0.0168615897 0.0218464098 0.0185815064 0.0140274536 0.0 0.037978881 0.0243444019 0.0079162238 0.0204970004 0.0268711085 0.0198283472 0.0182972308 0.0185198293 0.029266564 0.0237295916 0.0303375666 0.0152472685 0.0196305024 0.0164361317 0.0355695515 0.0319489062 0.0315563698 0.021575998 0.037804343 0.0143214376 0.0289225404 0.0144284635 0.0246852484 0.0218469962 0.0238663972 0.0272764359 0.0248490815 0.0283184132 0.0372932231 0.0214146315 0.0264848085
15 0.0287816633 0.0224658618 0.0250299449 0.0209237728 0.0281312291 0.0160544079 0.0265680544 0.0231627873 0.0221118215 0.0169040576 0.0223597557 0.0381728394 0.0216755085 0.037978881 0.0 0.0245035346 0.0359246275 0.0163336119 0.0264693984 0.0058034992 0.0329938908 0.0203264143 0.0244454511 0.0213992607 0.0271435185 0.0261121618 0.0400843066 0.0059476582 0.0251715881 0.0069340244 0.0190417209 0.0279827251 0.0153199424 0.0216720958 0.0138293183 0.0169136855 0.026727397 0.0213487443 0.0187067006 0.0035670604 0.0249189919 0.0247691176 0.027649924 0.0143950601 0.0332439849
16 0.0259221857 0.0197248987 0.0129271067 0.0298472838 0.0099940788 0.0421854644 0.0392976346 0.0193038168 0.0166058715 0.0160597837 0.0209628601 0.0316126932 0.0062348995 0.0243444019 0.0245035346 0.0 0.037576972 0.009350548 0.0272513156 0.028210723 0.0391040375 0.0033338087 0.0262103173 0.0236844912 0.0255184546 0.0128926012 0.0301003407 0.0218289407 0.0413707897 0.0019774144 0.0174222021 0.0176967363 0.0181666592 0.0186556828 0.0383603227 0.0314231269 0.0409816563 0.0171703989 0.0073918112 0.0157978751 0.0023130029 0.0226173613 0.0364864622 0.0273847855 0.020194648
17 0.0259780492 0.0423265814 0.0215446154 0.0447749662 0.0280724532 0.0279648411 0.0233677922 0.0098090985 0.0408876051 0.0063263274 0.0136794242 0.0084672522 0.0151838613 0.0079162238 0.0359246275 0.037576972 0.0 0.040043793 0.0177725513 0.0287941348 0.0207384176 0.0187288956 0.0155671839 0.0187057726 0.0107715388 0.0143733852 0.0065087644 0.0171215914 0.0302448213 0.0224099667 0.031383852 0.0134400656 0.0333759762 0.0437163997 0.0308126232 0.0312313245 0.0031351073 0.017382724 0.031853441 0.0356512726 0.0148874831 0.0330533916 0.0173975934 0.0043251463 0.0067720921
18 0.0331566303 0.0327638357 0.0264807215 0.0285954473 0.0026844735 0.001331783 0.007631017 0.0291495104 0.0313757943 0.0180142263 0.0204728438 0.036569952 0.026347562 0.0204970004 0.0163336119 0.009350548 0.040043793 0.0 0.0358164794 0.0373888609 0.0147830762 0.0230828471 0.0190590465 0.0162112345 0.0125198226 0.0258013261 0.0219902241 0.0269409193 0.0115594808 0.0317087377 0.0371148503 0.0213028084 0.0048370979 0.0344538246 0.0181226742 0.0348903409 0.0128019346 0.0249311185 0.0220461085 0.0154547657 0.0267564499 0.0233617476 0.030741583 0.0187071016 0.0168167888
19 0.0276789219 0.037144602 0.0305671686 0.0291132248 0.0339209502 0.0166228642 0.0134720628 0.0074694936 0.006073713 0.0084711922 0.017038999 0.0197888346 0.0267638186 0.0268711085 0.0264693984 0.0272513156 0.0177725513 0.0358164794 0.0 0.0161651907 0.0318499064 0.0332125474 0.0184317046 0.0318169028 0.0314520666 0.0123098746 0.0240592085 0.0221524886 0.013957568 0.0217610604 0.0150769994 0.0194497276 0.0355130103 0.0233359215 0.0368293179 0.0145547712 0.0256581142 0.0245805827 0.0265037916 0.0220399559 0.0254521243 0.0285455827 0.0178834359 0.0083162181 0.0107852292
20 0.0170852683 0.0223932958 0.0224989085 0.0063637218 0.0191606333 0.0320001687 0.0207763563 0.033308268 0.0215439548 0.0288728226 0.0173235048 0.0398246709 0.0254651082 0.0198283472 0.0058034992 0.028210723 0.0287941348 0.0373888609 0.0161651907 0.0 0.0143285783 0.0293309653 0.0119253791 0.0238170511 0.0136109772 0.0348183281 0.0055577536 0.0277972119 0.0331764832 0.0205836264 0.0316110411 0.026783026 0.0175160179 0.0369804977 0.0216976292 0.0215268543 0.0130764414 0.007921619 0.012250247 0.0431503559 0.0091384624 0.0275219198 0.027924452 0.0260582035 0.0190894408
21 0.0159809179 0.0120066206 0.0234651676 0.0176858689 0.0338358885 0.0102898477 0.0131198194 0.0229989711 0.0264042457 0.0376524178 0.0203342855 0.0091434838 0.0200796654 0.0182972308 0.0329938908 0.0391040375 0.0207384176 0.0147830762 0.0318499064 0.0143285783 0.0 0.0321409209 0.0250478398 0.0310607672 0.0198887482 0.0236166828 0.0292806982 0.0320060629 0.0105432548 0.0304972964 0.025408153 0.0166343956 0.0230411764 0.0274178152 0.0216935768 0.0337452211 0.0191959158 0.0249533924 0.0090089909 0.0301512745 0.0226785218 0.0241664371 0.0212260333 0.0226740996 0.0088303875
22 0.025062693 0.0297887368 0.0243305188 0.0318159244 0.0321076379 0.0239665481 0.0294045765 0.0339901521 0.0124715599 0.0362855701 0.0276552061 0.0175405044 0.0196101025 0.0185198293 0.0203264143 0.0033338087 0.0187288956 0.0230828471 0.0332125474 0.0293309653 0.0321409209 0.0 0.0273841793 0.0214948674 0.0201463363 0.0193522272 0.0318631595 0.0140583942 0.0180969262 0.0230606421 0.0060760579 0.0056609819 0.0211207785 0.0424150578 0.0300362865 0.0273324966 0.0177774632 0.0215044833 0.021216632 0.0175397066 0.0228821486 0.0062022213 0.0225813987 0.0236138422 0.0158777537
23 0.0304714252 0.0271898981 0.0142645972 0.0317799869 0.0306216047 0.0255276703 0.0215073713 0.0223623394 0.0262792366 0.0128098296 0.0414609633 0.0188456525 0.0312816056 0.029266564 0.0244454511 0.0262103173 0.0155671839 0.0190590465 0.0184317046 0.0119253791 0.0250478398 0.0273841793 0.0 0.0092369016 0.0270549627 0.0029253085 0.0260731026 0.0300086203 0.020548536 0.0362534505 0.0150269149 0.0199336725 0.0254922798 0.0103521749 0.0172485919 0.0201653623 0.0265375783 0.0069252033 0.0246304697 0.0177410249 0.0282708731 0.0383859949 0.0258922818 0.0260351688 0.0135216801
24 0.0245019944 0.0165415305 0.0276464344 0.0327870304 0.0266192594 0.0227346814 0.0351186032 0.0179573651 0.0201220407 0.0161978555 0.0203011462 0.0300982641 0.0360520395 0.0237295916 0.0213992607 0.0236844912 0.0187057726 0.0162112345 0.0318169028 0.0238170511 0.0310607672 0.0214948674 0.0092369016 0.0 0.0311444698 0.0333961491 0.0179189827 0.0200225479 0.0226794725 0.0165415085 0.0372431799 0.0180462243 0.0287035606 0.0051409968 0.0369803297 0.0177006469 0.0114557069 0.025175577 0.0107002783 0.0255236981 0.020535332 0.0194267192 0.0166209026 0.0091547719 0.02805386
25 0.0163567561 0.0298808746 0.0241952653 0.0233979793 0.0347480679 0.0181736255 0.0138914878 0.0172398762 0.0341455519 0.0258682021 0.0368638613 0.0139965629 0.0231668941 0.0303375666 0.0271435185 0.0255184546 0.0107715388 0.0125198226 0.0314520666 0.0136109772 0.0198887482 0.0201463363 0.0270549627 0.0311444698 0.0 0.0174131242 0.0134712209 0.0266905372 0.0162381092 0.0293263056 0.004589367 0.0376709472 0.0177042237 0.0092810112 0.0186818754 0.022907337 0.0484313797 0.0180729405 0.0200692038 0.0266290092 0.0100397042 0.0093641949 0.0462400721 0.0102964861 0.0353694838
26 0.0323784637 0.0177711676 0.0221226662 0.0077023076 0.0304350828 0.0321941954 0.0218648857 0.0179894231 0.0262060133 0.0028641227 0.0439833002 0.0048604632 0.0120681431 0.0152472685 0.0261121618 0.0128926012 0.0143733852 0.0258013261 0.0123098746 0.0348183281 0.0236166828 0.0193522272 0.0029253085 0.0333961491 0.0174131242 0.0 0.0396424333 0.0199357538 0.0377779056 0.0124350051 0.0278256499 0.0100760248 0.0280346837 0.0044363104 0.0145548414 0.0214665312 0.0162515419 0.0327613203 0.0324498937 0.0268135355 0.0423251497 0.0306436026 0.0202496 0.0387996309 0.0328219144
27 0.0338790077 0.0055550045 0.0349978644 0.0214206006 0.042497899 0.0335742391 0.0258922893 0.01360743 0.0091170789 0.0239007806 0.0205388748 0.0259437935 0.0382901789 0.0196305024 0.0400843066 0.0301003407 0.0065087644 0.0219902241 0.0240592085 0.0055577536 0.0292806982 0.0318631595 0.0260731026 0.0179189827 0.0134712209 0.0396424333 0.0 0.0157335045 0.0091660527 0.0204680842 0.0164411652 0.022051756 0.021778259 0.0248281461 0.0192955196 0.0257655089 0.0297520439 0.026954842 0.0131556087 0.0253161073 0.0044506092 0.0400906492 0.0170235146 0.0152055761 0.0171273141
28 0.0248273471 0.0214561769 0.0221575883 0.0177969712 0.0300917638 0.0205861229 0.0243763277 0.0138198585 0.0057712278 0.0223228043 0.0230063864 0.0382839148 0.0108595697 0.0164361317 0.0059476582 0.0218289407 0.0171215914 0.0269409193 0.0221524886 0.0277972119 0.0320060629 0.0140583942 0.0300086203 0.0200225479 0.0266905372 0.0199357538 0.0157335045 0.0 0.0330707478 0.0227779987 0.0124205949 0.0243691383 0.0138515223 0.0501423857 0.0130896591 0.0237762323 0.0200178487 0.0236805653 0.019017531 0.0309640543 0.0325548805 0.0434588866 0.0193744544 0.0131911593 0.0322059187
29 0.0206330028 0.0262190438 0.0316210808 0.0166747783 0.0049642268 0.0244218172 0.0286995185 0.0297559113 0.0119324542 0.0261288816 0.0115087776 0.0137309019 0.0111409295 0.0355695515 0.0251715881 0.0413707897 0.0302448213 0.0115594808 0.013957568 0.0331764832 0.0105432548 0.0180969262 0.020548536 0.0226794725 0.0162381092 0.0377779056 0.0091660527 0.0330707478 0.0 0.0211044261 0.0275985167 0.0284713418 0.0266991455 0.0098462801 0.0296450927 0.018780643 0.0123872939 0.03355325 0.0208590935 0.0420554247 0.0295965623 0.0251390577 0.0269534036 0.0113588267 0.0193490301
30 0.0329322659 0.0207875202 0.021667656 0.0224009073 0.0146375197 0.0202851484 0.0138353035 0.0196280734 0.0093738361 0.0111767334 0.0233243679 0.0186326793 0.0149811359 0.0319489062 0.0069340244 0.0019774144 0.0224099667 0.0317087377 0.0217610604 0.0205836264 0.0304972964 0.0230606421 0.0362534505 0.0165415085 0.0293263056 0.0124350051 0.0204680842 0.0227779987 0.0211044261 0.0 0.0063138625 0.0353816974 0.0141195883 0.0472359458 0.0244567297 0.0176043617 0.0426926835 0.0345466692 0.0286200213 0.0125837533 0.0263312911 0.010570838 0.0280383475 0.038380866 0.0396717444
31 0.025474636 0.021146062 0.029092743 0.0258773502 0.0244362941 0.0355333019 0.014712154 0.0024758323 0.0104027103 0.0135928656 0.0219500895 0.0241867105 0.0290416049 0.0315563698 0.0190417209 0.0174222021 0.031383852 0.0371148503 0.0150769994 0.0316110411 0.025408153 0.0060760579 0.0150269149 0.0372431799 0.004589367 0.0278256499 0.0164411652 0.0124205949 0.0275985167 0.0063138625 0.0 0.0244870061 0.0218687277 0.0391620282 0.0145642149 0.0246348118 0.0280747871 0.0310858183 0.0243315632 0.0328900971 0.0386530994 0.0195550025 0.022987916 0.0081323175 0.0294997588
32 0.0113511286 0.0355892869 0.0337774309 0.017353044 0.0205271352 0.0154401433 0.0309648002 0.0270808094 0.0205225153 0.02847363 0.0186150231 0.0233714632 0.0361288999 0.021575998 0.0279827251 0.0176967363 0.0134400656 0.0213028084 0.0194497276 0.026783026 0.0166343956 0.0056609819 0.0199336725 0.0180462243 0.0376709472 0.0100760248 0.022051756 0.0243691383 0.0284713418 0.0353816974 0.0244870061 0.0 0.0166165767 0.0265187868 0.0126532116 0.0184157575 0.0252700451 0.0219063821 0.0324089345 0.0190018173 0.0149014011 0.0312426622 0.0233293183 0.0187966256 0.028728898
33 0.0167170571 0.0197754114 0.0190462793 0.0153406609 0.0107827762 0.0208377813 0.0293035425 0.0402293703 0.0123135848 0.0289952428 0.0335274129 0.0063321531 0.0157862141 0.037804343 0.0153199424 0.0181666592 0.0333759762 0.0048370979 0.0355130103 0.0175160179 0.0230411764 0.0211207785 0.0254922798 0.0287035606 0.0177042237 0.0280346837 0.021778259 0.0138515223 0.0266991455 0.0141195883 0.0218687277 0.0166165767 0.0 0.0214239914 0.0279813143 0.0151919536 0.0231823309 0.0320373886 0.0194245206 0.0226786141 0.02064821 0.0142215385 0.0373433683 0.0424020985 0.0329136152
34 0.0132744736 0.0339884022 0.0135576617 0.0155435677 0.0231803771 0.0102900033 0.0073329846 0.0242670086 0.0263704724 0.0294607333 0.0117022824 0.019054309 0.0133340813 0.0143214376 0.0216720958 0.0186556828 0.0437163997 0.0344538246 0.0233359215 0.0369804977 0.0274178152 0.0424150578 0.0103521749 0.0051409968 0.0092810112 0.0044363104 0.0248281461 0.0501423857 0.0098462801 0.0472359458 0.0391620282 0.0265187868 0.0214239914 0.0 0.0111320713 0.0067313892 0.0292428012 0.0214798986 0.0075496668 0.0379688369 0.0248133024 0.0363936048 0.0164080014 0.035741442 0.0198458383
35 0.0149306527 0.0218526152 0.0235880598 0.015104215 0.0107668815 0.0306753266 0.0089518094 0.0394567133 0.0251242207 0.0202817813 0.0109847265 0.0401241077 0.0196491263 0.0289225404 0.0138293183 0.0383603227 0.0308126232 0.0181226742 0.0368293179 0.0216976292 0.0216935768 0.0300362865 0.0172485919 0.0369803297 0.0186818754 0.0145548414 0.0192955196 0.0130896591 0.0296450927 0.0244567297 0.0145642149 0.0126532116 0.0279813143 0.0111320713 0.0 0.0372441939 0.020243104 0.020928324 0.0201513021 0.0317824674 0.0210502778 0.0244808233 0.0140352845 0.0238326711 0.0241735753
36 0.0166164672 0.0342149055 0.0085315093 0.0247259634 0.031823438 0.0422935109 0.027315782 0.0345715721 0.0422406406 0.0368693794 0.011665945 0.0035754084 0.0250805328 0.0144284635 0.0169136855 0.0314231269 0.0312313245 0.0348903409 0.0145547712 0.0215268543 0.0337452211 0.0273324966 0.0201653623 0.0177006469 0.022907337 0.0214665312 0.0257655089 0.0237762323 0.018780643 0.0176043617 0.0246348118 0.0184157575 0.0151919536 0.0067313892 0.0372441939 0.0 0.0171201002 0.0257841761 0.0376070084 0.0037641459 0.0076295576 0.0239324332 0.0128050953 0.0239529047 0.0114485103
37 0.035427031 0.0053785295 0.0175250231 0.0261216608 0.0185553367 0.0321329182 0.0339603681 0.0233067313 0.0490447475 0.0329216852 0.0111845189 0.0280239651 0.0194741862 0.0246852484 0.026727397 0.0409816563 0.0031351073 0.0128019346 0.0256581142 0.0130764414 0.0191959158 0.0177774632 0.0265375783 0.0114557069 0.0484313797 0.0162515419 0.0297520439 0.0200178487 0.0123872939 0.0426926835 0.0280747871 0.0252700451 0.0231823309 0.0292428012 0.020243104 0.0171201002 0.0 0.0104004975 0.0187525723 0.0183674663 0.0028973458 0.0230484251 0.0265748953 0.0233458702 0.0088577025
38 0.0353597288 0.0295463502 0.0151938857 0.0292830278 0.0232996932 0.0151168206 0.0294490281 0.0257002454 0.0116511235 0.0368795158 0.0199108125 0.0331006529 0.0203132482 0.0218469962 0.0213487443 0.0171703989 0.017382724 0.0249311185 0.0245805827 0.007921619 0.0249533924 0.0215044833 0.0069252033 0.025175577 0.0180729405 0.0327613203 0.026954842 0.0236805653 0.03355325 0.0345466692 0.0310858183 0.0219063821 0.0320373886 0.0214798986 0.020928324 0.0257841761 0.0104004975 0.0 0.0235074595 0.007367721 0.007812604 0.0106362241 0.0144661906 0.0371974529 0.0272753031
39 0.0301229523 0.0267909541 0.0339521677 0.0245655167 0.0121676408 0.0114696008 0.0228866206 0.014999014 0.0222562877 0.033553078 0.0347410418 0.0207316919 0.0294864565 0.0238663972 0.0187067006 0.0073918112 0.031853441 0.0220461085 0.0265037916 0.012250247 0.0090089909 0.021216632 0.0246304697 0.0107002783 0.0200692038 0.0324498937 0.0131556087 0.019017531 0.0208590935 0.0286200213 0.0243315632 0.0324089345 0.0194245206 0.0075496668 0.0201513021 0.0376070084 0.0187525723 0.0235074595 0.0 0.0317279826 0.0304384349 0.0151947326 0.0288646758 0.0181923362 0.0317795677
40 0.0084791172 0.0324717282 0.0086665728 0.0209605691 0.036995387 0.0061069211 0.016045116 0.0056261082 0.0301848448 0.022419305 0.0042235225 0.025970855 0.0360784747 0.0272764359 0.0035670604 0.0157978751 0.0356512726 0.0154547657 0.0220399559 0.0431503559 0.0301512745 0.0175397066 0.0177410249 0.0255236981 0.0266290092 0.0268135355 0.0253161073 0.0309640543 0.0420554247 0.0125837533 0.0328900971 0.0190018173 0.0226786141 0.0379688369 0.0317824674 0.0037641459 0.0183674663 0.007367721 0.0317279826 0.0 0.0189769669 0.0278231485 0.0137105032 0.0335294912 0.0279269101
41 0.0466419798 0.0085042327 0.0213269783 0.0231116986 0.04316343 0.0118179225 0.0197424602 0.0119517839 0.0343698027 0.0240634339 0.0285624654 0.0374453381 0.0454477919 0.0248490815 0.0249189919 0.0023130029 0.0148874831 0.0267564499 0.0254521243 0.0091384624 0.0226785218 0.0228821486 0.0282708731 0.020535332 0.0100397042 0.0423251497 0.0044506092 0.0325548805 0.0295965623 0.0263312911 0.0386530994 0.0149014011 0.02064821 0.0248133024 0.0210502778 0.0076295576 0.0028973458 0.007812604 0.0304384349 0.0189769669 0.0 0.0153792464 0.0202860442 0.0223803008 0.0300032223
42 0.005703275 0.0276611613 0.0317815769 0.0239611366 0.0308210432 0.0134625619 0.0204786861 0.0061295358 0.0169543035 0.0251368059 0.030918695 0.0246580133 0.0137334287 0.0283184132 0.0247691176 0.0226173613 0.0330533916 0.0233617476 0.0285455827 0.0275219198 0.0241664371 0.0062022213 0.0383859949 0.0194267192 0.0093641949 0.0306436026 0.0400906492 0.0434588866 0.0251390577 0.010570838 0.0195550025 0.0312426622 0.0142215385 0.0363936048 0.0244808233 0.0239324332 0.0230484251 0.0106362241 0.0151947326 0.0278231485 0.0153792464 0.0 0.0195542415 0.006181585 0.0253199739
43 0.0158095644 0.0112836167 0.0098842476 0.0225283148 0.0321560501 0.0233859487 0.0134405509 0.0347961149 0.0138378265 0.020964961 0.0093311112 0.0150904692 0.0282823484 0.0372932231 0.027649924 0.0364864622 0.0173975934 0.030741583 0.0178834359 0.027924452 0.0212260333 0.0225813987 0.0258922818 0.0166209026 0.0462400721 0.0202496 0.0170235146 0.0193744544 0.0269534036 0.0280383475 0.022987916 0.0233293183 0.0373433683 0.0164080014 0.0140352845 0.0128050953 0.0265748953 0.0144661906 0.0288646758 0.0137105032 0.0202860442 0.0195542415 0.0 0.0174957859 0.0417708732
44 0.0209644509 0.021137467 0.01513022 0.0226248885 0.0313664713 0.0400833561 0.024223488 0.0171536494 0.0348252279 0.0347818251 0.0184197482 0.0106829102 0.0302790437 0.0214146315 0.0143950601 0.0273847855 0.0043251463 0.0187071016 0.0083162181 0.0260582035 0.0226740996 0.0236138422 0.0260351688 0.0091547719 0.0102964861 0.0387996309 0.0152055761 0.0131911593 0.0113588267 0.038380866 0.0081323175 0.0187966256 0.0424020985 0.035741442 0.0238326711 0.0239529047 0.0233458702 0.0371974529 0.0181923362 0.0335294912 0.0223803008 0.006181585 0.0174957859 0.0 0.0378347976
45 0.0086912672 0.0163669508 0.0352888663 0.0171246382 0.0149347484 0.0290152806 0.0164988001 0.014158763 0.0212514104 0.0166081676 0.0218290142 0.0201479768 0.0144894912 0.0264848085 0.0332439849 0.020194648 0.0067720921 0.0168167888 0.0107852292 0.0190894408 0.0088303875 0.0158777537 0.0135216801 0.02805386 0.0353694838 0.0328219144 0.0171273141 0.0322059187 0.0193490301 0.0396717444 0.0294997588 0.028728898 0.0329136152 0.0198458383 0.0241735753 0.0114485103 0.0088577025 0.0272753031 0.0317795677 0.0279269101 0.0300032223 0.0253199739 0.0417708732 0.0378347976 0.0
