30
1 0.0 0.0413135009 0.0390193933 0.0171478205 0.02917924 0.0363385721 0.0141353174 0.0378986206 0.0392139702 0.0705259152 0.0387194195 0.0584387882 0.0272995934 0.0370712741 0.026614793 0.0465200778 0.0347211008 0.0530792967 0.0469926309 0.0079741547 0.0282297487 0.0323387605 0.0365991177 0.0259792261 0.0291454495 0.008829339 0.0271011147 0.0486983077 0.0220829533 0.0387925036
2 0.0413135009 0.0 0.0508655386 0.0467101517 0.0139994532 0.028011559 0.0513390914 0.0281216684 0.0404767361 0.0399169787 0.0262956396 0.0239559163 0.0336160974 0.0629171147 0.0340367944 0.0382873374 0.0536050705 0.0331327443 0.0493478764 0.0341106415 0.0101853608 0.0231732292 0.0014081593 0.0168706735 0.0235720694 0.0100965321 0.0484902776 0.0467143919 0.0356276564 0.0538017392
3 0.0390193933 0.0508655386 0.0 0.0425717416 0.005862443 0.0075099769 0.0257785917 0.0428475104 0.056124377 0.0441752989 0.0140104362 0.0294918805 0.0175134988 0.0398273258 0.0556687042 0.0412867319 0.0453466689 0.0237093511 0.0344596783 0.0455476129 0.0362796257 0.0236213912 0.0268562852 0.0166355368 0.0501389251 0.061877864 0.0348698537 0.0237444553 0.0210383586 0.0433209444
4 0.0171478205 0.0467101517 0.0425717416 0.0 0.0377916686 0.0275780541 0.0259669061 0.0235054909 0.0419802321 0.0386478953 0.0370355363 0.0396711199 0.0404910906 0.0216442583 0.0546696887 0.048311622 0.0398533817 0.050279242 0.0623515637 0.0553693253 0.0071302792 0.016205364 0.0108392722 0.0116189768 0.0393268994 0.0444811541 0.0507908925 0.022553785 0.0217271153 0.0237494722
5 0.02917924 0.0139994532 0.005862443 0.0377916686 0.0 0.0536246377 0.0379089111 0.0143812288 0.0306001326 0.0305250863 0.034548348 0.0384162441 0.0513861599 0.0307850984 0.0679630903 0.0265158067 0.0301093879 0.026415701 0.022003232 0.0130411186 0.0405846519 0.0118126257 0.0404286936 0.0414818311 0.0347563901 0.0512825146 0.0405349584 0.0338601781 0.0524156628 0.0577855057
6 0.0363385721 0.028011559 0.0075099769 0.0275780541 0.0536246377 0.0 0.0278731156 0.0232398194 0.0480949117 0.0440461213 0.0557482241 0.0294177062 0.0309323985 0.0227576784 0.0435070268 0.0442830075 0.0370115675 0.0221623859 0.0427778198 0.0427454449 0.0372313734 0.0319826594 0.0246972958 0.0260444458 0.0336656732 0.0380936681 0.0367331687 0.0364386947 0.0437468289 0.0237061646
7 0.0141353174 0.0513390914 0.0257785917 0.0259669061 0.0379089111 0.0278731156 0.0 0.0268235085 0.0443385165 0.0285466885 0.0486532534 0.0255153795 0.0538631682 0.0430016202 0.0269370709 0.0307687617 0.0204793036 0.0497568926 0.0372248912 0.0295278247 0.0429485618 0.0384568554 0.0509405174 0.0354077267 0.0379619308 0.0335161175 0.0268410413 0.0356819549 0.0268548263 0.022951655
8 0.0378986206 0.0281216684 0.0428475104 0.0235054909 0.0143812288 0.0232398194 0.0268235085 0.0 0.0407160099 0.0134924101 0.0365341874 0.0309659906 0.0192205229 0.0514063259 0.0383872016 0.0397433397 0.0456978414 0.052446307 0.0395403864 0.0204966731 0.0403842011 0.032247892 0.0515595892 0.0361599521 0.0558546955 0.0415035922 0.0200509592 0.0323957657 0.0476262358 0.0167520742
9 0.0392139702 0.0404767361 0.056124377 0.0419802321 0.0306001326 0.0480949117 0.0443385165 0.0407160099 0.0 0.0168127355 0.0391515432 0.0501856802 0.019859758 0.0116603938 0.0602269359 0.0387082973 0.0280517987 0.0349704922 0.0459431606 0.0423192832 0.0188260489 0.0364759396 0.014590626 0.0254327769 0.042180692 0.0400907246 0.02648852 0.045690092 0.0117943621 0.0089952532
10 0.0705259152 0.0399169787 0.0441752989 0.0386478953 0.0305250863 0.0440461213 0.0285466885 0.0134924101 0.0168127355 0.0 0.034390762 0.0675937224 0.0360879229 0.0389942612 0.0349587946 0.0458187213 0.0411871992 0.0403527619 0.017329563 0.0322502304 0.0427599637 0.044224936 0.0336811729 0.0227893955 0.0134501951 0.0247747321 0.023022616 0.0184311424 0.0402473111 0.0209654661
11 0.0387194195 0.0262956396 0.0140104362 0.0370355363 0.034548348 0.0557482241 0.0486532534 0.0365341874 0.0391515432 0.034390762 0.0 0.0315441844 0.0544583793 0.0541520503 0.0393660417 0.02535545 0.0389905827 0.0424760582 0.017616701 0.0340891474 0.0186199796 0.0267342205 0.0404193734 0.0461720823 0.0427393946 0.031824599 0.0195018262 0.0114225044 0.0260586372 0.0333714381
12 0.0584387882 0.0239559163 0.0294918805 0.0396711199 0.0384162441 0.0294177062 0.0255153795 0.0309659906 0.0501856802 0.0675937224 0.0315441844 0.0 0.0505794239 0.0211104672 0.0203851483 0.0097936153 0.0096426893 0.0314900233 0.0287458009 0.0104930059 0.0250024547 0.0254362013 0.0390544986 0.0309670532 0.0619897155 0.0273308962 0.0403040658 0.0400805902 0.0617725844 0.0406251538
13 0.0272995934 0.0336160974 0.0175134988 0.0404910906 0.0513861599 0.0309323985 0.0538631682 0.0192205229 0.019859758 0.0360879229 0.0544583793 0.0505794239 0.0 0.0145377859 0.0128092498 0.0275745701 0.0347427213 0.0194668162 0.0449855496 0.0444927935 0.0360227101 0.0539425746 0.0515078095 0.0116200356 0.0197077901 0.0413754127 0.0534982168 0.0323849081 0.0322850004 0.0337380418
14 0.0370712741 0.0629171147 0.0398273258 0.0216442583 0.0307850984 0.0227576784 0.0430016202 0.0514063259 0.0116603938 0.0389942612 0.0541520503 0.0211104672 0.0145377859 0.0 0.0267247351 0.0204275949 0.0478864646 0.0281553366 0.0208858523 0.0542753776 0.0382340231 0.0335334417 0.0236615621 0.0279537477 0.0303782001 0.0421807898 0.0625386617 0.0084376483 0.0483401799 0.0365207301
15 0.026614793 0.0340367944 0.0556687042 0.0546696887 0.0679630903 0.0435070268 0.0269370709 0.0383872016 0.0602269359 0.0349587946 0.0393660417 0.0203851483 0.0128092498 0.0267247351 0.0 0.0256336828 0.0388478437 0.0327844202 0.0257035101 0.0245702874 0.041110035 0.0569367319 0.0059403204 0.0448582789 0.011151564 0.0206817452 0.0300442031 0.0504690792 0.0323955603 0.0166174625
16 0.0465200778 0.0382873374 0.0412867319 0.048311622 0.0265158067 0.0442830075 0.0307687617 0.0397433397 0.0387082973 0.0458187213 0.02535545 0.0097936153 0.0275745701 0.0204275949 0.0256336828 0.0 0.0485442712 0.0183848244 0.0135465781 0.0331551879 0.0283696605 0.027836734 0.0555580387 0.0487496682 0.0314933368 0.0336998839 0.0452007418 0.0345001374 0.0316086789 0.0403236414
17 0.0347211008 0.0536050705 0.0453466689 0.0398533817 0.0301093879 0.0370115675 0.0204793036 0.0456978414 0.0280517987 0.0411871992 0.0389905827 0.0096426893 0.0347427213 0.0478864646 0.0388478437 0.0485442712 0.0 0.0472701216 0.0098181525 0.0147585207 0.0498845242 0.0402818441 0.0299018815 0.0336013045 0.0194943657 0.0309691702 0.0229989764 0.0146327193 0.041720808 0.0499497184
18 0.0530792967 0.0331327443 0.0237093511 0.050279242 0.026415701 0.0221623859 0.0497568926 0.052446307 0.0349704922 0.0403527619 0.0424760582 0.0314900233 0.0194668162 0.0281553366 0.0327844202 0.0183848244 0.0472701216 0.0 0.0345518277 0.0234511784 0.0233362713 0.0426884025 0.0113266459 0.0532511489 0.0200425201 0.0278816835 0.0474132465 0.0497685264 0.0295471162 0.0304086571
19 0.0469926309 0.0493478764 0.0344596783 0.0623515637 0.022003232 0.0427778198 0.0372248912 0.0395403864 0.0459431606 0.017329563 0.017616701 0.0287458009 0.0449855496 0.0208858523 0.0257035101 0.0135465781 0.0098181525 0.0345518277 0.0 0.0465187725 0.0466855902 0.0553111503 0.046072662 0.0364450823 0.0172781654 0.0260254212 0.0319321542 0.0167244638 0.0483849208 0.0347968429
20 0.0079741547 0.0341106415 0.0455476129 0.0553693253 0.0130411186 0.0427454449 0.0295278247 0.0204966731 0.0423192832 0.0322502304 0.0340891474 0.0104930059 0.0444927935 0.0542753776 0.0245702874 0.0331551879 0.0147585207 0.0234511784 0.0465187725 0.0 0.0502082058 0.0361838087 0.0439176866 0.0163414812 0.0425994412 0.0545677908 0.0567099073 0.0322994924 0.0178370573 0.0401485481
21 0.0282297487 0.0101853608 0.0362796257 0.0071302792 0.0405846519 0.0372313734 0.0429485618 0.0403842011 0.0188260489 0.0427599637 0.0186199796 0.0250024547 0.0360227101 0.0382340231 0.041110035 0.0283696605 0.0498845242 0.0233362713 0.0466855902 0.0502082058 0.0 0.0487441989 0.0559806123 0.0478638806 0.0417680607 0.0372802943 0.0285604451 0.0360574679 0.039881237 0.0018305336
22 0.0323387605 0.0231732292 0.0236213912 0.016205364 0.0118126257 0.0319826594 0.0384568554 0.032247892 0.0364759396 0.044224936 0.0267342205 0.0254362013 0.0539425746 0.0335334417 0.0569367319 0.027836734 0.0402818441 0.0426884025 0.0553111503 0.0361838087 0.0487441989 0.0 0.0221851236 0.051185023 0.039083506 0.0339256212 0.0342785209 0.0528063552 0.008796559 0.0195703294
23 0.0365991177 0.0014081593 0.0268562852 0.0108392722 0.0404286936 0.0246972958 0.0509405174 0.0515595892 0.014590626 0.0336811729 0.0404193734 0.0390544986 0.0515078095 0.0236615621 0.0059403204 0.0555580387 0.0299018815 0.0113266459 0.046072662 0.0439176866 0.0559806123 0.0221851236 0.0 0.0462046338 0.0126707007 0.0408641791 0.0322987604 0.0470007672 0.0466159663 0.0572180483
24 0.0259792261 0.0168706735 0.0166355368 0.0116189768 0.0414818311 0.0260444458 0.0354077267 0.0361599521 0.0254327769 0.0227893955 0.0461720823 0.0309670532 0.0116200356 0.0279537477 0.0448582789 0.0487496682 0.0336013045 0.0532511489 0.0364450823 0.0163414812 0.0478638806 0.051185023 0.0462046338 0.0 0.0350935215 0.0210929117 0.0364715313 0.0521637033 0.0386735562 0.0628708143
25 0.0291454495 0.0235720694 0.0501389251 0.0393268994 0.0347563901 0.0336656732 0.0379619308 0.0558546955 0.042180692 0.0134501951 0.0427393946 0.0619897155 0.0197077901 0.0303782001 0.011151564 0.0314933368 0.0194943657 0.0200425201 0.0172781654 0.0425994412 0.0417680607 0.039083506 0.0126707007 0.0350935215 0.0 0.0415401708 0.0338519275 0.0333221972 0.0474398124 0.0583026894
26 0.008829339 0.0100965321 0.061877864 0.0444811541 0.0512825146 0.0380936681 0.0335161175 0.0415035922 0.0400907246 0.0247747321 0.031824599 0.0273308962 0.0413754127 0.0421807898 0.0206817452 0.0336998839 0.0309691702 0.0278816835 0.0260254212 0.0545677908 0.0372802943 0.0339256212 0.0408641791 0.0210929117 0.0415401708 0.0 0.0261309105 0.0229208731 0.0326022856 0.0525591228
27 0.0271011147 0.0484902776 0.0348698537 0.0507908925 0.0405349584 0.0367331687 0.0268410413 0.0200509592 0.02648852 0.023022616 0.0195018262 0.0403040658 0.0534982168 0.0625386617 0.0300442031 0.0452007418 0.0229989764 0.0474132465 0.0319321542 0.0567099073 0.0285604451 0.0342785209 0.0322987604 0.0364715313 0.0338519275 0.0261309105 0.0 0.0213311056 0.0330494281 0.0089619687
28 0.0486983077 0.0467143919 0.0237444553 0.022553785 0.0338601781 0.0364386947 0.0356819549 0.0323957657 0.045690092 0.0184311424 0.0114225044 0.0400805902 0.0323849081 0.0084376483 0.0504690792 0.0345001374 0.0146327193 0.0497685264 0.0167244638 0.0322994924 0.0360574679 0.0528063552 0.0470007672 0.0521637033 0.0333221972 0.0229208731 0.0213311056 0.0 0.0439662567 0.0555024366
29 0.0220829533 0.0356276564 0.0210383586 0.0217271153 0.0524156628 0.0437468289 0.0268548263 0.0476262358 0.0117943621 0.0402473111 0.0260586372 0.0617725844 0.0322850004 0.0483401799 0.0323955603 0.0316086789 0.041720808 0.0295471162 0.0483849208 0.0178370573 0.039881237 0.008796559 0.0466159663 0.0386735562 0.0474398124 0.0326022856 0.0330494281 0.0439662567 0.0 0.0158630447
30 0.0387925036 0.0538017392 0.0433209444 0.0237494722 0.0577855057 0.0237061646 0.022951655 0.0167520742 0.0089952532 0.0209654661 0.0333714381 0.0406251538 0.0337380418 0.0365207301 0.0166174625 0.0403236414 0.0499497184 0.0304086571 0.0347968429 0.0401485481 0.0018305336 0.0195703294 0.0572180483 0.0628708143 0.0583026894 0.0525591228 0.0089619687 0.0555024366 0.0158630447 0.0
