128
1 0.0021016741 0.0083091209 0.0118128237 0.0084927202 0.0124490265 0.0081268868 0.0070827616 0.0051248118 0.0118840676 0.0083244592 0.011104546 0.0103794211 0.0053329829 0.0046311288 0.0063636764 0.0078630629 0.0087253598 0.0099957427 0.0077300019 0.0066570679 0.0069270467 0.0054734239 0.0041877737 0.0079637048 0.0051601883 0.0053378869 0.0058961092 0.0118745233 0.006792081 0.0103200473 0.0008483077 0.0131341894 0.0028517889 0.0044974383 0.0069663008 0.0104467908 0.0054713543 0.0106520023 0.0086728861 0.0033134189 0.0049398481 0.0066280776 0.0060990052 0.006921352 0.0075772952 0.0122823253 0.013526407 0.0061065051 0.0069649212 0.0068884548 0.0081311033 0.0064765544 0.0043847105 0.0078227054 0.0065147027 0.0131721651 0.0081277661 0.0082493707 0.007982923 0.010073116 0.0074681843 0.0076934022 0.0066705525 0.0032380137 0.0054064949 0.0068807901 0.0086453305 0.0092347363 0.0124193435 0.0060820401 0.0150323288 0.0064524645 0.0072652954 0.0086398627 0.00245183 0.0043026954 0.0114825512 0.0026941521 0.0086646746 0.0002893353 0.0049749204 0.0099911011 0.0080166724 0.0026293474 0.0125433686 0.004787495 0.0087294194 0.0103692313 0.0103675865 0.0060483757 0.0114818211 0.0076643006 0.0092621205 0.0093965645 0.0059939652 0.0074206816 0.0073407118 0.0107947938 0.0056367878 0.0038775029 0.0059131526 0.0141109998 0.0042615361 0.008224256 0.0078643568 0.0093928402 0.0042923588 0.0117144143 0.0184811721 0.0057808876 0.0069676779 0.0077211255 0.0042785267 0.0134061808 0.0094807617 0.0119796845 0.0106862559 0.0113574608 0.0075807947 0.0073666658 0.0071542243 0.0114902796 0.0071937163 0.0038821133 0.0113510593 0.0060476615 0.0054381526 0.0100929247 
2 0.0083091209 0.007987103 0.0052975514 0.0054025424 0.0055747343 0.0071261368 0.0045816956 0.0060072136 0.0102066075 0.0050849123 0.0118557724 0.0061862932 0.0109265395 0.0103662631 0.0033722979 0.0099754652 0.0102775764 0.0084827641 0.006885009 0.0060524377 0.0107919581 0.0059946862 0.0049116622 0.0089433423 0.006542099 0.0113372372 0.0102730938 0.008922661 0.0107111986 0.0128086522 0.0137642016 0.0094586822 0.0100532662 0.0064223639 0.0056703627 0.0037291669 0.0100429958 0.0124784505 0.0110754909 0.0070860438 0.0147658586 0.0053675528 0.0073590917 0.0062314016 0.0072614195 0.0070999137 0.0063928099 0.0165969224 0.0059004317 0.0076414524 0.0102779888 0.007624477 0.0080693653 0.0071307642 0.0042322654 0.0041532319 0.0046805159 0.0067139544 0.0067625598 0.0104797771 0.0080216196 0.0086415866 0.008103939 0.0103085864 0.0102083132 0.0110964272 0.0110043249 0.0054545156 0.0080527172 0.0047881829 0.0123823879 0.0080043894 0.0070301997 0.0044670072 0.0030007693 0.0019563519 0.0098034079 0.0042850446 0.009621292 0.0093357343 0.001747945 0.0025579546 0.005868725 0.0051663002 0.0077675712 0.0056794556 0.007504851 0.0095702849 0.0050085 0.0061783762 0.0074585612 0.008987659 0.0062640206 0.0059702396 0.010478018 0.0049820969 0.0061129864 0.0113700173 0.0032581272 0.0115416849 0.0088800736 0.0029735146 0.0106703112 0.006921328 0.0061956803 0.0117185973 0.0067119322 0.0142337057 0.0055795706 0.0079677328 0.0054973383 0.0130565763 0.0065302772 0.0082190949 0.0099226767 0.00990562 0.0110678277 0.0073271705 0.0101926239 0.0068568159 0.0092973787 0.0057316356 0.0085285991 0.0042474395 0.0046705812 0.0108996518 0.0089892635 0.0024494059 
3 0.0118128237 0.0052975514 0.0097805911 0.0030402894 0.0107209175 0.0086835791 0.0097427773 0.0079000507 0.0035460518 0.0074172407 0.0146945033 0.0053779817 0.0064256096 0.0111964715 0.0081461664 0.0082512385 0.0134599486 0.0098302044 0.0109648631 0.0085892417 0.0032027636 0.0090965278 0.0108468086 0.0088342738 0.0079521086 0.0070040045 0.0060509696 0.0083627487 0.0072584656 0.0099726233 0.0036705166 0.0071979318 0.0055738527 0.0065723253 0.0101424005 0.0091678599 0.0101822317 0.0084877952 0.0069446809 0.0036333342 0.0069436882 0.0054228064 0.0094919897 0.0076350224 0.0074925693 0.0108536395 0.0053645374 0.0031481074 0.0072178889 0.0070468747 0.0093047412 0.0048009948 0.0035281037 0.0051858966 0.0050782883 0.0055909139 0.0033977283 0.0070550706 0.0053523054 0.0111824555 0.0148366104 0.0077523403 0.011748754 0.0121821118 0.0070356613 0.0057842392 0.0037969627 0.0116275583 0.0078094022 0.0105129809 0.008060204 0.0061965934 0.0093178742 0.0076256385 0.0106910266 0.0137753847 0.0059404586 0.0079267404 0.0102448186 0.0066286679 0.0033853204 0.0063937569 0.0107605528 0.0064765628 0.0097374055 0.0058344854 0.0120636407 0.0068622111 0.0055805701 0.0134303234 0.0016953636 0.0060911473 0.0050462326 0.0173327871 0.0061474805 0.0029457519 0.0073924788 0.0117765053 0.005215909 0.0041273471 0.0126078579 0.0073476182 0.0072534403 0.004366143 0.0072034146 0.0042972785 0.0083428608 0.0065062403 0.0096721874 0.0045995972 0.0100441916 0.0076908868 0.0090041502 0.0082140158 0.0039645164 0.0095644684 0.0050988792 0.0091944999 0.0026864263 0.0105650195 0.0040891612 0.0036009862 0.0080745367 0.0113143871 0.0092476771 0.0071053742 0.0133571686 0.0110712097 
4 0.0084927202 0.0054025424 0.0030402894 0.0095213868 0.0109738719 0.0040138103 0.0042494163 0.0071834252 0.0059073747 0.0119655951 0.0068119687 0.0103593516 0.0072992324 0.0059536952 0.0114715375 0.0032070047 0.0056029572 0.0062164434 0.0082166193 0.0061694385 0.0086784306 0.0096721901 0.0019342697 0.0062224892 0.0067667728 0.007406162 0.0088730631 0.011491294 0.00475666 0.0126397107 0.00730575 0.0099211653 0.014439863 0.0095457898 0.0073154323 0.009694686 0.0055601144 0.004041846 0.0082425703 0.0109014929 0.0070877779 0.0090318596 0.0108309772 0.0086555283 0.008121783 0.0068461754 0.0052858553 0.0090515726 0.0105642187 0.0137926768 0.0024313484 0.0129657087 0.0026401424 0.00952599 0.0174999341 0.002778812 0.0049284014 0.0159231769 0.0074833119 0.0067659815 0.0125021124 0.0098632578 0.0090876414 0.0093986698 0.0059815071 0.0097280403 0.0116504717 0.0064647865 0.0056114415 0.0049890044 0.0105873621 0.014186958 0.0030247025 0.0086383731 0.0081908678 0.0078854804 0.0076949323 0.0063842345 0.0048548915 0.0081064867 0.0037977522 0.0085428228 0.0107019018 0.0069324685 0.0078636139 0.0057422565 0.0054392603 0.0047382677 0.0048294673 0.0039904782 0.0036841001 0.0094149294 0.0039970439 0.0043485196 0.0074439211 0.0020856415 0.0082237498 0.010215305 0.0088134421 0.0076768346 0.0110726293 0.0072023314 0.0081923677 0.0113277343 0.0093685694 0.0110585767 0.0040706036 0.0091612413 0.0136027776 0.0060955848 0.009402352 0.0078526888 0.0100863171 0.0061186462 0.0097035777 0.0100423829 0.0115167832 0.0152960727 0.0067842295 0.0038258447 0.001960925 0.0073070067 0.0023458579 0.0050571383 0.0143180417 0.0022510837 0.0057422557 0.0062437163 
5 0.0124490265 0.0055747343 0.0107209175 0.0109738719 0.0038001569 0.00561709 0.0076203394 0.0105382397 0.0090488253 0.003445979 0.0078366697 0.0083957808 0.0020241892 0.0087969696 0.0079999321 0.0056696376 0.0043163947 0.0103892305 0.01248975 0.0099793097 0.0051605418 0.0048855616 0.0065012782 0.005683604 0.0056935829 0.0107745815 0.0108653942 0.0050759045 0.0130169723 0.0050700339 0.0071849696 0.006552765 0.0083854196 0.0055940986 0.0108188891 0.0087926744 0.0070478635 0.0105393518 0.0058033395 0.004546437 0.0058138614 0.0044339723 0.0040107417 0.0085092364 0.0062286001 0.0067754888 0.0092683654 0.0065987244 0.0084290167 0.0059968104 0.0102925766 0.0050834317 0.0093785945 0.0093159406 0.0085512271 0.006628084 0.0055089916 0.0150275199 0.0086644019 0.0099801007 0.0080300898 0.00664224 0.0035175779 0.0036921219 0.004074245 0.0083422524 0.0122191274 0.0069460648 0.0063411845 0.0103469398 0.0083312902 0.0086195528 0.0065690976 0.0068267703 0.0083742607 0.0046532247 0.0096051296 0.0055400126 0.0053452569 0.0081472868 0.0068386344 0.0136598755 0.0075199121 0.0082851752 0.012161953 0.0111670985 0.0038408561 0.0040962939 0.0107451888 0.0053491238 0.0110623966 0.0051533345 0.0097175368 0.0104539155 0.0094962848 0.009778053 0.0067439834 0.0132168501 0.0032425972 0.0059894141 0.0021813083 0.0068789189 0.0052753511 0.0162075292 0.0075728607 0.003475747 0.0081576578 0.0084378972 0.0083437801 0.0077637238 0.0081696035 0.0043083492 0.0071680592 0.0067838083 0.0046462622 0.0088362935 0.0072354788 0.0043784605 0.0081065328 0.0101237313 0.0150946579 0.010494276 0.016571402 0.009334151 0.0120198389 0.0106307219 0.0020845573 0.0088608444 
6 0.0081268868 0.0071261368 0.0086835791 0.0040138103 0.00561709 0.0122286804 0.0010431327 0.0034399253 0.0081703116 0.0103328255 0.0065475737 0.0117713808 0.011797926 0.0049982076 0.0072335909 0.0088794255 0.010061923 0.0118295328 0.0112464475 0.005587312 0.0066482178 0.0076598275 0.0061545581 0.0111108649 0.0097248341 0.0061917305 0.0064665613 0.0095312159 0.0074780381 0.0082329486 0.0056781934 0.0057373349 0.0080093916 0.0144375768 0.0063262535 0.0091956959 0.0118738374 0.0046460234 0.0072909803 0.0122154689 0.0115049205 0.0096632764 0.0102930688 0.0115151627 0.0082511776 0.0071073876 0.0059293417 0.0091986119 0.0047528419 0.010396965 0.0104581649 0.0093230774 0.0070689505 0.0089092009 0.0046432709 0.0078156256 0.0038136458 0.0047664779 0.0131297867 0.0081233241 0.0089048062 0.0042313969 0.0058781686 0.0058686009 0.0060422727 0.0081032058 0.0079986843 0.0076757972 0.0042243731 0.0118163564 0.0046380925 0.007099275 0.009493097 0.0068981912 0.0119092498 0.0040830007 0.004134261 0.0124187726 0.0073277989 0.0138054028 0.0061141518 0.0075595382 0.0097635828 0.007083743 0.0101445027 0.0054595715 0.0046332667 0.0031766929 0.0042993797 0.0162227215 0.0136280302 0.006924953 0.0067724928 0.0129407605 0.0069765003 0.0103240517 0.0083464021 0.0095676952 0.0055072814 0.0088951097 0.0056929875 0.0041010163 0.0048015099 0.0072546841 0.0028289066 0.0074940958 0.0108120647 0.0149276766 0.0084656785 0.0078675677 0.0057738321 0.0088272942 0.0050418043 0.005214655 0.0071591973 0.0023255047 0.008765196 0.0073177342 0.0077031095 0.0064815649 0.0097087069 0.0049610931 0.0071217958 0.0091153756 0.0044888733 0.0081678661 0.0077152352 0.0029642127 
7 0.0070827616 0.0045816956 0.0097427773 0.0042494163 0.0076203394 0.0010431327 0.0053825134 0.0155396819 0.0070747305 0.0084591562 0.0100915181 0.0084537207 0.0052651454 0.0038616155 0.0081029268 0.0068285244 0.007366706 0.0076589689 0.0090411048 0.010554985 0.0042746187 0.0099248884 0.007762711 0.0087528108 0.0085923057 0.0110585925 0.0093589212 0.008610698 0.0054617648 0.009355563 0.0101735583 0.006210041 0.0125635609 0.0056292673 0.0139861963 0.00785094 0.0080129434 0.0125035362 0.0030464915 0.0089407903 0.0081745031 0.0140864907 0.0097864086 0.0044660297 0.0058572236 0.0033166433 0.0064830097 0.0079940515 0.0052062888 0.0092943351 0.0042570649 0.0077013846 0.0081102042 0.0065763796 0.0079122566 0.0105939632 0.0131938516 0.0025739006 0.0086939016 0.0071833974 0.009716355 0.0136883221 0.0071245849 0.005663282 0.013457195 0.0066850881 0.0086191842 0.006527954 0.003628923 0.0045700529 0.0114666767 0.004553353 0.0059675125 0.0030278935 0.00859424 0.0096988462 0.0057516389 0.0092058995 0.0063205328 0.0030731616 0.0088438709 0.005682332 0.0109599981 0.0056754648 0.0104952997 0.0072906808 0.0062373939 0.0094309621 0.0076002716 0.0118092457 0.0091721636 0.0092596749 0.0081338597 0.0123029073 0.0047192117 0.0038795963 0.0096275042 0.0066879422 0.0063887156 0.0060273723 0.0073880321 0.0156100477 0.0071374896 0.0046059558 0.0058620981 0.0073977319 0.0081081915 0.0039596329 0.007503291 0.0039095979 0.0050575376 0.0106733677 0.0130813493 0.0051541025 0.0093892896 0.0055944648 0.0048726729 0.0084166478 0.0094789848 0.00901066 0.0050647478 0.0078636591 0.0088064711 0.0063487861 0.0075109227 0.0103611609 0.0081840723 0.0145509629 
8 0.0051248118 0.0060072136 0.0079000507 0.0071834252 0.0105382397 0.0034399253 0.0155396819 0.0055704062 0.006571231 0.0049927881 0.0040187853 0.0065431925 0.0049261717 0.0142235088 0.0077114939 0.0044440845 0.0095418909 0.0119488363 0.0065726202 0.0126382564 0.0082565076 0.0045862666 0.0065013928 0.0061379522 0.0027985527 0.0084253856 0.0101593979 0.0082048548 0.0069575529 0.0040537283 0.012041861 0.006884613 0.012552922 0.0111697825 0.0080980188 0.0050536672 0.0086553697 0.0074107989 0.0070923553 0.006423727 0.0062001324 0.0084511479 0.012538169 0.0108706337 0.0073564658 0.0110351031 0.0058137861 0.001594463 0.008000783 0.0161977961 0.0039747531 0.0086407641 0.0046181385 0.0068121208 0.0093016608 0.0096279615 0.0066504779 0.0106446197 0.005330334 0.0105185513 0.0042389349 0.0052309223 0.0074248103 0.0079596192 0.0045305289 0.008077958 0.0161079696 0.0066923463 0.0055377016 0.0052114116 0.0031220682 0.0112454248 0.0049434934 0.0070890462 0.0071612462 0.014371165 0.007991906 0.0027506023 0.0049185005 0.0065800455 0.0090478982 0.0095735366 0.0082038305 0.0088982613 0.0085518877 0.0059998671 0.0091760036 0.0119344677 0.004445992 0.0044281445 0.0112745092 0.0032663126 0.0103583325 0.0055756294 0.0049842971 0.0070030233 0.0077636477 0.0131843041 0.0064561103 0.012796321 0.0077025237 0.0103528084 0.0010601389 0.012309537 0.0087846301 0.0101556553 0.0062604486 0.0061307563 0.0090137214 0.00850155 0.004452187 0.0085996773 0.0062681318 0.00880155 0.0076183063 0.0126350484 0.0089710771 0.0051852915 0.0056912201 0.0146413899 0.00532095 0.0091140529 0.0127722411 0.0066703087 0.0052426551 0.01320525 0.0037267794 0.0056248535 
9 0.0118840676 0.0102066075 0.0035460518 0.0059073747 0.0090488253 0.0081703116 0.0070747305 0.006571231 0.0129956253 0.0082697925 0.0094544998 0.0056111647 0.0096385443 0.0037669706 0.0102236907 0.0125057674 0.0045919407 0.0070739806 0.0025508789 0.0062307355 0.0044661636 0.0013961801 0.0057486886 0.0078274343 0.0062460799 0.0039923171 0.0088594462 0.008055934 0.0077721504 0.0032143993 0.0141698888 0.0070113122 0.0119605547 0.0047643778 0.010466579 0.0089293725 0.0090758658 0.0088800719 0.0050796599 0.0140377006 0.0064137331 0.012773435 0.0084926787 0.0051070209 0.0071351023 0.0049624882 0.0079248138 0.0137085021 0.00745245 0.008699586 0.0054499894 0.0095935074 0.0090874248 0.0104461745 0.007610342 0.007525158 0.0120716351 0.0098833914 0.017251704 0.0033826274 0.0061728369 0.0058592823 0.0044987763 0.0024440722 0.0074299347 0.0051901549 0.0146677148 0.0051983907 0.0081422564 0.0107091563 0.0059113872 0.0083202363 0.0089254799 0.0133633401 0.0020939167 0.0061957582 0.0069661852 0.0112254959 0.0077973288 0.0078137881 0.0071412302 0.0055267345 0.0038490164 0.0013325536 0.0079688897 0.0096921004 0.0034829567 0.0054492845 0.003755017 0.0100626093 0.0043210371 0.0072655859 0.0071879342 0.0071082508 0.0057620924 0.0081892771 0.0062753355 0.0052402032 0.0054359477 0.0123132139 0.0133329448 0.0042753748 0.009196103 0.0101125022 0.0074384719 0.0051970696 0.0054405045 0.0064672019 0.0065685613 0.0050929582 0.0057834056 0.0069382069 0.0133446422 0.0066006721 0.0086915623 0.0127986612 0.0097450775 0.0112317724 0.0078177614 0.0107396792 0.0139118835 0.0040940172 0.0027325772 0.0123297436 0.0084533313 0.0091054604 0.0116212324 0.0124051272 
10 0.0083244592 0.0050849123 0.0074172407 0.0119655951 0.003445979 0.0103328255 0.0084591562 0.0049927881 0.0082697925 0.0077824894 0.0107179455 0.00725301 0.0077123244 0.0110387048 0.0097820823 0.0054908675 0.0084962412 0.0074312973 0.0055256527 0.005627237 0.0050234363 0.0099712412 0.0066616621 0.002820419 0.0112220738 0.0061462993 0.0046907791 0.0110734053 0.0096451004 0.004302784 0.0080735485 0.0106695732 0.0068138626 0.0104361643 0.0053095778 0.0101136185 0.0075845829 0.010225661 0.0025134258 0.0068360194 0.0079484517 0.0129961081 0.0090153435 0.0085852932 0.0055394768 0.0064739419 0.0105274918 0.0175249864 0.0080394931 0.0056717086 0.0076410659 0.0046953111 0.0064327049 0.0047610796 0.0039578368 0.0046129335 0.0066040703 0.005884163 0.0091851126 0.0106131317 0.0106950462 0.0120997646 0.0103513972 0.0077200357 0.0074519073 0.0060983831 0.0098674334 0.0077765905 0.0138313597 0.0068196446 0.0060714103 0.0075705012 0.0077668713 0.010403198 0.0096357592 0.0091762343 0.0073969696 0.0091841157 0.0054423085 0.0046750851 0.0033858161 0.0081208365 0.0060804022 0.0029637312 0.0059406738 0.0056000403 0.0128356846 0.0062944356 0.0104149207 0.006839213 0.008232355 0.0125363268 0.0085858817 0.0041994767 0.0068742895 0.0125295039 0.0076322477 0.0086425849 0.0074985891 0.0070992187 0.0055727137 0.0058296809 0.0070370624 0.0105452785 0.0051297174 0.0023240476 0.0034001629 0.007604399 0.0056965902 0.012271361 0.0057620561 0.0128671544 0.0094975856 0.0090794489 0.0133095898 0.0121305289 0.009415561 0.0151326045 0.002812618 0.006066562 0.0053061589 0.0047220984 0.007253976 0.0053487392 0.0066558153 0.010585149 0.0095906406 0.0047189167 
11 0.011104546 0.0118557724 0.0146945033 0.0068119687 0.0078366697 0.0065475737 0.0100915181 0.0040187853 0.0094544998 0.0107179455 0.0102755162 0.0034929511 0.010945289 0.0036296599 0.0069092753 0.005610539 0.0038133704 0.0031584295 0.0081792321 0.0050271979 0.0118671259 0.0045330625 0.0062772511 0.0119506514 0.0056138765 0.0145363907 0.0063832684 0.0076011797 0.0078935707 0.0050801344 0.001626389 0.0093071027 0.0040794181 0.0072073193 0.0108443506 0.0067381249 0.0037571073 0.0082837304 0.011675996 0.0109654361 0.007494872 0.0083947788 0.007992654 0.0130619248 0.0059017156 0.008847693 0.0094083746 0.0135503611 0.0082502239 0.0083037533 0.010553472 0.0073342865 0.010812109 0.0098985993 0.0040762322 0.0109206506 0.0063276254 0.0110950484 0.00990242 0.0104537948 0.0044907297 0.0082175516 0.007733811 0.0046645381 0.0062270873 0.0071025926 0.0068100455 0.0079818586 0.0059038222 0.0125631459 0.0017544442 0.0070565784 0.0049989085 0.0177992317 0.0144091571 0.0113444205 0.0063838487 0.0065544632 0.0101140589 0.0114070341 0.0066515259 0.0082190474 0.0035237616 0.0116475949 0.0059420429 0.0071960181 0.0051959529 0.0089608747 0.0055733435 0.0068626379 0.009223149 0.0067218914 0.0078086768 0.0075362387 0.0099846929 0.0057018919 0.0038832875 0.0128187674 0.0089337173 0.0081531306 0.0111216662 0.0034441942 0.0066994846 0.0053033809 0.0083623399 0.0057764792 0.0055094672 0.0073123879 0.003497524 0.0077771673 0.0035312023 0.0118744561 0.0038036712 0.0058320627 0.0059335105 0.0107067813 0.0059915541 0.0120949477 0.0067453201 0.0046089822 0.0051099137 0.0088720041 0.0066017289 0.0060125534 0.0091054182 0.0080959894 0.0075839388 0.0056589847 
12 0.0103794211 0.0061862932 0.0053779817 0.0103593516 0.0083957808 0.0117713808 0.0084537207 0.0065431925 0.0056111647 0.00725301 0.0034929511 0.0014614836 0.008522645 0.0107551158 0.0073836915 0.0049214938 0.0017973618 0.0074734672 0.0140649323 0.0050233227 0.0074520661 0.0095374059 0.0078915784 0.0089966627 0.0048539088 0.0072486604 0.0039039145 0.0042172304 0.0087235321 0.0083640253 0.0103741029 0.0103689834 0.00367186 0.0108956452 0.0029034588 0.0042226385 0.0044245172 0.0127781223 0.0062755987 0.0088779684 0.0031089292 0.0103440827 0.0098484576 0.0056450012 0.0132449644 0.008768582 0.0084945074 0.0080550258 0.0097939362 0.0071356943 0.0090674991 0.0064298878 0.0102252903 0.0084572203 0.004389051 0.005956404 0.0093835369 0.0173463745 0.0029885967 0.0061596993 0.0071240782 0.0055388562 0.0130111957 0.0042131195 0.014678069 0.0058314705 0.0053299886 0.007910828 0.0092544112 0.0095637042 0.006701639 0.0055827342 0.0070700592 0.0085700584 0.0106172692 0.0066324911 0.0058510365 0.0011102504 0.0078617989 0.0107662206 0.005242463 0.0042379795 0.0065764377 0.0061987894 0.0083266945 0.0140502643 0.0075463766 0.0092034694 0.0048440332 0.0086749575 0.005347478 0.0127426646 0.004187872 0.0088173724 0.0093048859 0.0171290358 0.0055525444 0.0069030047 0.0119309912 0.0092173527 0.006477557 0.0067251488 0.0067076516 0.0081326793 0.0068827871 0.0117575113 0.0116138993 0.0087347552 0.0067823919 0.0122433076 0.0088450493 0.0042268795 0.0079994884 0.0140404113 0.0047108501 0.0052696676 0.0088281815 0.0069325498 0.0089817596 0.0079268129 0.0053299997 0.0188791724 0.0052184054 0.0045962372 0.0087185355 0.0049490297 0.0041866899 0.008996263 
13 0.0053329829 0.0109265395 0.0064256096 0.0072992324 0.0020241892 0.011797926 0.0052651454 0.0049261717 0.0096385443 0.0077123244 0.010945289 0.008522645 0.0061484794 0.0057061474 0.0033700225 0.0027335085 0.0078138086 0.00438906 0.0107691955 0.0075119494 0.0101661247 0.0055437597 0.0084593407 0.0056225359 0.0059149187 0.0055958351 0.0040422364 0.0109617208 0.0111740099 0.0103016242 0.0058117933 0.0072573934 0.0121799882 0.0098725773 0.0064392106 0.0061986309 0.0138003163 0.0098048557 0.0061560872 0.0093321728 0.0015237744 0.0109967927 0.0061717246 0.0094938805 0.0093697171 0.009967726 0.0090736483 0.005651712 0.004334567 0.0101366712 0.0063646102 0.0109432385 0.0093212032 0.0096530559 0.0086390902 0.0040544414 0.0044181137 0.008257056 0.0111727156 0.0061193826 0.0109502946 0.0075999476 0.0053738344 0.0067904075 0.0075131064 0.0086507043 0.010261081 0.0056696541 0.0043933088 0.0168055503 0.011944272 0.0053859794 0.0094418168 0.0101188104 0.008658343 0.0073672382 0.0124677729 0.0123605583 0.0086735817 0.0092932945 0.0063604671 0.006933442 0.007107832 0.0079736306 0.0126269835 0.0070222854 0.007231346 0.0072038886 0.0146471765 0.0070037334 0.005460872 0.009568099 0.0071457889 0.0079612285 0.0074328537 0.002902921 0.0096907717 0.0133495661 0.0051505968 0.0080029509 0.0111706302 0.012209318 0.0051323911 0.0048892527 0.0047896864 0.0074314495 0.0118081885 0.0121083714 0.0040187801 0.0045554453 0.0068196643 0.0039890035 0.0091091554 0.0043128083 0.0056772548 0.0104806309 0.0068182737 0.0047310483 0.0055048977 0.005445522 0.0069790031 0.0082870041 0.009009731 0.0083743779 0.0073940262 0.0034211578 0.0091451734 0.0063347408 
14 0.0046311288 0.0103662631 0.0111964715 0.0059536952 0.0087969696 0.0049982076 0.0038616155 0.0142235088 0.0037669706 0.0110387048 0.0036296599 0.0107551158 0.0057061474 0.0059634721 0.0094644633 0.0068039076 0.0132205186 0.0029343335 0.0096364162 0.0080249344 0.0055617925 0.0096568893 0.0059137288 0.0046324141 0.013249035 0.0070025536 0.0016562073 0.0141965575 0.0085431134 0.0089589709 0.0079675996 0.0070628739 0.0047639645 0.0111431878 0.0053586895 0.0029757079 0.0043829303 0.0110085155 0.0130665803 0.011513974 0.0080272008 0.0071991102 0.0084366958 0.0074481872 0.0054075872 0.0054317321 0.007743053 0.0113165558 0.0083655178 0.008399627 0.0097455549 0.0050333176 0.0055464844 0.0060669153 0.0085274939 0.0067958136 0.0037913379 0.0054119665 0.0110567053 0.0051532074 0.0088468128 0.0162743481 0.0089673724 0.0073667391 0.0026670338 0.0062205068 0.0043990639 0.0058971024 0.0045464436 0.0146217427 0.0063440079 0.0099095704 0.0088619484 0.0074942799 0.0103440629 0.0061965471 0.0097512963 0.0042340562 0.0050035027 0.0086436044 0.0143660797 0.0076206198 0.0034295004 0.0072768738 0.0070476564 0.0069160107 0.0103029735 0.0109758766 0.0110291258 0.0113358672 0.0054830387 0.0086171523 0.0041963624 0.0037685115 0.0126155243 0.0046566821 0.0090001972 0.0085907907 0.0129224557 0.0060449728 0.0082623118 0.0057563244 0.0067437045 0.0109037854 0.0046896192 0.0108832427 0.0118336496 0.0098198439 0.0087856097 0.0105369208 0.0063426006 0.0114744931 0.0043039986 0.005057362 0.0128156406 0.0039118474 0.0036884259 0.0051203071 0.007554984 0.0074492764 0.0059446147 0.0118214572 0.0057507996 0.0051820819 0.0075079236 0.0059139013 0.0099974679 0.0106696384 
15 0.0063636764 0.0033722979 0.0081461664 0.0114715375 0.0079999321 0.0072335909 0.0081029268 0.0077114939 0.0102236907 0.0097820823 0.0069092753 0.0073836915 0.0033700225 0.0094644633 0.0144781115 0.0096145701 0.0095213838 0.0103133914 0.0078313898 0.0068060035 0.0147413495 0.0067476344 0.0067160652 0.0071071904 0.0091287686 0.0034943782 0.0068807963 0.0046725324 0.010361731 0.0113233652 0.0095454857 0.0177582065 0.0064653783 0.0074533836 0.0104436581 0.0088528007 0.0030217988 0.0097908399 0.0041232931 0.0075660635 0.0099518251 0.003803029 0.0050288207 0.005397043 0.01143454 0.0052209473 0.0078657135 0.0094339026 0.0073572728 0.0040685163 0.0048414348 0.005112565 0.0061555865 0.0065110161 0.0079494362 0.0072980237 0.0073916993 0.0092387131 0.0033703084 0.008028481 0.010163542 0.0078670175 0.0082850058 0.0081551521 0.0025013229 0.0096124208 0.0116147861 0.0122338893 0.0075409229 0.0069695205 0.013966578 0.0099852436 0.0021289782 0.0085549657 0.0116927552 0.0097069719 0.0064326534 0.0058266993 0.0069218667 0.0089836453 0.0042631162 0.0043878586 0.0077668576 0.0124355586 0.0049297376 0.0096424591 0.0065396157 0.0077223711 0.0046665829 0.0155245626 0.0083156005 0.0076362626 0.0061131324 0.0142565217 0.0022753915 0.0135482895 0.0077204854 0.0059574312 0.010639001 0.0088002915 0.0107285216 0.0041331199 0.0059568686 0.0090626482 0.0064918083 0.0033487356 0.0067991064 0.0064472408 0.0113550578 0.0050824687 0.0083508631 0.0063775094 0.0071176695 0.0090885701 0.00432518 0.0042353863 0.0109270045 0.0130306999 0.0038032545 0.0062579605 0.0075187652 0.0026627077 0.0080652301 0.0091527515 0.0089663423 0.0092747034 0.0042418866 0.0071595838 
16 0.0078630629 0.0099754652 0.0082512385 0.0032070047 0.0056696376 0.0088794255 0.0068285244 0.0044440845 0.0125057674 0.0054908675 0.005610539 0.0049214938 0.0027335085 0.0068039076 0.0096145701 0.0072695516 0.007863913 0.007517658 0.0079229802 0.0076516064 0.011015847 0.0072483119 0.0116779923 0.0051202188 0.0064876635 0.0087445612 0.0075484243 0.0113055488 0.0065002091 0.0072476293 0.0071663748 0.0083478465 0.0067391181 0.0046586246 0.0083705403 0.0062566695 0.0122540169 0.0110951409 0.0048098401 0.0073267953 0.0064230591 0.003981592 0.0116657782 0.0056120531 0.0048458803 0.0062649157 0.0106751727 0.006126196 0.0066800523 0.0083636122 0.0075306945 0.008070083 0.0087807101 0.010204168 0.0094302559 0.0089786399 0.0063921549 0.0133355669 0.0083614646 0.0064997693 0.0111214139 0.0059515487 0.0107194456 0.0093096289 0.0070771158 0.0101407492 0.0059096042 0.0055924625 0.0119674896 0.0133199411 0.0118363859 0.0093292513 0.0082201456 0.0112233792 0.0061105118 0.0040926838 0.0087057989 0.008808255 0.0107184951 0.0081891853 0.0058588445 0.008986333 0.0078103928 0.0044259346 0.0088935302 0.0050939264 0.0031175022 0.0073350751 0.006552963 0.0077969696 0.0142559773 0.0093308584 0.0034480819 0.006982984 0.0061735499 0.0058748133 0.0098029101 0.0046618023 0.004339771 0.0066179403 0.0064498839 0.0084550227 0.0101779661 0.0060542247 0.0122330422 0.0118283862 0.0116059772 0.0101616053 0.008966549 0.0100454809 0.0044099336 0.001902018 0.0081176232 0.0087779302 0.0038302232 0.0114134943 0.0057638154 0.0077454453 0.0062881817 0.0075075225 0.0067943178 0.0069681978 0.0043310317 0.0091226616 0.0081283617 0.0084942288 0.0125561595 0.006999066 
17 0.0087253598 0.0102775764 0.0134599486 0.0056029572 0.0043163947 0.010061923 0.007366706 0.0095418909 0.0045919407 0.0084962412 0.0038133704 0.0017973618 0.0078138086 0.0132205186 0.0095213838 0.007863913 0.0144812072 0.0068673573 0.0093969101 0.0100668843 0.0086336257 0.0055601905 0.0059650692 0.0092899739 0.0073449121 0.0087460431 0.0130981893 0.0055033118 0.0056178015 0.0047804025 0.0063432451 0.0082669144 0.0126618785 0.0071422466 0.0049551671 0.0062429677 0.0033813462 0.011674609 0.0114103421 0.0058590281 0.0083154992 0.0098406224 0.0068259669 0.0055789907 0.0069825854 0.0087068137 0.0046485295 0.0062889069 0.0128859536 0.0096047654 0.0115477997 0.0103888055 0.0071300476 0.0071492618 0.0083474249 0.0103114975 0.0042159205 0.0085484519 0.0083833789 0.0079189347 0.0061426602 0.0053920349 0.0099611704 0.00930922 0.0109021409 0.0088969788 0.0071186491 0.0048228829 0.010049073 0.0080148448 0.0074354297 0.0046399999 0.0117175578 0.0069601445 0.0060377776 0.006668867 0.0081416416 0.0076690067 0.0099202212 0.0022256629 0.0093806567 0.0059760287 0.0123979093 0.0062939972 0.0075815804 0.0116397777 0.004932288 0.0057282713 0.0056065754 0.0084095176 0.0011901959 0.0081722413 0.0079016611 0.0083889841 0.0092070054 0.0081572499 0.0052929707 0.0053582097 0.0061140198 0.0119053537 0.0043522486 0.0073121927 0.0053503938 0.0101162973 0.0051955318 0.0081251322 0.0080514224 0.0085103842 0.0026963299 0.0059529734 0.005664802 0.0094826958 0.0069079022 0.0062135978 0.0071468464 0.0076890199 0.0102937252 0.006046925 0.0007439179 0.0093643149 0.0135636661 0.0117663948 0.0073554084 0.0067652514 0.0088392789 0.0115214177 0.0136991841 0.0062312128 
18 0.0099957427 0.0084827641 0.0098302044 0.0062164434 0.0103892305 0.0118295328 0.0076589689 0.0119488363 0.0070739806 0.0074312973 0.0031584295 0.0074734672 0.00438906 0.0029343335 0.0103133914 0.007517658 0.0068673573 0.0045289415 0.0070270831 0.0098500101 0.0088131209 0.0056707442 0.0065101853 0.0106468696 0.00372826 0.0127835527 0.0040736831 0.008586147 0.0104781944 0.0133724144 0.0047374519 0.0060939 0.0069169922 0.0048055453 0.0098923215 0.0060975143 0.006315291 0.0158676996 0.0061835884 0.0072079706 0.0116717376 0.0057714647 0.006634472 0.0123408136 0.0056569767 0.0089524624 0.0079645712 0.0051575869 0.0060560558 0.0126212349 0.0060958623 0.005585896 0.0030949505 0.0122068304 0.0039557315 0.0105011369 0.0066430273 0.0085053065 0.0106832439 0.0115340381 0.0107476997 0.0046694369 0.0150652173 0.0092587146 0.0137340972 0.0059229237 0.0073384064 0.0108043713 0.0031632557 0.0128131445 0.0076349891 0.0063351198 0.0045845745 0.0066375206 0.0072298931 0.005311148 0.0068060935 0.0060797986 0.0069117037 0.0058080833 0.0109841156 0.0061080304 0.0075370113 0.0036216233 0.004354009 0.0099603473 0.0144761772 0.0051626799 0.0072730953 0.0042623353 0.0084914104 0.0099928061 0.0044543191 0.0065137993 0.007813775 0.0080826006 0.0066439966 0.0091506536 0.0038897462 0.0089636194 0.0062003991 0.0076071425 0.0083031147 0.0060929511 0.0042892314 0.0117099881 0.0083662701 0.009145556 0.0078739521 0.0065454912 0.0103306268 0.007406817 0.0058902091 0.0072092826 0.0053850039 0.0139145584 0.0078825982 0.0040949561 0.0100006745 0.003543245 0.0060409569 0.0081915134 0.0093244423 0.0134996764 0.0108490043 0.010793584 0.004297041 0.0052877936 
19 0.0077300019 0.006885009 0.0109648631 0.0082166193 0.01248975 0.0112464475 0.0090411048 0.0065726202 0.0025508789 0.0055256527 0.0081792321 0.0140649323 0.0107691955 0.0096364162 0.0078313898 0.0079229802 0.0093969101 0.0070270831 0.0068681501 0.0047907909 0.0080773549 0.0064615341 0.0076588354 0.0068014223 0.0058496501 0.0075321665 0.0062223312 0.0054199408 0.0051884056 0.0109272987 0.0116359123 0.011569501 0.0089798095 0.0060202334 0.0081392299 0.0057871039 0.0069662049 0.0072939937 0.0100764523 0.0110470686 0.0121944656 0.0096600395 0.0109126942 0.0062512082 0.0109827163 0.0124682151 0.0077595123 0.0088017519 0.0032907515 0.0110595334 0.0066862755 0.0094024515 0.006314605 0.002639258 0.0037729816 0.0103425834 0.0041110865 0.0104972439 0.001895308 0.0084844281 0.0059193964 0.0105169394 0.0159557089 0.0131954661 0.0106220345 0.0045218927 0.0068459929 0.004572965 0.0060309851 0.01130805 0.0096909221 0.0135226034 0.0068175203 0.0047336106 0.0070044746 0.0071288767 0.0066112008 0.0041154228 0.0048071521 0.0082220593 0.0081136753 0.0073872702 0.0074461932 0.0073258076 0.0127758867 0.0090476736 0.0099908449 0.0081638187 0.003793625 0.0068020504 0.0044031168 0.0115714006 0.0076616458 0.0045921385 0.0068863691 0.0030886768 0.0129061556 0.0078320652 0.0055009123 0.0076250546 0.005153246 0.0113882102 0.0047100384 0.009425291 0.0160832404 0.0051966814 0.0046155551 0.0059766256 0.007587935 0.0118079631 0.0069102931 0.0060716576 0.0062792384 0.0095314923 0.0086686541 0.008898016 0.0089379864 0.0097805229 0.0028500128 0.005957458 0.0072904252 0.0033422555 0.0082550642 0.004175658 0.0088014287 0.0048589224 0.0050245963 0.0044722913 
20 0.0066570679 0.0060524377 0.0085892417 0.0061694385 0.0099793097 0.005587312 0.010554985 0.0126382564 0.0062307355 0.005627237 0.0050271979 0.0050233227 0.0075119494 0.0080249344 0.0068060035 0.0076516064 0.0100668843 0.0098500101 0.0047907909 0.0126017538 0.0059140417 0.0046882194 0.0071541652 0.0079084806 0.0071234817 0.0093800392 0.0091457476 0.0076759397 0.0026710007 0.0075175875 0.0049045708 0.0015285455 0.0031444073 0.0024863536 0.012497486 0.0033015707 0.0052994012 0.0079940872 0.0065234234 0.0055986359 0.0050608321 0.004358002 0.0084381521 0.0105161728 0.0149589177 0.0076909166 0.0099366739 0.0093853014 0.0107050962 0.0058059577 0.0089028486 0.0098680855 0.0066676368 0.0118158018 0.0078949235 0.0077614501 0.0121622845 0.0034152161 0.0110850494 0.0079384721 0.0098706849 0.0060505391 0.0098014343 0.0044007339 0.0069228143 0.0171625013 0.0024106304 0.0133423405 0.0037698334 0.002834854 0.0096687405 0.0111348932 0.0087001534 0.004848871 0.012232545 0.0070452916 0.0150955771 0.0093389357 0.0074154789 0.0058205649 0.0061323777 0.0091452985 0.0068766169 0.0139589066 0.0085276578 0.009172132 0.0041619985 0.0037584768 0.0087841092 0.0078965796 0.0069026306 0.0066753913 0.0056424431 0.0079753988 0.0059731998 0.0040475314 0.0068554387 0.0059072878 0.007008997 0.0103279054 0.0097613733 0.0098104061 0.0054774895 0.0191630712 0.007421739 0.0072153796 0.0089116401 0.0096062214 0.0113821373 0.0035111254 0.0104158116 0.0053343356 0.010696976 0.0046877974 0.0030576275 0.0120479437 0.0055259401 0.0074188063 0.0057087328 0.0085572752 0.0088032277 0.0073924414 0.0105278319 0.0070524759 0.0067273284 0.0078829455 0.0110339578 0.0090047167 
21 0.0069270467 0.0107919581 0.0032027636 0.0086784306 0.0051605418 0.0066482178 0.0042746187 0.0082565076 0.0044661636 0.0050234363 0.0118671259 0.0074520661 0.0101661247 0.0055617925 0.0147413495 0.011015847 0.0086336257 0.0088131209 0.0080773549 0.0059140417 0.0047751488 0.0107221464 0.0040125969 0.005269176 0.0065124632 0.0078848866 0.0071554914 0.0082105633 0.0062079442 0.006011834 0.007589294 0.0081622175 0.0084588813 0.0041003829 0.0067593401 0.0145013986 0.0105083126 0.0049769233 0.003014868 0.0082657375 0.0048869826 0.0103692311 0.0069908457 0.0022374732 0.0107659778 0.0116704365 0.0066989054 0.0052519497 0.008784862 0.0089576431 0.0057836478 0.0103237666 0.0080344833 0.0098731952 0.0117824954 0.0065564521 0.0036171541 0.0039294058 0.0074676508 0.0051764224 0.0090095563 0.009116115 0.010994993 0.0136668871 0.007430764 0.0035071527 0.0092836383 0.0084209536 0.0126072606 0.0073073857 0.0076591983 0.0122738957 0.0060463707 0.0052440285 0.0029870023 0.003833074 0.0044692442 0.0080976827 0.0087044863 0.0101777458 0.0069620134 0.0069742883 0.0092987172 0.0062338087 0.0100100095 0.0106419442 0.0063082474 0.0093239808 0.0057804364 0.0102875734 0.0098653575 0.0113041522 0.0045791399 0.0066363528 0.0167446279 0.0105294294 0.007873208 0.0019488525 0.0090398742 0.0061149661 0.0130636697 0.0092128221 0.0116446822 0.0066014727 0.011079801 0.0067765035 0.0083262506 0.0046587833 0.0116217962 0.008486747 0.0044667309 0.0071418199 0.0031920685 0.0096405643 0.0077633766 0.0045960077 0.0086804291 0.0088554199 0.0051064922 0.0110353119 0.0056339913 0.0059399311 0.0089105046 0.0104667274 0.0097630405 0.0073570071 0.0051798539 0.0095730592 
22 0.0054734239 0.0059946862 0.0090965278 0.0096721901 0.0048855616 0.0076598275 0.0099248884 0.0045862666 0.0013961801 0.0099712412 0.0045330625 0.0095374059 0.0055437597 0.0096568893 0.0067476344 0.0072483119 0.0055601905 0.0056707442 0.0064615341 0.0046882194 0.0107221464 0.0090749007 0.008542126 0.0040371352 0.0023074562 0.006239287 0.0096110703 0.005560902 0.0057736987 0.0100936374 0.0070327376 0.0075487905 0.004646515 0.0062919118 0.016947935 0.0113689836 0.0062798704 0.0062615203 0.0108390332 0.0069543951 0.0093541698 0.009283848 0.0067045755 0.012127675 0.0027082062 0.0020322148 0.0081398829 0.0044580689 0.0118991142 0.0041458984 0.0118954115 0.014474721 0.0105305829 0.0109489933 0.0124465364 0.0099261853 0.0163886986 0.004276198 0.00616231 0.0076942785 0.0178011059 0.0053541864 0.0088593104 0.0111462751 0.0090901512 0.0060555399 0.0041047013 0.0044224691 0.0108177797 0.0111474499 0.0078737869 0.0092816034 0.0038074162 0.0048415537 0.0093766682 0.0102940885 0.0101141267 0.0136187379 0.0045488038 0.0106436324 0.0060009464 0.0030255082 0.0065810131 0.0087874179 0.006098208 0.0049992129 0.0034069344 0.009236123 0.0034059502 0.0066590111 0.0127913909 0.0081860973 0.0109159128 0.0026867568 0.0083559693 0.0087660675 0.0109682911 0.0070611857 0.006889716 0.0148394761 0.0110235542 0.0036944463 0.0050428907 0.0052207778 0.0076788285 0.0163255147 0.0028743334 0.0088772564 0.0055865241 0.0091121307 0.0054348928 0.0067668593 0.0078234881 0.004738111 0.0075752128 0.0098333043 0.0116506814 0.0048492959 0.0082892851 0.0076488485 0.0072470741 0.0143352558 0.0052034058 0.0120326525 0.0080535298 0.0061333646 0.0044231325 0.0036246064 
23 0.0041877737 0.0049116622 0.0108468086 0.0019342697 0.0065012782 0.0061545581 0.007762711 0.0065013928 0.0057486886 0.0066616621 0.0062772511 0.0078915784 0.0084593407 0.0059137288 0.0067160652 0.0116779923 0.0059650692 0.0065101853 0.0076588354 0.0071541652 0.0040125969 0.008542126 0.007589267 0.0123041932 0.0080876537 0.0068612749 0.0085948316 0.0044782682 0.0126480535 0.0082271153 0.0068007745 0.0144687773 0.0100148333 0.0066600101 0.0067642875 0.0059426092 0.0102019836 0.0113636847 0.0086648044 0.0068179521 0.0068278585 0.0076131223 0.0047697887 0.008141526 0.0071919201 0.0121282698 0.0127958633 0.0095030883 0.0041488659 0.0076868477 0.0051197643 0.0082809684 0.0099906473 0.008713348 0.0044333715 0.0057951549 0.0062582507 0.0116826718 0.0100051182 0.0114720655 0.00696514 0.0087573784 0.005051914 0.0088532819 0.0084047794 0.0056994918 0.0064115289 0.0065136372 0.0075613515 0.0083652985 0.011396728 0.0051562639 0.0074933402 0.009216362 0.0060505255 0.0077420599 0.0054415311 0.0083783646 0.0073388325 0.0057358681 0.0088917228 0.0088449961 0.010400155 0.0078101382 0.0077852769 0.0068695069 0.0053912439 0.0069792694 0.0088573196 0.0061642028 0.0159900093 0.0065983544 0.0069245234 0.0078498747 0.0086193031 0.0095816365 0.0044640351 0.0053872058 0.0099562769 0.0087125837 0.0154486116 0.0052789987 0.01072639 0.0076407705 0.0067069196 0.0083184645 0.0089814022 0.0070525588 0.0116926675 0.0057577844 0.0086033562 0.0066252454 0.0113078934 0.0019394683 0.0087367146 0.0090348166 0.0035077589 0.0095143055 0.0154720229 0.0038809443 0.0054962834 0.0048034991 0.0061768122 0.0098514709 0.0074432125 0.0066947957 0.008310531 0.0093463648 
24 0.0079637048 0.0089433423 0.0088342738 0.0062224892 0.005683604 0.0111108649 0.0087528108 0.0061379522 0.0078274343 0.002820419 0.0119506514 0.0089966627 0.0056225359 0.0046324141 0.0071071904 0.0051202188 0.0092899739 0.0106468696 0.0068014223 0.0079084806 0.005269176 0.0040371352 0.0123041932 0.0082448237 0.0071323236 0.0110014526 0.0088220304 0.0110810442 0.0124270861 0.003523283 0.0048152365 0.0070254565 0.0110746036 0.012461773 0.0086582814 0.0049931999 0.0033076599 0.0092413353 0.0088279929 0.0046998696 0.0056866301 0.0079602721 0.0039361669 0.0045342021 0.0047890081 0.0062849577 0.0104045491 0.0068303742 0.0079797113 0.0107080169 0.0105865578 0.005802084 0.0084232682 0.0098512368 0.0036122209 0.0042144872 0.006060429 0.0085070288 0.004211673 0.0081633656 0.006057483 0.0098126609 0.0073505678 0.0044488927 0.0117093081 0.0028906763 0.0072791726 0.010919338 0.0043185256 0.0051063924 0.0086176853 0.0053843851 0.0041308823 0.0034462899 0.0063396576 0.0070038458 0.0064594743 0.00653638 0.0044557295 0.0101060916 0.008010622 0.0090734059 0.0104790793 0.004771827 0.0048888595 0.010456275 0.0155825046 0.0090278686 0.0115852824 0.0094288888 0.0040543924 0.0119604134 0.0087252803 0.007272931 0.0066380711 0.0118252629 0.0080103563 0.008984859 0.0053439566 0.009136925 0.0062996316 0.0063698594 0.0060653223 0.0145698972 0.0082049667 0.0094943695 0.0065614204 0.006376943 0.0102496784 0.0077831296 0.0056385301 0.0042487238 0.0069103914 0.0071684198 0.0109350627 0.0154632554 0.0138658443 0.0093048794 0.0117034015 0.0050621026 0.0031650362 0.0044095556 0.0135516448 0.008298363 0.0133368423 0.010059051 0.0100891089 0.0073165572 
