64
1 0.0116775516 0.0177448325 0.0075825152 0.0114824773 0.0184098488 0.0108042065 0.0092470686 0.0093166498 0.0083318319 0.0158597019 0.0107365751 0.0175809038 0.0192958995 0.0166779191 0.0202557897 0.0100672599 0.0089077018 0.0199308993 0.0127978295 0.007421571 0.0160618615 0.0210167684 0.017878782 0.0250597514 0.0198215127 0.0100549389 0.0187662187 0.011433077 0.0129795533 0.0254140533 0.0254897003 0.0208189621 0.0077502542 0.0219284742 0.0065951184 0.0184107543 0.0099903238 0.0217903366 0.0143901852 0.0283217027 0.0148973603 0.0176638236 0.023641972 0.0283515991 0.0173971086 0.0198054478 0.0117467374 0.0269247567 0.0165571759 0.0131573263 0.0076377527 0.0162604297 0.0170227875 0.0152083419 0.0100520473 0.0179388608 0.0139788676 0.0068830451 0.0109447199 0.0192282658 0.015314562 0.0150467692 0.0113453502 0.0148935305 
2 0.0177448325 0.0154028814 0.0157199862 0.007129487 0.0198506201 0.0214045386 0.0248667768 0.0219597495 0.0211897759 0.0233611346 0.01840406 0.0181942814 0.0222633573 0.0187354666 0.0190331558 0.0131916173 0.016722381 0.005338242 0.0230446665 0.0082675996 0.0061482541 0.0102657035 0.0252168887 0.0210168566 0.0177993646 0.0142766468 0.0170139787 0.0184229224 0.0109221618 0.0127883834 0.0018988814 0.0133740768 0.0137465534 0.0155092474 0.0207010193 0.0139821927 0.0113570694 0.0273147041 0.0103372871 0.0103504865 0.009618952 0.0137610321 0.0104610673 0.0176790087 0.0068232439 0.011867581 0.0201804254 0.0206072807 0.0060589703 0.0159530908 0.0184989812 0.0192132251 0.0122767213 0.0201324538 0.0146597955 0.0216804508 0.0125110933 0.0036906422 0.0321570489 0.0143120237 0.0160730309 0.01112444 0.0139050335 0.012487119 
3 0.0075825152 0.0157199862 0.0198007789 0.0305130642 0.0174240316 0.0235166263 0.0149556731 0.0248197892 0.012012135 0.012543547 0.0160661075 0.0117301116 0.011758941 0.02375524 0.0161528388 0.0095501602 0.0110098856 0.0195456714 0.017742676 0.0045013263 0.0280014284 0.0097963689 0.0165495318 0.0223295258 0.0172883737 0.0162831698 0.017642195 0.014351319 0.0155393085 0.0202625337 0.0085430111 0.0198442009 0.0134855212 0.0081635565 0.0202545837 0.005818813 0.0227885955 0.0168667587 0.0141159788 0.0124194605 0.0071022745 0.0088144265 0.0140569273 0.0012572066 0.0116291022 0.0125843271 0.0126928365 0.004382456 0.020809756 0.0168550504 0.0208751676 0.0218063994 0.0153118146 0.0229212505 0.0137030415 0.010280427 0.0064106011 0.0273084672 0.0121393909 0.0174146061 0.0158925529 0.0227037646 0.0175759379 0.0244268757 
4 0.0114824773 0.007129487 0.0305130642 0.0 0.0178485114 0.0146119158 0.0119393625 0.0151665411 0.0154070907 0.0126035879 0.0151295385 0.0197645953 0.0183007046 0.0073624507 0.0187401891 0.0222203649 0.013388252 0.0128752179 0.0143375074 0.0116136235 0.0171217839 0.0115590416 0.0189152525 0.0125844642 0.0173897159 0.0168499224 0.0138867286 0.0231271012 0.0148564856 0.0016319646 0.0226214043 0.0223838471 0.0128569469 0.0118458052 0.0103495676 0.0097117108 0.0112974801 0.020828268 0.0136907543 0.0127535727 0.0260960562 0.0221107737 0.0176515042 0.0202050761 0.0148015444 0.0109092767 0.0259571492 0.0142921659 0.0159052954 0.0193544058 0.0088740788 0.0313900287 0.0150602893 0.0115670048 0.0098670311 0.0241007741 0.017337224 0.0073433558 0.0145130518 0.018482088 0.0186907052 0.0021765772 0.0177202377 0.0288980067 
5 0.0184098488 0.0198506201 0.0174240316 0.0178485114 0.0081107077 0.0185640574 0.0135574197 0.0107528433 0.0297394309 0.0043553617 0.0196494049 0.0181476801 0.0156043834 0.0021389823 0.005273259 0.0194124519 0.0027812873 0.0254252128 0.0234236401 0.0110625987 0.0110382982 0.0127938955 0.0102939369 0.015221021 0.0204975541 0.0174336365 0.0126513266 0.007784221 0.0243007106 0.0141664668 0.0152568399 0.0174806064 0.0222352022 0.0130517908 0.0150972657 0.0167498289 0.0148700352 0.0218759606 0.019100216 0.0236585655 0.01030853 0.0144726823 0.0193807429 0.0294367844 0.0149389827 0.0095887358 0.0146398331 0.013103459 0.0167780971 0.0158844567 0.0090975003 0.0211312111 0.0149238826 0.0190424455 0.008460564 0.0129133144 0.012908646 0.0200241353 0.0210129619 0.0223584165 0.0079618235 0.0141838051 0.0195548047 0.010805074 
6 0.0108042065 0.0214045386 0.0235166263 0.0146119158 0.0185640574 0.0133163226 0.019847701 0.0122769713 0.0116481416 0.0188449328 0.0184213651 0.0164067546 0.0195801 0.0074509575 0.0100784101 0.0191478175 0.023459097 0.0184261251 0.0235503059 0.0147521116 0.0108642846 0.0237042202 0.0130123531 0.0211760873 0.0114659399 0.0104092414 0.0280942839 0.0201720935 0.0098670061 0.0219684328 0.0131900056 0.0168734199 0.0169111132 0.0152388051 0.0070142751 0.0202582868 0.0176762724 0.0157990086 0.0051023465 0.0159818727 0.0219003239 0.0192876912 0.0103564614 0.0194997489 0.023750582 0.0164030153 0.0079353301 0.0175516429 0.0156030176 0.0080393028 0.0098273602 0.008585163 0.016112269 0.0079604461 0.0126889264 0.0125912675 0.0171998263 0.0142489997 0.0127823253 0.0138608827 0.0136826913 0.0168287931 0.0146052786 0.0178108477 
7 0.0092470686 0.0248667768 0.0149556731 0.0119393625 0.0135574197 0.019847701 0.0071664137 0.015911077 0.0207797467 0.0260592361 0.016280804 0.0162711279 0.0097639166 0.0078677319 0.0134408314 0.0188273266 0.0123920337 0.0169993441 0.0188255543 0.0211373441 0.0098559585 0.0171291538 0.0279490761 0.0134830821 0.0112232259 0.02672521 0.0156383163 0.0215248618 0.024135439 0.0069368347 0.025215461 0.0178567768 0.0094968763 0.0108767931 0.0112783786 0.0212456407 0.0186102097 0.0112158732 0.0149733117 0.0106652619 0.0148066362 0.0140912085 0.0076259817 0.0135124046 0.0121492826 0.0234988573 0.0306703895 0.0069716391 0.0058561609 0.0057003223 0.0127955936 0.0088568777 0.0190549463 0.0155662793 0.00817595 0.0177345326 0.0172101965 0.0219310719 0.0210381823 0.0183631118 0.0092440014 0.019142976 0.0079629236 0.0258682432 
8 0.0093166498 0.0219597495 0.0248197892 0.0151665411 0.0107528433 0.0122769713 0.015911077 0.0296552759 0.0180685986 0.0242374525 0.0233670457 0.0203871408 0.0206020861 0.0132675649 0.0067765803 0.0132900038 0.0172792175 0.0198567676 0.0075546894 0.0188936451 0.0212104206 0.025178788 0.0217990275 0.0207676694 0.0132201774 0.0035214005 0.0109034875 0.0175021301 0.0122705573 0.0085749977 0.0110605564 0.0112059752 0.0206731764 0.0254135905 0.0081882778 0.0180183918 0.0187800599 0.0043911785 0.0133229521 0.0100909232 0.0306647607 0.0094693472 0.0141300166 0.0180759044 0.0089179786 0.0197533439 0.0294770909 0.0149214314 0.0101279815 0.0227724792 0.0101262516 0.0125789138 0.0154007832 0.0140797647 0.0145659682 0.0137289882 0.0119264883 0.0109352276 0.0159359134 0.0186864865 0.0047247387 0.010460717 0.0145680194 0.0144379778 
9 0.0083318319 0.0211897759 0.012012135 0.0154070907 0.0297394309 0.0116481416 0.0207797467 0.0180685986 0.031652181 0.0205534611 0.0117438344 0.0090712736 0.0139203726 0.0164564707 0.0200741901 0.0064390528 0.022654813 0.0104109704 0.0186657577 0.0079092702 0.0150075613 0.0175332514 0.0189522311 0.0067435747 0.0163416645 0.0190772575 0.0156128765 0.013304279 0.0085404124 0.0120404353 0.0165392217 0.0110482017 0.0183798352 0.0097867641 0.0161277036 0.0173368043 0.0173707238 0.0165443481 0.0054129312 0.0168296963 0.0076840431 0.0148853315 0.0143476067 0.013083545 0.0239731364 0.0217363048 0.0174046193 0.0081006059 0.0205495766 0.0193681896 0.0164554168 0.0115861049 0.014314279 0.0174905523 0.0104537096 0.0194782846 0.0193039589 0.0240869227 0.0219828729 0.0111163213 0.0138790902 0.0120276349 0.0123260064 0.0191077139 
10 0.0158597019 0.0233611346 0.012543547 0.0126035879 0.0043553617 0.0188449328 0.0260592361 0.0242374525 0.0205534611 0.0101757768 0.0173844579 0.0146438021 0.0155566248 0.017067752 0.012565634 0.0092622919 0.0042410876 0.0202418494 0.0251291895 0.0124474877 0.0263066536 0.0150906876 0.0165268447 0.0133527434 0.0171825726 0.0110733283 0.014252765 0.0152772425 0.0194864356 0.0256550798 0.0109029985 0.0202913924 0.008336027 0.0210497739 0.0129502103 0.011657429 0.0130148953 0.0095137341 0.0113702312 0.0067065283 0.0154329408 0.0088276716 0.0087429252 0.0213787532 0.0266793426 0.0152363301 0.0094182487 0.0191513206 0.0241586631 0.0068155125 0.0147634363 0.0146097672 0.0096171445 0.0130104575 0.0165137781 0.0129856471 0.0184671857 0.0189450642 0.0095539562 0.0254411201 0.0157685676 0.0144605692 0.031505506 0.0113841498 
11 0.0107365751 0.01840406 0.0160661075 0.0151295385 0.0196494049 0.0184213651 0.016280804 0.0233670457 0.0117438344 0.0173844579 0.0064791794 0.0166070453 0.0067031676 0.0285173921 0.0159869472 0.0066674422 0.0079070774 0.0144147908 0.0119215694 0.0144048214 0.0116969568 0.0224428025 0.0121873872 0.0133506204 0.016980898 0.0345311529 0.0154346077 0.0144960265 0.0075444654 0.0180905286 0.0211279339 0.0031860388 0.0214223377 0.018978561 0.0151541339 0.0169722663 0.0030939982 0.0080349452 0.0115914211 0.0256310854 0.0182014627 0.0131118942 0.0085238046 0.0182473882 0.0229089399 0.0080625013 0.0207617364 0.0304419263 0.0137106337 0.0204393761 0.0131735654 0.0162223514 0.0157899296 0.0086485772 0.025568873 0.006088686 0.0130189477 0.0329532111 0.0164138865 0.0159218728 0.024096515 0.0104028941 0.0069522842 0.0115979493 
12 0.0175809038 0.0181942814 0.0117301116 0.0197645953 0.0181476801 0.0164067546 0.0162711279 0.0203871408 0.0090712736 0.0146438021 0.0166070453 0.0229260692 0.0118577367 0.0206993181 0.0096138347 0.0088912259 0.0158681737 0.0125264917 0.0117463349 0.0218556331 0.0123039013 0.0139477714 0.0131245447 0.019288041 0.0205528071 0.0181041935 0.0163082705 0.0162407337 0.0165503727 0.0154656755 0.0104915382 0.0118065286 0.0116519887 0.018713849 0.0264495666 0.0076559208 0.0160033256 0.0181292916 0.0204159166 0.0168327032 0.0268784271 0.0233427055 0.0165722455 0.0100730778 0.0200046984 0.0225141455 0.0238203616 0.011414793 0.012374632 0.0080604131 0.0095874251 0.0126091657 0.0125133989 0.0094365305 0.018802466 0.0098959911 0.0257955121 0.012164627 0.0242632335 0.0167325115 0.0106241254 0.0071192037 0.0104456797 0.0101281558 
13 0.0192958995 0.0222633573 0.011758941 0.0183007046 0.0156043834 0.0195801 0.0097639166 0.0206020861 0.0139203726 0.0155566248 0.0067031676 0.0118577367 0.0158943818 0.0167831838 0.0174332326 0.0229214119 0.0178521826 0.0059269967 0.0053108301 0.0077947634 0.0183326018 0.0116392553 0.015624061 0.024335225 0.0260941479 0.0123888403 0.011761887 0.013391663 0.0135354331 0.0182437346 0.0195512995 0.0182188054 0.0073739231 0.02048906 0.0229291868 0.0166243784 0.0126244457 0.0123163792 0.0125898156 0.0318112487 0.011098088 0.0105780702 0.0203734916 0.0169205589 0.0240556803 0.0167247026 0.0139732704 0.0138937931 0.0154183416 0.0236902612 0.0168173683 0.0134001973 0.002244439 0.0134238939 0.0073226503 0.0175035274 0.0184569804 0.0155838252 0.0170043131 0.0131497985 0.0305010945 0.0099273245 0.0084961789 0.0144424859 
14 0.0166779191 0.0187354666 0.02375524 0.0073624507 0.0021389823 0.0074509575 0.0078677319 0.0132675649 0.0164564707 0.017067752 0.0285173921 0.0206993181 0.0167831838 0.0085779035 0.0169393279 0.0121438292 0.0137186003 0.0104804223 0.0200008701 0.0255600687 0.0122876447 0.0134476079 0.009982794 0.0087335259 0.0123399124 0.008857755 0.0187166835 0.0094460448 0.0176133883 0.0191891242 0.0140703568 0.0253037306 0.0203207033 0.018474243 0.0155251743 0.0103344217 0.0310883634 0.0210267988 0.0167873235 0.0124952806 0.0103020096 0.0188008948 0.0093463403 0.0143919571 0.0119245828 0.0161099338 0.0219629173 0.0096156971 0.0162262216 0.0254169325 0.0035725642 0.0173188116 0.0210412941 0.0186972642 0.0176899678 0.0175892594 0.0183109179 0.0140754413 0.0133719115 0.0072636625 0.0163553041 0.0177810446 0.0196330402 0.0229597015 
15 0.0202557897 0.0190331558 0.0161528388 0.0187401891 0.005273259 0.0100784101 0.0134408314 0.0067765803 0.0200741901 0.012565634 0.0159869472 0.0096138347 0.0174332326 0.0169393279 0.0226270004 0.0203167457 0.0198742876 0.0171144155 0.0206819113 0.0095788371 0.0293543864 0.0122257652 0.007778435 0.0298801679 0.0097917666 0.0089428922 0.0166210069 0.0146061482 0.018785204 0.0121591236 0.0346962448 0.0203802204 0.0138030889 0.0143789454 0.0145609773 0.0143626779 0.0099591581 0.0179200798 0.0151813518 0.0258116264 0.0238922801 0.0161820874 0.0190602796 0.0102083747 0.0116943935 0.0191377763 0.0248843273 0.0207001005 0.0148623978 0.0077733792 0.0097025834 0.0191129142 0.0141949952 0.0158081286 0.0096085829 0.0238820887 0.0096574931 0.0115841085 0.0041645868 0.0055919287 0.0212781013 0.0072787754 0.0082866236 0.0176970082 
16 0.0100672599 0.0131916173 0.0095501602 0.0222203649 0.0194124519 0.0191478175 0.0188273266 0.0132900038 0.0064390528 0.0092622919 0.0066674422 0.0088912259 0.0229214119 0.0121438292 0.0203167457 0.0413614681 0.0080590544 0.0062479536 0.0226046626 0.0249817569 0.0162004841 0.0237552146 0.013829751 0.0136337584 0.0149431256 0.007374666 0.0219254654 0.0163819848 0.0175278934 0.0141984774 0.0180338332 0.0202790114 0.0167423599 0.010979757 0.0135976311 0.0214382847 0.0202477184 0.0155198653 0.0076662612 0.0075972064 0.0262919873 0.0170587031 0.0085382638 0.0167097204 0.0235924337 0.0043929744 0.0078270393 0.0161563161 0.0089550051 0.0081099536 0.0122182392 0.0107213705 0.0225081156 0.0285667925 0.0251996458 0.0113174796 0.0155506451 0.0137607221 0.0080413442 0.0135159814 0.0164558005 0.0170570206 0.0179803298 0.0219974696 
17 0.0089077018 0.016722381 0.0110098856 0.013388252 0.0027812873 0.023459097 0.0123920337 0.0172792175 0.022654813 0.0042410876 0.0079070774 0.0158681737 0.0178521826 0.0137186003 0.0198742876 0.0080590544 0.0126403646 0.0142842948 0.0101182992 0.011736763 0.013584407 0.0116749144 0.0193759514 0.0227805311 0.0171508568 0.0172847005 0.0169357756 0.0314008695 0.0164970566 0.0119234613 0.0179336134 0.0164315647 0.0179683014 0.0159856585 0.0269448361 0.0153887306 0.0188248763 0.0114484592 0.0352187472 0.0081793375 0.010685965 0.0246409277 0.0125612603 0.0172357541 0.0156223268 0.022007183 0.0119057052 0.017744779 0.0138258996 0.0164060166 0.0246078328 0.0131043094 0.0112684168 0.0155667957 0.0139986198 0.0174276572 0.0077871351 0.0151532734 0.0223914604 0.0054386659 0.0158179271 0.0179476211 0.0132652266 0.0157617381 
18 0.0199308993 0.005338242 0.0195456714 0.0128752179 0.0254252128 0.0184261251 0.0169993441 0.0198567676 0.0104109704 0.0202418494 0.0144147908 0.0125264917 0.0059269967 0.0104804223 0.0171144155 0.0062479536 0.0142842948 0.0083845523 0.0125940683 0.0203657651 0.0169698227 0.0048681179 0.0171851012 0.0173587334 0.0175678996 0.0212700432 0.0188854518 0.0157584104 0.0299618213 0.0088353298 0.0110298548 0.0123167949 0.019907116 0.0195721369 0.0274422 0.0203500526 0.0085563117 0.0073602017 0.0125406266 0.009400084 0.0203594154 0.0173135113 0.0294110311 0.0169279662 0.0088406512 0.0093046264 0.0151831496 0.0126704707 0.0377164749 0.0236621439 0.0170683479 0.0102664051 0.013798146 0.0225954945 0.0252044593 0.0132475855 0.0160132519 0.0137572207 0.0143844814 0.0104549874 0.0054552115 0.016271198 0.0117775235 0.0097900849 
19 0.0127978295 0.0230446665 0.017742676 0.0143375074 0.0234236401 0.0235503059 0.0188255543 0.0075546894 0.0186657577 0.0251291895 0.0119215694 0.0117463349 0.0053108301 0.0200008701 0.0206819113 0.0226046626 0.0101182992 0.0125940683 0.0089905538 0.0244884936 0.012757938 0.0057096503 0.0149404844 0.0220274126 0.0194071051 0.0170458086 0.0077776174 0.0198471162 0.0068217183 0.0115343935 0.0149526782 0.0116580454 0.0135741914 0.0174415924 0.0112033418 0.0040491435 0.0130598993 0.007184837 0.0247651462 0.0184393537 0.0155216095 0.0048068812 0.0126356697 0.0146103166 0.0040487496 0.0307699827 0.015990618 0.0197578473 0.0231910582 0.0153506212 0.0096114297 0.0093850168 0.0247875752 0.0145540208 0.0223911806 0.0160512903 0.0146315216 0.0174116985 0.0237173455 0.026554731 0.0131277941 0.0219103109 0.0087261108 0.0127297374 
20 0.007421571 0.0082675996 0.0045013263 0.0116136235 0.0110625987 0.0147521116 0.0211373441 0.0188936451 0.0079092702 0.0124474877 0.0144048214 0.0218556331 0.0077947634 0.0255600687 0.0095788371 0.0249817569 0.011736763 0.0203657651 0.0244884936 0.0149243372 0.0160421123 0.0081689285 0.0134893298 0.0247455405 0.0135967536 0.0238095273 0.0176290409 0.016692041 0.0186375299 0.0166841644 0.0068437612 0.0151340768 0.0182925097 0.0188279646 0.0131699285 0.0083400771 0.0090422751 0.0214690832 0.0115624035 0.0158887191 0.0174655279 0.0138565331 0.006141993 0.0155749349 0.0207702351 0.0132313801 0.0112526698 0.0151094858 0.0282663866 0.0169777519 0.0100856735 0.0238398879 0.0238752303 0.0155099994 0.0176359549 0.0053436773 0.010248182 0.031448544 0.0233297412 0.0251123458 0.016713787 0.0114740749 0.0194944865 0.0054779325 
21 0.0160618615 0.0061482541 0.0280014284 0.0171217839 0.0110382982 0.0108642846 0.0098559585 0.0212104206 0.0150075613 0.0263066536 0.0116969568 0.0123039013 0.0183326018 0.0122876447 0.0293543864 0.0162004841 0.013584407 0.0169698227 0.012757938 0.0160421123 0.0332013245 0.0162007403 0.011165808 0.0061165046 0.0160214887 0.0073017425 0.0114322196 0.0149642248 0.0163752332 0.0163624596 0.0056785278 0.0262041302 0.0166257379 0.0148010678 0.022415364 0.0171187217 0.0078424007 0.0157195429 0.0239041534 0.0142014698 0.0276886981 0.0132731759 0.0165669753 0.0133787552 0.0042443472 0.0133858949 0.0237128611 0.0281101087 0.0155249413 0.0064226755 0.0132494252 0.0248296805 0.010564483 0.0162157823 0.0100856222 0.0061282542 0.0165270117 0.0084392879 0.0144476728 0.0238543108 0.0204463341 0.0135363987 0.0115444768 0.013023205 
22 0.0210167684 0.0102657035 0.0097963689 0.0115590416 0.0127938955 0.0237042202 0.0171291538 0.025178788 0.0175332514 0.0150906876 0.0224428025 0.0139477714 0.0116392553 0.0134476079 0.0122257652 0.0237552146 0.0116749144 0.0048681179 0.0057096503 0.0081689285 0.0162007403 0.0180565419 0.0188592384 0.0172605097 0.0098332345 0.0186564277 0.0102611138 0.0080892609 0.0108508669 0.024242957 0.0131500704 0.0132340771 0.0064331624 0.0220760518 0.0186276991 0.009868854 0.0125999683 0.0104352482 0.0150823488 0.0093084115 0.021716806 0.013025792 0.0293876365 0.0280581885 0.0101475384 0.0231883329 0.0220330472 0.0226942584 0.009503792 0.0232700403 0.0153143124 0.0228577177 0.0202281056 0.0184741202 0.0171804388 0.015818208 0.0146857677 0.0090373461 0.0039939173 0.0220791672 0.0055075937 0.0178369613 0.0202735782 0.0186126438 
23 0.017878782 0.0252168887 0.0165495318 0.0189152525 0.0102939369 0.0130123531 0.0279490761 0.0217990275 0.0189522311 0.0165268447 0.0121873872 0.0131245447 0.015624061 0.009982794 0.007778435 0.013829751 0.0193759514 0.0171851012 0.0149404844 0.0134893298 0.011165808 0.0188592384 0.0137481101 0.0028584429 0.0153727732 0.011134945 0.0187391411 0.0142051606 0.0173454389 0.0121849062 0.0190436055 0.0075853912 0.0110548869 0.0155581246 0.0094243699 0.0140184751 0.0140957829 0.020052208 0.0174850486 0.0092831252 0.0121451343 0.0212740402 0.0301231905 0.0068084392 0.0095464336 0.0190156601 0.0069808209 0.0168349713 0.0187394861 0.0245552359 0.0171133572 0.0087325039 0.0226832697 0.0079922221 0.0327681819 0.00780613 0.0189479615 0.0179217105 0.0150336096 0.0223777451 0.0138447843 0.0182638846 0.0273604706 0.00530401 
24 0.0250597514 0.0210168566 0.0223295258 0.0125844642 0.015221021 0.0211760873 0.0134830821 0.0207676694 0.0067435747 0.0133527434 0.0133506204 0.019288041 0.024335225 0.0087335259 0.0298801679 0.0136337584 0.0227805311 0.0173587334 0.0220274126 0.0247455405 0.0061165046 0.0172605097 0.0028584429 0.012275218 0.0192005537 0.0142186165 0.009662311 0.0112543244 0.0107459379 0.0218249109 0.020365596 0.0122054082 0.0138209711 0.0204822306 0.0106767639 0.0166760324 0.0224079029 0.0163231426 0.0080233948 0.0084081682 0.0134598203 0.0303749985 0.014572946 0.0069983885 0.0183114218 0.0053079541 0.0082019977 0.0102368701 0.008635342 0.0248481694 0.0217662385 0.0154748711 0.0158290739 0.0251096123 0.0220061414 0.0083976532 0.0151266627 0.0072570897 0.0072319184 0.020095116 0.0123586722 0.0085448745 0.0203069911 0.0168719045 
25 0.0198215127 0.0177993646 0.0172883737 0.0173897159 0.0204975541 0.0114659399 0.0112232259 0.0132201774 0.0163416645 0.0171825726 0.016980898 0.0205528071 0.0260941479 0.0123399124 0.0097917666 0.0149431256 0.0171508568 0.0175678996 0.0194071051 0.0135967536 0.0160214887 0.0098332345 0.0153727732 0.0192005537 0.0137504955 0.0179184337 0.0171807703 0.0162106729 0.0064040298 0.0081588226 0.0192988755 0.0241484657 0.0088437146 0.0081945217 0.0150195094 0.0243917267 0.0103347034 0.0202403305 0.0159598301 0.0188241768 0.0217239981 0.0139118282 0.0083203519 0.0233073331 0.0152567296 0.0147844508 0.023114163 0.0120737864 0.0027506703 0.0178828212 0.017568832 0.0155094498 0.0203152377 0.0135933071 0.0062336308 0.0157373082 0.0247803434 0.0077726885 0.0170640763 0.0168946083 0.0140259168 0.0110665081 0.0245509055 0.0057985513 
26 0.0100549389 0.0142766468 0.0162831698 0.0168499224 0.0174336365 0.0104092414 0.02672521 0.0035214005 0.0190772575 0.0110733283 0.0345311529 0.0181041935 0.0123888403 0.008857755 0.0089428922 0.007374666 0.0172847005 0.0212700432 0.0170458086 0.0238095273 0.0073017425 0.0186564277 0.011134945 0.0142186165 0.0179184337 0.0079177172 0.0130467495 0.0155502615 0.0196800889 0.0176549149 0.0048278981 0.0068767414 0.0095030658 0.0199953009 0.021683948 0.019279895 0.020830902 0.0240301458 0.0130605528 0.0147746787 0.0158518778 0.015431691 0.0187398985 0.0140980786 0.0199014349 0.0181156698 0.0052809837 0.0211513857 0.0127163278 0.0159725525 0.0102822644 0.0078981958 0.0060249291 0.0138026748 0.0179961891 0.0107167202 0.0139044275 0.0087653486 0.0213764758 0.022981807 0.0244557543 0.0189579039 0.0254966665 0.0268233854 
27 0.0187662187 0.0170139787 0.017642195 0.0138867286 0.0126513266 0.0280942839 0.0156383163 0.0109034875 0.0156128765 0.014252765 0.0154346077 0.0163082705 0.011761887 0.0187166835 0.0166210069 0.0219254654 0.0169357756 0.0188854518 0.0077776174 0.0176290409 0.0114322196 0.0102611138 0.0187391411 0.009662311 0.0171807703 0.0130467495 0.0191673941 0.0127510194 0.0053083799 0.0098924331 0.021221993 0.0204867577 0.0221932319 0.0156123489 0.0272240245 0.0187011964 0.0189102457 0.0167101984 0.0105335097 0.0036114949 0.0077129411 0.027066409 0.0201240284 0.006003065 0.0061812644 0.013032823 0.0061901265 0.0136420274 0.0166426127 0.0150080717 0.017436113 0.0267757113 0.0165360421 0.0144699839 0.0062045771 0.0232504849 0.0205408886 0.0216123324 0.0096111302 0.0124329961 0.025233735 0.0165187825 0.0115661066 0.0171032307 
28 0.011433077 0.0184229224 0.014351319 0.0231271012 0.007784221 0.0201720935 0.0215248618 0.0175021301 0.013304279 0.0152772425 0.0144960265 0.0162407337 0.013391663 0.0094460448 0.0146061482 0.0163819848 0.0314008695 0.0157584104 0.0198471162 0.016692041 0.0149642248 0.0080892609 0.0142051606 0.0112543244 0.0162106729 0.0155502615 0.0127510194 0.0061082602 0.025846494 0.021941441 0.0090376951 0.0117054308 0.0191236518 0.0217399216 0.011475031 0.0126872314 0.0058162809 0.0216543569 0.0043522695 0.0197429642 0.0179178737 0.0165915282 0.0019591671 0.0200073825 0.0211712277 0.0312236828 0.0084522483 0.02312517 0.0115451505 0.0094810461 0.0126347711 0.0107663993 0.0206345662 0.019797434 0.0259605917 0.0162970115 0.0181253194 0.0249553015 0.0094440646 0.0213397744 0.0112404857 0.0135118085 0.0108148302 0.0075869264 
29 0.0129795533 0.0109221618 0.0155393085 0.0148564856 0.0243007106 0.0098670061 0.024135439 0.0122705573 0.0085404124 0.0194864356 0.0075444654 0.0165503727 0.0135354331 0.0176133883 0.018785204 0.0175278934 0.0164970566 0.0299618213 0.0068217183 0.0186375299 0.0163752332 0.0108508669 0.0173454389 0.0107459379 0.0064040298 0.0196800889 0.0053083799 0.025846494 0.0077053947 0.0099482603 0.0170599993 0.012499608 0.0164865469 0.0304889824 0.0111839175 0.019066899 0.02104175 0.0159574008 0.019776276 0.0156756239 0.0075212777 0.0159372051 0.0170122725 0.0141441085 0.0139214363 0.0141281554 0.0086861364 0.0221699152 0.0111069003 0.0227548654 0.0227968457 0.0187586387 0.0137752844 0.0150251045 0.0141806129 0.0232431597 0.0115948302 0.0146289656 0.0130543745 0.0101662511 0.0159295633 0.0283493694 0.0153200037 0.0099746421 
30 0.0254140533 0.0127883834 0.0202625337 0.0016319646 0.0141664668 0.0219684328 0.0069368347 0.0085749977 0.0120404353 0.0256550798 0.0180905286 0.0154656755 0.0182437346 0.0191891242 0.0121591236 0.0141984774 0.0119234613 0.0088353298 0.0115343935 0.0166841644 0.0163624596 0.024242957 0.0121849062 0.0218249109 0.0081588226 0.0176549149 0.0098924331 0.021941441 0.0099482603 0.0109553855 0.0138254428 0.0169882015 0.0215639103 0.00901698 0.0126771185 0.0159218311 0.025876257 0.0172378643 0.01645409 0.0233992848 0.0078255457 0.0194208779 0.0173628341 0.0124714668 0.017687199 0.0045719646 0.0244055832 0.0175492852 0.0196908175 0.0120389464 0.0089844583 0.0052274907 0.0184498974 0.0110777291 0.0248854282 0.0164592254 0.0125716305 0.0176012719 0.0164550512 0.0242866483 0.0110544606 0.0123834214 0.0208032685 0.0248448317 
31 0.0254897003 0.0018988814 0.0085430111 0.0226214043 0.0152568399 0.0131900056 0.025215461 0.0110605564 0.0165392217 0.0109029985 0.0211279339 0.0104915382 0.0195512995 0.0140703568 0.0346962448 0.0180338332 0.0179336134 0.0110298548 0.0149526782 0.0068437612 0.0056785278 0.0131500704 0.0190436055 0.020365596 0.0192988755 0.0048278981 0.021221993 0.0090376951 0.0170599993 0.0138254428 0.0230544046 0.0230097264 0.0255999619 0.0155233425 0.0186684274 0.0183645784 0.0124067226 0.0137129827 0.006628334 0.0053887442 0.0151510794 0.0103991981 0.010947697 0.0173923216 0.0262457536 0.0296236923 0.0206807802 0.0064731219 0.0186283867 0.0102579014 0.0180287357 0.0174650664 0.0169694795 0.00644309 0.0150221705 0.0104202465 0.0145360528 0.0164892732 0.0177317111 0.0096808407 0.0112242141 0.0237246761 0.0150185578 0.0161298305 
32 0.0208189621 0.0133740768 0.0198442009 0.0223838471 0.0174806064 0.0168734199 0.0178567768 0.0112059752 0.0110482017 0.0202913924 0.0031860388 0.0118065286 0.0182188054 0.0253037306 0.0203802204 0.0202790114 0.0164315647 0.0123167949 0.0116580454 0.0151340768 0.0262041302 0.0132340771 0.0075853912 0.0122054082 0.0241484657 0.0068767414 0.0204867577 0.0117054308 0.012499608 0.0169882015 0.0230097264 0.0106255579 0.0112010356 0.0051544783 0.0255502269 0.0117232619 0.011053585 0.0181736277 0.0124454072 0.0269233103 0.0152005947 0.0057758768 0.0093473566 0.0319813496 0.0206924973 0.0070748406 0.0141532083 0.0159837399 0.0201032244 0.0255733898 0.0126544807 0.0101252133 0.0114693607 0.0079033252 0.0039827563 0.0179883452 0.0077985635 0.0099044888 0.015704948 0.0204284819 0.0101989991 0.0114465664 0.0286420555 0.0321796317 
33 0.0077502542 0.0137465534 0.0134855212 0.0128569469 0.0222352022 0.0169111132 0.0094968763 0.0206731764 0.0183798352 0.008336027 0.0214223377 0.0116519887 0.0073739231 0.0203207033 0.0138030889 0.0167423599 0.0179683014 0.019907116 0.0135741914 0.0182925097 0.0166257379 0.0064331624 0.0110548869 0.0138209711 0.0088437146 0.0095030658 0.0221932319 0.0191236518 0.0164865469 0.0215639103 0.0255999619 0.0112010356 0.0173740886 0.0104627829 0.0171259513 0.0208919473 0.010343389 0.0093510496 0.0175813702 0.0267934908 0.0203134251 0.0162874291 0.0214631984 0.0156575589 0.0084739906 0.0122364117 0.0214669784 0.0119316357 0.0162755837 0.0159988195 0.0179998934 0.0188929733 0.0097781404 0.0170495491 0.0077050368 0.016057546 0.0232528108 0.014592984 0.0126933762 0.0079538965 0.0186944849 0.0105915269 0.0204184531 0.0269123247 
34 0.0219284742 0.0155092474 0.0081635565 0.0118458052 0.0130517908 0.0152388051 0.0108767931 0.0254135905 0.0097867641 0.0210497739 0.018978561 0.018713849 0.02048906 0.018474243 0.0143789454 0.010979757 0.0159856585 0.0195721369 0.0174415924 0.0188279646 0.0148010678 0.0220760518 0.0155581246 0.0204822306 0.0081945217 0.0199953009 0.0156123489 0.0217399216 0.0304889824 0.00901698 0.0155233425 0.0051544783 0.0104627829 0.0086065947 0.0151240265 0.0172770859 0.017305054 0.01603487 0.018252293 0.0151839302 0.0135027465 0.0153291165 0.0167287947 0.011616988 0.0061821381 0.0126020485 0.0130681881 0.0111760021 0.0076786269 0.0159510696 0.0105326373 0.0132918403 0.0186154615 0.0241615165 0.0031871126 0.0107424037 0.0140659038 0.0221177446 0.0341398799 0.027207402 0.0178561639 0.011648081 0.0139550457 0.0110467311 
35 0.0065951184 0.0207010193 0.0202545837 0.0103495676 0.0150972657 0.0070142751 0.0112783786 0.0081882778 0.0161277036 0.0129502103 0.0151541339 0.0264495666 0.0229291868 0.0155251743 0.0145609773 0.0135976311 0.0269448361 0.0274422 0.0112033418 0.0131699285 0.022415364 0.0186276991 0.0094243699 0.0106767639 0.0150195094 0.021683948 0.0272240245 0.011475031 0.0111839175 0.0126771185 0.0186684274 0.0255502269 0.0171259513 0.0151240265 0.032631835 0.0155099124 0.0231568001 0.0114321823 0.0170649451 0.0059961725 0.0194322094 0.0088745543 0.0174727707 0.0203486361 0.0155643158 0.0120018958 0.0035706459 0.0090870611 0.018313057 0.0140125198 0.0110330273 0.0087608744 0.0204938809 0.018465309 0.0079698606 0.0155437388 0.0030980649 0.0150845139 0.0269660786 0.018262552 0.0191107365 0.0152674706 0.0114736574 0.0115909672 
36 0.0184107543 0.0139821927 0.005818813 0.0097117108 0.0167498289 0.0202582868 0.0212456407 0.0180183918 0.0173368043 0.011657429 0.0169722663 0.0076559208 0.0166243784 0.0103344217 0.0143626779 0.0214382847 0.0153887306 0.0203500526 0.0040491435 0.0083400771 0.0171187217 0.009868854 0.0140184751 0.0166760324 0.0243917267 0.019279895 0.0187011964 0.0126872314 0.019066899 0.0159218311 0.0183645784 0.0117232619 0.0208919473 0.0172770859 0.0155099124 0.0093318849 0.0179464003 0.026322115 0.0172315928 0.0243174726 0.0211664931 0.0145407469 0.0213595019 0.0116365977 0.0161534381 0.0245516278 0.0102760576 0.0143158867 0.003759397 0.0168224369 0.0102714686 0.0092345815 0.0342739957 0.0154925015 0.018412436 0.0092559232 0.0190047357 0.0047225814 0.0182932971 0.0089225467 0.0085417283 0.0229550022 0.0195262823 0.0111578156 
37 0.0099903238 0.0113570694 0.0227885955 0.0112974801 0.0148700352 0.0176762724 0.0186102097 0.0187800599 0.0173707238 0.0130148953 0.0030939982 0.0160033256 0.0126244457 0.0310883634 0.0099591581 0.0202477184 0.0188248763 0.0085563117 0.0130598993 0.0090422751 0.0078424007 0.0125999683 0.0140957829 0.0224079029 0.0103347034 0.020830902 0.0189102457 0.0058162809 0.02104175 0.025876257 0.0124067226 0.011053585 0.010343389 0.017305054 0.0231568001 0.0179464003 0.0057959378 0.0147210061 0.0106757568 0.0144980672 0.0167273712 0.0263564724 0.0115405822 0.0139230904 0.0154126843 0.0224758929 0.0161327471 0.0105263204 0.0181224671 0.0122945648 0.0250364492 0.0074717219 0.0126516262 0.0203232388 0.0104089618 0.0130608599 0.0165370687 0.0173934921 0.0257023874 0.0124763306 0.0152851686 0.0225682798 0.0168054438 0.0248518285 
38 0.0217903366 0.0273147041 0.0168667587 0.020828268 0.0218759606 0.0157990086 0.0112158732 0.0043911785 0.0165443481 0.0095137341 0.0080349452 0.0181292916 0.0123163792 0.0210267988 0.0179200798 0.0155198653 0.0114484592 0.0073602017 0.007184837 0.0214690832 0.0157195429 0.0104352482 0.020052208 0.0163231426 0.0202403305 0.0240301458 0.0167101984 0.0216543569 0.0159574008 0.0172378643 0.0137129827 0.0181736277 0.0093510496 0.01603487 0.0114321823 0.026322115 0.0147210061 0.0289325153 0.0211058876 0.0139869584 0.0069740265 0.0082709236 0.0062657602 0.0111985334 0.0289149366 0.0109285037 0.005830114 0.0028863397 0.0211849181 0.0217746911 0.0187259733 0.0150457736 0.018614808 0.0155180987 0.0127225927 0.0226955124 0.0186633203 0.0128859912 0.0120736586 0.0131953076 0.0175371639 0.0103945356 0.0145028672 0.0145119052 
39 0.0143901852 0.0103372871 0.0141159788 0.0136907543 0.019100216 0.0051023465 0.0149733117 0.0133229521 0.0054129312 0.0113702312 0.0115914211 0.0204159166 0.0125898156 0.0167873235 0.0151813518 0.0076662612 0.0352187472 0.0125406266 0.0247651462 0.0115624035 0.0239041534 0.0150823488 0.0174850486 0.0080233948 0.0159598301 0.0130605528 0.0105335097 0.0043522695 0.019776276 0.01645409 0.006628334 0.0124454072 0.0175813702 0.018252293 0.0170649451 0.0172315928 0.0106757568 0.0211058876 0.0174460145 0.0348439851 0.0241275534 0.0149025532 0.0313034218 0.0136393782 0.0073717367 0.0146244734 0.0229204572 0.0188871285 0.0065482038 0.0142384121 0.0168597281 0.0223435194 0.0070561839 0.0163226603 0.0161500712 0.0087199944 0.0231019944 0.0028184835 0.021405903 0.0050706413 0.0191150007 0.0202346994 0.025971108 0.0182244265 
40 0.0283217027 0.0103504865 0.0124194605 0.0127535727 0.0236585655 0.0159818727 0.0106652619 0.0100909232 0.0168296963 0.0067065283 0.0256310854 0.0168327032 0.0318112487 0.0124952806 0.0258116264 0.0075972064 0.0081793375 0.009400084 0.0184393537 0.0158887191 0.0142014698 0.0093084115 0.0092831252 0.0084081682 0.0188241768 0.0147746787 0.0036114949 0.0197429642 0.0156756239 0.0233992848 0.0053887442 0.0269233103 0.0267934908 0.0151839302 0.0059961725 0.0243174726 0.0144980672 0.0139869584 0.0348439851 0.0145322055 0.0069131936 0.0177871278 0.0124696214 0.0277698915 0.0103759155 0.0111088511 0.0135369371 0.0189338221 0.0097679864 0.0055616497 0.0153626143 0.0152622235 0.0292233993 0.0095573851 0.0143000199 0.0166856308 0.0120733106 0.0142301785 0.0150100817 0.0151339686 0.0182500105 0.021028397 0.0116085167 0.0184908173 
41 0.0148973603 0.009618952 0.0071022745 0.0260960562 0.01030853 0.0219003239 0.0148066362 0.0306647607 0.0076840431 0.0154329408 0.0182014627 0.0268784271 0.011098088 0.0103020096 0.0238922801 0.0262919873 0.010685965 0.0203594154 0.0155216095 0.0174655279 0.0276886981 0.021716806 0.0121451343 0.0134598203 0.0217239981 0.0158518778 0.0077129411 0.0179178737 0.0075212777 0.0078255457 0.0151510794 0.0152005947 0.0203134251 0.0135027465 0.0194322094 0.0211664931 0.0167273712 0.0069740265 0.0241275534 0.0069131936 0.018885927 0.0107680964 0.0095750927 0.0106317067 0.0155294728 0.0075225575 0.0127594831 0.0151734764 0.0118304064 0.0075915613 0.0250158716 0.0117363174 0.006340625 0.0156585254 0.0122144653 0.0187107832 0.0237299603 0.0114872491 0.0135124261 0.0115281157 0.024206355 0.0208946744 0.016429018 0.0159865173 
42 0.0176638236 0.0137610321 0.0088144265 0.0221107737 0.0144726823 0.0192876912 0.0140912085 0.0094693472 0.0148853315 0.0088276716 0.0131118942 0.0233427055 0.0105780702 0.0188008948 0.0161820874 0.0170587031 0.0246409277 0.0173135113 0.0048068812 0.0138565331 0.0132731759 0.013025792 0.0212740402 0.0303749985 0.0139118282 0.015431691 0.027066409 0.0165915282 0.0159372051 0.0194208779 0.0103991981 0.0057758768 0.0162874291 0.0153291165 0.0088745543 0.0145407469 0.0263564724 0.0082709236 0.0149025532 0.0177871278 0.0107680964 0.016051677 0.01329057 0.0121459114 0.0183828315 0.0162610633 0.0085890369 0.0059815372 0.0173546969 0.0152920934 0.0290673633 0.0090364168 0.0025298396 0.0206798621 0.0063166763 0.0182674876 0.0138909122 0.0209004278 0.0051491538 0.0103579418 0.0261688755 0.0284563703 0.0188186747 0.0283347426 
43 0.023641972 0.0104610673 0.0140569273 0.0176515042 0.0193807429 0.0103564614 0.0076259817 0.0141300166 0.0143476067 0.0087429252 0.0085238046 0.0165722455 0.0203734916 0.0093463403 0.0190602796 0.0085382638 0.0125612603 0.0294110311 0.0126356697 0.006141993 0.0165669753 0.0293876365 0.0301231905 0.014572946 0.0083203519 0.0187398985 0.0201240284 0.0019591671 0.0170122725 0.0173628341 0.010947697 0.0093473566 0.0214631984 0.0167287947 0.0174727707 0.0213595019 0.0115405822 0.0062657602 0.0313034218 0.0124696214 0.0095750927 0.01329057 0.0142636237 0.0164194154 0.0194514447 0.0179337297 0.0193890509 0.0149007793 0.0077631217 0.0189108245 0.0206025411 0.0129558225 0.0206217145 0.0168843096 0.024949308 0.0142024504 0.0260877336 0.0235481667 0.0123793826 0.0103600333 0.0094067481 0.0135965811 0.0062854707 0.0195944946 
44 0.0283515991 0.0176790087 0.0012572066 0.0202050761 0.0294367844 0.0194997489 0.0135124046 0.0180759044 0.013083545 0.0213787532 0.0182473882 0.0100730778 0.0169205589 0.0143919571 0.0102083747 0.0167097204 0.0172357541 0.0169279662 0.0146103166 0.0155749349 0.0133787552 0.0280581885 0.0068084392 0.0069983885 0.0233073331 0.0140980786 0.006003065 0.0200073825 0.0141441085 0.0124714668 0.0173923216 0.0319813496 0.0156575589 0.011616988 0.0203486361 0.0116365977 0.0139230904 0.0111985334 0.0136393782 0.0277698915 0.0106317067 0.0121459114 0.0164194154 0.0182920128 0.0149725283 0.0125333739 0.0097394957 0.0192300538 0.0175121231 0.003832392 0.0123114323 0.0112492484 0.0159540383 0.0113777798 0.0354211161 0.0116740586 0.0214469906 0.018810027 0.0078467903 0.0110024948 0.0073084561 0.0191159005 0.0155822837 0.0117707394 
45 0.0173971086 0.0068232439 0.0116291022 0.0148015444 0.0149389827 0.023750582 0.0121492826 0.0089179786 0.0239731364 0.0266793426 0.0229089399 0.0200046984 0.0240556803 0.0119245828 0.0116943935 0.0235924337 0.0156223268 0.0088406512 0.0040487496 0.0207702351 0.0042443472 0.0101475384 0.0095464336 0.0183114218 0.0152567296 0.0199014349 0.0061812644 0.0211712277 0.0139214363 0.017687199 0.0262457536 0.0206924973 0.0084739906 0.0061821381 0.0155643158 0.0161534381 0.0154126843 0.0289149366 0.0073717367 0.0103759155 0.0155294728 0.0183828315 0.0194514447 0.0149725283 0.0116969756 0.0080109985 0.0123968233 0.0133075042 0.0279331825 0.0183057052 0.0167406701 0.0058843464 0.025217145 0.0108926024 0.0197328897 0.0125082799 0.0205779796 0.0230598269 0.0155747626 0.0106075056 0.0134552089 0.0154829005 0.0148736553 0.0191253258 
46 0.0198054478 0.011867581 0.0125843271 0.0109092767 0.0095887358 0.0164030153 0.0234988573 0.0197533439 0.0217363048 0.0152363301 0.0080625013 0.0225141455 0.0167247026 0.0161099338 0.0191377763 0.0043929744 0.022007183 0.0093046264 0.0307699827 0.0132313801 0.0133858949 0.0231883329 0.0190156601 0.0053079541 0.0147844508 0.0181156698 0.013032823 0.0312236828 0.0141281554 0.0045719646 0.0296236923 0.0070748406 0.0122364117 0.0126020485 0.0120018958 0.0245516278 0.0224758929 0.0109285037 0.0146244734 0.0111088511 0.0075225575 0.0162610633 0.0179337297 0.0125333739 0.0080109985 0.0123289592 0.012892256 0.0203834991 0.0120214988 0.0175985901 0.0133707306 0.0228171375 0.0123723525 0.0059710472 0.0230600216 0.0175008649 0.0224820599 0.0173911168 0.0151948234 0.0065668269 0.0139264714 0.0225534891 0.0208148738 0.010870406 
47 0.0117467374 0.0201804254 0.0126928365 0.0259571492 0.0146398331 0.0079353301 0.0306703895 0.0294770909 0.0174046193 0.0094182487 0.0207617364 0.0238203616 0.0139732704 0.0219629173 0.0248843273 0.0078270393 0.0119057052 0.0151831496 0.015990618 0.0112526698 0.0237128611 0.0220330472 0.0069808209 0.0082019977 0.023114163 0.0052809837 0.0061901265 0.0084522483 0.0086861364 0.0244055832 0.0206807802 0.0141532083 0.0214669784 0.0130681881 0.0035706459 0.0102760576 0.0161327471 0.005830114 0.0229204572 0.0135369371 0.0127594831 0.0085890369 0.0193890509 0.0097394957 0.0123968233 0.012892256 0.0094178316 0.0077961244 0.0212785384 0.0081266592 0.0204749001 0.0182484391 0.0155643614 0.0196471652 0.0265914637 0.0199312156 0.0106703688 0.0293034389 0.0068671381 0.0115262033 0.0172462501 0.0190380506 0.0267543174 0.0093728516 
48 0.0269247567 0.0206072807 0.004382456 0.0142921659 0.013103459 0.0175516429 0.0069716391 0.0149214314 0.0081006059 0.0191513206 0.0304419263 0.011414793 0.0138937931 0.0096156971 0.0207001005 0.0161563161 0.017744779 0.0126704707 0.0197578473 0.0151094858 0.0281101087 0.0226942584 0.0168349713 0.0102368701 0.0120737864 0.0211513857 0.0136420274 0.02312517 0.0221699152 0.0175492852 0.0064731219 0.0159837399 0.0119316357 0.0111760021 0.0090870611 0.0143158867 0.0105263204 0.0028863397 0.0188871285 0.0189338221 0.0151734764 0.0059815372 0.0149007793 0.0192300538 0.0133075042 0.0203834991 0.0077961244 0.020802307 0.0214079744 0.0219093176 0.0138579982 0.0134779677 0.0163392802 0.0157115751 0.0207389296 0.0135762736 0.0277750446 0.0204866953 0.0110388318 0.0206453378 0.0135668072 0.0151056124 0.0096987561 0.0057875138 
