32
1 0.0416063902 0.0215392366 0.0262700796 0.0324801177 0.0469416401 0.0534155227 0.0106924819 0.0139703757 0.0434048148 0.0233750117 0.0347883405 0.0334691957 0.0224805706 0.0206649664 0.0456971682 0.0142017059 0.0414943736 0.020234471 0.0390691489 0.0228518767 0.0294183821 0.0437918457 0.0349235072 0.0472924925 0.045286777 0.0296435146 0.0318868968 0.0442165361 0.029925646 0.0253969061 0.0051010571 0.0244689504 
2 0.0215392366 0.0718979591 0.0334938794 0.0539960661 0.0187864801 0.0314603642 0.0207934374 0.0182857033 0.0378029907 0.0187270411 0.0184467976 0.0286348769 0.057575118 0.0416390838 0.0326278889 0.0546155596 0.0260267262 0.0290449583 0.0448517812 0.0345059445 0.0216929834 0.0293852859 0.0282222999 0.0340808509 0.011784721 0.0312409282 0.0230982344 0.0201780529 0.0293226398 0.0122421766 0.0359386454 0.0280612886 
3 0.0262700796 0.0334938794 0.0606796929 0.0448562305 0.0297975005 0.0395096026 0.0266379895 0.0234186033 0.0239829553 0.0307359073 0.0387094914 0.0484471679 0.0206809052 0.02642594 0.0061675294 0.0282188894 0.0202365478 0.0131404927 0.0326611179 0.0332712901 0.0394330883 0.0484335983 0.0349834388 0.0170458295 0.0469849817 0.0209688601 0.0611365282 0.0109653383 0.0436823409 0.0288245571 0.0348349785 0.0053646474 
4 0.0324801177 0.0539960661 0.0448562305 0.0 0.0455079679 0.0157143138 0.0177782 0.036129277 0.0195953686 0.0109559016 0.0114593588 0.0361493935 0.0187861649 0.0157158372 0.0235557285 0.0388281472 0.0279081626 0.0504486503 0.0352967314 0.0302374297 0.0307503219 0.0445162574 0.0248204269 0.0686058342 0.0199417872 0.0486657144 0.0465163834 0.0236028226 0.0128566679 0.0380310562 0.0257097815 0.0505838993 
5 0.0469416401 0.0187864801 0.0297975005 0.0455079679 0.026724717 0.0304724468 0.0604755484 0.0434116883 0.0199097429 0.0211714804 0.0417225819 0.0187507447 0.0183268151 0.0662902377 0.0297864396 0.0545278694 0.0193266298 0.0123141032 0.0128633646 0.0133648008 0.0243323926 0.0275405733 0.0693896588 0.0278940551 0.0152775763 0.0283181327 0.0251707844 0.0176712086 0.0182751022 0.0393308482 0.0373238828 0.0390029861 
6 0.0534155227 0.0314603642 0.0395096026 0.0157143138 0.0304724468 0.024649847 0.0291126531 0.0363524029 0.0234600879 0.034859223 0.0103024231 0.025516335 0.0288593539 0.0248049696 0.0366981843 0.0319313383 0.0220416853 0.0381012494 0.0106948343 0.0273114166 0.037026903 0.0398900281 0.0160213471 0.0346718432 0.0378208893 0.0169344942 0.0309946704 0.0361759081 0.037623605 0.047512463 0.0449769994 0.0450825952 
7 0.0106924819 0.0207934374 0.0266379895 0.0177782 0.0604755484 0.0291126531 0.0336877925 0.0152544884 0.0216746907 0.0414256154 0.0155375231 0.0256424896 0.028224443 0.0602351529 0.0325118642 0.0516920614 0.0387715038 0.0195528908 0.0312580653 0.0052935857 0.0188384197 0.0294475109 0.0340045568 0.0145927952 0.0475116264 0.04442663 0.063013545 0.0168344114 0.0468190206 0.0354390812 0.0069316686 0.0558882568 
8 0.0139703757 0.0182857033 0.0234186033 0.036129277 0.0434116883 0.0363524029 0.0152544884 0.0209235505 0.0236516543 0.0319544251 0.0382373083 0.0384538202 0.0306687751 0.0575421435 0.0228604631 0.0227974366 0.0421377609 0.0269308049 0.0131214457 0.0513363244 0.0475755466 0.0325279464 0.0315157348 0.0508423889 0.0313837205 0.0307858002 0.0267629378 0.0132819004 0.0302531817 0.0275243286 0.0455651178 0.0245429449 
9 0.0434048148 0.0378029907 0.0239829553 0.0195953686 0.0199097429 0.0234600879 0.0216746907 0.0236516543 0.0319034391 0.0113687407 0.051147879 0.0270168218 0.0676818201 0.0445033565 0.0330273893 0.023884694 0.0394447184 0.039139324 0.0380940269 0.0616559435 0.0287166434 0.0130082051 0.0217303883 0.0464635141 0.0236611446 0.0357203808 0.0321654781 0.0140586317 0.0303353619 0.0341280596 0.0240687441 0.0135929897 
10 0.0233750117 0.0187270411 0.0307359073 0.0109559016 0.0211714804 0.034859223 0.0414256154 0.0319544251 0.0113687407 0.021120528 0.0502477768 0.0585417787 0.0300230858 0.0236018066 0.0119727815 0.0308310565 0.0363752318 0.0265103497 0.027316159 0.0215445859 0.0535651226 0.0080282565 0.0297099795 0.0269084315 0.0463980435 0.035882265 0.0514773869 0.0480851056 0.0464209448 0.0165206748 0.0472867002 0.0270586027 
11 0.0347883405 0.0184467976 0.0387094914 0.0114593588 0.0417225819 0.0103024231 0.0155375231 0.0382373083 0.051147879 0.0502477768 0.0224398528 0.0034823376 0.0351704837 0.0146456869 0.022884067 0.0272152753 0.0460252359 0.0497846516 0.0448211523 0.0553738914 0.0298685027 0.0247417036 0.0401109519 0.0509137571 0.0342745067 0.0110522082 0.0101881993 0.0181856017 0.0230685166 0.0393004222 0.0412636254 0.0445898898 
12 0.0334691957 0.0286348769 0.0484471679 0.0361493935 0.0187507447 0.025516335 0.0256424896 0.0384538202 0.0270168218 0.0585417787 0.0034823376 0.0211094535 0.0268758237 0.0153279719 0.0450784998 0.0220678296 0.0264802713 0.0265288293 0.0188469496 0.0078259881 0.0132543683 0.0486941075 0.0718705133 0.0248430235 0.049145184 0.0253595731 0.0180007664 0.0544724211 0.0211821597 0.0664389203 0.0282203272 0.0242720571 
13 0.0224805706 0.057575118 0.0206809052 0.0187861649 0.0183268151 0.0288593539 0.028224443 0.0306687751 0.0676818201 0.0300230858 0.0351704837 0.0268758237 0.0129925409 0.0447327823 0.020770293 0.0209917274 0.0153600334 0.0323142037 0.0504531329 0.0194851218 0.0251919485 0.0396902933 0.0293777682 0.0356201487 0.0166725846 0.0550788715 0.0307438796 0.027651429 0.0213192076 0.0477402408 0.0460101251 0.0224503086 
14 0.0206649664 0.0416390838 0.02642594 0.0157158372 0.0662902377 0.0248049696 0.0602351529 0.0575421435 0.0445033565 0.0236018066 0.0146456869 0.0153279719 0.0447327823 0.0200425103 0.0215463897 0.027205915 0.0275067621 0.0164137752 0.0247145182 0.032018718 0.0237571807 0.0259507156 0.0269834792 0.0269150998 0.0261550574 0.0468710336 0.0538616838 0.030683123 0.0378869802 0.0367834058 0.0304237614 0.0081499557 
15 0.0456971682 0.0326278889 0.0061675294 0.0235557285 0.0297864396 0.0366981843 0.0325118642 0.0228604631 0.0330273893 0.0119727815 0.022884067 0.0450784998 0.020770293 0.0215463897 0.0012470496 0.0282099807 0.0222166026 0.0452569872 0.0529854619 0.0344569134 0.00568206 0.0453651209 0.0316743616 0.0324532121 0.0520779817 0.007648499 0.0311188194 0.0299518025 0.0495410334 0.0404080312 0.0501048569 0.0544165395 
16 0.0142017059 0.0546155596 0.0282188894 0.0388281472 0.0545278694 0.0319313383 0.0516920614 0.0227974366 0.023884694 0.0308310565 0.0272152753 0.0220678296 0.0209917274 0.027205915 0.0282099807 0.0 0.0305635469 0.0706505493 0.0435860073 0.0399470542 0.0396369328 0.0362844559 0.0201266001 0.0210367567 0.0179466973 0.0070584625 0.0523478854 0.0300850771 0.0374261822 0.0416436934 0.0219764798 0.0124641327 
17 0.0414943736 0.0260267262 0.0202365478 0.0279081626 0.0193266298 0.0220416853 0.0387715038 0.0421377609 0.0394447184 0.0363752318 0.0460252359 0.0264802713 0.0153600334 0.0275067621 0.0222166026 0.0305635469 0.0315092361 0.0162731541 0.0333133521 0.0380402274 0.0610353804 0.031276299 0.0360511698 0.0220890423 0.0342691193 0.0458883456 0.0119053011 0.0454046964 0.0310155059 0.0177056657 0.0164710876 0.0458366248 
18 0.020234471 0.0290449583 0.0131404927 0.0504486503 0.0123141032 0.0381012494 0.0195528908 0.0269308049 0.039139324 0.0265103497 0.0497846516 0.0265288293 0.0323142037 0.0164137752 0.0452569872 0.0706505493 0.0162731541 0.0657407129 0.0255198498 0.0265160531 0.0405017328 0.0205285093 0.0327151474 0.0315293332 0.0234513551 0.0125017131 0.030441373 0.0331333646 0.0375608453 0.0245876048 0.0166298082 0.0460031527 
19 0.0390691489 0.0448517812 0.0326611179 0.0352967314 0.0128633646 0.0106948343 0.0312580653 0.0131214457 0.0380940269 0.027316159 0.0448211523 0.0188469496 0.0504531329 0.0247145182 0.0529854619 0.0435860073 0.0333133521 0.0255198498 0.0412875057 0.0528247927 0.0261426473 0.0460734714 0.0188392671 0.0548937702 0.0366034151 0.0192277926 0.0197440866 0.0247804461 0.0135805776 0.0255651553 0.015428357 0.0255416158 
20 0.0228518767 0.0345059445 0.0332712901 0.0302374297 0.0133648008 0.0273114166 0.0052935857 0.0513363244 0.0616559435 0.0215445859 0.0553738914 0.0078259881 0.0194851218 0.032018718 0.0344569134 0.0399470542 0.0380402274 0.0265160531 0.0528247927 0.0441389311 0.0370548875 0.0106849492 0.0331939427 0.0397035158 0.034172555 0.0404212501 0.016552799 0.0269506018 0.0213331809 0.0120974158 0.0401569877 0.0356770254 
21 0.0294183821 0.0216929834 0.0394330883 0.0307503219 0.0243323926 0.037026903 0.0188384197 0.0475755466 0.0287166434 0.0535651226 0.0298685027 0.0132543683 0.0251919485 0.0237571807 0.00568206 0.0396369328 0.0610353804 0.0405017328 0.0261426473 0.0370548875 0.0326777987 0.0165094119 0.0344091696 0.0064401357 0.0218205116 0.0245573677 0.0359578825 0.0414136286 0.0400142767 0.060370056 0.0144262151 0.0379281012 
22 0.0437918457 0.0293852859 0.0484335983 0.0445162574 0.0275405733 0.0398900281 0.0294475109 0.0325279464 0.0130082051 0.0080282565 0.0247417036 0.0486941075 0.0396902933 0.0259507156 0.0453651209 0.0362844559 0.031276299 0.0205285093 0.0460734714 0.0106849492 0.0165094119 0.0 0.0183830478 0.008700454 0.036158943 0.0687418286 0.0313827299 0.0406795454 0.0312103873 0.016272559 0.0668511542 0.0192508058 
23 0.0349235072 0.0282222999 0.0349834388 0.0248204269 0.0693896588 0.0160213471 0.0340045568 0.0315157348 0.0217303883 0.0297099795 0.0401109519 0.0718705133 0.0293777682 0.0269834792 0.0316743616 0.0201266001 0.0360511698 0.0327151474 0.0188392671 0.0331939427 0.0344091696 0.0183830478 0.0137045657 0.0404915743 0.0296007188 0.0364865516 0.0476597979 0.0424008595 0.0091919776 0.0183821925 0.0280609558 0.0149640491 
24 0.0472924925 0.0340808509 0.0170458295 0.0686058342 0.0278940551 0.0346718432 0.0145927952 0.0508423889 0.0464635141 0.0269084315 0.0509137571 0.0248430235 0.0356201487 0.0269150998 0.0324532121 0.0210367567 0.0220890423 0.0315293332 0.0548937702 0.0397035158 0.0064401357 0.008700454 0.0404915743 0.0199730877 0.0206817879 0.0186893733 0.0283066733 0.0414491138 0.0392022613 0.0204586658 0.0296544737 0.0175567045 
25 0.045286777 0.011784721 0.0469849817 0.0199417872 0.0152775763 0.0378208893 0.0475116264 0.0313837205 0.0236611446 0.0463980435 0.0342745067 0.049145184 0.0166725846 0.0261550574 0.0520779817 0.0179466973 0.0342691193 0.0234513551 0.0366034151 0.034172555 0.0218205116 0.036158943 0.0296007188 0.0206817879 0.0404946513 0.0457855962 0.0203481883 0.0173406952 0.0475108783 0.0231348953 0.009049437 0.0372539734 
26 0.0296435146 0.0312409282 0.0209688601 0.0486657144 0.0283181327 0.0169344942 0.04442663 0.0307858002 0.0357203808 0.035882265 0.0110522082 0.0253595731 0.0550788715 0.0468710336 0.007648499 0.0070584625 0.0458883456 0.0125017131 0.0192277926 0.0404212501 0.0245573677 0.0687418286 0.0364865516 0.0186893733 0.0457855962 0.0524250302 0.0364045025 0.0329866074 0.0307348553 0.0241270667 0.0144098436 0.0209569072 
27 0.0318868968 0.0230982344 0.0611365282 0.0465163834 0.0251707844 0.0309946704 0.063013545 0.0267629378 0.0321654781 0.0514773869 0.0101881993 0.0180007664 0.0307438796 0.0538616838 0.0311188194 0.0523478854 0.0119053011 0.030441373 0.0197440866 0.016552799 0.0359578825 0.0313827299 0.0476597979 0.0283066733 0.0203481883 0.0364045025 0.0014021321 0.0271869998 0.0201846326 0.0272844914 0.0375017355 0.0192525953 
28 0.0442165361 0.0201780529 0.0109653383 0.0236028226 0.0176712086 0.0361759081 0.0168344114 0.0132819004 0.0140586317 0.0480851056 0.0181856017 0.0544724211 0.027651429 0.030683123 0.0299518025 0.0300850771 0.0454046964 0.0331333646 0.0247804461 0.0269506018 0.0414136286 0.0406795454 0.0424008595 0.0414491138 0.0173406952 0.0329866074 0.0271869998 0.0443011002 0.0620527274 0.0192335974 0.0375688812 0.0270177652 
29 0.029925646 0.0293226398 0.0436823409 0.0128566679 0.0182751022 0.037623605 0.0468190206 0.0302531817 0.0303353619 0.0464209448 0.0230685166 0.0211821597 0.0213192076 0.0378869802 0.0495410334 0.0374261822 0.0310155059 0.0375608453 0.0135805776 0.0213331809 0.0400142767 0.0312103873 0.0091919776 0.0392022613 0.0475108783 0.0307348553 0.0201846326 0.0620527274 0.0416798639 0.0210328451 0.0138583136 0.0238982808 
30 0.0253969061 0.0122421766 0.0288245571 0.0380310562 0.0393308482 0.047512463 0.0354390812 0.0275243286 0.0341280596 0.0165206748 0.0393004222 0.0664389203 0.0477402408 0.0367834058 0.0404080312 0.0416436934 0.0177056657 0.0245876048 0.0255651553 0.0120974158 0.060370056 0.016272559 0.0183821925 0.0204586658 0.0231348953 0.0241270667 0.0272844914 0.0192335974 0.0210328451 0.0255860578 0.0421464847 0.0447503814 
31 0.0051010571 0.0359386454 0.0348349785 0.0257097815 0.0373238828 0.0449769994 0.0069316686 0.0455651178 0.0240687441 0.0472867002 0.0412636254 0.0282203272 0.0460101251 0.0304237614 0.0501048569 0.0219764798 0.0164710876 0.0166298082 0.015428357 0.0401569877 0.0144262151 0.0668511542 0.0280609558 0.0296544737 0.009049437 0.0144098436 0.0375017355 0.0375688812 0.0138583136 0.0421464847 0.0156492021 0.0764003117 
32 0.0244689504 0.0280612886 0.0053646474 0.0505838993 0.0390029861 0.0450825952 0.0558882568 0.0245429449 0.0135929897 0.0270586027 0.0445898898 0.0242720571 0.0224503086 0.0081499557 0.0544165395 0.0124641327 0.0458366248 0.0460031527 0.0255416158 0.0356770254 0.0379281012 0.0192508058 0.0149640491 0.0175567045 0.0372539734 0.0209569072 0.0192525953 0.0270177652 0.0238982808 0.0447503814 0.0764003117 0.0277216612 
