100
1 0.0000000000000000000 0.12118466000000000 0.13711461999999999 0.15847280999999999 0.19759162000000000 0.20142510000000000 0.25521146000000000 0.19985314000000001 0.22137211000000001 0.21453432000000000 0.21921181000000001 0.23335950999999999 0.11114335000000000 0.10942813999999999 0.14762757000000001 0.16959038000000001 0.19555699000000001 0.16959038000000001 0.17501341000000001 0.20518785000000000 0.28589598999999999 0.34300466000000002 0.29595211999999999 0.32032592999999998 0.37193150000000003 0.43904968999999999 0.40317704999999998 0.37834701999999998 0.41981742000000000 0.38886635000000003 0.35935496000000000 0.42240320999999997 0.35477344999999999 0.38086019999999998 0.36244258000000001 0.42675225999999999 0.41114761000000000 0.41686422000000001 0.42782761000000002 0.43798116999999998 0.35263348999999999 0.36425364999999998 0.37362659999999998 0.34300466000000002 0.37615362000000002 0.39870074000000000 0.34778114999999998 0.40549792000000001 0.40621592000000001 0.43742430999999998 0.44532664000000000 0.43885739000000001 0.39256972000000001 0.43286879000000000 0.41627472999999998 0.41850293999999999 0.41874813000000000 0.41556158999999998 0.40127919000000001 0.41556158999999998 0.40733540000000001 0.42302136000000001 0.36751246999999998 0.46462425000000002 0.43425010000000003 0.43249725999999999 0.42690802999999999 0.39912771000000002 0.40189323999999998 0.44890740000000001 0.43818595999999999 0.44421632000000000 0.43427615000000003 0.36737017999999999 0.39037091000000002 0.38911712999999998 0.37449248000000002 0.35320288000000000 0.40433899000000001 0.42598038999999999 0.37594354000000002 0.38110503000000001 0.36183210999999998 0.42977783000000003 0.38110503000000001 0.39411689999999999 0.38899949000000000 0.38633379000000001 0.37377447000000003 0.41626320000000000 0.37417136000000001 0.38142088000000002 0.38842022999999998 0.36652508000000000 0.38862594000000000 0.38689146000000002 0.39115842000000001 0.39060819000000002 0.36518049000000002 0.41207389999999999
2 0.12118466000000000 0.0000000000000000000 0.18815195000000001 0.17502650000000000 0.23427683999999999 0.23559040000000001 0.26697574000000002 0.20946867999999999 0.24635561000000000 0.27896524000000000 0.26247832999999998 0.25380086000000002 0.18679191000000001 0.19058010000000000 0.20821537000000001 0.23094530999999999 0.27394875000000002 0.23058103999999999 0.23076047999999999 0.25521146000000000 0.28760926999999997 0.39883426000000000 0.35525357000000002 0.37149262000000000 0.39202231999999998 0.46157529000000003 0.42724780000000001 0.43056218000000002 0.41574471000000002 0.41437607999999998 0.41492845000000000 0.43035204999999999 0.38519958999999998 0.39319307999999997 0.38997742000000002 0.45331403999999997 0.42221549000000003 0.44555715000000001 0.43585141999999999 0.45559324000000001 0.39319307999999997 0.38263397999999998 0.39370388000000001 0.36737017999999999 0.39256972000000001 0.44937039000000001 0.38777852000000002 0.40102533000000001 0.43631176999999999 0.42888515999999999 0.44211337000000001 0.45694249999999997 0.37903608999999999 0.42203699000000000 0.41971306000000003 0.42407686999999999 0.41686422000000001 0.41189692000000000 0.42104837000000001 0.40894385999999999 0.40574194000000002 0.42944215000000002 0.39319307999999997 0.46634727999999998 0.40373292000000000 0.45616699999999999 0.44397671999999999 0.41473531000000002 0.38979325999999997 0.43760030999999999 0.44274152999999999 0.45070155000000001 0.43509645000000002 0.41063252000000000 0.43348177999999998 0.40161521000000000 0.41090010999999999 0.38863799999999998 0.42552586999999997 0.39202231999999998 0.39761563999999999 0.43015126999999997 0.39702768999999999 0.42155710000000002 0.39963343000000001 0.40916571000000002 0.37339746000000001 0.39559663000000000 0.39237877999999998 0.40679346999999999 0.36798752000000001 0.37429146000000002 0.38646042000000003 0.38196057999999999 0.40488627999999999 0.41110480999999999 0.41287118000000000 0.41207389999999999 0.38819173000000001 0.40021708000000000
3 0.13711461999999999 0.18815195000000001 0.0000000000000000000 0.11065195000000000 0.20219263000000001 0.20758061000000000 0.24947367000000001 0.17320089999999999 0.20726262000000001 0.22137211000000001 0.24635561000000000 0.23851433000000000 0.13366102999999999 0.13383814999999999 0.12309371000000000 0.16447728000000000 0.19377863000000001 0.16413100000000000 0.15863772000000001 0.21620686000000000 0.26183710999999998 0.33143184999999997 0.29593873999999998 0.32689902999999998 0.33894801000000002 0.42307430000000001 0.35924488999999998 0.34541708999999998 0.36853427000000000 0.40778089000000001 0.33380812999999998 0.40880093000000001 0.33607177999999999 0.33209931999999998 0.34338067000000000 0.40854227999999998 0.38350492000000003 0.37615362000000002 0.40942666999999999 0.39639806999999999 0.32512235000000000 0.35717167999999999 0.34053119999999998 0.32472781000000001 0.33415052000000001 0.37916043999999999 0.35477344999999999 0.38341912000000000 0.40087790000000001 0.43631176999999999 0.41990262000000000 0.40753368000000001 0.38389090999999997 0.43286879000000000 0.39538190000000001 0.38914121000000002 0.38899949000000000 0.38911712999999998 0.37854121000000002 0.39779527999999997 0.37405957000000001 0.38245319000000000 0.35363812999999999 0.40925676999999999 0.40647659000000003 0.40841421999999999 0.41721968999999998 0.40925676999999999 0.38420014000000002 0.40565138000000001 0.40549792000000001 0.40606850000000000 0.41207389999999999 0.34338067000000000 0.37574183999999999 0.35890736000000001 0.37106096999999999 0.33220751999999998 0.40542920999999998 0.41826665000000002 0.35451728999999998 0.37654159999999998 0.33376265999999999 0.40080727999999999 0.37903608999999999 0.39669550999999997 0.35334021999999998 0.34649685000000002 0.34565970000000001 0.37429146000000002 0.34849634000000002 0.34804085000000001 0.36957968000000002 0.36220671999999998 0.37206186000000002 0.37266497999999998 0.37455650000000001 0.37386110000000000 0.35054151000000000 0.38705208000000002
4 0.15847280999999999 0.17502650000000000 0.11065195000000000 0.0000000000000000000 0.19081835999999999 0.19463248999999999 0.24947367000000001 0.18337211000000000 0.17707189000000001 0.22398863999999999 0.23544692000000000 0.25283592999999999 0.18140865000000000 0.17763660000000001 0.19615128000000001 0.20633504999999999 0.24278827000000000 0.21928917000000001 0.21910456000000000 0.24926893000000000 0.29274753999999997 0.37665964000000002 0.32309926000000000 0.33866349000000001 0.36285642000000001 0.46009178000000001 0.39613561000000003 0.38633379000000001 0.40042881000000002 0.41823897999999998 0.35043347000000002 0.43249725999999999 0.37234714000000002 0.35396685000000000 0.35105148000000003 0.43607689999999999 0.38673929000000001 0.40469507999999998 0.40156858000000001 0.41207389999999999 0.33468195000000001 0.39237877999999998 0.36904124999999999 0.32254670000000002 0.36710985000000002 0.37721497999999998 0.37958366999999998 0.39782393999999999 0.40242836999999998 0.41721968999999998 0.43910010999999999 0.40529484999999998 0.37871911000000003 0.40330378000000000 0.37771802999999998 0.37518508000000000 0.38739857000000000 0.38129827999999999 0.38899949000000000 0.40841421999999999 0.35514163999999998 0.41803929000000001 0.38911712999999998 0.42491289999999998 0.40909582000000000 0.41826665000000002 0.41721968999999998 0.40998983000000000 0.41019526000000001 0.41601820000000000 0.41601820000000000 0.40633155999999998 0.40714591999999999 0.37234714000000002 0.40621592000000001 0.36853427000000000 0.38911712999999998 0.35135276999999998 0.43631836000000002 0.39702768999999999 0.37473519000000000 0.37737447000000002 0.37455650000000001 0.41904659999999999 0.38130707000000003 0.41670016999999998 0.36285642000000001 0.36766281000000001 0.35525357000000002 0.38862594000000000 0.35043347000000002 0.35725757000000002 0.37455650000000001 0.35977318000000003 0.37958366999999998 0.37015759999999998 0.37958366999999998 0.37356544000000003 0.35414271000000003 0.38167390000000001
5 0.19759162000000000 0.23427683999999999 0.20219263000000001 0.19081835999999999 0.0000000000000000000 0.09794766000000001 0.12224218000000001 0.15517149000000000 0.16034818000000001 0.22660229000000001 0.24783453000000000 0.27416077999999999 0.18155310999999999 0.20581542999999999 0.22355470000000000 0.27485114999999999 0.29508580000000001 0.27452024000000003 0.26155235999999998 0.28760926999999997 0.31526921000000002 0.42601781999999999 0.37654159999999998 0.36169389000000002 0.40909582000000000 0.5018890800000000 0.45874789999999999 0.45611753999999999 0.45646843999999998 0.43657259999999998 0.39084363000000000 0.42601781999999999 0.43231721000000001 0.41437607999999998 0.43412036999999998 0.45593651000000002 0.43725797999999999 0.42928854999999999 0.42141580000000001 0.43798116999999998 0.41063252000000000 0.40774073000000000 0.43015126999999997 0.37149262000000000 0.39835340000000002 0.42944215000000002 0.39883426000000000 0.44968659000000000 0.44034974999999998 0.44569553000000001 0.44190418999999997 0.44240773000000000 0.42052585999999997 0.46081242000000000 0.45220628000000002 0.47327917000000003 0.45593651000000002 0.43377543000000002 0.43400041000000000 0.44118067999999999 0.40565138000000001 0.43268677999999999 0.41782088000000001 0.49248526999999997 0.46157529000000003 0.42170775999999999 0.44775405000000001 0.46081242000000000 0.45246051999999998 0.45741498000000003 0.47913402999999999 0.47785159999999999 0.46693032000000001 0.41761145999999999 0.44446549000000002 0.44165352000000002 0.43427615000000003 0.43778594999999998 0.43006433999999999 0.43840027999999998 0.41627472999999998 0.41363725000000001 0.39093979000000001 0.44828628999999998 0.42660597000000000 0.45070155000000001 0.42472704999999999 0.42128388000000000 0.39383285000000001 0.44256972000000000 0.38420014000000002 0.40909582000000000 0.42368810000000001 0.40071177000000002 0.40373292000000000 0.40348347000000001 0.39857607000000000 0.42128388000000000 0.40663057000000002 0.44311447999999998
6 0.20142510000000000 0.23559040000000001 0.20758061000000000 0.19463248999999999 0.09794766000000001 0.0000000000000000000 0.12537269000000001 0.16457564999999999 0.16616977999999999 0.20339663999999999 0.25350630000000002 0.26872549000000001 0.18702463999999999 0.20648166000000001 0.21198536000000001 0.26467158000000002 0.28849543999999999 0.25881784000000002 0.24966505999999999 0.26619456000000002 0.33737826999999998 0.42155710000000002 0.38196057999999999 0.35525357000000002 0.40172651999999998 0.48562158000000000 0.47377153999999999 0.42923663000000001 0.46957027000000001 0.43669004000000000 0.37633071000000001 0.44499722000000003 0.41245472999999999 0.40774073000000000 0.40647659000000003 0.46266292999999997 0.43862410000000002 0.39739435000000001 0.40925676999999999 0.42803944999999999 0.41040949999999998 0.41161192000000002 0.42897889000000000 0.35808236999999998 0.39613561000000003 0.43124828999999998 0.39155160999999999 0.44980109000000001 0.44610360999999998 0.46530183000000003 0.44678858999999999 0.45694249999999997 0.43631176999999999 0.49257848999999998 0.46297400999999999 0.46871488000000000 0.45505846000000000 0.44016483000000001 0.42221549000000003 0.45160844000000000 0.43183429000000001 0.42598038999999999 0.40646768000000000 0.46370065999999999 0.47966132000000000 0.45616699999999999 0.45070155000000001 0.43257589000000002 0.45172709999999999 0.49197043000000001 0.5104100800000000 0.48958037999999998 0.49844189999999999 0.41826665000000002 0.45616699999999999 0.43124828999999998 0.43680959000000003 0.43015126999999997 0.44969385000000001 0.45792711000000003 0.41161192000000002 0.40714591999999999 0.36751246999999998 0.46462425000000002 0.41114761000000000 0.45172709999999999 0.43078161999999998 0.43214668000000001 0.40842663000000001 0.46314975000000003 0.42393779999999998 0.42347657000000000 0.44457774999999999 0.42557502000000003 0.43097274000000002 0.42323154000000002 0.42848271999999998 0.43627985000000002 0.41904659999999999 0.43412036999999998
7 0.25521146000000000 0.26697574000000002 0.24947367000000001 0.24947367000000001 0.12224218000000001 0.12537269000000001 0.0000000000000000000 0.19069673000000001 0.20370637000000000 0.24291399999999999 0.27416077999999999 0.29486341999999999 0.23477240999999999 0.26382792999999999 0.26603958999999999 0.30987765000000000 0.32132597000000002 0.29153898000000000 0.28030164000000002 0.33258005000000002 0.33075346000000000 0.46904232000000001 0.42762503000000002 0.39981936000000001 0.45913618000000000 0.5457111800000000 0.49987531000000002 0.49606379000000000 0.48867452000000000 0.47530429000000002 0.42407686999999999 0.46157529000000003 0.46707546000000000 0.45532096000000000 0.46749249999999998 0.5186058000000000 0.49682200999999998 0.47136900999999998 0.45349720999999998 0.48958037999999998 0.43707247999999999 0.45884785000000000 0.46400245000000001 0.41556158999999998 0.43631176999999999 0.48352885000000001 0.44703621999999998 0.49598030999999998 0.45560495000000001 0.47492093000000002 0.47377153999999999 0.48053051000000002 0.44913402000000002 0.48862902000000003 0.46371457999999999 0.49900555000000002 0.49323383999999998 0.46054300999999997 0.47304857000000000 0.47816333000000000 0.45856903999999998 0.47377153999999999 0.45418925999999998 0.49848081999999999 0.5116114400000000 0.47283834000000002 0.48112443999999999 0.47848529000000001 0.47994065000000002 0.5278426899999999 0.5492431100000000 0.5500963700000000 0.5452770800000000 0.45220628000000002 0.49333990999999999 0.46634727999999998 0.46525287999999998 0.46266292999999997 0.48218586000000002 0.48974403000000000 0.44585369000000002 0.46844999999999998 0.40696526999999999 0.48091033999999999 0.45297795000000002 0.5036012600000001 0.44165352000000002 0.44848348999999998 0.44678858999999999 0.46669993999999998 0.44074600000000003 0.44515697999999998 0.47085262999999999 0.43926947999999999 0.43412036999999998 0.42393779999999998 0.44225560000000003 0.44225560000000003 0.44937039000000001 0.46530183000000003
8 0.19985314000000001 0.20946867999999999 0.17320089999999999 0.18337211000000000 0.15517149000000000 0.16457564999999999 0.19069673000000001 0.0000000000000000000 0.09704580000000000 0.24279819000000000 0.25740495000000002 0.25124416999999999 0.15887291000000001 0.19777971999999999 0.21686905000000001 0.22934113000000000 0.26589067000000000 0.23349855999999999 0.23309810000000000 0.26778487000000001 0.29016267000000001 0.42660597000000000 0.37283603999999998 0.36210088000000001 0.39427192000000000 0.5108877700000000 0.44532664000000000 0.43486601000000003 0.45906936999999998 0.44185877000000001 0.41363725000000001 0.46669993999999998 0.42380820000000002 0.41040949999999998 0.41936140999999999 0.48908805000000000 0.43952901999999999 0.43486601000000003 0.44016611000000000 0.45088682000000002 0.41990262000000000 0.40156858000000001 0.41953265000000001 0.39141188999999998 0.40619551999999998 0.44016611000000000 0.40127919000000001 0.46815572999999999 0.46138090999999998 0.46688248999999998 0.47994065000000002 0.44569553000000001 0.44243385000000002 0.47816333000000000 0.45129519000000001 0.46530183000000003 0.43862410000000002 0.44141234000000001 0.45893696000000000 0.43402116000000002 0.43760030999999999 0.47352017000000002 0.41803929000000001 0.48383748999999998 0.48615240999999998 0.43862410000000002 0.45956498000000001 0.47419544000000002 0.46795078000000001 0.48532312999999999 0.5059345700000000 0.49479750000000000 0.5182400900000000 0.45196180000000002 0.48562176000000001 0.47316256000000001 0.48218586000000002 0.44913402000000002 0.46693032000000001 0.46506576999999999 0.43427615000000003 0.42914448999999999 0.40062533000000000 0.45795643000000003 0.40574194000000002 0.48451877999999998 0.44655059000000003 0.41876890999999999 0.41864405999999998 0.45782919000000000 0.42901001999999999 0.41842258999999998 0.44731167999999999 0.44415957000000000 0.45255007000000003 0.44240773000000000 0.45809408000000001 0.44958236000000001 0.41971306000000003 0.46994361000000001
9 0.22137211000000001 0.24635561000000000 0.20726262000000001 0.17707189000000001 0.16034818000000001 0.16616977999999999 0.20370637000000000 0.09704580000000000 0.0000000000000000000 0.22908601000000001 0.25463918000000002 0.25501496000000001 0.19333822000000001 0.21921181000000001 0.23128082000000000 0.23517673000000000 0.27421400000000001 0.24753296000000000 0.24712386000000000 0.27393255999999999 0.30122985000000002 0.40417416000000000 0.36085915000000002 0.34101648000000001 0.39478853000000003 0.48870576999999998 0.44397671999999999 0.40433899000000001 0.44329879000000000 0.42660597000000000 0.38833047999999998 0.43725797999999999 0.40606850000000000 0.40573812999999997 0.40960550000000001 0.47888613000000002 0.43798116999999998 0.41803929000000001 0.43288575000000001 0.41936140999999999 0.39185684999999998 0.39720672000000001 0.39928757999999998 0.36660190999999998 0.39857607000000000 0.43015126999999997 0.39912771000000002 0.44408050999999998 0.40841421999999999 0.42155710000000002 0.43631176999999999 0.42324563999999998 0.40573812999999997 0.45160844000000000 0.43509645000000002 0.42574856000000000 0.42552586999999997 0.40264737000000000 0.42782761000000002 0.41556158999999998 0.40172651999999998 0.44527003999999998 0.40451263999999998 0.43952901999999999 0.46197986000000002 0.43101033000000000 0.44848348999999998 0.44016483000000001 0.44311447999999998 0.45331403999999997 0.46749249999999998 0.45128719000000000 0.46460792000000001 0.42455048000000001 0.46109172999999998 0.41826665000000002 0.43481382000000002 0.40960550000000001 0.47684894000000000 0.43607689999999999 0.38979325999999997 0.42186773000000000 0.38842022999999998 0.47304857000000000 0.40071177000000002 0.46525287999999998 0.42280617999999998 0.40866706000000003 0.39590839999999999 0.44174648000000000 0.40337225999999998 0.40360370000000001 0.41581061000000002 0.41798669999999999 0.42592913999999998 0.41080775000000003 0.42611621000000000 0.42611621000000000 0.38381408000000000 0.44311447999999998
10 0.21453432000000000 0.27896524000000000 0.22137211000000001 0.22398863999999999 0.22660229000000001 0.20339663999999999 0.24291399999999999 0.24279819000000000 0.22908601000000001 0.0000000000000000000 0.28278266000000002 0.27896524000000000 0.23530903000000000 0.23637461000000001 0.24119101000000001 0.29065776999999998 0.31744352999999997 0.27558645999999998 0.27763619000000000 0.29947507000000001 0.32468398999999998 0.42203699000000000 0.35872683999999999 0.35780708000000000 0.39155160999999999 0.48615240999999998 0.44515697999999998 0.43353900000000001 0.47755015000000001 0.46636627000000003 0.41852861000000002 0.43895482000000002 0.40894385999999999 0.42052585999999997 0.43680959000000003 0.45646843999999998 0.42873028000000002 0.43734464000000001 0.45717376999999998 0.49263401000000001 0.39739435000000001 0.42724780000000001 0.45036101000000001 0.37892015000000001 0.41455118000000002 0.46483989999999997 0.41953265000000001 0.46026674000000001 0.40573812999999997 0.42897889000000000 0.44331555000000000 0.43097328000000001 0.41926511999999999 0.44812250999999997 0.42450248000000002 0.42422536000000000 0.43331188999999998 0.44499237000000003 0.41556158999999998 0.43655600999999999 0.42960525999999999 0.42260012000000002 0.41071297000000001 0.47686362999999998 0.47697816999999998 0.43288575000000001 0.45824208999999999 0.45694249999999997 0.45630870000000001 0.47377153999999999 0.48562176000000001 0.48451877999999998 0.48417843999999999 0.38211646999999999 0.42052585999999997 0.37943426000000002 0.41826665000000002 0.42622133000000001 0.47085143000000002 0.45717376999999998 0.41265851999999997 0.42611621000000000 0.38689146000000002 0.47510728000000002 0.41102511000000003 0.44311447999999998 0.40062533000000000 0.41654530000000001 0.40289657000000001 0.44948845999999998 0.42141580000000001 0.40798666000000000 0.41798669999999999 0.41037965999999998 0.42085086999999999 0.41564075000000000 0.41842258999999998 0.45518449000000000 0.40091180999999998 0.42438323999999999
11 0.21921181000000001 0.26247832999999998 0.24635561000000000 0.23544692000000000 0.24783453000000000 0.25350630000000002 0.27416077999999999 0.25740495000000002 0.25463918000000002 0.28278266000000002 0.0000000000000000000 0.07750330000000000 0.22481915000000000 0.24046637000000001 0.26687456999999998 0.28302270000000002 0.31338716999999999 0.27664211000000000 0.28193722999999998 0.30961588000000001 0.30680932000000000 0.42302136000000001 0.38045456000000000 0.38673929000000001 0.41793827000000000 0.5260571100000000 0.49459428999999999 0.47164254999999999 0.49216732000000002 0.45432990000000001 0.42995984999999998 0.48406029000000000 0.44841788999999999 0.45677953999999998 0.43707247999999999 0.46462425000000002 0.43309413000000002 0.47403326000000001 0.46994361000000001 0.47670770000000001 0.44782946000000001 0.45038821000000001 0.43818595999999999 0.41225984999999998 0.42598038999999999 0.46749249999999998 0.44274152999999999 0.47261873999999998 0.49299999000000000 0.48893556999999999 0.47349682999999998 0.48142676000000001 0.46198878999999998 0.5081902300000000 0.48102372999999998 0.5050397700000000 0.47987506000000002 0.47531820000000002 0.47282842000000003 0.47531820000000002 0.47222017999999999 0.49408792000000001 0.43631176999999999 0.46580437000000002 0.49712436999999998 0.49298167999999998 0.48725601000000002 0.46871488000000000 0.45611753999999999 0.5011878800000000 0.49987531000000002 0.47994065000000002 0.5046638500000000 0.43201740000000000 0.47836308999999999 0.44204057000000002 0.46198878999999998 0.44961646000000000 0.47403326000000001 0.45456289999999999 0.46144255000000001 0.46727880999999999 0.42203699000000000 0.42155710000000002 0.42203699000000000 0.46607080000000001 0.44331555000000000 0.45108204000000002 0.45694249999999997 0.49572165000000001 0.45979448000000001 0.45128719000000000 0.48183082999999999 0.46974233999999998 0.48235481000000002 0.48235481000000002 0.48235481000000002 0.48974403000000000 0.47939243999999998 0.48908805000000000
12 0.23335950999999999 0.25380086000000002 0.23851433000000000 0.25283592999999999 0.27416077999999999 0.26872549000000001 0.29486341999999999 0.25124416999999999 0.25501496000000001 0.27896524000000000 0.07750330000000000 0.0000000000000000000 0.23153201000000001 0.25782490000000002 0.26765003999999998 0.28579995000000002 0.31629355999999997 0.28630696999999999 0.28711305999999998 0.32044268999999997 0.29145641999999999 0.43631176999999999 0.39079779999999997 0.37470136999999998 0.42847363999999999 0.5454261300000000 0.5076120300000000 0.48560165999999999 0.5076391900000000 0.48721353000000001 0.45410679999999998 0.48951442000000001 0.46002845999999997 0.48063075000000000 0.45847923000000002 0.48750919999999998 0.44703621999999998 0.49438416000000002 0.48998455000000002 0.5119399500000000 0.45825022999999998 0.45111991000000001 0.45387706999999999 0.40733540000000001 0.44783663000000001 0.49408036999999999 0.46580437000000002 0.46688248999999998 0.49703509000000001 0.5153975000000000 0.48718904000000002 0.48761136999999999 0.44016483000000001 0.5089947700000000 0.46666046999999999 0.49643166000000000 0.46492547000000001 0.47084503000000000 0.46955152999999999 0.48142676000000001 0.46755324999999998 0.49026726999999998 0.43286879000000000 0.48053051000000002 0.49776156999999999 0.5070813300000000 0.49928447999999997 0.48417843999999999 0.47085262999999999 0.5105795900000000 0.5116114400000000 0.48591912999999998 0.5229691200000000 0.44392208000000000 0.48142676000000001 0.45003634999999997 0.46138090999999998 0.45766610000000002 0.5145517300000000 0.46663379999999999 0.47125971000000000 0.48479309999999998 0.44074600000000003 0.44256972000000000 0.45013762000000002 0.48991857999999999 0.45559324000000001 0.46871488000000000 0.46506576999999999 0.49624995000000000 0.46554804000000000 0.45456289999999999 0.48479309999999998 0.48974403000000000 0.49438416000000002 0.5005098500000000 0.5005098500000000 0.5104100800000000 0.49134939999999999 0.49248526999999997
13 0.11114335000000000 0.18679191000000001 0.13366102999999999 0.18140865000000000 0.18155310999999999 0.18702463999999999 0.23477240999999999 0.15887291000000001 0.19333822000000001 0.23530903000000000 0.22481915000000000 0.23153201000000001 0.0000000000000000000 0.11620395000000000 0.15101418000000000 0.16959038000000001 0.20881016999999999 0.17305955000000001 0.17124925999999999 0.19929669000000000 0.28710624000000001 0.34058397000000001 0.29163051000000001 0.30687565000000000 0.38167390000000001 0.44914461000000000 0.40527758000000003 0.36425364999999998 0.40042881000000002 0.40054798000000003 0.34284554000000000 0.42141580000000001 0.36390340999999998 0.38420014000000002 0.37158988999999998 0.44240773000000000 0.40854227999999998 0.40141946000000001 0.41904659999999999 0.43214668000000001 0.33875070000000002 0.33649248999999998 0.35221221000000003 0.32465637000000003 0.36183210999999998 0.38705208000000002 0.34529468000000002 0.41048469999999998 0.40307638000000001 0.42634192999999998 0.42995984999999998 0.42324563999999998 0.39823024000000001 0.45328149000000001 0.43734464000000001 0.42622133000000001 0.40647659000000003 0.40087790000000001 0.40909582000000000 0.41405311000000000 0.39945616000000000 0.42995984999999998 0.35550110000000001 0.45369041999999998 0.46003400999999999 0.41245472999999999 0.42455048000000001 0.41761145999999999 0.41613603999999998 0.44095855000000000 0.46371457999999999 0.43353900000000001 0.46002845999999997 0.38245319000000000 0.40529484999999998 0.42040485999999999 0.41381004999999998 0.38211646999999999 0.40998983000000000 0.41904659999999999 0.37941627000000000 0.37429146000000002 0.35217022999999997 0.41405311000000000 0.37356544000000003 0.40714591999999999 0.38483303000000002 0.37180935999999998 0.35725757000000002 0.41864405999999998 0.37643195000000002 0.37871365000000001 0.37929318000000001 0.38110503000000001 0.39370388000000001 0.38914121000000002 0.39626244999999999 0.39563429999999999 0.35078099000000001 0.42203699000000000
14 0.10942813999999999 0.19058010000000000 0.13383814999999999 0.17763660000000001 0.20581542999999999 0.20648166000000001 0.26382792999999999 0.19777971999999999 0.21921181000000001 0.23637461000000001 0.24046637000000001 0.25782490000000002 0.11620395000000000 0.0000000000000000000 0.11793984000000000 0.15483738000000000 0.18396988000000000 0.16380546000000001 0.16560187000000001 0.22660229000000001 0.30417789000000001 0.34281026999999997 0.28956780999999998 0.31585048999999998 0.34958881000000003 0.45448790999999999 0.40538161000000000 0.36394089000000002 0.41761145999999999 0.40527758000000003 0.34529468000000002 0.42724780000000001 0.33858395000000002 0.36085915000000002 0.36039252999999999 0.40866706000000003 0.40172651999999998 0.40647659000000003 0.42491289999999998 0.43231721000000001 0.34891887999999999 0.37395613999999999 0.37405957000000001 0.33415052000000001 0.38167390000000001 0.40114780000000000 0.34995091000000000 0.42407686999999999 0.40378423000000002 0.40679346999999999 0.41826665000000002 0.42347898000000000 0.39629122999999999 0.44238540999999998 0.40785437000000002 0.41874813000000000 0.41761145999999999 0.40214893000000002 0.40925676999999999 0.39629122999999999 0.40942666999999999 0.41602816999999997 0.35451728999999998 0.43760030999999999 0.45410679999999998 0.40469507999999998 0.42552586999999997 0.40042881000000002 0.40172651999999998 0.46771649999999998 0.47223098000000002 0.46003400999999999 0.47252421000000000 0.38649715000000001 0.40161521000000000 0.41303077999999999 0.40756006000000000 0.37360059000000001 0.39341760999999997 0.43402116000000002 0.37106096999999999 0.37871365000000001 0.37132316999999998 0.45088682000000002 0.39928757999999998 0.42221549000000003 0.37990733999999998 0.37692072999999998 0.36668704000000002 0.39870074000000000 0.37015759999999998 0.37706372999999999 0.39383285000000001 0.37362659999999998 0.38646042000000003 0.37665964000000002 0.38646042000000003 0.39067779000000002 0.35988108000000002 0.41421005000000000
15 0.14762757000000001 0.20821537000000001 0.12309371000000000 0.19615128000000001 0.22355470000000000 0.21198536000000001 0.26603958999999999 0.21686905000000001 0.23128082000000000 0.24119101000000001 0.26687456999999998 0.26765003999999998 0.15101418000000000 0.11793984000000000 0.0000000000000000000 0.13914702000000001 0.17299624999999999 0.12320120000000000 0.13884811000000000 0.20996149000000000 0.26932868999999998 0.31789745000000003 0.27884851999999999 0.29811578999999999 0.32621018000000002 0.41034142000000001 0.36158876000000001 0.33612266000000002 0.39276910999999998 0.37623792000000000 0.32236000999999997 0.40141946000000001 0.32914928999999998 0.33718639000000000 0.34245488000000002 0.36200314000000000 0.35999699000000002 0.36751246999999998 0.38862594000000000 0.38689146000000002 0.30316270000000001 0.33705202000000001 0.34295297000000002 0.31140276000000000 0.35924488999999998 0.38886635000000003 0.33143184999999997 0.36417450000000001 0.37518508000000000 0.38997742000000002 0.40451263999999998 0.39497782999999997 0.38322569000000001 0.42098651999999998 0.41332301999999999 0.41556158999999998 0.39093979000000001 0.38322569000000001 0.38110503000000001 0.36766281000000001 0.38370242999999998 0.38961752999999999 0.34143369000000001 0.40619551999999998 0.41686422000000001 0.38689146000000002 0.38196057999999999 0.36285642000000001 0.37369628999999999 0.42782761000000002 0.43725797999999999 0.40679346999999999 0.43910010999999999 0.35609001000000001 0.37941627000000000 0.37169828999999999 0.36549266000000002 0.35890736000000001 0.38997742000000002 0.39800851999999998 0.34664700999999998 0.37892015000000001 0.34284554000000000 0.39093979000000001 0.36678043999999999 0.38381408000000000 0.35273164000000001 0.34785985000000003 0.35920226000000000 0.37840310999999999 0.35238675000000003 0.35001146000000000 0.38334199000000002 0.36387438000000000 0.37623792000000000 0.38120177999999999 0.37377447000000003 0.37108563999999999 0.35696262000000001 0.38842022999999998
16 0.16959038000000001 0.23094530999999999 0.16447728000000000 0.20633504999999999 0.27485114999999999 0.26467158000000002 0.30987765000000000 0.22934113000000000 0.23517673000000000 0.29065776999999998 0.28302270000000002 0.28579995000000002 0.16959038000000001 0.15483738000000000 0.13914702000000001 0.0000000000000000000 0.09799373000000000 0.08498188000000000 0.09488628000000000 0.13300798999999999 0.24815903000000000 0.32696572000000002 0.28951076999999997 0.31370749999999997 0.34649685000000002 0.44670103000000000 0.38842022999999998 0.34093135000000002 0.40021708000000000 0.38120177999999999 0.32734737000000003 0.39460775999999997 0.34078430999999998 0.34958881000000003 0.35823178999999999 0.42491289999999998 0.38689146000000002 0.40488627999999999 0.41953265000000001 0.41455118000000002 0.32385671999999999 0.36012089000000003 0.34514541999999998 0.34287338000000001 0.38120177999999999 0.42724780000000001 0.37132316999999998 0.40557001999999998 0.39365049000000002 0.43288575000000001 0.42098651999999998 0.41900219999999999 0.40271617999999998 0.43380183000000000 0.41763919999999999 0.42040485999999999 0.39169994000000002 0.39365049000000002 0.40508621000000000 0.38887346000000000 0.38483303000000002 0.41513055999999998 0.36490027000000003 0.40942666999999999 0.43124828999999998 0.39981936000000001 0.42782761000000002 0.40042881000000002 0.39654244000000000 0.45389362999999999 0.46157529000000003 0.42438323999999999 0.44300110999999998 0.39389168000000002 0.39102371000000002 0.41365832000000002 0.39629122999999999 0.39283553999999998 0.41437607999999998 0.40551217000000001 0.37403070999999999 0.40387108999999999 0.37362659999999998 0.43438957000000000 0.38196057999999999 0.41919939000000001 0.37206186000000002 0.38673929000000001 0.36183210999999998 0.38568945999999998 0.35929580999999999 0.37125106000000002 0.38582997000000002 0.37351284000000001 0.38582997000000002 0.37623792000000000 0.38833047999999998 0.37823110999999998 0.36191353999999998 0.39857607000000000
17 0.19555699000000001 0.27394875000000002 0.19377863000000001 0.24278827000000000 0.29508580000000001 0.28849543999999999 0.32132597000000002 0.26589067000000000 0.27421400000000001 0.31744352999999997 0.31338716999999999 0.31629355999999997 0.20881016999999999 0.18396988000000000 0.17299624999999999 0.09799373000000000 0.0000000000000000000 0.09121224999999999 0.09948309000000000 0.14610069000000001 0.27334878000000001 0.31797350000000002 0.28520097999999999 0.32320747999999999 0.34862952000000003 0.43859870000000001 0.37601059999999997 0.35008000000000000 0.38936895999999999 0.38067009000000002 0.32237538999999998 0.40244581000000001 0.33612266000000002 0.33509011999999999 0.34454194999999999 0.37771802999999998 0.37429146000000002 0.38302025000000001 0.39981936000000001 0.39685727999999998 0.32541955000000000 0.36012089000000003 0.34541708999999998 0.34529468000000002 0.38449981000000000 0.41492845000000000 0.36454035000000001 0.41091180999999999 0.38516129999999998 0.41602816999999997 0.41433205000000001 0.41243743999999999 0.41431991000000001 0.43231056000000001 0.42449726999999998 0.42594789999999999 0.36834410000000001 0.40878790999999998 0.39319307999999997 0.38780238000000000 0.38603185000000001 0.41381004999999998 0.37206186000000002 0.42240320999999997 0.41189692000000000 0.38539530000000000 0.43101033000000000 0.39411689999999999 0.39141188999999998 0.43481382000000002 0.42552586999999997 0.41602816999999997 0.43768547000000002 0.38228067999999998 0.39800851999999998 0.41793827000000000 0.39102371000000002 0.38559926000000000 0.40156858000000001 0.41421005000000000 0.39389168000000002 0.38196057999999999 0.36904124999999999 0.45128719000000000 0.39963343000000001 0.42897889000000000 0.36985243000000001 0.36723595999999997 0.35033326999999997 0.38142088000000002 0.34814307999999999 0.35295157999999999 0.37417136000000001 0.35263348999999999 0.36699187000000000 0.35550110000000001 0.36699187000000000 0.35458173999999998 0.35065735999999997 0.38633379000000001
18 0.16959038000000001 0.23058103999999999 0.16413100000000000 0.21928917000000001 0.27452024000000003 0.25881784000000002 0.29153898000000000 0.23349855999999999 0.24753296000000000 0.27558645999999998 0.27664211000000000 0.28630696999999999 0.17305955000000001 0.16380546000000001 0.12320120000000000 0.08498188000000000 0.09121224999999999 0.0000000000000000000 0.045230869999999999 0.11870480999999999 0.25583525000000001 0.30687565000000000 0.26214934000000001 0.28758159000000000 0.32332295000000000 0.41816147999999997 0.36881781000000002 0.31596958000000003 0.39319307999999997 0.36394089000000002 0.30916616000000002 0.37266497999999998 0.32014294999999998 0.33301169000000003 0.33705202000000001 0.38406296000000001 0.37455650000000001 0.36285642000000001 0.37429146000000002 0.38979325999999997 0.29219033999999999 0.34394986000000000 0.33138136000000001 0.33618126999999998 0.37193150000000003 0.40469507999999998 0.35725757000000002 0.38833047999999998 0.41086430000000002 0.43935224000000000 0.43935224000000000 0.43175184999999999 0.42785676000000000 0.43257589000000002 0.42201527999999999 0.43317075999999999 0.38945025999999999 0.40542920999999998 0.38979325999999997 0.38626041999999999 0.38929148000000002 0.39963343000000001 0.35078099000000001 0.39128081999999997 0.40401818000000000 0.38211646999999999 0.40714591999999999 0.36454035000000001 0.37140370000000000 0.43486601000000003 0.43967360999999999 0.41142008000000002 0.42897889000000000 0.36602035999999999 0.37894349999999999 0.39045758000000003 0.37637097000000003 0.36984022999999999 0.39702768999999999 0.39720672000000001 0.37192647000000001 0.36699187000000000 0.34785985000000003 0.39626244999999999 0.37974138000000002 0.39912771000000002 0.35078099000000001 0.35577998000000000 0.36200314000000000 0.38600550000000000 0.35942233000000001 0.36425364999999998 0.38120177999999999 0.36923188000000001 0.38142088000000002 0.36945554000000003 0.38142088000000002 0.35924488999999998 0.35745345000000001 0.37706372999999999
19 0.17501341000000001 0.23076047999999999 0.15863772000000001 0.21910456000000000 0.26155235999999998 0.24966505999999999 0.28030164000000002 0.23309810000000000 0.24712386000000000 0.27763619000000000 0.28193722999999998 0.28711305999999998 0.17124925999999999 0.16560187000000001 0.13884811000000000 0.09488628000000000 0.09948309000000000 0.045230869999999999 0.0000000000000000000 0.10672555000000000 0.24989995000000001 0.32914928999999998 0.29162692000000001 0.31620271999999999 0.35823178999999999 0.42840656999999999 0.38817736000000003 0.34085395000000002 0.39341760999999997 0.39049581000000000 0.32921117999999999 0.39963343000000001 0.33830241999999999 0.34907498999999997 0.35379864999999999 0.41207389999999999 0.40714591999999999 0.39759054999999999 0.40417416000000000 0.40451263999999998 0.33257653999999998 0.36583657000000003 0.35209340000000000 0.35470144999999997 0.38722113000000002 0.42010129000000002 0.37158988999999998 0.39857607000000000 0.40264737000000000 0.44655059000000003 0.44987220999999999 0.43988463000000000 0.43884387000000002 0.44360578000000001 0.43286879000000000 0.42727562000000002 0.39928757999999998 0.41058976000000003 0.39963343000000001 0.40621592000000001 0.40433899000000001 0.41721968999999998 0.37220041999999998 0.41455118000000002 0.40679346999999999 0.41245472999999999 0.43862410000000002 0.39397053999999998 0.36876014000000001 0.42455048000000001 0.43469755999999998 0.41686422000000001 0.42423314000000001 0.37086435000000001 0.39389168000000002 0.38489115000000002 0.37574183999999999 0.35949514999999999 0.41455118000000002 0.40714591999999999 0.36752565999999998 0.38154316999999999 0.34764747000000001 0.42407686999999999 0.37455650000000001 0.40127919000000001 0.34849634000000002 0.36834410000000001 0.36699187000000000 0.38862594000000000 0.36434103000000001 0.37193150000000003 0.38886635000000003 0.37706372999999999 0.38154316999999999 0.36737017999999999 0.37929318000000001 0.36158876000000001 0.36490027000000003 0.38705208000000002
