32
1 0.0356375285 0.0516406679 0.025739668 0.0427456661 0.0184570992 0.0264056226 0.0322793555 0.0403054903 0.0386593619 0.0150142558 0.026583253 0.0346627705 0.0344045586 0.0374860346 0.0327742219 0.0101121718 0.0271191625 0.0248166121 0.0511301656 0.0327001799 0.0321320263 0.0369606133 0.021486688 0.036405356 0.0143974157 0.0335236271 0.0139574224 0.046903082 0.0273932515 0.0368989673 0.0211623966 0.0401053076 
2 0.0516406679 0.0187877319 0.0427286535 0.0382152821 0.0383629831 0.0173956301 0.0493121447 0.0216658351 0.0323524203 0.0252793677 0.0278862824 0.0200558151 0.0177105475 0.0213016268 0.0427383606 0.0275698566 0.0253674128 0.0275760098 0.0338126493 0.0053011908 0.0155815528 0.0299191578 0.0353497238 0.0252671285 0.0110599343 0.0576359278 0.0433365891 0.0612073609 0.0463447333 0.05081846 0.0152082752 0.0232106887 
3 0.025739668 0.0427286535 0.0759128864 0.0130715132 0.0368110827 0.0320578024 0.0133952134 0.0316847304 0.0112130055 0.0413506608 0.0315442791 0.0402996674 0.0251284081 0.0421936492 0.0272095322 0.0547703519 0.0633556417 0.0485983525 0.0057147465 0.0252643167 0.020364812 0.0113775043 0.0275787769 0.0229173674 0.0230278552 0.0215833941 0.0134819546 0.0275411244 0.0246840736 0.0298435489 0.0292657296 0.0602896975 
4 0.0427456661 0.0382152821 0.0130715132 0.0436214256 0.0198558299 0.0294545451 0.0244507766 0.0229546126 0.0408649632 0.0066825346 0.0484030478 0.0568850834 0.0302406521 0.0540101003 0.0221493943 0.0146455626 0.0139723598 0.0360392183 0.0302990103 0.0435891044 0.0244699048 0.0448295391 0.0316809827 0.0441629957 0.0137253985 0.0413320371 0.0438824106 0.0392229311 0.0085724548 0.0321595344 0.0100696738 0.033741455 
5 0.0184570992 0.0383629831 0.0368110827 0.0198558299 0.0831582576 0.0081935877 0.0161762565 0.0248088628 0.0276352846 0.0289529319 0.0431639521 0.0136894787 0.0191066942 0.0030710089 0.0359352705 0.0159964523 0.0342582692 0.0310201734 0.0274632573 0.0382611873 0.0239043693 0.0462541418 0.02314214 0.0389793907 0.0546407272 0.0263525293 0.0311343503 0.0065858045 0.0312473582 0.0455804024 0.0548868576 0.0529140091 
6 0.0264056226 0.0173956301 0.0320578024 0.0294545451 0.0081935877 0.0714499568 0.0308881872 0.0312927457 0.0292074037 0.0236582961 0.063034362 0.0180518452 0.0316419348 0.03104621 0.0237106634 0.0224790335 0.0155104805 0.0217022585 0.0244489436 0.0282115103 0.0424062853 0.0382623926 0.0405337638 0.0083374423 0.0262708119 0.0345021904 0.0578209094 0.0365660199 0.0227900236 0.021686168 0.0535818208 0.0374011527 
7 0.0322793555 0.0493121447 0.0133952134 0.0244507766 0.0161762565 0.0308881872 0.0266234877 0.0319127305 0.0424043625 0.0240558479 0.0246145336 0.0220817489 0.0432926933 0.0329077769 0.0167070248 0.0594096747 0.0307601843 0.0260375049 0.0401942134 0.0187990404 0.0307931728 0.0379847729 0.0305822886 0.0373172778 0.035981155 0.0453393383 0.0186090697 0.0365842214 0.0372556842 0.0265549092 0.0328638809 0.0238314713 
8 0.0403054903 0.0216658351 0.0316847304 0.0229546126 0.0248088628 0.0312927457 0.0319127305 0.0521068226 0.0412978443 0.0200320921 0.021368398 0.0189500275 0.0269298241 0.0260877717 0.0271370381 0.0560256374 0.0319125415 0.0401298132 0.0271031688 0.0270374331 0.0318786479 0.0396703873 0.0393373377 0.0346988859 0.0317090215 0.00533089 0.0221600326 0.0392244702 0.0262177001 0.0465904569 0.0265493462 0.0358894038 
9 0.0386593619 0.0323524203 0.0112130055 0.0408649632 0.0276352846 0.0292074037 0.0424043625 0.0412978443 0.0424735606 0.0356280062 0.0421266538 0.0149495998 0.0349470478 0.0248870646 0.027415892 0.0452152327 0.0126963571 0.03889042 0.0278816013 0.0115220323 0.0421962886 0.0312779579 0.0367916417 0.0171635958 0.0269836201 0.0222220193 0.0448153052 0.0220709301 0.0317010034 0.0465679597 0.0175094559 0.0384321081 
10 0.0150142558 0.0252793677 0.0413506608 0.0066825346 0.0289529319 0.0236582961 0.0240558479 0.0200320921 0.0356280062 0.0211733268 0.0351006608 0.0497322761 0.0592687553 0.0181526989 0.0431305334 0.0267768261 0.0525609977 0.0296750901 0.0307146369 0.0505566704 0.0219341558 0.059128368 0.038020449 0.0311046769 0.0200234989 0.0329355994 0.0151141556 0.0076176378 0.0461106444 0.0180849086 0.0344932538 0.0379361863 
11 0.026583253 0.0278862824 0.0315442791 0.0484030478 0.0431639521 0.063034362 0.0246145336 0.021368398 0.0421266538 0.0351006608 0.06382353 0.0264011115 0.0275061772 0.0156048185 0.0511529577 0.0083088977 0.0151994784 0.0259946305 0.0428794429 0.0143137435 0.038591799 0.0104358289 0.0354705551 0.0283570662 0.0242410293 0.0242321683 0.0359114432 0.0110809714 0.0099811107 0.0414527983 0.0397018248 0.0455331944 
12 0.0346627705 0.0200558151 0.0402996674 0.0568850834 0.0136894787 0.0180518452 0.0220817489 0.0189500275 0.0149495998 0.0497322761 0.0264011115 0.0602588254 0.0245536364 0.0229629426 0.0248337575 0.0241141969 0.0401979262 0.025709009 0.038779624 0.0339064653 0.0187403348 0.0503596299 0.0135215694 0.029624852 0.0697937993 0.0241928823 0.028056029 0.034807642 0.0170413632 0.0292709892 0.0433525953 0.0301625064 
13 0.0344045586 0.0177105475 0.0251284081 0.0302406521 0.0191066942 0.0316419348 0.0432926933 0.0269298241 0.0349470478 0.0592687553 0.0275061772 0.0245536364 0.0311371459 0.0515103405 0.0223869228 0.0313274166 0.0243415996 0.0139430774 0.0300549268 0.0358791447 0.0325715622 0.0326291443 0.0388552497 0.0195803202 0.0321632352 0.061179236 0.0280775535 0.0249812822 0.0279049253 0.0446695275 0.0188022253 0.0232742352 
14 0.0374860346 0.0213016268 0.0421936492 0.0540101003 0.0030710089 0.03104621 0.0329077769 0.0260877717 0.0248870646 0.0181526989 0.0156048185 0.0229629426 0.0515103405 0.0081110417 0.0308533918 0.0392490376 0.0342995171 0.024851571 0.0652094318 0.0194368481 0.0126850482 0.0282643172 0.0363406107 0.025122532 0.0297165466 0.0423257911 0.0302500947 0.0278162906 0.0473542535 0.0534473929 0.0348921564 0.0285520835 
15 0.0327742219 0.0427383606 0.0272095322 0.0221493943 0.0359352705 0.0237106634 0.0167070248 0.0271370381 0.027415892 0.0431305334 0.0511529577 0.0248337575 0.0223869228 0.0308533918 0.0588408352 0.0385179074 0.0381249617 0.0346939665 0.019298525 0.0269305275 0.0290506354 0.0379246053 0.0360637175 0.0268432635 0.0038993847 0.0182419172 0.0181942104 0.04493723 0.0542673837 0.0277544577 0.0213588477 0.0369226627 
16 0.0101121718 0.0275698566 0.0547703519 0.0146455626 0.0159964523 0.0224790335 0.0594096747 0.0560256374 0.0452152327 0.0267768261 0.0083088977 0.0241141969 0.0313274166 0.0392490376 0.0385179074 0.0155505628 0.0098348746 0.0236250504 0.0433351768 0.0404575511 0.0191867132 0.0091235666 0.0197060182 0.0472369266 0.0562282887 0.0374943071 0.0510592238 0.0330867596 0.0430316852 0.0261413371 0.0294040943 0.0209796081 
17 0.0271191625 0.0253674128 0.0633556417 0.0139723598 0.0342582692 0.0155104805 0.0307601843 0.0319125415 0.0126963571 0.0525609977 0.0151994784 0.0401979262 0.0243415996 0.0342995171 0.0381249617 0.0098348746 0.0332556151 0.0563910285 0.0427943383 0.0420011331 0.0674836241 0.0381319751 0.0144334201 0.0396207722 0.0280348156 0.0217222194 0.0292065977 0.0118436881 0.0475739112 0.0091589415 0.0279385853 0.0208975699 
18 0.0248166121 0.0275760098 0.0485983525 0.0360392183 0.0310201734 0.0217022585 0.0260375049 0.0401298132 0.03889042 0.0296750901 0.0259946305 0.025709009 0.0139430774 0.024851571 0.0346939665 0.0236250504 0.0563910285 0.0655295204 0.0328244747 0.0150281017 0.0438472897 0.0207892658 0.0355384796 0.0372463695 0.0458062384 0.0338027135 0.0409467623 0.0269570438 0.0078364269 0.0368568077 0.019294341 0.0080023792 
19 0.0511301656 0.0338126493 0.0057147465 0.0302990103 0.0274632573 0.0244489436 0.0401942134 0.0271031688 0.0278816013 0.0307146369 0.0428794429 0.038779624 0.0300549268 0.0652094318 0.019298525 0.0433351768 0.0427943383 0.0328244747 0.0262443101 0.0379636564 0.0157917941 0.0401595274 0.0155269398 0.0377809469 0.0347291404 0.0240931331 0.0388417536 0.01905824 0.0345646209 0.0283806981 0.0017366332 0.0311902727 
20 0.0327001799 0.0053011908 0.0252643167 0.0435891044 0.0382611873 0.0282115103 0.0187990404 0.0270374331 0.0115220323 0.0505566704 0.0143137435 0.0339064653 0.0358791447 0.0194368481 0.0269305275 0.0404575511 0.0420011331 0.0150281017 0.0379636564 0.0230354623 0.0432191631 0.0110366283 0.0419954443 0.0483419893 0.0221022914 0.028354821 0.0362717529 0.0356844305 0.0399444868 0.0557135253 0.0383118318 0.0288283361 
21 0.0321320263 0.0155815528 0.020364812 0.0244699048 0.0239043693 0.0424062853 0.0307931728 0.0318786479 0.0421962886 0.0219341558 0.038591799 0.0187403348 0.0325715622 0.0126850482 0.0290506354 0.0191867132 0.0674836241 0.0438472897 0.0157917941 0.0432191631 0.0137819013 0.0229799452 0.0488821042 0.0077244302 0.0174226615 0.0543737475 0.0150415404 0.0654931748 0.0711898017 0.008669294 0.046342895 0.0212693245 
22 0.0369606133 0.0299191578 0.0113775043 0.0448295391 0.0462541418 0.0382623926 0.0379847729 0.0396703873 0.0312779579 0.059128368 0.0104358289 0.0503596299 0.0326291443 0.0282643172 0.0379246053 0.0091235666 0.0381319751 0.0207892658 0.0401595274 0.0110366283 0.0229799452 0.0079593767 0.0263359396 0.0393623435 0.0281986713 0.0301995281 0.0266197462 0.0328323915 0.0408305565 0.0213092312 0.0452943495 0.0235585968 
23 0.021486688 0.0353497238 0.0275787769 0.0316809827 0.02314214 0.0405337638 0.0305822886 0.0393373377 0.0367916417 0.038020449 0.0354705551 0.0135215694 0.0388552497 0.0363406107 0.0360637175 0.0197060182 0.0144334201 0.0355384796 0.0155269398 0.0419954443 0.0488821042 0.0263359396 0.0246832383 0.0095577303 0.0261790931 0.0225265192 0.0336001871 0.0397098432 0.0173665208 0.0396737844 0.0616478296 0.0378814135 
24 0.036405356 0.0252671285 0.0229173674 0.0441629957 0.0389793907 0.0083374423 0.0373172778 0.0346988859 0.0171635958 0.0311046769 0.0283570662 0.029624852 0.0195803202 0.025122532 0.0268432635 0.0472369266 0.0396207722 0.0372463695 0.0377809469 0.0483419893 0.0077244302 0.0393623435 0.0095577303 0.0229107067 0.0442649155 0.0285176742 0.0526813578 0.0205136978 0.0482844133 0.021222266 0.0451111435 0.0237401659 
25 0.0143974157 0.0110599343 0.0230278552 0.0137253985 0.0546407272 0.0262708119 0.035981155 0.0317090215 0.0269836201 0.0200234989 0.0242410293 0.0697937993 0.0321632352 0.0297165466 0.0038993847 0.0562282887 0.0280348156 0.0458062384 0.0347291404 0.0221022914 0.0174226615 0.0281986713 0.0261790931 0.0442649155 0.0613142739 0.016478877 0.0258834097 0.0560559903 0.0041968907 0.0446856189 0.0231831712 0.0476022188 
26 0.0335236271 0.0576359278 0.0215833941 0.0413320371 0.0263525293 0.0345021904 0.0453393383 0.00533089 0.0222220193 0.0329355994 0.0242321683 0.0241928823 0.061179236 0.0423257911 0.0182419172 0.0374943071 0.0217222194 0.0338027135 0.0240931331 0.028354821 0.0543737475 0.0301995281 0.0225265192 0.0285176742 0.016478877 0.0627663852 0.0255031514 0.0234253524 0.026868653 0.0159962792 0.0311232893 0.0258238017 
27 0.0139574224 0.0433365891 0.0134819546 0.0438824106 0.0311343503 0.0578209094 0.0186090697 0.0221600326 0.0448153052 0.0151141556 0.0359114432 0.028056029 0.0280775535 0.0302500947 0.0181942104 0.0510592238 0.0292065977 0.0409467623 0.0388417536 0.0362717529 0.0150415404 0.0266197462 0.0336001871 0.0526813578 0.0258834097 0.0255031514 0.0388017619 0.0395563695 0.0331768878 0.0100646738 0.0132799334 0.0446633604 
28 0.046903082 0.0612073609 0.0275411244 0.0392229311 0.0065858045 0.0365660199 0.0365842214 0.0392244702 0.0220709301 0.0076176378 0.0110809714 0.034807642 0.0249812822 0.0278162906 0.04493723 0.0330867596 0.0118436881 0.0269570438 0.01905824 0.0356844305 0.0654931748 0.0328323915 0.0397098432 0.0205136978 0.0560559903 0.0234253524 0.0395563695 0.0383947327 0.0250684793 0.0087640265 0.0487989373 0.0076098439 
29 0.0273932515 0.0463447333 0.0246840736 0.0085724548 0.0312473582 0.0227900236 0.0372556842 0.0262177001 0.0317010034 0.0461106444 0.0099811107 0.0170413632 0.0279049253 0.0473542535 0.0542673837 0.0430316852 0.0475739112 0.0078364269 0.0345646209 0.0399444868 0.0711898017 0.0408305565 0.0173665208 0.0482844133 0.0041968907 0.026868653 0.0331768878 0.0250684793 0.0072011498 0.0294457084 0.0393023326 0.0252515117 
30 0.0368989673 0.05081846 0.0298435489 0.0321595344 0.0455804024 0.021686168 0.0265549092 0.0465904569 0.0465679597 0.0180849086 0.0414527983 0.0292709892 0.0446695275 0.0534473929 0.0277544577 0.0261413371 0.0091589415 0.0368568077 0.0283806981 0.0557135253 0.008669294 0.0213092312 0.0396737844 0.021222266 0.0446856189 0.0159962792 0.0100646738 0.0087640265 0.0294457084 0.05014083 0.0145388006 0.0278576962 
31 0.0211623966 0.0152082752 0.0292657296 0.0100696738 0.0548868576 0.0535818208 0.0328638809 0.0265493462 0.0175094559 0.0344932538 0.0397018248 0.0433525953 0.0188022253 0.0348921564 0.0213588477 0.0294040943 0.0279385853 0.019294341 0.0017366332 0.0383118318 0.046342895 0.0452943495 0.0616478296 0.0451111435 0.0231831712 0.0311232893 0.0132799334 0.0487989373 0.0393023326 0.0145388006 0.0256806864 0.035312806 
32 0.0401053076 0.0232106887 0.0602896975 0.033741455 0.0529140091 0.0374011527 0.0238314713 0.0358894038 0.0384321081 0.0379361863 0.0455331944 0.0301625064 0.0232742352 0.0285520835 0.0369226627 0.0209796081 0.0208975699 0.0080023792 0.0311902727 0.0288283361 0.0212693245 0.0235585968 0.0378814135 0.0237401659 0.0476022188 0.0258238017 0.0446633604 0.0076098439 0.0252515117 0.0278576962 0.035312806 0.0213349322 
