25
1 0.0 0.0540748034 0.0632524154 0.0598118093 0.0431901644 0.021196141 0.0365057513 0.044422187 0.0399984282 0.030475934 0.056431081 0.0617769391 0.0504867014 0.0101178231 0.0470656299 0.0435407984 0.0330991415 0.0249878225 0.0283892774 0.0385122051 0.0177291259 0.0515865253 0.0575595867 0.0260553278 0.0597343811
2 0.0540748034 0.0 0.0491057336 0.0140171636 0.0680057454 0.0286066537 0.0541826781 0.0364174795 0.0420491428 0.025932262 0.0125981042 0.0508264532 0.0785922934 0.0281630171 0.0331550279 0.0088164241 0.0756045691 0.0396785136 0.0787669152 0.0395752948 0.0271517232 0.0657065271 0.02162434 0.0174988908 0.0498502437
3 0.0632524154 0.0491057336 0.0 0.0196501818 0.0336083029 0.0346481738 0.0380888011 0.0377662467 0.0522132087 0.0483110649 0.058235336 0.0248897991 0.0314859227 0.011215246 0.037287815 0.0362516125 0.0326507049 0.0461270397 0.052840483 0.0221455332 0.0489277566 0.074261886 0.0547634417 0.0507612685 0.0415120261
4 0.0598118093 0.0140171636 0.0196501818 0.0 0.0649548936 0.0212615903 0.0557293708 0.0205241414 0.0370625737 0.0466877233 0.0324317022 0.0509384908 0.0438926664 0.0351597986 0.0405046231 0.0424384783 0.0394454517 0.0837468327 0.0470093028 0.0561003978 0.0423163229 0.0317558949 0.0089261694 0.0774281248 0.0282062957
5 0.0431901644 0.0680057454 0.0336083029 0.0649548936 0.0 0.0442990299 0.0611158715 0.0333237209 0.0455879001 0.0223722098 0.0338055981 0.0452765561 0.0233780028 0.0364442428 0.0538365144 0.0198543283 0.0637077191 0.038000952 0.0574469959 0.0177598854 0.027298046 0.0674445892 0.0372904841 0.0164333517 0.0455648958
6 0.021196141 0.0286066537 0.0346481738 0.0212615903 0.0442990299 0.0 0.0386610376 0.0651233069 0.0346339326 0.0312765403 0.0655848057 0.0385910249 0.07054873 0.0465709233 0.0568281451 0.0296614086 0.0545400678 0.0669823136 0.0691400636 0.0507170266 0.0458827252 0.0353459242 0.0114719394 0.0211654666 0.0172630292
7 0.0365057513 0.0541826781 0.0380888011 0.0557293708 0.0611158715 0.0386610376 0.0 0.0830671363 0.036667145 0.01498753 0.0467586597 0.0413094399 0.0044627487 0.0770919616 0.0097579215 0.0231728329 0.0333684947 0.0496658275 0.0399313025 0.0325175614 0.044644648 0.0369034607 0.0405927652 0.0849397317 0.0158773225
8 0.044422187 0.0364174795 0.0377662467 0.0205241414 0.0333237209 0.0651233069 0.0830671363 0.0 0.0745924757 0.0240665972 0.0386190249 0.0302832616 0.0299086733 0.0107712501 0.04743425 0.0481843479 0.0467832028 0.0327065918 0.0279615248 0.0637368431 0.0470502496 0.052548587 0.0288529127 0.0200616519 0.0557943368
9 0.0399984282 0.0420491428 0.0522132087 0.0370625737 0.0455879001 0.0346339326 0.036667145 0.0745924757 0.0 0.0348122911 0.0430049332 0.0083205365 0.0407612013 0.0449437352 0.0638681419 0.0356371185 0.0073712496 0.0380731886 0.0387503953 0.0366614985 0.0621495781 0.0421292223 0.0554633009 0.051091509 0.0341572934
10 0.030475934 0.025932262 0.0483110649 0.0466877233 0.0223722098 0.0312765403 0.01498753 0.0240665972 0.0348122911 0.0 0.0402736697 0.040433115 0.0787355962 0.0779941951 0.0581698687 0.0187240687 0.0366302178 0.0539971688 0.0406193981 0.0301048111 0.0213988616 0.0673259997 0.0873013601 0.0096183567 0.05975116
11 0.056431081 0.0125981042 0.058235336 0.0324317022 0.0338055981 0.0655848057 0.0467586597 0.0386190249 0.0430049332 0.0402736697 0.0 0.0677247007 0.085396517 0.0337420833 0.0578808438 0.0831507423 0.0113038128 0.0178910871 0.0617065344 0.0488834221 0.0146984822 0.0326871792 0.0161136159 0.0049827529 0.0360953113
12 0.0617769391 0.0508264532 0.0248897991 0.0509384908 0.0452765561 0.0385910249 0.0413094399 0.0302832616 0.0083205365 0.040433115 0.0677247007 0.0 0.0531036405 0.0447860269 0.0328742494 0.029527467 0.0479744941 0.0180005941 0.0159017386 0.0491288487 0.0583547944 0.0512433486 0.0455615077 0.075965835 0.0172071381
13 0.0504867014 0.0785922934 0.0314859227 0.0438926664 0.0233780028 0.07054873 0.0044627487 0.0299086733 0.0407612013 0.0787355962 0.085396517 0.0531036405 0.0 0.0165757586 0.0481736196 0.0790147702 0.0364716473 0.0574866446 0.0360249657 0.0137196503 0.0262349766 0.0192724626 0.026051979 0.0071877409 0.0430330909
14 0.0101178231 0.0281630171 0.011215246 0.0351597986 0.0364442428 0.0465709233 0.0770919616 0.0107712501 0.0449437352 0.0779941951 0.0337420833 0.0447860269 0.0165757586 0.0 0.055812195 0.0639323487 0.009144683 0.0487270872 0.0523440386 0.0283204311 0.0538631998 0.0367408842 0.0542507479 0.0855614815 0.0377268414
15 0.0470656299 0.0331550279 0.037287815 0.0405046231 0.0538365144 0.0568281451 0.0097579215 0.04743425 0.0638681419 0.0581698687 0.0578808438 0.0328742494 0.0481736196 0.055812195 0.0 0.0391715717 0.0283536792 0.0405328402 0.0151898008 0.0315703167 0.046254251 0.0353527734 0.0463354978 0.0443686238 0.0302218003
16 0.0435407984 0.0088164241 0.0362516125 0.0424384783 0.0198543283 0.0296614086 0.0231728329 0.0481843479 0.0356371185 0.0187240687 0.0831507423 0.029527467 0.0790147702 0.0639323487 0.0391715717 0.0 0.0392834686 0.0231605178 0.0338990334 0.0588460461 0.0111371423 0.0353624472 0.0564345375 0.0724576643 0.0683408248
17 0.0330991415 0.0756045691 0.0326507049 0.0394454517 0.0637077191 0.0545400678 0.0333684947 0.0467832028 0.0073712496 0.0366302178 0.0113038128 0.0479744941 0.0364716473 0.009144683 0.0283536792 0.0392834686 0.0 0.04669009 0.0310963973 0.0370488437 0.0503412481 0.0575581184 0.0630516322 0.0781432932 0.0403377733
18 0.0249878225 0.0396785136 0.0461270397 0.0837468327 0.038000952 0.0669823136 0.0496658275 0.0327065918 0.0380731886 0.0539971688 0.0178910871 0.0180005941 0.0574866446 0.0487270872 0.0405328402 0.0231605178 0.04669009 0.0 0.0542939271 0.0692601715 0.0377831604 0.0130622745 0.0427355829 0.0192664731 0.0371432987
19 0.0283892774 0.0787669152 0.052840483 0.0470093028 0.0574469959 0.0691400636 0.0399313025 0.0279615248 0.0387503953 0.0406193981 0.0617065344 0.0159017386 0.0360249657 0.0523440386 0.0151898008 0.0338990334 0.0310963973 0.0542939271 0.0 0.0341414014 0.0701225269 0.0204984696 0.0361751923 0.0268589202 0.0308913953
20 0.0385122051 0.0395752948 0.0221455332 0.0561003978 0.0177598854 0.0507170266 0.0325175614 0.0637368431 0.0366614985 0.0301048111 0.0488834221 0.0491288487 0.0137196503 0.0283204311 0.0315703167 0.0588460461 0.0370488437 0.0692601715 0.0341414014 0.0 0.0420098281 0.047416466 0.0410392278 0.0491511282 0.0616331615
21 0.0177291259 0.0271517232 0.0489277566 0.0423163229 0.027298046 0.0458827252 0.044644648 0.0470502496 0.0621495781 0.0213988616 0.0146984822 0.0583547944 0.0262349766 0.0538631998 0.046254251 0.0111371423 0.0503412481 0.0377831604 0.0701225269 0.0420098281 0.0 0.0250088402 0.0570236396 0.0663942496 0.0562246237
22 0.0515865253 0.0657065271 0.074261886 0.0317558949 0.0674445892 0.0353459242 0.0369034607 0.052548587 0.0421292223 0.0673259997 0.0326871792 0.0512433486 0.0192724626 0.0367408842 0.0353527734 0.0353624472 0.0575581184 0.0130622745 0.0204984696 0.047416466 0.0250088402 0.0 0.0233958361 0.0201341394 0.0572581441
23 0.0575595867 0.02162434 0.0547634417 0.0089261694 0.0372904841 0.0114719394 0.0405927652 0.0288529127 0.0554633009 0.0873013601 0.0161136159 0.0455615077 0.026051979 0.0542507479 0.0463354978 0.0564345375 0.0630516322 0.0427355829 0.0361751923 0.0410392278 0.0570236396 0.0233958361 0.0 0.0431415544 0.0448431485
24 0.0260553278 0.0174988908 0.0507612685 0.0774281248 0.0164333517 0.0211654666 0.0849397317 0.0200616519 0.051091509 0.0096183567 0.0049827529 0.075965835 0.0071877409 0.0855614815 0.0443686238 0.0724576643 0.0781432932 0.0192664731 0.0268589202 0.0491511282 0.0663942496 0.0201341394 0.0431415544 0.0 0.0313324639
25 0.0597343811 0.0498502437 0.0415120261 0.0282062957 0.0455648958 0.0172630292 0.0158773225 0.0557943368 0.0341572934 0.05975116 0.0360953113 0.0172071381 0.0430330909 0.0377268414 0.0302218003 0.0683408248 0.0403377733 0.0371432987 0.0308913953 0.0616331615 0.0562246237 0.0572581441 0.0448431485 0.0313324639 0.0
