45
1 0.0 0.0261898073 0.0398904282 0.0270128355 0.0420021523 0.0230223852 0.016201923 0.0366110732 0.0295853467 0.0225674085 0.0173903868 0.0318634377 0.0152965079 0.0051191462 0.0225270706 0.0097957747 0.026241784 0.0352561808 0.0183546743 0.0297837023 0.0282272047 0.0284122903 0.0152353452 0.0197252844 0.0246034088 0.009363667 0.012689499 0.0143552762 0.0362625395 0.0259757585 0.0212693074 0.0365162697 0.0083460259 0.010453907 0.009056702 0.0392867567 0.0120962104 0.026659942 0.0250167693 0.0213639599 0.0342326746 0.0141831494 0.0214092466 0.010382958 0.0201638222
2 0.0261898073 0.0 0.0024986761 0.0178343 0.0328477486 0.0344063419 0.0076658726 0.0199378409 0.0196386888 0.0164775973 0.0094014645 0.0236254117 0.0248832903 0.0263977022 0.013915397 0.0306301775 0.0336195948 0.0238640105 0.0277823085 0.0378036838 0.0069374445 0.022113143 0.015473953 0.0251704084 0.0241958796 0.0329769942 0.0186692926 0.0053429083 0.0353078516 0.0152567424 0.0369168623 0.0173597065 0.0187382014 0.0235165062 0.0229171502 0.0168451651 0.0198085528 0.0200454406 0.0354166846 0.0222429383 0.0406183765 0.0237236404 0.0276037784 0.0128212318 0.030561233
3 0.0398904282 0.0024986761 0.0 0.0129435256 0.0168482531 0.0292886137 0.0256707352 0.0279032032 0.017438961 0.0310912332 0.0040570686 0.0209799514 0.030370423 0.0152180598 0.0247414886 0.0131825447 0.0152173561 0.0170451743 0.0071722074 0.0394239593 0.0267572727 0.0221718982 0.0027352562 0.0152255371 0.0079725641 0.0194492452 0.0347956927 0.046350645 0.0191684294 0.0234725506 0.0191189761 0.0102387933 0.0159925303 0.0426069247 0.0246218158 0.0380354906 0.0284668041 0.0200038838 0.0272865194 0.033885094 0.0347328347 0.0170158008 0.0272387395 0.0162764562 0.0353983832
4 0.0270128355 0.0178343 0.0129435256 0.0 0.0193380701 0.0123093559 0.0189234597 0.039655021 0.0270480285 0.0288384492 0.0276292144 0.0223317134 0.0313260373 0.0180865116 0.0276462618 0.0240917786 0.0093561897 0.0074810085 0.0121500358 0.027650624 0.0210987089 0.0173156366 0.022133743 0.0417915251 0.0159528976 0.015188028 0.040583657 0.0468118731 0.0184239334 0.0094752743 0.0148518153 0.0157458558 0.013039556 0.0088442371 0.025969167 0.0279554397 0.0306660053 0.0225599913 0.0101192145 0.0126482416 0.0249450284 0.0333251985 0.0304663448 0.0260392047 0.0423970026
5 0.0420021523 0.0328477486 0.0168482531 0.0193380701 0.0 0.031728886 0.0316946776 0.031431753 0.032017889 0.0156828147 0.0190094787 0.0148020571 0.0220019286 0.0399273702 0.0291887186 0.0092151702 0.0142937655 0.0154805823 0.0222072486 0.0110086292 0.0240079726 0.0219321325 0.0269677157 0.0108551005 0.0304644986 0.0387072285 0.0126512918 0.0090971615 0.0199827186 0.0034852247 0.0284770734 0.0124732306 0.0298824355 0.029740213 0.030337899 0.0185580466 0.0290254636 0.0414743736 0.0069961591 0.0128071538 0.0211936079 0.0284621374 0.0212354547 0.011890997 0.0285675161
6 0.0230223852 0.0344063419 0.0292886137 0.0123093559 0.031728886 0.0 0.0094357996 0.0115260108 0.032899924 0.0173805072 0.0307654891 0.0311203067 0.0170191733 0.0170783705 0.029850407 0.0201704152 0.0255792466 0.0218358912 0.0145456441 0.0112171035 0.0349881358 0.019090835 0.028995082 0.0162681453 0.0072754929 0.0169899013 0.0226758085 0.0321413858 0.0270825603 0.01325768 0.0236087674 0.0254514199 0.0010979919 0.0312976574 0.0372685559 0.0067659877 0.0293446816 0.0249681487 0.0204272675 0.0388128272 0.0257757 0.0273279326 0.0281158117 0.0245842868 0.015208065
7 0.016201923 0.0076658726 0.0256707352 0.0189234597 0.0316946776 0.0094357996 0.0 0.014509345 0.0242228195 0.0159826086 0.016055825 0.0395987551 0.0163886427 0.0223528713 0.0178396907 0.0151136402 0.0342898054 0.0446629715 0.0194239767 0.0200060611 0.0224144205 0.0174571811 0.0315255719 0.0162616854 0.0172894237 0.0342313552 0.0151306856 0.0159864742 0.0156199062 0.0347822771 0.0244268204 0.0265469782 0.0311552585 0.0207777167 0.0152161532 0.0270758222 0.0244400849 0.016982941 0.0387900264 0.0380211752 0.015399229 0.024623387 0.0197981636 0.0186273653 0.027380417
8 0.0366110732 0.0199378409 0.0279032032 0.039655021 0.031431753 0.0115260108 0.014509345 0.0 0.0254814376 0.006212826 0.0081013326 0.0163890636 0.0166740745 0.0187166306 0.0385838517 0.0056119205 0.0328656796 0.0225990359 0.0229113441 0.0269195348 0.0197811717 0.0280066254 0.0392163728 0.0283569518 0.0197765935 0.0307189999 0.0182156589 0.0327648919 0.0304582621 0.015252405 0.0267840052 0.024401049 0.0368558259 0.0201460542 0.009615973 0.0190022087 0.028063436 0.0131179754 0.0303764189 0.0080113395 0.0089670553 0.0144320259 0.0296370235 0.0127770331 0.0326236648
9 0.0295853467 0.0196386888 0.017438961 0.0270480285 0.032017889 0.032899924 0.0242228195 0.0254814376 0.0 0.0069053497 0.0226441604 0.0140036341 0.033964412 0.0235768251 0.0266556407 0.0082414542 0.0189628834 0.0069900601 0.0174783905 0.0353427362 0.0168691391 0.0155769193 0.0126260592 0.0384879779 0.0269094706 0.0095311332 0.0099763706 0.0396718739 0.0319676721 0.0179102228 0.0233260575 0.0284453902 0.0268146299 0.0307560617 0.0316900518 0.0129073522 0.0175598111 0.0054440728 0.026852052 0.0423259739 0.0299774677 0.0196172762 0.012956559 0.034867712 0.0138340515
10 0.0225674085 0.0164775973 0.0310912332 0.0288384492 0.0156828147 0.0173805072 0.0159826086 0.006212826 0.0069053497 0.0 0.0096027629 0.0081682246 0.0250473553 0.0328999093 0.0142423639 0.0407641264 0.0309709103 0.029708427 0.0183222988 0.0205629513 0.0329757894 0.0192677893 0.0276272011 0.0254671045 0.0107046681 0.0420919362 0.0061774292 0.019510519 0.0144686732 0.037172046 0.0078890335 0.0429480763 0.0160225095 0.0190460732 0.0264339908 0.0199312947 0.0330170417 0.0286673724 0.0237773189 0.0282586527 0.0329435244 0.024813473 0.0153549106 0.0244310799 0.0295743685
11 0.0173903868 0.0094014645 0.0040570686 0.0276292144 0.0190094787 0.0307654891 0.016055825 0.0081013326 0.0226441604 0.0096027629 0.0 0.0228468116 0.0244687418 0.0314452972 0.0361205401 0.0295159458 0.0304941636 0.0268303888 0.0345466506 0.0297036775 0.0195015075 0.0269496981 0.0056057312 0.0097626846 0.0187944455 0.0285968243 0.0054276921 0.0241794536 0.0105841948 0.0305350866 0.0201803858 0.0177111164 0.0415520771 0.0262600524 0.0384132602 0.0185897192 0.0174441707 0.0224009514 0.0385956033 0.0186046372 0.0209519497 0.028708971 0.0249672112 0.0211381006 0.0339150755
12 0.0318634377 0.0236254117 0.0209799514 0.0223317134 0.0148020571 0.0311203067 0.0395987551 0.0163890636 0.0140036341 0.0081682246 0.0228468116 0.0 0.0258175864 0.0123213779 0.0239636708 0.0402526656 0.0290170102 0.0137329478 0.0325574669 0.0317098851 0.0283564826 0.0355232875 0.0170488178 0.0185501173 0.0263615542 0.0139974057 0.0358380064 0.0158178473 0.0214411894 0.0362806078 0.0101068846 0.0168426581 0.0227425758 0.0265280244 0.0193473915 0.0181934347 0.0176442041 0.0399274031 0.0313690961 0.016310795 0.0165751041 0.0145088882 0.0058196967 0.0362639783 0.0035025716
13 0.0152965079 0.0248832903 0.030370423 0.0313260373 0.0220019286 0.0170191733 0.0163886427 0.0166740745 0.033964412 0.0250473553 0.0244687418 0.0258175864 0.0 0.0150575336 0.0178900448 0.0137246383 0.0271228695 0.0247608264 0.0411846937 0.0170325015 0.0392199105 0.0200819456 0.0223078849 0.0209991732 0.0358981962 0.0246200432 0.0238404405 0.0086341925 0.0205936703 0.0094536831 0.030268482 0.0296608011 0.0143042103 0.0223515347 0.0216382024 0.0151175075 0.0268054989 0.0288172724 0.0117081833 0.0206814765 0.0197873838 0.0347241961 0.019522561 0.0263111294 0.0126211398
14 0.0051191462 0.0263977022 0.0152180598 0.0180865116 0.0399273702 0.0170783705 0.0223528713 0.0187166306 0.0235768251 0.0328999093 0.0314452972 0.0123213779 0.0150575336 0.0 0.0257844875 0.0202526597 0.0222656729 0.0134445511 0.0323423673 0.0311663171 0.0302367696 0.0172906578 0.0254833441 0.0252703358 0.027761566 0.0147224356 0.0259133141 0.0211040024 0.02427473 0.0333414808 0.0067063064 0.0186252309 0.0280385396 0.0365982859 0.0188406352 0.0145057044 0.0223472745 0.0381777462 0.0047109473 0.03275085 0.018275166 0.0161100589 0.0353096492 0.0184718258 0.0216794824
15 0.0225270706 0.013915397 0.0247414886 0.0276462618 0.0291887186 0.029850407 0.0178396907 0.0385838517 0.0266556407 0.0142423639 0.0361205401 0.0239636708 0.0178900448 0.0257844875 0.0 0.014402306 0.0235575206 0.0338368026 0.0194082354 0.0161082096 0.0334449237 0.01993486 0.0153477065 0.0226009646 0.0414988808 0.0058854325 0.0364203877 0.0327541912 0.0196055086 0.0260130991 0.0213202859 0.0141630487 0.0212944366 0.0275728402 0.0253760613 0.0116927721 0.0148619376 0.0226358105 0.0208743482 0.0154718966 0.0009365152 0.0185701214 0.0233615902 0.0266871527 0.0254125204
16 0.0097957747 0.0306301775 0.0131825447 0.0240917786 0.0092151702 0.0201704152 0.0151136402 0.0056119205 0.0082414542 0.0407641264 0.0295159458 0.0402526656 0.0137246383 0.0202526597 0.014402306 0.0 0.0129249567 0.0136953128 0.0322244708 0.0205197149 0.0383148616 0.0236504545 0.0188159763 0.0286453356 0.0244637194 0.0100235697 0.0380731854 0.0231639852 0.0089182037 0.0321101271 0.0357070945 0.0327438626 0.0169142588 0.0302865768 0.0045518887 0.0269362984 0.0126302848 0.0179410453 0.0288136036 0.0324159306 0.0131660976 0.0370606433 0.0236208486 0.0382528082 0.0284496668
17 0.026241784 0.0336195948 0.0152173561 0.0093561897 0.0142937655 0.0255792466 0.0342898054 0.0328656796 0.0189628834 0.0309709103 0.0304941636 0.0290170102 0.0271228695 0.0222656729 0.0235575206 0.0129249567 0.0 0.0102984154 0.0136307457 0.0411030424 0.0105212842 0.0151539049 0.019286483 0.0223914819 0.0229738531 0.0156419696 0.0166379422 0.0305126894 0.0319453999 0.0325164413 0.0202348751 0.0199501094 0.0275928951 0.0198825676 0.0287965878 0.0256531113 0.0213678798 0.0119536914 0.0165914395 0.0136817904 0.0216530029 0.020501469 0.0370850088 0.0337460565 0.0119164538
18 0.0352561808 0.0238640105 0.0170451743 0.0074810085 0.0154805823 0.0218358912 0.0446629715 0.0225990359 0.0069900601 0.029708427 0.0268303888 0.0137329478 0.0247608264 0.0134445511 0.0338368026 0.0136953128 0.0102984154 0.0 0.0319879957 0.0187550096 0.0304223377 0.0285441366 0.019000116 0.023668904 0.0236765992 0.0295228298 0.0304929121 0.0084285814 0.0414138144 0.0427752057 0.0194906289 0.0208329366 0.0233109452 0.0201061016 0.014785426 0.0289513507 0.0135526012 0.015328321 0.0365705855 0.0101655125 0.0315293529 0.0255240969 0.00935134 0.0298020768 0.0104876953
19 0.0183546743 0.0277823085 0.0071722074 0.0121500358 0.0222072486 0.0145456441 0.0194239767 0.0229113441 0.0174783905 0.0183222988 0.0345466506 0.0325574669 0.0411846937 0.0323423673 0.0194082354 0.0322244708 0.0136307457 0.0319879957 0.0 0.0103634143 0.0271913104 0.0247912773 0.0293188223 0.022855859 0.0262482078 0.0299292926 0.0294999626 0.0224206902 0.0199165615 0.0257041484 0.0339976825 0.0228741445 0.0276875583 0.0307816721 0.0334949488 0.0268020044 0.0076603758 0.0132196391 0.0301628859 0.0161618779 0.0127398607 0.0212558795 0.00887538 0.0153598783 0.0124559109
20 0.0297837023 0.0378036838 0.0394239593 0.027650624 0.0110086292 0.0112171035 0.0200060611 0.0269195348 0.0353427362 0.0205629513 0.0297036775 0.0317098851 0.0170325015 0.0311663171 0.0161082096 0.0205197149 0.0411030424 0.0187550096 0.0103634143 0.0 0.0041297511 0.0086362101 0.0221157942 0.0318174744 0.0236682519 0.0257778444 0.0037455402 0.0087879315 0.0236392447 0.0244390261 0.0272708175 0.0264995277 0.028923394 0.0070245326 0.0357925479 0.0282678778 0.0313807729 0.0156625964 0.0032838655 0.0120957187 0.0287610027 0.0408812654 0.0108447169 0.0264341125 0.0239394254
21 0.0282272047 0.0069374445 0.0267572727 0.0210987089 0.0240079726 0.0349881358 0.0224144205 0.0197811717 0.0168691391 0.0329757894 0.0195015075 0.0283564826 0.0392199105 0.0302367696 0.0334449237 0.0383148616 0.0105212842 0.0304223377 0.0271913104 0.0041297511 0.0 0.0170922633 0.0209903132 0.0053035532 0.0350380988 0.0139754129 0.0157135634 0.0381964293 0.040322365 0.0112079536 0.0159655911 0.0167937223 0.0073103722 0.0223680541 0.0209136159 0.0194431769 0.0428458898 0.0248598037 0.0231276731 0.0158999107 0.0313537045 0.0122367317 0.0216699495 0.014341034 0.0176344188
22 0.0284122903 0.022113143 0.0221718982 0.0173156366 0.0219321325 0.019090835 0.0174571811 0.0280066254 0.0155769193 0.0192677893 0.0269496981 0.0355232875 0.0200819456 0.0172906578 0.01993486 0.0236504545 0.0151539049 0.0285441366 0.0247912773 0.0086362101 0.0170922633 0.0 0.0358255465 0.0252734513 0.0097954548 0.008477388 0.0331664155 0.0145324872 0.0169652345 0.0111098174 0.0184173691 0.0268536713 0.0324132073 0.0188846569 0.0281931108 0.0254732797 0.0272262086 0.029674853 0.0221963417 0.0358905871 0.0138438871 0.0256101327 0.0292273946 0.0350229 0.0269334587
23 0.0152353452 0.015473953 0.0027352562 0.022133743 0.0269677157 0.028995082 0.0315255719 0.0392163728 0.0126260592 0.0276272011 0.0056057312 0.0170488178 0.0223078849 0.0254833441 0.0153477065 0.0188159763 0.019286483 0.019000116 0.0293188223 0.0221157942 0.0209903132 0.0358255465 0.0 0.0271893003 0.0319167611 0.0516673054 0.026761345 0.0099660615 0.0160670001 0.0085111847 0.0281507324 0.0247938616 0.0174159467 0.0087484115 0.0366497673 0.0181941764 0.0213480004 0.0196873351 0.0218357486 0.0284881432 0.03052343 0.0218721979 0.0201614396 0.023468812 0.0329002032
24 0.0197252844 0.0251704084 0.0152255371 0.0417915251 0.0108551005 0.0162681453 0.0162616854 0.0283569518 0.0384879779 0.0254671045 0.0097626846 0.0185501173 0.0209991732 0.0252703358 0.0226009646 0.0286453356 0.0223914819 0.023668904 0.022855859 0.0318174744 0.0053035532 0.0252734513 0.0271893003 0.0 0.0146590649 0.0292564411 0.0216420224 0.015765021 0.0199110868 0.0120623248 0.020940092 0.0254045894 0.0285437812 0.0118508452 0.0323448423 0.0256865303 0.0232080477 0.024328461 0.0256554623 0.0244597789 0.0398145012 0.0282803853 0.0272069393 0.02085376 0.0061876671
25 0.0246034088 0.0241958796 0.0079725641 0.0159528976 0.0304644986 0.0072754929 0.0172894237 0.0197765935 0.0269094706 0.0107046681 0.0187944455 0.0263615542 0.0358981962 0.027761566 0.0414988808 0.0244637194 0.0229738531 0.0236765992 0.0262482078 0.0236682519 0.0350380988 0.0097954548 0.0319167611 0.0146590649 0.0 0.04508121 0.0072092945 0.0222805099 0.0245286871 0.0075300163 0.0252216206 0.0154812939 0.0239309458 0.0427389209 0.0139643552 0.0110154858 0.0140269009 0.0263408339 0.0105593758 0.0229417898 0.0315139849 0.0256228867 0.0329156486 0.0226150066 0.0265816815
26 0.009363667 0.0329769942 0.0194492452 0.015188028 0.0387072285 0.0169899013 0.0342313552 0.0307189999 0.0095311332 0.0420919362 0.0285968243 0.0139974057 0.0246200432 0.0147224356 0.0058854325 0.0100235697 0.0156419696 0.0295228298 0.0299292926 0.0257778444 0.0139754129 0.008477388 0.0516673054 0.0292564411 0.04508121 0.0 0.0220559368 0.0150340722 0.0219009841 0.0363653371 0.0304678661 0.0133862085 0.0105786311 0.0110270487 0.0031490196 0.022359011 0.0260777378 0.0245438303 0.0289128403 0.0170110841 0.0254365164 0.0198601135 0.0290275772 0.0303157802 0.0160665116
27 0.012689499 0.0186692926 0.0347956927 0.040583657 0.0126512918 0.0226758085 0.0151306856 0.0182156589 0.0099763706 0.0061774292 0.0054276921 0.0358380064 0.0238404405 0.0259133141 0.0364203877 0.0380731854 0.0166379422 0.0304929121 0.0294999626 0.0037455402 0.0157135634 0.0331664155 0.026761345 0.0216420224 0.0072092945 0.0220559368 0.0 0.0183099521 0.0433426163 0.0310990727 0.022331144 0.0193021757 0.0201316027 0.0298626076 0.0212241653 0.0136487282 0.0207888859 0.0064073977 0.0333544016 0.0176307271 0.0255722796 0.0276248224 0.0307942953 0.028822366 0.0257494132
28 0.0143552762 0.0053429083 0.046350645 0.0468118731 0.0090971615 0.0321413858 0.0159864742 0.0327648919 0.0396718739 0.019510519 0.0241794536 0.0158178473 0.0086341925 0.0211040024 0.0327541912 0.0231639852 0.0305126894 0.0084285814 0.0224206902 0.0087879315 0.0381964293 0.0145324872 0.0099660615 0.015765021 0.0222805099 0.0150340722 0.0183099521 0.0 0.0279932832 0.0245118908 0.025447226 0.0279338188 0.0254293245 0.0262771935 0.0152083587 0.005288361 0.012657465 0.023788431 0.0245932299 0.0139704556 0.0209846007 0.0119962082 0.0455111226 0.0293289445 0.0471589793
29 0.0362625395 0.0353078516 0.0191684294 0.0184239334 0.0199827186 0.0270825603 0.0156199062 0.0304582621 0.0319676721 0.0144686732 0.0105841948 0.0214411894 0.0205936703 0.02427473 0.0196055086 0.0089182037 0.0319453999 0.0414138144 0.0199165615 0.0236392447 0.040322365 0.0169652345 0.0160670001 0.0199110868 0.0245286871 0.0219009841 0.0433426163 0.0279932832 0.0 0.0119461132 0.0173739869 0.0063091848 0.018312581 0.0100781308 0.0197813424 0.0222253714 0.0287879204 0.0216384666 0.027382575 0.0255714758 0.0222865053 0.0017735626 0.0273184122 0.0316729505 0.0254351004
30 0.0259757585 0.0152567424 0.0234725506 0.0094752743 0.0034852247 0.01325768 0.0347822771 0.015252405 0.0179102228 0.037172046 0.0305350866 0.0362806078 0.0094536831 0.0333414808 0.0260130991 0.0321101271 0.0325164413 0.0427752057 0.0257041484 0.0244390261 0.0112079536 0.0111098174 0.0085111847 0.0120623248 0.0075300163 0.0363653371 0.0310990727 0.0245118908 0.0119461132 0.0 0.0119908632 0.0365228005 0.029263233 0.0183286608 0.0216081012 0.0158039327 0.0171983669 0.0345912388 0.0162099453 0.0249133031 0.0169299562 0.0366801485 0.01859351 0.0202392765 0.0375738652
31 0.0212693074 0.0369168623 0.0191189761 0.0148518153 0.0284770734 0.0236087674 0.0244268204 0.0267840052 0.0233260575 0.0078890335 0.0201803858 0.0101068846 0.030268482 0.0067063064 0.0213202859 0.0357070945 0.0202348751 0.0194906289 0.0339976825 0.0272708175 0.0159655911 0.0184173691 0.0281507324 0.020940092 0.0252216206 0.0304678661 0.022331144 0.025447226 0.0173739869 0.0119908632 0.0 0.0201948671 0.0348722893 0.0360493144 0.020409733 0.0177239012 0.0351861635 0.0194122371 0.0153456688 0.0199396204 0.029622434 0.0181073775 0.0348149796 0.0156311435 0.0144316179
32 0.0365162697 0.0173597065 0.0102387933 0.0157458558 0.0124732306 0.0254514199 0.0265469782 0.024401049 0.0284453902 0.0429480763 0.0177111164 0.0168426581 0.0296608011 0.0186252309 0.0141630487 0.0327438626 0.0199501094 0.0208329366 0.0228741445 0.0264995277 0.0167937223 0.0268536713 0.0247938616 0.0254045894 0.0154812939 0.0133862085 0.0193021757 0.0279338188 0.0063091848 0.0365228005 0.0201948671 0.0 0.0311496943 0.0388162389 0.0310881939 0.0290131815 0.0081590463 0.0368771337 0.0083736592 0.0290705368 0.029294175 0.0223852976 0.0059520025 0.0124496058 0.024364835
33 0.0083460259 0.0187382014 0.0159925303 0.013039556 0.0298824355 0.0010979919 0.0311552585 0.0368558259 0.0268146299 0.0160225095 0.0415520771 0.0227425758 0.0143042103 0.0280385396 0.0212944366 0.0169142588 0.0275928951 0.0233109452 0.0276875583 0.028923394 0.0073103722 0.0324132073 0.0174159467 0.0285437812 0.0239309458 0.0105786311 0.0201316027 0.0254293245 0.018312581 0.029263233 0.0348722893 0.0311496943 0.0 0.0151959736 0.0362585819 0.025940915 0.0320935471 0.0212187568 0.0362158625 0.0166226027 0.023863003 0.0259864656 0.0169515853 0.004834465 0.0151607765
34 0.010453907 0.0235165062 0.0426069247 0.0088442371 0.029740213 0.0312976574 0.0207777167 0.0201460542 0.0307560617 0.0190460732 0.0262600524 0.0265280244 0.0223515347 0.0365982859 0.0275728402 0.0302865768 0.0198825676 0.0201061016 0.0307816721 0.0070245326 0.0223680541 0.0188846569 0.0087484115 0.0118508452 0.0427389209 0.0110270487 0.0298626076 0.0262771935 0.0100781308 0.0183286608 0.0360493144 0.0388162389 0.0151959736 0.0 0.0309249053 0.0102134071 0.0187158443 0.0079367686 0.0215631705 0.0364476806 0.0034255617 0.0148153999 0.0321147429 0.033084333 0.0159545898
35 0.009056702 0.0229171502 0.0246218158 0.025969167 0.030337899 0.0372685559 0.0152161532 0.009615973 0.0316900518 0.0264339908 0.0384132602 0.0193473915 0.0216382024 0.0188406352 0.0253760613 0.0045518887 0.0287965878 0.014785426 0.0334949488 0.0357925479 0.0209136159 0.0281931108 0.0366497673 0.0323448423 0.0139643552 0.0031490196 0.0212241653 0.0152083587 0.0197813424 0.0216081012 0.020409733 0.0310881939 0.0362585819 0.0309249053 0.0 0.0209264328 0.0270013619 0.0284687967 0.017516902 0.0071285269 0.0130073894 0.0201388337 0.0278747438 0.0183170697 0.0137374421
36 0.0392867567 0.0168451651 0.0380354906 0.0279554397 0.0185580466 0.0067659877 0.0270758222 0.0190022087 0.0129073522 0.0199312947 0.0185897192 0.0181934347 0.0151175075 0.0145057044 0.0116927721 0.0269362984 0.0256531113 0.0289513507 0.0268020044 0.0282678778 0.0194431769 0.0254732797 0.0181941764 0.0256865303 0.0110154858 0.022359011 0.0136487282 0.005288361 0.0222253714 0.0158039327 0.0177239012 0.0290131815 0.025940915 0.0102134071 0.0209264328 0.0 0.0302499579 0.0340338948 0.0367477901 0.0256709178 0.014107814 0.0392414669 0.0365131079 0.0265469525 0.0328588623
37 0.0120962104 0.0198085528 0.0284668041 0.0306660053 0.0290254636 0.0293446816 0.0244400849 0.028063436 0.0175598111 0.0330170417 0.0174441707 0.0176442041 0.0268054989 0.0223472745 0.0148619376 0.0126302848 0.0213678798 0.0135526012 0.0076603758 0.0313807729 0.0428458898 0.0272262086 0.0213480004 0.0232080477 0.0140269009 0.0260777378 0.0207888859 0.012657465 0.0287879204 0.0171983669 0.0351861635 0.0081590463 0.0320935471 0.0187158443 0.0270013619 0.0302499579 0.0 0.0241782456 0.0230204986 0.0298799485 0.0379462018 0.0051846468 0.0114658733 0.0127422376 0.031827912
38 0.026659942 0.0200454406 0.0200038838 0.0225599913 0.0414743736 0.0249681487 0.016982941 0.0131179754 0.0054440728 0.0286673724 0.0224009514 0.0399274031 0.0288172724 0.0381777462 0.0226358105 0.0179410453 0.0119536914 0.015328321 0.0132196391 0.0156625964 0.0248598037 0.029674853 0.0196873351 0.024328461 0.0263408339 0.0245438303 0.0064073977 0.023788431 0.0216384666 0.0345912388 0.0194122371 0.0368771337 0.0212187568 0.0079367686 0.0284687967 0.0340338948 0.0241782456 0.0 0.0091280766 0.0275670847 0.0202135088 0.0276725179 0.022067531 0.022466901 0.0169092772
39 0.0250167693 0.0354166846 0.0272865194 0.0101192145 0.0069961591 0.0204272675 0.0387900264 0.0303764189 0.026852052 0.0237773189 0.0385956033 0.0313690961 0.0117081833 0.0047109473 0.0208743482 0.0288136036 0.0165914395 0.0365705855 0.0301628859 0.0032838655 0.0231276731 0.0221963417 0.0218357486 0.0256554623 0.0105593758 0.0289128403 0.0333544016 0.0245932299 0.027382575 0.0162099453 0.0153456688 0.0083736592 0.0362158625 0.0215631705 0.017516902 0.0367477901 0.0230204986 0.0091280766 0.0 0.00412594 0.0175544272 0.0275447769 0.0281660607 0.0254410424 0.0276895424
40 0.0213639599 0.0222429383 0.033885094 0.0126482416 0.0128071538 0.0388128272 0.0380211752 0.0080113395 0.0423259739 0.0282586527 0.0186046372 0.016310795 0.0206814765 0.03275085 0.0154718966 0.0324159306 0.0136817904 0.0101655125 0.0161618779 0.0120957187 0.0158999107 0.0358905871 0.0284881432 0.0244597789 0.0229417898 0.0170110841 0.0176307271 0.0139704556 0.0255714758 0.0249133031 0.0199396204 0.0290705368 0.0166226027 0.0364476806 0.0071285269 0.0256709178 0.0298799485 0.0275670847 0.00412594 0.0 0.0319605698 0.0276355669 0.0126297907 0.036328123 0.0214979946
41 0.0342326746 0.0406183765 0.0347328347 0.0249450284 0.0211936079 0.0257757 0.015399229 0.0089670553 0.0299774677 0.0329435244 0.0209519497 0.0165751041 0.0197873838 0.018275166 0.0009365152 0.0131660976 0.0216530029 0.0315293529 0.0127398607 0.0287610027 0.0313537045 0.0138438871 0.03052343 0.0398145012 0.0315139849 0.0254365164 0.0255722796 0.0209846007 0.0222865053 0.0169299562 0.029622434 0.029294175 0.023863003 0.0034255617 0.0130073894 0.014107814 0.0379462018 0.0202135088 0.0175544272 0.0319605698 0.0 0.0216824359 0.0160365323 0.0179019031 0.0119637436
42 0.0141831494 0.0237236404 0.0170158008 0.0333251985 0.0284621374 0.0273279326 0.024623387 0.0144320259 0.0196172762 0.024813473 0.028708971 0.0145088882 0.0347241961 0.0161100589 0.0185701214 0.0370606433 0.020501469 0.0255240969 0.0212558795 0.0408812654 0.0122367317 0.0256101327 0.0218721979 0.0282803853 0.0256228867 0.0198601135 0.0276248224 0.0119962082 0.0017735626 0.0366801485 0.0181073775 0.0223852976 0.0259864656 0.0148153999 0.0201388337 0.0392414669 0.0051846468 0.0276725179 0.0275447769 0.0276355669 0.0216824359 0.0 0.0203301869 0.0135391922 0.0188090349
43 0.0214092466 0.0276037784 0.0272387395 0.0304663448 0.0212354547 0.0281158117 0.0197981636 0.0296370235 0.012956559 0.0153549106 0.0249672112 0.0058196967 0.019522561 0.0353096492 0.0233615902 0.0236208486 0.0370850088 0.00935134 0.00887538 0.0108447169 0.0216699495 0.0292273946 0.0201614396 0.0272069393 0.0329156486 0.0290275772 0.0307942953 0.0455111226 0.0273184122 0.01859351 0.0348149796 0.0059520025 0.0169515853 0.0321147429 0.0278747438 0.0365131079 0.0114658733 0.022067531 0.0281660607 0.0126297907 0.0160365323 0.0203301869 0.0 0.0132343448 0.0068481942
44 0.010382958 0.0128212318 0.0162764562 0.0260392047 0.011890997 0.0245842868 0.0186273653 0.0127770331 0.034867712 0.0244310799 0.0211381006 0.0362639783 0.0263111294 0.0184718258 0.0266871527 0.0382528082 0.0337460565 0.0298020768 0.0153598783 0.0264341125 0.014341034 0.0350229 0.023468812 0.02085376 0.0226150066 0.0303157802 0.028822366 0.0293289445 0.0316729505 0.0202392765 0.0156311435 0.0124496058 0.004834465 0.033084333 0.0183170697 0.0265469525 0.0127422376 0.022466901 0.0254410424 0.036328123 0.0179019031 0.0135391922 0.0132343448 0.0 0.0256364123
45 0.0201638222 0.030561233 0.0353983832 0.0423970026 0.0285675161 0.015208065 0.027380417 0.0326236648 0.0138340515 0.0295743685 0.0339150755 0.0035025716 0.0126211398 0.0216794824 0.0254125204 0.0284496668 0.0119164538 0.0104876953 0.0124559109 0.0239394254 0.0176344188 0.0269334587 0.0329002032 0.0061876671 0.0265816815 0.0160665116 0.0257494132 0.0471589793 0.0254351004 0.0375738652 0.0144316179 0.024364835 0.0151607765 0.0159545898 0.0137374421 0.0328588623 0.031827912 0.0169092772 0.0276895424 0.0214979946 0.0119637436 0.0188090349 0.0068481942 0.0256364123 0.0
