64
1 0.0099235876 0.0208876122 0.0213109524 0.0066684291 0.0150350083 0.0120157703 0.0256699758 0.0219153095 0.0118857956 0.0087511647 0.0103591007 0.0150870176 0.0212509081 0.0111373722 0.0135829716 0.0218158239 0.0196335232 0.0200446287 0.0110808191 0.027918754 0.0222965536 0.0190999944 0.0212176125 0.0122883935 0.0198084559 0.0160171759 0.0079989207 0.0238334867 0.0244974285 0.0154973369 0.0162266407 0.0159195975 0.0123643295 0.0214065441 0.0125961615 0.0155945426 0.0099850706 0.0176786835 0.0135888808 0.0083124177 0.0136990261 0.0143198611 0.0224613546 0.0147162365 0.0137714648 0.0060240976 0.0174143824 0.0183373816 0.0082521936 0.0099354317 0.0136423472 0.0248393062 0.0166105255 0.0142390554 0.0081071318 0.0120618767 0.0188779592 0.0106512636 0.0174519433 0.0181171494 0.0112262843 0.011832579 0.0160983996 0.0151099969 
2 0.0208876122 0.0181639883 0.0138893033 0.0247969895 0.0114586355 0.0076389086 0.0172141803 0.0142759742 0.0158101893 0.0075548513 0.0258040579 0.022973333 0.0273934495 0.0142301457 0.0109403288 0.009873127 0.0063515532 0.018005438 0.0081546828 0.014932846 0.0110576738 0.0155505176 0.024454088 0.0100305531 0.0092503558 0.0131242742 0.006110207 0.0166982626 0.0098913631 0.0176418729 0.0140454817 0.0074738187 0.0159164335 0.0070197934 0.0216604385 0.0256577124 0.0204988065 0.0266452614 0.0225471759 0.0160428675 0.0161043629 0.0137741724 0.0111993199 0.0094961219 0.0098631105 0.0188253239 0.0159952709 0.0083409955 0.0159959842 0.0190152706 0.0062670132 0.0075663965 0.0249468016 0.0162382646 0.0265037145 0.0165714679 0.016186385 0.0205851288 0.0208374926 0.0236812352 0.0116763645 0.0131272499 0.0142771048 0.0212588962 
3 0.0213109524 0.0138893033 0.0120112375 0.0214269156 0.0143375419 0.0183029444 0.0109616438 0.0205427342 0.0283057432 0.0100041536 0.0065554711 0.0183508049 0.0083612917 0.0039450833 0.0108783674 0.0120445483 0.0131811549 0.0141264677 0.0187256024 0.0129283384 0.011135082 0.0094788188 0.0315222438 0.0291239013 0.0136496648 0.0119254171 0.0195706542 0.0199943806 0.0121493263 0.0082302862 0.0105531647 0.0066436622 0.0270599011 0.0305344952 0.0221081993 0.0138369875 0.0185030501 0.0159790681 0.0203342787 0.014664451 0.0096015687 0.0096092937 0.0232569721 0.0160312832 0.015398961 0.0094632679 0.007822632 0.0154065989 0.0247673069 0.0101273517 0.0172378081 0.0129768527 0.0173460306 0.0288132172 0.0148504457 0.0150323427 0.0132978641 0.0081590838 0.017395816 0.0174711509 0.0106054137 0.0205371444 0.0160869592 0.0115173021 
4 0.0066684291 0.0247969895 0.0214269156 0.0097729345 0.0208807733 0.0147384702 0.0168122529 0.0132413802 0.011218639 0.0141991954 0.0237679943 0.0208001218 0.0181849674 0.0177449299 0.0117914165 0.012589444 0.018476026 0.0119853749 0.017289571 0.0306096233 0.0199702981 0.0142831153 0.0104406992 0.0166680858 0.0236208142 0.0146846852 0.0044164148 0.0081284833 0.0312499733 0.0225532216 0.0105832454 0.019348358 0.0123906152 0.0114108987 0.012895849 0.0209167728 0.0142425583 0.0121128677 0.0095607493 0.0238617973 0.0089865074 0.0174250695 0.0117260232 0.0126691215 0.0251215794 0.010671623 0.013956035 0.0175189407 0.0177321175 0.0091347767 0.0194923331 0.0323595737 0.0097428051 0.0085244972 0.007095446 0.0128997198 0.0167403555 0.0162992058 0.0267826028 0.0095763655 0.0089538017 0.0101891787 0.0141728602 0.0118945099 
5 0.0150350083 0.0114586355 0.0143375419 0.0208807733 0.0163617929 0.0107539289 0.0207875273 0.0157344877 0.0075038899 0.0113234346 0.009767436 0.0147812118 0.0189424568 0.0105901771 0.0080330625 0.0265535693 0.0222341226 0.0124633357 0.0213180802 0.0137036663 0.0095252941 0.0104914975 0.0236803418 0.020246998 0.0211211379 0.0163668227 0.0140383749 0.0167267373 0.0140397467 0.0216353386 0.0194686025 0.0281379676 0.0123609939 0.0130009403 0.0223965454 0.0111501056 0.0257360137 0.0068760152 0.0148948447 0.0047972751 0.0104339398 0.015070138 0.0121478874 0.0198951762 0.0240082633 0.0139062366 0.0063447156 0.0210638963 0.0106602661 0.015985119 0.015941504 0.0095210407 0.0234785144 0.0089501822 0.0171596676 0.0068710641 0.0118573338 0.009192383 0.0282504081 0.0190265519 0.0240291682 0.0127030995 0.0150463763 0.0192013363 
6 0.0120157703 0.0076389086 0.0183029444 0.0147384702 0.0107539289 0.003880178 0.0244534117 0.0199612493 0.0133693592 0.0145994302 0.0146481201 0.0108072838 0.0107796479 0.0110371035 0.0141559608 0.0073929174 0.0187919777 0.0133015625 0.0103741736 0.0216174723 0.0110625254 0.0143707469 0.0108642438 0.0110345714 0.0287265821 0.0136550587 0.0177245382 0.0224951676 0.0182290402 0.0171296542 0.0155083632 0.0205272927 0.0173140268 0.0191600989 0.0106350998 0.0178434078 0.0188773581 0.0166476061 0.0172887706 0.0262181314 0.0163895187 0.0121384036 0.0249265122 0.0161111142 0.0118660645 0.0129084127 0.0139740979 0.0162194402 0.0164636599 0.0190219717 0.0170636372 0.0099418848 0.0154272581 0.003330618 0.0151782025 0.0170358553 0.007833532 0.0101139838 0.0210197796 0.0069558557 0.019885279 0.0259248607 0.0256097519 0.0267281518 
7 0.0256699758 0.0172141803 0.0109616438 0.0168122529 0.0207875273 0.0244534117 0.024611791 0.0134956361 0.0119063327 0.0096057679 0.0154157555 0.0086255732 0.0076992486 0.0338926972 0.0096121181 0.0115073743 0.019373769 0.0147113143 0.0070397531 0.0071587138 0.0199644627 0.0116591157 0.0094028098 0.0185542551 0.010925269 0.0156147117 0.0202103025 0.0154218655 0.0190868668 0.0182375761 0.0164796499 0.0080448938 0.0114188435 0.0122651161 0.0189448119 0.0178838806 0.0060544584 0.0173508048 0.0128654249 0.0162819738 0.0122660406 0.0226686495 0.0098541444 0.0138004729 0.0229465864 0.0192609254 0.012437988 0.0130069276 0.0250535676 0.0183051579 0.0161651382 0.0109053114 0.0107896272 0.0135838769 0.0156227995 0.0240136504 0.0123218936 0.0289046553 0.0178228572 0.0161810166 0.0168321183 0.0161877949 0.0060118418 0.0178350291 
8 0.0219153095 0.0142759742 0.0205427342 0.0132413802 0.0157344877 0.0199612493 0.0134956361 0.0244990962 0.0218084825 0.0131086528 0.0171894583 0.0142868345 0.0106246611 0.0178832555 0.0144885102 0.020742063 0.0165372717 0.0213768632 0.0027838747 0.0191139848 0.0155524433 0.018110747 0.0001649668 0.0144148806 0.0232597876 0.0126274996 0.0211565706 0.0091301646 0.0283950858 0.0324458327 0.012223704 0.0169017605 0.0149650567 0.0113917618 0.0120806488 0.0163465013 0.0198347038 0.0094740564 0.01462109 0.0103298706 0.0179056415 0.0238589433 0.0119261896 0.01438959 0.0181801767 0.0109876254 0.0199013955 0.0289073271 0.0122489084 0.009644174 0.0130409765 0.0052122301 0.0171525485 0.0038978207 0.0181698797 0.0111739629 0.0108031986 0.014752262 0.0239604756 0.0136073498 0.0127606148 0.0221912422 0.0124214109 0.0058691441 
9 0.0118857956 0.0158101893 0.0283057432 0.011218639 0.0075038899 0.0133693592 0.0119063327 0.0218084825 0.0109118688 0.0054674396 0.0191692916 0.0100551829 0.0170725599 0.0141327146 0.0155772631 0.0244466701 0.003216439 0.0245218352 0.0061546934 0.0197438114 0.0257580099 0.011655021 0.0134517653 0.0126036235 0.0131185585 0.0170159888 0.0082049906 0.0161700879 0.0165248674 0.014430894 0.0123375741 0.0199168312 0.0128430736 0.0164990365 0.0085499386 0.0195005158 0.0126750506 0.0166215246 0.0289416019 0.0066807142 0.0112033621 0.0240817552 0.0054893238 0.0168335602 0.0125862802 0.0081469608 0.0246324139 0.0095840084 0.0089804149 0.0237042966 0.0070181654 0.0099891199 0.0235683229 0.0227200733 0.022088321 0.022883792 0.0194431023 0.0128848743 0.0161438292 0.0159441817 0.0159659806 0.019844264 0.0305236499 0.0199620785 
10 0.0087511647 0.0075548513 0.0100041536 0.0141991954 0.0113234346 0.0145994302 0.0096057679 0.0131086528 0.0054674396 0.0145940046 0.0215515135 0.0160400638 0.019668346 0.0170612728 0.0101482448 0.0127585144 0.0193818959 0.0153207827 0.0294893582 0.0228275881 0.0146562769 0.0125451575 0.0109185822 0.0126189384 0.0160494879 0.0224071372 0.0202354488 0.0163982944 0.0130343529 0.0154352439 0.02380853 0.033688875 0.0140788442 0.0160848821 0.0153388983 0.0303569169 0.0107472875 0.0172842677 0.0126165779 0.0271346746 0.0159274195 0.0042751326 0.027710442 0.0090147253 0.0148756413 0.0178150427 0.02000305 0.0285412635 0.0232897277 0.01249246 0.0155701857 0.0089297687 0.0074599472 0.0201643183 0.0172266841 0.0101640793 0.0085486801 0.0133020959 0.0083905607 0.0226498888 0.0046821527 0.0161683865 0.0082227571 0.015681241 
11 0.0103591007 0.0258040579 0.0065554711 0.0237679943 0.009767436 0.0146481201 0.0154157555 0.0171894583 0.0191692916 0.0215515135 0.0064907362 0.0158666512 0.0174156499 0.0123917784 0.0125410922 0.0166783639 0.02084684 0.0348610862 0.0205141377 0.0130398037 0.0117013314 0.0148719836 0.0106395382 0.0178379845 0.0078617318 0.0174394399 0.0079521579 0.0201658434 0.007466913 0.0070564639 0.0203254426 0.0116792291 0.020520501 0.0148561814 0.0105389405 0.0143398289 0.0164623965 0.0184550602 0.0195842102 0.0143712793 0.0294238505 0.0209475653 0.0102667299 0.0218761525 0.0146195581 0.0119393365 0.0107311804 0.0150058857 0.0167825126 0.0087723335 0.0233304482 0.0165790572 0.0269889862 0.0142099268 0.0090548925 0.0065320952 0.0116973387 0.0153464634 0.0150423563 0.0249823706 0.0131092296 0.0073277236 0.0203458874 0.0160873236 
12 0.0150870176 0.022973333 0.0183508049 0.0208001218 0.0147812118 0.0108072838 0.0086255732 0.0142868345 0.0100551829 0.0160400638 0.0158666512 0.0262586304 0.0078597357 0.0248368948 0.0256722651 0.0219328881 0.0162549297 0.025873167 0.0172321832 0.0045150902 0.0105835682 0.0064276601 0.013545157 0.0018461709 0.019616353 0.0166922403 0.0150345985 0.0180354311 0.0226378345 0.0112856052 0.0219254698 0.0102504943 0.0214266629 0.0178890153 0.0151391653 0.0098024234 0.0180422662 0.0175682356 0.0231364358 0.0112836287 0.022589308 0.0064952823 0.0141617353 0.0102434946 0.0121956495 0.0080825461 0.0172666009 0.0108173226 0.0220298157 0.0201257842 0.009576618 0.0242375588 0.0086048643 0.0372762842 0.0171140243 0.0030204418 0.0193568247 0.0073156407 0.0076483995 0.0262082172 0.0171293555 0.0176172988 0.0067083524 0.0139003022 
13 0.0212509081 0.0273934495 0.0083612917 0.0181849674 0.0189424568 0.0107796479 0.0076992486 0.0106246611 0.0170725599 0.019668346 0.0174156499 0.0078597357 0.0046663537 0.0066677567 0.0256964785 0.0238946527 0.0243047686 0.0175956984 0.0176060298 0.0150929958 0.0181279516 0.0109464647 0.0072644768 0.0234582243 0.0139964314 0.0154995416 0.0259582556 0.0069867541 0.0150047969 0.0139624333 0.0125362289 0.0190468816 0.0177468129 0.010511519 0.0175932399 0.0172858946 0.0122269759 0.0115792512 0.0124593463 0.0176754021 0.0116879456 0.01857281 0.010500948 0.0146284325 0.0145924554 0.0182150789 0.010937034 0.0212968016 0.0165911 0.022352664 0.0179405167 0.0136680198 0.0197888915 0.013031832 0.0138710211 0.0180635473 0.0132914103 0.0055122034 0.0120513761 0.0216841543 0.0192318688 0.0159076089 0.0246127941 0.0113249462 
14 0.0111373722 0.0142301457 0.0039450833 0.0177449299 0.0105901771 0.0110371035 0.0338926972 0.0178832555 0.0141327146 0.0170612728 0.0123917784 0.0248368948 0.0066677567 0.0236245014 0.0259974939 0.0187033861 0.0081255213 0.0237770221 0.0118607669 0.0076227364 0.0051562937 0.0106377601 0.0048036945 0.021317206 0.0176145564 0.0195617177 0.0195917517 0.007688421 0.0083582772 0.0225979896 0.0310899338 0.0188831647 0.0104240029 0.0229926468 0.0262284931 0.0063025467 0.0114856279 0.0157274284 0.0232391384 0.0195729506 0.0011387735 0.0112490355 0.0274497016 0.0165856355 0.0165547642 0.0312229471 0.0147224011 0.0163083919 0.0211416584 0.0102731499 0.0117994921 0.0136950921 0.0200118235 0.0096930763 0.0100668882 0.0195529734 0.0149703582 0.0209938851 0.0111814568 0.0126701295 0.0145013202 0.0121007741 0.0067419853 0.0168380755 
15 0.0135829716 0.0109403288 0.0108783674 0.0117914165 0.0080330625 0.0141559608 0.0096121181 0.0144885102 0.0155772631 0.0101482448 0.0125410922 0.0256722651 0.0256964785 0.0259974939 0.0195424457 0.0153914331 0.00917508 0.0243268236 0.0146248661 0.0217805719 0.0083567974 0.0197183821 0.0226800671 0.0076549202 0.0115852667 0.0203424105 0.0176049653 0.0110203838 0.0187557287 0.0217088969 0.0090931964 0.0170947818 0.004027321 0.0191147152 0.0113519109 0.0118732538 0.0097696105 0.0100690054 0.0209493379 0.0121814164 0.0153779663 0.0180210098 0.0287646226 0.0172101739 0.0095901778 0.0231508389 0.0114929533 0.0159042208 0.0186479671 0.0251585575 0.0084360261 0.0140480658 0.0137599886 0.0093274544 0.0187446654 0.0251331076 0.0112404596 0.0139156934 0.0165217898 0.0223750668 0.0239860491 0.0086698489 0.01620441 0.0154097252 
16 0.0218158239 0.009873127 0.0120445483 0.012589444 0.0265535693 0.0073929174 0.0115073743 0.020742063 0.0244466701 0.0127585144 0.0166783639 0.0219328881 0.0238946527 0.0187033861 0.0153914331 0.0041359548 0.0223358257 0.0130803861 0.0140532377 0.0106943839 0.0173897137 0.0241549056 0.027175657 0.0187045502 0.016851073 0.0158057495 0.030119688 0.0103055112 0.0106061852 0.0191634678 0.0295109144 0.0210865009 0.0175363961 0.0263248214 0.0232506826 0.0055871797 0.0186242983 0.0108923795 0.0112109525 0.0059018068 0.0099891661 0.0193197818 0.0013444634 0.0064644757 0.0032586889 0.0202571881 0.0167954758 0.0219570156 0.0048003657 0.0122628773 0.0155069425 0.0216709477 0.0181710944 0.0085982213 0.0066842805 0.0108835257 0.0125342619 0.0094627894 0.0228760785 0.0234433753 0.0182113614 0.0180376289 0.009338188 0.0073048092 
17 0.0196335232 0.0063515532 0.0131811549 0.018476026 0.0222341226 0.0187919777 0.019373769 0.0165372717 0.003216439 0.0193818959 0.02084684 0.0162549297 0.0243047686 0.0081255213 0.00917508 0.0223358257 0.0173128523 0.0149871405 0.0195725419 0.0138432672 0.0264797256 0.0175275016 0.0147109623 0.0128866486 0.0110351217 0.0048388848 0.01562447 0.0185402512 0.0175803164 0.0054350474 0.0200144955 0.0127789027 0.0208752939 0.0124920833 0.0088361646 0.0115389349 0.0204287574 0.0077563691 0.0129315914 0.0107315083 0.012156166 0.0193661703 0.0096550594 0.0234907323 0.0208699318 0.0334618847 0.0117248217 0.0080030591 0.0287353634 0.0214653097 0.0096480608 0.0132104251 0.0256696463 0.0076233044 0.0075336974 0.0140699618 0.0239036898 0.0193262284 0.0160405124 0.0068821189 0.0169957675 0.0144998653 0.0118158013 0.0168728908 
18 0.0200446287 0.018005438 0.0141264677 0.0119853749 0.0124633357 0.0133015625 0.0147113143 0.0213768632 0.0245218352 0.0153207827 0.0348610862 0.025873167 0.0175956984 0.0237770221 0.0243268236 0.0130803861 0.0149871405 0.0117788056 0.004359239 0.0076389879 0.0151026365 0.0171240433 0.0104874377 0.0197268861 0.0215792755 0.0138518109 0.0090456158 0.0089574672 0.0141199125 0.0063307324 0.0166133625 0.0095623091 0.0081854978 0.0277815591 0.0214283284 0.0171696006 0.015075997 0.0211750962 0.0220030901 0.0058124758 0.0164683997 0.0173507424 0.0087576789 0.0138645742 0.0166464756 0.0076961613 0.0204738043 0.0145483008 0.0174738234 0.0145015039 0.0128830247 0.015398682 0.0205289566 0.0148782842 0.0089273046 0.0174701681 0.0082000592 0.0058545909 0.0057788583 0.016404835 0.0288188151 0.0243870535 0.0177545766 0.0096642331 
19 0.0110808191 0.0081546828 0.0187256024 0.017289571 0.0213180802 0.0103741736 0.0070397531 0.0027838747 0.0061546934 0.0294893582 0.0205141377 0.0172321832 0.0176060298 0.0118607669 0.0146248661 0.0140532377 0.0195725419 0.004359239 0.0300743614 0.0190373486 0.0140978967 0.0147028425 0.0142793227 0.0135098068 0.0225045713 0.0046337385 0.0104385791 0.0127073918 0.0202999461 0.0076879047 0.0183748146 0.0212748611 0.0093834352 0.0062185512 0.0201511958 0.013386647 0.0121782539 0.0126447797 0.0204007931 0.0254403237 0.010074082 0.0247858607 0.0149308458 0.0138443991 0.0205203038 0.008515053 0.021217759 0.0251510579 0.0171364569 0.0098824689 0.0227144891 0.019945128 0.0170062859 0.0202382812 0.0155378331 0.0095358078 0.0198249754 0.0164575893 0.0354485756 0.0178100016 0.0133255769 0.0051549058 0.0089264847 0.0163548023 
20 0.027918754 0.014932846 0.0129283384 0.0306096233 0.0137036663 0.0216174723 0.0071587138 0.0191139848 0.0197438114 0.0228275881 0.0130398037 0.0045150902 0.0150929958 0.0076227364 0.0217805719 0.0106943839 0.0138432672 0.0076389879 0.0190373486 0.0136893919 0.0091601 0.0173748436 0.0087045661 0.0132498276 0.0126895159 0.0192780835 0.0171430659 0.0190756884 0.0178971468 0.0091611736 0.0223014519 0.0349658057 0.0109202839 0.0123315535 0.0062887238 0.0179637063 0.0117303294 0.0048916005 0.0113653295 0.0176965028 0.009184232 0.0218076314 0.0125644046 0.0140364259 0.0041907678 0.0184609719 0.0194811707 0.0138776019 0.0144106704 0.015242728 0.0095385909 0.0220363678 0.0106834126 0.0208639232 0.0189756335 0.0252936495 0.0160612282 0.0124137963 0.0211753667 0.0145271844 0.0166918395 0.015879658 0.018118756 0.0227853144 
21 0.0222965536 0.0110576738 0.011135082 0.0199702981 0.0095252941 0.0110625254 0.0199644627 0.0155524433 0.0257580099 0.0146562769 0.0117013314 0.0105835682 0.0181279516 0.0051562937 0.0083567974 0.0173897137 0.0264797256 0.0151026365 0.0140978967 0.0091601 0.0120624112 0.0072174948 0.0146556669 0.0121026656 0.0160591503 0.0225983621 0.0080890452 0.0169560723 0.0180535222 0.0157378308 0.0152867866 0.0172945232 0.0150029137 0.016361997 0.0294412942 0.0120781857 0.0099748184 0.0155586054 0.0213847316 0.0106971032 0.0142895809 0.0222733629 0.0195104686 0.0080266563 0.0106146162 0.0106588331 0.0121588708 0.0217696227 0.0155278153 0.0204814878 0.0206403911 0.0154817811 0.0123236432 0.0179453117 0.0245754971 0.0222188761 0.0154731793 0.0209242498 0.0087125889 0.0013128645 0.0231454367 0.0222627596 0.0169777653 0.0189465258 
22 0.0190999944 0.0155505176 0.0094788188 0.0142831153 0.0104914975 0.0143707469 0.0116591157 0.018110747 0.011655021 0.0125451575 0.0148719836 0.0064276601 0.0109464647 0.0106377601 0.0197183821 0.0241549056 0.0175275016 0.0171240433 0.0147028425 0.0173748436 0.0072174948 0.007848801 0.0238436548 0.0207798364 0.0060693018 0.0154706962 0.0156110288 0.032988565 0.007801724 0.0127561581 0.0155397379 0.0208752821 0.016261148 0.0132602277 0.0085627515 0.0140594397 0.0195557282 0.0274384099 0.0125324909 0.0064793721 0.0201265969 0.013174818 0.0163540501 0.0120453607 0.0210151641 0.0162725376 0.0190241766 0.0129956068 0.0305277352 0.0034445578 0.0054982513 0.0155892608 0.0136971641 0.0146406315 0.0106954752 0.0199045693 0.0111912722 0.0197493538 0.0176387295 0.0254173322 0.0168982011 0.0240534406 0.0316449522 0.0127177942 
23 0.0212176125 0.024454088 0.0315222438 0.0104406992 0.0236803418 0.0108642438 0.0094028098 0.0001649668 0.0134517653 0.0109185822 0.0106395382 0.013545157 0.0072644768 0.0048036945 0.0226800671 0.027175657 0.0147109623 0.0104874377 0.0142793227 0.0087045661 0.0146556669 0.0238436548 0.0102974997 0.0096603064 0.0246046954 0.0208069768 0.0153821034 0.0125695224 0.0140387566 0.0096262616 0.0207829848 0.015805884 0.0176158009 0.0372943897 0.0094852505 0.0200010209 0.0138739837 0.0141388065 0.0123563206 0.0088111659 0.0131345244 0.0215555693 0.0147807118 0.0187873161 0.0223904354 0.0129827098 0.0139478427 0.0073460696 0.0189569667 0.0124361097 0.0098455594 0.0084348469 0.0088137917 0.0173904951 0.0224046336 0.0162594732 0.0190695022 0.0161621941 0.0200227435 0.0149453758 0.0200274366 0.0116108243 0.0207345166 0.0219010675 
24 0.0122883935 0.0100305531 0.0291239013 0.0166680858 0.020246998 0.0110345714 0.0185542551 0.0144148806 0.0126036235 0.0126189384 0.0178379845 0.0018461709 0.0234582243 0.021317206 0.0076549202 0.0187045502 0.0128866486 0.0197268861 0.0135098068 0.0132498276 0.0121026656 0.0207798364 0.0096603064 0.0235925867 0.0273609871 0.0176169298 0.0138332363 0.0162738692 0.0124587314 0.014434164 0.006232804 0.0110727687 0.0282571064 0.022048647 0.0140018049 0.0163390646 0.0108479285 0.0043984268 0.0165322231 0.0097459634 0.0101822044 0.0163042963 0.0199796837 0.008915904 0.0145640592 0.0167108785 0.0053087362 0.010602743 0.0250246764 0.0093412488 0.0160081425 0.0198591465 0.0260118456 0.0339595532 0.01299848 0.0102022131 0.0174579715 0.0290433836 0.013836015 0.0094438638 0.0164137873 0.0186024273 0.0137727831 0.010089481 
25 0.0198084559 0.0092503558 0.0136496648 0.0236208142 0.0211211379 0.0287265821 0.010925269 0.0232597876 0.0131185585 0.0160494879 0.0078617318 0.019616353 0.0139964314 0.0176145564 0.0115852667 0.016851073 0.0110351217 0.0215792755 0.0225045713 0.0126895159 0.0160591503 0.0060693018 0.0246046954 0.0273609871 0.026194299 0.014288536 0.0150731011 0.0129809814 0.0120109819 0.0119360755 0.0102519565 0.0134775375 0.0170644107 0.0152473743 0.009544394 0.0096096201 0.0181267668 0.0187387242 0.011667732 0.0026000137 0.023653672 0.0072462352 0.026498804 0.0170175669 0.0178287259 0.009381879 0.007610003 0.0214305329 0.009158836 0.0189532731 0.0105706183 0.0176957788 0.0178807053 0.0103046785 0.0167668302 0.006384546 0.0240190339 0.0278444097 0.0178486162 0.0112635563 0.0172612043 0.0137051589 0.0124079834 0.0094967027 
26 0.0160171759 0.0131242742 0.0119254171 0.0146846852 0.0163668227 0.0136550587 0.0156147117 0.0126274996 0.0170159888 0.0224071372 0.0174394399 0.0166922403 0.0154995416 0.0195617177 0.0203424105 0.0158057495 0.0048388848 0.0138518109 0.0046337385 0.0192780835 0.0225983621 0.0154706962 0.0208069768 0.0176169298 0.014288536 0.0089184906 0.0130759409 0.0146767771 0.027144006 0.0102517474 0.0109778131 0.0285491449 0.0259104007 0.0144378461 0.0083850592 0.0132021665 0.0139351407 0.0099586613 0.0120156778 0.0185098515 0.0255478451 0.012691237 0.0116365733 0.0140597304 0.017176755 0.0191734108 0.009385414 0.0112240218 0.0233484631 0.0165599558 0.0143976365 0.0233301624 0.014692523 0.0149630306 0.0375216371 0.007027955 0.0131955166 0.0135198356 0.0060485466 0.0043703007 0.0091391531 0.0273743423 0.0144038452 0.0170994959 
27 0.0079989207 0.006110207 0.0195706542 0.0044164148 0.0140383749 0.0177245382 0.0202103025 0.0211565706 0.0082049906 0.0202354488 0.0079521579 0.0150345985 0.0259582556 0.0195917517 0.0176049653 0.030119688 0.01562447 0.0090456158 0.0104385791 0.0171430659 0.0080890452 0.0156110288 0.0153821034 0.0138332363 0.0150731011 0.0130759409 0.0272173216 0.0135563897 0.0224364188 0.0191878902 0.0072444939 0.024815815 0.0172959119 0.0080416733 0.0088299279 0.0156603636 0.0165190092 0.0244261602 0.0187455024 0.0056836607 0.0206569355 0.0232519268 0.0130405634 0.0253609679 0.0166091541 0.0215926553 0.0107016879 0.0168808762 0.0122403885 0.021307785 0.0121954865 0.0265222864 0.0138723943 0.0097016421 0.0164915143 0.0067238818 0.0156062229 0.0113169761 0.0153050318 0.0147191747 0.0115940545 0.0192873031 0.0154995107 0.0106170155 
28 0.0238334867 0.0166982626 0.0199943806 0.0081284833 0.0167267373 0.0224951676 0.0154218655 0.0091301646 0.0161700879 0.0163982944 0.0201658434 0.0180354311 0.0069867541 0.007688421 0.0110203838 0.0103055112 0.0185402512 0.0089574672 0.0127073918 0.0190756884 0.0169560723 0.032988565 0.0125695224 0.0162738692 0.0129809814 0.0146767771 0.0135563897 0.0141858151 0.0244883901 0.0156076027 0.0060834442 0.0135030063 0.0177977642 0.0112734966 0.0161986212 0.0134155989 0.0177649828 0.0277857473 0.0199675878 0.0226121043 0.0182578684 0.0151570395 0.0165675016 0.023803684 0.020430266 0.0087701539 0.0214339575 0.0128987322 0.0165188943 0.0070783785 0.0234039104 0.0208711539 0.0158051544 0.018288483 0.0080266286 0.0162338739 0.0128001038 0.004125206 0.0152782979 0.0176517157 0.0062681955 0.016045349 0.0065712027 0.0185478373 
29 0.0244974285 0.0098913631 0.0121493263 0.0312499733 0.0140397467 0.0182290402 0.0190868668 0.0283950858 0.0165248674 0.0130343529 0.007466913 0.0226378345 0.0150047969 0.0083582772 0.0187557287 0.0106061852 0.0175803164 0.0141199125 0.0202999461 0.0178971468 0.0180535222 0.007801724 0.0140387566 0.0124587314 0.0120109819 0.027144006 0.0224364188 0.0244883901 0.0079511762 0.011714269 0.0217306771 0.0099038311 0.0089597746 0.0115181284 0.0183824144 0.0087178549 0.0125809209 0.0083470502 0.0145054012 0.0103099724 0.0180152751 0.0263676521 0.0088058781 0.0156627024 0.0107067803 0.0150823479 0.020031657 0.0164207697 0.0133505996 0.0077384396 0.0086920028 0.0196073485 0.0219163288 0.0174203934 0.0184725852 0.0125863159 0.0105724456 0.0241156988 0.0221426399 0.0146183141 0.0196598997 0.0097987455 0.0155556952 0.0097803752 
30 0.0154973369 0.0176418729 0.0082302862 0.0225532216 0.0216353386 0.0171296542 0.0182375761 0.0324458327 0.014430894 0.0154352439 0.0070564639 0.0112856052 0.0139624333 0.0225979896 0.0217088969 0.0191634678 0.0054350474 0.0063307324 0.0076879047 0.0091611736 0.0157378308 0.0127561581 0.0096262616 0.014434164 0.0119360755 0.0102517474 0.0191878902 0.0156076027 0.011714269 0.0217130648 0.0099662117 0.005878469 0.012352664 0.01615128 0.0087170845 0.0169952058 0.0185266716 0.01691391 0.0106117619 0.0196822927 0.0311665954 0.026538256 0.0194547504 0.0168172445 0.0183132285 0.0229316403 0.0113152409 0.0159600654 0.0194981955 0.00786871 0.0126183658 0.0116087742 0.0235829543 0.015582656 0.0075777908 0.021103306 0.0284229141 0.0250235508 0.0140599229 0.0035883494 0.022182102 0.0071691885 0.0143168429 0.0169117683 
31 0.0162266407 0.0140454817 0.0105531647 0.0105832454 0.0194686025 0.0155083632 0.0164796499 0.012223704 0.0123375741 0.02380853 0.0203254426 0.0219254698 0.0125362289 0.0310899338 0.0090931964 0.0295109144 0.0200144955 0.0166133625 0.0183748146 0.0223014519 0.0152867866 0.0155397379 0.0207829848 0.006232804 0.0102519565 0.0109778131 0.0072444939 0.0060834442 0.0217306771 0.0099662117 0.0125599425 0.0085422315 0.0280877586 0.012626925 0.0240652901 0.0164233204 0.0106799965 0.0120949929 0.0031238868 0.0203085609 0.0087168928 0.0180817755 0.0196564403 0.0215985657 0.0175048433 0.0180732077 0.0136397996 0.0057875533 0.0156987265 0.0237256461 0.0110238104 0.0208627667 0.0161098854 0.0117852799 0.0165500501 0.0308283905 0.0261514346 0.0141398868 0.0072543443 0.0102550133 0.0140221496 0.0101722296 0.0119058258 0.0108254007 
32 0.0159195975 0.0074738187 0.0066436622 0.019348358 0.0281379676 0.0205272927 0.0080448938 0.0169017605 0.0199168312 0.033688875 0.0116792291 0.0102504943 0.0190468816 0.0188831647 0.0170947818 0.0210865009 0.0127789027 0.0095623091 0.0212748611 0.0349658057 0.0172945232 0.0208752821 0.015805884 0.0110727687 0.0134775375 0.0285491449 0.024815815 0.0135030063 0.0099038311 0.005878469 0.0085422315 0.0095964234 0.022424368 0.0117662325 0.0141404475 0.0241478668 0.0238023826 0.0022274166 0.0172252312 0.0072863409 0.015815362 0.0066478548 0.0249224673 0.0188270882 0.0075019656 0.0110646845 0.0189342996 0.012874769 0.0024477658 0.0185336078 0.0146450227 0.0125929519 0.0068291365 0.016275062 0.0151076049 0.0068577442 0.0139934498 0.0141487168 0.0095126159 0.0150519082 0.0081904157 0.0275495669 0.0255098175 0.0206049317 
33 0.0123643295 0.0159164335 0.0270599011 0.0123906152 0.0123609939 0.0173140268 0.0114188435 0.0149650567 0.0128430736 0.0140788442 0.020520501 0.0214266629 0.0177468129 0.0104240029 0.004027321 0.0175363961 0.0208752939 0.0081854978 0.0093834352 0.0109202839 0.0150029137 0.016261148 0.0176158009 0.0282571064 0.0170644107 0.0259104007 0.0172959119 0.0177977642 0.0089597746 0.012352664 0.0280877586 0.022424368 0.0158371305 0.0160165346 0.0136284226 0.0053697849 0.0110369981 0.0098713395 0.0058490182 0.0206380822 0.0103441951 0.0094847341 0.0043870395 0.0269441801 0.0220785495 0.0216653963 0.011461137 0.0092312051 0.0271809029 0.0224224359 0.0137780968 0.0147022038 0.0152895391 0.012547607 0.0064228765 0.0166973355 0.0162429955 0.0215734251 0.0199936396 0.030040094 0.0177823004 0.0080939685 0.0088882989 0.0157121859 
34 0.0214065441 0.0070197934 0.0305344952 0.0114108987 0.0130009403 0.0191600989 0.0122651161 0.0113917618 0.0164990365 0.0160848821 0.0148561814 0.0178890153 0.010511519 0.0229926468 0.0191147152 0.0263248214 0.0124920833 0.0277815591 0.0062185512 0.0123315535 0.016361997 0.0132602277 0.0372943897 0.022048647 0.0152473743 0.0144378461 0.0080416733 0.0112734966 0.0115181284 0.01615128 0.012626925 0.0117662325 0.0160165346 0.0095317662 0.0207699344 0.0059792953 0.0196386412 0.0181453524 0.0153624176 0.0166457611 0.0199746077 0.0232526444 0.009543088 0.0109798878 0.0166324833 0.0118850119 0.005215 0.0094722553 0.0116055151 0.0174155328 0.0237082409 0.0171525441 0.0155141978 0.0122737624 0.0118223766 0.0124568488 0.0228651821 0.0169286099 0.0191936878 0.0209335133 0.0109621235 0.017871084 0.0122505653 0.0086871035 
35 0.0125961615 0.0216604385 0.0221081993 0.012895849 0.0223965454 0.0106350998 0.0189448119 0.0120806488 0.0085499386 0.0153388983 0.0105389405 0.0151391653 0.0175932399 0.0262284931 0.0113519109 0.0232506826 0.0088361646 0.0214283284 0.0201511958 0.0062887238 0.0294412942 0.0085627515 0.0094852505 0.0140018049 0.009544394 0.0083850592 0.0088299279 0.0161986212 0.0183824144 0.0087170845 0.0240652901 0.0141404475 0.0136284226 0.0207699344 0.0248099422 0.0187174714 0.0097696409 0.034495716 0.0148788092 0.0033568864 0.0276118665 0.0178399198 0.0113385031 0.0063726631 0.0033592227 0.0046819311 0.0251063184 0.0203652424 0.022809126 0.0125282992 0.0144667456 0.0221133281 0.0125938667 0.0254860428 0.0162367161 0.0223967823 0.0093166818 0.0152029424 0.011134368 0.0279091997 0.0120596264 0.0137940544 0.0102536698 0.0068282843 
36 0.0155945426 0.0256577124 0.0138369875 0.0209167728 0.0111501056 0.0178434078 0.0178838806 0.0163465013 0.0195005158 0.0303569169 0.0143398289 0.0098024234 0.0172858946 0.0063025467 0.0118732538 0.0055871797 0.0115389349 0.0171696006 0.013386647 0.0179637063 0.0120781857 0.0140594397 0.0200010209 0.0163390646 0.0096096201 0.0132021665 0.0156603636 0.0134155989 0.0087178549 0.0169952058 0.0164233204 0.0241478668 0.0053697849 0.0059792953 0.0187174714 0.0159929219 0.0118694812 0.0210776912 0.0191182108 0.0221155928 0.0163545896 0.0150031906 0.0130606143 0.019512728 0.0129053228 0.018189625 0.0214381127 0.0202647653 0.0113187979 0.0143784079 0.0111654405 0.0155812229 0.0195179815 0.0084339139 0.0218350781 0.0221909252 0.0128948372 0.0131315701 0.0206262282 0.0209454696 0.0055838922 0.0216180142 0.0179609041 0.0108608516 
37 0.0099850706 0.0204988065 0.0185030501 0.0142425583 0.0257360137 0.0188773581 0.0060544584 0.0198347038 0.0126750506 0.0107472875 0.0164623965 0.0180422662 0.0122269759 0.0114856279 0.0097696105 0.0186242983 0.0204287574 0.015075997 0.0121782539 0.0117303294 0.0099748184 0.0195557282 0.0138739837 0.0108479285 0.0181267668 0.0139351407 0.0165190092 0.0177649828 0.0125809209 0.0185266716 0.0106799965 0.0238023826 0.0110369981 0.0196386412 0.0097696409 0.0118694812 0.014279331 0.0197166563 0.0097107046 0.026268536 0.0164810687 0.0156616236 0.0114532006 0.0086381929 0.0216392991 0.0189043728 0.0307833948 0.0146282296 0.0125459388 0.0327345099 0.0349861013 0.0098732638 0.020294015 0.008762224 0.0119625162 0.014340805 0.0134327285 0.0130592717 0.0137088605 0.0118243222 0.0120397644 0.0211894871 0.0069660991 0.0124335208 
38 0.0176786835 0.0266452614 0.0159790681 0.0121128677 0.0068760152 0.0166476061 0.0173508048 0.0094740564 0.0166215246 0.0172842677 0.0184550602 0.0175682356 0.0115792512 0.0157274284 0.0100690054 0.0108923795 0.0077563691 0.0211750962 0.0126447797 0.0048916005 0.0155586054 0.0274384099 0.0141388065 0.0043984268 0.0187387242 0.0099586613 0.0244261602 0.0277857473 0.0083470502 0.01691391 0.0120949929 0.0022274166 0.0098713395 0.0181453524 0.034495716 0.0210776912 0.0197166563 0.0245058413 0.0113412709 0.0247295236 0.0173008285 0.0282768024 0.0133007762 0.0082389695 0.0148561399 0.0230303895 0.0169958653 0.0117557616 0.0025240982 0.0073198507 0.0239520028 0.0039512535 0.0111125634 0.0202262924 0.0105182786 0.013900937 0.0212653653 0.0309412149 0.0205042154 0.0100013577 0.0112690528 0.0138592257 0.0213132248 0.0102458706 
39 0.0135888808 0.0225471759 0.0203342787 0.0095607493 0.0148948447 0.0172887706 0.0128654249 0.01462109 0.0289416019 0.0126165779 0.0195842102 0.0231364358 0.0124593463 0.0232391384 0.0209493379 0.0112109525 0.0129315914 0.0220030901 0.0204007931 0.0113653295 0.0213847316 0.0125324909 0.0123563206 0.0165322231 0.011667732 0.0120156778 0.0187455024 0.0199675878 0.0145054012 0.0106117619 0.0031238868 0.0172252312 0.0058490182 0.0153624176 0.0148788092 0.0191182108 0.0097107046 0.0113412709 0.0161240687 0.020904496 0.0112199017 0.0178928388 0.0247081344 0.0204438882 0.0230696293 0.0145338894 0.0136895432 0.0108963309 0.0061780626 0.0045997172 0.010703163 0.0250005619 0.0229743973 0.0203215048 0.0090357202 0.0214297052 0.0172286437 0.0123042578 0.0141056495 0.0151786632 0.0152801024 0.0134408495 0.0131666909 0.0141009919 
40 0.0083124177 0.0160428675 0.014664451 0.0238617973 0.0047972751 0.0262181314 0.0162819738 0.0103298706 0.0066807142 0.0271346746 0.0143712793 0.0112836287 0.0176754021 0.0195729506 0.0121814164 0.0059018068 0.0107315083 0.0058124758 0.0254403237 0.0176965028 0.0106971032 0.0064793721 0.0088111659 0.0097459634 0.0026000137 0.0185098515 0.0056836607 0.0226121043 0.0103099724 0.0196822927 0.0203085609 0.0072863409 0.0206380822 0.0166457611 0.0033568864 0.0221155928 0.026268536 0.0247295236 0.020904496 0.0100902886 0.0163647646 0.0190106249 0.021633199 0.0133562878 0.0147135684 0.0025874055 0.0146294248 0.0166077889 0.0213731915 0.0232192728 0.020124092 0.0124886816 0.0254633176 0.0289521833 0.0255930892 0.0179264726 0.0122545255 0.0143489628 0.0160145839 0.0208895019 0.0182882937 0.0124257901 0.0072589514 0.0220089902 
41 0.0136990261 0.0161043629 0.0096015687 0.0089865074 0.0104339398 0.0163895187 0.0122660406 0.0179056415 0.0112033621 0.0159274195 0.0294238505 0.022589308 0.0116879456 0.0011387735 0.0153779663 0.0099891661 0.012156166 0.0164683997 0.010074082 0.009184232 0.0142895809 0.0201265969 0.0131345244 0.0101822044 0.023653672 0.0255478451 0.0206569355 0.0182578684 0.0180152751 0.0311665954 0.0087168928 0.015815362 0.0103441951 0.0199746077 0.0276118665 0.0163545896 0.0164810687 0.0173008285 0.0112199017 0.0163647646 0.0097849282 0.0135622637 0.01396013 0.0230290224 0.011545033 0.010795322 0.0102078094 0.0078219219 0.0242116809 0.0164668973 0.0209764151 0.0264614792 0.0069364528 0.00611252 0.0052294594 0.0312024129 0.020905832 0.0165008862 0.0085064593 0.0285833632 0.01416528 0.0165045641 0.0129969786 0.0177104361 
42 0.0143198611 0.0137741724 0.0096092937 0.0174250695 0.015070138 0.0121384036 0.0226686495 0.0238589433 0.0240817552 0.0042751326 0.0209475653 0.0064952823 0.01857281 0.0112490355 0.0180210098 0.0193197818 0.0193661703 0.0173507424 0.0247858607 0.0218076314 0.0222733629 0.013174818 0.0215555693 0.0163042963 0.0072462352 0.012691237 0.0232519268 0.0151570395 0.0263676521 0.026538256 0.0180817755 0.0066478548 0.0094847341 0.0232526444 0.0178399198 0.0150031906 0.0156616236 0.0282768024 0.0178928388 0.0190106249 0.0135622637 0.0157808606 0.0109893363 0.015272758 0.0217981625 0.0149507978 0.0288991646 0.0023756471 0.0069930839 0.0067716173 0.0094431085 0.0057033925 0.0071254573 0.0134745319 0.0210802485 0.0106445682 0.0124395179 0.0039444456 0.016071062 0.0216648674 0.0042391622 0.0131661685 0.015875005 0.0168850623 
43 0.0224613546 0.0111993199 0.0232569721 0.0117260232 0.0121478874 0.0249265122 0.0098541444 0.0119261896 0.0054893238 0.027710442 0.0102667299 0.0141617353 0.010500948 0.0274497016 0.0287646226 0.0013444634 0.0096550594 0.0087576789 0.0149308458 0.0125644046 0.0195104686 0.0163540501 0.0147807118 0.0199796837 0.026498804 0.0116365733 0.0130405634 0.0165675016 0.0088058781 0.0194547504 0.0196564403 0.0249224673 0.0043870395 0.009543088 0.0113385031 0.0130606143 0.0114532006 0.0133007762 0.0247081344 0.021633199 0.01396013 0.0109893363 0.0183050969 0.0167413504 0.0183540924 0.0102591892 0.0189924825 0.0116767158 0.0287597967 0.0205613403 0.0292152585 0.0105818424 0.0157044715 0.0140467725 0.0105303896 0.0062861707 0.0110635089 0.0217350806 0.0097729914 0.016578572 0.0157151885 0.0198758758 0.0168958911 0.0136716495 
44 0.0147162365 0.0094961219 0.0160312832 0.0126691215 0.0198951762 0.0161111142 0.0138004729 0.01438959 0.0168335602 0.0090147253 0.0218761525 0.0102434946 0.0146284325 0.0165856355 0.0172101739 0.0064644757 0.0234907323 0.0138645742 0.0138443991 0.0140364259 0.0080266563 0.0120453607 0.0187873161 0.008915904 0.0170175669 0.0140597304 0.0253609679 0.023803684 0.0156627024 0.0168172445 0.0215985657 0.0188270882 0.0269441801 0.0109798878 0.0063726631 0.019512728 0.0086381929 0.0082389695 0.0204438882 0.0133562878 0.0230290224 0.015272758 0.0167413504 0.0225705598 0.0198888481 0.0279302565 0.0224309739 0.0202229903 0.0133047891 0.0123881655 0.0226263314 0.0041438568 0.0108682727 0.0185655211 0.0148742099 0.0121439657 0.022506576 0.0124349047 0.0099975167 0.0104808652 0.0232556082 0.0091562681 0.0052601719 0.0192947349 
45 0.0137714648 0.0098631105 0.015398961 0.0251215794 0.0240082633 0.0118660645 0.0229465864 0.0181801767 0.0125862802 0.0148756413 0.0146195581 0.0121956495 0.0145924554 0.0165547642 0.0095901778 0.0032586889 0.0208699318 0.0166464756 0.0205203038 0.0041907678 0.0106146162 0.0210151641 0.0223904354 0.0145640592 0.0178287259 0.017176755 0.0166091541 0.020430266 0.0107067803 0.0183132285 0.0175048433 0.0075019656 0.0220785495 0.0166324833 0.0033592227 0.0129053228 0.0216392991 0.0148561399 0.0230696293 0.0147135684 0.011545033 0.0217981625 0.0183540924 0.0198888481 0.0168459598 0.0131285541 0.0171804373 0.0163606457 0.0223381552 0.0160096123 0.0211900484 0.0102116021 0.0066536713 0.0142485623 0.021152935 0.0138843267 0.0232566539 0.0132112516 0.0127822921 0.0116037048 0.0168615431 0.0111951735 0.011572523 0.0131591025 
46 0.0060240976 0.0188253239 0.0094632679 0.010671623 0.0139062366 0.0129084127 0.0192609254 0.0109876254 0.0081469608 0.0178150427 0.0119393365 0.0080825461 0.0182150789 0.0312229471 0.0231508389 0.0202571881 0.0334618847 0.0076961613 0.008515053 0.0184609719 0.0106588331 0.0162725376 0.0129827098 0.0167108785 0.009381879 0.0191734108 0.0215926553 0.0087701539 0.0150823479 0.0229316403 0.0180732077 0.0110646845 0.0216653963 0.0118850119 0.0046819311 0.018189625 0.0189043728 0.0230303895 0.0145338894 0.0025874055 0.010795322 0.0149507978 0.0102591892 0.0279302565 0.0131285541 0.0102168106 0.0102681349 0.0196653132 0.0310736788 0.0275304495 0.0173378696 0.0224388575 0.0177368364 0.0271661102 0.0111389116 0.0230501927 0.0134247344 0.0087164699 0.0177730852 0.0075623672 0.0153707534 0.0159484265 0.0139874284 0.005344968 
47 0.0174143824 0.0159952709 0.007822632 0.013956035 0.0063447156 0.0139740979 0.012437988 0.0199013955 0.0246324139 0.02000305 0.0107311804 0.0172666009 0.010937034 0.0147224011 0.0114929533 0.0167954758 0.0117248217 0.0204738043 0.021217759 0.0194811707 0.0121588708 0.0190241766 0.0139478427 0.0053087362 0.007610003 0.009385414 0.0107016879 0.0214339575 0.020031657 0.0113152409 0.0136397996 0.0189342996 0.011461137 0.005215 0.0251063184 0.0214381127 0.0307833948 0.0169958653 0.0136895432 0.0146294248 0.0102078094 0.0288991646 0.0189924825 0.0224309739 0.0171804373 0.0102681349 0.0185062691 0.0103193094 0.0039076022 0.0181134487 0.0189521349 0.0236537778 0.0164276804 0.0207127353 0.0148766548 0.0074450237 0.0122176419 0.016880088 0.0124773078 0.0135897011 0.0141059739 0.0194166127 0.0174870387 0.0227963323 
48 0.0183373816 0.0083409955 0.0154065989 0.0175189407 0.0210638963 0.0162194402 0.0130069276 0.0289073271 0.0095840084 0.0285412635 0.0150058857 0.0108173226 0.0212968016 0.0163083919 0.0159042208 0.0219570156 0.0080030591 0.0145483008 0.0251510579 0.0138776019 0.0217696227 0.0129956068 0.0073460696 0.010602743 0.0214305329 0.0112240218 0.0168808762 0.0128987322 0.0164207697 0.0159600654 0.0057875533 0.012874769 0.0092312051 0.0094722553 0.0203652424 0.0202647653 0.0146282296 0.0117557616 0.0108963309 0.0166077889 0.0078219219 0.0023756471 0.0116767158 0.0202229903 0.0163606457 0.0196653132 0.0103193094 0.0218054262 0.0077856492 0.0366671739 0.0180874502 0.0113245934 0.012644897 0.0125490968 0.0128180186 0.0199070018 0.0025040704 0.0172335747 0.0164887779 0.0097426964 0.0254075331 0.0148484283 0.0303162693 0.0222174202 
