64
1 0.0172794906 0.0206434962 0.0110887949 0.0270629644 0.0237636927 0.0111744887 0.0222585597 0.0209344463 0.0099595725 0.0171674648 0.0127311335 0.013257147 0.0165485139 0.0280637605 0.0175807531 0.0268840841 0.0126190449 0.0072814928 0.0133726002 0.0137180534 0.0212892543 0.0101749493 0.020139777 0.0133418681 0.0104176401 0.0312817944 0.0180418167 0.0191450558 0.0190998024 0.0288516727 0.0111206126 0.0261909442 0.0093437537 0.0111293515 0.0150500233 0.0163817316 0.021369011 0.0218371766 0.014364284 0.0029215717 0.0099890265 0.013625825 0.0067174976 0.0067129053 0.0075910945 0.0195250299 0.0123451596 0.0203310791 0.0139754871 0.012252773 0.0177802797 0.0200004436 0.0063419276 0.020241808 0.0207080026 0.0054833466 0.0126283668 0.0156265924 0.0088704142 0.0166133862 0.0189968662 0.005442586 0.0091740157 0.0141444418 
2 0.0206434962 0.0060591543 0.0283810557 0.0217760471 0.0190732571 0.0204864007 0.0158568837 0.0152421485 0.0084400805 0.0284714324 0.0176518086 0.0186300776 0.0111995005 0.0165780127 0.0038558327 0.0193466444 0.0270100953 0.0224955057 0.0150200312 0.016401785 0.0038504098 0.008125603 0.0087934542 0.016787467 0.0088993923 0.02230034 0.0103838734 0.0258248245 0.0135659872 0.0149055767 0.0128501329 0.0135839817 0.0145433079 0.0239633258 0.0131294737 0.0174853059 0.0178051015 0.0204259356 0.0265307981 0.0176998526 0.0146144094 0.0125604565 0.0128262997 0.0183005199 0.0101185616 0.0110481086 0.0108590223 0.0198174105 0.0072583509 0.0221372301 0.0111546149 0.0146024228 0.007087762 0.0328346762 0.0223063207 0.0104347866 0.0312089147 0.0104653444 0.0012626172 0.014849903 0.0054843255 0.0107773831 0.0163482656 0.0075689001 
3 0.0110887949 0.0283810557 0.0094530062 0.0079341169 0.0159107103 0.0160980308 0.0164772258 0.0135760324 0.0059582998 0.0209528371 0.0231772933 0.0195988012 0.0140958655 0.0128911182 0.0236471487 0.0172875226 0.0170064718 0.01313569 0.004834095 0.0215611429 0.0106991934 0.0186623722 0.0200516308 0.0144281087 0.0165597162 0.0114650203 0.0185104616 0.0112839852 0.0419887928 0.0165239577 0.0012116839 0.0109595797 0.0100969293 0.0132540208 0.0168757658 0.0254211874 0.0135395179 0.0173776461 0.0156007318 0.0117147918 0.0214138422 0.0175882627 0.0195198651 0.0048590364 0.0150823177 0.0180364439 0.0145720471 0.014385025 0.0146097323 0.0199766257 0.022320142 0.0065102827 0.0151289386 0.014188024 0.0226591536 0.0138481378 0.0034590775 0.0193725015 0.0160085093 0.0167779718 0.0157096976 0.0201343884 0.0112418607 0.0133077641 
4 0.0270629644 0.0217760471 0.0079341169 0.0112415031 0.0111348959 0.0137538369 0.020492844 0.0019275362 0.0074532555 0.0119936695 0.0128979066 0.0093158933 0.0150312508 0.0179498578 0.0127295512 0.0066648213 0.0121798329 0.0145102208 0.0035263543 0.0126228734 0.0114335272 0.0167696913 0.0263969573 0.0306508667 0.0153116801 0.0070814187 0.0179707795 0.0256984749 0.0253624426 0.024463732 0.0155162708 0.0093943537 0.0203812374 0.021840185 0.0118846373 0.0129501116 0.0119298725 0.0088846879 0.0165115921 0.0234884008 0.0320099642 0.0069488983 0.0132316695 0.0140121976 0.0088054189 0.01873596 0.0247800684 0.0107098218 0.0205171686 0.0115129864 0.0151092121 0.0312059189 0.0150301904 0.0108596206 0.019716949 0.0098173136 0.0185454313 0.0189500468 0.0187732213 0.0114795437 0.0182531529 0.0169260033 0.016414171 0.0115349203 
5 0.0237636927 0.0190732571 0.0159107103 0.0111348959 0.014501781 0.0125292328 0.0235298523 0.0219183069 0.0057838732 0.0166099711 0.0146876859 0.0084771284 0.0132407618 0.0193994651 0.01528693 0.0123308409 0.012779874 0.0111108247 0.0241999563 0.0108152147 0.0203058216 0.0029551547 0.009318674 0.0162169858 0.0202666313 0.0090552136 0.0156990385 0.0143953293 0.014290416 0.0095914899 0.0081087782 0.024598718 0.0134799859 0.0176850496 0.0099061463 0.0215620867 0.0065152818 0.0236746088 0.0215662132 0.0143736155 0.0269056399 0.0179103086 0.0068853184 0.0160740586 0.0200580438 0.0022481843 0.0135118481 0.0187324949 0.0119036668 0.0302509704 0.0237505938 0.0200912752 0.0114755133 0.0107737145 0.0127684443 0.0156697148 0.0140050478 0.0092805236 0.0199106656 0.0244628237 0.0172956774 0.0229194592 0.0105604745 0.0219060442 
6 0.0111744887 0.0204864007 0.0160980308 0.0137538369 0.0125292328 0.0103543852 0.0311231491 0.0192242505 0.0204497636 0.018091227 0.0136472184 0.0063941995 0.0101054542 0.0196996863 0.0179516026 0.0098876541 0.0116130195 0.0212504429 0.0012809332 0.0056470682 0.018404449 0.0230655297 0.0292058335 0.0221490346 0.0173077755 0.014746361 0.0070165074 0.0127821206 0.0151863443 0.0174828372 0.01635398 0.0178284595 0.0232227085 0.0027923341 0.0369089419 0.0185314869 0.0184840063 0.029834564 0.0085095896 0.0087571689 0.0067269939 0.024655645 0.0183157482 0.0117604903 0.0167086735 0.0097277519 0.0196265964 0.0138368321 0.0120438242 0.0058921163 0.0135347163 0.0113585299 0.0184117469 0.0229440798 0.0166831313 0.0150011976 0.0136816509 0.0081341153 0.0091374351 0.0160799332 0.0261884358 0.0171488933 0.0042987178 0.0187706685 
7 0.0222585597 0.0158568837 0.0164772258 0.020492844 0.0235298523 0.0311231491 0.0072798723 0.0049110299 0.0250088461 0.0109495667 0.0114451038 0.0168381377 0.0226975318 0.0103455139 0.0092329986 0.0034919412 0.0180825426 0.0144336838 0.0087214973 0.0211750099 0.0309994452 0.0239684734 0.0240851094 0.006681418 0.0131124595 0.0101986 0.0199667789 0.0198330986 0.0148164144 0.0208062466 0.0238604798 0.0176667465 0.0139823236 0.0136194658 0.0157800306 0.0222002448 0.0136407094 0.0 0.0053049448 0.0232795444 0.0074880852 0.0108351992 0.0186865812 0.0075173457 0.0127781983 0.0181655238 0.0151771291 0.0110612321 0.0132128662 0.0215210689 0.0198716449 0.0238852827 0.0101575236 0.0262692223 0.0100088211 0.0140458252 0.025023488 0.009879744 0.0162326077 0.0085047568 0.0099481208 0.0132055706 0.0125422785 0.0158275603 
8 0.0209344463 0.0152421485 0.0135760324 0.0019275362 0.0219183069 0.0192242505 0.0049110299 0.0138343516 0.0049330689 0.0265837509 0.0133161963 0.0190615768 0.0364229264 0.017214863 0.009557223 0.0141417205 0.0152564032 0.0141563921 0.0063188959 0.013949011 0.0193943232 0.0085761444 0.0220103689 0.011126439 0.0108370293 0.016307782 0.0161492587 0.012108148 0.0265636541 0.0144064915 0.0076994848 0.0114959784 0.0071012076 0.0060867254 0.0152713171 0.0187602013 0.0188032617 0.0209132303 0.018237858 0.0098887749 0.0130591521 0.0191187137 0.0167250119 0.0141571266 0.0036734015 0.0146415459 0.0186049446 0.0166250521 0.0236239698 0.0161853626 0.0150069443 0.0182385515 0.0247955871 0.0162093885 0.0166377561 0.0245221711 0.0200053746 0.0155300245 0.0127111367 0.0134552749 0.0154433224 0.023291494 0.0191021264 0.0144187582 
9 0.0099595725 0.0084400805 0.0059582998 0.0074532555 0.0057838732 0.0204497636 0.0250088461 0.0049330689 0.0021998971 0.0207572784 0.0181355361 0.0141354203 0.0184398858 0.0149334452 0.0161482998 0.0299608298 0.005701875 0.0182010757 0.0136376941 0.0134625728 0.0215608546 0.0223038023 0.0184721718 0.0216771249 0.0075867611 0.0165725858 0.007060964 0.008097354 0.0235133532 0.0178100127 0.0110554247 0.0211339175 0.0151710197 0.0191295697 0.0147209404 0.0122682678 0.0039914252 0.0096275377 0.0146839864 0.0165741188 0.024775897 0.0097901027 0.0115385877 0.0293824805 0.0244883252 0.0235375978 0.0241772803 0.0134983101 0.0115463328 0.016238455 0.0244122109 0.0085412837 0.0171365603 0.0188058864 0.0284190889 0.014527665 0.0199635854 0.015934532 0.0142694664 0.0163450715 0.0176732613 0.0026800122 0.0197986727 0.0158075714 
10 0.0171674648 0.0284714324 0.0209528371 0.0119936695 0.0166099711 0.018091227 0.0109495667 0.0265837509 0.0207572784 0.008934771 0.0109788238 0.0080935959 0.0152977857 0.0088040634 0.013926942 0.02435942 0.0122575535 0.0141800661 0.008616497 0.0054757364 0.0157362042 0.0225659006 0.0115833014 0.0167490309 0.008742915 0.0034955838 0.0020547982 0.0286286595 0.0165092044 0.0106936366 0.0135761098 0.012547783 0.018529251 0.013173473 0.0124597821 0.0116846338 0.0215477277 0.0238598564 0.017779702 0.0270327771 0.0117534678 0.0069490512 0.022287055 0.006065157 0.0196866718 0.0132829945 0.0092662708 0.019377383 0.0133450231 0.0101649937 0.0251172993 0.0105184998 0.0252043673 0.0191025265 0.0262804733 0.0077545403 0.0036112485 0.0349241262 0.019659389 0.018997281 0.0158080559 0.0177580901 0.0167484305 0.0148848213 
11 0.0127311335 0.0176518086 0.0231772933 0.0128979066 0.0146876859 0.0136472184 0.0114451038 0.0133161963 0.0181355361 0.0109788238 0.0180244874 0.0242058075 0.0115160368 0.0200355218 0.0087632217 0.0173796055 0.0110585532 0.0204812964 0.0162620775 0.0058435739 0.0274753977 0.0130543401 0.0072076274 0.010194274 0.0226931278 0.0131630463 0.0111608706 0.0191870744 0.010249103 0.0165106525 0.0267985815 0.0158053961 0.0095566384 0.0233226896 0.0127341645 0.0188293424 0.0307225675 0.0241276523 0.0255069546 0.0163304806 0.0028766855 0.0116250959 0.0113830483 0.0171910463 0.0146554992 0.0187782877 0.0060336841 0.0187735623 0.0133860778 0.0120059739 0.0251891491 0.012176343 0.0070201309 0.0108315516 0.0152159588 0.013896335 0.0153763733 0.0153890832 0.0251203351 0.0161287007 0.014198588 0.0171058579 0.0105097279 0.0182640351 
12 0.013257147 0.0186300776 0.0195988012 0.0093158933 0.0084771284 0.0063941995 0.0168381377 0.0190615768 0.0141354203 0.0080935959 0.0242058075 0.01369669 0.0219179943 0.0162232142 0.0301127723 0.018637455 0.017641898 0.0170273606 0.0174374557 0.0231625013 0.0139540431 0.0202109624 0.0162542097 0.011533941 0.0074903797 0.0266215692 0.0063514383 0.0089204109 0.0189430379 0.0179093086 0.0142866076 0.0135053854 0.0137703116 0.0078126797 0.0214099937 0.0106006694 0.0244215997 0.0080298343 0.0206515038 0.0174575469 0.0092625378 0.0223367099 0.0075765168 0.0187238942 0.0134175297 0.0157446453 0.010243899 0.0191833453 0.0211952897 0.0231520655 0.0028199467 0.017459628 0.0252644394 0.0104494251 0.0051036928 0.0180143536 0.0290701879 0.0135781857 0.009267042 0.0090265972 0.0191579562 0.0225967373 0.0133541375 0.0100006777 
13 0.0165485139 0.0111995005 0.0140958655 0.0150312508 0.0132407618 0.0101054542 0.0226975318 0.0364229264 0.0184398858 0.0152977857 0.0115160368 0.0219179943 0.0184419488 0.0291589386 0.0139126997 0.0199006799 0.0249691255 0.0179269069 0.0128202512 0.0044862939 0.0088931281 0.018559182 0.0189551825 0.0170451752 0.0209203426 0.0270994122 0.0253803774 0.0051582608 0.0058445603 0.0198415508 0.0215521695 0.0163388024 0.0277246596 0.0184964479 0.0166487397 0.0116252227 0.0103984407 0.0110776044 0.0158539563 0.004203566 0.0090473154 0.0198800091 0.0005984181 0.0162441533 0.0181010318 0.0093044872 0.0146629713 0.011460469 0.0243691489 0.022251482 0.0107827087 0.0239828426 0.0083616893 0.0055164087 0.0154095175 0.0290941379 0.0081081886 0.0104481155 0.0076848864 0.0128733203 0.0024102296 0.015874252 0.0198870906 0.0138999928 
14 0.0280637605 0.0165780127 0.0128911182 0.0179498578 0.0193994651 0.0196996863 0.0103455139 0.017214863 0.0149334452 0.0088040634 0.0200355218 0.0162232142 0.0291589386 0.0126179628 0.0131555651 0.0143152279 0.0196682754 0.0182288879 0.0156088258 0.0169875719 0.0168998611 0.0155577159 0.0084950214 0.0163357482 0.0174559176 0.003804735 0.018412143 0.0038464087 0.0109202264 0.0138162378 0.0272841858 0.017785663 0.0251352868 0.0203469424 0.0006516716 0.0287106454 0.0171913366 0.0219560762 0.0080917583 0.0128076236 0.0128935207 0.0102728451 0.0277690693 0.0188361176 0.0129060293 0.018262751 0.0223999544 0.0117054575 0.0241059714 0.0058857402 0.0162989212 0.014444806 0.0081488799 0.0132638244 0.0121557308 0.0086655245 0.0109496228 0.014210056 0.0218912607 0.0153930798 0.0091278206 0.0054927422 0.0257169314 0.0118183605 
15 0.0175807531 0.0038558327 0.0236471487 0.0127295512 0.01528693 0.0179516026 0.0092329986 0.009557223 0.0161482998 0.013926942 0.0087632217 0.0301127723 0.0139126997 0.0131555651 0.0128085622 0.0133627139 0.0115429216 0.0122018032 0.0213865516 0.009194324 0.0196349621 0.0139322038 0.0116535298 0.0081908483 0.0149509995 0.019579324 0.0267891422 0.0220689399 0.0115336 0.0197613315 0.0183391251 0.0153095617 0.0233766379 0.0095232387 0.0123041738 0.0122900253 0.0354083566 0.0118078064 0.0218334396 0.0094095312 0.0189124296 0.0163459916 0.0103786546 0.0256374428 0.0169137706 0.0109657129 0.027962302 0.017261823 0.0098556528 0.0173303218 0.0212843592 0.0154689883 0.0122381228 0.0047817941 0.0105342014 0.0163295757 0.0171119979 0.0161591594 0.0161540856 0.0072585862 0.0161991497 0.0117907084 0.0224775782 0.0165923967 
16 0.0268840841 0.0193466444 0.0172875226 0.0066648213 0.0123308409 0.0098876541 0.0034919412 0.0141417205 0.0299608298 0.02435942 0.0173796055 0.018637455 0.0199006799 0.0143152279 0.0133627139 0.0155998335 0.0071951464 0.0286105036 0.010329083 0.0135555994 0.0196141195 0.0217841217 0.0203901829 0.0255001308 0.0154227601 0.0108975378 0.0306378614 0.0068812343 0.0181068397 0.0064565543 0.0099721992 0.0144445676 0.0113866814 0.0248817865 0.0180419436 0.0152421631 0.0266127717 0.0213779071 0.0153814005 0.0128517084 0.0154755813 0.0175141802 0.0154144334 0.0145939287 0.0179584943 0.0171603702 0.0142790594 0.0076798635 0.0193624038 0.012874657 0.0100712507 0.0072602796 0.0150552446 0.0111782348 0.0133908298 0.0183702763 0.0116966372 0.0142774705 0.0190890043 0.0154010976 0.0000730949000000000 0.0085522707 0.0144023476 0.0197431911 
17 0.0126190449 0.0270100953 0.0170064718 0.0121798329 0.012779874 0.0116130195 0.0180825426 0.0152564032 0.005701875 0.0122575535 0.0110585532 0.017641898 0.0249691255 0.0196682754 0.0115429216 0.0071951464 0.0067810111 0.0147131921 0.0126619552 0.0093147179 0.0109657696 0.0240940125 0.016121207 0.0169558358 0.0155330784 0.0159050884 0.0080194901 0.0153127983 0.0124119923 0.0215374609 0.0109441717 0.0218922265 0.0099418521 0.0158279991 0.0106053926 0.0179331206 0.0122593184 0.0201326334 0.0137746283 0.0107180828 0.033621447 0.014070698 0.0072070327 0.0239312327 0.0088567211 0.0224860023 0.0141523317 0.0193869276 0.0112974065 0.0176538821 0.0270209053 0.0322600036 0.0140525327 0.0272324891 0.0145143358 0.0073989928 0.0145571311 0.0123556415 0.0107279563 0.0258531826 0.0083214655 0.0212539318 0.0119259352 0.0189221469 
18 0.0072814928 0.0224955057 0.01313569 0.0145102208 0.0111108247 0.0212504429 0.0144336838 0.0141563921 0.0182010757 0.0141800661 0.0204812964 0.0170273606 0.0179269069 0.0182288879 0.0122018032 0.0286105036 0.0147131921 0.0137797988 0.0114338246 0.0206335222 0.0144710342 0.0140032457 0.0292963988 0.0128309393 0.0222912246 0.0186031861 0.0127025219 0.0144386454 0.0094814369 0.0221021205 0.0152953801 0.0136880099 0.013326146 0.0255236763 0.0138100957 0.0098770579 0.0127643223 0.0143158786 0.0089681669 0.0100613033 0.0126068146 0.0271817929 0.0192350443 0.008066789 0.0106646914 0.0104249184 0.0128640919 0.0153683485 0.0275316839 0.016180317 0.0144389923 0.0205750392 0.0105033953 0.0131458309 0.0077551863 0.0295395631 0.016716786 0.0099046044 0.0135617047 0.0097607271 0.0083716563 0.0204160439 0.0193251002 0.012217597 
19 0.0133726002 0.0150200312 0.004834095 0.0035263543 0.0241999563 0.0012809332 0.0087214973 0.0063188959 0.0136376941 0.008616497 0.0162620775 0.0174374557 0.0128202512 0.0156088258 0.0213865516 0.010329083 0.0126619552 0.0114338246 0.0296787452 0.0083752316 0.017470943 0.0054332562 0.0063579095 0.0266328509 0.0153199816 0.0184871453 0.0150704325 0.0245279158 0.0255053393 0.0123704701 0.0138682797 0.0166057098 0.0038730331 0.0174576258 0.0224417257 0.0075951561 0.0090269533 0.0208933749 0.0166517534 0.0215138409 0.0079472346 0.0160463613 0.0152778082 0.0329336011 0.0296743019 0.0057454823 0.026752508 0.0218246469 0.0051795486 0.013586959 0.0175948059 0.0207575557 0.0192057779 0.0202523334 0.0061227442 0.0179170083 0.010711267 0.0120260705 0.0150083916 0.0145536869 0.0393663469 0.0142203495 0.0270624771 0.0176064802 
20 0.0137180534 0.016401785 0.0215611429 0.0126228734 0.0108152147 0.0056470682 0.0211750099 0.013949011 0.0134625728 0.0054757364 0.0058435739 0.0231625013 0.0044862939 0.0169875719 0.009194324 0.0135555994 0.0093147179 0.0206335222 0.0083752316 0.0128491184 0.018765392 0.0086129013 0.0200721203 0.0204079576 0.0184815353 0.0147596386 0.0175457307 0.0096127254 0.0213050031 0.007333868 0.0089195978 0.0175322349 0.0099496668 0.0168818485 0.0350340684 0.0059806282 0.0130959665 0.0219056035 0.010672332 0.0071513173 0.0154207243 0.0226595155 0.0215136424 0.0167770633 0.0212714807 0.0145872936 0.012445248 0.0297356057 0.0227183821 0.0159633703 0.0148428387 0.0186690424 0.0151690236 0.0115390309 0.0183693576 0.0098001832 0.0155624883 0.0161850339 0.0173872581 0.0218810304 0.0163654574 0.0315892726 0.0173573066 0.018939292 
21 0.0212892543 0.0038504098 0.0106991934 0.0114335272 0.0203058216 0.018404449 0.0309994452 0.0193943232 0.0215608546 0.0157362042 0.0274753977 0.0139540431 0.0088931281 0.0168998611 0.0196349621 0.0196141195 0.0109657696 0.0144710342 0.017470943 0.018765392 0.0185350059 0.0244489461 0.0119549746 0.0089905331 0.0096764824 0.0207421646 0.0200895722 0.0157376539 0.0118901021 0.003498327 0.0232847204 0.0093830202 0.0170300266 0.0184835761 0.0126058329 0.0193677479 0.0122365887 0.0073764081 0.0164775354 0.0261555334 0.0099240974 0.0308637592 0.0079083082 0.0146612894 0.0088162823 0.0056109705 0.0158433306 0.0175015477 0.0070223013 0.0116213173 0.0115194029 0.0129489157 0.019760946 0.0156694562 0.0161907859 0.0153966097 0.0171916366 0.023423139 0.0238164297 0.0146950444 0.0129480508 0.0168920665 0.0096158089 0.0103756194 
22 0.0101749493 0.008125603 0.0186623722 0.0167696913 0.0029551547 0.0230655297 0.0239684734 0.0085761444 0.0223038023 0.0225659006 0.0130543401 0.0202109624 0.018559182 0.0155577159 0.0139322038 0.0217841217 0.0240940125 0.0140032457 0.0054332562 0.0086129013 0.0244489461 0.0150279898 0.0237648097 0.0118671102 0.0260768503 0.0161430913 0.0194734855 0.0141730284 0.0153116782 0.0078635852 0.0141495251 0.0222481749 0.017343267 0.017896829 0.0117919383 0.0245889996 0.0140122531 0.0109104365 0.0018363579 0.0213544022 0.0178540728 0.0199966141 0.0153523135 0.0155491376 0.0114660997 0.0180422614 0.0123326178 0.0055783959 0.0206442387 0.0215653498 0.0099932029 0.0149668541 0.0092389358 0.0099095425 0.0163105354 0.012685879 0.0187025831 0.0129315172 0.0129868841 0.0104761601 0.027942448 0.0210362273 0.0113299319 0.0104158765 
23 0.020139777 0.0087934542 0.0200516308 0.0263969573 0.009318674 0.0292058335 0.0240851094 0.0220103689 0.0184721718 0.0115833014 0.0072076274 0.0162542097 0.0189551825 0.0084950214 0.0116535298 0.0203901829 0.016121207 0.0292963988 0.0063579095 0.0200721203 0.0119549746 0.0237648097 0.0225843059 0.0008339971 0.0134032067 0.0199874692 0.0197824402 0.0057263733 0.0179216059 0.0055160545 0.0127287749 0.0119016245 0.025978728 0.0058004552 0.0138699121 0.015213548 0.0073237235 0.0139999342 0.020363286 0.0228270484 0.0193064642 0.0091409983 0.0160990907 0.0180778101 0.0201959198 0.0200872626 0.0174687534 0.0283300835 0.0151307889 0.0231356127 0.0063343478 0.0116416887 0.0155412988 0.0121641091 0.014804426 0.0101563959 0.0097779039 0.0074558353 0.0071225763 0.0307021641 0.0146422657 0.013111123 0.0101862987 0.013043843 
24 0.0133418681 0.016787467 0.0144281087 0.0306508667 0.0162169858 0.0221490346 0.006681418 0.011126439 0.0216771249 0.0167490309 0.010194274 0.011533941 0.0170451752 0.0163357482 0.0081908483 0.0255001308 0.0169558358 0.0128309393 0.0266328509 0.0204079576 0.0089905331 0.0118671102 0.0008339971 0.0163674098 0.0260143699 0.0206961183 0.0162603444 0.0086599686 0.0070129215 0.0164473179 0.0230289745 0.0098736878 0.0232289282 0.0364752743 0.0086877444 0.0187427215 0.0098525094 0.0167455989 0.012800649 0.0114355641 0.0133800867 0.0131591454 0.0238664884 0.013733066 0.0194014877 0.0174446476 0.0134643031 0.0188350123 0.015068006 0.0132864448 0.0060905312 0.019077312 0.0049700024 0.0123960394 0.0267290098 0.0161466307 0.0147305418 0.0086957464 0.0074074219 0.0170451731 0.0165805413 0.0096420668 0.0135932477 0.02579926 
25 0.0104176401 0.0088993923 0.0165597162 0.0153116801 0.0202666313 0.0173077755 0.0131124595 0.0108370293 0.0075867611 0.008742915 0.0226931278 0.0074903797 0.0209203426 0.0174559176 0.0149509995 0.0154227601 0.0155330784 0.0222912246 0.0153199816 0.0184815353 0.0096764824 0.0260768503 0.0134032067 0.0260143699 0.0012757179 0.0179946302 0.0274001989 0.0162416774 0.0133627669 0.0130288324 0.020565664 0.018440896 0.0093749108 0.0186859741 0.0209792998 0.0206946037 0.0159149439 0.0192454452 0.0280073111 0.0084243802 0.0206529605 0.0090592693 0.0118588212 0.0239286946 0.0120847416 0.0134106954 0.0175613018 0.006748341 0.0077215465 0.0226557753 0.0149880295 0.0155741736 0.0148429829 0.0125298845 0.0257084954 0.0152973426 0.0113601037 0.0144929564 0.0121305168 0.0134787296 0.0165755723 0.0120436269 0.0137001549 0.0171857742 
26 0.0312817944 0.02230034 0.0114650203 0.0070814187 0.0090552136 0.014746361 0.0101986 0.016307782 0.0165725858 0.0034955838 0.0131630463 0.0266215692 0.0270994122 0.003804735 0.019579324 0.0108975378 0.0159050884 0.0186031861 0.0184871453 0.0147596386 0.0207421646 0.0161430913 0.0199874692 0.0206961183 0.0179946302 0.0137444759 0.0050433845 0.0136326311 0.0151571981 0.021146291 0.0169793029 0.0079706761 0.0176352619 0.0231126212 0.0032356646 0.0055358177 0.0092684727 0.0107527552 0.0128497169 0.0167919139 0.0273018925 0.0130769521 0.0156629354 0.0182598294 0.0239800542 0.0112671193 0.01094797 0.018558404 0.0168854612 0.0170013582 0.0254796662 0.015746715 0.0218370002 0.0152815666 0.0234358617 0.0049086668 0.0110182521 0.0157710677 0.0260502215 0.0086726358 0.0159276273 0.0188248272 0.0178636545 0.0063952212 
27 0.0180418167 0.0103838734 0.0185104616 0.0179707795 0.0156990385 0.0070165074 0.0199667789 0.0161492587 0.007060964 0.0020547982 0.0111608706 0.0063514383 0.0253803774 0.018412143 0.0267891422 0.0306378614 0.0080194901 0.0127025219 0.0150704325 0.0175457307 0.0200895722 0.0194734855 0.0197824402 0.0162603444 0.0274001989 0.0050433845 0.019319571 0.0191932004 0.0179073679 0.0161722466 0.0157736262 0.0094120853 0.0118520102 0.0020930877 0.016028147 0.0083601543 0.0120869202 0.0326606887 0.0109458513 0.0249422882 0.0168062375 0.0092681746 0.0100737236 0.0169424963 0.0176033944 0.0141664623 0.013166818 0.0191369269 0.0139778032 0.0191511075 0.0094147952 0.015959028 0.0267125995 0.0163175798 0.0119165046 0.0083745548 0.0216899791 0.0067464075 0.0194257226 0.0134803757 0.0264652392 0.0193581029 0.0149431686 0.0091818422 
28 0.0191450558 0.0258248245 0.0112839852 0.0256984749 0.0143953293 0.0127821206 0.0198330986 0.012108148 0.008097354 0.0286286595 0.0191870744 0.0089204109 0.0051582608 0.0038464087 0.0220689399 0.0068812343 0.0153127983 0.0144386454 0.0245279158 0.0096127254 0.0157376539 0.0141730284 0.0057263733 0.0086599686 0.0162416774 0.0136326311 0.0191932004 0.0238678485 0.0114539346 0.0208452917 0.0120923142 0.0100544669 0.0180980552 0.0260772522 0.0092723072 0.0121525329 0.0172552671 0.0087279481 0.0150871461 0.0081245878 0.0147145291 0.0154095792 0.0215405074 0.0096567653 0.0183045239 0.0130913783 0.0145661974 0.0186280121 0.0197398639 0.0019366017 0.02298533 0.0249217958 0.0193841846 0.0098424217 0.0135747638 0.0222849825 0.0178285072 0.0196715315 0.0183896203 0.0205665694 0.0055862811 0.0163468622 0.025724852 0.0210793896 
29 0.0190998024 0.0135659872 0.0419887928 0.0253624426 0.014290416 0.0151863443 0.0148164144 0.0265636541 0.0235133532 0.0165092044 0.010249103 0.0189430379 0.0058445603 0.0109202264 0.0115336 0.0181068397 0.0124119923 0.0094814369 0.0255053393 0.0213050031 0.0118901021 0.0153116782 0.0179216059 0.0070129215 0.0133627669 0.0151571981 0.0179073679 0.0114539346 0.0258728104 0.0134194478 0.0081593613 0.019681516 0.0190009926 0.0131970718 0.0139994835 0.0089035337 0.0160510805 0.0039786406 0.0146572773 0.0141324331 0.0123036352 0.0097083983 0.0149872816 0.015727796 0.0066076518 0.0053319038 0.0071624447 0.034822251 0.0235768983 0.0228871959 0.0193487729 0.0147758699 0.0125392229 0.0251752553 0.0072192509 0.0212997207 0.0060300219 0.0071333037 0.0228982883 0.0136254955 0.0205142595 0.0049239868 0.0155325877 0.0195997337 
30 0.0288516727 0.0149055767 0.0165239577 0.024463732 0.0095914899 0.0174828372 0.0208062466 0.0144064915 0.0178100127 0.0106936366 0.0165106525 0.0179093086 0.0198415508 0.0138162378 0.0197613315 0.0064565543 0.0215374609 0.0221021205 0.0123704701 0.007333868 0.003498327 0.0078635852 0.0055160545 0.0164473179 0.0130288324 0.021146291 0.0161722466 0.0208452917 0.0134194478 0.0157937643 0.0181126114 0.0071591952 0.0126577459 0.0092539452 0.014396649 0.0163352256 0.0117803344 0.0095943467 0.0192622928 0.0277590351 0.0087051547 0.0168618413 0.01879747 0.0298799991 0.0052146978 0.0151055471 0.0204349582 0.0142358011 0.0281353831 0.0130302286 0.0119870574 0.0230969663 0.0142921388 0.0073359487 0.0118882025 0.0128501769 0.0218919254 0.0226973305 0.0215378243 0.0167043328 0.012964606 0.018126301 0.0051120898 0.0158962699 
31 0.0111206126 0.0128501329 0.0012116839 0.0155162708 0.0081087782 0.01635398 0.0238604798 0.0076994848 0.0110554247 0.0135761098 0.0267985815 0.0142866076 0.0215521695 0.0272841858 0.0183391251 0.0099721992 0.0109441717 0.0152953801 0.0138682797 0.0089195978 0.0232847204 0.0141495251 0.0127287749 0.0230289745 0.020565664 0.0169793029 0.0157736262 0.0120923142 0.0081593613 0.0181126114 0.0080696508 0.0215571918 0.0242440666 0.0221057 0.015681702 0.0125862644 0.0137498397 0.0231572879 0.0210729582 0.0201532249 0.0139539922 0.0126805597 0.0291551601 0.0365940996 0.011355855 0.0035533389 0.0096154695 0.0114544172 0.0104563097 0.0083421762 0.0151802699 0.0181298207 0.0149147345 0.022493928 0.0122277312 0.010164891 0.0059830682 0.007676244 0.0201019543 0.0204090638 0.0086849886 0.0238808843 0.0110024014 0.0261226254 
32 0.0261909442 0.0135839817 0.0109595797 0.0093943537 0.024598718 0.0178284595 0.0176667465 0.0114959784 0.0211339175 0.012547783 0.0158053961 0.0135053854 0.0163388024 0.017785663 0.0153095617 0.0144445676 0.0218922265 0.0136880099 0.0166057098 0.0175322349 0.0093830202 0.0222481749 0.0119016245 0.0098736878 0.018440896 0.0079706761 0.0094120853 0.0100544669 0.019681516 0.0071591952 0.0215571918 0.0285208641 0.0138834859 0.0174542503 0.0178026773 0.0124517217 0.0154435486 0.0102696791 0.0198854946 0.0145185383 0.0191385926 0.004656349 0.0141308731 0.0186792905 0.0288363951 0.0123621943 0.0098964273 0.0275248456 0.020375697 0.0098763369 0.0172306965 0.0185738174 0.006769473 0.0113562909 0.0060758345 0.0179695618 0.0158004629 0.0188990073 0.0282238046 0.0094122664 0.0126157381 0.0163775228 0.0091022638 0.0198954443 
33 0.0093437537 0.0145433079 0.0100969293 0.0203812374 0.0134799859 0.0232227085 0.0139823236 0.0071012076 0.0151710197 0.018529251 0.0095566384 0.0137703116 0.0277246596 0.0251352868 0.0233766379 0.0113866814 0.0099418521 0.013326146 0.0038730331 0.0099496668 0.0170300266 0.017343267 0.025978728 0.0232289282 0.0093749108 0.0176352619 0.0118520102 0.0180980552 0.0190009926 0.0126577459 0.0242440666 0.0138834859 0.0178187068 0.0155949635 0.0169202463 0.0115104495 0.0164649344 0.0140765035 0.0155190858 0.0079793112 0.0089701554 0.0133310196 0.013026813 0.0142106385 0.0053152295 0.029253075 0.0155893179 0.0117388297 0.0151537675 0.0202242917 0.0151730491 0.0046217103 0.0219610659 0.0083908441 0.0250477789 0.0128539763 0.0085070033 0.0221974781 0.0215601841 0.0090507379 0.0052859436 0.022418109 0.0258249795 0.0301896837 
34 0.0111293515 0.0239633258 0.0132540208 0.021840185 0.0176850496 0.0027923341 0.0136194658 0.0060867254 0.0191295697 0.013173473 0.0233226896 0.0078126797 0.0184964479 0.0203469424 0.0095232387 0.0248817865 0.0158279991 0.0255236763 0.0174576258 0.0168818485 0.0184835761 0.017896829 0.0058004552 0.0364752743 0.0186859741 0.0231126212 0.0020930877 0.0260772522 0.0131970718 0.0092539452 0.0221057 0.0174542503 0.0155949635 0.0273725049 0.0126502005 0.0075486677 0.0116481721 0.0143340364 0.0098258927 0.0081504074 0.0239808743 0.0259071123 0.0059690728 0.0113071536 0.0150471511 0.014016343 0.014339592 0.010395008 0.0167368973 0.0066240355 0.0170707961 0.0103564673 0.0154415333 0.0214120324 0.0121773871 0.0275552822 0.0147759636 0.0159846125 0.020927581 0.0201393258 0.0044427778 0.012558472 0.0103605385 0.0119646729 
35 0.0150500233 0.0131294737 0.0168757658 0.0118846373 0.0099061463 0.0369089419 0.0157800306 0.0152713171 0.0147209404 0.0124597821 0.0127341645 0.0214099937 0.0166487397 0.0006516716 0.0123041738 0.0180419436 0.0106053926 0.0138100957 0.0224417257 0.0350340684 0.0126058329 0.0117919383 0.0138699121 0.0086877444 0.0209792998 0.0032356646 0.016028147 0.0092723072 0.0139994835 0.014396649 0.015681702 0.0178026773 0.0169202463 0.0126502005 0.0326516029 0.0118381888 0.0348859389 0.009052061 0.0156741291 0.0063562665 0.0273026062 0.0198614866 0.0127415411 0.013098812 0.0114698246 0.0183158062 0.0207117563 0.025639422 0.0137983303 0.0198322925 0.0124256876 0.0087870183 0.0105974532 0.0137644917 0.014853434 0.0123083061 0.0112513428 0.0141143943 0.0231727592 0.0154315675 0.0145394138 0.0109637128 0.0204341363 0.0105353848 
36 0.0163817316 0.0174853059 0.0254211874 0.0129501116 0.0215620867 0.0185314869 0.0222002448 0.0187602013 0.0122682678 0.0116846338 0.0188293424 0.0106006694 0.0116252227 0.0287106454 0.0122900253 0.0152421631 0.0179331206 0.0098770579 0.0075951561 0.0059806282 0.0193677479 0.0245889996 0.015213548 0.0187427215 0.0206946037 0.0055358177 0.0083601543 0.0121525329 0.0089035337 0.0163352256 0.0125862644 0.0124517217 0.0115104495 0.0075486677 0.0118381888 0.0182778476 0.0141328486 0.0143919702 0.0156066247 0.0287041113 0.0111550638 0.0149907311 0.0187026888 0.0121523799 0.0102872508 0.0244991914 0.0082901866 0.0114567214 0.0084748298 0.0260168322 0.0076824282 0.0294951679 0.0116139245 0.0298527735 0.0179598996 0.0100467367 0.0137508767 0.016430617 0.0242266263 0.0140892236 0.0048450476 0.0165707027 0.0158398931 0.0286973388 
37 0.021369011 0.0178051015 0.0135395179 0.0119298725 0.0065152818 0.0184840063 0.0136407094 0.0188032617 0.0039914252 0.0215477277 0.0307225675 0.0244215997 0.0103984407 0.0171913366 0.0354083566 0.0266127717 0.0122593184 0.0127643223 0.0090269533 0.0130959665 0.0122365887 0.0140122531 0.0073237235 0.0098525094 0.0159149439 0.0092684727 0.0120869202 0.0172552671 0.0160510805 0.0117803344 0.0137498397 0.0154435486 0.0164649344 0.0116481721 0.0348859389 0.0141328486 0.0145798487 0.0184848979 0.0171992213 0.013207005 0.0092265848 0.012988833 0.0197969292 0.0162017292 0.0075145357 0.0159719927 0.0272151738 0.0211319897 0.0170520998 0.0081120876 0.0214160222 0.0057710501 0.0155764485 0.012031592 0.005080113 0.0110474404 0.0108192799 0.0159892631 0.0107248599 0.0184494401 0.0114838058 0.0300272959 0.0222765927 0.0189889437 
38 0.0218371766 0.0204259356 0.0173776461 0.0088846879 0.0236746088 0.029834564 0.0 0.0209132303 0.0096275377 0.0238598564 0.0241276523 0.0080298343 0.0110776044 0.0219560762 0.0118078064 0.0213779071 0.0201326334 0.0143158786 0.0208933749 0.0219056035 0.0073764081 0.0109104365 0.0139999342 0.0167455989 0.0192454452 0.0107527552 0.0326606887 0.0087279481 0.0039786406 0.0095943467 0.0231572879 0.0102696791 0.0140765035 0.0143340364 0.009052061 0.0143919702 0.0184848979 0.0231696807 0.0155857327 0.0136677755 0.0212212121 0.0237496563 0.0079940826 0.0240878271 0.02111461 0.0090076419 0.0076411218 0.025994372 0.0076007824 0.0125704921 0.0072046079 0.0095883629 0.0088391094 0.0147860677 0.0175278737 0.0131881168 0.0120678031 0.0141672973 0.0149101944 0.0102613411 0.0265804485 0.0084539588 0.0167158254 0.0224857534 
39 0.014364284 0.0265307981 0.0156007318 0.0165115921 0.0215662132 0.0085095896 0.0053049448 0.018237858 0.0146839864 0.017779702 0.0255069546 0.0206515038 0.0158539563 0.0080917583 0.0218334396 0.0153814005 0.0137746283 0.0089681669 0.0166517534 0.010672332 0.0164775354 0.0018363579 0.020363286 0.012800649 0.0280073111 0.0128497169 0.0109458513 0.0150871461 0.0146572773 0.0192622928 0.0210729582 0.0198854946 0.0155190858 0.0098258927 0.0156741291 0.0156066247 0.0171992213 0.0155857327 0.0118821233 0.0139788489 0.0188743619 0.0131718028 0.0082795975 0.0168470068 0.0182267682 0.0137530541 0.0140476196 0.0068872998 0.0171544183 0.0285407729 0.0271061742 0.0191537884 0.0162618984 0.013300334 0.0209252908 0.0196837871 0.0090675576 0.0143065495 0.0127295517 0.0128747058 0.0191989766 0.0105078751 0.0153257913 0.0087818885 
40 0.0029215717 0.0176998526 0.0117147918 0.0234884008 0.0143736155 0.0087571689 0.0232795444 0.0098887749 0.0165741188 0.0270327771 0.0163304806 0.0174575469 0.004203566 0.0128076236 0.0094095312 0.0128517084 0.0107180828 0.0100613033 0.0215138409 0.0071513173 0.0261555334 0.0213544022 0.0228270484 0.0114355641 0.0084243802 0.0167919139 0.0249422882 0.0081245878 0.0141324331 0.0277590351 0.0201532249 0.0145185383 0.0079793112 0.0081504074 0.0063562665 0.0287041113 0.013207005 0.0136677755 0.0139788489 0.0131059894 0.0124570866 0.0180868902 0.0206807004 0.0186252468 0.0168520752 0.0195212994 0.0070910406 0.0192827651 0.0101649022 0.013842212 0.0172119437 0.0066388535 0.0066579123 0.0207881026 0.0212635236 0.0151513378 0.0262923743 0.0152553364 0.0274630423 0.0225906012 0.0095222093 0.0226678808 0.0062691937 0.0256191875 
41 0.0099890265 0.0146144094 0.0214138422 0.0320099642 0.0269056399 0.0067269939 0.0074880852 0.0130591521 0.024775897 0.0117534678 0.0028766855 0.0092625378 0.0090473154 0.0128935207 0.0189124296 0.0154755813 0.033621447 0.0126068146 0.0079472346 0.0154207243 0.0099240974 0.0178540728 0.0193064642 0.0133800867 0.0206529605 0.0273018925 0.0168062375 0.0147145291 0.0123036352 0.0087051547 0.0139539922 0.0191385926 0.0089701554 0.0239808743 0.0273026062 0.0111550638 0.0092265848 0.0212212121 0.0188743619 0.0124570866 0.0118068381 0.0077748659 0.0135533954 0.0155147497 0.0213948052 0.0210237912 0.0128265217 0.0122073974 0.0102844134 0.0249300592 0.0136333683 0.0091189306 0.0204699548 0.0031595513 0.0344346235 0.0365414963 0.0082238388 0.0118436764 0.01215694 0.0074374608 0.0104213041 0.0197394489 0.0109176867 0.0165544527 
42 0.013625825 0.0125604565 0.0175882627 0.0069488983 0.0179103086 0.024655645 0.0108351992 0.0191187137 0.0097901027 0.0069490512 0.0116250959 0.0223367099 0.0198800091 0.0102728451 0.0163459916 0.0175141802 0.014070698 0.0271817929 0.0160463613 0.0226595155 0.0308637592 0.0199966141 0.0091409983 0.0131591454 0.0090592693 0.0130769521 0.0092681746 0.0154095792 0.0097083983 0.0168618413 0.0126805597 0.004656349 0.0133310196 0.0259071123 0.0198614866 0.0149907311 0.012988833 0.0237496563 0.0131718028 0.0180868902 0.0077748659 0.0277378207 0.0202365796 0.0056851782 0.0195641794 0.0181973134 0.0129154977 0.009341993 0.0148086207 0.0187453463 0.0230567626 0.0191379927 0.0071829441 0.015171974 0.0129363805 0.0121807573 0.0143579583 0.0233505658 0.0120615184 0.0154550677 0.0239803816 0.0170543677 0.01456827 0.0106128289 
43 0.0067174976 0.0128262997 0.0195198651 0.0132316695 0.0068853184 0.0183157482 0.0186865812 0.0167250119 0.0115385877 0.022287055 0.0113830483 0.0075765168 0.0005984181 0.0277690693 0.0103786546 0.0154144334 0.0072070327 0.0192350443 0.0152778082 0.0215136424 0.0079083082 0.0153523135 0.0160990907 0.0238664884 0.0118588212 0.0156629354 0.0100737236 0.0215405074 0.0149872816 0.01879747 0.0291551601 0.0141308731 0.013026813 0.0059690728 0.0127415411 0.0187026888 0.0197969292 0.0079940826 0.0082795975 0.0206807004 0.0135533954 0.0202365796 0.0187622176 0.0116519552 0.0098880407 0.0203198644 0.0128827436 0.0119184884 0.0163839715 0.0309281209 0.0193475672 0.0100093654 0.016236319 0.022391676 0.0040008897 0.0176299866 0.019508695 0.0179149895 0.0174132011 0.0215540572 0.0208469937 0.0159676875 0.0275974953 0.0133439982 
44 0.0067129053 0.0183005199 0.0048590364 0.0140121976 0.0160740586 0.0117604903 0.0075173457 0.0141571266 0.0293824805 0.006065157 0.0171910463 0.0187238942 0.0162441533 0.0188361176 0.0256374428 0.0145939287 0.0239312327 0.008066789 0.0329336011 0.0167770633 0.0146612894 0.0155491376 0.0180778101 0.013733066 0.0239286946 0.0182598294 0.0169424963 0.0096567653 0.015727796 0.0298799991 0.0365940996 0.0186792905 0.0142106385 0.0113071536 0.013098812 0.0121523799 0.0162017292 0.0240878271 0.0168470068 0.0186252468 0.0155147497 0.0056851782 0.0116519552 0.0143732959 0.0186869604 0.0086969591 0.008772097 0.0105590053 0.0034335091 0.0046029894 0.0130049106 0.0160145915 0.0172909863 0.0138943844 0.0156549044 0.0157568688 0.026296678 0.0169404306 0.0092251767 0.0114688987 0.0221373599 0.0111149018 0.0151398587 0.0140856956 
45 0.0075910945 0.0101185616 0.0150823177 0.0088054189 0.0200580438 0.0167086735 0.0127781983 0.0036734015 0.0244883252 0.0196866718 0.0146554992 0.0134175297 0.0181010318 0.0129060293 0.0169137706 0.0179584943 0.0088567211 0.0106646914 0.0296743019 0.0212714807 0.0088162823 0.0114660997 0.0201959198 0.0194014877 0.0120847416 0.0239800542 0.0176033944 0.0183045239 0.0066076518 0.0052146978 0.011355855 0.0288363951 0.0053152295 0.0150471511 0.0114698246 0.0102872508 0.0075145357 0.02111461 0.0182267682 0.0168520752 0.0213948052 0.0195641794 0.0098880407 0.0186869604 0.0197832303 0.0122568745 0.0314750993 0.0162647504 0.0127285647 0.0124388497 0.0175610221 0.0284693289 0.0215934332 0.0143663446 0.0082070863 0.0120111348 0.0121471531 0.0148167202 0.0155361965 0.0263171622 0.0133150766 0.0096455494 0.0260334969 0.012394135 
46 0.0195250299 0.0110481086 0.0180364439 0.01873596 0.0022481843 0.0097277519 0.0181655238 0.0146415459 0.0235375978 0.0132829945 0.0187782877 0.0157446453 0.0093044872 0.018262751 0.0109657129 0.0171603702 0.0224860023 0.0104249184 0.0057454823 0.0145872936 0.0056109705 0.0180422614 0.0200872626 0.0174446476 0.0134106954 0.0112671193 0.0141664623 0.0130913783 0.0053319038 0.0151055471 0.0035533389 0.0123621943 0.029253075 0.014016343 0.0183158062 0.0244991914 0.0159719927 0.0090076419 0.0137530541 0.0195212994 0.0210237912 0.0181973134 0.0203198644 0.0086969591 0.0122568745 0.0082009812 0.017904333 0.0115960721 0.0216387059 0.0089435695 0.017125131 0.0101142351 0.01607205 0.0345060565 0.0159669521 0.0206737454 0.0148922492 0.026886361 0.0157548974 0.0195148702 0.0177425949 0.0181763918 0.0172878869 0.0202868373 
47 0.0123451596 0.0108590223 0.0145720471 0.0247800684 0.0135118481 0.0196265964 0.0151771291 0.0186049446 0.0241772803 0.0092662708 0.0060336841 0.010243899 0.0146629713 0.0223999544 0.027962302 0.0142790594 0.0141523317 0.0128640919 0.026752508 0.012445248 0.0158433306 0.0123326178 0.0174687534 0.0134643031 0.0175613018 0.01094797 0.013166818 0.0145661974 0.0071624447 0.0204349582 0.0096154695 0.0098964273 0.0155893179 0.014339592 0.0207117563 0.0082901866 0.0272151738 0.0076411218 0.0140476196 0.0070910406 0.0128265217 0.0129154977 0.0128827436 0.008772097 0.0314750993 0.017904333 0.0037135055 0.0125389124 0.0130974277 0.0110086748 0.0195800562 0.0211096721 0.0199480128 0.0140837055 0.0185766743 0.017464935 0.0190160393 0.0168347028 0.0187324694 0.0247290957 0.0195878422 0.0195597942 0.0191666806 0.0123726904 
48 0.0203310791 0.0198174105 0.014385025 0.0107098218 0.0187324949 0.0138368321 0.0110612321 0.0166250521 0.0134983101 0.019377383 0.0187735623 0.0191833453 0.011460469 0.0117054575 0.017261823 0.0076798635 0.0193869276 0.0153683485 0.0218246469 0.0297356057 0.0175015477 0.0055783959 0.0283300835 0.0188350123 0.006748341 0.018558404 0.0191369269 0.0186280121 0.034822251 0.0142358011 0.0114544172 0.0275248456 0.0117388297 0.010395008 0.025639422 0.0114567214 0.0211319897 0.025994372 0.0068872998 0.0192827651 0.0122073974 0.009341993 0.0119184884 0.0105590053 0.0162647504 0.0115960721 0.0125389124 0.0036011319 0.0084539213 0.0108502881 0.011224523 0.0079827943 0.0171756719 0.0166915675 0.0098781152 0.0236447563 0.0157625351 0.009456371 0.0195859407 0.0088568858 0.0183093608 0.0131388219 0.0160398266 0.0202857335 
