64
1 0.012230796 0.0185087628 0.0113280764 0.01278404 0.0152191455 0.0152630607 0.0153472863 0.0203231092 0.0258647908 0.0181630513 0.0088631383 0.0151741756 0.0265029961 0.0223206789 0.0233795588 0.0163119371 0.0293186151 0.0207944753 0.0259423343 0.0056317491 0.0165401345 0.0019607247 0.0210443123 0.0099316611 0.0298270306 0.0123652474 0.0120670711 0.0147284645 0.016848398 0.0219836275 0.0230257756 0.0061229255 0.0056646176 0.0152637467 0.0127177789 0.0175723967 0.0135256306 0.0034462974 0.0097811547 0.0160524638 0.0144107416 0.0108469258 0.0224906002 0.0195572689 0.010881155 0.0139040581 0.0092556608 0.0149816646 0.016916274 0.0124008069 0.0149418847 0.0118000294 0.0171364826 0.0158693577 0.0190597669 0.0134361573 0.0081917577 0.0145928687 0.0196070472 0.0153774938 0.0113075556 0.0264542254 0.0186601994 0.0081787806 
2 0.0185087628 0.0195438827 0.0302153519 0.0051865186 0.0094482588 0.0160619251 0.0103961141 0.0029480055 0.022612299 0.0190832854 0.0136992751 0.025191642 0.0084077459 0.0273797504 0.0131041053 0.0088486173 0.0123266971 0.0354222576 0.0160996058 0.0204955067 0.0147751606 0.005966421 0.0189703015 0.0255787367 0.0160136049 0.0105525595 0.0302176216 0.0080990006 0.0068247788 0.0106439183 0.0171128981 0.023474784 0.0196198555 0.0204212475 0.0070696163 0.0136286489 0.0192346284 0.007916121 0.0160722989 0.0255671004 0.0123042095 0.0209949269 0.0051231679 0.020589753 0.0188377654 0.0203991806 0.0179282545 0.012145987 0.016161202 0.0070669035 0.0221626654 0.0110345878 0.0150479503 0.0111885034 0.0101788184 0.0103783106 0.0161992734 0.0159939418 0.016632565 0.0187339195 0.0057353757 0.0090461552 0.0182589295 0.0151187442 
3 0.0113280764 0.0302153519 0.0290854815 0.0095901582 0.0159571495 0.0131618717 0.0170648616 0.0152044308 0.0177022471 0.0164536345 0.0095186075 0.0147793186 0.0199826804 0.0316848246 0.0221791886 0.0101422575 0.0081182702 0.0114574464 0.0158230855 0.0192250074 0.0152232292 0.018705063 0.0201899157 0.0124649816 0.0103574351 0.0116132195 0.0168300749 0.0152939201 0.0141916691 0.0136029422 0.0082834178 0.0144587748 0.0233805411 0.0117209821 0.0084578717 0.0104922215 0.0067916733 0.0081728966 0.0197746385 0.0275577946 0.0220183709 0.0212564857 0.0260863909 0.0061649644 0.0107192579 0.0189461866 0.0072393248 0.008174443 0.0157704767 0.0119398794 0.0209623471 0.0101481439 0.0101033132 0.018502451 0.0183762244 0.0104878588 0.0206186585 0.0194536949 0.0334217731 0.0145361147 0.0054244729 0.0191007038 0.0093746753 0.0149365757 
4 0.01278404 0.0051865186 0.0095901582 0.0218314699 0.0130444127 0.0178971141 0.0117214769 0.0189445465 0.0182434293 0.0041695044 0.0156716012 0.016897736 0.0246600256 0.0115651204 0.0065985442 0.0101665393 0.0185950565 0.0130209974 0.0047576248 0.0166839446 0.0167810833 0.0053175034 0.0166099527 0.0090591533 0.0278895464 0.0272774307 0.0102117683 0.0102559411 0.0121610358 0.0157942359 0.0092971105 0.0236613965 0.005400214 0.0241096931 0.0205931533 0.0219047192 0.0205534812 0.0089195837 0.0218540589 0.0255879042 0.0212641102 0.0169170198 0.0139082901 0.0251125462 0.015928997 0.0179764314 0.0255828678 0.0285003753 0.0183421708 0.0102751743 0.0126196916 0.0130153754 0.0167858698 0.0074244718 0.0128474058 0.019739734 0.0098144656 0.0162261735 0.0109353995 0.0172692049 0.0252105022 0.013152676 0.0109185372 0.0149636839 
5 0.0152191455 0.0094482588 0.0159571495 0.0130444127 0.0240006455 0.016352239 0.012083831 0.0138717287 0.0131401098 0.0092072586 0.0174840689 0.0210429898 0.0148022516 0.0160110374 0.0160455623 0.0153299049 0.013836352 0.0198929437 0.0160907614 0.0132450743 0.0190145461 0.0156816414 0.0058378987 0.009547903 0.0107913465 0.0065121297 0.0257356416 0.0272872712 0.0098794552 0.0204430378 0.0207987064 0.0148440603 0.01609399 0.0232108651 0.0156316612 0.0079522687 0.0042311667 0.0142325063 0.0194165928 0.0156584893 0.0177506326 0.015524333 0.0085520936 0.0127944654 0.0181510342 0.0192697368 0.0179060005 0.0161687177 0.0284757042 0.0136825216 0.0244641156 0.0222600545 0.0063375991 0.0102313087 0.0131867681 0.0227151502 0.0121888965 0.0224182801 0.0094480636 0.019552992 0.0069335709 0.0187981099 0.0255499042 0.0087330439 
6 0.0152630607 0.0160619251 0.0131618717 0.0178971141 0.016352239 0.0130845294 0.012898779 0.0156898237 0.0182932585 0.0142388091 0.0095830542 0.0077048571 0.00948151 0.0163655815 0.0244467717 0.0110609464 0.0231001043 0.0200681553 0.013294507 0.0076601256 0.0150327008 0.0062869531 0.0128908345 0.0098338681 0.010986158 0.0174049676 0.0200804792 0.0175649871 0.0130062772 0.0219270333 0.0216161279 0.0159167605 0.0321034863 0.0025654136 0.0156472907 0.0165685564 0.008667633 0.0219160691 0.0174082833 0.0148015673 0.0110999607 0.0281384256 0.0243449874 0.0211559915 0.0167403174 0.0164124137 0.0159678479 0.0085913303 0.0200752007 0.0128987536 0.0151033331 0.0087785481 0.0180077841 0.0155705856 0.0103629866 0.0150752105 0.0128117129 0.0166260001 0.0123218286 0.0178705278 0.0242279531 0.0146882859 0.0067182233 0.0284793211 
7 0.0153472863 0.0103961141 0.0170648616 0.0117214769 0.012083831 0.012898779 0.023513682 0.0186023111 0.0116067384 0.0108417809 0.0025808463 0.0182758614 0.0108579625 0.0054537953 0.0204497789 0.0175724229 0.0124956829 0.0259424857 0.0089158608 0.016616887 0.0161429804 0.0180185085 0.006365549 0.0161574611 0.0195033676 0.0104276232 0.0129870789 0.021235495 0.0189239852 0.0140656206 0.0217041457 0.0241050823 0.0286840815 0.0048295732 0.0172511343 0.0103310147 0.0217715761 0.0143589841 0.0388077501 0.0193302668 0.0169921575 0.0068201529 0.0114186286 0.0239399106 0.0121188301 0.0175955317 0.0072907717 0.0194579503 0.0224677164 0.0157700775 0.0180151983 0.0148474541 0.0139233166 0.0160297051 0.010141127 0.0127920455 0.0257240824 0.0158954059 0.0055798551 0.0107877668 0.0144071588 0.0178849267 0.0149938884 0.0168666188 
8 0.0203231092 0.0029480055 0.0152044308 0.0189445465 0.0138717287 0.0156898237 0.0186023111 0.0067166209 0.0159696552 0.0146427031 0.0085752951 0.0174428807 0.0203242915 0.01065405 0.0112118857 0.0170080622 0.0130798526 0.0266164379 0.0158066542 0.0098561105 0.0147674443 0.0259845322 0.0088058892 0.0151554495 0.0130586227 0.0223902383 0.0173025469 0.0090623871 0.0109951172 0.0261299911 0.0229705724 0.011750961 0.0212243878 0.0180519476 0.0227854204 0.02298964 0.0304854633 0.0255085625 0.0160602404 0.0162023446 0.0079031587 0.0197045468 0.0152385533 0.0102884407 0.0097163804 0.0202908774 0.0135955916 0.01117409 0.0060119279 0.0148453191 0.0154310601 0.0215843975 0.0181475884 0.0174154447 0.0132374071 0.0104865469 0.0224858787 0.0038203476 0.0139601555 0.017058302 0.0124203506 0.0078041126 0.0175150403 0.0146942687 
9 0.0258647908 0.022612299 0.0177022471 0.0182434293 0.0131401098 0.0182932585 0.0116067384 0.0159696552 0.0215872121 0.0137029668 0.0137870081 0.0183006256 0.0118642159 0.0115270449 0.0112051409 0.0288970112 0.0154838719 0.0199589013 0.0242005202 0.0197230139 0.0151621196 0.0251437239 0.017818093 0.0150772984 0.0150681753 0.0123062291 0.0068830543 0.0113324206 0.0215753588 0.0197592886 0.0054807386 0.0147727853 0.008952562 0.0080028774 0.0239650649 0.0145169941 0.0230197663 0.0138925958 0.0225781227 0.009670701 0.0098387407 0.0148421094 0.0119390881 0.0118687639 0.0119560165 0.0222672468 0.006996675 0.0056375555 0.0210723426 0.012298522 0.0087017824 0.0200315402 0.0092844355 0.0166675524 0.0157047568 0.0116435844 0.0272574878 0.0113344421 0.0170502744 0.0141651377 0.0120198781 0.0120743725 0.0242718843 0.0124277805 
10 0.0181630513 0.0190832854 0.0164536345 0.0041695044 0.0092072586 0.0142388091 0.0108417809 0.0146427031 0.0137029668 0.0245820428 0.0261559113 0.025475692 0.0204287646 0.013152609 0.0094175224 0.0138698162 0.0098438235 0.0147759542 0.0182988197 0.0076544994 0.0166651816 0.0140150987 0.0224025837 0.0178376704 0.0172126152 0.0122687024 0.0240709467 0.0292522998 0.0145444521 0.0269812933 0.0124263518 0.0059104188 0.0191735512 0.0104219341 0.0175090796 0.023631488 0.0175749817 0.0182610884 0.0166091065 0.014868646 0.0145884391 0.014319751 0.0159510858 0.0237386222 0.0312135261 0.0197693203 0.0204662929 0.0135990571 0.0161192365 0.0084734792 0.021067921 0.0133700111 0.0065825919 0.0161972402 0.0026174619 0.0112643876 0.0147906118 0.007527435 0.013459488 0.0069094952 0.0101566774 0.020582298 0.0080951045 0.0133445269 
11 0.0088631383 0.0136992751 0.0095186075 0.0156716012 0.0174840689 0.0095830542 0.0025808463 0.0085752951 0.0137870081 0.0261559113 0.0183650054 0.0035718872 0.0203253416 0.0140900515 0.0270971611 0.0215357976 0.0164987857 0.0093406576 0.012384615 0.0093699458 0.0289515851 0.008263378 0.0096244889 0.0205370341 0.0125854011 0.0063199005 0.0111669287 0.0163068523 0.0223503323 0.0307056068 0.0236665664 0.0155214328 0.0166792572 0.0153631009 0.0076901226 0.0118549463 0.0189613114 0.0173833426 0.0171510145 0.0121489607 0.0131186622 0.0169218291 0.0114064076 0.0118031531 0.0191827762 0.0141535037 0.0148851555 0.0119968807 0.0195762487 0.0231990936 0.0144431452 0.0181198337 0.0165136738 0.0121889437 0.0260168089 0.0190022463 0.0283932277 0.0168365738 0.0136536717 0.010299955 0.0176397273 0.0184412784 0.0144470308 0.0160305556 
12 0.0151741756 0.025191642 0.0147793186 0.016897736 0.0210429898 0.0077048571 0.0182758614 0.0174428807 0.0183006256 0.025475692 0.0035718872 0.0022160815 0.0113359165 0.020069332 0.0046674023 0.0085856834 0.0248085069 0.0075981863 0.0052970279 0.0130180305 0.0102947097 0.0178800615 0.0145267375 0.0151010931 0.0200216641 0.0267075966 0.0225403337 0.0186003945 0.0229891925 0.0291008047 0.0104594296 0.0259272146 0.0080696595 0.0238124082 0.0135616985 0.0081630724 0.0101011875 0.0154582477 0.0175372484 0.012895095 0.0080171597 0.005057676 0.0124684982 0.0160786809 0.0287082592 0.0208660537 0.0166108597 0.022740751 0.0189259456 0.0183922683 0.0119731307 0.0187907682 0.01396641 0.0244719344 0.015358358 0.0196706421 0.0110331933 0.0158131554 0.0126895428 0.0105189018 0.0152634677 0.0120560953 0.0154839044 0.0098426611 
13 0.0265029961 0.0084077459 0.0199826804 0.0246600256 0.0148022516 0.00948151 0.0108579625 0.0203242915 0.0118642159 0.0204287646 0.0203253416 0.0113359165 0.0061695204 0.0113331246 0.0218533801 0.01669567 0.0190529134 0.0111854502 0.0083632398 0.0329191271 0.0183848732 0.0133775172 0.0162138006 0.0087979962 0.0178127086 0.0224670617 0.0193735083 0.0104304968 0.0146849795 0.0086711904 0.0152453959 0.0117230496 0.0215422968 0.0110257606 0.0201286694 0.0134660671 0.0046551031 0.0217442738 0.0186366945 0.0233564123 0.0133349546 0.006773513 0.0172905769 0.0105740081 0.0096701062 0.0158722041 0.0166236731 0.0114785388 0.0189670521 0.0183642735 0.0080392676 0.020769174 0.0185982609 0.0167661886 0.0093734802 0.0261474549 0.0105237326 0.0078959843 0.0172186502 0.0198506544 0.0206870322 0.0107038369 0.0193679571 0.0168254423 
14 0.0223206789 0.0273797504 0.0316848246 0.0115651204 0.0160110374 0.0163655815 0.0054537953 0.01065405 0.0115270449 0.013152609 0.0140900515 0.020069332 0.0113331246 0.0419016566 0.0089789907 0.011886955 0.0041868462 0.0196840256 0.0144927892 0.0208965013 0.0146100918 0.0180737086 0.0104532018 0.0159471574 0.0162364314 0.0239534814 0.0157675315 0.0184672309 0.0222550428 0.0067341231 0.0060633423 0.0034775063 0.0218691965 0.0269430256 0.0172448806 0.0209691704 0.0166769918 0.0064143087 0.016348322 0.0071470593 0.010359994 0.0160256127 0.0060962573 0.0204430122 0.006666646 0.0066300817 0.0073332994 0.0224100084 0.0173344354 0.0189882992 0.0140697668 0.0126805517 0.0222802417 0.0126897695 0.0037507225 0.0134081233 0.0163311565 0.0163215927 0.0130701937 0.0121769567 0.0100222822 0.0266681256 0.0336047627 0.0213515388 
15 0.0233795588 0.0131041053 0.0221791886 0.0065985442 0.0160455623 0.0244467717 0.0204497789 0.0112118857 0.0112051409 0.0094175224 0.0270971611 0.0046674023 0.0218533801 0.0089789907 0.0172264452 0.0140722508 0.0243709651 0.0079314326 0.0183383511 0.0245897144 0.0120356923 0.0136143911 0.0095773934 0.012276158 0.0102036528 0.0092668298 0.0136792003 0.0087679103 0.0214206964 0.0152374731 0.013842931 0.0196747388 0.0113405452 0.0304010865 0.0084954594 0.0238096459 0.014833512 0.0110322632 0.0090488714 0.0282405962 0.0193803713 0.0146240919 0.0077968536 0.01014582 0.0151115048 0.0054275219 0.0170632314 0.0260128545 0.0178315511 0.0198658425 0.0168025147 0.0154056542 0.0130004825 0.0174803084 0.0073985806 0.0157968378 0.0136342479 0.0116503476 0.0085654369 0.0211401277 0.0122100162 0.0231820425 0.0189150333 0.0275955272 
16 0.0163119371 0.0088486173 0.0101422575 0.0101665393 0.0153299049 0.0110609464 0.0175724229 0.0170080622 0.0288970112 0.0138698162 0.0215357976 0.0085856834 0.01669567 0.011886955 0.0140722508 0.0007896204 0.0163556964 0.0149826207 0.0141031213 0.0250709049 0.0165691657 0.0205106045 0.033749885 0.0106739259 0.0167726679 0.0136480806 0.014670486 0.0085526372 0.0158813113 0.0137473684 0.0120950746 0.0123927257 0.0202217045 0.0046592482 0.0080956466 0.0226113615 0.0154552664 0.0097837804 0.0144263445 0.0223914692 0.009916275 0.0178281311 0.0146534708 0.0174642095 0.0200920812 0.0059776779 0.0258881454 0.008725408 0.0199756042 0.0204363969 0.0119427458 0.0237416598 0.0299452233 0.0184711635 0.0084260327 0.0097599461 0.0256450797 0.0149766521 0.0124527392 0.0145360408 0.0224170399 0.0183111821 0.0026393881 0.0255831174 
17 0.0293186151 0.0123266971 0.0081182702 0.0185950565 0.013836352 0.0231001043 0.0124956829 0.0130798526 0.0154838719 0.0098438235 0.0164987857 0.0248085069 0.0190529134 0.0041868462 0.0243709651 0.0163556964 0.015369728 0.0128369356 0.0149184075 0.0117663075 0.0266735594 0.0205458155 0.0125749039 0.0157841876 0.0164017999 0.0113040551 0.0146263849 0.0126614892 0.0063170064 0.0267534127 0.0183940249 0.01635907 0.0125451342 0.0151287287 0.0179372472 0.0118856959 0.0112554013 0.0107710445 0.0062788056 0.0207605198 0.0130422019 0.0098670304 0.0215844192 0.0276033796 0.0174207202 0.011151079 0.0241191702 0.0178509401 0.0198647171 0.0094954937 0.0119765397 0.0326812268 0.0094961592 0.0095009445 0.0205271521 0.0199847771 0.0100074035 0.020857162 0.0089088137 0.0152694527 0.0041319439 0.0045143667 0.0187602391 0.0200629625 
18 0.0207944753 0.0354222576 0.0114574464 0.0130209974 0.0198929437 0.0200681553 0.0259424857 0.0266164379 0.0199589013 0.0147759542 0.0093406576 0.0075981863 0.0111854502 0.0196840256 0.0079314326 0.0149826207 0.0128369356 0.016221967 0.0234494553 0.0165813785 0.0076994522 0.0122454671 0.026710556 0.0307568495 0.0118060237 0.0168485579 0.0165475014 0.014197374 0.0086703565 0.0154199013 0.0206942688 0.0099892562 0.0119686075 0.0210140662 0.007875037 0.018461169 0.0111290035 0.0152279677 0.010422939 0.0271511235 0.0100895677 0.0089956078 0.0122970569 0.0237991248 0.0195550164 0.0110483527 0.0236799428 0.0133534965 0.0127205203 0.0213005723 0.0212573544 0.00889446 0.0051168364 0.0128056698 0.0142981375 0.0059398897 0.0187588282 0.0110860315 0.0147412959 0.0217994162 0.0033913067 0.0139168968 0.0058599472 0.0226970292 
19 0.0259423343 0.0160996058 0.0158230855 0.0047576248 0.0160907614 0.013294507 0.0089158608 0.0158066542 0.0242005202 0.0182988197 0.012384615 0.0052970279 0.0083632398 0.0144927892 0.0183383511 0.0141031213 0.0149184075 0.0234494553 0.042335525 0.0273440538 0.0077712527 0.0168295296 0.0187752034 0.0155288564 0.0244315419 0.0122085425 0.0150409696 0.0188104676 0.015193633 0.0079875765 0.0019026661 0.0106104383 0.0143825103 0.0118954491 0.0076421345 0.0189844362 0.0210217783 0.0169358192 0.0211757138 0.0158650671 0.0112504196 0.0173213822 0.0192690114 0.0086024706 0.0221300011 0.0224770495 0.0072919667 0.0146385544 0.0108167753 0.0226196324 0.0166314634 0.0118423624 0.0154415528 0.0185292828 0.0206298723 0.0083536692 0.0162668342 0.0129431526 0.0103677838 0.0183756866 0.0205700995 0.0125794535 0.0078917463 0.0199098319 
20 0.0056317491 0.0204955067 0.0192250074 0.0166839446 0.0132450743 0.0076601256 0.016616887 0.0098561105 0.0197230139 0.0076544994 0.0093699458 0.0130180305 0.0329191271 0.0208965013 0.0245897144 0.0250709049 0.0117663075 0.0165813785 0.0273440538 0.0179294815 0.0118590517 0.0124291478 0.0102597339 0.0184691046 0.0171972373 0.0180029957 0.0165234329 0.0072167263 0.0215171701 0.0106015622 0.0179936796 0.026951163 0.0167158146 0.0106601389 0.00424646 0.009962047 0.0166976971 0.0222367646 0.0137354422 0.0191016336 0.0049341823 0.0094097167 0.0140410605 0.0257073855 0.0114670043 0.0175531533 0.0110164929 0.0222567112 0.0066940304 0.0214195252 0.012257918 0.0125232742 0.0157351462 0.0166784788 0.0141239168 0.0167001968 0.0121689411 0.0181210439 0.0161550566 0.0084695231 0.0162487644 0.0193267933 0.0197198344 0.0186174829 
21 0.0165401345 0.0147751606 0.0152232292 0.0167810833 0.0190145461 0.0150327008 0.0161429804 0.0147674443 0.0151621196 0.0166651816 0.0289515851 0.0102947097 0.0183848732 0.0146100918 0.0120356923 0.0165691657 0.0266735594 0.0076994522 0.0077712527 0.0118590517 0.0200804386 0.0073067039 0.0110102269 0.0119523408 0.0141123012 0.0153829819 0.0148836718 0.0177742226 0.0125153935 0.0167032117 0.0178661124 0.0162473102 0.0067094613 0.0163945303 0.0200643525 0.0157564367 0.0128667095 0.0163005978 0.0113287154 0.0225232482 0.0103941668 0.0148305355 0.0206302103 0.0174177912 0.0087934918 0.0126316736 0.0113678776 0.0182511636 0.0198767432 0.0155655449 0.022540317 0.0326787963 0.0225301884 0.0121302798 0.0173006868 0.0159702724 0.0202498396 0.0173071472 0.0068754059 0.0212837155 0.0072891818 0.0085123443 0.0249661326 0.0078735126 
22 0.0019607247 0.005966421 0.018705063 0.0053175034 0.0156816414 0.0062869531 0.0180185085 0.0259845322 0.0251437239 0.0140150987 0.008263378 0.0178800615 0.0133775172 0.0180737086 0.0136143911 0.0205106045 0.0205458155 0.0122454671 0.0168295296 0.0124291478 0.0073067039 0.019438633 0.0157618919 0.0186034472 0.0159810724 0.0104429791 0.0236009553 0.0129123547 0.0149323838 0.0093931082 0.0228747174 0.004078959 0.0228892414 0.0129682108 0.013050846 0.0100400087 0.0198066205 0.0182812334 0.0095404759 0.0280580762 0.0125736264 0.0095837056 0.0093174476 0.00669491 0.0324166782 0.0214373547 0.0172688712 0.0112242601 0.0112313581 0.0099260444 0.0105168852 0.0220276502 0.0118242223 0.0164610305 0.0306942159 0.0131074572 0.014170167 0.0153308994 0.0244373305 0.028486059 0.0181919437 0.0296765203 0.0140439137 0.0085457392 
23 0.0210443123 0.0189703015 0.0201899157 0.0166099527 0.0058378987 0.0128908345 0.006365549 0.0088058892 0.017818093 0.0224025837 0.0096244889 0.0145267375 0.0162138006 0.0104532018 0.0095773934 0.033749885 0.0125749039 0.026710556 0.0187752034 0.0102597339 0.0110102269 0.0157618919 0.0114363113 0.0122232435 0.0090897883 0.0118704346 0.0175359379 0.0147022 0.0134157314 0.020397829 0.0153395245 0.0152504152 0.0148514548 0.0110808303 0.0175733826 0.0075218128 0.012756343 0.0070521703 0.0179122639 0.016088475 0.0188685245 0.0174422046 0.0174448094 0.0152942963 0.0049296882 0.0270647094 0.0258717557 0.0248469624 0.0110360542 0.0197189905 0.0107376404 0.0196249444 0.0201842133 0.0054197606 0.0166624461 0.0230790807 0.0149399118 0.018070667 0.0214389387 0.0224629097 0.0181906861 0.0102035341 0.0094121928 0.0207835768 
24 0.0099316611 0.0255787367 0.0124649816 0.0090591533 0.009547903 0.0098338681 0.0161574611 0.0151554495 0.0150772984 0.0178376704 0.0205370341 0.0151010931 0.0087979962 0.0159471574 0.012276158 0.0106739259 0.0157841876 0.0307568495 0.0155288564 0.0184691046 0.0119523408 0.0186034472 0.0122232435 0.0224203901 0.0181016053 0.0222745391 0.0114717074 0.0186021968 0.0144760121 0.0155123978 0.021423174 0.0241446893 0.0175357808 0.0260311625 0.0203192725 0.0157741705 0.0129923205 0.0123899441 0.0129555 0.0112353799 0.0186059056 0.0182571255 0.0090776856 0.0146800806 0.0150037404 0.0155968758 0.0268728106 0.0087037745 0.0108550317 0.0138014665 0.0170147906 0.0176254408 0.0162201041 0.0123463819 0.0091919622 0.0122648581 0.0131657785 0.013250328 0.0027418535 0.0148250078 0.0214831589 0.022745204 0.0132419676 0.0174728471 
25 0.0298270306 0.0160136049 0.0103574351 0.0278895464 0.0107913465 0.010986158 0.0195033676 0.0130586227 0.0150681753 0.0172126152 0.0125854011 0.0200216641 0.0178127086 0.0162364314 0.0102036528 0.0167726679 0.0164017999 0.0118060237 0.0244315419 0.0171972373 0.0141123012 0.0159810724 0.0090897883 0.0181016053 0.017106962 0.0110926946 0.0199098937 0.0197015327 0.0105432856 0.0102915741 0.0119795885 0.0164543504 0.008069593 0.0228996287 0.0170134873 0.0121914204 0.0099676711 0.0134416327 0.0225494047 0.0109703333 0.0318605208 0.0104910925 0.0139529077 0.0116922381 0.0174623243 0.0076944086 0.0086538661 0.014387474 0.0137939423 0.0153688058 0.0142409703 0.0275535024 0.02292565 0.0155235115 0.0207902978 0.0246590668 0.008069547 0.0099153106 0.0117539341 0.0326435957 0.0126878524 0.004380253 0.0092628862 0.0145911909 
26 0.0123652474 0.0105525595 0.0116132195 0.0272774307 0.0065121297 0.0174049676 0.0104276232 0.0223902383 0.0123062291 0.0122687024 0.0063199005 0.0267075966 0.0224670617 0.0239534814 0.0092668298 0.0136480806 0.0113040551 0.0168485579 0.0122085425 0.0180029957 0.0153829819 0.0104429791 0.0118704346 0.0222745391 0.0110926946 0.0138796685 0.0187967292 0.0222676414 0.0093587817 0.0189273686 0.0192838216 0.0219623707 0.0063704086 0.0244333161 0.0115636115 0.0184106671 0.0174359656 0.0137486825 0.0146281207 0.0099610083 0.0241840116 0.0224286687 0.0187303581 0.0108276074 0.0128499261 0.0148134446 0.0125022713 0.0177994232 0.0237615006 0.0129494627 0.0292018749 0.0097359468 0.0257405418 0.017500916 0.0200403756 0.0104310299 0.0193827149 0.0099380485 0.0145222941 0.0102467422 0.0087214549 0.0142773734 0.0162536043 0.0072231679 
27 0.0120670711 0.0302176216 0.0168300749 0.0102117683 0.0257356416 0.0200804792 0.0129870789 0.0173025469 0.0068830543 0.0240709467 0.0111669287 0.0225403337 0.0193735083 0.0157675315 0.0136792003 0.014670486 0.0146263849 0.0165475014 0.0150409696 0.0165234329 0.0148836718 0.0236009553 0.0175359379 0.0114717074 0.0199098937 0.0187967292 0.0242871562 0.0166571358 0.0143125371 0.0032146739 0.0270672345 0.0128036595 0.0206188945 0.0001275509 0.0164572831 0.0142768342 0.0176426195 0.0104087913 0.0133914256 0.0158331106 0.0107892542 0.017398896 0.0118953881 0.0146726252 0.0148343887 0.0182103697 0.0220127769 0.0173633751 0.0095412384 0.0189546484 0.0122903907 0.0135146031 0.0262709783 0.0109402108 0.0136962338 0.0269703507 0.0055623474 0.012153102 0.0127251783 0.0084594908 0.0087843283 0.0048210447 0.0245419855 0.0139764321 
28 0.0147284645 0.0080990006 0.0152939201 0.0102559411 0.0272872712 0.0175649871 0.021235495 0.0090623871 0.0113324206 0.0292522998 0.0163068523 0.0186003945 0.0104304968 0.0184672309 0.0087679103 0.0085526372 0.0126614892 0.014197374 0.0188104676 0.0072167263 0.0177742226 0.0129123547 0.0147022 0.0186021968 0.0197015327 0.0222676414 0.0166571358 0.0256951165 0.0071903839 0.0096628323 0.0169211058 0.0127817021 0.0175159227 0.0169135204 0.013624782 0.003530973 0.015284888 0.0262134243 0.0131623884 0.0177585255 0.018691176 0.0215209686 0.0102793247 0.0134532693 0.0214428658 0.0174585706 0.0228562578 0.0074184833 0.0242625465 0.0152186515 0.0151581294 0.0209327884 0.0163175163 0.0180645091 0.018619364 0.0030073553 0.0132956361 0.0096181909 0.0203676715 0.0163498548 0.0290241632 0.010847118 0.0060766219 0.012722352 
29 0.016848398 0.0068247788 0.0141916691 0.0121610358 0.0098794552 0.0130062772 0.0189239852 0.0109951172 0.0215753588 0.0145444521 0.0223503323 0.0229891925 0.0146849795 0.0222550428 0.0214206964 0.0158813113 0.0063170064 0.0086703565 0.015193633 0.0215171701 0.0125153935 0.0149323838 0.0134157314 0.0144760121 0.0105432856 0.0093587817 0.0143125371 0.0071903839 0.020409244 0.0229246846 0.017474924 0.0129019125 0.0189496045 0.0114569902 0.0151472651 0.0057757876 0.014872767 0.0229414462 0.0162956659 0.0097011492 0.0143174103 0.0081732469 0.0114177813 0.0207299539 0.007734805 0.0207531909 0.0233184688 0.0062134174 0.0218186945 0.0124717542 0.0260965768 0.01140207 0.019104822 0.0270111317 0.0168277475 0.0270434082 0.0094424928 0.016332862 0.0293543077 0.0098493597 0.0058060915 0.0126880141 0.0246216114 0.0216445837 
30 0.0219836275 0.0106439183 0.0136029422 0.0157942359 0.0204430378 0.0219270333 0.0140656206 0.0261299911 0.0197592886 0.0269812933 0.0307056068 0.0291008047 0.0086711904 0.0067341231 0.0152374731 0.0137473684 0.0267534127 0.0154199013 0.0079875765 0.0106015622 0.0167032117 0.0093931082 0.020397829 0.0155123978 0.0102915741 0.0189273686 0.0032146739 0.0096628323 0.0229246846 0.0119617421 0.014560185 0.0189252307 0.0122122223 0.0158586322 0.0108683332 0.0201350842 0.0229548061 0.0207542258 0.0289722115 0.0058632366 0.0356176938 0.0110767182 0.0094066237 0.0044117972 0.0126868394 0.0205749843 0.0157902074 0.0089716344 0.0151234649 0.0117724447 0.0104904519 0.022182118 0.0032620105 0.021879766 0.0167716395 0.0096289179 0.0191909283 0.0107311893 0.0075035792 0.0095879919 0.0234863087 0.0107702623 0.0088656615 0.0138331694 
31 0.0230257756 0.0171128981 0.0082834178 0.0092971105 0.0207987064 0.0216161279 0.0217041457 0.0229705724 0.0054807386 0.0124263518 0.0236665664 0.0104594296 0.0152453959 0.0060633423 0.013842931 0.0120950746 0.0183940249 0.0206942688 0.0019026661 0.0179936796 0.0178661124 0.0228747174 0.0153395245 0.021423174 0.0119795885 0.0192838216 0.0270672345 0.0169211058 0.017474924 0.014560185 0.0000684368000000000 0.0289773378 0.0131831708 0.0156382555 0.0244316107 0.0115537825 0.0277666097 0.0107831711 0.0128984421 0.015618926 0.0153322013 0.014115205 0.0092009239 0.0076117888 0.025183821 0.0106724089 0.0122805805 0.0212252519 0.0159356058 0.0060040807 0.0119261882 0.0179188448 0.0105205589 0.0133436492 0.0190799027 0.0164329246 0.0124662325 0.0137113277 0.0195176705 0.0238826222 0.0162686093 0.0151829046 0.0034778205 0.0199255217 
32 0.0061229255 0.023474784 0.0144587748 0.0236613965 0.0148440603 0.0159167605 0.0241050823 0.011750961 0.0147727853 0.0059104188 0.0155214328 0.0259272146 0.0117230496 0.0034775063 0.0196747388 0.0123927257 0.01635907 0.0099892562 0.0106104383 0.026951163 0.0162473102 0.004078959 0.0152504152 0.0241446893 0.0164543504 0.0219623707 0.0128036595 0.0127817021 0.0129019125 0.0189252307 0.0289773378 0.0277984371 0.0166052088 0.0110092982 0.0233766462 0.0141517293 0.0223865405 0.0082183276 0.0228933581 0.0187507946 0.0066285583 0.0055888578 0.0120366971 0.013551337 0.0129761149 0.0180442649 0.0222168719 0.0098263715 0.0102392195 0.0123005335 0.0077776584 0.0097053984 0.0150936962 0.0278570248 0.0060377406 0.0223773388 0.0120619892 0.0226990104 0.0115309718 0.0158177546 0.0245011896 0.007186428 0.0214482704 0.0151338805 
33 0.0056646176 0.0196198555 0.0233805411 0.005400214 0.01609399 0.0321034863 0.0286840815 0.0212243878 0.008952562 0.0191735512 0.0166792572 0.0080696595 0.0215422968 0.0218691965 0.0113405452 0.0202217045 0.0125451342 0.0119686075 0.0143825103 0.0167158146 0.0067094613 0.0228892414 0.0148514548 0.0175357808 0.008069593 0.0063704086 0.0206188945 0.0175159227 0.0189496045 0.0122122223 0.0131831708 0.0166052088 0.0057285797 0.0076380164 0.0211510992 0.0360519715 0.0082236098 0.024415566 0.0108415591 0.0189044291 0.0164178083 0.0101340245 0.0131036585 0.0218405611 0.0217109226 0.0226828733 0.0197639006 0.0090330197 0.0210073937 0.0140216078 0.0056537474 0.0108126843 0.0102555835 0.0103061798 0.0103384974 0.0198412991 0.0177347375 0.0027971306 0.0132760167 0.009135541 0.0258597727 0.0213422455 0.0212700349 0.0075629521 
34 0.0152637467 0.0204212475 0.0117209821 0.0241096931 0.0232108651 0.0025654136 0.0048295732 0.0180519476 0.0080028774 0.0104219341 0.0153631009 0.0238124082 0.0110257606 0.0269430256 0.0304010865 0.0046592482 0.0151287287 0.0210140662 0.0118954491 0.0106601389 0.0163945303 0.0129682108 0.0110808303 0.0260311625 0.0228996287 0.0244333161 0.0001275509 0.0169135204 0.0114569902 0.0158586322 0.0156382555 0.0110092982 0.0076380164 0.0 0.020757065 0.0145254483 0.0261436351 0.0124396775 0.0119784118 0.0133449372 0.0145897176 0.0309525021 0.0146212617 0.02225929 0.0171530809 0.0062466461 0.0130204789 0.0086186121 0.0210981435 0.0143218713 0.0187532513 0.0134509228 0.0195514811 0.0115477411 0.0165188842 0.0137630364 0.0262088968 0.0224241286 0.0078654242 0.0104119712 0.0223628578 0.0114626059 0.0169395782 0.0247172054 
35 0.0127177789 0.0070696163 0.0084578717 0.0205931533 0.0156316612 0.0156472907 0.0172511343 0.0227854204 0.0239650649 0.0175090796 0.0076901226 0.0135616985 0.0201286694 0.0172448806 0.0084954594 0.0080956466 0.0179372472 0.007875037 0.0076421345 0.00424646 0.0200643525 0.013050846 0.0175733826 0.0203192725 0.0170134873 0.0115636115 0.0164572831 0.013624782 0.0151472651 0.0108683332 0.0244316107 0.0233766462 0.0211510992 0.020757065 0.0279065733 0.0195803444 0.0188522 0.0218254917 0.0079857841 0.0152151386 0.0141621367 0.0184191824 0.0160833055 0.0108858602 0.0106946289 0.010260141 0.0219327094 0.0297483683 0.0149716081 0.0228029434 0.0169024956 0.0195569034 0.0135572824 0.0111020846 0.0170305104 0.0066892355 0.0095613682 0.0176988166 0.0196896685 0.0105233309 0.0081608837 0.0202590124 0.0167871461 0.0112103818 
36 0.0175723967 0.0136286489 0.0104922215 0.0219047192 0.0079522687 0.0165685564 0.0103310147 0.02298964 0.0145169941 0.023631488 0.0118549463 0.0081630724 0.0134660671 0.0209691704 0.0238096459 0.0226113615 0.0118856959 0.018461169 0.0189844362 0.009962047 0.0157564367 0.0100400087 0.0075218128 0.0157741705 0.0121914204 0.0184106671 0.0142768342 0.003530973 0.0057757876 0.0201350842 0.0115537825 0.0141517293 0.0360519715 0.0145254483 0.0195803444 0.0093432881 0.0115798823 0.01695086 0.010391165 0.0056423725 0.0285070129 0.0167816452 0.0362689922 0.0157519909 0.0157538576 0.0103770714 0.0254191128 0.0143842251 0.0182164631 0.0143289231 0.016227645 0.0053023342 0.0182427645 0.0174089617 0.0129089573 0.0139690841 0.028953335 0.0138032546 0.0155645022 0.0142547707 0.0120181257 0.016124684 0.0126814572 0.01381123 
37 0.0135256306 0.0192346284 0.0067916733 0.0205534812 0.0042311667 0.008667633 0.0217715761 0.0304854633 0.0230197663 0.0175749817 0.0189613114 0.0101011875 0.0046551031 0.0166769918 0.014833512 0.0154552664 0.0112554013 0.0111290035 0.0210217783 0.0166976971 0.0128667095 0.0198066205 0.012756343 0.0129923205 0.0099676711 0.0174359656 0.0176426195 0.015284888 0.014872767 0.0229548061 0.0277666097 0.0223865405 0.0082236098 0.0261436351 0.0188522 0.0115798823 0.0093485192 0.0150446746 0.0067780087 0.0093217276 0.0217504433 0.0186786957 0.0147580089 0.0245058241 0.0155567823 0.0145247446 0.0097271241 0.0142006514 0.0075676296 0.0122405131 0.0185411174 0.0194351289 0.009587571 0.0236299287 0.0218562759 0.0163020173 0.0091006199 0.0132709637 0.0104318758 0.0092647843 0.0232138436 0.0211194095 0.0163662238 0.0157004517 
38 0.0034462974 0.007916121 0.0081728966 0.0089195837 0.0142325063 0.0219160691 0.0143589841 0.0255085625 0.0138925958 0.0182610884 0.0173833426 0.0154582477 0.0217442738 0.0064143087 0.0110322632 0.0097837804 0.0107710445 0.0152279677 0.0169358192 0.0222367646 0.0163005978 0.0182812334 0.0070521703 0.0123899441 0.0134416327 0.0137486825 0.0104087913 0.0262134243 0.0229414462 0.0207542258 0.0107831711 0.0082183276 0.024415566 0.0124396775 0.0218254917 0.01695086 0.0150446746 0.0222914657 0.0097013339 0.0142613142 0.020814767 0.0132760095 0.0140307516 0.0239181779 0.0111061282 0.0215117032 0.0107951289 0.0155161077 0.0144393449 0.0124669355 0.008003859 0.0215736355 0.0097324805 0.0223870338 0.0167600498 0.0232777215 0.0089294903 0.0163105468 0.0203867985 0.016370263 0.0242748759 0.0179211147 0.020896263 0.0142242654 
39 0.0097811547 0.0160722989 0.0197746385 0.0218540589 0.0194165928 0.0174082833 0.0388077501 0.0160602404 0.0225781227 0.0166091065 0.0171510145 0.0175372484 0.0186366945 0.016348322 0.0090488714 0.0144263445 0.0062788056 0.010422939 0.0211757138 0.0137354422 0.0113287154 0.0095404759 0.0179122639 0.0129555 0.0225494047 0.0146281207 0.0133914256 0.0131623884 0.0162956659 0.0289722115 0.0128984421 0.0228933581 0.0108415591 0.0119784118 0.0079857841 0.010391165 0.0067780087 0.0097013339 0.0383776405 0.0063911136 0.0093477024 0.0166335789 0.0088044569 0.0066574218 0.0155949934 0.0068407108 0.0166631149 0.0184506352 0.0083918067 0.0140207914 0.0171778778 0.0194445771 0.0235528454 0.011343382 0.0190993661 0.0131461237 0.0068309375 0.0203333398 0.0148230905 0.018307756 0.0201991174 0.0310922046 0.0133097809 0.0078377574 
40 0.0160524638 0.0255671004 0.0275577946 0.0255879042 0.0156584893 0.0148015673 0.0193302668 0.0162023446 0.009670701 0.014868646 0.0121489607 0.012895095 0.0233564123 0.0071470593 0.0282405962 0.0223914692 0.0207605198 0.0271511235 0.0158650671 0.0191016336 0.0225232482 0.0280580762 0.016088475 0.0112353799 0.0109703333 0.0099610083 0.0158331106 0.0177585255 0.0097011492 0.0058632366 0.015618926 0.0187507946 0.0189044291 0.0133449372 0.0152151386 0.0056423725 0.0093217276 0.0142613142 0.0063911136 0.0062479993 0.0201250529 0.0158397409 0.0152861323 0.0086790935 0.015229824 0.0133078943 0.009158248 0.0077132943 0.011105836 0.0175034293 0.0247764199 0.0236132023 0.0158925635 0.0261057887 0.0231864172 0.0051725432 0.0161839201 0.0108458376 0.0100078692 0.0184942471 0.0098002173 0.0134900797 0.0102768867 0.0121589519 
41 0.0144107416 0.0123042095 0.0220183709 0.0212641102 0.0177506326 0.0110999607 0.0169921575 0.0079031587 0.0098387407 0.0145884391 0.0131186622 0.0080171597 0.0133349546 0.010359994 0.0193803713 0.009916275 0.0130422019 0.0100895677 0.0112504196 0.0049341823 0.0103941668 0.0125736264 0.0188685245 0.0186059056 0.0318605208 0.0241840116 0.0107892542 0.018691176 0.0143174103 0.0356176938 0.0153322013 0.0066285583 0.0164178083 0.0145897176 0.0141621367 0.0285070129 0.0217504433 0.020814767 0.0093477024 0.0201250529 0.0339299291 0.0133226853 0.0155909643 0.0115165636 0.0255546527 0.0105503534 0.0052799133 0.0084275041 0.0103673119 0.0129813565 0.0058624293 0.0240659125 0.0124143408 0.007523958 0.0143311499 0.0145678003 0.0254666679 0.0296643806 0.010749775 0.0240631465 0.0137486218 0.0138197579 0.0170060188 0.0140028062 
42 0.0108469258 0.0209949269 0.0212564857 0.0169170198 0.015524333 0.0281384256 0.0068201529 0.0197045468 0.0148421094 0.014319751 0.0169218291 0.005057676 0.006773513 0.0160256127 0.0146240919 0.0178281311 0.0098670304 0.0089956078 0.0173213822 0.0094097167 0.0148305355 0.0095837056 0.0174422046 0.0182571255 0.0104910925 0.0224286687 0.017398896 0.0215209686 0.0081732469 0.0110767182 0.014115205 0.0055888578 0.0101340245 0.0309525021 0.0184191824 0.0167816452 0.0186786957 0.0132760095 0.0166335789 0.0158397409 0.0133226853 0.0057446452 0.0140849515 0.0220185655 0.0084272627 0.0150394686 0.0078408198 0.0294047864 0.0191073675 0.0229067771 0.0014024722 0.0057805583 0.0194626629 0.0166666937 0.0074812192 0.0240749541 0.0212830811 0.0217178512 0.0267020865 0.0263309599 0.0149189362 0.0222698703 0.0087005092 0.0214989434 
43 0.0224906002 0.0051231679 0.0260863909 0.0139082901 0.0085520936 0.0243449874 0.0114186286 0.0152385533 0.0119390881 0.0159510858 0.0114064076 0.0124684982 0.0172905769 0.0060962573 0.0077968536 0.0146534708 0.0215844192 0.0122970569 0.0192690114 0.0140410605 0.0206302103 0.0093174476 0.0174448094 0.0090776856 0.0139529077 0.0187303581 0.0118953881 0.0102793247 0.0114177813 0.0094066237 0.0092009239 0.0120366971 0.0131036585 0.0146212617 0.0160833055 0.0362689922 0.0147580089 0.0140307516 0.0088044569 0.0152861323 0.0155909643 0.0140849515 0.0270605666 0.0054845286 0.0111628888 0.0255696676 0.013551979 0.0041719761 0.0108153697 0.0158174316 0.0374393073 0.0250265176 0.0134549314 0.0073764418 0.0245333023 0.0150228391 0.0085808083 0.0169563528 0.0210353087 0.0278084984 0.0187159776 0.0270617022 0.0211166554 0.0142578097 
44 0.0195572689 0.020589753 0.0061649644 0.0251125462 0.0127944654 0.0211559915 0.0239399106 0.0102884407 0.0118687639 0.0237386222 0.0118031531 0.0160786809 0.0105740081 0.0204430122 0.01014582 0.0174642095 0.0276033796 0.0237991248 0.0086024706 0.0257073855 0.0174177912 0.00669491 0.0152942963 0.0146800806 0.0116922381 0.0108276074 0.0146726252 0.0134532693 0.0207299539 0.0044117972 0.0076117888 0.013551337 0.0218405611 0.02225929 0.0108858602 0.0157519909 0.0245058241 0.0239181779 0.0066574218 0.0086790935 0.0115165636 0.0220185655 0.0054845286 0.0091796617 0.0089236939 0.0142184594 0.0090463718 0.0201391583 0.0100235243 0.0146329235 0.0245277404 0.0104521126 0.017392992 0.0207440108 0.0215185676 0.0217126515 0.0146045899 0.0239643984 0.0104461036 0.0056622232 0.0160083835 0.0180699717 0.0099225293 0.026822389 
45 0.010881155 0.0188377654 0.0107192579 0.015928997 0.0181510342 0.0167403174 0.0121188301 0.0097163804 0.0119560165 0.0312135261 0.0191827762 0.0287082592 0.0096701062 0.006666646 0.0151115048 0.0200920812 0.0174207202 0.0195550164 0.0221300011 0.0114670043 0.0087934918 0.0324166782 0.0049296882 0.0150037404 0.0174623243 0.0128499261 0.0148343887 0.0214428658 0.007734805 0.0126868394 0.025183821 0.0129761149 0.0217109226 0.0171530809 0.0106946289 0.0157538576 0.0155567823 0.0111061282 0.0155949934 0.015229824 0.0255546527 0.0084272627 0.0111628888 0.0089236939 0.0149772481 0.0142178104 0.0130691577 0.0212321016 0.0141034978 0.015728533 0.0239374099 0.0079544571 0.0098910818 0.0171717596 0.013522188 0.0201698131 0.0221136892 0.0044846617 0.017924585 0.0132092666 0.0163877139 0.0070956028 0.018828976 0.0245296513 
46 0.0139040581 0.0203991806 0.0189461866 0.0179764314 0.0192697368 0.0164124137 0.0175955317 0.0202908774 0.0222672468 0.0197693203 0.0141535037 0.0208660537 0.0158722041 0.0066300817 0.0054275219 0.0059776779 0.011151079 0.0110483527 0.0224770495 0.0175531533 0.0126316736 0.0214373547 0.0270647094 0.0155968758 0.0076944086 0.0148134446 0.0182103697 0.0174585706 0.0207531909 0.0205749843 0.0106724089 0.0180442649 0.0226828733 0.0062466461 0.010260141 0.0103770714 0.0145247446 0.0215117032 0.0068407108 0.0133078943 0.0105503534 0.0150394686 0.0255696676 0.0142184594 0.0142178104 0.0238990978 0.0158896715 0.0211591879 0.0049024803 0.0094849653 0.0139304564 0.0081560166 0.0119396035 0.0149278458 0.0203612303 0.0249167494 0.004519382 0.0234298226 0.0186451031 0.0212711526 0.0147806583 0.0139569955 0.0114779337 0.0140641864 
47 0.0092556608 0.0179282545 0.0072393248 0.0255828678 0.0179060005 0.0159678479 0.0072907717 0.0135955916 0.006996675 0.0204662929 0.0148851555 0.0166108597 0.0166236731 0.0073332994 0.0170632314 0.0258881454 0.0241191702 0.0236799428 0.0072919667 0.0110164929 0.0113678776 0.0172688712 0.0258717557 0.0268728106 0.0086538661 0.0125022713 0.0220127769 0.0228562578 0.0233184688 0.0157902074 0.0122805805 0.0222168719 0.0197639006 0.0130204789 0.0219327094 0.0254191128 0.0097271241 0.0107951289 0.0166631149 0.009158248 0.0052799133 0.0078408198 0.013551979 0.0090463718 0.0130691577 0.0158896715 0.005731218 0.0009200207 0.0158583584 0.0117075328 0.0219939444 0.0139649907 0.0040795664 0.0197097833 0.0163022601 0.01368799 0.0169708383 0.0264658178 0.0181328782 0.0175438296 0.0282247348 0.018563147 0.0159777627 0.0152537556 
48 0.0149816646 0.012145987 0.008174443 0.0285003753 0.0161687177 0.0085913303 0.0194579503 0.01117409 0.0056375555 0.0135990571 0.0119968807 0.022740751 0.0114785388 0.0224100084 0.0260128545 0.008725408 0.0178509401 0.0133534965 0.0146385544 0.0222567112 0.0182511636 0.0112242601 0.0248469624 0.0087037745 0.014387474 0.0177994232 0.0173633751 0.0074184833 0.0062134174 0.0089716344 0.0212252519 0.0098263715 0.0090330197 0.0086186121 0.0297483683 0.0143842251 0.0142006514 0.0155161077 0.0184506352 0.0077132943 0.0084275041 0.0294047864 0.0041719761 0.0201391583 0.0212321016 0.0211591879 0.0009200207 0.0318423464 0.0225073513 0.0132901468 0.023591596 0.0132794837 0.0122265438 0.0143955566 0.0173668793 0.015837522 0.0104728959 0.0221898593 0.0161722562 0.016735207 0.0121619059 0.0188096196 0.0258929144 0.0139813611 
