10
1 0.0 0.0511815292 0.143390985 0.0845169257 0.0350530608 0.121190164 0.0988227882 0.122590053 0.180429761 0.1628247331
2 0.0511815292 0.0 0.1131597408 0.112166464 0.0688295565 0.1795353824 0.0569094556 0.1966613922 0.1311653442 0.0903911353
3 0.143390985 0.1131597408 0.0 0.0775803123 0.0837627848 0.099746722 0.1880378396 0.1577105469 0.0107426332 0.1258684354
4 0.0845169257 0.112166464 0.0775803123 0.0 0.0740918458 0.2015251646 0.1127942518 0.1557863301 0.1167958785 0.0647428275
5 0.0350530608 0.0688295565 0.0837627848 0.0740918458 0.0 0.1480658139 0.1687897438 0.1453993879 0.1688900805 0.1071177263
6 0.121190164 0.1795353824 0.099746722 0.2015251646 0.1480658139 0.0 0.0232536163 0.0097489393 0.1131361295 0.1037980676
7 0.0988227882 0.0569094556 0.1880378396 0.1127942518 0.1687897438 0.0232536163 0.0 0.063059649 0.1028512982 0.1854813572
8 0.122590053 0.1966613922 0.1577105469 0.1557863301 0.1453993879 0.0097489393 0.063059649 0.0 0.0826284292 0.0664152721
9 0.180429761 0.1311653442 0.0107426332 0.1167958785 0.1688900805 0.1131361295 0.1028512982 0.0826284292 0.0 0.0933604456
10 0.1628247331 0.0903911353 0.1258684354 0.0647428275 0.1071177263 0.1037980676 0.1854813572 0.0664152721 0.0933604456 0.0
