128
1 0.0051041124 0.0102486678 0.0062500034 0.0034487174 0.0092087104 0.0100423247 0.0044840531 0.0095754917 0.0078172778 0.0085989224 0.0067009394 0.0106341996 0.0103506664 0.0047118257 0.0117808581 0.0079532631 0.0039650913 0.0080097234 0.0085871736 0.0071155335 0.0122245499 0.0036895168 0.0066048093 0.0105796799 0.0024627576 0.0108090946 0.0050459046 0.0064542917 0.0036250159 0.0066108179 0.0080415463 0.0036922989 0.0112608758 0.0068479626 0.0112059568 0.0068627788 0.0046284715 0.0048488862 0.0078126019 0.0055880455 0.0074418549 0.0073556025 0.0167591484 0.0057809842 0.0050458744 0.014411246 0.0025296102 0.0052208615 0.0114087324 0.0057989182 0.007147909 0.0079484249 0.0077465681 0.0066586208 0.0026141313 0.0150895407 0.0068969389 0.0131574661 0.0072871269 0.0065425251 0.0069553098 0.007731829 0.009382204 0.0079656959 0.0061049269 0.0084323069 0.0047686805 0.0044860775 0.0042396596 0.009148334 0.0032538944 0.0033894704 0.006321577 0.0116599413 0.0095402753 0.0082712519 0.0072175762 0.0092309247 0.0072541008 0.0041912576 0.0104212916 0.0185537055 0.0071403157 0.0143394361 0.0112244359 0.0070455585 0.0045099497 0.0055352854 0.0141363387 0.0065345589 0.0157895179 0.0086887597 0.0096900916 0.0070445444 0.0110746006 0.0084343813 0.0036464893 0.0027786416 0.0091008616 0.0052019532 0.0067560755 0.0056729462 0.0055681013 0.0048869431 0.007266116 0.0080714528 0.0082905643 0.0122048608 0.0082952813 0.0125605748 0.009135884 0.0127942871 0.0020035772 0.0055847016 0.0090252495 0.0077564544 0.0105757366 0.0082610623 0.0048541859 0.0110429736 0.0092678037 0.0083293513 0.005014427 0.0120258151 0.0063783397 0.0076300525 0.0068447738 0.0071408955 
2 0.0102486678 0.0180501412 0.0066017452 0.0086305878 0.0062369292 0.0084073445 0.0079464597 0.0110479679 0.0040753038 0.0077994671 0.0103100236 0.0053049907 0.0113652947 0.0161065628 0.0041886258 0.0122708439 0.0047857357 0.0081210118 0.0096172861 0.0147901703 0.0082171509 0.0078438801 0.0096509475 0.0083154664 0.005651427 0.0043864909 0.0047742845 0.0097998177 0.0053276744 0.0047956426 0.007749924 0.0046272038 0.0077922602 0.0158390267 0.0034039388 0.0081796099 0.0066201827 0.00786064 0.0045218846 0.0118032518 0.0082399763 0.006127969 0.0070013037 0.0077759279 0.0093318638 0.0067375566 0.0038825192 0.0107430071 0.0065046846 0.0114507727 0.0055501979 0.0075276795 0.0068654446 0.0110001647 0.0112964244 0.003975205 0.0073710333 0.0024422118 0.0059956545 0.0049768972 0.0078294579 0.0060302826 0.0052335096 0.0054242983 0.0042637221 0.0058879698 0.0050141967 0.0159761306 0.0039710243 0.0097057514 0.008334986 0.0025048925 0.0063412574 0.0029893495 0.0079432699 0.0074482972 0.0040173936 0.0086270454 0.0048113326 0.0071395522 0.0068091465 0.008384635 0.0071518268 0.0075091461 0.0110402217 0.0060147109 0.0062180352 0.003658797 0.0082575045 0.0063602055 0.0083129905 0.0077984624 0.0072259155 0.0074046 0.0014996152 0.0053150093 0.0146612779 0.0114665118 0.0076163059 0.0043631505 0.0071874475 0.0188767976 0.0047110972 0.0056597416 0.0038640035 0.0110456234 0.0057201946 0.0065963881 0.0113315099 0.0075460916 0.00952782 0.0100211431 0.0090297296 0.0059082222 0.0090591882 0.0055157025 0.0106218832 0.0073894178 0.0065281359 0.0091004031 0.0113696256 0.0115000123 0.0080817304 0.005882544 0.0104012707 0.0161513669 0.0094838013 0.007464963 
3 0.0062500034 0.0066017452 0.0046988191 0.0086531106 0.0090492076 0.0109363382 0.0062282097 0.0073041254 0.0048716246 0.009710885 0.0137772161 0.0056178434 0.0094400511 0.0085865757 0.0057498341 0.0101126144 0.0052887616 0.0062554449 0.0074839987 0.0075975931 0.0160214809 0.0117477321 0.0089064336 0.0087427687 0.0039213046 0.0066272287 0.0100458666 0.0109288267 0.0059059605 0.0023157166 0.0067901572 0.0040167955 0.0047117557 0.0082081886 0.0067754797 0.0068226428 0.0044592386 0.0044020974 0.0059333577 0.006112898 0.0131191805 0.0049845723 0.0058072248 0.0087729907 0.0069554321 0.0142078892 0.0072709912 0.0033385942 0.007443842 0.006886589 0.0072201323 0.0112427484 0.0090358915 0.0082664735 0.0059244417 0.0096447923 0.011973251 0.0086296267 0.0045079959 0.0046828459 0.0126823245 0.0056654031 0.0071827008 0.0109339458 0.0067732905 0.0040349259 0.010837013 0.0076549146 0.0079031367 0.0050957421 0.0055808659 0.011849503 0.0084557645 0.0061527336 0.0070177848 0.0090098103 0.0061832932 0.0140965542 0.0091393735 0.0079219921 0.0098277627 0.0094426858 0.006720212 0.0124231216 0.0032523087 0.0088590443 0.0107169225 0.0083644843 0.0091220734 0.0020592388 0.0084805713 0.0099319581 0.0050926691 0.0056664594 0.0090964846 0.0052832382 0.0022296655 0.0068567468 0.0120030507 0.0033624547 0.0078737941 0.0088114171 0.0111145389 0.0145884165 0.003491075 0.0109518204 0.0088026554 0.0076752886 0.0076537236 0.0035826708 0.0112935884 0.0045377141 0.0113690295 0.0055395657 0.0099599603 0.004878868 0.0097138223 0.0047812601 0.0074735713 0.0065938429 0.0131295377 0.0041741815 0.0056482642 0.0153269491 0.0072730893 0.0091390892 0.0052459868 0.0088886172 
4 0.0034487174 0.0086305878 0.0086531106 0.0089132153 0.0076207035 0.0103735882 0.0067569802 0.0066178715 0.0074137635 0.0116954395 0.0088460827 0.0101845087 0.0050834781 0.0078425239 0.0081005876 0.0085824187 0.002733802 0.0135204432 0.00629365 0.0035558572 0.0103077575 0.0066892772 0.0052216846 0.0063332644 0.0077157512 0.0096281132 0.00588425 0.0070708415 0.018539598 0.0107490759 0.0051829521 0.0092038394 0.0075856595 0.0049926179 0.0080138914 0.0103561232 0.0050274043 0.0122517772 0.0081441438 0.010613366 0.0079943312 0.0113040341 0.008737337 0.0080839288 0.0107212869 0.0101300985 0.0106299562 0.0054655031 0.0068968627 0.0082077271 0.0083162256 0.0033294509 0.0040609363 0.0088211114 0.006064844 0.0066522999 0.0086873305 0.0069552863 0.0043926225 0.0073356683 0.0036052993 0.0094923873 0.0080834866 0.0058730954 0.0090574548 0.0062499629 0.0093019325 0.0095504981 0.010152822 0.0064215297 0.0071590296 0.0074966237 0.0154467816 0.0102193412 0.0095350388 0.0041425391 0.002006119 0.0064675697 0.0027688582 0.0051255941 0.0099620183 0.0081572783 0.0046803875 0.0106646042 0.0062480994 0.0035284969 0.0098731193 0.0025299975 0.0086364773 0.0116483008 0.0145012169 0.0057850191 0.008795324 0.0043280341 0.0113397357 0.0079021632 0.0109001332 0.0041787334 0.0090304093 0.0084120026 0.013999665 0.0071730433 0.0082897864 0.0069436189 0.0111490053 0.0067405484 0.0092262113 0.0030494501 0.0095911789 0.0064468953 0.0057012551 0.0037970765 0.0052759912 0.0053811479 0.0054358122 0.0100493666 0.004336066 0.00956322 0.0052456324 0.0071511471 0.0072362783 0.0102660899 0.0138664104 0.0134100745 0.0079194432 0.006638665 0.0067225543 0.002971293 
5 0.0092087104 0.0062369292 0.0090492076 0.0076207035 0.0149138447 0.0051978158 0.0057115067 0.0082203209 0.0068962615 0.0088183439 0.0092424244 0.010890528 0.0106463385 0.0069736953 0.0042118781 0.0054063011 0.0024093383 0.0056842192 0.0034014658 0.0049815249 0.0059424421 0.0111289452 0.0033082794 0.006326398 0.0110039446 0.0068888526 0.0123625032 0.0081228211 0.0135543335 0.005382145 0.0065881417 0.006853608 0.0061888289 0.0077511821 0.0052048225 0.0042921603 0.0073063129 0.0028970034 0.0069344034 0.0081755024 0.0124842653 0.0066782288 0.0076021653 0.0072502567 0.0021269434 0.0055199115 0.0122897226 0.0075160631 0.0040415813 0.0087858535 0.0068386341 0.0072222505 0.0092109952 0.009145155 0.0040048251 0.0042663273 0.004490347 0.0101033364 0.0186736513 0.0134532192 0.0105922172 0.0059954603 0.0067875359 0.005378762 0.0048322548 0.0034712142 0.0068822375 0.0036487111 0.0093162176 0.005125427 0.0104248807 0.0120715282 0.007415821 0.0065156754 0.0089566282 0.0075939505 0.0101269099 0.0078131369 0.0056087326 0.0058203682 0.0111342417 0.0111929501 0.0048685573 0.0142753101 0.0076832846 0.0084123049 0.0092510183 0.0123418975 0.0079860796 0.0123234189 0.0057018713 0.0078197182 0.0060155044 0.0126592521 0.0051423334 0.0051544713 0.0040564857 0.0092231805 0.010453612 0.0055443921 0.0064097772 0.0118968004 0.0035797405 0.0070957575 0.0097685626 0.0089821611 0.009893198 0.0042893625 0.0076094763 0.0098648062 0.0033278054 0.0073835077 0.008822714 0.0048180697 0.0096835949 0.0124749039 0.0089692652 0.0092445634 0.0114103952 0.0073520569 0.0070510841 0.0090486752 0.0021038463 0.0140980569 0.0114626329 0.0059390177 0.0085533378 0.0096115566 
6 0.0100423247 0.0084073445 0.0109363382 0.0103735882 0.0051978158 0.0097170511 0.0079180189 0.0031929084 0.0134641526 0.0119801457 0.0051917481 0.0023702996 0.005874955 0.0103739427 0.0069066756 0.0085641443 0.0042058933 0.0091748064 0.006459814 0.0023286634 0.0063650408 0.0043034945 0.0160791647 0.0065464465 0.0061772192 0.0100364661 0.0070475318 0.0037791026 0.0052872921 0.0072135011 0.0064870224 0.0089882212 0.0031647049 0.0061248293 0.0080599422 0.0106405229 0.0061927196 0.007091783 0.006761251 0.0055743572 0.0088780788 0.0060989363 0.0115109328 0.0081096661 0.0084681764 0.0066632296 0.0017587836 0.0056964285 0.0070117356 0.0065744341 0.0059045356 0.0069979259 0.0046116404 0.0078664728 0.0078865198 0.0095715088 0.0061840309 0.0106916211 0.0038186106 0.0077053728 0.0098436945 0.0120355636 0.0026773486 0.0077676219 0.0055501836 0.0101436901 0.0058532267 0.0101144375 0.0111017912 0.0055385981 0.0038758587 0.007934647 0.0080924481 0.0065953739 0.0065672155 0.0055807559 0.0059991654 0.016993147 0.0152841523 0.0114829473 0.0031179142 0.0099246076 0.0095737562 0.0115579664 0.0057734749 0.0135443805 0.0079721473 0.0069593381 0.0090564884 0.0104643762 0.0108128281 0.0091736006 0.0037742948 0.0065682523 0.0070815206 0.009103334 0.0063971458 0.0113967872 0.0136066336 0.0051924631 0.0086281268 0.0121117166 0.0130699463 0.0054305408 0.0069307664 0.0074709048 0.0060733328 0.0114688121 0.0078318938 0.0068830033 0.0067252382 0.0037208297 0.0096507894 0.0065544793 0.0038982876 0.0095505553 0.0041829474 0.01242748 0.0062586689 0.0052354813 0.0104445002 0.0124131143 0.0070644008 0.0125744302 0.007842543 0.0068904472 0.0067377392 0.0052359631 
7 0.0044840531 0.0079464597 0.0062282097 0.0067569802 0.0057115067 0.0079180189 0.0045145895 0.0154168875 0.0043281244 0.0106756876 0.0037446152 0.0081643931 0.006579964 0.0066695028 0.0105368991 0.0052888961 0.0071092621 0.0074018365 0.0015580654 0.0097735558 0.0042084696 0.0103905137 0.0068588142 0.0070192126 0.007282912 0.010406626 0.0060078677 0.0018987033 0.0113247266 0.0033686846 0.0089688164 0.0131570541 0.0036761808 0.0034150202 0.0060433688 0.0100414943 0.0060983482 0.0067632057 0.0028930736 0.0049862936 0.0082228034 0.0128507031 0.0140174834 0.0102774002 0.0057845505 0.0079619041 0.0059863811 0.012255035 0.006746634 0.0059297387 0.0099353518 0.0054664479 0.0133677694 0.0119376725 0.0085219282 0.0131502667 0.0050762339 0.016665455 0.0055082074 0.0087532981 0.0087703831 0.004125056 0.0126765963 0.0067952482 0.0103348515 0.0068941116 0.0115984752 0.0020634703 0.0078881766 0.0073859755 0.0115928732 0.0045613945 0.0039978712 0.0080792637 0.0058941051 0.0020439259 0.0098429052 0.006789658 0.0135184743 0.0079453524 0.0085986324 0.0086167738 0.0076815956 0.0103405071 0.0075173358 0.0116626563 0.0115637115 0.0042137797 0.0084045284 0.00600264 0.0090419195 0.0052388286 0.0056380858 0.0049544582 0.0117100687 0.0072177309 0.0081734806 0.009960751 0.0033716023 0.0057249963 0.0032076753 0.0040938582 0.0059645158 0.0022437374 0.0065113016 0.0102330229 0.0040648346 0.0105040009 0.0143833146 0.0075282214 0.0071306824 0.0124995272 0.007964401 0.0048302056 0.007507487 0.011095897 0.0083306657 0.0078281338 0.005702577 0.0043442593 0.0108051897 0.0096216277 0.012456005 0.0060205475 0.018019019 0.0078106366 0.0106268806 0.0062073673 
8 0.0095754917 0.0110479679 0.0073041254 0.0066178715 0.0082203209 0.0031929084 0.0154168875 0.0113925669 0.0031152152 0.0058123949 0.0102021876 0.0094480801 0.00813889 0.0065332264 0.0050327915 0.0016511011 0.0071332882 0.0029276767 0.0107826312 0.0042015332 0.0108986869 0.0085367088 0.0069990132 0.0110754834 0.0069063871 0.0069048266 0.0121723128 0.0048146132 0.0073714567 0.0056937698 0.0106771329 0.0104015346 0.0060346239 0.0065627973 0.0059620412 0.0065485654 0.0124347845 0.0067428406 0.0032216957 0.0121986345 0.0090172511 0.0037587692 0.0045224719 0.0100726477 0.0089007854 0.0053555369 0.0114161471 0.0101937293 0.0112684014 0.00375855 0.0027963304 0.0056849942 0.0100086564 0.0057291156 0.0088047842 0.0076779977 0.0070965854 0.0111621861 0.010635627 0.0086824833 0.0120456328 0.0109952129 0.0061216111 0.0097342887 0.0057684371 0.0050577636 0.0055288046 0.0117472278 0.0035283974 0.0074753744 0.0086981953 0.0103182979 0.0073894079 0.0052662596 0.0041261165 0.0117902169 0.0066023665 0.0089989335 0.005451164 0.0069863775 0.0151485742 0.0075735197 0.0040298049 0.0052894465 0.0083327269 0.004093879 0.0048104834 0.0105177937 0.0045662531 0.0064640756 0.0073563247 0.01088743 0.0107765444 0.0074536303 0.0110882585 0.0010868506 0.0065597724 0.0106190217 0.0077548723 0.0078417504 0.0092310247 0.0108874216 0.0071521462 0.0061847355 0.0058750155 0.0100451944 0.0041891181 0.0116789219 0.0066096379 0.0062825647 0.0103092488 0.0087078947 0.0093699279 0.0102115292 0.0094828635 0.0060698997 0.0148546547 0.0048875537 0.0076648977 0.0088876746 0.0053312015 0.0046672164 0.00854399 0.0055133174 0.0071211442 0.0130890748 0.0129158529 0.0019070634 
9 0.0078172778 0.0040753038 0.0048716246 0.0074137635 0.0068962615 0.0134641526 0.0043281244 0.0031152152 0.0095733616 0.013686684 0.0044056124 0.0110319848 0.0014495808 0.0067257446 0.0075286898 0.0090349856 0.0061542437 0.0064443246 0.0048698508 0.0077443227 0.0066201084 0.008589512 0.0101610215 0.0098369173 0.0085168288 0.0075752973 0.0133382026 0.009316057 0.0042578374 0.0140125212 0.0175033502 0.0112217755 0.0038560594 0.0113541968 0.0057448322 0.006654042 0.0046880319 0.0029768969 0.0065161057 0.0121145479 0.0082799889 0.0076974646 0.0090374278 0.0112733126 0.0076585767 0.0071070598 0.003602973 0.0036430435 0.0031157441 0.0035049906 0.0075467656 0.0065165669 0.0075196263 0.0099052307 0.003911366 0.0070698608 0.0124278833 0.0105890898 0.0092936977 0.0074854071 0.0059797479 0.0083489323 0.009301647 0.0142529181 0.0076792206 0.0068578489 0.0046867378 0.0081014393 0.0069498618 0.0179831238 0.0106506484 0.0046955397 0.0060399694 0.0116119193 0.0102045711 0.0065212255 0.0077563677 0.0098509073 0.013358433 0.0126665511 0.0046171582 0.0050898384 0.0087929584 0.0045473389 0.0116321598 0.0087510987 0.004002856 0.004565045 0.0070214289 0.0076801046 0.0055990182 0.0078498949 0.0102734781 0.0046126247 0.0030776334 0.0081396091 0.0113166911 0.0026746889 0.0042423056 0.0095036397 0.0044501405 0.0063043772 0.0112829988 0.0090852962 0.0033265653 0.0121141793 0.0028961212 0.0099167259 0.0093266304 0.0097748461 0.0072104074 0.0075805151 0.0088986979 0.0127883637 0.0071802527 0.006859159 0.0027303509 0.0072429195 0.0107389773 0.0090600073 0.0078931262 0.0054015777 0.0056031485 0.0102979918 0.0088431512 0.0060932437 0.0108069999 0.0061347219 
10 0.0085989224 0.0077994671 0.009710885 0.0116954395 0.0088183439 0.0119801457 0.0106756876 0.0058123949 0.013686684 0.0028100274 0.0082674151 0.0031008634 0.0095124698 0.004785828 0.0046168474 0.0050109627 0.0109829198 0.0048550095 0.008294914 0.0063173064 0.0054981543 0.0096346048 0.0081470661 0.0097102015 0.0107738938 0.0015927865 0.0101078304 0.0094287014 0.0086734593 0.0076429106 0.0107212908 0.005774337 0.0129284559 0.0094248519 0.0086959218 0.0092422868 0.0027139001 0.0080358794 0.0090325398 0.0044388577 0.0084375813 0.0062208546 0.0064688542 0.0063955991 0.0139203424 0.0084581904 0.0109837115 0.0071515946 0.0060681075 0.005193904 0.0093311522 0.0086426287 0.0063280627 0.005087878 0.0073893511 0.0019953467 0.004352086 0.0064173426 0.0042186901 0.0046966901 0.0100709577 0.0117994327 0.0117578808 0.0058606106 0.0080829348 0.0082072843 0.00922023 0.0034327016 0.0091807 0.005839272 0.0047331919 0.0154403831 0.0061231804 0.0101233679 0.0085937149 0.004011242 0.0065951339 0.0116386647 0.0103833082 0.0079671103 0.0094219048 0.004160909 0.0075825715 0.0030858045 0.01059122 0.0122846605 0.0069570991 0.0026617128 0.0117744906 0.0088604306 0.0036904251 0.003153206 0.0069034684 0.009628565 0.0084177295 0.0158569109 0.0083879686 0.0107178137 0.0065582231 0.0064444624 0.0136193925 0.0068656661 0.0100350033 0.0075133489 0.0084425649 0.0076675825 0.0128651906 0.0097773088 0.0092837518 0.0052313791 0.0043728862 0.0111890581 0.0092944625 0.0078550624 0.0052732259 0.0052838705 0.002041557 0.0049692098 0.0083760854 0.0080774115 0.0084437562 0.0050451374 0.0090117108 0.0043953461 0.0095611459 0.003351131 0.0079934309 0.0106550143 
11 0.0067009394 0.0103100236 0.0137772161 0.0088460827 0.0092424244 0.0051917481 0.0037446152 0.0102021876 0.0044056124 0.0082674151 0.005922012 0.0097512451 0.0036454736 0.0103660252 0.012416135 0.0172269227 0.0062803305 0.0068334058 0.0046884331 0.0051325747 0.0082899788 0.0093558444 0.0108832968 0.0066964004 0.0069384978 0.0077262238 0.0058504765 0.0085252737 0.0099414531 0.0107659067 0.0056524743 0.0065971566 0.0085059447 0.0031987149 0.0056439347 0.0041706582 0.0115390742 0.0076452484 0.005808549 0.0071589138 0.0075583874 0.0103092049 0.0114439602 0.0061994202 0.0086420728 0.0061651858 0.0083724815 0.0136410171 0.0054553139 0.0132782031 0.0065293559 0.0078516118 0.0103334838 0.0080827528 0.0079354222 0.0039707714 0.0088662903 0.0026638418 0.0091500823 0.0080564499 0.0058362983 0.008830517 0.0069501908 0.0112916057 0.0045827948 0.0042020722 0.0093784362 0.0102290933 0.0075466922 0.0075182124 0.0090719414 0.009143787 0.0093518124 0.0100499419 0.0073483017 0.0071929806 0.0104157984 0.0103596731 0.0049599483 0.0132265977 0.0067312189 0.0116629642 0.0109017279 0.0045987085 0.0097159628 0.0137362928 0.0046589253 0.0101116827 0.0087543272 0.0060120822 0.007508874 0.0042686063 0.0044965911 0.0029985621 0.0031649793 0.0067199592 0.0042386937 0.0093034498 0.0098821127 0.0033580203 0.0051342565 0.0074361922 0.0100750349 0.0096922984 0.0029382293 0.0105958565 0.0128377774 0.0110749711 0.0056191336 0.0058093219 0.0070552778 0.0071421195 0.0067680815 0.0109106074 0.00615114 0.0055557059 0.012339008 0.0111967907 0.0042282274 0.0074401905 0.0022327953 0.0101115667 0.0050272333 0.0031880441 0.0053293765 0.0092908272 0.0048013159 0.0113580315 
12 0.0106341996 0.0053049907 0.0056178434 0.0101845087 0.010890528 0.0023702996 0.0081643931 0.0094480801 0.0110319848 0.0031008634 0.0097512451 0.0042731172 0.0040714298 0.0058396181 0.0101665166 0.0075051198 0.0044967402 0.0100603951 0.0095300626 0.0102004304 0.0112921729 0.0068765799 0.0057689351 0.0057571058 0.006211313 0.0107352068 0.0064824803 0.0105468204 0.010312439 0.0045464359 0.0048949505 0.0117595777 0.0055498516 0.0058110794 0.0090238297 0.0075131122 0.0049237912 0.0069766504 0.0130350553 0.0085114574 0.0060108655 0.0075235278 0.0106102889 0.0070513033 0.0067476023 0.005864465 0.0061300551 0.0103827902 0.0103723395 0.0078490784 0.0062846189 0.0203960403 0.0080703887 0.0086822476 0.0043576371 0.0078649052 0.0125270499 0.0122794956 0.0080977943 0.0094867591 0.003631181 0.0090451365 0.002996893 0.0127480504 0.0100701951 0.0089526982 0.0058240153 0.0045043799 0.0087876481 0.0039287169 0.0077837364 0.0088873751 0.0024706196 0.0056827977 0.0118615493 0.0038248551 0.0077202813 0.0072728438 0.0060396957 0.0116308617 0.0097892708 0.0087793584 0.0027491132 0.009352059 0.0087973201 0.0091016562 0.0061661627 0.0089629645 0.0046324443 0.0119782572 0.007719522 0.0111971597 0.0048899667 0.0087794649 0.008421688 0.0075045265 0.0076516199 0.0066942996 0.0095142948 0.0107699989 0.0053986778 0.0084051179 0.0067668365 0.0102392299 0.0118079273 0.0071402852 0.0137706057 0.0036102083 0.0031800323 0.0088900325 0.0088406224 0.0077575087 0.0071080919 0.0063141569 0.0095314759 0.0075694939 0.0088634477 0.0030690602 0.0010241208 0.0086969145 0.0089062848 0.0089439641 0.0077362357 0.0104611058 0.0040250621 0.0082088336 0.0073998795 0.0034596473 
13 0.0103506664 0.0113652947 0.0094400511 0.0050834781 0.0106463385 0.005874955 0.006579964 0.00813889 0.0014495808 0.0095124698 0.0036454736 0.0040714298 0.005558581 0.0078641427 0.0076839763 0.0049589375 0.0074384268 0.0078651317 0.0104078062 0.0078063366 0.0121461669 0.006722833 0.0049390832 0.0044141611 0.008812598 0.0099614083 0.0123185877 0.0071172157 0.0068103402 0.0061362092 0.0099136682 0.0121290157 0.0032636202 0.0125223255 0.001366041 0.0123230961 0.0125669637 0.0078836983 0.0054464965 0.009710104 0.005640654 0.0038243129 0.0045570665 0.0044103255 0.0110039798 0.0118410938 0.0083158825 0.0091936132 0.0090966303 0.0053691161 0.0124276446 0.0123540804 0.0033359354 0.0089026471 0.0070512354 0.0134311201 0.0049581981 0.0028942593 0.0050946798 0.0108352602 0.012881493 0.0078743597 0.0008702413 0.0089488634 0.0068514451 0.0076093502 0.0101058019 0.0064031309 0.0087286457 0.0086079739 0.0090726347 0.0104140636 0.0079284402 0.0146522602 0.0054784946 0.0093941789 0.0115900356 0.0035928008 0.0064036905 0.0055512983 0.0075027059 0.0062589052 0.0155525163 0.0054837904 0.0122698263 0.013473739 0.007313445 0.0062785967 0.0073551395 0.0072295538 0.0063134483 0.0052095075 0.0107538766 0.009574185 0.0090862813 0.0080965081 0.0066049195 0.0098738432 0.006308116 0.0094116492 0.0098152362 0.0048234717 0.0102536101 0.0071829367 0.0027841456 0.0063076608 0.0040214262 0.0100379664 0.0068802693 0.0066266294 0.0021949297 0.007488796 0.011026183 0.0064775052 0.0076362226 0.0109283143 0.0076946917 0.004989703 0.0089886317 0.0068719456 0.0043912185 0.0033353521 0.0125186788 0.0057032991 0.0112146295 0.0049917315 0.0058265008 0.0092952616 
14 0.0047118257 0.0161065628 0.0085865757 0.0078425239 0.0069736953 0.0103739427 0.0066695028 0.0065332264 0.0067257446 0.004785828 0.0103660252 0.0058396181 0.0078641427 0.0035498461 0.005263344 0.0065908372 0.0051879938 0.0053553317 0.0032526407 0.0063539854 0.0108201882 0.0085726578 0.00415961 0.0090555044 0.012452665 0.0038649139 0.0110694471 0.0064432764 0.0147191259 0.0058279516 0.0085632673 0.0060854998 0.0150222706 0.0071878356 0.0099509987 0.0112551621 0.0078128754 0.0051578818 0.006888182 0.0090933113 0.0106395099 0.0084603964 0.0051861891 0.0067815405 0.0092356721 0.0096047302 0.0136442345 0.0049874727 0.0093723329 0.0099947469 0.0075716736 0.0068358213 0.0111643601 0.003167013 0.0039671787 0.0104813414 0.004324618 0.0086269697 0.009409647 0.0051958945 0.0109694601 0.008500531 0.0063443032 0.0045883862 0.0090190856 0.0070814885 0.0112085813 0.0059003969 0.0070831201 0.0051466497 0.0105646859 0.0085520896 0.0063795751 0.0053207176 0.0090214221 0.0052423974 0.0076728206 0.0113721805 0.0128856423 0.0108409832 0.0052373641 0.0045420902 0.0127994908 0.0051733951 0.0036464216 0.0131521651 0.0031194138 0.0042715077 0.0138341158 0.0061002689 0.0103912389 0.0099389733 0.0077818093 0.0087421346 0.0020597888 0.004282824 0.0059891968 0.0062623027 0.0101697014 0.0067965734 0.0087440853 0.0063121925 0.0055126972 0.0053228575 0.0064331401 0.0076359715 0.008104677 0.0101291213 0.0099461547 0.0027558433 0.0098562684 0.00440073 0.0127296545 0.007591884 0.0109907906 0.0035883653 0.0109630114 0.0100609949 0.0073090042 0.0031636639 0.0053807881 0.0048787715 0.0114436752 0.0130954067 0.0073932362 0.0100418373 0.009251527 0.0073911974 
15 0.0117808581 0.0041886258 0.0057498341 0.0081005876 0.0042118781 0.0069066756 0.0105368991 0.0050327915 0.0075286898 0.0046168474 0.012416135 0.0101665166 0.0076839763 0.005263344 0.0050880561 0.0081698489 0.0104826851 0.0050489412 0.008196375 0.011293087 0.0074751217 0.0032088903 0.0083066964 0.0079553156 0.0067677179 0.0091462474 0.0096706321 0.0093854318 0.0102676701 0.0094784511 0.0051618531 0.0112843464 0.0087288307 0.0113089901 0.0119607072 0.0077492333 0.0081609391 0.013563281 0.0048716154 0.0086367395 0.0033934505 0.0088380243 0.0061202006 0.0085524353 0.009324486 0.009817318 0.0037006155 0.0045414839 0.0113546857 0.0067714384 0.0090099107 0.006961435 0.0066396118 0.0076325831 0.0089978425 0.0127256998 0.0105660702 0.0080431156 0.006281997 0.0044436524 0.0075406536 0.0053733349 0.0024333408 0.0035389047 0.0079651604 0.0085358416 0.0061615632 0.0099237839 0.0096819184 0.0102595033 0.0088842838 0.005439641 0.0048893424 0.0105931107 0.0063956038 0.0077258744 0.0071990386 0.0035595206 0.0090493168 0.0091512589 0.0074398962 0.0102701495 0.016940206 0.0058278533 0.0088823789 0.0064292742 0.0088721721 0.0033036263 0.0072676475 0.0126520944 0.0078618022 0.0120141995 0.0096213685 0.002255473 0.0104913531 0.0041721028 0.0088392005 0.0067534706 0.0065402112 0.0062868886 0.0080599996 0.0058061308 0.0077724308 0.0091402181 0.0068233383 0.0052607684 0.0047126409 0.0105674421 0.001344737 0.0076522059 0.0086373089 0.0062524583 0.0095412291 0.0114594846 0.0027174673 0.0056974366 0.0150223872 0.0042711052 0.0091564403 0.0061626918 0.0070401509 0.0135539838 0.0060983313 0.0082196459 0.0044185639 0.0090610329 0.0098023244 0.0094582624 
16 0.0079532631 0.0122708439 0.0101126144 0.0085824187 0.0054063011 0.0085641443 0.0052888961 0.0016511011 0.0090349856 0.0050109627 0.0172269227 0.0075051198 0.0049589375 0.0065908372 0.0081698489 0.0031448899 0.0046398436 0.0027730069 0.012601956 0.0149052668 0.0113164997 0.0069809797 0.0065526697 0.008819419 0.007637959 0.0107237955 0.007904221 0.0084046939 0.0029716438 0.0049085355 0.0062896891 0.0091469573 0.005868192 0.0097634029 0.0046629688 0.0084376307 0.0108781922 0.0080609094 0.0037209687 0.0041142074 0.0082490188 0.0119789862 0.0103532555 0.006604588 0.0104312985 0.0062558156 0.0102804684 0.0106504666 0.0049118442 0.0073538529 0.0108082182 0.0049806195 0.0065391719 0.0047854387 0.0063191654 0.0067119974 0.0086985368 0.0157286139 0.0067861866 0.00601766 0.0051473967 0.0081782915 0.0081968905 0.0109318661 0.0136355788 0.0138526451 0.0050574389 0.0066653065 0.0037918086 0.0080103961 0.0062403656 0.0081830532 0.0057548865 0.0081826772 0.0115996258 0.0092552645 0.0055233481 0.0061589382 0.0117831204 0.013874136 0.0081998342 0.0074196189 0.0056325928 0.0059783481 0.0030823228 0.0056158189 0.0081358407 0.0067047774 0.0091756405 0.0061587505 0.0080942745 0.0185164292 0.0099371444 0.0076832267 0.0116975468 0.0043740525 0.0107145901 0.0056858412 0.0047200256 0.0115695603 0.0047386341 0.0089881246 0.0095718408 0.0096706991 0.0064447569 0.0102133368 0.0092270004 0.0070805807 0.0047973457 0.0075669058 0.007566254 0.0074287537 0.0025317277 0.0089505689 0.007228672 0.0058061299 0.0082073586 0.0055016505 0.0064801544 0.0116008273 0.010198336 0.0018693778 0.0077788408 0.0027275886 0.0103425423 0.0049930016 0.0081870724 0.0071817496 
17 0.0039650913 0.0047857357 0.0052887616 0.002733802 0.0024093383 0.0042058933 0.0071092621 0.0071332882 0.0061542437 0.0109829198 0.0062803305 0.0044967402 0.0074384268 0.0051879938 0.0104826851 0.0046398436 0.0205040073 0.0104457496 0.0045019413 0.0112165741 0.0044706206 0.0123963031 0.0104333495 0.0089959056 0.0078306149 0.0063476072 0.0101571612 0.0033730321 0.0083646027 0.0147780988 0.0060973527 0.0074199513 0.011653202 0.0055145367 0.0082363749 0.0044571383 0.0067378394 0.0110891197 0.0067885461 0.0053332302 0.0047786281 0.0046829475 0.0044753262 0.0023805762 0.0094212942 0.0035198081 0.0104472859 0.0032115525 0.0049152144 0.0078805986 0.0098584385 0.0085084265 0.0061393747 0.0057457828 0.0089754192 0.0090855 0.0061589742 0.0099905707 0.010574788 0.0093289794 0.0072001738 0.0092472606 0.0117177624 0.009824457 0.0061982909 0.0130763034 0.0055027408 0.0095037007 0.0072651798 0.0077851977 0.0032312461 0.0047725339 0.0103478128 0.0067549424 0.0043005036 0.0029796929 0.0137699116 0.0109800211 0.0101874084 0.0067782606 0.0099503901 0.0073903692 0.0075638478 0.0113239647 0.0109365584 0.0094377959 0.006529571 0.0104587424 0.0082764342 0.010559807 0.0074556841 0.0092133719 0.0040130291 0.0104901044 0.0093344192 0.004690516 0.0097507875 0.008204376 0.0137051072 0.0084063363 0.0035594186 0.00621623 0.0041758047 0.010829797 0.0090059999 0.0055380843 0.0052994182 0.0040758107 0.0094290632 0.00175566 0.0050369925 0.010059944 0.008543757 0.009094165 0.0065627965 0.0095393965 0.0141133559 0.0112486133 0.0092503883 0.0059813844 0.0154625848 0.0048895199 0.0083060045 0.0074634201 0.0084664754 0.0123382063 0.0045996648 0.0095267302 
18 0.0080097234 0.0081210118 0.0062554449 0.0135204432 0.0056842192 0.0091748064 0.0074018365 0.0029276767 0.0064443246 0.0048550095 0.0068334058 0.0100603951 0.0078651317 0.0053553317 0.0050489412 0.0027730069 0.0104457496 0.0027821998 0.0091938614 0.0087304897 0.0084343494 0.0147597974 0.0104769215 0.0091107056 0.0087295629 0.0091650416 0.0023869308 0.0029682422 0.0108229832 0.0088459213 0.0064842026 0.0105747132 0.009260333 0.0018470502 0.0070738243 0.0062244597 0.0064696885 0.0082755576 0.0089560547 0.010285637 0.0037967871 0.0058548503 0.0065047723 0.0058555036 0.0071574507 0.0089975367 0.0046633513 0.0086919892 0.0128879034 0.0061960031 0.0037370936 0.007728136 0.0109594839 0.0043376453 0.0105963771 0.0130640419 0.0099769447 0.0091203359 0.0068354081 0.0035705545 0.0053705841 0.006613026 0.0154904902 0.0063671537 0.0040652979 0.0052531485 0.0085849065 0.0064714724 0.0068287166 0.0135953968 0.0060705118 0.0118958478 0.0092242327 0.0067583773 0.0091994007 0.0056414651 0.0083194046 0.0100065426 0.0066505568 0.0107002537 0.0061950773 0.0030064938 0.0067313529 0.0069501029 0.008599085 0.0054317928 0.0092045341 0.0053491581 0.0046449627 0.0085067269 0.0109072649 0.0100390851 0.0062386639 0.0068405867 0.0107917633 0.0110526243 0.0038898851 0.0097109577 0.0081261605 0.0084166254 0.0100775221 0.0057010556 0.0045612986 0.0097106339 0.0087209337 0.010520523 0.0144435174 0.005180656 0.0076599319 0.0087642613 0.0083186454 0.0074742333 0.0101979371 0.0118560531 0.0094963531 0.0025390088 0.0093220354 0.0066828583 0.0071200282 0.0098902835 0.0082261538 0.0084239282 0.0107719242 0.0060682612 0.0077893992 0.0081730273 0.0088449418 0.006557751 
19 0.0085871736 0.0096172861 0.0074839987 0.00629365 0.0034014658 0.006459814 0.0015580654 0.0107826312 0.0048698508 0.008294914 0.0046884331 0.0095300626 0.0104078062 0.0032526407 0.008196375 0.012601956 0.0045019413 0.0091938614 0.004202202 0.0113920371 0.0073804541 0.0070649715 0.0067926998 0.0073788541 0.0069051712 0.0051511894 0.0099155599 0.0082722058 0.0065865421 0.007272467 0.0086268352 0.0051442251 0.0115563586 0.007838683 0.0137650974 0.0083960704 0.0050894192 0.0080430579 0.0055823174 0.0071312199 0.0089801445 0.011508057 0.0101162949 0.0077956443 0.0086349589 0.006313651 0.0084984685 0.0034697248 0.0092731427 0.0104300232 0.0080914788 0.0086791207 0.004874554 0.005428318 0.0139504335 0.0063876771 0.014190946 0.0081037711 0.0031796134 0.0183392291 0.0057577306 0.005286293 0.0066281563 0.0098353478 0.0111843755 0.0084908523 0.0045418926 0.0066319075 0.006001416 0.0046339417 0.0043784172 0.0058929651 0.009702387 0.0054862184 0.0054037102 0.0063313838 0.0083482841 0.0056075514 0.0087810089 0.0057440821 0.0050886861 0.010469356 0.0047169894 0.0079944278 0.004264111 0.0041228589 0.0119844569 0.0058363343 0.0064228735 0.0058997472 0.0092719507 0.0083670322 0.0154363667 0.0124493618 0.0064183163 0.0078389968 0.0102927627 0.0101435306 0.0083128102 0.0128685957 0.0040928097 0.0129361875 0.0091695955 0.0050582306 0.0078118017 0.0049437696 0.0081507738 0.0068495874 0.0067074242 0.0072604269 0.0074480085 0.0042492792 0.0066149553 0.0100811898 0.0116567595 0.0043377093 0.0046941969 0.0115126188 0.0040969803 0.0088864465 0.0090866112 0.0160388854 0.011777717 0.0099448602 0.0081586017 0.0051677774 0.0078992112 0.0070452832 
20 0.0071155335 0.0147901703 0.0075975931 0.0035558572 0.0049815249 0.0023286634 0.0097735558 0.0042015332 0.0077443227 0.0063173064 0.0051325747 0.0102004304 0.0078063366 0.0063539854 0.011293087 0.0149052668 0.0112165741 0.0087304897 0.0113920371 0.0055543793 0.0133221499 0.0077771916 0.0056689734 0.0080109855 0.0024224876 0.0078001967 0.0064324414 0.0141221458 0.0093284596 0.0074148555 0.0080708208 0.0092383588 0.006839603 0.0067913058 0.0112071312 0.0047674121 0.0069173883 0.0056144909 0.0036339205 0.008915037 0.005261428 0.0026221125 0.0028767722 0.0083168947 0.0064749533 0.0114499201 0.0073048364 0.0057859205 0.0085355083 0.0067969487 0.0126375619 0.0058779006 0.0073614347 0.0051282058 0.0047679808 0.0048294785 0.0061095539 0.0044717629 0.0085411244 0.0084463337 0.0086803481 0.0086264779 0.0050470221 0.0084141219 0.007802558 0.009277154 0.0110749888 0.0047054427 0.010751796 0.0091851254 0.0071686167 0.0059569167 0.0037097759 0.0045314705 0.0135269631 0.0095205727 0.0090216163 0.0040806607 0.0072454921 0.0040254522 0.009718242 0.0097700309 0.0114066572 0.0045851404 0.0092731886 0.0080339111 0.0090210337 0.0112275467 0.0107012929 0.0053208091 0.0090101743 0.0093328547 0.0098739385 0.0089337119 0.0060341404 0.0117385117 0.0134036658 0.0064184595 0.0096905202 0.0039037059 0.0052152658 0.0109261705 0.0052420443 0.0119550019 0.0062369198 0.0076679203 0.0046769808 0.0054612944 0.012775076 0.0053644172 0.0050114535 0.0046737286 0.0071007694 0.0116812891 0.0090350708 0.0053501934 0.0057436853 0.008218753 0.0103604847 0.0079915537 0.0047921715 0.0149309424 0.0082174574 0.0087574498 0.0062834571 0.0119573241 0.0107860454 0.0049537638 
21 0.0122245499 0.0082171509 0.0160214809 0.0103077575 0.0059424421 0.0063650408 0.0042084696 0.0108986869 0.0066201084 0.0054981543 0.0082899788 0.0112921729 0.0121461669 0.0108201882 0.0074751217 0.0113164997 0.0044706206 0.0084343494 0.0073804541 0.0133221499 0.0034888181 0.0045994684 0.0072383332 0.0063727197 0.0056837669 0.0057010812 0.0081514301 0.0085317514 0.0079404284 0.0076341932 0.004157154 0.0079462267 0.0086619892 0.0078533616 0.0078372362 0.006468956 0.0042001156 0.0016618793 0.0075497141 0.0106809374 0.0073445713 0.0066985247 0.0034971729 0.0056929503 0.00995254 0.004628237 0.0073510572 0.0065874813 0.004981293 0.0058813201 0.0131457594 0.0084456488 0.0053146158 0.0097889257 0.0122535345 0.0102148186 0.0144902164 0.0066405007 0.0048632641 0.0113147899 0.0062157514 0.0080424892 0.0116441708 0.0068214791 0.0030362932 0.0097282536 0.0130712272 0.0069776261 0.0087319915 0.0065526441 0.010197038 0.006133033 0.0121759863 0.0032651972 0.006201789 0.0134900373 0.0069773781 0.0091276759 0.008353283 0.0079953152 0.0049181357 0.0130467132 0.0078063372 0.0094978057 0.0043455616 0.012079531 0.0130692925 0.0064368911 0.0079204644 0.0043659972 0.0069595649 0.0100559943 0.0039550814 0.0119736219 0.0125413218 0.0076970727 0.0046391768 0.0054210269 0.0043573066 0.0040759979 0.0033766515 0.0108243953 0.011580304 0.0075207713 0.0105434386 0.0066023253 0.0082160577 0.0099697845 0.0068429825 0.0083651169 0.0086858796 0.0069769114 0.0050428037 0.0075757569 0.0084076997 0.0125411962 0.0082511391 0.0116279071 0.0055332851 0.00382932 0.0031712281 0.0059086647 0.0076533034 0.0048965404 0.0093247594 0.0054980842 0.0038365502 0.0047972634 
22 0.0036895168 0.0078438801 0.0117477321 0.0066892772 0.0111289452 0.0043034945 0.0103905137 0.0085367088 0.008589512 0.0096346048 0.0093558444 0.0068765799 0.006722833 0.0085726578 0.0032088903 0.0069809797 0.0123963031 0.0147597974 0.0070649715 0.0077771916 0.0045994684 0.0068456739 0.0093737928 0.0057385941 0.0082145888 0.00249347 0.0072244932 0.0035337464 0.0035590626 0.0058466368 0.0083979565 0.0136497839 0.0094206672 0.0061765847 0.0040527807 0.008217286 0.0123143574 0.0015205873 0.0085630294 0.0094088305 0.0071664544 0.012897158 0.0082369355 0.0144919661 0.0053746032 0.0058285352 0.0048074417 0.0067013437 0.0083160131 0.0111136486 0.0121005696 0.0053575367 0.0097128228 0.0099098348 0.0045614325 0.0045528718 0.007542603 0.0074422695 0.0040283144 0.0065595817 0.0051402698 0.0096183445 0.0056188995 0.0069947107 0.0097523649 0.010569383 0.0074886154 0.010963136 0.0072741325 0.0074240886 0.0078097713 0.0154503083 0.0077627899 0.0128984024 0.0060178868 0.0117430114 0.0086065675 0.0039045307 0.0121052292 0.0059791279 0.0102972413 0.0065499988 0.0105070285 0.0071449714 0.0102428033 0.01098342 0.0079581104 0.014111429 0.0130893843 0.0073595515 0.0042329487 0.0029718621 0.0065718281 0.012205962 0.0059776455 0.0103129349 0.0097599827 0.0079968553 0.0072815251 0.0075597336 0.0051862211 0.0036287376 0.0085139947 0.0063483546 0.0107077905 0.0030963226 0.0090194834 0.0040058836 0.0065215779 0.0084761319 0.0084706924 0.0096125576 0.0076598489 0.0077481478 0.0083351861 0.0094284669 0.007260297 0.0083652271 0.0028106589 0.0027951314 0.0046595973 0.0053224344 0.0110300853 0.004902728 0.0076238434 0.0057525069 0.003619582 0.0107381633 
23 0.0066048093 0.0096509475 0.0089064336 0.0052216846 0.0033082794 0.0160791647 0.0068588142 0.0069990132 0.0101610215 0.0081470661 0.0108832968 0.0057689351 0.0049390832 0.00415961 0.0083066964 0.0065526697 0.0104333495 0.0104769215 0.0067926998 0.0056689734 0.0072383332 0.0093737928 0.0098115226 0.0089151784 0.0067049112 0.0089536822 0.0063884664 0.0044068888 0.0044591822 0.0081683602 0.0055014907 0.0033413952 0.0086862288 0.0104032634 0.0120274103 0.0068753628 0.0051769285 0.0097199229 0.0098344715 0.0057451226 0.0107530993 0.0110874458 0.0063908376 0.0073047704 0.010150602 0.0101587015 0.0063954406 0.0084529133 0.013335787 0.0043948148 0.0073780182 0.0061054868 0.008797656 0.0067977419 0.0119457083 0.010625805 0.0078097822 0.0104789931 0.0077719646 0.0111914331 0.0064744119 0.0102535483 0.0064857367 0.0086504051 0.0063727194 0.005925591 0.006956303 0.004076952 0.0099552872 0.0099592356 0.0112190203 0.0070825859 0.0047134205 0.0090373425 0.0088898105 0.0089144676 0.0080189012 0.007791449 0.0054364789 0.0084870964 0.0065112705 0.0077899242 0.0095909379 0.0063326051 0.0092044861 0.0051877658 0.0094360337 0.0045207956 0.0107908891 0.0068886215 0.008260118 0.0034444082 0.0076239236 0.0131838984 0.0084765086 0.0038699763 0.0088889872 0.0098936668 0.003127353 0.0134179842 0.0035315704 0.0027053492 0.0076730918 0.0112916446 0.0041562745 0.0043805747 0.0090576363 0.0108321432 0.0058455884 0.0035932081 0.0048148452 0.0080113744 0.0096866834 0.0043991356 0.0069372894 0.0132034225 0.0100418341 0.0148387646 0.010461963 0.0067192962 0.0026145045 0.0032559622 0.0071858351 0.0150657591 0.0028635948 0.006627034 0.0045812184 0.0095050993 
24 0.0105796799 0.0083154664 0.0087427687 0.0063332644 0.006326398 0.0065464465 0.0070192126 0.0110754834 0.0098369173 0.0097102015 0.0066964004 0.0057571058 0.0044141611 0.0090555044 0.0079553156 0.008819419 0.0089959056 0.0091107056 0.0073788541 0.0080109855 0.0063727197 0.0057385941 0.0089151784 0.0043204057 0.0089244712 0.0050093686 0.0031552592 0.0093364143 0.0115269388 0.0125102843 0.0065246479 0.0073865147 0.0038901645 0.0033046595 0.0056729607 0.0088081326 0.005369361 0.0137417863 0.0064819217 0.0078557775 0.0075321209 0.0040419347 0.0087907914 0.0132860739 0.0080413943 0.0068036551 0.0091944001 0.0100601923 0.0074067073 0.0086682477 0.0078742751 0.0113723612 0.0136744976 0.0055013877 0.0103266443 0.0035824472 0.0078029166 0.0089803213 0.0049851048 0.0066226301 0.0080516069 0.0060915715 0.0063308668 0.0047463656 0.006226805 0.0175565734 0.0088746344 0.0176022918 0.0086714787 0.0099509823 0.0088392309 0.0147877715 0.0049201962 0.0141975877 0.0055569447 0.0054308842 0.0052411302 0.0076086241 0.0140405804 0.0047093172 0.004041224 0.0123177196 0.003490569 0.0046850367 0.0066725802 0.0042315934 0.0058807917 0.0048318894 0.0058821744 0.005598411 0.0061841866 0.0087971047 0.0041721737 0.010272873 0.0069239582 0.0049747473 0.007478764 0.0153056038 0.0052491841 0.0089070281 0.011471739 0.0032912588 0.0046420771 0.003456507 0.0084218232 0.0054954676 0.0053340227 0.0079319753 0.0051131328 0.0071498026 0.0070831208 0.0124189755 0.0140550181 0.0145498032 0.0079490351 0.0045381899 0.0068608537 0.0077972388 0.0112411219 0.0066954619 0.00971563 0.0075599264 0.0100355327 0.0091605587 0.0095299239 0.0046823964 0.0021790222 0.0062334679 
