45
1 0.0 0.0243844667 0.0105336133 0.0276708198 0.0206698196 0.02327315 0.020485294 0.0147698807 0.031873705 0.0309286862 0.0242205116 0.0179143719 0.0120255287 0.0267258119 0.0169109483 0.0195048989 0.0317297765 0.0314768255 0.0186154882 0.0272407987 0.0238886019 0.0244028894 0.0234401144 0.0363085307 0.0092471917 0.013615139 0.0143738483 0.0213655064 0.0185442307 0.0126787851 0.040417736 0.0350512995 0.0231398884 0.0351999016 0.0194100636 0.0088938522 0.0140941092 0.0417242699 0.0434661564 0.0224075434 0.0129826119 0.0125729319 0.0155331955 0.0097284338 0.0365587736
2 0.0243844667 0.0 0.0097357827 0.0380858875 0.0189364468 0.0336269945 0.0087284718 0.0215541471 0.0238092365 0.0459601681 0.0303687948 0.0184142573 0.0125621639 0.0101966782 0.0330679725 0.0293960173 0.0199493616 0.0362703497 0.0266963205 0.0177513514 0.0204141963 0.0281385924 0.0200930529 0.0223770834 0.0263674552 0.033957496 0.0283666134 0.0266577955 0.0162275044 0.0256985681 0.0139085725 0.0098826114 0.0179275319 0.0063361957 0.013568647 0.0446807333 0.0110653507 0.037240404 0.0290630819 0.0242408783 0.0281656318 0.0114718266 0.0161626937 0.0087084584 0.0197841562
3 0.0105336133 0.0097357827 0.0 0.0139583539 0.0057916643 0.0213852514 0.0235165805 0.0309248386 0.0224437885 0.0154734908 0.0190359285 0.0282753832 0.016652256 0.0190326275 0.0225630144 0.0242498149 0.0169709629 0.0153799892 0.0341094987 0.0301548841 0.0357762192 0.0254414746 0.0263936312 0.0210364225 0.0035818676 0.0396660255 0.012557514 0.0328672198 0.0338061266 0.0327728522 0.0114139853 0.024963838 0.0184899187 0.0151273776 0.0131456029 0.0209534666 0.0217275827 0.0263790569 0.038334294 0.0386146651 0.0258496859 0.0170470554 0.0328794528 0.0228454648 0.0281414764
4 0.0276708198 0.0380858875 0.0139583539 0.0 0.0262491923 0.0309923894 0.0341336722 0.0229618104 0.0309667187 0.0121781995 0.0278199649 0.0384618602 0.0335211189 0.0110531953 0.0080774102 0.0256858579 0.0284083774 0.0273236413 0.0096501944 0.0248570139 0.018367248 0.011107345 0.0092889954 0.0301436763 0.0194725572 0.0323052608 0.0381141163 0.0383490328 0.016503701 0.0146215477 0.0086368483 0.0190624883 0.0317204644 0.0112338312 0.0248782112 0.0330721909 0.0045929567 0.0130424291 0.0121388955 0.0098458048 0.0166388537 0.0442656814 0.0298300998 0.0227578787 0.0179542079
5 0.0206698196 0.0189364468 0.0057916643 0.0262491923 0.0 0.0222508401 0.0300230505 0.0118705556 0.0332338895 0.0226748687 0.0381003818 0.0218638431 0.0201762272 0.0212697252 0.0226373809 0.0138976333 0.0383359582 0.0159450001 0.039022096 0.0264882176 0.0193710095 0.0296909828 0.0187832676 0.0212917281 0.028763055 0.0177659284 0.0328689011 0.0139234775 0.0104492571 0.0338406359 0.0433574542 0.0027997678 0.0203450273 0.0306873217 0.0238476447 0.0198851741 0.017196983 0.0287441103 0.0354297324 0.0128072479 0.0165152109 0.0244525623 0.0201866253 0.019563047 0.0079970574
6 0.02327315 0.0336269945 0.0213852514 0.0309923894 0.0222508401 0.0 0.0272747448 0.0260753273 0.0190972598 0.0161344803 0.0145720136 0.0118059888 0.006446154 0.0286450081 0.0170412569 0.0257514636 0.0171062615 0.0228962888 0.020326136 0.0332101713 0.0245999765 0.012681191 0.01411219 0.023450546 0.0363100511 0.0316873434 0.0140896899 0.01655393 0.0225019927 0.0329501465 0.0220021786 0.0466444499 0.0245617649 0.0223179528 0.0151048791 0.044444877 0.0078242742 0.0388376768 0.0210487428 0.0193117858 0.0139123215 0.0173152569 0.0247435984 0.0069370837 0.0281449203
7 0.020485294 0.0087284718 0.0235165805 0.0341336722 0.0300230505 0.0272747448 0.0 0.0243924369 0.0162293235 0.0086074173 0.0300814327 0.0229480586 0.0105869504 0.0153522938 0.0378114112 0.0122297097 0.0288045357 0.0367547591 0.0186351706 0.0244359322 0.0282044215 0.027762986 0.0217837956 0.0019108571 0.0325034756 0.0266603061 0.0136407756 0.0085621033 0.0296941449 0.0289606472 0.0403702405 0.0325848751 0.0165193481 0.0094327171 0.027996884 0.0305711813 0.0252157161 0.0282221847 0.0281365624 0.0185061192 0.0107092242 0.0066217838 0.026024774 0.0292504637 0.0191231671
8 0.0147698807 0.0215541471 0.0309248386 0.0229618104 0.0118705556 0.0260753273 0.0243924369 0.0 0.0123772451 0.0135747342 0.0275232403 0.0053706281 0.0294439584 0.0218024815 0.025841414 0.0239040423 0.0377254748 0.019034143 0.0240280837 0.0203552391 0.031093418 0.0183188715 0.0256545431 0.015357287 0.0220897696 0.0202354689 0.0196127543 0.0427433915 0.0247031834 0.0296710022 0.0155502139 0.0283489619 0.0198058704 0.0316018517 0.0083442183 0.0140122074 0.0086047399 0.0200001989 0.0145264649 0.0239082298 0.0285828013 0.0465402866 0.0370719018 0.0271870675 0.0129056154
9 0.031873705 0.0238092365 0.0224437885 0.0309667187 0.0332338895 0.0190972598 0.0162293235 0.0123772451 0.0 0.0338565364 0.0214422154 0.028582031 0.0149399322 0.0233632231 0.0232419686 0.0209816295 0.0258798059 0.0217810039 0.0257220971 0.0146885212 0.017714813 0.0247895441 0.0235623489 0.0316354169 0.0135355169 0.0176934061 0.0187485053 0.0248483088 0.0200098807 0.0127907564 0.0101067589 0.0200027777 0.0305076536 0.0229464025 0.031595933 0.0205092783 0.0221962401 0.0224862031 0.0107076255 0.0375617912 0.0267204409 0.0096928724 0.0268807331 0.0397657389 0.0184809225
10 0.0309286862 0.0459601681 0.0154734908 0.0121781995 0.0226748687 0.0161344803 0.0086074173 0.0135747342 0.0338565364 0.0 0.0263013428 0.0357523575 0.035920099 0.0061250474 0.0275516128 0.0234075464 0.0275747437 0.0264140525 0.0201489937 0.0206005535 0.0227646019 0.0177222124 0.0287497048 0.0081091052 0.0148757329 0.0296974108 0.0270430273 0.0342428826 0.0284331422 0.0334011865 0.0045610575 0.0207623416 0.0240564885 0.0224913869 0.0153072862 0.0203780904 0.0218298769 0.0191894791 0.0282473443 0.0309723986 0.0354140779 0.0183134329 0.0080345592 0.0097624864 0.0264557562
11 0.0242205116 0.0303687948 0.0190359285 0.0278199649 0.0381003818 0.0145720136 0.0300814327 0.0275232403 0.0214422154 0.0263013428 0.0 0.0104522928 0.0110612494 0.0123193781 0.0240250086 0.0191191385 0.027298257 0.018796524 0.0310953714 0.0042765234 0.0379490644 0.0258682953 0.0050904993 0.0193540934 0.028282812 0.0422816465 0.0352456645 0.0307855472 0.0176461121 0.0105471251 0.0277892653 0.0172463524 0.0175733343 0.0190921471 0.0093018062 0.0177830711 0.0282986384 0.0350299861 0.0363390811 0.0207383516 0.008049085 0.0275298211 0.0253641514 0.0189268957 0.0199775839
12 0.0179143719 0.0184142573 0.0282753832 0.0384618602 0.0218638431 0.0118059888 0.0229480586 0.0053706281 0.028582031 0.0357523575 0.0104522928 0.0 0.0459065416 0.0261972965 0.0290800107 0.0054924568 0.0120150644 0.0272450683 0.0208417448 0.0278626635 0.0107699247 0.0117593443 0.0264482956 0.002379881 0.0180909695 0.0391193339 0.0297802887 0.0185213731 0.020417772 0.0257502574 0.0376340283 0.013767591 0.0411133975 0.0329000765 0.016575011 0.0161716678 0.0368605246 0.0270298614 0.0203294323 0.0250499172 0.0097044299 0.0138741482 0.0099694343 0.0225995689 0.0389015516
13 0.0120255287 0.0125621639 0.016652256 0.0335211189 0.0201762272 0.006446154 0.0105869504 0.0294439584 0.0149399322 0.035920099 0.0110612494 0.0459065416 0.0 0.0266635491 0.0239963492 0.022079231 0.0025788409 0.0282487712 0.0112255173 0.0260853831 0.0232716073 0.0212910861 0.0224260173 0.0150257558 0.0055576095 0.0412004681 0.0308954222 0.0343031796 0.0282367654 0.0155436642 0.0233369619 0.0283002659 0.0203491979 0.0312614086 0.03364626 0.0059341227 0.0320148895 0.0191594592 0.020818537 0.0365789383 0.029908743 0.0378756065 0.0237080747 0.0028521594 0.0263839784
14 0.0267258119 0.0101966782 0.0190326275 0.0110531953 0.0212697252 0.0286450081 0.0153522938 0.0218024815 0.0233632231 0.0061250474 0.0123193781 0.0261972965 0.0266635491 0.0 0.0165346695 0.0223878227 0.0126085928 0.0225291683 0.0269541211 0.0256623562 0.0201896796 0.0245519823 0.0201308424 0.0338934767 0.0380480831 0.0158849315 0.0266167355 0.0153403484 0.029124524 0.010825254 0.0178825488 0.0166211101 0.0195459463 0.0414712153 0.0183328451 0.0134651049 0.0234233451 0.0227897909 0.0349499259 0.0321134994 0.0378280461 0.0521865037 0.0110133414 0.0307853241 0.0175625493
15 0.0169109483 0.0330679725 0.0225630144 0.0080774102 0.0226373809 0.0170412569 0.0378114112 0.025841414 0.0232419686 0.0275516128 0.0240250086 0.0290800107 0.0239963492 0.0165346695 0.0 0.0187199849 0.008997515 0.0140354556 0.0215566832 0.025618738 0.0201372996 0.0188959055 0.0303210134 0.0211776681 0.0199504316 0.0205722296 0.0307033647 0.0210242763 0.0238927495 0.0250021548 0.0345791343 0.0320726377 0.0214154002 0.0273682786 0.0285185594 0.0413456062 0.0075193851 0.0239326227 0.0162013983 0.0026974682 0.0069541798 0.0106366524 0.0292351856 0.0360535707 0.0324840234
16 0.0195048989 0.0293960173 0.0242498149 0.0256858579 0.0138976333 0.0257514636 0.0122297097 0.0239040423 0.0209816295 0.0234075464 0.0191191385 0.0054924568 0.022079231 0.0223878227 0.0187199849 0.0 0.0156664882 0.0222179137 0.0059790763 0.0273612708 0.0264473409 0.0261994753 0.0276392626 0.0331842902 0.036035831 0.0212572411 0.0134706821 0.0194130162 0.0326325551 0.0179966523 0.0188219526 0.0303061433 0.0345284886 0.0140710342 0.0060814071 0.0278364124 0.0323940789 0.0168917791 0.0223729684 0.0267260811 0.0403388624 0.0098452243 0.0360921133 0.0288849643 0.0225001465
17 0.0317297765 0.0199493616 0.0169709629 0.0284083774 0.0383359582 0.0171062615 0.0288045357 0.0377254748 0.0258798059 0.0275747437 0.027298257 0.0120150644 0.0025788409 0.0126085928 0.008997515 0.0156664882 0.0 0.0164045837 0.0094385801 0.0277347919 0.0247107124 0.0246680893 0.0220054361 0.0214424325 0.0295247383 0.0313652523 0.0132980551 0.0172052275 0.0156030529 0.0312337914 0.048918663 0.0062452138 0.0150785161 0.0204895876 0.0114114075 0.0266532271 0.0143903162 0.0222003099 0.0223449924 0.026027746 0.0178424491 0.0351027834 0.03026002 0.0338429239 0.0329070837
18 0.0314768255 0.0362703497 0.0153799892 0.0273236413 0.0159450001 0.0228962888 0.0367547591 0.019034143 0.0217810039 0.0264140525 0.018796524 0.0272450683 0.0282487712 0.0225291683 0.0140354556 0.0222179137 0.0164045837 0.0 0.0128960443 0.0407243006 0.031361539 0.0178345848 0.0166716998 0.0285463201 0.0291443683 0.0100621583 0.0356504639 0.0209453758 0.0079715782 0.0213759463 0.011199064 0.0451383731 0.0146286065 0.0187413811 0.0316036842 0.0149985163 0.0341447061 0.0155118613 0.0135587878 0.0211192047 0.0258264023 0.0140006204 0.018604315 0.0222627027 0.0227238573
19 0.0186154882 0.0266963205 0.0341094987 0.0096501944 0.039022096 0.020326136 0.0186351706 0.0240280837 0.0257220971 0.0201489937 0.0310953714 0.0208417448 0.0112255173 0.0269541211 0.0215566832 0.0059790763 0.0094385801 0.0128960443 0.0 0.0048938189 0.0215590004 0.0309079509 0.0207073155 0.0016564461 0.0172300209 0.027665581 0.0272098577 0.0346246586 0.0272651997 0.0176946292 0.0259207554 0.0124292556 0.0276222701 0.0299534394 0.0194332115 0.0150753534 0.0320187545 0.0213622791 0.0332767562 0.0339163129 0.0325085227 0.0241925649 0.0237868321 0.0344348227 0.0257131734
20 0.0272407987 0.0177513514 0.0301548841 0.0248570139 0.0264882176 0.0332101713 0.0244359322 0.0203552391 0.0146885212 0.0206005535 0.0042765234 0.0278626635 0.0260853831 0.0256623562 0.025618738 0.0273612708 0.0277347919 0.0407243006 0.0048938189 0.0 0.0151665544 0.0248788168 0.0203707712 0.0200205907 0.0383478633 0.0223866031 0.0241882237 0.0331286666 0.0251975143 0.0240691151 0.0332562732 0.0096109828 0.0062763635 0.0173909961 0.0241869198 0.0206009381 0.0358539693 0.0282548556 0.0183982757 0.0142922347 0.0213974465 0.0300063047 0.0135645948 0.0209431791 0.0082094176
21 0.0238886019 0.0204141963 0.0357762192 0.018367248 0.0193710095 0.0245999765 0.0282044215 0.031093418 0.017714813 0.0227646019 0.0379490644 0.0107699247 0.0232716073 0.0201896796 0.0201372996 0.0264473409 0.0247107124 0.031361539 0.0215590004 0.0151665544 0.0 0.0308251443 0.0335404022 0.0303770314 0.0119063804 0.020515674 0.0085577046 0.0252238246 0.0235722923 0.0144903271 0.0108136353 0.0221473905 0.0151858652 0.0233486212 0.0212088715 0.0214586264 0.0301653803 0.0118935243 0.0263165034 0.0289276421 0.0247081877 0.0266160175 0.0231806147 0.0174446125 0.0238184981
22 0.0244028894 0.0281385924 0.0254414746 0.011107345 0.0296909828 0.012681191 0.027762986 0.0183188715 0.0247895441 0.0177222124 0.0258682953 0.0117593443 0.0212910861 0.0245519823 0.0188959055 0.0261994753 0.0246680893 0.0178345848 0.0309079509 0.0248788168 0.0308251443 0.0 0.0112338689 0.040365159 0.0212113292 0.0255064247 0.0035088443 0.0381112587 0.0347623663 0.0289314137 0.0221990759 0.0320344226 0.0217967347 0.0315758151 0.0185789851 0.0189822931 0.0270152924 0.0233152609 0.0371072388 0.0119745517 0.0206966056 0.0044669099 0.0354906384 0.0082000599 0.0051986867
23 0.0234401144 0.0200930529 0.0263936312 0.0092889954 0.0187832676 0.01411219 0.0217837956 0.0256545431 0.0235623489 0.0287497048 0.0050904993 0.0264482956 0.0224260173 0.0201308424 0.0303210134 0.0276392626 0.0220054361 0.0166716998 0.0207073155 0.0203707712 0.0335404022 0.0112338689 0.0 0.03715752 0.0321738724 0.027317742 0.033952994 0.0161885552 0.0207486263 0.0229386941 0.0156297191 0.0287792717 0.015681704 0.0177240975 0.0284710958 0.0316609057 0.0309077865 0.0218764832 0.0180867773 0.0196600104 0.0229818175 0.0298302942 0.0169160715 0.0240343588 0.0188345348
24 0.0363085307 0.0223770834 0.0210364225 0.0301436763 0.0212917281 0.023450546 0.0019108571 0.015357287 0.0316354169 0.0081091052 0.0193540934 0.002379881 0.0150257558 0.0338934767 0.0211776681 0.0331842902 0.0214424325 0.0285463201 0.0016564461 0.0200205907 0.0303770314 0.040365159 0.03715752 0.0 0.0136908829 0.0209967169 0.0139714417 0.0202808167 0.0105060236 0.0352614899 0.0261900173 0.0085799154 0.0160864529 0.0420866262 0.04037802 0.0199735489 0.036162417 0.0384919043 0.0292460754 0.0259621333 0.0140536007 0.0156577277 0.0173339966 0.0210869504 0.0178019235
25 0.0092471917 0.0263674552 0.0035818676 0.0194725572 0.028763055 0.0363100511 0.0325034756 0.0220897696 0.0135355169 0.0148757329 0.028282812 0.0180909695 0.0055576095 0.0380480831 0.0199504316 0.036035831 0.0295247383 0.0291443683 0.0172300209 0.0383478633 0.0119063804 0.0212113292 0.0321738724 0.0136908829 0.0 0.0093038984 0.0332539679 0.0084669307 0.0259593918 0.0060831528 0.0269838672 0.037408217 0.0238267395 0.0069391299 0.0279472332 0.027916028 0.0382172376 0.0068897567 0.0345194909 0.028311703 0.040663667 0.0236257783 0.0084941219 0.016232157 0.0230156661
26 0.013615139 0.033957496 0.0396660255 0.0323052608 0.0177659284 0.0316873434 0.0266603061 0.0202354689 0.0176934061 0.0296974108 0.0422816465 0.0391193339 0.0412004681 0.0158849315 0.0205722296 0.0212572411 0.0313652523 0.0100621583 0.027665581 0.0223866031 0.020515674 0.0255064247 0.027317742 0.0209967169 0.0093038984 0.0 0.0212963936 0.0189252159 0.0248285355 0.0193686307 0.0143504213 0.0285891053 0.0145967748 0.0265071454 0.0140338271 0.0101095307 0.0225921081 0.0125454204 0.0212887309 0.0238284198 0.0187818002 0.0247005868 0.0226299856 0.0062981723 0.0160095091
27 0.0143738483 0.0283666134 0.012557514 0.0381141163 0.0328689011 0.0140896899 0.0136407756 0.0196127543 0.0187485053 0.0270430273 0.0352456645 0.0297802887 0.0308954222 0.0266167355 0.0307033647 0.0134706821 0.0132980551 0.0356504639 0.0272098577 0.0241882237 0.0085577046 0.0035088443 0.033952994 0.0139714417 0.0332539679 0.0212963936 0.0 0.0300805329 0.0291276033 0.0207623841 0.0386773159 0.0237353146 0.0202997565 0.0060922962 0.0203402148 0.0181289128 0.0244870389 0.0218618534 0.0113569801 0.0251759306 0.0313042971 0.0007695657 0.0302027164 0.0152867048 0.0312947322
28 0.0213655064 0.0266577955 0.0328672198 0.0383490328 0.0139234775 0.01655393 0.0085621033 0.0427433915 0.0248483088 0.0342428826 0.0307855472 0.0185213731 0.0343031796 0.0153403484 0.0210242763 0.0194130162 0.0172052275 0.0209453758 0.0346246586 0.0331286666 0.0252238246 0.0381112587 0.0161885552 0.0202808167 0.0084669307 0.0189252159 0.0300805329 0.0 0.0082339286 0.0276880879 0.0244833665 0.0093241564 0.0224621712 0.0151512627 0.0294347079 0.0295640591 0.0052204467 0.0155756656 0.0113528289 0.0271341026 0.0303992794 0.0129934522 0.0175606792 0.0206214331 0.0301179194
29 0.0185442307 0.0162275044 0.0338061266 0.016503701 0.0104492571 0.0225019927 0.0296941449 0.0247031834 0.0200098807 0.0284331422 0.0176461121 0.020417772 0.0282367654 0.029124524 0.0238927495 0.0326325551 0.0156030529 0.0079715782 0.0272651997 0.0251975143 0.0235722923 0.0347623663 0.0207486263 0.0105060236 0.0259593918 0.0248285355 0.0291276033 0.0082339286 0.0 0.0165648295 0.0296924652 0.0240870104 0.0154813892 0.0246788965 0.0339933529 0.0212179392 0.0234821066 0.0196691195 0.0174861386 0.0093062281 0.0395228554 0.0296760246 0.0111219982 0.0258855261 0.0315343653
30 0.0126787851 0.0256985681 0.0327728522 0.0146215477 0.0338406359 0.0329501465 0.0289606472 0.0296710022 0.0127907564 0.0334011865 0.0105471251 0.0257502574 0.0155436642 0.010825254 0.0250021548 0.0179966523 0.0312337914 0.0213759463 0.0176946292 0.0240691151 0.0144903271 0.0289314137 0.0229386941 0.0352614899 0.0060831528 0.0193686307 0.0207623841 0.0276880879 0.0165648295 0.0 0.0227500792 0.0165879506 0.0284582113 0.0242545239 0.0286204366 0.0277035198 0.0022151252 0.0397576375 0.0274659158 0.0087155221 0.0214740779 0.0254179466 0.0191214982 0.0271740796 0.0307697487
31 0.040417736 0.0139085725 0.0114139853 0.0086368483 0.0433574542 0.0220021786 0.0403702405 0.0155502139 0.0101067589 0.0045610575 0.0277892653 0.0376340283 0.0233369619 0.0178825488 0.0345791343 0.0188219526 0.048918663 0.011199064 0.0259207554 0.0332562732 0.0108136353 0.0221990759 0.0156297191 0.0261900173 0.0269838672 0.0143504213 0.0386773159 0.0244833665 0.0296924652 0.0227500792 0.0 0.0218469503 0.0319621943 0.02001945 0.0353282764 0.0051995458 0.0150732585 0.0082087659 0.0248038895 0.0277726332 0.0129999581 0.0106581083 0.0260311381 0.0126509338 0.0260112427
32 0.0350512995 0.0098826114 0.024963838 0.0190624883 0.0027997678 0.0466444499 0.0325848751 0.0283489619 0.0200027777 0.0207623416 0.0172463524 0.013767591 0.0283002659 0.0166211101 0.0320726377 0.0303061433 0.0062452138 0.0451383731 0.0124292556 0.0096109828 0.0221473905 0.0320344226 0.0287792717 0.0085799154 0.037408217 0.0285891053 0.0237353146 0.0093241564 0.0240870104 0.0165879506 0.0218469503 0.0 0.0183219562 0.0049034892 0.0330858577 0.015628047 0.0359180771 0.0273846721 0.0280083402 0.0295240734 0.0161956094 0.0092685445 0.0409903156 0.0236147636 0.0121952121
33 0.0231398884 0.0179275319 0.0184899187 0.0317204644 0.0203450273 0.0245617649 0.0165193481 0.0198058704 0.0305076536 0.0240564885 0.0175733343 0.0411133975 0.0203491979 0.0195459463 0.0214154002 0.0345284886 0.0150785161 0.0146286065 0.0276222701 0.0062763635 0.0151858652 0.0217967347 0.015681704 0.0160864529 0.0238267395 0.0145967748 0.0202997565 0.0224621712 0.0154813892 0.0284582113 0.0319621943 0.0183219562 0.0 0.0290177353 0.009920841 0.039652106 0.0230443238 0.0110146028 0.0247126642 0.0386966824 0.0274460593 0.0390908803 0.0263560733 0.029382921 0.0122996834
34 0.0351999016 0.0063361957 0.0151273776 0.0112338312 0.0306873217 0.0223179528 0.0094327171 0.0316018517 0.0229464025 0.0224913869 0.0190921471 0.0329000765 0.0312614086 0.0414712153 0.0273682786 0.0140710342 0.0204895876 0.0187413811 0.0299534394 0.0173909961 0.0233486212 0.0315758151 0.0177240975 0.0420866262 0.0069391299 0.0265071454 0.0060922962 0.0151512627 0.0246788965 0.0242545239 0.02001945 0.0049034892 0.0290177353 0.0 0.0026398115 0.0246906701 0.0282480557 0.0283084126 0.0286762353 0.0131976625 0.018672019 0.0367859899 0.0230450884 0.0370968854 0.026225577
35 0.0194100636 0.013568647 0.0131456029 0.0248782112 0.0238476447 0.0151048791 0.027996884 0.0083442183 0.031595933 0.0153072862 0.0093018062 0.016575011 0.03364626 0.0183328451 0.0285185594 0.0060814071 0.0114114075 0.0316036842 0.0194332115 0.0241869198 0.0212088715 0.0185789851 0.0284710958 0.04037802 0.0279472332 0.0140338271 0.0203402148 0.0294347079 0.0339933529 0.0286204366 0.0353282764 0.0330858577 0.009920841 0.0026398115 0.0 0.0345158172 0.0357190731 0.0243130816 0.0227341887 0.0240958085 0.0029966682 0.0355597031 0.0305805318 0.0308018323 0.0224112823
36 0.0088938522 0.0446807333 0.0209534666 0.0330721909 0.0198851741 0.044444877 0.0305711813 0.0140122074 0.0205092783 0.0203780904 0.0177830711 0.0161716678 0.0059341227 0.0134651049 0.0413456062 0.0278364124 0.0266532271 0.0149985163 0.0150753534 0.0206009381 0.0214586264 0.0189822931 0.0316609057 0.0199735489 0.027916028 0.0101095307 0.0181289128 0.0295640591 0.0212179392 0.0277035198 0.0051995458 0.015628047 0.039652106 0.0246906701 0.0345158172 0.0 0.0268468013 0.0265512997 0.0060317159 0.0183349713 0.0084033995 0.0250794649 0.0239369894 0.0365055435 0.024643193
37 0.0140941092 0.0110653507 0.0217275827 0.0045929567 0.017196983 0.0078242742 0.0252157161 0.0086047399 0.0221962401 0.0218298769 0.0282986384 0.0368605246 0.0320148895 0.0234233451 0.0075193851 0.0323940789 0.0143903162 0.0341447061 0.0320187545 0.0358539693 0.0301653803 0.0270152924 0.0309077865 0.036162417 0.0382172376 0.0225921081 0.0244870389 0.0052204467 0.0234821066 0.0022151252 0.0150732585 0.0359180771 0.0230443238 0.0282480557 0.0357190731 0.0268468013 0.0 0.0036608298 0.0228955387 0.0191236821 0.0299319944 0.0324295382 0.0173544405 0.023776146 0.0142468642
38 0.0417242699 0.037240404 0.0263790569 0.0130424291 0.0287441103 0.0388376768 0.0282221847 0.0200001989 0.0224862031 0.0191894791 0.0350299861 0.0270298614 0.0191594592 0.0227897909 0.0239326227 0.0168917791 0.0222003099 0.0155118613 0.0213622791 0.0282548556 0.0118935243 0.0233152609 0.0218764832 0.0384919043 0.0068897567 0.0125454204 0.0218618534 0.0155756656 0.0196691195 0.0397576375 0.0082087659 0.0273846721 0.0110146028 0.0283084126 0.0243130816 0.0265512997 0.0036608298 0.0 0.0112823083 0.0078942073 0.0185511458 0.0268591344 0.0316189676 0.0178193138 0.0366278146
39 0.0434661564 0.0290630819 0.038334294 0.0121388955 0.0354297324 0.0210487428 0.0281365624 0.0145264649 0.0107076255 0.0282473443 0.0363390811 0.0203294323 0.020818537 0.0349499259 0.0162013983 0.0223729684 0.0223449924 0.0135587878 0.0332767562 0.0183982757 0.0263165034 0.0371072388 0.0180867773 0.0292460754 0.0345194909 0.0212887309 0.0113569801 0.0113528289 0.0174861386 0.0274659158 0.0248038895 0.0280083402 0.0247126642 0.0286762353 0.0227341887 0.0060317159 0.0228955387 0.0112823083 0.0 0.0152921681 0.0189954695 0.009330553 0.0102462496 0.0214191189 0.021655825
40 0.0224075434 0.0242408783 0.0386146651 0.0098458048 0.0128072479 0.0193117858 0.0185061192 0.0239082298 0.0375617912 0.0309723986 0.0207383516 0.0250499172 0.0365789383 0.0321134994 0.0026974682 0.0267260811 0.026027746 0.0211192047 0.0339163129 0.0142922347 0.0289276421 0.0119745517 0.0196600104 0.0259621333 0.028311703 0.0238284198 0.0251759306 0.0271341026 0.0093062281 0.0087155221 0.0277726332 0.0295240734 0.0386966824 0.0131976625 0.0240958085 0.0183349713 0.0191236821 0.0078942073 0.0152921681 0.0 0.0292252012 0.0258781946 0.010869654 0.0259019391 0.0277606603
41 0.0129826119 0.0281656318 0.0258496859 0.0166388537 0.0165152109 0.0139123215 0.0107092242 0.0285828013 0.0267204409 0.0354140779 0.008049085 0.0097044299 0.029908743 0.0378280461 0.0069541798 0.0403388624 0.0178424491 0.0258264023 0.0325085227 0.0213974465 0.0247081877 0.0206966056 0.0229818175 0.0140536007 0.040663667 0.0187818002 0.0313042971 0.0303992794 0.0395228554 0.0214740779 0.0129999581 0.0161956094 0.0274460593 0.018672019 0.0029966682 0.0084033995 0.0299319944 0.0185511458 0.0189954695 0.0292252012 0.0 0.0283853801 0.0193606056 0.030174396 0.0282268787
42 0.0125729319 0.0114718266 0.0170470554 0.0442656814 0.0244525623 0.0173152569 0.0066217838 0.0465402866 0.0096928724 0.0183134329 0.0275298211 0.0138741482 0.0378756065 0.0521865037 0.0106366524 0.0098452243 0.0351027834 0.0140006204 0.0241925649 0.0300063047 0.0266160175 0.0044669099 0.0298302942 0.0156577277 0.0236257783 0.0247005868 0.0007695657 0.0129934522 0.0296760246 0.0254179466 0.0106581083 0.0092685445 0.0390908803 0.0367859899 0.0355597031 0.0250794649 0.0324295382 0.0268591344 0.009330553 0.0258781946 0.0283853801 0.0 0.0259104529 0.0198047609 0.0176610714
43 0.0155331955 0.0161626937 0.0328794528 0.0298300998 0.0201866253 0.0247435984 0.026024774 0.0370719018 0.0268807331 0.0080345592 0.0253641514 0.0099694343 0.0237080747 0.0110133414 0.0292351856 0.0360921133 0.03026002 0.018604315 0.0237868321 0.0135645948 0.0231806147 0.0354906384 0.0169160715 0.0173339966 0.0084941219 0.0226299856 0.0302027164 0.0175606792 0.0111219982 0.0191214982 0.0260311381 0.0409903156 0.0263560733 0.0230450884 0.0305805318 0.0239369894 0.0173544405 0.0316189676 0.0102462496 0.010869654 0.0193606056 0.0259104529 0.0 0.0373334698 0.0153680066
44 0.0097284338 0.0087084584 0.0228454648 0.0227578787 0.019563047 0.0069370837 0.0292504637 0.0271870675 0.0397657389 0.0097624864 0.0189268957 0.0225995689 0.0028521594 0.0307853241 0.0360535707 0.0288849643 0.0338429239 0.0222627027 0.0344348227 0.0209431791 0.0174446125 0.0082000599 0.0240343588 0.0210869504 0.016232157 0.0062981723 0.0152867048 0.0206214331 0.0258855261 0.0271740796 0.0126509338 0.0236147636 0.029382921 0.0370968854 0.0308018323 0.0365055435 0.023776146 0.0178193138 0.0214191189 0.0259019391 0.030174396 0.0198047609 0.0373334698 0.0 0.023361687
45 0.0365587736 0.0197841562 0.0281414764 0.0179542079 0.0079970574 0.0281449203 0.0191231671 0.0129056154 0.0184809225 0.0264557562 0.0199775839 0.0389015516 0.0263839784 0.0175625493 0.0324840234 0.0225001465 0.0329070837 0.0227238573 0.0257131734 0.0082094176 0.0238184981 0.0051986867 0.0188345348 0.0178019235 0.0230156661 0.0160095091 0.0312947322 0.0301179194 0.0315343653 0.0307697487 0.0260112427 0.0121952121 0.0122996834 0.026225577 0.0224112823 0.024643193 0.0142468642 0.0366278146 0.021655825 0.0277606603 0.0282268787 0.0176610714 0.0153680066 0.023361687 0.0
