64
1 0.0182990244 0.0267656898 0.0139311585 0.0119254938 0.0248253791 0.0067607331 0.0073985971 0.0219930955 0.0096802666 0.0119681909 0.0260454974 0.0187378118 0.0085612548 0.0141929049 0.011004359 0.0069727383 0.0053874108 0.0071954323 0.0125222773 0.021892741 0.015633816 0.0320111589 0.011952039 0.0258400304 0.0168378793 0.0220575043 0.0219530702 0.021556268 0.0084252276 0.0231412574 0.0081141864 0.0118134632 0.0330773677 0.0113196487 0.0155630396 0.0189612871 0.010194951 0.020794926 0.0114392544 0.0149847484 0.0185942492 0.0167934704 0.0106353077 0.0135804235 0.02009268 0.0170573607 0.0163304652 0.0209296752 0.0136844751 0.0069740694 0.0150002273 0.0181494276 0.0088197766 0.0099438439 0.0079971785 0.025202152 0.0127017369 0.0070088301 0.0236235336 0.0029689197 0.0249418263 0.0196047512 0.0075690366 0.0200654031 
2 0.0267656898 0.0222559848 0.0174722264 0.019457925 0.0080810573 0.0167900806 0.0126935102 0.0174897689 0.0151810275 0.0143308259 0.0119693865 0.0056123643 0.0137293358 0.0114425521 0.0157196464 0.021753873 0.0244627299 0.0123434572 0.0135829993 0.0198799178 0.0141074916 0.0060206405 0.0339993916 0.0322406311 0.0150340239 0.0149066648 0.0107619604 0.0105922038 0.0198908857 0.0069562254 0.0123745968 0.012434295 0.0130589231 0.0237855891 0.0130151944 0.0079197899 0.0162047793 0.009777744 0.006584962 0.0213329024 0.0202920749 0.0100867522 0.0109145083 0.0094273254 0.0109235014 0.0119502576 0.0168168567 0.0245912189 0.0265840357 0.0085981478 0.021048773 0.0150946724 0.0112017677 0.0176278621 0.0160152555 0.0131760824 0.0148621278 0.0179149848 0.0234228501 0.0135312632 0.0047006398 0.0263932156 0.0145347209 0.0182778524 
3 0.0139311585 0.0174722264 0.0171891771 0.0247375691 0.0216067252 0.0052169189 0.0113244913 0.0087992019 0.0151557166 0.0090809403 0.0086802128 0.0239351905 0.0191141592 0.0060325511 0.0129222826 0.0202431229 0.0090728581 0.0134374534 0.0221827328 0.0140412826 0.0239257958 0.0147914905 0.0087925949 0.011139056 0.0207107853 0.0117430091 0.0228200191 0.0115737536 0.0189581558 0.0165673192 0.0144750874 0.0169167118 0.0168463609 0.0191815423 0.0071229023 0.0140006036 0.0128003238 0.0123133855 0.0255263456 0.0016870377 0.0274132512 0.0166112738 0.0162228335 0.0209489639 0.0391775023 0.0194518935 0.0163755183 0.0045915836 0.0173983943 0.0141793063 0.0103909786 0.0118397362 0.0095896833 0.0127874643 0.0200586628 0.0194503215 0.0217286995 0.0117570775 0.0080499073 0.0220099045 0.0069725798 0.0149468752 0.0216727961 0.020306541 
4 0.0119254938 0.019457925 0.0247375691 0.0017434011 0.0214245606 0.0232991579 0.0169467934 0.0109452854 0.0199039228 0.0074579091 0.0141969617 0.0144463018 0.0220072368 0.0135182141 0.0144115684 0.0250990667 0.0144049998 0.020586648 0.0119747387 0.0107193265 0.0139578829 0.0159457291 0.0047659938 0.0128877904 0.0164561271 0.0142278801 0.0025392055 0.009841718 0.0280545024 0.0131283773 0.0081763962 0.0273260291 0.0216777972 0.0081467538 0.0144082106 0.0239605347 0.0082291145 0.0266650951 0.0070039651 0.0227929021 0.0122007129 0.0188454542 0.0244081279 0.0199581532 0.0112056042 0.0169879945 0.0099927192 0.0168473475 0.0184794276 0.0221173057 0.0239090457 0.0209089484 0.0084833987 0.011374175 0.009049344 0.0147708077 0.0164621196 0.0107930345 0.0137450459 0.0081602413 0.0151795603 0.0125308371 0.0300956903 0.0140958188 
5 0.0248253791 0.0080810573 0.0216067252 0.0214245606 0.0045067157 0.0192191386 0.0033297247 0.012854425 0.0187664579 0.0138299327 0.0284279222 0.0234185454 0.0130322323 0.0191616463 0.0112074255 0.0330328592 0.0095830364 0.0177843626 0.0146499849 0.0157266562 0.0150609035 0.0231897134 0.0118319178 0.0160145617 0.0134793789 0.0096287936 0.020544483 0.0267591995 0.0256763669 0.0170946068 0.0162289742 0.0087564566 0.0128357427 0.0137092377 0.013571123 0.0145738567 0.0187816372 0.0263913592 0.0004889386 0.0119555098 0.0144841539 0.0220294101 0.005757104 0.019082414 0.0139480371 0.0127002483 0.0176323009 0.0124427591 0.0143831264 0.0153580525 0.015484756 0.0065649284 0.0060754085 0.0137842144 0.0115611866 0.0282702852 0.0186486884 0.0178874999 0.0129641102 0.0113598213 0.0151926817 0.0132778424 0.0149515492 0.015117873 
6 0.0067607331 0.0167900806 0.0052169189 0.0232991579 0.0192191386 0.0059612718 0.0320832074 0.017850338 0.0210567996 0.0128873486 0.0256155239 0.0163753511 0.0215590364 0.0188748826 0.00777049 0.0086091831 0.0105967438 0.0191787018 0.0084458237 0.0106225588 0.0153323502 0.0173670935 0.0137906619 0.0133641022 0.0149661187 0.0348642243 0.0215975589 0.0160513959 0.0087422509 0.0152138158 0.01621086 0.0111880528 0.0101464949 0.0154341971 0.0131979384 0.0122721092 0.0120277619 0.0124887227 0.0222433029 0.0177111911 0.0157888657 0.0157747045 0.006875978 0.0235105688 0.0216923103 0.0149174369 0.0101342343 0.0239169078 0.0115336865 0.0106345887 0.0161526976 0.0227173244 0.0134634528 0.0197402219 0.0155785701 0.0093296745 0.0037385821 0.0182763592 0.017892889 0.0243709778 0.013597614 0.0116857283 0.0168742313 0.0188189025 
7 0.0073985971 0.0126935102 0.0113244913 0.0169467934 0.0033297247 0.0320832074 0.0230420419 0.0064463023 0.0328867876 0.0088318745 0.0248760837 0.0184670452 0.0054568706 0.0221200077 0.021025984 0.0149338085 0.0101993568 0.0072756289 0.0164841311 0.0121691939 0.010636591 0.0324074271 0.009067813 0.0163775864 0.0167064593 0.0192615057 0.0033593339 0.0153037053 0.0218994821 0.010375206 0.012813883 0.0308966872 0.0183537196 0.0166831983 0.024982847 0.0211493827 0.0101855176 0.0106562556 0.0199367373 0.0147187092 0.0207584211 0.0223858865 0.0109801167 0.0035518896 0.0140525363 0.017883284 0.0121245457 0.006415479 0.018210895 0.0191285872 0.0219230099 0.0176253218 0.0029558756 0.028883562 0.0160343959 0.0171246844 0.0196394059 0.0110123551 0.0092056474 0.0241718398 0.0048872214 0.0140305683 0.0125276716 0.0107233116 
8 0.0219930955 0.0174897689 0.0087992019 0.0109452854 0.012854425 0.017850338 0.0064463023 0.0100741048 0.0176534451 0.0135985066 0.004554281 0.0203300457 0.0143938583 0.0149598545 0.017089984 0.0176369051 0.0211552916 0.0183032069 0.011452583 0.0209042867 0.0181020067 0.0139331818 0.0137514843 0.0214675851 0.0184906977 0.0123103173 0.013472762 0.0220521506 0.0079382305 0.0139831164 0.0074544475 0.0170066416 0.010170178 0.015005879 0.0205999157 0.0104032975 0.0420414523 0.0220085401 0.0173966405 0.017591349 0.0157977051 0.0130654466 0.0150567307 0.0213377153 0.0098270438 0.0131995857 0.0203069739 0.0074451418 0.0207601487 0.0092135088 0.015334478 0.0194828681 0.0176939054 0.0254015683 0.0240707222 0.010156497 0.0076476266 0.0223192239 0.0192501797 0.0182312346 0.0128455474 0.0080698032 0.0066860458 0.0131356558 
9 0.0096802666 0.0151810275 0.0151557166 0.0199039228 0.0187664579 0.0210567996 0.0328867876 0.0176534451 0.0224601132 0.0133084716 0.0198820976 0.0218672782 0.019245995 0.0137188623 0.0219014673 0.0074903919 0.0230065269 0.0155691347 0.0120564466 0.0181461061 0.013946767 0.0086933467 0.0348476308 0.0119623403 0.0193885754 0.0135155971 0.0086991917 0.013154819 0.0176915444 0.0173535632 0.0035586562 0.0128705898 0.0045728591 0.0094149429 0.0160600733 0.0217784021 0.0145609751 0.0240213666 0.0047431182 0.0098620615 0.0142253072 0.0118206723 0.0216894617 0.0160157457 0.0214338225 0.0143939826 0.0107073783 0.0277088758 0.0107490645 0.0085434603 0.0156433025 0.0212143964 0.0100288804 0.0132641433 0.017232801 0.0090080135 0.0115224242 0.0081354174 0.0060734072 0.0084535673 0.0179108757 0.0148735649 0.0266219875 0.0230957121 
10 0.0119681909 0.0143308259 0.0090809403 0.0074579091 0.0138299327 0.0128873486 0.0088318745 0.0135985066 0.0133084716 0.013279549 0.018606951 0.0186925771 0.0147349025 0.0220831893 0.0177557777 0.0286440666 0.0348345265 0.0255840669 0.0110391433 0.0121893142 0.013006839 0.0158509138 0.0157565842 0.0154740206 0.0209214594 0.0074585513 0.0324513417 0.0068677494 0.0050129481 0.0185810158 0.0284338649 0.017575249 0.0113534569 0.0183992254 0.0175883292 0.0072370847 0.0161484533 0.0094067458 0.0078126203 0.006871799 0.0196406503 0.0138436407 0.0163239246 0.0167507415 0.0082502562 0.0235798911 0.0132690982 0.0090482945 0.0081842416 0.0162382797 0.0164276533 0.0309900267 0.0182132431 0.0075553635 0.0175312896 0.0204755255 0.0229048314 0.0043579881 0.0123354 0.0185223758 0.0248616531 0.0241035895 0.010357615 0.0112881106 
11 0.0260454974 0.0119693865 0.0086802128 0.0141969617 0.0284279222 0.0256155239 0.0248760837 0.004554281 0.0198820976 0.018606951 0.0115820476 0.0087495751 0.00868533 0.0146624467 0.015464006 0.0187305777 0.015570413 0.0296979187 0.0060149651 0.0125586032 0.0131505351 0.0228325558 0.0240096809 0.0240111665 0.0073271457 0.005791731 0.0340839124 0.0117033193 0.0088200783 0.0117365725 0.0126101753 0.0101969398 0.0152326673 0.0262062354 0.0242810102 0.0087075736 0.0094053531 0.0076339308 0.0302403264 0.0204214617 0.0074731421 0.0071287768 0.0295954079 0.0114189495 0.0149984183 0.0180136372 0.0154450472 0.0123446437 0.0151034021 0.0190373725 0.012643871 0.0139575975 0.0171175793 0.0088535839 0.0153151631 0.0107773438 0.0126773797 0.0148265954 0.0076996908 0.0147458153 0.0224273296 0.0115023337 0.0253691837 0.0085545641 
12 0.0187378118 0.0056123643 0.0239351905 0.0144463018 0.0234185454 0.0163753511 0.0184670452 0.0203300457 0.0218672782 0.0186925771 0.0087495751 0.0143119978 0.0156389093 0.0175203564 0.0322529772 0.0065095373 0.0052417392 0.0121029843 0.013406965 0.0088848497 0.0256140161 0.0162372121 0.0058166395 0.0314468294 0.0084823588 0.0176014131 0.0140707149 0.0084677527 0.016942173 0.0193036499 0.0122086023 0.0146887379 0.0123358304 0.0155467098 0.0047278453 0.0240553928 0.029915474 0.0116636334 0.0166862314 0.0045425288 0.0055490748 0.0102824949 0.0210130888 0.0146501414 0.0150940159 0.0159830725 0.0101096073 0.0147790249 0.0052694218 0.0228595669 0.0177287595 0.0132174399 0.0183449096 0.0109618487 0.0200273793 0.0191723963 0.0112416472 0.028511975 0.022716132 0.0219383632 0.0196526616 0.0070779703 0.0156088516 0.0113540084 
13 0.0085612548 0.0137293358 0.0191141592 0.0220072368 0.0130322323 0.0215590364 0.0054568706 0.0143938583 0.019245995 0.0147349025 0.00868533 0.0156389093 0.0209142925 0.0041184706 0.0199003674 0.0238134357 0.0217159125 0.0094613111 0.0129737101 0.0152284991 0.024236617 0.0077611312 0.0127627319 0.0157189912 0.0112713918 0.0080648064 0.0145479466 0.0221845739 0.0306793495 0.0190500494 0.0122902693 0.0056934343 0.0161025131 0.0135888042 0.0043229904 0.0191759873 0.0201606497 0.0164692012 0.0111849835 0.0188321366 0.0122269581 0.0239784558 0.0121138489 0.0042534495 0.0170228308 0.0105291634 0.0335229664 0.0254987607 0.018641265 0.015346259 0.0113125397 0.0111330419 0.0162288013 0.022934281 0.0209281793 0.007307349 0.0265581312 0.0152485307 0.0146743321 0.0176640312 0.0080829542 0.0164282347 0.0092395933 0.0207423646 
14 0.0141929049 0.0114425521 0.0060325511 0.0135182141 0.0191616463 0.0188748826 0.0221200077 0.0149598545 0.0137188623 0.0220831893 0.0146624467 0.0175203564 0.0041184706 0.0021018944 0.0170756496 0.004758601 0.0129477658 0.0219825971 0.0136169334 0.0200106891 0.0116929916 0.0035530186 0.0096261863 0.0174025251 0.0013719881 0.019707008 0.0214183773 0.0246390343 0.0176819695 0.0275827315 0.0137291909 0.0260390828 0.0146186226 0.0129879637 0.0257849123 0.0100825841 0.0201381256 0.0259631963 0.0084519304 0.0181729587 0.0130914562 0.0299046393 0.023312794 0.0101375791 0.0184987276 0.016277084 0.0198974487 0.0150211083 0.0097385084 0.0260174276 0.0056374629 0.0137943526 0.0168392696 0.0095412834 0.0168190239 0.010674399 0.0230443943 0.014201779 0.0315418142 0.0088886532 0.0079834004 0.0175185715 0.0150180569 0.0110562992 
15 0.011004359 0.0157196464 0.0129222826 0.0144115684 0.0112074255 0.00777049 0.021025984 0.017089984 0.0219014673 0.0177557777 0.015464006 0.0322529772 0.0199003674 0.0170756496 0.0356187329 0.0109205035 0.0168264393 0.0121092432 0.019548394 0.0116651798 0.0123900831 0.0121665631 0.0156989661 0.0119793852 0.0175694792 0.0068771949 0.0133905765 0.018795894 0.0099728708 0.0117631878 0.0117746596 0.0150103333 0.0147955218 0.0189286177 0.0151746799 0.0057040565 0.0108842533 0.0067611908 0.016792729 0.0248624057 0.0084701905 0.0099033994 0.0212340252 0.0063307817 0.0081999626 0.0077326234 0.0119759198 0.0294988057 0.0208397495 0.0296706479 0.0238313971 0.0140367374 0.0136885394 0.0169721548 0.0176594753 0.0190801178 0.0165104675 0.0178575995 0.0108595968 0.0102718471 0.0159329433 0.0230520046 0.0218915766 0.0110163111 
16 0.0069727383 0.021753873 0.0202431229 0.0250990667 0.0330328592 0.0086091831 0.0149338085 0.0176369051 0.0074903919 0.0286440666 0.0187305777 0.0065095373 0.0238134357 0.004758601 0.0109205035 0.0144701846 0.0140360225 0.0152712256 0.013529422 0.0126079288 0.0034673367 0.0087528187 0.022281962 0.0147461712 0.0283517467 0.0194155706 0.0074759861 0.0141904274 0.0136936064 0.0185112739 0.0179585837 0.0078368295 0.0140035219 0.0220979005 0.0145454828 0.0152514067 0.0102052951 0.0154663705 0.0151389653 0.0177990327 0.0170584943 0.0130290102 0.018795204 0.0198977979 0.0131689895 0.0156734279 0.0147280559 0.0172352034 0.017308387 0.0035945822 0.0280763309 0.0139579533 0.01625207 0.0156980232 0.017986499 0.020128519 0.018150927 0.0130062903 0.0219156027 0.0168498257 0.0058801081 0.0142486474 0.0114024412 0.0157038674 
17 0.0053874108 0.0244627299 0.0090728581 0.0144049998 0.0095830364 0.0105967438 0.0101993568 0.0211552916 0.0230065269 0.0348345265 0.015570413 0.0052417392 0.0217159125 0.0129477658 0.0168264393 0.0140360225 0.0020790292 0.0145342672 0.0239513237 0.0252627252 0.011664811 0.011836289 0.0112617408 0.0127947797 0.0081781879 0.0234988321 0.0114365681 0.0057914669 0.0239134485 0.0061498032 0.0249414542 0.01789937 0.024162267 0.01280137 0.0179493417 0.0212312397 0.0094180042 0.0291862484 0.0072376079 0.0127822909 0.0138590672 0.0211515926 0.0111810772 0.0202352171 0.0123957082 0.0116331179 0.0330891084 0.0143010637 0.0186086173 0.0139151388 0.0095223015 0.0036223517 0.0233979267 0.0299100829 0.0184265858 0.0079291908 0.0161268365 0.0120079062 0.0159907751 0.0074583639 0.0184893916 0.017263813 0.0189950398 0.0114854866 
18 0.0071954323 0.0123434572 0.0134374534 0.020586648 0.0177843626 0.0191787018 0.0072756289 0.0183032069 0.0155691347 0.0255840669 0.0296979187 0.0121029843 0.0094613111 0.0219825971 0.0121092432 0.0152712256 0.0145342672 0.0069617324 0.0173528033 0.0093743288 0.0159551843 0.0248549357 0.0274156311 0.0099131699 0.0230407391 0.0147162163 0.0224033313 0.0192656704 0.0091099576 0.0152211026 0.0176757144 0.0144777118 0.0245690291 0.0112721118 0.0119601338 0.0124197053 0.0213587273 0.0194454908 0.0236359912 0.0240562721 0.0078539357 0.0225202468 0.0105752085 0.0091199882 0.0138413182 0.0195189391 0.0187713799 0.0219822073 0.0204258338 0.0271960453 0.0042204208 0.0117796795 0.0096482886 0.006452899 0.0031635342 0.0093987081 0.0091169811 0.014002273 0.0085201896 0.0210747586 0.0174279811 0.0123378511 0.0104329739 0.0217450286 
19 0.0125222773 0.0135829993 0.0221827328 0.0119747387 0.0146499849 0.0084458237 0.0164841311 0.011452583 0.0120564466 0.0110391433 0.0060149651 0.013406965 0.0129737101 0.0136169334 0.019548394 0.013529422 0.0239513237 0.0173528033 0.0114741696 0.0212152413 0.0278810901 0.0110004131 0.0196357858 0.0197579365 0.0113201423 0.0141002619 0.0088278112 0.0188192687 0.0200288844 0.0268772717 0.0182506301 0.024810937 0.0104699851 0.0179639868 0.0155330143 0.0139947905 0.0082248545 0.009410748 0.0170928359 0.0180925657 0.0247722953 0.0217016827 0.0201632664 0.0130653813 0.0081694865 0.0253618682 0.0173667237 0.0072143301 0.0114227967 0.0210361444 0.0140018858 0.0100178157 0.0137693689 0.0107176029 0.0164413874 0.0165853883 0.0170525801 0.0135140932 0.0196455698 0.021642548 0.022627466 0.0045680939 0.0213472633 0.0082269596 
20 0.021892741 0.0198799178 0.0140412826 0.0107193265 0.0157266562 0.0106225588 0.0121691939 0.0209042867 0.0181461061 0.0121893142 0.0125586032 0.0088848497 0.0152284991 0.0200106891 0.0116651798 0.0126079288 0.0252627252 0.0093743288 0.0212152413 0.0154886128 0.0227305292 0.0155264645 0.0133911447 0.0186020477 0.033607402 0.015090291 0.0046021581 0.0181821713 0.0131030998 0.0152367707 0.0204159957 0.0167749721 0.017615947 0.0275482187 0.0158923354 0.0097307237 0.0185747397 0.0109469554 0.012563097 0.0131787993 0.0249881014 0.0124737017 0.0253581846 0.0133082963 0.0176051074 0.0147746975 0.0144888026 0.0214798242 0.0149261676 0.0098247136 0.0156732705 0.017646845 0.0048974715 0.0160679812 0.0189580265 0.0131532729 0.0049273163 0.0123434777 0.0206976586 0.0159428543 0.0098752301 0.0110384053 0.0167322311 0.0109164578 
21 0.015633816 0.0141074916 0.0239257958 0.0139578829 0.0150609035 0.0153323502 0.010636591 0.0181020067 0.013946767 0.013006839 0.0131505351 0.0256140161 0.024236617 0.0116929916 0.0123900831 0.0034673367 0.011664811 0.0159551843 0.0278810901 0.0227305292 0.0031077308 0.0115141247 0.024117761 0.0118797313 0.0188436173 0.0201829078 0.0081468135 0.018261821 0.0052508377 0.0281751155 0.0150005142 0.0152745751 0.0176507072 0.0163774094 0.0166162563 0.0147149769 0.0263679037 0.0184873528 0.007009972 0.015362819 0.0179838965 0.0211097363 0.013844062 0.0241619514 0.0145117185 0.0113850757 0.0255837312 0.0153403283 0.0093513582 0.0109557158 0.0085471823 0.003866836 0.0169510198 0.0250241116 0.0070811218 0.0139923307 0.0102409918 0.0123541829 0.0088143555 0.013600445 0.0272730078 0.0190259992 0.0093260003 0.0248382562 
22 0.0320111589 0.0060206405 0.0147914905 0.0159457291 0.0231897134 0.0173670935 0.0324074271 0.0139331818 0.0086933467 0.0158509138 0.0228325558 0.0162372121 0.0077611312 0.0035530186 0.0121665631 0.0087528187 0.011836289 0.0248549357 0.0110004131 0.0155264645 0.0115141247 0.0091944929 0.017380218 0.023852813 0.0135479895 0.0307791749 0.0133670881 0.0174137862 0.0213816557 0.0081825379 0.012703257 0.0139298205 0.0095764331 0.0215736714 0.0062946969 0.0120420935 0.0107107537 0.0220550065 0.02660014 0.0245333725 0.0183682895 0.0206438731 0.0114522967 0.0158700265 0.0131212046 0.0263747833 0.0125643543 0.0042376028 0.0089310854 0.0126185932 0.0221417409 0.0216886903 0.013971385 0.0198398799 0.011290931 0.0161555481 0.0174372483 0.016810807 0.0071453711 0.0152051946 0.0269612995 0.0026504085 0.0124337147 0.0107204489 
23 0.011952039 0.0339993916 0.0087925949 0.0047659938 0.0118319178 0.0137906619 0.009067813 0.0137514843 0.0348476308 0.0157565842 0.0240096809 0.0058166395 0.0127627319 0.0096261863 0.0156989661 0.022281962 0.0112617408 0.0274156311 0.0196357858 0.0133911447 0.024117761 0.017380218 0.0160617259 0.0141080571 0.0137224721 0.024776433 0.0098322274 0.0152222052 0.0107685297 0.0194107053 0.0141905327 0.0164370129 0.0093084054 0.0137429513 0.0154402309 0.0072226495 0.019562999 0.0116482969 0.0149345369 0.017649972 0.0076048585 0.0094142888 0.0146159261 0.0280262878 0.0103672615 0.0072156742 0.0116831228 0.0137727389 0.005959672 0.0291831162 0.0039775322 0.0221759121 0.0187128623 0.0170045437 0.0236543417 0.0178056745 0.0140719389 0.0201376449 0.0045405418 0.0157110185 0.0195859824 0.0313653578 0.0113182884 0.0161009116 
24 0.0258400304 0.0322406311 0.011139056 0.0128877904 0.0160145617 0.0133641022 0.0163775864 0.0214675851 0.0119623403 0.0154740206 0.0240111665 0.0314468294 0.0157189912 0.0174025251 0.0119793852 0.0147461712 0.0127947797 0.0099131699 0.0197579365 0.0186020477 0.0118797313 0.023852813 0.0141080571 0.011802096 0.0120767206 0.0217684975 0.0201168634 0.0189970685 0.0171122143 0.0120563857 0.0161217665 0.007326777 0.0138526924 0.0187726907 0.0098249964 0.0240473099 0.0094830253 0.0077389191 0.0157786115 0.0142558248 0.0151987033 0.0160235026 0.0072371595 0.0211259706 0.0205826756 0.0106595283 0.0072260447 0.0161172499 0.007750287 0.0161403198 0.0130725924 0.0116029827 0.0114038979 0.0095946973 0.0226183872 0.0275235307 0.0092732863 0.0186539073 0.0130731873 0.0051260899 0.020679608 0.0118467558 0.016622743 0.0167331254 
25 0.0168378793 0.0150340239 0.0207107853 0.0164561271 0.0134793789 0.0149661187 0.0167064593 0.0184906977 0.0193885754 0.0209214594 0.0073271457 0.0084823588 0.0112713918 0.0013719881 0.0175694792 0.0283517467 0.0081781879 0.0230407391 0.0113201423 0.033607402 0.0188436173 0.0135479895 0.0137224721 0.0120767206 0.0201687926 0.015713795 0.0142493277 0.0155805993 0.0110753058 0.0169138879 0.015280787 0.0078284482 0.0231279089 0.0254998662 0.0138840343 0.0103110943 0.0104264311 0.0054178509 0.005746292 0.0047978898 0.0111745495 0.0125435122 0.0157313241 0.0208943502 0.0116133327 0.015510166 0.0144793761 0.021931117 0.0186058125 0.0201865529 0.0163626996 0.0145443274 0.0195340277 0.0148350946 0.0099704406 0.0175581656 0.0157902475 0.0161201632 0.0204309855 0.0214799139 0.0203719493 0.0216863149 0.020357042 0.0105633378 
26 0.0220575043 0.0149066648 0.0117430091 0.0142278801 0.0096287936 0.0348642243 0.0192615057 0.0123103173 0.0135155971 0.0074585513 0.005791731 0.0176014131 0.0080648064 0.019707008 0.0068771949 0.0194155706 0.0234988321 0.0147162163 0.0141002619 0.015090291 0.0201829078 0.0307791749 0.024776433 0.0217684975 0.015713795 0.0140687434 0.0123736051 0.0213490879 0.0108469471 0.0100252434 0.0138810728 0.0153383856 0.0087086835 0.0219216308 0.0137489532 0.0129602191 0.0150361134 0.0124858032 0.0102769858 0.0141137458 0.016517757 0.0129183475 0.0135859053 0.0243812143 0.0182309671 0.0106778404 0.010169663 0.0140473938 0.0249578983 0.0159745238 0.0138607901 0.017313625 0.0125409193 0.0086594356 0.0036774525 0.0061900007 0.0160137234 0.0261138361 0.0258622396 0.0131715928 0.0202495798 0.0189508041 0.0113857422 0.0193553469 
27 0.0219530702 0.0107619604 0.0228200191 0.0025392055 0.020544483 0.0215975589 0.0033593339 0.013472762 0.0086991917 0.0324513417 0.0340839124 0.0140707149 0.0145479466 0.0214183773 0.0133905765 0.0074759861 0.0114365681 0.0224033313 0.0088278112 0.0046021581 0.0081468135 0.0133670881 0.0098322274 0.0201168634 0.0142493277 0.0123736051 0.0130555612 0.0141321972 0.0134828804 0.021570988 0.0242944755 0.0211598013 0.0354946634 0.0083001084 0.0091215796 0.014100908 0.0130502488 0.0132892326 0.0161291723 0.0255102776 0.0180090771 0.0157750806 0.0278445768 0.0080362966 0.026054655 0.0203313969 0.0275870882 0.016431309 0.0097366528 0.0149614283 0.0130008734 0.0153219449 0.0145040365 0.0190916146 0.0059656337 0.0069920532 0.0138982884 0.0163779137 0.0155106665 0.0097256248 0.0171085787 0.0128476441 0.0068862654 0.0167669724 
28 0.021556268 0.0105922038 0.0115737536 0.009841718 0.0267591995 0.0160513959 0.0153037053 0.0220521506 0.013154819 0.0068677494 0.0117033193 0.0084677527 0.0221845739 0.0246390343 0.018795894 0.0141904274 0.0057914669 0.0192656704 0.0188192687 0.0181821713 0.018261821 0.0174137862 0.0152222052 0.0189970685 0.0155805993 0.0213490879 0.0141321972 0.0124985533 0.0142869774 0.0194613916 0.0071848673 0.0080663256 0.0158733938 0.006633786 0.0242383441 0.0296517714 0.0031697817 0.0188488476 0.0210707797 0.0150915817 0.0201127923 0.0193366082 0.0077996414 0.0188142175 0.0210860537 0.0073441039 0.0115878897 0.0111475595 0.0063644393 0.0183150643 0.0101161158 0.0171516823 0.0326097468 0.0053019066 0.0129200347 0.0099915888 0.0180678872 0.0193710661 0.0157427844 0.0052829708 0.0223094438 0.0169052739 0.0230916461 0.0164037744 
29 0.0084252276 0.0198908857 0.0189581558 0.0280545024 0.0256763669 0.0087422509 0.0218994821 0.0079382305 0.0176915444 0.0050129481 0.0088200783 0.016942173 0.0306793495 0.0176819695 0.0099728708 0.0136936064 0.0239134485 0.0091099576 0.0200288844 0.0131030998 0.0052508377 0.0213816557 0.0107685297 0.0171122143 0.0110753058 0.0108469471 0.0134828804 0.0142869774 0.0154994926 0.0188120833 0.014995942 0.0192182949 0.0130333886 0.0311029138 0.0139571718 0.0212369237 0.0146725984 0.023726161 0.0179175952 0.0202985949 0.006435728 0.0112046836 0.0131148106 0.0280344614 0.0096304199 0.0156819561 0.0074951827 0.0160050186 0.0227437175 0.0095108673 0.0270596655 0.011510977 0.0105910231 0.0221244323 0.0054775623 0.0143310664 0.0146985885 0.0099142281 0.0082389049 0.0188472984 0.0138720672 0.0131220285 0.0168327433 0.0186110284 
30 0.0231412574 0.0069562254 0.0165673192 0.0131283773 0.0170946068 0.0152138158 0.010375206 0.0139831164 0.0173535632 0.0185810158 0.0117365725 0.0193036499 0.0190500494 0.0275827315 0.0117631878 0.0185112739 0.0061498032 0.0152211026 0.0268772717 0.0152367707 0.0281751155 0.0081825379 0.0194107053 0.0120563857 0.0169138879 0.0100252434 0.021570988 0.0194613916 0.0188120833 0.0011593781 0.0135493699 0.0214618313 0.0082120884 0.0125106513 0.0197599863 0.0142375107 0.016897489 0.0111449507 0.028603202 0.0152011919 0.0232206035 0.0127282699 0.0128094569 0.0051637918 0.0105234218 0.015814759 0.0189575012 0.0136933115 0.0235865697 0.0195494557 0.0130909009 0.0158848834 0.013622828 0.0108871096 0.0153855643 0.0168921308 0.0121934548 0.0168458176 0.0131281374 0.014157424 0.016281763 0.0202861311 0.0075836667 0.0165401423 
31 0.0081141864 0.0123745968 0.0144750874 0.0081763962 0.0162289742 0.01621086 0.012813883 0.0074544475 0.0035586562 0.0284338649 0.0126101753 0.0122086023 0.0122902693 0.0137291909 0.0117746596 0.0179585837 0.0249414542 0.0176757144 0.0182506301 0.0204159957 0.0150005142 0.012703257 0.0141905327 0.0161217665 0.015280787 0.0138810728 0.0242944755 0.0071848673 0.014995942 0.0135493699 0.009707038 0.0305174273 0.0238256651 0.0138483352 0.0085657656 0.0098739019 0.0184512633 0.0199730206 0.0114541879 0.0151224776 0.0213782707 0.02891434 0.0083176061 0.0259041445 0.0084702977 0.0162837923 0.0102306803 0.0147734566 0.0125397983 0.0109920319 0.0223720789 0.0234546114 0.0058456802 0.0129767103 0.0377047833 0.012655732 0.0206882604 0.0065151006 0.0271861435 0.0250159836 0.0071854199 0.0150512124 0.0155671046 0.0117388654 
32 0.0118134632 0.012434295 0.0169167118 0.0273260291 0.0087564566 0.0111880528 0.0308966872 0.0170066416 0.0128705898 0.017575249 0.0101969398 0.0146887379 0.0056934343 0.0260390828 0.0150103333 0.0078368295 0.01789937 0.0144777118 0.024810937 0.0167749721 0.0152745751 0.0139298205 0.0164370129 0.007326777 0.0078284482 0.0153383856 0.0211598013 0.0080663256 0.0192182949 0.0214618313 0.0305174273 0.0158081099 0.0060232035 0.014383938 0.012285852 0.0260113281 0.0188766189 0.0261535097 0.00946778 0.0173323338 0.0220840012 0.0196973884 0.0094744006 0.0160354033 0.0149804766 0.0087847504 0.0195136416 0.0196351311 0.0130875908 0.0188060009 0.0224886028 0.0137239084 0.0188818311 0.0134034319 0.0075774453 0.0064354909 0.0221879071 0.0132573877 0.0187840979 0.0109741194 0.0106211666 0.0144418605 0.0088709813 0.0131390857 
33 0.0330773677 0.0130589231 0.0168463609 0.0216777972 0.0128357427 0.0101464949 0.0183537196 0.010170178 0.0045728591 0.0113534569 0.0152326673 0.0123358304 0.0161025131 0.0146186226 0.0147955218 0.0140035219 0.024162267 0.0245690291 0.0104699851 0.017615947 0.0176507072 0.0095764331 0.0093084054 0.0138526924 0.0231279089 0.0087086835 0.0354946634 0.0158733938 0.0130333886 0.0082120884 0.0238256651 0.0060232035 0.0201769217 0.0206905601 0.0093877667 0.0146575688 0.0199850751 0.0109350055 0.0067121979 0.0216303343 0.0130709007 0.0111918315 0.0232530685 0.0173576135 0.009718269 0.0144470611 0.020259812 0.024602876 0.0081567218 0.0225925422 0.0170730821 0.0149937776 0.0127850271 0.0152723895 0.0150460961 0.0147302048 0.0148051771 0.0161613538 0.0117946581 0.0114378414 0.0165983964 0.0137272355 0.0150669563 0.0209956391 
34 0.0113196487 0.0237855891 0.0191815423 0.0081467538 0.0137092377 0.0154341971 0.0166831983 0.015005879 0.0094149429 0.0183992254 0.0262062354 0.0155467098 0.0135888042 0.0129879637 0.0189286177 0.0220979005 0.01280137 0.0112721118 0.0179639868 0.0275482187 0.0163774094 0.0215736714 0.0137429513 0.0187726907 0.0254998662 0.0219216308 0.0083001084 0.006633786 0.0311029138 0.0125106513 0.0138483352 0.014383938 0.0206905601 0.0100772289 0.0115588814 0.0108103163 0.017802928 0.019231127 0.0148529829 0.0095323677 0.0199251659 0.0098489554 0.0085933303 0.0112025401 0.0156600218 0.0071886406 0.0186948969 0.0120770566 0.0178999812 0.0178971012 0.0118093925 0.0078243103 0.0263375897 0.0218935576 0.0152323671 0.0322336094 0.0194158616 0.0067413052 0.0026101921 0.0054012165 0.0163706124 0.0138948985 0.012804314 0.0191966055 
35 0.0155630396 0.0130151944 0.0071229023 0.0144082106 0.013571123 0.0131979384 0.024982847 0.0205999157 0.0160600733 0.0175883292 0.0242810102 0.0047278453 0.0043229904 0.0257849123 0.0151746799 0.0145454828 0.0179493417 0.0119601338 0.0155330143 0.0158923354 0.0166162563 0.0062946969 0.0154402309 0.0098249964 0.0138840343 0.0137489532 0.0091215796 0.0242383441 0.0139571718 0.0197599863 0.0085657656 0.012285852 0.0093877667 0.0115588814 0.0209212118 0.0128994127 0.0239146489 0.0286266778 0.0198711829 0.0088567624 0.0188654194 0.0087775344 0.0144952176 0.0175612942 0.0109404593 0.0116556213 0.0161844251 0.0205869189 0.0259571617 0.0078868243 0.0075749186 0.0156972654 0.0164354862 0.015195704 0.0286726639 0.0073966264 0.0145542515 0.0296063428 0.0134819284 0.0035649154 0.0145957808 0.0277480764 0.0210079379 0.0255014944 
36 0.0189612871 0.0079197899 0.0140006036 0.0239605347 0.0145738567 0.0122721092 0.0211493827 0.0104032975 0.0217784021 0.0072370847 0.0087075736 0.0240553928 0.0191759873 0.0100825841 0.0057040565 0.0152514067 0.0212312397 0.0124197053 0.0139947905 0.0097307237 0.0147149769 0.0120420935 0.0072226495 0.0240473099 0.0103110943 0.0129602191 0.014100908 0.0296517714 0.0212369237 0.0142375107 0.0098739019 0.0260113281 0.0146575688 0.0108103163 0.0128994127 0.0323189011 0.0211138172 0.017326434 0.0143975607 0.0050701037 0.0122390722 0.0173124896 0.0190741456 0.0253189828 0.0011654588 0.0225729609 0.0189627657 0.0117636288 0.0147411395 0.0190560792 0.0084005269 0.0184876767 0.0227525465 0.0243790097 0.0195856986 0.0190615551 0.0076489479 0.0223845298 0.013442678 0.0053004384 0.0178355651 0.0069953762 0.017485882 0.0164182359 
37 0.010194951 0.0162047793 0.0128003238 0.0082291145 0.0187816372 0.0120277619 0.0101855176 0.0420414523 0.0145609751 0.0161484533 0.0094053531 0.029915474 0.0201606497 0.0201381256 0.0108842533 0.0102052951 0.0094180042 0.0213587273 0.0082248545 0.0185747397 0.0263679037 0.0107107537 0.019562999 0.0094830253 0.0104264311 0.0150361134 0.0130502488 0.0031697817 0.0146725984 0.016897489 0.0184512633 0.0188766189 0.0199850751 0.017802928 0.0239146489 0.0211138172 0.0263488762 0.0198321802 0.0177029003 0.0060727347 0.0143565513 0.0121992366 0.0113777981 0.0142442632 0.0178623571 0.0172948287 0.0233324722 0.0129501431 0.0049454715 0.0056138249 0.0108133784 0.014180097 0.015104231 0.0081380791 0.0184677753 0.0155341252 0.0102182053 0.0155496041 0.0138968874 0.030712924 0.0097004818 0.0283977666 0.0195712751 0.0065993934 
38 0.020794926 0.009777744 0.0123133855 0.0266650951 0.0263913592 0.0124887227 0.0106562556 0.0220085401 0.0240213666 0.0094067458 0.0076339308 0.0116636334 0.0164692012 0.0259631963 0.0067611908 0.0154663705 0.0291862484 0.0194454908 0.009410748 0.0109469554 0.0184873528 0.0220550065 0.0116482969 0.0077389191 0.0054178509 0.0124858032 0.0132892326 0.0188488476 0.023726161 0.0111449507 0.0199730206 0.0261535097 0.0109350055 0.019231127 0.0286266778 0.017326434 0.0198321802 0.0238969324 0.0154936104 0.0067631489 0.0056612239 0.0096829944 0.0170440822 0.0137270852 0.0162146856 0.0153861727 0.0164989068 0.0087359584 0.0188787929 0.0146138511 0.0093158119 0.0169904758 0.0125289832 0.0164807833 0.0184588881 0.0225331694 0.016044735 0.0154810653 0.0131556289 0.0092336959 0.0137128517 0.0055812786 0.0133477616 0.0201459441 
39 0.0114392544 0.006584962 0.0255263456 0.0070039651 0.0004889386 0.0222433029 0.0199367373 0.0173966405 0.0047431182 0.0078126203 0.0302403264 0.0166862314 0.0111849835 0.0084519304 0.016792729 0.0151389653 0.0072376079 0.0236359912 0.0170928359 0.012563097 0.007009972 0.02660014 0.0149345369 0.0157786115 0.005746292 0.0102769858 0.0161291723 0.0210707797 0.0179175952 0.028603202 0.0114541879 0.00946778 0.0067121979 0.0148529829 0.0198711829 0.0143975607 0.0177029003 0.0154936104 0.0312109948 0.0185619284 0.0210486148 0.02618528 0.0101132097 0.0106140561 0.0287648296 0.0137287065 0.006288482 0.0181912599 0.0071843904 0.0172451911 0.0197423795 0.0116413565 0.0130125061 0.026181632 0.0204301141 0.0118117458 0.0083724761 0.0156359142 0.0155238355 0.0122194306 0.016035193 0.0297665902 0.0158748712 0.0183947387 
40 0.0149847484 0.0213329024 0.0016870377 0.0227929021 0.0119555098 0.0177111911 0.0147187092 0.017591349 0.0098620615 0.006871799 0.0204214617 0.0045425288 0.0188321366 0.0181729587 0.0248624057 0.0177990327 0.0127822909 0.0240562721 0.0180925657 0.0131787993 0.015362819 0.0245333725 0.017649972 0.0142558248 0.0047978898 0.0141137458 0.0255102776 0.0150915817 0.0202985949 0.0152011919 0.0151224776 0.0173323338 0.0216303343 0.0095323677 0.0088567624 0.0050701037 0.0060727347 0.0067631489 0.0185619284 0.0117406825 0.0064169861 0.019289552 0.0155767125 0.018220845 0.019023022 0.0185919304 0.0107560875 0.0201940538 0.0149084015 0.015058319 0.0238127399 0.0172667173 0.0179551664 0.0231461769 0.0181748386 0.0091913281 0.0114878393 0.0200994917 0.0106669099 0.0198788826 0.0165240471 0.0241590698 0.0118699926 0.0179840837 
41 0.0185942492 0.0202920749 0.0274132512 0.0122007129 0.0144841539 0.0157888657 0.0207584211 0.0157977051 0.0142253072 0.0196406503 0.0074731421 0.0055490748 0.0122269581 0.0130914562 0.0084701905 0.0170584943 0.0138590672 0.0078539357 0.0247722953 0.0249881014 0.0179838965 0.0183682895 0.0076048585 0.0151987033 0.0111745495 0.016517757 0.0180090771 0.0201127923 0.006435728 0.0232206035 0.0213782707 0.0220840012 0.0130709007 0.0199251659 0.0188654194 0.0122390722 0.0143565513 0.0056612239 0.0210486148 0.0064169861 0.022498822 0.0137903572 0.0122220776 0.0218013781 0.0156905027 0.0157750731 0.020833757 0.0272023343 0.0234593053 0.0072026358 0.0201996584 0.0126901439 0.0142148599 0.0082767379 0.0110168543 0.0244004396 0.0285642489 0.0137588955 0.0103777615 0.0079795736 0.0113513261 0.0129719386 0.0162251175 0.0032856326 
42 0.0167934704 0.0100867522 0.0166112738 0.0188454542 0.0220294101 0.0157747045 0.0223858865 0.0130654466 0.0118206723 0.0138436407 0.0071287768 0.0102824949 0.0239784558 0.0299046393 0.0099033994 0.0130290102 0.0211515926 0.0225202468 0.0217016827 0.0124737017 0.0211097363 0.0206438731 0.0094142888 0.0160235026 0.0125435122 0.0129183475 0.0157750806 0.0193366082 0.0112046836 0.0127282699 0.02891434 0.0196973884 0.0111918315 0.0098489554 0.0087775344 0.0173124896 0.0121992366 0.0096829944 0.02618528 0.019289552 0.0137903572 0.0127647747 0.0090659385 0.0184347756 0.0067098264 0.0136668789 0.0139019117 0.009001453 0.0150438435 0.0124651264 0.0104705592 0.0058485753 0.0149263836 0.0097882484 0.0052891882 0.0290826544 0.0168743977 0.0137382505 0.0182303538 0.0240421322 0.0229345516 0.0227570281 0.0194001235 0.013644451 
43 0.0106353077 0.0109145083 0.0162228335 0.0244081279 0.005757104 0.006875978 0.0109801167 0.0150567307 0.0216894617 0.0163239246 0.0295954079 0.0210130888 0.0121138489 0.023312794 0.0212340252 0.018795204 0.0111810772 0.0105752085 0.0201632664 0.0253581846 0.013844062 0.0114522967 0.0146159261 0.0072371595 0.0157313241 0.0135859053 0.0278445768 0.0077996414 0.0131148106 0.0128094569 0.0083176061 0.0094744006 0.0232530685 0.0085933303 0.0144952176 0.0190741456 0.0113777981 0.0170440822 0.0101132097 0.0155767125 0.0122220776 0.0090659385 0.0082684657 0.0133434901 0.0134154988 0.0166231105 0.0235614015 0.0377684177 0.0207469362 0.0139055396 0.0162517098 0.0077452752 0.0134081147 0.0172479724 0.0180780397 0.0153679192 0.0065934622 0.0119035492 0.0143903522 0.0209389154 0.014783795 0.0135150402 0.0196820718 0.0336119779 
44 0.0135804235 0.0094273254 0.0209489639 0.0199581532 0.019082414 0.0235105688 0.0035518896 0.0213377153 0.0160157457 0.0167507415 0.0114189495 0.0146501414 0.0042534495 0.0101375791 0.0063307817 0.0198977979 0.0202352171 0.0091199882 0.0130653813 0.0133082963 0.0241619514 0.0158700265 0.0280262878 0.0211259706 0.0208943502 0.0243812143 0.0080362966 0.0188142175 0.0280344614 0.0051637918 0.0259041445 0.0160354033 0.0173576135 0.0112025401 0.0175612942 0.0253189828 0.0142442632 0.0137270852 0.0106140561 0.018220845 0.0218013781 0.0184347756 0.0133434901 0.0120714698 0.024153573 0.0058028104 0.0144821491 0.0159880671 0.0123060197 0.0167158438 0.0104783906 0.018804714 0.0238013852 0.0187920753 0.0063500257 0.0084855166 0.0074945779 0.0136522826 0.0227987028 0.0113140897 0.0162491869 0.0191492679 0.0084626113 0.0077912781 
45 0.02009268 0.0109235014 0.0391775023 0.0112056042 0.0139480371 0.0216923103 0.0140525363 0.0098270438 0.0214338225 0.0082502562 0.0149984183 0.0150940159 0.0170228308 0.0184987276 0.0081999626 0.0131689895 0.0123957082 0.0138413182 0.0081694865 0.0176051074 0.0145117185 0.0131212046 0.0103672615 0.0205826756 0.0116133327 0.0182309671 0.026054655 0.0210860537 0.0096304199 0.0105234218 0.0084702977 0.0149804766 0.009718269 0.0156600218 0.0109404593 0.0011654588 0.0178623571 0.0162146856 0.0287648296 0.019023022 0.0156905027 0.0067098264 0.0134154988 0.024153573 0.0200233224 0.0148017371 0.0112348062 0.0113621931 0.0090982328 0.0087849136 0.0147677169 0.0281294371 0.0149314079 0.009837428 0.0166313907 0.0149324931 0.0286733224 0.0155577708 0.0190176338 0.029284754 0.0179325868 0.015163478 0.020812232 0.0109342954 
46 0.0170573607 0.0119502576 0.0194518935 0.0169879945 0.0127002483 0.0149174369 0.017883284 0.0131995857 0.0143939826 0.0235798911 0.0180136372 0.0159830725 0.0105291634 0.016277084 0.0077326234 0.0156734279 0.0116331179 0.0195189391 0.0253618682 0.0147746975 0.0113850757 0.0263747833 0.0072156742 0.0106595283 0.015510166 0.0106778404 0.0203313969 0.0073441039 0.0156819561 0.015814759 0.0162837923 0.0087847504 0.0144470611 0.0071886406 0.0116556213 0.0225729609 0.0172948287 0.0153861727 0.0137287065 0.0185919304 0.0157750731 0.0136668789 0.0166231105 0.0058028104 0.0148017371 0.0281786964 0.023961422 0.0106232783 0.0137941515 0.0011091898 0.0165724272 0.0159749826 0.0183533787 0.006103977 0.0199883459 0.0106385824 0.0186311883 0.0243889964 0.0306967886 0.02405495 0.0208819333 0.011607744 0.0240374214 0.0091836215 
47 0.0163304652 0.0168168567 0.0163755183 0.0099927192 0.0176323009 0.0101342343 0.0121245457 0.0203069739 0.0107073783 0.0132690982 0.0154450472 0.0101096073 0.0335229664 0.0198974487 0.0119759198 0.0147280559 0.0330891084 0.0187713799 0.0173667237 0.0144888026 0.0255837312 0.0125643543 0.0116831228 0.0072260447 0.0144793761 0.010169663 0.0275870882 0.0115878897 0.0074951827 0.0189575012 0.0102306803 0.0195136416 0.020259812 0.0186948969 0.0161844251 0.0189627657 0.0233324722 0.0164989068 0.006288482 0.0107560875 0.020833757 0.0139019117 0.0235614015 0.0144821491 0.0112348062 0.023961422 0.0096291928 0.0059388814 0.0132578423 0.013104378 0.0097440685 0.0060386629 0.010862782 0.0325397062 0.0148482494 0.0087171317 0.0131927036 0.0268605104 0.0200439768 0.0221295348 0.0136174914 0.011964534 0.0057048639 0.0126887682 
48 0.0209296752 0.0245912189 0.0045915836 0.0168473475 0.0124427591 0.0239169078 0.006415479 0.0074451418 0.0277088758 0.0090482945 0.0123446437 0.0147790249 0.0254987607 0.0150211083 0.0294988057 0.0172352034 0.0143010637 0.0219822073 0.0072143301 0.0214798242 0.0153403283 0.0042376028 0.0137727389 0.0161172499 0.021931117 0.0140473938 0.016431309 0.0111475595 0.0160050186 0.0136933115 0.0147734566 0.0196351311 0.024602876 0.0120770566 0.0205869189 0.0117636288 0.0129501431 0.0087359584 0.0181912599 0.0201940538 0.0272023343 0.009001453 0.0377684177 0.0159880671 0.0113621931 0.0106232783 0.0059388814 0.0125792318 0.0155698073 0.0125380329 0.0215720521 0.019806319 0.0132603311 0.0169356316 0.0026470045 0.0162780581 0.0168762677 0.0064988096 0.0209215632 0.0164739706 0.0104750423 0.0113880339 0.0161184356 0.0126504162 
