128
1 0.0124526034 0.0080932919 0.0086634583 0.0049616221 0.0131048164 0.0098148025 0.0057314171 0.0073938032 0.0089475728 0.0058537236 0.010389651 0.0071429173 0.0076006578 0.0055573411 0.0096343437 0.0045190582 0.0044183269 0.0084412032 0.0102676596 0.0095109829 0.0069853436 0.0039306864 0.0025428252 0.003730161 0.0053835388 0.0071121637 0.0061625049 0.0045451886 0.0040518271 0.0025017332 0.0077775667 0.0045003882 0.0071983427 0.0056761585 0.0095458194 0.0053618544 0.0084599413 0.0126725178 0.0142338127 0.0054716242 0.0081601737 0.0106125561 0.0052813767 0.0078979777 0.0135153039 0.0089128928 0.0059050249 0.0108997997 0.0077479662 0.0088679633 0.0029948691 0.0079268588 0.0076603255 0.0071251101 0.0083112709 0.0091745034 0.0112441893 0.0072280094 0.0063926563 0.0113008266 0.0099163522 0.0069395641 0.0076122664 0.0090642828 0.0093785475 0.0123342472 0.0094686683 0.014173988 0.0121407063 0.0123314471 0.0045292718 0.0119009651 0.0070342308 0.0032074739 0.0060851684 0.007482276 0.0053985032 0.0133992371 0.009285974 0.0108635522 0.0109750988 0.0047413174 0.0053339692 0.0058943376 0.004688297 0.0045291152 0.0059668385 0.009936577 0.0043072657 0.0106433713 0.0113619206 0.0106069543 0.004847266 0.0016552567 0.0129578065 0.0098914671 0.0087768948 0.0045994967 0.006589641 0.0048595211 0.0034062353 0.0040969436 0.0073558552 0.0103178387 0.0117545551 0.0042182682 0.0020570702 0.0051289078 0.0102653975 0.0026457112 0.0074494868 0.0142541563 0.0059289577 0.0081974621 0.0080392638 0.0079748612 0.0044421403 0.0084613944 0.0070668363 0.0093017105 0.0077753079 0.0091859448 0.0101172763 0.0068504584 0.0051274907 0.0125124911 0.009736641 0.0131192969 
2 0.0080932919 0.0047399284 0.0047290939 0.0130208842 0.0098210217 0.0071332543 0.0081138104 0.0081853263 0.0138222442 0.0033979116 0.0057016142 0.0065624979 0.0129924147 0.0090391857 0.0101891494 0.0055507413 0.0038835418 0.0064420911 0.0088358642 0.008160271 0.0089645508 0.0119957155 0.0059439037 0.0086620465 0.0066254991 0.0056424469 0.0090882311 0.0066117504 0.0093551936 0.003163895 0.0029439302 0.0112754104 0.0051376677 0.0115936443 0.006290418 0.0087621553 0.0051967366 0.0084066447 0.0059213095 0.0080333248 0.0071702959 0.010284071 0.0124107232 0.0098484229 0.0076745054 0.0076970027 0.0042510948 0.0033293508 0.0080395182 0.0044600311 0.0120581355 0.0046111778 0.0060621697 0.006192132 0.011566207 0.0089791024 0.0078428768 0.0131829144 0.0082724936 0.0046154649 0.0098594191 0.0043803462 0.003782136 0.0047397884 0.0073284771 0.0054963568 0.0044344153 0.0064814208 0.00509064 0.0073776632 0.0035966729 0.0090152528 0.0068057113 0.0039593321 0.0055439347 0.01286975 0.0019068747 0.0066019179 0.0024556413 0.0064374801 0.0062497249 0.0097411935 0.0110116611 0.0138379206 0.0061638031 0.0073318798 0.001722673 0.0034901337 0.019006164 0.0136298393 0.007832572 0.0094880772 0.0076254868 0.0129922654 0.0122594594 0.0058793977 0.0120535926 0.0078574168 0.0073819171 0.0053970568 0.0059606732 0.0074993691 0.0084065537 0.0122632749 0.0149074295 0.0041209848 0.0122490114 0.0095989133 0.009108314 0.0066771535 0.0167341839 0.0077369225 0.0083082055 0.0051470172 0.0112183145 0.0067095882 0.0093525616 0.0113153811 0.0069027363 0.0090288982 0.0051349999 0.0072355395 0.0121669345 0.0108079972 0.00366388 0.0033748313 0.0041280672 0.0045504959 
3 0.0086634583 0.0047290939 0.0112946747 0.0136107942 0.0045229316 0.0088822779 0.0088604143 0.0049664249 0.0057626385 0.009975622 0.0062114446 0.0042484525 0.0078089675 0.0066584425 0.0076655047 0.0038866563 0.0116301409 0.002191281 0.0149665409 0.0100174743 0.0093601659 0.0089095527 0.0092133559 0.0095364873 0.0081299578 0.0048632478 0.0095427325 0.003925783 0.0054952041 0.0121547973 0.0063931477 0.0068073487 0.0089239864 0.0056953092 0.0032850217 0.0090983476 0.0098271137 0.0064375802 0.0054866422 0.0068587759 0.0042476704 0.0063114155 0.0098293486 0.0102372929 0.0099251849 0.0093412259 0.0050125224 0.00952278 0.0068393918 0.0055794568 0.0070323575 0.0072449703 0.0042241458 0.0075901072 0.0102575698 0.0090387886 0.0071975794 0.015538309 0.0053918327 0.0077840243 0.0100580909 0.0075857248 0.0136963403 0.0076022127 0.0089438285 0.0120648568 0.0042752821 0.0050572931 0.0069072968 0.0138876859 0.0037356365 0.0046320268 0.0087340436 0.010853587 0.0074338174 0.0107878408 0.0109711988 0.0137356068 0.0071854418 0.0048170171 0.0099343004 0.0054741557 0.0066961206 0.0087930338 0.0067353934 0.0051246038 0.0067205866 0.0053722355 0.0059250521 0.0131217297 0.0094283593 0.0022805195 0.0111092858 0.0112060984 0.0046259122 0.00840459 0.0085723923 0.0091428568 0.008413364 0.0072480712 0.0090390085 0.0031052072 0.0045771177 0.0074404086 0.0099256995 0.0171059949 0.0112742326 0.0053898011 0.0109166941 0.0067548707 0.0084001407 0.0034656285 0.0081714274 0.0089863009 0.0052736779 0.0081749132 0.0081198625 0.0041831995 0.0042244476 0.0057457594 0.0068420954 0.0052619241 0.0133830857 0.0073460975 0.0056280095 0.0051176526 0.0078400886 0.0063693975 
4 0.0049616221 0.0130208842 0.0136107942 0.0060544197 0.0020439948 0.0047987313 0.0057449293 0.0079892387 0.0067745259 0.006325817 0.0054692286 0.0024457377 0.0095700831 0.010550155 0.0065076002 0.01137026 0.0086435572 0.0081405016 0.0063570984 0.0057636083 0.0087416378 0.0075246568 0.0084425578 0.0096401558 0.0068845906 0.0064920891 0.009925466 0.0057360831 0.0087517356 0.0069666192 0.0060686432 0.0044342443 0.0056010093 0.0148593339 0.003258425 0.0058323758 0.0103970927 0.0080410838 0.0114245497 0.0061355921 0.004486371 0.0045395572 0.0096436735 0.0107797277 0.0092217985 0.0139889492 0.0088466772 0.0117633264 0.0104986559 0.0106411498 0.0069977352 0.0065221721 0.0076857443 0.0119150355 0.0104477384 0.005299123 0.0025036513 0.0137680905 0.0064200576 0.0052427277 0.0072507364 0.0127800563 0.0086776228 0.0059455396 0.0152049247 0.0048070261 0.0093540936 0.0099282529 0.0101330979 0.0081306882 0.0096084723 0.007392803 0.0079843608 0.0052614995 0.0026939905 0.0085142267 0.0088061102 0.0013103217 0.0027254682 0.0166182024 0.0094106405 0.0060869451 0.0059154182 0.0067938846 0.0105836215 0.011750627 0.0129207683 0.0076355888 0.0119456456 0.0095773352 0.0045744788 0.0072382644 0.010417493 0.0138050707 0.009111373 0.0092382776 0.0037988318 0.0023384969 0.012490441 0.007409498 0.0082651685 0.0055631964 0.0065986199 0.0055096966 0.0076444767 0.0061767478 0.0046030924 0.0040475343 0.003283564 0.0068331756 0.007492418 0.0139421645 0.0109176376 0.0057635091 0.0070985691 0.0050986658 0.010817281 0.0064716886 0.0051339955 0.0065081149 0.0053998726 0.0048576632 0.0094587831 0.0098186702 0.0027198539 0.0100653146 0.0056972282 0.0055304133 
5 0.0131048164 0.0098210217 0.0045229316 0.0020439948 0.005230102 0.0056568249 0.0086482905 0.0153693377 0.009667472 0.0045789634 0.0094970317 0.0099204767 0.0096735778 0.0108899335 0.0042911284 0.0083337953 0.0030331845 0.0042328704 0.0063880714 0.0062111776 0.0066242832 0.0056604431 0.0063135404 0.0097226902 0.0074587097 0.0074315722 0.013338323 0.010187845 0.0082841779 0.010085041 0.007933884 0.0139159674 0.0109802116 0.0048895861 0.0020762631 0.0049235904 0.0056078601 0.0047248742 0.003271114 0.0070974492 0.0112856706 0.0051075188 0.0087271753 0.0062083489 0.0096523242 0.010604953 0.0072263392 0.0067185688 0.002584972 0.0059582803 0.0125168396 0.0078723406 0.0046796892 0.0125120748 0.0065512031 0.0043878755 0.0096261303 0.0125552396 0.0049930625 0.0062200326 0.0100195311 0.0077414716 0.0075098517 0.0046944955 0.0075249202 0.0063311101 0.0128372442 0.002812714 0.0079715326 0.0101763904 0.005778523 0.0097738215 0.0061420681 0.0088162157 0.0039061722 0.0063640801 0.0061851265 0.0055800259 0.003796343 0.0080429235 0.00807646 0.0075092495 0.0089452799 0.0099477488 0.0093624182 0.0098216106 0.0094428573 0.0102183691 0.0118924184 0.0041713303 0.0050812249 0.0055256048 0.0108856915 0.0057158726 0.0094623773 0.0091356593 0.0100853775 0.0133244437 0.0084196105 0.015156812 0.0099779309 0.0065388175 0.0110641641 0.0072453283 0.007291417 0.0097523674 0.0052494664 0.0087743864 0.0057487291 0.0043055979 0.0087939172 0.0087196426 0.0034708512 0.0131083715 0.0022863289 0.0075701505 0.012150315 0.0058003004 0.0069449292 0.0069993795 0.010208359 0.013836235 0.0059231767 0.0118461851 0.0092789925 0.0112896554 0.0013109635 0.0026979976 
6 0.0098148025 0.0071332543 0.0088822779 0.0047987313 0.0056568249 0.0053942146 0.0092651579 0.0064385591 0.0100485686 0.0078943351 0.0095285544 0.0044557118 0.0084419068 0.0107032041 0.0105540541 0.0090933785 0.0067673 0.0061959926 0.0090179581 0.0092139066 0.0133724856 0.0056190711 0.007175314 0.0113450769 0.0068225976 0.0084374332 0.00802618 0.0062110555 0.0044289719 0.0123097224 0.0085314202 0.0100504029 0.0039679714 0.0122475962 0.0054847496 0.0119922915 0.0078608382 0.0021321617 0.0111198392 0.0061622129 0.0036331128 0.0092181111 0.0108636876 0.0067990167 0.0067188049 0.0094145566 0.0054104042 0.006082248 0.009450774 0.0028129034 0.0066344246 0.0141908905 0.0079301995 0.0046788758 0.0039888005 0.0026012283 0.0054057468 0.0063159055 0.0124152981 0.0050643064 0.0076285415 0.0108693418 0.0117702725 0.0047356159 0.0070023236 0.0084380343 0.0090326319 0.0059380344 0.0076232466 0.0050034028 0.0078599442 0.0108331782 0.0092547425 0.0115791563 0.0065271332 0.0082975145 0.0071571661 0.0094389299 0.0048950537 0.0090636867 0.0087084919 0.012481412 0.0068167686 0.0036455589 0.0056415109 0.0074453343 0.015305717 0.0103617427 0.0056185566 0.0042717633 0.0072289717 0.0081341 0.0037028942 0.0139394566 0.0073161464 0.0103249353 0.0094410884 0.0126582413 0.0056695582 0.0112024038 0.0099126754 0.0028465822 0.0033972433 0.005873669 0.0040920517 0.0070427606 0.0048617559 0.0078406466 0.0069209597 0.0094910868 0.0069893287 0.0069538445 0.007025629 0.0110994753 0.0090248203 0.0097971659 0.0000345153000000000 0.0092655498 0.0036755448 0.0035581811 0.0119641122 0.0034512445 0.0100276335 0.0099423032 0.0096612657 0.007614695 0.008642055 0.0139052217 
7 0.0057314171 0.0081138104 0.0088604143 0.0057449293 0.0086482905 0.0092651579 0.0206460779 0.0023455789 0.0071802 0.0028975748 0.0067965018 0.0014235344 0.0095035246 0.0151058899 0.0100976727 0.0070750222 0.009128172 0.010598036 0.0100916596 0.0075107304 0.010185852 0.0106266818 0.0084294269 0.0060928458 0.0098696179 0.0102226074 0.0004221664 0.0047605211 0.0075264192 0.0066123884 0.0091629692 0.0079584022 0.0095865729 0.0038377015 0.0059670644 0.0155574867 0.0057031933 0.0097820512 0.0063098005 0.0030044203 0.0025485492 0.0086835913 0.0104903358 0.0122893734 0.0096470717 0.0101735416 0.0108049418 0.0058212942 0.0035890866 0.0025956226 0.0071603444 0.0055454889 0.0108585123 0.0136269108 0.0073501851 0.0051411706 0.0068865014 0.0071389499 0.00931449 0.0076591162 0.0043230385 0.0131519902 0.0070776976 0.0095446816 0.0052443795 0.0077725468 0.0080132609 0.0091036044 0.0063902571 0.004364044 0.0081520288 0.0088324406 0.0111788243 0.0059802908 0.0098052208 0.0094203204 0.0058068116 0.0041378833 0.0103356274 0.0092469039 0.0038665318 0.0124697121 0.0045549229 0.0079312556 0.0031475634 0.0071177423 0.0070906197 0.0107589291 0.0065394956 0.0090524138 0.0035515936 0.0041686713 0.013349224 0.0118369468 0.0099474538 0.0128977961 0.0106768242 0.0006070304 0.0018260444 0.0085565821 0.0063228539 0.0067543436 0.0070772143 0.0087784253 0.0074618595 0.0132838506 0.0075657505 0.0068504063 0.0088407662 0.0084473811 0.0085212149 0.0042848674 0.0061388749 0.0054504366 0.0094154436 0.0095786387 0.0075909263 0.002903494 0.0095102788 0.0071801677 0.0146791621 0.004431182 0.0099959952 0.007950618 0.0059011777 0.0036133012 0.015793826 0.0021408767 
8 0.0073938032 0.0081853263 0.0049664249 0.0079892387 0.0153693377 0.0064385591 0.0023455789 0.011166145 0.0122427008 0.0082113334 0.0041710853 0.0107632755 0.0133829786 0.0078496922 0.0 0.0061353972 0.0053454316 0.0062841127 0.0083336633 0.004490055 0.0057396028 0.0041665698 0.0062072176 0.0059308284 0.0042260113 0.0048072339 0.008494678 0.0077244544 0.0112945079 0.0095493283 0.0024866434 0.003714113 0.0038434304 0.0052093814 0.0050377149 0.0095938525 0.0040907632 0.0092782791 0.006943581 0.008060507 0.0057579644 0.0106708847 0.0099724355 0.0121458152 0.0131404334 0.0079250924 0.0126864822 0.0075653122 0.0102094815 0.0110804563 0.0042938962 0.0063371187 0.0054664508 0.0092686025 0.0105855597 0.0094415811 0.0072357972 0.0069794761 0.010170529 0.0074877282 0.0066692073 0.0068427429 0.0085386176 0.0074036152 0.0077246828 0.0086978137 0.0085359625 0.013790812 0.0081168881 0.0031428005 0.009468461 0.007919697 0.0037112008 0.0101034264 0.0064597618 0.0090509328 0.0085193387 0.0079703458 0.0118730894 0.0056643924 0.0103749525 0.0072651682 0.0045946776 0.0077720254 0.0064362759 0.0088018169 0.004726074 0.0085556919 0.0056861587 0.010035389 0.0068881415 0.0101329055 0.0177665119 0.0080915368 0.0054172427 0.0082577749 0.0069308446 0.00540762 0.0108785437 0.0061502654 0.0088570071 0.0059478204 0.0082766024 0.011583633 0.0115845547 0.0068879245 0.0108949824 0.0101944922 0.01276551 0.0116828151 0.004080208 0.0071079872 0.0103227756 0.0096091211 0.0058097575 0.0036443555 0.0078260564 0.0069325811 0.004881684 0.0072712627 0.0101853262 0.002746696 0.0075436457 0.0111025744 0.0044092113 0.0027654008 0.0101943221 0.0086343519 
9 0.0089475728 0.0138222442 0.0057626385 0.0067745259 0.009667472 0.0100485686 0.0071802 0.0122427008 0.0068379933 0.0081764939 0.0134631804 0.0058108319 0.0151465979 0.0045507912 0.0079163682 0.0120174771 0.0053404557 0.0071918926 0.0094495517 0.0059572914 0.0097513732 0.004417131 0.0086139512 0.0051511122 0.0079218836 0.0059539521 0.0063317372 0.0208189614 0.0050939164 0.0073636165 0.0064847513 0.0040791867 0.0060908771 0.0033163193 0.0097399049 0.0116421153 0.0052362826 0.0081768051 0.0066369239 0.0056271016 0.0084755855 0.0065107593 0.007542772 0.0032570953 0.0069149483 0.0066842649 0.0077927115 0.0087637998 0.0049623094 0.0065599666 0.0076462284 0.0135539797 0.0068646081 0.0090412105 0.0117905881 0.0051899113 0.0090922309 0.0080080483 0.0088528532 0.0041453856 0.0053924777 0.0085674097 0.0122421991 0.0044282652 0.0120633097 0.0076377291 0.007406781 0.0037396973 0.0068485415 0.0050068777 0.0098075239 0.0092276328 0.0051470324 0.0082655024 0.0040178124 0.011191583 0.007091287 0.0098421646 0.0099424706 0.0068119371 0.0054380858 0.0060794203 0.0046401938 0.0112093905 0.0048555313 0.0106664133 0.0054250323 0.006500541 0.0102445583 0.0079253384 0.0105640266 0.0135867008 0.0057347839 0.0099154825 0.0064416263 0.0122514717 0.0061721066 0.0104747633 0.004624663 0.0063900115 0.0030511252 0.0068323359 0.0064074141 0.0033099124 0.0052511548 0.0078183332 0.0081871505 0.0056833961 0.0134312091 0.0090915777 0.0110178611 0.0118194443 0.005418132 0.0055124209 0.0120365287 0.0046305622 0.0086080254 0.0103846728 0.0136886606 0.0055833117 0.0037026248 0.0053916153 0.0085555773 0.005252776 0.0041951989 0.0088860518 0.0103376121 0.0056949326 
10 0.0058537236 0.0033979116 0.009975622 0.006325817 0.0045789634 0.0078943351 0.0028975748 0.0082113334 0.0081764939 0.0112411131 0.0100988024 0.0102181098 0.0084942394 0.0111451586 0.0115237782 0.0078827217 0.0045675595 0.0083606314 0.0036019357 0.0141702917 0.0144187321 0.0052871414 0.0148671666 0.0087424767 0.0076155093 0.0157848643 0.0108444752 0.0108371682 0.0061244351 0.0071182821 0.0069166388 0.0097946282 0.013307512 0.0049862059 0.0092609647 0.0072496053 0.0105062735 0.0087050659 0.0035491411 0.0014890581 0.0051677585 0.0095941697 0.0128702753 0.0052402389 0.0012377747 0.0096403658 0.0068553195 0.0076470046 0.0071943509 0.0087185708 0.002899469 0.0131041954 0.0051041322 0.0064765313 0.0082952119 0.0081470607 0.0169272225 0.0101568826 0.0141764587 0.0059318928 0.0079894166 0.0044832094 0.0034386034 0.00857031 0.0074711048 0.0062828143 0.0035983916 0.0057577073 0.0089948501 0.0064321711 0.0099009446 0.007829647 0.0051884942 0.0113775235 0.0106191706 0.0037004172 0.0098482421 0.0066543132 0.0154889728 0.0066455001 0.0066829245 0.004127663 0.0049988858 0.0055760966 0.0088958978 0.0058398922 0.0070358901 0.0049936617 0.0074664358 0.0070130074 0.0043740197 0.0077501418 0.0069050891 0.0072294772 0.0051563621 0.0075133832 0.0093274915 0.0054856787 0.0070263264 0.0075958363 0.0069148021 0.0064304543 0.0112370941 0.0051895595 0.0077739811 0.0150672086 0.0068863219 0.0041913064 0.0106045744 0.0071457064 0.015596504 0.0063076272 0.0097977774 0.0057338644 0.0077683736 0.0050728635 0.0059305085 0.0048112829 0.0103013408 0.0044935729 0.0061890766 0.0042537465 0.0049784782 0.0067087976 0.0135018926 0.013015984 0.0050648569 0.0063601325 
11 0.010389651 0.0057016142 0.0062114446 0.0054692286 0.0094970317 0.0095285544 0.0067965018 0.0041710853 0.0134631804 0.0100988024 0.013149238 0.0049519428 0.0052923187 0.0048774149 0.0097969553 0.0068673486 0.0091132452 0.0117692523 0.0040007572 0.0105513774 0.0074106844 0.0034318605 0.014677437 0.0107991739 0.0060084252 0.0072207913 0.0052615507 0.007358233 0.0038615972 0.0059262129 0.0030186004 0.0044359309 0.0094257894 0.0060924704 0.0035260977 0.0148035726 0.0061310229 0.0076164192 0.0045061299 0.0068794082 0.0069676849 0.0068770039 0.0082917071 0.0040409704 0.0055787133 0.0116805789 0.0135778749 0.0069647109 0.0046075083 0.0126365392 0.007193341 0.0077402823 0.0113610788 0.0129525088 0.0156751145 0.0088964179 0.0046424363 0.0036427164 0.008853948 0.0056774154 0.0107357889 0.0061727623 0.0083948503 0.0118727041 0.005007077 0.0067440905 0.00786635 0.0055577375 0.0064048849 0.0130019144 0.0071405341 0.0080624988 0.0071923243 0.0096935429 0.0062315318 0.0084316902 0.0019789826 0.0108897374 0.0059810616 0.0045600887 0.0104666747 0.0076557652 0.0065976568 0.0091655078 0.0073602078 0.0077800079 0.0061100294 0.0106750845 0.0117456368 0.0104340773 0.0067913562 0.0116790479 0.0100019928 0.013108427 0.0060341117 0.0043442141 0.0087488532 0.0069758138 0.0066238945 0.0101810412 0.011401218 0.0098107125 0.0034265259 0.0069903737 0.0087790764 0.0078448316 0.0084419733 0.0087182894 0.0025144353 0.0102352818 0.0059813423 0.0037777687 0.0051211647 0.0110029676 0.0041851975 0.0108429131 0.0065874798 0.0095435486 0.0058039748 0.0052473464 0.0060719724 0.0083771148 0.0029817814 0.0127360989 0.0135665063 0.0044203409 0.00569575 0.0075475572 
12 0.0071429173 0.0065624979 0.0042484525 0.0024457377 0.0099204767 0.0044557118 0.0014235344 0.0107632755 0.0058108319 0.0102181098 0.0049519428 0.0099383241 0.0056607519 0.0080281705 0.0098461407 0.0078194548 0.0077279053 0.0081397875 0.0095693858 0.0108875359 0.0049147266 0.0125564033 0.011319894 0.0074444227 0.0059328294 0.0095408523 0.0074303681 0.0057903761 0.0127121603 0.0077325699 0.007909119 0.0073220015 0.0107873041 0.0105174104 0.0075327599 0.0111582751 0.0089666961 0.0069229293 0.0080000467 0.0077260041 0.0061790969 0.0049887812 0.0088105476 0.0078713942 0.007729466 0.0063288488 0.0115236965 0.0048120484 0.0090529698 0.005303025 0.0125439581 0.0046207348 0.0054083999 0.0081920337 0.0079859819 0.0077673768 0.0069688208 0.0072582956 0.01117362 0.0070536681 0.0033242545 0.0072062464 0.0137548538 0.0046254962 0.0090666715 0.0072847043 0.0074750663 0.0072734475 0.007233487 0.0067399439 0.0068907201 0.0111859326 0.0059253548 0.0038590894 0.0064815676 0.0028357249 0.0133622719 0.004727873 0.0134594565 0.0083610774 0.0077211129 0.0060243249 0.0057701916 0.0058423559 0.0104020859 0.0104525129 0.011436851 0.005715579 0.0051972727 0.007940282 0.006816152 0.0032697418 0.0069123295 0.0105099799 0.0098507893 0.0103495595 0.0050100781 0.009201185 0.0094879779 0.0064246943 0.0066186687 0.0053243001 0.0083797021 0.0122062955 0.0131325455 0.0061900014 0.0108316761 0.0064721688 0.0026715245 0.013317547 0.0039983389 0.0089369483 0.0090437846 0.0055136075 0.0073182491 0.0040015106 0.0044091155 0.0082395564 0.0127459239 0.0079626215 0.008918157 0.0098644083 0.0119472603 0.0048222525 0.0064241497 0.009381505 0.0040967014 0.0124723261 
13 0.0076006578 0.0129924147 0.0078089675 0.0095700831 0.0096735778 0.0084419068 0.0095035246 0.0133829786 0.0151465979 0.0084942394 0.0052923187 0.0056607519 0.0110557294 0.0087522222 0.0108166452 0.0074792791 0.0028914209 0.0072655696 0.0067155922 0.0061579442 0.0085431179 0.0090039938 0.0039992169 0.0037537855 0.0073353097 0.0025648424 0.0086922276 0.011591715 0.0065758974 0.0061345895 0.0092675361 0.003812062 0.0097724517 0.0074905558 0.0020035804 0.0137198845 0.0140432141 0.0087251993 0.0109328762 0.0058791683 0.0126992058 0.0057421381 0.0047705891 0.0098527874 0.0074007064 0.0082136252 0.0107953298 0.004496286 0.0074881203 0.0046916604 0.008422947 0.005084262 0.0087830755 0.0097911756 0.0101546754 0.0130272923 0.0050219929 0.0095651152 0.0037960557 0.0069792969 0.010944737 0.0061878224 0.0110036463 0.0032990048 0.017182464 0.0025469007 0.0084490883 0.0053588093 0.005384603 0.008316714 0.009707883 0.0035060725 0.0087741324 0.0074842934 0.0123492511 0.0072396269 0.0059104507 0.0046571944 0.0072308301 0.0117590529 0.0039513409 0.0077731314 0.0105215146 0.0073733954 0.0056286498 0.0085912748 0.0045741323 0.0049850175 0.0077333768 0.0020350034 0.0074057059 0.0059178089 0.0107122991 0.0098306721 0.0087755462 0.0078682961 0.0082605311 0.0045237607 0.0037109881 0.0098450705 0.0077230944 0.0117428441 0.0135269552 0.0032436836 0.0089494348 0.013107511 0.0059057296 0.0073072842 0.0094792313 0.0057069699 0.0081498131 0.006393684 0.0108557254 0.00870645 0.0076064652 0.0068160963 0.0082613656 0.0101980698 0.0038530176 0.0096357893 0.0037519296 0.0073086984 0.0036754248 0.0056473236 0.0092085814 0.004037555 0.0104460102 0.0061251867 
14 0.0055573411 0.0090391857 0.0066584425 0.010550155 0.0108899335 0.0107032041 0.0151058899 0.0078496922 0.0045507912 0.0111451586 0.0048774149 0.0080281705 0.0087522222 0.0118368685 0.0087545265 0.0110275145 0.0033887794 0.0070885467 0.013540721 0.008323811 0.0088088994 0.0069654073 0.0099057629 0.0056227848 0.0082869251 0.0058047057 0.0059664507 0.0039581402 0.0007175586 0.0040534454 0.0055292505 0.0073473288 0.0090332737 0.0016312108 0.0111011102 0.0056479951 0.0114680453 0.0033340093 0.0129088317 0.0048561717 0.0066344387 0.0049633022 0.0122161546 0.0074610114 0.0023908361 0.0087963533 0.005966914 0.0114404471 0.013782368 0.0064818254 0.0060354709 0.006568954 0.0101919132 0.0039325697 0.0056111785 0.0081237538 0.0093508158 0.0089501879 0.0092016619 0.0070547074 0.0072898663 0.0078909726 0.0053609203 0.0091904295 0.0063512083 0.0061860561 0.0148161242 0.0102843428 0.0116817718 0.0049045576 0.0096261888 0.0051960376 0.007275915 0.0081057427 0.0048685884 0.0074908213 0.0100512749 0.0085551128 0.0073967473 0.0073260874 0.0066948711 0.0041095837 0.0073586981 0.0076624402 0.0041262258 0.0083536271 0.0105960063 0.0067450404 0.0105019713 0.0032124723 0.0131107921 0.0068877852 0.0106557684 0.0086718018 0.0100434816 0.0071625155 0.0046001782 0.0102201709 0.005467348 0.0034940321 0.0083443804 0.0076232151 0.0053949454 0.0083949892 0.0110874381 0.0058573855 0.0096555901 0.0039584025 0.0078372762 0.0142680924 0.0021519029 0.0058760183 0.0071671481 0.0061728148 0.0104091153 0.0127463888 0.0084489967 0.0087722634 0.0052263291 0.0078308509 0.0096071138 0.0095060707 0.0042049872 0.0101205884 0.0093033431 0.0102484989 0.0095428209 0.0049489177 
15 0.0096343437 0.0101891494 0.0076655047 0.0065076002 0.0042911284 0.0105540541 0.0100976727 0.0 0.0079163682 0.0115237782 0.0097969553 0.0098461407 0.0108166452 0.0087545265 0.0104825326 0.0084297291 0.0120160564 0.0061264823 0.0060032492 0.0060456846 0.0052268358 0.0048360571 0.0073303194 0.0123544163 0.0109075541 0.0088865053 0.0114037981 0.0087070781 0.0074919443 0.0063480811 0.0090958855 0.0057172494 0.0080532084 0.0079950147 0.0084891205 0.0101805968 0.0045928405 0.0095194958 0.0070269726 0.0130719002 0.0055010112 0.0060631664 0.0150018595 0.0049683485 0.0048305388 0.0111271472 0.0059194675 0.0058661214 0.005780535 0.0105652499 0.0100850445 0.0068875984 0.0089279605 0.0062677309 0.0140382968 0.0057369569 0.0019396918 0.0078374603 0.0021456461 0.0133506985 0.0078364064 0.0094196477 0.0099317701 0.0094422092 0.0071916923 0.0072735757 0.009611726 0.0173584006 0.0051347759 0.0063315874 0.0072429555 0.008735179 0.0129908851 0.0029548355 0.0080334763 0.0071513972 0.0057603251 0.0047535317 0.0053872089 0.0080944705 0.0053046373 0.0109753688 0.0069942071 0.0094922726 0.0049225996 0.0018058042 0.0088364819 0.0071954601 0.0053581097 0.008158073 0.0028829734 0.0069458287 0.009242946 0.0108919768 0.0049209074 0.0070513851 0.0039520924 0.0039358619 0.0069112241 0.0137619842 0.0078237418 0.0056760735 0.0057055934 0.0074848398 0.0105156168 0.0064418424 0.0087616535 0.0028455104 0.0058762932 0.0099894075 0.0084126675 0.0060527283 0.0084371838 0.0029452391 0.0070735313 0.0113916224 0.0058423266 0.0070603382 0.0066705938 0.0072299619 0.0146984641 0.0109871212 0.0079352804 0.0029787064 0.0060564615 0.0120625729 0.0087057022 0.0073896704 
16 0.0045190582 0.0055507413 0.0038866563 0.01137026 0.0083337953 0.0090933785 0.0070750222 0.0061353972 0.0120174771 0.0078827217 0.0068673486 0.0078194548 0.0074792791 0.0110275145 0.0084297291 0.004314909 0.0067266241 0.00349334 0.0062892632 0.0077944902 0.0061917115 0.0049178019 0.0101049341 0.0080867006 0.0058996645 0.0144431848 0.0065388018 0.007537471 0.0061291443 0.009451515 0.0072350165 0.0069510528 0.0100054279 0.0086502331 0.0055151677 0.0042315714 0.005879275 0.0037022833 0.0105357145 0.0039396891 0.0079491178 0.0063819778 0.0039311601 0.0101248073 0.0153166389 0.0069164143 0.0070228922 0.0137650683 0.0053612388 0.0051390475 0.0071808691 0.0100386149 0.0113522707 0.0048266994 0.0124988661 0.0076773571 0.0052311445 0.0100423784 0.0106867451 0.0075536264 0.010175219 0.005524403 0.0045147512 0.004204805 0.0031932001 0.0102974798 0.0094037352 0.0107174763 0.0124118624 0.0067127658 0.0040965675 0.0083279853 0.00175123 0.0070344082 0.0052497371 0.0067407005 0.007747024 0.0088290145 0.0077793019 0.0099601176 0.0126671188 0.0090089159 0.0029026369 0.0065906509 0.0041501137 0.004708017 0.0124263026 0.0075405727 0.0131556358 0.0089346948 0.0072914287 0.0075460345 0.009334525 0.0070573411 0.0068437757 0.0108433609 0.0074671391 0.0103920962 0.0064763616 0.0104709618 0.0088411355 0.0112051709 0.0064072713 0.0126236529 0.0054934783 0.0081290488 0.0105750841 0.0047760923 0.0026244183 0.0092731203 0.0017676525 0.0076553027 0.003164362 0.0135778574 0.0054727335 0.0065802378 0.0121136809 0.0118845059 0.012201246 0.0124416584 0.0086338571 0.0054459943 0.0072621543 0.005869337 0.0093622971 0.0096918334 0.0108694558 0.0045281378 
17 0.0044183269 0.0038835418 0.0116301409 0.0086435572 0.0030331845 0.0067673 0.009128172 0.0053454316 0.0053404557 0.0045675595 0.0091132452 0.0077279053 0.0028914209 0.0033887794 0.0120160564 0.0067266241 0.0087265582 0.0113075548 0.0027981534 0.0084994549 0.0152313898 0.0113880388 0.0044483284 0.0076390455 0.0091108063 0.009040491 0.0059180649 0.0107322245 0.0061194984 0.0071506477 0.0102375816 0.0089699088 0.0084995935 0.0084012023 0.0030243296 0.0092043431 0.0102995331 0.0044250131 0.005730908 0.0093751153 0.0044746272 0.0099950603 0.0087647781 0.0085072643 0.0100244172 0.0111716412 0.0090819306 0.0068814738 0.0068655605 0.0034229188 0.009980626 0.0069225259 0.0042374341 0.0083591303 0.0031697662 0.0045318074 0.0064901792 0.0049819049 0.0029837242 0.0105084912 0.008652531 0.0106863575 0.0087095863 0.0054582712 0.0066288583 0.0057749728 0.0051118942 0.0063402372 0.007239344 0.0063456474 0.010148123 0.0035998749 0.0047088426 0.0087060899 0.0070345901 0.0096108203 0.0058169958 0.0089075554 0.0095667362 0.0072369363 0.0041512338 0.0107589273 0.0084469721 0.0092337925 0.0100288862 0.0059919212 0.0048769045 0.0059843112 0.0104239644 0.0085399621 0.0124410526 0.0078911798 0.0086587823 0.008658425 0.0102061977 0.0091076005 0.0106493635 0.0072856295 0.0066732723 0.0029144425 0.0051521078 0.0122500331 0.0059592327 0.0054268133 0.0053744983 0.0109102607 0.0112074963 0.007680522 0.011349449 0.0095283548 0.0046739189 0.0074313012 0.0099132411 0.0126850503 0.0043509738 0.0103529666 0.0144478294 0.0100306316 0.0110626999 0.0157383799 0.0042400136 0.0056811746 0.0088252387 0.0087129868 0.0091764315 0.007473366 0.0104799123 0.0084232825 
18 0.0084412032 0.0064420911 0.002191281 0.0081405016 0.0042328704 0.0061959926 0.010598036 0.0062841127 0.0071918926 0.0083606314 0.0117692523 0.0081397875 0.0072655696 0.0070885467 0.0061264823 0.00349334 0.0113075548 0.0071547724 0.0137478838 0.0055746569 0.0126468554 0.0127044949 0.0028160115 0.007163205 0.0102554215 0.0076950021 0.0065836893 0.0069026908 0.0052571238 0.0024388904 0.0060408777 0.0113539051 0.0061833284 0.0104797079 0.0093819029 0.0087909731 0.0108471214 0.0064262403 0.0125364455 0.011163653 0.0144514909 0.0060361357 0.0061956719 0.0063865816 0.0066475854 0.009489432 0.0057621678 0.0093086946 0.0067806612 0.0074193082 0.0068336905 0.0091104859 0.0059968249 0.0093258426 0.0057140422 0.0090610483 0.009412489 0.0075225262 0.0093211411 0.0117689757 0.0056867275 0.0097311409 0.0091731502 0.0087497205 0.0094810177 0.0087421688 0.0060047351 0.0052163903 0.0065498901 0.0070204692 0.0049487322 0.0103672724 0.0073607397 0.0060981274 0.0059931155 0.009782855 0.0073700902 0.0056031393 0.0080858436 0.0069554937 0.0133944276 0.0062111323 0.00693372 0.0049848284 0.009482557 0.0061881357 0.0075452656 0.0084052611 0.0033581724 0.0086022993 0.0056212912 0.0131716128 0.0084491301 0.0066067201 0.0062475451 0.0115468347 0.0070091179 0.0040632312 0.0050047515 0.0061943093 0.0039833155 0.0108177874 0.0042223627 0.013684709 0.0073889265 0.0092743893 0.00326501 0.0086645357 0.0077073934 0.0076599646 0.0045564661 0.0056156721 0.0076385568 0.0094292919 0.012125314 0.0054055285 0.009713959 0.0036522522 0.0138265335 0.0086449919 0.0114064565 0.0080691957 0.0065561774 0.0091190423 0.0066100711 0.0060142086 0.0108719629 0.0061759688 
19 0.0102676596 0.0088358642 0.0149665409 0.0063570984 0.0063880714 0.0090179581 0.0100916596 0.0083336633 0.0094495517 0.0036019357 0.0040007572 0.0095693858 0.0067155922 0.013540721 0.0060032492 0.0062892632 0.0027981534 0.0137478838 0.0138775297 0.0056303822 0.0049686821 0.0092926662 0.0021937058 0.0115836088 0.0131384857 0.0084794047 0.0071837892 0.0077147861 0.0106084269 0.007770869 0.0056237397 0.0052796625 0.0020038882 0.0073583462 0.005746136 0.0072909446 0.010200404 0.0056809356 0.0037748885 0.0076892648 0.0140620793 0.0057943874 0.0069370701 0.0030274881 0.0034805333 0.005616847 0.0094927539 0.0083370808 0.0105717691 0.0079648696 0.0059578445 0.0109131144 0.0068305788 0.0061325683 0.0079516251 0.0083765402 0.0079453453 0.0077283578 0.0061925272 0.0072363202 0.0099836387 0.0044407561 0.0086930626 0.0116035732 0.0123592153 0.0081960436 0.009489492 0.0054330338 0.0077163022 0.0088613459 0.0046562532 0.0079628787 0.0093731146 0.0041438752 0.0124864673 0.0109038834 0.0113961615 0.0100295736 0.0085036728 0.0074145249 0.0103216532 0.0081069224 0.0054984685 0.0108024284 0.0089157173 0.0066843179 0.0028218076 0.0103018419 0.0061220428 0.0057025509 0.0041778345 0.0067804214 0.0094817373 0.0057642113 0.0069644623 0.0100607796 0.0121257558 0.0043956636 0.0107399822 0.0077051595 0.0109157569 0.0108742545 0.0139943131 0.0080023013 0.0051153886 0.0039444965 0.0074115808 0.0076764958 0.0069362936 0.007022534 0.0052882942 0.0094949459 0.0068431728 0.0071278196 0.0087982983 0.006241962 0.0085215745 0.0083289965 0.0089323657 0.0055179833 0.0077936518 0.0026095062 0.0040812599 0.0067554381 0.0094441846 0.0043161999 0.0055103001 0.0117647495 
20 0.0095109829 0.008160271 0.0100174743 0.0057636083 0.0062111776 0.0092139066 0.0075107304 0.004490055 0.0059572914 0.0141702917 0.0105513774 0.0108875359 0.0061579442 0.008323811 0.0060456846 0.0077944902 0.0084994549 0.0055746569 0.0056303822 0.0036314884 0.001984385 0.0032841198 0.0099271536 0.0064609743 0.0105859094 0.0079768449 0.0186625992 0.0099466985 0.003287591 0.0033863682 0.0079958754 0.0109453357 0.0080902271 0.0013717399 0.0085167265 0.0062460442 0.0060644175 0.0057800641 0.0027717981 0.0073608494 0.0102005377 0.0089204275 0.0072680076 0.0134557757 0.0066708917 0.0117789279 0.0075671213 0.0029960544 0.010453657 0.0111414995 0.0126242108 0.0084942816 0.0082307947 0.0088848092 0.0078222938 0.0090645848 0.0050490661 0.0028232054 0.0072272085 0.0090864714 0.0038539872 0.0081394616 0.0079670902 0.012329498 0.0089621104 0.0070579974 0.0087149855 0.0099031221 0.0036731586 0.0102074995 0.0039368962 0.010554534 0.0133148012 0.0072490258 0.0045326063 0.0075630874 0.0066736121 0.0075718256 0.0094540284 0.0085258875 0.0079928607 0.0089826375 0.0132389973 0.008107445 0.0157399659 0.004539437 0.0063426426 0.0044241324 0.0056045061 0.0055710664 0.0077215443 0.0054904055 0.0033412234 0.007687158 0.003111198 0.0110087464 0.0059085688 0.0082740346 0.0065094152 0.0094816503 0.0053151777 0.0089532253 0.0047569022 0.0135722479 0.0099664829 0.0084239992 0.001600702 0.007600619 0.0129482073 0.0043464477 0.0106898945 0.0083706156 0.0078042934 0.0074651325 0.0119858455 0.0081765872 0.007889118 0.0117772013 0.0105009743 0.0048675117 0.0064764145 0.0059259496 0.0111772838 0.0090040659 0.0081794817 0.0085608962 0.005329042 0.0045646673 
21 0.0069853436 0.0089645508 0.0093601659 0.0087416378 0.0066242832 0.0133724856 0.010185852 0.0057396028 0.0097513732 0.0144187321 0.0074106844 0.0049147266 0.0085431179 0.0088088994 0.0052268358 0.0061917115 0.0152313898 0.0126468554 0.0049686821 0.001984385 0.0038188123 0.0053479734 0.0033150708 0.0096588006 0.0022254543 0.0058574141 0.0044438077 0.0065364575 0.0064231484 0.0078187656 0.0138178227 0.0086735655 0.0049170184 0.0047533898 0.0057440039 0.0100636775 0.0056885348 0.0050380043 0.0070704058 0.0082011699 0.0055367765 0.0060429872 0.009795274 0.0099609793 0.0046396852 0.0133607489 0.0116634728 0.0104746491 0.0139470472 0.0081831357 0.0097222687 0.0138523663 0.007022115 0.0126990943 0.0053348556 0.0061556539 0.0018212578 0.0094749538 0.0099297655 0.0081194585 0.0080733766 0.0083814876 0.0089192438 0.0079897737 0.0095005736 0.006436529 0.0172443862 0.0064987303 0.0043723209 0.0057778621 0.0100395972 0.0041323588 0.0045292327 0.0085118945 0.0117162014 0.0049412146 0.0076892118 0.0090422155 0.0114242791 0.0048865296 0.0117011451 0.0024286666 0.0074740075 0.0067813012 0.0055390599 0.0096974733 0.0088192172 0.0178312481 0.0056195417 0.0106676478 0.0120570139 0.0037189612 0.0038778697 0.0052863547 0.0150353671 0.0031398585 0.0079314754 0.007548519 0.0081526916 0.00457942 0.0105738777 0.009187526 0.0059178081 0.0049109614 0.0030859043 0.0059332056 0.0066598982 0.0100878192 0.0042170249 0.005759541 0.0071050574 0.0082558627 0.007266783 0.0096363518 0.0106121549 0.0065960279 0.006854931 0.0086162046 0.0055078743 0.0062524102 0.0124478825 0.0085104084 0.0067523162 0.004710648 0.0067323894 0.0052393619 0.0084984679 0.0088562853 
22 0.0039306864 0.0119957155 0.0089095527 0.0075246568 0.0056604431 0.0056190711 0.0106266818 0.0041665698 0.004417131 0.0052871414 0.0034318605 0.0125564033 0.0090039938 0.0069654073 0.0048360571 0.0049178019 0.0113880388 0.0127044949 0.0092926662 0.0032841198 0.0053479734 0.0085400876 0.0059724022 0.0056817338 0.0060531377 0.0101981323 0.0040236378 0.0076114674 0.0085469352 0.0058331288 0.013468046 0.0076557647 0.0081959789 0.0063496801 0.0090545002 0.0088588883 0.0100787357 0.0091311228 0.0094464786 0.0055825595 0.0117228268 0.0049734337 0.0032206256 0.0040619134 0.0057182518 0.0106921336 0.0062499031 0.0070152579 0.0051999308 0.0082012537 0.0092256411 0.0094998037 0.0067245105 0.0113479362 0.0086735456 0.0064054804 0.0060315721 0.0110075589 0.0108045899 0.0121608925 0.0070488202 0.0056318034 0.0085704452 0.0097245825 0.004713657 0.0119330469 0.0072802399 0.0085059296 0.0072451806 0.0073572788 0.0103590998 0.0061322324 0.0105356725 0.0057383653 0.0042100156 0.0076563567 0.0028067435 0.0067911843 0.0063313129 0.0106651199 0.0030642856 0.0116714946 0.0132847231 0.007325051 0.0097434448 0.0126073242 0.0088467901 0.0093131374 0.0049400368 0.0071647659 0.0062272288 0.0096182713 0.0115862778 0.0070496797 0.0079612646 0.0052654883 0.0047247688 0.0080053034 0.0074772784 0.0044241191 0.0059234599 0.0091869799 0.0058786009 0.0110799903 0.0118285306 0.0070892934 0.0078991085 0.008768021 0.0104216671 0.0079801124 0.0045078359 0.0066070769 0.0057834039 0.0064279287 0.0096314352 0.0074867617 0.0103322489 0.0055145298 0.0114482809 0.008089409 0.0112709824 0.0116406173 0.0083705806 0.0073224857 0.0112772006 0.0037116717 0.0102400918 0.0036579289 
23 0.0025428252 0.0059439037 0.0092133559 0.0084425578 0.0063135404 0.007175314 0.0084294269 0.0062072176 0.0086139512 0.0148671666 0.014677437 0.011319894 0.0039992169 0.0099057629 0.0073303194 0.0101049341 0.0044483284 0.0028160115 0.0021937058 0.0099271536 0.0033150708 0.0059724022 0.0195715012 0.0066931119 0.0070658658 0.0159742913 0.0030478587 0.0048086769 0.0104491083 0.0067727122 0.006388654 0.0079169538 0.0087162395 0.0047508455 0.0049874461 0.0104595082 0.0102276687 0.0058145472 0.0085531764 0.0080529122 0.0033407465 0.0125752568 0.004516181 0.0064178457 0.0011065176 0.0012356196 0.0077768983 0.008634652 0.0085529331 0.0097490931 0.0087060225 0.0051136668 0.0081105985 0.0056999013 0.004541762 0.0091426556 0.0079694435 0.0073345907 0.0035849524 0.0064122555 0.0055131846 0.0086121479 0.0023061871 0.0065766051 0.0048174454 0.0119268199 0.0076176554 0.0072567427 0.0136641511 0.0062261101 0.0069179553 0.008934557 0.0074843834 0.0104138692 0.0049154815 0.0093671071 0.0063241855 0.0104630209 0.0133882799 0.0059027211 0.0070091337 0.0083490048 0.0119720863 0.0074905442 0.0095656025 0.0048410186 0.0057855389 0.0086847708 0.0052722456 0.0107498769 0.0141735768 0.0113513762 0.0067867144 0.0064150993 0.0052915453 0.0070202147 0.0093561896 0.0103360108 0.0078172852 0.0093453033 0.0095882284 0.0073992533 0.0048134863 0.0089204693 0.0074393242 0.0140612961 0.0093697474 0.0118769525 0.010530182 0.0084880013 0.0081666765 0.0109740937 0.012429945 0.0034284463 0.0043647866 0.0054629786 0.0048747757 0.0084111774 0.0073450747 0.0125035368 0.0070744822 0.0120366813 0.0063859198 0.0035012836 0.0069915828 0.0046759599 0.0091332257 0.0089785183 
24 0.003730161 0.0086620465 0.0095364873 0.0096401558 0.0097226902 0.0113450769 0.0060928458 0.0059308284 0.0051511122 0.0087424767 0.0107991739 0.0074444227 0.0037537855 0.0056227848 0.0123544163 0.0080867006 0.0076390455 0.007163205 0.0115836088 0.0064609743 0.0096588006 0.0056817338 0.0066931119 0.0067437472 0.0099036845 0.0078448539 0.0103880919 0.0059604792 0.0088706009 0.0075333124 0.0061596513 0.0080746358 0.0054035908 0.008668801 0.0055200622 0.0061951101 0.0087785894 0.0056325759 0.005057201 0.0155019041 0.0085189319 0.0055891843 0.0011215375 0.0041542596 0.0079680124 0.0085961681 0.0109668712 0.0074826727 0.0040557862 0.0088542663 0.0068958229 0.0043054174 0.007488377 0.0104992826 0.011103033 0.0070055963 0.0103992231 0.0071508999 0.0120979249 0.0115810156 0.0078945601 0.0022340056 0.0151012129 0.0088222715 0.0059536916 0.0090388061 0.0092376105 0.0071160572 0.0040498438 0.0026291016 0.0079719367 0.0077825943 0.0040906841 0.0066642288 0.0086228031 0.0069609047 0.0068395166 0.0076205057 0.0073528928 0.0062394728 0.0070498608 0.0061114867 0.0115442906 0.0043414025 0.0082944234 0.010385156 0.0071129736 0.0087119687 0.0135096038 0.0095865126 0.0068535157 0.0056615804 0.0085269801 0.0108182002 0.0065177231 0.0047012334 0.006227701 0.0114304704 0.0049028928 0.0092582813 0.0055324521 0.0060550874 0.0093073152 0.0121582059 0.0068362711 0.0060125283 0.0112918632 0.0056203281 0.010565048 0.0050263576 0.0059824027 0.0131202629 0.007328083 0.0109365493 0.0086004545 0.0082174397 0.0082231569 0.0058625316 0.0053471869 0.0110676211 0.009440587 0.0017861834 0.0101793446 0.0107040918 0.0070098465 0.0070830965 0.0097560461 0.0076138824 
