60
1 0.0 0.0175008347 0.0195958717 0.016561756 0.00481422 0.0211123683 0.0217689185 0.0071945322 0.0121581273 0.0217461317 0.0119582533 0.0141859453 0.0146003168 0.0172449 0.0296897939 0.0201482568 0.0150106788 0.0007848976 0.0301056359 0.0267292892 0.011778862 0.0275282157 0.0164117864 0.0185602175 0.0152521449 0.0184745354 0.0044519084 0.0241016544 0.014353787 0.0219036987 0.0098875215 0.0159405538 0.0060474157 0.0157619017 0.0141174998 0.0173067169 0.0072663331 0.0122232175 0.0204438994 0.0110069135 0.0268028295 0.0259925455 0.0259536316 0.0080916392 0.0218123144 0.0074900189 0.0184470893 0.0246034828 0.0185342024 0.0117566839 0.016050591 0.0242904823 0.019572781 0.0105069397 0.008563369 0.0302023152 0.0158803907 0.0182078705 0.0229248911 0.0185864211
2 0.0175008347 0.0 0.0047579475 0.0151729194 0.0175213356 0.0183984254 0.0150170268 0.0160920358 0.0124738186 0.0230284516 0.0292842231 0.0208110868 0.02447783 0.012403943 0.0186838293 0.019442663 0.0152554636 0.0284358697 0.0085720025 0.0126606694 0.0029608445 0.0153321149 0.017263678 0.0114315698 0.0064968051 0.0284020117 0.006053652 0.0237050112 0.026042009 0.0196951474 0.0167795599 0.0251616503 0.0114713353 0.0069881194 0.0166905514 0.0006836645 0.0266947501 0.0172404285 0.0207344977 0.0087000613 0.0228862348 0.0274943673 0.0160149854 0.0338747468 0.017133401 0.0164351197 0.0147687802 0.0261209182 0.0200745531 0.0236212287 0.0161436382 0.0044767252 0.0281458203 0.0063513483 0.0193778064 0.0166997864 0.0081537729 0.0145166164 0.015904563 0.0132877498
3 0.0195958717 0.0047579475 0.0 0.0133284842 0.016070473 0.0214167815 0.0124931009 0.0175208578 0.0143663746 0.0082583833 0.0209769945 0.0191017753 0.0159863943 0.017696576 0.0054033934 0.0270738096 0.0217226407 0.0176843646 0.0248206749 0.0117323568 0.0171392524 0.0256625363 0.017546514 0.0161312293 0.0204479332 0.0071009356 0.0124388906 0.0214005308 0.0219210527 0.0240300682 0.0186038279 0.0256117137 0.0165858589 0.0044922601 0.0130210721 0.0175487513 0.0071621057 0.023147861 0.0089225208 0.0262838036 0.0186174318 0.0095631012 0.0224823307 0.006787804 0.0177143768 0.0210895635 0.0160472005 0.0160775148 0.0123937971 0.0176470577 0.0057935364 0.0119102502 0.0198764746 0.0240270425 0.0238624086 0.0253581068 0.0181419437 0.0187404231 0.0178352018 0.0208284615
4 0.016561756 0.0151729194 0.0133284842 0.0 0.0053425756 0.0258947748 0.0128554151 0.0188881873 0.0186405275 0.0148231225 0.0294370595 0.0265038957 0.0155297135 0.0192792179 0.0137972021 0.0186897719 0.0267102189 0.0187939742 0.0057676632 0.0044888471 0.0174249303 0.0265220776 0.0181791707 0.0032173259 0.0227314246 0.0182422153 0.0251078962 0.0111799873 0.0277642486 0.0108821507 0.0115568959 0.0127544549 0.0244071787 0.0083650022 0.0042789371 0.0167520769 0.0114354586 0.0178914994 0.0310604363 0.0222938864 0.0091496304 0.0131716096 0.0132435909 0.0181506808 0.0279708404 0.0143685584 0.0086217576 0.0095216853 0.0358269004 0.0213067396 0.0097708506 0.0210969196 0.0125717173 0.025540011 0.021350122 0.0055824104 0.025585299 0.0133404326 0.0105672432 0.0207104208
5 0.00481422 0.0175213356 0.016070473 0.0053425756 0.0 0.015538181 0.0178924788 0.0138254759 0.0125947794 0.0237961655 0.0069120744 0.0285458056 0.0228638513 0.0281542516 0.0114007446 0.002154902 0.0224845293 0.0159185412 0.0099883935 0.0237317288 0.0154659641 0.0177733464 0.0241364417 0.0224054679 0.0323645696 0.0084100603 0.025987821 0.0177051284 0.0158973678 0.0143026 0.0080445491 0.0169883818 0.0098746566 0.0282421815 0.0221797302 0.017140027 0.0182636183 0.0307557533 0.0142244456 0.0184248537 0.008801432 0.0198369938 0.0033257445 0.0093562921 0.0212732988 0.0189824811 0.0249034236 0.0155585499 0.0175488824 0.0185140438 0.0155061597 0.0154984688 0.0068260123 0.0169275462 0.0143143809 0.0210967886 0.0231611263 0.0205644977 0.0159456646 0.0139207412
6 0.0211123683 0.0183984254 0.0214167815 0.0258947748 0.015538181 0.0 0.0148548726 0.010781541 0.0270911495 0.0137128565 0.0147696408 0.0084387198 0.0145479021 0.0218985326 0.0219225352 0.0097446522 0.027705572 0.0146338606 0.0123845458 0.023064446 0.0189301526 0.0104079772 0.0170528519 0.017247413 0.0167185278 0.0107717602 0.0164252948 0.0227080529 0.021456435 0.0134435474 0.0148395286 0.0134459305 0.0162104454 0.0259902592 0.0179859155 0.0221292463 0.0136877117 0.0262539458 0.0088871044 0.0219248882 0.0178415528 0.0269309382 0.0102095625 0.0143966154 0.0146971377 0.0092371991 0.0157592588 0.0156872855 0.014551201 0.0122235672 0.0188613028 0.0156555923 0.0268650162 0.0110975347 0.00663875 0.0074620228 0.0200894781 0.024874377 0.0150640529 0.017429209
7 0.0217689185 0.0150170268 0.0124931009 0.0128554151 0.0178924788 0.0148548726 0.0 0.0202839211 0.0085595476 0.0122227019 0.0073366754 0.0149303021 0.0202471797 0.0147125292 0.0239304239 0.0221151867 0.015099726 0.0244712246 0.0129528366 0.0190183035 0.0257707554 0.0218294634 0.0079603192 0.0203903624 0.0142601045 0.0188055607 0.007884052 0.0314641199 0.0078320159 0.0124746149 0.0141193917 0.0051092305 0.0132135725 0.0217727658 0.0102922284 0.0199718127 0.0233258917 0.0279400217 0.0167081748 0.00597787 0.0258076686 0.0255299824 0.0209530034 0.0310114947 0.0080349506 0.0138597649 0.0041719521 0.0079273833 0.0240607434 0.0194163005 0.0153760055 0.0157623508 0.0213877768 0.0137335958 0.0224519188 0.0105971413 0.0182136439 0.0325607526 0.0135440906 0.0177347808
8 0.0071945322 0.0160920358 0.0175208578 0.0188881873 0.0138254759 0.010781541 0.0202839211 0.0 0.0267661541 0.0138366323 0.0145929475 0.0090311543 0.0205541553 0.0159670997 0.0145467729 0.0162161593 0.0206603543 0.0033982087 0.0246460358 0.0306403158 0.0233082476 0.0222555766 0.0176201944 0.0165773966 0.0183020132 0.0169365567 0.0111164722 0.0164953321 0.0054725967 0.0190469094 0.0272757124 0.0082157638 0.0317014169 0.0220868466 0.0134287196 0.03035954 0.0155141069 0.0178516063 0.0137851207 0.018408773 0.0280713017 0.0212653856 0.0162678225 0.0226432634 0.0163343735 0.0090863083 0.0079717688 0.0184541392 0.0136769016 0.0133775115 0.0142350903 0.0168953665 0.0066408328 0.0262237174 0.0132131958 0.0108583903 0.013445972 0.012332364 0.015266089 0.0225387627
9 0.0121581273 0.0124738186 0.0143663746 0.0186405275 0.0125947794 0.0270911495 0.0085595476 0.0267661541 0.0 0.0130672518 0.0195515502 0.0056608145 0.0060562148 0.0145973472 0.0195850022 0.0237744139 0.0167722387 0.023595986 0.0208062521 0.0253214199 0.0080946797 0.0197508599 0.0160571431 0.0040936607 0.013818668 0.0120665424 0.0153477157 0.0187456726 0.0188865661 0.0096287162 0.0078429895 0.0179346266 0.0251269264 0.0260860507 0.0123807629 0.0128293712 0.0152393474 0.0123210656 0.0206958051 0.0041148781 0.0132002011 0.0180183929 0.0218399435 0.0280113004 0.0130271952 0.012662646 0.016682552 0.0222898156 0.0249866012 0.0204664151 0.0216214492 0.0247969066 0.0113767909 0.0322080715 0.0269122352 0.0062085788 0.0192707652 0.0109863029 0.0253217545 0.0176110646
10 0.0217461317 0.0230284516 0.0082583833 0.0148231225 0.0237961655 0.0137128565 0.0122227019 0.0138366323 0.0130672518 0.0 0.0308821612 0.0225755185 0.0262851379 0.0297413622 0.0234437661 0.0205712503 0.0312721775 0.0177823589 0.0014460778 0.0116575794 0.0116219409 0.0072868065 0.0251438428 0.0174580423 0.0246213668 0.0210357718 0.0272980989 0.0201638191 0.0261820071 0.0131657157 0.0231649151 0.011739434 0.0181812775 0.0151910647 0.0133527353 0.0068606078 0.0105638981 0.0084674024 0.0200984334 0.0210128396 0.025290732 0.0104965528 0.0190246501 0.0185299642 0.0151799758 0.0263493849 0.0245258505 0.015284166 0.0100844471 0.00674747 0.0106110654 0.007592787 0.0211397987 0.0067072616 0.0112062246 0.0174963209 0.006906027 0.0045167041 0.018223385 0.021328126
11 0.0119582533 0.0292842231 0.0209769945 0.0294370595 0.0069120744 0.0147696408 0.0073366754 0.0145929475 0.0195515502 0.0308821612 0.0 0.0170446919 0.0134874939 0.0135985665 0.0150196382 0.0109445561 0.0256469654 0.0267841881 0.0158718772 0.0171526973 0.0270870752 0.0203648401 0.0123449994 0.0147569312 0.0080403512 0.0132177604 0.0176898087 0.0307799167 0.0340029175 0.0091081111 0.0096323924 0.0203906139 0.0308805236 0.0155339188 0.0192559833 0.0139006619 0.027048984 0.0197989066 0.0194013879 0.01225978 0.0183143493 0.017482885 0.0137278084 0.0084762605 0.0085987557 0.0100924721 0.0109585136 0.0191587944 0.0142365454 0.005005764 0.0223009708 0.0136908326 0.0200095396 0.0200780139 0.0021036707 0.0030774864 0.0293307522 0.0278282657 0.0049437746 0.0138364266
12 0.0141859453 0.0208110868 0.0191017753 0.0265038957 0.0285458056 0.0084387198 0.0149303021 0.0090311543 0.0056608145 0.0225755185 0.0170446919 0.0 0.0182899916 0.0093967493 0.0092619196 0.0190960225 0.0159469251 0.0313990429 0.0239351354 0.0180978533 0.0170967913 0.017968037 0.0138893719 0.0139622023 0.0081937707 0.0052826886 0.0065995619 0.0010786228 0.0100411722 0.0255455951 0.0219644406 0.0210001026 0.0119630031 0.0119774149 0.0295815618 0.0263080042 0.0162527058 0.0100072291 0.0230883417 0.0269124725 0.019520105 0.0114130784 0.015796621 0.0062211097 0.0219694462 0.0106701641 0.0194093934 0.002982497 0.0308198639 0.0086648531 0.023365235 0.0195047478 0.0253610284 0.0095609778 0.0273974415 0.0136070944 0.0225344507 0.0219516009 0.0202175523 0.0180662997
13 0.0146003168 0.02447783 0.0159863943 0.0155297135 0.0228638513 0.0145479021 0.0202471797 0.0205541553 0.0060562148 0.0262851379 0.0134874939 0.0182899916 0.0 0.0129125025 0.0107775422 0.0185205009 0.0048442726 0.0045519694 0.0120402881 0.0182588848 0.0095335786 0.0188037875 0.0157368632 0.0154437415 0.0065119115 0.0197051495 0.0100585786 0.0282987193 0.0295638239 0.0151311061 0.000959322 0.016821282 0.0017842014 0.0131660894 0.0290269257 0.0098810364 0.0272735136 0.004883569 0.0199452027 0.0223710724 0.0254908929 0.0195011251 0.0269546591 0.0201050926 0.0159912384 0.0284704204 0.0101913146 0.0188515698 0.0196990878 0.0226270363 0.0126800913 0.0163889311 0.0088436342 0.0163355627 0.0125688197 0.0342582639 0.024057065 0.0227407928 0.0132877813 0.0212250051
14 0.0172449 0.012403943 0.017696576 0.0192792179 0.0281542516 0.0218985326 0.0147125292 0.0159670997 0.0145973472 0.0297413622 0.0135985665 0.0093967493 0.0129125025 0.0 0.027259117 0.0169960809 0.0044513961 0.0254343743 0.0053786674 0.0201126376 0.0222293663 0.0228998477 0.0247866537 0.0192939573 0.0137862853 0.0171189478 0.0246323737 0.0283044758 0.0221636813 0.0177025804 0.0108774798 0.0272580341 0.0157947836 0.0045352268 0.0136871023 0.0043337866 0.0213507056 0.0241740649 0.0106659045 0.0158589755 0.0224173766 0.016036909 0.0063866026 0.0266961117 0.0187373726 0.0211003803 0.0156611216 0.0108699388 0.0230071002 0.0181863492 0.0133851821 0.0139531631 0.0205822694 0.0082052172 0.0215127787 0.0062055383 0.0051207726 0.0087206792 0.0201536373 0.0143714157
15 0.0296897939 0.0186838293 0.0054033934 0.0137972021 0.0114007446 0.0219225352 0.0239304239 0.0145467729 0.0195850022 0.0234437661 0.0150196382 0.0092619196 0.0107775422 0.027259117 0.0 0.0104312061 0.0257701745 0.0225059182 0.0201827736 0.0259087727 0.0293877102 0.0023694717 0.0025958175 0.0081078207 0.0230503461 0.0093857882 0.0193857115 0.0186300252 0.0073135186 0.0187257827 0.024651656 0.0167445055 0.0104562554 0.0178606897 0.032060127 0.0094928709 0.0120934767 0.0191875032 0.0260055038 0.0105008302 0.0124954061 0.0071393347 0.0100087946 0.023651481 0.0262652955 0.0233577854 0.0213301674 0.0137857999 0.0156857927 0.022230275 0.0123088306 0.0196522239 0.0145970003 0.0071281693 0.008344622 0.022360408 0.0079361245 0.0119107238 0.027858734 0.0244270947
16 0.0201482568 0.019442663 0.0270738096 0.0186897719 0.002154902 0.0097446522 0.0221151867 0.0162161593 0.0237744139 0.0205712503 0.0109445561 0.0190960225 0.0185205009 0.0169960809 0.0104312061 0.0 0.0213676319 0.014255609 0.0136268635 0.0134259848 0.0171921713 0.0186787621 0.0103803792 0.0329281511 0.0148636625 0.0090856063 0.0270307531 0.01590835 0.0160764823 0.0186455056 0.0247143757 0.0122327817 0.0270523975 0.0197101004 0.0180150456 0.0180140151 0.0213893781 0.0282825847 0.0177531027 0.0240648868 0.0151109139 0.00964214 0.0172979123 0.0123567899 0.0223350528 0.0043502426 0.0164530742 0.0173397881 0.0150067696 0.0055260922 0.0200440613 0.0136328228 0.0117326064 0.015285073 0.023183295 0.020786649 0.0223277141 0.0059359507 0.0104321965 0.0106068423
17 0.0150106788 0.0152554636 0.0217226407 0.0267102189 0.0224845293 0.027705572 0.015099726 0.0206603543 0.0167722387 0.0312721775 0.0256469654 0.0159469251 0.0048442726 0.0044513961 0.0257701745 0.0213676319 0.0 0.0163692398 0.0288301694 0.0167992231 0.0233566198 0.0157255134 0.019745065 0.0204522596 0.0125963646 0.0070895957 0.0232652596 0.0213004219 0.0304562373 0.0221484572 0.0186535501 0.023452684 0.0183466118 0.0204647766 0.0229928371 0.0264851559 0.0203514036 0.0068392037 0.0122154886 0.0119184952 0.0087879028 0.0136657353 0.0196759194 0.0096047554 0.0137505888 0.0092766607 0.0165025267 0.0130543463 0.0165509239 0.0164198943 0.0039325574 0.0177074919 0.009468502 0.023412179 0.0123528618 0.0045580771 0.0027953825 0.0134854317 0.0180454129 0.0063772518
18 0.0007848976 0.0284358697 0.0176843646 0.0187939742 0.0159185412 0.0146338606 0.0244712246 0.0033982087 0.023595986 0.0177823589 0.0267841881 0.0313990429 0.0045519694 0.0254343743 0.0225059182 0.014255609 0.0163692398 0.0 0.0172628353 0.0252854556 0.0210084482 0.0087568522 0.0115171197 0.0225950171 0.016258082 0.0284194945 0.0215744106 0.0108862418 0.0132860863 0.0101337481 0.017997812 0.0107096184 0.01577655 0.0293938292 0.0102087459 0.0226020536 0.0178819796 0.0165840334 0.0164353763 0.0127259153 0.01401901 0.0107203083 0.0191648361 0.0108254665 0.0230348412 0.0218836214 0.0234802816 0.0211110515 0.0134931067 0.0185007375 0.0191704105 0.015258763 0.0252217948 0.0158237501 0.0047594689 0.0200994658 0.001588366 0.010471449 0.0147380981 0.0125358406
19 0.0301056359 0.0085720025 0.0248206749 0.0057676632 0.0099883935 0.0123845458 0.0129528366 0.0246460358 0.0208062521 0.0014460778 0.0158718772 0.0239351354 0.0120402881 0.0053786674 0.0201827736 0.0136268635 0.0288301694 0.0172628353 0.0 0.0136019672 0.0252581268 0.0092379775 0.0272606045 0.0251184892 0.0224238353 0.0272477649 0.0108379296 0.0087537037 0.0129966823 0.0112795823 0.016165871 0.0201212173 0.0209036296 0.0102976602 0.0194056495 0.0120270117 0.0249116664 0.0294438729 0.0016474415 0.0124729696 0.0257507915 0.0036052355 0.0089363104 0.0176496592 0.0303299677 0.0257673223 0.0180149151 0.0251829052 0.0121568106 0.0131465283 0.0193126289 0.0176470558 0.0331688428 0.002100162 0.0204298791 0.0173349976 0.0123020603 0.0251392459 0.0028855803 0.0191067208
20 0.0267292892 0.0126606694 0.0117323568 0.0044888471 0.0237317288 0.023064446 0.0190183035 0.0306403158 0.0253214199 0.0116575794 0.0171526973 0.0180978533 0.0182588848 0.0201126376 0.0259087727 0.0134259848 0.0167992231 0.0252854556 0.0136019672 0.0 0.0119611306 0.0177288615 0.017424819 0.0133030567 0.0269629836 0.0102104036 0.0226531035 0.0107602398 0.0229628874 0.0180161338 0.0140971679 0.0135510335 0.0125225218 0.0090339319 0.0204118905 0.0171939783 0.0082641916 0.0270994691 0.0166307333 0.0148112565 0.0099909686 0.0269829917 0.0130866203 0.0024647217 0.0279625035 0.0091332624 0.0122922436 0.0167580114 0.0138517753 0.0116688285 0.0210081975 0.0207919897 0.015283546 0.0050173546 0.0069889975 0.0232300694 0.0154544512 0.0176879443 0.0181887445 0.0288685521
21 0.011778862 0.0029608445 0.0171392524 0.0174249303 0.0154659641 0.0189301526 0.0257707554 0.0233082476 0.0080946797 0.0116219409 0.0270870752 0.0170967913 0.0095335786 0.0222293663 0.0293877102 0.0171921713 0.0233566198 0.0210084482 0.0252581268 0.0119611306 0.0 0.016463405 0.0035751314 0.0234969175 0.0201650334 0.016469921 0.0159614693 0.0181915534 0.0120245152 0.0033173717 0.0310843437 0.021402337 0.0074259595 0.0155380089 0.0144399637 0.0106614373 0.0174228775 0.0199795138 0.0259063682 0.0212915877 0.0217406242 0.0272390703 0.0068859935 0.0066884563 0.0089427293 0.0230238539 0.0161670255 0.0118918717 0.0174714915 0.0039707465 0.0146511718 0.0265723618 0.0088387914 0.0085830249 0.0285498681 0.0304967465 0.0285455312 0.0030198778 0.0256700069 0.0096263939
22 0.0275282157 0.0153321149 0.0256625363 0.0265220776 0.0177733464 0.0104079772 0.0218294634 0.0222555766 0.0197508599 0.0072868065 0.0203648401 0.017968037 0.0188037875 0.0228998477 0.0023694717 0.0186787621 0.0157255134 0.0087568522 0.0092379775 0.0177288615 0.016463405 0.0 0.018338943 0.0221004696 0.0148270388 0.0235076769 0.0204850118 0.0239727933 0.0264207626 0.0193880902 0.0186009301 0.0083838489 0.010922646 0.0147973105 0.0097476647 0.0004161741 0.0073086613 0.0010831776 0.0165967107 0.0263993055 0.0142816286 0.015776487 0.0145128818 0.0281222173 0.0192955063 0.014354631 0.0283191893 0.0162991453 0.0224323823 0.0067763887 0.0245170158 0.0103224727 0.0166574519 0.0084342543 0.0146956296 0.0210772968 0.0176977383 0.0256325258 0.0155991296 0.0185524818
23 0.0164117864 0.017263678 0.017546514 0.0181791707 0.0241364417 0.0170528519 0.0079603192 0.0176201944 0.0160571431 0.0251438428 0.0123449994 0.0138893719 0.0157368632 0.0247866537 0.0025958175 0.0103803792 0.019745065 0.0115171197 0.0272606045 0.017424819 0.0035751314 0.018338943 0.0 0.0183011749 0.0181800143 0.0201440295 0.0030010701 0.0142078392 0.0215281503 0.0187680346 0.0269359936 0.0163673329 0.0191522154 0.0166669715 0.0111581176 0.023316909 0.0086005697 0.0247295639 0.0149563261 0.0126721569 0.0128724614 0.0214011333 0.013965174 0.0027356751 0.0297211366 0.0162166412 0.0170799935 0.0139461187 0.0218162607 0.0119419551 0.0202918432 0.0195041638 0.0217427647 0.0110261484 0.0054905325 0.0270763076 0.024470174 0.0191321563 0.0224405005 0.0234746801
24 0.0185602175 0.0114315698 0.0161312293 0.0032173259 0.0224054679 0.017247413 0.0203903624 0.0165773966 0.0040936607 0.0174580423 0.0147569312 0.0139622023 0.0154437415 0.0192939573 0.0081078207 0.0329281511 0.0204522596 0.0225950171 0.0251184892 0.0133030567 0.0234969175 0.0221004696 0.0183011749 0.0 0.0114046314 0.018486008 0.0097647745 0.0185903004 0.0130787503 0.0135144837 0.0037109779 0.0175690867 0.0081600181 0.0122205393 0.0257064138 0.003821378 0.017981218 0.0123967482 0.0195072207 0.0210470991 0.0053887043 0.0245327982 0.0316131984 0.031752119 0.018213689 0.0112874234 0.0142611605 0.0280435809 0.0090609363 0.0199828146 0.009429112 0.0172312018 0.0120155237 0.030241059 0.0166864744 0.0253748359 0.0079274021 0.024380057 0.0244126063 0.0138327807
25 0.0152521449 0.0064968051 0.0204479332 0.0227314246 0.0323645696 0.0167185278 0.0142601045 0.0183020132 0.013818668 0.0246213668 0.0080403512 0.0081937707 0.0065119115 0.0137862853 0.0230503461 0.0148636625 0.0125963646 0.016258082 0.0224238353 0.0269629836 0.0201650334 0.0148270388 0.0181800143 0.0114046314 0.0 0.0076158712 0.0241179626 0.0137570704 0.002395532 0.0206392951 0.0290865641 0.0070269899 0.0116056303 0.0187462139 0.0295756062 0.0231020983 0.025810103 0.0115294438 0.0162895139 0.0255312189 0.0179405394 0.0114266668 0.0212209992 0.01786757 0.0053833718 0.0231356002 0.0100740812 0.0277929715 0.0111881898 0.0233235757 0.0098661265 0.0156311776 0.0145757274 0.0195771385 0.0330410358 0.0069382677 0.0146304446 0.0103839151 0.0236289072 0.0132667119
26 0.0184745354 0.0284020117 0.0071009356 0.0182422153 0.0084100603 0.0107717602 0.0188055607 0.0169365567 0.0120665424 0.0210357718 0.0132177604 0.0052826886 0.0197051495 0.0171189478 0.0093857882 0.0090856063 0.0070895957 0.0284194945 0.0272477649 0.0102104036 0.016469921 0.0235076769 0.0201440295 0.018486008 0.0076158712 0.0 0.0197058842 0.0085941383 0.0126869521 0.0278389736 0.0348028252 0.0196825884 0.0113966855 0.0224131881 0.0174816292 0.0271924269 0.0170129854 0.0021442162 0.0123881591 0.0200785812 0.010678707 0.0189432511 0.0031673901 0.0045861326 0.0085201072 0.0197654195 0.0303940957 0.0195386801 0.0183699145 0.0317125956 0.0112355425 0.0119213632 0.0169146212 0.027120979 0.0320986631 0.0103018379 0.0203791633 0.0368508051 0.007950973 0.0128978684
27 0.0044519084 0.006053652 0.0124388906 0.0251078962 0.025987821 0.0164252948 0.007884052 0.0111164722 0.0153477157 0.0272980989 0.0176898087 0.0065995619 0.0100585786 0.0246323737 0.0193857115 0.0270307531 0.0232652596 0.0215744106 0.0108379296 0.0226531035 0.0159614693 0.0204850118 0.0030010701 0.0097647745 0.0241179626 0.0197058842 0.0 0.0169166128 0.0065504703 0.0235225524 0.0095488137 0.0258267534 0.0049792797 0.0279065835 0.0090388439 0.0120434028 0.0082615238 0.0202242743 0.0287977996 0.0153365293 0.0115429628 0.0184510339 0.0105223519 0.0070384235 0.0123415437 0.0090593935 0.0102846271 0.0177720429 0.0353443504 0.0344362735 0.0110263466 0.0236463532 0.0189732417 0.0160805654 0.0179776856 0.0282174307 0.0222184836 0.0167443548 0.0183949258 0.0220987045
28 0.0241016544 0.0237050112 0.0214005308 0.0111799873 0.0177051284 0.0227080529 0.0314641199 0.0164953321 0.0187456726 0.0201638191 0.0307799167 0.0010786228 0.0282987193 0.0283044758 0.0186300252 0.01590835 0.0213004219 0.0108862418 0.0087537037 0.0107602398 0.0181915534 0.0239727933 0.0142078392 0.0185903004 0.0137570704 0.0085941383 0.0169166128 0.0 0.0199632312 0.0043763291 0.0283415154 0.0128763098 0.0175621445 0.0136164658 0.023696003 0.0272165321 0.0239775399 0.0312598595 0.0161309599 0.0274865322 0.0027172894 0.0071573301 0.0028734273 0.0281370957 0.0072005617 0.0078030562 0.0219230921 0.0106230125 0.0019667142 0.0153690544 0.0194635535 0.0169075887 0.0202984176 0.0077394471 0.0170890454 0.0056237292 0.0227631493 0.0232530428 0.0118908111 0.0060968254
29 0.014353787 0.026042009 0.0219210527 0.0277642486 0.0158973678 0.021456435 0.0078320159 0.0054725967 0.0188865661 0.0261820071 0.0340029175 0.0100411722 0.0295638239 0.0221636813 0.0073135186 0.0160764823 0.0304562373 0.0132860863 0.0129966823 0.0229628874 0.0120245152 0.0264207626 0.0215281503 0.0130787503 0.002395532 0.0126869521 0.0065504703 0.0199632312 0.0 0.013446793 0.0194873378 0.0076760874 0.0046787953 0.0208104097 0.011769337 0.0134707859 0.0236478496 0.0185720271 0.0085660026 0.0122020447 0.0146447125 0.0222818029 0.0121466808 0.0037500578 0.0020411555 0.0315815433 0.02981634 0.0225740128 0.0137341048 0.0141680431 0.0248045839 0.0201427645 0.0192821592 0.0267502561 0.0286453248 0.0136346376 0.0212353152 0.0088127974 0.0076882475 0.008618051
30 0.0219036987 0.0196951474 0.0240300682 0.0108821507 0.0143026 0.0134435474 0.0124746149 0.0190469094 0.0096287162 0.0131657157 0.0091081111 0.0255455951 0.0151311061 0.0177025804 0.0187257827 0.0186455056 0.0221484572 0.0101337481 0.0112795823 0.0180161338 0.0033173717 0.0193880902 0.0187680346 0.0135144837 0.0206392951 0.0278389736 0.0235225524 0.0043763291 0.013446793 0.0 0.0100473137 0.0237992636 0.0203692546 0.01733489 0.0208255854 0.0149027854 0.0214480181 0.0179221167 0.0255485045 0.011824049 0.020947641 0.010668675 0.020016434 0.0270793546 0.0223653721 0.0207623366 0.0156942673 0.0176173602 0.0164825912 0.0098386294 0.0166420234 0.0059504219 0.0159030705 0.0245114828 0.0151538021 0.0214884956 0.0086970249 0.0173666 0.0163768933 0.0225940489
31 0.0098875215 0.0167795599 0.0186038279 0.0115568959 0.0080445491 0.0148395286 0.0141193917 0.0272757124 0.0078429895 0.0231649151 0.0096323924 0.0219644406 0.000959322 0.0108774798 0.024651656 0.0247143757 0.0186535501 0.017997812 0.016165871 0.0140971679 0.0310843437 0.0186009301 0.0269359936 0.0037109779 0.0290865641 0.0348028252 0.0095488137 0.0283415154 0.0194873378 0.0100473137 0.0 0.0179247346 0.0115899987 0.0263355922 0.0169064848 0.0298166726 0.0119075341 0.0115638816 0.000806195 0.018702447 0.0130147441 0.0069279306 0.0232762623 0.0246420549 0.0120762365 0.0225452204 0.027545109 0.0074649612 0.0100674025 0.0205373694 0.0248251683 0.008427703 0.0119756509 0.0214469967 0.0190715295 0.0119300228 0.0204107085 0.0198084052 0.0075037501 0.0174736595
32 0.0159405538 0.0251616503 0.0256117137 0.0127544549 0.0169883818 0.0134459305 0.0051092305 0.0082157638 0.0179346266 0.011739434 0.0203906139 0.0210001026 0.016821282 0.0272580341 0.0167445055 0.0122327817 0.023452684 0.0107096184 0.0201212173 0.0135510335 0.021402337 0.0083838489 0.0163673329 0.0175690867 0.0070269899 0.0196825884 0.0258267534 0.0128763098 0.0076760874 0.0237992636 0.0179247346 0.0 0.0136211499 0.0176279225 0.0218738687 0.0171926792 0.0065136882 0.0107109475 0.0212710577 0.0112437423 0.028684422 0.0080478056 0.022435604 0.0231937809 0.0095597488 0.0254408192 0.011813082 0.0270486294 0.0286254606 0.0164611109 0.0198528743 0.014004352 0.0307948012 0.0125858735 0.0163617402 0.0168590001 0.0219536533 0.0030335856 0.014169032 0.0153006227
33 0.0060474157 0.0114713353 0.0165858589 0.0244071787 0.0098746566 0.0162104454 0.0132135725 0.0317014169 0.0251269264 0.0181812775 0.0308805236 0.0119630031 0.0017842014 0.0157947836 0.0104562554 0.0270523975 0.0183466118 0.01577655 0.0209036296 0.0125225218 0.0074259595 0.010922646 0.0191522154 0.0081600181 0.0116056303 0.0113966855 0.0049792797 0.0175621445 0.0046787953 0.0203692546 0.0115899987 0.0136211499 0.0 0.024403123 0.0119918511 0.0233684223 0.0291925891 0.0193939173 0.0176708122 0.0242837789 0.0315663794 0.0152568986 0.0233355122 0.0336644333 0.0149757549 0.0160233532 0.0169761465 0.0037846456 0.0127334309 0.0165150275 0.0168452773 0.022566251 0.0089668345 0.0130989048 0.022115021 0.0154138859 0.0249728617 0.0266197582 0.0149467089 0.0195540815
34 0.0157619017 0.0069881194 0.0044922601 0.0083650022 0.0282421815 0.0259902592 0.0217727658 0.0220868466 0.0260860507 0.0151910647 0.0155339188 0.0119774149 0.0131660894 0.0045352268 0.0178606897 0.0197101004 0.0204647766 0.0293938292 0.0102976602 0.0090339319 0.0155380089 0.0147973105 0.0166669715 0.0122205393 0.0187462139 0.0224131881 0.0279065835 0.0136164658 0.0208104097 0.01733489 0.0263355922 0.0176279225 0.024403123 0.0 0.0143601302 0.0189360402 0.0087362393 0.0153168159 0.0099017536 0.0150327711 0.0195181107 0.0136721205 0.0170714033 0.0274010145 0.0280956162 0.0119975567 0.0196235796 0.01061303 0.0050849915 0.0225724681 0.0175672596 0.0153920432 0.0132388805 0.035065993 0.0046186491 0.0228238319 0.0070055042 0.0232843211 0.019206436 0.0084961316
35 0.0141174998 0.0166905514 0.0130210721 0.0042789371 0.0221797302 0.0179859155 0.0102922284 0.0134287196 0.0123807629 0.0133527353 0.0192559833 0.0295815618 0.0290269257 0.0136871023 0.032060127 0.0180150456 0.0229928371 0.0102087459 0.0194056495 0.0204118905 0.0144399637 0.0097476647 0.0111581176 0.0257064138 0.0295756062 0.0174816292 0.0090388439 0.023696003 0.011769337 0.0208255854 0.0169064848 0.0218738687 0.0119918511 0.0143601302 0.0 0.021904322 0.0179139178 0.0139771289 0.0130327063 0.0286250516 0.0152653728 0.0113206063 0.0164896398 0.0143879322 0.023208042 0.022266878 0.018681398 0.0178095773 0.0207812874 0.0118507682 0.0060097764 0.0140980735 0.0025484527 0.022274401 0.0027252698 0.0176263584 0.0177754774 0.0262418793 0.0198885728 0.0123515902
36 0.0173067169 0.0006836645 0.0175487513 0.0167520769 0.017140027 0.0221292463 0.0199718127 0.03035954 0.0128293712 0.0068606078 0.0139006619 0.0263080042 0.0098810364 0.0043337866 0.0094928709 0.0180140151 0.0264851559 0.0226020536 0.0120270117 0.0171939783 0.0106614373 0.0004161741 0.023316909 0.003821378 0.0231020983 0.0271924269 0.0120434028 0.0272165321 0.0134707859 0.0149027854 0.0298166726 0.0171926792 0.0233684223 0.0189360402 0.021904322 0.0 0.0158355806 0.0184655283 0.0055996323 0.0191436085 0.0193780633 0.0129476457 0.0278807775 0.0149785757 0.0143734219 0.0124511575 0.0307347152 0.0207748541 0.0138966546 0.0116664451 0.0153614098 0.0132760662 0.0161938002 0.014398557 0.0160097064 0.0242177954 0.0183596833 0.0217585801 0.0167510357 0.0163642503
37 0.0072663331 0.0266947501 0.0071621057 0.0114354586 0.0182636183 0.0136877117 0.0233258917 0.0155141069 0.0152393474 0.0105638981 0.027048984 0.0162527058 0.0272735136 0.0213507056 0.0120934767 0.0213893781 0.0203514036 0.0178819796 0.0249116664 0.0082641916 0.0174228775 0.0073086613 0.0086005697 0.017981218 0.025810103 0.0170129854 0.0082615238 0.0239775399 0.0236478496 0.0214480181 0.0119075341 0.0065136882 0.0291925891 0.0087362393 0.0179139178 0.0158355806 0.0 0.0217954474 0.0154577274 0.0104965808 0.00656073 0.0117092824 0.0171955621 0.0204875227 0.0250689552 0.0200227337 0.0129174975 0.012843291 0.0251213643 0.0168920362 0.0166065486 0.0239875349 0.0233462226 0.0165310733 0.013927185 0.0147827649 0.0229421462 0.0011012324 0.021598539 0.0210659005
38 0.0122232175 0.0172404285 0.023147861 0.0178914994 0.0307557533 0.0262539458 0.0279400217 0.0178516063 0.0123210656 0.0084674024 0.0197989066 0.0100072291 0.004883569 0.0241740649 0.0191875032 0.0282825847 0.0068392037 0.0165840334 0.0294438729 0.0270994691 0.0199795138 0.0010831776 0.0247295639 0.0123967482 0.0115294438 0.0021442162 0.0202242743 0.0312598595 0.0185720271 0.0179221167 0.0115638816 0.0107109475 0.0193939173 0.0153168159 0.0139771289 0.0184655283 0.0217954474 0.0 0.0145482345 0.0228878839 0.0156100842 0.0213634278 0.0095144116 0.0170472308 0.0082786597 0.0306625287 0.00678638 0.0108996136 0.0138276243 0.0223997056 0.0097024933 0.02859961 0.0163969476 0.0030290225 0.0196779609 0.0186555101 0.0173535309 0.0058119534 0.0103688396 0.0251205011
39 0.0204438994 0.0207344977 0.0089225208 0.0310604363 0.0142244456 0.0088871044 0.0167081748 0.0137851207 0.0206958051 0.0200984334 0.0194013879 0.0230883417 0.0199452027 0.0106659045 0.0260055038 0.0177531027 0.0122154886 0.0164353763 0.0016474415 0.0166307333 0.0259063682 0.0165967107 0.0149563261 0.0195072207 0.0162895139 0.0123881591 0.0287977996 0.0161309599 0.0085660026 0.0255485045 0.000806195 0.0212710577 0.0176708122 0.0099017536 0.0130327063 0.0055996323 0.0154577274 0.0145482345 0.0 0.0112831337 0.005160778 0.0294986787 0.021776616 0.0095865277 0.0064990853 0.0143667818 0.0087981583 0.0241297984 0.0111816066 0.0128330077 0.0254403306 0.0196067591 0.0143454556 0.0337813155 0.012415567 0.0096100836 0.0269326662 0.0318489556 0.0226638631 0.0259162262
40 0.0110069135 0.0087000613 0.0262838036 0.0222938864 0.0184248537 0.0219248882 0.00597787 0.018408773 0.0041148781 0.0210128396 0.01225978 0.0269124725 0.0223710724 0.0158589755 0.0105008302 0.0240648868 0.0119184952 0.0127259153 0.0124729696 0.0148112565 0.0212915877 0.0263993055 0.0126721569 0.0210470991 0.0255312189 0.0200785812 0.0153365293 0.0274865322 0.0122020447 0.011824049 0.018702447 0.0112437423 0.0242837789 0.0150327711 0.0286250516 0.0191436085 0.0104965808 0.0228878839 0.0112831337 0.0 0.0180076831 0.0262947268 0.0229047733 0.0194971479 0.0161006195 0.0084494157 0.0242307177 0.0150033004 0.0082957336 0.0201886527 0.0098938359 0.0232701349 0.0079145335 0.0117049969 0.0137568401 0.0221015537 0.0126065386 0.0187757355 0.011635225 0.0117543119
41 0.0268028295 0.0228862348 0.0186174318 0.0091496304 0.008801432 0.0178415528 0.0258076686 0.0280713017 0.0132002011 0.025290732 0.0183143493 0.019520105 0.0254908929 0.0224173766 0.0124954061 0.0151109139 0.0087879028 0.01401901 0.0257507915 0.0099909686 0.0217406242 0.0142816286 0.0128724614 0.0053887043 0.0179405394 0.010678707 0.0115429628 0.0027172894 0.0146447125 0.020947641 0.0130147441 0.028684422 0.0315663794 0.0195181107 0.0152653728 0.0193780633 0.00656073 0.0156100842 0.005160778 0.0180076831 0.0 0.0116902073 0.0081683736 0.0121489136 0.028735392 0.0227060267 0.0073760063 0.0181543374 0.0110022576 0.0203214272 0.0300583315 0.0216965823 0.0086302354 0.0248789613 0.0163486498 0.0164369307 0.0137385856 0.0155529549 0.0207131292 0.0177543281
42 0.0259925455 0.0274943673 0.0095631012 0.0131716096 0.0198369938 0.0269309382 0.0255299824 0.0212653856 0.0180183929 0.0104965528 0.017482885 0.0114130784 0.0195011251 0.016036909 0.0071393347 0.00964214 0.0136657353 0.0107203083 0.0036052355 0.0269829917 0.0272390703 0.015776487 0.0214011333 0.0245327982 0.0114266668 0.0189432511 0.0184510339 0.0071573301 0.0222818029 0.010668675 0.0069279306 0.0080478056 0.0152568986 0.0136721205 0.0113206063 0.0129476457 0.0117092824 0.0213634278 0.0294986787 0.0262947268 0.0116902073 0.0 0.0170588475 0.0193532523 0.0279357712 0.0078981244 0.0213621474 0.0149927186 0.0116900522 0.0155788991 0.0242079485 0.0078672781 0.0236030267 0.0210252713 0.0263137112 0.0119515739 0.0140625207 0.0172024427 0.0197378787 0.0170613441
43 0.0259536316 0.0160149854 0.0224823307 0.0132435909 0.0033257445 0.0102095625 0.0209530034 0.0162678225 0.0218399435 0.0190246501 0.0137278084 0.015796621 0.0269546591 0.0063866026 0.0100087946 0.0172979123 0.0196759194 0.0191648361 0.0089363104 0.0130866203 0.0068859935 0.0145128818 0.013965174 0.0316131984 0.0212209992 0.0031673901 0.0105223519 0.0028734273 0.0121466808 0.020016434 0.0232762623 0.022435604 0.0233355122 0.0170714033 0.0164896398 0.0278807775 0.0171955621 0.0095144116 0.021776616 0.0229047733 0.0081683736 0.0170588475 0.0 0.0109748178 0.0278077786 0.024297158 0.0231772277 0.0196121541 0.0077810244 0.0314229494 0.0176607898 0.0037116769 0.0028769717 0.0126841279 0.023452091 0.0171058165 0.0241185818 0.016267133 0.0249642421 0.0277017957
44 0.0080916392 0.0338747468 0.006787804 0.0181506808 0.0093562921 0.0143966154 0.0310114947 0.0226432634 0.0280113004 0.0185299642 0.0084762605 0.0062211097 0.0201050926 0.0266961117 0.023651481 0.0123567899 0.0096047554 0.0108254665 0.0176496592 0.0024647217 0.0066884563 0.0281222173 0.0027356751 0.031752119 0.01786757 0.0045861326 0.0070384235 0.0281370957 0.0037500578 0.0270793546 0.0246420549 0.0231937809 0.0336644333 0.0274010145 0.0143879322 0.0149785757 0.0204875227 0.0170472308 0.0095865277 0.0194971479 0.0121489136 0.0193532523 0.0109748178 0.0 0.0116119351 0.0162682492 0.0095245298 0.0167090076 0.0216478965 0.0077356484 0.0183141542 0.0110918047 0.0283600236 0.0161472469 0.014632258 0.0240779747 0.0105289486 0.0218021755 0.0192353046 0.0182872871
45 0.0218123144 0.017133401 0.0177143768 0.0279708404 0.0212732988 0.0146971377 0.0080349506 0.0163343735 0.0130271952 0.0151799758 0.0085987557 0.0219694462 0.0159912384 0.0187373726 0.0262652955 0.0223350528 0.0137505888 0.0230348412 0.0303299677 0.0279625035 0.0089427293 0.0192955063 0.0297211366 0.018213689 0.0053833718 0.0085201072 0.0123415437 0.0072005617 0.0020411555 0.0223653721 0.0120762365 0.0095597488 0.0149757549 0.0280956162 0.023208042 0.0143734219 0.0250689552 0.0082786597 0.0064990853 0.0161006195 0.028735392 0.0279357712 0.0278077786 0.0116119351 0.0 0.0314962088 0.0054578773 0.0131726862 0.0142824381 0.01808933 0.0199358412 0.0222888504 0.0034303451 0.0237778704 0.0111467577 0.0178057306 0.0147731317 0.0137098023 0.0142453903 0.0058826231
46 0.0074900189 0.0164351197 0.0210895635 0.0143685584 0.0189824811 0.0092371991 0.0138597649 0.0090863083 0.012662646 0.0263493849 0.0100924721 0.0106701641 0.0284704204 0.0211003803 0.0233577854 0.0043502426 0.0092766607 0.0218836214 0.0257673223 0.0091332624 0.0230238539 0.014354631 0.0162166412 0.0112874234 0.0231356002 0.0197654195 0.0090593935 0.0078030562 0.0315815433 0.0207623366 0.0225452204 0.0254408192 0.0160233532 0.0119975567 0.022266878 0.0124511575 0.0200227337 0.0306625287 0.0143667818 0.0084494157 0.0227060267 0.0078981244 0.024297158 0.0162682492 0.0314962088 0.0 0.0177837596 0.0130549349 0.0097809079 0.0070751077 0.0298433385 0.0192453225 0.009077757 0.0026357318 0.0224974091 0.0125017868 0.0216807573 0.0151760889 0.0190695284 0.0230320824
47 0.0184470893 0.0147687802 0.0160472005 0.0086217576 0.0249034236 0.0157592588 0.0041719521 0.0079717688 0.016682552 0.0245258505 0.0109585136 0.0194093934 0.0101913146 0.0156611216 0.0213301674 0.0164530742 0.0165025267 0.0234802816 0.0180149151 0.0122922436 0.0161670255 0.0283191893 0.0170799935 0.0142611605 0.0100740812 0.0303940957 0.0102846271 0.0219230921 0.02981634 0.0156942673 0.027545109 0.011813082 0.0169761465 0.0196235796 0.018681398 0.0307347152 0.0129174975 0.00678638 0.0087981583 0.0242307177 0.0073760063 0.0213621474 0.0231772277 0.0095245298 0.0054578773 0.0177837596 0.0 0.016409078 0.0108977059 0.0301423392 0.0244708632 0.0124197515 0.0218539198 0.0064772291 0.0153186301 0.0257838164 0.0115957143 0.0110561189 0.0138517462 0.0267276979
48 0.0246034828 0.0261209182 0.0160775148 0.0095216853 0.0155585499 0.0156872855 0.0079273833 0.0184541392 0.0222898156 0.015284166 0.0191587944 0.002982497 0.0188515698 0.0108699388 0.0137857999 0.0173397881 0.0130543463 0.0211110515 0.0251829052 0.0167580114 0.0118918717 0.0162991453 0.0139461187 0.0280435809 0.0277929715 0.0195386801 0.0177720429 0.0106230125 0.0225740128 0.0176173602 0.0074649612 0.0270486294 0.0037846456 0.01061303 0.0178095773 0.0207748541 0.012843291 0.0108996136 0.0241297984 0.0150033004 0.0181543374 0.0149927186 0.0196121541 0.0167090076 0.0131726862 0.0130549349 0.016409078 0.0 0.0202503373 0.0200139107 0.0189436275 0.0295655811 0.0311965265 0.0147598042 0.0113350165 0.0095206839 0.0252826471 0.0117383561 0.018518987 0.0096794642
49 0.0185342024 0.0200745531 0.0123937971 0.0358269004 0.0175488824 0.014551201 0.0240607434 0.0136769016 0.0249866012 0.0100844471 0.0142365454 0.0308198639 0.0196990878 0.0230071002 0.0156857927 0.0150067696 0.0165509239 0.0134931067 0.0121568106 0.0138517753 0.0174714915 0.0224323823 0.0218162607 0.0090609363 0.0111881898 0.0183699145 0.0353443504 0.0019667142 0.0137341048 0.0164825912 0.0100674025 0.0286254606 0.0127334309 0.0050849915 0.0207812874 0.0138966546 0.0251213643 0.0138276243 0.0111816066 0.0082957336 0.0110022576 0.0116900522 0.0077810244 0.0216478965 0.0142824381 0.0097809079 0.0108977059 0.0202503373 0.0 0.0251936345 0.0209912309 0.0243062445 0.0332418866 0.0105798737 0.0261444278 0.0299194006 0.0021325153 0.0057844103 0.0212578 0.009387458
50 0.0117566839 0.0236212287 0.0176470577 0.0213067396 0.0185140438 0.0122235672 0.0194163005 0.0133775115 0.0204664151 0.00674747 0.005005764 0.0086648531 0.0226270363 0.0181863492 0.022230275 0.0055260922 0.0164198943 0.0185007375 0.0131465283 0.0116688285 0.0039707465 0.0067763887 0.0119419551 0.0199828146 0.0233235757 0.0317125956 0.0344362735 0.0153690544 0.0141680431 0.0098386294 0.0205373694 0.0164611109 0.0165150275 0.0225724681 0.0118507682 0.0116664451 0.0168920362 0.0223997056 0.0128330077 0.0201886527 0.0203214272 0.0155788991 0.0314229494 0.0077356484 0.01808933 0.0070751077 0.0301423392 0.0200139107 0.0251936345 0.0 0.015810468 0.0234086014 0.0089846319 0.019927483 0.0133396216 0.0245701886 0.0101093433 0.0269456879 0.0103837262 0.0204569573
51 0.016050591 0.0161436382 0.0057935364 0.0097708506 0.0155061597 0.0188613028 0.0153760055 0.0142350903 0.0216214492 0.0106110654 0.0223009708 0.023365235 0.0126800913 0.0133851821 0.0123088306 0.0200440613 0.0039325574 0.0191704105 0.0193126289 0.0210081975 0.0146511718 0.0245170158 0.0202918432 0.009429112 0.0098661265 0.0112355425 0.0110263466 0.0194635535 0.0248045839 0.0166420234 0.0248251683 0.0198528743 0.0168452773 0.0175672596 0.0060097764 0.0153614098 0.0166065486 0.0097024933 0.0254403306 0.0098938359 0.0300583315 0.0242079485 0.0176607898 0.0183141542 0.0199358412 0.0298433385 0.0244708632 0.0189436275 0.0209912309 0.015810468 0.0 0.0085851981 0.0189457716 0.0227313452 0.0105896117 0.0121606647 0.0290835032 0.0154856812 0.0200308433 0.0066406397
52 0.0242904823 0.0044767252 0.0119102502 0.0210969196 0.0154984688 0.0156555923 0.0157623508 0.0168953665 0.0247969066 0.007592787 0.0136908326 0.0195047478 0.0163889311 0.0139531631 0.0196522239 0.0136328228 0.0177074919 0.015258763 0.0176470558 0.0207919897 0.0265723618 0.0103224727 0.0195041638 0.0172312018 0.0156311776 0.0119213632 0.0236463532 0.0169075887 0.0201427645 0.0059504219 0.008427703 0.014004352 0.022566251 0.0153920432 0.0140980735 0.0132760662 0.0239875349 0.02859961 0.0196067591 0.0232701349 0.0216965823 0.0078672781 0.0037116769 0.0110918047 0.0222888504 0.0192453225 0.0124197515 0.0295655811 0.0243062445 0.0234086014 0.0085851981 0.0 0.0233196515 0.0150796621 0.0126252171 0.0093052084 0.0159379673 0.01522539 0.0204250473 0.026632697
