64
1 0.0199627765 0.009018524 0.00928679 0.0084984642 0.0196246309 0.0135295418 0.008619284 0.0100221037 0.0145298434 0.0077507927 0.0268525921 0.0095492633 0.0139650945 0.0186635424 0.015286037 0.0047012219 0.0151463902 0.0182025833 0.0275564364 0.0163390129 0.0168766373 0.0144564359 0.0219559605 0.0186060543 0.01493695 0.0132019857 0.0092324826 0.0197750623 0.0110148986 0.0219107098 0.0170210066 0.01396394 0.0175418235 0.0194344619 0.0031021106 0.0107221683 0.0246437846 0.0148757158 0.0182726381 0.01181761 0.0145748604 0.0225124022 0.0206544655 0.0234291629 0.0236838036 0.0047378269 0.0185965194 0.0140526271 0.031376807 0.0138142539 0.0100374636 0.0138148018 0.0161929604 0.011151026 0.0236490143 0.0148615794 0.0197714261 0.0099755886 0.022772755 0.0165353245 0.020954313 0.0171246723 0.0131893535 0.002069631 
2 0.009018524 0.0140283102 0.0111997758 0.0038069321 0.0344814981 0.0124646936 0.0132684419 0.0193734235 0.0153382914 0.0055717472 0.021621554 0.0100803656 0.0188740897 0.0088767698 0.0149876119 0.0150458764 0.0116681148 0.0113614481 0.0163222916 0.0084138282 0.0173644533 0.035995171 0.0121008944 0.0085514175 0.0125627154 0.0031558896 0.0086839174 0.0182087232 0.0200396705 0.0180151027 0.0209922101 0.0242657799 0.0131427527 0.0155071063 0.017589923 0.0195812013 0.0077654301 0.0113456113 0.0047932425 0.0115009521 0.0282377963 0.0084204389 0.026580119 0.015482808 0.0135906689 0.0149599144 0.0080020552 0.0213428739 0.0170420909 0.0257316965 0.0228658306 0.028445574 0.0171868236 0.0168153627 0.0126552369 0.0173949759 0.0123677817 0.007073366 0.0199885623 0.0120680467 0.0295309988 0.0182743766 0.013750461 0.015226389 
3 0.00928679 0.0111997758 0.0197948438 0.012400506 0.0167882738 0.0229117183 0.0052571637 0.0183644589 0.0166132568 0.0122467428 0.0130796777 0.0235641363 0.0151498232 0.0082699061 0.016000654 0.0205022327 0.0105672605 0.0142762973 0.0084869398 0.0201057098 0.0153069397 0.014337647 0.0132050581 0.0121671317 0.0154729779 0.0130501873 0.0176182825 0.0224020225 0.009844683 0.0180465198 0.0157562051 0.0105888707 0.019304876 0.0066826039 0.0286146946 0.0181327472 0.0150998482 0.0175802242 0.0188967931 0.0232294705 0.0165843928 0.0167273709 0.016183542 0.0163364299 0.0218231311 0.0165974202 0.0221888465 0.0146231498 0.0216966556 0.0173307123 0.0141791499 0.0117962019 0.020920991 0.0113323655 0.0159814621 0.0142344907 0.0188788846 0.0082837734 0.0057647138 0.0216279993 0.008571165 0.0180701364 0.0172765934 0.012786472 
4 0.0084984642 0.0038069321 0.012400506 0.0227799577 0.0152082 0.0174804029 0.0113837071 0.0132832089 0.0280543176 0.0164186697 0.021498191 0.0120839513 0.0170601368 0.0266531033 0.0243609303 0.0146990356 0.0109827909 0.0083236071 0.0143596953 0.0125765303 0.0209386493 0.0093681979 0.0208187906 0.0115306134 0.0194960647 0.0146195296 0.0203639903 0.0224399165 0.019054802 0.008346202 0.0146256754 0.0184939421 0.0156539623 0.0111394677 0.0321477379 0.0082277433 0.0084224373 0.0162513861 0.030356614 0.015454747 0.0079265348 0.0130674289 0.0133116764 0.0180180673 0.0100589041 0.0131999052 0.0169795871 0.0130458175 0.0232270005 0.0230064294 0.0152134417 0.0135489348 0.012588269 0.0155883678 0.0094630502 0.016027506 0.0088557256 0.0116007505 0.0159390787 0.0143746596 0.0143105425 0.0223037622 0.015148838 0.0135329147 
5 0.0196246309 0.0344814981 0.0167882738 0.0152082 0.0059686795 0.0197293535 0.0118358996 0.0049182236 0.0099241397 0.0190227989 0.0176081646 0.0148226259 0.0187397137 0.0077617561 0.0183153942 0.0135672755 0.0293909422 0.0055315435 0.0151624953 0.0148224612 0.0162475533 0.0105450472 0.0083300937 0.0199497247 0.0061467705 0.0111394677 0.0299053101 0.009905179 0.0062548659 0.012233368 0.0096345772 0.0239864083 0.012411433 0.0284006537 0.0172484949 0.0185375903 0.0165771602 0.0108981671 0.0212866281 0.0083607718 0.0045143529 0.0130900129 0.0125542869 0.023384259 0.0121844208 0.0121427603 0.031717925 0.0147825155 0.0189228301 0.0086196457 0.0166224016 0.0153728867 0.010301298 0.0302090243 0.0218196718 0.0089268734 0.0276387421 0.0181910466 0.0115857433 0.0201342138 0.0169609571 0.0201941329 0.0098880625 0.0090186025 
6 0.0135295418 0.0124646936 0.0229117183 0.0174804029 0.0197293535 0.0087189819 0.0162557043 0.0261486539 0.0107527702 0.0121495335 0.025616415 0.0066448795 0.0029107971 0.0114095233 0.0148632638 0.02759537 0.022568905 0.0347717933 0.0166207696 0.0108930198 0.0225599808 0.0196862173 0.0076630009 0.0056166809 0.0121976174 0.0259663312 0.0094840816 0.0161627192 0.021816615 0.0149099533 0.029000397 0.0198442454 0.0175765415 0.0134345234 0.0228684695 0.0156800232 0.0126953959 0.016046517 0.0173726189 0.0193355246 0.0115771397 0.0084486665 0.0157672728 0.0159692252 0.0142141824 0.0173566431 0.0146640416 0.0178449387 0.0130840836 0.0091839786 0.0144544444 0.0123035059 0.0114828597 0.0151094917 0.0226583438 0.0081080318 0.0260139496 0.0190658314 0.0045140503 0.0127382749 0.012940642 0.0050814182 0.0144019876 0.0090634523 
7 0.008619284 0.0132684419 0.0052571637 0.0113837071 0.0118358996 0.0162557043 0.0296164454 0.0060973909 0.0226393235 0.0071826833 0.012482465 0.0134172272 0.0141649651 0.0224211005 0.0174967832 0.0055144776 0.0237817116 0.013741692 0.0113215805 0.0168971446 0.022414501 0.0161670383 0.0305231174 0.0123690083 0.017982125 0.0106581187 0.0128509715 0.014853116 0.0183542475 0.0128145593 0.0113459939 0.0243255804 0.0249936584 0.0144413357 0.0101257512 0.0195920593 0.0238024007 0.0285077927 0.0150318283 0.0126010837 0.0126454851 0.017992292 0.009527662 0.0131853224 0.0146829508 0.015121166 0.0199233003 0.0075971771 0.0209503928 0.0048520498 0.0206088709 0.0108649299 0.024127069 0.0057695225 0.0136454496 0.0136921959 0.0116411322 0.0296496518 0.0140079034 0.0127968317 0.0111896149 0.0202843801 0.0149714831 0.023123688 
8 0.0100221037 0.0193734235 0.0183644589 0.0132832089 0.0049182236 0.0261486539 0.0060973909 0.0104186267 0.0103174709 0.0173929772 0.0104048449 0.022984408 0.0090025872 0.0293784919 0.0145761514 0.0111213783 0.0170090394 0.0171451992 0.0133834644 0.0086334346 0.018379297 0.024914276 0.0170259151 0.0162007576 0.0184168451 0.0184056537 0.0131089701 0.0091913911 0.0132483577 0.0111370326 0.0118420744 0.0146071532 0.01463917 0.0190432395 0.0187576792 0.0195557728 0.0124430232 0.0162036316 0.0156714477 0.0174140893 0.0250939862 0.0119772037 0.0119334667 0.0130135499 0.0255099988 0.0070538501 0.0139547098 0.0102907639 0.0114392621 0.0307008496 0.0333046735 0.0056839865 0.0129791282 0.0202696244 0.0247130743 0.0102023254 0.0153590161 0.0079590847 0.013839344 0.0177820933 0.0088523758 0.0149836654 0.0211787399 0.0217439131 
9 0.0145298434 0.0153382914 0.0166132568 0.0280543176 0.0099241397 0.0107527702 0.0226393235 0.0103174709 0.0210291107 0.0110557194 0.0125725311 0.012156347 0.0186812535 0.0114879171 0.0102375681 0.0085353228 0.0210764351 0.0202014553 0.0068544693 0.0147713292 0.0168322921 0.019013425 0.0140729659 0.017218386 0.0225597646 0.0087024701 0.0175855014 0.0197363218 0.0162275733 0.0175723923 0.0161600628 0.0145935964 0.0069568938 0.0120926504 0.0168962565 0.0061277914 0.0248900672 0.0239664027 0.0148890993 0.013324525 0.0136186042 0.0258681128 0.0188110845 0.0239953531 0.0163602746 0.008536592 0.0098755609 0.0098923936 0.0146619685 0.0098349095 0.0226100946 0.0154112993 0.0194070713 0.0137403194 0.0096550129 0.0182706611 0.0118319056 0.0120657339 0.0355026765 0.0262716858 0.0064793606 0.0159239658 0.0145219945 0.010606055 
10 0.0077507927 0.0055717472 0.0122467428 0.0164186697 0.0190227989 0.0121495335 0.0071826833 0.0173929772 0.0110557194 0.0162055145 0.0107264978 0.0165282222 0.004272109 0.0071484477 0.0170665709 0.0148553535 0.0164140803 0.0259090274 0.0157008768 0.0236645 0.0198469737 0.0197017827 0.0102064316 0.0088151287 0.0195158363 0.0055426955 0.0127653353 0.0203322392 0.0207317382 0.0076138677 0.0229506171 0.0110066494 0.0043709969 0.020146533 0.0207525776 0.0186333686 0.0259121938 0.0164981192 0.0225127534 0.0211146463 0.0183175222 0.0140429566 0.0169403169 0.032184797 0.0097404774 0.0194294746 0.0209946764 0.0080025847 0.0099601083 0.0279479841 0.0127642664 0.0160199429 0.0144233251 0.011333409 0.0092550414 0.0105339478 0.0192741051 0.0165462899 0.0226652992 0.0137619352 0.0238185615 0.0113870615 0.0144301153 0.0199724524 
11 0.0268525921 0.021621554 0.0130796777 0.021498191 0.0176081646 0.025616415 0.012482465 0.0104048449 0.0125725311 0.0107264978 0.0042035775 0.0163724667 0.0152044568 0.0132927078 0.0153169006 0.0222695372 0.0108528602 0.0170612773 0.0196807211 0.011047477 0.0244487232 0.0097771046 0.0198410369 0.0229786612 0.0058529784 0.0198536719 0.0129082645 0.0086843768 0.0138639573 0.0176017398 0.0186443485 0.0162156083 0.0045155823 0.0233459089 0.0267188605 0.012966895 0.0100571428 0.0236328477 0.0315744801 0.0262637685 0.0134914934 0.0100894154 0.018097302 0.0068556015 0.0199348641 0.0136062597 0.0146010233 0.0127169475 0.0155528001 0.0136038641 0.0048737511 0.0223325586 0.0079802189 0.017225011 0.0161339389 0.017377276 0.0197649709 0.0138465243 0.0042318651 0.0206584087 0.0150746156 0.0066937708 0.0106073407 0.0171393057 
12 0.0095492633 0.0100803656 0.0235641363 0.0120839513 0.0148226259 0.0066448795 0.0134172272 0.022984408 0.012156347 0.0165282222 0.0163724667 0.0078435993 0.0116057274 0.012033046 0.0141010007 0.0093364748 0.0176235742 0.0126611913 0.0091668699 0.0061495311 0.009471258 0.0139126374 0.0072678775 0.0216597653 0.0225013421 0.0148140806 0.0247264623 0.0271987457 0.0219033077 0.0174804273 0.017523805 0.0148858909 0.0339806146 0.0086291639 0.0063300493 0.0174183292 0.0243987932 0.0256212704 0.007434445 0.0218483695 0.0093649235 0.0205119663 0.0196182553 0.0251545895 0.0104214045 0.0121401181 0.0145068868 0.0159868578 0.0102522271 0.0186546054 0.0107519355 0.0124782558 0.021028747 0.0077822509 0.019815505 0.040016603 0.0121815297 0.0125465989 0.0210151264 0.0125478789 0.0100525543 0.0106653771 0.0189012223 0.0158730382 
13 0.0139650945 0.0188740897 0.0151498232 0.0170601368 0.0187397137 0.0029107971 0.0141649651 0.0090025872 0.0186812535 0.004272109 0.0152044568 0.0116057274 0.0396106363 0.016931688 0.0069190699 0.0122541762 0.018270684 0.0093168884 0.0108131582 0.0085498133 0.0148102481 0.012901496 0.0146603628 0.0079222045 0.0115243901 0.0100934648 0.0184126367 0.0146604638 0.0168359515 0.0170009762 0.0128941849 0.0149439773 0.0164661529 0.0182538134 0.0194194882 0.0187082537 0.0208250312 0.0138892471 0.0193204892 0.0133971947 0.023387656 0.0095128968 0.0138591803 0.0212876929 0.0193859949 0.0173505882 0.0094781137 0.0225246153 0.0211325805 0.0273110104 0.0057786693 0.0104804535 0.0159271981 0.0168638419 0.0216826303 0.008702026 0.0174166375 0.0143370992 0.0129264479 0.0082785192 0.0117004724 0.033799812 0.0120961217 0.0355428468 
14 0.0186635424 0.0088767698 0.0082699061 0.0266531033 0.0077617561 0.0114095233 0.0224211005 0.0293784919 0.0114879171 0.0071484477 0.0132927078 0.012033046 0.016931688 0.0137868125 0.0153556322 0.0080832205 0.0319391627 0.0129748449 0.0197004018 0.0269980337 0.0129720804 0.0066670932 0.0099095317 0.0154815803 0.0183032364 0.0234410195 0.0086135297 0.0123168376 0.0196219841 0.01398405 0.0141489521 0.006042625 0.0283342944 0.0116505892 0.0091311714 0.0176560639 0.0256743075 0.0126520301 0.0184870825 0.0224831089 0.0261361117 0.0099232119 0.0125375058 0.011894876 0.0175684888 0.0219688162 0.0127454995 0.026798524 0.0029796999 0.0049954799 0.0153025016 0.01679473 0.0179684381 0.0065403803 0.0170729895 0.0177116602 0.0095741331 0.0348081208 0.0214952366 0.0114984415 0.0200549736 0.0158508972 0.0117206191 0.0053213884 
15 0.015286037 0.0149876119 0.016000654 0.0243609303 0.0183153942 0.0148632638 0.0174967832 0.0145761514 0.0102375681 0.0170665709 0.0153169006 0.0141010007 0.0069190699 0.0153556322 0.004504941 0.0059278437 0.0126499892 0.0118488055 0.0203670815 0.0193163866 0.0177131923 0.0213309787 0.0132121799 0.0250488561 0.0214454196 0.0141025494 0.0208341625 0.0139459992 0.0170451905 0.010776321 0.0130203487 0.0203740074 0.0212299378 0.0123881974 0.0011494916 0.0231634798 0.020309817 0.0119435553 0.0016489713 0.0261397881 0.0169640591 0.0107834691 0.0136540986 0.0162154437 0.0155535954 0.0211625986 0.0181425903 0.0158387682 0.0145390633 0.0205989921 0.0119843336 0.0066615449 0.0184956197 0.0199410314 0.0241060305 0.0159154108 0.0079104067 0.0114329589 0.0149016316 0.0232250344 0.0168360639 0.0169097545 0.0211900892 0.0107163517 
16 0.0047012219 0.0150458764 0.0205022327 0.0146990356 0.0135672755 0.02759537 0.0055144776 0.0111213783 0.0085353228 0.0148553535 0.0222695372 0.0093364748 0.0122541762 0.0080832205 0.0059278437 0.0279011736 0.0117300665 0.0155332148 0.0178200492 0.0111665527 0.0063403145 0.0111913138 0.0268280562 0.0151334008 0.0154944693 0.0130475878 0.0129511076 0.0168403713 0.0280009187 0.0171157637 0.015332866 0.0247903351 0.0119732892 0.0194868092 0.0167032228 0.0092237275 0.0191853102 0.0241794775 0.009573776 0.0163421427 0.0198847813 0.0247073309 0.0152632519 0.0317804918 0.0080722929 0.0097239299 0.0095341284 0.0154718128 0.0183783138 0.0159165359 0.0093057746 0.0078336125 0.0185752139 0.0187700699 0.0203332496 0.0173799763 0.027313842 0.0302743004 0.0164463607 0.0129360158 0.0045970891 0.0051726677 0.0179385576 0.016496287 
17 0.0151463902 0.0116681148 0.0105672605 0.0109827909 0.0293909422 0.022568905 0.0237817116 0.0170090394 0.0210764351 0.0164140803 0.0108528602 0.0176235742 0.018270684 0.0319391627 0.0126499892 0.0117300665 0.0134443183 0.0101510048 0.0056240143 0.0292358497 0.0083110045 0.0118624004 0.0215588569 0.0185673887 0.0198838198 0.0157490589 0.0025297609 0.0199091378 0.0193650477 0.0129972008 0.0156412137 0.0154620019 0.0258246044 0.0212604608 0.0128314264 0.0156192056 0.0137961802 0.0098365872 0.0059631488 0.0229327011 0.0163016994 0.0159065959 0.0197802567 0.0227339968 0.0197746665 0.0187114361 0.0176207314 0.0089313166 0.0155706868 0.0152010981 0.0096537803 0.0094393398 0.0117499599 0.0178104209 0.0088111043 0.0088126347 0.0085221135 0.0129771522 0.0141537755 0.01426565 0.0070827253 0.0171473528 0.0199510136 0.0190620925 
18 0.0182025833 0.0113614481 0.0142762973 0.0083236071 0.0055315435 0.0347717933 0.013741692 0.0171451992 0.0202014553 0.0259090274 0.0170612773 0.0126611913 0.0093168884 0.0129748449 0.0118488055 0.0155332148 0.0101510048 0.0152275112 0.0163488018 0.0270231745 0.01850917 0.0185913724 0.0173147568 0.0194498914 0.0108807067 0.0114224528 0.0059001087 0.025530513 0.0086944704 0.0178057205 0.0269374359 0.0138832158 0.0137994415 0.0232904478 0.0182693896 0.025545368 0.0171350511 0.012167586 0.0042339336 0.018681801 0.0218641911 0.0240043456 0.0116705317 0.0126378269 0.0143399773 0.0216948665 0.0172350684 0.0185531975 0.0207698077 0.0125571125 0.0261463645 0.020038318 0.0137380069 0.0164384673 0.0053356264 0.0050868639 0.0150586664 0.0144347489 0.0102488332 0.0110236549 0.0102066602 0.0133101315 0.0101433084 0.00780923 
19 0.0275564364 0.0163222916 0.0084869398 0.0143596953 0.0151624953 0.0166207696 0.0113215805 0.0133834644 0.0068544693 0.0157008768 0.0196807211 0.0091668699 0.0108131582 0.0197004018 0.0203670815 0.0178200492 0.0056240143 0.0163488018 0.0156295766 0.0131196433 0.0213135876 0.0150070548 0.0316226394 0.0203116767 0.0104296247 0.0161252571 0.0095491529 0.0085157656 0.0184782151 0.0241311907 0.0191170322 0.0444169031 0.0118929811 0.0151602202 0.012822511 0.0001377339 0.0143040622 0.0205290294 0.0203087022 0.0084256639 0.0061683568 0.0096430131 0.0145201784 0.0169449385 0.0110817707 0.0238082675 0.020480185 0.0174676125 0.0102363465 0.012178199 0.0126859064 0.0243495129 0.010496946 0.0209092626 0.0107659537 0.0223420666 0.0170441929 0.0219315361 0.0102466861 0.0113844274 0.0158749372 0.0224218848 0.0125102859 0.0078691929 
20 0.0163390129 0.0084138282 0.0201057098 0.0125765303 0.0148224612 0.0108930198 0.0168971446 0.0086334346 0.0147713292 0.0236645 0.011047477 0.0061495311 0.0085498133 0.0269980337 0.0193163866 0.0111665527 0.0292358497 0.0270231745 0.0131196433 0.0159331843 0.0100387641 0.0123086421 0.0202520972 0.0162817059 0.0158041396 0.0174524786 0.0103738308 0.0169323783 0.013214631 0.0185444176 0.0122747704 0.0134631852 0.0169468104 0.0167227543 0.0196865134 0.0114936186 0.0106915802 0.0176117572 0.0118206316 0.0065823403 0.0244265025 0.0143438778 0.0128543814 0.0099027619 0.013598814 0.0215648179 0.0096998134 0.0137459194 0.0137477743 0.0095357015 0.0187413578 0.0198162516 0.0149969672 0.0207124835 0.015868807 0.0196349804 0.014279525 0.0142773301 0.019843482 0.0233349903 0.0043600818 0.0328314912 0.0215532209 0.0121750035 
21 0.0168766373 0.0173644533 0.0153069397 0.0209386493 0.0162475533 0.0225599808 0.022414501 0.018379297 0.0168322921 0.0198469737 0.0244487232 0.009471258 0.0148102481 0.0129720804 0.0177131923 0.0063403145 0.0083110045 0.01850917 0.0213135876 0.0100387641 0.0165150625 0.0089028648 0.0102149534 0.0141089555 0.0099701525 0.0277339383 0.0110305442 0.015331962 0.0107382684 0.0110127435 0.0139823441 0.0268998735 0.020526371 0.0065855971 0.0210140499 0.014733584 0.0110594249 0.0040119229 0.0182512628 0.0085735281 0.0100639688 0.0187988082 0.0176917965 0.0233443522 0.0228552293 0.0123240547 0.0248076933 0.0167651631 0.0218991168 0.0387273619 0.0139596436 0.0062545727 0.0115907568 0.0153312243 0.0106187693 0.0110447495 0.0117421579 0.0038560134 0.0089182327 0.0270070302 0.0189949718 0.0148594408 0.0139191174 0.0127327513 
22 0.0144564359 0.035995171 0.014337647 0.0093681979 0.0105450472 0.0196862173 0.0161670383 0.024914276 0.019013425 0.0197017827 0.0097771046 0.0139126374 0.012901496 0.0066670932 0.0213309787 0.0111913138 0.0118624004 0.0185913724 0.0150070548 0.0123086421 0.0089028648 0.0315334595 0.0063728636 0.0037732361 0.0189001436 0.0086033789 0.0197717976 0.0211651171 0.0144018753 0.0136284164 0.0183610357 0.0138229431 0.0111373171 0.0216490015 0.018521392 0.0068894638 0.0152183897 0.0112172713 0.0166875437 0.0079654524 0.0164785787 0.0204504221 0.0121218959 0.0174114597 0.0120932255 0.0185161204 0.0156345833 0.0133542094 0.0121450862 0.0183627054 0.0043906287 0.0112721935 0.0359452963 0.0252029308 0.0152993123 0.0184599456 0.0114167662 0.0230698596 0.0136553206 0.0100791165 0.0208780377 0.0137278985 0.0286000859 0.0051760261 
23 0.0219559605 0.0121008944 0.0132050581 0.0208187906 0.0083300937 0.0076630009 0.0305231174 0.0170259151 0.0140729659 0.0102064316 0.0198410369 0.0072678775 0.0146603628 0.0099095317 0.0132121799 0.0268280562 0.0215588569 0.0173147568 0.0316226394 0.0202520972 0.0102149534 0.0063728636 0.0225787425 0.016338741 0.0099920677 0.004419353 0.0044368188 0.0066609326 0.0192033664 0.0128205255 0.0077679786 0.0262553264 0.007830747 0.0068418683 0.0197300544 0.0150025347 0.0108536805 0.0268566223 0.0100172332 0.0092274004 0.0295681086 0.0145934166 0.0102675513 0.0127957626 0.0104220281 0.011872479 0.0149147431 0.02357733 0.0159496052 0.0222430489 0.0206924167 0.0133733481 0.0156951648 0.0228737914 0.0070788397 0.0092905536 0.0234524168 0.000862718 0.0285827887 0.0208944721 0.0175705636 0.0154898361 0.0186614167 0.0274861667 
24 0.0186060543 0.0085514175 0.0121671317 0.0115306134 0.0199497247 0.0056166809 0.0123690083 0.0162007576 0.017218386 0.0088151287 0.0229786612 0.0216597653 0.0079222045 0.0154815803 0.0250488561 0.0151334008 0.0185673887 0.0194498914 0.0203116767 0.0162817059 0.0141089555 0.0037732361 0.016338741 0.0241097835 0.0034364973 0.0075435402 0.0104581384 0.013712229 0.0248044265 0.0173888252 0.0177354302 0.0054701638 0.0140834635 0.0095831768 0.0135483025 0.0166430134 0.0208288013 0.0136050504 0.0203962244 0.0113822663 0.021241678 0.0155006091 0.0076094938 0.0168645793 0.0269746684 0.0005332672 0.029042864 0.0193859694 0.0118542093 0.0182369318 0.01120017 0.0125742552 0.0200097994 0.0195908372 0.0222440263 0.0118257376 0.016176108 0.0165352423 0.0172456692 0.0302943973 0.0154542177 0.0222744606 0.0153410895 0.0091794201 
25 0.01493695 0.0125627154 0.0154729779 0.0194960647 0.0061467705 0.0121976174 0.017982125 0.0184168451 0.0225597646 0.0195158363 0.0058529784 0.0225013421 0.0115243901 0.0183032364 0.0214454196 0.0154944693 0.0198838198 0.0108807067 0.0104296247 0.0158041396 0.0099701525 0.0189001436 0.0099920677 0.0034364973 0.0106906234 0.0145356592 0.0195939757 0.0223645894 0.0106209208 0.0110850019 0.0084768267 0.0070626917 0.017629194 0.0301196063 0.0121299023 0.019310766 0.0191756365 0.0096845099 0.0168043048 0.0228217046 0.0067874831 0.0161567042 0.019199235 0.0161573961 0.0144094048 0.0256272706 0.0069003 0.0046849671 0.0116569826 0.0072183208 0.012888888 0.018453219 0.0205533718 0.0154604354 0.0161698801 0.0176048904 0.0218912665 0.0340779658 0.0198490721 0.0126038376 0.0245479504 0.0094972954 0.0209116819 0.0208796136 
26 0.0132019857 0.0031558896 0.0130501873 0.0146195296 0.0111394677 0.0259663312 0.0106581187 0.0184056537 0.0087024701 0.0055426955 0.0198536719 0.0148140806 0.0100934648 0.0234410195 0.0141025494 0.0130475878 0.0157490589 0.0114224528 0.0161252571 0.0174524786 0.0277339383 0.0086033789 0.004419353 0.0075435402 0.0145356592 0.027018146 0.0175996654 0.0082636005 0.008772183 0.0181101823 0.0193931627 0.0154845618 0.0250812707 0.0186383137 0.0252169066 0.0309761181 0.0153070158 0.025558204 0.0167434135 0.028280991 0.0093471698 0.0061549661 0.0040497981 0.0110626551 0.0161174069 0.0306500036 0.0059659996 0.0148723546 0.0090265649 0.0213316834 0.0223571407 0.0141114884 0.0213819139 0.0187192016 0.0119519834 0.0135291089 0.0096235438 0.0170807784 0.0157225395 0.0342721445 0.0177404531 0.0165449748 0.0070429249 0.0075196468 
27 0.0092324826 0.0086839174 0.0176182825 0.0203639903 0.0299053101 0.0094840816 0.0128509715 0.0131089701 0.0175855014 0.0127653353 0.0129082645 0.0247264623 0.0184126367 0.0086135297 0.0208341625 0.0129511076 0.0025297609 0.0059001087 0.0095491529 0.0103738308 0.0110305442 0.0197717976 0.0044368188 0.0104581384 0.0195939757 0.0175996654 0.0057082434 0.0101204029 0.0131993544 0.0040651075 0.0221705008 0.0322624117 0.0129106562 0.0192146858 0.0053791066 0.0103379393 0.0138212237 0.0237594209 0.0155313162 0.0158097311 0.0341303967 0.0156972904 0.0341282458 0.00980075 0.0098242773 0.0069022818 0.0256042654 0.0091389963 0.0268412913 0.0117235526 0.0171593379 0.0136542295 0.0119941815 0.0202551228 0.0312392658 0.0222479875 0.0115909363 0.0162492959 0.0230408041 0.0110216045 0.0106936249 0.0156201542 0.0186483706 0.0272148366 
28 0.0197750623 0.0182087232 0.0224020225 0.0224399165 0.009905179 0.0161627192 0.014853116 0.0091913911 0.0197363218 0.0203322392 0.0086843768 0.0271987457 0.0146604638 0.0123168376 0.0139459992 0.0168403713 0.0199091378 0.025530513 0.0085157656 0.0169323783 0.015331962 0.0211651171 0.0066609326 0.013712229 0.0223645894 0.0082636005 0.0101204029 0.0062869927 0.0110874163 0.0155965512 0.0150220144 0.0319745491 0.010743482 0.0188438396 0.0111887667 0.0159896265 0.0224825882 0.0047832995 0.0117391819 0.0236932103 0.0169445641 0.0110897065 0.0068255966 0.0067986314 0.0152584767 0.013611775 0.0157591998 0.0193861433 0.0138798934 0.017760762 0.0214767976 0.0199866359 0.0194447264 0.0112742933 0.011412269 0.0229814999 0.0219661622 0.0183814091 0.0195506732 0.010916295 0.017886357 0.0094360194 0.0125741716 0.0108063093 
29 0.0110148986 0.0200396705 0.009844683 0.019054802 0.0062548659 0.021816615 0.0183542475 0.0132483577 0.0162275733 0.0207317382 0.0138639573 0.0219033077 0.0168359515 0.0196219841 0.0170451905 0.0280009187 0.0193650477 0.0086944704 0.0184782151 0.013214631 0.0107382684 0.0144018753 0.0192033664 0.0248044265 0.0106209208 0.008772183 0.0131993544 0.0110874163 0.014239851 0.0085456812 0.0076088192 0.0158128863 0.0078415707 0.013891312 0.0242414731 0.0164092369 0.0109681119 0.0138764864 0.0235421696 0.0181101626 0.0160748868 0.0061269884 0.0173676096 0.0223995417 0.0056515937 0.014149596 0.010138167 0.0179002926 0.0168954466 0.0123780421 0.0150545751 0.0240004072 0.0197938397 0.0115351128 0.0188194259 0.0151851036 0.0105710168 0.0200120939 0.0291514737 0.0100891483 0.0222198284 0.0079324579 0.016392724 0.0186339303 
30 0.0219107098 0.0180151027 0.0180465198 0.008346202 0.012233368 0.0149099533 0.0128145593 0.0111370326 0.0175723923 0.0076138677 0.0176017398 0.0174804273 0.0170009762 0.01398405 0.010776321 0.0171157637 0.0129972008 0.0178057205 0.0241311907 0.0185444176 0.0110127435 0.0136284164 0.0128205255 0.0173888252 0.0110850019 0.0181101823 0.0040651075 0.0155965512 0.0085456812 0.0217636412 0.0211979852 0.0225486691 0.0179169689 0.0284386414 0.0245987232 0.0145705052 0.0072475762 0.0112449456 0.0106883247 0.0098124677 0.0071139735 0.0287926648 0.021694448 0.0142358182 0.0171491742 0.0130835397 0.0085004472 0.0129517562 0.0235196536 0.0219673408 0.0084068343 0.0215912176 0.0208060315 0.0059138091 0.0126374536 0.0251942607 0.014495229 0.001835617 0.0104918764 0.025582276 0.0155118738 0.0140900153 0.0155467229 0.0265689683 
31 0.0170210066 0.0209922101 0.0157562051 0.0146256754 0.0096345772 0.029000397 0.0113459939 0.0118420744 0.0161600628 0.0229506171 0.0186443485 0.017523805 0.0128941849 0.0141489521 0.0130203487 0.015332866 0.0156412137 0.0269374359 0.0191170322 0.0122747704 0.0139823441 0.0183610357 0.0077679786 0.0177354302 0.0084768267 0.0193931627 0.0221705008 0.0150220144 0.0076088192 0.0211979852 0.0050009491 0.0104276104 0.0160970125 0.0134682318 0.0063664965 0.0179562049 0.0186089858 0.0040685216 0.0218899582 0.0217322939 0.0254112135 0.0035286779 0.0121809257 0.0189692573 0.0087362869 0.0162494409 0.0195705396 0.0117188413 0.0207812201 0.0155318027 0.0106696677 0.0127074039 0.013523128 0.01757562 0.0180095465 0.0166427227 0.0150169596 0.0126383879 0.0087377087 0.018353726 0.0236644822 0.0172289719 0.0180628711 0.0222944586 
32 0.01396394 0.0242657799 0.0105888707 0.0184939421 0.0239864083 0.0198442454 0.0243255804 0.0146071532 0.0145935964 0.0110066494 0.0162156083 0.0148858909 0.0149439773 0.006042625 0.0203740074 0.0247903351 0.0154620019 0.0138832158 0.0444169031 0.0134631852 0.0268998735 0.0138229431 0.0262553264 0.0054701638 0.0070626917 0.0154845618 0.0322624117 0.0319745491 0.0158128863 0.0225486691 0.0104276104 0.00884713 0.014557043 0.0092881002 0.0139494974 0.002708385 0.0152750101 0.0116869548 0.0103584928 0.0093516333 0.0141549163 0.0179722173 0.0115477085 0.0160264878 0.0184223451 0.0113639857 0.0056988163 0.020700994 0.0220379214 0.0108811699 0.0117958111 0.0143575142 0.0198588339 0.0091457998 0.0090392799 0.0105333719 0.0084814139 0.0158990364 0.0177490387 0.0094807446 0.0161164248 0.006554048 0.0202495344 0.0177347374 
33 0.0175418235 0.0131427527 0.019304876 0.0156539623 0.012411433 0.0175765415 0.0249936584 0.01463917 0.0069568938 0.0043709969 0.0045155823 0.0339806146 0.0164661529 0.0283342944 0.0212299378 0.0119732892 0.0258246044 0.0137994415 0.0118929811 0.0169468104 0.020526371 0.0111373171 0.007830747 0.0140834635 0.017629194 0.0250812707 0.0129106562 0.010743482 0.0078415707 0.0179169689 0.0160970125 0.014557043 0.0151568709 0.0213374228 0.0139650136 0.0179829213 0.010895744 0.0207295305 0.0187192136 0.0291067074 0.0171231239 0.0184257842 0.0105822698 0.0190447587 0.0114262395 0.0197811407 0.0088461268 0.0306092607 0.0072431584 0.018700374 0.0091756617 0.0221696561 0.0168007149 0.0100305414 0.0154557016 0.0119309966 0.0088986342 0.0104535564 0.0091213372 0.0031941044 0.0137458106 0.0199903356 0.0150927525 0.0163536231 
34 0.0194344619 0.0155071063 0.0066826039 0.0111394677 0.0284006537 0.0134345234 0.0144413357 0.0190432395 0.0120926504 0.020146533 0.0233459089 0.0086291639 0.0182538134 0.0116505892 0.0123881974 0.0194868092 0.0212604608 0.0232904478 0.0151602202 0.0167227543 0.0065855971 0.0216490015 0.0068418683 0.0095831768 0.0301196063 0.0186383137 0.0192146858 0.0188438396 0.013891312 0.0284386414 0.0134682318 0.0092881002 0.0213374228 0.0132658318 0.0146293984 0.0136256321 0.0168269966 0.0282480543 0.0143431522 0.0211125612 0.0063276984 0.0170858025 0.0132644156 0.0039109417 0.0148300206 0.0188145691 0.0104590663 0.0196277408 0.011682249 0.0135581298 0.0141098468 0.0261515494 0.0163388517 0.0212046821 0.0119008767 0.0103281285 0.016127993 0.0056888322 0.0103716052 0.0065137493 0.0198372375 0.0176316417 0.0111995189 0.0125724885 
35 0.0031021106 0.017589923 0.0286146946 0.0321477379 0.0172484949 0.0228684695 0.0101257512 0.0187576792 0.0168962565 0.0207525776 0.0267188605 0.0063300493 0.0194194882 0.0091311714 0.0011494916 0.0167032228 0.0128314264 0.0182693896 0.012822511 0.0196865134 0.0210140499 0.018521392 0.0197300544 0.0135483025 0.0121299023 0.0252169066 0.0053791066 0.0111887667 0.0242414731 0.0245987232 0.0063664965 0.0139494974 0.0139650136 0.0146293984 0.0 0.0185068578 0.0158078824 0.0045138515 0.0130174653 0.0204221566 0.0167098427 0.015723272 0.0161023428 0.0154132018 0.0042457773 0.0235387125 0.016512324 0.0208936507 0.0134010841 0.0239797294 0.0176599243 0.0090286979 0.0166576848 0.0155573335 0.0318735751 0.0173214416 0.0178653367 0.0100699143 0.0044924154 0.0124495304 0.0146038337 0.0139845881 0.0121482769 0.011854394 
36 0.0107221683 0.0195812013 0.0181327472 0.0082277433 0.0185375903 0.0156800232 0.0195920593 0.0195557728 0.0061277914 0.0186333686 0.012966895 0.0174183292 0.0187082537 0.0176560639 0.0231634798 0.0092237275 0.0156192056 0.025545368 0.0001377339 0.0114936186 0.014733584 0.0068894638 0.0150025347 0.0166430134 0.019310766 0.0309761181 0.0103379393 0.0159896265 0.0164092369 0.0145705052 0.0179562049 0.002708385 0.0179829213 0.0136256321 0.0185068578 0.0213334511 0.0112966835 0.0137966958 0.0077597249 0.0245755299 0.0095917245 0.0085971503 0.0295263407 0.0154022752 0.0261260711 0.0066652177 0.0159017529 0.0196077558 0.017283195 0.0211752897 0.0156578429 0.0121797413 0.0065589099 0.0175328875 0.0156377328 0.0146792991 0.0156689522 0.0336649877 0.0148379524 0.0129904896 0.0186861125 0.0090430529 0.019265878 0.006591373 
37 0.0246437846 0.0077654301 0.0150998482 0.0084224373 0.0165771602 0.0126953959 0.0238024007 0.0124430232 0.0248900672 0.0259121938 0.0100571428 0.0243987932 0.0208250312 0.0256743075 0.020309817 0.0191853102 0.0137961802 0.0171350511 0.0143040622 0.0106915802 0.0110594249 0.0152183897 0.0108536805 0.0208288013 0.0191756365 0.0153070158 0.0138212237 0.0224825882 0.0109681119 0.0072475762 0.0186089858 0.0152750101 0.010895744 0.0168269966 0.0158078824 0.0112966835 0.009458331 0.0162217395 0.0145099254 0.0286816278 0.016471384 0.0106158699 0.008714532 0.0125723832 0.020726408 0.0159437222 0.0156390073 0.0090182955 0.0133434007 0.0193414893 0.0141899652 0.0207364763 0.0075236829 0.0157463922 0.0094431165 0.0209261057 0.0212616189 0.0116921183 0.0046430786 0.0151487488 0.0178036646 0.0181191981 0.010177353 0.0170275974 
38 0.0148757158 0.0113456113 0.0175802242 0.0162513861 0.0108981671 0.016046517 0.0285077927 0.0162036316 0.0239664027 0.0164981192 0.0236328477 0.0256212704 0.0138892471 0.0126520301 0.0119435553 0.0241794775 0.0098365872 0.012167586 0.0205290294 0.0176117572 0.0040119229 0.0112172713 0.0268566223 0.0136050504 0.0096845099 0.025558204 0.0237594209 0.0047832995 0.0138764864 0.0112449456 0.0040685216 0.0116869548 0.0207295305 0.0282480543 0.0045138515 0.0137966958 0.0162217395 0.0172988208 0.0164269515 0.0109343185 0.0027497374 0.0326415711 0.010653166 0.0310893289 0.0194566176 0.0197933787 0.0179430739 0.0080169848 0.0132921098 0.0110807785 0.0156121198 0.0159126558 0.0143753188 0.0030633735 0.0166774433 0.0139183772 0.0090500803 0.0176863302 0.0170031596 0.0173577969 0.0220403607 0.0097981715 0.0073618825 0.0206660555 
39 0.0182726381 0.0047932425 0.0188967931 0.030356614 0.0212866281 0.0173726189 0.0150318283 0.0156714477 0.0148890993 0.0225127534 0.0315744801 0.007434445 0.0193204892 0.0184870825 0.0016489713 0.009573776 0.0059631488 0.0042339336 0.0203087022 0.0118206316 0.0182512628 0.0166875437 0.0100172332 0.0203962244 0.0168043048 0.0167434135 0.0155313162 0.0117391819 0.0235421696 0.0106883247 0.0218899582 0.0103584928 0.0187192136 0.0143431522 0.0130174653 0.0077597249 0.0145099254 0.0164269515 0.0292237872 0.0077056303 0.0075007071 0.0123479531 0.0142091841 0.0161302773 0.014603281 0.0141114068 0.0076782596 0.0090330398 0.0217531606 0.018092747 0.0168305127 0.0222887512 0.0156367652 0.0120791403 0.0166336477 0.0207977169 0.0086244074 0.0124355502 0.0262995678 0.0196634503 0.0197455675 0.0183242775 0.0131375997 0.0182384292 
40 0.01181761 0.0115009521 0.0232294705 0.015454747 0.0083607718 0.0193355246 0.0126010837 0.0174140893 0.013324525 0.0211146463 0.0262637685 0.0218483695 0.0133971947 0.0224831089 0.0261397881 0.0163421427 0.0229327011 0.018681801 0.0084256639 0.0065823403 0.0085735281 0.0079654524 0.0092274004 0.0113822663 0.0228217046 0.028280991 0.0158097311 0.0236932103 0.0181101626 0.0098124677 0.0217322939 0.0093516333 0.0291067074 0.0211125612 0.0204221566 0.0245755299 0.0286816278 0.0109343185 0.0077056303 0.0109819274 0.0098960699 0.0204593876 0.0155398733 0.0048251934 0.0151822509 0.012796007 0.0108123849 0.0238547546 0.0072136519 0.0083281449 0.0045676873 0.0217229477 0.0124840788 0.017777975 0.0117495011 0.0248197179 0.0081860362 0.0136648393 0.0141099528 0.0116801229 0.010898523 0.0165802689 0.0138500166 0.0114690145 
41 0.0145748604 0.0282377963 0.0165843928 0.0079265348 0.0045143529 0.0115771397 0.0126454851 0.0250939862 0.0136186042 0.0183175222 0.0134914934 0.0093649235 0.023387656 0.0261361117 0.0169640591 0.0198847813 0.0163016994 0.0218641911 0.0061683568 0.0244265025 0.0100639688 0.0164785787 0.0295681086 0.021241678 0.0067874831 0.0093471698 0.0341303967 0.0169445641 0.0160748868 0.0071139735 0.0254112135 0.0141549163 0.0171231239 0.0063276984 0.0167098427 0.0095917245 0.016471384 0.0027497374 0.0075007071 0.0098960699 0.0109056296 0.0159184386 0.0116647633 0.00713184 0.0202658456 0.023162998 0.0325024589 0.011217835 0.0129881784 0.0153739126 0.027090041 0.0127320284 0.0156596153 0.0034003878 0.0180575371 0.0170008037 0.0127675794 0.0059171618 0.015189152 0.0129231443 0.0254658052 0.0225495912 0.0133564268 0.0119911509 
42 0.0225124022 0.0084204389 0.0167273709 0.0130674289 0.0130900129 0.0084486665 0.017992292 0.0119772037 0.0258681128 0.0140429566 0.0100894154 0.0205119663 0.0095128968 0.0099232119 0.0107834691 0.0247073309 0.0159065959 0.0240043456 0.0096430131 0.0143438778 0.0187988082 0.0204504221 0.0145934166 0.0155006091 0.0161567042 0.0061549661 0.0156972904 0.0110897065 0.0061269884 0.0287926648 0.0035286779 0.0179722173 0.0184257842 0.0170858025 0.015723272 0.0085971503 0.0106158699 0.0326415711 0.0123479531 0.0204593876 0.0159184386 0.0090151909 0.0223273845 0.0163914119 0.0112289696 0.0124466817 0.0147953719 0.0186306356 0.0153269046 0.0155174152 0.0177483948 0.0126849235 0.0096011322 0.0155124958 0.0115457957 0.0193525753 0.0245124668 0.0269959986 0.0060985102 0.0192925372 0.0142482154 0.0194877655 0.0170299053 0.0219586088 
43 0.0206544655 0.026580119 0.016183542 0.0133116764 0.0125542869 0.0157672728 0.009527662 0.0119334667 0.0188110845 0.0169403169 0.018097302 0.0196182553 0.0138591803 0.0125375058 0.0136540986 0.0152632519 0.0197802567 0.0116705317 0.0145201784 0.0128543814 0.0176917965 0.0121218959 0.0102675513 0.0076094938 0.019199235 0.0040497981 0.0341282458 0.0068255966 0.0173676096 0.021694448 0.0121809257 0.0115477085 0.0105822698 0.0132644156 0.0161023428 0.0295263407 0.008714532 0.010653166 0.0142091841 0.0155398733 0.0116647633 0.0223273845 0.0275678061 0.0095689138 0.0186311073 0.0177956712 0.0176856309 0.0197976887 0.0211683585 0.0052977755 0.0137679143 0.0091179547 0.023174165 0.0117676645 0.0142024214 0.0108550126 0.0091079664 0.0104964035 0.0178462303 0.0258828787 0.0217809374 0.01277758 0.0222502188 0.0180722887 
44 0.0234291629 0.015482808 0.0163364299 0.0180180673 0.023384259 0.0159692252 0.0131853224 0.0130135499 0.0239953531 0.032184797 0.0068556015 0.0251545895 0.0212876929 0.011894876 0.0162154437 0.0317804918 0.0227339968 0.0126378269 0.0169449385 0.0099027619 0.0233443522 0.0174114597 0.0127957626 0.0168645793 0.0161573961 0.0110626551 0.00980075 0.0067986314 0.0223995417 0.0142358182 0.0189692573 0.0160264878 0.0190447587 0.0039109417 0.0154132018 0.0154022752 0.0125723832 0.0310893289 0.0161302773 0.0048251934 0.00713184 0.0163914119 0.0095689138 0.0 0.0153834048 0.0100569778 0.0114027549 0.0025223753 0.0286697533 0.0086962191 0.0187198863 0.0052616748 0.0040507421 0.0117828898 0.025047764 0.0133022631 0.0243418455 0.0173065976 0.0236308601 0.0103138109 0.017192174 0.008883986 0.0286669132 0.0070126965 
45 0.0236838036 0.0135906689 0.0218231311 0.0100589041 0.0121844208 0.0142141824 0.0146829508 0.0255099988 0.0163602746 0.0097404774 0.0199348641 0.0104214045 0.0193859949 0.0175684888 0.0155535954 0.0080722929 0.0197746665 0.0143399773 0.0110817707 0.013598814 0.0228552293 0.0120932255 0.0104220281 0.0269746684 0.0144094048 0.0161174069 0.0098242773 0.0152584767 0.0056515937 0.0171491742 0.0087362869 0.0184223451 0.0114262395 0.0148300206 0.0042457773 0.0261260711 0.020726408 0.0194566176 0.014603281 0.0151822509 0.0202658456 0.0112289696 0.0186311073 0.0153834048 0.0198010164 0.0160081089 0.0167990867 0.0133731796 0.008121584 0.0164844005 0.0240365298 0.0108300286 0.0121537473 0.0096634997 0.0159709783 0.0181908416 0.0243931919 0.0212356993 0.0084626118 0.0142364984 0.023783738 0.0072447875 0.0158213959 0.021788284 
46 0.0047378269 0.0149599144 0.0165974202 0.0131999052 0.0121427603 0.0173566431 0.015121166 0.0070538501 0.008536592 0.0194294746 0.0136062597 0.0121401181 0.0173505882 0.0219688162 0.0211625986 0.0097239299 0.0187114361 0.0216948665 0.0238082675 0.0215648179 0.0123240547 0.0185161204 0.011872479 0.0005332672 0.0256272706 0.0306500036 0.0069022818 0.013611775 0.014149596 0.0130835397 0.0162494409 0.0113639857 0.0197811407 0.0188145691 0.0235387125 0.0066652177 0.0159437222 0.0197933787 0.0141114068 0.012796007 0.023162998 0.0124466817 0.0177956712 0.0100569778 0.0160081089 0.008543831 0.0270433732 0.0192079032 0.0267754041 0.0141166736 0.0188228074 0.0283755383 0.0061556593 0.0104572216 0.0122156947 0.0094536075 0.0225150374 0.0047746921 0.0093910762 0.0086823389 0.008105875 0.0206059134 0.0246207724 0.0234709228 
47 0.0185965194 0.0080020552 0.0221888465 0.0169795871 0.031717925 0.0146640416 0.0199233003 0.0139547098 0.0098755609 0.0209946764 0.0146010233 0.0145068868 0.0094781137 0.0127454995 0.0181425903 0.0095341284 0.0176207314 0.0172350684 0.020480185 0.0096998134 0.0248076933 0.0156345833 0.0149147431 0.029042864 0.0069003 0.0059659996 0.0256042654 0.0157591998 0.010138167 0.0085004472 0.0195705396 0.0056988163 0.0088461268 0.0104590663 0.016512324 0.0159017529 0.0156390073 0.0179430739 0.0076782596 0.0108123849 0.0325024589 0.0147953719 0.0176856309 0.0114027549 0.0167990867 0.0270433732 0.0031112572 0.0220213772 0.013986618 0.0148753964 0.022509532 0.0217412364 0.0311796819 0.0178406521 0.0200105994 0.0151882933 0.0135562535 0.0097492993 0.0227328289 0.0043804426 0.0074283687 0.0209832511 0.0058481947 0.005357164 
48 0.0140526271 0.0213428739 0.0146231498 0.0130458175 0.0147825155 0.0178449387 0.0075971771 0.0102907639 0.0098923936 0.0080025847 0.0127169475 0.0159868578 0.0225246153 0.026798524 0.0158387682 0.0154718128 0.0089313166 0.0185531975 0.0174676125 0.0137459194 0.0167651631 0.0133542094 0.02357733 0.0193859694 0.0046849671 0.0148723546 0.0091389963 0.0193861433 0.0179002926 0.0129517562 0.0117188413 0.020700994 0.0306092607 0.0196277408 0.0208936507 0.0196077558 0.0090182955 0.0080169848 0.0090330398 0.0238547546 0.011217835 0.0186306356 0.0197976887 0.0025223753 0.0133731796 0.0192079032 0.0220213772 0.0192353883 0.0187232871 0.0137620645 0.0163048933 0.0172617854 0.0134914094 0.0247425137 0.0096022144 0.0171104993 0.0245182605 0.0149936412 0.0173238916 0.0118036383 0.0086133542 0.0073954206 0.0268143814 0.0069234491 
