50
1 0.0 0.0256956586 0.0203140742 0.0311168333 0.0211730124 0.0173466014 0.0170626702 0.0131964709 0.0160791642 0.0324079423 0.0211213684 0.0132318716 0.0109523037 0.0207587354 0.0293457071 0.0183764579 0.0171356732 0.0233103959 0.0200727041 0.0199904998 0.0100068098 0.0271083792 0.0127977395 0.0231463872 0.0106766069 0.0265267774 0.0266947271 0.012785122 0.0193431033 0.0063365064 0.0252058817 0.0293782939 0.025838022 0.0326059282 0.0213541161 0.0036651956 0.0314405999 0.0253743154 0.0058956678 0.0192921229 0.0027427101 0.0156379663 0.0277731337 0.026005158 0.0236939999 0.0111946329 0.0239571072 0.0273110306 0.0265807107 0.0309431039
2 0.0256956586 0.0 0.0203099601 0.0245733733 0.0253407989 0.0232266876 0.0326685255 0.0196097749 0.0198038397 0.0125885409 0.0161811238 0.0027808854 0.0238314732 0.0284608666 0.0251704591 0.0133751773 0.0165325404 0.0340741109 0.0329728496 0.0244838411 0.0317416789 0.0104078064 0.0185941606 0.0307695527 0.0123107218 0.034022316 0.0197555797 0.0261035056 0.0084927156 0.0348627378 0.0098580129 0.0224484547 0.017976582 0.0196585223 0.0189962704 0.0179494041 0.0254172763 0.0167405975 0.0207634964 0.0098209834 0.0208884596 0.0186507393 0.0141423214 0.0197130179 0.022050821 0.0132697521 0.016708565 0.0164664939 0.0105191216 0.0192198461
3 0.0203140742 0.0203099601 0.0 0.0132792185 0.0316719991 0.025205727 0.0228148064 0.0222230113 0.0155292448 0.0201605788 0.0214361106 0.0044337146 0.0250379595 0.0246905899 0.0092361666 0.0116570388 0.0119508942 0.0231177017 0.0209533443 0.0112012753 0.0207828262 0.0298537758 0.0171701073 0.032401248 0.0220839707 0.0192340045 0.0070855998 0.015679463 0.0288879331 0.0142037313 0.0280827227 0.0182896303 0.0115932977 0.0287352515 0.0145253162 0.0117010104 0.0315058328 0.0274399506 0.0266557797 0.0110708799 0.0212804935 0.0154883387 0.026388108 0.0164011334 0.0194218387 0.0226222471 0.0327583201 0.0257423771 0.0229497021 0.0247416943
4 0.0311168333 0.0245733733 0.0132792185 0.0 0.0219701117 0.0278094837 0.0185810397 0.0261581362 0.024282898 0.0283952049 0.0167463973 0.0293147893 0.008897811 0.0158130948 0.0200009794 0.0206165714 0.0292354027 0.0176348366 0.0146851043 0.0229461932 0.0179288909 0.0232803151 0.0213714682 0.0063268364 0.0292503662 0.0316753147 0.0185734414 0.0252870793 0.0316013531 0.0152358544 0.0080606685 0.0181687951 0.0204154207 0.0206070179 0.0104217864 0.0272857214 0.0251076674 0.0286793958 0.0196748189 0.0159312498 0.012642514 0.0281010297 0.0197444066 0.0220886265 0.0163770169 0.0159299078 0.0124749553 0.0047494318 0.0228225473 0.018128623
5 0.0211730124 0.0253407989 0.0316719991 0.0219701117 0.0 0.0078170382 0.0050108324 0.019246804 0.01416908 0.0397546215 0.0122707978 0.0129005773 0.0288392093 0.0159515961 0.0164010988 0.0258989263 0.0273183481 0.0263320153 0.018894856 0.0293739596 0.016891269 0.0080640231 0.0249365372 0.0203048787 0.0346747744 0.0347973235 0.0188232718 0.0134782363 0.0298968816 0.0072277424 0.0185348952 0.0193088196 0.0179348373 0.0186109008 0.0188807344 0.0040009107 0.0233297047 0.0242263865 0.0235048589 0.0275517724 0.0198424037 0.0156676126 0.0376677341 0.0357001275 0.0158446392 0.0110423569 0.0121109851 0.012356094 0.0053687047 0.0290849008
6 0.0173466014 0.0232266876 0.025205727 0.0278094837 0.0078170382 0.0 0.015476497 0.016907586 0.0086149821 0.0256515225 0.0222300475 0.0143528058 0.0170034035 0.0265187293 0.0209484458 0.0161383365 0.0221611688 0.0054971215 0.023768328 0.006142964 0.0234968105 0.0252641347 0.0094052118 0.027706896 0.024411201 0.0230932031 0.0295095748 0.0226544628 0.0174802534 0.0107208689 0.0222312583 0.0168840884 0.0132088294 0.0196294191 0.014962631 0.0144105099 0.0205296481 0.012410259 0.0118728478 0.0143840482 0.0152241898 0.0351383631 0.0285372202 0.0316675014 0.0303175104 0.0306573776 0.0194107884 0.0251598043 0.0297039812 0.0370996312
7 0.0170626702 0.0326685255 0.0228148064 0.0185810397 0.0050108324 0.015476497 0.0 0.0181019664 0.0255098035 0.0257302408 0.0177259827 0.0293939562 0.0192610326 0.0168718114 0.0058398659 0.0170977528 0.0212852431 0.0252517524 0.0184459298 0.023750145 0.0076854462 0.0283637522 0.0243174109 0.0111046429 0.0081412401 0.0163819428 0.0065912691 0.0211160636 0.0233592064 0.0220802715 0.0314440378 0.0211842502 0.019879034 0.0264139022 0.0160715802 0.008046987 0.0267342393 0.0227448876 0.0236666366 0.0321824421 0.0170430554 0.0045750467 0.0346259792 0.0137978257 0.038314391 0.0306233334 0.0225840259 0.0304207708 0.0150061979 0.0196202777
8 0.0131964709 0.0196097749 0.0222230113 0.0261581362 0.019246804 0.016907586 0.0181019664 0.0 0.0342854836 0.0335487152 0.0156123091 0.0215142582 0.0122234208 0.0193317789 0.014461674 0.0333985448 0.0191561395 0.0175485088 0.0082670708 0.0087990975 0.0286779073 0.0267401601 0.011866054 0.0177137316 0.0135404305 0.0180650294 0.0146927669 0.0163940913 0.0217097902 0.0123324214 0.0096361623 0.0169830281 0.0289187438 0.0391589243 0.0209456694 0.0221008112 0.0166217868 0.021443955 0.0429365529 0.0106519276 0.0162320673 0.0231382179 0.0284852447 0.0258593119 0.0104530047 0.0189807653 0.0160416388 0.0342395361 0.0244781136 0.0173714048
9 0.0160791642 0.0198038397 0.0155292448 0.024282898 0.01416908 0.0086149821 0.0255098035 0.0342854836 0.0 0.002664652 0.02648366 0.0292890148 0.0187545498 0.0120186165 0.026870841 0.0068755273 0.0243859024 0.0176936936 0.0043015314 0.0313171908 0.0200231637 0.0334960679 0.0317945595 0.0271330698 0.0182730519 0.0017233023 0.0286633126 0.0263075992 0.0271760445 0.0025395754 0.0299414454 0.0147018633 0.0134725922 0.0207679573 0.0267066506 0.033009874 0.0291080103 0.0145662398 0.0115261473 0.0358125053 0.0181305185 0.0064400955 0.0128118757 0.0183057183 0.0408473754 0.0246719507 0.0171208022 0.0246582515 0.0132147143 0.0181259899
10 0.0324079423 0.0125885409 0.0201605788 0.0283952049 0.0397546215 0.0256515225 0.0257302408 0.0335487152 0.002664652 0.0 0.0353757832 0.0251825005 0.0210627997 0.0169245152 0.0060476992 0.0345986155 0.0174048906 0.0223699031 0.0243556322 0.0199868769 0.0285139613 0.0102685271 0.0033194837 0.0110181747 0.0064770185 0.0127275476 0.0219700939 0.0226115599 0.0086397372 0.0184760355 0.0260105709 0.0299377793 0.0284498507 0.0295205244 0.0078559267 0.0111857159 0.0221560875 0.0147459431 0.0354226615 0.0161028835 0.0233504952 0.0129129942 0.0175899164 0.0339557584 0.0060533897 0.0272949292 0.009094617 0.0167986055 0.0312409225 0.0120870547
11 0.0211213684 0.0161811238 0.0214361106 0.0167463973 0.0122707978 0.0222300475 0.0177259827 0.0156123091 0.02648366 0.0353757832 0.0 0.0414153053 0.0258548776 0.0236627682 0.0067562459 0.0275496902 0.0078446299 0.0268173187 0.0247121533 0.0207609267 0.0257677755 0.0097502566 0.0149732507 0.0207372292 0.008711902 0.0091305247 0.0254786202 0.0212737155 0.0167524335 0.0309463856 0.0211517071 0.0224443455 0.0262051428 0.0296792737 0.0049577522 0.0034186981 0.0251619856 0.0285490725 0.0102765459 0.0241573171 0.0145580691 0.0240689349 0.019787579 0.0323688838 0.0205189175 0.0262141011 0.031898315 0.0118049162 0.0261319043 0.0025669487
12 0.0132318716 0.0027808854 0.0044337146 0.0293147893 0.0129005773 0.0143528058 0.0293939562 0.0215142582 0.0292890148 0.0251825005 0.0414153053 0.0 0.012979124 0.0184199301 0.0003753508 0.013064438 0.0272354658 0.0197881337 0.0207079898 0.0153368053 0.0235569248 0.0233253738 0.0140144653 0.0288144214 0.0304782756 0.0122429698 0.0215860943 0.0260831788 0.0080375343 0.0188136062 0.0324563329 0.0150679804 0.0289155736 0.046746026 0.0131336736 0.0046112804 0.004302546 0.0229789969 0.0162793673 0.0244182732 0.0306632614 0.0390566688 0.0310495363 0.0181272044 0.005131942 0.0199912311 0.0401868665 0.0231921587 0.020519839 0.0045014807
13 0.0109523037 0.0238314732 0.0250379595 0.008897811 0.0288392093 0.0170034035 0.0192610326 0.0122234208 0.0187545498 0.0210627997 0.0258548776 0.012979124 0.0 0.03269744 0.0354875589 0.0225995928 0.0368875402 0.0151156851 0.0391071844 0.0035553888 0.0266898594 0.0123145802 0.0160853864 0.0207904899 0.0245544033 0.0236961788 0.0185785772 0.0314844469 0.005969149 0.0030457421 0.03072733 0.0358431766 0.0327792047 0.0213420677 0.0225027057 0.0325247293 0.0075704209 0.011309652 0.0147244009 0.0199101389 0.0128611209 0.0295733505 0.0167337136 0.027420937 0.0079448362 0.0105932335 0.0131517495 0.0187716571 0.0232003611 0.0171580456
14 0.0207587354 0.0284608666 0.0246905899 0.0158130948 0.0159515961 0.0265187293 0.0168718114 0.0193317789 0.0120186165 0.0169245152 0.0236627682 0.0184199301 0.03269744 0.0 0.0351330647 0.0215681077 0.0040889752 0.0164126092 0.0181155159 0.0239036052 0.0129391755 0.0362656927 0.0361218045 0.0158016792 0.0185474913 0.0323283405 0.0211686337 0.0244386102 0.0191459778 0.0226440107 0.0158938614 0.0134913138 0.0150791445 0.0233610577 0.0131772863 0.0074155895 0.0184269436 0.0305760184 0.0180766044 0.0289298616 0.0299361821 0.0222906388 0.0159111095 0.0180355049 0.0031591404 0.014927881 0.0056384427 0.0255067792 0.02319824 0.026224634
15 0.0293457071 0.0251704591 0.0092361666 0.0200009794 0.0164010988 0.0209484458 0.0058398659 0.014461674 0.026870841 0.0060476992 0.0067562459 0.0003753508 0.0354875589 0.0351330647 0.0 0.0192940958 0.0313118636 0.0334987464 0.0281496152 0.0253875643 0.0109166435 0.0250285155 0.0248598779 0.0254556865 0.0211582305 0.0029407537 0.0021129588 0.0280121792 0.0164453303 0.0268508402 0.0197454773 0.0133585049 0.0203057366 0.0272791255 0.0358724903 0.0239096598 0.03081882 0.0412164166 0.0296882956 0.0151088654 0.0114748077 0.0256322873 0.0066006411 0.0187500425 0.020058603 0.010599987 0.0112382486 0.0066196577 0.0257862221 0.0324380524
16 0.0183764579 0.0133751773 0.0116570388 0.0206165714 0.0258989263 0.0161383365 0.0170977528 0.0333985448 0.0068755273 0.0345986155 0.0275496902 0.013064438 0.0225995928 0.0215681077 0.0192940958 0.0 0.0229958715 0.0069142045 0.0117220432 0.0013653356 0.0234324649 0.012357393 0.0246063731 0.0238089155 0.0290107188 0.0107896291 0.0190739653 0.0291077412 0.0279102624 0.0323944556 0.0231599523 0.0098238117 0.0173497104 0.024185698 0.0314478742 0.0197716294 0.019778286 0.0256650787 0.0251605199 0.0160046617 0.0161840797 0.0178399435 0.0161056124 0.0180325078 0.0234845212 0.0235740518 0.0219940994 0.0220121947 0.0321482193 0.0186793011
17 0.0171356732 0.0165325404 0.0119508942 0.0292354027 0.0273183481 0.0221611688 0.0212852431 0.0191561395 0.0243859024 0.0174048906 0.0078446299 0.0272354658 0.0368875402 0.0040889752 0.0313118636 0.0229958715 0.0 0.0170085922 0.0169426781 0.0291991948 0.0349282802 0.0095001172 0.0125642754 0.0183586775 0.0099872247 0.0320986647 0.0169431879 0.0218168493 0.001319833 0.0265444556 0.0325675994 0.0205783959 0.0208295501 0.014287691 0.0275553564 0.0200510747 0.0353149293 0.0252652145 0.0062735686 0.0212837745 0.0185252996 0.015597467 0.0251854618 0.0089059118 0.0234185555 0.0248772409 0.0292532823 0.0107807008 0.0099939852 0.0253123605
18 0.0233103959 0.0340741109 0.0231177017 0.0176348366 0.0263320153 0.0054971215 0.0252517524 0.0175485088 0.0176936936 0.0223699031 0.0268173187 0.0197881337 0.0151156851 0.0164126092 0.0334987464 0.0069142045 0.0170085922 0.0 0.0233198973 0.0294504989 0.0103700268 0.0177664347 0.0208578576 0.028448903 0.0225746219 0.0142186866 0.0179358798 0.0194493341 0.0202207367 0.0215840992 0.0020802106 0.0278723556 0.0173160912 0.0307521998 0.0233786623 0.0217921686 0.0136674257 0.0156721146 0.0221390892 0.0167626693 0.0115698695 0.0309040676 0.031458574 0.0199797053 0.0278008875 0.0171852262 0.0119676238 0.0308436819 0.0132754397 0.0189996313
19 0.0200727041 0.0329728496 0.0209533443 0.0146851043 0.018894856 0.023768328 0.0184459298 0.0082670708 0.0043015314 0.0243556322 0.0247121533 0.0207079898 0.0391071844 0.0181155159 0.0281496152 0.0117220432 0.0169426781 0.0233198973 0.0 0.0230733337 0.0170315562 0.0056463841 0.0332239525 0.0257164624 0.0285005649 0.0217085063 0.0218673507 0.0204164551 0.0253966039 0.0159574597 0.0239562622 0.0252107633 0.0202305173 0.0162458521 0.0280063357 0.0362479521 0.0175085717 0.0076980477 0.0427513536 0.01116878 0.0193880556 0.0050764381 0.0015931132 0.0092127505 0.0373888957 0.0085809873 0.0205348632 0.025173746 0.0168298656 0.0191637916
20 0.0199904998 0.0244838411 0.0112012753 0.0229461932 0.0293739596 0.006142964 0.023750145 0.0087990975 0.0313171908 0.0199868769 0.0207609267 0.0153368053 0.0035553888 0.0239036052 0.0253875643 0.0013653356 0.0291991948 0.0294504989 0.0230733337 0.0 0.0236970773 0.0274152184 0.0212285002 0.0299005545 0.005281624 0.0240056966 0.0287514395 0.0185848171 0.0214344446 0.0107245257 0.008771963 0.0157582045 0.0243663334 0.0212666421 0.0136285231 0.0177182706 0.026097031 0.0227008645 0.0205105669 0.0339512305 0.0204454048 0.0187974466 0.0086200021 0.02166926 0.0229736491 0.0274520212 0.0274053411 0.0274930171 0.0233240934 0.0160015403
21 0.0100068098 0.0317416789 0.0207828262 0.0179288909 0.016891269 0.0234968105 0.0076854462 0.0286779073 0.0200231637 0.0285139613 0.0257677755 0.0235569248 0.0266898594 0.0129391755 0.0109166435 0.0234324649 0.0349282802 0.0103700268 0.0170315562 0.0236970773 0.0 0.0249296422 0.0368753904 0.0194211923 0.0138051926 0.0164818184 0.0185601638 0.0222463005 0.0143393454 0.0155289232 0.0325021497 0.0160860394 0.0211155586 0.02163132 0.0214136595 0.0322262441 0.0272620438 0.029775689 0.0254397605 0.022094077 0.0198364371 0.0365643661 0.0119127051 0.0006223004 0.0217298678 0.0244462929 0.0078730824 0.0083655347 0.0118421124 0.0099942428
22 0.0271083792 0.0104078064 0.0298537758 0.0232803151 0.0080640231 0.0252641347 0.0283637522 0.0267401601 0.0334960679 0.0102685271 0.0097502566 0.0233253738 0.0123145802 0.0362656927 0.0250285155 0.012357393 0.0095001172 0.0177664347 0.0056463841 0.0274152184 0.0249296422 0.0 0.0213866677 0.0140854017 0.0172369615 0.0293133841 0.0171728706 0.0226696103 0.0213181937 0.030069062 0.0268983895 0.0187116622 0.0319390469 0.0214678964 0.0233249627 0.035537223 0.0166539535 0.0063469134 0.0236607426 0.0087354364 0.0272146423 0.0164207403 0.0179451632 0.0247947716 0.0252796262 0.0048566448 0.0122388416 0.0290930947 0.0171632392 0.0113183078
23 0.0127977395 0.0185941606 0.0171701073 0.0213714682 0.0249365372 0.0094052118 0.0243174109 0.011866054 0.0317945595 0.0033194837 0.0149732507 0.0140144653 0.0160853864 0.0361218045 0.0248598779 0.0246063731 0.0125642754 0.0208578576 0.0332239525 0.0212285002 0.0368753904 0.0213866677 0.0 0.0077093368 0.0310036609 0.0041099219 0.0218627989 0.0037863963 0.0071660053 0.0171620369 0.0361320422 0.026630422 0.0206412238 0.0245962939 0.0126047807 0.0197252548 0.0264797165 0.0355962318 0.0134632978 0.0290129409 0.0274020144 0.0040246085 0.0227919185 0.0238730346 0.0058766459 0.0376255275 0.0230247075 0.0163741526 0.0293570612 0.0195974337
24 0.0231463872 0.0307695527 0.032401248 0.0063268364 0.0203048787 0.027706896 0.0111046429 0.0177137316 0.0271330698 0.0110181747 0.0207372292 0.0288144214 0.0207904899 0.0158016792 0.0254556865 0.0238089155 0.0183586775 0.028448903 0.0257164624 0.0299005545 0.0194211923 0.0140854017 0.0077093368 0.0 0.0263450304 0.0200484576 0.0264279957 0.0145834264 0.0154093781 0.0053768019 0.0277117985 0.0091069947 0.0228850408 0.0083541565 0.0325211659 0.02431188 0.0158561039 0.0148822882 0.0154867575 0.0296763116 0.0246093248 0.0148584119 0.0057920914 0.0295079687 0.0324429603 0.0161336345 0.0183358383 0.0218134821 0.0175189157 0.0233294168
25 0.0106766069 0.0123107218 0.0220839707 0.0292503662 0.0346747744 0.024411201 0.0081412401 0.0135404305 0.0182730519 0.0064770185 0.008711902 0.0304782756 0.0245544033 0.0185474913 0.0211582305 0.0290107188 0.0099872247 0.0225746219 0.0285005649 0.005281624 0.0138051926 0.0172369615 0.0310036609 0.0263450304 0.0 0.0262440607 0.0222596474 0.0173582072 0.0391660701 0.0322639286 0.0012629056 0.0262740876 0.0125847767 0.004061832 0.027602837 0.0185495935 0.011946472 0.0127990947 0.0063326653 0.0377684005 0.0219027271 0.0268839708 0.021066162 0.019843677 0.0301541459 0.018917995 0.0268031731 0.0294199519 0.0275327232 0.0139656107
26 0.0265267774 0.034022316 0.0192340045 0.0316753147 0.0347973235 0.0230932031 0.0163819428 0.0180650294 0.0017233023 0.0127275476 0.0091305247 0.0122429698 0.0236961788 0.0323283405 0.0029407537 0.0107896291 0.0320986647 0.0142186866 0.0217085063 0.0240056966 0.0164818184 0.0293133841 0.0041099219 0.0200484576 0.0262440607 0.0 0.0176782833 0.0242862726 0.0087302564 0.0229634933 0.0163405723 0.0224432331 0.017801935 0.003283757 0.0320992733 0.0277589625 0.0242967023 0.0154271966 0.0264692665 0.0146145085 0.0337625519 0.0345134102 0.0226396843 0.0157837331 0.0298166582 0.021962384 0.0030154118 0.0230123124 0.0321891503 0.0115066365
27 0.0266947271 0.0197555797 0.0070855998 0.0185734414 0.0188232718 0.0295095748 0.0065912691 0.0146927669 0.0286633126 0.0219700939 0.0254786202 0.0215860943 0.0185785772 0.0211686337 0.0021129588 0.0190739653 0.0169431879 0.0179358798 0.0218673507 0.0287514395 0.0185601638 0.0171728706 0.0218627989 0.0264279957 0.0222596474 0.0176782833 0.0 0.0185122862 0.0201321995 0.0293025634 0.0268198568 0.0263198436 0.0315461751 0.0110582444 0.0294238229 0.0213779478 0.0113252668 0.0248289964 0.0322657683 0.0037156649 0.0184024375 0.0244247786 0.0118632511 0.028934034 0.0247474366 0.0123596572 0.0285952689 0.012279141 0.0122290095 0.0297182455
28 0.012785122 0.0261035056 0.015679463 0.0252870793 0.0134782363 0.0226544628 0.0211160636 0.0163940913 0.0263075992 0.0226115599 0.0212737155 0.0260831788 0.0314844469 0.0244386102 0.0280121792 0.0291077412 0.0218168493 0.0194493341 0.0204164551 0.0185848171 0.0222463005 0.0226696103 0.0037863963 0.0145834264 0.0173582072 0.0242862726 0.0185122862 0.0 0.02542109 0.023629925 0.0203670317 0.0101058527 0.0089834642 0.0212735038 0.0149278599 0.0064240341 0.0184626709 0.0180246925 0.0393445186 0.0132947283 0.0214156741 0.0158743506 0.0207940933 0.025326799 0.0182011284 0.0122435422 0.0323660706 0.0112036978 0.0247520305 0.0310362321
29 0.0193431033 0.0084927156 0.0288879331 0.0316013531 0.0298968816 0.0174802534 0.0233592064 0.0217097902 0.0271760445 0.0086397372 0.0167524335 0.0080375343 0.005969149 0.0191459778 0.0164453303 0.0279102624 0.001319833 0.0202207367 0.0253966039 0.0214344446 0.0143393454 0.0213181937 0.0071660053 0.0154093781 0.0391660701 0.0087302564 0.0201321995 0.02542109 0.0 0.0312476486 0.0193624198 0.0263306097 0.0121803405 0.0128337467 0.0154216883 0.0170117094 0.0236773342 0.0387372138 0.0180300225 0.0211875684 0.0094991053 0.0430546842 0.0280175664 0.0355865705 0.0271824104 0.0224593797 0.0179190885 0.0132190246 0.0189011656 0.0172388403
30 0.0063365064 0.0348627378 0.0142037313 0.0152358544 0.0072277424 0.0107208689 0.0220802715 0.0123324214 0.0025395754 0.0184760355 0.0309463856 0.0188136062 0.0030457421 0.0226440107 0.0268508402 0.0323944556 0.0265444556 0.0215840992 0.0159574597 0.0107245257 0.0155289232 0.030069062 0.0171620369 0.0053768019 0.0322639286 0.0229634933 0.0293025634 0.023629925 0.0312476486 0.0 0.0215379726 0.0224012971 0.0144749347 0.0113633441 0.0141614829 0.0313280883 0.0313494487 0.0208686769 0.0238540785 0.0198972461 0.03357085 0.0113978807 0.0277708731 0.0187182638 0.0246665529 0.0197884323 0.020573354 0.0150678315 0.0228540398 0.0332896438
31 0.0252058817 0.0098580129 0.0280827227 0.0080606685 0.0185348952 0.0222312583 0.0314440378 0.0096361623 0.0299414454 0.0260105709 0.0211517071 0.0324563329 0.03072733 0.0158938614 0.0197454773 0.0231599523 0.0325675994 0.0020802106 0.0239562622 0.008771963 0.0325021497 0.0268983895 0.0361320422 0.0277117985 0.0012629056 0.0163405723 0.0268198568 0.0203670317 0.0193624198 0.0215379726 0.0 0.0074267526 0.0218250607 0.0240178278 0.0285875504 0.0253594348 0.0177278377 0.0153475192 0.0055356046 0.0263580561 0.0158159747 0.0169017156 0.0214871764 0.0264214123 0.0045467381 0.0157888555 0.0193517513 0.0249981087 0.0094157102 0.0246354224
32 0.0293782939 0.0224484547 0.0182896303 0.0181687951 0.0193088196 0.0168840884 0.0211842502 0.0169830281 0.0147018633 0.0299377793 0.0224443455 0.0150679804 0.0358431766 0.0134913138 0.0133585049 0.0098238117 0.0205783959 0.0278723556 0.0252107633 0.0157582045 0.0160860394 0.0187116622 0.026630422 0.0091069947 0.0262740876 0.0224432331 0.0263198436 0.0101058527 0.0263306097 0.0224012971 0.0074267526 0.0 0.0181315146 0.0185080767 0.025692596 0.035531441 0.0232844386 0.0180638783 0.0237751532 0.0262294721 0.0280689761 0.0108824754 0.0270100917 0.0185954443 0.022166701 0.0181409686 0.0113727641 0.0137733835 0.0220261582 0.0201758168
33 0.025838022 0.017976582 0.0115932977 0.0204154207 0.0179348373 0.0132088294 0.019879034 0.0289187438 0.0134725922 0.0284498507 0.0262051428 0.0289155736 0.0327792047 0.0150791445 0.0203057366 0.0173497104 0.0208295501 0.0173160912 0.0202305173 0.0243663334 0.0211155586 0.0319390469 0.0206412238 0.0228850408 0.0125847767 0.017801935 0.0315461751 0.0089834642 0.0121803405 0.0144749347 0.0218250607 0.0181315146 0.0 0.035004775 0.0136008691 0.0185872678 0.0097862481 0.0210461135 0.0232339694 0.0223300764 0.023442094 0.027319831 0.0336653352 0.0218772068 0.0194463261 0.0285110673 0.0063506963 0.0095286194 0.0215147561 0.0095814628
34 0.0326059282 0.0196585223 0.0287352515 0.0206070179 0.0186109008 0.0196294191 0.0264139022 0.0391589243 0.0207679573 0.0295205244 0.0296792737 0.046746026 0.0213420677 0.0233610577 0.0272791255 0.024185698 0.014287691 0.0307521998 0.0162458521 0.0212666421 0.02163132 0.0214678964 0.0245962939 0.0083541565 0.004061832 0.003283757 0.0110582444 0.0212735038 0.0128337467 0.0113633441 0.0240178278 0.0185080767 0.035004775 0.0 0.0123537565 0.0202006362 0.0113378447 0.0140445489 0.0233665481 0.017490422 0.0059731031 0.0182341461 0.0302899695 0.0126421851 0.0130501599 0.0164397562 0.0243237579 0.0239890569 0.0211233923 0.0068319609
35 0.0213541161 0.0189962704 0.0145253162 0.0104217864 0.0188807344 0.014962631 0.0160715802 0.0209456694 0.0267066506 0.0078559267 0.0049577522 0.0131336736 0.0225027057 0.0131772863 0.0358724903 0.0314478742 0.0275553564 0.0233786623 0.0280063357 0.0136285231 0.0214136595 0.0233249627 0.0126047807 0.0325211659 0.027602837 0.0320992733 0.0294238229 0.0149278599 0.0154216883 0.0141614829 0.0285875504 0.025692596 0.0136008691 0.0123537565 0.0 0.0230453018 0.0077453063 0.0250876487 0.0179155549 0.0248627152 0.0158242649 0.0145287965 0.0248522773 0.0158928707 0.0249592597 0.0154234323 0.0291254125 0.0169093767 0.0213263989 0.0343837373
36 0.0036651956 0.0179494041 0.0117010104 0.0272857214 0.0040009107 0.0144105099 0.008046987 0.0221008112 0.033009874 0.0111857159 0.0034186981 0.0046112804 0.0325247293 0.0074155895 0.0239096598 0.0197716294 0.0200510747 0.0217921686 0.0362479521 0.0177182706 0.0322262441 0.035537223 0.0197252548 0.02431188 0.0185495935 0.0277589625 0.0213779478 0.0064240341 0.0170117094 0.0313280883 0.0253594348 0.035531441 0.0185872678 0.0202006362 0.0230453018 0.0 0.0166702936 0.0304128804 0.0288946755 0.0022745264 0.0110298563 0.0254777462 0.0196655346 0.0156703576 0.0148661211 0.0122688681 0.0348611039 0.0300334212 0.0335763089 0.0265060942
37 0.0314405999 0.0254172763 0.0315058328 0.0251076674 0.0233297047 0.0205296481 0.0267342393 0.0166217868 0.0291080103 0.0221560875 0.0251619856 0.004302546 0.0075704209 0.0184269436 0.03081882 0.019778286 0.0353149293 0.0136674257 0.0175085717 0.026097031 0.0272620438 0.0166539535 0.0264797165 0.0158561039 0.011946472 0.0242967023 0.0113252668 0.0184626709 0.0236773342 0.0313494487 0.0177278377 0.0232844386 0.0097862481 0.0113378447 0.0077453063 0.0166702936 0.0 0.010765524 0.0257506114 0.020758966 0.0266327792 0.0369314726 0.0086412139 0.0078197324 0.0042761359 0.0270593703 0.0263348711 0.0246123237 0.0144097891 0.0215477159
38 0.0253743154 0.0167405975 0.0274399506 0.0286793958 0.0242263865 0.012410259 0.0227448876 0.021443955 0.0145662398 0.0147459431 0.0285490725 0.0229789969 0.011309652 0.0305760184 0.0412164166 0.0256650787 0.0252652145 0.0156721146 0.0076980477 0.0227008645 0.029775689 0.0063469134 0.0355962318 0.0148822882 0.0127990947 0.0154271966 0.0248289964 0.0180246925 0.0387372138 0.0208686769 0.0153475192 0.0180638783 0.0210461135 0.0140445489 0.0250876487 0.0304128804 0.010765524 0.0 0.0146440802 0.0142566528 0.0152846153 0.0225099753 0.0132586196 0.0172269159 0.0200831731 0.026456942 0.0202839106 0.0185734682 0.0110959086 0.0142672254
39 0.0058956678 0.0207634964 0.0266557797 0.0196748189 0.0235048589 0.0118728478 0.0236666366 0.0429365529 0.0115261473 0.0354226615 0.0102765459 0.0162793673 0.0147244009 0.0180766044 0.0296882956 0.0251605199 0.0062735686 0.0221390892 0.0427513536 0.0205105669 0.0254397605 0.0236607426 0.0134632978 0.0154867575 0.0063326653 0.0264692665 0.0322657683 0.0393445186 0.0180300225 0.0238540785 0.0055356046 0.0237751532 0.0232339694 0.0233665481 0.0179155549 0.0288946755 0.0257506114 0.0146440802 0.0 0.0063425854 0.0216352366 0.0038812681 0.0148396714 0.0178451781 0.0188034984 0.040782908 0.0092668248 0.0205716915 0.012559694 0.0182085883
40 0.0192921229 0.0098209834 0.0110708799 0.0159312498 0.0275517724 0.0143840482 0.0321824421 0.0106519276 0.0358125053 0.0161028835 0.0241573171 0.0244182732 0.0199101389 0.0289298616 0.0151088654 0.0160046617 0.0212837745 0.0167626693 0.01116878 0.0339512305 0.022094077 0.0087354364 0.0290129409 0.0296763116 0.0377684005 0.0146145085 0.0037156649 0.0132947283 0.0211875684 0.0198972461 0.0263580561 0.0262294721 0.0223300764 0.017490422 0.0248627152 0.0022745264 0.020758966 0.0142566528 0.0063425854 0.0 0.0199841439 0.0252397234 0.0311203378 0.0126910103 0.0178030663 0.0307058543 0.0264745714 0.0208184696 0.0276514247 0.0221146561
41 0.0027427101 0.0208884596 0.0212804935 0.012642514 0.0198424037 0.0152241898 0.0170430554 0.0162320673 0.0181305185 0.0233504952 0.0145580691 0.0306632614 0.0128611209 0.0299361821 0.0114748077 0.0161840797 0.0185252996 0.0115698695 0.0193880556 0.0204454048 0.0198364371 0.0272146423 0.0274020144 0.0246093248 0.0219027271 0.0337625519 0.0184024375 0.0214156741 0.0094991053 0.03357085 0.0158159747 0.0280689761 0.023442094 0.0059731031 0.0158242649 0.0110298563 0.0266327792 0.0152846153 0.0216352366 0.0199841439 0.0 0.0209277004 0.0216347645 0.0214378538 0.0321070895 0.032969205 0.0340185116 0.0173410639 0.0237740865 0.021499859
42 0.0156379663 0.0186507393 0.0154883387 0.0281010297 0.0156676126 0.0351383631 0.0045750467 0.0231382179 0.0064400955 0.0129129942 0.0240689349 0.0390566688 0.0295733505 0.0222906388 0.0256322873 0.0178399435 0.015597467 0.0309040676 0.0050764381 0.0187974466 0.0365643661 0.0164207403 0.0040246085 0.0148584119 0.0268839708 0.0345134102 0.0244247786 0.0158743506 0.0430546842 0.0113978807 0.0169017156 0.0108824754 0.027319831 0.0182341461 0.0145287965 0.0254777462 0.0369314726 0.0225099753 0.0038812681 0.0252397234 0.0209277004 0.0 0.0057279612 0.0045582179 0.0174588341 0.0365473226 0.0118317122 0.0225572144 0.0320596589 0.0138193792
43 0.0277731337 0.0141423214 0.026388108 0.0197444066 0.0376677341 0.0285372202 0.0346259792 0.0284852447 0.0128118757 0.0175899164 0.019787579 0.0310495363 0.0167337136 0.0159111095 0.0066006411 0.0161056124 0.0251854618 0.031458574 0.0015931132 0.0086200021 0.0119127051 0.0179451632 0.0227919185 0.0057920914 0.021066162 0.0226396843 0.0118632511 0.0207940933 0.0280175664 0.0277708731 0.0214871764 0.0270100917 0.0336653352 0.0302899695 0.0248522773 0.0196655346 0.0086412139 0.0132586196 0.0148396714 0.0311203378 0.0216347645 0.0057279612 0.0 0.0152638311 0.0296231769 0.0109258671 0.0232982781 0.0281673078 0.0068451885 0.0222786057
44 0.026005158 0.0197130179 0.0164011334 0.0220886265 0.0357001275 0.0316675014 0.0137978257 0.0258593119 0.0183057183 0.0339557584 0.0323688838 0.0181272044 0.027420937 0.0180355049 0.0187500425 0.0180325078 0.0089059118 0.0199797053 0.0092127505 0.02166926 0.0006223004 0.0247947716 0.0238730346 0.0295079687 0.019843677 0.0157837331 0.028934034 0.025326799 0.0355865705 0.0187182638 0.0264214123 0.0185954443 0.0218772068 0.0126421851 0.0158928707 0.0156703576 0.0078197324 0.0172269159 0.0178451781 0.0126910103 0.0214378538 0.0045582179 0.0152638311 0.0 0.0077402464 0.016908365 0.0281971971 0.0330796031 0.0191341092 0.0280102227
45 0.0236939999 0.022050821 0.0194218387 0.0163770169 0.0158446392 0.0303175104 0.038314391 0.0104530047 0.0408473754 0.0060533897 0.0205189175 0.005131942 0.0079448362 0.0031591404 0.020058603 0.0234845212 0.0234185555 0.0278008875 0.0373888957 0.0229736491 0.0217298678 0.0252796262 0.0058766459 0.0324429603 0.0301541459 0.0298166582 0.0247474366 0.0182011284 0.0271824104 0.0246665529 0.0045467381 0.022166701 0.0194463261 0.0130501599 0.0249592597 0.0148661211 0.0042761359 0.0200831731 0.0188034984 0.0178030663 0.0321070895 0.0174588341 0.0296231769 0.0077402464 0.0 0.0296410407 0.0232745487 0.0128266776 0.0124810815 0.0194947571
46 0.0111946329 0.0132697521 0.0226222471 0.0159299078 0.0110423569 0.0306573776 0.0306233334 0.0189807653 0.0246719507 0.0272949292 0.0262141011 0.0199912311 0.0105932335 0.014927881 0.010599987 0.0235740518 0.0248772409 0.0171852262 0.0085809873 0.0274520212 0.0244462929 0.0048566448 0.0376255275 0.0161336345 0.018917995 0.021962384 0.0123596572 0.0122435422 0.0224593797 0.0197884323 0.0157888555 0.0181409686 0.0285110673 0.0164397562 0.0154234323 0.0122688681 0.0270593703 0.026456942 0.040782908 0.0307058543 0.032969205 0.0365473226 0.0109258671 0.016908365 0.0296410407 0.0 0.0182831731 0.0170908819 0.0144945514 0.0104848664
47 0.0239571072 0.016708565 0.0327583201 0.0124749553 0.0121109851 0.0194107884 0.0225840259 0.0160416388 0.0171208022 0.009094617 0.031898315 0.0401868665 0.0131517495 0.0056384427 0.0112382486 0.0219940994 0.0292532823 0.0119676238 0.0205348632 0.0274053411 0.0078730824 0.0122388416 0.0230247075 0.0183358383 0.0268031731 0.0030154118 0.0285952689 0.0323660706 0.0179190885 0.020573354 0.0193517513 0.0113727641 0.0063506963 0.0243237579 0.0291254125 0.0348611039 0.0263348711 0.0202839106 0.0092668248 0.0264745714 0.0340185116 0.0118317122 0.0232982781 0.0281971971 0.0232745487 0.0182831731 0.0 0.012725727 0.0222478845 0.0321018301
48 0.0273110306 0.0164664939 0.0257423771 0.0047494318 0.012356094 0.0251598043 0.0304207708 0.0342395361 0.0246582515 0.0167986055 0.0118049162 0.0231921587 0.0187716571 0.0255067792 0.0066196577 0.0220121947 0.0107807008 0.0308436819 0.025173746 0.0274930171 0.0083655347 0.0290930947 0.0163741526 0.0218134821 0.0294199519 0.0230123124 0.012279141 0.0112036978 0.0132190246 0.0150678315 0.0249981087 0.0137733835 0.0095286194 0.0239890569 0.0169093767 0.0300334212 0.0246123237 0.0185734682 0.0205716915 0.0208184696 0.0173410639 0.0225572144 0.0281673078 0.0330796031 0.0128266776 0.0170908819 0.012725727 0.0 0.0252455826 0.0272088941
49 0.0265807107 0.0105191216 0.0229497021 0.0228225473 0.0053687047 0.0297039812 0.0150061979 0.0244781136 0.0132147143 0.0312409225 0.0261319043 0.020519839 0.0232003611 0.02319824 0.0257862221 0.0321482193 0.0099939852 0.0132754397 0.0168298656 0.0233240934 0.0118421124 0.0171632392 0.0293570612 0.0175189157 0.0275327232 0.0321891503 0.0122290095 0.0247520305 0.0189011656 0.0228540398 0.0094157102 0.0220261582 0.0215147561 0.0211233923 0.0213263989 0.0335763089 0.0144097891 0.0110959086 0.012559694 0.0276514247 0.0237740865 0.0320596589 0.0068451885 0.0191341092 0.0124810815 0.0144945514 0.0222478845 0.0252455826 0.0 0.0183859824
50 0.0309431039 0.0192198461 0.0247416943 0.018128623 0.0290849008 0.0370996312 0.0196202777 0.0173714048 0.0181259899 0.0120870547 0.0025669487 0.0045014807 0.0171580456 0.026224634 0.0324380524 0.0186793011 0.0253123605 0.0189996313 0.0191637916 0.0160015403 0.0099942428 0.0113183078 0.0195974337 0.0233294168 0.0139656107 0.0115066365 0.0297182455 0.0310362321 0.0172388403 0.0332896438 0.0246354224 0.0201758168 0.0095814628 0.0068319609 0.0343837373 0.0265060942 0.0215477159 0.0142672254 0.0182085883 0.0221146561 0.021499859 0.0138193792 0.0222786057 0.0280102227 0.0194947571 0.0104848664 0.0321018301 0.0272088941 0.0183859824 0.0
