55
1 0.0 0.0184960484 0.0136069058 0.0258838685 0.0183636598 0.0298412175 0.0262694278 0.0112482091 0.013011874 0.0029424958 0.0121453197 0.0087795298 0.0220382027 0.0249538643 0.0192332901 0.0081632688 0.015856491 0.0023738214 0.028705589 0.0114283384 0.0195016182 0.0082439265 0.0085075916 0.0257776094 0.0296850359 0.0289640482 0.0190903358 0.022921988 0.0293974917 0.0322005149 0.0040978765 0.0240981047 0.0284817014 0.0287722482 0.0034807289 0.0105031742 0.0135007902 0.0193661279 0.0262697102 0.0163196552 0.0317885571 0.0157642611 0.0107906687 0.0132202516 0.027542639 0.0225318401 0.0057213281 0.018060366 0.0196640695 0.0206119019 0.0203209349 0.0281553463 0.0138258675 0.0200848133 0.0193954552
2 0.0184960484 0.0 0.0313360869 0.0107177867 0.0120693476 0.0214894808 0.0168711509 0.0159273849 0.0152273924 0.0277414882 0.0216316094 0.0327454138 0.0154926298 0.0130673641 0.0152435251 0.0108569602 0.0160893088 0.0112658255 0.0187376427 0.0185975625 0.0228011341 0.0191904443 0.012318265 0.0234055151 0.008887656 0.0227664893 0.0219222655 0.0155642451 0.0208567017 0.0104033017 0.0240230788 0.0322533546 0.0219349461 0.0113583528 0.0151213162 0.028219709 0.0109811969 0.0236175251 0.0118306046 0.0135486776 0.027408821 0.0190782224 0.0174242421 0.029424229 0.0115043668 0.0101517604 0.0084819855 0.0262047875 0.0154368631 0.0252381408 0.010389663 0.0251864367 0.0300908461 0.0115120199 0.0178588272
3 0.0136069058 0.0313360869 0.0 0.0162549243 0.0131020322 0.0173432385 0.0097028291 0.0102797973 0.0247796411 0.0130341919 0.0193265939 0.0128908074 0.0161965411 0.0102432375 0.0175553459 0.0192476713 0.0209883208 0.0141037731 0.010211446 0.0154109696 0.0294417293 0.0161958278 0.0178288589 0.014980273 0.0283306333 0.0195497167 0.0161462506 0.0186333396 0.0074903143 0.0268672406 0.0283867247 0.0332061958 0.0200308918 0.0257240524 0.0141771757 0.010133628 0.0272396892 0.0054174695 0.0257686614 0.0233983838 0.0135113064 0.0206633406 0.0082283035 0.021057982 0.0135953305 0.0154907815 0.0130490149 0.0227385682 0.024367877 0.018982716 0.0373603565 0.0060902485 0.0295798434 0.0214427413 0.0192801798
4 0.0258838685 0.0107177867 0.0162549243 0.0 0.0168137137 0.0225195569 0.0185295739 0.016293038 0.0177162347 0.0230608644 0.0323012172 0.0288848515 0.0233452706 0.0222535499 0.0143810415 0.0122973798 0.0170811637 0.0185411816 0.0198507807 0.0201105585 0.0275302922 0.0222062654 0.0102200373 0.0249203231 0.0101259975 0.0290267554 0.0227528602 0.0099684773 0.0227665739 0.0053893834 0.0229193076 0.0032161842 0.0187958651 0.0208649887 0.0091367052 0.0056963206 0.0215611451 0.0118529257 0.0207332058 0.0193460569 0.010776517 0.0252052519 0.0234409341 0.0264537781 0.0252432608 0.0096993448 0.0162879704 0.0214792822 0.0206433644 0.0129578329 0.005905627 0.0259726083 0.0172502389 0.015855677 0.0269620854
5 0.0183636598 0.0120693476 0.0131020322 0.0168137137 0.0 0.0334510762 0.0242670481 0.0209541081 0.0267146025 0.0195425676 0.0309806087 0.0269692932 0.0219583024 0.0165688501 0.0137179894 0.0292934862 0.0152005866 0.0065715757 0.011806004 0.002187654 0.0234159474 0.0105643983 0.0324555798 0.0037646423 0.0079493607 0.0223296108 0.0119743012 0.0269670139 0.018811331 0.0150070597 0.0183386535 0.0192723628 0.0114818945 0.0182111551 0.0252402082 0.0107830688 0.0114569296 0.0076317638 0.0040702233 0.0253876744 0.0162007464 0.0125852602 0.0050192055 0.0195677898 0.0291578635 0.0335613041 0.020876463 0.0253867481 0.0128038428 0.0261186536 0.0136451943 0.0348819933 0.0296171925 0.0100459773 0.0248860806
6 0.0298412175 0.0214894808 0.0173432385 0.0225195569 0.0334510762 0.0 0.0134783606 0.0170143448 0.0225960832 0.0164912079 0.0126059692 0.0097690441 0.030236074 0.0195625948 0.0232840145 0.0162658818 0.0181047 0.0160799707 0.0236427533 0.0135556646 0.017390409 0.019635931 0.0041079912 0.0299405191 0.0201224059 0.0105572511 0.0189977487 0.0217543685 0.0033146277 0.0211462897 0.0277988507 0.0116193105 0.00820643 0.0108805963 0.0184768579 0.0245310004 0.017779116 0.0089031331 0.0067329532 0.0124468847 0.0184490275 0.0128856235 0.0163297218 0.0217506755 0.026333973 0.0252073084 0.0192639182 0.0142623275 0.0117733775 0.0269619898 0.0120954582 0.0250408658 0.0306007011 0.0218457567 0.0255253676
7 0.0262694278 0.0168711509 0.0097028291 0.0185295739 0.0242670481 0.0134783606 0.0 0.026065863 0.0321741849 0.0153062187 0.0054992773 0.0200156509 0.0206780339 0.0181003113 0.0203796988 0.0092188057 0.009451554 0.0275870614 0.0141138965 0.0171839114 0.0060844866 0.0315633851 0.0085694662 0.0292074109 0.0155493215 0.0221861047 0.02759814 0.0065236662 0.0121732632 0.0081580314 0.0099052674 0.0177085406 0.0450322341 0.024881748 0.0178507433 0.0304243768 0.0311140206 0.0136673593 0.0258326651 0.0250642278 0.0030731006 0.0134250199 0.009673675 0.0212473243 0.0239631805 0.0184926303 0.0167185765 0.0168036876 0.0221633088 0.0270548347 0.0235286556 0.0076232604 0.0091147002 0.0187529781 0.0143777504
8 0.0112482091 0.0159273849 0.0102797973 0.016293038 0.0209541081 0.0170143448 0.026065863 0.0 0.01305663 0.0208559176 0.0303726917 0.0179490864 0.0169584787 0.0119024445 0.011076902 0.0283677908 0.0268422177 0.0232568626 0.0194934135 0.0254486515 0.0072635568 0.0275771746 0.0184327906 0.0112498591 0.025329559 0.0156921506 0.0299110386 0.0246464713 0.0184143074 0.009926675 0.0243572964 0.0251773672 0.0038309297 0.0155056633 0.0133696568 0.014744053 0.0141186025 0.010469545 0.011831149 0.0242164703 0.0215391311 0.0196841253 0.0290337703 0.0131335225 0.0334448405 0.0253705476 0.0015919335 0.0119329362 0.0180702599 0.0090053829 0.016875188 0.0253215636 0.0182115563 0.0164451154 0.0309119785
9 0.013011874 0.0152273924 0.0247796411 0.0177162347 0.0267146025 0.0225960832 0.0321741849 0.01305663 0.0 0.0165228809 0.012418659 0.0204733618 0.024764664 0.0232898456 0.0118885652 0.0305872342 0.0162484129 0.0172904803 0.0380182047 0.0338693392 0.0144036198 0.022281124 0.0246548015 0.0147761092 0.0114617322 0.0123042168 0.0247155894 0.0031146335 0.0137518648 0.0195003586 0.0026365255 0.0147666736 0.0117319844 0.0137775097 0.0065504162 0.0080700192 0.0264859598 0.0153778767 0.020279906 0.0176839079 0.0292431209 0.0107194856 0.0237064351 0.0178235138 0.0108889471 0.004416998 0.0278588709 0.0214741751 0.0208335227 0.0186862424 0.0150965182 0.0186860844 0.0219748896 0.0249792475 0.0246388292
10 0.0029424958 0.0277414882 0.0130341919 0.0230608644 0.0195425676 0.0164912079 0.0153062187 0.0208559176 0.0165228809 0.0 0.0293839775 0.0164999053 0.0364707787 0.0265823851 0.0268917066 0.0093151174 0.0148083797 0.0017639785 0.0125145896 0.0216665622 0.0206695002 0.0193558734 0.0173168235 0.0047606034 0.0187697885 0.0321388902 0.0278233733 0.0289720852 0.0238927795 0.0205479609 0.0156778506 0.0155549383 0.0089308549 0.025658613 0.0097819701 0.011979361 0.0132168155 0.0276823788 0.0120353721 0.013825044 0.0244270112 0.0206435192 0.0196115568 0.0034396833 0.0210841356 0.0327911357 0.0120133132 0.0247570225 0.0232956716 0.0132701157 0.0126810339 0.0169440881 0.0134975997 0.0211022403 0.0204557829
11 0.0121453197 0.0216316094 0.0193265939 0.0323012172 0.0309806087 0.0126059692 0.0054992773 0.0303726917 0.012418659 0.0293839775 0.0 0.0271283317 0.0017691549 0.007561914 0.0251734349 0.0178353106 0.0209995899 0.0178153522 0.0144101372 0.0136361157 0.0143739012 0.0230392436 0.0235848374 0.0181069298 0.0238584709 0.0197806996 0.0198746208 0.0283096941 0.0068078793 0.0084246087 0.0145948098 0.0293542313 0.0289362486 0.0089130492 0.0143062646 0.0086054947 0.0212081772 0.0094330561 0.0082294727 0.011461187 0.0230475246 0.0101125942 0.0332912088 0.0205525716 0.0150561443 0.0336313239 0.0105000329 0.0144953663 0.0233834544 0.0335988533 0.023091487 0.015767025 0.0254636353 0.0156672077 0.0081434298
12 0.0087795298 0.0327454138 0.0128908074 0.0288848515 0.0269692932 0.0097690441 0.0200156509 0.0179490864 0.0204733618 0.0164999053 0.0271283317 0.0 0.0183095665 0.0341284786 0.0059269527 0.0149424924 0.0261860436 0.0278109616 0.0146467993 0.0320373177 0.01263477 0.006858445 0.0319033139 0.0178685 0.0081396959 0.0161878235 0.0262165427 0.0123874463 0.0189318192 0.0321803352 0.0185707266 0.0103102385 0.0169837268 0.0218728937 0.0257353461 0.0211145762 0.0197976799 0.0180537898 0.0051853372 0.0323980676 0.0300989187 0.0120876233 0.0177178606 0.0232325417 0.0124584907 0.0032501003 0.0196090697 0.0123022898 0.0173245821 0.0148969786 0.0141583023 0.0150432884 0.002660431 0.0126118324 0.0231227281
13 0.0220382027 0.0154926298 0.0161965411 0.0233452706 0.0219583024 0.030236074 0.0206780339 0.0169584787 0.024764664 0.0364707787 0.0017691549 0.0183095665 0.0 0.0098676223 0.0150341935 0.0116826977 0.0074699407 0.0203190518 0.0104515063 0.0034077793 0.0318045843 0.006116702 0.0181217068 0.0124790348 0.006892013 0.0186439274 0.0245234623 0.0226016084 0.0286691672 0.011465848 0.0067138518 0.0268421539 0.0249665703 0.0321625851 0.0273521523 0.0211244686 0.0164300532 0.0237391649 0.0199864343 0.0116954082 0.0258067225 0.0152657372 0.0195991172 0.0205119333 0.0137457184 0.0087722379 0.0306727277 0.0219130753 0.0046873062 0.016084379 0.0141735322 0.0194014158 0.0151957497 0.0200723013 0.0353166606
14 0.0249538643 0.0130673641 0.0102432375 0.0222535499 0.0165688501 0.0195625948 0.0181003113 0.0119024445 0.0232898456 0.0265823851 0.007561914 0.0341284786 0.0098676223 0.0 0.0238740861 0.0132728443 0.0133935243 0.0086647319 0.033122308 0.0240805421 0.012584643 0.0141869862 0.0188719694 0.0188860416 0.0241460027 0.0115687755 0.0201424572 0.0185773706 0.0065637848 0.0365197753 0.0167383688 0.0085593469 0.0261725177 0.024135864 0.0267283228 0.0221232415 0.0267080314 0.0150095553 0.02513802 0.0196538458 0.0210050405 0.0087199731 0.0300630587 0.0130137131 0.0192625995 0.0140411227 0.0174342644 0.0158758776 0.0271692713 0.0059849081 0.0211887772 0.0085948569 0.0177891954 0.0216806661 0.010671256
15 0.0192332901 0.0152435251 0.0175553459 0.0143810415 0.0137179894 0.0232840145 0.0203796988 0.011076902 0.0118885652 0.0268917066 0.0251734349 0.0059269527 0.0150341935 0.0238740861 0.0 0.0183234941 0.0204429908 0.028340264 0.015179867 0.0203208963 0.0186743591 0.0261496299 0.0137754594 0.0268390514 0.0269934887 0.0156797643 0.0309401473 0.0199343343 0.0318408785 0.0184369032 0.0269434639 0.0086561845 0.0051019489 0.0207584693 0.0072594046 0.0331165123 0.0129112615 0.0251777938 0.0195914628 0.0149620067 0.0127809937 0.0110825637 0.022501939 0.0133937352 0.0290992807 0.0010673809 0.0131664801 0.0286033883 0.0265664119 0.0245599403 0.0055134695 0.0085150519 0.0175088181 0.0265794067 0.0090503571
16 0.0081632688 0.0108569602 0.0192476713 0.0122973798 0.0292934862 0.0162658818 0.0092188057 0.0283677908 0.0305872342 0.0093151174 0.0178353106 0.0149424924 0.0116826977 0.0132728443 0.0183234941 0.0 0.0251982324 0.0079743668 0.0130939291 0.0231724569 0.0147745666 0.0106298675 0.0259143877 0.0165161678 0.0356297839 0.0197396825 0.0272155925 0.0115806462 0.0160600786 0.0055967451 0.0194674506 0.0206500962 0.0253235092 0.0055309828 0.0270403761 0.0062746951 0.0088131075 0.0176895746 0.0118169134 0.0249758724 0.0244817428 0.024883817 0.0302927364 0.0229902158 0.0123405202 0.01711391 0.034980386 0.0146804947 0.0201272165 0.0259956024 0.0177157113 0.0138904465 0.0285624626 0.0131307945 0.0284644269
17 0.015856491 0.0160893088 0.0209883208 0.0170811637 0.0152005866 0.0181047 0.009451554 0.0268422177 0.0162484129 0.0148083797 0.0209995899 0.0261860436 0.0074699407 0.0133935243 0.0204429908 0.0251982324 0.0 0.0173469028 0.0076266883 0.0165578565 0.0143531714 0.0223712465 0.029274122 0.0124403489 0.013253642 0.0035521433 0.0162265111 0.0233214972 0.0267766924 0.0341696992 0.0203565517 0.0122364436 0.0201271876 0.0219169907 0.0120659855 0.0170444071 0.0211970186 0.0272798725 0.0198042537 0.0069581203 0.0163360955 0.023663259 0.0145840717 0.025344309 0.0080226481 0.0217005261 0.024663842 0.0091035371 0.0238961786 0.0218177345 0.0306671659 0.0150938925 0.0229096694 0.0229718691 0.0186063917
18 0.0023738214 0.0112658255 0.0141037731 0.0185411816 0.0065715757 0.0160799707 0.0275870614 0.0232568626 0.0172904803 0.0017639785 0.0178153522 0.0278109616 0.0203190518 0.0086647319 0.028340264 0.0079743668 0.0173469028 0.0 0.0191146439 0.0133592649 0.0050396702 0.0251709421 0.0204482431 0.0234907107 0.0321826043 0.0193366715 0.015047518 0.027759483 0.0311816081 0.0141072422 0.0266993185 0.0126645484 0.0194820443 0.0133611777 0.0194848036 0.0116912597 0.0238080389 0.0208979705 0.0257783934 0.0154641489 0.0287813031 0.015998281 0.0008286472 0.0195168052 0.0310886551 0.0174102813 0.0203913889 0.0243331753 0.0247907303 0.0266861701 0.0143726809 0.0140487146 0.0098063296 0.0224180624 0.0268523074
19 0.028705589 0.0187376427 0.010211446 0.0198507807 0.011806004 0.0236427533 0.0141138965 0.0194934135 0.0380182047 0.0125145896 0.0144101372 0.0146467993 0.0104515063 0.033122308 0.015179867 0.0130939291 0.0076266883 0.0191146439 0.0 0.0281541494 0.0227710466 0.031671796 0.0266641002 0.0191298464 0.0229488344 0.0383255478 0.0253900547 0.0190204233 0.0235023835 0.0042952259 0.0296857242 0.0019254451 0.0278250007 0.0262210133 0.0084387884 0.0100815666 0.0057637227 0.0089830305 0.0126897234 0.0034884106 0.0158269105 0.0163115474 0.0046617598 0.0283971159 0.0189412128 0.0215314079 0.0212762494 0.0045946136 0.0230446197 0.023559154 0.0259786221 0.0111017367 0.0204325225 0.0148327511 0.027793744
20 0.0114283384 0.0185975625 0.0154109696 0.0201105585 0.002187654 0.0135556646 0.0171839114 0.0254486515 0.0338693392 0.0216665622 0.0136361157 0.0320373177 0.0034077793 0.0240805421 0.0203208963 0.0231724569 0.0165578565 0.0133592649 0.0281541494 0.0 0.0183180989 0.0175688232 0.021508577 0.0215924511 0.024749972 0.0166828163 0.0147637442 0.0102953947 0.0211232321 0.0179433514 0.0219478223 0.017017716 0.0031948739 0.0213890015 0.0110509989 0.0255419965 0.0055060029 0.0250011714 0.0176980418 0.0031354616 0.0029238296 0.026978316 0.0229111887 0.0214901592 0.0222606104 0.0179601237 0.0155234882 0.0108983333 0.0207450567 0.0245456074 0.0198216838 0.0246237002 0.036793764 0.0162088967 0.0261001036
21 0.0195016182 0.0228011341 0.0294417293 0.0275302922 0.0234159474 0.017390409 0.0060844866 0.0072635568 0.0144036198 0.0206695002 0.0143739012 0.01263477 0.0318045843 0.012584643 0.0186743591 0.0147745666 0.0143531714 0.0050396702 0.0227710466 0.0183180989 0.0 0.0166288064 0.0245525 0.0097037299 0.0011124846 0.027741923 0.0124763578 0.0261258617 0.0137208476 0.0131973417 0.014143677 0.0163276873 0.0356607256 0.0170603337 0.0194380185 0.0246346265 0.0306917147 0.0178475942 0.015145558 0.0234130803 0.0189049458 0.0205463285 0.0184967678 0.0072455816 0.0210033978 0.0161768324 0.0103022253 0.0216312399 0.0196871026 0.0307712139 0.0220059032 0.0290901985 0.0141808109 0.0050802524 0.0314232261
22 0.0082439265 0.0191904443 0.0161958278 0.0222062654 0.0105643983 0.019635931 0.0315633851 0.0275771746 0.022281124 0.0193558734 0.0230392436 0.006858445 0.006116702 0.0141869862 0.0261496299 0.0106298675 0.0223712465 0.0251709421 0.031671796 0.0175688232 0.0166288064 0.0 0.0276649337 0.0262212173 0.0170102544 0.0142336263 0.0190516956 0.0195162597 0.0182561483 0.0196957184 0.0301154499 0.0206812564 0.0040568817 0.0200782452 0.0158250529 0.0295888671 0.0105986908 0.0199136795 0.0157982858 0.0068950332 0.0128742671 0.0220589796 0.0170082706 0.0231959029 0.0091026081 0.0192142577 0.0248354826 0.0055405377 0.0190570287 0.0113903284 0.0216780253 0.0264630928 0.0194820484 0.0222421022 0.0134489329
23 0.0085075916 0.012318265 0.0178288589 0.0102200373 0.0324555798 0.0041079912 0.0085694662 0.0184327906 0.0246548015 0.0173168235 0.0235848374 0.0319033139 0.0181217068 0.0188719694 0.0137754594 0.0259143877 0.029274122 0.0204482431 0.0266641002 0.021508577 0.0245525 0.0276649337 0.0 0.00591434 0.0236557086 0.0215277907 0.0062849719 0.0139606593 0.0091885971 0.0142053521 0.0217243556 0.0187177992 0.013962866 0.0189335206 0.017164461 0.016169599 0.021538723 0.030977137 0.0097291546 0.0219466384 0.0090460156 0.0208306989 0.0152148094 0.0278163462 0.0245702909 0.0175023132 0.0179349849 0.0086689865 0.0204486065 0.022429806 0.0212092451 0.0243522824 0.0163891076 0.0118382708 0.0194502056
24 0.0257776094 0.0234055151 0.014980273 0.0249203231 0.0037646423 0.0299405191 0.0292074109 0.0112498591 0.0147761092 0.0047606034 0.0181069298 0.0178685 0.0124790348 0.0188860416 0.0268390514 0.0165161678 0.0124403489 0.0234907107 0.0191298464 0.0215924511 0.0097037299 0.0262212173 0.00591434 0.0 0.0046078626 0.0219292966 0.0226738053 0.0355228041 0.0072731492 0.0218910157 0.0265024207 0.0175033983 0.0133191436 0.0151388969 0.019759959 0.0231752462 0.0059091885 0.0071307998 0.0269501412 0.0240397932 0.0196426475 0.0233623534 0.0281851726 0.0091345092 0.0292982612 0.0219112064 0.0105738115 0.0267544574 0.0120014798 0.0093584591 0.0239592161 0.0194877713 0.0210540641 0.0246337896 0.0153446456
25 0.0296850359 0.008887656 0.0283306333 0.0101259975 0.0079493607 0.0201224059 0.0155493215 0.025329559 0.0114617322 0.0187697885 0.0238584709 0.0081396959 0.006892013 0.0241460027 0.0269934887 0.0356297839 0.013253642 0.0321826043 0.0229488344 0.024749972 0.0011124846 0.0170102544 0.0236557086 0.0046078626 0.0 0.0085180323 0.0135350928 0.0220036895 0.0184977234 0.0355244739 0.0189530203 0.0165696565 0.0120813569 0.0117470735 0.0199659816 0.0217096627 0.0309541783 0.0214506294 0.020778582 0.0198055048 0.0208615986 0.0137628292 0.0214084859 0.0087416018 0.0027259342 0.0139641517 0.005280087 0.0156694243 0.0314234216 0.0345181278 0.0236562644 0.0184770799 0.0164912371 0.0228522 0.0166805905
26 0.0289640482 0.0227664893 0.0195497167 0.0290267554 0.0223296108 0.0105572511 0.0221861047 0.0156921506 0.0123042168 0.0321388902 0.0197806996 0.0161878235 0.0186439274 0.0115687755 0.0156797643 0.0197396825 0.0035521433 0.0193366715 0.0383255478 0.0166828163 0.027741923 0.0142336263 0.0215277907 0.0219292966 0.0085180323 0.0 0.0149684199 0.0123349765 0.0196158051 0.0030033477 0.0170310237 0.0286481849 0.010823476 0.0115449399 0.0199762256 0.0097706575 0.0272837513 0.0222774581 0.0315004493 0.0262473292 0.0205839964 0.0234995914 0.0301778889 0.0147449864 0.0147911738 0.0096123602 0.0155889995 0.0307575269 0.0215419617 0.0020398246 0.0045206934 0.0098075513 0.0137255809 0.028718993 0.0158990725
27 0.0190903358 0.0219222655 0.0161462506 0.0227528602 0.0119743012 0.0189977487 0.02759814 0.0299110386 0.0247155894 0.0278233733 0.0198746208 0.0262165427 0.0245234623 0.0201424572 0.0309401473 0.0272155925 0.0162265111 0.015047518 0.0253900547 0.0147637442 0.0124763578 0.0190516956 0.0062849719 0.0226738053 0.0135350928 0.0149684199 0.0 0.0150786597 0.0068212856 0.0141263476 0.0173309927 0.0199072083 0.0081526838 0.0158117171 0.0115597021 0.0138241647 0.0104885429 0.0239040912 0.0160182212 0.023926829 0.0234862194 0.0187567782 0.0209935675 0.022026976 0.0249475047 0.0066893456 0.0089073646 0.0181169679 0.0252333325 0.0076540251 0.0224118798 0.0159074552 0.021201092 0.0117899293 0.024664219
28 0.022921988 0.0155642451 0.0186333396 0.0099684773 0.0269670139 0.0217543685 0.0065236662 0.0246464713 0.0031146335 0.0289720852 0.0283096941 0.0123874463 0.0226016084 0.0185773706 0.0199343343 0.0115806462 0.0233214972 0.027759483 0.0190204233 0.0102953947 0.0261258617 0.0195162597 0.0139606593 0.0355228041 0.0220036895 0.0123349765 0.0150786597 0.0 0.0246925869 0.0293538426 0.0109259446 0.0139975424 0.015297018 0.0098235637 0.0279275544 0.0166182097 0.0083459681 0.0240602537 0.0064183755 0.010438138 0.0118595027 0.0082881592 0.0155668383 0.0027761134 0.0144752662 0.0206947105 0.0170739905 0.0190653797 0.0148744357 0.03822589 0.0171654547 0.0219289243 0.0304404126 0.0287992685 0.023469559
29 0.0293974917 0.0208567017 0.0074903143 0.0227665739 0.018811331 0.0033146277 0.0121732632 0.0184143074 0.0137518648 0.0238927795 0.0068078793 0.0189318192 0.0286691672 0.0065637848 0.0318408785 0.0160600786 0.0267766924 0.0311816081 0.0235023835 0.0211232321 0.0137208476 0.0182561483 0.0091885971 0.0072731492 0.0184977234 0.0196158051 0.0068212856 0.0246925869 0.0 0.0073216692 0.0087486678 0.0201874498 0.0272767502 0.0167008837 0.0279161384 0.0104519572 0.0255866382 0.0168139267 0.0197553533 0.0245015355 0.0168224566 0.0157669693 0.0225574156 0.0196414638 0.0200639579 0.0253480745 0.0299680266 0.0256300844 0.0178958496 0.0203857776 0.0017221064 0.0138137572 0.0328996568 0.0186083087 0.0132222029
30 0.0322005149 0.0104033017 0.0268672406 0.0053893834 0.0150070597 0.0211462897 0.0081580314 0.009926675 0.0195003586 0.0205479609 0.0084246087 0.0321803352 0.011465848 0.0365197753 0.0184369032 0.0055967451 0.0341696992 0.0141072422 0.0042952259 0.0179433514 0.0131973417 0.0196957184 0.0142053521 0.0218910157 0.0355244739 0.0030033477 0.0141263476 0.0293538426 0.0073216692 0.0 0.0027804362 0.0379042259 0.0209579779 0.0274575556 0.0353055988 0.0168833431 0.0369620623 0.0093361554 0.0331773223 0.0195939038 0.0063795543 0.0013366628 0.0248621711 0.0074848204 0.012296853 0.0213784237 0.0298315704 0.0050768941 0.0179885095 0.0133898173 0.0175033457 0.0368028039 0.0183416979 0.0101101318 0.0262525045
31 0.0040978765 0.0240230788 0.0283867247 0.0229193076 0.0183386535 0.0277988507 0.0099052674 0.0243572964 0.0026365255 0.0156778506 0.0145948098 0.0185707266 0.0067138518 0.0167383688 0.0269434639 0.0194674506 0.0203565517 0.0266993185 0.0296857242 0.0219478223 0.014143677 0.0301154499 0.0217243556 0.0265024207 0.0189530203 0.0170310237 0.0173309927 0.0109259446 0.0087486678 0.0027804362 0.0 0.022912274 0.0221530382 0.0252465354 0.0160540862 0.0210833706 0.0246468179 0.0179415873 0.0263036798 0.0307917101 0.0193009327 0.0155018673 0.0220936117 0.021829361 0.0123713319 0.0195155265 0.017532959 0.0136517792 0.0243328822 0.0217356061 0.0199527012 0.0018300134 0.0032175583 0.0269466451 0.0049386164
32 0.0240981047 0.0322533546 0.0332061958 0.0032161842 0.0192723628 0.0116193105 0.0177085406 0.0251773672 0.0147666736 0.0155549383 0.0293542313 0.0103102385 0.0268421539 0.0085593469 0.0086561845 0.0206500962 0.0122364436 0.0126645484 0.0019254451 0.017017716 0.0163276873 0.0206812564 0.0187177992 0.0175033983 0.0165696565 0.0286481849 0.0199072083 0.0139975424 0.0201874498 0.0379042259 0.022912274 0.0 0.0307622564 0.0278858891 0.0245452122 0.0317863017 0.019963899 0.0158585136 0.0040257487 0.0039679356 0.0203870072 0.025317586 0.0206401482 0.0221258253 0.0089036392 0.0164280515 0.0201726456 0.0134414046 0.0195070476 0.0197557172 0.0245689525 0.0179151903 0.0163160653 0.0140656093 0.0032132344
33 0.0284817014 0.0219349461 0.0200308918 0.0187958651 0.0114818945 0.00820643 0.0450322341 0.0038309297 0.0117319844 0.0089308549 0.0289362486 0.0169837268 0.0249665703 0.0261725177 0.0051019489 0.0253235092 0.0201271876 0.0194820443 0.0278250007 0.0031948739 0.0356607256 0.0040568817 0.013962866 0.0133191436 0.0120813569 0.010823476 0.0081526838 0.015297018 0.0272767502 0.0209579779 0.0221530382 0.0307622564 0.0 0.0215435581 0.0283020333 0.0161720471 0.0142793245 0.0210721122 0.0199165794 0.0262055636 0.0142928037 0.0031778877 0.0096021062 0.0342036854 0.018130429 0.0247880963 0.0321267435 0.0154199326 0.0176212676 0.0008120785 0.0099645626 0.0196071227 0.0151262142 0.0226563121 0.0239040053
34 0.0287722482 0.0113583528 0.0257240524 0.0208649887 0.0182111551 0.0108805963 0.024881748 0.0155056633 0.0137775097 0.025658613 0.0089130492 0.0218728937 0.0321625851 0.024135864 0.0207584693 0.0055309828 0.0219169907 0.0133611777 0.0262210133 0.0213890015 0.0170603337 0.0200782452 0.0189335206 0.0151388969 0.0117470735 0.0115449399 0.0158117171 0.0098235637 0.0167008837 0.0274575556 0.0252465354 0.0278858891 0.0215435581 0.0 0.0097680072 0.0276393226 0.0133355198 0.0268658951 0.0297390159 0.0088492883 0.0191179181 0.0300904087 0.0277154362 0.0057945984 0.0228824721 0.0112385979 0.0240730153 0.0336351792 0.0186069692 0.0061468663 0.0148625129 0.0047299228 0.0079575099 0.0144521131 0.011629764
35 0.0034807289 0.0151213162 0.0141771757 0.0091367052 0.0252402082 0.0184768579 0.0178507433 0.0133696568 0.0065504162 0.0097819701 0.0143062646 0.0257353461 0.0273521523 0.0267283228 0.0072594046 0.0270403761 0.0120659855 0.0194848036 0.0084387884 0.0110509989 0.0194380185 0.0158250529 0.017164461 0.019759959 0.0199659816 0.0199762256 0.0115597021 0.0279275544 0.0279161384 0.0353055988 0.0160540862 0.0245452122 0.0283020333 0.0097680072 0.0 0.0111668642 0.0142548612 0.0210948931 0.0324201934 0.0201751859 0.0257715165 0.029926879 0.0109534475 0.0144720099 0.0250952805 0.0146598178 0.0080691076 0.0220116314 0.0184882907 0.0237121261 0.0214839542 0.0212717165 0.0119027692 0.0155402888 0.0313729137
36 0.0105031742 0.028219709 0.010133628 0.0056963206 0.0107830688 0.0245310004 0.0304243768 0.014744053 0.0080700192 0.011979361 0.0086054947 0.0211145762 0.0211244686 0.0221232415 0.0331165123 0.0062746951 0.0170444071 0.0116912597 0.0100815666 0.0255419965 0.0246346265 0.0295888671 0.016169599 0.0231752462 0.0217096627 0.0097706575 0.0138241647 0.0166182097 0.0104519572 0.0168833431 0.0210833706 0.0317863017 0.0161720471 0.0276393226 0.0111668642 0.0 0.0318770627 0.0125382035 0.0151943216 0.0192546784 0.017995514 0.0162108232 0.0155411275 0.0184259676 0.0264930501 0.0327742295 0.0126329616 0.0330444722 0.0074660155 0.0356279611 0.0125765256 0.0238777249 0.0132965136 0.0192065568 0.0134891213
37 0.0135007902 0.0109811969 0.0272396892 0.0215611451 0.0114569296 0.017779116 0.0311140206 0.0141186025 0.0264859598 0.0132168155 0.0212081772 0.0197976799 0.0164300532 0.0267080314 0.0129112615 0.0088131075 0.0211970186 0.0238080389 0.0057637227 0.0055060029 0.0306917147 0.0105986908 0.021538723 0.0059091885 0.0309541783 0.0272837513 0.0104885429 0.0083459681 0.0255866382 0.0369620623 0.0246468179 0.019963899 0.0142793245 0.0133355198 0.0142548612 0.0318770627 0.0 0.0178618305 0.0216706643 0.018769843 0.0091539037 0.014125735 0.0232076831 0.0042882864 0.0216310369 0.0322647254 0.0247583785 0.005875563 0.0181112173 0.0256177684 0.0163325629 0.022178503 0.018740945 0.0197855367 0.0093115149
38 0.0193661279 0.0236175251 0.0054174695 0.0118529257 0.0076317638 0.0089031331 0.0136673593 0.010469545 0.0153778767 0.0276823788 0.0094330561 0.0180537898 0.0237391649 0.0150095553 0.0251777938 0.0176895746 0.0272798725 0.0208979705 0.0089830305 0.0250011714 0.0178475942 0.0199136795 0.030977137 0.0071307998 0.0214506294 0.0222774581 0.0239040912 0.0240602537 0.0168139267 0.0093361554 0.0179415873 0.0158585136 0.0210721122 0.0268658951 0.0210948931 0.0125382035 0.0178618305 0.0 0.0293990529 0.0222952137 0.0248428934 0.0223002186 0.0172783343 0.0120710426 0.0157795373 0.0159219979 0.031766786 0.0119633005 0.0159834196 0.0193620235 0.0202274219 0.0142620398 0.0314253592 0.014351124 0.0185743899
39 0.0262697102 0.0118306046 0.0257686614 0.0207332058 0.0040702233 0.0067329532 0.0258326651 0.011831149 0.020279906 0.0120353721 0.0082294727 0.0051853372 0.0199864343 0.02513802 0.0195914628 0.0118169134 0.0198042537 0.0257783934 0.0126897234 0.0176980418 0.015145558 0.0157982858 0.0097291546 0.0269501412 0.020778582 0.0315004493 0.0160182212 0.0064183755 0.0197553533 0.0331773223 0.0263036798 0.0040257487 0.0199165794 0.0297390159 0.0324201934 0.0151943216 0.0216706643 0.0293990529 0.0 0.0199305161 0.0195746156 0.0274374924 0.0215265887 0.0241010823 0.015202187 0.0138578569 0.0197700585 0.0232895472 0.0087691124 0.0101345641 0.0177811554 0.0233530426 0.0228540134 0.0097524731 0.0174224915
40 0.0163196552 0.0135486776 0.0233983838 0.0193460569 0.0253876744 0.0124468847 0.0250642278 0.0242164703 0.0176839079 0.013825044 0.011461187 0.0323980676 0.0116954082 0.0196538458 0.0149620067 0.0249758724 0.0069581203 0.0154641489 0.0034884106 0.0031354616 0.0234130803 0.0068950332 0.0219466384 0.0240397932 0.0198055048 0.0262473292 0.023926829 0.010438138 0.0245015355 0.0195939038 0.0307917101 0.0039679356 0.0262055636 0.0088492883 0.0201751859 0.0192546784 0.018769843 0.0222952137 0.0199305161 0.0 0.0316593987 0.0187119675 0.0129685826 0.0203046554 0.0302959477 0.0204939922 0.0286217869 0.0084667314 0.0203885982 0.014882391 0.0159585938 0.0075786963 0.0202716713 0.028223571 0.0146961842
41 0.0317885571 0.027408821 0.0135113064 0.010776517 0.0162007464 0.0184490275 0.0030731006 0.0215391311 0.0292431209 0.0244270112 0.0230475246 0.0300989187 0.0258067225 0.0210050405 0.0127809937 0.0244817428 0.0163360955 0.0287813031 0.0158269105 0.0029238296 0.0189049458 0.0128742671 0.0090460156 0.0196426475 0.0208615986 0.0205839964 0.0234862194 0.0118595027 0.0168224566 0.0063795543 0.0193009327 0.0203870072 0.0142928037 0.0191179181 0.0257715165 0.017995514 0.0091539037 0.0248428934 0.0195746156 0.0316593987 0.0 0.0132938488 0.0112656175 0.0265228184 0.027267918 0.024009226 0.0028065507 0.0307721705 0.0078973951 0.0081642556 0.0275174921 0.0079522413 0.008421677 0.0287021208 0.0153425401
42 0.0157642611 0.0190782224 0.0206633406 0.0252052519 0.0125852602 0.0128856235 0.0134250199 0.0196841253 0.0107194856 0.0206435192 0.0101125942 0.0120876233 0.0152657372 0.0087199731 0.0110825637 0.024883817 0.023663259 0.015998281 0.0163115474 0.026978316 0.0205463285 0.0220589796 0.0208306989 0.0233623534 0.0137628292 0.0234995914 0.0187567782 0.0082881592 0.0157669693 0.0013366628 0.0155018673 0.025317586 0.0031778877 0.0300904087 0.029926879 0.0162108232 0.014125735 0.0223002186 0.0274374924 0.0187119675 0.0132938488 0.0 0.011023562 0.0227367829 0.02680489 0.0181039604 0.0242674616 0.0195572394 0.0210003014 0.0146139171 0.0254403601 0.0246934046 0.0311112768 0.0248133217 0.0157716359
43 0.0107906687 0.0174242421 0.0082283035 0.0234409341 0.0050192055 0.0163297218 0.009673675 0.0290337703 0.0237064351 0.0196115568 0.0332912088 0.0177178606 0.0195991172 0.0300630587 0.022501939 0.0302927364 0.0145840717 0.0008286472 0.0046617598 0.0229111887 0.0184967678 0.0170082706 0.0152148094 0.0281851726 0.0214084859 0.0301778889 0.0209935675 0.0155668383 0.0225574156 0.0248621711 0.0220936117 0.0206401482 0.0096021062 0.0277154362 0.0109534475 0.0155411275 0.0232076831 0.0172783343 0.0215265887 0.0129685826 0.0112656175 0.011023562 0.0 0.0197933578 0.0135894483 0.0167900376 0.0159541174 0.025170336 0.0256924409 0.0082332242 0.0275682807 0.0256387315 0.010989835 0.0163004299 0.0162820262
44 0.0132202516 0.029424229 0.021057982 0.0264537781 0.0195677898 0.0217506755 0.0212473243 0.0131335225 0.0178235138 0.0034396833 0.0205525716 0.0232325417 0.0205119333 0.0130137131 0.0133937352 0.0229902158 0.025344309 0.0195168052 0.0283971159 0.0214901592 0.0072455816 0.0231959029 0.0278163462 0.0091345092 0.0087416018 0.0147449864 0.022026976 0.0027761134 0.0196414638 0.0074848204 0.021829361 0.0221258253 0.0342036854 0.0057945984 0.0144720099 0.0184259676 0.0042882864 0.0120710426 0.0241010823 0.0203046554 0.0265228184 0.0227367829 0.0197933578 0.0 0.0157962107 0.0191587868 0.0068717113 0.0273711621 0.0163198459 0.0221188295 0.0228050868 0.0228411085 0.0312980331 0.0166965016 0.013683099
45 0.027542639 0.0115043668 0.0135953305 0.0252432608 0.0291578635 0.026333973 0.0239631805 0.0334448405 0.0108889471 0.0210841356 0.0150561443 0.0124584907 0.0137457184 0.0192625995 0.0290992807 0.0123405202 0.0080226481 0.0310886551 0.0189412128 0.0222606104 0.0210033978 0.0091026081 0.0245702909 0.0292982612 0.0027259342 0.0147911738 0.0249475047 0.0144752662 0.0200639579 0.012296853 0.0123713319 0.0089036392 0.018130429 0.0228824721 0.0250952805 0.0264930501 0.0216310369 0.0157795373 0.015202187 0.0302959477 0.027267918 0.02680489 0.0135894483 0.0157962107 0.0 0.0069082709 0.0152110394 0.0118134713 0.015231137 0.0224827339 0.0311808249 0.0042725219 0.0030277497 0.0176313733 0.0136878339
46 0.0225318401 0.0101517604 0.0154907815 0.0096993448 0.0335613041 0.0252073084 0.0184926303 0.0253705476 0.004416998 0.0327911357 0.0336313239 0.0032501003 0.0087722379 0.0140411227 0.0010673809 0.01711391 0.0217005261 0.0174102813 0.0215314079 0.0179601237 0.0161768324 0.0192142577 0.0175023132 0.0219112064 0.0139641517 0.0096123602 0.0066893456 0.0206947105 0.0253480745 0.0213784237 0.0195155265 0.0164280515 0.0247880963 0.0112385979 0.0146598178 0.0327742295 0.0322647254 0.0159219979 0.0138578569 0.0204939922 0.024009226 0.0181039604 0.0167900376 0.0191587868 0.0069082709 0.0 0.0332318006 0.01203666 0.021609404 0.0264052123 0.0379991656 0.0183791696 0.0059123466 0.0221404646 0.0086888615
47 0.0057213281 0.0084819855 0.0130490149 0.0162879704 0.020876463 0.0192639182 0.0167185765 0.0015919335 0.0278588709 0.0120133132 0.0105000329 0.0196090697 0.0306727277 0.0174342644 0.0131664801 0.034980386 0.024663842 0.0203913889 0.0212762494 0.0155234882 0.0103022253 0.0248354826 0.0179349849 0.0105738115 0.005280087 0.0155889995 0.0089073646 0.0170739905 0.0299680266 0.0298315704 0.017532959 0.0201726456 0.0321267435 0.0240730153 0.0080691076 0.0126329616 0.0247583785 0.031766786 0.0197700585 0.0286217869 0.0028065507 0.0242674616 0.0159541174 0.0068717113 0.0152110394 0.0332318006 0.0 0.0283419905 0.0183182154 0.0081543833 0.0250598321 0.0300982928 0.0247915936 0.0087441234 0.0182465992
48 0.018060366 0.0262047875 0.0227385682 0.0214792822 0.0253867481 0.0142623275 0.0168036876 0.0119329362 0.0214741751 0.0247570225 0.0144953663 0.0123022898 0.0219130753 0.0158758776 0.0286033883 0.0146804947 0.0091035371 0.0243331753 0.0045946136 0.0108983333 0.0216312399 0.0055405377 0.0086689865 0.0267544574 0.0156694243 0.0307575269 0.0181169679 0.0190653797 0.0256300844 0.0050768941 0.0136517792 0.0134414046 0.0154199326 0.0336351792 0.0220116314 0.0330444722 0.005875563 0.0119633005 0.0232895472 0.0084667314 0.0307721705 0.0195572394 0.025170336 0.0273711621 0.0118134713 0.01203666 0.0283419905 0.0 0.0141292482 0.0185363555 0.0126742535 0.020057265 0.0211046143 0.0249804312 0.0158437103
49 0.0196640695 0.0154368631 0.024367877 0.0206433644 0.0128038428 0.0117733775 0.0221633088 0.0180702599 0.0208335227 0.0232956716 0.0233834544 0.0173245821 0.0046873062 0.0271692713 0.0265664119 0.0201272165 0.0238961786 0.0247907303 0.0230446197 0.0207450567 0.0196871026 0.0190570287 0.0204486065 0.0120014798 0.0314234216 0.0215419617 0.0252333325 0.0148744357 0.0178958496 0.0179885095 0.0243328822 0.0195070476 0.0176212676 0.0186069692 0.0184882907 0.0074660155 0.0181112173 0.0159834196 0.0087691124 0.0203885982 0.0078973951 0.0210003014 0.0256924409 0.0163198459 0.015231137 0.021609404 0.0183182154 0.0141292482 0.0 0.0060203979 0.0071347985 0.0322321012 0.0113560318 0.0132232283 0.0196219208
50 0.0206119019 0.0252381408 0.018982716 0.0129578329 0.0261186536 0.0269619898 0.0270548347 0.0090053829 0.0186862424 0.0132701157 0.0335988533 0.0148969786 0.016084379 0.0059849081 0.0245599403 0.0259956024 0.0218177345 0.0266861701 0.023559154 0.0245456074 0.0307712139 0.0113903284 0.022429806 0.0093584591 0.0345181278 0.0020398246 0.0076540251 0.03822589 0.0203857776 0.0133898173 0.0217356061 0.0197557172 0.0008120785 0.0061468663 0.0237121261 0.0356279611 0.0256177684 0.0193620235 0.0101345641 0.014882391 0.0081642556 0.0146139171 0.0082332242 0.0221188295 0.0224827339 0.0264052123 0.0081543833 0.0185363555 0.0060203979 0.0 0.0224619123 0.0146003186 0.0142260879 0.0193386128 0.0100762486
51 0.0203209349 0.010389663 0.0373603565 0.005905627 0.0136451943 0.0120954582 0.0235286556 0.016875188 0.0150965182 0.0126810339 0.023091487 0.0141583023 0.0141735322 0.0211887772 0.0055134695 0.0177157113 0.0306671659 0.0143726809 0.0259786221 0.0198216838 0.0220059032 0.0216780253 0.0212092451 0.0239592161 0.0236562644 0.0045206934 0.0224118798 0.0171654547 0.0017221064 0.0175033457 0.0199527012 0.0245689525 0.0099645626 0.0148625129 0.0214839542 0.0125765256 0.0163325629 0.0202274219 0.0177811554 0.0159585938 0.0275174921 0.0254403601 0.0275682807 0.0228050868 0.0311808249 0.0379991656 0.0250598321 0.0126742535 0.0071347985 0.0224619123 0.0 0.0214772784 0.0162875805 0.0086136556 0.0096583401
52 0.0281553463 0.0251864367 0.0060902485 0.0259726083 0.0348819933 0.0250408658 0.0076232604 0.0253215636 0.0186860844 0.0169440881 0.015767025 0.0150432884 0.0194014158 0.0085948569 0.0085150519 0.0138904465 0.0150938925 0.0140487146 0.0111017367 0.0246237002 0.0290901985 0.0264630928 0.0243522824 0.0194877713 0.0184770799 0.0098075513 0.0159074552 0.0219289243 0.0138137572 0.0368028039 0.0018300134 0.0179151903 0.0196071227 0.0047299228 0.0212717165 0.0238777249 0.022178503 0.0142620398 0.0233530426 0.0075786963 0.0079522413 0.0246934046 0.0256387315 0.0228411085 0.0042725219 0.0183791696 0.0300982928 0.020057265 0.0322321012 0.0146003186 0.0214772784 0.0 0.0145950571 0.0172286571 0.0132163396
53 0.0138258675 0.0300908461 0.0295798434 0.0172502389 0.0296171925 0.0306007011 0.0091147002 0.0182115563 0.0219748896 0.0134975997 0.0254636353 0.002660431 0.0151957497 0.0177891954 0.0175088181 0.0285624626 0.0229096694 0.0098063296 0.0204325225 0.036793764 0.0141808109 0.0194820484 0.0163891076 0.0210540641 0.0164912371 0.0137255809 0.021201092 0.0304404126 0.0328996568 0.0183416979 0.0032175583 0.0163160653 0.0151262142 0.0079575099 0.0119027692 0.0132965136 0.018740945 0.0314253592 0.0228540134 0.0202716713 0.008421677 0.0311112768 0.010989835 0.0312980331 0.0030277497 0.0059123466 0.0247915936 0.0211046143 0.0113560318 0.0142260879 0.0162875805 0.0145950571 0.0 0.0156556576 0.0150221185
54 0.0200848133 0.0115120199 0.0214427413 0.015855677 0.0100459773 0.0218457567 0.0187529781 0.0164451154 0.0249792475 0.0211022403 0.0156672077 0.0126118324 0.0200723013 0.0216806661 0.0265794067 0.0131307945 0.0229718691 0.0224180624 0.0148327511 0.0162088967 0.0050802524 0.0222421022 0.0118382708 0.0246337896 0.0228522 0.028718993 0.0117899293 0.0287992685 0.0186083087 0.0101101318 0.0269466451 0.0140656093 0.0226563121 0.0144521131 0.0155402888 0.0192065568 0.0197855367 0.014351124 0.0097524731 0.028223571 0.0287021208 0.0248133217 0.0163004299 0.0166965016 0.0176313733 0.0221404646 0.0087441234 0.0249804312 0.0132232283 0.0193386128 0.0086136556 0.0172286571 0.0156556576 0.0 0.0280375908
55 0.0193954552 0.0178588272 0.0192801798 0.0269620854 0.0248860806 0.0255253676 0.0143777504 0.0309119785 0.0246388292 0.0204557829 0.0081434298 0.0231227281 0.0353166606 0.010671256 0.0090503571 0.0284644269 0.0186063917 0.0268523074 0.027793744 0.0261001036 0.0314232261 0.0134489329 0.0194502056 0.0153446456 0.0166805905 0.0158990725 0.024664219 0.023469559 0.0132222029 0.0262525045 0.0049386164 0.0032132344 0.0239040053 0.011629764 0.0313729137 0.0134891213 0.0093115149 0.0185743899 0.0174224915 0.0146961842 0.0153425401 0.0157716359 0.0162820262 0.013683099 0.0136878339 0.0086888615 0.0182465992 0.0158437103 0.0196219208 0.0100762486 0.0096583401 0.0132163396 0.0150221185 0.0280375908 0.0
