45
1 0.0 0.0314211278 0.0317628473 0.0148190345 0.0042689187 0.0297671144 0.0319750128 0.0433107774 0.0145357574 0.0276088126 0.0204271738 0.0277530224 0.0131916984 0.0339568322 0.0134064642 0.017854691 0.0223007985 0.0156597867 0.0203023147 0.0085959682 0.032776262 0.0218520719 0.0264416462 0.0233810861 0.0177275776 0.0149123648 0.0232504178 0.0298096435 0.0374453943 0.0152000212 0.0368714113 0.0294645457 0.0188180045 0.0074031009 0.0114769501 0.0333306004 0.0348392227 0.0147017257 0.0239508681 0.0210959305 0.0156260695 0.0219453014 0.0221876062 0.0193409994 0.0232330252
2 0.0314211278 0.0 0.0077524493 0.0372486999 0.0450881516 0.0141522804 0.0213416351 0.014831913 0.0250332996 0.0261227174 0.0299135818 0.0308721146 0.0189157394 0.0098185443 0.0077581013 0.0345508674 0.014834381 0.018191801 0.0285920534 0.0081854838 0.0379298048 0.012058978 0.0132206425 0.0356691176 0.0280570158 0.0154371469 0.0288001374 0.005355393 0.0181976739 0.005575915 0.0279271191 0.0322739239 0.0332591661 0.0247157732 0.0220141008 0.0195267508 0.016402823 0.0316508837 0.01641107 0.0296672744 0.0249395507 0.0322370843 0.0303154808 0.018996664 0.0147355686
3 0.0317628473 0.0077524493 0.0 0.0203668401 0.0099428712 0.0174913239 0.0087462451 0.0252703722 0.0196798214 0.0269702655 0.0288663682 0.0350029583 0.0274801489 0.0445428373 0.0353281922 0.0045978916 0.0232903019 0.0240106268 0.0151121318 0.0264947763 0.022073738 0.0041532825 0.0230171157 0.0203494993 0.0194550477 0.0255855787 0.0055933473 0.0296321457 0.0173591422 0.0132167519 0.0114137452 0.0275781849 0.0203214574 0.0290751057 0.0121867442 0.0307766171 0.0242167376 0.0345696092 0.0187059696 0.0345848391 0.0356288468 0.0412999561 0.0161111541 0.036506478 0.0138796367
4 0.0148190345 0.0372486999 0.0203668401 0.0 0.028995579 0.0206896433 0.0319093745 0.029353481 0.0317527283 0.0317951193 0.0262753445 0.01771885 0.0316173775 0.0081512253 0.0121489763 0.0322138302 0.019078265 0.0272818473 0.0221280326 0.0173033239 0.0181980581 0.0247730307 0.0313727635 0.0262619328 0.0338113412 0.0307769555 0.0176917476 0.0127867909 0.0167752251 0.0118109413 0.0158490618 0.0202583118 0.0298231421 0.0333824208 0.0255132661 0.0205351438 0.0186724754 0.025378035 0.0111281128 0.0347778923 0.0237969929 0.0016863959 0.0178372428 0.0153030303 0.0209521172
5 0.0042689187 0.0450881516 0.0099428712 0.028995579 0.0 0.036545355 0.0189461987 0.0210202052 0.0276619354 0.0355760532 0.0431615735 0.0137198052 0.0317488486 0.0138037241 0.0091523628 0.0162491471 0.0294289723 0.0169128192 0.0209856556 0.0158910279 0.0084946979 0.0435525046 0.0211062452 0.0345842021 0.0288198095 0.0227310866 0.0195848082 0.0169943369 0.0143406697 0.0229147004 0.005946681 0.0166701306 0.042664289 0.0117746102 0.0403651852 0.0304262336 0.0226091083 0.0162373054 0.0046715905 0.011587321 0.017148801 0.021714731 0.0273202396 0.0309954133 0.027646095
6 0.0297671144 0.0141522804 0.0174913239 0.0206896433 0.036545355 0.0 0.0174048185 0.0078761244 0.0288244364 0.0083306635 0.0276262444 0.0218670732 0.0155959846 0.0390034816 0.0056518606 0.0207773051 0.0142433794 0.0313550411 0.020391803 0.0291002893 0.0289255229 0.0012708119 0.0116404445 0.0239880857 0.0173307162 0.00909824 0.0153482969 0.0163194857 0.0266003578 0.0370587328 0.0379125695 0.0269305515 0.0333727132 0.018743517 0.031013786 0.0334470782 0.0393379999 0.015835961 0.0178637625 0.0361229452 0.0160089232 0.0246412101 0.0278290326 0.0278852403 0.0187797933
7 0.0319750128 0.0213416351 0.0087462451 0.0319093745 0.0189461987 0.0174048185 0.0 0.020385467 0.0219005181 0.0147086331 0.0298448424 0.0387147408 0.0127439753 0.0358984516 0.0199844998 0.0262111355 0.0238353275 0.0067918663 0.0080085561 0.0350676088 0.0405610006 0.0375582717 0.0235766537 0.0199793775 0.0271224584 0.0070174683 0.0265141456 0.0169627717 0.0267637711 0.0214271748 0.0381716446 0.0185870368 0.0092434154 0.0283481037 0.0129902562 0.0162259634 0.0151064818 0.0324932622 0.0228329771 0.0322972015 0.0384958151 0.0014824539 0.0272976724 0.0103836345 0.0241420809
8 0.0433107774 0.014831913 0.0252703722 0.029353481 0.0210202052 0.0078761244 0.020385467 0.0 0.0266301199 0.0110034642 0.0277483398 0.0199367788 0.0292856681 0.0076785611 0.0245581191 0.0284147494 0.0163504951 0.0194251503 0.0028133341 0.0177219848 0.0237271196 0.0187849026 0.0244037345 0.0180003139 0.014649289 0.0228684423 0.0183173439 0.0212818397 0.0392848077 0.0254960624 0.0285307023 0.0307096857 0.010031581 0.0177216733 0.0341934336 0.0375003689 0.0302713851 0.035338765 0.025010685 0.0172970967 0.0265850647 0.0274098372 0.0075717855 0.0168705098 0.0345284656
9 0.0145357574 0.0250332996 0.0196798214 0.0317527283 0.0276619354 0.0288244364 0.0219005181 0.0266301199 0.0 0.0319844117 0.0142607237 0.0198769755 0.0336834407 0.0149621197 0.0295915315 0.0154083291 0.0329839814 0.0293030382 0.03442104 0.011026128 0.0211562627 0.0362159068 0.0170117906 0.0315598304 0.0339771281 0.0255386956 0.0147393939 0.0454274738 0.0186260697 0.0228567825 0.0158816595 0.0035684513 0.0125668937 0.0158504246 0.0045227802 0.0260763639 0.0161760765 0.0061537826 0.023152591 0.0249067394 0.0233044552 0.0266342056 0.0153151542 0.0281878316 0.0270729203
10 0.0276088126 0.0261227174 0.0269702655 0.0317951193 0.0355760532 0.0083306635 0.0147086331 0.0110034642 0.0319844117 0.0 0.0100456788 0.0242583395 0.0165701302 0.032675822 0.0319844762 0.0235925193 0.031058324 0.0356614271 0.0054886762 0.033312685 0.0308215857 0.015543951 0.0192420555 0.0239449378 0.0219674693 0.0302740191 0.0359449295 0.0176599469 0.0210984466 0.0252977215 0.0229714542 0.035708633 0.0303116983 0.0260693846 0.0065159407 0.0143861917 0.0181156667 0.0022545328 0.0237412177 0.0147170586 0.0076388769 0.03467383 0.0159293936 0.0267384278 0.0196844115
11 0.0204271738 0.0299135818 0.0288663682 0.0262753445 0.0431615735 0.0276262444 0.0298448424 0.0277483398 0.0142607237 0.0100456788 0.0 0.0110521938 0.0218930214 0.0340301669 0.0243656435 0.0196602922 0.0181718407 0.0376521578 0.008671478 0.0147846622 0.0141388048 0.0251779397 0.0145446059 0.0170404751 0.0234905512 0.0047338011 0.0194314106 0.0294673397 0.0395008919 0.0109843062 0.0424052958 0.0169572529 0.0253490798 0.0118423225 0.0187370466 0.0167055286 0.0315490458 0.017399292 0.0245143504 0.0182588296 0.0309793817 0.0177945499 0.0272189057 0.0236038091 0.029723856
12 0.0277530224 0.0308721146 0.0350029583 0.01771885 0.0137198052 0.0218670732 0.0387147408 0.0199367788 0.0198769755 0.0242583395 0.0110521938 0.0 0.0164000796 0.0252833258 0.0143286581 0.0341471015 0.0366437313 0.0134601577 0.0370221565 0.0234144523 0.0306423377 0.0173445849 0.0172412312 0.0308341588 0.0181047532 0.0167428094 0.0375881716 0.0168083064 0.0211300118 0.0349016636 0.0123410974 0.0289981817 0.0136774093 0.0274637183 0.023071925 0.026063915 0.006791007 0.030782564 0.0316784222 0.0035418254 0.0250195018 0.0258868674 0.0125442681 0.0155013167 0.0138274371
13 0.0131916984 0.0189157394 0.0274801489 0.0316173775 0.0317488486 0.0155959846 0.0127439753 0.0292856681 0.0336834407 0.0165701302 0.0218930214 0.0164000796 0.0 0.0145277161 0.0299547952 0.0266737744 0.0094764061 0.0327232068 0.0191929798 0.0399914817 0.0370110272 0.0311971863 0.0139105673 0.011849082 0.0356334137 0.0357944693 0.0289082593 0.0266183915 0.0071543533 0.0138432127 0.0138497733 0.009586842 0.0109363409 0.0139074434 0.0250462928 0.0321135151 0.0144684469 0.0354396477 0.0053436815 0.0130327829 0.0188380238 0.0353766129 0.0205553959 0.0412075359 0.0267112293
14 0.0339568322 0.0098185443 0.0445428373 0.0081512253 0.0138037241 0.0390034816 0.0358984516 0.0076785611 0.0149621197 0.032675822 0.0340301669 0.0252833258 0.0145277161 0.0 0.0178527336 0.0238121042 0.0277708617 0.0135710777 0.0384351258 0.0190592965 0.0111299044 0.0343872399 0.032221158 0.0084590918 0.0240789126 0.0355331045 0.0211476406 0.031469702 0.0266142664 0.0163697495 0.0283132053 0.027842357 0.0233814157 0.0314886935 0.0338869775 0.0306836857 0.0155207363 0.0202821358 0.0184609845 0.0152089135 0.008856317 0.0037312361 0.0130958118 0.010863704 0.0221390492
15 0.0134064642 0.0077581013 0.0353281922 0.0121489763 0.0091523628 0.0056518606 0.0199844998 0.0245581191 0.0295915315 0.0319844762 0.0243656435 0.0143286581 0.0299547952 0.0178527336 0.0 0.0328650568 0.0141201919 0.0201400534 0.0130433043 0.0173122983 0.0162069228 0.0284989273 0.0339617875 0.0259615337 0.0222478534 0.0337729108 0.0162668917 0.022403847 0.0192750973 0.0297352661 0.0043433725 0.0200353454 0.0308963763 0.0390361083 0.0239844592 0.0334926948 0.0417680653 0.0131703333 0.0207465519 0.0287728226 0.0330204264 0.0259644193 0.0127685322 0.0293923688 0.0207297668
16 0.017854691 0.0345508674 0.0045978916 0.0322138302 0.0162491471 0.0207773051 0.0262111355 0.0284147494 0.0154083291 0.0235925193 0.0196602922 0.0341471015 0.0266737744 0.0238121042 0.0328650568 0.0 0.0235043264 0.0204581881 0.0180028846 0.0285223654 0.0286692589 0.023207789 0.0151002713 0.0153717919 0.0307919539 0.0339768644 0.0262649908 0.0220694312 0.0132064983 0.0151131097 0.034548792 0.0135653832 0.0279451043 0.0175482185 0.030265103 0.0112732117 0.0309860657 0.0372552714 0.0291225598 0.0224425918 0.0094000153 0.0224051934 0.0141408547 0.0164246838 0.0113884328
17 0.0223007985 0.014834381 0.0232903019 0.019078265 0.0294289723 0.0142433794 0.0238353275 0.0163504951 0.0329839814 0.031058324 0.0181718407 0.0366437313 0.0094764061 0.0277708617 0.0141201919 0.0235043264 0.0 0.0256438897 0.0096078755 0.0271997764 0.0239144504 0.0206433966 0.0236355009 0.0282591417 0.024832154 0.0312350212 0.0191196096 0.0194322101 0.021378974 0.0308492121 0.007727732 0.0177471003 0.0172730833 0.0220913723 0.022818044 0.0304735167 0.0310622611 0.0090221957 0.0310474941 0.0209414746 0.0345120876 0.0290075254 0.0157217237 0.0210034483 0.0267081445
18 0.0156597867 0.018191801 0.0240106268 0.0272818473 0.0169128192 0.0313550411 0.0067918663 0.0194251503 0.0293030382 0.0356614271 0.0376521578 0.0134601577 0.0327232068 0.0135710777 0.0201400534 0.0204581881 0.0256438897 0.0 0.0304844908 0.0328813061 0.0093285828 0.0277698654 0.0199288995 0.0255991531 0.0111519223 0.0142306631 0.0052766516 0.0398129114 0.037251892 0.016586307 0.013313814 0.0177641516 0.0293990258 0.0258319499 0.0145558182 0.0336589002 0.0182822969 0.0160995047 0.0393330248 0.0230331354 0.0218107035 0.0074853636 0.0407663067 0.0207593607 0.0193618635
19 0.0203023147 0.0285920534 0.0151121318 0.0221280326 0.0209856556 0.020391803 0.0080085561 0.0028133341 0.03442104 0.0054886762 0.008671478 0.0370221565 0.0191929798 0.0384351258 0.0130433043 0.0180028846 0.0096078755 0.0304844908 0.0 0.0329136512 0.0300897569 0.0352453736 0.0111776766 0.0075899619 0.0250178712 0.0230340272 0.012610457 0.0152442164 0.0156464517 0.0294778291 0.0287534331 0.0371411608 0.0257024991 0.0369880406 0.0172059122 0.0279607047 0.0267151865 0.0375096588 0.0250745151 0.032305999 0.0133567128 0.0117009913 0.022545646 0.0386220191 0.0276663555
20 0.0085959682 0.0081854838 0.0264947763 0.0173033239 0.0158910279 0.0291002893 0.0350676088 0.0177219848 0.011026128 0.033312685 0.0147846622 0.0234144523 0.0399914817 0.0190592965 0.0173122983 0.0285223654 0.0271997764 0.0328813061 0.0329136512 0.0 0.0258689079 0.0176249992 0.0306683297 0.0256337312 0.0155889965 0.0263622135 0.0134235271 0.0225947286 0.0301417645 0.0126108809 0.0197754747 0.0179637949 0.0105054722 0.0342206768 0.030188665 0.0109891561 0.0204641944 0.0295966645 0.0199667744 0.0242816479 0.0323334224 0.0338533556 0.013599086 0.0157002156 0.0272647542
21 0.032776262 0.0379298048 0.022073738 0.0181980581 0.0084946979 0.0289255229 0.0405610006 0.0237271196 0.0211562627 0.0308215857 0.0141388048 0.0306423377 0.0370110272 0.0111299044 0.0162069228 0.0286692589 0.0239144504 0.0093285828 0.0300897569 0.0258689079 0.0 0.0067386408 0.0261618419 0.0238704103 0.0161405135 0.0269763194 0.0186138476 0.0074246402 0.0192607496 0.0053703012 0.0411111859 0.0201043332 0.0408524916 0.0276992427 0.0286972101 0.0185540315 0.0274454417 0.0071758937 0.0415025967 0.0119290057 0.0426495841 0.0091973795 0.0087041271 0.0162120461 0.0159441601
22 0.0218520719 0.012058978 0.0041532825 0.0247730307 0.0435525046 0.0012708119 0.0375582717 0.0187849026 0.0362159068 0.015543951 0.0251779397 0.0173445849 0.0311971863 0.0343872399 0.0284989273 0.023207789 0.0206433966 0.0277698654 0.0352453736 0.0176249992 0.0067386408 0.0 0.0262412472 0.0276599288 0.0096228719 0.02049818 0.0352667911 0.0150256736 0.0167437329 0.0425225195 0.0277205549 0.0168619366 0.01038939 0.0170329149 0.0214888654 0.0209235472 0.0182183448 0.024185589 0.0238327629 0.0282242799 0.026417604 0.0238649447 0.0270164801 0.0275920675 0.0090501188
23 0.0264416462 0.0132206425 0.0230171157 0.0313727635 0.0211062452 0.0116404445 0.0235766537 0.0244037345 0.0170117906 0.0192420555 0.0145446059 0.0172412312 0.0139105673 0.032221158 0.0339617875 0.0151002713 0.0236355009 0.0199288995 0.0111776766 0.0306683297 0.0261618419 0.0262412472 0.0 0.0259680336 0.028443312 0.0149308393 0.0286943458 0.0272307359 0.0218104878 0.0284645687 0.013984825 0.0218108555 0.0269298428 0.0143524124 0.0075674881 0.0316672599 0.0308812929 0.0270734531 0.022397315 0.0149883479 0.0361336089 0.031539156 0.0254940284 0.0181917083 0.0256198741
24 0.0233810861 0.0356691176 0.0203494993 0.0262619328 0.0345842021 0.0239880857 0.0199793775 0.0180003139 0.0315598304 0.0239449378 0.0170404751 0.0308341588 0.011849082 0.0084590918 0.0259615337 0.0153717919 0.0282591417 0.0255991531 0.0075899619 0.0256337312 0.0238704103 0.0276599288 0.0259680336 0.0 0.0228359566 0.0186350879 0.0184544906 0.0132377583 0.0310655955 0.0234371189 0.019079227 0.012112773 0.0293451732 0.0256832941 0.0053461953 0.0138295151 0.0338663055 0.0085907515 0.0336519471 0.0377450706 0.0206339095 0.0281729073 0.0270612145 0.0322860857 0.0131147455
25 0.0177275776 0.0280570158 0.0194550477 0.0338113412 0.0288198095 0.0173307162 0.0271224584 0.014649289 0.0339771281 0.0219674693 0.0234905512 0.0181047532 0.0356334137 0.0240789126 0.0222478534 0.0307919539 0.024832154 0.0111519223 0.0250178712 0.0155889965 0.0161405135 0.0096228719 0.028443312 0.0228359566 0.0 0.013551583 0.0262215872 0.0116718705 0.0279155094 0.0185308167 0.0229914022 0.0166183381 0.0020433935 0.0225182147 0.0251807067 0.0140528942 0.0374484696 0.0261891406 0.0277927915 0.0139628478 0.0219997911 0.0390951386 0.0277065799 0.022120539 0.031489497
26 0.0149123648 0.0154371469 0.0255855787 0.0307769555 0.0227310866 0.00909824 0.0070174683 0.0228684423 0.0255386956 0.0302740191 0.0047338011 0.0167428094 0.0357944693 0.0355331045 0.0337729108 0.0339768644 0.0312350212 0.0142306631 0.0230340272 0.0263622135 0.0269763194 0.02049818 0.0149308393 0.0186350879 0.013551583 0.0 0.0211248167 0.0227647698 0.033901595 0.0207744147 0.019185394 0.0227136776 0.0450163278 0.014607983 0.0292111928 0.0174126208 0.0115111178 0.0337829651 0.0178892738 0.015022875 0.0235802963 0.0221030465 0.0231084192 0.0220134599 0.0300278624
27 0.0232504178 0.0288001374 0.0055933473 0.0176917476 0.0195848082 0.0153482969 0.0265141456 0.0183173439 0.0147393939 0.0359449295 0.0194314106 0.0375881716 0.0289082593 0.0211476406 0.0162668917 0.0262649908 0.0191196096 0.0052766516 0.012610457 0.0134235271 0.0186138476 0.0352667911 0.0286943458 0.0184544906 0.0262215872 0.0211248167 0.0 0.0329807278 0.0049566317 0.0236337661 0.0013471433 0.039600611 0.0220891495 0.0262525322 0.0185642069 0.0387411921 0.0033731054 0.0257547046 0.029728315 0.0386099636 0.0292713346 0.0309951287 0.0253135129 0.0199166888 0.0346732285
28 0.0298096435 0.005355393 0.0296321457 0.0127867909 0.0169943369 0.0163194857 0.0169627717 0.0212818397 0.0454274738 0.0176599469 0.0294673397 0.0168083064 0.0266183915 0.031469702 0.022403847 0.0220694312 0.0194322101 0.0398129114 0.0152442164 0.0225947286 0.0074246402 0.0150256736 0.0272307359 0.0132377583 0.0116718705 0.0227647698 0.0329807278 0.0 0.0216493438 0.0382292818 0.019211167 0.0248335427 0.033863039 0.0369785265 0.0252673472 0.0303208697 0.0238231187 0.0185717224 0.0108260459 0.0177117978 0.0117053812 0.0395318584 0.0112834041 0.0086436641 0.0390628013
29 0.0374453943 0.0181976739 0.0173591422 0.0167752251 0.0143406697 0.0266003578 0.0267637711 0.0392848077 0.0186260697 0.0210984466 0.0395008919 0.0211300118 0.0071543533 0.0266142664 0.0192750973 0.0132064983 0.021378974 0.037251892 0.0156464517 0.0301417645 0.0192607496 0.0167437329 0.0218104878 0.0310655955 0.0279155094 0.033901595 0.0049566317 0.0216493438 0.0 0.0311394371 0.0064398114 0.0362419228 0.0123418246 0.0213703069 0.0289102509 0.0093239095 0.0232450014 0.0245081547 0.0328625392 0.016438977 0.0162245468 0.0194986206 0.0088506304 0.0401423769 0.0273662846
30 0.0152000212 0.005575915 0.0132167519 0.0118109413 0.0229147004 0.0370587328 0.0214271748 0.0254960624 0.0228567825 0.0252977215 0.0109843062 0.0349016636 0.0138432127 0.0163697495 0.0297352661 0.0151131097 0.0308492121 0.016586307 0.0294778291 0.0126108809 0.0053703012 0.0425225195 0.0284645687 0.0234371189 0.0185308167 0.0207744147 0.0236337661 0.0382292818 0.0311394371 0.0 0.0448572102 0.0301272206 0.0100166981 0.025429174 0.0354108482 0.0218442292 0.0359087641 0.0271767177 0.0271176124 0.0226121353 0.0038071289 0.0073888481 0.0313629519 0.0276052366 0.0059066594
31 0.0368714113 0.0279271191 0.0114137452 0.0158490618 0.005946681 0.0379125695 0.0381716446 0.0285307023 0.0158816595 0.0229714542 0.0424052958 0.0123410974 0.0138497733 0.0283132053 0.0043433725 0.034548792 0.007727732 0.013313814 0.0287534331 0.0197754747 0.0411111859 0.0277205549 0.013984825 0.019079227 0.0229914022 0.019185394 0.0013471433 0.019211167 0.0064398114 0.0448572102 0.0 0.0138446573 0.0405507885 0.0218703741 0.0051337699 0.0093833358 0.0253535709 0.0289870585 0.0246993414 0.0303248926 0.0307256522 0.0207215789 0.0443005787 0.0116212095 0.0297072318
32 0.0294645457 0.0322739239 0.0275781849 0.0202583118 0.0166701306 0.0269305515 0.0185870368 0.0307096857 0.0035684513 0.035708633 0.0169572529 0.0289981817 0.009586842 0.027842357 0.0200353454 0.0135653832 0.0177471003 0.0177641516 0.0371411608 0.0179637949 0.0201043332 0.0168619366 0.0218108555 0.012112773 0.0166183381 0.0227136776 0.039600611 0.0248335427 0.0362419228 0.0301272206 0.0138446573 0.0 0.0395355175 0.0350831575 0.0189373443 0.0214595919 0.0259220342 0.0199681764 0.0200336027 0.0194808343 0.0140149948 0.0178136015 0.028926366 0.0191425925 0.0154612928
33 0.0188180045 0.0332591661 0.0203214574 0.0298231421 0.042664289 0.0333727132 0.0092434154 0.010031581 0.0125668937 0.0303116983 0.0253490798 0.0136774093 0.0109363409 0.0233814157 0.0308963763 0.0279451043 0.0172730833 0.0293990258 0.0257024991 0.0105054722 0.0408524916 0.01038939 0.0269298428 0.0293451732 0.0020433935 0.0450163278 0.0220891495 0.033863039 0.0123418246 0.0100166981 0.0405507885 0.0395355175 0.0 0.0049561534 0.0154056389 0.0061450405 0.0122090819 0.0202934783 0.0212755496 0.0406631344 0.0372168122 0.0056643123 0.0192943087 0.0098375366 0.0385871496
34 0.0074031009 0.0247157732 0.0290751057 0.0333824208 0.0117746102 0.018743517 0.0283481037 0.0177216733 0.0158504246 0.0260693846 0.0118423225 0.0274637183 0.0139074434 0.0314886935 0.0390361083 0.0175482185 0.0220913723 0.0258319499 0.0369880406 0.0342206768 0.0276992427 0.0170329149 0.0143524124 0.0256832941 0.0225182147 0.014607983 0.0262525322 0.0369785265 0.0213703069 0.025429174 0.0218703741 0.0350831575 0.0049561534 0.0 0.0233378964 0.0125544151 0.0204074019 0.024781956 0.0086369719 0.0139809752 0.0240585844 0.0316877868 0.0426122112 0.0146629339 0.0159419228
35 0.0114769501 0.0220141008 0.0121867442 0.0255132661 0.0403651852 0.031013786 0.0129902562 0.0341934336 0.0045227802 0.0065159407 0.0187370466 0.023071925 0.0250462928 0.0338869775 0.0239844592 0.030265103 0.022818044 0.0145558182 0.0172059122 0.030188665 0.0286972101 0.0214888654 0.0075674881 0.0053461953 0.0251807067 0.0292111928 0.0185642069 0.0252673472 0.0289102509 0.0354108482 0.0051337699 0.0189373443 0.0154056389 0.0233378964 0.0 0.01727851 0.0343334292 0.0229914863 0.0256135488 0.0231366885 0.0228352799 0.0434371136 0.0256119653 0.0255760463 0.0301742842
36 0.0333306004 0.0195267508 0.0307766171 0.0205351438 0.0304262336 0.0334470782 0.0162259634 0.0375003689 0.0260763639 0.0143861917 0.0167055286 0.026063915 0.0321135151 0.0306836857 0.0334926948 0.0112732117 0.0304735167 0.0336589002 0.0279607047 0.0109891561 0.0185540315 0.0209235472 0.0316672599 0.0138295151 0.0140528942 0.0174126208 0.0387411921 0.0303208697 0.0093239095 0.0218442292 0.0093833358 0.0214595919 0.0061450405 0.0125544151 0.01727851 0.0 0.0224038389 0.0236159576 0.0393156465 0.0196593075 0.0115173736 0.0046842095 0.0344560344 0.018891124 0.0263194051
37 0.0348392227 0.016402823 0.0242167376 0.0186724754 0.0226091083 0.0393379999 0.0151064818 0.0302713851 0.0161760765 0.0181156667 0.0315490458 0.006791007 0.0144684469 0.0155207363 0.0417680653 0.0309860657 0.0310622611 0.0182822969 0.0267151865 0.0204641944 0.0274454417 0.0182183448 0.0308812929 0.0338663055 0.0374484696 0.0115111178 0.0033731054 0.0238231187 0.0232450014 0.0359087641 0.0253535709 0.0259220342 0.0122090819 0.0204074019 0.0343334292 0.0224038389 0.0 0.0328680357 0.0187061406 0.0250402914 0.0092376696 0.0104138996 0.0190246982 0.0193562779 0.0056473851
38 0.0147017257 0.0316508837 0.0345696092 0.025378035 0.0162373054 0.015835961 0.0324932622 0.035338765 0.0061537826 0.0022545328 0.017399292 0.030782564 0.0354396477 0.0202821358 0.0131703333 0.0372552714 0.0090221957 0.0160995047 0.0375096588 0.0295966645 0.0071758937 0.024185589 0.0270734531 0.0085907515 0.0261891406 0.0337829651 0.0257547046 0.0185717224 0.0245081547 0.0271767177 0.0289870585 0.0199681764 0.0202934783 0.024781956 0.0229914863 0.0236159576 0.0328680357 0.0 0.0114943739 0.0141078471 0.0203219873 0.0189149538 0.0299404181 0.0405156287 0.0070184194
39 0.0239508681 0.01641107 0.0187059696 0.0111281128 0.0046715905 0.0178637625 0.0228329771 0.025010685 0.023152591 0.0237412177 0.0245143504 0.0316784222 0.0053436815 0.0184609845 0.0207465519 0.0291225598 0.0310474941 0.0393330248 0.0250745151 0.0199667744 0.0415025967 0.0238327629 0.022397315 0.0336519471 0.0277927915 0.0178892738 0.029728315 0.0108260459 0.0328625392 0.0271176124 0.0246993414 0.0200336027 0.0212755496 0.0086369719 0.0256135488 0.0393156465 0.0187061406 0.0114943739 0.0 0.0339061872 0.0237037151 0.0223710766 0.0023304849 0.0255016832 0.0220532752
40 0.0210959305 0.0296672744 0.0345848391 0.0347778923 0.011587321 0.0361229452 0.0322972015 0.0172970967 0.0249067394 0.0147170586 0.0182588296 0.0035418254 0.0130327829 0.0152089135 0.0287728226 0.0224425918 0.0209414746 0.0230331354 0.032305999 0.0242816479 0.0119290057 0.0282242799 0.0149883479 0.0377450706 0.0139628478 0.015022875 0.0386099636 0.0177117978 0.016438977 0.0226121353 0.0303248926 0.0194808343 0.0406631344 0.0139809752 0.0231366885 0.0196593075 0.0250402914 0.0141078471 0.0339061872 0.0 0.0163272459 0.0213791522 0.0170886621 0.0200945014 0.0286906583
41 0.0156260695 0.0249395507 0.0356288468 0.0237969929 0.017148801 0.0160089232 0.0384958151 0.0265850647 0.0233044552 0.0076388769 0.0309793817 0.0250195018 0.0188380238 0.008856317 0.0330204264 0.0094000153 0.0345120876 0.0218107035 0.0133567128 0.0323334224 0.0426495841 0.026417604 0.0361336089 0.0206339095 0.0219997911 0.0235802963 0.0292713346 0.0117053812 0.0162245468 0.0038071289 0.0307256522 0.0140149948 0.0372168122 0.0240585844 0.0228352799 0.0115173736 0.0092376696 0.0203219873 0.0237037151 0.0163272459 0.0 0.0236508767 0.0334512635 0.0267769103 0.0164384608
42 0.0219453014 0.0322370843 0.0412999561 0.0016863959 0.021714731 0.0246412101 0.0014824539 0.0274098372 0.0266342056 0.03467383 0.0177945499 0.0258868674 0.0353766129 0.0037312361 0.0259644193 0.0224051934 0.0290075254 0.0074853636 0.0117009913 0.0338533556 0.0091973795 0.0238649447 0.031539156 0.0281729073 0.0390951386 0.0221030465 0.0309951287 0.0395318584 0.0194986206 0.0073888481 0.0207215789 0.0178136015 0.0056643123 0.0316877868 0.0434371136 0.0046842095 0.0104138996 0.0189149538 0.0223710766 0.0213791522 0.0236508767 0.0 0.0387340553 0.0228691065 0.0193401276
43 0.0221876062 0.0303154808 0.0161111541 0.0178372428 0.0273202396 0.0278290326 0.0272976724 0.0075717855 0.0153151542 0.0159293936 0.0272189057 0.0125442681 0.0205553959 0.0130958118 0.0127685322 0.0141408547 0.0157217237 0.0407663067 0.022545646 0.013599086 0.0087041271 0.0270164801 0.0254940284 0.0270612145 0.0277065799 0.0231084192 0.0253135129 0.0112834041 0.0088506304 0.0313629519 0.0443005787 0.028926366 0.0192943087 0.0426122112 0.0256119653 0.0344560344 0.0190246982 0.0299404181 0.0023304849 0.0170886621 0.0334512635 0.0387340553 0.0 0.0158050228 0.0318512898
44 0.0193409994 0.018996664 0.036506478 0.0153030303 0.0309954133 0.0278852403 0.0103836345 0.0168705098 0.0281878316 0.0267384278 0.0236038091 0.0155013167 0.0412075359 0.010863704 0.0293923688 0.0164246838 0.0210034483 0.0207593607 0.0386220191 0.0157002156 0.0162120461 0.0275920675 0.0181917083 0.0322860857 0.022120539 0.0220134599 0.0199166888 0.0086436641 0.0401423769 0.0276052366 0.0116212095 0.0191425925 0.0098375366 0.0146629339 0.0255760463 0.018891124 0.0193562779 0.0405156287 0.0255016832 0.0200945014 0.0267769103 0.0228691065 0.0158050228 0.0 0.0303388623
45 0.0232330252 0.0147355686 0.0138796367 0.0209521172 0.027646095 0.0187797933 0.0241420809 0.0345284656 0.0270729203 0.0196844115 0.029723856 0.0138274371 0.0267112293 0.0221390492 0.0207297668 0.0113884328 0.0267081445 0.0193618635 0.0276663555 0.0272647542 0.0159441601 0.0090501188 0.0256198741 0.0131147455 0.031489497 0.0300278624 0.0346732285 0.0390628013 0.0273662846 0.0059066594 0.0297072318 0.0154612928 0.0385871496 0.0159419228 0.0301742842 0.0263194051 0.0056473851 0.0070184194 0.0220532752 0.0286906583 0.0164384608 0.0193401276 0.0318512898 0.0303388623 0.0
