64
1 0.0 0.0170156855 0.0124817523 0.023619215 0.0258797431 0.0147852478 0.0180707116 0.0137809334 0.0117695617 0.0116503439 0.0322653514 0.0181327536 0.0090844832 0.0086510685 0.0071714746 0.0137410084 0.0122673466 0.0167392174 0.0097896076 0.0107312275 0.0050083558 0.0121994386 0.0255931412 0.0123758153 0.0103564831 0.0311433239 0.014819299 0.0045050231 0.0131543002 0.0248113689 0.0245518861 0.0215223908 0.0064692457 0.0136593161 0.0030467583 0.0240265069 0.0117208555 0.0061241302 0.0098513805 0.0286639029 0.0193459137 0.0116151073 0.0061564403 0.0149237597 0.0153435699 0.0195246199 0.0105815598 0.0215215528 0.0190164084 0.0137404307 0.0050456453 0.0224145295 0.019891346 0.0196759968 0.004880857 0.0190149409 0.0266927934 0.0184402457 0.0103490474 0.0236458821 0.0168824606 0.0402939059 0.0189843023 0.0107890291 
2 0.0170156855 0.0317781687 0.0204727013 0.0324734812 0.0174349526 0.0140091466 0.0101631388 0.0112355822 0.0198040669 0.0020092272 0.0192297887 0.0167558355 0.0148648319 0.0246324561 0.0093026457 0.0052184771 0.0140241434 0.0228252198 0.0081317308 0.0203276011 0.0160853757 0.024740771 0.008941803 0.007230277 0.0181395265 0.0270170808 0.0168098071 0.0103855442 0.012438686 0.0124988493 0.0068600948 0.0075895368 0.0234362579 0.0176200642 0.0093352873 0.0172531807 0.0254615365 0.0150267403 0.0140344385 0.0079289516 0.0060000791 0.02466225 0.0067429652 0.0124156666 0.0134902183 0.0168251141 0.0157505836 0.0162598229 0.0067564723 0.0278927707 0.0199279091 0.0136880435 0.0220186085 0.0131503541 0.032253704 0.0068928288 0.0125200813 0.0199857252 0.0142041682 0.0226437207 0.0070038836 0.0156591198 0.0123902093 0.0103230106 
3 0.0124817523 0.0204727013 0.0268299028 0.0103983246 0.0172882714 0.0145943753 0.0094848281 0.0189445469 0.0299795854 0.0257454573 0.0188208401 0.02367028 0.0327356047 0.0203548667 0.0155132845 0.0057783727 0.028681736 0.0241754966 0.0112760987 0.017826203 0.0221881143 0.0121473154 0.01831249 0.0143578041 0.0104167475 0.0114474829 0.0115669352 0.0069569996 0.0105605094 0.013376988 0.0132914517 0.0078324188 0.0054566737 0.0132113077 0.0139614872 0.0108885523 0.0333953405 0.0066577565 0.0137147828 0.0086342186 0.0159183361 0.0102603029 0.019707066 0.0117552408 0.0227908019 0.0216707599 0.0178565581 0.010236626 0.0077765217 0.0179240132 0.0052928374 0.0172128085 0.0158960144 0.0100026977 0.0224673925 0.0074524194 0.0103677588 0.016133099 0.0261910937 0.015958411 0.0142944334 0.0166249478 0.0087004476 0.0140815077 
4 0.023619215 0.0324734812 0.0103983246 0.0152508151 0.0118864592 0.0285512518 0.0133128843 0.0140285412 0.0124134024 0.0103854183 0.0052562825 0.0103414014 0.023409621 0.0165416892 0.0127514442 0.0088560121 0.0243125297 0.020698581 0.0176694453 0.0195646919 0.0133410151 0.0189399421 0.0210466359 0.0084373168 0.0153420921 0.0074335458 0.0152796364 0.028930208 0.0163686494 0.0141934807 0.0108132555 0.0173313309 0.011230657 0.0152784235 0.0207291485 0.0147840808 0.0133209333 0.0169582156 0.0254512979 0.0153252938 0.0109944866 0.0158770374 0.0118038394 0.0127135117 0.0113152906 0.0081198145 0.0113852438 0.0136837854 0.0258438775 0.0077696302 0.0163786498 0.0089301725 0.0121273837 0.0152152187 0.0136238613 0.011634828 0.0149857957 0.031952623 0.021128885 0.0107731607 0.0125121393 0.0172195983 0.0209693767 0.0107851396 
5 0.0258797431 0.0174349526 0.0172882714 0.0118864592 0.0103590135 0.0194436432 0.0118110475 0.0127759778 0.0040087067 0.0122428528 0.0306954441 0.0265329644 0.0098536546 0.0088727791 0.0141206797 0.0113357259 0.0090169303 0.0099940739 0.0223578397 0.0138685384 0.0164850606 0.0213717213 0.0158434671 0.001403471 0.006458825 0.0147169188 0.0201283042 0.0195389495 0.0186009278 0.015327835 0.0018106641 0.0078257391 0.0120692076 0.0189030837 0.0092597835 0.0228461852 0.0256578976 0.0098074325 0.0139269443 0.0168068312 0.0135439801 0.0212220657 0.0294078363 0.0284888013 0.0161648592 0.0138638983 0.0142180498 0.0106468142 0.0081204989 0.0125406819 0.0114122507 0.0133074663 0.024118309 0.0134089265 0.0165789514 0.0181864587 0.0183572625 0.0279391343 0.0180669854 0.0088516006 0.0180251572 0.018412863 0.0151699803 0.0213786211 
6 0.0147852478 0.0140091466 0.0145943753 0.0285512518 0.0194436432 0.016736494 0.0110494905 0.0093164912 0.0275537173 0.014842797 0.0175450675 0.0147399886 0.0140637483 0.0092660961 0.0181425346 0.0210916488 0.0114903218 0.0172744528 0.0161263503 0.0085756223 0.0102930933 0.0215549602 0.0148766928 0.0189942073 0.0247099191 0.0203562187 0.0107034436 0.0184850632 0.0206963962 0.0178686227 0.0252944551 0.0219315328 0.0086899054 0.0223694652 0.0099041863 0.018791735 0.0112029759 0.0254477804 0.0198278525 0.011470048 0.0057759778 0.014524987 0.0167442272 0.0136382927 0.0193472596 0.0230071687 0.0092842357 0.0135729276 0.0103895262 0.0151824431 0.007535224 0.0180754029 0.0059376084 0.0139161442 0.0065655082 0.0128208659 0.0138734018 0.0043033791 0.0093424438 0.0136564039 0.0225543178 0.0104031878 0.0126863058 0.0341957212 
7 0.0180707116 0.0101631388 0.0094848281 0.0133128843 0.0118110475 0.0110494905 0.0251281069 0.0160423605 0.0308149786 0.010446446 0.015243097 0.0179309486 0.0149431039 0.0167596807 0.0049275024 0.0024403286 0.0037755006 0.0259072666 0.0099661194 0.0138643095 0.0214004972 0.0178289108 0.032042853 0.013750577 0.0116592611 0.0094800019 0.0104153678 0.0145327869 0.0053918253 0.0262622975 0.0167384064 0.0078161081 0.0246413969 0.0122607106 0.0160660997 0.0186848285 0.0183685258 0.0139697141 0.0245040319 0.0188364216 0.0139070774 0.0136569044 0.0117917724 0.0283178856 0.0100155196 0.0141839863 0.0161990749 0.0261948004 0.0221759552 0.0286413461 0.0122468879 0.0124108324 0.0147322373 0.0111581688 0.0064233159 0.0219390623 0.0137276783 0.0179468837 0.0109784229 0.0103002182 0.0197683933 0.0218993471 0.0150869885 0.0095647686 
8 0.0137809334 0.0112355822 0.0189445469 0.0140285412 0.0127759778 0.0093164912 0.0160423605 0.0153926706 0.0155546139 0.0163675031 0.022057919 0.0236239833 0.0232524814 0.0170366179 0.0106809341 0.0224105517 0.0146198376 0.0180168626 0.0092783075 0.0147140598 0.0204346949 0.0120534964 0.0168411863 0.0134539657 0.0181379961 0.0139960682 0.0153338699 0.0132777409 0.017355699 0.0195348847 0.0056536462 0.009495844 0.0327349605 0.0198369536 0.0127349384 0.0083430847 0.0150146048 0.0196981612 0.0242354119 0.030900913 0.0053318928 0.0039609405 0.0243395244 0.0134683579 0.0132749031 0.0185995715 0.0207597962 0.0131859116 0.0219295354 0.0080210786 0.0085912507 0.0114918588 0.0189583924 0.0106196712 0.0110222534 0.0126875267 0.0261518153 0.0088843326 0.016793649 0.0107890876 0.0086507413 0.010083755 0.027558227 0.0166470309 
9 0.0117695617 0.0198040669 0.0299795854 0.0124134024 0.0040087067 0.0275537173 0.0308149786 0.0155546139 0.0061067208 0.0260355233 0.0081506095 0.0122273584 0.0183325027 0.0184303268 0.0186840436 0.0181125294 0.0151518385 0.0209391562 0.0212346577 0.0244442887 0.0188266831 0.0116187278 0.0147498586 0.019121743 0.0099050831 0.0175749915 0.0116532005 0.0092409426 0.0109247833 0.0149207489 0.0127919471 0.0231646303 0.0104658317 0.0064510703 0.0097763418 0.0221015054 0.0084438067 0.0155592738 0.019494307 0.0137228383 0.0163036748 0.0107113399 0.0158239508 0.0070076719 0.0089958995 0.0096329256 0.0082684902 0.0069243628 0.0178704026 0.0144763351 0.0112433399 0.026071417 0.0133903417 0.0210923483 0.0304978201 0.0284464332 0.0248959334 0.0138498594 0.0096726883 0.025210696 0.0052095082 0.0032395933 0.0086807983 0.0222276667 
10 0.0116503439 0.0020092272 0.0257454573 0.0103854183 0.0122428528 0.014842797 0.010446446 0.0163675031 0.0260355233 0.0190103212 0.0144339706 0.0181140792 0.0124054472 0.0193825398 0.007503582 0.0148967067 0.0153086428 0.0240953713 0.0153606715 0.0178965505 0.0188283696 0.0188713888 0.0161393766 0.0121923608 0.0099223038 0.0211927455 0.0173178695 0.0085152714 0.0137978138 0.0108330441 0.018671621 0.0106302742 0.007155878 0.0152713511 0.0245779352 0.0244355488 0.0276049002 0.0138947898 0.0117709719 0.0127067473 0.0183996319 0.013103749 0.0357819701 0.0120404888 0.0150967662 0.0118615121 0.0115933143 0.0129669584 0.009561607 0.0113238643 0.0208188336 0.0182382898 0.0178345264 0.0124831439 0.0044370333 0.0040399429 0.0219054442 0.0172591476 0.0163968998 0.028740191 0.014717057 0.0211009105 0.0236345676 0.004200137 
11 0.0322653514 0.0192297887 0.0188208401 0.0052562825 0.0306954441 0.0175450675 0.015243097 0.022057919 0.0081506095 0.0144339706 0.0204250675 0.012483758 0.018909881 0.0217641808 0.0164438209 0.008785226 0.017077004 0.0104484423 0.0247132602 0.0226481433 0.0111756537 0.0161623968 0.0108849836 0.0174674813 0.0222014647 0.0120524896 0.0064177885 0.0155940949 0.021261188 0.008691562 0.0181451966 0.0172768545 0.0133697627 0.0136176525 0.0162393963 0.0153829283 0.0161780305 0.0108498042 0.0058644142 0.0139192677 0.0182226723 0.014421857 0.0112954527 0.0209186852 0.0213088263 0.0239739766 0.0159098155 0.007100273 0.0279023419 0.0100239369 0.0189185317 0.010673691 0.0050326793 0.0142637961 0.0194839748 0.0106539979 0.0152187898 0.0254241264 0.0108159231 0.0187798653 0.0107059109 0.0095920309 0.0146278068 0.0045814735 
12 0.0181327536 0.0167558355 0.02367028 0.0103414014 0.0265329644 0.0147399886 0.0179309486 0.0236239833 0.0122273584 0.0181140792 0.012483758 0.0124656133 0.0191406591 0.0167604761 0.0150190428 0.0209793185 0.0184376004 0.0223798171 0.0145795712 0.0104619995 0.0071930136 0.0064088477 0.0184755067 0.017101036 0.0103780536 0.020473233 0.0316959885 0.0124884658 0.022359639 0.0148071053 0.026332185 0.0270741649 0.0116097965 0.0225385146 0.0256221639 0.0070034916 0.0201759324 0.0165528624 0.0118500651 0.0052348607 0.02013689 0.0065913052 0.0163263025 0.0146708389 0.0193206871 0.0081203632 0.0174631575 0.0009439691 0.0313817307 0.0115666672 0.0178039533 0.0122712443 0.0078794003 0.0039228271 0.012467692 0.0209451262 0.0113564205 0.0136295554 0.0153001834 0.0140220576 0.0067627405 0.0089788166 0.0132288876 0.0147568083 
13 0.0090844832 0.0148648319 0.0327356047 0.023409621 0.0098536546 0.0140637483 0.0149431039 0.0232524814 0.0183325027 0.0124054472 0.018909881 0.0191406591 0.0206198807 0.009180405 0.015729725 0.0180991658 0.0218500272 0.0118390481 0.0303005858 0.0051052637 0.0108703367 0.0111734433 0.0104159073 0.0118616939 0.0145320008 0.009027247 0.0244597341 0.01480902 0.0085281145 0.0139768138 0.0167800613 0.0112847396 0.0135785188 0.0189026134 0.010714498 0.0153439919 0.0156990877 0.012261312 0.0115288554 0.0169660893 0.0256535078 0.0062611914 0.0205778138 0.0124954533 0.0309738782 0.016087256 0.0168204265 0.0183394967 0.0120115753 0.0092975312 0.00788307 0.0071211062 0.0186886731 0.0084725648 0.0137146936 0.0146943238 0.0135299198 0.022017587 0.0142899117 0.0145869394 0.020904981 0.0196189895 0.0226362952 0.0168886156 
14 0.0086510685 0.0246324561 0.0203548667 0.0165416892 0.0088727791 0.0092660961 0.0167596807 0.0170366179 0.0184303268 0.0193825398 0.0217641808 0.0167604761 0.009180405 0.0144987462 0.0175667694 0.0109861068 0.0099230303 0.0098664802 0.0051167143 0.0214862001 0.0146234435 0.0120123762 0.0244995773 0.0151753817 0.0226195364 0.0138558088 0.0227104647 0.0305660757 0.0131228025 0.0138151608 0.0311291864 0.0117620301 0.009399139 0.0231526743 0.0201557865 0.0141278049 0.0204448932 0.025591759 0.0094845741 0.0229894007 0.0089919519 0.0119689124 0.0153136686 0.0158357972 0.0195518164 0.0101594664 0.0093704145 0.0170292185 0.0092619155 0.024970345 0.0162658648 0.0085391501 0.0068560316 0.0178196256 0.0086867561 0.0156227659 0.0195752567 0.0173910294 0.0075695592 0.0064125196 0.0051402183 0.0233410948 0.0206681494 0.0153433661 
15 0.0071714746 0.0093026457 0.0155132845 0.0127514442 0.0141206797 0.0181425346 0.0049275024 0.0106809341 0.0186840436 0.007503582 0.0164438209 0.0150190428 0.015729725 0.0175667694 0.0330732882 0.0123813156 0.0106690908 0.0190548943 0.0167060745 0.0219182203 0.020104756 0.0082111288 0.0133238597 0.0192954504 0.0227361869 0.0186650196 0.0203226372 0.0137827621 0.0180410387 0.0261743682 0.0171332575 0.0145646461 0.0112647249 0.0242685005 0.0137390912 0.0148534385 0.0068281281 0.0080927205 0.0084502376 0.0130707723 0.0146834809 0.020291152 0.0187520782 0.013569656 0.015941606 0.0164494187 0.0021038168 0.0215018099 0.0223627543 0.0147653107 0.0093306977 0.0091517071 0.0279324969 0.0114932699 0.0175415853 0.0071689707 0.0098545788 0.0174971004 0.0145534956 0.0301568043 0.0180255425 0.0106846088 0.0262831998 0.0196217661 
16 0.0137410084 0.0052184771 0.0057783727 0.0088560121 0.0113357259 0.0210916488 0.0024403286 0.0224105517 0.0181125294 0.0148967067 0.008785226 0.0209793185 0.0180991658 0.0109861068 0.0123813156 0.0234165297 0.0214865901 0.0216101458 0.0182368783 0.0168553166 0.0130779564 0.0151841759 0.0129347 0.0184460131 0.0044651511 0.0190015309 0.0184536459 0.0315683327 0.0195107456 0.006260576 0.0176220305 0.0185488549 0.0114678647 0.0043196602 0.0122377113 0.0239413772 0.0120177239 0.01440788 0.0176739303 0.0186906534 0.0101355426 0.0265961843 0.0070045424 0.0238594653 0.0296030202 0.0182048568 0.0084967571 0.0061016951 0.0151296168 0.0173809996 0.0103055672 0.0168934959 0.0178141711 0.0238564281 0.0143803094 0.0165312922 0.0254188557 0.0177630884 0.0108021005 0.0083896246 0.0174508786 0.0169142911 0.0188645561 0.0155541924 
17 0.0122673466 0.0140241434 0.028681736 0.0243125297 0.0090169303 0.0114903218 0.0037755006 0.0146198376 0.0151518385 0.0153086428 0.017077004 0.0184376004 0.0218500272 0.0099230303 0.0106690908 0.0214865901 0.0085927961 0.0147201757 0.0136427168 0.0163034079 0.0145563589 0.0053895842 0.012465564 0.0321417101 0.0120751463 0.0101786937 0.0208359599 0.0225899667 0.0280186205 0.0042567886 0.0105492744 0.0186317627 0.0376937095 0.0251478002 0.0163084087 0.0165192952 0.0185587873 0.0063298338 0.0153793501 0.0129825988 0.0123886139 0.0153331657 0.0067982773 0.0200957316 0.0131277763 0.0182707574 0.0172928135 0.0194654032 0.0122194742 0.0162812049 0.0112936233 0.0187879992 0.0165416374 0.0268026417 0.0095235262 0.0183774194 0.0127975705 0.0052192827 0.0117829634 0.0199302728 0.0132708285 0.0168762398 0.0187303278 0.006831969 
18 0.0167392174 0.0228252198 0.0241754966 0.020698581 0.0099940739 0.0172744528 0.0259072666 0.0180168626 0.0209391562 0.0240953713 0.0104484423 0.0223798171 0.0118390481 0.0098664802 0.0190548943 0.0216101458 0.0147201757 0.0171499746 0.004795394 0.0151793568 0.0171704286 0.0125795148 0.0159402776 0.0279268431 0.001812774 0.0230088085 0.0149066857 0.0169386971 0.0063793369 0.0136400892 0.014612389 0.0109748849 0.0109388494 0.022935472 0.0152836793 0.004629364 0.015155115 0.0162029161 0.0026045169 0.0122182437 0.0147431263 0.0336923351 0.0105561508 0.0085726982 0.0239016105 0.012091913 0.0125349341 0.0185676916 0.0130376252 0.0109605837 0.0141464276 0.0273147036 0.0193367057 0.0071156108 0.0244843403 0.0176483784 0.00805661 0.0084976557 0.0111040112 0.0212858747 0.0162288437 0.0189445224 0.0082274645 0.0153818699 
19 0.0097896076 0.0081317308 0.0112760987 0.0176694453 0.0223578397 0.0161263503 0.0099661194 0.0092783075 0.0212346577 0.0153606715 0.0247132602 0.0145795712 0.0303005858 0.0051167143 0.0167060745 0.0182368783 0.0136427168 0.004795394 0.0108974897 0.0243372113 0.0484998184 0.0113772398 0.0046446805 0.027014731 0.0058188476 0.0136366787 0.0166460825 0.0093017185 0.0031022709 0.0101997089 0.022636712 0.0135676807 0.0092039462 0.0256050392 0.0127296505 0.0209099463 0.0345725026 0.0104425271 0.0124527824 0.0071785342 0.0209964418 0.011857605 0.0155787039 0.0157084695 0.0165148949 0.0258532403 0.0147102145 0.0127055136 0.0171019457 0.0250914511 0.0222592005 0.0210528215 0.0151984594 0.0133552382 0.016029277 0.0127623067 0.0083130593 0.0115053849 0.0219160433 0.013727806 0.0064917645 0.0095105993 0.0009841701 0.0267175661 
20 0.0107312275 0.0203276011 0.017826203 0.0195646919 0.0138685384 0.0085756223 0.0138643095 0.0147140598 0.0244442887 0.0178965505 0.0226481433 0.0104619995 0.0051052637 0.0214862001 0.0219182203 0.0168553166 0.0163034079 0.0151793568 0.0243372113 0.0138125164 0.0 0.0127766692 0.0077359048 0.0122251806 0.0095304227 0.0132565728 0.0223068841 0.020401767 0.0119246693 0.0101897219 0.0148034687 0.0109593677 0.0127654987 0.0126216824 0.01866396 0.0231901092 0.0115137605 0.020185704 0.0175842492 0.0204395101 0.0112025271 0.0059502223 0.0145390691 0.0176186535 0.0019944608 0.0238070579 0.0274005541 0.0172568183 0.020702308 0.0186938425 0.0282498301 0.0144842958 0.0063406918 0.0174090455 0.0234140235 0.0043601435 0.0176736197 0.0116425749 0.0155751935 0.0148528704 0.0112006991 0.0330908628 0.017733807 0.0118109969 
21 0.0050083558 0.0160853757 0.0221881143 0.0133410151 0.0164850606 0.0102930933 0.0214004972 0.0204346949 0.0188266831 0.0188283696 0.0111756537 0.0071930136 0.0108703367 0.0146234435 0.020104756 0.0130779564 0.0145563589 0.0171704286 0.0484998184 0.0 0.0180325942 0.0183543038 0.0164098873 0.0257232654 0.0128863614 0.0191087488 0.0073292704 0.0132488118 0.0131693721 0.0204081614 0.0141396096 0.0042836282 0.0091356573 0.0091995096 0.0126526271 0.0176163632 0.0222203762 0.0146161158 0.0201835831 0.017225564 0.0206568403 0.0302325788 0.0138634965 0.0146420592 0.0125514096 0.0110555234 0.0116301079 0.0096630858 0.0086453046 0.0233360913 0.0055882631 0.0188386499 0.0275082194 0.0108874144 0.0307990835 0.007493564 0.0099074865 0.0188100507 0.0100156828 0.0225952761 0.0142983541 0.0108436619 0.0127050658 0.0173258943 
22 0.0121994386 0.024740771 0.0121473154 0.0189399421 0.0213717213 0.0215549602 0.0178289108 0.0120534964 0.0116187278 0.0188713888 0.0161623968 0.0064088477 0.0111734433 0.0120123762 0.0082111288 0.0151841759 0.0053895842 0.0125795148 0.0113772398 0.0127766692 0.0183543038 0.0042863267 0.0162246573 0.0248980782 0.0232439164 0.0154092829 0.0245949973 0.0164564766 0.0088450536 0.0258360226 0.011838383 0.0145802196 0.0201675103 0.0201239416 0.0210275356 0.0133843871 0.016584414 0.0215744827 0.0147682925 0.0277433773 0.0134664619 0.0186759946 0.00618441 0.0031849257 0.0107764222 0.0083999374 0.0381497261 0.0181838512 0.0130678987 0.0101088102 0.001527504 0.0122533012 0.0177662662 0.0151517368 0.0109869715 0.0274041272 0.0099992373 0.0124334174 0.0163604611 0.0091796297 0.0273101421 0.019588627 0.0210742895 0.0162221428 
23 0.0255931412 0.008941803 0.01831249 0.0210466359 0.0158434671 0.0148766928 0.032042853 0.0168411863 0.0147498586 0.0161393766 0.0108849836 0.0184755067 0.0104159073 0.0244995773 0.0133238597 0.0129347 0.012465564 0.0159402776 0.0046446805 0.0077359048 0.0164098873 0.0162246573 0.032201697 0.0091483365 0.010784819 0.0111857691 0.0209471997 0.0357309028 0.0089397514 0.0157194292 0.0164485023 0.0095039595 0.0157768006 0.0198880703 0.0241188987 0.0197759712 0.0138822696 0.0133817054 0.0135796624 0.0135767045 0.0048420041 0.0143066157 0.0136930969 0.0295754795 0.0203412913 0.0128963497 0.0278727826 0.0155215202 0.0155878932 0.002723829 0.0099101433 0.0096092305 0.0212676984 0.0154483905 0.0224471094 0.0140614143 0.009582266 0.0209661311 0.0121141926 0.0128021432 0.0152936382 0.0049718146 0.0142444314 0.0069870747 
24 0.0123758153 0.007230277 0.0143578041 0.0084373168 0.001403471 0.0189942073 0.013750577 0.0134539657 0.019121743 0.0121923608 0.0174674813 0.017101036 0.0118616939 0.0151753817 0.0192954504 0.0184460131 0.0321417101 0.0279268431 0.027014731 0.0122251806 0.0257232654 0.0248980782 0.0091483365 0.008918607 0.0179250626 0.0161346022 0.0103180915 0.008260093 0.0197726507 0.0216196584 0.0182160855 0.010015409 0.0117343368 0.012666475 0.0056835986 0.0044199671 0.0116751337 0.0073454416 0.02633237 0.015517899 0.0167120782 0.0180083749 0.0150687954 0.016463984 0.0238963476 0.0045081266 0.0221527637 0.0222346796 0.0115925133 0.0166487888 0.0113820217 0.015099261 0.0358218642 0.0141582935 0.0111179559 0.0097333191 0.0174868148 0.0072347793 0.0128633737 0.0246455815 0.0115626653 0.013292452 0.0181243938 0.0238925505 
25 0.0103564831 0.0181395265 0.0104167475 0.0153420921 0.006458825 0.0247099191 0.0116592611 0.0181379961 0.0099050831 0.0099223038 0.0222014647 0.0103780536 0.0145320008 0.0226195364 0.0227361869 0.0044651511 0.0120751463 0.001812774 0.0058188476 0.0095304227 0.0128863614 0.0232439164 0.010784819 0.0179250626 0.0202160795 0.0140274684 0.0105777439 0.0185542039 0.0263689217 0.0239964049 0.0115273175 0.0169359906 0.0125148788 0.0322805269 0.0275603538 0.0079197654 0.0061356317 0.0312952761 0.0104234691 0.0098036418 0.0161062248 0.0062636108 0.0244438475 0.0178885726 0.0109836774 0.0201941266 0.0050959211 0.0256275817 0.0075032395 0.0186092609 0.022270176 0.0187813748 0.0238194247 0.0198691285 0.0100559883 0.0244297199 0.0235703651 0.0088885009 0.0282999113 0.011801834 0.0164673693 0.008439432 0.0155578917 0.0088371656 
26 0.0311433239 0.0270170808 0.0114474829 0.0074335458 0.0147169188 0.0203562187 0.0094800019 0.0139960682 0.0175749915 0.0211927455 0.0120524896 0.020473233 0.009027247 0.0138558088 0.0186650196 0.0190015309 0.0101786937 0.0230088085 0.0136366787 0.0132565728 0.0191087488 0.0154092829 0.0111857691 0.0161346022 0.0140274684 0.0064783533 0.0136204995 0.0191047403 0.0155520898 0.0121692571 0.006230304 0.0083152032 0.0141908974 0.0184332262 0.0107565891 0.0198580366 0.022825834 0.0232696876 0.0026928088 0.0211569697 0.016899372 0.0128464199 0.0136906976 0.0116470863 0.0159721532 0.0164114815 0.0159070665 0.0113737702 0.0190719592 0.0061741335 0.0104668166 0.0170101977 0.0175831473 0.0206101266 0.0303090059 0.0082865346 0.0114099395 0.0110233462 0.0209461245 0.0186670255 0.0288660129 0.0095253634 0.0238539089 0.0134134821 
27 0.014819299 0.0168098071 0.0115669352 0.0152796364 0.0201283042 0.0107034436 0.0104153678 0.0153338699 0.0116532005 0.0173178695 0.0064177885 0.0316959885 0.0244597341 0.0227104647 0.0203226372 0.0184536459 0.0208359599 0.0149066857 0.0166460825 0.0223068841 0.0073292704 0.0245949973 0.0209471997 0.0103180915 0.0105777439 0.0136204995 0.015743247 0.0176591871 0.0173727373 0.0204301626 0.0086730452 0.0115282285 0.0112715748 0.0070637825 0.0059620759 0.0161845401 0.0169293169 0.0253248277 0.0157146275 0.0202510422 0.015349714 0.0291617484 0.0104618884 0.0148626314 0.0156923964 0.0142673169 0.0154328304 0.0319239046 0.0225205237 0.012868391 0.0131097932 0.0067468799 0.0110613865 0.0186270797 0.0158298603 0.018088927 0.0078721992 0.0176672951 0.0093554279 0.0120758575 0.015107569 0.0092691624 0.0019501724 0.0204172426 
28 0.0045050231 0.0103855442 0.0069569996 0.028930208 0.0195389495 0.0184850632 0.0145327869 0.0132777409 0.0092409426 0.0085152714 0.0155940949 0.0124884658 0.01480902 0.0305660757 0.0137827621 0.0315683327 0.0225899667 0.0169386971 0.0093017185 0.020401767 0.0132488118 0.0164564766 0.0357309028 0.008260093 0.0185542039 0.0191047403 0.0176591871 0.0136219379 0.0262636296 0.0154147417 0.0149905614 0.0167400195 0.0157515669 0.0115188424 0.0052461784 0.009965567 0.0012649909 0.0175110963 0.0315063656 0.0143588483 0.0126447398 0.0115052997 0.02080287 0.0206238406 0.0051447333 0.0141781002 0.0138716801 0.0119242879 0.0160623409 0.0174120282 0.0096284729 0.0246901022 0.0140248887 0.0284908958 0.003769174 0.0075118198 0.0075705284 0.0231506323 0.0106205464 0.0084225133 0.0218029264 0.0139353809 0.0150364489 0.0215975579 
29 0.0131543002 0.012438686 0.0105605094 0.0163686494 0.0186009278 0.0206963962 0.0053918253 0.017355699 0.0109247833 0.0137978138 0.021261188 0.022359639 0.0085281145 0.0131228025 0.0180410387 0.0195107456 0.0280186205 0.0063793369 0.0031022709 0.0119246693 0.0131693721 0.0088450536 0.0089397514 0.0197726507 0.0263689217 0.0155520898 0.0173727373 0.0262636296 0.0297414598 0.0160933779 0.0148334094 0.0239881387 0.0185576524 0.0158085001 0.017172148 0.0182213794 0.0120856413 0.0133395435 0.0167483785 0.0205195848 0.0124221637 0.0098046356 0.0036519644 0.0219629313 0.0132760526 0.0088812377 0.0048312616 0.0073508853 0.0185907432 0.0091673799 0.0166617376 0.0252338232 0.0291302011 0.0086531312 0.013491865 0.0243853902 0.0152522468 0.0076703482 0.0192268255 0.0264198504 0.0112538962 0.0110068056 0.0142945569 0.0224486301 
30 0.0248113689 0.0124988493 0.013376988 0.0141934807 0.015327835 0.0178686227 0.0262622975 0.0195348847 0.0149207489 0.0108330441 0.008691562 0.0148071053 0.0139768138 0.0138151608 0.0261743682 0.006260576 0.0042567886 0.0136400892 0.0101997089 0.0101897219 0.0204081614 0.0258360226 0.0157194292 0.0216196584 0.0239964049 0.0121692571 0.0204301626 0.0154147417 0.0160933779 0.0222738842 0.0077284949 0.0133913621 0.0219323601 0.0166384613 0.0119369259 0.0077181111 0.0095820418 0.011033969 0.0136609136 0.018578471 0.0227539995 0.0177429913 0.0167035204 0.0137860531 0.0165934204 0.024430965 0.0098644699 0.0080433582 0.0132061697 0.0198142796 0.0132189671 0.0215541815 0.0149604939 0.0066036371 0.0247435817 0.0142489833 0.0161127463 0.0139599933 0.0228746446 0.0181695178 0.012032896 0.0201615577 0.0039447415 0.0166726058 
31 0.0245518861 0.0068600948 0.0132914517 0.0108132555 0.0018106641 0.0252944551 0.0167384064 0.0056536462 0.0127919471 0.018671621 0.0181451966 0.026332185 0.0167800613 0.0311291864 0.0171332575 0.0176220305 0.0105492744 0.014612389 0.022636712 0.0148034687 0.0141396096 0.011838383 0.0164485023 0.0182160855 0.0115273175 0.006230304 0.0086730452 0.0149905614 0.0148334094 0.0077284949 0.0171857989 0.0141583621 0.0077822326 0.0066815289 0.0037940133 0.0148486775 0.0161652201 0.018733398 0.0199668646 0.0196569669 0.0107837495 0.0102221521 0.0128857023 0.0215075154 0.0238869604 0.0096847007 0.0052291451 0.0245865138 0.0144860028 0.0104356089 0.0208405128 0.0151280177 0.005392201 0.0161526794 0.0130465364 0.021785088 0.0213915263 0.0246088944 0.0215719952 0.0142841449 0.0319471741 0.0259771262 0.0221740203 0.0121720668 
32 0.0215223908 0.0075895368 0.0078324188 0.0173313309 0.0078257391 0.0219315328 0.0078161081 0.009495844 0.0231646303 0.0106302742 0.0172768545 0.0270741649 0.0112847396 0.0117620301 0.0145646461 0.0185488549 0.0186317627 0.0109748849 0.0135676807 0.0109593677 0.0042836282 0.0145802196 0.0095039595 0.010015409 0.0169359906 0.0083152032 0.0115282285 0.0167400195 0.0239881387 0.0133913621 0.0141583621 0.0330604638 0.0186810932 0.0097612926 0.0279992001 0.0116265043 0.0170598074 0.0110408508 0.0138285525 0.0076888254 0.0281819245 0.0223148572 0.0084979384 0.0106470339 0.0224900195 0.0115884079 0.0198647418 0.016963033 0.0201523814 0.0193713082 0.0121242158 0.0139828653 0.0181873586 0.0080003498 0.0072782668 0.0133041067 0.0160406523 0.0271415068 0.0216493163 0.0078169559 0.0200928137 0.0207391108 0.0295477312 0.0200512014 
33 0.0064692457 0.0234362579 0.0054566737 0.011230657 0.0120692076 0.0086899054 0.0246413969 0.0327349605 0.0104658317 0.007155878 0.0133697627 0.0116097965 0.0135785188 0.009399139 0.0112647249 0.0114678647 0.0376937095 0.0109388494 0.0092039462 0.0127654987 0.0091356573 0.0201675103 0.0157768006 0.0117343368 0.0125148788 0.0141908974 0.0112715748 0.0157515669 0.0185576524 0.0219323601 0.0077822326 0.0186810932 0.0142609178 0.0092541159 0.0391952337 0.0208497611 0.0246150182 0.0117569404 0.0 0.011842463 0.0195169281 0.0321775914 0.0226535569 0.0072817191 0.0186612169 0.0167018933 0.0173576456 0.0192096457 0.0180045056 0.0166181258 0.0217111154 0.010388227 0.0152655415 0.0160507531 0.0157502102 0.0161878155 0.0091322616 0.0197445959 0.0294966081 0.0061553045 0.0228005563 0.0020695674 0.0190198616 0.015131917 
34 0.0136593161 0.0176200642 0.0132113077 0.0152784235 0.0189030837 0.0223694652 0.0122607106 0.0198369536 0.0064510703 0.0152713511 0.0136176525 0.0225385146 0.0189026134 0.0231526743 0.0242685005 0.0043196602 0.0251478002 0.022935472 0.0256050392 0.0126216824 0.0091995096 0.0201239416 0.0198880703 0.012666475 0.0322805269 0.0184332262 0.0070637825 0.0115188424 0.0158085001 0.0166384613 0.0066815289 0.0097612926 0.0092541159 0.0195181851 0.0149931519 0.0158233326 0.0115352434 0.0117409832 0.0174828535 0.027542385 0.0063242677 0.0061586501 0.021955313 0.0178458923 0.0150928485 0.013793289 0.0115344558 0.0206531853 0.0059795978 0.0165323329 0.0243068499 0.0048244058 0.0050906211 0.0145140703 0.0155314324 0.0295780645 0.0127233674 0.0144572786 0.0172060407 0.009885786 0.0189610404 0.0113534593 0.0145540496 0.0152179383 
35 0.0030467583 0.0093352873 0.0139614872 0.0207291485 0.0092597835 0.0099041863 0.0160660997 0.0127349384 0.0097763418 0.0245779352 0.0162393963 0.0256221639 0.010714498 0.0201557865 0.0137390912 0.0122377113 0.0163084087 0.0152836793 0.0127296505 0.01866396 0.0126526271 0.0210275356 0.0241188987 0.0056835986 0.0275603538 0.0107565891 0.0059620759 0.0052461784 0.017172148 0.0119369259 0.0037940133 0.0279992001 0.0391952337 0.0149931519 0.0356432364 0.0178160485 0.0036505249 0.0068765366 0.0123736678 0.0196461036 0.0155081834 0.0107364124 0.0256655659 0.0262528545 0.0264939153 0.0072402083 0.0199309438 0.0180785774 0.0159596509 0.0134326851 0.0213243277 0.0160427036 0.0140787993 0.0161611917 0.0192163716 0.0246947116 0.0079635711 0.0154279938 0.0145846832 0.0127446771 0.0106786603 0.0092957887 0.0111746192 0.0121219443 
36 0.0240265069 0.0172531807 0.0108885523 0.0147840808 0.0228461852 0.018791735 0.0186848285 0.0083430847 0.0221015054 0.0244355488 0.0153829283 0.0070034916 0.0153439919 0.0141278049 0.0148534385 0.0239413772 0.0165192952 0.004629364 0.0209099463 0.0231901092 0.0176163632 0.0133843871 0.0197759712 0.0044199671 0.0079197654 0.0198580366 0.0161845401 0.009965567 0.0182213794 0.0077181111 0.0148486775 0.0116265043 0.0208497611 0.0158233326 0.0178160485 0.0215858131 0.0074280539 0.0164809671 0.0108109145 0.0135155771 0.0168236844 0.0226250269 0.0145284967 0.0134563041 0.0045983375 0.011619146 0.0118931242 0.0122565938 0.0052074657 0.0170206631 0.0135711443 0.0274943992 0.0237916379 0.0147120769 0.0128630437 0.0176693285 0.0104551217 0.0220974313 0.0235091322 0.0197772882 0.0260162875 0.0141116029 0.0085330786 0.0114628913 
37 0.0117208555 0.0254615365 0.0333953405 0.0133209333 0.0256578976 0.0112029759 0.0183685258 0.0150146048 0.0084438067 0.0276049002 0.0161780305 0.0201759324 0.0156990877 0.0204448932 0.0068281281 0.0120177239 0.0185587873 0.015155115 0.0345725026 0.0115137605 0.0222203762 0.016584414 0.0138822696 0.0116751337 0.0061356317 0.022825834 0.0169293169 0.0012649909 0.0120856413 0.0095820418 0.0161652201 0.0170598074 0.0246150182 0.0115352434 0.0036505249 0.0074280539 0.0407642627 0.0252301845 0.0151470657 0.0193577811 0.0155792495 0.0131223074 0.0124329247 0.0121111665 0.0119504117 0.0130568833 0.0157551937 0.0097917953 0.0213545682 0.02071225 0.0040081983 0.016617178 0.0189261435 0.0163757413 0.0137318592 0.0205321254 0.0121849578 0.0122216741 0.006930204 0.0175453066 0.0070796967 0.0160924409 0.0056231818 0.0107903924 
38 0.0061241302 0.0150267403 0.0066577565 0.0169582156 0.0098074325 0.0254477804 0.0139697141 0.0196981612 0.0155592738 0.0138947898 0.0108498042 0.0165528624 0.012261312 0.025591759 0.0080927205 0.01440788 0.0063298338 0.0162029161 0.0104425271 0.020185704 0.0146161158 0.0215744827 0.0133817054 0.0073454416 0.0312952761 0.0232696876 0.0253248277 0.0175110963 0.0133395435 0.011033969 0.018733398 0.0110408508 0.0117569404 0.0117409832 0.0068765366 0.0164809671 0.0252301845 0.0150681216 0.0143999966 0.0183620432 0.0073505649 0.0016925336 0.0089360742 0.0204770759 0.0175025667 0.0145316152 0.0175165407 0.0240532859 0.0289829427 0.0160076854 0.0161357947 0.0127827903 0.0075341449 0.0091803838 0.0259992657 0.0186517329 0.0204225223 0.0158420174 0.0143508495 0.0162144432 0.0124471183 0.0132991573 0.0199612484 0.0276841649 
39 0.0098513805 0.0140344385 0.0137147828 0.0254512979 0.0139269443 0.0198278525 0.0245040319 0.0242354119 0.019494307 0.0117709719 0.0058644142 0.0118500651 0.0115288554 0.0094845741 0.0084502376 0.0176739303 0.0153793501 0.0026045169 0.0124527824 0.0175842492 0.0201835831 0.0147682925 0.0135796624 0.02633237 0.0104234691 0.0026928088 0.0157146275 0.0315063656 0.0167483785 0.0136609136 0.0199668646 0.0138285525 0.0 0.0174828535 0.0123736678 0.0108109145 0.0151470657 0.0143999966 0.0292279023 0.0150235071 0.0186455022 0.0233418251 0.0149011266 0.0095639049 0.012941907 0.0160593277 0.0089249742 0.023341064 0.0183291145 0.0274000966 0.019985188 0.0194212875 0.0134112532 0.011356709 0.0215873205 0.0191207042 0.0205386681 0.0112263215 0.0170112818 0.0175431134 0.0113661535 0.0177567927 0.0130503121 0.0096198612 
40 0.0286639029 0.0079289516 0.0086342186 0.0153252938 0.0168068312 0.011470048 0.0188364216 0.030900913 0.0137228383 0.0127067473 0.0139192677 0.0052348607 0.0169660893 0.0229894007 0.0130707723 0.0186906534 0.0129825988 0.0122182437 0.0071785342 0.0204395101 0.017225564 0.0277433773 0.0135767045 0.015517899 0.0098036418 0.0211569697 0.0202510422 0.0143588483 0.0205195848 0.018578471 0.0196569669 0.0076888254 0.011842463 0.027542385 0.0196461036 0.0135155771 0.0193577811 0.0183620432 0.0150235071 0.0135389846 0.0275353616 0.0257002968 0.0183942542 0.0094744426 0.0171256304 0.0141553575 0.0138617504 0.0165525883 0.0061314695 0.0200734099 0.0077299365 0.0095826995 0.0098687428 0.0321055269 0.0159229116 0.0103595701 0.0158884045 0.0093866767 0.0068389654 0.0065167447 0.006877303 0.0180259577 0.0120177972 0.0162813654 
41 0.0193459137 0.0060000791 0.0159183361 0.0109944866 0.0135439801 0.0057759778 0.0139070774 0.0053318928 0.0163036748 0.0183996319 0.0182226723 0.02013689 0.0256535078 0.0089919519 0.0146834809 0.0101355426 0.0123886139 0.0147431263 0.0209964418 0.0112025271 0.0206568403 0.0134664619 0.0048420041 0.0167120782 0.0161062248 0.016899372 0.015349714 0.0126447398 0.0124221637 0.0227539995 0.0107837495 0.0281819245 0.0195169281 0.0063242677 0.0155081834 0.0168236844 0.0155792495 0.0073505649 0.0186455022 0.0275353616 0.0200705111 0.0214668514 0.0113762014 0.013143645 0.009008783 0.0101175321 0.0183516894 0.0217371102 0.0204654839 0.0121088082 0.0267800253 0.0194139359 0.0155872361 0.0192684843 0.0092187912 0.0204788257 0.0074463314 0.0235111417 0.0086662495 0.0157466682 0.0218966896 0.016353723 0.0152364953 0.021769968 
42 0.0116151073 0.02466225 0.0102603029 0.0158770374 0.0212220657 0.014524987 0.0136569044 0.0039609405 0.0107113399 0.013103749 0.014421857 0.0065913052 0.0062611914 0.0119689124 0.020291152 0.0265961843 0.0153331657 0.0336923351 0.011857605 0.0059502223 0.0302325788 0.0186759946 0.0143066157 0.0180083749 0.0062636108 0.0128464199 0.0291617484 0.0115052997 0.0098046356 0.0177429913 0.0102221521 0.0223148572 0.0321775914 0.0061586501 0.0107364124 0.0226250269 0.0131223074 0.0016925336 0.0233418251 0.0257002968 0.0214668514 0.0093226028 0.0158591599 0.0177971756 0.0128856908 0.0182882849 0.0130183652 0.013109286 0.0143817224 0.0135574073 0.0054855871 0.0206827401 0.0131219636 0.0163150098 0.0127772346 0.0182500176 0.0186805675 0.0151486273 0.0209706502 0.01873829 0.0188606053 0.0110888431 0.0132583705 0.01773641 
43 0.0061564403 0.0067429652 0.019707066 0.0118038394 0.0294078363 0.0167442272 0.0117917724 0.0243395244 0.0158239508 0.0357819701 0.0112954527 0.0163263025 0.0205778138 0.0153136686 0.0187520782 0.0070045424 0.0067982773 0.0105561508 0.0155787039 0.0145390691 0.0138634965 0.00618441 0.0136930969 0.0150687954 0.0244438475 0.0136906976 0.0104618884 0.02080287 0.0036519644 0.0167035204 0.0128857023 0.0084979384 0.0226535569 0.021955313 0.0256655659 0.0145284967 0.0124329247 0.0089360742 0.0149011266 0.0183942542 0.0113762014 0.0158591599 0.0059817343 0.0218415094 0.0224375238 0.0399222006 0.0164749935 0.0119654058 0.0202702101 0.0205804184 0.0195704039 0.0174911392 0.0129625857 0.0081275717 0.0087862824 0.019487427 0.0129479923 0.0183830555 0.0238780811 0.0109726385 0.0099537039 0.0125489232 0.0139680987 0.0097555486 
44 0.0149237597 0.0124156666 0.0117552408 0.0127135117 0.0284888013 0.0136382927 0.0283178856 0.0134683579 0.0070076719 0.0120404888 0.0209186852 0.0146708389 0.0124954533 0.0158357972 0.013569656 0.0238594653 0.0200957316 0.0085726982 0.0157084695 0.0176186535 0.0146420592 0.0031849257 0.0295754795 0.016463984 0.0178885726 0.0116470863 0.0148626314 0.0206238406 0.0219629313 0.0137860531 0.0215075154 0.0106470339 0.0072817191 0.0178458923 0.0262528545 0.0134563041 0.0121111665 0.0204770759 0.0095639049 0.0094744426 0.013143645 0.0177971756 0.0218415094 0.0080050854 0.0166000573 0.0184656827 0.0149396588 0.0121964388 0.0216361168 0.0175658496 0.0183573574 0.0104584403 0.0180677411 0.0210894822 0.016700085 0.0131977094 0.0097387942 0.0063847813 0.0136803327 0.0074006035 0.0234517598 0.0109640855 0.0167517478 0.020195262 
45 0.0153435699 0.0134902183 0.0227908019 0.0113152906 0.0161648592 0.0193472596 0.0100155196 0.0132749031 0.0089958995 0.0150967662 0.0213088263 0.0193206871 0.0309738782 0.0195518164 0.015941606 0.0296030202 0.0131277763 0.0239016105 0.0165148949 0.0019944608 0.0125514096 0.0107764222 0.0203412913 0.0238963476 0.0109836774 0.0159721532 0.0156923964 0.0051447333 0.0132760526 0.0165934204 0.0238869604 0.0224900195 0.0186612169 0.0150928485 0.0264939153 0.0045983375 0.0119504117 0.0175025667 0.012941907 0.0171256304 0.009008783 0.0128856908 0.0224375238 0.0166000573 0.017043405 0.0109177615 0.0126924062 0.0079346589 0.0123084115 0.0238873996 0.0158917219 0.0081508244 0.0035947837 0.0188420568 0.0187554677 0.0159053829 0.0173264483 0.0051859271 0.0111689622 0.0273125519 0.0130950595 0.0068213103 0.0144329622 0.0237550612 
46 0.0195246199 0.0168251141 0.0216707599 0.0081198145 0.0138638983 0.0230071687 0.0141839863 0.0185995715 0.0096329256 0.0118615121 0.0239739766 0.0081203632 0.016087256 0.0101594664 0.0164494187 0.0182048568 0.0182707574 0.012091913 0.0258532403 0.0238070579 0.0110555234 0.0083999374 0.0128963497 0.0045081266 0.0201941266 0.0164114815 0.0142673169 0.0141781002 0.0088812377 0.024430965 0.0096847007 0.0115884079 0.0167018933 0.013793289 0.0072402083 0.011619146 0.0130568833 0.0145316152 0.0160593277 0.0141553575 0.0101175321 0.0182882849 0.0399222006 0.0184656827 0.0109177615 0.0042756069 0.0197176742 0.0233739238 0.0189392521 0.0139904935 0.0133987779 0.0198970615 0.0193130563 0.0168470732 0.0206061261 0.0065544115 0.0073858028 0.0085419382 0.0159872471 0.0093699025 0.0273989139 0.016687639 0.0089564166 0.0370855499 
47 0.0105815598 0.0157505836 0.0178565581 0.0113852438 0.0142180498 0.0092842357 0.0161990749 0.0207597962 0.0082684902 0.0115933143 0.0159098155 0.0174631575 0.0168204265 0.0093704145 0.0021038168 0.0084967571 0.0172928135 0.0125349341 0.0147102145 0.0274005541 0.0116301079 0.0381497261 0.0278727826 0.0221527637 0.0050959211 0.0159070665 0.0154328304 0.0138716801 0.0048312616 0.0098644699 0.0052291451 0.0198647418 0.0173576456 0.0115344558 0.0199309438 0.0118931242 0.0157551937 0.0175165407 0.0089249742 0.0138617504 0.0183516894 0.0130183652 0.0164749935 0.0149396588 0.0126924062 0.0197176742 0.0297065908 0.025975144 0.0221112415 0.0051860054 0.0145946036 0.0311264288 0.0188695092 0.0124614322 0.0095235832 0.0168097194 0.0192912861 0.027747106 0.0115793178 0.0185361016 0.0138395076 0.0126957656 0.0204103512 0.0096645827 
48 0.0215215528 0.0162598229 0.010236626 0.0136837854 0.0106468142 0.0135729276 0.0261948004 0.0131859116 0.0069243628 0.0129669584 0.007100273 0.0009439691 0.0183394967 0.0170292185 0.0215018099 0.0061016951 0.0194654032 0.0185676916 0.0127055136 0.0172568183 0.0096630858 0.0181838512 0.0155215202 0.0222346796 0.0256275817 0.0113737702 0.0319239046 0.0119242879 0.0073508853 0.0080433582 0.0245865138 0.016963033 0.0192096457 0.0206531853 0.0180785774 0.0122565938 0.0097917953 0.0240532859 0.023341064 0.0165525883 0.0217371102 0.013109286 0.0119654058 0.0121964388 0.0079346589 0.0233739238 0.025975144 0.0245115272 0.002632648 0.023654931 0.0209187496 0.010215533 0.0083495656 0.0232627726 0.0097917862 0.0052544871 0.0252074323 0.0136178776 0.0106656839 0.0181732396 0.0137211981 0.0207468108 0.0097634349 0.0116816966 
