128
1 0.0072046844 0.006041233 0.0084578005 0.0095602265 0.0053286972 0.0054152265 0.0102802864 0.0107552865 0.0071051729 0.0061442603 0.0074637355 0.0063432838 0.0069759567 0.0086484151 0.0072242548 0.0086109002 0.0046104949 0.0068711445 0.0044967629 0.0072320427 0.0060828967 0.0076982695 0.0097744947 0.0126582458 0.0087154876 0.0079639442 0.0168610937 0.0050889097 0.0073654906 0.0039353721 0.0090762671 0.0098313403 0.0082519426 0.0083045481 0.0104159565 0.0068153122 0.0067399088 0.0070107741 0.0088565144 0.0061850661 0.0050883953 0.0054564708 0.0092887445 0.010230951 0.0046736133 0.0100398928 0.0070534162 0.0100546642 0.0133450803 0.0089134356 0.0083136613 0.0072326685 0.0091074402 0.0054736379 0.0121200046 0.0052004959 0.0102250686 0.0046894968 0.0100489138 0.0076638429 0.0095718316 0.0081595771 0.0072265097 0.010055027 0.0064726519 0.0060354228 0.0039567779 0.0102576931 0.0084940277 0.0048342907 0.010691163 0.0122768235 0.0121530346 0.0093831145 0.0070922573 0.0055451182 0.0076878321 0.0149839515 0.010363994 0.0151211816 0.0027793318 0.0053276394 0.0055028357 0.0075820599 0.005105299 0.0074087142 0.0049549125 0.0079384425 0.0055920966 0.0039228434 0.0072757301 0.0034590887 0.0064039865 0.0049791031 0.0059244696 0.0123543027 0.0087569694 0.0095915051 0.0094402113 0.00704101 0.0059094735 0.0066668692 0.0094457339 0.0061942061 0.0065423556 0.007625219 0.0047059508 0.007366097 0.0080462262 0.0072631061 0.0064355615 0.0104351944 0.0104112395 0.014412472 0.0099126121 0.0028679672 0.0085690073 0.0041329773 0.0115333749 0.0066182239 0.0043796922 0.0045367537 0.0066205968 0.0102160265 0.0112409106 0.0053859544 0.0048921723 0.0093095998 
2 0.006041233 0.0042438111 0.0042004745 0.0080892142 0.004456203 0.0072550351 0.0080649694 0.0109148443 0.0060859339 0.0077539321 0.0068801666 0.0065688383 0.0092697562 0.0080983923 0.0058291671 0.0068709488 0.0043536635 0.0092502045 0.0094900889 0.0064114359 0.0042259848 0.0103110992 0.0078928095 0.0053501336 0.0087349252 0.007267767 0.0030571643 0.0100768719 0.0069242405 0.0074954815 0.004000497 0.0086577207 0.0067539751 0.0046594896 0.0065887243 0.0060111549 0.0047912383 0.0085233424 0.0073165633 0.0061559652 0.0131868767 0.013822226 0.0078970416 0.0065016374 0.0109602983 0.0076745509 0.0043998363 0.0113168668 0.0060723724 0.0073286259 0.0077026522 0.0063199429 0.0060066124 0.002955919 0.0075519523 0.0049762907 0.0063267964 0.0095548175 0.0135044377 0.0086192124 0.0078193232 0.0112005837 0.0032784899 0.0082963967 0.0110067183 0.0098605432 0.0121980999 0.0124801825 0.0128482004 0.00726068 0.0052351881 0.006607001 0.0150775558 0.0129122667 0.0068349209 0.007257576 0.0047333217 0.005191248 0.005293346 0.0082922543 0.008715824 0.0090994155 0.0089077742 0.0100675587 0.0055220252 0.0050429076 0.0099951404 0.0027868653 0.0117624466 0.0083073219 0.00691853 0.0081981361 0.0071422208 0.005577676 0.0150788536 0.0070362511 0.0141267108 0.0083483004 0.0081206299 0.0076761752 0.0073968446 0.0064346078 0.0109388602 0.0059593272 0.0071392099 0.0097046352 0.0069658304 0.006003431 0.0078566409 0.0020181894 0.014009711 0.0071497579 0.0063391578 0.0076446958 0.0077214582 0.010466928 0.0035559954 0.0087016681 0.0097549169 0.0105758419 0.0098281517 0.013048622 0.0091002696 0.006970252 0.0061404184 0.0064925483 0.0020611647 0.0103037793 
3 0.0084578005 0.0042004745 0.0100735822 0.0080760594 0.0145519795 0.0085725008 0.0045955275 0.0084781655 0.0090437949 0.0036673862 0.0107816575 0.0131985087 0.0131097761 0.0083001889 0.0083708754 0.0060825165 0.0075212679 0.0081854701 0.0053032899 0.0059317736 0.0057526251 0.0036072275 0.0118576008 0.0067934934 0.0032391692 0.0050860019 0.0042255103 0.0083251872 0.0051540595 0.0093392633 0.0053481779 0.0116874948 0.0060323893 0.0066093316 0.0049610562 0.009736741 0.0062167733 0.0116072398 0.0073548536 0.0062390147 0.0108784961 0.0139016109 0.0082174943 0.0078900586 0.0064167759 0.0058644556 0.0080164522 0.0077388127 0.0037062027 0.0142283401 0.0071295644 0.0144441488 0.0060842826 0.0061660603 0.0056499851 0.0059216058 0.0058118871 0.0132565723 0.0044352027 0.0096390319 0.0048356256 0.0065103357 0.0038397405 0.0134546395 0.0081113422 0.0090119449 0.0092262722 0.0046336836 0.0118348526 0.0089652509 0.0065328833 0.0077670138 0.0110108999 0.0087760419 0.0043859409 0.0139448644 0.0074208069 0.0021993883 0.0085908798 0.0091306124 0.0125854073 0.0044035675 0.0127861283 0.004650487 0.0064754333 0.0115379054 0.0106087711 0.0069401103 0.0092058231 0.003302277 0.0090763424 0.0109436166 0.0058628554 0.0100434958 0.0054779796 0.0114157162 0.0071784056 0.0056212203 0.0074694095 0.0053024578 0.0079420919 0.0027316056 0.0101052882 0.0092920028 0.0049992276 0.0119623611 0.0118856751 0.0115213226 0.0078328178 0.0135581992 0.0018301194 0.0020871855 0.0064452033 0.0082375854 0.0059783469 0.0067292547 0.0116873108 0.0040260453 0.0067011997 0.0086563409 0.0044292125 0.0057691213 0.0092751112 0.0056566812 0.0085940668 0.0074386263 0.0063745517 0.0061101704 
4 0.0095602265 0.0080892142 0.0080760594 0.0085254572 0.0065024472 0.0118817257 0.0068316913 0.0046905119 0.0073420457 0.0030183613 0.0044658116 0.0057455299 0.0078969558 0.0037525729 0.0096560421 0.0032121571 0.0077778614 0.005183322 0.0066645658 0.0059706232 0.0064584855 0.005075433 0.005833085 0.0022622056 0.0052394742 0.0086003885 0.0024623889 0.0080336381 0.0081745009 0.0049291607 0.0082660302 0.0079025664 0.0121809788 0.0049241997 0.0115510678 0.011553496 0.0073447374 0.0087738252 0.0110028917 0.0081594781 0.0079887101 0.0058309807 0.0060499784 0.0133569117 0.0124202223 0.0084538831 0.0070518459 0.0085741162 0.008953686 0.008139347 0.0132532114 0.0099345765 0.0086914876 0.0034763388 0.0083042246 0.0069482304 0.0054709548 0.010513845 0.0129129116 0.0116320866 0.0084316076 0.0088091023 0.0061744003 0.0065902275 0.0082170379 0.0175463123 0.0045566255 0.0085807871 0.0068108037 0.0026181215 0.0066802984 0.0073990459 0.0082930073 0.0137169059 0.0072142891 0.0083864787 0.0053288522 0.011175883 0.0074949457 0.0040165708 0.0070195068 0.0073325579 0.0081860099 0.0078030365 0.0145537736 0.0056291176 0.0020719595 0.0107345398 0.0102301315 0.0140655981 0.0066167023 0.0030093874 0.0069741196 0.0056309723 0.0098085948 0.0113509975 0.0063752759 0.0050241368 0.0099787601 0.0067564671 0.0080167504 0.007370207 0.0064890593 0.010295066 0.0072267032 0.0121555775 0.0082248539 0.0063396275 0.0141711453 0.0043536076 0.0070730338 0.0060659435 0.0109625443 0.0062857799 0.0052705045 0.0126136801 0.0096598436 0.0040112137 0.006816479 0.0022904609 0.0086704918 0.0055694492 0.0103497962 0.0076884444 0.0077457871 0.008624857 0.008483053 0.0084543302 
5 0.0053286972 0.004456203 0.0145519795 0.0065024472 0.0034852387 0.0104011225 0.0035188076 0.0107183734 0.0107843403 0.0123933298 0.0060184216 0.0075090487 0.0062780279 0.0079508093 0.0093499945 0.0084068669 0.0118951086 0.0069444688 0.0058859568 0.0077910946 0.0063464555 0.0030818201 0.0027888454 0.0112254195 0.0093581848 0.0130974003 0.0031626043 0.0034805308 0.0083386441 0.0045415355 0.0074553968 0.0104782574 0.0079874975 0.0044485333 0.0070936698 0.0062858098 0.0084143571 0.0049708262 0.0071117965 0.0037655405 0.0087125064 0.0082694489 0.0086129608 0.0047530974 0.0108449571 0.0113945829 0.0099166103 0.0066725063 0.0048361703 0.0088366254 0.0126691411 0.0052720056 0.0159063255 0.0104079539 0.0130405243 0.0072765614 0.0078888255 0.014196402 0.006748262 0.0035769338 0.0046465479 0.0047749726 0.0095942524 0.0035083306 0.0094367404 0.0113472355 0.0080251493 0.0060574019 0.0091656167 0.0061377767 0.0068846376 0.0099987255 0.004051227 0.0056334622 0.0048879468 0.0042334044 0.0079886286 0.0066544725 0.0108298013 0.002624744 0.0090738887 0.0124682856 0.005112226 0.0118338834 0.0059533148 0.0101470833 0.0114743926 0.0070500711 0.0092289865 0.0086945265 0.0026678593 0.0092956465 0.0115107965 0.0050931827 0.0135266993 0.0047603696 0.0069981541 0.009908507 0.0104257417 0.0099638825 0.0100553831 0.0052402039 0.0073906602 0.0059312261 0.009295535 0.0084089052 0.0063038185 0.0060712232 0.0070967638 0.0083367689 0.0063429169 0.0118428521 0.0087922849 0.0087811533 0.0036009945 0.0100917261 0.0092634096 0.0085335295 0.0055946521 0.0073098461 0.0064896317 0.0066818446 0.0029008918 0.0068717844 0.0066604761 0.0148294046 0.0032486575 0.0129290219 
6 0.0054152265 0.0072550351 0.0085725008 0.0118817257 0.0104011225 0.0087343352 0.0098406618 0.0052038622 0.0073337461 0.0075363023 0.0046019279 0.0052183564 0.0115172421 0.0111849119 0.0122112725 0.0092576036 0.0134925388 0.0095159967 0.0035851937 0.0093937315 0.0054314957 0.0097432991 0.0054537522 0.0097456565 0.0085325823 0.0103842145 0.0031144549 0.0087412863 0.0089493593 0.0042580139 0.0036617225 0.0048984552 0.0072699888 0.0052006775 0.0027883318 0.0065807195 0.0104606581 0.008010586 0.0104277606 0.010207436 0.0071926936 0.0048412795 0.0081999891 0.0083679951 0.0092901558 0.0073961116 0.0091660332 0.0053868075 0.0093128236 0.0058840117 0.0081861448 0.0089289877 0.0090210703 0.0028827516 0.0082537622 0.0082545519 0.0095662286 0.0066621866 0.0102673688 0.0089517984 0.0047252862 0.0091214342 0.0119359563 0.0090230457 0.0061958883 0.0068687742 0.0064896145 0.009066609 0.0046940895 0.0058006989 0.0090521339 0.0069439201 0.0025623463 0.0079846066 0.0108863276 0.0091371916 0.0073520564 0.0070285791 0.0050370517 0.0062318408 0.007360154 0.0082202392 0.0091807566 0.0107764911 0.0078108031 0.0042344922 0.0041152756 0.0074445574 0.0109077598 0.0066139505 0.0042294619 0.0106535942 0.0078480363 0.0098757926 0.0054686738 0.0117556175 0.0070657476 0.0050531514 0.0035765135 0.0106017968 0.0090032715 0.0059134525 0.0045823244 0.0065097419 0.0044499614 0.0074619318 0.0051768102 0.0072277521 0.0131619395 0.0078412348 0.009945925 0.0047399688 0.0052331659 0.011867369 0.0092817737 0.0098967532 0.0118371319 0.0129580128 0.0108109314 0.0112751972 0.0108610137 0.0091662254 0.0064168178 0.0090788417 0.0096325722 0.0044030763 0.0086899666 0.0016200253 
7 0.0102802864 0.0080649694 0.0045955275 0.0068316913 0.0035188076 0.0098406618 0.0096689258 0.0068055576 0.0076626925 0.0029330304 0.0064033682 0.0103055969 0.0068734052 0.0111213213 0.0087198401 0.0061859023 0.0072877759 0.0029963562 0.0081098995 0.00490794 0.0103247385 0.0111342358 0.0076000741 0.0076986419 0.0037744183 0.008958556 0.0047476507 0.0074759036 0.0050193503 0.0163953941 0.0096722717 0.0117143198 0.005486387 0.0055278705 0.0090876001 0.0057701038 0.0072426829 0.0060737778 0.0061178062 0.0046419618 0.01043946 0.0037650249 0.0095492061 0.0063755623 0.0099532701 0.0085858143 0.0034571789 0.0093787227 0.004088866 0.0076004591 0.0077983493 0.006703634 0.0090428586 0.0122308873 0.0064547215 0.0121481288 0.0068603189 0.0082365559 0.0085743534 0.0079963497 0.005530578 0.0027032768 0.0064903892 0.0062633871 0.0114010562 0.0029930903 0.0105911636 0.0067627241 0.0079412709 0.0043473769 0.0075710984 0.0109320935 0.0100645551 0.0096951214 0.0097347717 0.0086576862 0.0097398279 0.0144085415 0.0064452514 0.0041434064 0.0086284636 0.0190375568 0.0124632031 0.0059885064 0.003278713 0.000480936 0.0110058208 0.0096703527 0.0074046591 0.0088481839 0.0128714436 0.0093913187 0.0043146858 0.0096133378 0.0044701176 0.0096509707 0.0124833697 0.0058825363 0.0031285134 0.0088409675 0.0076200177 0.0094693107 0.0035731129 0.0048505249 0.0083935262 0.0063885674 0.0060436854 0.0055860279 0.0110810891 0.0039858906 0.0101695718 0.0052073911 0.0085361577 0.0069972621 0.0064453065 0.0081190123 0.0102333818 0.0101386965 0.0078020746 0.0133341284 0.00700737 0.00425791 0.0077690736 0.0096265413 0.0111140523 0.0115833684 0.0045656997 0.0094139034 
8 0.0107552865 0.0109148443 0.0084781655 0.0046905119 0.0107183734 0.0052038622 0.0068055576 0.0090887919 0.0132260838 0.008691511 0.0089809667 0.003496788 0.0099987709 0.0061856976 0.0081406633 0.0123273704 0.0087839011 0.0081821937 0.0091561269 0.0031231751 0.0092092292 0.0054503309 0.0089256299 0.0056185536 0.0055310347 0.0096552427 0.0094843082 0.0038486033 0.0173832583 0.0052993541 0.0088579102 0.0078874863 0.0052046474 0.0096364019 0.00650715 0.0059171633 0.0095063738 0.0102642895 0.0073191515 0.0068811731 0.0097672367 0.0081482756 0.0098747862 0.0069270606 0.0073478862 0.006288583 0.0090530034 0.0083251225 0.0065892403 0.0057454288 0.005892069 0.0052269031 0.0073709598 0.0124445141 0.0057620135 0.0074883457 0.0102986412 0.0017701142 0.0045059415 0.0081930016 0.0114658431 0.0031924332 0.0059841079 0.0078827729 0.0101492657 0.0076018502 0.0111461037 0.0124855835 0.0129915641 0.007621414 0.0108371006 0.0105432647 0.0085093212 0.0034803202 0.0076273365 0.0033143744 0.0065342657 0.0094956127 0.012976655 0.005666365 0.0059019717 0.0055726453 0.0057423381 0.0046114779 0.0071386066 0.0069958952 0.0087152753 0.0062815615 0.0045636102 0.0082944111 0.0054223575 0.0087888072 0.0081258834 0.005483762 0.0085925085 0.0059087608 0.0049542869 0.0048816193 0.0033014949 0.0182833766 0.0025719217 0.0068804464 0.0129443338 0.0057876263 0.008456497 0.0103870659 0.0072911372 0.0080455801 0.0107285921 0.0052631479 0.0103759899 0.0054435315 0.0072409441 0.0044412786 0.0056669314 0.0081245978 0.0068713735 0.0083242755 0.0110831946 0.0078465895 0.0138469346 0.0109097358 0.0124461414 0.0044706476 0.0096023973 0.0044499826 0.0087763287 0.0023015119 
9 0.0071051729 0.0060859339 0.0090437949 0.0073420457 0.0107843403 0.0073337461 0.0076626925 0.0132260838 0.0129254619 0.0094859192 0.0134403189 0.0090876951 0.0027062405 0.012816371 0.0150633621 0.0097999106 0.0087249002 0.0110253043 0.0073915134 0.0061551446 0.0057953191 0.0070473976 0.0038207339 0.0072919841 0.0084485966 0.0099266538 0.0078099056 0.0113166472 0.0052380631 0.0066626239 0.0057413448 0.0087683127 0.0122889 0.0063435841 0.0094180443 0.0087729171 0.0040928271 0.0114110101 0.0082126999 0.0103837924 0.004882343 0.005085803 0.0058064865 0.0067686146 0.0064776092 0.005742042 0.0067899791 0.012247575 0.0087148313 0.0073716858 0.0081994544 0.0069419677 0.0071513628 0.0046803537 0.008091516 0.0046481735 0.0064800623 0.0023742179 0.0091933158 0.009287103 0.0090150534 0.0077356248 0.0031698524 0.0051785072 0.0033471506 0.0050916287 0.0079738705 0.0034908 0.0054052877 0.0085999751 0.0064190085 0.0088238207 0.0094790774 0.0064840665 0.0054789187 0.0048095348 0.0068153571 0.0047083066 0.0048889681 0.0196084395 0.0057545084 0.0053698105 0.0045414826 0.0087336828 0.0128744524 0.0055655358 0.0100264026 0.0073068233 0.0053318931 0.0109432358 0.0074124588 0.006914459 0.0100277332 0.0122877538 0.0096012049 0.0073610252 0.0096247666 0.001819805 0.0106938257 0.0120599776 0.003340559 0.0057807099 0.0083247673 0.0057760707 0.0034684599 0.0117974541 0.0046137949 0.009077702 0.0198630354 0.0076884335 0.006036102 0.0065954949 0.0064517482 0.0075173744 0.0079319285 0.0091609576 0.0034973725 0.0031048551 0.0041235381 0.0130928684 0.0059605423 0.0097181225 0.0081307139 0.0101341594 0.0063533839 0.0108180411 0.0104209242 0.0075149948 
10 0.0061442603 0.0077539321 0.0036673862 0.0030183613 0.0123933298 0.0075363023 0.0029330304 0.008691511 0.0094859192 0.0081801742 0.0085687603 0.0043778865 0.0103036598 0.0073751989 0.0083771627 0.0068017242 0.0079706341 0.0045469739 0.0052490844 0.011263028 0.0091039854 0.006212625 0.0076466243 0.0070047861 0.0067853713 0.0067461785 0.0065050629 0.009679612 0.0053685074 0.0166409749 0.0110143692 0.0053354087 0.0082162842 0.0107142125 0.00757959 0.007743408 0.0081797774 0.0069337046 0.0107299307 0.0032414452 0.0135436064 0.0045504636 0.0037830055 0.0072992357 0.0075528423 0.0163097613 0.0079958778 0.0043345974 0.0070196512 0.0021155632 0.005549052 0.0028401115 0.0064113451 0.0113969343 0.0086413207 0.0104141465 0.0028156265 0.0028981127 0.0071886677 0.004124772 0.0092836009 0.010941997 0.0025283965 0.0080833371 0.0086831755 0.0118224283 0.0077822715 0.0091778422 0.0095134025 0.0101609259 0.0089510774 0.0044321762 0.0118571626 0.0063548611 0.0083836492 0.010767609 0.0109439102 0.0088762865 0.0044253653 0.0155930735 0.0072725184 0.0184071516 0.0074510125 0.0062584541 0.0086248116 0.0033368233 0.0079252464 0.0041597713 0.0097001679 0.0067814261 0.0072902169 0.0111213448 0.0085341307 0.0100370698 0.0056218472 0.0090719328 0.0091273327 0.0045312677 0.0090366323 0.014597849 0.0115655557 0.0070359898 0.0033471341 0.0005924151 0.0075667423 0.0109424213 0.0083145454 0.0076381312 0.0035800469 0.0057348313 0.0066915419 0.0080687677 0.0067583153 0.0058823247 0.0039993379 0.0076602127 0.0075631758 0.0064822068 0.0085497614 0.0087343817 0.0112802161 0.0074952324 0.010868994 0.0101388276 0.0069341927 0.0133541687 0.0072357278 0.0057303742 
11 0.0074637355 0.0068801666 0.0107816575 0.0044658116 0.0060184216 0.0046019279 0.0064033682 0.0089809667 0.0134403189 0.0085687603 0.0030854077 0.0063438107 0.0105172899 0.0076868207 0.0046345779 0.0051863702 0.0086910169 0.0073730671 0.0083553691 0.009033592 0.0089737879 0.010383362 0.0089848295 0.0089603329 0.0108688319 0.0105711408 0.0077279314 0.0093366562 0.0089885646 0.0042596573 0.0044327319 0.005131886 0.006584056 0.0075872726 0.0060872018 0.0083014232 0.013125843 0.0091633053 0.0028532245 0.0086274447 0.0075913638 0.0101384809 0.0083870619 0.0123789502 0.0122197506 0.0080593974 0.0020898366 0.0096443935 0.0070586156 0.0088508725 0.0034188742 0.0072426425 0.0091412142 0.0061686465 0.0078506522 0.0053618207 0.0091416631 0.0116332232 0.0037669923 0.0105207636 0.0068626836 0.0072461213 0.0117850267 0.0120724998 0.0145434837 0.0029802168 0.0112372356 0.0046651151 0.0070133531 0.0077108871 0.0098113845 0.008031658 0.0075862936 0.0064862294 0.003063417 0.0031380983 0.0064983502 0.0037658998 0.0083257414 0.0077929603 0.006171373 0.0071604554 0.0066324697 0.0075583669 0.0089033246 0.0063790437 0.0094326488 0.0063936673 0.0086132185 0.0082498272 0.0085123656 0.0062638442 0.008065504 0.0124899376 0.010144317 0.0069495567 0.0095720534 0.0053336978 0.0062772378 0.0055735026 0.0068250946 0.0121667311 0.0061895732 0.0056931023 0.0124689023 0.0070971639 0.0102297013 0.0104315899 0.0094615003 0.0063986345 0.0094118975 0.0067926067 0.0088711721 0.0133486662 0.0087867738 0.0037276051 0.0071468787 0.0082377285 0.009444102 0.0032700767 0.0046746275 0.0083989322 0.0038246487 0.0079450152 0.0114364658 0.0102331642 0.0054986078 0.0065688153 
12 0.0063432838 0.0065688383 0.0131985087 0.0057455299 0.0075090487 0.0052183564 0.0103055969 0.003496788 0.0090876951 0.0043778865 0.0063438107 0.0018562758 0.0104040638 0.0032557004 0.0050978055 0.0095409116 0.0074816289 0.005202094 0.0059956274 0.0078120242 0.0084701194 0.0072085607 0.0130653141 0.0068763614 0.0062973524 0.0093179958 0.0121671782 0.0098765495 0.0027240187 0.0076246076 0.0100992237 0.0118567087 0.0080786321 0.0090074711 0.0089477918 0.0064999399 0.0116875539 0.0041652066 0.0096075505 0.0101083355 0.0025058033 0.0077352696 0.005069005 0.0093140555 0.010759159 0.0081211501 0.0079831601 0.0131861113 0.0061440898 0.0099491398 0.0072832093 0.0118091668 0.0024283804 0.0098715331 0.0068634374 0.0064538428 0.0104502371 0.0108366579 0.008174762 0.0062555342 0.0087720292 0.0051053409 0.0060949388 0.0065659418 0.0081563721 0.0116352386 0.0089510117 0.0099495824 0.0168576151 0.0135903021 0.0047570473 0.0039385704 0.0072093225 0.0054484934 0.0049216274 0.0071725675 0.0086836166 0.0071596849 0.0046568704 0.0034195877 0.007529148 0.0051047168 0.0058885802 0.0084544586 0.0068822256 0.0092341099 0.012793496 0.0071240545 0.0060716567 0.0074059508 0.0092002401 0.0088149896 0.0103592221 0.0130669826 0.009542213 0.0039621647 0.0089878036 0.0127017712 0.0061966106 0.0038634444 0.010088746 0.0074565606 0.0092101342 0.009587091 0.0080867186 0.0065317012 0.0109017498 0.0081363057 0.0058497583 0.0072853868 0.0078262263 0.0061754158 0.0053507007 0.0081276762 0.0039163569 0.008861443 0.0051811837 0.00538165 0.0098334367 0.004919237 0.0067372534 0.0086065199 0.0101681846 0.0108759131 0.0071142837 0.0069983378 0.0095030824 0.0053376956 
13 0.0069759567 0.0092697562 0.0131097761 0.0078969558 0.0062780279 0.0115172421 0.0068734052 0.0099987709 0.0027062405 0.0103036598 0.0105172899 0.0104040638 0.0078365135 0.0097368565 0.0075457634 0.0111831811 0.0138291985 0.013591544 0.0070418618 0.0077669071 0.0096030685 0.0105468765 0.0073500655 0.0088456134 0.0021736447 0.0067968519 0.0032891741 0.0050351415 0.0077385346 0.011616199 0.0078572044 0.0071361735 0.0030057133 0.0083538363 0.0040392486 0.009054529 0.0038889507 0.0073722039 0.0089425 0.007367348 0.0060399448 0.0035804239 0.003485195 0.0098868625 0.0063040662 0.0054927259 0.0119055784 0.004662498 0.0104858872 0.0039811891 0.0100454643 0.0108955846 0.012480404 0.0083921947 0.0079057862 0.0045294459 0.0034021053 0.0054385094 0.0029625055 0.0085537405 0.0073751089 0.0113237207 0.0027566191 0.0133361189 0.0047616559 0.0106336556 0.0105673686 0.0074776585 0.0101737829 0.0048564663 0.0036151734 0.0091127402 0.0235437307 0.0041070189 0.0099848416 0.005367751 0.0042947985 0.0048231847 0.0103237944 0.0141872086 0.0069041565 0.0063162015 0.0072099593 0.0039161757 0.0081322958 0.005109002 0.0053679072 0.0100309254 0.0106328718 0.0095857193 0.0057810311 0.0076030968 0.0055383096 0.0060104205 0.0143451548 0.006335203 0.0138957775 0.0092342143 0.0085244366 0.0088523476 0.0118987018 0.0061591913 0.0092190202 0.0095975106 0.0090581706 0.011075531 0.0088693646 0.0061838827 0.0087015594 0.0014631893 0.0046881756 0.0054221872 0.0048790853 0.0134045457 0.0064352384 0.0065468766 0.0060456991 0.0091751457 0.0024086806 0.0037605825 0.0119040057 0.0030773864 0.0055926022 0.0043884525 0.0065251614 0.0114727706 0.0064962051 0.0087775145 
14 0.0086484151 0.0080983923 0.0083001889 0.0037525729 0.0079508093 0.0111849119 0.0111213213 0.0061856976 0.012816371 0.0073751989 0.0076868207 0.0032557004 0.0097368565 0.0037942033 0.0086585047 0.0098431569 0.0116927433 0.0078837937 0.0075604681 0.0101270254 0.0093368134 0.0069415647 0.0063930923 0.0045063695 0.004695093 0.0046702723 0.0112467836 0.0042024232 0.0045967344 0.0106337097 0.0115531698 0.0075685374 0.0131695692 0.0088751631 0.0072977814 0.0062021899 0.0053869995 0.0046752372 0.009481942 0.0021728052 0.0075724485 0.0129317568 0.0089025911 0.0019760237 0.0116851941 0.0050827002 0.0081928265 0.0088360686 0.0042107811 0.0086514311 0.0154674292 0.0037789414 0.0096053015 0.0121059511 0.0111424134 0.0092239614 0.0123623677 0.007697895 0.0112968435 0.0116083632 0.010060687 0.0119178403 0.0083339971 0.0034417342 0.0109837726 0.0105680044 0.0085364811 0.0044926562 0.0028185193 0.0051628121 0.010500169 0.0101932313 0.003151242 0.0048842687 0.0074777708 0.0078101225 0.0083135543 0.0073805632 0.0072134363 0.0048498537 0.0042529172 0.0079847584 0.0066745185 0.010237583 0.0055624391 0.0062896866 0.0086551018 0.0073806446 0.0116280504 0.0053549477 0.0126599452 0.0063033803 0.0059955463 0.0074975322 0.0040055758 0.0051349496 0.0063397084 0.0065243365 0.0063078408 0.0070850177 0.0102757603 0.009877555 0.0042116799 0.006510144 0.0065245506 0.0047698202 0.010010068 0.0110535879 0.0121694483 0.012071471 0.0057385937 0.0032606398 0.0104550502 0.0040800837 0.0091658425 0.0076442669 0.0044209917 0.008395551 0.0056048163 0.0053549538 0.012251119 0.0115615515 0.0086312454 0.0078382648 0.0067541806 0.0053110575 0.0089575732 0.0055242451 
15 0.0072242548 0.0058291671 0.0083708754 0.0096560421 0.0093499945 0.0122112725 0.0087198401 0.0081406633 0.0150633621 0.0083771627 0.0046345779 0.0050978055 0.0075457634 0.0086585047 0.0101984499 0.0048817564 0.0042434335 0.0095516424 0.0056116693 0.0068753001 0.0055992489 0.0078760489 0.0066229838 0.0056043281 0.0062649668 0.0102750103 0.0072974062 0.0076178934 0.0085233667 0.0043445857 0.0022067762 0.0074559451 0.0092708654 0.0052934001 0.007696378 0.0029688113 0.0066593498 0.0105861927 0.0081714717 0.0064827206 0.0080575327 0.0159997558 0.0069134134 0.0124357461 0.0054088104 0.0057379261 0.0166486412 0.0105461485 0.0075094882 0.010713299 0.006226335 0.0062499207 0.0040932342 0.009635778 0.0084074054 0.0033691418 0.0117853777 0.0037985229 0.0134871784 0.0038601012 0.0130851554 0.0104399251 0.0077940119 0.0027422662 0.0030505203 0.0065329051 0.0067325836 0.0032550866 0.0045651147 0.0129170272 0.0092905224 0.0116876104 0.010689741 0.0034260583 0.0074872776 0.0094204267 0.0063723998 0.0089608373 0.007544036 0.0122424437 0.007929536 0.010642947 0.0033437609 0.0067585347 0.0056407168 0.006504439 0.0091980288 0.0081432853 0.0036879669 0.0082312019 0.0047780528 0.0096172236 0.0083298135 0.0103425584 0.0075999368 0.0093012309 0.0044165759 0.0051195833 0.004324846 0.0075106746 0.0115194553 0.0106017283 0.0070722334 0.0097449411 0.0134423939 0.0162944726 0.0110846714 0.0110200432 0.0077520321 0.0080136304 0.0082309574 0.0093971043 0.0061521456 0.0057226787 0.0079007641 0.0077935495 0.0103942779 0.0105567993 0.0067790782 0.0045207457 0.0040986112 0.0079338997 0.005376173 0.0057440311 0.0040232163 0.0085968563 0.0012951565 0.011338447 
16 0.0086109002 0.0068709488 0.0060825165 0.0032121571 0.0084068669 0.0092576036 0.0061859023 0.0123273704 0.0097999106 0.0068017242 0.0051863702 0.0095409116 0.0111831811 0.0098431569 0.0048817564 0.018077013 0.0152614479 0.0083999892 0.0062743172 0.0042280987 0.0067739554 0.0050171551 0.0050648096 0.0069539344 0.007131459 0.0052459701 0.0080195653 0.0132294341 0.0066593876 0.0152272111 0.0061326765 0.0113425337 0.008811118 0.0098986718 0.0074255121 0.0071393479 0.013463322 0.0054108569 0.0068443465 0.007385499 0.0081136906 0.0092688579 0.0064885934 0.0050525673 0.0060883862 0.0026862797 0.0103680084 0.0087828649 0.0110588978 0.0089130034 0.0037974088 0.0080149839 0.0030639181 0.0065876374 0.0056793453 0.010818646 0.01267277 0.0064005017 0.0085311902 0.0136510841 0.0119978259 0.0081996819 0.0071240515 0.0076911808 0.0062188264 0.0038322578 0.0066018009 0.0042788262 0.0127629139 0.0079632629 0.0070959907 0.0052637224 0.0053775281 0.0098094374 0.0098594949 0.0102299811 0.0081152042 0.005624821 0.0070501281 0.0060962901 0.0044181157 0.0093808918 0.0103463305 0.0095469226 0.0052813408 0.0054558885 0.0067109615 0.0083339853 0.0082681177 0.0093991279 0.0110642264 0.0063829403 0.0064837886 0.0039644821 0.0090686645 0.0067587222 0.0104632595 0.0060940566 0.0109654759 0.0105711637 0.0049785129 0.0049995221 0.0020850826 0.0039195966 0.0079103291 0.0066895485 0.0104392677 0.0107943192 0.0053764346 0.0086472098 0.0048223471 0.0067450858 0.004410182 0.0069330315 0.007360925 0.010291175 0.0069261087 0.0108274978 0.0091416378 0.008712526 0.0064336398 0.0058946003 0.0109260849 0.0042368753 0.0072174752 0.0085527539 0.0037713459 0.0111576523 
17 0.0046104949 0.0043536635 0.0075212679 0.0077778614 0.0118951086 0.0134925388 0.0072877759 0.0087839011 0.0087249002 0.0079706341 0.0086910169 0.0074816289 0.0138291985 0.0116927433 0.0042434335 0.0152614479 0.0032844748 0.0126924945 0.0120791883 0.0055358238 0.0071628592 0.0049666064 0.0071165979 0.009009937 0.0050744339 0.003994342 0.0051435765 0.0045417192 0.0061920769 0.0114989302 0.0106440261 0.0031325581 0.011087357 0.0063108464 0.0088255819 0.0054802914 0.0107116379 0.0041796192 0.0042483734 0.0083793839 0.0069255983 0.0119986236 0.0092493886 0.0062568318 0.0064240895 0.003703921 0.0080597363 0.0061875199 0.0060245479 0.0032028224 0.0115405886 0.0117564863 0.0127764373 0.0064757795 0.0071543554 0.0109155082 0.007129929 0.0047466752 0.0057413276 0.0110369927 0.0100451845 0.0075459434 0.0086029366 0.0041804887 0.0097316287 0.0060522987 0.0084812252 0.0092901585 0.0011976246 0.0137003904 0.0093937789 0.0056374135 0.0053868697 0.0055421368 0.0013439439 0.0115305264 0.008779785 0.005643407 0.006815888 0.0103770018 0.0091956997 0.0203248834 0.0098240653 0.0056720543 0.0108301535 0.0044089195 0.0023840239 0.0094412484 0.00941934 0.0079130484 0.0047891764 0.0109620276 0.0071590378 0.0085301758 0.007586824 0.0078537164 0.0080015091 0.004721977 0.0048662853 0.0038404673 0.0028509023 0.0087300661 0.0075724327 0.0075982463 0.0093546813 0.0039068685 0.004669189 0.0091235223 0.0046433643 0.0111901661 0.0101163486 0.0060475984 0.0051568877 0.0118521315 0.0103597687 0.0075087685 0.0109584685 0.0065813227 0.0073092349 0.0082795691 0.0041794447 0.0065016582 0.0123590591 0.0091526335 0.0073039067 0.0060137016 0.0088262055 0.0126330789 
18 0.0068711445 0.0092502045 0.0081854701 0.005183322 0.0069444688 0.0095159967 0.0029963562 0.0081821937 0.0110253043 0.0045469739 0.0073730671 0.005202094 0.013591544 0.0078837937 0.0095516424 0.0083999892 0.0126924945 0.0111197461 0.0083322305 0.0054891206 0.013216048 0.0090586642 0.007542807 0.010037469 0.0060613954 0.0091194585 0.0091699756 0.0064840999 0.0054451955 0.007089085 0.0108080183 0.0108609629 0.0044397091 0.0059957693 0.0062045455 0.0075475095 0.0044176417 0.0119890585 0.0076397856 0.0080025459 0.0073297334 0.0108654028 0.0078606353 0.0074995156 0.009125664 0.0069856311 0.0104688852 0.0079160222 0.0046447909 0.0075181066 0.0066929046 0.0058085684 0.0077925719 0.0040737913 0.0071943867 0.0108024067 0.0053377943 0.0106159167 0.007491765 0.0089439147 0.0046574862 0.0026444935 0.0076223383 0.0046644633 0.0071934714 0.0076718226 0.0086671421 0.0023260168 0.0057611617 0.0070467489 0.0059583672 0.008308452 0.0102940471 0.0135149354 0.0110993371 0.0099809633 0.0066703676 0.00750153 0.0100078223 0.0084708647 0.0037595327 0.0041242719 0.0110378279 0.0072155816 0.0086923596 0.0085117743 0.0101790732 0.0091649104 0.0055202199 0.0121636045 0.0022160956 0.0105232701 0.013120225 0.0057502495 0.0078552972 0.0030128565 0.005678772 0.0110660501 0.0121095965 0.0091973614 0.0089318858 0.0062770505 0.0082439843 0.0036516737 0.0064190255 0.0135989033 0.0047689224 0.0072256426 0.0086499675 0.0099507219 0.0038271023 0.0106670912 0.0102751182 0.0106568934 0.0009691111 0.0077600724 0.0074200462 0.00391055 0.0063181229 0.0103946671 0.0129577503 0.0048295201 0.0034939018 0.0080394266 0.0109167453 0.0055209415 0.008987024 0.0059420681 
19 0.0044967629 0.0094900889 0.0053032899 0.0066645658 0.0058859568 0.0035851937 0.0081098995 0.0091561269 0.0073915134 0.0052490844 0.0083553691 0.0059956274 0.0070418618 0.0075604681 0.0056116693 0.0062743172 0.0120791883 0.0083322305 0.0048247588 0.0061499306 0.009479268 0.0090276647 0.0107215373 0.0039725869 0.0069218637 0.0098862235 0.0093101781 0.0111636009 0.0112763361 0.0059148349 0.0051362806 0.0077588634 0.0134467398 0.0070679195 0.0080166697 0.0074080914 0.0086390162 0.0088859844 0.0067935202 0.0081837011 0.0080799333 0.0049265404 0.0038949045 0.0049117866 0.0049867329 0.0091068202 0.0086062885 0.0088517699 0.0065886631 0.0062652366 0.0096462021 0.0110604496 0.011472428 0.0148663787 0.0087908937 0.0031255184 0.0049091124 0.0081052833 0.0074422247 0.0089949969 0.0065701318 0.0112707624 0.0128616314 0.0079691176 0.0129203858 0.0053861633 0.0090099537 0.0040648083 0.0118622583 0.0066718189 0.0107270082 0.0078770854 0.0074019384 0.008373626 0.0060774949 0.0132513962 0.0098546984 0.0140927104 0.0076732288 0.005550312 0.0128529409 0.0110523984 0.0070067238 0.0022279515 0.0089368658 0.0108471558 0.0070041757 0.0106093536 0.0069539117 0.0054984274 0.0116530781 0.0085772057 0.0093046848 0.0090600314 0.0031405393 0.0064710597 0.0091661053 0.0060372409 0.0025312865 0.0100501954 0.0095114854 0.0085999018 0.0087346846 0.0037984797 0.0092592011 0.0065730209 0.002934568 0.0078087843 0.004005088 0.0081967325 0.0047088227 0.006130371 0.0066937128 0.0083448883 0.0066615026 0.0082375571 0.0098984213 0.0067232677 0.0102988797 0.0079053043 0.0135954581 0.0042453961 0.0042369525 0.0105510094 0.0058428312 0.0055934092 0.0062821471 0.0049793127 
20 0.0072320427 0.0064114359 0.0059317736 0.0059706232 0.0077910946 0.0093937315 0.00490794 0.0031231751 0.0061551446 0.011263028 0.009033592 0.0078120242 0.0077669071 0.0101270254 0.0068753001 0.0042280987 0.0055358238 0.0054891206 0.0061499306 0.0058938877 0.016411062 0.0148002963 0.0034280833 0.0085373639 0.0048580051 0.0042913422 0.0119647668 0.0019071152 0.0058481801 0.0051162462 0.0106121523 0.0118047741 0.0079941691 0.006404849 0.0077178916 0.0085113779 0.0101676165 0.0120379611 0.0061568881 0.008134137 0.0091471047 0.0037948629 0.0059631814 0.008407028 0.0052960159 0.0067803383 0.0099901575 0.005395307 0.0089402825 0.0111824091 0.0053317571 0.0133066915 0.0058432838 0.0083786815 0.0034359071 0.0054281131 0.0051261946 0.0071974556 0.0081497574 0.0084036189 0.0090846536 0.0135109523 0.0115046009 0.0140475453 0.0052284173 0.0119816551 0.0102903643 0.0083137155 0.0040512884 0.0062714068 0.0045764262 0.0087052613 0.0092126946 0.0121733757 0.0081843635 0.0093993644 0.0069068488 0.0104471877 0.0123231779 0.0106290274 0.0108937071 0.0085592847 0.0115769226 0.0089549337 0.005584785 0.00721752 0.0054442288 0.006701978 0.0039197757 0.0101039108 0.0079186467 0.0054364601 0.005883029 0.0087543268 0.0137446372 0.0019315207 0.0050704277 0.0092029425 0.0023405802 0.0073159337 0.0075721877 0.0044605983 0.0094753391 0.0096349305 0.0049524187 0.004899975 0.0077562439 0.0091601848 0.009493238 0.0097592704 0.0085659432 0.0040702111 0.0081239124 0.0037921762 0.0088089408 0.0077207076 0.0112031869 0.0095092384 0.0115091486 0.0091917667 0.0071015559 0.0056212331 0.0079506553 0.0078151813 0.008579568 0.007659673 0.0078902746 0.0050302367 
21 0.0060828967 0.0042259848 0.0057526251 0.0064584855 0.0063464555 0.0054314957 0.0103247385 0.0092092292 0.0057953191 0.0091039854 0.0089737879 0.0084701194 0.0096030685 0.0093368134 0.0055992489 0.0067739554 0.0071628592 0.013216048 0.009479268 0.016411062 0.0099949859 0.0099954008 0.0116555512 0.0112077529 0.008732572 0.0058249997 0.0049355767 0.0122455801 0.0073440707 0.0059738272 0.0095831467 0.007288502 0.0059662437 0.0062604992 0.0125346301 0.0070336348 0.0103478362 0.0054405656 0.0037343316 0.0058777762 0.0094001939 0.0141533937 0.008575823 0.0025936279 0.0036000958 0.006669155 0.009246337 0.0129180771 0.0075780105 0.0072506546 0.008179866 0.0118950944 0.0096658107 0.0075143752 0.0074103671 0.0032925801 0.0082803705 0.0066300481 0.0021519074 0.0060605212 0.0024546393 0.0062807067 0.0089623192 0.0091664637 0.0086863177 0.0076221572 0.0100968393 0.0061998509 0.0065356734 0.0071313001 0.0058281365 0.0167004735 0.006680023 0.0052748827 0.0082832711 0.0043978196 0.0034694905 0.0077810187 0.0087442974 0.0086443991 0.0102299924 0.0051231149 0.0089202048 0.0094165014 0.0079240768 0.0038892469 0.0060116817 0.0039459171 0.0038527933 0.0088701253 0.0101289418 0.0137915747 0.0087260117 0.0066040951 0.0128610856 0.0066311313 0.009996918 0.0079151521 0.0038634998 0.0029778472 0.0074812155 0.0071911987 0.0107047776 0.0067561281 0.0051798127 0.0049680761 0.0086543576 0.0079631283 0.0139313131 0.0117038906 0.0082786499 0.0121846835 0.008310304 0.008340442 0.0044592031 0.0083291011 0.0043893959 0.003217407 0.0071073059 0.0052559538 0.0095256681 0.0112220199 0.0071584345 0.0108835144 0.005698964 0.0010370801 0.0134957982 0.0071509461 
22 0.0076982695 0.0103110992 0.0036072275 0.005075433 0.0030818201 0.0097432991 0.0111342358 0.0054503309 0.0070473976 0.006212625 0.010383362 0.0072085607 0.0105468765 0.0069415647 0.0078760489 0.0050171551 0.0049666064 0.0090586642 0.0090276647 0.0148002963 0.0099954008 0.0103542304 0.0082139127 0.0098168688 0.0102682448 0.010467627 0.0053923941 0.0075940382 0.0122409884 0.0070500898 0.008691424 0.0113070037 0.0076855968 0.0077533633 0.0093684326 0.0081321149 0.00870923 0.0079678758 0.0125049904 0.0107853993 0.0113073667 0.0078591231 0.0091290794 0.0063438989 0.006016982 0.0077680221 0.0061935707 0.0080985912 0.009579735 0.0045686083 0.0074575325 0.0039760253 0.0122132943 0.0056191548 0.0065414074 0.0042669405 0.0075372318 0.0089246028 0.0079681825 0.0112010183 0.0110888159 0.0085281724 0.0009522492 0.0068558056 0.0143518939 0.0083735838 0.0073847635 0.0065665203 0.0097811841 0.0049070561 0.0069829167 0.0062633046 0.0064160967 0.0057912154 0.0055589958 0.0068120958 0.0084168129 0.0072561623 0.0110957168 0.0055605146 0.007692345 0.0019729112 0.004566856 0.0087533556 0.0106117363 0.0068998707 0.0056502215 0.0106664251 0.0057119075 0.0091579906 0.0062874292 0.0052348118 0.0071163303 0.0089708122 0.0045173696 0.0080614491 0.0089765677 0.006195797 0.007340804 0.005588789 0.0060927861 0.0105944719 0.0085422207 0.0066217772 0.0113362769 0.0034497345 0.0066953145 0.0082876338 0.0022260523 0.0073981663 0.0101433205 0.010519365 0.0049033155 0.0055003598 0.0095764653 0.009012116 0.0123460974 0.007104853 0.0114700985 0.0055145204 0.0096279948 0.0053527716 0.0078881921 0.011081729 0.0075482147 0.0031259046 0.0075498962 0.009514565 
23 0.0097744947 0.0078928095 0.0118576008 0.005833085 0.0027888454 0.0054537522 0.0076000741 0.0089256299 0.0038207339 0.0076466243 0.0089848295 0.0130653141 0.0073500655 0.0063930923 0.0066229838 0.0050648096 0.0071165979 0.007542807 0.0107215373 0.0034280833 0.0116555512 0.0082139127 0.00829653 0.0096258676 0.0037326788 0.0080580661 0.003872539 0.0062777008 0.0105306787 0.0095130438 0.0049714891 0.0078303874 0.0078954992 0.0071433799 0.009988833 0.0077369393 0.0228657856 0.0124754848 0.006368062 0.0083145122 0.0027121284 0.0113880934 0.0062927363 0.0040927263 0.0119074109 0.0043701523 0.0099186449 0.0055849415 0.0082976679 0.0071759957 0.0148876711 0.0086791789 0.0087829074 0.0133628897 0.0070640014 0.0070254325 0.0035556579 0.006923141 0.0080575113 0.0093284088 0.0134664218 0.005262426 0.0094087885 0.0063643013 0.0102319565 0.0079715551 0.0090908175 0.0078363085 0.0038193797 0.0041780538 0.0088392034 0.0020678377 0.0054068332 0.0060962857 0.0149550688 0.0064425039 0.009054012 0.0112358367 0.0040303663 0.0056468512 0.0047510828 0.0063521189 0.0056782664 0.0074672607 0.0114777231 0.0075233852 0.004180765 0.0056932662 0.0046663035 0.0039827925 0.0084262413 0.0064230171 0.0049676025 0.0056093968 0.0051471553 0.0068075652 0.0075441553 0.0059457518 0.0080271102 0.009700312 0.009512487 0.0095300581 0.0031239878 0.0150080301 0.0050974356 0.0179134277 0.0052179699 0.0086139428 0.0107026697 0.0062274811 0.0113294351 0.0045210737 0.0103184501 0.0093488495 0.0117559003 0.0088904654 0.0078147792 0.0107330105 0.0057221698 0.0045309122 0.0104159031 0.0054722274 0.0098235611 0.0145097731 0.0045801309 0.0025924585 0.0061475466 0.0061117758 
24 0.0126582458 0.0053501336 0.0067934934 0.0022622056 0.0112254195 0.0097456565 0.0076986419 0.0056185536 0.0072919841 0.0070047861 0.0089603329 0.0068763614 0.0088456134 0.0045063695 0.0056043281 0.0069539344 0.009009937 0.010037469 0.0039725869 0.0085373639 0.0112077529 0.0098168688 0.0096258676 0.0118064016 0.0100745005 0.0075334432 0.0096902113 0.0066557106 0.005958165 0.0085979612 0.0132800861 0.0042344601 0.006317373 0.0093871206 0.0173529485 0.0058224497 0.007017876 0.0071724963 0.0096003515 0.0054370542 0.0128823711 0.0048286201 0.0065494602 0.0075957086 0.0046715071 0.0065624864 0.0079426538 0.0063425758 0.0052847033 0.0068761096 0.007801598 0.0089742882 0.0153855319 0.0037881442 0.0070921607 0.0101700194 0.0030296264 0.0038567824 0.0096152187 0.0030173572 0.0165337933 0.0072051464 0.0098956731 0.0040520114 0.0143355312 0.0048555146 0.0075180566 0.0056266845 0.0068521617 0.0088553755 0.0039955191 0.0101837432 0.0054207143 0.0064879621 0.0099856663 0.0064581783 0.0072488185 0.0096500238 0.0064944198 0.0104149237 0.0061811925 0.0092088543 0.0066311478 0.0072589714 0.007043027 0.0060552099 0.0120736499 0.0035317428 0.0100373741 0.0071650639 0.0014407267 0.009205404 0.0056570395 0.0073097513 0.0071356741 0.0078101684 0.0064171051 0.0069480558 0.0084353694 0.0090783268 0.0112461682 0.0064038381 0.0041845525 0.015436405 0.0098854291 0.0090096428 0.0070864807 0.0059346465 0.0099965325 0.0051851301 0.0097988382 0.0077232803 0.0067868674 0.0052154168 0.0095825817 0.0059136483 0.0115807972 0.0072851181 0.0062899537 0.00894172 0.0048263588 0.0077489732 0.0130175122 0.0065642157 0.0057681564 0.0086561251 0.0055109936 0.0099174069 
